Cloudy_runs/1es1553/component_III_PI_nH/component_III_PI_nH_col_density_param.txt
# %ECSV 1.0
# ---
# datatype:
# - {name: H, datatype: float64}
# - {name: H+, datatype: float64}
# - {name: C+, datatype: float64}
# - {name: C+2, datatype: float64}
# - {name: C+3, datatype: float64}
# - {name: N+2, datatype: float64}
# - {name: N+4, datatype: float64}
# - {name: O, datatype: float64}
# - {name: O+2, datatype: float64}
# - {name: O+5, datatype: float64}
# - {name: O+6, datatype: float64}
# - {name: Si+, datatype: float64}
# - {name: Si+2, datatype: float64}
# - {name: Si+3, datatype: float64}
# - {name: Si+4, datatype: float64}
# - {name: log_nH, datatype: float64}
# - {name: log_Te, datatype: float64}
# - {name: parameters, datatype: string, subtype: 'float64[1]'}
# schema: astropy-2.0
H H+ C+ C+2 C+3 N+2 N+4 O O+2 O+5 O+6 Si+ Si+2 Si+3 Si+4 log_nH log_Te parameters
10000000000000.0 5.24506e+17 397511000.0 73692900000.0 354311000000.0 11097900000.0 393339000000.0 1730.27 28153800000.0 5648020000000.0 12070200000000.0 172466.0 10084500.0 59639100.0 8863590000.0 -5.0 4.584 [-5.0]
10000000000000.0 4.96121e+17 433737000.0 78332500000.0 362204000000.0 11886000000.0 391637000000.0 1937.57 30308400000.0 5437310000000.0 11040300000000.0 207195.0 11824700.0 67606700.0 9509750000.0 -4.98 4.579 [-4.98]
10000000000000.0 4.69377e+17 472709000.0 83153600000.0 369806000000.0 12718500000.0 389384000000.0 2169.97 32594400000.0 5223630000000.0 10080200000000.0 248397.0 13841100.0 76510700.0 10187700000.0 -4.96 4.574 [-4.96]
10000000000000.0 4.4417e+17 514599000.0 88156900000.0 377102000000.0 13596700000.0 386582000000.0 2430.46 35015300000.0 5007860000000.0 9187190000000.0 297180.0 16173600.0 86443900.0 10897700000.0 -4.94 4.569 [-4.94]
10000000000000.0 4.20402e+17 559578000.0 93342600000.0 384075000000.0 14521700000.0 383238000000.0 2722.3 37573700000.0 4790890000000.0 8357960000000.0 354822.0 18867300.0 97507000.0 11639800000.0 -4.92 4.564 [-4.92]
10000000000000.0 3.9798e+17 607829000.0 98710200000.0 390711000000.0 15494300000.0 379357000000.0 3049.1 40271500000.0 4573580000000.0 7589520000000.0 422797.0 21973100.0 109809000.0 12414100000.0 -4.9 4.559 [-4.9]
10000000000000.0 3.76822e+17 659534000.0 104259000000.0 396994000000.0 16515200000.0 374948000000.0 3414.83 43110000000.0 4356800000000.0 6878850000000.0 502793.0 25547900.0 123464000.0 13220300000.0 -4.88 4.555 [-4.88]
10000000000000.0 3.56849e+17 714882000.0 109987000000.0 402912000000.0 17584600000.0 370020000000.0 3823.91 46089800000.0 4141360000000.0 6222960000000.0 596751.0 29656000.0 138599000.0 14058300000.0 -4.86 4.55 [-4.86]
10000000000000.0 3.37988e+17 774053000.0 115890000000.0 408450000000.0 18702400000.0 364587000000.0 4281.03 49210100000.0 3928090000000.0 5618910000000.0 706874.0 34368600.0 155345000.0 14927300000.0 -4.84 4.546 [-4.84]
10000000000000.0 3.2017e+17 837275000.0 121969000000.0 413597000000.0 19868900000.0 358661000000.0 4791.94 52471500000.0 3717710000000.0 5063740000000.0 835715.0 39766800.0 173846000.0 15826900000.0 -4.82 4.541 [-4.82]
10000000000000.0 3.03344e+17 904815000.0 128221000000.0 418340000000.0 21084400000.0 352261000000.0 5363.57 55875300000.0 3510980000000.0 4554820000000.0 986154.0 45939400.0 194241000.0 16755800000.0 -4.8 4.537 [-4.8]
10000000000000.0 2.87436e+17 976785000.0 134637000000.0 422669000000.0 22346500000.0 345403000000.0 6001.28 59414500000.0 3308540000000.0 4089090000000.0 1161440.0 52986400.0 216700000.0 17713300000.0 -4.78 4.532 [-4.78]
10000000000000.0 2.72392e+17 1053370000.0 141212000000.0 426572000000.0 23653600000.0 338109000000.0 6712.2 63085400000.0 3111000000000.0 3663820000000.0 1365260.0 61018100.0 241394000.0 18698200000.0 -4.76 4.528 [-4.76]
10000000000000.0 2.58164e+17 1134820000.0 147940000000.0 430039000000.0 25004500000.0 330401000000.0 7504.9 66885500000.0 2918900000000.0 3276400000000.0 1601810.0 70157700.0 268499000.0 19709000000.0 -4.74 4.524 [-4.74]
10000000000000.0 2.44703e+17 1221270000.0 154812000000.0 433060000000.0 26396300000.0 322305000000.0 8387.77 70808200000.0 2732760000000.0 2924260000000.0 1875750.0 80539800.0 298203000.0 20743800000.0 -4.72 4.52 [-4.72]
10000000000000.0 2.31964e+17 1312920000.0 161817000000.0 435627000000.0 27826300000.0 313848000000.0 9370.6 74847700000.0 2552990000000.0 2604900000000.0 2192340.0 92314100.0 330707000.0 21800900000.0 -4.7 4.516 [-4.7]
10000000000000.0 2.19905e+17 1409950000.0 168945000000.0 437729000000.0 29291200000.0 305061000000.0 10464.3 78997700000.0 2379940000000.0 2315930000000.0 2557460.0 105644000.0 366215000.0 22877900000.0 -4.68 4.511 [-4.68]
10000000000000.0 2.08488e+17 1512510000.0 176186000000.0 439360000000.0 30787500000.0 295975000000.0 11681.0 83251300000.0 2213910000000.0 2055040000000.0 2977700.0 120712000.0 404945000.0 23972500000.0 -4.66 4.507 [-4.66]
10000000000000.0 1.97676e+17 1620780000.0 183524000000.0 440510000000.0 32311000000.0 286624000000.0 13034.2 87600900000.0 2055130000000.0 1820060000000.0 3460350.0 137713000.0 447119000.0 25082100000.0 -4.64 4.503 [-4.64]
10000000000000.0 1.87436e+17 1734890000.0 190945000000.0 441175000000.0 33857300000.0 277043000000.0 14539.0 92038300000.0 1903750000000.0 1608890000000.0 4013530.0 156863000.0 492968000.0 26203600000.0 -4.62 4.499 [-4.62]
10000000000000.0 1.77733e+17 1854880000.0 198430000000.0 441345000000.0 35420600000.0 267268000000.0 16211.0 96552900000.0 1759870000000.0 1419520000000.0 4646120.0 178397000.0 542742000.0 27334100000.0 -4.6 4.495 [-4.6]
10000000000000.0 1.6854e+17 1980940000.0 205964000000.0 441017000000.0 36996600000.0 257338000000.0 18070.1 101138000000.0 1623540000000.0 1250110000000.0 5368030.0 202568000.0 596674000.0 28470000000.0 -4.58 4.491 [-4.58]
10000000000000.0 1.59831e+17 2113150000.0 213527000000.0 440186000000.0 38579800000.0 247292000000.0 20137.5 105784000000.0 1494750000000.0 1098890000000.0 6190130.0 229652000.0 655013000.0 29607600000.0 -4.56 4.488 [-4.56]
10000000000000.0 1.51576e+17 2251570000.0 221100000000.0 438849000000.0 40164200000.0 237169000000.0 22436.6 110482000000.0 1373430000000.0 964199000000.0 7124280.0 259945000.0 718015000.0 30743200000.0 -4.54 4.484 [-4.54]
10000000000000.0 1.43754e+17 2396260000.0 228659000000.0 437002000000.0 41744200000.0 227007000000.0 24994.7 115222000000.0 1259480000000.0 844504000000.0 8183460.0 293768000.0 785927000.0 31872500000.0 -4.52 4.48 [-4.52]
10000000000000.0 1.3634e+17 2547230000.0 236183000000.0 434645000000.0 43313800000.0 216846000000.0 27841.8 119994000000.0 1152740000000.0 738362000000.0 9381790.0 331462000.0 859003000.0 32991200000.0 -4.5 4.476 [-4.5]
10000000000000.0 1.29313e+17 2704500000.0 243647000000.0 431778000000.0 44866900000.0 206724000000.0 31012.2 124790000000.0 1053030000000.0 644438000000.0 10734600.0 373393000.0 937490000.0 34094900000.0 -4.48 4.472 [-4.48]
10000000000000.0 1.22652e+17 2868010000.0 251025000000.0 428401000000.0 46397400000.0 196677000000.0 34544.3 129598000000.0 960143000000.0 561500000000.0 12258400.0 419950000.0 1021630000.0 35178800000.0 -4.46 4.468 [-4.46]
10000000000000.0 1.16339e+17 3037750000.0 258293000000.0 424517000000.0 47899500000.0 186742000000.0 38482.6 134411000000.0 873828000000.0 488417000000.0 13971200.0 471546000.0 1111660000.0 36238100000.0 -4.44 4.464 [-4.44]
10000000000000.0 1.10353e+17 3213560000.0 265419000000.0 420131000000.0 49367000000.0 176950000000.0 42875.1 139217000000.0 793822000000.0 424141000000.0 15891900.0 528618000.0 1207810000.0 37267900000.0 -4.42 4.46 [-4.42]
10000000000000.0 1.04679e+17 3395350000.0 272378000000.0 415249000000.0 50794400000.0 167335000000.0 47778.6 144008000000.0 719848000000.0 367727000000.0 18041100.0 591623000.0 1310270000.0 38263200000.0 -4.4 4.457 [-4.4]
10000000000000.0 9.93007e+16 3582960000.0 279140000000.0 409879000000.0 52176100000.0 157924000000.0 53256.2 148773000000.0 651619000000.0 318310000000.0 20440600.0 661041000.0 1419250000.0 39218700000.0 -4.38 4.453 [-4.38]
10000000000000.0 9.41998e+16 3776260000.0 285678000000.0 404028000000.0 53507200000.0 148742000000.0 59381.5 153506000000.0 588814000000.0 275089000000.0 23114500.0 737395000.0 1534930000.0 40129700000.0 -4.36 4.449 [-4.36]
10000000000000.0 8.93676e+16 3974850000.0 291958000000.0 397715000000.0 54781800000.0 139822000000.0 66229.8 158193000000.0 531193000000.0 237397000000.0 26084400.0 821136000.0 1657360000.0 40990100000.0 -4.34 4.445 [-4.34]
10000000000000.0 8.4785e+16 4178630000.0 297956000000.0 390948000000.0 55996300000.0 131174000000.0 73898.4 162828000000.0 478392000000.0 204551000000.0 29378700.0 912862000.0 1786750000.0 41795700000.0 -4.32 4.442 [-4.32]
10000000000000.0 8.04409e+16 4387290000.0 303641000000.0 383744000000.0 57146300000.0 122821000000.0 82490.2 167402000000.0 430132000000.0 175992000000.0 33023700.0 1013100000.0 1923120000.0 42541000000.0 -4.3 4.438 [-4.3]
10000000000000.0 7.63227e+16 4600460000.0 308986000000.0 376123000000.0 58227700000.0 114776000000.0 92121.9 171905000000.0 386116000000.0 151201000000.0 37047100.0 1122400000.0 2066500000.0 43221400000.0 -4.28 4.434 [-4.28]
10000000000000.0 7.24186e+16 4817780000.0 313962000000.0 368104000000.0 59237000000.0 107052000000.0 102926.0 176330000000.0 346053000000.0 129719000000.0 41477900.0 1241320000.0 2216880000.0 43831900000.0 -4.26 4.43 [-4.26]
10000000000000.0 6.87174e+16 5038850000.0 318544000000.0 359710000000.0 60171200000.0 99658200000.0 115053.0 180667000000.0 309663000000.0 111134000000.0 46346100.0 1370430000.0 2374180000.0 44368000000.0 -4.24 4.427 [-4.24]
10000000000000.0 6.52087e+16 5263200000.0 322706000000.0 350966000000.0 61027400000.0 92600300000.0 128671.0 184909000000.0 276675000000.0 95082900000.0 51681700.0 1510250000.0 2538260000.0 44825400000.0 -4.22 4.423 [-4.22]
10000000000000.0 6.18807e+16 5490400000.0 326425000000.0 341894000000.0 61803500000.0 85879200000.0 143978.0 189047000000.0 246815000000.0 81235100000.0 57518200.0 1661380000.0 2709000000.0 45200100000.0 -4.2 4.419 [-4.2]
10000000000000.0 5.8727e+16 5719830000.0 329679000000.0 332531000000.0 62497200000.0 79502000000.0 161176.0 193071000000.0 219862000000.0 69317700000.0 63881500.0 1824220000.0 2886010000.0 45488400000.0 -4.18 4.416 [-4.18]
10000000000000.0 5.57387e+16 5950920000.0 332449000000.0 322910000000.0 63107100000.0 73467700000.0 180506.0 196975000000.0 195579000000.0 59076700000.0 70800800.0 1999220000.0 3068940000.0 45686900000.0 -4.16 4.412 [-4.16]
10000000000000.0 5.29023e+16 6183300000.0 334719000000.0 313046000000.0 63632200000.0 67764200000.0 202264.0 200753000000.0 173706000000.0 50276500000.0 78316500.0 2187010000.0 3257580000.0 45792700000.0 -4.14 4.409 [-4.14]
10000000000000.0 5.02144e+16 6416130000.0 336474000000.0 302988000000.0 64071400000.0 62395200000.0 226732.0 204395000000.0 154071000000.0 42736600000.0 86446700.0 2387760000.0 3451220000.0 45803400000.0 -4.12 4.405 [-4.12]
10000000000000.0 4.76673e+16 6648800000.0 337705000000.0 292772000000.0 64424400000.0 57353900000.0 254249.0 207892000000.0 136474000000.0 36285800000.0 95216600.0 2601740000.0 3649250000.0 45717200000.0 -4.1 4.402 [-4.1]
10000000000000.0 4.52504e+16 6880780000.0 338402000000.0 282421000000.0 64691100000.0 52626400000.0 285227.0 211241000000.0 120712000000.0 30767900000.0 104661000.0 2829330000.0 3851140000.0 45532300000.0 -4.08 4.398 [-4.08]
10000000000000.0 4.29568e+16 7111350000.0 338557000000.0 271968000000.0 64871000000.0 48203300000.0 320106.0 214434000000.0 106617000000.0 26054400000.0 114802000.0 3070650000.0 4056150000.0 45247400000.0 -4.06 4.395 [-4.06]
10000000000000.0 4.07845e+16 7339670000.0 338177000000.0 261472000000.0 64965700000.0 44082600000.0 359317.0 217462000000.0 94055700000.0 22040700000.0 125640000.0 3325390000.0 4263120000.0 44863600000.0 -4.04 4.391 [-4.04]
10000000000000.0 3.87228e+16 7565350000.0 337258000000.0 250947000000.0 64975400000.0 40244600000.0 403464.0 220320000000.0 82857300000.0 18620900000.0 137209000.0 3593740000.0 4471330000.0 44379800000.0 -4.02 4.388 [-4.02]
10000000000000.0 3.67673e+16 7787610000.0 335807000000.0 240435000000.0 64901300000.0 36680200000.0 453137.0 223002000000.0 72895800000.0 15712600000.0 149510000.0 3875300000.0 4679630000.0 43797600000.0 -4.0 4.384 [-4.0]
10000000000000.0 3.49121e+16 8005760000.0 333833000000.0 229971000000.0 64744600000.0 33377000000.0 509020.0 225501000000.0 64047700000.0 13242500000.0 162546000.0 4169610000.0 4886870000.0 43118500000.0 -3.98 4.381 [-3.98]
10000000000000.0 3.31507e+16 8219210000.0 331342000000.0 219579000000.0 64506400000.0 30320000000.0 571916.0 227812000000.0 56194300000.0 11145700000.0 176325000.0 4476170000.0 5091880000.0 42344000000.0 -3.96 4.378 [-3.96]
10000000000000.0 3.14822e+16 8427070000.0 328363000000.0 209318000000.0 64190100000.0 27503100000.0 642553.0 229926000000.0 49249800000.0 9371790000.0 190801000.0 4793710000.0 5293120000.0 41479600000.0 -3.94 4.374 [-3.94]
10000000000000.0 2.98975e+16 8629000000.0 324901000000.0 199191000000.0 63796100000.0 24906600000.0 722007.0 231841000000.0 43102900000.0 7869440000.0 205989000.0 5121620000.0 5489410000.0 40526500000.0 -3.92 4.371 [-3.92]
10000000000000.0 2.83937e+16 8824360000.0 320982000000.0 189236000000.0 63327200000.0 22519800000.0 811297.0 233549000000.0 37674100000.0 6599650000.0 221848000.0 5458500000.0 5679230000.0 39490100000.0 -3.9 4.368 [-3.9]
10000000000000.0 2.6965e+16 9012690000.0 316621000000.0 179471000000.0 62785000000.0 20328200000.0 911680.0 235046000000.0 32882100000.0 5526860000.0 238357000.0 5803030000.0 5861140000.0 38374100000.0 -3.88 4.364 [-3.88]
10000000000000.0 2.56102e+16 9193360000.0 311857000000.0 169937000000.0 62173700000.0 18323100000.0 1024330.0 236327000000.0 28665300000.0 4623180000.0 255439000.0 6153170000.0 6033520000.0 37186900000.0 -3.86 4.361 [-3.86]
10000000000000.0 2.43242e+16 9366150000.0 306712000000.0 160647000000.0 61495700000.0 16490600000.0 1150760.0 237387000000.0 24956400000.0 3862240000.0 273052000.0 6507190000.0 6194870000.0 35933900000.0 -3.84 4.358 [-3.84]
10000000000000.0 2.31032e+16 9530570000.0 301216000000.0 151619000000.0 60753600000.0 14818800000.0 1292610.0 238220000000.0 21698600000.0 3222230000.0 291127000.0 6862930000.0 6343730000.0 34622100000.0 -3.82 4.354 [-3.82]
10000000000000.0 2.1944e+16 9686310000.0 295396000000.0 142872000000.0 59950600000.0 13296400000.0 1451660.0 238824000000.0 18840700000.0 2684620000.0 309588000.0 7218060000.0 6478650000.0 33259000000.0 -3.8 4.351 [-3.8]
10000000000000.0 2.08432e+16 9833140000.0 289285000000.0 134417000000.0 59089900000.0 11912500000.0 1629900.0 239193000000.0 16337100000.0 2233600000.0 328351000.0 7570100000.0 6598240000.0 31852900000.0 -3.78 4.348 [-3.78]
10000000000000.0 1.97979e+16 9970900000.0 282915000000.0 126268000000.0 58174900000.0 10656700000.0 1829520.0 239324000000.0 14146700000.0 1855710000.0 347321000.0 7916450000.0 6701220000.0 30412300000.0 -3.76 4.344 [-3.76]
10000000000000.0 1.88053e+16 10099500000.0 276318000000.0 118431000000.0 57209000000.0 9519160000.0 2052960.0 239213000000.0 12232900000.0 1539520000.0 366401000.0 8254390000.0 6786440000.0 28945900000.0 -3.74 4.341 [-3.74]
10000000000000.0 1.78637e+16 10218800000.0 269536000000.0 110924000000.0 56197600000.0 8491710000.0 2302630.0 238862000000.0 10564900000.0 1275590000.0 385461000.0 8581040000.0 6852990000.0 27464700000.0 -3.72 4.338 [-3.72]
10000000000000.0 1.69671e+16 10329000000.0 262570000000.0 103722000000.0 55139100000.0 7561990000.0 2582220.0 238258000000.0 9108110000.0 1054850000.0 404468000.0 8894010000.0 6899720000.0 25972200000.0 -3.7 4.334 [-3.7]
10000000000000.0 1.61167e+16 10430000000.0 255481000000.0 96855200000.0 54042400000.0 6725210000.0 2894220.0 237408000000.0 7842100000.0 871151000.0 423239000.0 9190270000.0 6926340000.0 24482800000.0 -3.68 4.331 [-3.68]
10000000000000.0 1.53088e+16 10522000000.0 248289000000.0 90313700000.0 52909300000.0 5972370000.0 3242410.0 236308000000.0 6742010000.0 718295000.0 441688000.0 9467260000.0 6932370000.0 23003600000.0 -3.66 4.328 [-3.66]
10000000000000.0 1.45426e+16 10605100000.0 241034000000.0 84104200000.0 51745600000.0 5297070000.0 3630220.0 234962000000.0 5788660000.0 591452000.0 459685000.0 9722610000.0 6917850000.0 21544800000.0 -3.64 4.324 [-3.64]
10000000000000.0 1.38138e+16 10679600000.0 233721000000.0 78205600000.0 50551200000.0 4690710000.0 4062710.0 233361000000.0 4961500000.0 486087000.0 477186000.0 9954170000.0 6882410000.0 20110800000.0 -3.62 4.321 [-3.62]
10000000000000.0 1.31205e+16 10745700000.0 226375000000.0 72613800000.0 49329400000.0 4147170000.0 4544660.0 231505000000.0 4244950000.0 398711000.0 494100000.0 10159900000.0 6826290000.0 18709000000.0 -3.6 4.318 [-3.6]
10000000000000.0 1.2463e+16 10803800000.0 219044000000.0 67338400000.0 48088300000.0 3662110000.0 5080020.0 229405000000.0 3626870000.0 326566000.0 510285000.0 10338200000.0 6750590000.0 17349800000.0 -3.58 4.314 [-3.58]
