Cloudy_runs/1es1553/component_III_PI_nH/component_III_PI_nH_col_density_param.txt
# %ECSV 1.0
# ---
# datatype:
# - {name: H, datatype: float64}
# - {name: H+, datatype: float64}
# - {name: C+, datatype: float64}
# - {name: C+2, datatype: float64}
# - {name: C+3, datatype: float64}
# - {name: N+2, datatype: float64}
# - {name: N+4, datatype: float64}
# - {name: O, datatype: float64}
# - {name: O+2, datatype: float64}
# - {name: O+5, datatype: float64}
# - {name: O+6, datatype: float64}
# - {name: Si+, datatype: float64}
# - {name: Si+2, datatype: float64}
# - {name: Si+3, datatype: float64}
# - {name: Si+4, datatype: float64}
# - {name: log_nH, datatype: float64}
# - {name: log_Te, datatype: float64}
# - {name: parameters, datatype: string, subtype: 'float64[1]'}
# schema: astropy-2.0
H H+ C+ C+2 C+3 N+2 N+4 O O+2 O+5 O+6 Si+ Si+2 Si+3 Si+4 log_nH log_Te parameters
[from data line 73]
10000000000000.0 1.12461e+16 10896800000.0 204496000000.0 57688100000.0 45558500000.0 2844290000.0 6333900.0 224477000000.0 2635250000.0 217984000.0 540246000.0 10607700000.0 6543410000.0 14778900000.0 -3.54 4.308 [-3.54]
10000000000000.0 1.06826e+16 10932300000.0 197304000000.0 53287700000.0 44274200000.0 2501310000.0 7065400.0 221650000000.0 2240400000.0 177588000.0 553941000.0 10697300000.0 6413770000.0 13574600000.0 -3.52 4.304 [-3.52]
10000000000000.0 1.01474e+16 10961000000.0 190195000000.0 49160000000.0 42982400000.0 2196730000.0 7875380.0 218588000000.0 1901450000.0 144411000.0 566720000.0 10756400000.0 6268600000.0 12429900000.0 -3.5 4.301 [-3.5]
10000000000000.0 9638180000000000.0 10983300000.0 183171000000.0 45288200000.0 41683900000.0 1926280000.0 8772390.0 215290000000.0 1610540000.0 117175000.0 578594000.0 10785000000.0 6108920000.0 11345800000.0 -3.48 4.297 [-3.48]
10000000000000.0 9155390000000000.0 10999300000.0 176273000000.0 41674600000.0 40386700000.0 1687270000.0 9762140.0 211780000000.0 1362060000.0 94924300.0 589492000.0 10784000000.0 5937210000.0 10326900000.0 -3.46 4.294 [-3.46]
10000000000000.0 8696830000000000.0 11009500000.0 169499000000.0 38301500000.0 39091200000.0 1476010000.0 10854200.0 208057000000.0 1149850000.0 76750600.0 599448000.0 10754000000.0 5754690000.0 9372440000.0 -3.44 4.29 [-3.44]
10000000000000.0 8261300000000000.0 11014000000.0 162859000000.0 35157700000.0 37800200000.0 1289550000.0 12057600.0 204129000000.0 968910000.0 61934900.0 608480000.0 10696100000.0 5563040000.0 8482410000.0 -3.42 4.287 [-3.42]
10000000000000.0 7847640000000000.0 11013200000.0 156362000000.0 32232100000.0 36516300000.0 1125250000.0 13382000.0 200008000000.0 814924000.0 49880200.0 616616000.0 10611800000.0 5363950000.0 7656120000.0 -3.4 4.283 [-3.4]
10000000000000.0 7454770000000000.0 11007400000.0 150016000000.0 29513500000.0 35242000000.0 980664000.0 14837700.0 195703000000.0 684115000.0 40091500.0 623891000.0 10502600000.0 5159070000.0 6892260000.0 -3.38 4.28 [-3.38]
10000000000000.0 7081630000000000.0 10996800000.0 143827000000.0 26990900000.0 33979600000.0 853623000.0 16435500.0 191227000000.0 573199000.0 32158700.0 630353000.0 10370300000.0 4950000000.0 6188990000.0 -3.36 4.277 [-3.36]
10000000000000.0 6727240000000000.0 10981700000.0 137800000000.0 24653700000.0 32731400000.0 742158000.0 18186900.0 186592000000.0 479332000.0 25743100.0 636054000.0 10216700000.0 4738280000.0 5544040000.0 -3.34 4.273 [-3.34]
10000000000000.0 6390680000000000.0 10962200000.0 131938000000.0 22491100000.0 31499200000.0 644495000.0 20104000.0 181811000000.0 400048000.0 20565200.0 641050000.0 10043900000.0 4525340000.0 4954790000.0 -3.32 4.27 [-3.32]
10000000000000.0 6071040000000000.0 10938700000.0 126246000000.0 20493000000.0 30284900000.0 559045000.0 22199500.0 176899000000.0 333212000.0 16395000.0 645401000.0 9853890000.0 4312510000.0 4418360000.0 -3.3 4.266 [-3.3]
10000000000000.0 5767470000000000.0 10911200000.0 120724000000.0 18649400000.0 29090100000.0 484381000.0 24486500.0 171869000000.0 276982000.0 13043400.0 649171000.0 9648660000.0 4101020000.0 3931660000.0 -3.28 4.263 [-3.28]
10000000000000.0 5479760000000000.0 10880100000.0 115385000000.0 16953800000.0 27918900000.0 419340000.0 26975500.0 166748000000.0 229848000.0 10359600.0 652395000.0 9430880000.0 3892480000.0 3492200000.0 -3.26 4.259 [-3.26]
10000000000000.0 5205380000000000.0 10845200000.0 110195000000.0 15387500000.0 26764900000.0 362449000.0 29691400.0 161516000000.0 190218000.0 8204460.0 655218000.0 9200610000.0 3686290000.0 3094710000.0 -3.24 4.256 [-3.24]
10000000000000.0 4945360000000000.0 10806900000.0 105188000000.0 13951200000.0 25636900000.0 313030000.0 32638400.0 156224000000.0 157144000.0 6486720.0 657619000.0 8961580000.0 3484880000.0 2737980000.0 -3.22 4.252 [-3.22]
10000000000000.0 4698420000000000.0 10765300000.0 100352000000.0 12633200000.0 24533300000.0 270070000.0 35835300.0 150875000000.0 129548000.0 5118000.0 659685000.0 8715000000.0 3288430000.0 2418180000.0 -3.2 4.249 [-3.2]
10000000000000.0 4464400000000000.0 10720500000.0 95695600000.0 11427700000.0 23457400000.0 232838000.0 39292600.0 145499000000.0 106610000.0 4031450.0 661448000.0 8463200000.0 3098040000.0 2132670000.0 -3.18 4.245 [-3.18]
10000000000000.0 4241680000000000.0 10672500000.0 91195800000.0 10322100000.0 22405100000.0 200484000.0 43036000.0 140084000000.0 87516300.0 3167740.0 663009000.0 8206440000.0 2913220000.0 1877560000.0 -3.16 4.242 [-3.16]
10000000000000.0 4029730000000000.0 10621500000.0 86851900000.0 9309850000.0 21377200000.0 172411000.0 47082600.0 134647000000.0 71663500.0 2482970.0 664412000.0 7946220000.0 2734450000.0 1650180000.0 -3.14 4.238 [-3.14]
10000000000000.0 3829370000000000.0 10567600000.0 82690200000.0 8389850000.0 20381100000.0 148216000.0 51430500.0 129241000000.0 58598300.0 1943990.0 665633000.0 7685840000.0 2563330000.0 1448970000.0 -3.12 4.235 [-3.12]
10000000000000.0 3638640000000000.0 10510700000.0 78677600000.0 7549530000.0 19410000000.0 127259000.0 56114100.0 123841000000.0 47792800.0 1518260.0 666780000.0 7424370000.0 2398770000.0 1270310000.0 -3.1 4.231 [-3.1]
10000000000000.0 3457080000000000.0 10450700000.0 74811900000.0 6783210000.0 18464400000.0 109132000.0 61150500.0 118460000000.0 38879300.0 1182850.0 667885000.0 7162900000.0 2240950000.0 1112030000.0 -3.08 4.228 [-3.08]
10000000000000.0 3285090000000000.0 10388000000.0 71108600000.0 6088300000.0 17548800000.0 93531100.0 66540200.0 113140000000.0 31570600.0 920144.0 668932000.0 6903810000.0 2090760000.0 972539000.0 -3.06 4.224 [-3.06]
10000000000000.0 3121760000000000.0 10322500000.0 67554500000.0 5457650000.0 16661100000.0 80089300.0 72305000.0 107879000000.0 25578900.0 714393.0 669969000.0 6647230000.0 1947780000.0 849593000.0 -3.04 4.221 [-3.04]
10000000000000.0 2966650000000000.0 10254100000.0 64145800000.0 4886090000.0 15801300000.0 68518700.0 78458500.0 102690000000.0 20678000.0 553583.0 671013000.0 6393870000.0 1811990000.0 741397000.0 -3.02 4.218 [-3.02]
10000000000000.0 2819710000000000.0 10183200000.0 60887300000.0 4369930000.0 14971400000.0 58587900.0 85002800.0 97595800000.0 16685600.0 428377.0 672060000.0 6145090000.0 1683620000.0 646494000.0 -3.0 4.214 [-3.0]
10000000000000.0 2679810000000000.0 10109200000.0 57757900000.0 3902380000.0 14167100000.0 50036300.0 91969200.0 92582600000.0 13428000.0 330707.0 673163000.0 5899970000.0 1561890000.0 563051000.0 -2.98 4.211 [-2.98]
10000000000000.0 2546940000000000.0 10032500000.0 54762100000.0 3480410000.0 13390200000.0 42694900.0 99357700.0 87672500000.0 10781500.0 254834.0 674305000.0 5659670000.0 1446970000.0 489922000.0 -2.96 4.207 [-2.96]
10000000000000.0 2420760000000000.0 9953030000.0 51896300000.0 3100170000.0 12640600000.0 36398800.0 107175000.0 82875100000.0 8636900.0 196017.0 675490000.0 5424580000.0 1338700000.0 425920000.0 -2.94 4.204 [-2.94]
10000000000000.0 2300930000000000.0 9870800000.0 49156500000.0 2758010000.0 11918000000.0 31003700.0 115426000.0 78198800000.0 6902910.0 150511.0 676715000.0 5195010000.0 1236880000.0 369969000.0 -2.92 4.201 [-2.92]
10000000000000.0 2187120000000000.0 9785840000.0 46538600000.0 2450540000.0 11222300000.0 26384400.0 124114000.0 73651000000.0 5504200.0 115371.0 677975000.0 4971200000.0 1141280000.0 321108000.0 -2.9 4.197 [-2.9]
10000000000000.0 2079040000000000.0 9698170000.0 44038800000.0 2174660000.0 10553000000.0 22433000.0 133236000.0 69238600000.0 4378690.0 88287.3 679260000.0 4753340000.0 1051690000.0 278487000.0 -2.88 4.194 [-2.88]
10000000000000.0 1976400000000000.0 9607800000.0 41653100000.0 1927450000.0 9909930000.0 19055500.0 142790000.0 64967500000.0 3475130.0 67451.4 680560000.0 4541550000.0 967855000.0 241343000.0 -2.86 4.191 [-2.86]
10000000000000.0 1878910000000000.0 9514730000.0 39377400000.0 1706260000.0 9292680000.0 16170900.0 152768000.0 60842900000.0 2751510.0 51451.2 681862000.0 4335930000.0 889545000.0 209002000.0 -2.84 4.188 [-2.84]
10000000000000.0 1786320000000000.0 9418990000.0 37208000000.0 1508620000.0 8700920000.0 13709500.0 163158000.0 56869200000.0 2173390.0 39186.3 683148000.0 4136530000.0 816510000.0 180870000.0 -2.82 4.184 [-2.82]
10000000000000.0 1698380000000000.0 9320620000.0 35141100000.0 1332280000.0 8134340000.0 11611000.0 173944000.0 53050100000.0 1712650.0 29801.0 684399000.0 3943380000.0 748500000.0 156418000.0 -2.8 4.181 [-2.8]
10000000000000.0 1614650000000000.0 9219370000.0 33167900000.0 1174840000.0 7591360000.0 9820110.0 185125000.0 49380600000.0 1345770.0 22619.5 685609000.0 3755970000.0 685120000.0 135147000.0 -2.78 4.178 [-2.78]
10000000000000.0 1535320000000000.0 9115840000.0 31295000000.0 1035060000.0 7074140000.0 8299230.0 196642000.0 45879300000.0 1055410.0 17154.2 686724000.0 3575320000.0 626434000.0 116725000.0 -2.76 4.175 [-2.76]
10000000000000.0 1459980000000000.0 9009790000.0 29513600000.0 910859000.0 6581030000.0 7006060.0 208486000.0 42539200000.0 825720.0 12992.5 687735000.0 3400860000.0 572040000.0 100751000.0 -2.74 4.172 [-2.74]
10000000000000.0 1388590000000000.0 8901560000.0 27824300000.0 800863000.0 6112670000.0 5909490.0 220606000.0 39367800000.0 644758.0 0.0 688607000.0 3232960000.0 521819000.0 86933200.0 -2.72 4.169 [-2.72]
10000000000000.0 1320600000000000.0 8790620000.0 26215000000.0 703166000.0 5666570000.0 4976930.0 233002000.0 36351000000.0 502032.0 0.0 689340000.0 3070630000.0 475293000.0 74944500.0 -2.7 4.166 [-2.7]
10000000000000.0 1256010000000000.0 8677320000.0 24686700000.0 616700000.0 5243410000.0 4186340.0 245618000.0 33495400000.0 389971.0 0.0 689895000.0 2914260000.0 432366000.0 64570300.0 -2.68 4.163 [-2.68]
10000000000000.0 1194650000000000.0 8561740000.0 23236100000.0 540274000.0 4842790000.0 3516830.0 258411000.0 30799600000.0 302210.0 0.0 690245000.0 2763740000.0 392818000.0 55599100.0 -2.66 4.16 [-2.66]
10000000000000.0 1136360000000000.0 8443930000.0 21860100000.0 472809000.0 4464240000.0 2950520.0 271339000.0 28261400000.0 233651.0 0.0 690363000.0 2618970000.0 356438000.0 47846300.0 -2.64 4.157 [-2.64]
10000000000000.0 1080980000000000.0 8324000000.0 20555600000.0 413332000.0 4107330000.0 2472060.0 284353000.0 25878400000.0 180230.0 0.0 690222000.0 2479870000.0 323023000.0 41150600.0 -2.62 4.154 [-2.62]
10000000000000.0 1028360000000000.0 8202010000.0 19319300000.0 360959000.0 3771520000.0 2068320.0 297407000.0 23646900000.0 138705.0 0.0 689803000.0 2346290000.0 292377000.0 35371200.0 -2.6 4.151 [-2.6]
10000000000000.0 978226000000000.0 8077700000.0 18145400000.0 314804000.0 3455610000.0 1727450.0 310472000.0 21558900000.0 106456.0 0.0 689081000.0 2217750000.0 264244000.0 30376600.0 -2.58 4.148 [-2.58]
10000000000000.0 930734000000000.0 7951930000.0 17037500000.0 274361000.0 3160510000.0 1441220.0 323459000.0 19619200000.0 81568.0 0.0 688017000.0 2094930000.0 238589000.0 26080600.0 -2.56 4.145 [-2.56]
10000000000000.0 885725000000000.0 7824770000.0 15992200000.0 238951000.0 2885410000.0 1201110.0 336325000.0 17821800000.0 62395.1 0.0 686599000.0 1977610000.0 215219000.0 22386100.0 -2.54 4.142 [-2.54]
10000000000000.0 842710000000000.0 7695220000.0 14998200000.0 207780000.0 2627890000.0 998782.0 349078000.0 16150100000.0 47581.6 0.0 684815000.0 1864660000.0 193804000.0 19191800.0 -2.52 4.139 [-2.52]
10000000000000.0 801955000000000.0 7564550000.0 14061700000.0 180563000.0 2389110000.0 829629.0 361618000.0 14610000000.0 36230.8 0.0 682632000.0 1756990000.0 174362000.0 16449300.0 -2.5 4.137 [-2.5]
10000000000000.0 763223000000000.0 7432500000.0 13177300000.0 156767000.0 2167750000.0 688106.0 373923000.0 13191700000.0 27534.2 0.0 680040000.0 1654140000.0 156688000.0 14090700.0 -2.48 4.134 [-2.48]
10000000000000.0 726524000000000.0 7299620000.0 12345000000.0 136031000.0 1963560000.0 570119.0 385935000.0 11892000000.0 20897.7 0.0 677025000.0 1556280000.0 140687000.0 12067700.0 -2.46 4.131 [-2.46]
10000000000000.0 691534000000000.0 7165200000.0 11557400000.0 117895000.0 1774780000.0 471486.0 397659000.0 10698700000.0 15823.9 0.0 673572000.0 1462660000.0 126142000.0 10325900.0 -2.44 4.129 [-2.44]
10000000000000.0 658277000000000.0 7029790000.0 10814800000.0 102089000.0 1601150000.0 389355.0 409044000.0 9608380000.0 11961.7 0.0 669673000.0 1373470000.0 112978000.0 8830500.0 -2.42 4.126 [-2.42]
10000000000000.0 626565000000000.0 6893090000.0 10112800000.0 88297300.0 1441490000.0 320938.0 420083000.0 8612510000.0 9022.44 0.0 665312000.0 1288300000.0 101048000.0 7544750.0 -2.4 4.123 [-2.4]
10000000000000.0 596519000000000.0 6756140000.0 9453910000.0 76334200.0 1295780000.0 264289.0 430716000.0 7709460000.0 6799.02 0.0 660497000.0 1207600000.0 90310800.0 6445030.0 -2.38 4.121 [-2.38]
10000000000000.0 567957000000000.0 6618640000.0 8833760000.0 65940200.0 1162800000.0 217344.0 440943000.0 6890470000.0 5116.25 0.0 655222000.0 1130950000.0 80633000.0 5502630.0 -2.36 4.118 [-2.36]
10000000000000.0 540804000000000.0 6480750000.0 8250420000.0 56918500.0 1041740000.0 178504.0 450751000.0 6149480000.0 3844.94 0.0 649485000.0 1058230000.0 71921700.0 4695570.0 -2.34 4.116 [-2.34]
10000000000000.0 514989000000000.0 6342610000.0 7702010000.0 49095100.0 931800000.0 146420.0 460130000.0 5480500000.0 0.0 0.0 643292000.0 989298000.0 64090700.0 4004780.0 -2.32 4.113 [-2.32]
10000000000000.0 490446000000000.0 6204390000.0 7186770000.0 42317300.0 832201000.0 119957.0 469073000.0 4877850000.0 0.0 0.0 636649000.0 924039000.0 57060200.0 3413900.0 -2.3 4.111 [-2.3]
10000000000000.0 467110000000000.0 6066220000.0 6702950000.0 36450400.0 742174000.0 98162.7 477578000.0 4336040000.0 0.0 0.0 629563000.0 862321000.0 50756200.0 2908770.0 -2.28 4.108 [-2.28]
10000000000000.0 444922000000000.0 5928270000.0 6248910000.0 31376400.0 660980000.0 80239.4 485647000.0 3849880000.0 0.0 0.0 622049000.0 804017000.0 45110800.0 2477190.0 -2.26 4.106 [-2.26]
10000000000000.0 423823000000000.0 5790690000.0 5823080000.0 26992000.0 587908000.0 65520.2 493281000.0 3414460000.0 0.0 0.0 614118000.0 749000000.0 40061100.0 2108680.0 -2.24 4.104 [-2.24]
10000000000000.0 403759000000000.0 5653620000.0 5423920000.0 23206400.0 522280000.0 53448.5 500488000.0 3025170000.0 0.0 0.0 605788000.0 697144000.0 35549500.0 1794200.0 -2.22 4.101 [-2.22]
10000000000000.0 384679000000000.0 5517220000.0 5050000000.0 19940500.0 463451000.0 43560.7 507276000.0 2677680000.0 0.0 0.0 597078000.0 648323000.0 31523300.0 1525990.0 -2.2 4.099 [-2.2]
10000000000000.0 366533000000000.0 5381640000.0 4699920000.0 17125100.0 410814000.0 35471.8 513656000.0 2368000000.0 0.0 0.0 588008000.0 602413000.0 27934200.0 1297360.0 -2.18 4.097 [-2.18]
10000000000000.0 349351000000000.0 5247620000.0 4373780000.0 14707500.0 363942000.0 28879.5 519627000.0 2093240000.0 0.0 0.0 578638000.0 559489000.0 24749000.0 1103170.0 -2.16 4.094 [-2.16]
10000000000000.0 332861000000000.0 5113470000.0 4066020000.0 12612100.0 321872000.0 23466.7 525240000.0 1847500000.0 0.0 0.0 568881000.0 518832000.0 21894600.0 936722.0 -2.14 4.092 [-2.14]
10000000000000.0 317322000000000.0 4981790000.0 3781060000.0 10822200.0 284663000.0 19079.6 530461000.0 1630810000.0 0.0 0.0 558918000.0 481103000.0 19376600.0 796030.0 -2.12 4.09 [-2.12]
10000000000000.0 302470000000000.0 4850850000.0 3513590000.0 9277580.0 251462000.0 15493.7 535340000.0 1438050000.0 0.0 0.0 548655000.0 445607000.0 17131900.0 675909.0 -2.1 4.087 [-2.1]
10000000000000.0 288343000000000.0 4721370000.0 3263880000.0 7950460.0 221982000.0 12575.0 539880000.0 1267350000.0 0.0 0.0 538158000.0 412417000.0 15140300.0 573775.0 -2.08 4.085 [-2.08]
10000000000000.0 274903000000000.0 4593500000.0 3030900000.0 6810910.0 195838000.0 10201.3 544099000.0 1116340000.0 0.0 0.0 527458000.0 381420000.0 13374900.0 486977.0 -2.06 4.083 [-2.06]
