Cloudy_runs/1es1553/component_III_PI_nH/component_III_PI_nH_col_density_param.txt
# %ECSV 1.0
# ---
# datatype:
# - {name: H, datatype: float64}
# - {name: H+, datatype: float64}
# - {name: C+, datatype: float64}
# - {name: C+2, datatype: float64}
# - {name: C+3, datatype: float64}
# - {name: N+2, datatype: float64}
# - {name: N+4, datatype: float64}
# - {name: O, datatype: float64}
# - {name: O+2, datatype: float64}
# - {name: O+5, datatype: float64}
# - {name: O+6, datatype: float64}
# - {name: Si+, datatype: float64}
# - {name: Si+2, datatype: float64}
# - {name: Si+3, datatype: float64}
# - {name: Si+4, datatype: float64}
# - {name: log_nH, datatype: float64}
# - {name: log_Te, datatype: float64}
# - {name: parameters, datatype: string, subtype: 'float64[1]'}
# schema: astropy-2.0
H H+ C+ C+2 C+3 N+2 N+4 O O+2 O+5 O+6 Si+ Si+2 Si+3 Si+4 log_nH log_Te parameters
[from data line 149]
10000000000000.0 249954000000000.0 4342970000.0 2611150000.0 4994110.0 152186000.0 6705.66 551632000.0 865024000.0 0.0 0.0 505559000.0 325558000.0 10426900.0 350631.0 -2.02 4.079 [-2.02]
10000000000000.0 238313000000000.0 4219770000.0 2421430000.0 4271950.0 133997000.0 5429.82 554986000.0 760635000.0 0.0 0.0 494358000.0 300321000.0 9197180.0 297265.0 -2.0 4.077 [-2.0]
10000000000000.0 227368000000000.0 4100040000.0 2246890000.0 3658590.0 118064000.0 4402.65 558064000.0 669340000.0 0.0 0.0 483190000.0 277146000.0 8120100.0 252378.0 -1.98 4.075 [-1.98]
10000000000000.0 216825000000000.0 3980890000.0 2082440000.0 3128330.0 103881000.0 3563.32 560912000.0 588216000.0 0.0 0.0 471832000.0 255338000.0 7159370.0 213951.0 -1.96 4.073 [-1.96]
10000000000000.0 206855000000000.0 3864650000.0 1930460000.0 2676540.0 91429500.0 2886.0 563522000.0 517095000.0 0.0 0.0 460504000.0 235237000.0 6315290.0 181522.0 -1.94 4.07 [-1.94]
10000000000000.0 197368000000000.0 3750630000.0 1789180000.0 2289820.0 80454700.0 2337.26 565914000.0 454496000.0 0.0 0.0 449169000.0 216603000.0 5570270.0 154025.0 -1.92 4.068 [-1.92]
10000000000000.0 188340000000000.0 3638890000.0 1657890000.0 1958900.0 70787300.0 1892.82 568102000.0 399425000.0 0.0 0.0 437852000.0 199344000.0 4912970.0 130715.0 -1.9 4.066 [-1.9]
10000000000000.0 179828000000000.0 3530550000.0 1537080000.0 1677670.0 62328600.0 1534.86 570091000.0 351289000.0 0.0 0.0 426678000.0 183534000.0 4337210.0 111086.0 -1.88 4.064 [-1.88]
10000000000000.0 171574000000000.0 3422550000.0 1422800000.0 1433780.0 54788000.0 1241.66 571915000.0 308435000.0 0.0 0.0 415363000.0 168634000.0 3822380.0 94219.3 -1.86 4.062 [-1.86]
10000000000000.0 163795000000000.0 3318020000.0 1317780000.0 1226800.0 48200100.0 1005.85 573563000.0 271029000.0 0.0 0.0 404238000.0 155014000.0 3372010.0 80032.0 -1.84 4.06 [-1.84]
10000000000000.0 156389000000000.0 3215930000.0 1220360000.0 1049820.0 42405900.0 814.969 575053000.0 238164000.0 0.0 0.0 393222000.0 142443000.0 2975090.0 68006.2 -1.82 4.059 [-1.82]
10000000000000.0 149339000000000.0 3116320000.0 1130020000.0 898526.0 37311200.0 660.456 576395000.0 209296000.0 0.0 0.0 382333000.0 130849000.0 2625350.0 57812.1 -1.8 4.057 [-1.8]
10000000000000.0 142628000000000.0 3019190000.0 1046280000.0 769186.0 32832300.0 535.378 577599000.0 183941000.0 0.0 0.0 371588000.0 120164000.0 2317210.0 49169.5 -1.78 4.055 [-1.78]
10000000000000.0 136239000000000.0 2924560000.0 968674000.0 658625.0 28895500.0 434.122 578673000.0 161677000.0 0.0 0.0 361003000.0 110323000.0 2045740.0 41841.4 -1.76 4.053 [-1.76]
10000000000000.0 130201000000000.0 2833150000.0 897321000.0 564608.0 25452500.0 352.484 579625000.0 142221000.0 0.0 0.0 350671000.0 101337000.0 1807850.0 35658.6 -1.74 4.051 [-1.74]
10000000000000.0 124408000000000.0 2743540000.0 830725000.0 483759.0 22410100.0 286.037 580464000.0 125048000.0 0.0 0.0 340449000.0 93003900.0 1597050.0 30382.1 -1.72 4.049 [-1.72]
10000000000000.0 118892000000000.0 2656420000.0 769069000.0 414636.0 19736400.0 232.216 581196000.0 109970000.0 0.0 0.0 330424000.0 85343800.0 1411330.0 25904.4 -1.7 4.047 [-1.7]
10000000000000.0 113584000000000.0 2570890000.0 711422000.0 355117.0 17371000.0 188.363 581828000.0 96645200.0 0.0 0.0 320504000.0 78233400.0 1246530.0 22076.7 -1.68 4.045 [-1.68]
10000000000000.0 108581000000000.0 2488720000.0 658638000.0 304623.0 15307100.0 153.064 582366000.0 85029300.0 0.0 0.0 310901000.0 71774500.0 1102420.0 18851.4 -1.66 4.044 [-1.66]
10000000000000.0 103834000000000.0 2409280000.0 609977000.0 261538.0 13497100.0 124.502 582815000.0 74852800.0 0.0 0.0 301556000.0 65865900.0 975720.0 16117.3 -1.64 4.042 [-1.64]
10000000000000.0 99330500000000.0 2332580000.0 565144000.0 224771.0 11909800.0 0.0 583183000.0 65936900.0 0.0 0.0 292475000.0 60469900.0 864310.0 13799.1 -1.62 4.04 [-1.62]
10000000000000.0 95006600000000.0 2257660000.0 523351000.0 193117.0 10506500.0 0.0 583471000.0 58064100.0 0.0 0.0 283557000.0 55478800.0 765501.0 11815.2 -1.6 4.038 [-1.6]
10000000000000.0 90853400000000.0 2184490000.0 484396000.0 165869.0 9265910.0 0.0 583684000.0 51113100.0 0.0 0.0 274804000.0 50864000.0 677872.0 10117.1 -1.58 4.036 [-1.58]
10000000000000.0 86962700000000.0 2114850000.0 448976000.0 142814.0 8186730.0 0.0 583831000.0 45072100.0 0.0 0.0 266431000.0 46709000.0 601450.0 8688.1 -1.56 4.035 [-1.56]
10000000000000.0 83223100000000.0 2046880000.0 415946000.0 122933.0 7231490.0 0.0 583912000.0 39732500.0 0.0 0.0 258227000.0 42866000.0 533579.0 7462.01 -1.54 4.033 [-1.54]
10000000000000.0 79659600000000.0 1981150000.0 385414000.0 105895.0 6390740.0 0.0 583930000.0 35039200.0 0.0 0.0 250262000.0 39345500.0 473653.0 6416.09 -1.52 4.031 [-1.52]
10000000000000.0 76231900000000.0 1917020000.0 356939000.0 91194.7 5646220.0 0.0 583886000.0 30889500.0 0.0 0.0 242466000.0 36090000.0 420402.0 5517.6 -1.5 4.03 [-1.5]
10000000000000.0 73026400000000.0 1856220000.0 331109000.0 78750.3 4998600.0 0.0 583794000.0 27284000.0 0.0 0.0 235050000.0 33167900.0 373943.0 4760.08 -1.48 4.028 [-1.48]
10000000000000.0 69910500000000.0 1796330000.0 306771000.0 67921.9 4420700.0 0.0 583642000.0 24072800.0 0.0 0.0 227729000.0 30436000.0 332329.0 4103.19 -1.46 4.026 [-1.46]
10000000000000.0 66999100000000.0 1739660000.0 284717000.0 58750.8 3917960.0 0.0 583448000.0 21282600.0 0.0 0.0 220782000.0 27987300.0 296009.0 3548.71 -1.44 4.025 [-1.44]
10000000000000.0 64176900000000.0 1684050000.0 263997000.0 50777.6 3469830.0 0.0 583201000.0 18800800.0 0.0 0.0 213955000.0 25704300.0 263511.0 3067.9 -1.42 4.023 [-1.42]
10000000000000.0 61491700000000.0 1630520000.0 244889000.0 43934.2 3075230.0 0.0 582909000.0 16618700.0 0.0 0.0 207367000.0 23621300.0 234786.0 2656.36 -1.4 4.021 [-1.4]
10000000000000.0 58941700000000.0 1579100000.0 227301000.0 38063.8 2727970.0 0.0 582576000.0 14702100.0 0.0 0.0 201031000.0 21721800.0 209413.0 2304.0 -1.38 4.02 [-1.38]
10000000000000.0 56509600000000.0 1529520000.0 211042000.0 33008.8 2421370.0 0.0 582203000.0 13013200.0 0.0 0.0 194914000.0 19982400.0 186922.0 2001.1 -1.36 4.018 [-1.36]
10000000000000.0 54189600000000.0 1481730000.0 196010000.0 28652.8 2150530.0 0.0 581791000.0 11524300.0 0.0 0.0 189011000.0 18389500.0 166974.0 1740.4 -1.34 4.016 [-1.34]
10000000000000.0 51976200000000.0 1435670000.0 182110000.0 24896.3 1911160.0 0.0 581343000.0 10211200.0 0.0 0.0 183318000.0 16930500.0 149270.0 1515.77 -1.32 4.015 [-1.32]
10000000000000.0 49874300000000.0 1391510000.0 169315000.0 21664.1 1700120.0 0.0 580863000.0 9055960.0 0.0 0.0 177855000.0 15600100.0 133595.0 1322.57 -1.3 4.013 [-1.3]
10000000000000.0 47848600000000.0 1348540000.0 157364000.0 18853.6 1512240.0 0.0 580344000.0 8029940.0 0.0 0.0 172537000.0 14369500.0 119579.0 1154.63 -1.28 4.012 [-1.28]
10000000000000.0 45934400000000.0 1307570000.0 146417000.0 16440.2 1346970.0 0.0 579799000.0 7129530.0 0.0 0.0 167465000.0 13252400.0 107194.0 1010.33 -1.26 4.01 [-1.26]
10000000000000.0 44097600000000.0 1267910000.0 136235000.0 14344.4 1200110.0 0.0 579221000.0 6331350.0 0.0 0.0 162556000.0 12223400.0 96137.9 884.954 -1.24 4.009 [-1.24]
10000000000000.0 42344000000000.0 1229730000.0 126811000.0 12529.4 1069950.0 0.0 578615000.0 5625790.0 0.0 0.0 157828000.0 11279900.0 86293.3 776.258 -1.22 4.007 [-1.22]
10000000000000.0 40669300000000.0 1192960000.0 118087000.0 10956.1 954538.0 0.0 577980000.0 5001800.0 0.0 0.0 153278000.0 10414500.0 77521.3 681.899 -1.2 4.006 [-1.2]
10000000000000.0 39069900000000.0 1157570000.0 110008000.0 9591.01 852136.0 0.0 577320000.0 4449660.0 0.0 0.0 148898000.0 9620570.0 69699.7 599.88 -1.18 4.004 [-1.18]
10000000000000.0 37537600000000.0 1123400000.0 102504000.0 8403.36 761071.0 0.0 576633000.0 3960030.0 0.0 0.0 144672000.0 8890040.0 62708.7 528.372 -1.16 4.003 [-1.16]
10000000000000.0 36082100000000.0 1090710000.0 95591500.0 7374.86 680463.0 0.0 575928000.0 3527900.0 0.0 0.0 140631000.0 8222950.0 56487.8 466.276 -1.14 4.001 [-1.14]
10000000000000.0 34687000000000.0 1059140000.0 89165600.0 6478.02 608675.0 0.0 575197000.0 3144180.0 0.0 0.0 136732000.0 7608520.0 50918.2 411.979 -1.12 4.0 [-1.12]
10000000000000.0 33353600000000.0 1028760000.0 83208000.0 5696.79 544822.0 0.0 574446000.0 2803930.0 0.0 0.0 132982000.0 7043920.0 45937.1 364.528 -1.1 3.998 [-1.1]
10000000000000.0 32078900000000.0 999523000.0 77682900.0 5015.6 487992.0 0.0 573675000.0 2502050.0 0.0 0.0 129376000.0 6524950.0 41478.9 323.007 -1.08 3.997 [-1.08]
10000000000000.0 30860000000000.0 971378000.0 72557100.0 4421.01 437380.0 0.0 572884000.0 2234060.0 0.0 0.0 125910000.0 6047720.0 37485.8 286.624 -1.06 3.995 [-1.06]
10000000000000.0 29694300000000.0 944287000.0 67800000.0 3901.46 392276.0 0.0 572077000.0 1996030.0 0.0 0.0 122576000.0 5608660.0 33906.3 254.701 -1.04 3.994 [-1.04]
10000000000000.0 28579300000000.0 918212000.0 63383600.0 3447.02 352057.0 0.0 571253000.0 1784490.0 0.0 0.0 119372000.0 5204560.0 30695.2 226.653 -1.02 3.992 [-1.02]
10000000000000.0 27512500000000.0 893111000.0 59281900.0 3049.08 316169.0 0.0 570413000.0 1596370.0 0.0 0.0 116291000.0 4832440.0 27812.1 201.975 -1.0 3.991 [-1.0]
10000000000000.0 26491600000000.0 868946000.0 55470900.0 2700.25 284124.0 0.0 569559000.0 1428990.0 0.0 0.0 113330000.0 4489600.0 25221.6 180.235 -0.98 3.99 [-0.98]
10000000000000.0 25514500000000.0 845680000.0 51928600.0 2394.13 255493.0 0.0 568692000.0 1279960.0 0.0 0.0 110483000.0 4173580.0 22892.1 161.055 -0.96 3.988 [-0.96]
10000000000000.0 24579000000000.0 823277000.0 48634700.0 2125.2 229894.0 0.0 567812000.0 1147210.0 0.0 0.0 107747000.0 3882150.0 20795.6 144.112 -0.94 3.987 [-0.94]
10000000000000.0 23683200000000.0 801704000.0 45570700.0 1888.68 206993.0 0.0 566920000.0 1028880.0 0.0 0.0 105116000.0 3613240.0 18907.3 129.125 -0.92 3.985 [-0.92]
10000000000000.0 22825200000000.0 780924000.0 42719000.0 1680.44 186490.0 0.0 566019000.0 923332.0 0.0 0.0 102587000.0 3364970.0 17205.0 115.85 -0.9 3.984 [-0.9]
10000000000000.0 22003300000000.0 760908000.0 40064000.0 1496.89 168123.0 0.0 565107000.0 829138.0 0.0 0.0 100155000.0 3135660.0 15669.3 104.077 -0.88 3.983 [-0.88]
10000000000000.0 21215700000000.0 741624000.0 37591000.0 1334.92 151658.0 0.0 564187000.0 745022.0 0.0 0.0 97817300.0 2923720.0 14282.7 93.6209 -0.86 3.981 [-0.86]
10000000000000.0 20460800000000.0 723042000.0 35286400.0 1191.84 136890.0 0.0 563259000.0 669860.0 0.0 0.0 95569400.0 2727730.0 13029.7 84.3229 -0.84 3.98 [-0.84]
10000000000000.0 19737100000000.0 705132000.0 33137900.0 1065.3 123634.0 0.0 562325000.0 602658.0 0.0 0.0 93407600.0 2546400.0 11896.5 76.0441 -0.82 3.979 [-0.82]
10000000000000.0 19043100000000.0 687867000.0 31134000.0 953.27 111728.0 0.0 561384000.0 542535.0 0.0 0.0 91328700.0 2378530.0 10870.8 68.6632 -0.8 3.977 [-0.8]
10000000000000.0 18374800000000.0 671150000.0 29256600.0 853.744 101003.0 0.0 560434000.0 488589.0 0.0 0.0 89320700.0 2222440.0 9939.81 62.0603 -0.78 3.976 [-0.78]
10000000000000.0 17739000000000.0 655166000.0 27518100.0 765.866 91403.8 0.0 559489000.0 440501.0 0.0 0.0 87405600.0 2078900.0 9099.41 56.1855 -0.76 3.974 [-0.76]
10000000000000.0 17126300000000.0 639680000.0 25887500.0 687.601 82744.1 0.0 558535000.0 397288.0 0.0 0.0 85555300.0 1945250.0 8335.16 50.9154 -0.74 3.973 [-0.74]
10000000000000.0 16538200000000.0 624738000.0 24363800.0 618.003 74946.6 0.0 557579000.0 358533.0 0.0 0.0 83774900.0 1821230.0 7641.18 46.1934 -0.72 3.972 [-0.72]
10000000000000.0 15973700000000.0 610318000.0 22939400.0 556.045 67921.2 0.0 556620000.0 323754.0 0.0 0.0 82061800.0 1706090.0 7010.52 41.9573 -0.7 3.97 [-0.7]
10000000000000.0 15431500000000.0 596397000.0 21607000.0 500.825 61587.2 0.0 555661000.0 292522.0 0.0 0.0 80412900.0 1599120.0 6436.91 38.1525 -0.68 3.969 [-0.68]
10000000000000.0 14910800000000.0 582955000.0 20360200.0 451.561 55873.4 0.0 554701000.0 264461.0 0.0 0.0 78825900.0 1499690.0 5914.8 34.7312 -0.66 3.968 [-0.66]
10000000000000.0 14408300000000.0 569914000.0 19188300.0 407.462 50704.2 0.0 553737000.0 239174.0 0.0 0.0 77291400.0 1406860.0 5438.24 31.6445 -0.64 3.966 [-0.64]
10000000000000.0 13927600000000.0 557371000.0 18095300.0 368.134 46047.1 0.0 552778000.0 216484.0 0.0 0.0 75820600.0 1320810.0 5004.72 28.8688 -0.62 3.965 [-0.62]
10000000000000.0 13465600000000.0 545249000.0 17071000.0 332.934 41838.5 0.0 551821000.0 196059.0 0.0 0.0 74404100.0 1240680.0 4609.19 26.3641 -0.6 3.964 [-0.6]
10000000000000.0 13023200000000.0 533579000.0 16114500.0 301.464 38041.3 0.0 550870000.0 177704.0 0.0 0.0 73045600.0 1166310.0 4248.72 24.1059 -0.58 3.963 [-0.58]
10000000000000.0 12595900000000.0 522244000.0 15213500.0 273.17 34597.4 0.0 549917000.0 161121.0 0.0 0.0 71731100.0 1096680.0 3918.62 22.0591 -0.56 3.961 [-0.56]
10000000000000.0 12184900000000.0 511278000.0 14368000.0 247.768 31479.9 0.0 548967000.0 146166.0 0.0 0.0 70464600.0 1031730.0 3616.75 20.206 -0.54 3.96 [-0.54]
10000000000000.0 11789400000000.0 500666000.0 13574200.0 224.937 28656.1 0.0 548022000.0 132673.0 0.0 0.0 69244100.0 971103.0 3340.49 18.5264 -0.52 3.959 [-0.52]
10000000000000.0 11408900000000.0 490393000.0 12828600.0 204.399 26097.2 0.0 547081000.0 120491.0 0.0 0.0 68067600.0 914479.0 3087.47 17.0026 -0.5 3.957 [-0.5]
10000000000000.0 11042500000000.0 480445000.0 12127900.0 185.903 23777.0 0.0 546144000.0 109486.0 0.0 0.0 66933600.0 861563.0 2855.56 15.6186 -0.48 3.956 [-0.48]
10000000000000.0 10689700000000.0 470809000.0 11469300.0 169.231 21672.1 0.0 545213000.0 99539.1 0.0 0.0 65840100.0 812084.0 2642.85 14.3602 -0.46 3.955 [-0.46]
10000000000000.0 10350000000000.0 461471000.0 10849700.0 154.188 19761.6 0.0 544287000.0 90543.4 0.0 0.0 64785600.0 765791.0 2447.6 13.2151 -0.44 3.953 [-0.44]
10000000000000.0 10022800000000.0 452418000.0 10266800.0 140.603 18026.7 0.0 543368000.0 82403.2 0.0 0.0 63768400.0 722455.0 2268.26 12.1718 -0.42 3.952 [-0.42]
10000000000000.0 9707460000000.0 443640000.0 9718020.0 128.322 16450.5 0.0 542456000.0 75033.3 0.0 0.0 62787100.0 681869.0 2103.41 11.2205 -0.4 3.951 [-0.4]
10000000000000.0 9403560000000.0 435124000.0 9201210.0 117.209 15017.7 0.0 541550000.0 68356.7 0.0 0.0 61840200.0 643825.0 1951.77 10.3522 -0.38 3.949 [-0.38]
10000000000000.0 9110610000000.0 426860000.0 8714270.0 107.144 13714.7 0.0 540652000.0 62305.1 0.0 0.0 60926400.0 608150.0 1812.18 9.55894 -0.36 3.948 [-0.36]
10000000000000.0 8828130000000.0 418836000.0 8255300.0 98.0212 12529.2 0.0 539761000.0 56816.9 0.0 0.0 60044200.0 574677.0 1683.6 8.83351 -0.34 3.947 [-0.34]
10000000000000.0 8555710000000.0 411044000.0 7822510.0 89.7437 11450.0 0.0 538878000.0 51837.1 0.0 0.0 59192500.0 543253.0 1565.09 8.16952 -0.32 3.945 [-0.32]
10000000000000.0 8292910000000.0 403473000.0 7414230.0 82.2271 10467.4 0.0 538004000.0 47316.1 0.0 0.0 58370100.0 513737.0 1455.77 0.0 -0.3 3.944 [-0.3]
10000000000000.0 8039350000000.0 396115000.0 7028940.0 75.3955 9572.1 0.0 537138000.0 43209.6 0.0 0.0 57575700.0 485999.0 1354.87 0.0 -0.28 3.943 [-0.28]
10000000000000.0 7793620000000.0 388930000.0 6663880.0 69.17 8754.45 0.0 536277000.0 39470.2 0.0 0.0 56805000.0 459807.0 1261.55 0.0 -0.26 3.941 [-0.26]
10000000000000.0 7557430000000.0 381972000.0 6320400.0 63.5135 8010.58 0.0 535430000.0 36077.5 0.0 0.0 56063600.0 435268.0 1175.44 0.0 -0.24 3.94 [-0.24]
10000000000000.0 7329380000000.0 375200000.0 5995860.0 0.0 7332.04 0.0 534591000.0 32991.0 0.0 0.0 55347100.0 412168.0 1095.8 0.0 -0.22 3.938 [-0.22]
10000000000000.0 7109140000000.0 368609000.0 5689120.0 0.0 6712.85 0.0 533762000.0 30181.8 0.0 0.0 54654500.0 390409.0 1022.11 0.0 -0.2 3.937 [-0.2]
10000000000000.0 6896400000000.0 362189000.0 5399090.0 0.0 6147.6 0.0 532942000.0 27623.7 0.0 0.0 53984900.0 369904.0 953.884 0.0 -0.18 3.936 [-0.18]
10000000000000.0 6691610000000.0 355959000.0 5125610.0 0.0 5632.28 0.0 532135000.0 25297.1 0.0 0.0 53339900.0 350631.0 890.747 0.0 -0.16 3.934 [-0.16]
