Cloudy_runs/pks0405/z=0.167125/component_IV_PI_nH/component_IV_PI_nH_col_density_param.txt
# %ECSV 1.0
# ---
# datatype:
# - {name: H, datatype: float64}
# - {name: H+, datatype: float64}
# - {name: C+, datatype: float64}
# - {name: C+2, datatype: float64}
# - {name: C+3, datatype: float64}
# - {name: N+, datatype: float64}
# - {name: N+2, datatype: float64}
# - {name: N+4, datatype: float64}
# - {name: O, datatype: float64}
# - {name: O+2, datatype: float64}
# - {name: O+5, datatype: float64}
# - {name: O+6, datatype: float64}
# - {name: P+, datatype: float64}
# - {name: Si+, datatype: float64}
# - {name: Si+2, datatype: float64}
# - {name: Si+3, datatype: float64}
# - {name: Si+4, datatype: float64}
# - {name: log_nH, datatype: float64}
# - {name: log_Te, datatype: float64}
# - {name: parameters, datatype: string, subtype: 'float64[1]'}
# schema: astropy-2.0
H H+ C+ C+2 C+3 N+ N+2 N+4 O O+2 O+5 O+6 P+ Si+ Si+2 Si+3 Si+4 log_nH log_Te parameters
9549900000000000.0 4.71797e+20 432613000000.0 83578800000000.0 394540000000000.0 28103100000.0 12167600000000.0 396498000000000.0 1757910.0 36003100000000.0 5461480000000000.0 9768050000000000.0 12878600.0 225438000.0 12982700000.0 77157100000.0 10146700000000.0 -5.0 4.558 [-5.0]
9549910000000000.0 4.46493e+20 471188000000.0 88630900000000.0 402418000000000.0 30824100000.0 13017300000000.0 393495000000000.0 1972210.0 38662100000000.0 5225540000000000.0 8899690000000000.0 15274600.0 269570000.0 15164200000.0 87147700000.0 10852600000000.0 -4.98 4.553 [-4.98]
9549900000000000.0 4.22625e+20 512614000000.0 93865600000000.0 409938000000000.0 33784200000.0 13912300000000.0 389926000000000.0 2212600.0 41469000000000.0 4989410000000000.0 8094400000000000.0 18085200.0 321698000.0 17682500000.0 98271300000.0 11590400000000.0 -4.96 4.548 [-4.96]
9549900000000000.0 4.00102e+20 557064000000.0 99281600000000.0 417078000000000.0 37001000000.0 14853500000000.0 385796000000000.0 2482240.0 44426100000000.0 4753930000000000.0 7349160000000000.0 21377600.0 383146000.0 20584400000.0 110633000000.0 12359700000000.0 -4.94 4.543 [-4.94]
9549920000000000.0 3.78853e+20 604726000000.0 104881000000000.0 423832000000000.0 40494000000.0 15842100000000.0 381128000000000.0 2784580.0 47536300000000.0 4520170000000000.0 6660970000000000.0 25226700.0 455443000.0 23923400000.0 124350000000.0 13160700000000.0 -4.92 4.539 [-4.92]
9549900000000000.0 3.5879e+20 655771000000.0 110658000000000.0 430178000000000.0 44281200000.0 16878100000000.0 375927000000000.0 3123520.0 50799400000000.0 4288850000000000.0 6026520000000000.0 29720200.0 540346000.0 27759300000.0 139548000000.0 13993100000000.0 -4.9 4.534 [-4.9]
9549910000000000.0 3.39841e+20 710368000000.0 116611000000000.0 436103000000000.0 48380200000.0 17961400000000.0 370210000000000.0 3503050.0 54214600000000.0 4060820000000000.0 5442800000000000.0 34956000.0 639844000.0 32158300000.0 156358000000.0 14856300000000.0 -4.88 4.53 [-4.88]
9549900000000000.0 3.2194e+20 768710000000.0 122738000000000.0 441593000000000.0 52811000000.0 19092200000000.0 363995000000000.0 3927930.0 57781600000000.0 3836800000000000.0 4906870000000000.0 41046500.0 756213000.0 37194600000.0 174919000000.0 15749400000000.0 -4.86 4.526 [-4.86]
9549910000000000.0 3.05018e+20 830953000000.0 129031000000000.0 446631000000000.0 57590300000.0 20269400000000.0 357299000000000.0 4403140.0 61497500000000.0 3617480000000000.0 4415700000000000.0 48117600.0 892049000.0 42951600000.0 195386000000.0 16671900000000.0 -4.84 4.521 [-4.84]
9549900000000000.0 2.89019e+20 897268000000.0 135483000000000.0 451202000000000.0 62735100000.0 21491900000000.0 350140000000000.0 4934080.0 65358700000000.0 3403470000000000.0 3966590000000000.0 56310500.0 1050260000.0 49520500000.0 217912000000.0 17622400000000.0 -4.82 4.517 [-4.82]
9549910000000000.0 2.73889e+20 967846000000.0 142089000000000.0 455295000000000.0 68265600000.0 22758400000000.0 342543000000000.0 5527350.0 69362900000000.0 3195360000000000.0 3556740000000000.0 65788300.0 1234200000.0 57004100000.0 242668000000.0 18599700000000.0 -4.8 4.513 [-4.8]
9549900000000000.0 2.59575e+20 1042830000000.0 148839000000000.0 458897000000000.0 74195500000.0 24066800000000.0 334531000000000.0 6189490.0 73504400000000.0 2993660000000000.0 3183400000000000.0 76728900.0 1447580000.0 65515700000.0 269836000000.0 19602400000000.0 -4.78 4.509 [-4.78]
9549900000000000.0 2.46031e+20 1122420000000.0 155724000000000.0 462000000000000.0 80545000000.0 25415200000000.0 326135000000000.0 6928560.0 77779200000000.0 2798780000000000.0 2844150000000000.0 89337400.0 1694640000.0 75180400000.0 299598000000.0 20628700000000.0 -4.76 4.505 [-4.76]
9549900000000000.0 2.33211e+20 1206740000000.0 162734000000000.0 464591000000000.0 87326300000.0 26800600000000.0 317383000000000.0 7752720.0 82180500000000.0 2611080000000000.0 2536430000000000.0 103837000.0 1980100000.0 86136200000.0 332155000000.0 21676900000000.0 -4.74 4.501 [-4.74]
9549910000000000.0 2.21075e+20 1295960000000.0 169857000000000.0 466662000000000.0 94555500000.0 28220400000000.0 308310000000000.0 8671600.0 86702200000000.0 2430880000000000.0 2257880000000000.0 120481000.0 2309220000.0 98534400000.0 367710000000.0 22744500000000.0 -4.72 4.497 [-4.72]
9549910000000000.0 2.09582e+20 1390210000000.0 177078000000000.0 468203000000000.0 102246000000.0 29670800000000.0 298949000000000.0 9695740.0 91336700000000.0 2258400000000000.0 2006260000000000.0 139548000.0 2687910000.0 112541000000.0 406476000000.0 23829300000000.0 -4.7 4.493 [-4.7]
9549900000000000.0 1.98699e+20 1489620000000.0 184383000000000.0 469208000000000.0 110408000000.0 31148100000000.0 289334000000000.0 10836800.0 96074500000000.0 2093870000000000.0 1779490000000000.0 161348000.0 3122710000.0 128337000000.0 448676000000.0 24928500000000.0 -4.68 4.489 [-4.68]
9549910000000000.0 1.88391e+20 1594340000000.0 191758000000000.0 469671000000000.0 119055000000.0 32648200000000.0 279503000000000.0 12108100.0 100907000000000.0 1937430000000000.0 1575490000000000.0 186227000.0 3620910000.0 146122000000.0 494536000000.0 26039200000000.0 -4.66 4.485 [-4.66]
9549920000000000.0 1.78627e+20 1704480000000.0 199186000000000.0 469587000000000.0 128198000000.0 34167000000000.0 269497000000000.0 13524600.0 105827000000000.0 1789110000000000.0 1392380000000000.0 214565000.0 4190560000.0 166110000000.0 544288000000.0 27158300000000.0 -4.64 4.481 [-4.64]
9549910000000000.0 1.69376e+20 1820070000000.0 206645000000000.0 468950000000000.0 137838000000.0 35698600000000.0 259351000000000.0 15102000.0 110819000000000.0 1648870000000000.0 1228360000000000.0 246770000.0 4840440000.0 188536000000.0 598185000000.0 28282400000000.0 -4.62 4.477 [-4.62]
9549910000000000.0 1.60611e+20 1941260000000.0 214120000000000.0 467759000000000.0 147988000000.0 37239000000000.0 249106000000000.0 16859800.0 115878000000000.0 1516660000000000.0 1081780000000000.0 283310000.0 5580360000.0 213653000000.0 656457000000.0 29407900000000.0 -4.6 4.473 [-4.6]
9549910000000000.0 1.52306e+20 2068130000000.0 221589000000000.0 466013000000000.0 158654000000.0 38782700000000.0 238801000000000.0 18819200.0 120993000000000.0 1392360000000000.0 951050000000000.0 324691000.0 6421050000.0 241734000000.0 719350000000.0 30531000000000.0 -4.58 4.469 [-4.58]
9549920000000000.0 1.44438e+20 2200720000000.0 229030000000000.0 463709000000000.0 169838000000.0 40324100000000.0 228474000000000.0 21003700.0 126153000000000.0 1275810000000000.0 834666000000000.0 371458000.0 7374140000.0 273073000000.0 787112000000.0 31647500000000.0 -4.56 4.465 [-4.56]
9549910000000000.0 1.36979e+20 2338960000000.0 236416000000000.0 460849000000000.0 181535000000.0 41856700000000.0 218163000000000.0 23439200.0 131345000000000.0 1166820000000000.0 731235000000000.0 424199000.0 8452240000.0 307983000000.0 860000000000.0 32753300000000.0 -4.54 4.462 [-4.54]
9549910000000000.0 1.29912e+20 2482980000000.0 243730000000000.0 457436000000000.0 193755000000.0 43376100000000.0 207907000000000.0 26156900.0 136561000000000.0 1065160000000000.0 639535000000000.0 483584000.0 9669300000.0 346802000000.0 938242000000.0 33843900000000.0 -4.52 4.458 [-4.52]
9549910000000000.0 1.23213e+20 2632680000000.0 250941000000000.0 453475000000000.0 206491000000.0 44875900000000.0 197741000000000.0 29190200.0 141789000000000.0 970586000000000.0 558380000000000.0 550311000.0 11040200000.0 389890000000.0 1022090000000.0 34915000000000.0 -4.5 4.454 [-4.5]
9549910000000000.0 1.16865e+20 2788070000000.0 258027000000000.0 448970000000000.0 219746000000.0 46350600000000.0 187701000000000.0 32578500.0 147017000000000.0 882815000000000.0 486671000000000.0 625158000.0 12581100000.0 437625000000.0 1111750000000.0 35961500000000.0 -4.48 4.45 [-4.48]
9549910000000000.0 1.10848e+20 2949070000000.0 264960000000000.0 443931000000000.0 233515000000.0 47794600000000.0 177819000000000.0 36364700.0 152236000000000.0 801557000000000.0 423442000000000.0 708941000.0 14309300000.0 490408000000.0 1207450000000.0 36978600000000.0 -4.46 4.447 [-4.46]
9549910000000000.0 1.05145e+20 3115570000000.0 271713000000000.0 438368000000000.0 247793000000.0 49202300000000.0 168125000000000.0 40597800.0 157432000000000.0 726504000000000.0 367808000000000.0 802547000.0 16243200000.0 548657000000.0 1309370000000.0 37961300000000.0 -4.44 4.443 [-4.44]
9549920000000000.0 9.97401e+19 3287490000000.0 278260000000000.0 432293000000000.0 262578000000.0 50568500000000.0 158647000000000.0 45334000.0 162595000000000.0 657344000000000.0 318954000000000.0 906940000.0 18402700000.0 612818000000.0 1417710000000.0 38904700000000.0 -4.42 4.439 [-4.42]
9549910000000000.0 9.46165e+19 3464580000000.0 284571000000000.0 425719000000000.0 277859000000.0 51887600000000.0 149411000000000.0 50634400.0 167712000000000.0 593755000000000.0 276129000000000.0 1023110000.0 20808600000.0 683349000000.0 1532620000000.0 39803700000000.0 -4.4 4.436 [-4.4]
9549920000000000.0 8.9761e+19 3646830000000.0 290622000000000.0 418663000000000.0 293641000000.0 53155700000000.0 140439000000000.0 56572600.0 172774000000000.0 535424000000000.0 238658000000000.0 1152180000.0 23483600000.0 760735000000.0 1654220000000.0 40653600000000.0 -4.38 4.432 [-4.38]
9549910000000000.0 8.51581e+19 3833850000000.0 296382000000000.0 411141000000000.0 309905000000.0 54366700000000.0 131749000000000.0 63226300.0 177767000000000.0 482025000000000.0 205941000000000.0 1295250000.0 26450900000.0 845463000000.0 1782630000000.0 41449200000000.0 -4.36 4.428 [-4.36]
9549910000000000.0 8.07956e+19 4025590000000.0 301830000000000.0 403180000000000.0 326653000000.0 55516900000000.0 123359000000000.0 70688100.0 182683000000000.0 433251000000000.0 177423000000000.0 1453580000.0 29735400000.0 938049000000.0 1917900000000.0 42185900000000.0 -4.34 4.425 [-4.34]
9549910000000000.0 7.66603e+19 4221680000000.0 306939000000000.0 394799000000000.0 343870000000.0 56601800000000.0 115282000000000.0 79058400.0 187509000000000.0 388789000000000.0 152614000000000.0 1628390000.0 33362600000.0 1039000000000.0 2060060000000.0 42858700000000.0 -4.32 4.421 [-4.32]
9549910000000000.0 7.27408e+19 4421890000000.0 311683000000000.0 386021000000000.0 361561000000.0 57618400000000.0 107531000000000.0 88455100.0 192235000000000.0 348344000000000.0 131069000000000.0 1821060000.0 37359800000.0 1148840000000.0 2209070000000.0 43463300000000.0 -4.3 4.418 [-4.3]
9549910000000000.0 6.90252e+19 4625720000000.0 316034000000000.0 376870000000000.0 379703000000.0 58562800000000.0 100113000000000.0 99004000.0 196850000000000.0 311623000000000.0 112393000000000.0 2032860000.0 41753900000.0 1268090000000.0 2364880000000.0 43995200000000.0 -4.28 4.414 [-4.28]
9549910000000000.0 6.55033e+19 4832990000000.0 319975000000000.0 367379000000000.0 398305000000.0 59432700000000.0 93034100000000.0 110855000.0 201345000000000.0 278351000000000.0 96235800000000.0 2265270000.0 46573800000.0 1397270000000.0 2527340000000.0 44450400000000.0 -4.26 4.411 [-4.26]
9549910000000000.0 6.21625e+19 5042640000000.0 323468000000000.0 357570000000000.0 417309000000.0 60223300000000.0 86296400000000.0 124162000.0 205704000000000.0 248253000000000.0 82278400000000.0 2519400000.0 51845500000.0 1536850000000.0 2696370000000.0 44824600000000.0 -4.24 4.407 [-4.24]
9549920000000000.0 5.89966e+19 5255320000000.0 326521000000000.0 347484000000000.0 436790000000.0 60935800000000.0 79902000000000.0 139130000.0 209925000000000.0 221085000000000.0 70248200000000.0 2797300000.0 57602700000.0 1687350000000.0 2871500000000.0 45114300000000.0 -4.22 4.404 [-4.22]
9549910000000000.0 5.59951e+19 5469970000000.0 329104000000000.0 337150000000000.0 456697000000.0 61567000000000.0 73849400000000.0 155955000.0 213995000000000.0 196606000000000.0 59892900000000.0 3099950000.0 63871600000.0 1849220000000.0 3052530000000.0 45316600000000.0 -4.2 4.4 [-4.2]
9549920000000000.0 5.31501e+19 5686340000000.0 331209000000000.0 326606000000000.0 477041000000.0 62116500000000.0 68135500000000.0 174874000.0 217909000000000.0 174589000000000.0 50994600000000.0 3428850000.0 70682300000.0 2022880000000.0 3239020000000.0 45429100000000.0 -4.18 4.397 [-4.18]
9549910000000000.0 5.04532e+19 5903980000000.0 332823000000000.0 315883000000000.0 497822000000.0 62583400000000.0 62754500000000.0 196152000.0 221658000000000.0 154821000000000.0 43360000000000.0 3785430000.0 78063800000.0 2208730000000.0 3430470000000.0 45449300000000.0 -4.16 4.394 [-4.16]
9549910000000000.0 4.78953e+19 6121930000000.0 333931000000000.0 305022000000000.0 518997000000.0 62965400000000.0 57699100000000.0 220077000.0 225230000000000.0 137100000000000.0 36818800000000.0 4170460000.0 86038900000.0 2407020000000.0 3626430000000.0 45375200000000.0 -4.14 4.39 [-4.14]
9549910000000000.0 4.54698e+19 6339830000000.0 334527000000000.0 294055000000000.0 540579000000.0 63263100000000.0 52961000000000.0 246983000.0 228619000000000.0 121242000000000.0 31226100000000.0 4585270000.0 94634400000.0 2618030000000.0 3826170000000.0 45205400000000.0 -4.12 4.387 [-4.12]
9549920000000000.0 4.31699e+19 6557190000000.0 334612000000000.0 283021000000000.0 562565000000.0 63476700000000.0 48530800000000.0 277240000.0 231819000000000.0 107074000000000.0 26451000000000.0 5030810000.0 103874000000.0 2841910000000.0 4028970000000.0 44939200000000.0 -4.1 4.384 [-4.1]
9549910000000000.0 4.09885e+19 6773400000000.0 334183000000000.0 271954000000000.0 584946000000.0 63606400000000.0 44397700000000.0 311262000.0 234821000000000.0 94436200000000.0 22379000000000.0 5507760000.0 113776000000.0 3078710000000.0 4233970000000.0 44576200000000.0 -4.08 4.38 [-4.08]
9549910000000000.0 3.89195e+19 6987810000000.0 333242000000000.0 260891000000000.0 607711000000.0 63652600000000.0 40550300000000.0 349513000.0 237620000000000.0 83180400000000.0 18911200000000.0 6016580000.0 124357000000.0 3328350000000.0 4440260000000.0 44116600000000.0 -4.06 4.377 [-4.06]
9549910000000000.0 3.6957e+19 7199900000000.0 331796000000000.0 249866000000000.0 630861000000.0 63616500000000.0 36976500000000.0 392513000.0 240208000000000.0 73170700000000.0 15961700000000.0 6557570000.0 135631000000.0 3590680000000.0 4646810000000.0 43561400000000.0 -4.04 4.374 [-4.04]
9549910000000000.0 3.50951e+19 7409030000000.0 329853000000000.0 238915000000000.0 654380000000.0 63499000000000.0 33664000000000.0 440837000.0 242580000000000.0 64282400000000.0 13456100000000.0 7130530000.0 147602000000.0 3865310000000.0 4852540000000.0 42911900000000.0 -4.02 4.371 [-4.02]
9549910000000000.0 3.33287e+19 7614600000000.0 327423000000000.0 228069000000000.0 678264000000.0 63301700000000.0 30599800000000.0 495129000.0 244731000000000.0 56401300000000.0 11330300000000.0 7735030000.0 160273000000.0 4151760000000.0 5056240000000.0 42170500000000.0 -4.0 4.368 [-4.0]
9549910000000000.0 3.16526e+19 7816010000000.0 324518000000000.0 217358000000000.0 702506000000.0 63026200000000.0 27771200000000.0 556112000.0 246655000000000.0 49423300000000.0 9528730000000.0 8370230000.0 173638000000.0 4449350000000.0 5256670000000.0 41339800000000.0 -3.98 4.364 [-3.98]
9549910000000000.0 3.0062e+19 8012690000000.0 321156000000000.0 206811000000000.0 727098000000.0 62674400000000.0 25165000000000.0 624586000.0 248347000000000.0 43253500000000.0 8003920000000.0 9034870000.0 187685000000.0 4757220000000.0 5452480000000.0 40423300000000.0 -3.96 4.361 [-3.96]
9549910000000000.0 2.85524e+19 8204070000000.0 317354000000000.0 196456000000000.0 752031000000.0 62248400000000.0 22768600000000.0 701440000.0 249802000000000.0 37805800000000.0 6714880000000.0 9727240000.0 202393000000.0 5074290000000.0 5642290000000.0 39425100000000.0 -3.94 4.358 [-3.94]
9549920000000000.0 2.71196e+19 8389730000000.0 313136000000000.0 186318000000000.0 777305000000.0 61750700000000.0 20569100000000.0 787667000.0 251018000000000.0 33002300000000.0 5626510000000.0 10445300000.0 217735000000.0 5399320000000.0 5824640000000.0 38350100000000.0 -3.92 4.355 [-3.92]
