Cloudy_runs/pks0405/z=0.167125/component_IV_PI_nH/component_IV_PI_nH_col_density_param.txt
# %ECSV 1.0
# ---
# datatype:
# - {name: H, datatype: float64}
# - {name: H+, datatype: float64}
# - {name: C+, datatype: float64}
# - {name: C+2, datatype: float64}
# - {name: C+3, datatype: float64}
# - {name: N+, datatype: float64}
# - {name: N+2, datatype: float64}
# - {name: N+4, datatype: float64}
# - {name: O, datatype: float64}
# - {name: O+2, datatype: float64}
# - {name: O+5, datatype: float64}
# - {name: O+6, datatype: float64}
# - {name: P+, datatype: float64}
# - {name: Si+, datatype: float64}
# - {name: Si+2, datatype: float64}
# - {name: Si+3, datatype: float64}
# - {name: Si+4, datatype: float64}
# - {name: log_nH, datatype: float64}
# - {name: log_Te, datatype: float64}
# - {name: parameters, datatype: string, subtype: 'float64[1]'}
# schema: astropy-2.0
H H+ C+ C+2 C+3 N+ N+2 N+4 O O+2 O+5 O+6 P+ Si+ Si+2 Si+3 Si+4 log_nH log_Te parameters
[from data line 111]
9549910000000000.0 1.46713e+18 8882780000000.0 29755900000000.0 969420000000.0 2924680000000.0 6735820000000.0 7659210000.0 186388000000.0 44267500000000.0 939542000.0 15074500.0 18405000000.0 664876000000.0 3417910000000.0 591605000000.0 108562000000.0 -2.78 4.171 [-2.78]
9549910000000000.0 1.39496e+18 8779170000000.0 28048900000000.0 852415000000.0 2952330000000.0 6261850000000.0 6465450000.0 197816000000.0 41018900000000.0 735702000.0 0.0 17950700000.0 665718000000.0 3250270000000.0 539715000000.0 93674200000.0 -2.76 4.168 [-2.76]
9549910000000000.0 1.3264e+18 8672940000000.0 26426600000000.0 748660000000.0 2976210000000.0 5810850000000.0 5451030000.0 209540000000.0 37929300000000.0 574656000.0 0.0 17496800000.0 666434000000.0 3088500000000.0 491750000000.0 80777100000.0 -2.74 4.165 [-2.74]
9549910000000000.0 1.26129e+18 8564190000000.0 24885800000000.0 656789000000.0 2996050000000.0 5382500000000.0 4589980000.0 221524000000.0 34998800000000.0 447758000.0 0.0 17044100000.0 666994000000.0 2932570000000.0 447478000000.0 69613200000.0 -2.72 4.162 [-2.72]
9549910000000000.0 1.19946e+18 8453060000000.0 23423500000000.0 575557000000.0 3011580000000.0 4976500000000.0 3860010000.0 233728000000.0 32227000000000.0 348038000.0 0.0 16593600000.0 667362000000.0 2782450000000.0 406680000000.0 59957600000.0 -2.7 4.159 [-2.7]
9549910000000000.0 1.14071e+18 8339490000000.0 22035900000000.0 503807000000.0 3022540000000.0 4592270000000.0 3241710000.0 246112000000.0 29611300000000.0 269856000.0 0.0 16145400000.0 667537000000.0 2637930000000.0 369135000000.0 51609300000.0 -2.68 4.156 [-2.68]
9549910000000000.0 1.0849e+18 8223630000000.0 20720100000000.0 440524000000.0 3028720000000.0 4229480000000.0 2718710000.0 258632000000.0 27150000000000.0 208730000.0 0.0 15700600000.0 667479000000.0 2498980000000.0 334636000000.0 44397200000.0 -2.66 4.153 [-2.66]
9549920000000000.0 1.03187e+18 8105450000000.0 19472800000000.0 384767000000.0 3029920000000.0 3887550000000.0 2276800000.0 271242000000.0 24839900000000.0 161055000.0 0.0 15259200000.0 667191000000.0 2365390000000.0 302983000000.0 38169000000.0 -2.64 4.151 [-2.64]
9549920000000000.0 9.81496e+17 7985190000000.0 18291500000000.0 335716000000.0 3026050000000.0 3566140000000.0 1903970000.0 283892000000.0 22678300000000.0 123976000.0 0.0 14822400000.0 666621000000.0 2237170000000.0 273984000000.0 32795500000.0 -2.62 4.148 [-2.62]
9549920000000000.0 9.33659e+17 7863050000000.0 17173700000000.0 292626000000.0 3017050000000.0 3264820000000.0 1589920000.0 296532000000.0 20661900000000.0 95218200.0 0.0 14390700000.0 665728000000.0 2114270000000.0 247461000000.0 28163400000.0 -2.6 4.145 [-2.6]
9549920000000000.0 8.88196e+17 7738920000000.0 16115800000000.0 254803000000.0 3002840000000.0 2982830000000.0 1325650000.0 309118000000.0 18785300000000.0 72961400.0 0.0 13964300000.0 664529000000.0 1996420000000.0 223233000000.0 24170600000.0 -2.58 4.142 [-2.58]
9549920000000000.0 8.45002e+17 7613010000000.0 15115600000000.0 221649000000.0 2983450000000.0 2719660000000.0 1103640000.0 321601000000.0 17044100000000.0 55782800.0 0.0 13543700000.0 662985000000.0 1883580000000.0 201135000000.0 20731900000.0 -2.56 4.139 [-2.56]
9549920000000000.0 8.0397e+17 7485510000000.0 14170500000000.0 192625000000.0 2958970000000.0 2474740000000.0 917430000.0 333933000000.0 15433300000000.0 42558200.0 0.0 13129600000.0 661067000000.0 1775660000000.0 181012000000.0 17772700000.0 -2.54 4.137 [-2.54]
9549880000000000.0 7.64969e+17 7356390000000.0 13277700000000.0 167237000000.0 2929480000000.0 2247300000000.0 761457000.0 346071000000.0 13946900000000.0 32399600.0 0.0 12721900000.0 658777000000.0 1672440000000.0 162709000000.0 15226600000.0 -2.52 4.134 [-2.52]
9549890000000000.0 7.27921e+17 7225960000000.0 12435200000000.0 145064000000.0 2895210000000.0 2036740000000.0 631056000.0 357976000000.0 12579500000000.0 24617000.0 0.0 12321300000.0 656084000000.0 1573920000000.0 146091000000.0 13038100000.0 -2.5 4.131 [-2.5]
9549890000000000.0 6.92707e+17 7094210000000.0 11640200000000.0 125714000000.0 2856310000000.0 1842250000000.0 522185000.0 369609000000.0 11324700000000.0 18667000.0 0.0 11927900000.0 652990000000.0 1479870000000.0 131021000000.0 11157500000.0 -2.48 4.128 [-2.48]
9549890000000000.0 6.59252e+17 6961450000000.0 10890800000000.0 108852000000.0 2813100000000.0 1663160000000.0 431462000.0 380936000000.0 10176700000000.0 14129500.0 0.0 11542200000.0 649471000000.0 1390260000000.0 117377000000.0 9543090000.0 -2.46 4.126 [-2.46]
9549890000000000.0 6.27466e+17 6827770000000.0 10184800000000.0 94173800000.0 2765860000000.0 1498670000000.0 355984000.0 391925000000.0 9129100000000.0 10676600.0 0.0 11164400000.0 645512000000.0 1304960000000.0 105041000000.0 8157900000.0 -2.44 4.123 [-2.44]
9549890000000000.0 5.97254e+17 6693250000000.0 9519880000000.0 81406500000.0 2714890000000.0 1347980000000.0 293286000.0 402551000000.0 8175510000000.0 8054020.0 0.0 10794600000.0 641120000000.0 1223790000000.0 93902700000.0 6969850000.0 -2.42 4.121 [-2.42]
9549890000000000.0 5.68536e+17 6558040000000.0 8894030000000.0 70312600000.0 2660530000000.0 1210280000000.0 241288000.0 412793000000.0 7309640000000.0 6066110.0 0.0 10432900000.0 636295000000.0 1146630000000.0 83858700000.0 5951450000.0 -2.4 4.118 [-2.4]
9549890000000000.0 5.41247e+17 6422370000000.0 8305480000000.0 60684700000.0 2603170000000.0 1084800000000.0 198243000.0 422633000000.0 6525470000000.0 0.0 0.0 10079600000.0 631017000000.0 1073400000000.0 74815700000.0 5079280000.0 -2.38 4.116 [-2.38]
9549890000000000.0 5.15306e+17 6286320000000.0 7752180000000.0 52335200000.0 2543180000000.0 970726000000.0 162660000.0 432057000000.0 5816820000000.0 0.0 0.0 9734720000.0 625300000000.0 1003950000000.0 66683000000.0 4332570000.0 -2.36 4.113 [-2.36]
9549890000000000.0 4.90643e+17 6150050000000.0 7232280000000.0 45101100000.0 2480910000000.0 867263000000.0 133293000.0 441059000000.0 5177790000000.0 0.0 0.0 9398320000.0 619154000000.0 938127000000.0 59378600000.0 3693640000.0 -2.34 4.111 [-2.34]
9549890000000000.0 4.67203e+17 6013780000000.0 6744210000000.0 38840500000.0 2416800000000.0 773671000000.0 109097000.0 449633000000.0 4602880000000.0 0.0 0.0 9070620000.0 612569000000.0 875862000000.0 52827300000.0 3147430000.0 -2.32 4.108 [-2.32]
9549890000000000.0 4.44922e+17 5877630000000.0 6286240000000.0 33426700000.0 2351200000000.0 689198000000.0 89189400.0 457775000000.0 4086740000000.0 0.0 0.0 8751590000.0 605562000000.0 817006000000.0 46958800000.0 2680680000.0 -2.3 4.106 [-2.3]
9549890000000000.0 4.23735e+17 5741730000000.0 5856710000000.0 28748600000.0 2284440000000.0 613113000000.0 72833800.0 465489000000.0 3624210000000.0 0.0 0.0 8441170000.0 598151000000.0 761419000000.0 41707500000.0 2282030000.0 -2.28 4.103 [-2.28]
9549890000000000.0 4.03595e+17 5606280000000.0 5454180000000.0 24710000000.0 2216910000000.0 544740000000.0 59416500.0 472777000000.0 3210530000000.0 0.0 0.0 8139480000.0 590340000000.0 709004000000.0 37014900000.0 1941800000.0 -2.26 4.101 [-2.26]
9549890000000000.0 3.84448e+17 5471440000000.0 5077160000000.0 21226600000.0 2148940000000.0 483417000000.0 48423900.0 479649000000.0 2841160000000.0 0.0 0.0 7846480000.0 582147000000.0 659634000000.0 32826100000.0 1651600000.0 -2.24 4.099 [-2.24]
9549890000000000.0 3.6624e+17 5337290000000.0 4724180000000.0 18224000000.0 2080800000000.0 428517000000.0 39428800.0 486113000000.0 2511890000000.0 0.0 0.0 7562060000.0 573599000000.0 613167000000.0 29090800000.0 1404170000.0 -2.22 4.096 [-2.22]
9549890000000000.0 3.48928e+17 5204040000000.0 4393960000000.0 15638200000.0 2012800000000.0 379463000000.0 32077800.0 492179000000.0 2218850000000.0 0.0 0.0 7286210000.0 564709000000.0 569498000000.0 25763800000.0 1193360000.0 -2.2 4.094 [-2.2]
9549890000000000.0 3.32467e+17 5071800000000.0 4085220000000.0 13412800000.0 1945200000000.0 335706000000.0 26077200.0 497860000000.0 1958430000000.0 0.0 0.0 7018870000.0 555500000000.0 528506000000.0 22803500000.0 1013840000.0 -2.18 4.092 [-2.18]
9549890000000000.0 3.16808e+17 4940680000000.0 3796640000000.0 11498600000.0 1878210000000.0 296727000000.0 21183500.0 503170000000.0 1727270000000.0 0.0 0.0 6759840000.0 546005000000.0 490048000000.0 20171500000.0 861006000.0 -2.16 4.089 [-2.16]
9549890000000000.0 3.01918e+17 4810850000000.0 3527120000000.0 9853430000.0 1812060000000.0 262066000000.0 17197100.0 508124000000.0 1522380000000.0 0.0 0.0 6509120000.0 536237000000.0 454032000000.0 17834100000.0 730996000.0 -2.14 4.087 [-2.14]
9549890000000000.0 2.87757e+17 4682440000000.0 3275580000000.0 8440500000.0 1746940000000.0 231287000000.0 13952900.0 512736000000.0 1340980000000.0 0.0 0.0 6266620000.0 526227000000.0 420341000000.0 15760200000.0 620461000.0 -2.12 4.085 [-2.12]
9549890000000000.0 2.74291e+17 4555590000000.0 3040950000000.0 7227730000.0 1683000000000.0 203992000000.0 11315100.0 517022000000.0 1180560000000.0 0.0 0.0 6032200000.0 515999000000.0 388865000000.0 13921700000.0 526529000.0 -2.1 4.083 [-2.1]
9549890000000000.0 2.6148e+17 4430350000000.0 2822150000000.0 6187150000.0 1620380000000.0 179810000000.0 9171620.0 520998000000.0 1038810000000.0 0.0 0.0 5805660000.0 505586000000.0 359474000000.0 12292700000.0 446719000.0 -2.08 4.081 [-2.08]
9549890000000000.0 2.49295e+17 4306870000000.0 2618280000000.0 5294960000.0 1559190000000.0 158414000000.0 7431370.0 524680000000.0 913697000000.0 0.0 0.0 5586910000.0 495012000000.0 332074000000.0 10850800000.0 378953000.0 -2.06 4.078 [-2.06]
9549900000000000.0 2.37698e+17 4185190000000.0 2428320000000.0 4530100000.0 1499500000000.0 139494000000.0 6019020.0 528085000000.0 803318000000.0 0.0 0.0 5375680000.0 484310000000.0 306533000000.0 9574950000.0 321408000.0 -2.04 4.076 [-2.04]
9549900000000000.0 2.26664e+17 4065420000000.0 2251430000000.0 3874730000.0 1441400000000.0 122783000000.0 4873450.0 531227000000.0 706010000000.0 0.0 0.0 5171870000.0 473480000000.0 282783000000.0 8446740000.0 272583000.0 -2.02 4.074 [-2.02]
9549890000000000.0 2.16192e+17 3947990000000.0 2087260000000.0 3314580000.0 1385120000000.0 108062000000.0 3946350.0 534116000000.0 620453000000.0 0.0 0.0 4975860000.0 462602000000.0 260765000000.0 7451840000.0 231238000.0 -2.0 4.072 [-2.0]
9549890000000000.0 2.0621e+17 3832430000000.0 1934310000000.0 2834450000.0 1330420000000.0 95063200000.0 3194400.0 536775000000.0 545057000000.0 0.0 0.0 4786580000.0 451668000000.0 240268000000.0 6571980000.0 196119000.0 -1.98 4.07 [-1.98]
9549900000000000.0 1.96708e+17 3718990000000.0 1792090000000.0 2423530000.0 1277430000000.0 83606300000.0 2585320.0 539215000000.0 478717000000.0 0.0 0.0 4604170000.0 440710000000.0 221243000000.0 5795160000.0 166334000.0 -1.96 4.068 [-1.96]
9549900000000000.0 1.8768e+17 3607970000000.0 1660130000000.0 2072340000.0 1226260000000.0 73527000000.0 2092590.0 541446000000.0 420431000000.0 0.0 0.0 4428810000.0 429748000000.0 203659000000.0 5110530000.0 141121000.0 -1.94 4.066 [-1.94]
9549900000000000.0 1.79104e+17 3499450000000.0 1537800000000.0 1772390000.0 1176940000000.0 64665500000.0 1694150.0 543483000000.0 369258000000.0 0.0 0.0 4260340000.0 418830000000.0 187414000000.0 4507490000.0 119777000.0 -1.92 4.064 [-1.92]
9549900000000000.0 1.70924e+17 3393010000000.0 1423990000000.0 1515500000.0 1129250000000.0 56856500000.0 1371270.0 545340000000.0 324233000000.0 0.0 0.0 4097890000.0 407941000000.0 172347000000.0 3974880000.0 101656000.0 -1.9 4.062 [-1.9]
9549900000000000.0 1.63143e+17 3289020000000.0 1318430000000.0 1295990000.0 1083310000000.0 49991300000.0 1110090.0 547027000000.0 284698000000.0 0.0 0.0 3941730000.0 397123000000.0 158436000000.0 3505590000.0 86307600.0 -1.88 4.06 [-1.88]
9549900000000000.0 1.55739e+17 3187450000000.0 1220540000000.0 1108410000.0 1039090000000.0 43956300000.0 898796.0 548554000000.0 249988000000.0 0.0 0.0 3791640000.0 386397000000.0 145595000000.0 3092100000.0 73302300.0 -1.86 4.058 [-1.86]
9549900000000000.0 1.48691e+17 3088310000000.0 1129790000000.0 948120000.0 996557000000.0 38652000000.0 727861.0 549933000000.0 219519000000.0 0.0 0.0 3647400000.0 375783000000.0 133746000000.0 2727790000.0 62280300.0 -1.84 4.056 [-1.84]
9549900000000000.0 1.41955e+17 2991240000000.0 1045340000000.0 810788000.0 955500000000.0 33978800000.0 589279.0 551173000000.0 192711000000.0 0.0 0.0 3508260000.0 365258000000.0 122775000000.0 2405950000.0 52913100.0 -1.82 4.054 [-1.82]
9549900000000000.0 1.35567e+17 2897000000000.0 967412000000.0 693792000.0 916220000000.0 29884200000.0 477436.0 552282000000.0 169248000000.0 0.0 0.0 3375140000.0 354918000000.0 112706000000.0 2123290000.0 44995600.0 -1.8 4.052 [-1.8]
9549900000000000.0 1.29488e+17 2805290000000.0 895269000000.0 593864000.0 878536000000.0 26288600000.0 386964.0 553267000000.0 148668000000.0 0.0 0.0 3247400000.0 344737000000.0 103446000000.0 1874400000.0 38286600.0 -1.78 4.05 [-1.78]
9549900000000000.0 1.23701e+17 2716070000000.0 828486000000.0 508493000.0 842391000000.0 23130700000.0 313758.0 554139000000.0 130614000000.0 0.0 0.0 3124820000.0 334730000000.0 94928300000.0 1655210000.0 32598000.0 -1.76 4.048 [-1.76]
9549900000000000.0 1.18187e+17 2629230000000.0 766618000000.0 435502000.0 807702000000.0 20355300000.0 254476.0 554904000000.0 114767000000.0 0.0 0.0 3007080000.0 324900000000.0 87087300000.0 1462010000.0 27769500.0 -1.74 4.046 [-1.74]
9549900000000000.0 1.12948e+17 2545060000000.0 709488000000.0 373216000.0 774536000000.0 17921300000.0 206536.0 555567000000.0 100881000000.0 0.0 0.0 2894400000.0 315275000000.0 79910900000.0 1292090000.0 23680800.0 -1.72 4.044 [-1.72]
9549900000000000.0 1.07945e+17 2463100000000.0 656506000000.0 319889000.0 742674000000.0 15779200000.0 167662.0 556138000000.0 88680900000.0 0.0 0.0 2786020000.0 305845000000.0 73283500000.0 1142100000.0 20200700.0 -1.7 4.043 [-1.7]
9549900000000000.0 1.03198e+17 2383860000000.0 607666000000.0 274408000.0 712276000000.0 13902000000.0 136227.0 556619000000.0 77996800000.0 0.0 0.0 2682490000.0 296643000000.0 67237600000.0 1010270000.0 17254800.0 -1.68 4.041 [-1.68]
9549900000000000.0 9.86656e+16 2306830000000.0 562407000000.0 235459000.0 683108000000.0 12250000000.0 0.0 557018000000.0 68609600000.0 0.0 0.0 2583000000.0 287650000000.0 61666000000.0 893889000.0 14746300.0 -1.66 4.039 [-1.66]
9549900000000000.0 9.43506e+16 2232210000000.0 520577000000.0 202155000.0 655206000000.0 10798700000.0 0.0 557339000000.0 60372500000.0 0.0 0.0 2487690000.0 278879000000.0 56560400000.0 791327000.0 12614600.0 -1.64 4.037 [-1.64]
9549910000000000.0 9.02071e+16 2159340000000.0 481603000000.0 173509000.0 628291000000.0 9516780000.0 0.0 557585000000.0 53105800000.0 0.0 0.0 2395610000.0 270261000000.0 51845000000.0 700412000.0 10792200.0 -1.62 4.035 [-1.62]
9549910000000000.0 8.63256e+16 2089970000000.0 446181000000.0 149281000.0 602980000000.0 8402030000.0 0.0 557766000000.0 46794900000.0 0.0 0.0 2308860000.0 262021000000.0 47590100000.0 621139000.0 9258280.0 -1.6 4.034 [-1.6]
9549900000000000.0 8.25961e+16 2022280000000.0 413163000000.0 128407000.0 578566000000.0 7416220000.0 0.0 557880000000.0 41221400000.0 0.0 0.0 2225060000.0 253938000000.0 43660700000.0 550775000.0 7944000.0 -1.58 4.032 [-1.58]
9549900000000000.0 7.90424e+16 1956810000000.0 382651000000.0 110527000.0 555219000000.0 6549080000.0 0.0 557933000000.0 36325800000.0 0.0 0.0 2144790000.0 246087000000.0 40060400000.0 488666000.0 6823600.0 -1.56 4.03 [-1.56]
9549910000000000.0 7.56567e+16 1893540000000.0 354463000000.0 95207500.0 532902000000.0 5786220000.0 0.0 557929000000.0 32025200000.0 0.0 0.0 2067930000.0 238470000000.0 36764300000.0 433834000.0 5867980.0 -1.54 4.028 [-1.54]
9549900000000000.0 7.24296e+16 1832400000000.0 328416000000.0 82072000.0 511563000000.0 5114730000.0 0.0 557869000000.0 28245500000.0 0.0 0.0 1994320000.0 231083000000.0 33744600000.0 385393000.0 5051920.0 -1.52 4.027 [-1.52]
