Cloudy_runs/pks0405/z=0.167125/component_IV_PI_nH/component_IV_PI_nH_col_density_param.txt
# %ECSV 1.0
# ---
# datatype:
# - {name: H, datatype: float64}
# - {name: H+, datatype: float64}
# - {name: C+, datatype: float64}
# - {name: C+2, datatype: float64}
# - {name: C+3, datatype: float64}
# - {name: N+, datatype: float64}
# - {name: N+2, datatype: float64}
# - {name: N+4, datatype: float64}
# - {name: O, datatype: float64}
# - {name: O+2, datatype: float64}
# - {name: O+5, datatype: float64}
# - {name: O+6, datatype: float64}
# - {name: P+, datatype: float64}
# - {name: Si+, datatype: float64}
# - {name: Si+2, datatype: float64}
# - {name: Si+3, datatype: float64}
# - {name: Si+4, datatype: float64}
# - {name: log_nH, datatype: float64}
# - {name: log_Te, datatype: float64}
# - {name: parameters, datatype: string, subtype: 'float64[1]'}
# schema: astropy-2.0
H H+ C+ C+2 C+3 N+ N+2 N+4 O O+2 O+5 O+6 P+ Si+ Si+2 Si+3 Si+4 log_nH log_Te parameters
[from data line 251]
9549920000000000.0 4721310000000000.0 285971000000.0 2797380000.0 0.0 36982800000.0 2119770.0 0.0 500871000000.0 9768630.0 0.0 0.0 365318000.0 45654100000.0 191510000.0 427537.0 0.0 0.02 3.915 [0.02]
9549920000000000.0 4585940000000000.0 281392000000.0 2658870000.0 0.0 35839600000.0 1945630.0 0.0 500208000000.0 8983120.0 0.0 0.0 361887000.0 45223900000.0 181752000.0 401291.0 0.0 0.04 3.914 [0.04]
9549920000000000.0 4454480000000000.0 276898000000.0 2527120000.0 0.0 34727400000.0 1785850.0 0.0 499553000000.0 8262720.0 0.0 0.0 358554000.0 44805700000.0 172484000.0 376791.0 0.0 0.06 3.912 [0.06]
9549920000000000.0 4327310000000000.0 272503000000.0 2402160000.0 0.0 33649300000.0 1639510.0 0.0 498909000000.0 7602880.0 0.0 0.0 355330000.0 44400900000.0 163724000.0 353933.0 0.0 0.08 3.91 [0.08]
9549920000000000.0 4203380000000000.0 268176000000.0 2283010000.0 0.0 32595800000.0 1504840.0 0.0 498272000000.0 6996800.0 0.0 0.0 352186000.0 44006100000.0 155315000.0 332564.0 0.0 0.1 3.909 [0.1]
9549920000000000.0 4083760000000000.0 263953000000.0 2170210000.0 0.0 31576500000.0 1381590.0 0.0 497647000000.0 6442020.0 0.0 0.0 349151000.0 43624800000.0 147371000.0 312626.0 0.0 0.12 3.907 [0.12]
9549920000000000.0 3968270000000000.0 259830000000.0 2063380000.0 0.0 30590000000.0 1268750.0 0.0 497034000000.0 5933920.0 0.0 0.0 346221000.0 43256500000.0 139860000.0 294012.0 0.0 0.14 3.905 [0.14]
9549920000000000.0 3855330000000000.0 255755000000.0 1961220000.0 0.0 29623400000.0 1164700.0 0.0 496427000000.0 5466050.0 0.0 0.0 343355000.0 42896000000.0 132629000.0 276572.0 0.0 0.16 3.903 [0.16]
9549920000000000.0 3746310000000000.0 251775000000.0 1864480000.0 0.0 28688400000.0 1069450.0 0.0 495832000000.0 5037360.0 0.0 0.0 340587000.0 42547800000.0 125795000.0 260279.0 0.0 0.18 3.901 [0.18]
9549920000000000.0 3640530000000000.0 247870000000.0 1772510000.0 0.0 27779100000.0 981965.0 0.0 495246000000.0 4643650.0 0.0 0.0 337901000.0 42209700000.0 119284000.0 245031.0 0.0 0.2 3.899 [0.2]
9549920000000000.0 3537900000000000.0 244037000000.0 1685080000.0 0.0 26895000000.0 901625.0 0.0 494670000000.0 4281970.0 0.0 0.0 335295000.0 41881400000.0 113080000.0 230757.0 0.0 0.22 3.897 [0.22]
9549920000000000.0 3438270000000000.0 240273000000.0 1601940000.0 0.0 26034800000.0 827802.0 0.0 494104000000.0 3949570.0 0.0 0.0 332764000.0 41562500000.0 107159000.0 217387.0 0.0 0.24 3.895 [0.24]
9549920000000000.0 3341620000000000.0 236579000000.0 1522920000.0 0.0 25198800000.0 760014.0 0.0 493547000000.0 3644060.0 0.0 0.0 330309000.0 41252900000.0 101523000.0 204861.0 0.0 0.26 3.893 [0.26]
9549920000000000.0 3247840000000000.0 232952000000.0 1447790000.0 0.0 24385600000.0 697721.0 0.0 493000000000.0 3363200.0 0.0 0.0 327925000.0 40952300000.0 96141400.0 193122.0 0.0 0.28 3.891 [0.28]
9549920000000000.0 3156700000000000.0 229386000000.0 1376300000.0 0.0 23593600000.0 640446.0 0.0 492462000000.0 3104770.0 0.0 0.0 325609000.0 40660000000.0 90999600.0 182113.0 0.0 0.3 3.889 [0.3]
9549920000000000.0 3068140000000000.0 225880000000.0 1308280000.0 0.0 22822200000.0 587772.0 0.0 491932000000.0 2866950.0 0.0 0.0 323358000.0 40375600000.0 86080100.0 171785.0 0.0 0.32 3.887 [0.32]
9549920000000000.0 2982090000000000.0 222433000000.0 1243570000.0 0.0 22070800000.0 539334.0 0.0 491412000000.0 2648050.0 0.0 0.0 321170000.0 40099100000.0 81374900.0 162092.0 0.0 0.34 3.884 [0.34]
9549920000000000.0 2898450000000000.0 219043000000.0 1182000000.0 0.0 21338500000.0 494775.0 0.0 490901000000.0 2446500.0 0.0 0.0 319043000.0 39830100000.0 76868200.0 152993.0 0.0 0.36 3.882 [0.36]
9549920000000000.0 2817390000000000.0 215718000000.0 1123540000.0 0.0 20626500000.0 453841.0 0.0 490400000000.0 2261110.0 0.0 0.0 316981000.0 39569300000.0 72565200.0 144454.0 0.0 0.38 3.879 [0.38]
9549920000000000.0 2738290000000000.0 212437000000.0 1067780000.0 0.0 19929900000.0 416107.0 0.0 489906000000.0 2090090.0 0.0 0.0 314968000.0 39314400000.0 68423200.0 136426.0 0.0 0.4 3.877 [0.4]
9549920000000000.0 2661320000000000.0 209207000000.0 1014710000.0 0.0 19249700000.0 381369.0 0.0 489421000000.0 1932480.0 0.0 0.0 313010000.0 39066200000.0 64445600.0 128882.0 0.0 0.42 3.874 [0.42]
9549920000000000.0 2586420000000000.0 206028000000.0 964212000.0 0.0 18585400000.0 349386.0 0.0 488944000000.0 1787210.0 0.0 0.0 311103000.0 38824400000.0 60624900.0 121789.0 0.0 0.44 3.871 [0.44]
9549920000000000.0 2512990000000000.0 202875000000.0 915918000.0 0.0 17932400000.0 319842.0 0.0 488472000000.0 1652890.0 0.0 0.0 309234000.0 38586900000.0 56929400.0 115111.0 0.0 0.46 3.868 [0.46]
9549920000000000.0 2442120000000000.0 199801000000.0 870266000.0 0.0 17297900000.0 292733.0 0.0 488012000000.0 1529530.0 0.0 0.0 307429000.0 38357600000.0 53393800.0 108841.0 0.0 0.48 3.865 [0.48]
9549920000000000.0 2373030000000000.0 196775000000.0 826818000.0 0.0 16675900000.0 267737.0 0.0 487560000000.0 1415730.0 0.0 0.0 305669000.0 38133800000.0 49977900.0 102941.0 0.0 0.5 3.861 [0.5]
9549920000000000.0 2305440000000000.0 193783000000.0 785369000.0 0.0 16064200000.0 244659.0 0.0 487114000000.0 1310590.0 0.0 0.0 303947000.0 37914400000.0 46671900.0 97384.5 0.0 0.52 3.857 [0.52]
9549920000000000.0 2239120000000000.0 190820000000.0 745785000.0 0.0 15460300000.0 223315.0 0.0 486673000000.0 1213360.0 0.0 0.0 302257000.0 37698700000.0 43457200.0 92148.5 0.0 0.54 3.854 [0.54]
9549920000000000.0 2174670000000000.0 187917000000.0 708257000.0 0.0 14867900000.0 203654.0 0.0 486241000000.0 1123820.0 0.0 0.0 300614000.0 37488800000.0 40348600.0 87223.0 0.0 0.56 3.849 [0.56]
9549920000000000.0 2111370000000000.0 185051000000.0 672485000.0 0.0 14278600000.0 185407.0 0.0 485815000000.0 1041130.0 0.0 0.0 299000000.0 37282200000.0 37283800.0 82583.3 0.0 0.58 3.845 [0.58]
9549920000000000.0 2049710000000000.0 182234000000.0 638532000.0 0.0 13700300000.0 168626.0 0.0 485397000000.0 964826.0 0.0 0.0 297427000.0 37080500000.0 34347300.0 78213.2 0.0 0.6 3.84 [0.6]
9549930000000000.0 1988700000000000.0 179449000000.0 606128000.0 0.0 13116100000.0 152933.0 0.0 484982000000.0 894323.0 0.0 0.0 295869000.0 36880300000.0 31390900.0 74095.4 0.0 0.62 3.834 [0.62]
9549920000000000.0 1927950000000000.0 176683000000.0 575129000.0 0.0 12521400000.0 138214.0 0.0 484569000000.0 829054.0 0.0 0.0 294318000.0 36680000000.0 28407500.0 70212.1 0.0 0.64 3.827 [0.64]
9549930000000000.0 1868450000000000.0 173977000000.0 545816000.0 0.0 11926900000.0 124591.0 0.0 484163000000.0 768955.0 0.0 0.0 292798000.0 36483200000.0 25498100.0 66557.3 0.0 0.66 3.82 [0.66]
9549920000000000.0 1808770000000000.0 171306000000.0 517892000.0 0.0 11308200000.0 111681.0 0.0 483757000000.0 713480.0 0.0 0.0 291271000.0 36284400000.0 22502400.0 63116.0 0.0 0.68 3.811 [0.68]
9549940000000000.0 1747710000000000.0 168650000000.0 491195000.0 0.0 10644200000.0 99248.3 0.0 483347000000.0 662180.0 0.0 0.0 289709000.0 36079300000.0 19345300.0 59875.5 0.0 0.7 3.799 [0.7]
9549920000000000.0 1240860000000000.0 156162000000.0 371188000.0 0.0 2856140000.0 24353.6 0.0 481659000000.0 593938.0 0.0 0.0 276687000.0 33963900000.0 59122.1 57114.2 0.0 0.72 3.423 [0.72]
9549920000000000.0 1192090000000000.0 152882000000.0 349133000.0 0.0 2622280000.0 21410.0 0.0 481344000000.0 547319.0 0.0 0.0 275439000.0 33768700000.0 49264.9 54171.7 0.0 0.74 3.405 [0.74]
9549920000000000.0 1147430000000000.0 149732000000.0 329055000.0 0.0 2425560000.0 18963.4 0.0 481042000000.0 504626.0 0.0 0.0 274296000.0 33589400000.0 43069.0 51395.0 0.0 0.76 3.388 [0.76]
9549920000000000.0 1105620000000000.0 146653000000.0 310441000.0 0.0 2254360000.0 16878.5 0.0 480749000000.0 465287.0 0.0 0.0 273224000.0 33420400000.0 38775.1 48768.6 0.0 0.78 3.373 [0.78]
9549920000000000.0 1066470000000000.0 143662000000.0 293211000.0 0.0 2103050000.0 15081.4 0.0 480468000000.0 429178.0 0.0 0.0 272220000.0 33261300000.0 35565.7 46287.4 0.0 0.8 3.359 [0.8]
9549930000000000.0 1029320000000000.0 140723000000.0 277091000.0 0.0 1967020000.0 13513.6 0.0 480195000000.0 395880.0 0.0 0.0 271265000.0 33109000000.0 33012.6 43939.2 0.0 0.82 3.345 [0.82]
9549920000000000.0 993891000000000.0 137828000000.0 261949000.0 0.0 1843590000.0 12136.4 0.0 479930000000.0 365140.0 0.0 0.0 270355000.0 32962200000.0 30888.9 41715.3 0.0 0.84 3.332 [0.84]
9549920000000000.0 959990000000000.0 134971000000.0 247702000.0 0.0 1730860000.0 10920.8 0.0 479673000000.0 336754.0 0.0 0.0 269482000.0 32820200000.0 29055.9 39608.8 0.0 0.86 3.319 [0.86]
9549930000000000.0 927551000000000.0 132156000000.0 234289000.0 0.0 1627400000.0 9843.76 0.0 479423000000.0 310556.0 0.0 0.0 268646000.0 32682800000.0 27432.4 37613.3 0.0 0.88 3.306 [0.88]
9549930000000000.0 896462000000000.0 129379000000.0 221647000.0 0.0 1532050000.0 8886.46 0.0 479181000000.0 286374.0 0.0 0.0 267844000.0 32549400000.0 25964.9 35722.4 0.0 0.9 3.294 [0.9]
9549920000000000.0 866627000000000.0 126639000000.0 209713000.0 0.0 1443830000.0 8033.0 0.0 478945000000.0 264050.0 0.0 0.0 267074000.0 32419700000.0 24618.8 33930.1 0.0 0.92 3.282 [0.92]
9549920000000000.0 837666000000000.0 123907000000.0 198361000.0 0.0 1361630000.0 7268.65 0.0 478714000000.0 243348.0 0.0 0.0 266325000.0 32291600000.0 23368.7 32228.5 0.0 0.94 3.27 [0.94]
9549930000000000.0 810114000000000.0 121239000000.0 187718000.0 0.0 1285510000.0 6586.04 0.0 478493000000.0 224328.0 0.0 0.0 265612000.0 32168300000.0 22202.5 30617.4 0.0 0.96 3.258 [0.96]
9549930000000000.0 783691000000000.0 118616000000.0 177671000.0 0.0 1214570000.0 5973.88 0.0 478279000000.0 206793.0 0.0 0.0 264928000.0 32048500000.0 21107.6 29089.9 0.0 0.98 3.246 [0.98]
9549930000000000.0 758126000000000.0 116014000000.0 168136000.0 0.0 1148190000.0 5423.39 0.0 478069000000.0 190570.0 0.0 0.0 264264000.0 31930400000.0 20075.0 27639.9 0.0 1.0 3.234 [1.0]
