Cloudy_runs/1es1553/component_II_PI_nH/component_II_PI_nH_col_density_param.txt
# %ECSV 1.0
# ---
# datatype:
# - {name: H, datatype: float64}
# - {name: H+, datatype: float64}
# - {name: C+, datatype: float64}
# - {name: C+2, datatype: float64}
# - {name: C+3, datatype: float64}
# - {name: N+2, datatype: float64}
# - {name: N+4, datatype: float64}
# - {name: O, datatype: float64}
# - {name: O+2, datatype: float64}
# - {name: O+5, datatype: float64}
# - {name: O+6, datatype: float64}
# - {name: Si+, datatype: float64}
# - {name: Si+2, datatype: float64}
# - {name: Si+3, datatype: float64}
# - {name: Si+4, datatype: float64}
# - {name: log_nH, datatype: float64}
# - {name: log_Te, datatype: float64}
# - {name: parameters, datatype: string, subtype: 'float64[1]'}
# schema: astropy-2.0
H H+ C+ C+2 C+3 N+2 N+4 O O+2 O+5 O+6 Si+ Si+2 Si+3 Si+4 log_nH log_Te parameters
[from data line 142]
74131000000000.0 2574310000000000.0 38794000000.0 32116100000.0 106949000.0 2655160000.0 208622.0 3857670000.0 15272400000.0 0.0 0.0 4281120000.0 4108770000.0 180668000.0 8014050.0 -2.16 4.094 [-2.16]
74131000000000.0 2453370000000000.0 37804400000.0 29864600000.0 91753600.0 2348910000.0 169609.0 3898840000.0 13483600000.0 0.0 0.0 4208790000.0 3811210000.0 159892000.0 6808370.0 -2.14 4.092 [-2.14]
74131000000000.0 2338340000000000.0 36824100000.0 27760500000.0 78683000.0 2076280000.0 137802.0 3937280000.0 11896100000.0 0.0 0.0 4134360000.0 3532390000.0 141430000.0 5782330.0 -2.12 4.089 [-2.12]
74131000000000.0 2228930000000000.0 35853900000.0 25795200000.0 67447500.0 1833930000.0 111893.0 3973120000.0 10489000000.0 0.0 0.0 4058030000.0 3271440000.0 125037000.0 4909590.0 -2.1 4.087 [-2.1]
74131000000000.0 2124840000000000.0 34894800000.0 23960700000.0 57795200.0 1618780000.0 90808.0 4006460000.0 9243180000.0 0.0 0.0 3980000000.0 3027480000.0 110496000.0 4167600.0 -2.08 4.085 [-2.08]
74131000000000.0 2025830000000000.0 33947600000.0 22249100000.0 49508100.0 1428000000.0 73661.8 4037430000.0 8141230000.0 0.0 0.0 3900480000.0 2799670000.0 97606400.0 3537050.0 -2.06 4.083 [-2.06]
74131000000000.0 1931630000000000.0 33013300000.0 20653200000.0 42396800.0 1259040000.0 59729.0 4066150000.0 7167430000.0 0.0 0.0 3819700000.0 2587180000.0 86190500.0 3001430.0 -2.04 4.081 [-2.04]
74131000000000.0 1841510000000000.0 32087100000.0 19157600000.0 36273200.0 1108970000.0 48377.7 4092780000.0 6304420000.0 0.0 0.0 3737410000.0 2388030000.0 76043800.0 2544840.0 -2.02 4.079 [-2.02]
74131000000000.0 1756750000000000.0 31185800000.0 17780500000.0 31069000.0 977389000.0 39232.7 4117270000.0 5549040000.0 0.0 0.0 3655150000.0 2204940000.0 67150000.0 2160600.0 -2.0 4.076 [-2.0]
74131000000000.0 1675620000000000.0 30294100000.0 16490600000.0 26588500.0 860673000.0 31784.6 4139900000.0 4880230000.0 0.0 0.0 3571820000.0 2033580000.0 59250000.0 1833000.0 -1.98 4.074 [-1.98]
74131000000000.0 1597940000000000.0 29412200000.0 15283000000.0 22733900.0 757242000.0 25724.3 4160780000.0 4288550000.0 0.0 0.0 3487560000.0 1873410000.0 52238600.0 1553900.0 -1.96 4.072 [-1.96]
74131000000000.0 1524490000000000.0 28551900000.0 14167100000.0 19450100.0 666451000.0 20834.1 4179910000.0 3769890000.0 0.0 0.0 3403550000.0 1725810000.0 46079200.0 1318390.0 -1.94 4.07 [-1.94]
74131000000000.0 1455060000000000.0 27714100000.0 13136700000.0 16652700.0 586795000.0 16887.8 4197390000.0 3315410000.0 0.0 0.0 3320070000.0 1589950000.0 40669800.0 1119630.0 -1.92 4.068 [-1.92]
74131000000000.0 1388070000000000.0 26881600000.0 12165900000.0 14234400.0 515957000.0 13664.0 4213470000.0 2911850000.0 0.0 0.0 3235630000.0 1462290000.0 35846900.0 949410.0 -1.9 4.066 [-1.9]
74131000000000.0 1324770000000000.0 26072400000.0 11270800000.0 12177300.0 453914000.0 11066.2 4228090000.0 2558760000.0 0.0 0.0 3152080000.0 1345100000.0 31617700.0 805939.0 -1.88 4.064 [-1.88]
74131000000000.0 1264550000000000.0 25281400000.0 10440100000.0 10418400.0 399331000.0 8963.49 4241390000.0 2248450000.0 0.0 0.0 3069010000.0 1236890000.0 27890100.0 684389.0 -1.86 4.062 [-1.86]
74131000000000.0 1207240000000000.0 24508300000.0 9669260000.0 8914360.0 351311000.0 7261.27 4253450000.0 1975740000.0 0.0 0.0 2986620000.0 1136930000.0 24604300.0 581360.0 -1.84 4.06 [-1.84]
74131000000000.0 1152670000000000.0 23753300000.0 8954200000.0 7628400.0 309079000.0 5883.37 4264350000.0 1736150000.0 0.0 0.0 2905050000.0 1044680000.0 21708600.0 494027.0 -1.82 4.058 [-1.82]
74131000000000.0 1100730000000000.0 23016800000.0 8291160000.0 6529060.0 271947000.0 4768.03 4274160000.0 1525700000.0 0.0 0.0 2824440000.0 959608000.0 19157100.0 419996.0 -1.8 4.056 [-1.8]
74131000000000.0 1051280000000000.0 22298700000.0 7676560000.0 5589300.0 239304000.0 3865.16 4282960000.0 1340880000.0 0.0 0.0 2744920000.0 881213000.0 16909100.0 357231.0 -1.78 4.054 [-1.78]
74131000000000.0 1004550000000000.0 21604400000.0 7111180000.0 4790080.0 210750000.0 3137.23 4290780000.0 1179340000.0 0.0 0.0 2667170000.0 809562000.0 14938800.0 304279.0 -1.76 4.053 [-1.76]
74131000000000.0 959725000000000.0 20923600000.0 6583490000.0 4102940.0 185521000.0 2544.95 4297740000.0 1036770000.0 0.0 0.0 2590170000.0 743103000.0 13193200.0 259108.0 -1.74 4.051 [-1.74]
74131000000000.0 917040000000000.0 20261200000.0 6094820000.0 3515530.0 163349000.0 2065.3 4303850000.0 911592000.0 0.0 0.0 2514550000.0 681979000.0 11655400.0 220786.0 -1.72 4.049 [-1.72]
74131000000000.0 876394000000000.0 19617400000.0 5642410000.0 3013330.0 143864000.0 1676.77 4309180000.0 801687000.0 0.0 0.0 2440420000.0 625797000.0 10300400.0 188263.0 -1.7 4.047 [-1.7]
74131000000000.0 837685000000000.0 18992000000.0 5223690000.0 2583920.0 126739000.0 1361.98 4313770000.0 705191000.0 0.0 0.0 2367830000.0 574183000.0 9106570.0 160652.0 -1.68 4.045 [-1.68]
74131000000000.0 800423000000000.0 18378300000.0 4832170000.0 2214010.0 111584000.0 1105.35 4317660000.0 619892000.0 0.0 0.0 2296080000.0 526283000.0 8046810.0 137032.0 -1.66 4.043 [-1.66]
74131000000000.0 765442000000000.0 17791400000.0 4475160000.0 1900980.0 98393600.0 899.151 4320910000.0 545717000.0 0.0 0.0 2227000000.0 482956000.0 7122400.0 117170.0 -1.64 4.042 [-1.64]
74131000000000.0 732262000000000.0 17224800000.0 4146260000.0 1633840.0 86826100.0 0.0 4323560000.0 480730000.0 0.0 0.0 2159890000.0 443390000.0 6309560.0 100329.0 -1.62 4.04 [-1.62]
74131000000000.0 700402000000000.0 16671400000.0 3839660000.0 1403850.0 76598900.0 0.0 4325620000.0 423344000.0 0.0 0.0 2093990000.0 406794000.0 5588630.0 85915.0 -1.6 4.038 [-1.6]
74131000000000.0 669798000000000.0 16130900000.0 3553880000.0 1205860.0 67557100.0 0.0 4327130000.0 372677000.0 0.0 0.0 2029320000.0 372958000.0 4949220.0 73576.4 -1.58 4.036 [-1.58]
74131000000000.0 641130000000000.0 15616600000.0 3294060000.0 1038330.0 59691900.0 0.0 4328160000.0 328644000.0 0.0 0.0 1967460000.0 342496000.0 4391590.0 63192.5 -1.56 4.034 [-1.56]
74131000000000.0 613574000000000.0 15114700000.0 3051770000.0 893866.0 52729700.0 0.0 4328690000.0 289722000.0 0.0 0.0 1906860000.0 314322000.0 3896320.0 54282.0 -1.54 4.033 [-1.54]
74131000000000.0 587315000000000.0 14629300000.0 2827810000.0 770044.0 46601800.0 0.0 4328770000.0 255510000.0 0.0 0.0 1848030000.0 288513000.0 3459000.0 46680.2 -1.52 4.031 [-1.52]
74131000000000.0 562056000000000.0 14155700000.0 2618930000.0 663210.0 41174900.0 0.0 4328390000.0 225259000.0 0.0 0.0 1790460000.0 264646000.0 3070370.0 40149.1 -1.5 4.029 [-1.5]
74131000000000.0 538207000000000.0 13702400000.0 2427680000.0 572189.0 36425900.0 0.0 4327630000.0 198822000.0 0.0 0.0 1735170000.0 243010000.0 2729200.0 34606.9 -1.48 4.028 [-1.48]
74131000000000.0 515473000000000.0 13264600000.0 2250930000.0 494056.0 32241600.0 0.0 4326480000.0 175565000.0 0.0 0.0 1681640000.0 223196000.0 2427560.0 29866.1 -1.46 4.026 [-1.46]
74131000000000.0 494020000000000.0 12846300000.0 2089170000.0 427393.0 28576900.0 0.0 4325000000.0 155224000.0 0.0 0.0 1630350000.0 205247000.0 2162450.0 25834.5 -1.44 4.024 [-1.44]
74131000000000.0 473138000000000.0 12434100000.0 1936590000.0 369276.0 25301800.0 0.0 4323100000.0 137085000.0 0.0 0.0 1579730000.0 188449000.0 1924610.0 22328.9 -1.42 4.023 [-1.42]
74131000000000.0 453433000000000.0 12040600000.0 1797030000.0 319679.0 22433000.0 0.0 4320910000.0 121221000.0 0.0 0.0 1531320000.0 173241000.0 1715520.0 19344.5 -1.4 4.021 [-1.4]
74131000000000.0 434642000000000.0 11661000000.0 1668020000.0 276997.0 19901200.0 0.0 4318400000.0 107247000.0 0.0 0.0 1484550000.0 159317000.0 1530270.0 16781.4 -1.38 4.019 [-1.38]
74131000000000.0 416718000000000.0 11295100000.0 1548760000.0 240241.0 17665700.0 0.0 4315600000.0 94932100.0 0.0 0.0 1439400000.0 146566000.0 1366050.0 14577.7 -1.36 4.018 [-1.36]
74131000000000.0 399621000000000.0 10942400000.0 1438500000.0 208564.0 15690900.0 0.0 4312510000.0 84075500.0 0.0 0.0 1395830000.0 134889000.0 1220390.0 12680.8 -1.34 4.016 [-1.34]
74131000000000.0 383308000000000.0 10602400000.0 1336540000.0 181244.0 13945400.0 0.0 4309150000.0 74500400.0 0.0 0.0 1353810000.0 124193000.0 1091110.0 11046.1 -1.32 4.015 [-1.32]
74131000000000.0 367743000000000.0 10274900000.0 1242240000.0 157662.0 12401900.0 0.0 4305540000.0 66051800.0 0.0 0.0 1313300000.0 114396000.0 976293.0 9635.66 -1.3 4.013 [-1.3]
74131000000000.0 352888000000000.0 9959360000.0 1155020000.0 137291.0 11036200.0 0.0 4301680000.0 58593800.0 0.0 0.0 1274260000.0 105418000.0 874260.0 8417.28 -1.28 4.012 [-1.28]
74131000000000.0 338780000000000.0 9657000000.0 1074710000.0 119734.0 9830830.0 0.0 4297610000.0 52027100.0 0.0 0.0 1236840000.0 97228500.0 783796.0 7366.66 -1.26 4.01 [-1.26]
74131000000000.0 325243000000000.0 9364340000.0 1000030000.0 104485.0 8759620.0 0.0 4293300000.0 46205600.0 0.0 0.0 1200610000.0 89684800.0 703030.0 6453.72 -1.24 4.008 [-1.24]
74131000000000.0 312317000000000.0 9082550000.0 930893000.0 91278.2 7810220.0 0.0 4288780000.0 41059300.0 0.0 0.0 1165730000.0 82767100.0 631107.0 5662.07 -1.22 4.007 [-1.22]
74131000000000.0 299974000000000.0 8811250000.0 866891000.0 79828.3 6968290.0 0.0 4284050000.0 36507700.0 0.0 0.0 1132160000.0 76422200.0 567015.0 4974.72 -1.2 4.005 [-1.2]
74131000000000.0 288184000000000.0 8550070000.0 807621000.0 69892.4 6221200.0 0.0 4279130000.0 32480000.0 0.0 0.0 1099840000.0 70600400.0 509860.0 4377.15 -1.18 4.004 [-1.18]
74131000000000.0 276890000000000.0 8297950000.0 752570000.0 61247.0 5556800.0 0.0 4274010000.0 28908100.0 0.0 0.0 1068670000.0 65243500.0 458771.0 3856.08 -1.16 4.002 [-1.16]
74131000000000.0 266162000000000.0 8056700000.0 701856000.0 53759.3 4968660.0 0.0 4268760000.0 25755400.0 0.0 0.0 1038850000.0 60352200.0 413306.0 3403.54 -1.14 4.001 [-1.14]
74131000000000.0 255878000000000.0 7823780000.0 654708000.0 47229.0 4444810.0 0.0 4263330000.0 22955700.0 0.0 0.0 1010090000.0 55846000.0 372595.0 3007.74 -1.12 3.999 [-1.12]
74131000000000.0 246049000000000.0 7599610000.0 610997000.0 41540.0 3978850.0 0.0 4257740000.0 20473100.0 0.0 0.0 982425000.0 51705600.0 336184.0 2661.82 -1.1 3.998 [-1.1]
74131000000000.0 236652000000000.0 7383830000.0 570456000.0 36578.6 3564090.0 0.0 4252000000.0 18270300.0 0.0 0.0 955824000.0 47899400.0 303591.0 2359.05 -1.08 3.997 [-1.08]
74131000000000.0 227667000000000.0 7176160000.0 532845000.0 32247.5 3194700.0 0.0 4246130000.0 16314700.0 0.0 0.0 930249000.0 44399300.0 274396.0 2093.71 -1.06 3.995 [-1.06]
74131000000000.0 219073000000000.0 6976260000.0 497937000.0 28462.4 2865480.0 0.0 4240120000.0 14577500.0 0.0 0.0 905660000.0 41178800.0 248221.0 1860.85 -1.04 3.994 [-1.04]
74131000000000.0 210853000000000.0 6783860000.0 465528000.0 25151.1 2571890.0 0.0 4234000000.0 13033500.0 0.0 0.0 882022000.0 38214600.0 224739.0 1656.23 -1.02 3.992 [-1.02]
74131000000000.0 202988000000000.0 6598630000.0 435426000.0 22251.1 2309890.0 0.0 4227760000.0 11660400.0 0.0 0.0 859296000.0 35484700.0 203653.0 1476.16 -1.0 3.991 [-1.0]
74131000000000.0 195462000000000.0 6420320000.0 407457000.0 19708.7 2075930.0 0.0 4221410000.0 10438600.0 0.0 0.0 837451000.0 32969800.0 184705.0 1317.5 -0.98 3.989 [-0.98]
74131000000000.0 188257000000000.0 6248640000.0 381459000.0 17477.2 1866880.0 0.0 4214970000.0 9350770.0 0.0 0.0 816451000.0 30651300.0 167664.0 1177.5 -0.96 3.988 [-0.96]
74131000000000.0 181360000000000.0 6083320000.0 357282000.0 15516.4 1679960.0 0.0 4208440000.0 8381550.0 0.0 0.0 796263000.0 28512900.0 152325.0 1053.81 -0.94 3.987 [-0.94]
74131000000000.0 174755000000000.0 5924130000.0 334792000.0 13791.9 1512720.0 0.0 4201820000.0 7517610.0 0.0 0.0 776857000.0 26539900.0 138509.0 944.379 -0.92 3.985 [-0.92]
74131000000000.0 168429000000000.0 5770790000.0 313859000.0 12273.1 1362980.0 0.0 4195120000.0 6746940.0 0.0 0.0 758198000.0 24718000.0 126052.0 847.43 -0.9 3.984 [-0.9]
74131000000000.0 162368000000000.0 5623090000.0 294369000.0 10934.3 1228840.0 0.0 4188360000.0 6059120.0 0.0 0.0 740260000.0 23035200.0 114813.0 761.434 -0.88 3.982 [-0.88]
74131000000000.0 156560000000000.0 5480780000.0 276214000.0 9752.7 1108570.0 0.0 4181530000.0 5444840.0 0.0 0.0 723013000.0 21479800.0 104665.0 685.048 -0.86 3.981 [-0.86]
74131000000000.0 150994000000000.0 5343650000.0 259295000.0 8708.78 1000690.0 0.0 4174640000.0 4895920.0 0.0 0.0 706430000.0 20041500.0 95493.0 617.114 -0.84 3.98 [-0.84]
74131000000000.0 145657000000000.0 5211480000.0 243520000.0 7785.38 903851.0 0.0 4167710000.0 4405080.0 0.0 0.0 690482000.0 18710400.0 87197.2 556.612 -0.82 3.978 [-0.82]
74131000000000.0 140539000000000.0 5084070000.0 228806000.0 6967.74 816866.0 0.0 4160730000.0 3965920.0 0.0 0.0 675146000.0 17478200.0 79687.9 502.666 -0.8 3.977 [-0.8]
74131000000000.0 135611000000000.0 4960700000.0 215021000.0 6241.26 738506.0 0.0 4153690000.0 3571860.0 0.0 0.0 660332000.0 16332400.0 72870.8 454.398 -0.78 3.976 [-0.78]
74131000000000.0 130922000000000.0 4842730000.0 202255000.0 5599.69 668366.0 0.0 4146670000.0 3220550.0 0.0 0.0 646204000.0 15278600.0 66716.6 411.445 -0.76 3.974 [-0.76]
74131000000000.0 126403000000000.0 4728440000.0 190281000.0 5028.21 605085.0 0.0 4139600000.0 2904830.0 0.0 0.0 632553000.0 14297400.0 61119.5 372.908 -0.74 3.973 [-0.74]
74131000000000.0 122066000000000.0 4618160000.0 179091000.0 4519.94 548099.0 0.0 4132510000.0 2621660.0 0.0 0.0 619418000.0 13386800.0 56036.5 338.373 -0.72 3.972 [-0.72]
74131000000000.0 117902000000000.0 4511730000.0 168629000.0 4067.4 496752.0 0.0 4125400000.0 2367520.0 0.0 0.0 606779000.0 12541300.0 51416.7 307.388 -0.7 3.97 [-0.7]
74131000000000.0 113903000000000.0 4408970000.0 158842000.0 3664.01 450455.0 0.0 4118290000.0 2139290.0 0.0 0.0 594614000.0 11755800.0 47214.4 279.552 -0.68 3.969 [-0.68]
74131000000000.0 110062000000000.0 4309750000.0 149684000.0 3304.08 408688.0 0.0 4111170000.0 1934210.0 0.0 0.0 582904000.0 11025500.0 43389.0 254.518 -0.66 3.968 [-0.66]
74131000000000.0 106356000000000.0 4213490000.0 141076000.0 2981.84 370900.0 0.0 4104020000.0 1749400.0 0.0 0.0 571583000.0 10343600.0 39897.0 231.93 -0.64 3.966 [-0.64]
74131000000000.0 102810000000000.0 4120900000.0 133046000.0 2694.41 336854.0 0.0 4096920000.0 1583550.0 0.0 0.0 560730000.0 9711610.0 36720.1 211.615 -0.62 3.965 [-0.62]
74131000000000.0 99416300000000.0 4031800000.0 125551000.0 2437.69 306152.0 0.0 4089850000.0 1434590.0 0.0 0.0 550324000.0 9125310.0 33826.9 193.317 -0.6 3.964 [-0.6]
74131000000000.0 96138500000000.0 3945260000.0 118493000.0 2207.07 278320.0 0.0 4082770000.0 1300070.0 0.0 0.0 540255000.0 8576680.0 31179.1 176.748 -0.58 3.962 [-0.58]
74131000000000.0 92986300000000.0 3861570000.0 111873000.0 2000.19 253137.0 0.0 4075710000.0 1178820.0 0.0 0.0 530556000.0 8065140.0 28759.4 161.76 -0.56 3.961 [-0.56]
74131000000000.0 89954100000000.0 3780610000.0 105660000.0 1814.43 230339.0 0.0 4068680000.0 1069480.0 0.0 0.0 521210000.0 7587920.0 26546.3 148.19 -0.54 3.96 [-0.54]
74131000000000.0 87036600000000.0 3702260000.0 99827400.0 1647.46 209688.0 0.0 4061670000.0 970820.0 0.0 0.0 512204000.0 7142440.0 24520.8 135.888 -0.52 3.958 [-0.52]
74131000000000.0 84228600000000.0 3626410000.0 94348200.0 1497.23 190973.0 0.0 4054700000.0 881737.0 0.0 0.0 503523000.0 6726350.0 22665.5 124.726 -0.5 3.957 [-0.5]
74131000000000.0 81525700000000.0 3552960000.0 89199100.0 1361.92 174003.0 0.0 4047760000.0 801259.0 0.0 0.0 495154000.0 6337480.0 20964.9 114.586 -0.48 3.956 [-0.48]
74131000000000.0 78923000000000.0 3481810000.0 84357900.0 1239.94 158607.0 0.0 4040860000.0 728513.0 0.0 0.0 487084000.0 5973830.0 19404.8 105.367 -0.46 3.954 [-0.46]
74131000000000.0 76416400000000.0 3412850000.0 79804400.0 1129.86 144632.0 0.0 4034010000.0 662717.0 0.0 0.0 479302000.0 5633580.0 17972.8 96.9749 -0.44 3.953 [-0.44]
74131000000000.0 74001500000000.0 3346000000.0 75519300.0 1030.43 131940.0 0.0 4027200000.0 603174.0 0.0 0.0 471795000.0 5315010.0 16657.2 89.3289 -0.42 3.952 [-0.42]
