Cloudy_runs/1es1553/component_II_PI_nH/component_II_PI_nH_col_density_param.txt
# %ECSV 1.0
# ---
# datatype:
# - {name: H, datatype: float64}
# - {name: H+, datatype: float64}
# - {name: C+, datatype: float64}
# - {name: C+2, datatype: float64}
# - {name: C+3, datatype: float64}
# - {name: N+2, datatype: float64}
# - {name: N+4, datatype: float64}
# - {name: O, datatype: float64}
# - {name: O+2, datatype: float64}
# - {name: O+5, datatype: float64}
# - {name: O+6, datatype: float64}
# - {name: Si+, datatype: float64}
# - {name: Si+2, datatype: float64}
# - {name: Si+3, datatype: float64}
# - {name: Si+4, datatype: float64}
# - {name: log_nH, datatype: float64}
# - {name: log_Te, datatype: float64}
# - {name: parameters, datatype: string, subtype: 'float64[1]'}
# schema: astropy-2.0
H H+ C+ C+2 C+3 N+2 N+4 O O+2 O+5 O+6 Si+ Si+2 Si+3 Si+4 log_nH log_Te parameters
[from data line 69]
74131000000000.0 1.01743e+17 79185600000.0 1724390000000.0 575496000000.0 373253000000.0 34279800000.0 30531200.0 1729280000000.0 36071200000.0 3516070000.0 3551340000.0 73952200000.0 50997100000.0 147778000000.0 -3.62 4.32 [-3.62]
74131000000000.0 9.66443e+16 79673400000.0 1670140000000.0 534320000000.0 364217000000.0 30308200000.0 34146300.0 1715290000000.0 30862500000.0 2884240000.0 3675960000.0 75453500000.0 50564400000.0 137436000000.0 -3.6 4.317 [-3.6]
74131000000000.0 9.17935e+16 80101000000.0 1615820000000.0 495363000000.0 355006000000.0 26754000000.0 38170700.0 1699410000000.0 26357400000.0 2361170000.0 3795540000.0 76749300000.0 49982600000.0 127388000000.0 -3.58 4.314 [-3.58]
74131000000000.0 8.72018e+16 80471800000.0 1561910000000.0 458751000000.0 345701000000.0 23593100000.0 42630000.0 1681810000000.0 22484200000.0 1930730000.0 3908910000.0 77833300000.0 49265400000.0 117720000000.0 -3.56 4.31 [-3.56]
74131000000000.0 8.28326e+16 80786700000.0 1508260000000.0 424238000000.0 336274000000.0 20773000000.0 47583600.0 1662360000000.0 19143600000.0 1575460000.0 4016270000.0 78695500000.0 48412800000.0 108427000000.0 -3.54 4.307 [-3.54]
74131000000000.0 7.86826e+16 81048500000.0 1455110000000.0 391815000000.0 326767000000.0 18265200000.0 53074100.0 1641140000000.0 16271900000.0 1283220000.0 4117060000.0 79333000000.0 47436400000.0 99554100000.0 -3.52 4.303 [-3.52]
74131000000000.0 7.47408e+16 81259900000.0 1402580000000.0 361407000000.0 317207000000.0 16038700000.0 59152700.0 1618190000000.0 13807200000.0 1043260000.0 4211040000.0 79744600000.0 46346100000.0 91125200000.0 -3.5 4.3 [-3.5]
74131000000000.0 7.09904e+16 81422800000.0 1350680000000.0 332890000000.0 307597000000.0 14061900000.0 65883400.0 1593500000000.0 11692300000.0 846309000.0 4298280000.0 79929600000.0 45149700000.0 83146700000.0 -3.48 4.297 [-3.48]
74131000000000.0 6.74348e+16 81540700000.0 1299730000000.0 306279000000.0 298000000000.0 12315300000.0 73308900.0 1567240000000.0 9886360000.0 685451000.0 4378320000.0 79896900000.0 43865500000.0 75653300000.0 -3.46 4.293 [-3.46]
74131000000000.0 6.40574e+16 81614500000.0 1249690000000.0 281443000000.0 288416000000.0 10771600000.0 81501000.0 1539410000000.0 8344130000.0 554085000.0 4451380000.0 79649900000.0 42502700000.0 68637100000.0 -3.44 4.29 [-3.44]
74131000000000.0 6.08498e+16 81647200000.0 1200660000000.0 258301000000.0 278867000000.0 9409500000.0 90526700.0 1510080000000.0 7029590000.0 447023000.0 4517610000.0 79197900000.0 41073700000.0 62098500000.0 -3.42 4.286 [-3.42]
74131000000000.0 5.78033e+16 81640700000.0 1152690000000.0 236768000000.0 269372000000.0 8209370000.0 100458000.0 1479320000000.0 5911100000.0 359935000.0 4577230000.0 78551000000.0 39591100000.0 56031300000.0 -3.4 4.283 [-3.4]
74131000000000.0 5.49098e+16 81596800000.0 1105840000000.0 216762000000.0 259950000000.0 7153490000.0 111373000.0 1447210000000.0 4961150000.0 289232000.0 4630520000.0 77721200000.0 38067000000.0 50425300000.0 -3.38 4.279 [-3.38]
74131000000000.0 5.21616e+16 81517400000.0 1060150000000.0 198202000000.0 250617000000.0 6225870000.0 123351000.0 1413840000000.0 4155850000.0 231947000.0 4677820000.0 76721600000.0 36513300000.0 45266500000.0 -3.36 4.276 [-3.36]
74131000000000.0 4.95516e+16 81404500000.0 1015670000000.0 181009000000.0 241389000000.0 5412120000.0 136479000.0 1379310000000.0 3474500000.0 185630000.0 4719520000.0 75566500000.0 34941300000.0 40537700000.0 -3.34 4.272 [-3.34]
74131000000000.0 4.70728e+16 81259700000.0 972408000000.0 165103000000.0 232282000000.0 4699260000.0 150846000.0 1343710000000.0 2899130000.0 148258000.0 4756050000.0 74270500000.0 33361600000.0 36219200000.0 -3.32 4.269 [-3.32]
74131000000000.0 4.47186e+16 81084400000.0 930399000000.0 150410000000.0 223308000000.0 4075630000.0 166547000.0 1307150000000.0 2414210000.0 118166000.0 4787850000.0 72848600000.0 31783900000.0 32289500000.0 -3.3 4.266 [-3.3]
74131000000000.0 4.24878e+16 80881500000.0 889750000000.0 136882000000.0 214500000000.0 3531790000.0 183655000.0 1269840000000.0 2007040000.0 94027400.0 4815210000.0 71321400000.0 30221000000.0 28731400000.0 -3.28 4.262 [-3.28]
74131000000000.0 4.03643e+16 80649400000.0 850272000000.0 124392000000.0 205827000000.0 3056330000.0 202322000.0 1231680000000.0 1664570000.0 74633700.0 4838970000.0 69692700000.0 28673100000.0 25509100000.0 -3.26 4.259 [-3.26]
74131000000000.0 3.8343e+16 80389200000.0 811975000000.0 112880000000.0 197299000000.0 2641280000.0 222664000.0 1192790000000.0 1377200000.0 59091300.0 4859580000.0 67976600000.0 27147700000.0 22600100000.0 -3.24 4.255 [-3.24]
74131000000000.0 3.64278e+16 80104500000.0 775040000000.0 102325000000.0 188966000000.0 2280830000.0 244730000.0 1153470000000.0 1137460000.0 46708500.0 4877130000.0 66198300000.0 25658200000.0 19990600000.0 -3.22 4.252 [-3.22]
74131000000000.0 3.46091e+16 79795000000.0 739366000000.0 92641800000.0 180814000000.0 1967550000.0 268664000.0 1113760000000.0 937490000.0 36844200.0 4892250000.0 64365400000.0 24206200000.0 17652100000.0 -3.2 4.248 [-3.2]
74131000000000.0 3.28858e+16 79463000000.0 705027000000.0 83787400000.0 172869000000.0 1696100000.0 294540000.0 1073860000000.0 771329000.0 29016400.0 4905160000.0 62496300000.0 22799500000.0 15565200000.0 -3.18 4.245 [-3.18]
74131000000000.0 3.12454e+16 79106500000.0 671841000000.0 75668000000.0 165098000000.0 1460240000.0 322553000.0 1033690000000.0 633034000.0 22794800.0 4916600000.0 60590900000.0 21434800000.0 13700800000.0 -3.16 4.241 [-3.16]
74131000000000.0 2.96877e+16 78727300000.0 639875000000.0 68249400000.0 157524000000.0 1255960000.0 352787000.0 993464000000.0 518421000.0 17870700.0 4926760000.0 58665700000.0 20118300000.0 12042100000.0 -3.14 4.238 [-3.14]
74131000000000.0 2.82084e+16 78325500000.0 609108000000.0 61480500000.0 150151000000.0 1079240000.0 385359000.0 953283000000.0 423641000.0 13982000.0 4935930000.0 56729800000.0 18852500000.0 10569600000.0 -3.12 4.234 [-3.12]
74131000000000.0 2.68035e+16 77902500000.0 579520000000.0 55312400000.0 142981000000.0 926522000.0 420389000.0 913261000000.0 345435000.0 10917500.0 4944400000.0 54792700000.0 17638500000.0 9264910000.0 -3.1 4.231 [-3.1]
74131000000000.0 2.54694e+16 77457500000.0 551084000000.0 49700000000.0 136015000000.0 794689000.0 457993000.0 873497000000.0 281048000.0 8507690.0 4952430000.0 52861500000.0 16477700000.0 8111200000.0 -3.08 4.227 [-3.08]
74131000000000.0 2.41993e+16 76989300000.0 523707000000.0 44589800000.0 129239000000.0 680783000.0 498347000.0 833990000000.0 228066000.0 6613500.0 4960390000.0 50937700000.0 15367700000.0 7091010000.0 -3.06 4.224 [-3.06]
74131000000000.0 2.29963e+16 76501700000.0 497503000000.0 39963500000.0 122687000000.0 582870000.0 541436000.0 795038000000.0 184734000.0 5133560.0 4968110000.0 49038900000.0 14314100000.0 6193740000.0 -3.04 4.22 [-3.04]
74131000000000.0 2.18538e+16 75993000000.0 472373000000.0 35771600000.0 116341000000.0 498598000.0 587420000.0 756628000000.0 149301000.0 3977140.0 4975900000.0 47164400000.0 13313700000.0 5404280000.0 -3.02 4.217 [-3.02]
74131000000000.0 2.07688e+16 75463500000.0 448289000000.0 31978700000.0 110200000000.0 426137000.0 636390000.0 718843000000.0 120392000.0 3075410.0 4983870000.0 45319100000.0 12365800000.0 4710690000.0 -3.0 4.214 [-3.0]
74131000000000.0 1.97384e+16 74913300000.0 425223000000.0 28551700000.0 104265000000.0 363888000.0 688428000.0 681763000000.0 96860700.0 2373700.0 4992100000.0 43506700000.0 11469600000.0 4102180000.0 -2.98 4.21 [-2.98]
74131000000000.0 1.87624e+16 74344300000.0 403201000000.0 25466000000.0 98546500000.0 310561000.0 743517000.0 645547000000.0 77783500.0 1829680.0 5000470000.0 41735600000.0 10625900000.0 3569940000.0 -2.96 4.207 [-2.96]
74131000000000.0 1.78329e+16 73752800000.0 382078000000.0 22679600000.0 93015700000.0 264729000.0 801873000.0 610083000000.0 62294200.0 1407110.0 5009300000.0 39998100000.0 9829050000.0 3103240000.0 -2.94 4.204 [-2.94]
74131000000000.0 1.69503e+16 73140900000.0 361885000000.0 20172600000.0 87685100000.0 225460000.0 863451000.0 575524000000.0 49774000.0 1080230.0 5018430000.0 38301700000.0 9079840000.0 2695300000.0 -2.92 4.2 [-2.92]
74131000000000.0 1.61122e+16 72509000000.0 342597000000.0 17920800000.0 82553700000.0 191848000.0 928257000.0 541932000000.0 39679300.0 827912.0 5027790000.0 36648700000.0 8376730000.0 2339170000.0 -2.9 4.197 [-2.9]
74131000000000.0 1.53159e+16 71856200000.0 324170000000.0 15899900000.0 77616000000.0 163088000.0 996305000.0 509335000000.0 31555600.0 633412.0 5037370000.0 35038800000.0 7717690000.0 2028440000.0 -2.88 4.194 [-2.88]
74131000000000.0 1.45598e+16 71183600000.0 306590000000.0 14089900000.0 72873000000.0 138514000.0 1067540000.0 477799000000.0 25037000.0 483841.0 5047030000.0 33474600000.0 7101280000.0 1757730000.0 -2.86 4.19 [-2.86]
74131000000000.0 1.38417e+16 70491000000.0 289821000000.0 12470600000.0 68321000000.0 117529000.0 1141910000.0 447352000000.0 19817800.0 369002.0 5056680000.0 31956100000.0 6525580000.0 1522050000.0 -2.84 4.187 [-2.84]
74131000000000.0 1.31597e+16 69778600000.0 273836000000.0 11024000000.0 63957900000.0 99624500.0 1219320000.0 418030000000.0 15649400.0 280993.0 5066190000.0 30483700000.0 5988770000.0 1317060000.0 -2.82 4.184 [-2.82]
74131000000000.0 1.25119e+16 69046500000.0 258607000000.0 9733590000.0 59780700000.0 84361300.0 1299660000.0 389855000000.0 12328200.0 213658.0 5075430000.0 29057600000.0 5488990000.0 1138910000.0 -2.8 4.181 [-2.8]
74131000000000.0 1.18951e+16 68293100000.0 244070000000.0 8581750000.0 55778500000.0 71338200.0 1382900000.0 362794000000.0 9684490.0 162146.0 5084350000.0 27674200000.0 5023360000.0 983944000.0 -2.78 4.178 [-2.78]
74131000000000.0 1.13108e+16 67522700000.0 230273000000.0 7559370000.0 51966800000.0 60279800.0 1468610000.0 336981000000.0 7592790.0 122950.0 5092530000.0 26340800000.0 4592280000.0 849752000.0 -2.76 4.174 [-2.76]
74131000000000.0 1.07558e+16 66733800000.0 217151000000.0 6651090000.0 48333400000.0 50878400.0 1556720000.0 312365000000.0 5938620.0 93109.2 5099920000.0 25053100000.0 4192820000.0 733403000.0 -2.74 4.171 [-2.74]
74131000000000.0 1.023e+16 65928700000.0 204709000000.0 5846860000.0 44883200000.0 42907600.0 1646840000.0 289000000000.0 4635790.0 0.0 5106250000.0 23814100000.0 3824060000.0 632771000.0 -2.72 4.168 [-2.72]
74131000000000.0 9729100000000000.0 65103400000.0 192855000000.0 5132660000.0 41597600000.0 36129800.0 1738980000.0 266781000000.0 3608510.0 0.0 5111530000.0 22616200000.0 3482510000.0 545462000.0 -2.7 4.165 [-2.7]
74131000000000.0 9253320000000000.0 64260700000.0 181599000000.0 4500720000.0 38481800000.0 30384900.0 1832700000.0 245756000000.0 2802220.0 0.0 5115460000.0 21462400000.0 3167440000.0 469920000.0 -2.68 4.162 [-2.68]
74131000000000.0 8800170000000000.0 63398600000.0 170890000000.0 3941160000.0 35526200000.0 25512100.0 1927850000.0 225873000000.0 2169960.0 0.0 5117920000.0 20348900000.0 2876560000.0 404485000.0 -2.66 4.159 [-2.66]
74131000000000.0 8371970000000000.0 62525100000.0 160785000000.0 3449440000.0 32746900000.0 21407200.0 2023660000.0 207242000000.0 1678000.0 0.0 5118470000.0 19284200000.0 2610340000.0 348159000.0 -2.64 4.156 [-2.64]
74131000000000.0 7963970000000000.0 61633000000.0 151179000000.0 3014970000.0 30120600000.0 17932000.0 2120220000.0 189713000000.0 1293950.0 0.0 5117210000.0 18258000000.0 2365230000.0 299410000.0 -2.62 4.153 [-2.62]
74131000000000.0 7575340000000000.0 60723400000.0 142053000000.0 2631730000.0 27645400000.0 14995000.0 2217160000.0 173273000000.0 995068.0 0.0 5113860000.0 17270000000.0 2139950000.0 257264000.0 -2.6 4.15 [-2.6]
74131000000000.0 7207120000000000.0 59802000000.0 133435000000.0 2295540000.0 25328000000.0 12525700.0 2313860000.0 157962000000.0 763881.0 0.0 5108140000.0 16325000000.0 1934220000.0 220989000.0 -2.58 4.147 [-2.58]
74131000000000.0 6857230000000000.0 58867000000.0 125278000000.0 2000290000.0 23158600000.0 10448000.0 2410080000.0 143710000000.0 585125.0 0.0 5099940000.0 15419200000.0 1746140000.0 189719000.0 -2.56 4.145 [-2.56]
74131000000000.0 6524760000000000.0 57919100000.0 117562000000.0 1741300000.0 21132700000.0 8702310.0 2505490000.0 130482000000.0 447246.0 0.0 5089110000.0 14551600000.0 1574440000.0 162781000.0 -2.54 4.142 [-2.54]
74131000000000.0 6208830000000000.0 56959200000.0 110268000000.0 1514400000.0 19245600000.0 7237640.0 2599740000.0 118238000000.0 341150.0 0.0 5075480000.0 13721500000.0 1417940000.0 139588000.0 -2.52 4.139 [-2.52]
74131000000000.0 5908600000000000.0 55988300000.0 103376000000.0 1315820000.0 17492200000.0 6010610.0 2692510000.0 106935000000.0 259702.0 0.0 5058920000.0 12927800000.0 1275490000.0 119632000.0 -2.5 4.136 [-2.5]
74131000000000.0 5623280000000000.0 55007200000.0 96866700000.0 1142230000.0 15867300000.0 4984240.0 2783500000.0 96529700000.0 197316.0 0.0 5039300000.0 12169700000.0 1146030000.0 102471000.0 -2.48 4.134 [-2.48]
74131000000000.0 5352900000000000.0 54019900000.0 90741200000.0 990987000.0 14368700000.0 4128680.0 2872290000.0 86997300000.0 149719.0 0.0 5016560000.0 11448400000.0 1028830000.0 87751500.0 -2.46 4.131 [-2.46]
74131000000000.0 5095140000000000.0 53021400000.0 84945700000.0 858738000.0 12983900000.0 3413700.0 2958910000.0 78248500000.0 113344.0 0.0 4990550000.0 10758400000.0 922331000.0 75079900.0 -2.44 4.128 [-2.44]
74131000000000.0 4850150000000000.0 52015800000.0 79481900000.0 743506000.0 11710700000.0 2818480.0 3042990000.0 70258000000.0 85661.1 0.0 4961210000.0 10101300000.0 825955000.0 64202400.0 -2.42 4.126 [-2.42]
74131000000000.0 4616550000000000.0 51000900000.0 74318000000.0 642976000.0 10540500000.0 2322780.0 3124470000.0 62962500000.0 64599.9 0.0 4928430000.0 9473890000.0 738640000.0 54850900.0 -2.4 4.123 [-2.4]
74131000000000.0 4395210000000000.0 49984100000.0 69470900000.0 555785000.0 9472730000.0 1912410.0 3202930000.0 56348500000.0 48671.1 0.0 4892300000.0 8879440000.0 660065000.0 46852500.0 -2.38 4.12 [-2.38]
74131000000000.0 4184790000000000.0 48963400000.0 64909100000.0 480043000.0 8498590000.0 1572410.0 3278360000.0 50352200000.0 36618.4 0.0 4852750000.0 8314890000.0 589253000.0 39998900.0 -2.36 4.118 [-2.36]
74131000000000.0 3984760000000000.0 47939900000.0 60618600000.0 414312000.0 7612100000.0 1291190.0 3350670000.0 44928500000.0 27514.7 0.0 4809780000.0 7779330000.0 525525000.0 34129900.0 -2.34 4.115 [-2.34]
74131000000000.0 3794590000000000.0 46914700000.0 56585300000.0 357320000.0 6807310000.0 1058920.0 3419790000.0 40033400000.0 0.0 0.0 4763440000.0 7271780000.0 468246000.0 29107000.0 -2.32 4.113 [-2.32]
74131000000000.0 3613780000000000.0 45889100000.0 52796200000.0 307952000.0 6078430000.0 867395.0 3485680000.0 35624900000.0 0.0 0.0 4713760000.0 6791320000.0 416832000.0 24810800.0 -2.3 4.11 [-2.3]
74131000000000.0 3441860000000000.0 44864000000.0 49238600000.0 265227000.0 5419820000.0 709689.0 3548320000.0 31662500000.0 0.0 0.0 4660820000.0 6336990000.0 370739000.0 21138300.0 -2.28 4.108 [-2.28]
74131000000000.0 3278400000000000.0 43840700000.0 45900200000.0 228281000.0 4825990000.0 580019.0 3607720000.0 28108000000.0 0.0 0.0 4604700000.0 5907860000.0 329466000.0 18000900.0 -2.26 4.106 [-2.26]
74131000000000.0 3122960000000000.0 42820300000.0 42769400000.0 196360000.0 4291730000.0 473552.0 3663910000.0 24925200000.0 0.0 0.0 4545520000.0 5502980000.0 292555000.0 15322100.0 -2.24 4.103 [-2.24]
74131000000000.0 2975150000000000.0 41803900000.0 39835100000.0 168803000.0 3812020000.0 386250.0 3716930000.0 22080300000.0 0.0 0.0 4483390000.0 5121420000.0 259583000.0 13036300.0 -2.22 4.101 [-2.22]
74131000000000.0 2834580000000000.0 40792600000.0 37086500000.0 145032000.0 3382110000.0 314755.0 3766860000.0 19541400000.0 0.0 0.0 4418460000.0 4762240000.0 230162000.0 11086900.0 -2.2 4.099 [-2.2]
