Cloudy_runs/h1821/z=0.224981/logZ=-1/component_III_PI_nH/component_III_PI_nH_col_density_param.txt
# %ECSV 1.0
# ---
# datatype:
# - {name: H, datatype: float64}
# - {name: H+, datatype: float64}
# - {name: C+, datatype: float64}
# - {name: C+2, datatype: float64}
# - {name: C+3, datatype: float64}
# - {name: N+, datatype: float64}
# - {name: N+2, datatype: float64}
# - {name: N+4, datatype: float64}
# - {name: O, datatype: float64}
# - {name: O+2, datatype: float64}
# - {name: O+5, datatype: float64}
# - {name: O+6, datatype: float64}
# - {name: P+, datatype: float64}
# - {name: Si+, datatype: float64}
# - {name: Si+2, datatype: float64}
# - {name: Si+3, datatype: float64}
# - {name: Si+4, datatype: float64}
# - {name: log_nH, datatype: float64}
# - {name: log_Te, datatype: float64}
# - {name: parameters, datatype: string, subtype: 'float64[1]'}
# schema: astropy-2.0
H H+ C+ C+2 C+3 N+ N+2 N+4 O O+2 O+5 O+6 P+ Si+ Si+2 Si+3 Si+4 log_nH log_Te parameters
[from data line 128]
43651600000000.0 3491690000000000.0 32710500000.0 61456300000.0 783647000.0 13160000000.0 10468700000.0 3522020.0 1572990000.0 63986700000.0 150590.0 0.0 57450800.0 2980990000.0 7650310000.0 751835000.0 70064900.0 -2.44 4.137 [-2.44]
43651600000000.0 3323100000000000.0 32143500000.0 57598200000.0 680401000.0 13014400000.0 9501120000.0 2921420.0 1626810000.0 57785400000.0 114454.0 0.0 55663300.0 2969400000.0 7202050000.0 675549000.0 60017200.0 -2.42 4.134 [-2.42]
43651600000000.0 3163340000000000.0 31572700000.0 53966700000.0 590424000.0 12849300000.0 8608160000.0 2420640.0 1679380000.0 52101000000.0 86872.6 0.0 53912700.0 2955970000.0 6775550000.0 606484000.0 51398700.0 -2.4 4.131 [-2.4]
43651600000000.0 3011030000000000.0 30995200000.0 50530100000.0 511732000.0 12663700000.0 7782440000.0 2002020.0 1730700000.0 46880700000.0 65785.7 0.0 52189800.0 2940640000.0 6367610000.0 543723000.0 43978900.0 -2.38 4.128 [-2.38]
43651600000000.0 2866260000000000.0 30413400000.0 47289600000.0 443148000.0 12459800000.0 7022710000.0 1653410.0 1780560000.0 42110100000.0 49732.3 0.0 50500800.0 2923350000.0 5979020000.0 486924000.0 37609300.0 -2.36 4.126 [-2.36]
43651600000000.0 2728230000000000.0 29825900000.0 44226300000.0 383304000.0 12237800000.0 6323960000.0 1363010.0 1828910000.0 37752000000.0 37514.6 0.0 48841600.0 2904060000.0 5608040000.0 435462000.0 32133000.0 -2.34 4.123 [-2.34]
43651600000000.0 2597430000000000.0 29237100000.0 41350300000.0 331388000.0 12001500000.0 5685990000.0 1122520.0 1875500000.0 33798800000.0 28271.1 0.0 47223200.0 2882800000.0 5256510000.0 389148000.0 27448900.0 -2.32 4.121 [-2.32]
43651600000000.0 2473100000000000.0 28645900000.0 38643000000.0 286280000.0 11751400000.0 5103570000.0 923210.0 1920330000.0 30212900000.0 21274.8 0.0 45641300.0 2859540000.0 4922660000.0 347409000.0 23435000.0 -2.3 4.118 [-2.3]
43651600000000.0 2354890000000000.0 28052800000.0 36096100000.0 247124000.0 11489000000.0 4573200000.0 758297.0 1963330000.0 26967600000.0 15988.8 0.0 44096300.0 2834280000.0 4605920000.0 309842000.0 19997500.0 -2.28 4.116 [-2.28]
43651600000000.0 2242510000000000.0 27458500000.0 33701400000.0 213168000.0 11215900000.0 4091400000.0 622055.0 2004460000.0 24037200000.0 0.0 0.0 42588700.0 2807030000.0 4305740000.0 276075000.0 17055400.0 -2.26 4.113 [-2.26]
43651600000000.0 2135660000000000.0 26863600000.0 31451200000.0 183748000.0 10934000000.0 3654790000.0 509672.0 2043700000.0 21396800000.0 0.0 0.0 41118900.0 2777830000.0 4021560000.0 245764000.0 14538800.0 -2.24 4.111 [-2.24]
43651600000000.0 2034060000000000.0 26268900000.0 29337900000.0 158281000.0 10644700000.0 3260030000.0 417108.0 2081020000.0 19022500000.0 0.0 0.0 39687100.0 2746710000.0 3752820000.0 218588000.0 12387400.0 -2.22 4.108 [-2.22]
43651600000000.0 1937460000000000.0 25675000000.0 27354400000.0 136254000.0 10349800000.0 2903900000.0 340976.0 2116430000.0 16891700000.0 0.0 0.0 38293300.0 2713730000.0 3498960000.0 194254000.0 10549400.0 -2.2 4.106 [-2.2]
43651600000000.0 1845600000000000.0 25082500000.0 25493800000.0 117220000.0 10050700000.0 2583310000.0 278449.0 2149940000.0 14982900000.0 0.0 0.0 36937800.0 2678950000.0 3259430000.0 172490000.0 8979990.0 -2.18 4.103 [-2.18]
43651600000000.0 1758250000000000.0 24492100000.0 23749500000.0 100784000.0 9748990000.0 2295310000.0 227164.0 2181590000.0 13276000000.0 0.0 0.0 35620300.0 2642430000.0 3033680000.0 153048000.0 7640700.0 -2.16 4.101 [-2.16]
43651600000000.0 1675180000000000.0 23904300000.0 22115300000.0 86603700.0 9446000000.0 2037080000.0 185152.0 2211400000.0 11752200000.0 0.0 0.0 34340900.0 2604270000.0 2821150000.0 135699000.0 6498430.0 -2.14 4.099 [-2.14]
43651600000000.0 1596160000000000.0 23319900000.0 20584700000.0 74377700.0 9142990000.0 1805950000.0 150778.0 2239430000.0 10393800000.0 0.0 0.0 33099000.0 2564550000.0 2621270000.0 120233000.0 5524660.0 -2.12 4.097 [-2.12]
43651600000000.0 1521350000000000.0 22742100000.0 19158900000.0 63879700.0 8842870000.0 1600120000.0 122764.0 2265660000.0 9188580000.0 0.0 0.0 31900300.0 2523540000.0 2434430000.0 106511000.0 4697720.0 -2.1 4.094 [-2.1]
43651600000000.0 1449880000000000.0 22166400000.0 17819200000.0 54809900.0 8543450000.0 1415910000.0 99823.7 2290270000.0 8113820000.0 0.0 0.0 30733300.0 2481020000.0 2258310000.0 94259400.0 3991130.0 -2.08 4.092 [-2.08]
43651600000000.0 1381890000000000.0 21595700000.0 16567000000.0 47007200.0 8247310000.0 1251870000.0 81116.0 2313270000.0 7159790000.0 0.0 0.0 29603100.0 2437260000.0 2093270000.0 83371600.0 3389780.0 -2.06 4.09 [-2.06]
43651600000000.0 1317230000000000.0 21030800000.0 15397100000.0 40299000.0 7955300000.0 1105990000.0 65874.4 2334710000.0 6313930000.0 0.0 0.0 28509100.0 2392370000.0 1938790000.0 73704600.0 2878250.0 -2.04 4.087 [-2.04]
43651600000000.0 1255710000000000.0 20472100000.0 14304700000.0 34535000.0 7668180000.0 976430000.0 53467.8 2354670000.0 5564800000.0 0.0 0.0 27450900.0 2346490000.0 1794350000.0 65129000.0 2443330.0 -2.02 4.085 [-2.02]
43651600000000.0 1197190000000000.0 19920100000.0 13285300000.0 29585600.0 7386600000.0 861516000.0 43377.1 2373220000.0 4902020000.0 0.0 0.0 26428000.0 2299720000.0 1659460000.0 57527900.0 2073720.0 -2.0 4.083 [-2.0]
43651600000000.0 1141520000000000.0 19375400000.0 12334600000.0 25337800.0 7111130000.0 759707000.0 35176.2 2390420000.0 4316200000.0 0.0 0.0 25439600.0 2252200000.0 1533630000.0 50795800.0 1759730.0 -1.98 4.081 [-1.98]
43651600000000.0 1088550000000000.0 18838400000.0 11448300000.0 21694000.0 6842210000.0 669603000.0 28515.7 2406350000.0 3798840000.0 0.0 0.0 24485200.0 2204040000.0 1416380000.0 44837500.0 1493110.0 -1.96 4.079 [-1.96]
43651600000000.0 1038160000000000.0 18309400000.0 10622600000.0 18569900.0 6580220000.0 589932000.0 23109.3 2421060000.0 3342300000.0 0.0 0.0 23564000.0 2155390000.0 1307230000.0 39567600.0 1266780.0 -1.94 4.077 [-1.94]
43651600000000.0 990207000000000.0 17788900000.0 9853670000.0 15892600.0 6325470000.0 519553000.0 18723.6 2434640000.0 2939730000.0 0.0 0.0 22675500.0 2106350000.0 1205730000.0 34909500.0 1074720.0 -1.92 4.075 [-1.92]
43651600000000.0 944295000000000.0 17274000000.0 9133620000.0 13589100.0 6076490000.0 457171000.0 15154.6 2447170000.0 2583540000.0 0.0 0.0 21813300.0 2056760000.0 1110850000.0 30775500.0 911088.0 -1.9 4.073 [-1.9]
43651600000000.0 900882000000000.0 16771600000.0 8468040000.0 11626400.0 5836810000.0 402398000.0 12274.4 2458640000.0 2271240000.0 0.0 0.0 20987700.0 2007310000.0 1023390000.0 27143900.0 772996.0 -1.88 4.071 [-1.88]
43651600000000.0 859570000000000.0 16278600000.0 7849200000.0 9946400.0 5604850000.0 354118000.0 9940.88 2469170000.0 1996360000.0 0.0 0.0 20192400.0 1957830000.0 942321000.0 23938900.0 655908.0 -1.86 4.068 [-1.86]
43651600000000.0 820254000000000.0 15795400000.0 7274060000.0 8508770.0 5380660000.0 311585000.0 8050.81 2478800000.0 1754510000.0 0.0 0.0 19426700.0 1908450000.0 867237000.0 21111600.0 556646.0 -1.84 4.066 [-1.84]
43651600000000.0 783190000000000.0 15326800000.0 6744740000.0 7286950.0 5166380000.0 274367000.0 6528.43 2487560000.0 1543110000.0 0.0 0.0 18696800.0 1859690000.0 798451000.0 18635300.0 473059.0 -1.82 4.064 [-1.82]
43651600000000.0 747246000000000.0 14859600000.0 6243960000.0 6227390.0 4955650000.0 241185000.0 5281.47 2495580000.0 1354890000.0 0.0 0.0 17981300.0 1810320000.0 733629000.0 16421300.0 401236.0 -1.8 4.062 [-1.8]
43651600000000.0 713367000000000.0 14407200000.0 5783720000.0 5328160.0 4754700000.0 212194000.0 4278.54 2502840000.0 1190600000.0 0.0 0.0 17299900.0 1761790000.0 674377000.0 14484800.0 340822.0 -1.78 4.061 [-1.78]
43651600000000.0 681117000000000.0 13965400000.0 5356700000.0 4559300.0 4561290000.0 186694000.0 3466.66 2509400000.0 1046250000.0 0.0 0.0 16644900.0 1713740000.0 619689000.0 12778300.0 289612.0 -1.76 4.059 [-1.76]
43651600000000.0 650418000000000.0 13534200000.0 4960670000.0 3902000.0 4375300000.0 164271000.0 2809.46 2515310000.0 919450000.0 0.0 0.0 16015400.0 1666250000.0 569251000.0 11274900.0 246202.0 -1.74 4.057 [-1.74]
43651600000000.0 621191000000000.0 13113700000.0 4593500000.0 3340120.0 4196560000.0 144557000.0 2277.45 2520610000.0 808081000.0 0.0 0.0 15410600.0 1619390000.0 522769000.0 9950420.0 209399.0 -1.72 4.055 [-1.72]
43651600000000.0 593366000000000.0 12703900000.0 4253220000.0 2859820.0 4024920000.0 127228000.0 1846.75 2525350000.0 710281000.0 0.0 0.0 14829900.0 1573230000.0 479961000.0 8783730.0 178193.0 -1.7 4.053 [-1.7]
43651600000000.0 567075000000000.0 12307900000.0 3940300000.0 2451400.0 3861480000.0 112072000.0 1499.48 2529540000.0 624818000.0 0.0 0.0 14276500.0 1528180000.0 440869000.0 7761460.0 151863.0 -1.68 4.051 [-1.68]
43651600000000.0 541846000000000.0 11919700000.0 3648200000.0 2100190.0 3703470000.0 98679600.0 1216.84 2533240000.0 549378000.0 0.0 0.0 13741300.0 1483610000.0 404619000.0 6855710.0 129394.0 -1.66 4.049 [-1.66]
43651600000000.0 517822000000000.0 11542200000.0 3377740000.0 1799950.0 3551990000.0 86909000.0 987.896 2536470000.0 483142000.0 0.0 0.0 13227800.0 1439900000.0 371297000.0 6057810.0 110326.0 -1.64 4.047 [-1.64]
43651600000000.0 494706000000000.0 11171600000.0 3124840000.0 1541420.0 3405280000.0 76495300.0 801.351 2539260000.0 424606000.0 0.0 0.0 12730000.0 1396660000.0 340367000.0 5349880.0 94024.9 -1.62 4.045 [-1.62]
43651600000000.0 472921000000000.0 10815400000.0 2893240000.0 1322110.0 3266240000.0 67408700.0 651.186 2541630000.0 373576000.0 0.0 0.0 12257500.0 1354800000.0 312270000.0 4730930.0 80289.9 -1.6 4.044 [-1.6]
43651600000000.0 452245000000000.0 10471000000.0 2679700000.0 1134990.0 3133590000.0 59439600.0 529.684 2543620000.0 328870000.0 0.0 0.0 11806100.0 1314060000.0 286568000.0 4186770.0 68646.4 -1.58 4.042 [-1.58]
43651600000000.0 432634000000000.0 10138500000.0 2482950000.0 975321.0 3007160000.0 52450900.0 0.0 2545240000.0 289700000.0 0.0 0.0 11375200.0 1274480000.0 263094000.0 3708350.0 58773.7 -1.56 4.04 [-1.56]
43651600000000.0 413803000000000.0 9813580000.0 2299510000.0 837867.0 2885180000.0 46272000.0 0.0 2546520000.0 255113000.0 0.0 0.0 10958900.0 1235610000.0 241383000.0 3284100.0 50324.6 -1.54 4.038 [-1.54]
43651600000000.0 395715000000000.0 9496230000.0 2128510000.0 719554.0 2767490000.0 40809200.0 0.0 2547470000.0 224575000.0 0.0 0.0 10556600.0 1197470000.0 221307000.0 2907870.0 43092.5 -1.52 4.037 [-1.52]
43651600000000.0 378772000000000.0 9194160000.0 1973020000.0 619455.0 2656830000.0 36057300.0 0.0 2548130000.0 198035000.0 0.0 0.0 10177700.0 1160980000.0 203233000.0 2579820.0 37006.8 -1.5 4.035 [-1.5]
43651600000000.0 362486000000000.0 8899290000.0 1828000000.0 533148.0 2550060000.0 31850900.0 0.0 2548500000.0 174576000.0 0.0 0.0 9811550.0 1125220000.0 186516000.0 2288490.0 31784.9 -1.48 4.033 [-1.48]
43651600000000.0 346966000000000.0 8614090000.0 1693940000.0 459184.0 2447950000.0 28148600.0 0.0 2548590000.0 153956000.0 0.0 0.0 9460790.0 1090520000.0 171201000.0 2031290.0 27330.3 -1.46 4.031 [-1.46]
43651600000000.0 332038000000000.0 8335760000.0 1568890000.0 395379.0 2349400000.0 24869900.0 0.0 2548410000.0 135724000.0 0.0 0.0 9121710.0 1056540000.0 157039000.0 1802770.0 23503.5 -1.44 4.03 [-1.44]
43651600000000.0 318078000000000.0 8071890000.0 1455450000.0 341371.0 2256960000.0 22017900.0 0.0 2548020000.0 119883000.0 0.0 0.0 8803140.0 1024230000.0 144327000.0 1603410.0 20277.1 -1.42 4.028 [-1.42]
43651600000000.0 304508000000000.0 7811930000.0 1348560000.0 294381.0 2166830000.0 19472900.0 0.0 2547370000.0 105774000.0 0.0 0.0 8492040.0 992330000.0 132443000.0 1424860.0 17479.3 -1.4 4.026 [-1.4]
43651600000000.0 291828000000000.0 7565930000.0 1251680000.0 254588.0 2082380000.0 17258800.0 0.0 2546530000.0 93515500.0 0.0 0.0 8200120.0 962062000.0 121790000.0 1269040.0 15117.6 -1.38 4.025 [-1.38]
43651600000000.0 279488000000000.0 7323520000.0 1160300000.0 219905.0 1999960000.0 15280200.0 0.0 2545450000.0 82583700.0 0.0 0.0 7914800.0 932191000.0 111822000.0 1129270.0 13064.4 -1.36 4.023 [-1.36]
43651600000000.0 267843000000000.0 7092040000.0 1076720000.0 190312.0 1921990000.0 13547200.0 0.0 2544190000.0 73023800.0 0.0 0.0 7644500.0 903614000.0 102796000.0 1006420.0 11316.7 -1.34 4.021 [-1.34]
43651600000000.0 256737000000000.0 6868760000.0 999442000.0 164851.0 1847440000.0 12017800.0 0.0 2542740000.0 64602700.0 0.0 0.0 7385760.0 876010000.0 94532600.0 897590.0 9815.82 -1.32 4.02 [-1.32]
43651600000000.0 246145000000000.0 6653440000.0 928001000.0 142930.0 1776170000.0 10667400.0 0.0 2541120000.0 57181900.0 0.0 0.0 7138070.0 849360000.0 86965300.0 801132.0 8525.54 -1.3 4.018 [-1.3]
43651600000000.0 236041000000000.0 6445850000.0 861945000.0 124043.0 1708010000.0 9474440.0 0.0 2539320000.0 50640000.0 0.0 0.0 6900970.0 823644000.0 80035000.0 715588.0 7415.04 -1.28 4.017 [-1.28]
43651600000000.0 226401000000000.0 6245770000.0 800860000.0 107758.0 1642840000.0 8420130.0 0.0 2537370000.0 44870500.0 0.0 0.0 6674020.0 798839000.0 73687500.0 639676.0 6458.18 -1.26 4.015 [-1.26]
43651600000000.0 217247000000000.0 6053900000.0 744627000.0 93747.8 1580810000.0 7490530.0 0.0 2535280000.0 39794700.0 0.0 0.0 6457820.0 775041000.0 67898800.0 572467.0 5635.16 -1.24 4.013 [-1.24]
43651600000000.0 208425000000000.0 5867220000.0 692103000.0 81568.1 1520890000.0 6662980.0 0.0 2533010000.0 35286600.0 0.0 0.0 6248830.0 751876000.0 62544900.0 512378.0 4919.74 -1.22 4.012 [-1.22]
43651600000000.0 200088000000000.0 5689190000.0 643983000.0 71110.9 1464140000.0 5934970.0 0.0 2530640000.0 31330200.0 0.0 0.0 6050750.0 729783000.0 57684400.0 459285.0 4305.0 -1.2 4.01 [-1.2]
43651600000000.0 192088000000000.0 5516850000.0 599226000.0 62031.6 1409560000.0 5288010.0 0.0 2528120000.0 27823000.0 0.0 0.0 5860170.0 708395000.0 53207000.0 411890.0 3770.88 -1.18 4.009 [-1.18]
43651600000000.0 184450000000000.0 5350890000.0 557798000.0 54170.1 1357340000.0 4714650.0 0.0 2525470000.0 24722700.0 0.0 0.0 5677720.0 687802000.0 49101700.0 369692.0 3307.81 -1.16 4.007 [-1.16]
43651600000000.0 177157000000000.0 5191110000.0 519444000.0 47356.9 1307350000.0 4206240.0 0.0 2522700000.0 21980900.0 0.0 0.0 5503050.0 667980000.0 45336500.0 332095.0 2905.82 -1.14 4.006 [-1.14]
43651600000000.0 170191000000000.0 5037260000.0 483924000.0 41446.5 1259500000.0 3755110.0 0.0 2519820000.0 19554800.0 0.0 0.0 5335810.0 648902000.0 41881600.0 298573.0 2556.37 -1.12 4.004 [-1.12]
43651600000000.0 163536000000000.0 4889160000.0 451023000.0 36314.5 1213690000.0 3354600.0 0.0 2516830000.0 17406900.0 0.0 0.0 5175680.0 630548000.0 38711000.0 268663.0 2252.22 -1.1 4.003 [-1.1]
43651600000000.0 157178000000000.0 4746600000.0 420536000.0 31854.0 1169810000.0 2998800.0 0.0 2513740000.0 15504400.0 0.0 0.0 5022340.0 612891000.0 35799800.0 241955.0 1987.13 -1.08 4.001 [-1.08]
43651600000000.0 151102000000000.0 4609360000.0 392280000.0 27973.3 1127780000.0 2682520.0 0.0 2510560000.0 13818300.0 0.0 0.0 4875490.0 595908000.0 33126100.0 218089.0 1755.79 -1.06 4.0 [-1.06]
43651600000000.0 145295000000000.0 4477260000.0 366082000.0 24593.6 1087510000.0 2401190.0 0.0 2507280000.0 12323100.0 0.0 0.0 4734840.0 579575000.0 30669000.0 196746.0 1553.61 -1.04 3.998 [-1.04]
43651600000000.0 139743000000000.0 4350110000.0 341784000.0 21647.3 1048910000.0 2150800.0 0.0 2503910000.0 10996600.0 0.0 0.0 4600120.0 563869000.0 28410500.0 177645.0 1376.69 -1.02 3.997 [-1.02]
43651600000000.0 134434000000000.0 4227720000.0 319241000.0 19076.1 1011910000.0 1927800.0 0.0 2500460000.0 9818920.0 0.0 0.0 4471060.0 548768000.0 26333600.0 160538.0 1221.66 -1.0 3.995 [-1.0]
43651600000000.0 129357000000000.0 4109900000.0 298318000.0 16830.0 976431000.0 1729060.0 0.0 2496930000.0 8772900.0 0.0 0.0 4347400.0 534250000.0 24422700.0 145203.0 1085.63 -0.98 3.994 [-0.98]
43651600000000.0 124501000000000.0 3996490000.0 278893000.0 14865.7 942404000.0 1551840.0 0.0 2493340000.0 7843260.0 0.0 0.0 4228920.0 520292000.0 22664000.0 131447.0 966.106 -0.96 3.993 [-0.96]
