Cloudy_runs/h1821/z=0.224981/logZ=-1/component_III_PI_nH/component_III_PI_nH_col_density_param.txt
# %ECSV 1.0
# ---
# datatype:
# - {name: H, datatype: float64}
# - {name: H+, datatype: float64}
# - {name: C+, datatype: float64}
# - {name: C+2, datatype: float64}
# - {name: C+3, datatype: float64}
# - {name: N+, datatype: float64}
# - {name: N+2, datatype: float64}
# - {name: N+4, datatype: float64}
# - {name: O, datatype: float64}
# - {name: O+2, datatype: float64}
# - {name: O+5, datatype: float64}
# - {name: O+6, datatype: float64}
# - {name: P+, datatype: float64}
# - {name: Si+, datatype: float64}
# - {name: Si+2, datatype: float64}
# - {name: Si+3, datatype: float64}
# - {name: Si+4, datatype: float64}
# - {name: log_nH, datatype: float64}
# - {name: log_Te, datatype: float64}
# - {name: parameters, datatype: string, subtype: 'float64[1]'}
# schema: astropy-2.0
H H+ C+ C+2 C+3 N+ N+2 N+4 O O+2 O+5 O+6 P+ Si+ Si+2 Si+3 Si+4 log_nH log_Te parameters
[from data line 64]
43651600000000.0 9.06302e+16 42410400000.0 1264440000000.0 586675000000.0 4354140000.0 258079000000.0 51036600000.0 7096180.0 1051230000000.0 68507200000.0 9154330000.0 70854500.0 1465700000.0 33794200000.0 29295800000.0 138986000000.0 -3.72 4.347 [-3.72]
43651600000000.0 8.60875e+16 43000000000.0 1236340000000.0 550950000000.0 4477800000.0 254040000000.0 45643700000.0 7964310.0 1051510000000.0 59300400000.0 7603560000.0 74500200.0 1549050000.0 35307300000.0 29723600000.0 132575000000.0 -3.7 4.344 [-3.7]
43651600000000.0 8.17787e+16 43549900000.0 1207310000000.0 516660000000.0 4602660000.0 249790000000.0 40766100000.0 8934840.0 1050760000000.0 51268600000.0 6307720000.0 78111000.0 1632630000.0 36779600000.0 30072400000.0 126072000000.0 -3.68 4.34 [-3.68]
43651600000000.0 7.76812e+16 44060600000.0 1177410000000.0 483744000000.0 4728890000.0 245331000000.0 36351600000.0 10021200.0 1048920000000.0 44254800000.0 5223910000.0 81672400.0 1716200000.0 38200200000.0 30337200000.0 119501000000.0 -3.66 4.337 [-3.66]
43651600000000.0 7.37839e+16 44531900000.0 1146770000000.0 452219000000.0 4856540000.0 240675000000.0 32362900000.0 11236500.0 1045990000000.0 38138500000.0 4318740000.0 85164500.0 1799320000.0 39556900000.0 30514200000.0 112902000000.0 -3.64 4.334 [-3.64]
43651600000000.0 7.00872e+16 44963800000.0 1115610000000.0 422175000000.0 4985490000.0 235856000000.0 28774400000.0 12592400.0 1041990000000.0 32825600000.0 3565700000.0 88560800.0 1881240000.0 40837000000.0 30602500000.0 106329000000.0 -3.62 4.33 [-3.62]
43651600000000.0 6.65813e+16 45357100000.0 1084090000000.0 393610000000.0 5115840000.0 230891000000.0 25551500000.0 14103500.0 1036910000000.0 28217100000.0 2940110000.0 91843600.0 1961510000.0 42029700000.0 30600800000.0 99822600000.0 -3.6 4.327 [-3.6]
43651600000000.0 6.3246e+16 45712600000.0 1052200000000.0 366428000000.0 5247800000.0 225778000000.0 22653400000.0 15789900.0 1030730000000.0 24214100000.0 2419740000.0 95001700.0 2039910000.0 43125000000.0 30506900000.0 93401000000.0 -3.58 4.324 [-3.58]
43651600000000.0 6.00778e+16 46031300000.0 1020130000000.0 340654000000.0 5381390000.0 220541000000.0 20055600000.0 17668300.0 1023450000000.0 20747000000.0 1988200000.0 98017000.0 2115890000.0 44113400000.0 30322400000.0 87107300000.0 -3.56 4.32 [-3.56]
43651600000000.0 5.70637e+16 46313900000.0 987934000000.0 316230000000.0 5516790000.0 215188000000.0 17727500000.0 19761200.0 1015050000000.0 17744700000.0 1630410000.0 100877000.0 2189180000.0 44985900000.0 30047700000.0 80964900000.0 -3.54 4.317 [-3.54]
43651600000000.0 5.42053e+16 46562200000.0 955824000000.0 293196000000.0 5653990000.0 209753000000.0 15650600000.0 22085700.0 1005600000000.0 15155900000.0 1335080000.0 103567000.0 2259190000.0 45736800000.0 29687800000.0 75019600000.0 -3.52 4.314 [-3.52]
43651600000000.0 5.14947e+16 46777700000.0 923905000000.0 271515000000.0 5793120000.0 204254000000.0 13800500000.0 24664200.0 995107000000.0 12927000000.0 1091660000.0 106077000.0 2325600000.0 46361200000.0 29246900000.0 69295900000.0 -3.5 4.31 [-3.5]
43651600000000.0 4.89154e+16 46960600000.0 892144000000.0 251081000000.0 5934400000.0 198684000000.0 12150200000.0 27528300.0 983529000000.0 11005000000.0 890775000.0 108401000.0 2388390000.0 46853600000.0 28726800000.0 63798900000.0 -3.48 4.307 [-3.48]
43651600000000.0 4.64656e+16 47113000000.0 860683000000.0 231886000000.0 6077930000.0 193068000000.0 10682800000.0 30702600.0 970914000000.0 9353120000.0 725538000.0 110533000.0 2447260000.0 47212600000.0 28134200000.0 58554500000.0 -3.46 4.303 [-3.46]
43651600000000.0 4.41344e+16 47235700000.0 829536000000.0 213857000000.0 6223710000.0 187409000000.0 9378060000.0 34221500.0 957246000000.0 7933480000.0 589674000.0 112468000.0 2502190000.0 47436400000.0 27473300000.0 53569200000.0 -3.44 4.3 [-3.44]
43651600000000.0 4.19244e+16 47331400000.0 798895000000.0 197008000000.0 6371400000.0 181747000000.0 8223500000.0 38108300.0 942629000000.0 6719350000.0 478510000.0 114202000.0 2552870000.0 47529100000.0 26754300000.0 48867700000.0 -3.42 4.297 [-3.42]
43651600000000.0 3.98253e+16 47400500000.0 768752000000.0 181259000000.0 6521630000.0 176080000000.0 7201680000.0 42401200.0 927056000000.0 5680960000.0 387565000.0 115735000.0 2599390000.0 47491600000.0 25982600000.0 44448200000.0 -3.4 4.293 [-3.4]
43651600000000.0 3.78315e+16 47444400000.0 739158000000.0 166562000000.0 6674530000.0 170422000000.0 6298700000.0 47137100.0 910563000000.0 4794380000.0 313300000.0 117067000.0 2641780000.0 47327800000.0 25165400000.0 40313100000.0 -3.38 4.29 [-3.38]
43651600000000.0 3.59377e+16 47464400000.0 710159000000.0 152868000000.0 6830230000.0 164786000000.0 5501940000.0 52355200.0 893189000000.0 4038760000.0 252770000.0 118199000.0 2680120000.0 47043200000.0 24310200000.0 36461400000.0 -3.36 4.286 [-3.36]
43651600000000.0 3.4139e+16 47461800000.0 681793000000.0 140126000000.0 6988880000.0 159182000000.0 4799960000.0 58097200.0 874979000000.0 3395900000.0 203533000.0 119134000.0 2714550000.0 46643800000.0 23424400000.0 32889500000.0 -3.34 4.283 [-3.34]
43651600000000.0 3.24306e+16 47437600000.0 654091000000.0 128290000000.0 7150580000.0 153621000000.0 4182400000.0 64407400.0 855980000000.0 2849990000.0 163560000.0 119875000.0 2745240000.0 46137000000.0 22515000000.0 29590900000.0 -3.32 4.279 [-3.32]
43651600000000.0 3.0808e+16 47392900000.0 627080000000.0 117309000000.0 7315470000.0 148114000000.0 3639890000.0 71333000.0 836244000000.0 2387260000.0 131173000.0 120428000.0 2772410000.0 45530500000.0 21589300000.0 26556800000.0 -3.3 4.276 [-3.3]
43651600000000.0 2.9267e+16 47329000000.0 600781000000.0 107137000000.0 7483650000.0 142669000000.0 3163990000.0 78923500.0 815826000000.0 1995790000.0 104985000.0 120798000.0 2796280000.0 44832900000.0 20653600000.0 23777000000.0 -3.28 4.272 [-3.28]
43651600000000.0 2.78034e+16 47246600000.0 575210000000.0 97727000000.0 7655210000.0 137295000000.0 2747110000.0 87231200.0 794784000000.0 1665240000.0 83854500.0 120990000.0 2817100000.0 44052800000.0 19714300000.0 21239400000.0 -3.26 4.269 [-3.26]
43651600000000.0 2.64133e+16 47146700000.0 550379000000.0 89034400000.0 7830250000.0 132001000000.0 2382440000.0 96311100.0 773180000000.0 1386680000.0 66839400.0 121012000.0 2835160000.0 43199200000.0 18777000000.0 18931100000.0 -3.24 4.266 [-3.24]
43651600000000.0 2.5096e+16 47030800000.0 526353000000.0 81030900000.0 8008790000.0 126804000000.0 2064440000.0 106205000.0 751136000000.0 1152790000.0 53189700.0 120872000.0 2850610000.0 42284200000.0 17849300000.0 16841900000.0 -3.22 4.262 [-3.22]
43651600000000.0 2.38393e+16 46897400000.0 502966000000.0 73627800000.0 8190940000.0 121676000000.0 1785920000.0 117019000.0 728538000000.0 955751000.0 42204500.0 120570000.0 2864060000.0 41306700000.0 16928900000.0 14947300000.0 -3.2 4.259 [-3.2]
43651600000000.0 2.26485e+16 46749400000.0 480388000000.0 66831400000.0 8376660000.0 116657000000.0 1543760000.0 128770000.0 705632000000.0 791040000.0 33433000.0 120122000.0 2875470000.0 40285200000.0 16026900000.0 13243400000.0 -3.18 4.255 [-3.18]
43651600000000.0 2.15176e+16 46586500000.0 458560000000.0 60587100000.0 8565920000.0 111742000000.0 1333020000.0 141537000.0 682423000000.0 653357000.0 26429700.0 119531000.0 2885190000.0 39224300000.0 15144600000.0 11712600000.0 -3.16 4.252 [-3.16]
43651600000000.0 2.04436e+16 46409300000.0 437478000000.0 54857900000.0 8758700000.0 106933000000.0 1149870000.0 155387000.0 658981000000.0 538513000.0 20850300.0 118805000.0 2893500000.0 38132000000.0 14284800000.0 10341100000.0 -3.14 4.248 [-3.14]
43651600000000.0 1.9426e+16 46219100000.0 417185000000.0 49619000000.0 8954920000.0 102247000000.0 991185000.0 170363000.0 635436000000.0 443088000.0 16422300.0 117957000.0 2900530000.0 37019000000.0 13452400000.0 9117470000.0 -3.12 4.245 [-3.12]
43651600000000.0 1.84573e+16 46014800000.0 397575000000.0 44815000000.0 9154460000.0 97663000000.0 853305000.0 186580000.0 611730000000.0 363667000.0 12902600.0 116986000.0 2906720000.0 35885300000.0 12645100000.0 8024530000.0 -3.1 4.241 [-3.1]
43651600000000.0 1.75373e+16 45797500000.0 378685000000.0 40425300000.0 9357120000.0 93195800000.0 733900000.0 204086000.0 587993000000.0 297847000.0 10116700.0 115903000.0 2912160000.0 34740600000.0 11866700000.0 7052370000.0 -3.08 4.238 [-3.08]
43651600000000.0 1.66637e+16 45567200000.0 360503000000.0 36419600000.0 9562670000.0 88846600000.0 630605000.0 222951000.0 564286000000.0 243414000.0 7916300.0 114716000.0 2917040000.0 33590200000.0 11118500000.0 6189430000.0 -3.06 4.234 [-3.06]
43651600000000.0 1.58341e+16 45324700000.0 343020000000.0 32769600000.0 9770860000.0 84617800000.0 541350000.0 243244000.0 540676000000.0 198502000.0 6182180.0 113432000.0 2921540000.0 32439700000.0 10401300000.0 5425060000.0 -3.04 4.231 [-3.04]
43651600000000.0 1.50462e+16 45069400000.0 326216000000.0 29448100000.0 9981280000.0 80509400000.0 464303000.0 265035000.0 517217000000.0 161522000.0 4818290.0 112058000.0 2925780000.0 31293200000.0 9715700000.0 4749190000.0 -3.02 4.227 [-3.02]
43651600000000.0 1.42961e+16 44800900000.0 310038000000.0 26423500000.0 10193500000.0 76512600000.0 397736000.0 288427000.0 493911000000.0 131090000.0 3746090.0 110595000.0 2930000000.0 30151600000.0 9060280000.0 4151610000.0 -3.0 4.224 [-3.0]
43651600000000.0 1.35855e+16 44521100000.0 294552000000.0 23685000000.0 10407100000.0 72647500000.0 340519000.0 313413000.0 470933000000.0 106199000.0 2908250.0 109060000.0 2934100000.0 29025200000.0 8438320000.0 3626110000.0 -2.98 4.221 [-2.98]
43651600000000.0 1.29108e+16 44229300000.0 279702000000.0 21203400000.0 10621500000.0 68904000000.0 291277000.0 340089000.0 448274000000.0 85843700.0 2253470.0 107454000.0 2938270000.0 27913600000.0 7847910000.0 3163780000.0 -2.96 4.217 [-2.96]
43651600000000.0 1.227e+16 43925400000.0 265468000000.0 18957800000.0 10836100000.0 65281800000.0 248939000.0 368508000.0 425983000000.0 69234700.0 1742830.0 105784000.0 2942550000.0 26819700000.0 7288640000.0 2757640000.0 -2.94 4.214 [-2.94]
43651600000000.0 1.16614e+16 43609600000.0 251836000000.0 16928700000.0 11050200000.0 61780100000.0 212570000.0 398720000.0 404105000000.0 55713500.0 1345400.0 104057000.0 2947000000.0 25745500000.0 6759930000.0 2401350000.0 -2.92 4.21 [-2.92]
43651600000000.0 1.10849e+16 43282900000.0 238820000000.0 15101400000.0 11263000000.0 58406400000.0 181415000.0 430718000.0 382736000000.0 44750100.0 1037220.0 102283000.0 2951540000.0 24696100000.0 6262280000.0 2089740000.0 -2.9 4.207 [-2.9]
43651600000000.0 1.05359e+16 42943200000.0 226335000000.0 13451100000.0 11473500000.0 55143000000.0 154641000.0 464631000.0 361808000000.0 35847100.0 797806.0 100457000.0 2956370000.0 23666800000.0 5792390000.0 1816510000.0 -2.88 4.204 [-2.88]
43651600000000.0 1.00146e+16 42591800000.0 214400000000.0 11966300000.0 11680800000.0 51997700000.0 131704000.0 500433000.0 341413000000.0 28649900.0 612591.0 98590300.0 2961390000.0 22662200000.0 5350690000.0 1577720000.0 -2.86 4.2 [-2.86]
43651600000000.0 9519420000000000.0 42228500000.0 202994000000.0 10631800000.0 11883900000.0 48968200000.0 112065000.0 538143000.0 321576000000.0 22844000.0 469546.0 96687500.0 2966580000.0 21682800000.0 4936070000.0 1369190000.0 -2.84 4.197 [-2.84]
43651600000000.0 9049190000000000.0 41853600000.0 192103000000.0 9434700000.0 12081500000.0 46054300000.0 95270200.0 577749000.0 302334000000.0 18172800.0 359314.0 94754600.0 2971880000.0 20730000000.0 4547650000.0 1187340000.0 -2.82 4.194 [-2.82]
43651600000000.0 8602570000000000.0 41467100000.0 181709000000.0 8362070000.0 12272600000.0 43254200000.0 80917100.0 619240000.0 283709000000.0 14422900.0 274512.0 92795900.0 2977260000.0 19804000000.0 4184340000.0 1028880000.0 -2.8 4.19 [-2.8]
43651600000000.0 8178390000000000.0 41068900000.0 171794000000.0 7402360000.0 12455900000.0 40566300000.0 68661000.0 662584000.0 265724000000.0 11419900.0 209392.0 90815900.0 2982640000.0 18905200000.0 3845050000.0 890931000.0 -2.78 4.187 [-2.78]
43651600000000.0 7775520000000000.0 40659300000.0 162343000000.0 6544890000.0 12630000000.0 37989400000.0 58204600.0 707733000.0 248397000000.0 9020770.0 159477.0 88819200.0 2987950000.0 18033800000.0 3528720000.0 770948000.0 -2.76 4.184 [-2.76]
43651600000000.0 7392860000000000.0 40238400000.0 153337000000.0 5779830000.0 12793500000.0 35521800000.0 49291000.0 754622000.0 231744000000.0 7108760.0 121280.0 86809900.0 2993120000.0 17190000000.0 3234230000.0 666677000.0 -2.74 4.181 [-2.74]
43651600000000.0 7028500000000000.0 39805000000.0 144739000000.0 5096800000.0 12944700000.0 33156800000.0 41685300.0 803240000.0 215742000000.0 5586240.0 92053.6 84786800.0 2998110000.0 16371400000.0 2959870000.0 575975000.0 -2.72 4.178 [-2.72]
43651600000000.0 6684190000000000.0 39362900000.0 136599000000.0 4491640000.0 13083400000.0 30908700000.0 35238800.0 853269000.0 200507000000.0 4383180.0 69847.2 82769700.0 3002620000.0 15584700000.0 2706490000.0 497568000.0 -2.7 4.175 [-2.7]
43651600000000.0 6355470000000000.0 38907600000.0 128816000000.0 3951640000.0 13206600000.0 28755300000.0 29736500.0 904882000.0 185907000000.0 3428000.0 52874.4 80741100.0 3006800000.0 14820800000.0 2470540000.0 429333000.0 -2.68 4.171 [-2.68]
43651600000000.0 6044810000000000.0 38444100000.0 121454000000.0 3474490000.0 13314700000.0 26714400000.0 25081200.0 957644000.0 172074000000.0 2676950.0 0.0 78725400.0 3010310000.0 14087900000.0 2253300000.0 370432000.0 -2.66 4.168 [-2.66]
43651600000000.0 5748930000000000.0 37968800000.0 114441000000.0 3050680000.0 13404900000.0 24770100000.0 21122600.0 1011630000.0 158914000000.0 2084550.0 0.0 76709900.0 3013210000.0 13379400000.0 2052080000.0 319330000.0 -2.64 4.165 [-2.64]
43651600000000.0 5467840000000000.0 37483400000.0 107780000000.0 2675600000.0 13476700000.0 22925500000.0 17766900.0 1066590000.0 146455000000.0 1619390.0 0.0 74703100.0 3015340000.0 12697000000.0 1866470000.0 275113000.0 -2.62 4.162 [-2.62]
43651600000000.0 5200800000000000.0 36988000000.0 101457000000.0 2344080000.0 13528800000.0 21178700000.0 14925400.0 1122350000.0 134691000000.0 1255080.0 0.0 72707800.0 3016570000.0 12040300000.0 1695510000.0 236880000.0 -2.6 4.159 [-2.6]
43651600000000.0 4946460000000000.0 36481700000.0 95443900000.0 2050840000.0 13559600000.0 19524200000.0 12517700.0 1178800000.0 123591000000.0 970002.0 0.0 70721600.0 3016830000.0 11407000000.0 1537900000.0 203782000.0 -2.58 4.156 [-2.58]
43651600000000.0 4706100000000000.0 35968900000.0 89772800000.0 1793420000.0 13570500000.0 17970900000.0 10491600.0 1235490000.0 113211000000.0 748646.0 0.0 68763000.0 3015880000.0 10802000000.0 1393880000.0 175308000.0 -2.56 4.153 [-2.56]
43651600000000.0 4477090000000000.0 35445800000.0 84383300000.0 1566230000.0 13558500000.0 16505600000.0 8778300.0 1292450000.0 103468000000.0 576218.0 0.0 66818100.0 3013750000.0 10219400000.0 1261470000.0 150682000.0 -2.54 4.151 [-2.54]
43651600000000.0 4258920000000000.0 34912700000.0 79265300000.0 1366020000.0 13523300000.0 15126900000.0 7331910.0 1349480000.0 94350300000.0 442302.0 0.0 64889400.0 3010290000.0 9658980000.0 1139950000.0 129402000.0 -2.52 4.148 [-2.52]
43651600000000.0 4052200000000000.0 34373000000.0 74434100000.0 1190570000.0 13466300000.0 13838500000.0 6117290.0 1406210000.0 85877300000.0 338928.0 0.0 62989800.0 3005360000.0 9123390000.0 1029140000.0 111097000.0 -2.5 4.145 [-2.5]
43651600000000.0 3855760000000000.0 33825800000.0 69863100000.0 1036630000.0 13386500000.0 12634400000.0 5096480.0 1462500000.0 78007500000.0 259157.0 0.0 61115600.0 2998900000.0 8610420000.0 927980000.0 95326600.0 -2.48 4.142 [-2.48]
