Cloudy_runs/phl1811/z=0.080928/logZ=-1/component_IV_PI_nH/component_IV_PI_nH_col_density_param.txt
# %ECSV 1.0
# ---
# datatype:
# - {name: H, datatype: float64}
# - {name: H+, datatype: float64}
# - {name: C+, datatype: float64}
# - {name: C+2, datatype: float64}
# - {name: C+3, datatype: float64}
# - {name: N+, datatype: float64}
# - {name: N+2, datatype: float64}
# - {name: N+4, datatype: float64}
# - {name: O, datatype: float64}
# - {name: O+2, datatype: float64}
# - {name: O+5, datatype: float64}
# - {name: O+6, datatype: float64}
# - {name: P+, datatype: float64}
# - {name: Si+, datatype: float64}
# - {name: Si+2, datatype: float64}
# - {name: Si+3, datatype: float64}
# - {name: Si+4, datatype: float64}
# - {name: Fe+, datatype: float64}
# - {name: Al+, datatype: float64}
# - {name: log_nH, datatype: float64}
# - {name: parameters, datatype: string, subtype: 'float64[1]'}
# schema: astropy-2.0
H H+ C+ C+2 C+3 N+ N+2 N+4 O O+2 O+5 O+6 P+ Si+ Si+2 Si+3 Si+4 Fe+ Al+ log_nH parameters
41686900000000.0 1.32657e+18 3542060000.0 479874000000.0 1619830000000.0 265745000.0 77560700000.0 1422310000000.0 20705.5 202844000000.0 15296000000000.0 22118700000000.0 198038.0 3070370.0 143994000.0 629847000.0 59406600000.0 697.681 92404.6 -5.0 [-5.0]
41686900000000.0 1.25645e+18 3830550000.0 505094000000.0 1640620000000.0 289618000.0 82386600000.0 1399250000000.0 23160.3 216255000000.0 14478000000000.0 19935100000000.0 232237.0 3629090.0 166646000.0 705175000.0 62999700000.0 846.435 110365.0 -4.98 [-4.98]
41686900000000.0 1.19023e+18 4138430000.0 531014000000.0 1659760000000.0 315360000.0 87410900000.0 1374300000000.0 25904.4 230244000000.0 13673800000000.0 17932800000000.0 271897.0 4281200.0 192552000.0 788271000.0 66711100000.0 1026.04 131493.0 -4.96 [-4.96]
41686900000000.0 1.12763e+18 4466220000.0 557598000000.0 1677200000000.0 343030000.0 92624700000.0 1347520000000.0 28964.8 244787000000.0 12885900000000.0 16099900000000.0 317775.0 5040680.0 222132000.0 879821000.0 70537200000.0 1242.64 156298.0 -4.94 [-4.94]
41686900000000.0 1.06845e+18 4814820000.0 584821000000.0 1692910000000.0 372719000.0 98022000000.0 1319000000000.0 32376.8 259870000000.0 12116900000000.0 14426000000000.0 370750.0 5923450.0 255851000.0 980525000.0 74473000000.0 1503.58 185359.0 -4.92 [-4.92]
41686900000000.0 1.01249e+18 5185080000.0 612651000000.0 1706830000000.0 404517000.0 103595000000.0 1288820000000.0 36179.2 275478000000.0 11368900000000.0 12900800000000.0 431809.0 6947430.0 294226000.0 1091120000.0 78512500000.0 1817.59 219338.0 -4.9 [-4.9]
41686900000000.0 9.59551e+17 5577720000.0 641048000000.0 1718930000000.0 438497000.0 109332000000.0 1257100000000.0 40413.4 291586000000.0 10643800000000.0 11514300000000.0 502038.0 8132710.0 337826000.0 1212390000.0 82648900000.0 2195.02 258988.0 -4.88 [-4.88]
41686900000000.0 9.09463e+17 5993640000.0 669974000000.0 1729160000000.0 474745000.0 115224000000.0 1223940000000.0 45128.7 308174000000.0 9943330000000.0 10256600000000.0 582678.0 9501960.0 387278000.0 1345140000.0 86874200000.0 2648.21 305165.0 -4.86 [-4.86]
41686900000000.0 8.62059e+17 6433530000.0 699378000000.0 1737490000000.0 513327000.0 121255000000.0 1189460000000.0 50377.1 325213000000.0 9268930000000.0 9118490000000.0 675083.0 11080400.0 443276000.0 1490240000.0 91179600000.0 3191.71 358841.0 -4.84 [-4.84]
41686900000000.0 8.17186e+17 6898070000.0 729207000000.0 1743880000000.0 554302000.0 127411000000.0 1153790000000.0 56217.1 342675000000.0 8621790000000.0 8090930000000.0 780763.0 12896200.0 506576000.0 1648570000.0 95555300000.0 3842.75 421120.0 -4.82 [-4.82]
41686900000000.0 7.74703e+17 7387890000.0 759403000000.0 1748310000000.0 597725000.0 133674000000.0 1117080000000.0 62714.6 360529000000.0 8002810000000.0 7165310000000.0 901388.0 14980700.0 578011000.0 1821060000.0 99990600000.0 4621.69 493248.0 -4.8 [-4.8]
41686900000000.0 7.34467e+17 7903420000.0 789896000000.0 1750740000000.0 643626000.0 140023000000.0 1079450000000.0 69940.6 378736000000.0 7412600000000.0 6333390000000.0 1038780.0 17368600.0 658485000.0 2008680000.0 104474000000.0 5552.52 576637.0 -4.78 [-4.78]
41686900000000.0 6.96356e+17 8445100000.0 820613000000.0 1751150000000.0 692036000.0 146439000000.0 1041060000000.0 77976.9 397261000000.0 6851620000000.0 5587400000000.0 1194940.0 20097900.0 748983000.0 2212430000.0 108992000000.0 6663.44 672871.0 -4.76 [-4.76]
41686900000000.0 6.60256e+17 9013530000.0 851484000000.0 1749510000000.0 743000000.0 152900000000.0 1002060000000.0 86918.4 416072000000.0 6320030000000.0 4920010000000.0 1372130.0 23211200.0 850580000.0 2433300000.0 113531000000.0 7987.77 783735.0 -4.74 [-4.74]
41686900000000.0 6.2606e+17 9609100000.0 882430000000.0 1745820000000.0 796542000.0 159386000000.0 962613000000.0 96870.2 435134000000.0 5817830000000.0 4324320000000.0 1572790.0 26754900.0 964430000.0 2672300000.0 118077000000.0 9564.45 911222.0 -4.72 [-4.72]
41686900000000.0 5.93657e+17 10231700000.0 913351000000.0 1740050000000.0 852635000.0 165869000000.0 922862000000.0 107944.0 454400000000.0 5344760000000.0 3793760000000.0 1799500.0 30779400.0 1091780000.0 2930520000.0 122613000000.0 11439.2 1057580.0 -4.7 [-4.7]
41686900000000.0 5.62954e+17 10881600000.0 944161000000.0 1732200000000.0 911296000.0 172327000000.0 882970000000.0 120274.0 473834000000.0 4900430000000.0 3322280000000.0 2055170.0 35340300.0 1233980000.0 3208990000.0 127123000000.0 13665.4 1225320.0 -4.68 [-4.68]
41686900000000.0 5.33853e+17 11559200000.0 974772000000.0 1722270000000.0 972543000.0 178737000000.0 843080000000.0 134016.0 493405000000.0 4484160000000.0 2904110000000.0 2343000.0 40499400.0 1392510000.0 3508800000.0 131590000000.0 16304.4 1417060.0 -4.66 [-4.66]
41686900000000.0 5.06287e+17 12263400000.0 1005050000000.0 1710260000000.0 1036280000.0 185068000000.0 803374000000.0 149321.0 513051000000.0 4095530000000.0 2534280000000.0 2666050.0 46317100.0 1568790000.0 3830820000.0 135994000000.0 19426.9 1635800.0 -4.64 [-4.64]
41686900000000.0 4.80153e+17 12994600000.0 1034910000000.0 1696170000000.0 1102520000.0 191299000000.0 763966000000.0 166391.0 532748000000.0 3733390000000.0 2207620000000.0 3028210.0 52868500.0 1764560000.0 4176270000.0 140318000000.0 23120.1 1885190.0 -4.62 [-4.62]
41686900000000.0 4.55388e+17 13752800000.0 1064240000000.0 1680020000000.0 1171290000.0 197407000000.0 725009000000.0 185448.0 552462000000.0 3396920000000.0 1919830000000.0 3433510.0 60229200.0 1981550000.0 4545980000.0 144541000000.0 27481.6 2168940.0 -4.6 [-4.6]
41686900000000.0 4.31912e+17 14536500000.0 1092920000000.0 1661830000000.0 1242450000.0 203363000000.0 686635000000.0 206721.0 572137000000.0 3085100000000.0 1666750000000.0 3885830.0 68478200.0 2221540000.0 4940970000.0 148643000000.0 32624.3 2491200.0 -4.58 [-4.58]
41686900000000.0 4.09669e+17 15346800000.0 1120860000000.0 1641640000000.0 1316120000.0 209153000000.0 648970000000.0 230512.0 591756000000.0 2796840000000.0 1444700000000.0 4390200.0 77706500.0 2486520000.0 5361890000.0 152604000000.0 38680.6 2856560.0 -4.56 [-4.56]
41686900000000.0 3.88584e+17 16182100000.0 1147930000000.0 1619470000000.0 1392180000.0 214749000000.0 612120000000.0 257127.0 611272000000.0 2530960000000.0 1250190000000.0 4951260.0 88007200.0 2778540000.0 5809700000.0 156404000000.0 45803.7 3270140.0 -4.54 [-4.54]
41686900000000.0 3.68603e+17 17040000000.0 1173960000000.0 1595380000000.0 1470460000.0 220123000000.0 576210000000.0 286887.0 630621000000.0 2286460000000.0 1080210000000.0 5573330.0 99468700.0 3099480000.0 6284990000.0 160020000000.0 54163.2 3737200.0 -4.52 [-4.52]
41686900000000.0 3.49655e+17 17920900000.0 1198880000000.0 1569410000000.0 1551040000.0 225263000000.0 541301000000.0 320232.0 649794000000.0 2061930000000.0 931837000000.0 6262560.0 112207000.0 3451790000.0 6788520000.0 163433000000.0 63968.9 4264160.0 -4.5 [-4.5]
41686900000000.0 3.31705e+17 18822400000.0 1222550000000.0 1541650000000.0 1633780000.0 230143000000.0 507513000000.0 357580.0 668730000000.0 1856430000000.0 802692000000.0 7023710.0 126317000.0 3837360000.0 7320360000.0 166620000000.0 75441.2 4857000.0 -4.48 [-4.48]
41686900000000.0 3.14686e+17 19744300000.0 1244870000000.0 1512130000000.0 1718740000.0 234753000000.0 474881000000.0 399482.0 687411000000.0 1668580000000.0 690383000000.0 7863430.0 141925000.0 4258790000.0 7881080000.0 169562000000.0 88856.2 5523340.0 -4.46 [-4.46]
41686900000000.0 2.98555e+17 20684700000.0 1265720000000.0 1480960000000.0 1805830000.0 239075000000.0 443477000000.0 446506.0 705796000000.0 1497300000000.0 592927000000.0 8787450.0 159145000.0 4718250000.0 8470630000.0 172240000000.0 104513.0 6270650.0 -4.44 [-4.44]
41686900000000.0 2.83262e+17 21640800000.0 1284980000000.0 1448220000000.0 1894930000.0 243091000000.0 413343000000.0 499295.0 723839000000.0 1341440000000.0 508489000000.0 9801520.0 178096000.0 5218040000.0 9089060000.0 174634000000.0 122760.0 7107290.0 -4.42 [-4.42]
41686900000000.0 2.6877e+17 22612500000.0 1302570000000.0 1414010000000.0 1986130000.0 246796000000.0 384517000000.0 558617.0 741519000000.0 1199920000000.0 435472000000.0 10912700.0 198908000.0 5760510000.0 9735730000.0 176724000000.0 143990.0 8042060.0 -4.4 [-4.4]
41686900000000.0 2.5503e+17 23596200000.0 1318360000000.0 1378430000000.0 2079260000.0 250171000000.0 357019000000.0 625286.0 758788000000.0 1071670000000.0 372421000000.0 12126700.0 221702000.0 6347820000.0 10410300000.0 178494000000.0 168653.0 9084510.0 -4.38 [-4.38]
41686900000000.0 2.42003e+17 24591700000.0 1332320000000.0 1341580000000.0 2174470000.0 253215000000.0 330853000000.0 700307.0 775631000000.0 955623000000.0 318051000000.0 13451200.0 246629000.0 6982500000.0 11111800000.0 179928000000.0 197275.0 10245400.0 -4.36 [-4.36]
41686900000000.0 2.29656e+17 25593900000.0 1344290000000.0 1303610000000.0 2271460000.0 255912000000.0 306045000000.0 784647.0 791987000000.0 850908000000.0 271269000000.0 14889900.0 273780000.0 7666010000.0 11839000000.0 181010000000.0 230404.0 11534400.0 -4.34 [-4.34]
41686900000000.0 2.17953e+17 26601400000.0 1354230000000.0 1264640000000.0 2370290000.0 258259000000.0 282576000000.0 879545.0 807836000000.0 756555000000.0 231065000000.0 16449800.0 303298000.0 8400500000.0 12590500000.0 181727000000.0 268706.0 12963600.0 -4.32 [-4.32]
41686900000000.0 2.06863e+17 27611100000.0 1362090000000.0 1224830000000.0 2470880000.0 260251000000.0 260446000000.0 986295.0 823141000000.0 671729000000.0 196580000000.0 18135300.0 335284000.0 9187290000.0 13364200000.0 182067000000.0 312891.0 14544100.0 -4.3 [-4.3]
41686900000000.0 1.96343e+17 28621300000.0 1367810000000.0 1184260000000.0 2573280000.0 261887000000.0 239608000000.0 1106510.0 837880000000.0 595525000000.0 167014000000.0 19953000.0 369892000.0 10028400000.0 14158500000.0 182021000000.0 363833.0 16290100.0 -4.28 [-4.28]
41686900000000.0 1.86369e+17 29628700000.0 1371370000000.0 1143100000000.0 2677400000.0 263165000000.0 220047000000.0 1241850.0 852019000000.0 527222000000.0 141714000000.0 21906400.0 407213000.0 10924700000.0 14970500000.0 181580000000.0 422442.0 18214100.0 -4.26 [-4.26]
41686900000000.0 1.7691e+17 30630200000.0 1372720000000.0 1101500000000.0 2783180000.0 264083000000.0 201729000000.0 1394220.0 865525000000.0 466100000000.0 120094000000.0 23998500.0 447343000.0 11876800000.0 15797300000.0 180739000000.0 489760.0 20329800.0 -4.24 [-4.24]
41686900000000.0 1.67942e+17 31622900000.0 1371870000000.0 1059590000000.0 2890600000.0 264644000000.0 184617000000.0 1565770.0 878370000000.0 411499000000.0 101646000000.0 26231600.0 490365000.0 12885000000.0 16635500000.0 179494000000.0 566952.0 22651400.0 -4.22 [-4.22]
41686900000000.0 1.59436e+17 32604100000.0 1368820000000.0 1017530000000.0 2999630000.0 264850000000.0 168668000000.0 1758890.0 890527000000.0 362799000000.0 85924100000.0 28607000.0 536349000.0 13948900000.0 17481300000.0 177845000000.0 655320.0 25193200.0 -4.2 [-4.2]
41686900000000.0 1.5137e+17 33571100000.0 1363590000000.0 975465000000.0 3110240000.0 264706000000.0 153837000000.0 1976290.0 901968000000.0 319431000000.0 72544200000.0 31124600.0 585345000.0 15067800000.0 18330500000.0 175794000000.0 756315.0 27970300.0 -4.18 [-4.18]
41686900000000.0 1.43719e+17 34520600000.0 1356210000000.0 933526000000.0 3222370000.0 264216000000.0 140075000000.0 2220960.0 912665000000.0 280870000000.0 61171500000.0 33782100.0 637376000.0 16240100000.0 19178500000.0 173345000000.0 871553.0 30997600.0 -4.16 [-4.16]
41686900000000.0 1.36461e+17 35449600000.0 1346730000000.0 891857000000.0 3335970000.0 263386000000.0 127335000000.0 2496280.0 922592000000.0 246636000000.0 51517300000.0 36575600.0 692436000.0 17463400000.0 20020600000.0 170505000000.0 1002820.0 34290100.0 -4.14 [-4.14]
41686900000000.0 1.29576e+17 36355600000.0 1335190000000.0 850587000000.0 3451010000.0 262223000000.0 115564000000.0 2805990.0 931723000000.0 216286000000.0 43332100000.0 39499900.0 750499000.0 18734900000.0 20851200000.0 167285000000.0 1152110.0 37863000.0 -4.12 [-4.12]
41686900000000.0 1.23043e+17 37235900000.0 1321680000000.0 809842000000.0 3567450000.0 260736000000.0 104711000000.0 3154310.0 940034000000.0 189420000000.0 36401300000.0 42547400.0 811499000.0 20050400000.0 21664800000.0 163697000000.0 1321610.0 41731100.0 -4.1 [-4.1]
41686900000000.0 1.16844e+17 38087800000.0 1306270000000.0 769742000000.0 3685250000.0 258933000000.0 94725700000.0 3545900.0 947502000000.0 165671000000.0 30539800000.0 45708700.0 875335000.0 21405400000.0 22455600000.0 159759000000.0 1513750.0 45908900.0 -4.08 [-4.08]
41686900000000.0 1.10955e+17 38910100000.0 1289050000000.0 730356000000.0 3804470000.0 256821000000.0 85548200000.0 3986340.0 954103000000.0 144689000000.0 25585000000.0 48975100.0 941941000.0 22794800000.0 23217400000.0 155483000000.0 1731430.0 50414500.0 -4.06 [-4.06]
41686900000000.0 1.05372e+17 39698800000.0 1270130000000.0 691863000000.0 3924890000.0 254418000000.0 77145300000.0 4480750.0 959813000000.0 126211000000.0 21409100000.0 52327700.0 1011000000.0 24210400000.0 23943800000.0 150903000000.0 1977180.0 55253200.0 -4.04 [-4.04]
41686900000000.0 1.00073e+17 40452800000.0 1249630000000.0 654317000000.0 4046580000.0 251731000000.0 69459300000.0 5035880.0 964612000000.0 109945000000.0 17890800000.0 55753700.0 1082360000.0 25645300000.0 24628700000.0 146037000000.0 2254420.0 60440900.0 -4.02 [-4.02]
41686900000000.0 9.50424e+16 41171300000.0 1227660000000.0 617796000000.0 4169560000.0 248775000000.0 62442200000.0 5658910.0 968482000000.0 95647100000.0 14930600000.0 59237800.0 1155780000.0 27091500000.0 25265500000.0 140915000000.0 2566690.0 65989200.0 -4.0 [-4.0]
41686900000000.0 9.02668e+16 41852200000.0 1204340000000.0 582373000000.0 4293790000.0 245560000000.0 56047600000.0 6357740.0 971403000000.0 83094900000.0 12442800000.0 62760600.0 1230940000.0 28539300000.0 25848300000.0 135565000000.0 2917890.0 71907900.0 -3.98 [-3.98]
41686900000000.0 8.57326e+16 42494500000.0 1179800000000.0 548107000000.0 4419250000.0 242101000000.0 50231200000.0 7141170.0 973356000000.0 72090600000.0 10354900000.0 66302800.0 1307510000.0 29978800000.0 26371100000.0 130021000000.0 3312260.0 78205400.0 -3.96 [-3.96]
41686900000000.0 8.14272e+16 43097100000.0 1154160000000.0 515046000000.0 4545940000.0 238411000000.0 44949900000.0 8018900.0 974324000000.0 62456200000.0 8604890000.0 69844100.0 1385120000.0 31399500000.0 26828500000.0 124316000000.0 3754440.0 84888300.0 -3.94 [-3.94]
41686900000000.0 7.73391e+16 43659900000.0 1127560000000.0 483232000000.0 4673910000.0 234505000000.0 40163600000.0 9001630.0 974295000000.0 54033200000.0 7140130000.0 73364300.0 1463370000.0 32790200000.0 27215300000.0 118486000000.0 4249460.0 91961300.0 -3.92 [-3.92]
41686900000000.0 7.34621e+16 44182400000.0 1100170000000.0 452731000000.0 4803100000.0 230406000000.0 35838400000.0 10100000.0 973265000000.0 46687700000.0 5917140000.0 76839900.0 1541740000.0 34139400000.0 27527400000.0 112575000000.0 4802100.0 99418300.0 -3.9 [-3.9]
41686900000000.0 6.97705e+16 44664700000.0 1072000000000.0 423450000000.0 4933750000.0 226106000000.0 31922600000.0 11330400.0 971188000000.0 40267900000.0 4893930000.0 80258500.0 1620080000.0 35436700000.0 27759900000.0 106598000000.0 5420450.0 107286000.0 -3.88 [-3.88]
41686900000000.0 6.62691e+16 45107400000.0 1043290000000.0 395509000000.0 5065750000.0 221643000000.0 28396600000.0 12703900.0 968091000000.0 34685200000.0 4042150000.0 83593100.0 1697680000.0 36670000000.0 27910900000.0 100615000000.0 6108920.0 115536000.0 -3.86 [-3.86]
41686900000000.0 6.29437e+16 45510300000.0 1014120000000.0 368876000000.0 5199180000.0 217025000000.0 25223100000.0 14237000.0 963954000000.0 29831600000.0 3333250000.0 86826200.0 1774150000.0 37828500000.0 27978100000.0 94653900000.0 6875180.0 124173000.0 -3.84 [-3.84]
