Cloudy_runs/phl1811/z=0.080928/logZ=-1/component_IV_PI_nH/component_IV_PI_nH_col_density_param.txt
# %ECSV 1.0
# ---
# datatype:
# - {name: H, datatype: float64}
# - {name: H+, datatype: float64}
# - {name: C+, datatype: float64}
# - {name: C+2, datatype: float64}
# - {name: C+3, datatype: float64}
# - {name: N+, datatype: float64}
# - {name: N+2, datatype: float64}
# - {name: N+4, datatype: float64}
# - {name: O, datatype: float64}
# - {name: O+2, datatype: float64}
# - {name: O+5, datatype: float64}
# - {name: O+6, datatype: float64}
# - {name: P+, datatype: float64}
# - {name: Si+, datatype: float64}
# - {name: Si+2, datatype: float64}
# - {name: Si+3, datatype: float64}
# - {name: Si+4, datatype: float64}
# - {name: Fe+, datatype: float64}
# - {name: Al+, datatype: float64}
# - {name: log_nH, datatype: float64}
# - {name: parameters, datatype: string, subtype: 'float64[1]'}
# schema: astropy-2.0
H H+ C+ C+2 C+3 N+ N+2 N+4 O O+2 O+5 O+6 P+ Si+ Si+2 Si+3 Si+4 Fe+ Al+ log_nH parameters
[from data line 60]
41686900000000.0 5.679e+16 46201000000.0 954960000000.0 319535000000.0 5470670000.0 207395000000.0 19817600000.0 17850400.0 952569000000.0 21969700000.0 2256000000.0 92919200.0 1921930000.0 39881500000.0 27858100000.0 82947800000.0 8670560.0 142563000.0 -3.8 [-3.8]
41686900000000.0 5.39365e+16 46490400000.0 925079000000.0 296730000000.0 5609040000.0 202396000000.0 17524000000.0 19974000.0 945279000000.0 18803100000.0 1850530000.0 95752900.0 1992650000.0 40757800000.0 27669800000.0 77252500000.0 9719330.0 152318000.0 -3.78 [-3.78]
41686900000000.0 5.12349e+16 46744900000.0 895296000000.0 275237000000.0 5749150000.0 197324000000.0 15479500000.0 22330600.0 937000000000.0 16074100000.0 1516140000.0 98421700.0 2060430000.0 41525100000.0 27401200000.0 71725500000.0 10876700.0 162387000.0 -3.76 [-3.76]
41686900000000.0 4.86648e+16 46964700000.0 865541000000.0 254929000000.0 5891270000.0 192164000000.0 13651900000.0 24951700.0 927668000000.0 13715500000.0 1239620000.0 100920000.0 2125300000.0 42176200000.0 27052000000.0 66369000000.0 12157400.0 172792000.0 -3.74 [-3.74]
41686900000000.0 4.62238e+16 47151400000.0 835954000000.0 235804000000.0 6035480000.0 186941000000.0 12023500000.0 27860900.0 917317000000.0 11683300000.0 1011700000.0 103237000.0 2186870000.0 42707100000.0 26627000000.0 61213500000.0 13570700.0 183497000.0 -3.72 [-3.72]
41686900000000.0 4.39053e+16 47306400000.0 806616000000.0 217827000000.0 6181910000.0 181670000000.0 10574800000.0 31086200.0 905966000000.0 9935230000.0 824165000.0 105367000.0 2244930000.0 43115000000.0 26130800000.0 56278000000.0 15128100.0 194480000.0 -3.7 [-3.7]
41686900000000.0 4.17034e+16 47431200000.0 777599000000.0 200958000000.0 6330660000.0 176364000000.0 9288040000.0 34657900.0 893633000000.0 8434000000.0 670139000.0 107303000.0 2299320000.0 43398600000.0 25568700000.0 51577900000.0 16842000.0 205712000.0 -3.68 [-3.68]
41686900000000.0 3.96084e+16 47527200000.0 748914000000.0 185131000000.0 6481260000.0 171027000000.0 8145290000.0 38613700.0 880308000000.0 7145060000.0 543691000.0 109045000.0 2350060000.0 43557000000.0 24944700000.0 47118400000.0 18728200.0 217184000.0 -3.66 [-3.66]
41686900000000.0 3.76225e+16 47596100000.0 720728000000.0 170355000000.0 6634300000.0 165694000000.0 7135230000.0 42978700.0 866090000000.0 6043770000.0 440394000.0 110587000.0 2396860000.0 43594200000.0 24268800000.0 42920700000.0 20794900.0 228828000.0 -3.64 [-3.64]
41686900000000.0 3.57364e+16 47638800000.0 693035000000.0 156559000000.0 6789980000.0 160365000000.0 6242310000.0 47795000.0 850976000000.0 5102850000.0 356024000.0 111932000.0 2439830000.0 43511900000.0 23546000000.0 38982300000.0 23059300.0 240627000.0 -3.62 [-3.62]
41686900000000.0 3.39451e+16 47656700000.0 665880000000.0 143698000000.0 6948420000.0 155052000000.0 5454160000.0 53102200.0 835002000000.0 4300400000.0 287248000.0 113079000.0 2479030000.0 43314500000.0 22783100000.0 35304700000.0 25536800.0 252545000.0 -3.6 [-3.6]
41686900000000.0 3.22439e+16 47651000000.0 639300000000.0 131728000000.0 7109730000.0 149766000000.0 4759530000.0 58942800.0 818209000000.0 3617270000.0 231294000.0 114031000.0 2514560000.0 43007300000.0 21987100000.0 31885800000.0 28243300.0 264545000.0 -3.58 [-3.58]
41686900000000.0 3.06282e+16 47622900000.0 613327000000.0 120603000000.0 7274040000.0 144519000000.0 4148240000.0 65361800.0 800642000000.0 3036810000.0 185863000.0 114792000.0 2546560000.0 42596600000.0 21164800000.0 28721400000.0 31195700.0 276587000.0 -3.56 [-3.56]
41686900000000.0 2.90939e+16 47573400000.0 587989000000.0 110279000000.0 7441450000.0 139319000000.0 3611060000.0 72406600.0 782349000000.0 2544530000.0 149050000.0 115366000.0 2575200000.0 42089500000.0 20323000000.0 25804800000.0 34411300.0 288630000.0 -3.54 [-3.54]
41686900000000.0 2.76367e+16 47503800000.0 563307000000.0 100713000000.0 7612060000.0 134176000000.0 3139700000.0 80127400.0 763381000000.0 2127830000.0 119283000.0 115758000.0 2600690000.0 41493600000.0 19467900000.0 23127200000.0 37908200.0 300634000.0 -3.52 [-3.52]
41686900000000.0 2.62528e+16 47414900000.0 539297000000.0 91861300000.0 7785950000.0 129097000000.0 2726680000.0 88576800.0 743795000000.0 1775810000.0 95262500.0 115975000.0 2623250000.0 40816800000.0 18605800000.0 20678500000.0 41705000.0 312557000.0 -3.5 [-3.5]
41686900000000.0 2.49386e+16 47307800000.0 515974000000.0 83682900000.0 7963180000.0 124092000000.0 2365270000.0 97809900.0 723648000000.0 1479020000.0 75921200.0 116022000.0 2643130000.0 40067500000.0 17742000000.0 18447400000.0 45820600.0 324355000.0 -3.48 [-3.48]
41686900000000.0 2.36906e+16 47183100000.0 493344000000.0 76136800000.0 8143790000.0 119166000000.0 2049470000.0 107884000.0 703001000000.0 1229300000.0 60380300.0 115907000.0 2660580000.0 39253900000.0 16881900000.0 16421500000.0 50274600.0 335986000.0 -3.46 [-3.46]
41686900000000.0 2.25081e+16 47042500000.0 471467000000.0 69197800000.0 8327790000.0 114337000000.0 1774380000.0 118843000.0 681971000000.0 1019990000.0 47940800.0 115639000.0 2675750000.0 38387400000.0 16032200000.0 14591100000.0 55077200.0 347389000.0 -3.44 [-3.44]
41686900000000.0 2.138e+16 46884200000.0 450188000000.0 62787100000.0 8515190000.0 109576000000.0 1533690000.0 130799000.0 660453000000.0 843947000.0 37951700.0 115218000.0 2689210000.0 37466700000.0 15190700000.0 12934000000.0 60275800.0 358581000.0 -3.42 [-3.42]
41686900000000.0 2.03111e+16 46711100000.0 429660000000.0 56909400000.0 8705890000.0 104923000000.0 1324620000.0 143764000.0 638681000000.0 697053000.0 29993600.0 114658000.0 2700890000.0 36508800000.0 14367400000.0 11446100000.0 65862600.0 369462000.0 -3.4 [-3.4]
41686900000000.0 1.92961e+16 46523000000.0 409830000000.0 51516500000.0 8899840000.0 100371000000.0 1142870000.0 157822000.0 616663000000.0 574496000.0 23654800.0 113965000.0 2711150000.0 35518000000.0 13563300000.0 10111600000.0 71865900.0 380011000.0 -3.38 [-3.38]
41686900000000.0 1.83345e+16 46321300000.0 390740000000.0 46585100000.0 9096940000.0 95932500000.0 985355000.0 173014000.0 594525000000.0 472644000.0 18625100.0 113150000.0 2720110000.0 34504700000.0 12783000000.0 8919700000.0 78291800.0 390174000.0 -3.36 [-3.36]
41686900000000.0 1.74191e+16 46104800000.0 372287000000.0 42063300000.0 9296990000.0 91590900000.0 848459000.0 189454000.0 572215000000.0 387864000.0 14628100.0 112215000.0 2728190000.0 33469000000.0 12024700000.0 7854140000.0 85182100.0 399952000.0 -3.34 [-3.34]
41686900000000.0 1.65499e+16 45874600000.0 354512000000.0 37931800000.0 9499790000.0 87359100000.0 729876000.0 207187000.0 549857000000.0 317597000.0 11465200.0 111169000.0 2735490000.0 32420200000.0 11292200000.0 6905520000.0 92541800.0 409292000.0 -3.32 [-3.32]
41686900000000.0 1.57225e+16 45630100000.0 337359000000.0 34154400000.0 9704980000.0 83228700000.0 627071000.0 226311000.0 527453000000.0 259384000.0 8963560.0 110017000.0 2742280000.0 31360400000.0 10585200000.0 6061400000.0 100402000.0 418177000.0 -3.3 [-3.3]
41686900000000.0 1.49408e+16 45374300000.0 320946000000.0 30727700000.0 9912400000.0 79231700000.0 538578000.0 246802000.0 505241000000.0 211537000.0 7000230.0 108777000.0 2748420000.0 30304300000.0 9909850000.0 5315870000.0 108731000.0 426531000.0 -3.28 [-3.28]
41686900000000.0 1.41965e+16 45104500000.0 305130000000.0 27602800000.0 10121500000.0 75338900000.0 462001000.0 268815000.0 483103000000.0 172062000.0 5453350.0 107444000.0 2754350000.0 29246700000.0 9261630000.0 4654980000.0 117587000.0 434371000.0 -3.26 [-3.26]
41686900000000.0 1.34879e+16 44820700000.0 289903000000.0 24757900000.0 10331700000.0 71551600000.0 395823000.0 292418000.0 461099000000.0 139582000.0 4237750.0 106024000.0 2760200000.0 28191500000.0 8641140000.0 4070310000.0 126981000.0 441670000.0 -3.24 [-3.24]
41686900000000.0 1.28168e+16 44525300000.0 275329000000.0 22182700000.0 10542600000.0 67889300000.0 338926000.0 317599000.0 439398000000.0 113022000.0 3288280.0 104534000.0 2765860000.0 27148800000.0 8051620000.0 3555900000.0 136885000.0 448383000.0 -3.22 [-3.22]
41686900000000.0 1.21796e+16 44217300000.0 261352000000.0 19849800000.0 10753700000.0 64342500000.0 289947000.0 344447000.0 417993000000.0 91307100.0 2546600.0 102975000.0 2771510000.0 26118400000.0 7491390000.0 3103130000.0 147321000.0 454503000.0 -3.2 [-3.2]
41686900000000.0 1.15744e+16 43896800000.0 247958000000.0 17739400000.0 10964100000.0 60910800000.0 247824000.0 373008000.0 396933000000.0 73594900.0 1968460.0 101354000.0 2777230000.0 25102900000.0 6960160000.0 2705220000.0 158289000.0 460014000.0 -3.18 [-3.18]
41686900000000.0 1.09997e+16 43563900000.0 235131000000.0 15832900000.0 11173100000.0 57594100000.0 211631000.0 403325000.0 376264000000.0 59181400.0 1518720.0 99676600.0 2783040000.0 24104600000.0 6457500000.0 2356020000.0 169785000.0 464903000.0 -3.16 [-3.16]
41686900000000.0 1.04553e+16 43219700000.0 222885000000.0 14116800000.0 11380000000.0 54399200000.0 180620000.0 435381000.0 356077000000.0 47500200.0 1170180.0 97953900.0 2788880000.0 23128200000.0 5983960000.0 2050520000.0 181780000.0 469156000.0 -3.14 [-3.14]
41686900000000.0 9937090000000000.0 42862300000.0 211142000000.0 12567600000.0 11583500000.0 51310200000.0 153965000.0 469294000.0 336314000000.0 38020200.0 899573.0 96181800.0 2794950000.0 22169900000.0 5536530000.0 1782610000.0 194308000.0 472779000.0 -3.12 [-3.12]
41686900000000.0 9444810000000000.0 42492300000.0 199915000000.0 11174000000.0 11782600000.0 48332900000.0 131120000.0 505034000.0 317053000000.0 30359400.0 690296.0 94369400.0 2801160000.0 21233100000.0 5115540000.0 1548340000.0 207336000.0 475756000.0 -3.1 [-3.1]
41686900000000.0 8977340000000000.0 42110500000.0 189190000000.0 9922420000.0 11976500000.0 45467300000.0 111561000.0 542598000.0 298333000000.0 24184800.0 528801.0 92523600.0 2807460000.0 20319600000.0 4720160000.0 1343770000.0 220838000.0 478096000.0 -3.08 [-3.08]
41686900000000.0 8533450000000000.0 41716700000.0 178952000000.0 8800040000.0 12163700000.0 42712400000.0 94829800.0 581971000.0 280184000000.0 19220500.0 404419.0 90648900.0 2813820000.0 19430000000.0 4349530000.0 1165320000.0 234794000.0 479795000.0 -3.06 [-3.06]
41686900000000.0 8111880000000000.0 41311000000.0 169183000000.0 7794890000.0 12343200000.0 40066600000.0 80529500.0 623126000.0 262628000000.0 15238700.0 308791.0 88749900.0 2820200000.0 18564900000.0 4002680000.0 1009800000.0 249176000.0 480859000.0 -3.04 [-3.04]
41686900000000.0 7711520000000000.0 40893500000.0 159867000000.0 6896030000.0 12513600000.0 37528700000.0 68317300.0 666020000.0 245688000000.0 12052700.0 235404.0 86831100.0 2826550000.0 17724700000.0 3678610000.0 874406000.0 263953000.0 481296000.0 -3.02 [-3.02]
41686900000000.0 7331280000000000.0 40464300000.0 150989000000.0 6093370000.0 12673500000.0 35097500000.0 57897300.0 710592000.0 229384000000.0 9509760.0 179186.0 84896900.0 2832780000.0 16909700000.0 3376320000.0 756628000.0 279089000.0 481114000.0 -3.0 [-3.0]
41686900000000.0 6970160000000000.0 40023600000.0 142533000000.0 5377620000.0 12821600000.0 32771600000.0 49014600.0 756765000.0 213729000000.0 7485240.0 136194.0 82951500.0 2838820000.0 16119900000.0 3094800000.0 654266000.0 294546000.0 480327000.0 -2.98 [-2.98]
41686900000000.0 6626320000000000.0 39570200000.0 134463000000.0 4738980000.0 12956100000.0 30544600000.0 41435300.0 804516000.0 198704000000.0 5874820.0 103318.0 80993500.0 2844640000.0 15353400000.0 2832430000.0 565219000.0 310312000.0 478943000.0 -2.96 [-2.96]
41686900000000.0 6300610000000000.0 39107100000.0 126806000000.0 4172380000.0 13076600000.0 28425500000.0 35000100.0 853592000.0 184385000000.0 4601760.0 78314.7 79037300.0 2850010000.0 14614400000.0 2589480000.0 488109000.0 326284000.0 476990000.0 -2.94 [-2.94]
41686900000000.0 5991260000000000.0 38633100000.0 119525000000.0 3669240000.0 13181100000.0 26407300000.0 29529700.0 903935000.0 170743000000.0 3595860.0 59286.8 77081200.0 2854910000.0 13900500000.0 2364290000.0 421250000.0 342445000.0 474483000.0 -2.92 [-2.92]
41686900000000.0 5698170000000000.0 38149700000.0 112624000000.0 3223950000.0 13269200000.0 24492900000.0 24892600.0 955325000.0 157807000000.0 2804320.0 0.0 75133700.0 2859170000.0 13213400000.0 2156380000.0 363424000.0 358718000.0 471450000.0 -2.9 [-2.9]
41686900000000.0 5419020000000000.0 37654700000.0 106052000000.0 2828720000.0 13338400000.0 22671800000.0 20950400.0 1007750000.0 145519000000.0 2180790.0 0.0 73187400.0 2862810000.0 12548900000.0 1963780000.0 313256000.0 375114000.0 467894000.0 -2.88 [-2.88]
41686900000000.0 5153860000000000.0 37149600000.0 99813900000.0 2479160000.0 13388300000.0 20946800000.0 17609700.0 1060970000.0 133905000000.0 1691840.0 0.0 71250500.0 2865650000.0 11908700000.0 1786090000.0 269848000.0 391557000.0 463846000.0 -2.86 [-2.86]
41686900000000.0 4901310000000000.0 36633300000.0 93880000000.0 2169800000.0 13417100000.0 19312600000.0 14777100.0 1114880000.0 122936000000.0 1308810.0 0.0 69320700.0 2867620000.0 11290600000.0 1622010000.0 232249000.0 408028000.0 459316000.0 -2.84 [-2.84]
41686900000000.0 4662050000000000.0 36109100000.0 88269200000.0 1897520000.0 13425500000.0 17774600000.0 12387500.0 1169120000.0 112648000000.0 1010610.0 0.0 67411000.0 2868530000.0 10697800000.0 1471490000.0 199827000.0 424419000.0 454357000.0 -2.82 [-2.82]
41686900000000.0 4435350000000000.0 35577500000.0 82966200000.0 1658140000.0 13413000000.0 16330100000.0 10373500.0 1223500000.0 103025000000.0 778916.0 0.0 65523900.0 2868280000.0 10129700000.0 1333580000.0 171881000.0 440682000.0 448999000.0 -2.8 [-2.8]
41686900000000.0 4218790000000000.0 35034200000.0 77916400000.0 1446600000.0 13376800000.0 14967400000.0 8668420.0 1278060000.0 93991100000.0 598413.0 0.0 63646000.0 2866870000.0 9581080000.0 1206490000.0 147669000.0 456869000.0 443217000.0 -2.78 [-2.78]
41686900000000.0 4013620000000000.0 34484500000.0 73150000000.0 1261130000.0 13319000000.0 13693800000.0 7235750.0 1332360000.0 85589900000.0 458943.0 0.0 61795100.0 2864090000.0 9056200000.0 1090430000.0 126831000.0 472842000.0 437088000.0 -2.76 [-2.76]
41686900000000.0 3818680000000000.0 33927100000.0 68640700000.0 1098330000.0 13238800000.0 12503400000.0 6030960.0 1386280000.0 77781000000.0 351214.0 0.0 59968000.0 2859860000.0 8553030000.0 984327000.0 108870000.0 488591000.0 430625000.0 -2.74 [-2.74]
41686900000000.0 3633450000000000.0 33362600000.0 64377400000.0 955618000.0 13136500000.0 11393600000.0 5019370.0 1439620000.0 70543500000.0 268208.0 0.0 58166500.0 2854120000.0 8071070000.0 887474000.0 93399000.0 504081000.0 423853000.0 -2.72 [-2.72]
41686900000000.0 3457440000000000.0 32791600000.0 60348900000.0 830648000.0 13012500000.0 10361600000.0 4171240.0 1492200000.0 63854000000.0 204402.0 0.0 56392200.0 2846760000.0 7609850000.0 799195000.0 80080300.0 519277000.0 416800000.0 -2.7 [-2.7]
41686900000000.0 3290190000000000.0 32214600000.0 56544500000.0 721346000.0 12867400000.0 9404550000.0 3461270.0 1543840000.0 57688100000.0 155470.0 0.0 54646800.0 2837720000.0 7168870000.0 718851000.0 68621700.0 534146000.0 409494000.0 -2.68 [-2.68]
41686900000000.0 3131700000000000.0 31634000000.0 52964000000.0 626061000.0 12703200000.0 8521150000.0 2868990.0 1594310000.0 52032500000.0 118090.0 0.0 52936600.0 2826920000.0 6748900000.0 646017000.0 58788700.0 548629000.0 401984000.0 -2.66 [-2.66]
41686900000000.0 2980640000000000.0 31046800000.0 49576400000.0 542703000.0 12518700000.0 7704180000.0 2373650.0 1643610000.0 46835700000.0 89488.8 0.0 51252600.0 2814310000.0 6346830000.0 579745000.0 50319800.0 562762000.0 394252000.0 -2.64 [-2.64]
41686900000000.0 2837060000000000.0 30455300000.0 46382700000.0 470034000.0 12316300000.0 6952420000.0 1960970.0 1691530000.0 42083800000.0 67697.5 0.0 49601200.0 2799840000.0 5963470000.0 519693000.0 43046500.0 576490000.0 386345000.0 -2.62 [-2.62]
