Cloudy_runs/sbs1108/z=0.463207/logZ=1/component_II_PI_nH/component_II_PI_nH_col_density_param.txt
# %ECSV 1.0
# ---
# datatype:
# - {name: H, datatype: float64}
# - {name: H+, datatype: float64}
# - {name: C+, datatype: float64}
# - {name: C+2, datatype: float64}
# - {name: C+3, datatype: float64}
# - {name: N+, datatype: float64}
# - {name: N+2, datatype: float64}
# - {name: N+4, datatype: float64}
# - {name: O, datatype: float64}
# - {name: O+2, datatype: float64}
# - {name: O+5, datatype: float64}
# - {name: O+6, datatype: float64}
# - {name: P+, datatype: float64}
# - {name: Si+, datatype: float64}
# - {name: Si+2, datatype: float64}
# - {name: Si+3, datatype: float64}
# - {name: Si+4, datatype: float64}
# - {name: log_nH, datatype: float64}
# - {name: parameters, datatype: string, subtype: 'float64[1]'}
# schema: astropy-2.0
H H+ C+ C+2 C+3 N+ N+2 N+4 O O+2 O+5 O+6 P+ Si+ Si+2 Si+3 Si+4 log_nH parameters
[from data line 58]
6165890000000000.0 5.05932e+18 251241000000000.0 7954100000000000.0 4001490000000000.0 23762400000000.0 1229760000000000.0 528959000000000.0 95425300000.0 7419140000000000.0 218238000000000.0 10683900000000.0 289100000000.0 21687800000000.0 102976000000000.0 500675000000000.0 813465000000000.0 -3.84 [-3.84]
6165900000000000.0 4.74304e+18 251679000000000.0 7615850000000000.0 3675270000000000.0 24990000000000.0 1203260000000000.0 464068000000000.0 109721000000.0 7343640000000000.0 180323000000000.0 8410460000000.0 310170000000.0 24120200000000.0 105196000000000.0 490086000000000.0 746542000000000.0 -3.82 [-3.82]
6165910000000000.0 4.45032e+18 251860000000000.0 7288890000000000.0 3375760000000000.0 26233900000000.0 1176160000000000.0 407033000000000.0 125794000000.0 7256650000000000.0 149216000000000.0 6633520000000.0 331247000000.0 26709800000000.0 107156000000000.0 478591000000000.0 684039000000000.0 -3.8 [-3.8]
6165920000000000.0 4.179e+18 251822000000000.0 6973430000000000.0 3100630000000000.0 27491000000000.0 1148510000000000.0 356923000000000.0 143820000000.0 7159020000000000.0 123642000000000.0 5241140000000.0 352207000000.0 29451500000000.0 108838000000000.0 466273000000000.0 625792000000000.0 -3.78 [-3.78]
6165930000000000.0 3.9271e+18 251592000000000.0 6669420000000000.0 2847760000000000.0 28759200000000.0 1120360000000000.0 312896000000000.0 163998000000.0 7051600000000000.0 102567000000000.0 4147200000000.0 372930000000.0 32341300000000.0 110232000000000.0 453230000000000.0 571589000000000.0 -3.76 [-3.76]
6165940000000000.0 3.69287e+18 251196000000000.0 6376740000000000.0 2615220000000000.0 30035900000000.0 1091780000000000.0 274218000000000.0 186541000000.0 6935190000000000.0 85166800000000.0 3285770000000.0 393299000000.0 35372700000000.0 111328000000000.0 439554000000000.0 521231000000000.0 -3.74 [-3.74]
6165950000000000.0 3.47472e+18 250650000000000.0 6095080000000000.0 2401230000000000.0 31319500000000.0 1062820000000000.0 240234000000000.0 211691000000.0 6810510000000000.0 70770500000000.0 2605870000000.0 413200000000.0 38538900000000.0 112120000000000.0 425333000000000.0 474502000000000.0 -3.72 [-3.72]
6165950000000000.0 3.27131e+18 249980000000000.0 5824360000000000.0 2204300000000000.0 32608300000000.0 1033570000000000.0 210385000000000.0 239700000000.0 6678370000000000.0 58843600000000.0 2068420000000.0 432530000000.0 41829800000000.0 112601000000000.0 410659000000000.0 431216000000000.0 -3.7 [-3.7]
6165900000000000.0 3.08137e+18 249192000000000.0 5564130000000000.0 2022950000000000.0 33900500000000.0 1004080000000000.0 184169000000000.0 270845000000.0 6539390000000000.0 48946800000000.0 1642800000000.0 451187000000.0 45233600000000.0 112766000000000.0 395607000000000.0 391178000000000.0 -3.68 [-3.68]
6165910000000000.0 2.90381e+18 248301000000000.0 5314120000000000.0 1855940000000000.0 35194800000000.0 974449000000000.0 161147000000000.0 305434000000.0 6394350000000000.0 40724600000000.0 1305300000000.0 469079000000.0 48738700000000.0 112614000000000.0 380267000000000.0 354200000000000.0 -3.66 [-3.66]
6165900000000000.0 2.73755e+18 247306000000000.0 5073830000000000.0 1702040000000000.0 36489900000000.0 944704000000000.0 140927000000000.0 343803000000.0 6243750000000000.0 33884300000000.0 1037270000000.0 486115000000.0 52330700000000.0 112143000000000.0 364706000000000.0 320087000000000.0 -3.64 [-3.64]
6165900000000000.0 2.58185e+18 246238000000000.0 4843320000000000.0 1560200000000000.0 37784800000000.0 914966000000000.0 123175000000000.0 386322000000.0 6088890000000000.0 28190800000000.0 824321000000.0 502239000000.0 55996700000000.0 111370000000000.0 349054000000000.0 288641000000000.0 -3.62 [-3.62]
6165900000000000.0 2.43593e+18 245112000000000.0 4622410000000000.0 1429380000000000.0 39078900000000.0 885318000000000.0 107584000000000.0 433423000000.0 5930940000000000.0 23446600000000.0 654953000000.0 517401000000.0 59727400000000.0 110315000000000.0 333429000000000.0 259638000000000.0 -3.6 [-3.6]
6165900000000000.0 2.29886e+18 243902000000000.0 4410180000000000.0 1308770000000000.0 40370100000000.0 855745000000000.0 93901000000000.0 485506000000.0 5769140000000000.0 19491600000000.0 520160000000.0 531504000000.0 63494300000000.0 108954000000000.0 317787000000000.0 232998000000000.0 -3.58 [-3.58]
6165900000000000.0 2.17028e+18 242625000000000.0 4206690000000000.0 1197850000000000.0 41653400000000.0 826362000000000.0 81929600000000.0 542882000000.0 5604290000000000.0 16200300000000.0 413060000000.0 544513000000.0 67246900000000.0 107267000000000.0 302189000000000.0 208706000000000.0 -3.56 [-3.56]
6165910000000000.0 2.04929e+18 241272000000000.0 4011260000000000.0 1095620000000000.0 42931400000000.0 797166000000000.0 71429900000000.0 606151000000.0 5436590000000000.0 13454900000000.0 327774000000.0 556358000000.0 70987000000000.0 105293000000000.0 286696000000000.0 186487000000000.0 -3.54 [-3.54]
6165910000000000.0 1.93549e+18 239853000000000.0 3823760000000000.0 1001520000000000.0 44201100000000.0 768241000000000.0 62237600000000.0 675756000000.0 5266750000000000.0 11167400000000.0 259933000000.0 567021000000.0 74675900000000.0 103034000000000.0 271369000000000.0 166262000000000.0 -3.52 [-3.52]
6165910000000000.0 1.82835e+18 238366000000000.0 3643860000000000.0 914888000000000.0 45461300000000.0 739625000000000.0 54190500000000.0 752257000000.0 5095200000000000.0 9261010000000.0 205965000000.0 576472000000.0 78293300000000.0 100513000000000.0 256272000000000.0 147867000000000.0 -3.5 [-3.5]
6165910000000000.0 1.72741e+18 236817000000000.0 3471300000000000.0 835156000000000.0 46710900000000.0 711366000000000.0 47149700000000.0 836233000000.0 4922450000000000.0 7672910000000.0 163051000000.0 584700000000.0 81810400000000.0 97748700000000.0 241452000000000.0 131182000000000.0 -3.48 [-3.48]
6165920000000000.0 1.63229e+18 235214000000000.0 3305840000000000.0 761803000000000.0 47948800000000.0 683514000000000.0 40993700000000.0 928284000000.0 4749010000000000.0 6350750000000.0 128950000000.0 591704000000.0 85199400000000.0 94762300000000.0 226962000000000.0 116090000000000.0 -3.46 [-3.46]
6165920000000000.0 1.54263e+18 233560000000000.0 3147260000000000.0 694354000000000.0 49173700000000.0 656116000000000.0 35615800000000.0 1029030000000.0 4575380000000000.0 5250870000000.0 101876000000.0 597494000000.0 88434000000000.0 91580200000000.0 212852000000000.0 102470000000000.0 -3.44 [-3.44]
6165920000000000.0 1.4581e+18 231866000000000.0 2995370000000000.0 632367000000000.0 50383300000000.0 629216000000000.0 30921700000000.0 1139110000000.0 4402090000000000.0 4336790000000.0 80401700000.0 602091000000.0 91484900000000.0 88227500000000.0 199162000000000.0 90221300000000.0 -3.42 [-3.42]
6165920000000000.0 1.3784e+18 230135000000000.0 2849940000000000.0 575432000000000.0 51576300000000.0 602849000000000.0 26827300000000.0 1259210000000.0 4229580000000000.0 3577750000000.0 63384900000.0 605520000000.0 94328400000000.0 84732400000000.0 185933000000000.0 79233100000000.0 -3.4 [-3.4]
6165920000000000.0 1.30325e+18 228374000000000.0 2710790000000000.0 523173000000000.0 52751300000000.0 577054000000000.0 23259300000000.0 1390010000000.0 4058340000000000.0 2948180000000.0 49915900000.0 607820000000.0 96940100000000.0 81124100000000.0 173196000000000.0 69407700000000.0 -3.38 [-3.38]
6165930000000000.0 1.23239e+18 226594000000000.0 2577740000000000.0 475238000000000.0 53906400000000.0 551866000000000.0 20152700000000.0 1532190000000.0 3888820000000000.0 2426610000000.0 39267700000.0 609042000000.0 99299100000000.0 77432900000000.0 160983000000000.0 60649200000000.0 -3.36 [-3.36]
6165930000000000.0 1.16557e+18 224799000000000.0 2450570000000000.0 431303000000000.0 55040000000000.0 527312000000000.0 17450100000000.0 1686470000000.0 3721460000000000.0 1995040000000.0 30859400000.0 609234000000.0 101388000000000.0 73688700000000.0 149315000000000.0 52864800000000.0 -3.34 [-3.34]
6165930000000000.0 1.10259e+18 223000000000000.0 2329140000000000.0 391069000000000.0 56150200000000.0 503425000000000.0 15101400000000.0 1853530000000.0 3556700000000000.0 1638420000000.0 24228800000.0 608459000000.0 103191000000000.0 69921700000000.0 138213000000000.0 45969800000000.0 -3.32 [-3.32]
6165930000000000.0 1.04322e+18 221201000000000.0 2213220000000000.0 354255000000000.0 57235200000000.0 480220000000000.0 13061500000000.0 2034090000000.0 3394910000000000.0 1344070000000.0 19005300000.0 606773000000.0 104699000000000.0 66159100000000.0 127686000000000.0 39880000000000.0 -3.3 [-3.3]
6165930000000000.0 9.87286e+17 219413000000000.0 2102670000000000.0 320606000000000.0 58293300000000.0 457723000000000.0 11291900000000.0 2228780000000.0 3236480000000000.0 1101490000000.0 14896300000.0 604246000000.0 105904000000000.0 62429300000000.0 117744000000000.0 34519600000000.0 -3.28 [-3.28]
6165940000000000.0 9.34586e+17 217641000000000.0 1997310000000000.0 289880000000000.0 59322600000000.0 435947000000000.0 9757740000000.0 2438260000000.0 3081750000000000.0 901828000000.0 11667400000.0 600944000000.0 106804000000000.0 58756800000000.0 108388000000000.0 29815300000000.0 -3.26 [-3.26]
6165940000000000.0 8.84953e+17 215893000000000.0 1896950000000000.0 261855000000000.0 60321400000000.0 414904000000000.0 8428850000000.0 2663140000000.0 2931030000000000.0 737696000000.0 9132950000.0 596936000000.0 107401000000000.0 55164200000000.0 99613400000000.0 25700700000000.0 -3.24 [-3.24]
6165940000000000.0 8.38223e+17 214175000000000.0 1801430000000000.0 236324000000000.0 61288300000000.0 394603000000000.0 7278660000000.0 2903990000000.0 2784600000000000.0 602950000000.0 7145660000.0 592290000000.0 107698000000000.0 51670500000000.0 91411500000000.0 22117200000000.0 -3.22 [-3.22]
6165940000000000.0 7.94236e+17 212491000000000.0 1710570000000000.0 213090000000000.0 62221200000000.0 375048000000000.0 6283770000000.0 3161350000000.0 2642680000000000.0 492454000000.0 5588730000.0 587069000000.0 107706000000000.0 48292700000000.0 83769400000000.0 19005200000000.0 -3.2 [-3.2]
6165950000000000.0 7.52835e+17 210843000000000.0 1624170000000000.0 191972000000000.0 63118900000000.0 356234000000000.0 5423680000000.0 3435710000000.0 2505460000000000.0 401937000000.0 4369840000.0 581331000000.0 107438000000000.0 45044500000000.0 76670600000000.0 16309500000000.0 -3.18 [-3.18]
6165950000000000.0 7.13873e+17 209232000000000.0 1542050000000000.0 172798000000000.0 63979700000000.0 338157000000000.0 4680470000000.0 3727490000000.0 2373080000000000.0 327860000000.0 3416210000.0 575134000000.0 106909000000000.0 41936800000000.0 70095200000000.0 13980000000000.0 -3.16 [-3.16]
6165950000000000.0 6.77207e+17 207660000000000.0 1464020000000000.0 155412000000000.0 64802400000000.0 320808000000000.0 4038570000000.0 4037140000000.0 2245620000000000.0 267290000000.0 2670490000.0 568528000000.0 106138000000000.0 38977100000000.0 64020600000000.0 11971300000000.0 -3.14 [-3.14]
6165950000000000.0 6.42702e+17 206124000000000.0 1389920000000000.0 139665000000000.0 65585300000000.0 304173000000000.0 3484330000000.0 4364990000000.0 2123160000000000.0 217804000000.0 2087560000.0 561560000000.0 105144000000000.0 36170400000000.0 58422200000000.0 10242500000000.0 -3.12 [-3.12]
6165950000000000.0 6.10226e+17 204623000000000.0 1319540000000000.0 125418000000000.0 66327500000000.0 288239000000000.0 3005910000000.0 4711320000000.0 2005700000000000.0 177402000000.0 1632000000.0 554273000000.0 103949000000000.0 33519000000000.0 53273600000000.0 8757260000000.0 -3.1 [-3.1]
6165950000000000.0 5.79659e+17 203157000000000.0 1252720000000000.0 112542000000000.0 67027900000000.0 272988000000000.0 2593010000000.0 5076380000000.0 1893250000000000.0 144436000000.0 1276050000.0 546708000000.0 102574000000000.0 31023300000000.0 48548000000000.0 7483230000000.0 -3.08 [-3.08]
6165940000000000.0 5.50888e+17 201723000000000.0 1189300000000000.0 100920000000000.0 67684700000000.0 258406000000000.0 2236800000000.0 5460210000000.0 1785790000000000.0 117559000000.0 997997000.0 538904000000.0 101039000000000.0 28682300000000.0 44219200000000.0 6392090000000.0 -3.06 [-3.06]
6165950000000000.0 5.23789e+17 200316000000000.0 1129090000000000.0 90439200000000.0 68297700000000.0 244467000000000.0 1929410000000.0 5863160000000.0 1683200000000000.0 95647400000.0 780693000.0 530883000000.0 99365100000000.0 26491200000000.0 40258100000000.0 5458280000000.0 -3.04 [-3.04]
6165950000000000.0 4.9826e+17 198931000000000.0 1071930000000000.0 80995100000000.0 68865400000000.0 231150000000000.0 1664170000000.0 6285190000000.0 1585410000000000.0 77793800000.0 610880000.0 522678000000.0 97572800000000.0 24446000000000.0 36638600000000.0 4659920000000.0 -3.02 [-3.02]
6165940000000000.0 4.74214e+17 197568000000000.0 1017710000000000.0 72497600000000.0 69386800000000.0 218443000000000.0 1435440000000.0 6726140000000.0 1492360000000000.0 63258400000.0 478213000.0 514316000000.0 95681800000000.0 22542400000000.0 33336700000000.0 3978180000000.0 -3.0 [-3.0]
6165950000000000.0 4.51533e+17 196222000000000.0 966199000000000.0 64850400000000.0 69861000000000.0 206310000000000.0 1237990000000.0 7186220000000.0 1403840000000000.0 51418600000.0 0.0 505819000000.0 93707700000000.0 20772300000000.0 30324400000000.0 3395890000000.0 -2.98 [-2.98]
6165950000000000.0 4.30135e+17 194886000000000.0 917290000000000.0 57977500000000.0 70286800000000.0 194734000000000.0 1067590000000.0 7665300000000.0 1319730000000000.0 41779600000.0 0.0 497200000000.0 91667500000000.0 19129300000000.0 27579100000000.0 2898900000000.0 -2.96 [-2.96]
6165950000000000.0 4.0994e+17 193557000000000.0 870847000000000.0 51805200000000.0 70663700000000.0 183694000000000.0 920549000000.0 8163130000000.0 1239890000000000.0 33935500000.0 0.0 488483000000.0 89576400000000.0 17606900000000.0 25079100000000.0 2474890000000.0 -2.94 [-2.94]
6165950000000000.0 3.9087e+17 192236000000000.0 826740000000000.0 46265800000000.0 70991000000000.0 173170000000000.0 793656000000.0 8679470000000.0 1164180000000000.0 27554200000.0 0.0 479689000000.0 87448100000000.0 16198100000000.0 22803800000000.0 2113260000000.0 -2.92 [-2.92]
6165950000000000.0 3.72852e+17 190916000000000.0 784843000000000.0 41297600000000.0 71267500000000.0 163139000000000.0 684140000000.0 9214040000000.0 1092440000000000.0 22363900000.0 0.0 470831000000.0 85294700000000.0 14895600000000.0 20733500000000.0 1804830000000.0 -2.9 [-2.9]
6165950000000000.0 3.55817e+17 189591000000000.0 745040000000000.0 36844600000000.0 71492100000000.0 153584000000000.0 589618000000.0 9766400000000.0 1024500000000000.0 18143500000.0 0.0 461922000000.0 83127000000000.0 13692600000000.0 18850300000000.0 1541790000000.0 -2.88 [-2.88]
6165950000000000.0 3.39701e+17 188260000000000.0 707219000000000.0 32855800000000.0 71663700000000.0 144484000000000.0 508037000000.0 10336100000000.0 960211000000000.0 14712700000.0 0.0 452976000000.0 80954600000000.0 12582200000000.0 17137700000000.0 1317450000000.0 -2.86 [-2.86]
6165950000000000.0 3.24445e+17 186918000000000.0 671272000000000.0 29284600000000.0 71781900000000.0 135820000000000.0 437621000000.0 10922700000000.0 899411000000000.0 11924600000.0 0.0 444006000000.0 78785800000000.0 11558100000000.0 15580300000000.0 1126080000000.0 -2.84 [-2.84]
6165950000000000.0 3.09992e+17 185562000000000.0 637100000000000.0 26088800000000.0 71845600000000.0 127574000000000.0 376841000000.0 11525600000000.0 841935000000000.0 9659490000.0 0.0 435022000000.0 76627600000000.0 10613800000000.0 14164100000000.0 962805000000.0 -2.82 [-2.82]
6165950000000000.0 2.96292e+17 184188000000000.0 604609000000000.0 23230500000000.0 71853400000000.0 119731000000000.0 324384000000.0 12144000000000.0 787636000000000.0 7819940000.0 0.0 426034000000.0 74486400000000.0 9743620000000.0 12876300000000.0 823470000000.0 -2.8 [-2.8]
