Cloudy_runs/sbs1108/z=0.463207/logZ=1/component_II_PI_nH/component_II_PI_nH_col_density_param.txt
# %ECSV 1.0
# ---
# datatype:
# - {name: H, datatype: float64}
# - {name: H+, datatype: float64}
# - {name: C+, datatype: float64}
# - {name: C+2, datatype: float64}
# - {name: C+3, datatype: float64}
# - {name: N+, datatype: float64}
# - {name: N+2, datatype: float64}
# - {name: N+4, datatype: float64}
# - {name: O, datatype: float64}
# - {name: O+2, datatype: float64}
# - {name: O+5, datatype: float64}
# - {name: O+6, datatype: float64}
# - {name: P+, datatype: float64}
# - {name: Si+, datatype: float64}
# - {name: Si+2, datatype: float64}
# - {name: Si+3, datatype: float64}
# - {name: Si+4, datatype: float64}
# - {name: log_nH, datatype: float64}
# - {name: parameters, datatype: string, subtype: 'float64[1]'}
# schema: astropy-2.0
H H+ C+ C+2 C+3 N+ N+2 N+4 O O+2 O+5 O+6 P+ Si+ Si+2 Si+3 Si+4 log_nH parameters
6165970000000000.0 6.31643e+20 1456530000000.0 1269240000000000.0 2.14843e+16 39957700000.0 80639700000000.0 3.08586e+16 459009.0 182511000000000.0 7.47401e+17 1.77794e+18 15909200.0 796969000.0 138875000000.0 2827040000000.0 574843000000000.0 -5.0 [-5.0]
6165940000000000.0 5.92002e+20 1551240000000.0 1342750000000000.0 2.20826e+16 43763700000.0 88181700000000.0 3.11927e+16 519987.0 203583000000000.0 7.2643e+17 1.63282e+18 18019700.0 921451000.0 158756000000.0 3178790000000.0 608870000000000.0 -4.98 [-4.98]
6165930000000000.0 5.55056e+20 1650980000000.0 1419230000000000.0 2.26934e+16 48016100000.0 96520200000000.0 3.1508e+16 592839.0 227414000000000.0 7.05221e+17 1.49774e+18 20430700.0 1064380000.0 181510000000.0 3579550000000.0 645645000000000.0 -4.96 [-4.96]
6166010000000000.0 5.20863e+20 1758570000000.0 1499020000000000.0 2.33124e+16 52853600000.0 105762000000000.0 3.18015e+16 681588.0 254408000000000.0 6.83902e+17 1.37288e+18 23219300.0 1229250000.0 207597000000.0 4035610000000.0 685308000000000.0 -4.94 [-4.94]
6165980000000000.0 4.88982e+20 1871900000000.0 1581180000000000.0 2.39333e+16 58240400000.0 115892000000000.0 3.2061e+16 787463.0 284633000000000.0 6.62264e+17 1.2571e+18 26387800.0 1416270000.0 237065000000.0 4548630000000.0 727269000000000.0 -4.92 [-4.92]
6165930000000000.0 4.59281e+20 1992620000000.0 1666460000000000.0 2.45614e+16 64302600000.0 127088000000000.0 3.22953e+16 915011.0 318730000000000.0 6.40502e+17 1.14966e+18 30027700.0 1630530000.0 270703000000.0 5131930000000.0 772340000000000.0 -4.9 [-4.9]
6165930000000000.0 4.31372e+20 2120670000000.0 1754300000000000.0 2.51885e+16 71123700000.0 139426000000000.0 3.24888e+16 1069380.0 357015000000000.0 6.18304e+17 1.04959e+18 34186600.0 1873320000.0 308657000000.0 5787680000000.0 819817000000000.0 -4.88 [-4.88]
6165930000000000.0 4.05331e+20 2256980000000.0 1844770000000000.0 2.58152e+16 78782600000.0 152978000000000.0 3.26452e+16 1255830.0 399887000000000.0 5.95968e+17 9.57e+17 38951300.0 2149090000.0 351588000000.0 6527300000000.0 870191000000000.0 -4.86 [-4.86]
6165930000000000.0 3.80993e+20 2402710000000.0 1937430000000000.0 2.6432e+16 87392000000.0 167786000000000.0 3.27516e+16 1481460.0 447511000000000.0 5.73401e+17 8.71553e+17 44392300.0 2458900000.0 399539000000.0 7351730000000.0 922692000000000.0 -4.84 [-4.84]
6165930000000000.0 3.58164e+20 2558720000000.0 2032650000000000.0 2.70421e+16 97096000000.0 184027000000000.0 3.28099e+16 1755500.0 500536000000000.0 5.50638e+17 7.92515e+17 50613800.0 2806720000.0 453096000000.0 8271720000000.0 977458000000000.0 -4.82 [-4.82]
6165930000000000.0 3.36759e+20 2726540000000.0 2130550000000000.0 2.76444e+16 108073000000.0 201845000000000.0 3.28209e+16 2089850.0 559579000000000.0 5.27799e+17 7.1946e+17 57758200.0 3198180000.0 513072000000.0 9302200000000.0 1034880000000000.0 -4.8 [-4.8]
6165930000000000.0 3.16686e+20 2907660000000.0 2231130000000000.0 2.82362e+16 120505000000.0 221371000000000.0 3.27822e+16 2498590.0 625183000000000.0 5.04943e+17 6.5204e+17 65977600.0 3638430000.0 580124000000.0 10454700000000.0 1094960000000000.0 -4.78 [-4.78]
6165940000000000.0 2.97814e+20 3103430000000.0 2334540000000000.0 2.88177e+16 134611000000.0 242777000000000.0 3.26919e+16 3000040.0 698026000000000.0 4.82088e+17 5.89797e+17 75439600.0 4132070000.0 654951000000.0 11745100000000.0 1157750000000000.0 -4.76 [-4.76]
6165940000000000.0 2.80033e+20 3313830000000.0 2440130000000000.0 2.93849e+16 150564000000.0 266152000000000.0 3.25452e+16 3615130.0 778590000000000.0 4.59272e+17 5.32366e+17 86292600.0 4682860000.0 738055000000.0 13185900000000.0 1223110000000000.0 -4.74 [-4.74]
6165940000000000.0 2.63277e+20 3542220000000.0 2548530000000000.0 2.99382e+16 168726000000.0 291748000000000.0 3.2343e+16 4373900.0 867760000000000.0 4.36554e+17 4.7945e+17 98799400.0 5297470000.0 830343000000.0 14797300000000.0 1291190000000000.0 -4.72 [-4.72]
6165950000000000.0 2.4749e+20 3789470000000.0 2659380000000000.0 3.04743e+16 189338000000.0 319651000000000.0 3.20821e+16 5308750.0 965968000000000.0 4.14013e+17 4.30829e+17 113137000.0 5981010000.0 932431000000.0 16595200000000.0 1361860000000000.0 -4.7 [-4.7]
6165950000000000.0 2.32594e+20 4058230000000.0 2772840000000000.0 3.09916e+16 212807000000.0 350077000000000.0 3.17614e+16 6464940.0 1074030000000000.0 3.91693e+17 3.86182e+17 129632000.0 6740420000.0 1045190000000.0 18601400000000.0 1435100000000000.0 -4.68 [-4.68]
6165970000000000.0 2.18529e+20 4350520000000.0 2888860000000000.0 3.14885e+16 239540000000.0 383199000000000.0 3.13799e+16 7897280.0 1192660000000000.0 3.69652e+17 3.45249e+17 148592000.0 7582190000.0 1169380000000.0 20838000000000.0 1510860000000000.0 -4.66 [-4.66]
6165960000000000.0 2.05232e+20 4670490000000.0 3008070000000000.0 3.19647e+16 270134000000.0 419319000000000.0 3.09377e+16 9679390.0 1322980000000000.0 3.47928e+17 3.07732e+17 170465000.0 8515840000.0 1306130000000.0 23334200000000.0 1589140000000000.0 -4.64 [-4.64]
6165960000000000.0 1.92661e+20 5022570000000.0 3130890000000000.0 3.24179e+16 305222000000.0 458658000000000.0 3.04341e+16 11901900.0 1465770000000000.0 3.26583e+17 2.73432e+17 195773000.0 9552610000.0 1456560000000.0 26118600000000.0 1669820000000000.0 -4.62 [-4.62]
6165950000000000.0 1.80767e+20 5410630000000.0 3257300000000000.0 3.28428e+16 345480000000.0 501339000000000.0 2.98652e+16 14674700.0 1621260000000000.0 3.05667e+17 2.42205e+17 225067000.0 10701100000.0 1621400000000.0 29222100000000.0 1752750000000000.0 -4.6 [-4.6]
6165960000000000.0 1.69502e+20 5840420000000.0 3387950000000000.0 3.32365e+16 391726000000.0 547555000000000.0 2.92294e+16 18135600.0 1789750000000000.0 2.85231e+17 2.13886e+17 259062000.0 11973200000.0 1801670000000.0 32681900000000.0 1837820000000000.0 -4.58 [-4.58]
6165950000000000.0 1.5882e+20 6319410000000.0 3523780000000000.0 3.35974e+16 445066000000.0 597632000000000.0 2.85284e+16 22471300.0 1972340000000000.0 2.65307e+17 1.88206e+17 298647000.0 13387700000.0 1999020000000.0 36542800000000.0 1924910000000000.0 -4.56 [-4.56]
6165970000000000.0 1.48686e+20 6855890000000.0 3665820000000000.0 3.39224e+16 506720000000.0 651806000000000.0 2.77631e+16 27910200.0 2169550000000000.0 2.45948e+17 1.64977e+17 344882000.0 14966600000.0 2215230000000.0 40854100000000.0 2013880000000000.0 -4.54 [-4.54]
6166010000000000.0 1.39041e+20 7462270000000.0 3815770000000000.0 3.42093e+16 578402000000.0 710484000000000.0 2.69324e+16 34769000.0 2382350000000000.0 2.27168e+17 1.43969e+17 399148000.0 16739000000.0 2452860000000.0 45684900000000.0 2104740000000000.0 -4.52 [-4.52]
6165950000000000.0 1.29836e+20 8152230000000.0 3975360000000000.0 3.44503e+16 661838000000.0 773853000000000.0 2.60324e+16 43429400.0 2610710000000000.0 2.08989e+17 1.25012e+17 463110000.0 18742900000.0 2714840000000.0 51103400000000.0 2197060000000000.0 -4.5 [-4.5]
6165940000000000.0 1.2104e+20 8947430000000.0 4148430000000000.0 3.46462e+16 759803000000.0 842581000000000.0 2.50667e+16 54431500.0 2855950000000000.0 1.91431e+17 1.07938e+17 539052000.0 21041800000.0 3006900000000.0 57220900000000.0 2291140000000000.0 -4.48 [-4.48]
6165940000000000.0 1.12619e+20 9875310000000.0 4339190000000000.0 3.47886e+16 875284000000.0 916971000000000.0 2.4033e+16 68450900.0 3117780000000000.0 1.74521e+17 9.26117e+16 629992000.0 23719700000.0 3335450000000.0 64142200000000.0 2386570000000000.0 -4.46 [-4.46]
6165930000000000.0 1.04515e+20 10973300000000.0 4552900000000000.0 3.4866e+16 1012140000000.0 997326000000000.0 2.2927e+16 86418700.0 3395420000000000.0 1.58262e+17 7.88775e+16 739971000.0 26898500000.0 3710080000000.0 72010400000000.0 2482980000000000.0 -4.44 [-4.44]
6165900000000000.0 9.66969e+19 12293700000000.0 4797530000000000.0 3.48665e+16 1175060000000.0 1083910000000000.0 2.17466e+16 109519000.0 3687490000000000.0 1.42676e+17 6.66254e+16 874742000.0 30783400000.0 4147630000000.0 81028600000000.0 2580070000000000.0 -4.42 [-4.42]
6165900000000000.0 8.90582e+19 13934500000000.0 5089260000000000.0 3.47807e+16 1373040000000.0 1178510000000000.0 2.04788e+16 139812000.0 3995970000000000.0 1.27645e+17 5.56403e+16 1043720000.0 35723700000.0 4677540000000.0 91544900000000.0 2677880000000000.0 -4.4 [-4.4]
6166080000000000.0 8.15507e+19 16021300000000.0 5444180000000000.0 3.45702e+16 1613880000000.0 1279910000000000.0 1.9116e+16 179736000.0 4311840000000000.0 1.13202e+17 4.58436e+16 1260460000.0 42286500000.0 5343690000000.0 103935000000000.0 2776370000000000.0 -4.38 [-4.38]
6165950000000000.0 7.39697e+19 18827400000000.0 5901070000000000.0 3.4189e+16 1915610000000.0 1389840000000000.0 1.76205e+16 234176000.0 4631390000000000.0 9.90973e+16 3.69964e+16 1552190000.0 51646700000.0 6236050000000.0 119056000000000.0 2875220000000000.0 -4.36 [-4.36]
6165950000000000.0 6.59014e+19 22999900000000.0 6545600000000000.0 3.35339e+16 2315780000000.0 1511360000000000.0 1.59066e+16 313760000.0 4945150000000000.0 8.47735e+16 2.87422e+16 1983400000.0 66700800000.0 7557480000000.0 138891000000000.0 2975630000000000.0 -4.34 [-4.34]
6165900000000000.0 5.79896e+19 28806000000000.0 7354090000000000.0 3.25369e+16 2798200000000.0 1625930000000000.0 1.41271e+16 423498000.0 5202220000000000.0 7.12664e+16 2.17282e+16 2601850000.0 90418700000.0 9405220000000.0 162925000000000.0 3064390000000000.0 -4.32 [-4.32]
6166110000000000.0 5.09207e+19 36062400000000.0 8236180000000000.0 3.13046e+16 3329500000000.0 1723560000000000.0 1.24671e+16 565158000.0 5403850000000000.0 5.9342e+16 1.62006e+16 3427920000.0 124236000000.0 11684000000000.0 189091000000000.0 3129560000000000.0 -4.3 [-4.3]
6165950000000000.0 4.44352e+19 45392400000000.0 9204190000000000.0 2.97959e+16 3920190000000.0 1802360000000000.0 1.08953e+16 754753000.0 5557390000000000.0 4.84853e+16 1.17777e+16 4587530000.0 174696000000.0 14542100000000.0 218731000000000.0 3168630000000000.0 -4.28 [-4.28]
6165950000000000.0 3.86129e+19 57257400000000.0 1.01999e+16 2.80072e+16 4549290000000.0 1851970000000000.0 9459660000000000.0 1011440000.0 5665710000000000.0 3.87306e+16 8377180000000000.0 6256910000.0 251657000000.0 18042200000000.0 252113000000000.0 3174280000000000.0 -4.26 [-4.26]
6165950000000000.0 3.3465e+19 71779900000000.0 1.11226e+16 2.59819e+16 5185590000000.0 1864140000000000.0 8190920000000000.0 1361080000.0 5742180000000000.0 3.01937e+16 5836350000000000.0 8670120000.0 366923000000.0 22074300000000.0 288168000000000.0 3140930000000000.0 -4.24 [-4.24]
6166090000000000.0 2.88019e+19 89423500000000.0 1.1948e+16 2.37378e+16 5841650000000.0 1842400000000000.0 7044130000000000.0 1856530000.0 5818150000000000.0 2.26814e+16 3901290000000000.0 12203200000.0 536811000000.0 26620200000000.0 326756000000000.0 3065360000000000.0 -4.22 [-4.22]
6165950000000000.0 2.48037e+19 109054000000000.0 1.2572e+16 2.1438e+16 6498940000000.0 1794070000000000.0 6050690000000000.0 2541890000.0 5923250000000000.0 1.65806e+16 2542910000000000.0 17126000000.0 772071000000.0 31438200000000.0 365032000000000.0 2951080000000000.0 -4.2 [-4.2]
6165950000000000.0 2.14131e+19 129763000000000.0 1.29759e+16 1.91808e+16 7175620000000.0 1730630000000000.0 5185410000000000.0 3482860000.0 6075110000000000.0 1.18207e+16 1618730000000000.0 23729000000.0 1086520000000.0 36445400000000.0 401619000000000.0 2804950000000000.0 -4.18 [-4.18]
6165950000000000.0 1.86892e+19 149414000000000.0 1.31405e+16 1.71362e+16 7875940000000.0 1667580000000000.0 4455320000000000.0 4709580000.0 6271920000000000.0 8433310000000000.0 1041120000000000.0 31921500000.0 1480940000000.0 41427600000000.0 433791000000000.0 2642580000000000.0 -4.16 [-4.16]
6165950000000000.0 1.65608e+19 166523000000000.0 1.31134e+16 1.53867e+16 8604720000000.0 1615310000000000.0 3851030000000000.0 6214580000.0 6486300000000000.0 6156620000000000.0 694440000000000.0 41315600000.0 1946950000000.0 46252000000000.0 460224000000000.0 2480110000000000.0 -4.14 [-4.14]
6165940000000000.0 1.48897e+19 180778000000000.0 1.29575e+16 1.3916e+16 9360070000000.0 1575180000000000.0 3352960000000000.0 7981580000.0 6691350000000000.0 4639960000000000.0 484735000000000.0 51566200000.0 2476710000000.0 50855300000000.0 480894000000000.0 2326470000000000.0 -4.12 [-4.12]
6165950000000000.0 1.34828e+19 193131000000000.0 1.27189e+16 1.26149e+16 10164400000000.0 1541380000000000.0 2921920000000000.0 10103200000.0 6883740000000000.0 3544980000000000.0 345343000000000.0 62957000000.0 3095970000000.0 55447100000000.0 498023000000000.0 2176890000000000.0 -4.1 [-4.1]
6165950000000000.0 1.23021e+19 203534000000000.0 1.24245e+16 1.14801e+16 11001100000000.0 1513110000000000.0 2555440000000000.0 12564800000.0 7050940000000000.0 2757900000000000.0 252310000000000.0 75208500000.0 3794480000000.0 59887200000000.0 511227000000000.0 2036150000000000.0 -4.08 [-4.08]
6165950000000000.0 1.1272e+19 212487000000000.0 1.2091e+16 1.04615e+16 11882400000000.0 1487570000000000.0 2235610000000000.0 15460300000.0 7196180000000000.0 2164930000000000.0 186610000000000.0 88531800000.0 4594740000000.0 64288000000000.0 521669000000000.0 1900900000000000.0 -4.06 [-4.06]
6165950000000000.0 1.03699e+19 220109000000000.0 1.17318e+16 9549990000000000.0 12800600000000.0 1463960000000000.0 1958210000000000.0 18819400000.0 7316770000000000.0 1715560000000000.0 139736000000000.0 102811000000.0 5496590000000.0 68584600000000.0 529402000000000.0 1772480000000000.0 -4.04 [-4.04]
6165950000000000.0 9.57215e+18 226595000000000.0 1.13573e+16 8730800000000000.0 13754200000000.0 1441560000000000.0 1716990000000000.0 22696000000.0 7413520000000000.0 1370250000000000.0 105709000000000.0 118021000000.0 6505690000000.0 72762600000000.0 534686000000000.0 1650820000000000.0 -4.02 [-4.02]
6165950000000000.0 8.85766e+18 232072000000000.0 1.09717e+16 7988650000000000.0 14744700000000.0 1419520000000000.0 1505880000000000.0 27173900000.0 7488130000000000.0 1100630000000000.0 80538400000000.0 134183000000.0 7634990000000.0 76827100000000.0 537807000000000.0 1535090000000000.0 -4.0 [-4.0]
6165990000000000.0 8.21344e+18 236659000000000.0 1.05802e+16 7314270000000000.0 15773000000000.0 1397480000000000.0 1320770000000000.0 32338500000.0 7541950000000000.0 888119000000000.0 61708300000000.0 151269000000.0 8894800000000.0 80776100000000.0 538980000000000.0 1425100000000000.0 -3.98 [-3.98]
6165950000000000.0 7.63141e+18 240449000000000.0 1.01878e+16 6702020000000000.0 16832900000000.0 1375200000000000.0 1158870000000000.0 38251200000.0 7575310000000000.0 720027000000000.0 47537700000000.0 169164000000.0 10284100000000.0 84549900000000.0 538180000000000.0 1321220000000000.0 -3.96 [-3.96]
6165950000000000.0 7.10197e+18 243541000000000.0 9797390000000000.0 6143800000000000.0 17926300000000.0 1352490000000000.0 1016750000000000.0 45023100000.0 7590010000000000.0 585788000000000.0 36764900000000.0 187835000000.0 11815800000000.0 88165300000000.0 535666000000000.0 1222950000000000.0 -3.94 [-3.94]
6165950000000000.0 6.61856e+18 246012000000000.0 9411330000000000.0 5634040000000000.0 19050700000000.0 1329210000000000.0 891901000000000.0 52759300000.0 7587050000000000.0 477999000000000.0 28529900000000.0 207197000000.0 13497000000000.0 91608000000000.0 531552000000000.0 1130120000000000.0 -3.92 [-3.92]
6165950000000000.0 6.17762e+18 247950000000000.0 9032930000000000.0 5169730000000000.0 20195000000000.0 1305340000000000.0 782706000000000.0 61534500000.0 7567240000000000.0 391451000000000.0 22227700000000.0 227092000000.0 15318000000000.0 94804000000000.0 525805000000000.0 1043150000000000.0 -3.9 [-3.9]
6165950000000000.0 5.77354e+18 249427000000000.0 8663290000000000.0 4745590000000000.0 21362200000000.0 1280820000000000.0 686957000000000.0 71476300000.0 7531910000000000.0 321478000000000.0 17366500000000.0 247442000000.0 17286000000000.0 97761300000000.0 518636000000000.0 961603000000000.0 -3.88 [-3.88]
