Cloudy_runs/s135712/z=0.097869/logZ=1/component_I_PI_nH/component_I_PI_nH_col_density_param.txt
# %ECSV 1.0
# ---
# datatype:
# - {name: H, datatype: float64}
# - {name: H+, datatype: float64}
# - {name: C+, datatype: float64}
# - {name: C+2, datatype: float64}
# - {name: C+3, datatype: float64}
# - {name: N+, datatype: float64}
# - {name: N+2, datatype: float64}
# - {name: N+4, datatype: float64}
# - {name: O, datatype: float64}
# - {name: O+2, datatype: float64}
# - {name: O+5, datatype: float64}
# - {name: O+6, datatype: float64}
# - {name: P+, datatype: float64}
# - {name: Si+, datatype: float64}
# - {name: Si+2, datatype: float64}
# - {name: Si+3, datatype: float64}
# - {name: Si+4, datatype: float64}
# - {name: log_nH, datatype: float64}
# - {name: parameters, datatype: string, subtype: 'float64[1]'}
# schema: astropy-2.0
H H+ C+ C+2 C+3 N+ N+2 N+4 O O+2 O+5 O+6 P+ Si+ Si+2 Si+3 Si+4 log_nH parameters
22908700000000.0 4.72502e+17 45423100000.0 15735100000000.0 96149900000000.0 3344510000.0 2601010000000.0 74566800000000.0 209395.0 7648330000000.0 746414000000000.0 666383000000000.0 1780540.0 64873800.0 6574480000.0 80981700000.0 4585740000000.0 -5.0 [-5.0]
22908700000000.0 4.43256e+17 48295200000.0 16230500000000.0 96957600000000.0 3708240000.0 2797370000000.0 72773500000000.0 254634.0 8358990000000.0 697837000000000.0 587875000000000.0 2051960.0 73237700.0 7407770000.0 91951300000.0 4862510000000.0 -4.98 [-4.98]
22908700000000.0 4.156e+17 51444600000.0 16731500000000.0 97646100000000.0 4120540000.0 3007060000000.0 70852800000000.0 310605.0 9121160000000.0 650220000000000.0 516669000000000.0 2366830.0 82560900.0 8327940000.0 104299000000.0 5146940000000.0 -4.96 [-4.96]
22908700000000.0 3.89416e+17 54915200000.0 17240400000000.0 98209500000000.0 4589080000.0 3230730000000.0 68805100000000.0 379978.0 9935750000000.0 603689000000000.0 452266000000000.0 2732840.0 92961400.0 9342180000.0 118194000000.0 5438420000000.0 -4.94 [-4.94]
22908700000000.0 3.64611e+17 58765900000.0 17761400000000.0 98641500000000.0 5123180000.0 3469000000000.0 66632100000000.0 466108.0 10803400000000.0 558397000000000.0 394175000000000.0 3159650.0 104601000.0 10459300000.0 133822000000.0 5736060000000.0 -4.92 [-4.92]
22908700000000.0 3.41072e+17 63063800000.0 18298800000000.0 98933000000000.0 5733710000.0 3722450000000.0 64333400000000.0 573226.0 11724000000000.0 514439000000000.0 341930000000000.0 3658850.0 117671000.0 11689200000.0 151405000000.0 6039030000000.0 -4.9 [-4.9]
22908700000000.0 3.18712e+17 67900400000.0 18859900000000.0 99075000000000.0 6433990000.0 3991660000000.0 61910700000000.0 706692.0 12696500000000.0 471938000000000.0 295099000000000.0 4245260.0 132447000.0 13045600000.0 171190000000.0 6346260000000.0 -4.88 [-4.88]
22908700000000.0 2.97391e+17 73383600000.0 19452000000000.0 99055100000000.0 7240300000.0 4277310000000.0 59359100000000.0 873534.0 13720100000000.0 430931000000000.0 253172000000000.0 4936740.0 149251000.0 14544000000.0 193513000000.0 6657100000000.0 -4.86 [-4.86]
22908700000000.0 2.76978e+17 79668700000.0 20087100000000.0 98856000000000.0 8173500000.0 4580110000000.0 56672900000000.0 1082950.0 14792500000000.0 391439000000000.0 215714000000000.0 5757100.0 168569000.0 16208200000.0 218787000000.0 6970760000000.0 -4.84 [-4.84]
22908700000000.0 2.57416e+17 86978000000.0 20785300000000.0 98456500000000.0 9258580000.0 4900340000000.0 53852100000000.0 1346510.0 15908100000000.0 353570000000000.0 182408000000000.0 6739290.0 191198000.0 18076500000.0 247427000000.0 7285240000000.0 -4.82 [-4.82]
22908700000000.0 2.38605e+17 95607900000.0 21571300000000.0 97826600000000.0 10526800000.0 5238080000000.0 50892000000000.0 1679590.0 17059400000000.0 317362000000000.0 152908000000000.0 7927420.0 218306000.0 20206200000.0 279983000000.0 7598670000000.0 -4.8 [-4.8]
22908700000000.0 2.20401e+17 105989000000.0 22480100000000.0 96923600000000.0 12019200000.0 5593250000000.0 47780300000000.0 2103310.0 18235400000000.0 282789000000000.0 126839000000000.0 9383870.0 251704000.0 22687200000.0 317224000000.0 7909210000000.0 -4.78 [-4.78]
22908700000000.0 2.02628e+17 118779000000.0 23563100000000.0 95683400000000.0 13791100000.0 5965260000000.0 44496200000000.0 2647540.0 19419600000000.0 249779000000000.0 103829000000000.0 11202100.0 294387000.0 25668100000.0 360236000000.0 8214700000000.0 -4.76 [-4.76]
22908700000000.0 1.85049e+17 135037000000.0 24899200000000.0 94003200000000.0 15919200000.0 6352130000000.0 41005300000000.0 3356560.0 20584100000000.0 218184000000000.0 83517400000000.0 13532200.0 351634000.0 29405600000.0 410651000000.0 8512120000000.0 -4.74 [-4.74]
22908700000000.0 1.67291e+17 156635000000.0 26617200000000.0 91703000000000.0 18519000000.0 6749090000000.0 37244000000000.0 4302140.0 21679300000000.0 187700000000000.0 65512600000000.0 16640300.0 433572000.0 34371600000.0 471254000000.0 8797090000000.0 -4.72 [-4.72]
22908600000000.0 1.48708e+17 187285000000.0 28944300000000.0 88430800000000.0 21777500000.0 7142740000000.0 33093000000000.0 5615550.0 22604300000000.0 157702000000000.0 49377100000000.0 21072600.0 562422000.0 41518300000.0 547397000000.0 9060830000000.0 -4.7 [-4.7]
22908600000000.0 1.27862e+17 236217000000.0 32339500000000.0 83337800000000.0 26046000000.0 7488730000000.0 28285300000000.0 7602380.0 23114900000000.0 126545000000000.0 34450900000000.0 28269400.0 800281000.0 53111600000.0 652174000000.0 9279360000000.0 -4.68 [-4.68]
22908700000000.0 1.11683e+17 290382000000.0 35461800000000.0 78138200000000.0 30142700000.0 7704230000000.0 24415600000000.0 9937500.0 23377100000000.0 102277000000000.0 24607300000000.0 37440400.0 1126230000.0 66478300000.0 753648000000.0 9362040000000.0 -4.66 [-4.66]
22908600000000.0 9.77058e+16 353600000000.0 38365900000000.0 72513700000000.0 34258300000.0 7802110000000.0 21053000000000.0 12869200.0 23427100000000.0 81583200000000.0 17411600000000.0 49645400.0 1589240000.0 82023300000.0 859207000000.0 9330010000000.0 -4.64 [-4.64]
22908700000000.0 8.44302e+16 433858000000.0 41111000000000.0 65961300000000.0 38526100000.0 7747990000000.0 17936800000000.0 16885400.0 23214700000000.0 62507600000000.0 11744800000000.0 67460500.0 2308020000.0 100809000000.0 977593000000.0 9162100000000.0 -4.62 [-4.62]
22908700000000.0 7.19293e+16 534898000000.0 43350900000000.0 58534200000000.0 42797400000.0 7509140000000.0 15112500000000.0 22644400.0 22842300000000.0 45254200000000.0 7434020000000.0 94689600.0 3442560000.0 122526000000.0 1107530000000.0 8823820000000.0 -4.6 [-4.6]
22908600000000.0 6.08174e+16 651781000000.0 44610600000000.0 50814800000000.0 46920500000.0 7109800000000.0 12664500000000.0 31030800.0 22562000000000.0 31019100000000.0 4454380000000.0 135941000.0 5152050000.0 145546000000.0 1238560000000.0 8314250000000.0 -4.58 [-4.58]
22908700000000.0 5.20118e+16 763841000000.0 44710300000000.0 43945600000000.0 50903200000.0 6681110000000.0 10674200000000.0 42375500.0 22604000000000.0 21086100000000.0 2682850000000.0 190739000.0 7398880000.0 167355000000.0 1350750000000.0 7722130000000.0 -4.56 [-4.56]
22908600000000.0 4.53959e+16 857201000000.0 44009600000000.0 38370100000000.0 54921500000.0 6319740000000.0 9081350000000.0 56461100.0 22899700000000.0 14765800000000.0 1694250000000.0 254307000.0 10054900000.0 187230000000.0 1436670000000.0 7139620000000.0 -4.54 [-4.54]
22908700000000.0 4.03089e+16 931805000000.0 42883200000000.0 33862400000000.0 59082600000.0 6032430000000.0 7780700000000.0 73228500.0 23289800000000.0 10697100000000.0 1122270000000.0 323530000.0 13080900000.0 205634000000.0 1500530000000.0 6597250000000.0 -4.52 [-4.52]
22908700000000.0 3.62232e+16 991508000000.0 41532500000000.0 30120400000000.0 63421600000.0 5798000000000.0 6694020000000.0 92932400.0 23679800000000.0 7954450000000.0 770158000000.0 397495000.0 16508300000.0 223023000000.0 1547760000000.0 6094830000000.0 -4.5 [-4.5]
22908700000000.0 3.28285e+16 1039430000000.0 40061200000000.0 26943500000000.0 67939000000.0 5599020000000.0 5773830000000.0 115933000.0 24026100000000.0 6030840000000.0 542359000000.0 475817000.0 20377300000.0 239594000000.0 1581930000000.0 5628130000000.0 -4.48 [-4.48]
22908700000000.0 2.99372e+16 1077830000000.0 38527200000000.0 24200700000000.0 72627200000.0 5423730000000.0 4988280000000.0 142664000.0 24309800000000.0 4639590000000.0 389355000000.0 558213000.0 24727800000.0 255408000000.0 1605350000000.0 5193110000000.0 -4.46 [-4.46]
22908700000000.0 2.74335e+16 1108350000000.0 36969800000000.0 21807300000000.0 77474800000.0 5265000000000.0 4315090000000.0 173574000.0 24523900000000.0 3611100000000.0 283804000000.0 644262000.0 29589800000.0 270456000000.0 1619590000000.0 4787360000000.0 -4.44 [-4.44]
22908700000000.0 2.5237e+16 1132270000000.0 35414100000000.0 19700900000000.0 82469400000.0 5117780000000.0 3736410000000.0 209175000.0 24667300000000.0 2837050000000.0 209400000000.0 733515000.0 34991700000.0 284700000000.0 1625830000000.0 4408580000000.0 -4.42 [-4.42]
22908700000000.0 2.32935e+16 1150740000000.0 33880800000000.0 17836800000000.0 87598400000.0 4979220000000.0 3238400000000.0 249974000.0 24741600000000.0 2246950000000.0 156118000000.0 825391000.0 40949200000.0 298102000000.0 1624990000000.0 4055500000000.0 -4.4 [-4.4]
22908700000000.0 2.15557e+16 1164510000000.0 32376800000000.0 16175600000000.0 92854500000.0 4846100000000.0 2808260000000.0 296675000.0 24750300000000.0 1790710000000.0 117332000000.0 919451000.0 47494700000.0 310608000000.0 1617790000000.0 3725690000000.0 -4.38 [-4.38]
22908700000000.0 1.99923e+16 1174290000000.0 30910800000000.0 14689200000000.0 98225400000.0 4716810000000.0 2436290000000.0 349957000.0 24697200000000.0 1434680000000.0 88783600000.0 1015050000.0 54644000000.0 322167000000.0 1604830000000.0 3417880000000.0 -4.36 [-4.36]
22908700000000.0 1.85791e+16 1180710000000.0 29489700000000.0 13355300000000.0 103698000000.0 4590350000000.0 2114420000000.0 410544000.0 24586200000000.0 1154770000000.0 67580100000.0 1111500000.0 62404800000.0 332730000000.0 1586690000000.0 3131030000000.0 -4.34 [-4.34]
22908700000000.0 1.72956e+16 1184260000000.0 28116900000000.0 12154400000000.0 109262000000.0 4465790000000.0 1835570000000.0 479265000.0 24421400000000.0 933105000000.0 51697900000.0 1208140000.0 70784800000.0 342254000000.0 1563840000000.0 2863940000000.0 -4.32 [-4.32]
22908700000000.0 1.61258e+16 1185410000000.0 26795300000000.0 11070800000000.0 114884000000.0 4342660000000.0 1593890000000.0 556989000.0 24206700000000.0 756611000000.0 39723200000.0 1304270000.0 79779700000.0 350700000000.0 1536740000000.0 2615650000000.0 -4.3 [-4.3]
22908700000000.0 1.50564e+16 1184550000000.0 25526500000000.0 10090900000000.0 120537000000.0 4220580000000.0 1384330000000.0 644665000.0 23946000000000.0 615364000000.0 30640400000.0 1399200000.0 89379700000.0 358031000000.0 1505830000000.0 2385170000000.0 -4.28 [-4.28]
22908700000000.0 1.40759e+16 1182030000000.0 24310800000000.0 9203240000000.0 126234000000.0 4099350000000.0 1202540000000.0 743242000.0 23642900000000.0 501829000000.0 23715200000.0 1492300000.0 99567200000.0 364223000000.0 1471520000000.0 2171570000000.0 -4.26 [-4.26]
22908700000000.0 1.31741e+16 1178120000000.0 23147100000000.0 8397150000000.0 131966000000.0 3978730000000.0 1044660000000.0 853872000.0 23301100000000.0 410139000000.0 18406800000.0 1583000000.0 110328000000.0 369257000000.0 1434140000000.0 1973760000000.0 -4.24 [-4.24]
22908700000000.0 1.23433e+16 1173050000000.0 22035000000000.0 7664540000000.0 137716000000.0 3858750000000.0 907609000000.0 977645000.0 22923700000000.0 335879000000.0 14323600000.0 1670690000.0 121620000000.0 373099000000.0 1394110000000.0 1790970000000.0 -4.22 [-4.22]
22908700000000.0 1.15759e+16 1167030000000.0 20972900000000.0 6997540000000.0 143474000000.0 3739370000000.0 788539000000.0 1115860000.0 22513900000000.0 275519000000.0 11170000000.0 1754900000.0 133411000000.0 375743000000.0 1351760000000.0 1622250000000.0 -4.2 [-4.2]
22908700000000.0 1.08655e+16 1160190000000.0 19958700000000.0 6389400000000.0 149233000000.0 3620610000000.0 685039000000.0 1269890000.0 22074700000000.0 226307000000.0 8725880000.0 1835170000.0 145657000000.0 377177000000.0 1307400000000.0 1466730000000.0 -4.18 [-4.18]
22908700000000.0 1.02065e+16 1152680000000.0 18990600000000.0 5834380000000.0 154981000000.0 3502560000000.0 595052000000.0 1441230000.0 21608900000000.0 186084000000.0 6826270000.0 1911090000.0 158306000000.0 377395000000.0 1261360000000.0 1323590000000.0 -4.16 [-4.16]
22908700000000.0 9594150000000000.0 1144570000000.0 18066600000000.0 5327350000000.0 160710000000.0 3385290000000.0 516793000000.0 1631450000.0 21119100000000.0 153135000000.0 5346150000.0 1982310000.0 171297000000.0 376404000000.0 1213930000000.0 1192050000000.0 -4.14 [-4.14]
22908700000000.0 9024980000000000.0 1136010000000.0 17186100000000.0 4864300000000.0 166406000000.0 3269130000000.0 448806000000.0 1842010000.0 20608800000000.0 126124000000.0 4191780000.0 2048490000.0 184544000000.0 374223000000.0 1165490000000.0 1071540000000.0 -4.12 [-4.12]
22908700000000.0 8493610000000000.0 1126970000000.0 16344500000000.0 4440130000000.0 172074000000.0 3153820000000.0 389577000000.0 2075210000.0 20078600000000.0 103887000000.0 3287490000.0 2109500000.0 198006000000.0 370851000000.0 1116150000000.0 961032000000.0 -4.1 [-4.1]
22908700000000.0 7996510000000000.0 1117530000000.0 15539500000000.0 4051090000000.0 177707000000.0 3039440000000.0 337950000000.0 2333210000.0 19530400000000.0 85551000000.0 2577880000.0 2165150000.0 211606000000.0 366307000000.0 1066150000000.0 859837000000.0 -4.08 [-4.08]
22908700000000.0 7534300000000000.0 1107830000000.0 14775400000000.0 3696580000000.0 183270000000.0 2927000000000.0 293268000000.0 2616520000.0 18971100000000.0 70514400000.0 2024070000.0 2215050000.0 225172000000.0 360692000000.0 1016160000000.0 767978000000.0 -4.06 [-4.06]
22908700000000.0 7100410000000000.0 1097750000000.0 14043600000000.0 3371000000000.0 188789000000.0 2815650000000.0 254284000000.0 2929080000.0 18397800000000.0 58077100000.0 1588040000.0 2259340000.0 238704000000.0 353977000000.0 965967000000.0 684130000000.0 -4.04 [-4.04]
22908700000000.0 6694050000000000.0 1087420000000.0 13345500000000.0 3072780000000.0 194244000000.0 2705920000000.0 220390000000.0 3272520000.0 17814700000000.0 47817700000.0 1245700000.0 2297940000.0 252063000000.0 346254000000.0 916000000000.0 608006000000.0 -4.02 [-4.02]
22908700000000.0 6313610000000000.0 1077020000000.0 12681100000000.0 2798950000000.0 199638000000.0 2598210000000.0 190867000000.0 3650130000.0 17229700000000.0 39340700000.0 976556000.0 2331140000.0 265248000000.0 337740000000.0 866917000000.0 538571000000.0 -4.0 [-4.0]
22908700000000.0 5956570000000000.0 1066420000000.0 12047100000000.0 2548030000000.0 204956000000.0 2492340000000.0 165209000000.0 4063800000.0 16638500000000.0 32343800000.0 765110000.0 2358700000.0 278060000000.0 328341000000.0 818429000000.0 475832000000.0 -3.98 [-3.98]
22908700000000.0 5621250000000000.0 1055630000000.0 11442000000000.0 2318150000000.0 210191000000.0 2388430000000.0 142921000000.0 4516190000.0 16042700000000.0 26569900000.0 599027000.0 2380710000.0 290391000000.0 318138000000.0 770730000000.0 419314000000.0 -3.96 [-3.96]
22908700000000.0 5306150000000000.0 1044680000000.0 10864700000000.0 2107600000000.0 215335000000.0 2286610000000.0 123570000000.0 5010040000.0 15444500000000.0 21807100000.0 468624000.0 2397300000.0 302137000000.0 307223000000.0 724019000000.0 368548000000.0 -3.94 [-3.94]
22908700000000.0 5009920000000000.0 1033590000000.0 10314000000000.0 1914810000000.0 220382000000.0 2187000000000.0 106778000000.0 5548110000.0 14845800000000.0 17880600000.0 366297000.0 2408640000.0 313197000000.0 295697000000.0 678477000000.0 323087000000.0 -3.92 [-3.92]
22908700000000.0 4731280000000000.0 1022410000000.0 9788870000000.0 1738340000000.0 225324000000.0 2089680000000.0 92214100000.0 6133380000.0 14248500000000.0 14645600000.0 286049000.0 2414940000.0 323481000000.0 283663000000.0 634266000000.0 282499000000.0 -3.9 [-3.9]
22908700000000.0 4469180000000000.0 1011170000000.0 9288330000000.0 1576900000000.0 230152000000.0 1994790000000.0 79592600000.0 6768580000.0 13654500000000.0 11983100000.0 223182000.0 2416430000.0 332899000000.0 271236000000.0 591539000000.0 246384000000.0 -3.88 [-3.88]
22908700000000.0 4222600000000000.0 999909000000.0 8811500000000.0 1429280000000.0 234860000000.0 1902430000000.0 68662100000.0 7456550000.0 13065800000000.0 9794040000.0 173976000.0 2413420000.0 341379000000.0 258526000000.0 550426000000.0 214355000000.0 -3.86 [-3.86]
22908700000000.0 3990600000000000.0 988674000000.0 8357490000000.0 1294390000000.0 239439000000.0 1812680000000.0 59203100000.0 8200080000.0 12484000000000.0 7996270000.0 135505000.0 2406180000.0 348858000000.0 245646000000.0 511036000000.0 186044000000.0 -3.84 [-3.84]
