Cloudy_runs/s135712/z=0.097869/logZ=1/component_I_PI_nH/component_I_PI_nH_col_density_param.txt
# %ECSV 1.0
# ---
# datatype:
# - {name: H, datatype: float64}
# - {name: H+, datatype: float64}
# - {name: C+, datatype: float64}
# - {name: C+2, datatype: float64}
# - {name: C+3, datatype: float64}
# - {name: N+, datatype: float64}
# - {name: N+2, datatype: float64}
# - {name: N+4, datatype: float64}
# - {name: O, datatype: float64}
# - {name: O+2, datatype: float64}
# - {name: O+5, datatype: float64}
# - {name: O+6, datatype: float64}
# - {name: P+, datatype: float64}
# - {name: Si+, datatype: float64}
# - {name: Si+2, datatype: float64}
# - {name: Si+3, datatype: float64}
# - {name: Si+4, datatype: float64}
# - {name: log_nH, datatype: float64}
# - {name: parameters, datatype: string, subtype: 'float64[1]'}
# schema: astropy-2.0
H H+ C+ C+2 C+3 N+ N+2 N+4 O O+2 O+5 O+6 P+ Si+ Si+2 Si+3 Si+4 log_nH parameters
[from data line 60]
22908700000000.0 3566950000000000.0 966416000000.0 7514410000000.0 1058800000000.0 248177000000.0 1641280000000.0 43954100000.0 9864420000.0 11348100000000.0 5313250000.0 82009700.0 2380270000.0 360633000000.0 219801000000.0 437743000000.0 139198000000.0 -3.8 [-3.8]
22908700000000.0 3373800000000000.0 955478000000.0 7123780000000.0 956329000000.0 252320000000.0 1559770000000.0 37850600000.0 10790100000.0 10797200000000.0 4324710000.0 63738200.0 2362270000.0 364880000000.0 207040000000.0 403954000000.0 120030000000.0 -3.78 [-3.78]
22908700000000.0 3192120000000000.0 944707000000.0 6752640000000.0 862990000000.0 256301000000.0 1481090000000.0 32583700000.0 11781100000.0 10259400000000.0 3516840000.0 49511100.0 2341330000.0 368025000000.0 194505000000.0 372104000000.0 103305000000.0 -3.76 [-3.76]
22908700000000.0 3021280000000000.0 934134000000.0 6400230000000.0 778058000000.0 260115000000.0 1405270000000.0 28041700000.0 12839500000.0 9735950000000.0 2857460000.0 38443900.0 2317780000.0 370082000000.0 182276000000.0 342195000000.0 88757500000.0 -3.74 [-3.74]
22908700000000.0 2860640000000000.0 923781000000.0 6065750000000.0 700850000000.0 263752000000.0 1332330000000.0 24127200000.0 13967100000.0 9227940000000.0 2319890000.0 29841500.0 2291930000.0 371080000000.0 170418000000.0 314208000000.0 76139100000.0 -3.72 [-3.72]
22908700000000.0 2709590000000000.0 913656000000.0 5748380000000.0 630736000000.0 267207000000.0 1262230000000.0 20754800000.0 15165300000.0 8736150000000.0 1882070000.0 23159000.0 2264030000.0 371060000000.0 158986000000.0 288104000000.0 65222400000.0 -3.7 [-3.7]
22908700000000.0 2567570000000000.0 903776000000.0 5447370000000.0 567135000000.0 270474000000.0 1194960000000.0 17851000000.0 16435600000.0 8261300000000.0 1525880000.0 17971300.0 2234380000.0 370073000000.0 148024000000.0 263835000000.0 55802000000.0 -3.68 [-3.68]
22908700000000.0 2434070000000000.0 894151000000.0 5161990000000.0 509508000000.0 273545000000.0 1130500000000.0 15351600000.0 17778800000.0 7803960000000.0 1236380000.0 13946000.0 2203220000.0 368179000000.0 137566000000.0 241337000000.0 47691900000.0 -3.66 [-3.66]
22908700000000.0 2308550000000000.0 884780000000.0 4891490000000.0 457351000000.0 276416000000.0 1068800000000.0 13201100000.0 19195500000.0 7364500000000.0 1001290000.0 10823700.0 2170790000.0 365447000000.0 127635000000.0 220538000000.0 40723800000.0 -3.64 [-3.64]
22908700000000.0 2190520000000000.0 875654000000.0 4635130000000.0 410196000000.0 279080000000.0 1009780000000.0 11350900000.0 20686500000.0 6943080000000.0 810512000.0 8402040.0 2137260000.0 361947000000.0 118242000000.0 201354000000.0 34747700000.0 -3.62 [-3.62]
22908700000000.0 2079520000000000.0 866767000000.0 4392200000000.0 367612000000.0 281534000000.0 953408000000.0 9759600000.0 22251600000.0 6539800000000.0 655805000.0 6524080.0 2102840000.0 357756000000.0 109391000000.0 183698000000.0 29630900000.0 -3.6 [-3.6]
22908700000000.0 1975110000000000.0 858102000000.0 4162010000000.0 329197000000.0 283772000000.0 899589000000.0 8390950000.0 23890900000.0 6154570000000.0 530418000.0 5067610.0 2067670000.0 352947000000.0 101080000000.0 167480000000.0 25255700000.0 -3.58 [-3.58]
22908700000000.0 1876850000000000.0 849644000000.0 3943890000000.0 294578000000.0 285791000000.0 848252000000.0 7213890000.0 25604100000.0 5787210000000.0 428845000.0 3937860.0 2031900000.0 347595000000.0 93298700000.0 152607000000.0 21518900000.0 -3.56 [-3.56]
22908700000000.0 1784090000000000.0 841348000000.0 3736620000000.0 263338000000.0 287581000000.0 799186000000.0 6199140000.0 27393600000.0 5436460000000.0 346432000.0 3059530.0 1995520000.0 341749000000.0 86013600000.0 138954000000.0 18323800000.0 -3.54 [-3.54]
22908700000000.0 1696990000000000.0 833246000000.0 3540760000000.0 235314000000.0 289148000000.0 752570000000.0 5328850000.0 29252600000.0 5103910000000.0 279891000.0 2379630.0 1958870000.0 335522000000.0 79245500000.0 126502000000.0 15606500000.0 -3.52 [-3.52]
22908700000000.0 1614920000000000.0 825292000000.0 3355130000000.0 210132000000.0 290484000000.0 708185000000.0 4580320000.0 31182800000.0 4788120000000.0 226050000.0 1851740.0 1921940000.0 328958000000.0 72953300000.0 115127000000.0 13291300000.0 -3.5 [-3.5]
22908700000000.0 1537770000000000.0 817485000000.0 3179670000000.0 187579000000.0 291594000000.0 666060000000.0 3938090000.0 33179400000.0 4489450000000.0 182589000.0 0.0 1884920000.0 322143000000.0 67129400000.0 104772000000.0 11323900000.0 -3.48 [-3.48]
22908700000000.0 1464770000000000.0 809755000000.0 3012820000000.0 167294000000.0 292460000000.0 625879000000.0 3384040000.0 35247700000.0 4205630000000.0 147354000.0 0.0 1847640000.0 315081000000.0 61717800000.0 95300400000.0 9644810000.0 -3.46 [-3.46]
22908700000000.0 1395870000000000.0 802105000000.0 2854580000000.0 149111000000.0 293087000000.0 587677000000.0 2907410000.0 37382500000.0 3936980000000.0 118869000.0 0.0 1810290000.0 307847000000.0 56709900000.0 86667300000.0 8215680000.0 -3.44 [-3.44]
22908700000000.0 1330790000000000.0 794512000000.0 2704500000000.0 132825000000.0 293471000000.0 551374000000.0 2497350000.0 39581700000.0 3682920000000.0 95847700.0 0.0 1772910000.0 300488000000.0 52081000000.0 78802100000.0 6999450000.0 -3.42 [-3.42]
22908700000000.0 1269280000000000.0 786958000000.0 2562120000000.0 118249000000.0 293610000000.0 516891000000.0 2144550000.0 41842900000.0 3442830000000.0 77246800.0 0.0 1735570000.0 293043000000.0 47806400000.0 71639200000.0 5964430000.0 -3.4 [-3.4]
22908700000000.0 1211100000000000.0 779420000000.0 2427020000000.0 105211000000.0 293502000000.0 484153000000.0 1841010000.0 44163600000.0 3216140000000.0 62222400.0 0.0 1698300000.0 285549000000.0 43862400000.0 65117900000.0 5083580000.0 -3.38 [-3.38]
22908700000000.0 1156030000000000.0 771881000000.0 2298790000000.0 93556700000.0 293145000000.0 453086000000.0 1579850000.0 46541000000.0 3002220000000.0 50090800.0 0.0 1661130000.0 278037000000.0 40225700000.0 59181800000.0 4333860000.0 -3.36 [-3.36]
22908700000000.0 1103880000000000.0 764319000000.0 2177060000000.0 83145600000.0 292537000000.0 423621000000.0 1355170000.0 48972000000.0 2800500000000.0 40298800.0 0.0 1624110000.0 270535000000.0 36874400000.0 53779200000.0 3695640000.0 -3.34 [-3.34]
22908700000000.0 1054430000000000.0 756720000000.0 2061470000000.0 73850700000.0 291677000000.0 395691000000.0 1161890000.0 51453500000.0 2610390000000.0 32398300.0 0.0 1587270000.0 263066000000.0 33787600000.0 48862700000.0 3152220000.0 -3.32 [-3.32]
22908700000000.0 1007530000000000.0 749064000000.0 1951690000000.0 65556900000.0 290564000000.0 369232000000.0 995646000.0 53982000000.0 2431330000000.0 26026800.0 0.0 1550630000.0 255652000000.0 30945400000.0 44388600000.0 2689420000.0 -3.3 [-3.3]
22908700000000.0 963008000000000.0 741337000000.0 1847420000000.0 58160500000.0 289197000000.0 344183000000.0 852684000.0 56553900000.0 2262760000000.0 20891100.0 0.0 1514220000.0 248308000000.0 28329500000.0 40317300000.0 2295170000.0 -3.28 [-3.28]
22908700000000.0 920705000000000.0 733521000000.0 1748340000000.0 51567900000.0 287577000000.0 320485000000.0 729772000.0 59165400000.0 2104170000000.0 16753700.0 0.0 1478050000.0 241051000000.0 25922500000.0 36612400000.0 1959210000.0 -3.26 [-3.26]
22908700000000.0 880482000000000.0 725603000000.0 1654200000000.0 45695000000.0 285702000000.0 298082000000.0 624131000.0 61812600000.0 1955020000000.0 13422600.0 0.0 1442170000.0 233891000000.0 23708300000.0 33240900000.0 1672840000.0 -3.24 [-3.24]
22908700000000.0 842208000000000.0 717568000000.0 1564720000000.0 40466000000.0 283576000000.0 276920000000.0 533367000.0 64491200000.0 1814850000000.0 10742600.0 0.0 1406570000.0 226839000000.0 21671900000.0 30172700000.0 1428670000.0 -3.22 [-3.22]
22908700000000.0 805611000000000.0 709363000000.0 1479330000000.0 35798100000.0 281174000000.0 256880000000.0 455170000.0 67202700000.0 1682700000000.0 8582340.0 0.0 1371130000.0 219870000000.0 19792900000.0 27370700000.0 1219840000.0 -3.2 [-3.2]
22908700000000.0 770878000000000.0 701055000000.0 1398490000000.0 31660700000.0 278545000000.0 238052000000.0 388291000.0 69931700000.0 1559100000000.0 6852630.0 0.0 1336160000.0 213055000000.0 18072100000.0 24830100000.0 1042230000.0 -3.18 [-3.18]
22908700000000.0 737751000000000.0 692592000000.0 1321640000000.0 27982700000.0 275672000000.0 220318000000.0 330917000.0 72679100000.0 1443130000000.0 5464470.0 0.0 1301530000.0 206367000000.0 16490500000.0 22517700000.0 890664000.0 -3.16 [-3.16]
22908700000000.0 706276000000000.0 684012000000.0 1248900000000.0 24726200000.0 272584000000.0 203693000000.0 281896000.0 75434400000.0 1334810000000.0 4354690.0 0.0 1267410000.0 199841000000.0 15042700000.0 20421100000.0 761664000.0 -3.14 [-3.14]
22908700000000.0 676075000000000.0 675215000000.0 1179430000000.0 21823700000.0 269233000000.0 188010000000.0 239736000.0 78204800000.0 1232890000000.0 3462840.0 0.0 1233500000.0 193416000000.0 13707700000.0 18505500000.0 651136000.0 -3.12 [-3.12]
22908700000000.0 647211000000000.0 666237000000.0 1113390000000.0 19248100000.0 265650000000.0 173289000000.0 203647000.0 80979800000.0 1137460000000.0 2749450.0 0.0 1199970000.0 187126000000.0 12481800000.0 16762300000.0 556736000.0 -3.1 [-3.1]
22908700000000.0 619469000000000.0 657019000000.0 1050300000000.0 16955400000.0 261809000000.0 159435000000.0 172670000.0 83761000000.0 1047800000000.0 2177800.0 0.0 1166660000.0 180939000000.0 11352200000.0 15169900000.0 475834000.0 -3.08 [-3.08]
22908700000000.0 593051000000000.0 647659000000.0 990638000000.0 14931600000.0 257782000000.0 146520000000.0 146311000.0 86531100000.0 964347000000.0 1723410.0 0.0 1133920000.0 174922000000.0 10320300000.0 13727400000.0 406961000.0 -3.06 [-3.06]
22908700000000.0 567753000000000.0 638104000000.0 933937000000.0 13139000000.0 253548000000.0 134448000000.0 123813000.0 89291500000.0 886404000000.0 1361430.0 0.0 1101590000.0 169041000000.0 9374100000.0 12415400000.0 348104000.0 -3.04 [-3.04]
22908700000000.0 543644000000000.0 628411000000.0 880347000000.0 11558500000.0 249152000000.0 123229000000.0 104707000.0 92030900000.0 814006000000.0 1074450.0 0.0 1069870000.0 163330000000.0 8510770000.0 11227500000.0 297972000.0 -3.02 [-3.02]
22908700000000.0 520296000000000.0 618416000000.0 828924000000.0 10149400000.0 244499000000.0 112690000000.0 88307000.0 94763500000.0 745942000000.0 844989.0 0.0 1038260000.0 157693000000.0 7713510000.0 10138500000.0 254815000.0 -3.0 [-3.0]
22908700000000.0 498017000000000.0 608278000000.0 780340000000.0 8909030000.0 239704000000.0 102926000000.0 74416800.0 97466600000.0 682851000000.0 663758.0 0.0 1007260000.0 152221000000.0 6986960000.0 9153180000.0 218053000.0 -2.98 [-2.98]
22908700000000.0 476643000000000.0 597952000000.0 734227000000.0 7813630000.0 234747000000.0 93860700000.0 62620000.0 100141000000.0 624194000000.0 520363.0 0.0 976729000.0 146886000000.0 6322690000.0 8258240000.0 186623000.0 -2.96 [-2.96]
22908700000000.0 456135000000000.0 587448000000.0 690483000000.0 6847090000.0 229643000000.0 85459200000.0 52616400.0 102783000000.0 569740000000.0 407132.0 0.0 946688000.0 141685000000.0 5715950000.0 7445890000.0 159752000.0 -2.94 [-2.94]
22908700000000.0 436451000000000.0 576776000000.0 649004000000.0 5994980000.0 224408000000.0 77687700000.0 44145600.0 105388000000.0 519262000000.0 317895.0 0.0 917151000.0 136620000000.0 5162310000.0 6708900000.0 136778000.0 -2.92 [-2.92]
22908700000000.0 417556000000000.0 565948000000.0 609697000000.0 5244400000.0 219056000000.0 70513200000.0 36983900.0 107950000000.0 472541000000.0 0.0 0.0 888134000.0 131689000000.0 4657640000.0 6040720000.0 117134000.0 -2.9 [-2.9]
22908700000000.0 399419000000000.0 554980000000.0 572470000000.0 4583870000.0 213606000000.0 63903000000.0 30938900.0 110467000000.0 429370000000.0 0.0 0.0 859656000.0 126893000000.0 4198170000.0 5435360000.0 100339000.0 -2.88 [-2.88]
22908700000000.0 382008000000000.0 543889000000.0 537239000000.0 4003180000.0 208074000000.0 57825400000.0 25844900.0 112934000000.0 389551000000.0 0.0 0.0 831736000.0 122231000000.0 3780350000.0 4887330000.0 85979100.0 -2.86 [-2.86]
22908700000000.0 365297000000000.0 532692000000.0 503917000000.0 3493130000.0 202479000000.0 52248700000.0 21559200.0 115347000000.0 352888000000.0 0.0 0.0 804389000.0 117702000000.0 3400860000.0 4391580000.0 73700400.0 -2.84 [-2.84]
22908700000000.0 349386000000000.0 521496000000.0 472680000000.0 3048260000.0 196893000000.0 47172000000.0 17979200.0 117697000000.0 319402000000.0 0.0 0.0 777844000.0 113344000000.0 3058680000.0 3946220000.0 63253900.0 -2.82 [-2.82]
22908700000000.0 333871000000000.0 510067000000.0 442688000000.0 2653320000.0 191169000000.0 42476100000.0 14941500.0 119998000000.0 288289000000.0 0.0 0.0 751484000.0 109045000000.0 2744830000.0 3538880000.0 54223000.0 -2.8 [-2.8]
22908700000000.0 319109000000000.0 498681000000.0 414625000000.0 2309790000.0 185491000000.0 38220800000.0 12414900.0 122229000000.0 259994000000.0 0.0 0.0 725957000.0 104916000000.0 2462720000.0 3173810000.0 46544400.0 -2.78 [-2.78]
22908700000000.0 304955000000000.0 487276000000.0 388166000000.0 2009290000.0 179820000000.0 34348400000.0 10303300.0 124394000000.0 234143000000.0 0.0 0.0 701066000.0 100919000000.0 2207840000.0 2844730000.0 39976600.0 -2.76 [-2.76]
22908700000000.0 291386000000000.0 475876000000.0 363238000000.0 1746670000.0 174173000000.0 30831000000.0 8541270.0 126490000000.0 210569000000.0 0.0 0.0 676823000.0 97052800000.0 1977850000.0 2548360000.0 34357600.0 -2.74 [-2.74]
22908700000000.0 278459000000000.0 464565000000.0 339913000000.0 1518390000.0 168603000000.0 27655700000.0 7078920.0 128511000000.0 189208000000.0 0.0 0.0 653374000.0 93339700000.0 1771470000.0 2282850000.0 29566700.0 -2.72 [-2.72]
22908700000000.0 266004000000000.0 453242000000.0 317837000000.0 1318320000.0 163050000000.0 24769600000.0 5856770.0 130463000000.0 169712000000.0 0.0 0.0 630454000.0 89733100000.0 1584850000.0 2043020000.0 25448500.0 -2.7 [-2.7]
22908700000000.0 254078000000000.0 441989000000.0 297087000000.0 1143960000.0 157565000000.0 22162600000.0 4841390.0 132341000000.0 152035000000.0 0.0 0.0 608206000.0 86254100000.0 1417070000.0 1827590000.0 21921800.0 -2.68 [-2.68]
22908700000000.0 242663000000000.0 430825000000.0 277598000000.0 992159000.0 152161000000.0 19811900000.0 3998890.0 134143000000.0 136038000000.0 0.0 0.0 586632000.0 82901100000.0 1266400000.0 1634250000.0 18900300.0 -2.66 [-2.66]
22908700000000.0 231741000000000.0 419784000000.0 259291000000.0 860059000.0 146848000000.0 17695200000.0 3300620.0 135869000000.0 121582000000.0 0.0 0.0 565735000.0 79671800000.0 1131230000.0 1460850000.0 16310200.0 -2.64 [-2.64]
22908700000000.0 221296000000000.0 408855000000.0 242135000000.0 745279000.0 141637000000.0 15792900000.0 2722650.0 137518000000.0 108548000000.0 0.0 0.0 545509000.0 76564600000.0 1010090000.0 1305450000.0 14088600.0 -2.62 [-2.62]
22908700000000.0 211311000000000.0 398068000000.0 226057000000.0 645591000.0 136536000000.0 14085300000.0 2244720.0 139090000000.0 96813200000.0 0.0 0.0 525954000.0 73576900000.0 901622000.0 1166300000.0 12182000.0 -2.6 [-2.6]
22908700000000.0 201705000000000.0 387373000000.0 210893000000.0 558653000.0 131517000000.0 12547600000.0 1848220.0 140587000000.0 86213900000.0 0.0 0.0 506940000.0 70687000000.0 804139000.0 1041180000.0 10537700.0 -2.58 [-2.58]
22908700000000.0 192588000000000.0 376912000000.0 196798000000.0 483652000.0 126657000000.0 11177700000.0 1522540.0 142006000000.0 76749000000.0 0.0 0.0 488708000.0 67930700000.0 717433000.0 929851000.0 9130830.0 -2.56 [-2.56]
