Cloudy_runs/pks0637/z=0.417539/component_II_PI_nH/component_II_PI_nH_col_density_param.txt
# %ECSV 1.0
# ---
# datatype:
# - {name: H, datatype: float64}
# - {name: H+, datatype: float64}
# - {name: C+, datatype: float64}
# - {name: C+2, datatype: float64}
# - {name: C+3, datatype: float64}
# - {name: N+2, datatype: float64}
# - {name: N+4, datatype: float64}
# - {name: O, datatype: float64}
# - {name: O+2, datatype: float64}
# - {name: O+5, datatype: float64}
# - {name: O+6, datatype: float64}
# - {name: Si+, datatype: float64}
# - {name: Si+2, datatype: float64}
# - {name: Si+3, datatype: float64}
# - {name: Si+4, datatype: float64}
# - {name: log_nH, datatype: float64}
# - {name: log_Te, datatype: float64}
# - {name: parameters, datatype: string, subtype: 'float64[1]'}
# schema: astropy-2.0
H H+ C+ C+2 C+3 N+2 N+4 O O+2 O+5 O+6 Si+ Si+2 Si+3 Si+4 log_nH log_Te parameters
407380000000000.0 5.3913e+19 3217360000.0 1038560000000.0 9961050000000.0 145917000000.0 16609200000000.0 9611.72 355021000000.0 368200000000000.0 1649890000000000.0 356802.0 33351900.0 353100000.0 121595000000.0 -5.0 4.666 [-5.0]
407380000000000.0 5.08072e+19 3587780000.0 1128670000000.0 10385600000000.0 158333000000.0 16855000000000.0 10761.9 386506000000.0 363821000000000.0 1542220000000000.0 443689.0 40217300.0 410634000.0 133418000000.0 -4.98 4.659 [-4.98]
407380000000000.0 4.78961e+19 3992810000.0 1224260000000.0 10810700000000.0 171612000000.0 17080000000000.0 12048.0 420500000000.0 358875000000000.0 1439600000000000.0 550164.0 48384400.0 476584000.0 146139000000.0 -4.96 4.653 [-4.96]
407380000000000.0 4.51668e+19 4435040000.0 1325470000000.0 11235100000000.0 185808000000.0 17283800000000.0 13487.8 457193000000.0 353385000000000.0 1341960000000000.0 680296.0 58079200.0 552025000.0 159799000000.0 -4.94 4.646 [-4.94]
407380000000000.0 4.26066e+19 4917230000.0 1432480000000.0 11658000000000.0 200978000000.0 17465900000000.0 15100.6 496776000000.0 347372000000000.0 1249190000000000.0 838949.0 69564000.0 638162000.0 174445000000.0 -4.92 4.639 [-4.92]
407380000000000.0 4.02042e+19 5442280000.0 1545410000000.0 12078200000000.0 217181000000.0 17625800000000.0 16908.7 539450000000.0 340859000000000.0 1161190000000000.0 1031900.0 83142200.0 736322000.0 190118000000.0 -4.9 4.633 [-4.9]
407380000000000.0 3.7949e+19 6013330000.0 1664420000000.0 12494800000000.0 234476000000.0 17763100000000.0 18937.1 585419000000.0 333872000000000.0 1077840000000000.0 1266000.0 99163800.0 847971000.0 206861000000.0 -4.88 4.627 [-4.88]
407380000000000.0 3.58302e+19 6633440000.0 1789630000000.0 12906800000000.0 252920000000.0 17877500000000.0 21211.1 634862000000.0 326440000000000.0 998983000000000.0 1549390.0 118034000.0 974759000.0 224720000000.0 -4.86 4.621 [-4.86]
407380000000000.0 3.38403e+19 7306600000.0 1921200000000.0 13313100000000.0 272596000000.0 17968700000000.0 23768.5 688075000000.0 318595000000000.0 924536000000000.0 1891650.0 140213000.0 1118400000.0 243730000000.0 -4.84 4.615 [-4.84]
407380000000000.0 3.19702e+19 8036410000.0 2059250000000.0 13712900000000.0 293564000000.0 18036600000000.0 26642.8 745242000000.0 310366000000000.0 854345000000000.0 2304080.0 166236000.0 1280880000.0 263930000000.0 -4.82 4.609 [-4.82]
407380000000000.0 3.02116e+19 8826760000.0 2203890000000.0 14105300000000.0 315889000000.0 18080800000000.0 29873.1 806573000000.0 301785000000000.0 788264000000000.0 2800020.0 196713000.0 1464340000.0 285360000000.0 -4.8 4.604 [-4.8]
407380000000000.0 2.85573e+19 9681810000.0 2355250000000.0 14489400000000.0 339639000000.0 18101200000000.0 33503.6 872276000000.0 292886000000000.0 726145000000000.0 3395120.0 232344000.0 1671120000.0 308055000000.0 -4.78 4.598 [-4.78]
407380000000000.0 2.70006e+19 10606400000.0 2513450000000.0 14864300000000.0 364893000000.0 18097600000000.0 37589.1 942612000000.0 283708000000000.0 667854000000000.0 4107680.0 273923000.0 1903740000.0 332042000000.0 -4.76 4.593 [-4.76]
407380000000000.0 2.55352e+19 11604900000.0 2678590000000.0 15229300000000.0 391710000000.0 18070100000000.0 42182.1 1017750000000.0 274285000000000.0 613237000000000.0 4959180.0 322365000.0 2165020000.0 357356000000.0 -4.74 4.587 [-4.74]
407380000000000.0 2.41549e+19 12682700000.0 2850800000000.0 15583500000000.0 420166000000.0 18018500000000.0 47345.6 1097880000000.0 264653000000000.0 562153000000000.0 5974620.0 378703000.0 2457960000.0 384020000000.0 -4.72 4.582 [-4.72]
407380000000000.0 2.28545e+19 13844700000.0 3030130000000.0 15926400000000.0 450319000000.0 17943000000000.0 53150.3 1183210000000.0 254855000000000.0 514450000000000.0 7183140.0 444114000.0 2785840000.0 412056000000.0 -4.7 4.577 [-4.7]
407380000000000.0 2.16287e+19 15096900000.0 3216630000000.0 16257000000000.0 482230000000.0 17843500000000.0 59674.3 1273890000000.0 244925000000000.0 469986000000000.0 8618580.0 519928000.0 3152200000.0 441478000000.0 -4.68 4.572 [-4.68]
407380000000000.0 2.04729e+19 16444600000.0 3410370000000.0 16574800000000.0 515951000000.0 17720200000000.0 67002.6 1370070000000.0 234906000000000.0 428612000000000.0 10320200.0 607657000.0 3560870000.0 472302000000.0 -4.66 4.568 [-4.66]
407380000000000.0 1.93828e+19 17893900000.0 3611400000000.0 16879300000000.0 551543000000.0 17573200000000.0 75233.5 1471900000000.0 224836000000000.0 390188000000000.0 12333300.0 709004000.0 4015960000.0 504532000000.0 -4.64 4.563 [-4.64]
407380000000000.0 1.83541e+19 19451100000.0 3819730000000.0 17169600000000.0 589043000000.0 17402900000000.0 84472.6 1579490000000.0 214753000000000.0 354568000000000.0 14710300.0 825888000.0 4521890000.0 538170000000.0 -4.62 4.558 [-4.62]
407380000000000.0 1.73824e+19 21120500000.0 4035280000000.0 17445500000000.0 628445000000.0 17209300000000.0 94812.2 1692760000000.0 204695000000000.0 321598000000000.0 17511300.0 960484000.0 5083740000.0 573221000000.0 -4.6 4.554 [-4.6]
407380000000000.0 1.64658e+19 22914000000.0 4258290000000.0 17706000000000.0 669884000000.0 16993200000000.0 106442.0 1812120000000.0 194701000000000.0 291172000000000.0 20806100.0 1115200000.0 5705910000.0 609646000000.0 -4.58 4.549 [-4.58]
407380000000000.0 1.55995e+19 24833800000.0 4488480000000.0 17951000000000.0 713278000000.0 16754900000000.0 119450.0 1937260000000.0 184805000000000.0 263124000000000.0 24673300.0 1292770000.0 6394490000.0 647452000000.0 -4.56 4.545 [-4.56]
407380000000000.0 1.4781e+19 26888500000.0 4725880000000.0 18179900000000.0 758666000000.0 16494900000000.0 134013.0 2068300000000.0 175042000000000.0 237328000000000.0 29204100.0 1496230000.0 7155090000.0 686604000000.0 -4.54 4.54 [-4.54]
407380000000000.0 1.40076e+19 29087100000.0 4970420000000.0 18392100000000.0 806066000000.0 16213900000000.0 150331.0 2205310000000.0 165444000000000.0 213661000000000.0 34502100.0 1728980000.0 7993570000.0 727059000000.0 -4.52 4.536 [-4.52]
407380000000000.0 1.32763e+19 31435500000.0 5221990000000.0 18587200000000.0 855433000000.0 15912600000000.0 168574.0 2348070000000.0 156040000000000.0 191985000000000.0 40684700.0 1994810000.0 8916780000.0 768780000000.0 -4.5 4.532 [-4.5]
407380000000000.0 1.25846e+19 33939900000.0 5480280000000.0 18764900000000.0 906697000000.0 15591800000000.0 188948.0 2496460000000.0 146858000000000.0 172174000000000.0 47884800.0 2297910000.0 9931700000.0 811717000000.0 -4.48 4.528 [-4.48]
407380000000000.0 1.19302e+19 36608200000.0 5745160000000.0 18924600000000.0 959821000000.0 15252400000000.0 211691.0 2650350000000.0 137924000000000.0 154108000000000.0 56253300.0 2642950000.0 11045600000.0 855809000000.0 -4.46 4.524 [-4.46]
407380000000000.0 1.13108e+19 39448600000.0 6016470000000.0 19066000000000.0 1014750000000.0 14895400000000.0 237063.0 2809540000000.0 129257000000000.0 137673000000000.0 65960700.0 3035090000.0 12266300000.0 900984000000.0 -4.44 4.52 [-4.44]
407380000000000.0 1.07245e+19 42467000000.0 6293770000000.0 19188800000000.0 1071350000000.0 14522100000000.0 265345.0 2973800000000.0 120879000000000.0 122755000000000.0 77197700.0 3480020000.0 13601800000.0 947161000000.0 -4.42 4.516 [-4.42]
407380000000000.0 1.01695e+19 45670900000.0 6576770000000.0 19292600000000.0 1129530000000.0 14133600000000.0 296852.0 3142890000000.0 112805000000000.0 109246000000000.0 90179200.0 3984010000.0 15060700000.0 994254000000.0 -4.4 4.512 [-4.4]
407380000000000.0 9.6437e+18 49068100000.0 6865160000000.0 19377000000000.0 1189180000000.0 13731100000000.0 331945.0 3316570000000.0 105049000000000.0 97036600000000.0 105147000.0 4554000000.0 16651800000.0 1042160000000.0 -4.38 4.508 [-4.38]
407380000000000.0 9.14574e+18 52663600000.0 7158390000000.0 19441600000000.0 1250130000000.0 13316200000000.0 370996.0 3494480000000.0 97623400000000.0 86030200000000.0 122366000.0 5197410000.0 18384200000.0 1090760000000.0 -4.36 4.504 [-4.36]
407380000000000.0 8.67398e+18 56465500000.0 7456150000000.0 19486300000000.0 1312250000000.0 12890200000000.0 414447.0 3676330000000.0 90535600000000.0 76129200000000.0 142134000.0 5922560000.0 20267400000.0 1139930000000.0 -4.34 4.5 [-4.34]
407380000000000.0 8.22689e+18 60476000000.0 7757570000000.0 19510700000000.0 1375290000000.0 12454800000000.0 462755.0 3861730000000.0 83790600000000.0 67241700000000.0 164780000.0 6738360000.0 22311500000.0 1189550000000.0 -4.32 4.496 [-4.32]
407380000000000.0 7.80317e+18 64702200000.0 8062190000000.0 19514500000000.0 1439100000000.0 12011500000000.0 516468.0 4050350000000.0 77391300000000.0 59281900000000.0 190668000.0 7654610000.0 24526500000.0 1239470000000.0 -4.3 4.492 [-4.3]
407380000000000.0 7.40154e+18 69149000000.0 8369370000000.0 19497600000000.0 1503460000000.0 11562100000000.0 576186.0 4241830000000.0 71337700000000.0 52168900000000.0 220200000.0 8681850000.0 26922600000.0 1289540000000.0 -4.28 4.488 [-4.28]
407380000000000.0 7.02083e+18 73821000000.0 8678410000000.0 19459700000000.0 1568170000000.0 11108100000000.0 642592.0 4435810000000.0 65627900000000.0 45826800000000.0 253817000.0 9831510000.0 29510100000.0 1339590000000.0 -4.26 4.485 [-4.26]
407380000000000.0 6.65991e+18 78722000000.0 8988530000000.0 19400800000000.0 1632990000000.0 10651300000000.0 716442.0 4631910000000.0 60257300000000.0 40183900000000.0 292003000.0 11115900000.0 32299600000.0 1389450000000.0 -4.24 4.481 [-4.24]
407380000000000.0 6.31774e+18 83854200000.0 9298880000000.0 19320600000000.0 1697700000000.0 10193500000000.0 798582.0 4829710000000.0 55219900000000.0 35174100000000.0 335281000.0 12548200000.0 35301400000.0 1438930000000.0 -4.22 4.477 [-4.22]
407380000000000.0 5.9933e+18 89220400000.0 9608600000000.0 19219100000000.0 1762050000000.0 9736250000000.0 889976.0 5028830000000.0 50507800000000.0 30735800000000.0 384227000.0 14142600000.0 38526100000.0 1487850000000.0 -4.2 4.473 [-4.2]
407380000000000.0 5.68568e+18 94821600000.0 9916740000000.0 19096300000000.0 1825800000000.0 9281240000000.0 991704.0 5228860000000.0 46111600000000.0 26811900000000.0 439459000.0 15914100000.0 41983800000.0 1536010000000.0 -4.18 4.47 [-4.18]
407380000000000.0 5.39398e+18 100658000000.0 10222300000000.0 18952100000000.0 1888710000000.0 8830080000000.0 1104990.0 5429420000000.0 42020500000000.0 23349800000000.0 501650000.0 17878700000.0 45684400000.0 1583190000000.0 -4.16 4.466 [-4.16]
407380000000000.0 5.11737e+18 106729000000.0 10524300000000.0 18786700000000.0 1950540000000.0 8384280000000.0 1231210.0 5630110000000.0 38223100000000.0 20301400000000.0 571521000.0 20053500000.0 49637400000.0 1629200000000.0 -4.14 4.462 [-4.14]
407380000000000.0 4.85507e+18 113034000000.0 10821700000000.0 18600200000000.0 2011060000000.0 7945300000000.0 1371930.0 5830540000000.0 34707000000000.0 17622600000000.0 649847000.0 22456200000.0 53851800000.0 1673810000000.0 -4.12 4.458 [-4.12]
407380000000000.0 4.60633e+18 119569000000.0 11113200000000.0 18392700000000.0 2070030000000.0 7514490000000.0 1528920.0 6030300000000.0 31459000000000.0 15272900000000.0 737457000.0 25105600000.0 58335900000.0 1716810000000.0 -4.1 4.455 [-4.1]
407380000000000.0 4.37046e+18 126330000000.0 11397900000000.0 18164600000000.0 2127240000000.0 7093140000000.0 1704170.0 6229050000000.0 28465900000000.0 13216000000000.0 835232000.0 28021500000.0 63096900000.0 1757970000000.0 -4.08 4.451 [-4.08]
407380000000000.0 4.14679e+18 133311000000.0 11674300000000.0 17916300000000.0 2182450000000.0 6682360000000.0 1899920.0 6426380000000.0 25713900000000.0 11418800000000.0 944103000.0 31224100000.0 68141400000.0 1797080000000.0 -4.06 4.447 [-4.06]
407380000000000.0 3.93468e+18 140508000000.0 11941600000000.0 17648100000000.0 2235520000000.0 6283160000000.0 2118750.0 6621910000000.0 23189300000000.0 9851250000000.0 1065060000.0 34734700000.0 73474600000.0 1833920000000.0 -4.04 4.444 [-4.04]
407380000000000.0 3.73354e+18 147913000000.0 12198500000000.0 17360600000000.0 2286240000000.0 5896440000000.0 2363560.0 6815280000000.0 20878300000000.0 8486460000000.0 1199140000.0 38575000000.0 79100300000.0 1868260000000.0 -4.02 4.44 [-4.02]
407380000000000.0 3.54282e+18 155518000000.0 12443800000000.0 17054300000000.0 2334440000000.0 5522960000000.0 2637610.0 7006150000000.0 18767400000000.0 7300320000000.0 1347440000.0 42767200000.0 85020400000.0 1899910000000.0 -4.0 4.436 [-4.0]
407380000000000.0 3.36197e+18 163312000000.0 12676400000000.0 16730000000000.0 2379960000000.0 5163340000000.0 2944610.0 7194130000000.0 16843200000000.0 6271150000000.0 1511080000.0 47333800000.0 91235500000.0 1928640000000.0 -3.98 4.433 [-3.98]
407380000000000.0 3.19048e+18 171280000000.0 12894900000000.0 16388600000000.0 2422620000000.0 4818110000000.0 3288710.0 7378880000000.0 15092800000000.0 5379670000000.0 1691230000.0 52297500000.0 97744000000.0 1954260000000.0 -3.96 4.429 [-3.96]
407380000000000.0 3.02786e+18 179415000000.0 13098400000000.0 16030600000000.0 2462360000000.0 4487620000000.0 3674660.0 7560060000000.0 13503700000000.0 4608710000000.0 1889110000.0 57681100000.0 104542000000.0 1976590000000.0 -3.94 4.426 [-3.94]
407380000000000.0 2.87366e+18 187699000000.0 13285900000000.0 15657300000000.0 2499050000000.0 4172140000000.0 4107770.0 7737330000000.0 12063700000000.0 3943020000000.0 2105920000.0 63506800000.0 111624000000.0 1995450000000.0 -3.92 4.422 [-3.92]
407380000000000.0 2.72744e+18 196114000000.0 13456100000000.0 15269700000000.0 2532550000000.0 3871810000000.0 4594030.0 7910340000000.0 10761400000000.0 3369110000000.0 2342930000.0 69796000000.0 118980000000.0 2010680000000.0 -3.9 4.419 [-3.9]
407380000000000.0 2.58877e+18 204647000000.0 13608300000000.0 14868700000000.0 2562820000000.0 3586650000000.0 5140270.0 8078750000000.0 9585620000000.0 2875060000000.0 2601380000.0 76569600000.0 126599000000.0 2022110000000.0 -3.88 4.415 [-3.88]
407380000000000.0 2.45727e+18 213274000000.0 13741400000000.0 14455700000000.0 2589760000000.0 3316610000000.0 5754080.0 8242250000000.0 8526110000000.0 2450370000000.0 2882520000.0 83846800000.0 134466000000.0 2029620000000.0 -3.86 4.412 [-3.86]
407380000000000.0 2.33257e+18 221981000000.0 13854900000000.0 14032000000000.0 2613370000000.0 3061550000000.0 6444070.0 8400550000000.0 7573050000000.0 2085850000000.0 3187570000.0 91645500000.0 142563000000.0 2033100000000.0 -3.84 4.408 [-3.84]
407380000000000.0 2.21431e+18 230743000000.0 13947800000000.0 13599000000000.0 2633570000000.0 2821240000000.0 7219870.0 8553360000000.0 6717210000000.0 1773410000000.0 3517700000.0 99981000000.0 150868000000.0 2032460000000.0 -3.82 4.405 [-3.82]
407380000000000.0 2.10217e+18 239540000000.0 14019900000000.0 13157900000000.0 2650360000000.0 2595370000000.0 8092400.0 8700380000000.0 5949970000000.0 1505960000000.0 3874040000.0 108866000000.0 159358000000.0 2027630000000.0 -3.8 4.401 [-3.8]
407380000000000.0 1.99581e+18 248347000000.0 14070400000000.0 12710500000000.0 2663710000000.0 2383560000000.0 9073800.0 8841310000000.0 5263260000000.0 1277340000000.0 4257630000.0 118310000000.0 168003000000.0 2018550000000.0 -3.78 4.398 [-3.78]
407380000000000.0 1.89492e+18 257138000000.0 14099000000000.0 12258000000000.0 2673610000000.0 2185410000000.0 10177800.0 8975880000000.0 4649630000000.0 1082150000000.0 4669370000.0 128319000000.0 176771000000.0 2005190000000.0 -3.76 4.394 [-3.76]
407380000000000.0 1.79928e+18 265880000000.0 14105500000000.0 11802300000000.0 2680080000000.0 2000560000000.0 11418900.0 9103730000000.0 4102440000000.0 915805000000.0 5109690000.0 138887000000.0 185623000000.0 1987570000000.0 -3.74 4.391 [-3.74]
407380000000000.0 1.70852e+18 274571000000.0 14090200000000.0 11344300000000.0 2683180000000.0 1828270000000.0 12816000.0 9224790000000.0 3614680000000.0 774066000000.0 5579980000.0 150022000000.0 194524000000.0 1965680000000.0 -3.72 4.388 [-3.72]
407380000000000.0 1.62242e+18 283177000000.0 14052800000000.0 10885900000000.0 2682910000000.0 1668150000000.0 14387500.0 9338710000000.0 3180830000000.0 653513000000.0 6080330000.0 161709000000.0 203425000000.0 1939590000000.0 -3.7 4.384 [-3.7]
