Cloudy_runs/pks0637/z=0.417539/component_II_PI_nH/component_II_PI_nH_col_density_param.txt
# %ECSV 1.0
# ---
# datatype:
# - {name: H, datatype: float64}
# - {name: H+, datatype: float64}
# - {name: C+, datatype: float64}
# - {name: C+2, datatype: float64}
# - {name: C+3, datatype: float64}
# - {name: N+2, datatype: float64}
# - {name: N+4, datatype: float64}
# - {name: O, datatype: float64}
# - {name: O+2, datatype: float64}
# - {name: O+5, datatype: float64}
# - {name: O+6, datatype: float64}
# - {name: Si+, datatype: float64}
# - {name: Si+2, datatype: float64}
# - {name: Si+3, datatype: float64}
# - {name: Si+4, datatype: float64}
# - {name: log_nH, datatype: float64}
# - {name: log_Te, datatype: float64}
# - {name: parameters, datatype: string, subtype: 'float64[1]'}
# schema: astropy-2.0
H H+ C+ C+2 C+3 N+2 N+4 O O+2 O+5 O+6 Si+ Si+2 Si+3 Si+4 log_nH log_Te parameters
[from data line 67]
407380000000000.0 1.46319e+18 300031000000.0 13912900000000.0 9973090000000.0 2672470000000.0 1382080000000.0 18144400.0 9544200000000.0 2453460000000.0 464149000000.0 7172330000.0 186675000000.0 221042000000.0 1875110000000.0 -3.66 4.378 [-3.66]
407380000000000.0 1.38964e+18 308219000000.0 13811200000000.0 9521960000000.0 2662400000000.0 1255100000000.0 20379700.0 9635220000000.0 2150760000000.0 390503000000.0 7763080000.0 199891000000.0 229651000000.0 1836980000000.0 -3.64 4.374 [-3.64]
407380000000000.0 1.31985e+18 316220000000.0 13689100000000.0 9075980000000.0 2649230000000.0 1138030000000.0 22892400.0 9718140000000.0 1883020000000.0 328158000000.0 8383100000.0 213550000000.0 238052000000.0 1795120000000.0 -3.62 4.371 [-3.62]
407380000000000.0 1.25361e+18 324011000000.0 13547400000000.0 8636490000000.0 2632990000000.0 1030290000000.0 25716200.0 9792750000000.0 1646540000000.0 275441000000.0 9031340000.0 227602000000.0 246185000000.0 1749720000000.0 -3.6 4.368 [-3.6]
407380000000000.0 1.19074e+18 331568000000.0 13386800000000.0 8204680000000.0 2613790000000.0 931347000000.0 28888500.0 9858840000000.0 1437950000000.0 230916000000.0 9706440000.0 241990000000.0 253991000000.0 1701000000000.0 -3.58 4.365 [-3.58]
407380000000000.0 1.13106e+18 338872000000.0 13208200000000.0 7781650000000.0 2591710000000.0 840636000000.0 32450900.0 9916210000000.0 1254190000000.0 193354000000.0 10406700000.0 256649000000.0 261405000000.0 1649210000000.0 -3.56 4.361 [-3.56]
407380000000000.0 1.0744e+18 345906000000.0 13012800000000.0 7368430000000.0 2566860000000.0 757625000000.0 36450000.0 9964670000000.0 1092530000000.0 161704000000.0 11129900000.0 271506000000.0 268365000000.0 1594610000000.0 -3.54 4.358 [-3.54]
407380000000000.0 1.0206e+18 352653000000.0 12801600000000.0 6965920000000.0 2539350000000.0 681797000000.0 40937200.0 10004000000000.0 950493000000.0 135065000000.0 11873600000.0 286475000000.0 274809000000.0 1537500000000.0 -3.52 4.355 [-3.52]
407380000000000.0 9.69522e+17 359096000000.0 12575700000000.0 6574910000000.0 2509280000000.0 612651000000.0 45969900.0 10034100000000.0 825856000000.0 112670000000.0 12634700000.0 301466000000.0 280678000000.0 1478200000000.0 -3.5 4.352 [-3.5]
407380000000000.0 9.21014e+17 365222000000.0 12336500000000.0 6196090000000.0 2476780000000.0 549709000000.0 51611400.0 10054800000000.0 716629000000.0 93866000000.0 13410100000.0 316379000000.0 285913000000.0 1417050000000.0 -3.48 4.349 [-3.48]
407380000000000.0 8.74945e+17 371022000000.0 12085100000000.0 5830050000000.0 2441970000000.0 492512000000.0 57932000.0 10065900000000.0 621031000000.0 78095800000.0 14195900000.0 331109000000.0 290460000000.0 1354390000000.0 -3.46 4.345 [-3.46]
407380000000000.0 8.31189e+17 376489000000.0 11822800000000.0 5477240000000.0 2404970000000.0 440623000000.0 65009500.0 10067300000000.0 537468000000.0 64886500000.0 14988200000.0 345548000000.0 294269000000.0 1290590000000.0 -3.44 4.342 [-3.44]
407380000000000.0 7.89629e+17 381617000000.0 11551100000000.0 5138050000000.0 2365930000000.0 393631000000.0 72929600.0 10058800000000.0 464521000000.0 53836300000.0 15782900000.0 359582000000.0 297298000000.0 1226030000000.0 -3.42 4.339 [-3.42]
407380000000000.0 7.50152e+17 386404000000.0 11271200000000.0 4812720000000.0 2324980000000.0 351143000000.0 81787000.0 10040400000000.0 400925000000.0 44604300000.0 16575700000.0 373098000000.0 299509000000.0 1161080000000.0 -3.4 4.336 [-3.4]
407380000000000.0 7.12652e+17 390850000000.0 10984300000000.0 4501430000000.0 2282270000000.0 312790000000.0 91685500.0 10011900000000.0 345554000000.0 36901500000.0 17361900000.0 385982000000.0 300874000000.0 1096120000000.0 -3.38 4.333 [-3.38]
407380000000000.0 6.77029e+17 394955000000.0 10691800000000.0 4204230000000.0 2237920000000.0 278228000000.0 102740000.0 9973410000000.0 297407000000.0 30483200000.0 18137200000.0 398126000000.0 301372000000.0 1031510000000.0 -3.36 4.329 [-3.36]
407380000000000.0 6.43186e+17 398721000000.0 10394800000000.0 3921120000000.0 2192090000000.0 247133000000.0 115076000.0 9924720000000.0 255600000000.0 25142800000.0 18896900000.0 409423000000.0 300994000000.0 967615000000.0 -3.34 4.326 [-3.34]
407380000000000.0 6.11035e+17 402156000000.0 10094600000000.0 3652000000000.0 2144920000000.0 219203000000.0 128831000.0 9865890000000.0 219349000000.0 20705500000.0 19637000000.0 419777000000.0 299739000000.0 904777000000.0 -3.32 4.323 [-3.32]
407380000000000.0 5.80491e+17 405267000000.0 9792220000000.0 3396710000000.0 2096560000000.0 194155000000.0 144155000.0 9796910000000.0 187958000000.0 17024200000.0 20353200000.0 429101000000.0 297614000000.0 843313000000.0 -3.3 4.32 [-3.3]
407380000000000.0 5.51476e+17 408063000000.0 9488860000000.0 3155030000000.0 2047150000000.0 171730000000.0 161212000.0 9717830000000.0 160814000000.0 13974500000.0 21042100000.0 437319000000.0 294639000000.0 783516000000.0 -3.28 4.316 [-3.28]
407380000000000.0 5.23909e+17 410553000000.0 9185460000000.0 2926650000000.0 1996840000000.0 151683000000.0 180182000.0 9628710000000.0 137377000000.0 11452100000.0 21700200000.0 444367000000.0 290842000000.0 725646000000.0 -3.26 4.313 [-3.26]
407380000000000.0 4.97735e+17 412716000000.0 8883010000000.0 2711480000000.0 1945800000000.0 133807000000.0 201242000.0 9529680000000.0 117186000000.0 9370220000.0 22322400000.0 450176000000.0 286284000000.0 669965000000.0 -3.24 4.31 [-3.24]
407380000000000.0 4.72844e+17 414657000000.0 8582250000000.0 2508480000000.0 1894100000000.0 117851000000.0 224649000.0 9420800000000.0 99777600000.0 7651700000.0 22912800000.0 454770000000.0 280946000000.0 616577000000.0 -3.22 4.306 [-3.22]
407380000000000.0 4.49233e+17 416280000000.0 8284350000000.0 2318140000000.0 1841980000000.0 103682000000.0 250564000.0 9302480000000.0 84840900000.0 6239290000.0 23461700000.0 458068000000.0 274963000000.0 565770000000.0 -3.2 4.303 [-3.2]
407380000000000.0 4.26787e+17 417654000000.0 7989550000000.0 2139400000000.0 1789490000000.0 91085000000.0 279284000.0 9174650000000.0 72011700000.0 5077790000.0 23972700000.0 460095000000.0 268342000000.0 517558000000.0 -3.18 4.3 [-3.18]
407380000000000.0 4.0543e+17 418793000000.0 7698210000000.0 1971700000000.0 1736680000000.0 79895500000.0 311101000.0 9037350000000.0 61003600000.0 4123760000.0 24445700000.0 460855000000.0 261135000000.0 471996000000.0 -3.16 4.296 [-3.16]
407380000000000.0 3.8517e+17 419681000000.0 7411730000000.0 1815110000000.0 1683860000000.0 70001100000.0 346229000.0 8891400000000.0 51600400000.0 3343610000.0 24877000000.0 460374000000.0 253457000000.0 429249000000.0 -3.14 4.293 [-3.14]
407380000000000.0 3.65923e+17 420342000000.0 7130240000000.0 1668920000000.0 1631060000000.0 61252300000.0 385008000.0 8736890000000.0 43570100000.0 2705940000.0 25268500000.0 458690000000.0 245358000000.0 389276000000.0 -3.12 4.29 [-3.12]
407380000000000.0 3.47641e+17 420786000000.0 6854180000000.0 1532630000000.0 1578390000000.0 53528400000.0 427763000.0 8574170000000.0 36724300000.0 2185720000.0 25621100000.0 455852000000.0 236908000000.0 352064000000.0 -3.1 4.286 [-3.1]
407380000000000.0 3.30273e+17 421025000000.0 6583930000000.0 1405760000000.0 1525980000000.0 46719400000.0 474848000.0 8403650000000.0 30898200000.0 1762110000.0 25935900000.0 451921000000.0 228177000000.0 317568000000.0 -3.08 4.283 [-3.08]
407380000000000.0 3.13775e+17 421068000000.0 6319800000000.0 1287840000000.0 1473910000000.0 40725800000.0 526637000.0 8225750000000.0 25948700000.0 1417830000.0 26214800000.0 446965000000.0 219236000000.0 285721000000.0 -3.06 4.28 [-3.06]
407380000000000.0 2.98104e+17 420927000000.0 6062080000000.0 1178380000000.0 1422280000000.0 35457400000.0 583527000.0 8040960000000.0 21751600000.0 1138560000.0 26459600000.0 441058000000.0 210150000000.0 256437000000.0 -3.04 4.276 [-3.04]
407380000000000.0 2.83218e+17 420610000000.0 5810980000000.0 1076930000000.0 1371190000000.0 30833400000.0 645942000.0 7849750000000.0 18199100000.0 912487000.0 26672600000.0 434281000000.0 200982000000.0 229611000000.0 -3.02 4.273 [-3.02]
407380000000000.0 2.69078e+17 420125000000.0 5566660000000.0 983027000000.0 1320720000000.0 26780600000.0 714326000.0 7652680000000.0 15197700000.0 729838000.0 26856300000.0 426717000000.0 191791000000.0 205126000000.0 -3.0 4.269 [-3.0]
407380000000000.0 2.55647e+17 419481000000.0 5329260000000.0 896232000000.0 1270930000000.0 23233500000.0 789151000.0 7450290000000.0 12666900000.0 582575000.0 27013200000.0 418450000000.0 182632000000.0 182855000000.0 -2.98 4.266 [-2.98]
407380000000000.0 2.4289e+17 418685000000.0 5098850000000.0 816114000000.0 1221910000000.0 20133100000.0 870913000.0 7243150000000.0 10536900000.0 464084000.0 27145900000.0 409565000000.0 173554000000.0 162665000000.0 -2.96 4.263 [-2.96]
407380000000000.0 2.30772e+17 417743000000.0 4875500000000.0 742259000000.0 1173710000000.0 17427000000.0 960130000.0 7031860000000.0 8747870000.0 368944000.0 27257100000.0 400145000000.0 164601000000.0 144419000000.0 -2.94 4.259 [-2.94]
407380000000000.0 2.19289e+17 416667000000.0 4659740000000.0 674409000000.0 1126500000000.0 15072500000.0 1057190000.0 6817610000000.0 7250780000.0 292842000.0 27348500000.0 390304000000.0 155834000000.0 128007000000.0 -2.92 4.256 [-2.92]
407380000000000.0 2.0833e+17 415445000000.0 4450010000000.0 611763000000.0 1079990000000.0 13014400000.0 1163130000.0 6599240000000.0 5993400000.0 231757000.0 27425800000.0 380022000000.0 147220000000.0 113207000000.0 -2.9 4.252 [-2.9]
407380000000000.0 1.97947e+17 414099000000.0 4247830000000.0 554373000000.0 1034560000000.0 11228800000.0 1278060000.0 6379140000000.0 4945860000.0 183122000.0 27488200000.0 369471000000.0 138855000000.0 99971200000.0 -2.88 4.249 [-2.88]
407380000000000.0 1.88084e+17 412627000000.0 4052610000000.0 501750000000.0 990144000000.0 9678190000.0 1402750000.0 6157330000000.0 4073060000.0 144398000.0 27539200000.0 358688000000.0 130739000000.0 88140200000.0 -2.86 4.245 [-2.86]
407380000000000.0 1.78739e+17 411041000000.0 3864800000000.0 453666000000.0 946876000000.0 8335970000.0 1537590000.0 5935060000000.0 3348720000.0 113688000.0 27579900000.0 347772000000.0 122913000000.0 77609600000.0 -2.84 4.242 [-2.84]
407380000000000.0 1.69842e+17 409333000000.0 3683330000000.0 409595000000.0 904567000000.0 7170630000.0 1683640000.0 5711720000000.0 2746460000.0 89288400.0 27614500000.0 336718000000.0 115351000000.0 68222900000.0 -2.82 4.239 [-2.82]
407380000000000.0 1.61392e+17 407509000000.0 3508570000000.0 369347000000.0 863345000000.0 6162230000.0 1841350000.0 5488490000000.0 2247820000.0 69985000.0 27643700000.0 325611000000.0 108084000000.0 59889500000.0 -2.8 4.235 [-2.8]
407380000000000.0 1.53366e+17 405571000000.0 3340410000000.0 332639000000.0 823225000000.0 5290630000.0 2011380000.0 5265940000000.0 1835850000.0 54745600.0 27669100000.0 314500000000.0 101121000000.0 52505700000.0 -2.78 4.232 [-2.78]
407380000000000.0 1.45723e+17 403514000000.0 3178270000000.0 299133000000.0 784116000000.0 4536550000.0 2194680000.0 5044010000000.0 1495580000.0 42718100.0 27693200000.0 303394000000.0 94448000000.0 45963500000.0 -2.76 4.229 [-2.76]
407380000000000.0 1.38484e+17 401352000000.0 3022900000000.0 268733000000.0 746234000000.0 3887750000.0 2391290000.0 4824480000000.0 1216300000.0 33284900.0 27715200000.0 292401000000.0 88104600000.0 40200100000.0 -2.74 4.225 [-2.74]
407380000000000.0 1.31608e+17 399082000000.0 2873720000000.0 241121000000.0 709477000000.0 3328740000.0 2602140000.0 4607220000000.0 987056000.0 25884500.0 27737100000.0 281522000000.0 82070200000.0 35120500000.0 -2.72 4.222 [-2.72]
407380000000000.0 1.25078e+17 396703000000.0 2730560000000.0 216075000000.0 673847000000.0 2847590000.0 2827860000.0 4392720000000.0 799292000.0 20091000.0 27759700000.0 270786000000.0 76342900000.0 30650500000.0 -2.7 4.218 [-2.7]
407380000000000.0 1.18876e+17 394218000000.0 2593300000000.0 193390000000.0 639344000000.0 2433880000.0 3069000000.0 4181450000000.0 645851000.0 15564900.0 27783800000.0 260220000000.0 70918200000.0 26722900000.0 -2.68 4.215 [-2.68]
407380000000000.0 1.13001e+17 391636000000.0 2462110000000.0 172918000000.0 606051000000.0 2079220000.0 3325680000.0 3974390000000.0 520965000.0 12042600.0 27808700000.0 249878000000.0 65803700000.0 23283100000.0 -2.66 4.212 [-2.66]
407380000000000.0 1.07391e+17 388928000000.0 2335770000000.0 154339000000.0 573695000000.0 1773490000.0 3599700000.0 3770250000000.0 418935000.0 9290420.0 27837700000.0 239680000000.0 60952600000.0 20256600000.0 -2.64 4.208 [-2.64]
407380000000000.0 1.02091e+17 386131000000.0 2215480000000.0 137656000000.0 542605000000.0 1512430000.0 3889740000.0 3571540000000.0 336430000.0 7161640.0 27867200000.0 229766000000.0 56407300000.0 17617700000.0 -2.62 4.205 [-2.62]
407380000000000.0 9.70427e+16 383220000000.0 2100100000000.0 122593000000.0 512529000000.0 1288260000.0 4197480000.0 3377040000000.0 269457000.0 5508050.0 27899900000.0 220059000000.0 52122600000.0 15305800000.0 -2.6 4.202 [-2.6]
407380000000000.0 9.22481e+16 380203000000.0 1989780000000.0 109043000000.0 483535000000.0 1096360000.0 4522760000.0 3187580000000.0 215333000.0 4228900.0 27934700000.0 210599000000.0 48101200000.0 13286800000.0 -2.58 4.199 [-2.58]
407380000000000.0 8.76942e+16 377082000000.0 1884380000000.0 96871500000.0 455611000000.0 932240000.0 4865740000.0 3003420000000.0 171692000.0 3241300.0 27971300000.0 201392000000.0 44332900000.0 11525300000.0 -2.56 4.195 [-2.56]
407380000000000.0 8.33688e+16 373855000000.0 1783710000000.0 85954300000.0 428745000000.0 791986000.0 5226450000.0 2824800000000.0 136585000.0 2480210.0 28009200000.0 192444000000.0 40807600000.0 9990080000.0 -2.54 4.192 [-2.54]
407380000000000.0 7.92603e+16 370525000000.0 1687640000000.0 76175100000.0 402921000000.0 672228000.0 5604850000.0 2651950000000.0 108408000.0 1894760.0 28048000000.0 183759000000.0 37514700000.0 8653210000.0 -2.52 4.189 [-2.52]
407380000000000.0 7.53578e+16 367090000000.0 1595980000000.0 67427600000.0 378126000000.0 570054000.0 6000700000.0 2485050000000.0 85845800.0 1445210.0 28087000000.0 175338000000.0 34443800000.0 7490110000.0 -2.5 4.186 [-2.5]
407380000000000.0 7.16516e+16 363555000000.0 1508610000000.0 59614200000.0 354349000000.0 482960000.0 6413630000.0 2324270000000.0 67823300.0 1100670.0 28125100000.0 167184000000.0 31584300000.0 6479140000.0 -2.48 4.183 [-2.48]
407380000000000.0 6.81302e+16 359916000000.0 1425340000000.0 52643400000.0 331567000000.0 408769000.0 6843160000.0 2169690000000.0 53458100.0 836995.0 28162300000.0 159293000000.0 28925500000.0 5600890000.0 -2.46 4.179 [-2.46]
407380000000000.0 6.47762e+16 356163000000.0 1345810000000.0 46420300000.0 309718000000.0 345506000.0 7289270000.0 2021090000000.0 42017300.0 635224.0 28197800000.0 151643000000.0 26450800000.0 4837210000.0 -2.44 4.176 [-2.44]
407380000000000.0 6.1608e+16 352336000000.0 1270540000000.0 40909200000.0 288946000000.0 291941000.0 7749000000.0 1879620000000.0 32978600.0 0.0 28228600000.0 144301000000.0 24168600000.0 4177550000.0 -2.42 4.173 [-2.42]
407380000000000.0 5.85895e+16 348399000000.0 1198710000000.0 36000800000.0 269075000000.0 246327000.0 8223460000.0 1744240000000.0 25811000.0 0.0 28255900000.0 137194000000.0 22050200000.0 3604570000.0 -2.4 4.17 [-2.4]
407380000000000.0 5.57222e+16 344366000000.0 1130420000000.0 31645800000.0 250147000000.0 207612000.0 8710710000.0 1615340000000.0 20154000.0 0.0 28278000000.0 130343000000.0 20092400000.0 3108360000.0 -2.38 4.167 [-2.38]
407380000000000.0 5.29981e+16 340238000000.0 1065510000000.0 27786700000.0 232142000000.0 174781000.0 9209430000.0 1492920000000.0 15699700.0 0.0 28293800000.0 123744000000.0 18285400000.0 2678870000.0 -2.36 4.164 [-2.36]
