Cloudy_runs/h1821/z=0.224981/component_IV_PI_nH/component_IV_PI_nH_col_density_param.txt
# %ECSV 1.0
# ---
# datatype:
# - {name: H, datatype: float64}
# - {name: H+, datatype: float64}
# - {name: C+, datatype: float64}
# - {name: C+2, datatype: float64}
# - {name: C+3, datatype: float64}
# - {name: N+, datatype: float64}
# - {name: N+2, datatype: float64}
# - {name: N+4, datatype: float64}
# - {name: O, datatype: float64}
# - {name: O+2, datatype: float64}
# - {name: O+5, datatype: float64}
# - {name: O+6, datatype: float64}
# - {name: P+, datatype: float64}
# - {name: Si+, datatype: float64}
# - {name: Si+2, datatype: float64}
# - {name: Si+3, datatype: float64}
# - {name: Si+4, datatype: float64}
# - {name: log_nH, datatype: float64}
# - {name: log_Te, datatype: float64}
# - {name: parameters, datatype: string, subtype: 'float64[1]'}
# schema: astropy-2.0
H H+ C+ C+2 C+3 N+ N+2 N+4 O O+2 O+5 O+6 P+ Si+ Si+2 Si+3 Si+4 log_nH log_Te parameters
[from data line 59]
1348960000000000.0 3.65033e+18 1184790000000.0 42861500000000.0 24706500000000.0 113088000000.0 8475880000000.0 2724710000000.0 119159000.0 32559300000000.0 4283860000000.0 701783000000.0 1597160000.0 32756800000.0 801373000000.0 818568000000.0 5243480000000.0 -3.82 4.36 [-3.82]
1348960000000000.0 3.46722e+18 1209060000000.0 42216500000000.0 23388100000000.0 116698000000.0 8393910000000.0 2455530000000.0 133885000.0 32719100000000.0 3732870000000.0 586916000000.0 1704480000.0 35083000000.0 849019000000.0 841715000000.0 5076650000000.0 -3.8 4.357 [-3.8]
1348960000000000.0 3.29337e+18 1232320000000.0 41520500000000.0 22104200000000.0 120351000000.0 8302970000000.0 2209600000000.0 150410000.0 32848000000000.0 3248520000000.0 490215000000.0 1814020000.0 37479600000.0 897130000000.0 863284000000.0 4901220000000.0 -3.78 4.353 [-3.78]
1348960000000000.0 3.12831e+18 1254500000000.0 40777100000000.0 20857200000000.0 124045000000.0 8203460000000.0 1985310000000.0 168944000.0 32945500000000.0 2823310000000.0 408908000000.0 1925240000.0 39937600000.0 945418000000.0 883075000000.0 4718140000000.0 -3.76 4.35 [-3.76]
1348960000000000.0 2.97157e+18 1275570000000.0 39990500000000.0 19649300000000.0 127781000000.0 8095780000000.0 1781110000000.0 189721000.0 33011100000000.0 2450500000000.0 340627000000.0 2037560000.0 42446200000.0 993559000000.0 900895000000.0 4528500000000.0 -3.74 4.347 [-3.74]
1348960000000000.0 2.82274e+18 1295490000000.0 39164800000000.0 18482600000000.0 131558000000.0 7980370000000.0 1595550000000.0 213000000.0 33044200000000.0 2124070000000.0 283358000000.0 2150390000.0 44994000000.0 1041220000000.0 916560000000.0 4333400000000.0 -3.72 4.344 [-3.72]
1348960000000000.0 2.68138e+18 1314240000000.0 38304300000000.0 17358300000000.0 135377000000.0 7857670000000.0 1427210000000.0 239065000.0 33044400000000.0 1838630000000.0 235388000000.0 2263100000.0 47568500000.0 1088050000000.0 929899000000.0 4134020000000.0 -3.7 4.341 [-3.7]
1348960000000000.0 2.54714e+18 1331800000000.0 37413100000000.0 16277800000000.0 139237000000.0 7728080000000.0 1274770000000.0 268230000.0 33011400000000.0 1589360000000.0 195258000000.0 2375030000.0 50156100000.0 1133680000000.0 940760000000.0 3931550000000.0 -3.68 4.337 [-3.68]
1348960000000000.0 2.41963e+18 1348170000000.0 36495900000000.0 15241700000000.0 143142000000.0 7592190000000.0 1136930000000.0 300846000.0 32944700000000.0 1371970000000.0 161733000000.0 2485570000.0 52742800000.0 1177730000000.0 949017000000.0 3727210000000.0 -3.66 4.334 [-3.66]
1348960000000000.0 2.29851e+18 1363350000000.0 35556700000000.0 14250600000000.0 147091000000.0 7450420000000.0 1012540000000.0 337293000.0 32844300000000.0 1182640000000.0 133763000000.0 2594100000.0 55314000000.0 1219850000000.0 954560000000.0 3522250000000.0 -3.64 4.331 [-3.64]
1348960000000000.0 2.18347e+18 1377330000000.0 34599600000000.0 13304600000000.0 151086000000.0 7303250000000.0 900447000000.0 377992000.0 32709800000000.0 1017960000000.0 110461000000.0 2699970000.0 57855000000.0 1259660000000.0 957320000000.0 3317850000000.0 -3.62 4.328 [-3.62]
1348960000000000.0 2.07418e+18 1390140000000.0 33628600000000.0 12403800000000.0 155129000000.0 7151180000000.0 799619000000.0 423401000.0 32541100000000.0 874936000000.0 91075000000.0 2802620000.0 60351100000.0 1296810000000.0 957247000000.0 3115190000000.0 -3.6 4.324 [-3.6]
1348960000000000.0 1.97037e+18 1401790000000.0 32647600000000.0 11547800000000.0 159222000000.0 6994710000000.0 709071000000.0 474025000.0 32338300000000.0 750884000000.0 74971400000.0 2901530000.0 62788600000.0 1331000000000.0 954324000000.0 2915430000000.0 -3.58 4.321 [-3.58]
1348960000000000.0 1.87176e+18 1412310000000.0 31660200000000.0 10736100000000.0 163368000000.0 6834330000000.0 627888000000.0 530414000.0 32101400000000.0 643444000000.0 61614600000.0 2996190000.0 65154000000.0 1361910000000.0 948576000000.0 2719600000000.0 -3.56 4.318 [-3.56]
1348960000000000.0 1.77808e+18 1421740000000.0 30670100000000.0 9967830000000.0 167570000000.0 6670540000000.0 555221000000.0 593168000.0 31830700000000.0 550525000000.0 50553200000.0 3086180000.0 67434800000.0 1389310000000.0 940050000000.0 2528710000000.0 -3.54 4.315 [-3.54]
1348960000000000.0 1.6891e+18 1430090000000.0 29680200000000.0 9242260000000.0 171831000000.0 6503800000000.0 490282000000.0 662936000.0 31526300000000.0 470285000000.0 41407100000.0 3171090000.0 69619900000.0 1412970000000.0 928831000000.0 2343630000000.0 -3.52 4.311 [-3.52]
1348960000000000.0 1.60466e+18 1437310000000.0 28694600000000.0 8559160000000.0 176144000000.0 6334820000000.0 432414000000.0 740345000.0 31189100000000.0 401178000000.0 33864500000.0 3250220000.0 71690500000.0 1432650000000.0 915123000000.0 2165330000000.0 -3.5 4.308 [-3.5]
1348960000000000.0 1.52427e+18 1443760000000.0 27713700000000.0 7914300000000.0 180547000000.0 6163510000000.0 380724000000.0 826426000.0 30818400000000.0 341528000000.0 27634700000.0 3324460000.0 73665700000.0 1448420000000.0 898804000000.0 1993940000000.0 -3.48 4.305 [-3.48]
1348960000000000.0 1.44799e+18 1449140000000.0 26742300000000.0 7309490000000.0 185010000000.0 5990850000000.0 334817000000.0 921745000.0 30416100000000.0 290324000000.0 22515500000.0 3392420000.0 75511800000.0 1460030000000.0 880308000000.0 1830530000000.0 -3.46 4.301 [-3.46]
1348960000000000.0 1.37554e+18 1453610000000.0 25781900000000.0 6742330000000.0 189535000000.0 5817130000000.0 294055000000.0 1027280000.0 29982500000000.0 246381000000.0 18311200000.0 3454360000.0 77233600000.0 1467520000000.0 859731000000.0 1675380000000.0 -3.44 4.298 [-3.44]
1348960000000000.0 1.30672e+18 1457230000000.0 24834900000000.0 6211290000000.0 194129000000.0 5642820000000.0 257912000000.0 1144010000.0 29518500000000.0 208730000000.0 14864500000.0 3510180000.0 78828400000.0 1470910000000.0 837280000000.0 1528780000000.0 -3.42 4.295 [-3.42]
1348960000000000.0 1.24135e+18 1460010000000.0 23902700000000.0 5714930000000.0 198802000000.0 5468270000000.0 225918000000.0 1272960000.0 29025100000000.0 176524000000.0 12043800000.0 3559790000.0 80294800000.0 1470270000000.0 813175000000.0 1390920000000.0 -3.4 4.291 [-3.4]
1348960000000000.0 1.17925e+18 1462000000000.0 22987100000000.0 5251670000000.0 203560000000.0 5293900000000.0 197638000000.0 1415260000.0 28503400000000.0 149021000000.0 9739770000.0 3603180000.0 81633500000.0 1465720000000.0 787646000000.0 1261880000000.0 -3.38 4.288 [-3.38]
1348960000000000.0 1.12026e+18 1463230000000.0 22089500000000.0 4820010000000.0 208405000000.0 5120060000000.0 172678000000.0 1572080000.0 27954700000000.0 125575000000.0 7861210000.0 3640380000.0 82846900000.0 1457420000000.0 760920000000.0 1141640000000.0 -3.36 4.285 [-3.36]
1348960000000000.0 1.06424e+18 1463740000000.0 21211100000000.0 4418340000000.0 213343000000.0 4947170000000.0 150680000000.0 1744710000.0 27380500000000.0 105624000000.0 6332600000.0 3671480000.0 83938800000.0 1445550000000.0 733229000000.0 1030090000000.0 -3.34 4.281 [-3.34]
1348960000000000.0 1.01102e+18 1463570000000.0 20352900000000.0 4045180000000.0 218376000000.0 4775510000000.0 131324000000.0 1934490000.0 26782100000000.0 88677100000.0 5091150000.0 3696560000.0 84914100000.0 1430330000000.0 704800000000.0 927034000000.0 -3.32 4.278 [-3.32]
1348960000000000.0 9.6047e+17 1462760000000.0 19515800000000.0 3698990000000.0 223509000000.0 4605410000000.0 114315000000.0 2142840000.0 26161300000000.0 74308500000.0 4084910000.0 3715750000.0 85779200000.0 1412000000000.0 675848000000.0 832207000000.0 -3.3 4.275 [-3.3]
1348960000000000.0 9.12441e+17 1461290000000.0 18700100000000.0 3378260000000.0 228741000000.0 4437090000000.0 99388800000.0 2371330000.0 25519400000000.0 62146600000.0 3270790000.0 3729120000.0 86540100000.0 1390780000000.0 646588000000.0 745273000000.0 -3.28 4.271 [-3.28]
1348960000000000.0 8.66839e+17 1459260000000.0 17907000000000.0 3081580000000.0 234082000000.0 4270960000000.0 86312300000.0 2621500000.0 24858900000000.0 51876100000.0 2613750000.0 3737040000.0 87206400000.0 1367010000000.0 617201000000.0 665903000000.0 -3.26 4.268 [-3.26]
1348960000000000.0 8.23524e+17 1456670000000.0 17136600000000.0 2807510000000.0 239531000000.0 4107190000000.0 74870500000.0 2895070000.0 24181300000000.0 43217800000.0 2084440000.0 3739600000.0 87785400000.0 1340940000000.0 587873000000.0 593678000000.0 -3.24 4.264 [-3.24]
1348960000000000.0 7.82384e+17 1453550000000.0 16389100000000.0 2554670000000.0 245091000000.0 3946000000000.0 64872500000.0 3193780000.0 23488600000000.0 35933000000.0 1658930000.0 3737010000.0 88285500000.0 1312820000000.0 558768000000.0 528176000000.0 -3.22 4.261 [-3.22]
1348960000000000.0 7.43311e+17 1449910000000.0 15664700000000.0 2321750000000.0 250762000000.0 3787610000000.0 56147800000.0 3519490000.0 22782800000000.0 29816100000.0 1317580000.0 3729480000.0 88715200000.0 1282940000000.0 530032000000.0 468963000000.0 -3.2 4.257 [-3.2]
1348960000000000.0 7.06199e+17 1445770000000.0 14963500000000.0 2107450000000.0 256545000000.0 3632170000000.0 48544100000.0 3874130000.0 22066000000000.0 24690200000.0 1044310000.0 3717230000.0 89082900000.0 1251550000000.0 501795000000.0 415594000000.0 -3.18 4.254 [-3.18]
1348960000000000.0 6.7095e+17 1441150000000.0 14285300000000.0 1910560000000.0 262440000000.0 3479860000000.0 41925600000.0 4259700000.0 21340100000000.0 20403500000.0 826021000.0 3700480000.0 89397100000.0 1218910000000.0 474170000000.0 367631000000.0 -3.16 4.251 [-3.16]
1348960000000000.0 6.37471e+17 1436070000000.0 13630200000000.0 1729910000000.0 268445000000.0 3330810000000.0 36172100000.0 4678250000.0 20607300000000.0 16826100000.0 652018000.0 3679480000.0 89665500000.0 1185260000000.0 447253000000.0 324645000000.0 -3.14 4.247 [-3.14]
1348960000000000.0 6.05714e+17 1430500000000.0 12998600000000.0 1564630000000.0 274552000000.0 3185320000000.0 31182900000.0 5131390000.0 19870600000000.0 13850200000.0 513753000.0 3654320000.0 89892700000.0 1150860000000.0 421186000000.0 286256000000.0 -3.12 4.244 [-3.12]
1348960000000000.0 5.75536e+17 1424600000000.0 12389300000000.0 1413180000000.0 280776000000.0 3043230000000.0 26851200000.0 5622100000.0 19130800000000.0 11375000000.0 403926000.0 3625730000.0 90092500000.0 1115920000000.0 395898000000.0 251998000000.0 -3.1 4.24 [-3.1]
1348960000000000.0 5.46863e+17 1418220000000.0 11802000000000.0 1274790000000.0 287094000000.0 2904650000000.0 23098600000.0 6152250000.0 18389800000000.0 9322070000.0 316919000.0 3593370000.0 90266900000.0 1080560000000.0 371533000000.0 221510000000.0 -3.08 4.237 [-3.08]
1348960000000000.0 5.19626e+17 1411420000000.0 11236400000000.0 1148490000000.0 293503000000.0 2769650000000.0 19851000000.0 6724120000.0 17649900000000.0 7623030000.0 248142000.0 3557680000.0 90423000000.0 1044990000000.0 348106000000.0 194437000000.0 -3.06 4.234 [-3.06]
1348960000000000.0 4.93773e+17 1404260000000.0 10692700000000.0 1033420000000.0 300001000000.0 2638410000000.0 17044700000.0 7339670000.0 16913400000000.0 6220660000.0 193922000.0 3519040000.0 90565100000.0 1009430000000.0 325644000000.0 170456000000.0 -3.04 4.23 [-3.04]
1348960000000000.0 4.69202e+17 1396650000000.0 10169700000000.0 928673000000.0 306568000000.0 2510780000000.0 14621000000.0 8001410000.0 16181400000000.0 5064830000.0 151231000.0 3477370000.0 90698900000.0 973932000000.0 304171000000.0 149239000000.0 -3.02 4.227 [-3.02]
1348960000000000.0 4.45802e+17 1388600000000.0 9665860000000.0 833265000000.0 313192000000.0 2386540000000.0 12526000000.0 8712610000.0 15453900000000.0 4112850000.0 117643000.0 3432840000.0 90831400000.0 938541000000.0 283639000000.0 130472000000.0 -3.0 4.223 [-3.0]
1348960000000000.0 4.23644e+17 1380210000000.0 9183710000000.0 746908000000.0 319865000000.0 2266400000000.0 10725600000.0 9472760000.0 14737100000000.0 3333980000.0 91387700.0 3386030000.0 90958500000.0 903624000000.0 264161000000.0 113969000000.0 -2.98 4.22 [-2.98]
1348960000000000.0 4.026e+17 1371420000000.0 8721220000000.0 668653000000.0 326567000000.0 2150010000000.0 9175760000.0 10285100000.0 14030100000000.0 2696610000.0 70856000.0 3336960000.0 91086700000.0 869150000000.0 245671000000.0 99448300000.0 -2.96 4.217 [-2.96]
1348960000000000.0 3.82618e+17 1362250000000.0 8277970000000.0 597844000000.0 333281000000.0 2037370000000.0 7843120000.0 11151200000.0 13334800000000.0 2176270000.0 54835100.0 3285870000.0 91217600000.0 835216000000.0 228156000000.0 86691300000.0 -2.94 4.213 [-2.94]
1348960000000000.0 3.63636e+17 1352690000000.0 7853260000000.0 533851000000.0 339980000000.0 1928440000000.0 6698040000.0 12073000000.0 12652100000000.0 1752330000.0 42356200.0 3232870000.0 91353300000.0 801869000000.0 211599000000.0 75496700000.0 -2.92 4.21 [-2.92]
1348960000000000.0 3.45653e+17 1342770000000.0 7447710000000.0 476228000000.0 346648000000.0 1823450000000.0 5717030000.0 13050200000.0 11985300000000.0 1408360000.0 32673700.0 3178320000.0 91492000000.0 769274000000.0 196019000000.0 65704800000.0 -2.9 4.207 [-2.9]
1348960000000000.0 3.28529e+17 1332440000000.0 7058640000000.0 424178000000.0 353249000000.0 1721870000000.0 4873750000.0 14087100000.0 11332100000000.0 1128850000.0 25146500.0 3122140000.0 91639100000.0 737297000000.0 181304000000.0 57117800000.0 -2.88 4.203 [-2.88]
1348960000000000.0 3.12266e+17 1321740000000.0 6686610000000.0 377342000000.0 359756000000.0 1623930000000.0 4151160000.0 15182800000.0 10695300000000.0 902730000.0 19319300.0 3064630000.0 91791600000.0 706073000000.0 167472000000.0 49611500000.0 -2.86 4.2 [-2.86]
1348960000000000.0 2.96821e+17 1310660000000.0 6331110000000.0 335260000000.0 366138000000.0 1529590000000.0 3532550000.0 16338000000.0 10076000000000.0 720233000.0 14816900.0 3005960000.0 91948800000.0 675636000000.0 154490000000.0 43057300000.0 -2.84 4.197 [-2.84]
1348960000000000.0 2.82152e+17 1299210000000.0 5991590000000.0 297502000000.0 372358000000.0 1438820000000.0 3003380000.0 17552600000.0 9475090000000.0 573288000.0 11344700.0 2946290000.0 92109800000.0 646008000000.0 142328000000.0 37340200000.0 -2.82 4.194 [-2.82]
1348960000000000.0 2.68221e+17 1287390000000.0 5667550000000.0 263675000000.0 378382000000.0 1351580000000.0 2551120000.0 18826200000.0 8893310000000.0 455260000.0 8672050.0 2885790000.0 92272300000.0 617213000000.0 130953000000.0 32358500000.0 -2.8 4.19 [-2.8]
1348960000000000.0 2.54988e+17 1275190000000.0 5358380000000.0 233406000000.0 384166000000.0 1267800000000.0 2164870000.0 20158100000.0 8331250000000.0 360667000.0 6618250.0 2824550000.0 92436100000.0 589250000000.0 120330000000.0 28020900000.0 -2.78 4.187 [-2.78]
1348960000000000.0 2.42419e+17 1262620000000.0 5063610000000.0 206361000000.0 389670000000.0 1187460000000.0 1835310000.0 21546700000.0 7789620000000.0 285049000.0 5043030.0 2762750000.0 92598000000.0 562136000000.0 110427000000.0 24247800000.0 -2.76 4.184 [-2.76]
1348960000000000.0 2.30481e+17 1249690000000.0 4782740000000.0 182232000000.0 394853000000.0 1110510000000.0 1554350000.0 22990100000.0 7268910000000.0 224749000.0 3837000.0 2700520000.0 92755300000.0 535873000000.0 101208000000.0 20968800000.0 -2.74 4.181 [-2.74]
1348960000000000.0 2.19142e+17 1236400000000.0 4515250000000.0 160734000000.0 399670000000.0 1036910000000.0 1315020000.0 24485800000.0 6769500000000.0 176780000.0 2915160.0 2637980000.0 92905600000.0 510460000000.0 92639600000.0 18121200000.0 -2.72 4.178 [-2.72]
1348960000000000.0 2.08373e+17 1222760000000.0 4260680000000.0 141606000000.0 404078000000.0 966611000000.0 1111360000.0 26030800000.0 6291730000000.0 138716000.0 2211770.0 2575280000.0 93045100000.0 485899000000.0 84688200000.0 15650400000.0 -2.7 4.174 [-2.7]
