Cloudy_runs/h1821/z=0.224981/component_IV_PI_nH/component_IV_PI_nH_col_density_param.txt
# %ECSV 1.0
# ---
# datatype:
# - {name: H, datatype: float64}
# - {name: H+, datatype: float64}
# - {name: C+, datatype: float64}
# - {name: C+2, datatype: float64}
# - {name: C+3, datatype: float64}
# - {name: N+, datatype: float64}
# - {name: N+2, datatype: float64}
# - {name: N+4, datatype: float64}
# - {name: O, datatype: float64}
# - {name: O+2, datatype: float64}
# - {name: O+5, datatype: float64}
# - {name: O+6, datatype: float64}
# - {name: P+, datatype: float64}
# - {name: Si+, datatype: float64}
# - {name: Si+2, datatype: float64}
# - {name: Si+3, datatype: float64}
# - {name: Si+4, datatype: float64}
# - {name: log_nH, datatype: float64}
# - {name: log_Te, datatype: float64}
# - {name: parameters, datatype: string, subtype: 'float64[1]'}
# schema: astropy-2.0
H H+ C+ C+2 C+3 N+ N+2 N+4 O O+2 O+5 O+6 P+ Si+ Si+2 Si+3 Si+4 log_nH log_Te parameters
[from data line 263]
1348960000000000.0 533974000000000.0 35692800000.0 278002000.0 0.0 4140610000.0 164123.0 0.0 70060500000.0 754682.0 0.0 0.0 48228400.0 6026110000.0 18533700.0 37167.8 0.0 0.26 3.906 [0.26]
1348960000000000.0 518976000000000.0 35140400000.0 264327000.0 0.0 4010770000.0 150768.0 0.0 69977800000.0 695715.0 0.0 0.0 47847800.0 5978230000.0 17592700.0 34987.5 0.0 0.28 3.904 [0.28]
1348960000000000.0 504392000000000.0 34597000000.0 251304000.0 0.0 3884320000.0 138489.0 0.0 69896300000.0 641490.0 0.0 0.0 47477500.0 5931640000.0 16694700.0 32945.4 0.0 0.3 3.902 [0.3]
1348960000000000.0 490237000000000.0 34063300000.0 238919000.0 0.0 3761370000.0 127208.0 0.0 69816100000.0 591656.0 0.0 0.0 47118100.0 5886380000.0 15839000.0 31033.0 0.0 0.32 3.9 [0.32]
1348960000000000.0 476501000000000.0 33539300000.0 227143000.0 0.0 3641810000.0 116843.0 0.0 69737400000.0 545849.0 0.0 0.0 46769300.0 5842440000.0 15023200.0 29241.3 0.0 0.34 3.898 [0.34]
1348960000000000.0 463167000000000.0 33024600000.0 215943000.0 0.0 3525530000.0 107317.0 0.0 69659900000.0 503729.0 0.0 0.0 46430600.0 5799750000.0 14245000.0 27562.2 0.0 0.36 3.896 [0.36]
1348960000000000.0 450222000000000.0 32518900000.0 205291000.0 0.0 3412420000.0 98561.1 0.0 69583700000.0 464988.0 0.0 0.0 46101700.0 5758270000.0 13502200.0 25987.9 0.0 0.38 3.894 [0.38]
1348960000000000.0 437648000000000.0 32021700000.0 195157000.0 0.0 3302310000.0 90509.1 0.0 69508900000.0 429339.0 0.0 0.0 45782200.0 5717950000.0 12792300.0 24511.2 0.0 0.4 3.892 [0.4]
1348960000000000.0 425433000000000.0 31532900000.0 185515000.0 0.0 3195150000.0 83105.1 0.0 69435300000.0 396528.0 0.0 0.0 45471700.0 5678760000.0 12114000.0 23125.5 0.0 0.42 3.89 [0.42]
1348960000000000.0 413542000000000.0 31051300000.0 176330000.0 0.0 3090620000.0 76288.6 0.0 69362900000.0 366297.0 0.0 0.0 45169400.0 5640570000.0 11463900.0 21824.4 0.0 0.44 3.888 [0.44]
1348960000000000.0 402010000000000.0 30578600000.0 167603000.0 0.0 2988970000.0 70023.2 0.0 69291800000.0 338482.0 0.0 0.0 44876200.0 5603510000.0 10842600.0 20603.1 0.0 0.46 3.886 [0.46]
1348960000000000.0 390797000000000.0 30113500000.0 159298000.0 0.0 2889900000.0 64257.4 0.0 69222000000.0 312858.0 0.0 0.0 44591000.0 5567440000.0 10247300.0 19456.0 0.0 0.48 3.883 [0.48]
1348960000000000.0 379894000000000.0 29655800000.0 151395000.0 0.0 2793320000.0 58950.7 0.0 69153400000.0 289247.0 0.0 0.0 44313700.0 5532330000.0 9676710.0 18378.0 0.0 0.5 3.881 [0.5]
1348960000000000.0 369265000000000.0 29204200000.0 143862000.0 0.0 2698930000.0 54061.0 0.0 69085900000.0 267463.0 0.0 0.0 44043300.0 5498070000.0 9128350.0 17364.2 0.0 0.52 3.878 [0.52]
1348960000000000.0 358944000000000.0 28760600000.0 136704000.0 0.0 2606940000.0 49561.9 0.0 69019600000.0 247399.0 0.0 0.0 43780600.0 5464780000.0 8602150.0 16411.5 0.0 0.54 3.875 [0.54]
1348960000000000.0 348893000000000.0 28323700000.0 129890000.0 0.0 2517010000.0 45416.1 0.0 68954500000.0 228896.0 0.0 0.0 43524800.0 5432320000.0 8095420.0 15515.3 0.0 0.56 3.873 [0.56]
1348960000000000.0 339108000000000.0 27893400000.0 123406000.0 0.0 2429180000.0 41598.8 0.0 68890600000.0 211827.0 0.0 0.0 43275600.0 5400680000.0 7608860.0 14672.0 0.0 0.58 3.87 [0.58]
1348960000000000.0 329567000000000.0 27469500000.0 117232000.0 0.0 2343090000.0 38077.0 0.0 68827700000.0 196078.0 0.0 0.0 43032700.0 5369800000.0 7138220.0 13878.4 0.0 0.6 3.866 [0.6]
1348960000000000.0 320304000000000.0 27053400000.0 111372000.0 0.0 2259060000.0 34837.0 0.0 68766100000.0 181565.0 0.0 0.0 42796700.0 5339780000.0 6686230.0 13131.7 0.0 0.62 3.863 [0.62]
1348960000000000.0 311197000000000.0 26640200000.0 105765000.0 0.0 2176090000.0 31837.7 0.0 68705200000.0 168126.0 0.0 0.0 42564700.0 5310210000.0 6246380.0 12427.5 0.0 0.64 3.86 [0.64]
1348960000000000.0 302332000000000.0 26234300000.0 100440000.0 0.0 2094670000.0 29071.9 0.0 68645300000.0 155735.0 0.0 0.0 42338800.0 5281380000.0 5820480.0 11764.7 0.0 0.66 3.856 [0.66]
1348960000000000.0 293666000000000.0 25834200000.0 95371900.0 0.0 2014420000.0 26516.6 0.0 68586500000.0 144294.0 0.0 0.0 42117800.0 5253140000.0 5406470.0 11140.2 0.0 0.68 3.852 [0.68]
1348960000000000.0 285184000000000.0 25439700000.0 90548500.0 0.0 1935090000.0 24152.9 0.0 68528500000.0 133726.0 0.0 0.0 41901500.0 5225440000.0 5002750.0 10551.7 0.0 0.7 3.847 [0.7]
1348960000000000.0 276852000000000.0 25050500000.0 85954800.0 0.0 1856110000.0 21959.3 0.0 68471300000.0 123963.0 0.0 0.0 41689000.0 5198170000.0 4605090.0 9997.03 0.0 0.72 3.842 [0.72]
1348960000000000.0 268665000000000.0 24667700000.0 81588800.0 0.0 1777030000.0 19918.4 0.0 68415000000.0 114955.0 0.0 0.0 41480000.0 5171290000.0 4210260.0 9474.54 0.0 0.74 3.837 [0.74]
1348960000000000.0 260543000000000.0 24287600000.0 77417500.0 0.0 1697170000.0 18013.1 0.0 68358900000.0 106612.0 0.0 0.0 41272500.0 5144500000.0 3817400.0 8981.56 0.0 0.76 3.831 [0.76]
1348960000000000.0 252494000000000.0 23913400000.0 73452700.0 0.0 1615890000.0 16228.6 0.0 68303400000.0 98912.7 0.0 0.0 41066800.0 5117830000.0 3422550.0 8517.15 0.0 0.78 3.824 [0.78]
1348960000000000.0 244437000000000.0 23544500000.0 69682100.0 0.0 1531490000.0 14540.1 0.0 68248000000.0 91808.0 0.0 0.0 40860800.0 5090970000.0 3017830.0 8079.84 0.0 0.8 3.815 [0.8]
1348960000000000.0 172211000000000.0 21763600000.0 52414600.0 0.0 397607000.0 3412.34 0.0 68009400000.0 82650.5 0.0 0.0 39005000.0 4789770000.0 8128.34 7727.63 0.0 0.82 3.426 [0.82]
1348960000000000.0 165557000000000.0 21309200000.0 49321800.0 0.0 365489000.0 3002.88 0.0 67966400000.0 76208.5 0.0 0.0 38834800.0 4763160000.0 6816.9 7331.38 0.0 0.84 3.408 [0.84]
1348960000000000.0 159400000000000.0 20868000000.0 46482000.0 0.0 338288000.0 2660.87 0.0 67924600000.0 70277.9 0.0 0.0 38677200.0 4738450000.0 5981.36 6956.65 0.0 0.86 3.391 [0.86]
1348960000000000.0 153666000000000.0 20439800000.0 43861300.0 0.0 314633000.0 2369.5 0.0 67884400000.0 64828.2 0.0 0.0 38530300.0 4715330000.0 5398.52 6602.48 0.0 0.88 3.376 [0.88]
1348960000000000.0 148223000000000.0 20018400000.0 41410400.0 0.0 293547000.0 2116.98 0.0 67845200000.0 59793.9 0.0 0.0 38390700.0 4693200000.0 4957.24 6267.11 0.0 0.9 3.361 [0.9]
1348960000000000.0 143077000000000.0 19605900000.0 39124300.0 0.0 274615000.0 1896.87 0.0 67807400000.0 55159.5 0.0 0.0 38258500.0 4672100000.0 4605.49 5949.85 0.0 0.92 3.348 [0.92]
1348960000000000.0 138188000000000.0 19201600000.0 36985200.0 0.0 257453000.0 1703.64 0.0 67770900000.0 50889.5 0.0 0.0 38132900.0 4651880000.0 4311.8 5649.58 0.0 0.94 3.334 [0.94]
1348960000000000.0 133499000000000.0 18801600000.0 34967900.0 0.0 241745000.0 1532.86 0.0 67735300000.0 46940.8 0.0 0.0 38012200.0 4632260000.0 4057.72 5364.96 0.0 0.96 3.321 [0.96]
1348960000000000.0 129009000000000.0 18407400000.0 33068500.0 0.0 227324000.0 1381.53 0.0 67700700000.0 43295.3 0.0 0.0 37896500.0 4613260000.0 3832.17 5095.28 0.0 0.98 3.309 [0.98]
1348960000000000.0 124692000000000.0 18017600000.0 31274300.0 0.0 214020000.0 1246.95 0.0 67667000000.0 39925.5 0.0 0.0 37785200.0 4594750000.0 3627.95 4839.58 0.0 1.0 3.296 [1.0]
