Cloudy_runs/1es1553/z=0.187764/component_IV_PI_nH/component_IV_PI_nH_col_density_param.txt
# %ECSV 1.0
# ---
# datatype:
# - {name: H, datatype: float64}
# - {name: H+, datatype: float64}
# - {name: C+, datatype: float64}
# - {name: C+2, datatype: float64}
# - {name: C+3, datatype: float64}
# - {name: N+2, datatype: float64}
# - {name: N+4, datatype: float64}
# - {name: O, datatype: float64}
# - {name: O+2, datatype: float64}
# - {name: O+5, datatype: float64}
# - {name: O+6, datatype: float64}
# - {name: Si+, datatype: float64}
# - {name: Si+2, datatype: float64}
# - {name: Si+3, datatype: float64}
# - {name: Si+4, datatype: float64}
# - {name: log_nH, datatype: float64}
# - {name: log_Te, datatype: float64}
# - {name: parameters, datatype: string, subtype: 'float64[1]'}
# schema: astropy-2.0
H H+ C+ C+2 C+3 N+2 N+4 O O+2 O+5 O+6 Si+ Si+2 Si+3 Si+4 log_nH log_Te parameters
[from data line 135]
28840300000000.0 194755000000000.0 411464000000.0 182075000000.0 305298000.0 8380720000.0 727300.0 185235000000.0 56600300000.0 0.0 0.0 70937000000.0 524260000.0 652192000.0 5574700.0 -2.3 2.468 [-2.3]
28840300000000.0 186002000000000.0 400025000000.0 169860000000.0 264284000.0 7455260000.0 599001.0 186505000000.0 50206300000.0 0.0 0.0 68224700000.0 467786000.0 582573000.0 4865110.0 -2.28 2.461 [-2.28]
28840300000000.0 177650000000000.0 388849000000.0 158453000000.0 228800000.0 6631070000.0 493394.0 187688000000.0 44510200000.0 0.0 0.0 65628600000.0 417453000.0 520456000.0 4250830.0 -2.26 2.455 [-2.26]
28840300000000.0 169682000000000.0 377941000000.0 147806000000.0 198107000.0 5897520000.0 406483.0 188787000000.0 39440900000.0 0.0 0.0 63144800000.0 372607000.0 465045000.0 3718540.0 -2.24 2.448 [-2.24]
28840300000000.0 162083000000000.0 367304000000.0 137870000000.0 171562000.0 5244940000.0 334964.0 189803000000.0 34933200000.0 0.0 0.0 60769100000.0 332655000.0 415624000.0 3256770.0 -2.22 2.442 [-2.22]
28840300000000.0 154856000000000.0 356968000000.0 128631000000.0 148658000.0 4665780000.0 276216.0 190742000000.0 30936100000.0 0.0 0.0 58504100000.0 297138000.0 371638000.0 2856460.0 -2.2 2.436 [-2.2]
28840300000000.0 147946000000000.0 346881000000.0 119986000000.0 128806000.0 4149910000.0 227775.0 191600000000.0 27380500000.0 0.0 0.0 56332900000.0 265443000.0 332334000.0 2507790.0 -2.18 2.429 [-2.18]
28840300000000.0 141357000000000.0 337072000000.0 111925000000.0 111643000.0 3691520000.0 187910.0 192382000000.0 24226300000.0 0.0 0.0 54258100000.0 237219000.0 297289000.0 2204350.0 -2.16 2.423 [-2.16]
28840300000000.0 135094000000000.0 327565000000.0 104432000000.0 96832100.0 3285050000.0 155152.0 193092000000.0 21435600000.0 0.0 0.0 52281700000.0 212131000.0 266101000.0 1940440.0 -2.14 2.417 [-2.14]
28840300000000.0 129090000000000.0 318280000000.0 97406400000.0 83970600.0 2922590000.0 128083.0 193728000000.0 18952800000.0 0.0 0.0 50382900000.0 189700000.0 238180000.0 1709410.0 -2.12 2.41 [-2.12]
28840300000000.0 123401000000000.0 309322000000.0 90899700000.0 72896600.0 2601990000.0 105875.0 194297000000.0 16763700000.0 0.0 0.0 48580600000.0 169803000.0 213383000.0 1508440.0 -2.1 2.404 [-2.1]
28840300000000.0 117976000000000.0 300632000000.0 84826800000.0 63307000.0 2317040000.0 87562.8 194794000000.0 14825300000.0 0.0 0.0 46858500000.0 151991000.0 191251000.0 1332620.0 -2.08 2.398 [-2.08]
28840300000000.0 112794000000000.0 292194000000.0 79155100000.0 54996800.0 2063620000.0 72448.8 195221000000.0 13108000000.0 0.0 0.0 45211200000.0 136076000.0 171480000.0 1178550.0 -2.06 2.392 [-2.06]
28840300000000.0 107873000000000.0 284044000000.0 73889300000.0 47821800.0 1839020000.0 60009.4 195588000000.0 11592600000.0 0.0 0.0 43644100000.0 121929000.0 153877000.0 1043830.0 -2.04 2.386 [-2.04]
28840300000000.0 103183000000000.0 276153000000.0 68984300000.0 41609900.0 1639510000.0 49744.2 195894000000.0 10252600000.0 0.0 0.0 42148500000.0 109322000.0 138165000.0 925658.0 -2.02 2.381 [-2.02]
28840300000000.0 98715000000000.0 268516000000.0 64415800000.0 36229900.0 1462260000.0 41268.3 196141000000.0 9068030000.0 0.0 0.0 40721300000.0 98084100.0 124136000.0 821876.0 -2.0 2.375 [-2.0]
28840300000000.0 94457400000000.0 261127000000.0 60160600000.0 31568400.0 1304750000.0 34265.3 196333000000.0 8021090000.0 0.0 0.0 39359500000.0 88062600.0 111606000.0 730630.0 -1.98 2.369 [-1.98]
28840300000000.0 90388700000000.0 253961000000.0 56185500000.0 27519700.0 1164500000.0 28466.2 196467000000.0 7094180000.0 0.0 0.0 38056400000.0 79106000.0 100390000.0 650181.0 -1.96 2.364 [-1.96]
28840300000000.0 86523300000000.0 247054000000.0 52494800000.0 24016200.0 1040060000.0 23677.3 196552000000.0 6276920000.0 0.0 0.0 36816700000.0 71128400.0 90384000.0 579422.0 -1.94 2.358 [-1.94]
28840300000000.0 82863400000000.0 240419000000.0 49079500000.0 20989000.0 929829000.0 19726.0 196592000000.0 5557860000.0 0.0 0.0 35641600000.0 64033100.0 81471500.0 517223.0 -1.92 2.353 [-1.92]
28840300000000.0 79340200000000.0 233945000000.0 45864900000.0 18341800.0 831115000.0 16431.9 196576000000.0 4918190000.0 0.0 0.0 34508800000.0 57652600.0 73444600.0 461955.0 -1.9 2.347 [-1.9]
28840300000000.0 75994700000000.0 227713000000.0 42881700000.0 16048000.0 743471000.0 13706.3 196517000000.0 4354510000.0 0.0 0.0 33431900000.0 51963000.0 66276200.0 413194.0 -1.88 2.342 [-1.88]
28840300000000.0 72798200000000.0 221680000000.0 40095400000.0 14050700.0 665321000.0 11441.0 196410000000.0 3855750000.0 0.0 0.0 32401800000.0 46866900.0 59845900.0 369971.0 -1.86 2.337 [-1.86]
28840300000000.0 69759200000000.0 215867000000.0 37506700000.0 12316400.0 595827000.0 9562.08 196264000000.0 3415800000.0 0.0 0.0 31421200000.0 42313500.0 54092600.0 331723.0 -1.84 2.332 [-1.84]
28840300000000.0 66869400000000.0 210268000000.0 35100700000.0 10809100.0 533991000.0 0.0 196082000000.0 3027620000.0 0.0 0.0 30487800000.0 38241700.0 48940900.0 297835.0 -1.82 2.326 [-1.82]
28840300000000.0 64107400000000.0 204849000000.0 32852600000.0 9493490.0 478769000.0 0.0 195858000000.0 2683980000.0 0.0 0.0 29594500000.0 34587200.0 44310500.0 267687.0 -1.8 2.321 [-1.8]
28840300000000.0 61473900000000.0 199617000000.0 30757400000.0 8346460.0 429510000.0 0.0 195597000000.0 2380230000.0 0.0 0.0 28741900000.0 31310100.0 40152800.0 240879.0 -1.78 2.316 [-1.78]
28840300000000.0 58962700000000.0 194566000000.0 28804500000.0 7345610.0 385549000.0 0.0 195301000000.0 2111690000.0 0.0 0.0 27927900000.0 28369400.0 36417100.0 217013.0 -1.76 2.311 [-1.76]
28840300000000.0 56567900000000.0 189689000000.0 26984000000.0 6471580.0 346295000.0 0.0 194972000000.0 1874220000.0 0.0 0.0 27150800000.0 25728600.0 33058000.0 195742.0 -1.74 2.306 [-1.74]
28840300000000.0 54283700000000.0 184981000000.0 25286600000.0 5707640.0 311224000.0 0.0 194612000000.0 1664170000.0 0.0 0.0 26408600000.0 23355300.0 30035500.0 176762.0 -1.72 2.301 [-1.72]
28840300000000.0 52104600000000.0 180435000000.0 23703600000.0 5039330.0 279874000.0 0.0 194223000000.0 1478330000.0 0.0 0.0 25699800000.0 21220800.0 27313800.0 159809.0 -1.7 2.296 [-1.7]
28840300000000.0 50025600000000.0 176046000000.0 22227200000.0 4454150.0 251832000.0 0.0 193806000000.0 1313850000.0 0.0 0.0 25022600000.0 19299400.0 24861000.0 144647.0 -1.68 2.291 [-1.68]
28840300000000.0 48041600000000.0 171806000000.0 20849700000.0 3941270.0 226736000.0 0.0 193362000000.0 1168220000.0 0.0 0.0 24375600000.0 17568500.0 22648900.0 131073.0 -1.66 2.287 [-1.66]
28840300000000.0 46143300000000.0 167702000000.0 19561200000.0 3490670.0 204231000.0 0.0 192891000000.0 1039070000.0 0.0 0.0 23755800000.0 16005900.0 20649500.0 118892.0 -1.64 2.282 [-1.64]
28840300000000.0 44340400000000.0 163757000000.0 18364700000.0 3096260.0 184126000.0 0.0 192404000000.0 924987000.0 0.0 0.0 23166300000.0 14599700.0 18848600.0 107991.0 -1.62 2.277 [-1.62]
28840300000000.0 42614600000000.0 159935000000.0 17244800000.0 2748990.0 166073000.0 0.0 191892000000.0 823710000.0 0.0 0.0 22601200000.0 13328000.0 17218000.0 98184.6 -1.6 2.273 [-1.6]
28840300000000.0 40966500000000.0 156242000000.0 16199000000.0 2443440.0 149878000.0 0.0 191361000000.0 733912000.0 0.0 0.0 22060800000.0 12178400.0 15742600.0 89366.6 -1.58 2.268 [-1.58]
28840300000000.0 39388300000000.0 152662000000.0 15219700000.0 2173890.0 135319000.0 0.0 190807000000.0 654140000.0 0.0 0.0 21542500000.0 11136900.0 14404700.0 81417.9 -1.56 2.264 [-1.56]
28840300000000.0 37884500000000.0 149210000000.0 14307100000.0 1936650.0 122263000.0 0.0 190241000000.0 583455000.0 0.0 0.0 21047800000.0 10195300.0 13193800.0 74264.0 -1.54 2.259 [-1.54]
28840300000000.0 36450800000000.0 145879000000.0 13456100000.0 1727530.0 110545000.0 0.0 189663000000.0 520774000.0 0.0 0.0 20575500000.0 9342830.0 12096700.0 67816.8 -1.52 2.255 [-1.52]
28840300000000.0 35077200000000.0 142648000000.0 12658600000.0 1542480.0 99991500.0 0.0 189068000000.0 465018000.0 0.0 0.0 20122200000.0 8568560.0 11099400.0 61986.5 -1.5 2.25 [-1.5]
28840300000000.0 33763900000000.0 139522000000.0 11912700000.0 1378790.0 90495000.0 0.0 188460000000.0 415461000.0 0.0 0.0 19688100000.0 7865500.0 10193000.0 56714.5 -1.48 2.246 [-1.48]
28840300000000.0 32508100000000.0 136494000000.0 11214900000.0 1233850.0 81944800.0 0.0 187841000000.0 371396000.0 0.0 0.0 19272100000.0 7226590.0 9368700.0 51942.7 -1.46 2.242 [-1.46]
28840300000000.0 31307000000000.0 133562000000.0 10561800000.0 1105360.0 74242000.0 0.0 187211000000.0 332195000.0 0.0 0.0 18873500000.0 6645440.0 8618330.0 47618.9 -1.44 2.238 [-1.44]
28840300000000.0 30157800000000.0 130721000000.0 9950330000.0 991347.0 67298500.0 0.0 186574000000.0 297301000.0 0.0 0.0 18491400000.0 6116340.0 7934670.0 43696.9 -1.42 2.234 [-1.42]
28840300000000.0 29058100000000.0 127968000000.0 9377700000.0 890061.0 61036000.0 0.0 185928000000.0 266227000.0 0.0 0.0 18124900000.0 5634220.0 7311270.0 40135.9 -1.4 2.23 [-1.4]
28840300000000.0 28005500000000.0 125297000000.0 8841150000.0 799978.0 55383600.0 0.0 185277000000.0 238539000.0 0.0 0.0 17773400000.0 5194500.0 6742330.0 36899.3 -1.38 2.226 [-1.38]
28840300000000.0 26997700000000.0 122707000000.0 8338270000.0 719777.0 50280000.0 0.0 184620000000.0 213854000.0 0.0 0.0 17436000000.0 4793080.0 6222620.0 33954.4 -1.36 2.222 [-1.36]
28840300000000.0 26032400000000.0 120192000000.0 7866650000.0 648287.0 45668600.0 0.0 183958000000.0 191832000.0 0.0 0.0 17112000000.0 4426280.0 5747450.0 31272.0 -1.34 2.218 [-1.34]
28840300000000.0 25107900000000.0 117751000000.0 7424390000.0 584510.0 41500600.0 0.0 183293000000.0 172181000.0 0.0 0.0 16801000000.0 4090880.0 5312720.0 28827.0 -1.32 2.214 [-1.32]
28840300000000.0 24222000000000.0 115380000000.0 7009300000.0 527537.0 37730400.0 0.0 182626000000.0 154630000.0 0.0 0.0 16502100000.0 3783870.0 4914570.0 26595.6 -1.3 2.21 [-1.3]
28840300000000.0 23372900000000.0 113076000000.0 6619640000.0 476593.0 34318600.0 0.0 181958000000.0 138949000.0 0.0 0.0 16214900000.0 3502620.0 4549650.0 24557.5 -1.28 2.206 [-1.28]
28840300000000.0 22556300000000.0 110828000000.0 6252540000.0 430914.0 31224400.0 0.0 181285000000.0 124906000.0 0.0 0.0 15937800000.0 3244370.0 4214420.0 22691.5 -1.26 2.203 [-1.26]
28840300000000.0 21775800000000.0 108648000000.0 5908700000.0 390056.0 28426300.0 0.0 180616000000.0 112368000.0 0.0 0.0 15672200000.0 3007740.0 3907130.0 20986.3 -1.24 2.199 [-1.24]
28840300000000.0 21029200000000.0 106533000000.0 5586370000.0 353456.0 25893700.0 0.0 179952000000.0 101162000.0 0.0 0.0 15417200000.0 2790670.0 3625120.0 19426.0 -1.22 2.195 [-1.22]
28840300000000.0 20310700000000.0 104467000000.0 5282380000.0 320537.0 23593500.0 0.0 179285000000.0 91110100.0 0.0 0.0 15171100000.0 2590860.0 3365450.0 17993.8 -1.2 2.192 [-1.2]
28840300000000.0 19621200000000.0 102455000000.0 4996370000.0 290944.0 21506500.0 0.0 178622000000.0 82102900.0 0.0 0.0 14934000000.0 2407020.0 3126460.0 16679.4 -1.18 2.188 [-1.18]
28840300000000.0 18959200000000.0 100493000000.0 4727170000.0 264315.0 19612100.0 0.0 177960000000.0 74027300.0 0.0 0.0 14705600000.0 2237760.0 2906330.0 15472.2 -1.16 2.185 [-1.16]
28840300000000.0 18323500000000.0 98579600000.0 4473690000.0 240329.0 17891700.0 0.0 177303000000.0 66782800.0 0.0 0.0 14485400000.0 2081780.0 2703440.0 14362.4 -1.14 2.181 [-1.14]
28840300000000.0 17716900000000.0 96728100000.0 4236580000.0 218779.0 16334100.0 0.0 176646000000.0 60316900.0 0.0 0.0 14274600000.0 1938360.0 2516770.0 13344.0 -1.12 2.178 [-1.12]
28840300000000.0 17133900000000.0 94920500000.0 4013030000.0 199322.0 14917700.0 0.0 175994000000.0 54506400.0 0.0 0.0 14071100000.0 1805950.0 2344400.0 12405.9 -1.1 2.175 [-1.1]
28840300000000.0 16573500000000.0 93154900000.0 3802170000.0 181737.0 13629200.0 0.0 175347000000.0 49281700.0 0.0 0.0 13874600000.0 1683600.0 2185100.0 11541.1 -1.08 2.171 [-1.08]
28840300000000.0 16034500000000.0 91429300000.0 3603210000.0 165828.0 12456400.0 0.0 174706000000.0 44580800.0 0.0 0.0 13684800000.0 1570460.0 2037780.0 10743.3 -1.06 2.168 [-1.06]
28840300000000.0 15516000000000.0 89742000000.0 3415370000.0 151423.0 11388400.0 0.0 174071000000.0 40348700.0 0.0 0.0 13501400000.0 1465760.0 1901440.0 10006.6 -1.04 2.165 [-1.04]
28840300000000.0 15017100000000.0 88091600000.0 3238010000.0 138368.0 10415700.0 0.0 173442000000.0 36537300.0 0.0 0.0 13324000000.0 1368810.0 1775180.0 9325.97 -1.02 2.162 [-1.02]
28840300000000.0 14537100000000.0 86476800000.0 3070480000.0 126528.0 9529250.0 0.0 172821000000.0 33102700.0 0.0 0.0 13152500000.0 1278970.0 1658180.0 8696.61 -1.0 2.158 [-1.0]
28840300000000.0 14074900000000.0 84895700000.0 2912150000.0 115779.0 8721130.0 0.0 172207000000.0 30005800.0 0.0 0.0 12986500000.0 1195650.0 1549680.0 8114.23 -0.98 2.155 [-0.98]
28840300000000.0 13629900000000.0 83347100000.0 2762470000.0 106012.0 7984110.0 0.0 171599000000.0 27212000.0 0.0 0.0 12825800000.0 1118340.0 1449000.0 7574.94 -0.96 2.152 [-0.96]
28840300000000.0 13201300000000.0 81829800000.0 2620930000.0 97130.5 7311710.0 0.0 171000000000.0 24690400.0 0.0 0.0 12670100000.0 1046560.0 1355520.0 7075.21 -0.94 2.149 [-0.94]
28840300000000.0 12787400000000.0 80338800000.0 2486720000.0 89039.1 6697330.0 0.0 170406000000.0 22410500.0 0.0 0.0 12518800000.0 979801.0 1268590.0 6611.44 -0.92 2.146 [-0.92]
28840300000000.0 12389500000000.0 78880500000.0 2360030000.0 81678.7 6137080.0 0.0 169822000000.0 20353200.0 0.0 0.0 12372600000.0 917793.0 1187850.0 6181.51 -0.9 2.143 [-0.9]
28840300000000.0 12006100000000.0 77449800000.0 2240100000.0 74969.8 5625370.0 0.0 169247000000.0 18493400.0 0.0 0.0 12230700000.0 860104.0 1112750.0 5782.31 -0.88 2.14 [-0.88]
28840300000000.0 11636500000000.0 76045900000.0 2126550000.0 68850.5 5157850.0 0.0 168679000000.0 16811500.0 0.0 0.0 12093100000.0 806404.0 1042850.0 5411.43 -0.86 2.137 [-0.86]
28840300000000.0 11280000000000.0 74667900000.0 2019000000.0 63264.7 4730540.0 0.0 168120000000.0 15289400.0 0.0 0.0 11959400000.0 756385.0 977744.0 5066.64 -0.84 2.134 [-0.84]
28840300000000.0 10937100000000.0 73317600000.0 1917310000.0 58167.3 4340240.0 0.0 167572000000.0 13912900.0 0.0 0.0 11829900000.0 709804.0 917128.0 4746.14 -0.82 2.131 [-0.82]
28840300000000.0 10605400000000.0 71988300000.0 1820730000.0 53502.8 3982880.0 0.0 167029000000.0 12664600.0 0.0 0.0 11703800000.0 666332.0 860567.0 4447.59 -0.8 2.129 [-0.8]
28840300000000.0 10285400000000.0 70682100000.0 1729180000.0 49236.2 3655930.0 0.0 166496000000.0 11533400.0 0.0 0.0 11581100000.0 625770.0 807804.0 4169.55 -0.78 2.126 [-0.78]
28840300000000.0 9977030000000.0 69399600000.0 1642410000.0 45332.5 3356820.0 0.0 166268000000.0 10381800.0 0.0 0.0 11462000000.0 587921.0 758581.0 3910.58 -0.76 2.123 [-0.76]
28840300000000.0 9678610000000.0 68135800000.0 1559940000.0 41753.6 3082710.0 0.0 166030000000.0 9344820.0 0.0 0.0 11345700000.0 552541.0 712581.0 3668.95 -0.74 2.12 [-0.74]
28840300000000.0 9391150000000.0 66895700000.0 1481870000.0 38476.9 2831940.0 0.0 165781000000.0 8414020.0 0.0 0.0 11232800000.0 519502.0 669635.0 3443.7 -0.72 2.117 [-0.72]
28840300000000.0 9113490000000.0 65675800000.0 1407800000.0 35472.1 2602210.0 0.0 165521000000.0 7577540.0 0.0 0.0 11122800000.0 488610.0 629491.0 3233.45 -0.7 2.115 [-0.7]
28840300000000.0 8844610000000.0 64473100000.0 1337370000.0 32712.6 2391500.0 0.0 165195000000.0 6843930.0 0.0 0.0 11015300000.0 459690.0 591922.0 3036.99 -0.68 2.112 [-0.68]
28840300000000.0 8585140000000.0 63291400000.0 1270620000.0 30181.0 2198510.0 0.0 164750000000.0 6221000.0 0.0 0.0 10910700000.0 432637.0 556788.0 2853.51 -0.66 2.109 [-0.66]
28840300000000.0 8334380000000.0 62128300000.0 1207250000.0 27855.6 2021570.0 0.0 164310000000.0 5656640.0 0.0 0.0 10808600000.0 407306.0 523902.0 2682.01 -0.64 2.107 [-0.64]
