Cloudy_runs/1es1553/z=0.187764/component_IV_PI_nH/component_IV_PI_nH_col_density_param.txt
# %ECSV 1.0
# ---
# datatype:
# - {name: H, datatype: float64}
# - {name: H+, datatype: float64}
# - {name: C+, datatype: float64}
# - {name: C+2, datatype: float64}
# - {name: C+3, datatype: float64}
# - {name: N+2, datatype: float64}
# - {name: N+4, datatype: float64}
# - {name: O, datatype: float64}
# - {name: O+2, datatype: float64}
# - {name: O+5, datatype: float64}
# - {name: O+6, datatype: float64}
# - {name: Si+, datatype: float64}
# - {name: Si+2, datatype: float64}
# - {name: Si+3, datatype: float64}
# - {name: Si+4, datatype: float64}
# - {name: log_nH, datatype: float64}
# - {name: log_Te, datatype: float64}
# - {name: parameters, datatype: string, subtype: 'float64[1]'}
# schema: astropy-2.0
H H+ C+ C+2 C+3 N+2 N+4 O O+2 O+5 O+6 Si+ Si+2 Si+3 Si+4 log_nH log_Te parameters
[from data line 64]
28840300000000.0 5547330000000000.0 1199950000000.0 11581900000000.0 1974620000000.0 2491160000000.0 93331100000.0 8399370000.0 17145300000000.0 12974600000.0 228299000.0 432572000000.0 341830000000.0 727664000000.0 289767000000.0 -3.72 3.033 [-3.72]
28840300000000.0 5243190000000000.0 1187450000000.0 10993300000000.0 1789970000000.0 2376370000000.0 80553900000.0 9245090000.0 16401300000000.0 10612900000.0 178202000.0 442718000000.0 325431000000.0 676055000000.0 251887000000.0 -3.7 3.023 [-3.7]
28840300000000.0 4956910000000000.0 1174980000000.0 10432500000000.0 1621170000000.0 2264860000000.0 69492000000.0 10158700000.0 15667200000000.0 8671850000.0 138982000.0 451557000000.0 308874000000.0 626747000000.0 218447000000.0 -3.68 3.013 [-3.68]
28840300000000.0 4687450000000000.0 1162600000000.0 9898560000000.0 1466970000000.0 2156720000000.0 59922000000.0 11143500000.0 14945200000000.0 7078510000.0 108309000.0 459037000000.0 292294000000.0 579831000000.0 189024000000.0 -3.66 3.013 [-3.66]
28840300000000.0 4433850000000000.0 1150340000000.0 9390450000000.0 1326240000000.0 2052030000000.0 51649200000.0 12202700000.0 14237100000000.0 5772220000.0 84346600.0 465126000000.0 275820000000.0 535375000000.0 163220000000.0 -3.64 3.003 [-3.64]
28840300000000.0 4195230000000000.0 1138250000000.0 8907220000000.0 1197910000000.0 1950850000000.0 44502500000.0 13339100000.0 13544800000000.0 4702590000.0 65646600.0 469811000000.0 259571000000.0 493414000000.0 140661000000.0 -3.62 3.003 [-3.62]
28840300000000.0 3970730000000000.0 1126370000000.0 8447880000000.0 1081010000000.0 1853220000000.0 38333100000.0 14555500000.0 12869800000000.0 3827830000.0 51067300.0 473098000000.0 243654000000.0 453959000000.0 121001000000.0 -3.6 2.994 [-3.6]
28840300000000.0 3759540000000000.0 1114710000000.0 8011490000000.0 974632000000.0 1759150000000.0 33010300000.0 15854500000.0 12213500000000.0 3113260000.0 39710300.0 475014000000.0 228161000000.0 416994000000.0 103917000000.0 -3.58 2.984 [-3.58]
28840300000000.0 3560890000000000.0 1103300000000.0 7597070000000.0 877927000000.0 1668640000000.0 28420300000.0 17238200000.0 11577100000000.0 2530180000.0 30870100.0 475603000000.0 213173000000.0 382479000000.0 89111300000.0 -3.56 2.975 [-3.56]
28840300000000.0 3374090000000000.0 1092170000000.0 7203720000000.0 790117000000.0 1581690000000.0 24464600000.0 18708600000.0 10961600000000.0 2054960000.0 23994400.0 474924000000.0 198756000000.0 350361000000.0 76315900000.0 -3.54 2.967 [-3.54]
28840300000000.0 3198420000000000.0 1081320000000.0 6830500000000.0 710471000000.0 1498270000000.0 21056700000.0 20267200000.0 10367800000000.0 1668010000.0 18649100.0 473047000000.0 184961000000.0 320561000000.0 65283200000.0 -3.52 2.958 [-3.52]
28840300000000.0 3033220000000000.0 1070750000000.0 6476480000000.0 638315000000.0 1418320000000.0 18122000000.0 21915400000.0 9796340000000.0 1353200000.0 14495300.0 470055000000.0 171822000000.0 292988000000.0 55791300000.0 -3.5 2.949 [-3.5]
28840300000000.0 2877860000000000.0 1060470000000.0 6140750000000.0 573016000000.0 1341790000000.0 15595300000.0 23654100000.0 9247480000000.0 1097290000.0 11268300.0 466036000000.0 159364000000.0 267540000000.0 47640400000.0 -3.48 2.941 [-3.48]
28840300000000.0 2731720000000000.0 1050450000000.0 5822360000000.0 513983000000.0 1268580000000.0 13420000000.0 25484400000.0 8721330000000.0 889365000.0 8761370.0 461084000000.0 147596000000.0 244104000000.0 40652400000.0 -3.46 2.933 [-3.46]
28840300000000.0 2593890000000000.0 1040670000000.0 5519730000000.0 460560000000.0 1198450000000.0 11543600000.0 27409500000.0 8216740000000.0 720250000.0 6810500.0 455273000000.0 136496000000.0 222516000000.0 34659700000.0 -3.44 2.925 [-3.44]
28840300000000.0 2464920000000000.0 1031190000000.0 5234470000000.0 412612000000.0 1131850000000.0 9937080000.0 29419400000.0 7737560000000.0 583644000.0 5302120.0 448770000000.0 126140000000.0 202820000000.0 29560300000.0 -3.42 2.917 [-3.42]
28840300000000.0 2343140000000000.0 1021900000000.0 4963160000000.0 369285000000.0 1068100000000.0 8550280000.0 31524800000.0 7279220000000.0 472537000.0 4126790.0 441593000000.0 116422000000.0 184724000000.0 25193900000.0 -3.4 2.909 [-3.4]
28840300000000.0 2228480000000000.0 1012810000000.0 4705970000000.0 330287000000.0 1007330000000.0 7356930000.0 33720900000.0 6842910000000.0 382469000.0 3213530.0 433861000000.0 107357000000.0 168176000000.0 21469100000.0 -3.38 2.901 [-3.38]
28840300000000.0 2120460000000000.0 1003890000000.0 4462100000000.0 295213000000.0 949398000000.0 6329810000.0 36007300000.0 6428050000000.0 309467000.0 2503530.0 425658000000.0 98917700000.0 153057000000.0 18293400000.0 -3.36 2.88 [-3.36]
28840300000000.0 2018640000000000.0 995127000000.0 4230850000000.0 263697000000.0 894214000000.0 5445710000.0 38382600000.0 6034070000000.0 250317000.0 1951350.0 417064000000.0 91076200000.0 139258000000.0 15587300000.0 -3.34 2.866 [-3.34]
28840300000000.0 1922620000000000.0 986484000000.0 4011520000000.0 235402000000.0 841668000000.0 4684650000.0 40845500000.0 5660320000000.0 202403000.0 0.0 408154000000.0 83802300000.0 126674000000.0 13282200000.0 -3.32 2.804 [-3.32]
28840300000000.0 1832010000000000.0 977939000000.0 3803460000000.0 210018000000.0 791656000000.0 4029440000.0 43394200000.0 5306120000000.0 163601000.0 0.0 398995000000.0 77064800000.0 115205000000.0 11319500000.0 -3.3 2.802 [-3.3]
28840300000000.0 1746450000000000.0 969468000000.0 3606050000000.0 187264000000.0 744076000000.0 3465300000.0 46026700000.0 4970740000000.0 132185000.0 0.0 389650000000.0 70831800000.0 104758000000.0 9648320000.0 -3.28 2.796 [-3.28]
28840300000000.0 1665620000000000.0 961046000000.0 3418720000000.0 166880000000.0 698827000000.0 2979550000.0 48740500000.0 4653450000000.0 106756000.0 0.0 380173000000.0 65071600000.0 95245300000.0 8225580000.0 -3.26 2.793 [-3.26]
28840300000000.0 1589200000000000.0 952650000000.0 3240900000000.0 148632000000.0 655814000000.0 2561250000.0 51533100000.0 4353510000000.0 86178900.0 0.0 370613000000.0 59753100000.0 86586600000.0 7014300000.0 -3.24 2.784 [-3.24]
28840300000000.0 1516890000000000.0 944257000000.0 3072080000000.0 132307000000.0 614944000000.0 2201030000.0 54401400000.0 4070150000000.0 69532300.0 0.0 361014000000.0 54846100000.0 78706800000.0 5982950000.0 -3.22 2.763 [-3.22]
28840300000000.0 1448440000000000.0 935846000000.0 2911770000000.0 117710000000.0 576127000000.0 1890830000.0 57342100000.0 3802640000000.0 56069700.0 0.0 351415000000.0 50321500000.0 71537000000.0 5104660000.0 -3.2 2.76 [-3.2]
28840300000000.0 1383580000000000.0 927395000000.0 2759500000000.0 104667000000.0 539279000000.0 1623710000.0 60351800000.0 3550240000000.0 45185800.0 0.0 341846000000.0 46151700000.0 65013600000.0 4356550000.0 -3.18 2.748 [-3.18]
28840300000000.0 1322080000000000.0 918883000000.0 2614840000000.0 93018400000.0 504316000000.0 1393700000.0 63426500000.0 3312230000000.0 36390200.0 0.0 332338000000.0 42310500000.0 59078800000.0 3719190000.0 -3.16 2.735 [-3.16]
28840300000000.0 1263730000000000.0 910291000000.0 2477370000000.0 82620200000.0 471161000000.0 1195660000.0 66562200000.0 3087900000000.0 29285000.0 0.0 322914000000.0 38773300000.0 53679100000.0 3176000000.0 -3.14 2.73 [-3.14]
28840300000000.0 1208120000000000.0 901562000000.0 2346230000000.0 73316900000.0 439638000000.0 1024680000.0 69760600000.0 2875870000000.0 23534400.0 0.0 313555000000.0 35506500000.0 48751000000.0 2711770000.0 -3.12 2.726 [-3.12]
28840300000000.0 1155460000000000.0 892755000000.0 2222040000000.0 65047200000.0 409882000000.0 878026000.0 73005100000.0 2676930000000.0 18907500.0 0.0 304356000000.0 32510000000.0 44282100000.0 2317050000.0 -3.1 2.716 [-3.1]
28840300000000.0 1105390000000000.0 883815000000.0 2103960000000.0 57677000000.0 381720000000.0 751845000.0 76296800000.0 2489720000000.0 15175900.0 0.0 295292000000.0 29752800000.0 40215700000.0 1980350000.0 -3.08 2.711 [-3.08]
28840300000000.0 1057730000000000.0 874725000000.0 1991660000000.0 51111400000.0 355087000000.0 643314000.0 79630600000.0 2313620000000.0 12168400.0 0.0 286374000000.0 27216100000.0 36515300000.0 1693020000.0 -3.06 2.706 [-3.06]
28840300000000.0 1012520000000000.0 865516000000.0 1885290000000.0 45283900000.0 330006000000.0 550298000.0 82994600000.0 2148670000000.0 9752570.0 0.0 277651000000.0 24890900000.0 33159000000.0 1448430000.0 -3.04 2.7 [-3.04]
28840300000000.0 969065000000000.0 856034000000.0 1783270000000.0 40063500000.0 306160000000.0 469814000.0 86403900000.0 1992510000000.0 7797090.0 0.0 269011000000.0 22736900000.0 30082500000.0 1238320000.0 -3.02 2.695 [-3.02]
28840300000000.0 927967000000000.0 846456000000.0 1687040000000.0 35451600000.0 283831000000.0 401168000.0 89825100000.0 1846980000000.0 6234240.0 0.0 260618000000.0 20771000000.0 27302700000.0 1059940000.0 -3.0 2.69 [-3.0]
28840300000000.0 888560000000000.0 836621000000.0 1595090000000.0 31336700000.0 262714000000.0 342019000.0 93273800000.0 1709840000000.0 4974670.0 0.0 252356000000.0 18956800000.0 24762700000.0 907017000.0 -2.98 2.684 [-2.98]
28840300000000.0 850913000000000.0 826568000000.0 1507600000000.0 27680600000.0 242839000000.0 291281000.0 96737400000.0 1581210000000.0 3963960.0 0.0 244266000000.0 17289400000.0 22450800000.0 776307000.0 -2.96 2.679 [-2.96]
28840300000000.0 814924000000000.0 816286000000.0 1424370000000.0 24433800000.0 224156000000.0 247791000.0 100210000000.0 1460630000000.0 3153890.0 0.0 236352000000.0 15757400000.0 20346600000.0 664557000.0 -2.94 2.673 [-2.94]
28840300000000.0 780327000000000.0 805705000000.0 1344810000000.0 21541900000.0 206546000000.0 210411000.0 103693000000.0 1347220000000.0 2503470.0 0.0 228572000000.0 14344700000.0 18423900000.0 568684000.0 -2.92 2.667 [-2.92]
28840300000000.0 747373000000000.0 794936000000.0 1269500000000.0 18986900000.0 190103000000.0 178559000.0 107166000000.0 1241530000000.0 1985380.0 0.0 221009000000.0 13053300000.0 16681700000.0 486975000.0 -2.9 2.662 [-2.9]
28840300000000.0 715808000000000.0 783915000000.0 1197870000000.0 16722100000.0 174708000000.0 151333000.0 110629000000.0 1142710000000.0 1571790.0 0.0 213620000000.0 11868100000.0 15096400000.0 417069000.0 -2.88 2.656 [-2.88]
28840300000000.0 685556000000000.0 772641000000.0 1129760000000.0 14715900000.0 160315000000.0 128087000.0 114078000000.0 1050380000000.0 1242110.0 0.0 206406000000.0 10781200000.0 13654400000.0 357250000.0 -2.86 2.65 [-2.86]
28840300000000.0 656566000000000.0 761124000000.0 1065030000000.0 12940600000.0 146888000000.0 108269000.0 117506000000.0 964266000000.0 979848.0 0.0 199369000000.0 9785440000.0 12343600000.0 306074000.0 -2.84 2.644 [-2.84]
28840300000000.0 628741000000000.0 749342000000.0 1003490000000.0 11369600000.0 134371000000.0 91382100.0 120907000000.0 883947000000.0 771407.0 0.0 192500000000.0 8872920000.0 11151500000.0 262253000.0 -2.82 2.638 [-2.82]
28840300000000.0 602037000000000.0 737312000000.0 945028000000.0 9980950000.0 122727000000.0 77017500.0 124276000000.0 809167000000.0 606110.0 0.0 185802000000.0 8037760000.0 10068100000.0 224741000.0 -2.8 2.632 [-2.8]
28840300000000.0 576402000000000.0 725039000000.0 889506000000.0 8754510000.0 111916000000.0 64815400.0 127607000000.0 739635000000.0 475276.0 0.0 179275000000.0 7274080000.0 9084090000.0 192627000.0 -2.78 2.625 [-2.78]
28840300000000.0 551787000000000.0 712536000000.0 836807000000.0 7672240000.0 101896000000.0 54465900.0 130894000000.0 675077000000.0 371926.0 0.0 172916000000.0 6576430000.0 8190790000.0 165134000.0 -2.76 2.619 [-2.76]
28840300000000.0 528147000000000.0 699815000000.0 786813000000.0 6717990000.0 92628200000.0 45701000.0 134132000000.0 615227000000.0 0.0 0.0 166726000000.0 5939760000.0 7380330000.0 141595000.0 -2.74 2.613 [-2.74]
28840300000000.0 505441000000000.0 686891000000.0 739412000000.0 5877370000.0 84072200000.0 38289700.0 137315000000.0 559829000000.0 0.0 0.0 160702000000.0 5359360000.0 6645480000.0 121441000.0 -2.72 2.606 [-2.72]
28840300000000.0 483632000000000.0 673785000000.0 694502000000.0 5137590000.0 76189800000.0 32033500.0 140438000000.0 508642000000.0 0.0 0.0 154846000000.0 4830910000.0 5979720000.0 104185000.0 -2.7 2.6 [-2.7]
28840300000000.0 462686000000000.0 660517000000.0 651980000000.0 4487140000.0 68942800000.0 26760900.0 143496000000.0 461429000000.0 0.0 0.0 149155000000.0 4350330000.0 5377000000.0 89410700.0 -2.68 2.593 [-2.68]
28840300000000.0 442570000000000.0 647110000000.0 611746000000.0 3915810000.0 62293700000.0 22324800.0 146485000000.0 417961000000.0 0.0 0.0 143630000000.0 3913840000.0 4831770000.0 76759800.0 -2.66 2.587 [-2.66]
28840300000000.0 423255000000000.0 633589000000.0 573707000000.0 3414460000.0 56205800000.0 18598800.0 149399000000.0 378016000000.0 0.0 0.0 138270000000.0 3517910000.0 4338980000.0 65926800.0 -2.64 2.58 [-2.64]
28840300000000.0 404871000000000.0 620091000000.0 538081000000.0 2977740000.0 50677400000.0 15492100.0 152228000000.0 341617000000.0 0.0 0.0 133119000000.0 3161470000.0 3896820000.0 56698700.0 -2.62 2.574 [-2.62]
28840300000000.0 386924000000000.0 606316000000.0 503853000000.0 2590140000.0 45571600000.0 12858900.0 154991000000.0 307847000000.0 0.0 0.0 128042000000.0 2834780000.0 3492520000.0 48704100.0 -2.6 2.567 [-2.6]
28840300000000.0 369856000000000.0 592618000000.0 471861000000.0 2253460000.0 40956300000.0 10672900.0 157661000000.0 277211000000.0 0.0 0.0 123172000000.0 2541630000.0 3130640000.0 41897700.0 -2.58 2.561 [-2.58]
28840300000000.0 353488000000000.0 578916000000.0 441709000000.0 1959200000.0 36764500000.0 8848660.0 160243000000.0 249278000000.0 0.0 0.0 118462000000.0 2277100000.0 2804710000.0 36065700.0 -2.56 2.554 [-2.56]
28840300000000.0 337892000000000.0 565315000000.0 413492000000.0 1703430000.0 32981100000.0 7334760.0 162731000000.0 223973000000.0 0.0 0.0 113942000000.0 2039740000.0 2512760000.0 31086200.0 -2.54 2.547 [-2.54]
28840300000000.0 322745000000000.0 551601000000.0 386563000000.0 1477960000.0 29524000000.0 6063170.0 165134000000.0 200754000000.0 0.0 0.0 109517000000.0 1823970000.0 2247590000.0 26779200.0 -2.52 2.541 [-2.52]
28840300000000.0 308455000000000.0 538143000000.0 361649000000.0 1283810000.0 26435800000.0 5017900.0 167436000000.0 179944000000.0 0.0 0.0 105316000000.0 1632120000.0 2012120000.0 23121600.0 -2.5 2.534 [-2.5]
28840300000000.0 294667000000000.0 524697000000.0 338046000000.0 1113660000.0 23635000000.0 4145420.0 169646000000.0 161000000000.0 0.0 0.0 101235000000.0 1458810000.0 1799500000.0 19966200.0 -2.48 2.527 [-2.48]
28840300000000.0 281469000000000.0 511394000000.0 315866000000.0 965582000.0 21113000000.0 3422230.0 171760000000.0 143884000000.0 0.0 0.0 97306100000.0 1303320000.0 1608800000.0 17257000.0 -2.46 2.521 [-2.46]
28840300000000.0 268845000000000.0 498219000000.0 295077000000.0 836904000.0 18846400000.0 2823580.0 173778000000.0 128453000000.0 0.0 0.0 93525800000.0 1163960000.0 1437910000.0 14929700.0 -2.44 2.514 [-2.44]
28840300000000.0 256771000000000.0 485210000000.0 275585000000.0 725127000.0 16811700000.0 2328460.0 175699000000.0 114562000000.0 0.0 0.0 89891400000.0 1039180000.0 1284870000.0 12929100.0 -2.42 2.507 [-2.42]
28840300000000.0 245152000000000.0 472303000000.0 257195000000.0 627622000.0 14979300000.0 1917610.0 177525000000.0 102016000000.0 0.0 0.0 86375700000.0 927017000.0 1147230000.0 11201000.0 -2.4 2.501 [-2.4]
28840300000000.0 234122000000000.0 459677000000.0 240098000000.0 543502000.0 13346900000.0 1580120.0 179254000000.0 90814900000.0 0.0 0.0 83023400000.0 827252000.0 1024770000.0 9720190.0 -2.38 2.494 [-2.38]
28840300000000.0 223586000000000.0 447268000000.0 224098000000.0 470574000.0 11886900000.0 1301700.0 180888000000.0 80777200000.0 0.0 0.0 79807000000.0 738127000.0 915304000.0 8444380.0 -2.36 2.488 [-2.36]
28840300000000.0 213596000000000.0 435170000000.0 209244000000.0 407713000.0 10589000000.0 1073180.0 182428000000.0 71839500000.0 0.0 0.0 76745000000.0 658951000.0 817989000.0 7349060.0 -2.34 2.481 [-2.34]
