Cloudy_runs/1es1553/z=0.187764/component_IV_PI_nH/component_IV_PI_nH_col_density_param.txt
# %ECSV 1.0
# ---
# datatype:
# - {name: H, datatype: float64}
# - {name: H+, datatype: float64}
# - {name: C+, datatype: float64}
# - {name: C+2, datatype: float64}
# - {name: C+3, datatype: float64}
# - {name: N+2, datatype: float64}
# - {name: N+4, datatype: float64}
# - {name: O, datatype: float64}
# - {name: O+2, datatype: float64}
# - {name: O+5, datatype: float64}
# - {name: O+6, datatype: float64}
# - {name: Si+, datatype: float64}
# - {name: Si+2, datatype: float64}
# - {name: Si+3, datatype: float64}
# - {name: Si+4, datatype: float64}
# - {name: log_nH, datatype: float64}
# - {name: log_Te, datatype: float64}
# - {name: parameters, datatype: string, subtype: 'float64[1]'}
# schema: astropy-2.0
H H+ C+ C+2 C+3 N+2 N+4 O O+2 O+5 O+6 Si+ Si+2 Si+3 Si+4 log_nH log_Te parameters
28840300000000.0 9.60418e+17 34110800000.0 15360900000000.0 115543000000000.0 1939140000000.0 111213000000000.0 63348.9 5059120000000.0 1466820000000000.0 1902040000000000.0 30593200.0 3335450000.0 42732400000.0 3861750000000.0 -5.0 4.356 [-5.0]
28840300000000.0 9.02532e+17 36036000000.0 15952800000000.0 117484000000000.0 2091100000000.0 109985000000000.0 75178.4 5575900000000.0 1398230000000000.0 1711770000000000.0 35025600.0 3817910000.0 48935900000.0 4142860000000.0 -4.98 4.347 [-4.98]
28840300000000.0 8.48112e+17 38104500000.0 16549400000000.0 119305000000000.0 2254760000000.0 108585000000000.0 89622.7 6140410000000.0 1329460000000000.0 1536810000000000.0 40017500.0 4360040000.0 55951100000.0 4436560000000.0 -4.96 4.337 [-4.96]
28840300000000.0 7.96934e+17 40334300000.0 17151000000000.0 121003000000000.0 2430780000000.0 107016000000000.0 107292.0 6755310000000.0 1260740000000000.0 1376340000000000.0 45630300.0 4967600000.0 63870500000.0 4742550000000.0 -4.94 4.328 [-4.94]
28840300000000.0 7.4847e+17 42703800000.0 17749300000000.0 122579000000000.0 2619730000000.0 105269000000000.0 128946.0 7424270000000.0 1192100000000000.0 1228650000000000.0 51875300.0 5645280000.0 72857800000.0 5062380000000.0 -4.92 4.318 [-4.92]
28840300000000.0 7.02825e+17 45274200000.0 18352300000000.0 124019000000000.0 2822620000000.0 103352000000000.0 155567.0 8149540000000.0 1123980000000000.0 1093720000000000.0 58867600.0 6400560000.0 82989200000.0 5394080000000.0 -4.9 4.308 [-4.9]
28840300000000.0 6.59767e+17 48065800000.0 18959700000000.0 125323000000000.0 3040240000000.0 101264000000000.0 188357.0 8933940000000.0 1056600000000000.0 970625000000000.0 66677500.0 7240010000.0 94411000000.0 5737580000000.0 -4.88 4.297 [-4.88]
28840300000000.0 6.19139e+17 51114500000.0 19573700000000.0 126482000000000.0 3273420000000.0 99008600000000.0 228790.0 9778460000000.0 990066000000000.0 858893000000000.0 75406100.0 8171310000.0 107270000000.0 6092200000000.0 -4.86 4.287 [-4.86]
28840300000000.0 5.80701e+17 54446100000.0 20193500000000.0 127494000000000.0 3522980000000.0 96582400000000.0 278829.0 10688200000000.0 924798000000000.0 757045000000000.0 85132600.0 9201290000.0 121764000000.0 6457860000000.0 -4.84 4.276 [-4.84]
28840300000000.0 5.44337e+17 58112000000.0 20823200000000.0 128350000000000.0 3789750000000.0 93987800000000.0 340808.0 11663300000000.0 860878000000000.0 664777000000000.0 95992700.0 10338800000.0 138078000000.0 6833530000000.0 -4.82 4.265 [-4.82]
28840300000000.0 5.09887e+17 62166600000.0 21466300000000.0 129044000000000.0 4074640000000.0 91224700000000.0 417745.0 12705500000000.0 798498000000000.0 581327000000000.0 108133000.0 11593300000.0 156445000000.0 7218520000000.0 -4.8 4.253 [-4.8]
28840300000000.0 4.77224e+17 66682100000.0 22128800000000.0 129566000000000.0 4378520000000.0 88294300000000.0 513399.0 13815200000000.0 737817000000000.0 506116000000000.0 121756000.0 12976300000.0 177115000000.0 7611670000000.0 -4.78 4.241 [-4.78]
28840300000000.0 4.46224e+17 71748600000.0 22818500000000.0 129904000000000.0 4702190000000.0 85197500000000.0 632518.0 14992000000000.0 679001000000000.0 438546000000000.0 137128000.0 14502700000.0 200372000000.0 8011680000000.0 -4.76 4.229 [-4.76]
28840300000000.0 4.16692e+17 77467400000.0 23542100000000.0 130045000000000.0 5046600000000.0 81928500000000.0 781325.0 16235300000000.0 622107000000000.0 377914000000000.0 154538000.0 16188200000.0 226617000000.0 8418040000000.0 -4.74 4.215 [-4.74]
28840300000000.0 3.88487e+17 83994500000.0 24314300000000.0 129970000000000.0 5412850000000.0 78482400000000.0 967843.0 17543700000000.0 567226000000000.0 323630000000000.0 174472000.0 18058800000.0 256290000000.0 8829470000000.0 -4.72 4.201 [-4.72]
28840300000000.0 3.61446e+17 91534000000.0 25153400000000.0 129656000000000.0 5801900000000.0 74850600000000.0 1202610.0 18913300000000.0 514394000000000.0 275152000000000.0 197585000.0 20149300000.0 289959000000.0 9244810000000.0 -4.7 4.185 [-4.7]
28840300000000.0 3.35483e+17 100378000000.0 26088600000000.0 129070000000000.0 6214200000000.0 71031100000000.0 1499030.0 20336500000000.0 463744000000000.0 232056000000000.0 224967000.0 22517700000.0 328220000000.0 9661460000000.0 -4.68 4.168 [-4.68]
28840300000000.0 3.10424e+17 110932000000.0 27157700000000.0 128167000000000.0 6650270000000.0 67009700000000.0 1875500.0 21802900000000.0 415270000000000.0 193839000000000.0 258226000.0 25251100000.0 371935000000.0 10077500000000.0 -4.66 4.149 [-4.66]
28840300000000.0 2.86049e+17 123808000000.0 28415900000000.0 126880000000000.0 7110350000000.0 62761800000000.0 2357720.0 23296500000000.0 368901000000000.0 159993000000000.0 299965000.0 28491400000.0 422312000000.0 10490700000000.0 -4.64 4.127 [-4.64]
28840300000000.0 2.62084e+17 139964000000.0 29946800000000.0 125104000000000.0 7593520000000.0 58248600000000.0 2982760.0 24790500000000.0 324487000000000.0 130052000000000.0 354650000.0 32479100000.0 481093000000.0 10898200000000.0 -4.62 4.102 [-4.62]
28840300000000.0 2.38115e+17 161035000000.0 31883900000000.0 122663000000000.0 8096950000000.0 53401100000000.0 3808540.0 26238600000000.0 281716000000000.0 103509000000000.0 430524000.0 37645500000.0 551119000000.0 11296300000000.0 -4.6 4.072 [-4.6]
28840300000000.0 2.13506e+17 190043000000.0 34451700000000.0 119238000000000.0 8611370000000.0 48102200000000.0 4933330.0 27552400000000.0 240018000000000.0 79825800000000.0 544408000.0 44815900000.0 637386000000.0 11677900000000.0 -4.58 4.034 [-4.58]
28840300000000.0 1.86792e+17 233985000000.0 38101600000000.0 114095000000000.0 9108960000000.0 42069900000000.0 6567260.0 28532400000000.0 197779000000000.0 58150400000000.0 738782000.0 55857000000.0 751554000000.0 12028800000000.0 -4.56 3.982 [-4.56]
28840300000000.0 1.60334e+17 296982000000.0 42672900000000.0 107095000000000.0 9484080000000.0 35900900000000.0 8860580.0 28965700000000.0 157758000000000.0 40286900000000.0 1072250000.0 72049200000.0 892750000000.0 12263400000000.0 -4.54 3.915 [-4.54]
28840300000000.0 1.40749e+17 362438000000.0 46499500000000.0 100424000000000.0 9701890000000.0 31177200000000.0 11474500.0 29233500000000.0 127589000000000.0 28956400000000.0 1501620000.0 89296200000.0 1022590000000.0 12319900000000.0 -4.52 3.863 [-4.52]
28840300000000.0 1.22148e+17 446137000000.0 50323500000000.0 92527100000000.0 9747280000000.0 26744500000000.0 15016700.0 29156600000000.0 99675000000000.0 19950500000000.0 2165780000.0 110562000000.0 1169820000000.0 12217400000000.0 -4.5 3.803 [-4.5]
28840300000000.0 1.04578e+17 553104000000.0 53776100000000.0 83379800000000.0 9572560000000.0 22678600000000.0 20017800.0 28821400000000.0 74065200000000.0 12977600000000.0 3216230000.0 135817000000.0 1334440000000.0 11909900000000.0 -4.48 3.734 [-4.48]
28840300000000.0 8.84483e+16 684384000000.0 56291600000000.0 73318600000000.0 9161570000000.0 19059300000000.0 27365500.0 28464800000000.0 51771800000000.0 7906800000000.0 4862400000.0 163976000000.0 1509890000000.0 11362200000000.0 -4.46 3.657 [-4.46]
28840300000000.0 7.50957e+16 821882000000.0 57323600000000.0 63701200000000.0 8634150000000.0 16040500000000.0 37729800.0 28445800000000.0 35105500000000.0 4713050000000.0 7171070000.0 191980000000.0 1671990000000.0 10639300000000.0 -4.44 3.582 [-4.44]
28840300000000.0 6.50059e+16 942272000000.0 57057300000000.0 55658500000000.0 8158020000000.0 13625400000000.0 50995700.0 28813300000000.0 24279800000000.0 2917810000000.0 9998710000.0 217772000000.0 1801270000000.0 9881390000000.0 -4.42 3.518 [-4.42]
28840300000000.0 5.73557e+16 1040290000000.0 56021400000000.0 49133500000000.0 7777370000000.0 11667300000000.0 67021700.0 29363900000000.0 17379500000000.0 1899380000000.0 13265300000.0 241603000000.0 1899270000000.0 9158880000000.0 -4.4 3.466 [-4.4]
28840300000000.0 5.13221e+16 1119300000000.0 54569100000000.0 43746000000000.0 7473720000000.0 10043100000000.0 85936900.0 29943300000000.0 12813200000000.0 1287790000000.0 16980600000.0 264075000000.0 1973080000000.0 8485740000000.0 -4.38 3.423 [-4.38]
28840300000000.0 4.63725e+16 1183340000000.0 52881300000000.0 39184600000000.0 7221630000000.0 8672000000000.0 108089000.0 30477900000000.0 9654750000000.0 899140000000.0 21193300000.0 285554000000.0 2028300000000.0 7858200000000.0 -4.36 3.386 [-4.36]
28840300000000.0 4.21922e+16 1235360000000.0 51056200000000.0 35248400000000.0 7003340000000.0 7502030000000.0 133919000.0 30935800000000.0 7392590000000.0 641359000000.0 25957200000.0 306186000000.0 2068560000000.0 7271090000000.0 -4.34 3.353 [-4.34]
28840300000000.0 3.85904e+16 1277440000000.0 49155400000000.0 31807900000000.0 6807720000000.0 6497970000000.0 163916000.0 31304600000000.0 5730830000000.0 465013000000.0 31318800000.0 325982000000.0 2096130000000.0 6720890000000.0 -4.32 3.353 [-4.32]
28840300000000.0 3.54471e+16 1311170000000.0 47225300000000.0 28778100000000.0 6628220000000.0 5634440000000.0 198556000.0 31580300000000.0 4488380000000.0 341713000000.0 37309400000.0 344897000000.0 2112660000000.0 6205850000000.0 -4.3 3.324 [-4.3]
28840300000000.0 3.26779e+16 1337940000000.0 45300100000000.0 26095100000000.0 6460530000000.0 4890930000000.0 238338000.0 31764100000000.0 3546400000000.0 254000000000.0 43951600000.0 362874000000.0 2119460000000.0 5724570000000.0 -4.28 3.298 [-4.28]
28840300000000.0 3.0209e+16 1358720000000.0 43392100000000.0 23700000000000.0 6299930000000.0 4247810000000.0 283994000.0 31860700000000.0 2820830000000.0 190443000000.0 51294600000.0 379863000000.0 2117550000000.0 5273540000000.0 -4.26 3.274 [-4.26]
28840300000000.0 2.79929e+16 1374390000000.0 41516500000000.0 21553600000000.0 6144110000000.0 3690850000000.0 336222000.0 31874400000000.0 2256420000000.0 143838000000.0 59364500000.0 395793000000.0 2107730000000.0 4851290000000.0 -4.24 3.252 [-4.24]
28840300000000.0 2.59914e+16 1385630000000.0 39682500000000.0 19622800000000.0 5991210000000.0 3207740000000.0 395834000.0 31810600000000.0 1813410000000.0 109296000000.0 68190000000.0 410592000000.0 2090710000000.0 4456150000000.0 -4.22 3.231 [-4.22]
28840300000000.0 2.41781e+16 1393190000000.0 37902200000000.0 17882800000000.0 5840620000000.0 2788820000000.0 463575000.0 31674000000000.0 1463720000000.0 83513500000.0 77773900000.0 424205000000.0 2067170000000.0 4087390000000.0 -4.2 3.231 [-4.2]
28840300000000.0 2.25272e+16 1397590000000.0 36178700000000.0 16309900000000.0 5691230000000.0 2425050000000.0 540405000.0 31469900000000.0 1185750000000.0 64109400000.0 88132900000.0 436571000000.0 2037670000000.0 3743430000000.0 -4.18 3.211 [-4.18]
28840300000000.0 2.10197e+16 1399320000000.0 34516500000000.0 14885700000000.0 5542610000000.0 2109130000000.0 627323000.0 31203100000000.0 963682000000.0 49418500000.0 99263400000.0 447635000000.0 2002790000000.0 3423190000000.0 -4.16 3.193 [-4.16]
28840300000000.0 1.96397e+16 1398850000000.0 32918500000000.0 13593900000000.0 5394520000000.0 1834720000000.0 725285000.0 30878400000000.0 785504000000.0 38236600000.0 111153000000.0 457353000000.0 1963060000000.0 3125590000000.0 -4.14 3.176 [-4.14]
28840300000000.0 1.83727e+16 1396540000000.0 31384900000000.0 12419900000000.0 5246750000000.0 1596200000000.0 835434000.0 30500800000000.0 641894000000.0 29680600000.0 123791000000.0 465696000000.0 1918980000000.0 2849380000000.0 -4.12 3.16 [-4.12]
28840300000000.0 1.72058e+16 1392650000000.0 29914100000000.0 11351200000000.0 5098990000000.0 1388720000000.0 959040000.0 30073800000000.0 525644000000.0 23101300000.0 137154000000.0 472602000000.0 1871000000000.0 2593250000000.0 -4.1 3.144 [-4.1]
28840300000000.0 1.61292e+16 1387470000000.0 28506200000000.0 10377000000000.0 4951390000000.0 1208210000000.0 1097380000.0 29602000000000.0 431254000000.0 18023700000.0 151207000000.0 478052000000.0 1819580000000.0 2356180000000.0 -4.08 3.144 [-4.08]
28840300000000.0 1.51338e+16 1381230000000.0 27159600000000.0 9488020000000.0 4804030000000.0 1051150000000.0 1251880000.0 29089100000000.0 354385000000.0 14091400000.0 165907000000.0 482023000000.0 1765160000000.0 2137100000000.0 -4.06 3.129 [-4.06]
28840300000000.0 1.42115e+16 1374080000000.0 25872000000000.0 8675740000000.0 4656970000000.0 914418000000.0 1424100000.0 28538900000000.0 291594000000.0 11035600000.0 181205000000.0 484492000000.0 1708150000000.0 1934870000000.0 -4.04 3.129 [-4.04]
28840300000000.0 1.33552e+16 1366130000000.0 24640800000000.0 7932780000000.0 4510300000000.0 795330000000.0 1615760000.0 27954600000000.0 240170000000.0 8654010000.0 197042000000.0 485442000000.0 1648930000000.0 1748470000000.0 -4.02 3.115 [-4.02]
28840300000000.0 1.25587e+16 1357520000000.0 23464000000000.0 7252600000000.0 4364210000000.0 691589000000.0 1828670000.0 27339500000000.0 197965000000.0 6793410000.0 213350000000.0 484873000000.0 1587860000000.0 1576920000000.0 -4.0 3.116 [-4.0]
28840300000000.0 1.18173e+16 1348370000000.0 22340200000000.0 6629820000000.0 4219000000000.0 601266000000.0 2064610000.0 26697300000000.0 163286000000.0 5337820000.0 230035000000.0 482795000000.0 1525380000000.0 1419400000000.0 -3.98 3.102 [-3.98]
28840300000000.0 1.11255e+16 1338710000000.0 21266100000000.0 6059010000000.0 4074740000000.0 522569000000.0 2325810000.0 26030400000000.0 134726000000.0 4196310000.0 247018000000.0 479215000000.0 1461790000000.0 1274930000000.0 -3.96 3.102 [-3.96]
28840300000000.0 1.04784e+16 1328590000000.0 20238100000000.0 5534890000000.0 3931430000000.0 453915000000.0 2614830000.0 25340600000000.0 111150000000.0 3298870000.0 264219000000.0 474149000000.0 1397340000000.0 1142510000000.0 -3.94 3.089 [-3.94]
28840300000000.0 9875030000000000.0 1318080000000.0 19258800000000.0 5055790000000.0 3789940000000.0 394303000000.0 2932930000.0 24634600000000.0 91747800000.0 2595490000.0 281462000000.0 467669000000.0 1332680000000.0 1021890000000.0 -3.92 3.089 [-3.92]
28840300000000.0 9309290000000000.0 1307190000000.0 18321600000000.0 4615660000000.0 3649810000000.0 342303000000.0 3283740000.0 23911400000000.0 75698600000.0 2041270000.0 298698000000.0 459790000000.0 1267820000000.0 911785000000.0 -3.9 3.077 [-3.9]
28840300000000.0 8779820000000000.0 1296150000000.0 17428400000000.0 4211460000000.0 3511770000000.0 296989000000.0 3669970000.0 23180700000000.0 62431600000.0 1604980000.0 315858000000.0 450741000000.0 1203630000000.0 811230000000.0 -3.88 3.077 [-3.88]
28840300000000.0 8283020000000000.0 1284860000000.0 16575100000000.0 3840150000000.0 3375680000000.0 257497000000.0 4094690000.0 22440700000000.0 51453500000.0 1261140000.0 332789000000.0 440485000000.0 1140010000000.0 719738000000.0 -3.86 3.066 [-3.86]
28840300000000.0 7816490000000000.0 1273280000000.0 15759600000000.0 3499480000000.0 3241680000000.0 223132000000.0 4560480000.0 21691700000000.0 42376800000.0 990361000.0 349313000000.0 429042000000.0 1077060000000.0 636936000000.0 -3.84 3.066 [-3.84]
28840300000000.0 7378020000000000.0 1261440000000.0 14980200000000.0 3186950000000.0 3109910000000.0 193237000000.0 5070550000.0 20935800000000.0 34872200000.0 777122000.0 365299000000.0 416506000000.0 1015050000000.0 562189000000.0 -3.82 3.054 [-3.82]
28840300000000.0 6966110000000000.0 1249450000000.0 14236300000000.0 2900450000000.0 2980710000000.0 167265000000.0 5627690000.0 20176500000000.0 28675400000.0 609417000.0 380596000000.0 403016000000.0 954299000000.0 494971000000.0 -3.8 3.054 [-3.8]
28840300000000.0 6578470000000000.0 1237250000000.0 13525500000000.0 2637730000000.0 2854040000000.0 144689000000.0 6235840000.0 19415100000000.0 23555000000.0 477432000.0 395096000000.0 388662000000.0 894957000000.0 434630000000.0 -3.78 3.043 [-3.78]
28840300000000.0 6213720000000000.0 1224900000000.0 12846900000000.0 2396980000000.0 2730120000000.0 125087000000.0 6898210000.0 18654500000000.0 19329200000.0 373691000.0 408666000000.0 373588000000.0 837276000000.0 380657000000.0 -3.76 3.043 [-3.76]
