Cloudy_runs/pg1216/z=0.006328/logZ=-1/component_II_PI_nH/component_II_PI_nH_col_density_param.txt
# %ECSV 1.0
# ---
# datatype:
# - {name: H, datatype: float64}
# - {name: H+, datatype: float64}
# - {name: C+, datatype: float64}
# - {name: C+2, datatype: float64}
# - {name: C+3, datatype: float64}
# - {name: N+, datatype: float64}
# - {name: N+2, datatype: float64}
# - {name: N+4, datatype: float64}
# - {name: O, datatype: float64}
# - {name: O+2, datatype: float64}
# - {name: O+5, datatype: float64}
# - {name: O+6, datatype: float64}
# - {name: P+, datatype: float64}
# - {name: Si+, datatype: float64}
# - {name: Si+2, datatype: float64}
# - {name: Si+3, datatype: float64}
# - {name: Si+4, datatype: float64}
# - {name: Fe+, datatype: float64}
# - {name: Al+, datatype: float64}
# - {name: log_nH, datatype: float64}
# - {name: parameters, datatype: string, subtype: 'float64[1]'}
# schema: astropy-2.0
H H+ C+ C+2 C+3 N+ N+2 N+4 O O+2 O+5 O+6 P+ Si+ Si+2 Si+3 Si+4 Fe+ Al+ log_nH parameters
[from data line 56]
575440000000000.0 6.64001e+17 664164000000.0 11716800000000.0 3492710000000.0 83459500000.0 2607340000000.0 191915000000.0 353884000.0 12599600000000.0 199026000000.0 18646600000.0 1381150000.0 28509700000.0 563214000000.0 367411000000.0 910659000000.0 170643000.0 2272270000.0 -3.88 [-3.88]
575440000000000.0 6.30653e+17 667106000000.0 11319100000000.0 3230710000000.0 85551800000.0 2536990000000.0 169031000000.0 395328000.0 12461400000000.0 169555000000.0 15216900000.0 1414290000.0 29374100000.0 570942000000.0 361972000000.0 840566000000.0 190664000.0 2414970000.0 -3.86 [-3.86]
575440000000000.0 5.99038e+17 669479000000.0 10924800000000.0 2985070000000.0 87664600000.0 2466020000000.0 148718000000.0 441200000.0 12309600000000.0 144251000000.0 12399700000.0 1444500000.0 30185500000.0 576964000000.0 355607000000.0 773470000000.0 212693000.0 2560920000.0 -3.84 [-3.84]
575440000000000.0 5.68979e+17 671478000000.0 10534100000000.0 2754030000000.0 89816200000.0 2394430000000.0 130642000000.0 492070000.0 12144100000000.0 122481000000.0 10082700000.0 1472220000.0 30952600000.0 581341000000.0 348273000000.0 709403000000.0 236982000.0 2710690000.0 -3.82 [-3.82]
575440000000000.0 5.40417e+17 673100000000.0 10148200000000.0 2537300000000.0 91999600000.0 2322450000000.0 114596000000.0 548392000.0 11965200000000.0 103799000000.0 8182010000.0 1497340000.0 31672000000.0 584059000000.0 340066000000.0 648579000000.0 263710000.0 2863790000.0 -3.8 [-3.8]
575439000000000.0 5.13313e+17 674274000000.0 9768080000000.0 2334830000000.0 94214000000.0 2250360000000.0 100402000000.0 610578000.0 11773600000000.0 87820700000.0 6627890000.0 1519540000.0 32337200000.0 585093000000.0 331128000000.0 591205000000.0 293027000.0 3019290000.0 -3.78 [-3.78]
575440000000000.0 4.87573e+17 675063000000.0 9394320000000.0 2145730000000.0 96466000000.0 2178260000000.0 87851000000.0 679210000.0 11569600000000.0 74164800000.0 5358400000.0 1538960000.0 32950900000.0 584499000000.0 321521000000.0 537305000000.0 325167000.0 3177000000.0 -3.76 [-3.76]
575440000000000.0 4.63127e+17 675486000000.0 9027540000000.0 1969400000000.0 98757200000.0 2106320000000.0 76769900000.0 754856000.0 11353600000000.0 62514800000.0 4323440000.0 1555620000.0 33513600000.0 582331000000.0 311337000000.0 486910000000.0 360349000.0 3336470000.0 -3.74 [-3.74]
575440000000000.0 4.39909e+17 675560000000.0 8668260000000.0 1805240000000.0 101089000000.0 2034680000000.0 67001300000.0 838124000.0 11126300000000.0 52593900000.0 3481330000.0 1569530000.0 34026500000.0 578658000000.0 300670000000.0 440007000000.0 398802000.0 3497170000.0 -3.72 [-3.72]
575440000000000.0 4.1786e+17 675302000000.0 8316970000000.0 1652650000000.0 103464000000.0 1963510000000.0 58402800000.0 929655000.0 10888200000000.0 44161600000.0 2797530000.0 1580750000.0 34491400000.0 573562000000.0 289616000000.0 396548000000.0 440765000.0 3658610000.0 -3.7 [-3.7]
575440000000000.0 3.96921e+17 674729000000.0 7974030000000.0 1511020000000.0 105882000000.0 1892930000000.0 50845400000.0 1030130000.0 10639900000000.0 37008200000.0 2243430000.0 1589330000.0 34910300000.0 567134000000.0 278267000000.0 356452000000.0 486485000.0 3820220000.0 -3.68 [-3.68]
575439000000000.0 3.77034e+17 673853000000.0 7639780000000.0 1379770000000.0 108345000000.0 1823080000000.0 44212800000.0 1140260000.0 10382300000000.0 30951600000.0 1795340000.0 1595340000.0 35285900000.0 559477000000.0 266713000000.0 319608000000.0 536220000.0 3981470000.0 -3.66 [-3.66]
575440000000000.0 3.58149e+17 672691000000.0 7314470000000.0 1258310000000.0 110854000000.0 1754060000000.0 38400000000.0 1260800000.0 10116100000000.0 25833700000.0 1433760000.0 1598870000.0 35621200000.0 550698000000.0 255036000000.0 285885000000.0 590234000.0 4141780000.0 -3.64 [-3.64]
575440000000000.0 3.40215e+17 671255000000.0 6998300000000.0 1146080000000.0 113410000000.0 1685990000000.0 33312800000.0 1392540000.0 9842000000000.0 21517900000.0 1142600000.0 1599990000.0 35919400000.0 540907000000.0 243316000000.0 255134000000.0 648796000.0 4300590000.0 -3.62 [-3.62]
575440000000000.0 3.23184e+17 669556000000.0 6691400000000.0 1042530000000.0 116012000000.0 1618970000000.0 28866900000.0 1536290000.0 9560880000000.0 17885900000.0 908653000.0 1598820000.0 36183800000.0 530217000000.0 231625000000.0 227192000000.0 712178000.0 4457320000.0 -3.6 [-3.6]
575440000000000.0 3.0701e+17 667606000000.0 6393870000000.0 947120000000.0 118661000000.0 1553080000000.0 24986600000.0 1692900000.0 9273610000000.0 14835800000.0 721085000.0 1595440000.0 36417900000.0 518739000000.0 220029000000.0 201888000000.0 780657000.0 4611420000.0 -3.58 [-3.58]
575440000000000.0 2.91651e+17 665413000000.0 6105750000000.0 859339000000.0 121356000000.0 1488400000000.0 21604300000.0 1863260000.0 8981050000000.0 12279700000.0 571027000.0 1589960000.0 36625000000.0 506583000000.0 208587000000.0 179046000000.0 854510000.0 4762300000.0 -3.56 [-3.56]
575440000000000.0 2.77066e+17 662985000000.0 5827030000000.0 778689000000.0 124096000000.0 1425000000000.0 18659900000.0 2048270000.0 8684090000000.0 10142100000.0 451239000.0 1582480000.0 36808600000.0 493853000000.0 197350000000.0 158488000000.0 934012000.0 4909420000.0 -3.54 [-3.54]
575440000000000.0 2.63213e+17 660329000000.0 5557680000000.0 704689000000.0 126880000000.0 1362940000000.0 16099800000.0 2248880000.0 8383590000000.0 8358390000.0 355822000.0 1573110000.0 36972000000.0 480650000000.0 186363000000.0 140038000000.0 1019440000.0 5052250000.0 -3.52 [-3.52]
575440000000000.0 2.5006e+17 657456000000.0 5297680000000.0 636902000000.0 129705000000.0 1302270000000.0 13876800000.0 2465980000.0 8080550000000.0 6873410000.0 279997000.0 1561960000.0 37118200000.0 467076000000.0 175664000000.0 123526000000.0 1111030000.0 5190260000.0 -3.5 [-3.5]
575440000000000.0 2.37601e+17 654385000000.0 5047600000000.0 575025000000.0 132570000000.0 1243200000000.0 11952600000.0 2700130000.0 7776700000000.0 5642150000.0 219980000.0 1549200000.0 37248700000.0 453264000000.0 165312000000.0 108813000000.0 1208830000.0 5322720000.0 -3.48 [-3.48]
575440000000000.0 2.2574e+17 651095000000.0 4805980000000.0 518366000000.0 135469000000.0 1185460000000.0 10281900000.0 2953050000.0 7471220000000.0 4619320000.0 172386000.0 1534830000.0 37369300000.0 439206000000.0 155277000000.0 95683100000.0 1313460000.0 5449710000.0 -3.46 [-3.46]
575440000000000.0 2.14477e+17 647603000000.0 4573370000000.0 466682000000.0 138399000000.0 1129220000000.0 8836120000.0 3225310000.0 7165830000000.0 3773460000.0 134812000.0 1519000000.0 37480800000.0 425024000000.0 145607000000.0 84016500000.0 1424950000.0 5570500000.0 -3.44 [-3.44]
575440000000000.0 2.03782e+17 643911000000.0 4349610000000.0 419603000000.0 141355000000.0 1074510000000.0 7586400000.0 3517830000.0 6861380000000.0 3075540000.0 105212000.0 1501810000.0 37585400000.0 410785000000.0 136318000000.0 73671600000.0 1543460000.0 5684670000.0 -3.42 [-3.42]
575439000000000.0 1.93598e+17 640005000000.0 4133920000000.0 376683000000.0 144327000000.0 1021200000000.0 6505020000.0 3832050000.0 6557820000000.0 2499890000.0 81900500.0 1483300000.0 37686700000.0 396503000000.0 127395000000.0 64499200000.0 1669440000.0 5792040000.0 -3.4 [-3.4]
575440000000000.0 1.83955e+17 635925000000.0 3927380000000.0 337798000000.0 147313000000.0 969606000000.0 5574550000.0 4167750000.0 6257720000000.0 2028240000.0 63661500.0 1463700000.0 37783200000.0 382333000000.0 118895000000.0 56415100000.0 1802450000.0 5891900000.0 -3.38 [-3.38]
575440000000000.0 1.74797e+17 631648000000.0 3729110000000.0 302528000000.0 150301000000.0 919569000000.0 4772670000.0 4526270000.0 5960870000000.0 1641740000.0 49384700.0 1443020000.0 37878000000.0 368269000000.0 110793000000.0 49286100000.0 1942870000.0 5984090000.0 -3.36 [-3.36]
575440000000000.0 1.66102e+17 627189000000.0 3539000000000.0 270590000000.0 153283000000.0 871116000000.0 4082440000.0 4908260000.0 5668130000000.0 1325850000.0 38236600.0 1421400000.0 37971900000.0 354364000000.0 103091000000.0 43011300000.0 2090660000.0 6068460000.0 -3.34 [-3.34]
575440000000000.0 1.57844e+17 622533000000.0 3356790000000.0 241708000000.0 156247000000.0 824227000000.0 3488820000.0 5314400000.0 5380080000000.0 1068220000.0 29547800.0 1398860000.0 38066200000.0 340644000000.0 95787100000.0 37495900000.0 2245890000.0 6144590000.0 -3.32 [-3.32]
575440000000000.0 1.50003e+17 617698000000.0 3182290000000.0 215626000000.0 159184000000.0 778911000000.0 2978750000.0 5745210000.0 5097400000000.0 858639000.0 22790800.0 1375560000.0 38161100000.0 327150000000.0 88872100000.0 32655300000.0 2408430000.0 6212520000.0 -3.3 [-3.3]
575440000000000.0 1.42577e+17 612696000000.0 3015750000000.0 192162000000.0 162081000000.0 735269000000.0 2541800000.0 6200290000.0 4821410000000.0 688857000.0 17556100.0 1351610000.0 38255800000.0 313946000000.0 82357400000.0 28420700000.0 2577820000.0 6271910000.0 -3.28 [-3.28]
575440000000000.0 1.35505e+17 607493000000.0 2856000000000.0 170983000000.0 164920000000.0 693062000000.0 2166140000.0 6681440000.0 4551150000000.0 551077000.0 13491800.0 1326970000.0 38353100000.0 300972000000.0 76198200000.0 24705800000.0 2754600000.0 6322880000.0 -3.26 [-3.26]
575440000000000.0 1.28789e+17 602109000000.0 2703300000000.0 151944000000.0 167687000000.0 652398000000.0 1844250000.0 7187980000.0 4287890000000.0 439798000.0 10350100.0 1301770000.0 38451700000.0 288288000000.0 70402400000.0 21457900000.0 2938170000.0 6365250000.0 -3.24 [-3.24]
575440000000000.0 1.22412e+17 596546000000.0 2557440000000.0 134852000000.0 170367000000.0 613266000000.0 1568670000.0 7719840000.0 4032100000000.0 350147000.0 7926400.0 1276100000.0 38551000000.0 275911000000.0 64958600000.0 18621600000.0 3128240000.0 6399030000.0 -3.22 [-3.22]
575440000000000.0 1.16355e+17 590806000000.0 2418210000000.0 119532000000.0 172942000000.0 575652000000.0 1332960000.0 8276710000.0 3784170000000.0 278095000.0 6060070.0 1250020000.0 38650700000.0 263852000000.0 59854400000.0 16147400000.0 3324450000.0 6424220000.0 -3.2 [-3.2]
575440000000000.0 1.10605e+17 584894000000.0 2285400000000.0 105820000000.0 175395000000.0 539547000000.0 1131540000.0 8858080000.0 3544510000000.0 220340000.0 4625820.0 1223620000.0 38749700000.0 252123000000.0 55077000000.0 13991400000.0 3526330000.0 6440950000.0 -3.18 [-3.18]
575440000000000.0 1.05142e+17 578804000000.0 2158740000000.0 93563100000.0 177705000000.0 504923000000.0 959531000.0 9463300000.0 3313320000000.0 174146000.0 3525310.0 1196930000.0 38848100000.0 240722000000.0 50613000000.0 12114000000.0 3733570000.0 6449150000.0 -3.16 [-3.16]
575440000000000.0 9.99547e+16 572543000000.0 2038060000000.0 82623800000.0 179855000000.0 471770000000.0 812801000.0 10091400000.0 3090930000000.0 137301000.0 2682540.0 1170030000.0 38944500000.0 229658000000.0 46448800000.0 10481100000.0 3945570000.0 6449030000.0 -3.14 [-3.14]
575440000000000.0 9.5028e+16 566115000000.0 1923130000000.0 72874600000.0 181825000000.0 440072000000.0 687748000.0 10741100000.0 2877550000000.0 107985000.0 2038280.0 1142980000.0 39037600000.0 218935000000.0 42570500000.0 9061930000.0 4161770000.0 6440770000.0 -3.12 [-3.12]
575440000000000.0 9.03372e+16 559506000000.0 1813480000000.0 64180400000.0 183589000000.0 409745000000.0 581076000.0 11412000000.0 2672890000000.0 84683300.0 1545790.0 1115760000.0 39126700000.0 208525000000.0 38955400000.0 7827510000.0 4381940000.0 6424520000.0 -3.1 [-3.1]
575440000000000.0 8.59058e+16 552773000000.0 1709750000000.0 56487900000.0 185149000000.0 380974000000.0 490710000.0 12099400000.0 2478460000000.0 66307300.0 1171990.0 1088650000.0 39208700000.0 198513000000.0 35616900000.0 6760610000.0 4604310000.0 6400630000.0 -3.08 [-3.08]
575440000000000.0 8.16846e+16 545862000000.0 1610850000000.0 49644000000.0 186466000000.0 353528000000.0 413742000.0 12804600000.0 2292910000000.0 51766700.0 886961.0 1061470000.0 39284500000.0 188809000000.0 32513800000.0 5833580000.0 4829450000.0 6369150000.0 -3.06 [-3.06]
575440000000000.0 7.76761e+16 538800000000.0 1516920000000.0 43579800000.0 187531000000.0 327463000000.0 348418000.0 13524100000.0 2116780000000.0 40317600.0 0.0 1034340000.0 39351400000.0 179443000000.0 29642600000.0 5030600000.0 5056200000.0 6330460000.0 -3.04 [-3.04]
575440000000000.0 7.38684e+16 531589000000.0 1427720000000.0 38212600000.0 188326000000.0 302752000000.0 293027000.0 14255900000.0 1950020000000.0 31324400.0 0.0 1007320000.0 39408500000.0 170408000000.0 26989800000.0 4335410000.0 5284000000.0 6284780000.0 -3.02 [-3.02]
575440000000000.0 7.02518e+16 524236000000.0 1343090000000.0 33469000000.0 188839000000.0 279373000000.0 246115000.0 14997400000.0 1792580000000.0 24279000.0 0.0 980433000.0 39453800000.0 161703000000.0 24542600000.0 3734000000.0 5512090000.0 6232460000.0 -3.0 [-3.0]
575440000000000.0 6.68081e+16 516728000000.0 1262630000000.0 29273900000.0 189047000000.0 257255000000.0 206364000.0 15747100000.0 1644050000000.0 18765400.0 0.0 953668000.0 39485800000.0 153301000000.0 22283400000.0 3213220000.0 5740120000.0 6173710000.0 -2.98 [-2.98]
575440000000000.0 6.35533e+16 509124000000.0 1186770000000.0 25591300000.0 188971000000.0 236507000000.0 172909000.0 16498900000.0 1505190000000.0 14482900.0 0.0 927246000.0 39503200000.0 145259000000.0 20215900000.0 2764920000.0 5966540000.0 6109190000.0 -2.96 [-2.96]
575440000000000.0 6.0445e+16 501355000000.0 1114530000000.0 22335200000.0 188563000000.0 216919000000.0 144570000.0 17254700000.0 1374640000000.0 11141700.0 0.0 900941000.0 39504600000.0 137488000000.0 18308100000.0 2376390000.0 6192060000.0 6038680000.0 -2.94 [-2.94]
575440000000000.0 5.75e+16 493488000000.0 1046320000000.0 19478800000.0 187851000000.0 198592000000.0 120742000.0 18008100000.0 1253030000000.0 8555880.0 0.0 874985000.0 39488300000.0 130045000000.0 16563500000.0 2041830000.0 6415020000.0 5963020000.0 -2.92 [-2.92]
575440000000000.0 5.47021e+16 485508000000.0 981786000000.0 16970300000.0 186822000000.0 181448000000.0 100693000.0 18757500000.0 1139820000000.0 6555690.0 0.0 849341000.0 39453000000.0 122903000000.0 14966500000.0 1753340000.0 6635210000.0 5882410000.0 -2.9 [-2.9]
575440000000000.0 5.20506e+16 477445000000.0 920926000000.0 14774400000.0 185492000000.0 165483000000.0 83878700.0 19499100000.0 1034950000000.0 5014700.0 0.0 824100000.0 39397800000.0 116075000000.0 13510300000.0 1505160000.0 6851820000.0 5797390000.0 -2.88 [-2.88]
575440000000000.0 4.95178e+16 469242000000.0 863099000000.0 12842400000.0 183828000000.0 150560000000.0 69717400.0 20233500000.0 937475000000.0 3824280.0 0.0 799091000.0 39320500000.0 109497000000.0 12174800000.0 1290600000.0 7065320000.0 5707710000.0 -2.86 [-2.86]
575440000000000.0 4.71179e+16 460974000000.0 808639000000.0 11155600000.0 181877000000.0 136738000000.0 57880800.0 20955100000.0 847698000000.0 2911970.0 0.0 774539000.0 39220200000.0 103221000000.0 10961000000.0 1106310000.0 7274130000.0 5614440000.0 -2.84 [-2.84]
575440000000000.0 4.48439e+16 452652000000.0 757379000000.0 9684510000.0 179651000000.0 123968000000.0 48000200.0 21661300000.0 765235000000.0 2214130.0 0.0 750466000.0 39096000000.0 97238800000.0 9859190000.0 948100000.0 7477800000.0 5517980000.0 -2.82 [-2.82]
575440000000000.0 4.26769e+16 444235000000.0 708884000000.0 8397180000.0 177135000000.0 112149000000.0 39732500.0 22352300000.0 689367000000.0 1679570.0 0.0 726751000.0 38947000000.0 91507100000.0 8855610000.0 811797000.0 7676800000.0 5418110000.0 -2.8 [-2.8]
575440000000000.0 4.06173e+16 435755000000.0 663163000000.0 7274490000.0 174359000000.0 101263000000.0 32840400.0 23025000000.0 619907000000.0 1271800.0 0.0 703478000.0 38772400000.0 86036900000.0 7945150000.0 694689000.0 7870420000.0 5315450000.0 -2.78 [-2.78]
