Cloudy_runs/uks0242/z=0.06385/logZ=-1/component_III_PI_nH/component_III_PI_nH_col_density_param.txt
# %ECSV 1.0
# ---
# datatype:
# - {name: H, datatype: float64}
# - {name: H+, datatype: float64}
# - {name: C+, datatype: float64}
# - {name: C+2, datatype: float64}
# - {name: C+3, datatype: float64}
# - {name: N+, datatype: float64}
# - {name: N+2, datatype: float64}
# - {name: N+4, datatype: float64}
# - {name: O, datatype: float64}
# - {name: O+2, datatype: float64}
# - {name: O+5, datatype: float64}
# - {name: O+6, datatype: float64}
# - {name: P+, datatype: float64}
# - {name: Si+, datatype: float64}
# - {name: Si+2, datatype: float64}
# - {name: Si+3, datatype: float64}
# - {name: Si+4, datatype: float64}
# - {name: Fe+, datatype: float64}
# - {name: Al+, datatype: float64}
# - {name: log_nH, datatype: float64}
# - {name: parameters, datatype: string, subtype: 'float64[1]'}
# schema: astropy-2.0
H H+ C+ C+2 C+3 N+ N+2 N+4 O O+2 O+5 O+6 P+ Si+ Si+2 Si+3 Si+4 Fe+ Al+ log_nH parameters
2187760000000000.0 6.49931e+19 200738000000.0 26852500000000.0 88354900000000.0 14735400000.0 4332030000000.0 73637900000000.0 1178720.0 11915200000000.0 755103000000000.0 1000320000000000.0 12132500.0 199584000.0 9163160000.0 39254100000.0 3412000000000.0 46546.7 6318560.0 -5.0 [-5.0]
2187760000000000.0 6.15733e+19 216820000000.0 28218500000000.0 89345800000000.0 16049500000.0 4596020000000.0 72276900000000.0 1319310.0 12677300000000.0 712041000000000.0 899870000000000.0 14200400.0 235228000.0 10579700000.0 43849500000.0 3610720000000.0 56439.1 7518270.0 -4.98 [-4.98]
2187760000000000.0 5.834e+19 233937000000.0 29618700000000.0 90244600000000.0 17461900000.0 4869840000000.0 70820400000000.0 1476250.0 13469200000000.0 670000000000000.0 807957000000000.0 16592000.0 276703000.0 12195900000.0 48909100000.0 3815390000000.0 68370.5 8925190.0 -4.96 [-4.96]
2187760000000000.0 5.52825e+19 252133000000.0 31051500000000.0 91048900000000.0 18977100000.0 5153090000000.0 69273100000000.0 1651380.0 14290000000000.0 629100000000000.0 724032000000000.0 19352800.0 324865000.0 14036900000.0 54470800000.0 4025710000000.0 82745.0 10571700.0 -4.94 [-4.94]
2187760000000000.0 5.23902e+19 271450000000.0 32515200000000.0 91756400000000.0 20599500000.0 5445370000000.0 67640500000000.0 1846710.0 15138800000000.0 589440000000000.0 647572000000000.0 22533700.0 380678000.0 16130400000.0 60574900000.0 4241370000000.0 100044.0 12494600.0 -4.92 [-4.92]
2187760000000000.0 4.96535e+19 291927000000.0 34007600000000.0 92364800000000.0 22332900000.0 5746100000000.0 65928000000000.0 2064490.0 16014700000000.0 551115000000000.0 578044000000000.0 26191500.0 445225000.0 18507200000.0 67263600000.0 4461970000000.0 120838.0 14736100.0 -4.9 [-4.9]
2187760000000000.0 4.70637e+19 313606000000.0 35526500000000.0 92872100000000.0 24181400000.0 6054660000000.0 64141900000000.0 2307240.0 16916300000000.0 514196000000000.0 514973000000000.0 30389900.0 519717000.0 21200900000.0 74581100000.0 4687060000000.0 145807.0 17344000.0 -4.88 [-4.88]
2187760000000000.0 4.46121e+19 336530000000.0 37069600000000.0 93276500000000.0 26148900000.0 6370380000000.0 62288700000000.0 2577810.0 17842200000000.0 478739000000000.0 457890000000000.0 35200200.0 605521000.0 24249000000.0 82573800000.0 4916190000000.0 175755.0 20372500.0 -4.86 [-4.86]
2187760000000000.0 4.22911e+19 360720000000.0 38633300000000.0 93576000000000.0 28237500000.0 6692300000000.0 60375500000000.0 2879160.0 18790600000000.0 444799000000000.0 406344000000000.0 40698900.0 704123000.0 27691700000.0 91289600000.0 5148780000000.0 211626.0 23882800.0 -4.84 [-4.84]
2187760000000000.0 4.0093e+19 386206000000.0 40214400000000.0 93769100000000.0 30449600000.0 7019490000000.0 58409600000000.0 3214750.0 19759900000000.0 412412000000000.0 359887000000000.0 46971900.0 817199000.0 31573600000.0 100779000000.0 5384240000000.0 254541.0 27944200.0 -4.82 [-4.82]
2187760000000000.0 3.80112e+19 413019000000.0 41809700000000.0 93854400000000.0 32787700000.0 7351000000000.0 56398800000000.0 3588490.0 20748200000000.0 381595000000000.0 318124000000000.0 54114800.0 946604000.0 35943100000.0 111094000000.0 5621940000000.0 305822.0 32634900.0 -4.8 [-4.8]
2187760000000000.0 3.60393e+19 441188000000.0 43415400000000.0 93830600000000.0 35254200000.0 7685810000000.0 54350900000000.0 4004820.0 21753700000000.0 352363000000000.0 280661000000000.0 62232900.0 1094390000.0 40853100000.0 122287000000.0 5861170000000.0 367024.0 38043000.0 -4.78 [-4.78]
2187760000000000.0 3.41713e+19 470733000000.0 45027500000000.0 93696900000000.0 37850300000.0 8022780000000.0 52274200000000.0 4468660.0 22774500000000.0 324714000000000.0 247134000000000.0 71441000.0 1262790000.0 46360500000.0 134411000000.0 6101160000000.0 439975.0 44266900.0 -4.76 [-4.76]
2187760000000000.0 3.24016e+19 501672000000.0 46641700000000.0 93452200000000.0 40577200000.0 8360730000000.0 50176800000000.0 4985570.0 23808500000000.0 298637000000000.0 217193000000000.0 81865400.0 1454290000.0 52527400000.0 147523000000.0 6341130000000.0 526823.0 51417800.0 -4.74 [-4.74]
2187760000000000.0 3.07248e+19 534015000000.0 48253200000000.0 93096200000000.0 43435300000.0 8698430000000.0 48067200000000.0 5561780.0 24853500000000.0 274111000000000.0 190523000000000.0 93642500.0 1671570000.0 59419900000.0 161676000000.0 6580210000000.0 630051.0 59615900.0 -4.72 [-4.72]
2187760000000000.0 2.9136e+19 567770000000.0 49857200000000.0 92628600000000.0 46424900000.0 9034600000000.0 45953600000000.0 6204350.0 25907200000000.0 251108000000000.0 166819000000000.0 106921000.0 1917580000.0 67109400000.0 176926000000.0 6817500000000.0 752552.0 68994500.0 -4.7 [-4.7]
2187760000000000.0 2.76305e+19 602938000000.0 51448500000000.0 92049200000000.0 49545800000.0 9367990000000.0 43843900000000.0 6921260.0 26967500000000.0 229592000000000.0 145797000000000.0 121863000.0 2195520000.0 75672700000.0 193329000000.0 7052060000000.0 897756.0 79708200.0 -4.68 [-4.68]
2187760000000000.0 2.62038e+19 639514000000.0 53021700000000.0 91358500000000.0 52797300000.0 9697290000000.0 41746300000000.0 7721540.0 28032200000000.0 209521000000000.0 127194000000000.0 138646000.0 2508850000.0 85191100000.0 210937000000.0 7282910000000.0 1069660.0 91928500.0 -4.66 [-4.66]
2187760000000000.0 2.48517e+19 677487000000.0 54571100000000.0 90557000000000.0 56178600000.0 10021200000000.0 39668100000000.0 8615400.0 29099000000000.0 190845000000000.0 110767000000000.0 157460000.0 2861300000.0 95751400000.0 229805000000.0 7509040000000.0 1272910.0 105843000.0 -4.64 [-4.64]
2187760000000000.0 2.35702e+19 716840000000.0 56091000000000.0 89645800000000.0 59688300000.0 10338500000000.0 37616800000000.0 9614400.0 30165600000000.0 173513000000000.0 96291300000000.0 178508000.0 3256890000.0 107446000000.0 249981000000.0 7729410000000.0 1512860.0 121659000.0 -4.62 [-4.62]
2187760000000000.0 2.23558e+19 757547000000.0 57575400000000.0 88626100000000.0 63325100000.0 10647900000000.0 35599000000000.0 10731600.0 31229900000000.0 157467000000000.0 83562400000000.0 202010000.0 3699930000.0 120370000000.0 271514000000.0 7942920000000.0 1795750.0 139606000.0 -4.6 [-4.6]
2187760000000000.0 2.12048e+19 799576000000.0 59018200000000.0 87500000000000.0 67087200000.0 10948200000000.0 33621300000000.0 11981900.0 32289600000000.0 142649000000000.0 72392300000000.0 228200000.0 4195010000.0 134626000000.0 294445000000.0 8148500000000.0 2128790.0 159933000.0 -4.58 [-4.58]
2187760000000000.0 2.01138e+19 842886000000.0 60413200000000.0 86269400000000.0 70972600000.0 11238200000000.0 31689300000000.0 13381900.0 33342400000000.0 128998000000000.0 62613500000000.0 257326000.0 4746990000.0 150320000000.0 318815000000.0 8345050000000.0 2520300.0 182916000.0 -4.56 [-4.56]
2187760000000000.0 1.90798e+19 887432000000.0 61754300000000.0 84937000000000.0 74979600000.0 11516900000000.0 29808400000000.0 14950700.0 34385900000000.0 116449000000000.0 54070600000000.0 289654000.0 5361060000.0 167561000000.0 344656000000.0 8531480000000.0 2979860.0 208856000.0 -4.54 [-4.54]
2187760000000000.0 1.80998e+19 933161000000.0 63035400000000.0 83506000000000.0 79106600000.0 11783200000000.0 27983200000000.0 16709700.0 35418100000000.0 104942000000000.0 46621400000000.0 325463000.0 6042680000.0 186464000000.0 371995000000.0 8706670000000.0 3518510.0 238081000.0 -4.52 [-4.52]
2187760000000000.0 1.7171e+19 980011000000.0 64250300000000.0 81979900000000.0 83351400000.0 12036100000000.0 26217700000000.0 18683300.0 36437000000000.0 94412900000000.0 40137800000000.0 365047000.0 6797580000.0 207144000000.0 400849000000.0 8869570000000.0 4148890.0 270947000.0 -4.5 [-4.5]
2187760000000000.0 1.62906e+19 1027910000000.0 65393000000000.0 80362600000000.0 87711900000.0 12274800000000.0 24515300000000.0 20899100.0 37440200000000.0 84800000000000.0 34504800000000.0 408710000.0 7631720000.0 229722000000.0 431230000000.0 9019090000000.0 4885530.0 307841000.0 -4.48 [-4.48]
2187760000000000.0 1.54561e+19 1076770000000.0 66457700000000.0 78658700000000.0 92186000000.0 12498400000000.0 22878700000000.0 23388100.0 38426000000000.0 76042200000000.0 29619200000000.0 456769000.0 8551310000.0 254316000000.0 463137000000.0 9154210000000.0 5745010.0 349179000.0 -4.46 [-4.46]
2187760000000000.0 1.46652e+19 1126510000000.0 67438800000000.0 76873200000000.0 96771900000.0 12706200000000.0 21310300000000.0 26185400.0 39392100000000.0 68080300000000.0 25389200000000.0 509547000.0 9562780000.0 281048000000.0 496561000000.0 9273930000000.0 6746230.0 395411000.0 -4.44 [-4.44]
2187760000000000.0 1.39154e+19 1177030000000.0 68330700000000.0 75011200000000.0 101467000000.0 12897500000000.0 19811400000000.0 29330600.0 40336500000000.0 60856300000000.0 21732700000000.0 567379000.0 10672600000.0 310035000000.0 531474000000.0 9377280000000.0 7910720.0 447018000.0 -4.42 [-4.42]
2187760000000000.0 1.32046e+19 1228200000000.0 69128300000000.0 73078200000000.0 106268000000.0 13071700000000.0 18383100000000.0 32868500.0 41257100000000.0 54314700000000.0 18577100000000.0 630602000.0 11887400000.0 341391000000.0 567841000000.0 9463350000000.0 9262920.0 504514000.0 -4.4 [-4.4]
2187760000000000.0 1.25308e+19 1279940000000.0 69827400000000.0 71081200000000.0 111175000000.0 13228400000000.0 17025900000000.0 36849200.0 42152300000000.0 48403000000000.0 15858200000000.0 699536000.0 13213800000.0 375229000000.0 605608000000.0 9531380000000.0 10830500.0 568447000.0 -4.38 [-4.38]
2187760000000000.0 1.18921e+19 1332110000000.0 70424100000000.0 69026600000000.0 116185000000.0 13367300000000.0 15739900000000.0 41329600.0 43020200000000.0 43070600000000.0 13519300000000.0 774502000.0 14658600000.0 411652000000.0 644711000000.0 9580600000000.0 12645000.0 639402000.0 -4.36 [-4.36]
2187760000000000.0 1.12866e+19 1384590000000.0 70914800000000.0 66921400000000.0 121297000000.0 13487900000000.0 14524400000000.0 46373400.0 43859200000000.0 38269400000000.0 11510300000000.0 855812000.0 16228300000.0 450758000000.0 685063000000.0 9610360000000.0 14741800.0 717994000.0 -4.34 [-4.34]
2187760000000000.0 1.07126e+19 1437250000000.0 71296500000000.0 64772900000000.0 126509000000.0 13590100000000.0 13378800000000.0 52052300.0 44667300000000.0 33954500000000.0 9787220000000.0 943747000.0 17929200000.0 492627000000.0 726558000000.0 9620090000000.0 17160700.0 804867000.0 -4.32 [-4.32]
2187760000000000.0 1.01683e+19 1489930000000.0 71566600000000.0 62588400000000.0 131819000000.0 13673700000000.0 12301600000000.0 58446900.0 45443000000000.0 30083200000000.0 8311400000000.0 1038570000.0 19767200000.0 537330000000.0 769076000000.0 9609320000000.0 19946700.0 900703000.0 -4.3 [-4.3]
2187760000000000.0 9.6523e+18 1542500000000.0 71723600000000.0 60375600000000.0 137223000000.0 13738600000000.0 11291200000000.0 65647900.0 46184400000000.0 26615900000000.0 7049190000000.0 1140500000.0 21748000000.0 584916000000.0 812474000000.0 9577670000000.0 23150100.0 1006200000.0 -4.28 [-4.28]
2187760000000000.0 9.16298e+18 1594800000000.0 71766300000000.0 58142100000000.0 142722000000.0 13784800000000.0 10345900000000.0 73756500.0 46890000000000.0 23515700000000.0 5971180000000.0 1249700000.0 23876600000.0 635416000000.0 856584000000.0 9524920000000.0 26827300.0 1122100000.0 -4.26 [-4.26]
2187760000000000.0 8.69896e+18 1646700000000.0 71694700000000.0 55895600000000.0 148313000000.0 13812400000000.0 9463470000000.0 82887600.0 47558400000000.0 20748100000000.0 5051710000000.0 1366340000.0 26157300000.0 688841000000.0 901222000000.0 9450940000000.0 31041600.0 1249160000.0 -4.24 [-4.24]
2187760000000000.0 8.25892e+18 1698050000000.0 71509300000000.0 53644000000000.0 153996000000.0 13821600000000.0 8641650000000.0 93168200.0 48188000000000.0 18281500000000.0 4268550000000.0 1490450000.0 28593500000.0 745165000000.0 946177000000.0 9355760000000.0 35863100.0 1388130000.0 -4.22 [-4.22]
2187760000000000.0 7.84157e+18 1748680000000.0 71210800000000.0 51394900000000.0 159768000000.0 13812600000000.0 7878010000000.0 104741000.0 48777300000000.0 16086500000000.0 3602330000000.0 1622030000.0 31187500000.0 804335000000.0 991223000000.0 9239530000000.0 41370000.0 1539820000.0 -4.2 [-4.2]
2187760000000000.0 7.44562e+18 1798400000000.0 70800300000000.0 49155600000000.0 165622000000.0 13785400000000.0 7169940000000.0 117765000.0 49324700000000.0 14136200000000.0 3036280000000.0 1760910000.0 33939900000.0 866254000000.0 1036120000000.0 9102500000000.0 47649500.0 1705010000.0 -4.18 [-4.18]
2187760000000000.0 7.07006e+18 1847150000000.0 70281600000000.0 46933300000000.0 171564000000.0 13740600000000.0 6514830000000.0 132419000.0 49829200000000.0 12405900000000.0 2556020000000.0 1907010000.0 36851200000.0 930809000000.0 1080590000000.0 8945180000000.0 54797900.0 1884500000.0 -4.16 [-4.16]
2187760000000000.0 6.71374e+18 1894740000000.0 69657500000000.0 44735000000000.0 177589000000.0 13678600000000.0 5909990000000.0 148903000.0 50289400000000.0 10873000000000.0 2149020000000.0 2059990000.0 39919200000.0 997824000000.0 1124340000000.0 8768140000000.0 62922100.0 2079080000.0 -4.14 [-4.14]
2187760000000000.0 6.37565e+18 1941030000000.0 68931400000000.0 42567200000000.0 183694000000.0 13599600000000.0 5352690000000.0 167440000.0 50704000000000.0 9517000000000.0 1804550000000.0 2219470000.0 43140400000.0 1067090000000.0 1167080000000.0 8572130000000.0 72140600.0 2289530000.0 -4.12 [-4.12]
2187760000000000.0 6.05435e+18 1985440000000.0 68100900000000.0 40435600000000.0 189843000000.0 13503300000000.0 4840090000000.0 188271000.0 51069800000000.0 8318560000000.0 1513120000000.0 2384340000.0 46502000000.0 1138230000000.0 1208600000000.0 8357700000000.0 82584700.0 2516540000.0 -4.1 [-4.1]
2187760000000000.0 5.74989e+18 2028780000000.0 67185300000000.0 38346700000000.0 196106000000.0 13392100000000.0 4369810000000.0 211681000.0 51389700000000.0 7261920000000.0 1267310000000.0 2555230000.0 50010300000.0 1211140000000.0 1248350000000.0 8126630000000.0 94395300.0 2760940000.0 -4.08 [-4.08]
2187760000000000.0 5.46093e+18 2070470000000.0 66182600000000.0 36305300000000.0 202445000000.0 13265600000000.0 3939060000000.0 237973000.0 51660600000000.0 6331110000000.0 1060050000000.0 2730870000.0 53649400000.0 1285380000000.0 1286120000000.0 7879800000000.0 107731000.0 3023370000.0 -4.06 [-4.06]
2187760000000000.0 5.18664e+18 2110420000000.0 65098500000000.0 34316000000000.0 208860000000.0 13124400000000.0 3545280000000.0 267486000.0 51881400000000.0 5512260000000.0 885503000000.0 2910440000.0 57407400000.0 1360540000000.0 1321560000000.0 7618530000000.0 122766000.0 3304460000.0 -4.04 [-4.04]
2187760000000000.0 4.92623e+18 2148520000000.0 63939000000000.0 32382900000000.0 215349000000.0 12969000000000.0 3185940000000.0 300599000.0 52051000000000.0 4792870000000.0 738689000000.0 3093060000.0 61270300000.0 1436160000000.0 1354350000000.0 7344320000000.0 139689000.0 3604760000.0 -4.02 [-4.02]
2187760000000000.0 4.679e+18 2184710000000.0 62710500000000.0 30509600000000.0 221910000000.0 12800300000000.0 2858660000000.0 337728000.0 52168800000000.0 4161730000000.0 615364000000.0 3277790000.0 65222300000.0 1511750000000.0 1384170000000.0 7058790000000.0 158708000.0 3924780000.0 -4.0 [-4.0]
2187760000000000.0 4.44425e+18 2218940000000.0 61419700000000.0 28699100000000.0 228545000000.0 12618900000000.0 2561110000000.0 379338000.0 52233800000000.0 3608750000000.0 511904000000.0 3463620000.0 69245800000.0 1586790000000.0 1410710000000.0 6763650000000.0 180051000.0 4264940000.0 -3.98 [-3.98]
2187760000000000.0 4.22133e+18 2251140000000.0 60073200000000.0 26953900000000.0 235254000000.0 12425400000000.0 2291080000000.0 425939000.0 52245300000000.0 3124910000000.0 425224000000.0 3649490000.0 73321300000.0 1660730000000.0 1433680000000.0 6460720000000.0 203964000.0 4625550000.0 -3.96 [-3.96]
