Cloudy_runs/uks0242/z=0.06385/logZ=-1/component_III_PI_nH/component_III_PI_nH_col_density_param.txt
# %ECSV 1.0
# ---
# datatype:
# - {name: H, datatype: float64}
# - {name: H+, datatype: float64}
# - {name: C+, datatype: float64}
# - {name: C+2, datatype: float64}
# - {name: C+3, datatype: float64}
# - {name: N+, datatype: float64}
# - {name: N+2, datatype: float64}
# - {name: N+4, datatype: float64}
# - {name: O, datatype: float64}
# - {name: O+2, datatype: float64}
# - {name: O+5, datatype: float64}
# - {name: O+6, datatype: float64}
# - {name: P+, datatype: float64}
# - {name: Si+, datatype: float64}
# - {name: Si+2, datatype: float64}
# - {name: Si+3, datatype: float64}
# - {name: Si+4, datatype: float64}
# - {name: Fe+, datatype: float64}
# - {name: Al+, datatype: float64}
# - {name: log_nH, datatype: float64}
# - {name: parameters, datatype: string, subtype: 'float64[1]'}
# schema: astropy-2.0
H H+ C+ C+2 C+3 N+ N+2 N+4 O O+2 O+5 O+6 P+ Si+ Si+2 Si+3 Si+4 Fe+ Al+ log_nH parameters
[from data line 239]
2187760000000000.0 1167030000000000.0 68783000000.0 719004000.0 0.0 9222010000.0 594313.0 0.0 115148000000.0 2750060.0 0.0 0.0 85852200.0 10730900000.0 50343800.0 123412.0 0.0 10344900000.0 936481000.0 -0.22 [-0.22]
2187760000000000.0 1133240000000000.0 67670700000.0 683262000.0 0.0 8937570000.0 545240.0 0.0 114990000000.0 2526480.0 0.0 0.0 84996400.0 10623700000.0 47764500.0 115709.0 0.0 10250900000.0 927297000.0 -0.2 [-0.2]
2187760000000000.0 1100420000000000.0 66579200000.0 649266000.0 0.0 8660710000.0 500230.0 0.0 114834000000.0 2321590.0 0.0 0.0 84165000.0 10519400000.0 45315700.0 108525.0 0.0 10159300000.0 918372000.0 -0.18 [-0.18]
2187760000000000.0 1068840000000000.0 65518800000.0 617179000.0 0.0 8393250000.0 459099.0 0.0 114681000000.0 2134630.0 0.0 0.0 83364800.0 10419100000.0 43001300.0 101844.0 0.0 10071000000.0 909781000.0 -0.16 [-0.16]
2187760000000000.0 1038170000000000.0 64477900000.0 586649000.0 0.0 8133020000.0 421363.0 0.0 114529000000.0 1963160.0 0.0 0.0 82587400.0 10321500000.0 40805600.0 95607.1 0.0 9985050000.0 901432000.0 -0.14 [-0.14]
2187760000000000.0 1008440000000000.0 63458600000.0 557659000.0 0.0 7880150000.0 386758.0 0.0 114380000000.0 1806060.0 0.0 0.0 81833900.0 10226900000.0 38718900.0 89788.1 0.0 9901520000.0 893337000.0 -0.12 [-0.12]
2187760000000000.0 979568000000000.0 62457600000.0 530073000.0 0.0 7634060000.0 354994.0 0.0 114233000000.0 1661900.0 0.0 0.0 81101600.0 10134900000.0 36735200.0 84352.3 0.0 9820170000.0 885470000.0 -0.1 [-0.1]
2187760000000000.0 951655000000000.0 61479700000.0 503928000.0 0.0 7395470000.0 325893.0 0.0 114089000000.0 1529900.0 0.0 0.0 80393600.0 10046000000.0 34853700.0 79279.9 0.0 9741370000.0 877862000.0 -0.08 [-0.08]
2187760000000000.0 924680000000000.0 60524400000.0 479152000.0 0.0 7164160000.0 299222.0 0.0 113947000000.0 1409010.0 0.0 0.0 79709300.0 9959920000.0 33066400.0 74545.0 0.0 9665070000.0 870507000.0 -0.06 [-0.06]
2187760000000000.0 898380000000000.0 59582400000.0 455506000.0 0.0 6938440000.0 274694.0 0.0 113807000000.0 1297800.0 0.0 0.0 79041900.0 9875960000.0 31362600.0 70111.9 0.0 9590500000.0 863333000.0 -0.04 [-0.04]
2187760000000000.0 872944000000000.0 58661300000.0 433083000.0 0.0 6719490000.0 252205.0 0.0 113669000000.0 1195860.0 0.0 0.0 78396400.0 9794710000.0 29743200.0 65969.5 0.0 9518250000.0 856392000.0 -0.02 [-0.02]
2187760000000000.0 848274000000000.0 57757700000.0 411770000.0 0.0 6506660000.0 231559.0 0.0 113534000000.0 1102260.0 0.0 0.0 77770100.0 9715860000.0 28201700.0 62094.1 0.0 9448050000.0 849657000.0 -0.0 [-0.0]
2187760000000000.0 824362000000000.0 56871300000.0 391519000.0 0.0 6300160000.0 212624.0 0.0 113400000000.0 1016290.0 0.0 0.0 77163000.0 9639370000.0 26742100.0 58466.8 0.0 9379830000.0 843128000.0 0.02 [0.02]
2187760000000000.0 801141000000000.0 56001000000.0 372256000.0 0.0 6098930000.0 195210.0 0.0 113270000000.0 937300.0 0.0 0.0 76573200.0 9565030000.0 25342400.0 55070.4 0.0 9313510000.0 836784000.0 0.04 [0.04]
2187760000000000.0 778592000000000.0 55146000000.0 353933000.0 0.0 5903110000.0 179208.0 0.0 113141000000.0 864691.0 0.0 0.0 76000500.0 9492800000.0 24006800.0 51888.4 0.0 9249000000.0 830622000.0 0.06 [0.06]
2187760000000000.0 756704000000000.0 54306400000.0 336507000.0 0.0 5712580000.0 164504.0 0.0 113014000000.0 797938.0 0.0 0.0 75444400.0 9422630000.0 22731900.0 48906.6 0.0 9186270000.0 824638000.0 0.08 [0.08]
2187760000000000.0 735447000000000.0 53481300000.0 319931000.0 0.0 5527080000.0 150988.0 0.0 112889000000.0 736541.0 0.0 0.0 74904200.0 9354430000.0 21513900.0 46111.0 0.0 9125260000.0 818825000.0 0.1 [0.1]
2187760000000000.0 714798000000000.0 52670400000.0 304161000.0 0.0 5346450000.0 138561.0 0.0 112767000000.0 680055.0 0.0 0.0 74379400.0 9288120000.0 20349500.0 43489.1 0.0 9065910000.0 813177000.0 0.12 [0.12]
2187760000000000.0 694735000000000.0 51873200000.0 289157000.0 0.0 5170500000.0 127134.0 0.0 112647000000.0 628071.0 0.0 0.0 73869300.0 9223650000.0 19235600.0 41029.1 0.0 9008170000.0 807687000.0 0.14 [0.14]
2187760000000000.0 675235000000000.0 51089200000.0 274879000.0 0.0 4999000000.0 116623.0 0.0 112528000000.0 580215.0 0.0 0.0 73373500.0 9160930000.0 18169000.0 38720.1 0.0 8951970000.0 802350000.0 0.16 [0.16]
2187760000000000.0 656275000000000.0 50317900000.0 261292000.0 0.0 4831760000.0 106953.0 0.0 112412000000.0 536145.0 0.0 0.0 72891300.0 9099890000.0 17146800.0 36552.1 0.0 8897250000.0 797159000.0 0.18 [0.18]
2187760000000000.0 637834000000000.0 49559100000.0 248360000.0 0.0 4668560000.0 98052.4 0.0 112298000000.0 495551.0 0.0 0.0 72422200.0 9040470000.0 16165900.0 34515.7 0.0 8843980000.0 792109000.0 0.2 [0.2]
2187760000000000.0 619893000000000.0 48812200000.0 236052000.0 0.0 4509240000.0 89860.0 0.0 112185000000.0 458148.0 0.0 0.0 71965700.0 8982600000.0 15224300.0 32602.4 0.0 8792090000.0 787194000.0 0.22 [0.22]
2187760000000000.0 602388000000000.0 48075200000.0 224316000.0 0.0 4353250000.0 82308.1 0.0 112074000000.0 423643.0 0.0 0.0 71520200.0 8926060000.0 14317000.0 30803.2 0.0 8741400000.0 782397000.0 0.24 [0.24]
2187760000000000.0 585390000000000.0 47351400000.0 213167000.0 0.0 4201140000.0 75364.3 0.0 111966000000.0 391866.0 0.0 0.0 71087500.0 8871120000.0 13447700.0 29112.4 0.0 8692140000.0 777739000.0 0.26 [0.26]
2187760000000000.0 568825000000000.0 46638500000.0 202552000.0 0.0 4052140000.0 68963.5 0.0 111859000000.0 362563.0 0.0 0.0 70665700.0 8817500000.0 12608500.0 27522.2 0.0 8644090000.0 773198000.0 0.28 [0.28]
2187760000000000.0 552716000000000.0 45938600000.0 192468000.0 0.0 3906160000.0 63063.9 0.0 111754000000.0 335577.0 0.0 0.0 70255500.0 8765300000.0 11796400.0 26027.2 0.0 8597360000.0 768780000.0 0.3 [0.3]
2187760000000000.0 536903000000000.0 45243900000.0 182823000.0 0.0 3762390000.0 57614.3 0.0 111651000000.0 310599.0 0.0 0.0 69852600.0 8713950000.0 11011600.0 24618.2 0.0 8551420000.0 764443000.0 0.32 [0.32]
2187760000000000.0 521501000000000.0 44561500000.0 173659000.0 0.0 3621090000.0 52587.0 0.0 111549000000.0 287585.0 0.0 0.0 69460100.0 8663880000.0 10249900.0 23292.8 0.0 8506670000.0 760217000.0 0.34 [0.34]
2187760000000000.0 506435000000000.0 43888800000.0 164932000.0 0.0 3481580000.0 47939.7 0.0 111449000000.0 266343.0 0.0 0.0 69076100.0 8614800000.0 9507720.0 22044.9 0.0 8462890000.0 756083000.0 0.36 [0.36]
2187760000000000.0 491706000000000.0 43225900000.0 156629000.0 0.0 3343910000.0 43648.1 0.0 111350000000.0 246737.0 0.0 0.0 68700500.0 8566710000.0 8787140.0 20869.7 0.0 8420060000.0 752040000.0 0.38 [0.38]
2187760000000000.0 477230000000000.0 42571600000.0 148716000.0 0.0 3206700000.0 39665.0 0.0 111253000000.0 228630.0 0.0 0.0 68331300.0 8519330000.0 8077080.0 19762.8 0.0 8378000000.0 748066000.0 0.4 [0.4]
2187760000000000.0 463004000000000.0 41927800000.0 141191000.0 0.0 3069300000.0 35961.2 0.0 111157000000.0 211930.0 0.0 0.0 67968200.0 8472630000.0 7372870.0 18720.6 0.0 8336700000.0 744160000.0 0.42 [0.42]
2187760000000000.0 448932000000000.0 41291000000.0 134015000.0 0.0 2930800000.0 32509.0 0.0 111061000000.0 196493.0 0.0 0.0 67608900.0 8426250000.0 6673750.0 17738.3 0.0 8295860000.0 740295000.0 0.44 [0.44]
2187760000000000.0 434922000000000.0 40659900000.0 127164000.0 0.0 2789570000.0 29274.5 0.0 110966000000.0 182216.0 0.0 0.0 67251000.0 8379850000.0 5972540.0 16812.5 0.0 8255250000.0 736447000.0 0.46 [0.46]
2187760000000000.0 420967000000000.0 40040100000.0 120663000.0 0.0 2643800000.0 26227.1 0.0 110872000000.0 169067.0 0.0 0.0 66894100.0 8333360000.0 5259980.0 15941.5 0.0 8214890000.0 732612000.0 0.48 [0.48]
2187760000000000.0 406697000000000.0 39423800000.0 114446000.0 0.0 2487550000.0 23295.2 0.0 110777000000.0 156912.0 0.0 0.0 66528900.0 8285380000.0 4510780.0 15121.5 0.0 8173750000.0 728692000.0 0.5 [0.5]
2187760000000000.0 294619000000000.0 36798800000.0 87942300.0 0.0 719574000.0 6164.48 0.0 110395000000.0 142242.0 0.0 0.0 63649400.0 7822350000.0 17599.6 14436.7 0.0 7849450000.0 698233000.0 0.52 [0.52]
2187760000000000.0 282130000000000.0 36002000000.0 82438900.0 0.0 652535000.0 5357.25 0.0 110319000000.0 130985.0 0.0 0.0 63330100.0 7772050000.0 13496.8 13688.8 0.0 7810510000.0 694827000.0 0.54 [0.54]
2187760000000000.0 271141000000000.0 35257100000.0 77579800.0 0.0 599541000.0 4716.17 0.0 110248000000.0 120767.0 0.0 0.0 63049000.0 7727870000.0 11270.9 12985.3 0.0 7776200000.0 691828000.0 0.56 [0.56]
2187760000000000.0 261028000000000.0 34537600000.0 73135300.0 0.0 554790000.0 4181.51 0.0 110180000000.0 111379.0 0.0 0.0 62790000.0 7687060000.0 9866.34 12320.5 0.0 7744600000.0 689065000.0 0.58 [0.58]
2187760000000000.0 251596000000000.0 33837900000.0 69029500.0 0.0 515884000.0 3725.92 0.0 110114000000.0 102747.0 0.0 0.0 62548200.0 7648790000.0 8889.17 11692.1 0.0 7715100000.0 686487000.0 0.6 [0.6]
2187760000000000.0 242676000000000.0 33150800000.0 65199300.0 0.0 481256000.0 3331.32 0.0 110050000000.0 94784.6 0.0 0.0 62319300.0 7612280000.0 8153.86 11097.5 0.0 7687200000.0 684047000.0 0.62 [0.62]
2187760000000000.0 234215000000000.0 32476000000.0 61616800.0 0.0 450169000.0 2987.18 0.0 109987000000.0 87441.7 0.0 0.0 62102000.0 7577350000.0 7569.89 10534.7 0.0 7660730000.0 681733000.0 0.64 [0.64]
2187760000000000.0 226159000000000.0 31812200000.0 58257500.0 0.0 421973000.0 2684.83 0.0 109927000000.0 80667.8 0.0 0.0 61894800.0 7543730000.0 7083.75 10001.9 0.0 7635520000.0 679528000.0 0.66 [0.66]
2187760000000000.0 218462000000000.0 31158100000.0 55098900.0 0.0 396239000.0 2417.93 0.0 109869000000.0 74414.7 0.0 0.0 61696600.0 7511260000.0 6664.47 9497.19 0.0 7611440000.0 677422000.0 0.68 [0.68]
2187760000000000.0 211052000000000.0 30509200000.0 52112600.0 0.0 372569000.0 2181.04 0.0 109812000000.0 68627.3 0.0 0.0 61505600.0 7479560000.0 6292.48 9018.64 0.0 7588250000.0 675394000.0 0.7 [0.7]
2187760000000000.0 203981000000000.0 29871600000.0 49306000.0 0.0 350780000.0 1970.53 0.0 109757000000.0 63294.4 0.0 0.0 61323200.0 7448970000.0 5956.5 8565.42 0.0 7566130000.0 673459000.0 0.72 [0.72]
2187760000000000.0 197197000000000.0 29242700000.0 46657900.0 0.0 330636000.0 1782.84 0.0 109703000000.0 58370.6 0.0 0.0 61147900.0 7419210000.0 5648.19 8135.81 0.0 7544910000.0 671602000.0 0.74 [0.74]
2187760000000000.0 190676000000000.0 28621600000.0 44155300.0 0.0 311926000.0 1614.96 0.0 109651000000.0 53823.2 0.0 0.0 60979300.0 7390190000.0 5362.16 7728.46 0.0 7524530000.0 669818000.0 0.76 [0.76]
2187760000000000.0 184397000000000.0 28007900000.0 41789000.0 0.0 294534000.0 1464.62 0.0 109601000000.0 49621.9 0.0 0.0 60816700.0 7361810000.0 5094.81 7342.1 0.0 7504900000.0 668101000.0 0.78 [0.78]
2187760000000000.0 178355000000000.0 27401800000.0 39550800.0 0.0 278301000.0 1329.61 0.0 109552000000.0 45742.2 0.0 0.0 60660000.0 7334040000.0 4843.67 6975.61 0.0 7486020000.0 666448000.0 0.8 [0.8]
2187760000000000.0 172546000000000.0 26804600000.0 37436400.0 0.0 263146000.0 1208.29 0.0 109504000000.0 42162.6 0.0 0.0 60509200.0 7306910000.0 4606.98 6628.01 0.0 7467880000.0 664860000.0 0.82 [0.82]
2187760000000000.0 166932000000000.0 26213400000.0 35429500.0 0.0 248946000.0 1098.99 0.0 109458000000.0 38853.1 0.0 0.0 60363300.0 7280180000.0 4383.16 6298.02 0.0 7450350000.0 663326000.0 0.84 [0.84]
2187760000000000.0 161520000000000.0 25629600000.0 33529100.0 0.0 235635000.0 1000.44 0.0 109413000000.0 35797.6 0.0 0.0 60222300.0 7253910000.0 4171.26 5984.82 0.0 7433460000.0 661847000.0 0.86 [0.86]
2187760000000000.0 156299000000000.0 25053500000.0 31727900.0 0.0 223135000.0 911.47 0.0 109369000000.0 32977.2 0.0 0.0 60086100.0 7228070000.0 3970.34 5687.53 0.0 7417170000.0 660422000.0 0.88 [0.88]
2187760000000000.0 151255000000000.0 24484000000.0 30018600.0 0.0 211370000.0 831.008 0.0 109327000000.0 30372.9 0.0 0.0 59954300.0 7202570000.0 3779.65 5405.23 0.0 7401450000.0 659046000.0 0.9 [0.9]
2187760000000000.0 146398000000000.0 23923500000.0 28401300.0 0.0 200317000.0 758.278 0.0 109286000000.0 27971.9 0.0 0.0 59827100.0 7177500000.0 3598.65 5137.25 0.0 7386310000.0 657721000.0 0.92 [0.92]
2187760000000000.0 141706000000000.0 23370100000.0 26866500.0 0.0 189890000.0 693.672 0.0 109246000000.0 25724.4 0.0 0.0 59704100.0 7152750000.0 3426.69 4882.76 0.0 7371700000.0 656443000.0 0.94 [0.94]
2187760000000000.0 137176000000000.0 22824300000.0 25411100.0 0.0 180066000.0 635.663 0.0 109207000000.0 23646.1 0.0 0.0 59585000.0 7128280000.0 3263.27 4641.06 0.0 7357600000.0 655209000.0 0.96 [0.96]
2187760000000000.0 132803000000000.0 22286500000.0 24030500.0 0.0 170788000.0 582.869 0.0 109169000000.0 21739.6 0.0 0.0 59469800.0 7104110000.0 3107.93 4411.49 0.0 7344000000.0 654019000.0 0.98 [0.98]
2187760000000000.0 128586000000000.0 21757200000.0 22722000.0 0.0 162030000.0 534.822 0.0 109133000000.0 19990.8 0.0 0.0 59358500.0 7080220000.0 2960.25 4193.45 0.0 7330890000.0 652873000.0 1.0 [1.0]
