Cloudy_runs/pg1222/z=0.378389/component_IV_PI_nH/component_IV_PI_nH_col_density_param.txt
# %ECSV 1.0
# ---
# datatype:
# - {name: H, datatype: float64}
# - {name: H+, datatype: float64}
# - {name: C+, datatype: float64}
# - {name: C+2, datatype: float64}
# - {name: C+3, datatype: float64}
# - {name: N+2, datatype: float64}
# - {name: N+4, datatype: float64}
# - {name: O, datatype: float64}
# - {name: O+2, datatype: float64}
# - {name: O+5, datatype: float64}
# - {name: O+6, datatype: float64}
# - {name: Si+, datatype: float64}
# - {name: Si+2, datatype: float64}
# - {name: Si+3, datatype: float64}
# - {name: Si+4, datatype: float64}
# - {name: log_nH, datatype: float64}
# - {name: log_Te, datatype: float64}
# - {name: parameters, datatype: string, subtype: 'float64[1]'}
# schema: astropy-2.0
H H+ C+ C+2 C+3 N+2 N+4 O O+2 O+5 O+6 Si+ Si+2 Si+3 Si+4 log_nH log_Te parameters
213796000000000.0 2.43372e+19 2239270000.0 660726000000.0 5644740000000.0 93313300000.0 8814760000000.0 7007.52 227044000000.0 182938000000000.0 728810000000000.0 311562.0 26840200.0 257623000.0 77429200000.0 -5.0 4.653 [-5.0]
213796000000000.0 2.295e+19 2486450000.0 715154000000.0 5865050000000.0 101006000000.0 8918110000000.0 7841.94 246796000000.0 180102000000000.0 679186000000000.0 385065.0 32204700.0 298296000.0 84637000000.0 -4.98 4.646 [-4.98]
213796000000000.0 2.16488e+19 2755860000.0 772674000000.0 6084410000000.0 109224000000.0 9010130000000.0 8776.26 268095000000.0 176999000000000.0 632043000000000.0 474627.0 38557100.0 344719000.0 92361200000.0 -4.96 4.64 [-4.96]
213796000000000.0 2.04278e+19 3049110000.0 833361000000.0 6302320000000.0 117997000000.0 9090590000000.0 9823.31 291050000000.0 173641000000000.0 587326000000000.0 583489.0 46064100.0 397603000.0 100624000000.0 -4.94 4.633 [-4.94]
213796000000000.0 1.92816e+19 3367930000.0 897287000000.0 6518200000000.0 127359000000.0 9159300000000.0 10997.6 315770000000.0 170042000000000.0 544975000000000.0 715496.0 54918300.0 457732000.0 109448000000.0 -4.92 4.627 [-4.92]
213796000000000.0 1.82052e+19 3714140000.0 964528000000.0 6731570000000.0 137343000000.0 9216090000000.0 12315.3 342369000000.0 166216000000000.0 504926000000000.0 875199.0 65341300.0 525972000.0 118854000000.0 -4.9 4.621 [-4.9]
213796000000000.0 1.71939e+19 4089700000.0 1035150000000.0 6941920000000.0 147985000000.0 9260810000000.0 13794.7 370960000000.0 162179000000000.0 467114000000000.0 1067970.0 77588000.0 603273000.0 128863000000.0 -4.88 4.615 [-4.88]
213796000000000.0 1.62435e+19 4496690000.0 1109220000000.0 7148770000000.0 159319000000.0 9293330000000.0 15456.4 401660000000.0 157945000000000.0 431469000000000.0 1300130.0 91950700.0 690678000.0 139495000000.0 -4.86 4.609 [-4.86]
213796000000000.0 1.53498e+19 4937280000.0 1186800000000.0 7351630000000.0 171383000000.0 9313550000000.0 17323.6 434585000000.0 153533000000000.0 397919000000000.0 1579140.0 108765000.0 789333000.0 150769000000.0 -4.84 4.604 [-4.84]
213796000000000.0 1.45091e+19 5413820000.0 1267960000000.0 7550060000000.0 184211000000.0 9321380000000.0 19421.9 469846000000.0 148960000000000.0 366391000000000.0 1913720.0 128414000.0 900484000.0 162703000000.0 -4.82 4.598 [-4.82]
213796000000000.0 1.37179e+19 5928640000.0 1352740000000.0 7743640000000.0 197838000000.0 9316770000000.0 21778.8 507545000000.0 144244000000000.0 336809000000000.0 2314120.0 151336000.0 1025510000.0 175313000000.0 -4.8 4.593 [-4.8]
213796000000000.0 1.29731e+19 6484540000.0 1441200000000.0 7931930000000.0 212303000000.0 9299680000000.0 24429.0 547809000000.0 139404000000000.0 309103000000000.0 2792290.0 178028000.0 1165870000.0 188614000000.0 -4.78 4.588 [-4.78]
213796000000000.0 1.22717e+19 7084170000.0 1533380000000.0 8114530000000.0 227640000000.0 9270120000000.0 27407.3 590730000000.0 134461000000000.0 283198000000000.0 3362160.0 209057000.0 1323170000.0 202617000000.0 -4.76 4.582 [-4.76]
213796000000000.0 1.16108e+19 7730480000.0 1629330000000.0 8291050000000.0 243881000000.0 9228070000000.0 30753.7 636398000000.0 129432000000000.0 259018000000000.0 4039990.0 245069000.0 1499180000.0 217334000000.0 -4.74 4.577 [-4.74]
213796000000000.0 1.09879e+19 8426470000.0 1729080000000.0 8461140000000.0 261058000000.0 9173600000000.0 34512.5 684900000000.0 124338000000000.0 236491000000000.0 4844560.0 286790000.0 1695770000.0 232772000000.0 -4.72 4.572 [-4.72]
213796000000000.0 1.04006e+19 9175240000.0 1832660000000.0 8624470000000.0 279200000000.0 9106790000000.0 38733.3 736310000000.0 119200000000000.0 215541000000000.0 5797720.0 335048000.0 1914980000.0 248937000000.0 -4.7 4.567 [-4.7]
213796000000000.0 9.84666e+18 9980010000.0 1940070000000.0 8780700000000.0 298331000000.0 9027730000000.0 43469.6 790687000000.0 114038000000000.0 196095000000000.0 6924640.0 390773000.0 2159010000.0 265832000000.0 -4.68 4.563 [-4.68]
213796000000000.0 9.32402e+18 10844500000.0 2051360000000.0 8929500000000.0 318480000000.0 8936570000000.0 48786.4 848107000000.0 108872000000000.0 178082000000000.0 8254460.0 455014000.0 2430180000.0 283455000000.0 -4.66 4.558 [-4.66]
213796000000000.0 8.83071e+18 11772300000.0 2166500000000.0 9070600000000.0 339660000000.0 8833490000000.0 54748.7 908592000000.0 103721000000000.0 161427000000000.0 9820610.0 528952000.0 2731040000.0 301803000000.0 -4.64 4.553 [-4.64]
213796000000000.0 8.36474e+18 12766100000.0 2285450000000.0 9203730000000.0 361870000000.0 8718670000000.0 61421.8 972114000000.0 98604200000000.0 146055000000000.0 11661300.0 613915000.0 3064380000.0 320873000000.0 -4.62 4.549 [-4.62]
213796000000000.0 7.92456e+18 13830200000.0 2408210000000.0 9328600000000.0 385124000000.0 8592390000000.0 68892.1 1038710000000.0 93540800000000.0 131899000000000.0 13820600.0 711385000.0 3433050000.0 340650000000.0 -4.6 4.545 [-4.6]
213796000000000.0 7.50866e+18 14968600000.0 2534740000000.0 9444980000000.0 409425000000.0 8454970000000.0 77252.3 1108380000000.0 88547900000000.0 118891000000000.0 16348700.0 823020000.0 3840120000.0 361119000000.0 -4.58 4.54 [-4.58]
213796000000000.0 7.11573e+18 16186300000.0 2665030000000.0 9552570000000.0 434784000000.0 8306760000000.0 86614.5 1181150000000.0 83642800000000.0 106965000000000.0 19302900.0 950669000.0 4288690000.0 382258000000.0 -4.56 4.536 [-4.56]
213796000000000.0 6.74415e+18 17485700000.0 2798940000000.0 9651180000000.0 461161000000.0 8148140000000.0 97072.4 1256880000000.0 78840000000000.0 96051300000000.0 22747900.0 1096390000.0 4782450000.0 404046000000.0 -4.54 4.532 [-4.54]
213796000000000.0 6.39267e+18 18871000000.0 2936370000000.0 9740580000000.0 488531000000.0 7979540000000.0 108747.0 1335530000000.0 74153800000000.0 86085700000000.0 26757300.0 1262480000.0 5325040000.0 426457000000.0 -4.52 4.528 [-4.52]
213796000000000.0 6.06013e+18 20346200000.0 3077220000000.0 9820540000000.0 516863000000.0 7801460000000.0 121771.0 1417000000000.0 69597100000000.0 77005900000000.0 31414100.0 1451470000.0 5920360000.0 449457000000.0 -4.5 4.523 [-4.5]
213796000000000.0 5.74542e+18 21915400000.0 3221370000000.0 9890880000000.0 546119000000.0 7614470000000.0 136293.0 1501190000000.0 65181200000000.0 68751600000000.0 36812100.0 1666170000.0 6572500000.0 473006000000.0 -4.48 4.519 [-4.48]
213796000000000.0 5.44748e+18 23582200000.0 3368630000000.0 9951400000000.0 576243000000.0 7419130000000.0 152477.0 1588000000000.0 60915300000000.0 61263700000000.0 43057300.0 1909690000.0 7285810000.0 497066000000.0 -4.46 4.515 [-4.46]
213796000000000.0 5.16541e+18 25349800000.0 3518760000000.0 10001900000000.0 607165000000.0 7216140000000.0 170495.0 1677260000000.0 56808900000000.0 54487600000000.0 50265800.0 2185370000.0 8064660000.0 521581000000.0 -4.44 4.511 [-4.44]
213796000000000.0 4.89828e+18 27222300000.0 3671600000000.0 10042200000000.0 638818000000.0 7006190000000.0 190551.0 1768840000000.0 52868200000000.0 48368800000000.0 58570300.0 2496990000.0 8913770000.0 546501000000.0 -4.42 4.507 [-4.42]
213796000000000.0 4.64524e+18 29202600000.0 3826850000000.0 10072200000000.0 671117000000.0 6790010000000.0 212865.0 1862590000000.0 49098400000000.0 42856000000000.0 68117200.0 2848610000.0 9837980000.0 571766000000.0 -4.4 4.504 [-4.4]
213796000000000.0 4.40552e+18 31294500000.0 3984280000000.0 10091600000000.0 703981000000.0 6568390000000.0 237684.0 1958320000000.0 45503400000000.0 37900300000000.0 79069700.0 3244710000.0 10842300000.0 597311000000.0 -4.38 4.5 [-4.38]
213796000000000.0 4.17832e+18 33499500000.0 4143500000000.0 10100400000000.0 737289000000.0 6342110000000.0 265269.0 2055820000000.0 42085400000000.0 33454900000000.0 91607000.0 3690130000.0 11932100000.0 623066000000.0 -4.36 4.496 [-4.36]
213796000000000.0 3.96301e+18 35821300000.0 4304260000000.0 10098400000000.0 770956000000.0 6112070000000.0 295936.0 2154940000000.0 38845500000000.0 29476500000000.0 105929000.0 4190150000.0 13112500000.0 648955000000.0 -4.34 4.492 [-4.34]
213796000000000.0 3.75894e+18 38262000000.0 4466150000000.0 10085500000000.0 804863000000.0 5879100000000.0 330030.0 2255480000000.0 35783400000000.0 25923800000000.0 122254000.0 4750470000.0 14388900000.0 674895000000.0 -4.32 4.488 [-4.32]
213796000000000.0 3.56549e+18 40823900000.0 4628800000000.0 10061700000000.0 838896000000.0 5644110000000.0 367937.0 2357240000000.0 32897700000000.0 22758300000000.0 140823000.0 5377270000.0 15766700000.0 700800000000.0 -4.3 4.484 [-4.3]
213796000000000.0 3.38211e+18 43508800000.0 4791800000000.0 10026800000000.0 872937000000.0 5407970000000.0 410091.0 2460020000000.0 30185800000000.0 19943900000000.0 161899000.0 6077160000.0 17251500000.0 726579000000.0 -4.28 4.48 [-4.28]
213796000000000.0 3.20825e+18 46317500000.0 4954650000000.0 9980720000000.0 906853000000.0 5171560000000.0 456978.0 2563610000000.0 27644400000000.0 17446900000000.0 185768000.0 6857260000.0 18848700000.0 752135000000.0 -4.26 4.477 [-4.26]
213796000000000.0 3.04342e+18 49251300000.0 5116910000000.0 9923540000000.0 940522000000.0 4935750000000.0 509153.0 2667800000000.0 25269000000000.0 15236300000000.0 212742000.0 7725190000.0 20563700000.0 777369000000.0 -4.24 4.473 [-4.24]
213796000000000.0 2.88716e+18 52308700000.0 5277980000000.0 9855220000000.0 973799000000.0 4701450000000.0 567211.0 2772360000000.0 23055300000000.0 13283600000000.0 243147000.0 8688790000.0 22401400000.0 802170000000.0 -4.22 4.469 [-4.22]
213796000000000.0 2.73896e+18 55492600000.0 5437480000000.0 9775770000000.0 1006590000000.0 4469370000000.0 631895.0 2877130000000.0 20996500000000.0 11561600000000.0 277363000.0 9757090000.0 24367700000.0 826442000000.0 -4.2 4.465 [-4.2]
213796000000000.0 2.59841e+18 58802100000.0 5594820000000.0 9685200000000.0 1038760000000.0 4240270000000.0 704007.0 2981920000000.0 19086500000000.0 10046000000000.0 315787000.0 10939300000.0 26467400000.0 850071000000.0 -4.18 4.462 [-4.18]
213796000000000.0 2.46517e+18 62233300000.0 5749330000000.0 9583700000000.0 1070170000000.0 4015020000000.0 784393.0 3086460000000.0 17319900000000.0 8715360000000.0 358815000.0 12244400000.0 28704600000.0 872939000000.0 -4.16 4.458 [-4.16]
213796000000000.0 2.33882e+18 65786000000.0 5900490000000.0 9471330000000.0 1100720000000.0 3794250000000.0 874095.0 3190580000000.0 15689300000000.0 7549060000000.0 406904000.0 13682700000.0 31083500000.0 894935000000.0 -4.14 4.454 [-4.14]
213796000000000.0 2.21902e+18 69457100000.0 6047650000000.0 9348280000000.0 1130270000000.0 3578570000000.0 974256.0 3294080000000.0 14187900000000.0 6528730000000.0 460528000.0 15264700000.0 33608100000.0 915944000000.0 -4.12 4.45 [-4.12]
213796000000000.0 2.10541e+18 73244100000.0 6190250000000.0 9214730000000.0 1158750000000.0 3368560000000.0 1086180.0 3396750000000.0 12808500000000.0 5637750000000.0 520191000.0 17001300000.0 36281500000.0 935852000000.0 -4.1 4.447 [-4.1]
213796000000000.0 1.99768e+18 77141800000.0 6327590000000.0 9070960000000.0 1186020000000.0 3164720000000.0 1211320.0 3498410000000.0 11544000000000.0 4861120000000.0 586422000.0 18903700000.0 39106100000.0 954544000000.0 -4.08 4.443 [-4.08]
213796000000000.0 1.89553e+18 81146700000.0 6459080000000.0 8917230000000.0 1212000000000.0 2967490000000.0 1351360.0 3598860000000.0 10387300000000.0 4185390000000.0 659778000.0 20983400000.0 42083700000.0 971908000000.0 -4.06 4.439 [-4.06]
213796000000000.0 1.79868e+18 85254400000.0 6584160000000.0 8753900000000.0 1236620000000.0 2777230000000.0 1508190.0 3697920000000.0 9331590000000.0 3598460000000.0 740843000.0 23252200000.0 45215000000.0 987834000000.0 -4.04 4.436 [-4.04]
213796000000000.0 1.70684e+18 89457800000.0 6702160000000.0 8581360000000.0 1259790000000.0 2594250000000.0 1683910.0 3795400000000.0 8369960000000.0 3089520000000.0 830218000.0 25722000000.0 48500000000.0 1002220000000.0 -4.02 4.432 [-4.02]
213796000000000.0 1.61975e+18 93750100000.0 6812490000000.0 8400040000000.0 1281420000000.0 2418790000000.0 1880930.0 3891120000000.0 7495790000000.0 2648920000000.0 928525000.0 28404700000.0 51937600000.0 1014950000000.0 -4.0 4.429 [-4.0]
213796000000000.0 1.53718e+18 98125100000.0 6914640000000.0 8210410000000.0 1301490000000.0 2251010000000.0 2101970.0 3984890000000.0 6702710000000.0 2268110000000.0 1036410000.0 31312200000.0 55525300000.0 1025950000000.0 -3.98 4.425 [-3.98]
213796000000000.0 1.45889e+18 102574000000.0 7008010000000.0 8013000000000.0 1319910000000.0 2091030000000.0 2350080.0 4076550000000.0 5984570000000.0 1939490000000.0 1154510000.0 34456100000.0 59259400000.0 1035110000000.0 -3.96 4.421 [-3.96]
213796000000000.0 1.38464e+18 107087000000.0 7092070000000.0 7808370000000.0 1336640000000.0 1938900000000.0 2628720.0 4165900000000.0 5335490000000.0 1656340000000.0 1283500000.0 37847400000.0 63134800000.0 1042360000000.0 -3.94 4.418 [-3.94]
213796000000000.0 1.31423e+18 111653000000.0 7166320000000.0 7597130000000.0 1351640000000.0 1794610000000.0 2941780.0 4252780000000.0 4749900000000.0 1412720000000.0 1424020000.0 41496700000.0 67144700000.0 1047620000000.0 -3.92 4.414 [-3.92]
213796000000000.0 1.24747e+18 116265000000.0 7230360000000.0 7379970000000.0 1364880000000.0 1658130000000.0 3293640.0 4337030000000.0 4222560000000.0 1203420000000.0 1576730000.0 45414100000.0 71281000000.0 1050810000000.0 -3.9 4.411 [-3.9]
213796000000000.0 1.18416e+18 120909000000.0 7283810000000.0 7157580000000.0 1376330000000.0 1529350000000.0 3689220.0 4418500000000.0 3748510000000.0 1023880000000.0 1742250000.0 49608200000.0 75533600000.0 1051900000000.0 -3.88 4.407 [-3.88]
213796000000000.0 1.12412e+18 125575000000.0 7326350000000.0 6930680000000.0 1385990000000.0 1408150000000.0 4134070.0 4497040000000.0 3323070000000.0 870056000000.0 1921200000.0 54086800000.0 79890700000.0 1050830000000.0 -3.86 4.404 [-3.86]
213796000000000.0 1.06718e+18 130251000000.0 7357710000000.0 6700030000000.0 1393840000000.0 1294340000000.0 4634420.0 4572480000000.0 2941910000000.0 738462000000.0 2114150000.0 58855600000.0 84338400000.0 1047560000000.0 -3.84 4.4 [-3.84]
213796000000000.0 1.01319e+18 134923000000.0 7377670000000.0 6466380000000.0 1399880000000.0 1187730000000.0 5197270.0 4644680000000.0 2600970000000.0 626028000000.0 2321610000.0 63918800000.0 88861100000.0 1042080000000.0 -3.82 4.397 [-3.82]
213796000000000.0 9.6197e+17 139577000000.0 7386070000000.0 6230530000000.0 1404110000000.0 1088100000000.0 5830440.0 4713480000000.0 2296490000000.0 530086000000.0 2544030000.0 69278100000.0 93441400000.0 1034370000000.0 -3.8 4.394 [-3.8]
213796000000000.0 9.13418e+17 144197000000.0 7382840000000.0 5993420000000.0 1406530000000.0 995243000000.0 6542310.0 4778720000000.0 2025150000000.0 448367000000.0 2781600000.0 74930000000.0 98058100000.0 1024450000000.0 -3.78 4.39 [-3.78]
213796000000000.0 8.6734e+17 148780000000.0 7368100000000.0 5755520000000.0 1407180000000.0 908787000000.0 7343620.0 4840350000000.0 1783420000000.0 378772000000.0 3035010000.0 80877300000.0 102691000000.0 1012320000000.0 -3.76 4.387 [-3.76]
213796000000000.0 8.23621e+17 153301000000.0 7341740000000.0 5517780000000.0 1406050000000.0 828512000000.0 8244890.0 4898150000000.0 1568510000000.0 319604000000.0 3304160000.0 87109200000.0 107317000000.0 998001000000.0 -3.74 4.383 [-3.74]
213796000000000.0 7.82133e+17 157770000000.0 7304270000000.0 5280780000000.0 1403220000000.0 754078000000.0 9259500.0 4952130000000.0 1377630000000.0 269344000000.0 3589630000.0 93622900000.0 111907000000.0 981549000000.0 -3.72 4.38 [-3.72]
213796000000000.0 7.42785e+17 162143000000.0 7255500000000.0 5045610000000.0 1398660000000.0 685298000000.0 10399600.0 5001980000000.0 1208530000000.0 226742000000.0 3890530000.0 100393000000.0 116437000000.0 963034000000.0 -3.7 4.377 [-3.7]
213796000000000.0 7.05447e+17 166420000000.0 7195870000000.0 4812830000000.0 1392430000000.0 621821000000.0 11681400.0 5047670000000.0 1058840000000.0 190655000000.0 4206960000.0 107406000000.0 120876000000.0 942522000000.0 -3.68 4.374 [-3.68]
