Cloudy_runs/pg1222/z=0.378389/component_IV_PI_nH/component_IV_PI_nH_col_density_param.txt
# %ECSV 1.0
# ---
# datatype:
# - {name: H, datatype: float64}
# - {name: H+, datatype: float64}
# - {name: C+, datatype: float64}
# - {name: C+2, datatype: float64}
# - {name: C+3, datatype: float64}
# - {name: N+2, datatype: float64}
# - {name: N+4, datatype: float64}
# - {name: O, datatype: float64}
# - {name: O+2, datatype: float64}
# - {name: O+5, datatype: float64}
# - {name: O+6, datatype: float64}
# - {name: Si+, datatype: float64}
# - {name: Si+2, datatype: float64}
# - {name: Si+3, datatype: float64}
# - {name: Si+4, datatype: float64}
# - {name: log_nH, datatype: float64}
# - {name: log_Te, datatype: float64}
# - {name: parameters, datatype: string, subtype: 'float64[1]'}
# schema: astropy-2.0
H H+ C+ C+2 C+3 N+2 N+4 O O+2 O+5 O+6 Si+ Si+2 Si+3 Si+4 log_nH log_Te parameters
[from data line 68]
213796000000000.0 6.36381e+17 174634000000.0 7045480000000.0 4357100000000.0 1375120000000.0 509602000000.0 14741000.0 5126050000000.0 809712000000.0 134316000000.0 4884500000.0 122066000000.0 129361000000.0 895881000000.0 -3.64 4.367 [-3.64]
213796000000000.0 6.04457e+17 178549000000.0 6955610000000.0 4135390000000.0 1364130000000.0 460279000000.0 16559400.0 5158530000000.0 706729000000.0 112533000000.0 5244160000.0 129653000000.0 133343000000.0 869975000000.0 -3.62 4.364 [-3.62]
213796000000000.0 5.74152e+17 182321000000.0 6856630000000.0 3918540000000.0 1351660000000.0 415103000000.0 18601000.0 5186390000000.0 616058000000.0 94166500000.0 5616460000.0 137364000000.0 137108000000.0 842518000000.0 -3.6 4.361 [-3.6]
213796000000000.0 5.45383e+17 185944000000.0 6749150000000.0 3707040000000.0 1337760000000.0 373801000000.0 20892400.0 5209540000000.0 536335000000.0 78699400000.0 6000220000.0 145158000000.0 140622000000.0 813660000000.0 -3.58 4.357 [-3.58]
213796000000000.0 5.18067e+17 189407000000.0 6633750000000.0 3501330000000.0 1322490000000.0 336106000000.0 23463100.0 5227890000000.0 466325000000.0 65688700000.0 6393980000.0 152989000000.0 143854000000.0 783556000000.0 -3.56 4.354 [-3.56]
213796000000000.0 4.92129e+17 192704000000.0 6511040000000.0 3301800000000.0 1305910000000.0 301767000000.0 26345400.0 5241330000000.0 404928000000.0 54757700000.0 6796040000.0 160807000000.0 146773000000.0 752378000000.0 -3.54 4.351 [-3.54]
213796000000000.0 4.67497e+17 195827000000.0 6381690000000.0 3108780000000.0 1288080000000.0 270537000000.0 29575500.0 5249790000000.0 351152000000.0 45584900000.0 7204590000.0 168558000000.0 149348000000.0 720305000000.0 -3.52 4.348 [-3.52]
213796000000000.0 4.44102e+17 198774000000.0 6246370000000.0 2922530000000.0 1269080000000.0 242184000000.0 33193600.0 5253190000000.0 304111000000.0 37897100000.0 7617650000.0 176185000000.0 151554000000.0 687524000000.0 -3.5 4.344 [-3.5]
213796000000000.0 4.21884e+17 201541000000.0 6105800000000.0 2743280000000.0 1248970000000.0 216486000000.0 37243600.0 5251450000000.0 263017000000.0 31462000000.0 8033070000.0 183632000000.0 153366000000.0 654229000000.0 -3.48 4.341 [-3.48]
213796000000000.0 4.00779e+17 204126000000.0 5960630000000.0 2571170000000.0 1227830000000.0 193234000000.0 41774400.0 5244530000000.0 227164000000.0 26082400000.0 8448610000.0 190837000000.0 154761000000.0 620615000000.0 -3.46 4.338 [-3.46]
213796000000000.0 3.80733e+17 206529000000.0 5811570000000.0 2406320000000.0 1205720000000.0 172231000000.0 46839400.0 5232370000000.0 195925000000.0 21591300000.0 8861940000.0 197743000000.0 155723000000.0 586881000000.0 -3.44 4.335 [-3.44]
213796000000000.0 3.61691e+17 208750000000.0 5659290000000.0 2248780000000.0 1182730000000.0 153290000000.0 52497800.0 5214940000000.0 168744000000.0 17846900000.0 9270720000.0 204289000000.0 156238000000.0 553223000000.0 -3.42 4.331 [-3.42]
213796000000000.0 3.43601e+17 210790000000.0 5504410000000.0 2098570000000.0 1158930000000.0 136237000000.0 58814300.0 5192180000000.0 145124000000.0 14729300000.0 9672540000.0 210420000000.0 156300000000.0 519829000000.0 -3.4 4.328 [-3.4]
213796000000000.0 3.26416e+17 212652000000.0 5347590000000.0 1955660000000.0 1134390000000.0 120909000000.0 65859900.0 5164090000000.0 124628000000.0 12137400000.0 10065100000.0 216082000000.0 155903000000.0 486884000000.0 -3.38 4.325 [-3.38]
213796000000000.0 3.10091e+17 214339000000.0 5189430000000.0 1819960000000.0 1109200000000.0 107154000000.0 73712300.0 5130680000000.0 106867000000.0 9985680000.0 10446400000.0 221228000000.0 155050000000.0 454561000000.0 -3.36 4.322 [-3.36]
213796000000000.0 2.94583e+17 215858000000.0 5030520000000.0 1691390000000.0 1083430000000.0 94830600000.0 82456100.0 5091950000000.0 91499000000.0 8202100000.0 10814200000.0 225813000000.0 153749000000.0 423023000000.0 -3.34 4.318 [-3.34]
213796000000000.0 2.79851e+17 217212000000.0 4871400000000.0 1569810000000.0 1057150000000.0 83807400000.0 92183900.0 5047920000000.0 78219900000.0 6725910000.0 11166700000.0 229803000000.0 152010000000.0 392414000000.0 -3.32 4.315 [-3.32]
213796000000000.0 2.65876e+17 218402000000.0 4712820000000.0 1455230000000.0 1030500000000.0 73977000000.0 102983000.0 4998780000000.0 66778300000.0 5507610000.0 11501500000.0 233166000000.0 149862000000.0 362903000000.0 -3.3 4.312 [-3.3]
213796000000000.0 2.52581e+17 219444000000.0 4554760000000.0 1347100000000.0 1003450000000.0 65198200000.0 114986000.0 4944340000000.0 56906400000.0 4501000000.0 11818900000.0 235883000000.0 147307000000.0 334523000000.0 -3.28 4.308 [-3.28]
213796000000000.0 2.3993e+17 220340000000.0 4397600000000.0 1245240000000.0 976070000000.0 57371200000.0 128319000.0 4884620000000.0 48402700000.0 3670780000.0 12117700000.0 237935000000.0 144371000000.0 307367000000.0 -3.26 4.305 [-3.26]
213796000000000.0 2.27951e+17 221089000000.0 4242550000000.0 1149930000000.0 948581000000.0 50436300000.0 143056000.0 4820220000000.0 41121900000.0 2990140000.0 12394700000.0 239324000000.0 141113000000.0 281622000000.0 -3.24 4.302 [-3.24]
213796000000000.0 2.16534e+17 221710000000.0 4088910000000.0 1060290000000.0 920851000000.0 44262100000.0 159409000.0 4750610000000.0 34859500000.0 2429790000.0 12652700000.0 240041000000.0 137523000000.0 257196000000.0 -3.22 4.298 [-3.22]
213796000000000.0 2.05708e+17 222200000000.0 3937790000000.0 976567000000.0 893102000000.0 38800700000.0 177468000.0 4676420000000.0 29507700000.0 1971410000.0 12889000000.0 240106000000.0 133669000000.0 234231000000.0 -3.2 4.295 [-3.2]
213796000000000.0 1.95424e+17 222567000000.0 3789190000000.0 898344000000.0 865345000000.0 33968900000.0 197411000.0 4597650000000.0 24933900000.0 1596510000.0 13104400000.0 239532000000.0 129575000000.0 212708000000.0 -3.18 4.292 [-3.18]
213796000000000.0 1.85655e+17 222818000000.0 3643360000000.0 825374000000.0 837639000000.0 29700500000.0 219409000.0 4514470000000.0 21031700000.0 1290440000.0 13299200000.0 238341000000.0 125280000000.0 192627000000.0 -3.16 4.288 [-3.16]
213796000000000.0 1.76376e+17 222959000000.0 3500510000000.0 757408000000.0 810045000000.0 25935600000.0 243644000.0 4427090000000.0 17708200000.0 1041040000.0 13474000000.0 236564000000.0 120819000000.0 173972000000.0 -3.14 4.285 [-3.14]
213796000000000.0 1.67561e+17 222994000000.0 3360820000000.0 694196000000.0 782615000000.0 22619500000.0 270312000.0 4335720000000.0 14882500000.0 838194000.0 13629600000.0 234232000000.0 116229000000.0 156715000000.0 -3.12 4.281 [-3.12]
213796000000000.0 1.59188e+17 222929000000.0 3224440000000.0 635489000000.0 755402000000.0 19703100000.0 299619000.0 4240610000000.0 12484600000.0 673548000.0 13767000000.0 231386000000.0 111546000000.0 140815000000.0 -3.1 4.278 [-3.1]
213796000000000.0 1.51235e+17 222770000000.0 3091490000000.0 581043000000.0 728455000000.0 17141900000.0 331785000.0 4142010000000.0 10453300000.0 540167000.0 13887100000.0 228064000000.0 106804000000.0 126224000000.0 -3.08 4.275 [-3.08]
213796000000000.0 1.4368e+17 222519000000.0 2962060000000.0 530623000000.0 701815000000.0 14895900000.0 367041000.0 4040180000000.0 8735760000.0 432327000.0 13991300000.0 224308000000.0 102034000000.0 112882000000.0 -3.06 4.271 [-3.06]
213796000000000.0 1.36505e+17 222184000000.0 2836260000000.0 483992000000.0 675529000000.0 12929100000.0 405634000.0 3935430000000.0 7286390000.0 345323000.0 14081000000.0 220166000000.0 97265700000.0 100727000000.0 -3.04 4.268 [-3.04]
213796000000000.0 1.2969e+17 221769000000.0 2714110000000.0 440925000000.0 649631000000.0 11209100000.0 447820000.0 3828050000000.0 6065630000.0 275269000.0 14157400000.0 215680000000.0 92526000000.0 89690900000.0 -3.02 4.264 [-3.02]
213796000000000.0 1.23216e+17 221275000000.0 2595660000000.0 401204000000.0 624155000000.0 9706940000.0 493870000.0 3718350000000.0 5039430000.0 218980000.0 14222000000.0 210894000000.0 87839700000.0 79702300000.0 -3.0 4.261 [-3.0]
213796000000000.0 1.17082e+17 220710000000.0 2481190000000.0 364691000000.0 599193000000.0 8399300000.0 543989000.0 3606940000000.0 4180030000.0 173923000.0 14275600000.0 205869000000.0 83239800000.0 70704900000.0 -2.98 4.257 [-2.98]
213796000000000.0 1.11228e+17 220066000000.0 2369870000000.0 330960000000.0 574585000000.0 7255600000.0 598714000.0 3493210000000.0 3457620000.0 137730000.0 14321300000.0 200593000000.0 78710000000.0 62580500000.0 -2.96 4.254 [-2.96]
213796000000000.0 1.05681e+17 219355000000.0 2262520000000.0 300044000000.0 550543000000.0 6262900000.0 658106000.0 3378430000000.0 2855320000.0 108894000.0 14358600000.0 195159000000.0 74302900000.0 55305400000.0 -2.94 4.251 [-2.94]
213796000000000.0 1.00414e+17 218580000000.0 2158890000000.0 271690000000.0 527032000000.0 5400630000.0 722549000.0 3262650000000.0 2353230000.0 85925900.0 14389300000.0 189589000000.0 70020500000.0 48796800000.0 -2.92 4.247 [-2.92]
213796000000000.0 9.54219e+16 217743000000.0 2059110000000.0 245758000000.0 504113000000.0 4653600000.0 792284000.0 3146440000000.0 1936080000.0 67691500.0 14414300000.0 183933000000.0 65881600000.0 42995400000.0 -2.9 4.244 [-2.9]
213796000000000.0 9.06697e+16 216841000000.0 1962690000000.0 221981000000.0 481695000000.0 4004780000.0 867836000.0 3029540000000.0 1588990000.0 53195800.0 14435600000.0 178190000000.0 61876500000.0 37819400000.0 -2.88 4.24 [-2.88]
213796000000000.0 8.61457e+16 215873000000.0 1869590000000.0 200213000000.0 459794000000.0 3442020000.0 949575000.0 2912260000000.0 1300910000.0 41700900.0 14454100000.0 172390000000.0 58013000000.0 33211900000.0 -2.86 4.237 [-2.86]
213796000000000.0 8.18698e+16 214854000000.0 1780420000000.0 180433000000.0 438576000000.0 2957340000.0 1037460000.0 2795830000000.0 1063630000.0 32654900.0 14469300000.0 166610000000.0 54323800000.0 29140600000.0 -2.84 4.233 [-2.84]
213796000000000.0 7.77985e+16 213772000000.0 1694440000000.0 162369000000.0 417889000000.0 2537780000.0 1132210000.0 2679610000000.0 867458000.0 25508600.0 14483500000.0 160824000000.0 50784400000.0 25530200000.0 -2.82 4.23 [-2.82]
213796000000000.0 7.39223e+16 212626000000.0 1611600000000.0 145897000000.0 397740000000.0 2175050000.0 1234210000.0 2563910000000.0 705670000.0 19877300.0 14497300000.0 155052000000.0 47397900000.0 22334700000.0 -2.8 4.227 [-2.8]
213796000000000.0 7.02503e+16 211427000000.0 1532250000000.0 130962000000.0 378235000000.0 1863080000.0 1343470000.0 2449610000000.0 573057000.0 15466600.0 14510300000.0 149348000000.0 44180900000.0 19521800000.0 -2.78 4.223 [-2.78]
213796000000000.0 6.6763e+16 210171000000.0 1456090000000.0 117410000000.0 359323000000.0 1594450000.0 1460460000.0 2336650000000.0 464361000.0 12011500.0 14523500000.0 143713000000.0 41124300000.0 17044900000.0 -2.76 4.22 [-2.76]
213796000000000.0 6.34508e+16 208859000000.0 1383040000000.0 105127000000.0 341004000000.0 1363360000.0 1585510000.0 2225290000000.0 375465000.0 9310510.0 14537200000.0 138160000000.0 38226200000.0 14867100000.0 -2.74 4.217 [-2.74]
213796000000000.0 6.0305e+16 207490000000.0 1313030000000.0 94012500000.0 323274000000.0 1164760000.0 1718890000.0 2115760000000.0 302923000.0 7203360.0 14551900000.0 132701000000.0 35484100000.0 12954900000.0 -2.72 4.213 [-2.72]
213796000000000.0 5.73173e+16 206065000000.0 1245960000000.0 83967700000.0 306131000000.0 994231000.0 1860860000.0 2008260000000.0 243859000.0 5562830.0 14567600000.0 127347000000.0 32894400000.0 11278200000.0 -2.7 4.21 [-2.7]
213796000000000.0 5.44869e+16 204590000000.0 1181920000000.0 74921500000.0 289612000000.0 848220000.0 2011430000.0 1903270000000.0 195959000.0 4290310.0 14583900000.0 122122000000.0 30459200000.0 9812450000.0 -2.68 4.206 [-2.68]
213796000000000.0 5.17916e+16 203054000000.0 1120480000000.0 66750400000.0 273628000000.0 722795000.0 2171250000.0 1800430000000.0 157052000.0 3301340.0 14601900000.0 117003000000.0 28161800000.0 8527790000.0 -2.66 4.203 [-2.66]
213796000000000.0 4.92314e+16 201462000000.0 1061730000000.0 59396400000.0 258215000000.0 615380000.0 2340240000.0 1700180000000.0 125586000.0 2535860.0 14621000000.0 112009000000.0 26003900000.0 7405280000.0 -2.64 4.2 [-2.64]
213796000000000.0 4.67998e+16 199814000000.0 1005580000000.0 52787600000.0 243367000000.0 523471000.0 2518500000.0 1602660000000.0 100196000.0 1944540.0 14641100000.0 107145000000.0 23980200000.0 6425530000.0 -2.62 4.197 [-2.62]
213796000000000.0 4.44902e+16 198112000000.0 951956000000.0 46856900000.0 229078000000.0 444898000.0 2706070000.0 1508010000000.0 79758500.0 1488610.0 14662000000.0 102416000000.0 22085600000.0 5571270000.0 -2.6 4.193 [-2.6]
213796000000000.0 4.22966e+16 196354000000.0 900766000000.0 41541900000.0 215341000000.0 377779000.0 2902920000.0 1416360000000.0 63343900.0 1137730.0 14683300000.0 97822600000.0 20314700000.0 4827110000.0 -2.58 4.19 [-2.58]
213796000000000.0 4.02132e+16 194543000000.0 851931000000.0 36785600000.0 202148000000.0 320494000.0 3108940000.0 1327810000000.0 50192100.0 868181.0 14704800000.0 93367700000.0 18661900000.0 4179470000.0 -2.56 4.187 [-2.56]
213796000000000.0 3.82343e+16 192676000000.0 805363000000.0 32535100000.0 189492000000.0 271640000.0 3323950000.0 1242450000000.0 39678800.0 661474.0 14726200000.0 89050800000.0 17121900000.0 3616290000.0 -2.54 4.184 [-2.54]
213796000000000.0 3.63543e+16 190756000000.0 760979000000.0 28741400000.0 177364000000.0 230008000.0 3547730000.0 1160330000000.0 31293900.0 503218.0 14747000000.0 84871900000.0 15688900000.0 3126910000.0 -2.52 4.181 [-2.52]
213796000000000.0 3.45639e+16 188776000000.0 718587000000.0 25353100000.0 165730000000.0 194495000.0 3780270000.0 1081350000000.0 24611800.0 382065.0 14767200000.0 80819100000.0 14354400000.0 2701250000.0 -2.5 4.177 [-2.5]
213796000000000.0 3.28679e+16 186750000000.0 678345000000.0 22344600000.0 154638000000.0 164353000.0 4020420000.0 1005920000000.0 19319900.0 289837.0 14785300000.0 76915900000.0 13119600000.0 2332750000.0 -2.48 4.174 [-2.48]
213796000000000.0 3.12569e+16 184673000000.0 640056000000.0 19670700000.0 144053000000.0 138735000.0 4268020000.0 933889000000.0 15130300.0 219582.0 14801400000.0 73148600000.0 11976000000.0 2013290000.0 -2.46 4.171 [-2.46]
213796000000000.0 2.97303e+16 182551000000.0 603734000000.0 17301800000.0 133987000000.0 117019000.0 4522080000.0 865408000000.0 11826400.0 0.0 14814600000.0 69525100000.0 10920700000.0 1737020000.0 -2.44 4.168 [-2.44]
213796000000000.0 2.82762e+16 180372000000.0 569118000000.0 15197000000.0 124388000000.0 98557800.0 4782650000.0 800177000000.0 9218090.0 0.0 14825000000.0 66023400000.0 9943630000.0 1497350000.0 -2.42 4.165 [-2.42]
213796000000000.0 2.68947e+16 178145000000.0 536231000000.0 13333600000.0 115270000000.0 82911100.0 5048590000.0 738343000000.0 7168180.0 0.0 14831800000.0 62651800000.0 9042640000.0 1289990000.0 -2.4 4.162 [-2.4]
213796000000000.0 2.55789e+16 175863000000.0 504924000000.0 11682800000.0 106606000000.0 69640000.0 5319440000.0 679756000000.0 5558550.0 0.0 14834500000.0 59399100000.0 8211110000.0 1110390000.0 -2.38 4.159 [-2.38]
213796000000000.0 2.4332e+16 173542000000.0 475292000000.0 10228200000.0 98425200000.0 58439000.0 5593520000.0 624629000000.0 4302240.0 0.0 14832200000.0 56280900000.0 7448450000.0 955511000.0 -2.36 4.156 [-2.36]
213796000000000.0 2.31505e+16 171182000000.0 447261000000.0 8947890000.0 90716200000.0 48993400.0 5869850000.0 572894000000.0 3323790.0 0.0 14824300000.0 53294000000.0 6749900000.0 822007000.0 -2.34 4.153 [-2.34]
213796000000000.0 2.20247e+16 168773000000.0 420612000000.0 7817490000.0 83433600000.0 41005600.0 6148240000.0 524255000000.0 2560800.0 0.0 14810700000.0 50418600000.0 6107840000.0 706544000.0 -2.32 4.151 [-2.32]
