Cloudy_runs/pks0637/z=0.417539/component_I_PI_nH/component_I_PI_nH_col_density_param.txt
# %ECSV 1.0
# ---
# datatype:
# - {name: H, datatype: float64}
# - {name: H+, datatype: float64}
# - {name: C+, datatype: float64}
# - {name: C+2, datatype: float64}
# - {name: C+3, datatype: float64}
# - {name: N+2, datatype: float64}
# - {name: N+4, datatype: float64}
# - {name: O, datatype: float64}
# - {name: O+2, datatype: float64}
# - {name: O+5, datatype: float64}
# - {name: O+6, datatype: float64}
# - {name: Si+, datatype: float64}
# - {name: Si+2, datatype: float64}
# - {name: Si+3, datatype: float64}
# - {name: Si+4, datatype: float64}
# - {name: log_nH, datatype: float64}
# - {name: log_Te, datatype: float64}
# - {name: parameters, datatype: string, subtype: 'float64[1]'}
# schema: astropy-2.0
H H+ C+ C+2 C+3 N+2 N+4 O O+2 O+5 O+6 Si+ Si+2 Si+3 Si+4 log_nH log_Te parameters
[from data line 64]
2570390000000000.0 1.08756e+19 1704830000000.0 89345700000000.0 73176000000000.0 16975400000000.0 11624700000000.0 78589100.0 60111700000000.0 22807300000000.0 4860030000000.0 34935600000.0 945722000000.0 1252940000000.0 12551200000000.0 -3.72 4.383 [-3.72]
2570390000000000.0 1.0328e+19 1758980000000.0 89111500000000.0 70208600000000.0 16976500000000.0 10606400000000.0 88251200.0 60832500000000.0 20065800000000.0 4102950000000.0 38070400000.0 1019260000000.0 1309850000000.0 12382400000000.0 -3.7 4.38 [-3.7]
2570390000000000.0 9.80855e+18 1812490000000.0 88739800000000.0 67249000000000.0 16956600000000.0 9662100000000.0 99117700.0 61503800000000.0 17631400000000.0 3459830000000.0 41395700000.0 1096170000000.0 1366440000000.0 12187400000000.0 -3.68 4.376 [-3.68]
2570390000000000.0 9.31563e+18 1865200000000.0 88232800000000.0 64306500000000.0 16916100000000.0 8788130000000.0 111336000.0 62124200000000.0 15472800000000.0 2914170000000.0 44911500000.0 1176310000000.0 1422390000000.0 11967000000000.0 -3.66 4.373 [-3.66]
2570390000000000.0 8.84789e+18 1916960000000.0 87593300000000.0 61390200000000.0 16855200000000.0 7980880000000.0 125073000.0 62692000000000.0 13561400000000.0 2451750000000.0 48616100000.0 1259490000000.0 1477350000000.0 11722100000000.0 -3.64 4.37 [-3.64]
2570390000000000.0 8.40351e+18 1967270000000.0 86818500000000.0 58508000000000.0 16773800000000.0 7236520000000.0 140507000.0 63204300000000.0 11870700000000.0 2060080000000.0 52499800000.0 1345370000000.0 1531050000000.0 11453300000000.0 -3.62 4.367 [-3.62]
2570390000000000.0 7.98221e+18 2016670000000.0 85926100000000.0 55669300000000.0 16673700000000.0 6551790000000.0 157852000.0 63663100000000.0 10378300000000.0 1729140000000.0 56567900000.0 1433830000000.0 1582920000000.0 11162500000000.0 -3.6 4.364 [-3.6]
2570390000000000.0 7.5823e+18 2064680000000.0 84914700000000.0 52881100000000.0 16554800000000.0 5922920000000.0 177334000.0 64065500000000.0 9062210000000.0 1449640000000.0 60806900000.0 1524440000000.0 1632680000000.0 10850800000000.0 -3.58 4.36 [-3.58]
2570390000000000.0 7.20266e+18 2111190000000.0 83790200000000.0 50150400000000.0 16417700000000.0 5346410000000.0 199207000.0 64410200000000.0 7903080000000.0 1213860000000.0 65206200000.0 1616780000000.0 1679920000000.0 10519800000000.0 -3.56 4.357 [-3.56]
2570390000000000.0 6.84224e+18 2156000000000.0 82557000000000.0 47484900000000.0 16262400000000.0 4818950000000.0 223749000.0 64696100000000.0 6883560000000.0 1015200000000.0 69752300000.0 1710400000000.0 1724240000000.0 10171100000000.0 -3.54 4.354 [-3.54]
2570390000000000.0 6.50002e+18 2199140000000.0 81226100000000.0 44887800000000.0 16090800000000.0 4337040000000.0 251284000.0 64922100000000.0 5987970000000.0 847991000000.0 74430300000.0 1804770000000.0 1765260000000.0 9806680000000.0 -3.52 4.351 [-3.52]
2570390000000000.0 6.17503e+18 2240440000000.0 79802600000000.0 42365500000000.0 15902900000000.0 3897600000000.0 282158000.0 65087300000000.0 5202260000000.0 707424000000.0 79221500000.0 1899330000000.0 1802600000000.0 9428450000000.0 -3.5 4.348 [-3.5]
2570390000000000.0 5.8664e+18 2279810000000.0 78294200000000.0 39922300000000.0 15699600000000.0 3497580000000.0 316756000.0 65190600000000.0 4513840000000.0 589396000000.0 84105600000.0 1993450000000.0 1835870000000.0 9038570000000.0 -3.48 4.345 [-3.48]
2570390000000000.0 5.57327e+18 2317200000000.0 76709000000000.0 37561800000000.0 15481500000000.0 3134060000000.0 355509000.0 65231200000000.0 3911410000000.0 490411000000.0 89059900000.0 2086490000000.0 1864750000000.0 8639270000000.0 -3.46 4.342 [-3.46]
2570390000000000.0 5.29467e+18 2352330000000.0 75051800000000.0 35286900000000.0 15249300000000.0 2804200000000.0 398890000.0 65207400000000.0 3384820000000.0 407469000000.0 94053300000.0 2177650000000.0 1888980000000.0 8232630000000.0 -3.44 4.338 [-3.44]
2570390000000000.0 5.03021e+18 2385610000000.0 73337500000000.0 33100200000000.0 15004300000000.0 2505500000000.0 447421000.0 65120700000000.0 2925300000000.0 338112000000.0 99072900000.0 2266440000000.0 1908150000000.0 7821450000000.0 -3.42 4.335 [-3.42]
2570390000000000.0 4.77899e+18 2416760000000.0 71570300000000.0 31003600000000.0 14747000000000.0 2235430000000.0 501675000.0 64969500000000.0 2524760000000.0 280164000000.0 104085000000.0 2352040000000.0 1922100000000.0 7407900000000.0 -3.4 4.332 [-3.4]
2570390000000000.0 4.54034e+18 2445840000000.0 69759500000000.0 28997200000000.0 14478600000000.0 1991610000000.0 562293000.0 64753400000000.0 2176060000000.0 231814000000.0 109061000000.0 2433740000000.0 1930650000000.0 6994320000000.0 -3.38 4.329 [-3.38]
2570390000000000.0 4.31361e+18 2472820000000.0 67912300000000.0 27081800000000.0 14199800000000.0 1771870000000.0 629974000.0 64472200000000.0 1872900000000.0 191523000000.0 113974000000.0 2510860000000.0 1933660000000.0 6583030000000.0 -3.36 4.326 [-3.36]
2570390000000000.0 4.09821e+18 2497690000000.0 66036500000000.0 25257400000000.0 13911500000000.0 1574140000000.0 705475000.0 64125600000000.0 1609680000000.0 157996000000.0 118794000000.0 2582710000000.0 1931080000000.0 6176300000000.0 -3.34 4.323 [-3.34]
2570390000000000.0 3.89356e+18 2520490000000.0 64139100000000.0 23523700000000.0 13614400000000.0 1396530000000.0 789635000.0 63714000000000.0 1381460000000.0 130137000000.0 123495000000.0 2648700000000.0 1922900000000.0 5776280000000.0 -3.32 4.32 [-3.32]
2570400000000000.0 3.69914e+18 2541300000000.0 62228400000000.0 21878700000000.0 13309900000000.0 1237220000000.0 883378000.0 63237400000000.0 1183860000000.0 107021000000.0 128053000000.0 2708280000000.0 1909160000000.0 5384980000000.0 -3.3 4.316 [-3.3]
2570400000000000.0 3.51442e+18 2560130000000.0 60310500000000.0 20321500000000.0 12998600000000.0 1094560000000.0 987703000.0 62696300000000.0 1013000000000.0 87869800000.0 132441000000.0 2760940000000.0 1889990000000.0 5004240000000.0 -3.28 4.313 [-3.28]
2570390000000000.0 3.33892e+18 2577030000000.0 58391500000000.0 18850400000000.0 12681300000000.0 967023000000.0 1103690000.0 62091300000000.0 865482000000.0 72027100000.0 136640000000.0 2806280000000.0 1865580000000.0 4635720000000.0 -3.26 4.31 [-3.26]
2570390000000000.0 3.17234e+18 2592000000000.0 56479800000000.0 17464200000000.0 12359700000000.0 853277000000.0 1232430000.0 61424100000000.0 738422000000.0 58952800000.0 140620000000.0 2843940000000.0 1836270000000.0 4281170000000.0 -3.24 4.307 [-3.24]
2570400000000000.0 3.01378e+18 2605350000000.0 54574700000000.0 16156600000000.0 12033200000000.0 751699000000.0 1375540000.0 60693300000000.0 628812000000.0 48151200000.0 144398000000.0 2873820000000.0 1802020000000.0 3940910000000.0 -3.22 4.304 [-3.22]
2570400000000000.0 2.86328e+18 2616880000000.0 52687000000000.0 14929100000000.0 11703900000000.0 661405000000.0 1534070000.0 59902500000000.0 534700000000.0 39267600000.0 147928000000.0 2895650000000.0 1763510000000.0 3616850000000.0 -3.2 4.3 [-3.2]
2570400000000000.0 2.72046e+18 2626670000000.0 50821500000000.0 13779000000000.0 11372700000000.0 581275000000.0 1709470000.0 59053800000000.0 454019000000.0 31973500000.0 151203000000.0 2909420000000.0 1721130000000.0 3309760000000.0 -3.18 4.297 [-3.18]
2570400000000000.0 2.58447e+18 2635080000000.0 48976500000000.0 12698800000000.0 11039200000000.0 510015000000.0 1903910000.0 58145200000000.0 384724000000.0 25976300000.0 154250000000.0 2915270000000.0 1674900000000.0 3019280000000.0 -3.16 4.294 [-3.16]
2570400000000000.0 2.45544e+18 2641870000000.0 47161300000000.0 11690200000000.0 10705400000000.0 446980000000.0 2118590000.0 57182300000000.0 325518000000.0 21070100000.0 157034000000.0 2913260000000.0 1625650000000.0 2746620000000.0 -3.14 4.291 [-3.14]
2570400000000000.0 2.33284e+18 2647200000000.0 45377100000000.0 10748600000000.0 10371600000000.0 391229000000.0 2355580000.0 56166000000000.0 274948000000.0 17058700000.0 159567000000.0 2903620000000.0 1573700000000.0 2491550000000.0 -3.12 4.287 [-3.12]
2570400000000000.0 2.21637e+18 2651150000000.0 43626700000000.0 9870700000000.0 10038600000000.0 341994000000.0 2616920000.0 55098700000000.0 231828000000.0 13785100000.0 161853000000.0 2886680000000.0 1519500000000.0 2254020000000.0 -3.1 4.284 [-3.1]
2570400000000000.0 2.10573e+18 2653770000000.0 41912600000000.0 9053560000000.0 9707000000000.0 298579000000.0 2904750000.0 53983100000000.0 195124000000.0 11118500000.0 163901000000.0 2862790000000.0 1463490000000.0 2033740000000.0 -3.08 4.281 [-3.08]
2570390000000000.0 2.00062e+18 2655120000000.0 40236800000000.0 8294010000000.0 9377480000000.0 260352000000.0 3221380000.0 52822000000000.0 163935000000.0 8950380000.0 165718000000.0 2832370000000.0 1406130000000.0 1830300000000.0 -3.06 4.277 [-3.06]
2570390000000000.0 1.90076e+18 2655280000000.0 38601200000000.0 7589010000000.0 9050690000000.0 226740000000.0 3569290000.0 51618400000000.0 137479000000.0 7191060000.0 167319000000.0 2795890000000.0 1347840000000.0 1643150000000.0 -3.04 4.274 [-3.04]
2570390000000000.0 1.8059e+18 2654330000000.0 37007200000000.0 6935460000000.0 8727190000000.0 197227000000.0 3951140000.0 50375700000000.0 115078000000.0 5766190000.0 168718000000.0 2753870000000.0 1289010000000.0 1471650000000.0 -3.02 4.271 [-3.02]
2570390000000000.0 1.71573e+18 2652100000000.0 35454300000000.0 6330540000000.0 8407190000000.0 171347000000.0 4369720000.0 49095800000000.0 96140400000.0 4614020000.0 169921000000.0 2706610000000.0 1230090000000.0 1314990000000.0 -3.0 4.268 [-3.0]
2570390000000000.0 1.63014e+18 2649000000000.0 33946500000000.0 5771510000000.0 8091770000000.0 148697000000.0 4827800000.0 47785200000000.0 80172500000.0 3685170000.0 170958000000.0 2655030000000.0 1171310000000.0 1172520000000.0 -2.98 4.264 [-2.98]
2570390000000000.0 1.54883e+18 2644900000000.0 32482700000000.0 5255490000000.0 7781060000000.0 128893000000.0 5328600000.0 46445800000000.0 66727900000.0 2937400000.0 171838000000.0 2599470000000.0 1113050000000.0 1043310000000.0 -2.96 4.261 [-2.96]
2570390000000000.0 1.47176e+18 2639820000000.0 31066500000000.0 4780840000000.0 7476160000000.0 111635000000.0 5874390000.0 45085100000000.0 55449900000.0 2337660000.0 172570000000.0 2540600000000.0 1055770000000.0 926696000000.0 -2.94 4.258 [-2.94]
2570390000000000.0 1.39839e+18 2633850000000.0 29691700000000.0 4342940000000.0 7176060000000.0 96553800000.0 6470320000.0 43700100000000.0 45971900000.0 1855880000.0 173189000000.0 2478650000000.0 999358000000.0 821399000000.0 -2.92 4.254 [-2.92]
2570390000000000.0 1.32856e+18 2627060000000.0 28358800000000.0 3939520000000.0 6881120000000.0 83395900000.0 7120180000.0 42294600000000.0 38025000000.0 1469820000.0 173710000000.0 2414130000000.0 944042000000.0 726612000000.0 -2.9 4.251 [-2.9]
2570390000000000.0 1.2625e+18 2619270000000.0 27075700000000.0 3570740000000.0 6593480000000.0 71997200000.0 7824480000.0 40882100000000.0 31410700000.0 1162660000.0 174122000000.0 2347860000000.0 890526000000.0 641925000000.0 -2.88 4.248 [-2.88]
2570390000000000.0 1.19962e+18 2610720000000.0 25833900000000.0 3231830000000.0 6311530000000.0 62074100000.0 8590230000.0 39456900000000.0 25885500000.0 917473000.0 174467000000.0 2279940000000.0 838440000000.0 566074000000.0 -2.86 4.244 [-2.86]
2570390000000000.0 1.13989e+18 2601380000000.0 24635900000000.0 2921500000000.0 6036130000000.0 53464900000.0 9420300000.0 38026200000000.0 21288900000.0 722544000.0 174749000000.0 2210900000000.0 788082000000.0 498421000000.0 -2.84 4.241 [-2.84]
2570390000000000.0 1.08316e+18 2591250000000.0 23481000000000.0 2637720000000.0 5767430000000.0 46004400000.0 10318700000.0 36593600000000.0 17472800000.0 567900000.0 174983000000.0 2141130000000.0 739551000000.0 438218000000.0 -2.82 4.238 [-2.82]
2570390000000000.0 1.02928e+18 2580360000000.0 22368700000000.0 2378550000000.0 5505570000000.0 39546300000.0 11289600000.0 35162700000000.0 14311200000.0 445469000.0 175179000000.0 2070960000000.0 692919000000.0 384754000000.0 -2.8 4.234 [-2.8]
2570390000000000.0 9.78102e+17 2568730000000.0 21298200000000.0 2142180000000.0 5250670000000.0 33962700000.0 12337100000.0 33737300000000.0 11697300000.0 348744000.0 175348000000.0 2000730000000.0 648236000000.0 337373000000.0 -2.78 4.231 [-2.78]
2570390000000000.0 9.29487e+17 2556330000000.0 20268500000000.0 1926900000000.0 5002750000000.0 29140100000.0 13465500000.0 32320400000000.0 9540650000.0 272483000.0 175500000000.0 1930680000000.0 605535000000.0 295458000000.0 -2.76 4.228 [-2.76]
2570390000000000.0 8.83309e+17 2543210000000.0 19278800000000.0 1731090000000.0 4761900000000.0 24979300000.0 14679000000.0 30915500000000.0 7765160000.0 212482000.0 175642000000.0 1861080000000.0 564828000000.0 258445000000.0 -2.74 4.224 [-2.74]
2570390000000000.0 8.3946e+17 2529390000000.0 18328700000000.0 1553260000000.0 4528200000000.0 21393800000.0 15981700000.0 29526100000000.0 6306840000.0 165382000.0 175780000000.0 1792190000000.0 526104000000.0 225822000000.0 -2.72 4.221 [-2.72]
2570390000000000.0 7.978e+17 2514830000000.0 17416500000000.0 1391950000000.0 4301560000000.0 18306300000.0 17377600000.0 28154400000000.0 5111280000.0 128472000.0 175922000000.0 1724140000000.0 489358000000.0 197104000000.0 -2.7 4.218 [-2.7]
2570390000000000.0 7.58233e+17 2499560000000.0 16541700000000.0 1245830000000.0 4082020000000.0 15650800000.0 18870500000.0 26803700000000.0 4133430000.0 99613000.0 176071000000.0 1657130000000.0 454555000000.0 171866000000.0 -2.68 4.214 [-2.68]
2570390000000000.0 7.20644e+17 2483560000000.0 15703100000000.0 1113650000000.0 3869530000000.0 13368600000.0 20464100000.0 25476300000000.0 3335320000.0 77090700.0 176231000000.0 1591270000000.0 421659000000.0 149714000000.0 -2.66 4.211 [-2.66]
2570390000000000.0 6.84861e+17 2466870000000.0 14897900000000.0 994001000000.0 3663620000000.0 11405600000.0 22164500000.0 24171900000000.0 2684310000.0 59522800.0 176406000000.0 1526580000000.0 390532000000.0 130265000000.0 -2.64 4.208 [-2.64]
2570390000000000.0 6.5104e+17 2449520000000.0 14131000000000.0 886560000000.0 3465660000000.0 9728920000.0 23965900000.0 22901900000000.0 2157400000.0 45920900.0 176587000000.0 1463600000000.0 361390000000.0 113302000000.0 -2.62 4.204 [-2.62]
2570390000000000.0 6.18834e+17 2431440000000.0 13395300000000.0 789550000000.0 3274120000000.0 8288800000.0 25879800000.0 21658900000000.0 1729340000.0 35346900.0 176787000000.0 1401940000000.0 333916000000.0 98441100000.0 -2.6 4.201 [-2.6]
2570390000000000.0 5.88271e+17 2412770000000.0 12692500000000.0 702313000000.0 3089610000000.0 7056120000.0 27904500000.0 20449000000000.0 1383260000.0 27164400.0 176991000000.0 1341920000000.0 308125000000.0 85467300000.0 -2.58 4.198 [-2.58]
2570390000000000.0 5.59167e+17 2393220000000.0 12019200000000.0 623834000000.0 2911430000000.0 6000040000.0 30044200000.0 19270100000000.0 1103540000.0 20830900.0 177221000000.0 1283260000000.0 283947000000.0 74129000000.0 -2.56 4.195 [-2.56]
2570390000000000.0 5.3161e+17 2373140000000.0 11378200000000.0 553595000000.0 2740460000000.0 5099230000.0 32293600000.0 18129800000000.0 878789000.0 15956700.0 177446000000.0 1226470000000.0 261371000000.0 64267000000.0 -2.54 4.192 [-2.54]
2570390000000000.0 5.05389e+17 2352290000000.0 10765200000000.0 490599000000.0 2575820000000.0 4328940000.0 34658000000.0 17024300000000.0 698026000.0 12199200.0 177685000000.0 1171210000000.0 240265000000.0 55668000000.0 -2.52 4.188 [-2.52]
2570390000000000.0 4.8049e+17 2330800000000.0 10180600000000.0 434256000000.0 2417750000000.0 3671700000.0 37134300000.0 15956900000000.0 553184000.0 9312130.0 177922000000.0 1117640000000.0 220582000000.0 48187600000.0 -2.5 4.185 [-2.5]
