Cloudy_runs/pg1222/z=0.054479/logZ=-1/component_III_PI_nH/component_III_PI_nH_col_density_param.txt
# %ECSV 1.0
# ---
# datatype:
# - {name: H, datatype: float64}
# - {name: H+, datatype: float64}
# - {name: C+, datatype: float64}
# - {name: C+2, datatype: float64}
# - {name: C+3, datatype: float64}
# - {name: N+, datatype: float64}
# - {name: N+2, datatype: float64}
# - {name: N+4, datatype: float64}
# - {name: O, datatype: float64}
# - {name: O+2, datatype: float64}
# - {name: O+5, datatype: float64}
# - {name: O+6, datatype: float64}
# - {name: P+, datatype: float64}
# - {name: Si+, datatype: float64}
# - {name: Si+2, datatype: float64}
# - {name: Si+3, datatype: float64}
# - {name: Si+4, datatype: float64}
# - {name: Fe+, datatype: float64}
# - {name: Al+, datatype: float64}
# - {name: log_nH, datatype: float64}
# - {name: parameters, datatype: string, subtype: 'float64[1]'}
# schema: astropy-2.0
H H+ C+ C+2 C+3 N+ N+2 N+4 O O+2 O+5 O+6 P+ Si+ Si+2 Si+3 Si+4 Fe+ Al+ log_nH parameters
[from data line 218]
7.94344e+17 4.82588e+17 29424800000000.0 531943000000.0 7296540.0 3818400000000.0 539304000.0 0.0 41965800000000.0 2746410000.0 0.0 0.0 32593800000.0 4090840000000.0 26570200000.0 127036000.0 589668.0 3902210000000.0 352185000000.0 -0.64 [-0.64]
7.94344e+17 4.68148e+17 29001700000000.0 506385000000.0 6733920.0 3701020000000.0 493822000.0 0.0 41907200000000.0 2512800000.0 0.0 0.0 32231500000.0 4045390000000.0 25172300000.0 118712000.0 477642.0 3863360000000.0 348407000000.0 -0.62 [-0.62]
7.94347e+17 4.54152e+17 28588700000000.0 482132000000.0 6218480.0 3586990000000.0 452232000.0 0.0 41849300000000.0 2299630000.0 0.0 0.0 31880100000.0 4001300000000.0 23851400000.0 110983000.0 379498.0 3825550000000.0 344740000000.0 -0.6 [-0.6]
7.94345e+17 4.40627e+17 28186100000000.0 459120000000.0 5746330.0 3476500000000.0 414263000.0 0.0 41792000000000.0 2105480000.0 0.0 0.0 31540400000.0 3958650000000.0 22606300000.0 103810000.0 301611.0 3788860000000.0 341192000000.0 -0.58 [-0.58]
7.94343e+17 4.27554e+17 27793400000000.0 437276000000.0 5313490.0 3369400000000.0 379585000.0 0.0 41735500000000.0 1928550000.0 0.0 0.0 31211800000.0 3917390000000.0 21431600000.0 97149900.0 246086.0 3753270000000.0 337759000000.0 -0.56 [-0.56]
7.94342e+17 4.14914e+17 27410400000000.0 416534000000.0 4916360.0 3265560000000.0 347898000.0 0.0 41679700000000.0 1767250000.0 0.0 0.0 30894100000.0 3877470000000.0 20322600000.0 90961200.0 176312.0 3718750000000.0 334438000000.0 -0.54 [-0.54]
7.9434e+17 4.02696e+17 27036700000000.0 396838000000.0 3795330.0 3164920000000.0 318942000.0 0.0 41624800000000.0 1620140000.0 0.0 0.0 30586800000.0 3838850000000.0 19276100000.0 85208200.0 0.0 3685250000000.0 331224000000.0 -0.52 [-0.52]
7.9434e+17 3.90867e+17 26671400000000.0 378108000000.0 2680340.0 3067230000000.0 292449000.0 0.0 41570600000000.0 1485820000.0 0.0 0.0 30289200000.0 3801430000000.0 18285500000.0 79855000.0 0.0 3652730000000.0 328110000000.0 -0.5 [-0.5]
7.94336e+17 3.79428e+17 26314700000000.0 360312000000.0 1929940.0 2972510000000.0 268221000.0 0.0 41517100000000.0 1363220000.0 0.0 0.0 30001200000.0 3765210000000.0 17349200000.0 74873000.0 0.0 3621170000000.0 325096000000.0 -0.48 [-0.48]
7.94335e+17 3.68365e+17 25966500000000.0 343401000000.0 1161470.0 2880680000000.0 246055000.0 0.0 41464600000000.0 1251250000.0 0.0 0.0 29722700000.0 3730170000000.0 16463800000.0 70234200.0 0.0 3590570000000.0 322179000000.0 -0.46 [-0.46]
7.94334e+17 3.57651e+17 25625700000000.0 327307000000.0 0.0 2791530000000.0 225760000.0 0.0 41412900000000.0 1148890000.0 0.0 0.0 29452800000.0 3696210000000.0 15625200000.0 65910900.0 0.0 3560850000000.0 319353000000.0 -0.44 [-0.44]
7.94333e+17 3.47255e+17 25291700000000.0 311977000000.0 0.0 2704880000000.0 207159000.0 0.0 41361800000000.0 1055200000.0 0.0 0.0 29190900000.0 3663230000000.0 14830500000.0 61877800.0 0.0 3531930000000.0 316608000000.0 -0.42 [-0.42]
7.94333e+17 3.37235e+17 24966200000000.0 297427000000.0 0.0 2621060000000.0 190151000.0 0.0 41311700000000.0 969711000.0 0.0 0.0 28938400000.0 3631430000000.0 14078000000.0 58120700.0 0.0 3503980000000.0 313960000000.0 -0.4 [-0.4]
7.94334e+17 3.27508e+17 24646900000000.0 283559000000.0 0.0 2539580000000.0 174553000.0 0.0 41262400000000.0 891378000.0 0.0 0.0 28693200000.0 3600540000000.0 13364300000.0 54612000.0 0.0 3476790000000.0 311389000000.0 -0.38 [-0.38]
7.94332e+17 3.18085e+17 24334000000000.0 270354000000.0 0.0 2460460000000.0 160256000.0 0.0 41213700000000.0 819663000.0 0.0 0.0 28455600000.0 3570590000000.0 12687200000.0 51335600.0 0.0 3450370000000.0 308895000000.0 -0.36 [-0.36]
7.94331e+17 3.08959e+17 24027700000000.0 257783000000.0 0.0 2383660000000.0 147149000.0 0.0 41165900000000.0 753990000.0 0.0 0.0 28225400000.0 3541560000000.0 12044400000.0 48275100.0 0.0 3424730000000.0 306479000000.0 -0.34 [-0.34]
7.94332e+17 3.00111e+17 23727200000000.0 245804000000.0 0.0 2309040000000.0 135127000.0 0.0 41118900000000.0 693808000.0 0.0 0.0 28002100000.0 3513410000000.0 11433700000.0 45414300.0 0.0 3399820000000.0 304136000000.0 -0.32 [-0.32]
7.94332e+17 2.91529e+17 23432400000000.0 234385000000.0 0.0 2236490000000.0 124093000.0 0.0 41072600000000.0 638637000.0 0.0 0.0 27785500000.0 3486090000000.0 10852300000.0 42738900.0 0.0 3375600000000.0 301861000000.0 -0.3 [-0.3]
7.94331e+17 2.83219e+17 23143400000000.0 223515000000.0 0.0 2166140000000.0 113975000.0 0.0 41027000000000.0 588058000.0 0.0 0.0 27575700000.0 3459610000000.0 10301100000.0 40236300.0 0.0 3352090000000.0 299656000000.0 -0.28 [-0.28]
7.94331e+17 2.75155e+17 22859600000000.0 213147000000.0 0.0 2097700000000.0 104684000.0 0.0 40982300000000.0 541655000.0 0.0 0.0 27372100000.0 3433900000000.0 9775770000.0 37893800.0 0.0 3329240000000.0 297516000000.0 -0.26 [-0.26]
7.94331e+17 2.67334e+17 22581000000000.0 203264000000.0 0.0 2031170000000.0 96152700.0 0.0 40938200000000.0 499071000.0 0.0 0.0 27174500000.0 3408950000000.0 9275230000.0 35700400.0 0.0 3307030000000.0 295440000000.0 -0.24 [-0.24]
7.94331e+17 2.59749e+17 22307400000000.0 193844000000.0 0.0 1966520000000.0 88317800.0 0.0 40895000000000.0 459983000.0 0.0 0.0 26982800000.0 3384740000000.0 8798400000.0 33645800.0 0.0 3285460000000.0 293424000000.0 -0.22 [-0.22]
7.9433e+17 2.52379e+17 22038200000000.0 184852000000.0 0.0 1903570000000.0 81117700.0 0.0 40852400000000.0 424071000.0 0.0 0.0 26796500000.0 3361200000000.0 8343460000.0 31719700.0 0.0 3264450000000.0 291465000000.0 -0.2 [-0.2]
7.9433e+17 2.45231e+17 21773700000000.0 176280000000.0 0.0 1842390000000.0 74504100.0 0.0 40810600000000.0 391087000.0 0.0 0.0 26615800000.0 3338360000000.0 7909950000.0 29914100.0 0.0 3244050000000.0 289565000000.0 -0.18 [-0.18]
7.9433e+17 2.38285e+17 21513300000000.0 168097000000.0 0.0 1782780000000.0 68422100.0 0.0 40769400000000.0 360766000.0 0.0 0.0 26440100000.0 3316150000000.0 7495300000.0 28220300.0 0.0 3224190000000.0 287716000000.0 -0.16 [-0.16]
7.9433e+17 2.31541e+17 21257200000000.0 160293000000.0 0.0 1724780000000.0 62831500.0 0.0 40729000000000.0 332893000.0 0.0 0.0 26269500000.0 3294570000000.0 7099440000.0 26631000.0 0.0 3204880000000.0 285921000000.0 -0.14 [-0.14]
7.9433e+17 2.25031e+17 21006200000000.0 152868000000.0 0.0 1668660000000.0 57712700.0 0.0 40689400000000.0 307328000.0 0.0 0.0 26104800000.0 3273730000000.0 6725280000.0 25140800.0 0.0 3186200000000.0 284187000000.0 -0.12 [-0.12]
7.9433e+17 2.18663e+17 20757900000000.0 145759000000.0 0.0 1613570000000.0 52980800.0 0.0 40650400000000.0 283744000.0 0.0 0.0 25943600000.0 3253330000000.0 6362260000.0 23739700.0 0.0 3167910000000.0 282490000000.0 -0.1 [-0.1]
7.94329e+17 2.12464e+17 20513100000000.0 138969000000.0 0.0 1559740000000.0 48621200.0 0.0 40611900000000.0 262037000.0 0.0 0.0 25786600000.0 3233450000000.0 6012760000.0 22423500.0 0.0 3150090000000.0 280837000000.0 -0.08 [-0.08]
7.9433e+17 2.06442e+17 20272000000000.0 132491000000.0 0.0 1507300000000.0 44612700.0 0.0 40574200000000.0 242058000.0 0.0 0.0 25634100000.0 3214140000000.0 5678850000.0 21186700.0 0.0 3132760000000.0 279231000000.0 -0.06 [-0.06]
7.9433e+17 2.0061e+17 20035200000000.0 126325000000.0 0.0 1456350000000.0 40934000.0 0.0 40537300000000.0 223695000.0 0.0 0.0 25486300000.0 3195420000000.0 5361050000.0 20025000.0 0.0 3115950000000.0 277676000000.0 -0.04 [-0.04]
7.9433e+17 1.94901e+17 19800600000000.0 120418000000.0 0.0 1406230000000.0 37531300.0 0.0 40500800000000.0 206742000.0 0.0 0.0 25341600000.0 3177080000000.0 5051930000.0 18931500.0 0.0 3099480000000.0 276152000000.0 -0.02 [-0.02]
7.9433e+17 1.89331e+17 19568500000000.0 114771000000.0 0.0 1357160000000.0 34396300.0 0.0 40464900000000.0 191107000.0 0.0 0.0 25200400000.0 3159170000000.0 4754980000.0 17902600.0 0.0 3083390000000.0 274665000000.0 -0.0 [-0.0]
7.94329e+17 1.83951e+17 19339900000000.0 109397000000.0 0.0 1309810000000.0 31528800.0 0.0 40429700000000.0 176726000.0 0.0 0.0 25063900000.0 3141850000000.0 4475870000.0 16934700.0 0.0 3067810000000.0 273228000000.0 0.02 [0.02]
7.94331e+17 1.78689e+17 19115100000000.0 104268000000.0 0.0 1262690000000.0 28865500.0 0.0 40395300000000.0 163498000.0 0.0 0.0 24930400000.0 3124910000000.0 4197560000.0 16025200.0 0.0 3052610000000.0 271822000000.0 0.04 [0.04]
7.94331e+17 1.73515e+17 18891000000000.0 99346800000.0 0.0 1215960000000.0 26398400.0 0.0 40361000000000.0 151271000.0 0.0 0.0 24799000000.0 3108220000000.0 3925460000.0 15168200.0 0.0 3037660000000.0 270440000000.0 0.06 [0.06]
7.94332e+17 1.68479e+17 18670600000000.0 94662900000.0 0.0 1169980000000.0 24124400.0 0.0 40327500000000.0 140023000.0 0.0 0.0 24671100000.0 3091970000000.0 3662030000.0 14362200.0 0.0 3023100000000.0 269094000000.0 0.08 [0.08]
7.94331e+17 1.63506e+17 18452100000000.0 90179700000.0 0.0 1123540000000.0 22002000.0 0.0 40294100000000.0 129645000.0 0.0 0.0 24544600000.0 3075880000000.0 3397640000.0 13603800.0 0.0 3008740000000.0 267764000000.0 0.1 [0.1]
7.94329e+17 1.58296e+17 18231500000000.0 85848500000.0 0.0 1070830000000.0 19955200.0 0.0 40259700000000.0 120100000.0 0.0 0.0 24411600000.0 3058900000000.0 3115130000.0 12897400.0 0.0 2993750000000.0 266374000000.0 0.12 [0.12]
7.9433e+17 1.52507e+17 18000700000000.0 81479900000.0 0.0 1005430000000.0 17932200.0 0.0 40223500000000.0 111432000.0 0.0 0.0 24263300000.0 3039650000000.0 2816050000.0 12250200.0 0.0 2977090000000.0 264844000000.0 0.14 [0.14]
7.9433e+17 1.46792e+17 17768700000000.0 77227600000.0 0.0 940959000000.0 16066000.0 0.0 40188100000000.0 103428000.0 0.0 0.0 24117100000.0 3020500000000.0 2532650000.0 11638700.0 0.0 2960590000000.0 263332000000.0 0.16 [0.16]
7.9433e+17 1.40978e+17 17532500000000.0 73076500000.0 0.0 875773000000.0 14319900.0 0.0 40152400000000.0 95930200.0 0.0 0.0 23968300000.0 3000860000000.0 2258700000.0 11059300.0 0.0 2943760000000.0 261791000000.0 0.18 [0.18]
7.94331e+17 1.35069e+17 17292600000000.0 69049700000.0 0.0 810196000000.0 12695100.0 0.0 40116700000000.0 88884800.0 0.0 0.0 23817100000.0 2980750000000.0 2000080000.0 10509700.0 0.0 2926560000000.0 260221000000.0 0.2 [0.2]
7.9433e+17 1.29302e+17 17053400000000.0 65240400000.0 0.0 747909000000.0 11218400.0 0.0 40081600000000.0 82285200.0 0.0 0.0 23669600000.0 2961030000000.0 1758200000.0 9985670.0 0.0 2909730000000.0 258685000000.0 0.22 [0.22]
7.9433e+17 1.23609e+17 16812700000000.0 61593000000.0 0.0 687064000000.0 9866360.0 0.0 40047300000000.0 76157000.0 0.0 0.0 23524000000.0 2941400000000.0 1531650000.0 9488940.0 0.0 2893060000000.0 257165000000.0 0.24 [0.24]
7.94331e+17 1.17938e+17 16568500000000.0 58073900000.0 0.0 627009000000.0 8626710.0 0.0 40013700000000.0 70458700.0 0.0 0.0 23379000000.0 2921640000000.0 1322890000.0 9018110.0 0.0 2876390000000.0 255651000000.0 0.26 [0.26]
7.94329e+17 1.12333e+17 16321800000000.0 54712300000.0 0.0 568656000000.0 7494590.0 0.0 39980500000000.0 65138800.0 0.0 0.0 23235600000.0 2901910000000.0 1129090000.0 8570410.0 0.0 2859840000000.0 254150000000.0 0.28 [0.28]
7.94328e+17 1.06956e+17 16075800000000.0 51542800000.0 0.0 514024000000.0 6485720.0 0.0 39948800000000.0 60211100.0 0.0 0.0 23098000000.0 2882810000000.0 955085000.0 8145020.0 0.0 2843930000000.0 252708000000.0 0.3 [0.3]
7.94328e+17 1.0161e+17 15825200000000.0 48503400000.0 0.0 460737000000.0 5566900.0 0.0 39917800000000.0 55601100.0 0.0 0.0 22961300000.0 2863590000000.0 797207000.0 7740590.0 0.0 2828040000000.0 251273000000.0 0.32 [0.32]
7.9433e+17 9.63592e+16 15571500000000.0 45616300000.0 0.0 409434000000.0 4735250.0 0.0 39887500000000.0 51295600.0 0.0 0.0 22826900000.0 2844500000000.0 653066000.0 7355820.0 0.0 2812390000000.0 249863000000.0 0.34 [0.34]
7.94329e+17 9.13015e+16 15317600000000.0 42891100000.0 0.0 361475000000.0 3999800.0 0.0 39858400000000.0 47296300.0 0.0 0.0 22697400000.0 2825870000000.0 527636000.0 6990240.0 0.0 2797250000000.0 248501000000.0 0.36 [0.36]
7.9433e+17 8.64192e+16 15062200000000.0 40326300000.0 0.0 316661000000.0 3349470.0 0.0 39830500000000.0 43565200.0 0.0 0.0 22572300000.0 2807680000000.0 417306000.0 6642410.0 0.0 2782600000000.0 247187000000.0 0.38 [0.38]
7.9433e+17 8.17168e+16 14806100000000.0 37909700000.0 0.0 274879000000.0 2776810.0 0.0 39803600000000.0 40092100.0 0.0 0.0 22451800000.0 2789930000000.0 321478000.0 6311770.0 0.0 2768430000000.0 245919000000.0 0.4 [0.4]
7.94328e+17 7.73857e+16 14552500000000.0 35661300000.0 0.0 238259000000.0 2296630.0 0.0 39778500000000.0 36902300.0 0.0 0.0 22340700000.0 2773360000000.0 243255000.0 5998280.0 0.0 2755340000000.0 244752000000.0 0.42 [0.42]
7.94329e+17 7.31272e+16 14296200000000.0 33533800000.0 0.0 203526000000.0 1869550.0 0.0 39754000000000.0 33901800.0 0.0 0.0 22231400000.0 2756860000000.0 174713000.0 5699740.0 0.0 2742440000000.0 243603000000.0 0.44 [0.44]
7.9433e+17 6.92863e+16 14045400000000.0 31577700000.0 0.0 173870000000.0 1520360.0 0.0 39731500000000.0 31172600.0 0.0 0.0 22132800000.0 2741780000000.0 119292000.0 5417340.0 0.0 2730780000000.0 242569000000.0 0.46 [0.46]
7.94329e+17 6.56156e+16 13794600000000.0 29734000000.0 0.0 146969000000.0 1223000.0 0.0 39709800000000.0 28631000.0 0.0 0.0 22038400000.0 2727170000000.0 75551500.0 5148980.0 0.0 2719590000000.0 241580000000.0 0.48 [0.48]
7.94331e+17 6.05881e+16 13509800000000.0 27723200000.0 0.0 102413000000.0 795372.0 0.0 39683800000000.0 26072000.0 0.0 0.0 21909200000.0 2706900000000.0 2213670.0 4892450.0 0.0 2704400000000.0 240221000000.0 0.5 [0.5]
7.94331e+17 5.84069e+16 13286800000000.0 26311500000.0 0.0 95653000000.0 715263.0 0.0 39667800000000.0 24023100.0 0.0 0.0 21852900000.0 2698030000000.0 2043230.0 4652070.0 0.0 2697620000000.0 239638000000.0 0.52 [0.52]
7.94329e+17 5.62942e+16 13065800000000.0 24980200000.0 0.0 89535100000.0 644822.0 0.0 39651600000000.0 22111700.0 0.0 0.0 21798200000.0 2689420000000.0 1910050.0 4423500.0 0.0 2691040000000.0 239072000000.0 0.54 [0.54]
7.94328e+17 5.43093e+16 12846000000000.0 23717100000.0 0.0 84009600000.0 583170.0 0.0 39636500000000.0 20365700.0 0.0 0.0 21746800000.0 2681160000000.0 1798040.0 4206800.0 0.0 2684870000000.0 238542000000.0 0.56 [0.56]
7.94328e+17 5.24218e+16 12627500000000.0 22519400000.0 0.0 78968300000.0 528730.0 0.0 39622100000000.0 18759500.0 0.0 0.0 21697800000.0 2673180000000.0 1700170.0 4001090.0 0.0 2679010000000.0 238038000000.0 0.58 [0.58]
7.94329e+17 5.06092e+16 12409500000000.0 21381400000.0 0.0 74320200000.0 480260.0 0.0 39608100000000.0 17275700.0 0.0 0.0 21650700000.0 2665390000000.0 1611850.0 3805650.0 0.0 2673390000000.0 237555000000.0 0.6 [0.6]
7.94328e+17 4.88675e+16 12192500000000.0 20299800000.0 0.0 70017700000.0 436970.0 0.0 39594600000000.0 15905300.0 0.0 0.0 21605300000.0 2657790000000.0 1530840.0 3619940.0 0.0 2667990000000.0 237091000000.0 0.62 [0.62]
7.94329e+17 4.71938e+16 11976200000000.0 19270500000.0 0.0 66021900000.0 398201.0 0.0 39581600000000.0 14640700.0 0.0 0.0 21561600000.0 2650360000000.0 1455650.0 3443450.0 0.0 2662810000000.0 236646000000.0 0.64 [0.64]
7.94329e+17 4.5585e+16 11760800000000.0 18291200000.0 0.0 62303000000.0 363410.0 0.0 39569000000000.0 13474100.0 0.0 0.0 21519500000.0 2643080000000.0 1385290.0 3275730.0 0.0 2657840000000.0 236219000000.0 0.66 [0.66]
7.94329e+17 4.40395e+16 11546400000000.0 17359900000.0 0.0 58837100000.0 332142.0 0.0 39556900000000.0 12399000.0 0.0 0.0 21478900000.0 2635960000000.0 1319110.0 3116320.0 0.0 2653060000000.0 235809000000.0 0.68 [0.68]
7.94329e+17 4.255e+16 11333300000000.0 16473200000.0 0.0 55592400000.0 303932.0 0.0 39545100000000.0 11406800.0 0.0 0.0 21439600000.0 2628960000000.0 1256530.0 2964760.0 0.0 2648460000000.0 235415000000.0 0.7 [0.7]
7.94329e+17 4.1116e+16 11121100000000.0 15627800000.0 0.0 52555400000.0 278477.0 0.0 39533800000000.0 10492500.0 0.0 0.0 21401800000.0 2622080000000.0 1197290.0 2820670.0 0.0 2644040000000.0 235036000000.0 0.72 [0.72]
