Cloudy_runs/pg1222/z=0.054479/logZ=-1/component_III_PI_nH/component_III_PI_nH_col_density_param.txt
# %ECSV 1.0
# ---
# datatype:
# - {name: H, datatype: float64}
# - {name: H+, datatype: float64}
# - {name: C+, datatype: float64}
# - {name: C+2, datatype: float64}
# - {name: C+3, datatype: float64}
# - {name: N+, datatype: float64}
# - {name: N+2, datatype: float64}
# - {name: N+4, datatype: float64}
# - {name: O, datatype: float64}
# - {name: O+2, datatype: float64}
# - {name: O+5, datatype: float64}
# - {name: O+6, datatype: float64}
# - {name: P+, datatype: float64}
# - {name: Si+, datatype: float64}
# - {name: Si+2, datatype: float64}
# - {name: Si+3, datatype: float64}
# - {name: Si+4, datatype: float64}
# - {name: Fe+, datatype: float64}
# - {name: Al+, datatype: float64}
# - {name: log_nH, datatype: float64}
# - {name: parameters, datatype: string, subtype: 'float64[1]'}
# schema: astropy-2.0
H H+ C+ C+2 C+3 N+ N+2 N+4 O O+2 O+5 O+6 P+ Si+ Si+2 Si+3 Si+4 Fe+ Al+ log_nH parameters
[from data line 52]
7.94427e+17 8.1291e+20 672321000000000.0 1.63638e+16 3065070000000000.0 98005400000000.0 3969750000000000.0 117811000000000.0 1154990000000.0 3.22283e+16 89018400000000.0 11418400000000.0 1577170000000.0 58325500000000.0 982922000000000.0 492153000000000.0 787099000000000.0 689623000000.0 19010600000000.0 -3.96 [-3.96]
7.94424e+17 7.72152e+20 672529000000000.0 1.56869e+16 2827500000000000.0 99890100000000.0 3816930000000000.0 105995000000000.0 1247050000000.0 3.07192e+16 77336100000000.0 9502080000000.0 1590530000000.0 58071700000000.0 958422000000000.0 472020000000000.0 737002000000000.0 735294000000.0 18786200000000.0 -3.94 [-3.94]
7.94344e+17 7.33303e+20 672572000000000.0 1.50289e+16 2605550000000000.0 101817000000000.0 3667230000000000.0 95252400000000.0 1346470000000.0 2.92711e+16 67097300000000.0 7896260000000.0 1602770000000.0 57822800000000.0 934243000000000.0 452598000000000.0 688532000000000.0 784183000000.0 18545800000000.0 -3.92 [-3.92]
7.94473e+17 6.96447e+20 672365000000000.0 1.43924e+16 2400050000000000.0 103793000000000.0 3521520000000000.0 85537700000000.0 1454540000000.0 2.78873e+16 58160000000000.0 6554710000000.0 1613610000000.0 57585800000000.0 910276000000000.0 434049000000000.0 641995000000000.0 836841000000.0 18287600000000.0 -3.9 [-3.9]
7.9439e+17 6.61425e+20 672046000000000.0 1.37767e+16 2208750000000000.0 105815000000000.0 3379500000000000.0 76739500000000.0 1570480000000.0 2.65635e+16 50355600000000.0 5434970000000.0 1623520000000.0 57350900000000.0 886764000000000.0 416032000000000.0 597309000000000.0 892819000000.0 18019500000000.0 -3.88 [-3.88]
7.94341e+17 6.28107e+20 671382000000000.0 1.31801e+16 2031440000000000.0 107865000000000.0 3240990000000000.0 68793100000000.0 1695690000000.0 2.52946e+16 43558000000000.0 4501870000000.0 1631620000000.0 57115800000000.0 863286000000000.0 398717000000000.0 554506000000000.0 952736000000.0 17733300000000.0 -3.86 [-3.86]
7.94411e+17 5.96518e+20 670773000000000.0 1.26052e+16 1866770000000000.0 110003000000000.0 3106670000000000.0 61605100000000.0 1831540000000.0 2.40841e+16 37621100000000.0 3723030000000.0 1639080000000.0 56901100000000.0 840349000000000.0 381894000000000.0 513629000000000.0 1017100000000.0 17444200000000.0 -3.84 [-3.84]
7.94362e+17 5.66499e+20 669861000000000.0 1.20497e+16 1714440000000000.0 112173000000000.0 2976080000000000.0 55126600000000.0 1977330000000.0 2.29252e+16 32461400000000.0 3075630000000.0 1644910000000.0 56680500000000.0 817539000000000.0 365629000000000.0 474717000000000.0 1085530000000.0 17144200000000.0 -3.82 [-3.82]
7.9447e+17 5.37953e+20 668802000000000.0 1.15131e+16 1573210000000000.0 114405000000000.0 2849130000000000.0 49282600000000.0 2135520000000.0 2.18151e+16 27975000000000.0 2537670000000.0 1649300000000.0 56473600000000.0 794882000000000.0 349866000000000.0 437702000000000.0 1159100000000.0 16835100000000.0 -3.8 [-3.8]
7.94366e+17 5.10768e+20 667494000000000.0 1.09941e+16 1442290000000000.0 116670000000000.0 2725590000000000.0 44014300000000.0 2304790000000.0 2.07504e+16 24075900000000.0 2090810000000.0 1652090000000.0 56256800000000.0 772396000000000.0 334495000000000.0 402570000000000.0 1237030000000.0 16517800000000.0 -3.78 [-3.78]
7.94466e+17 4.85041e+20 666124000000000.0 1.0496e+16 1321450000000000.0 119011000000000.0 2606310000000000.0 39284300000000.0 2488240000000.0 1.97352e+16 20704200000000.0 1721700000000.0 1653790000000.0 56060200000000.0 750214000000000.0 319599000000000.0 369485000000000.0 1320650000000.0 16200600000000.0 -3.76 [-3.76]
7.94399e+17 4.60582e+20 664538000000000.0 1.00155e+16 1209950000000000.0 121391000000000.0 2490660000000000.0 35029800000000.0 2684640000000.0 1.87636e+16 17776400000000.0 1415010000000.0 1653900000000.0 55856600000000.0 728192000000000.0 305109000000000.0 338333000000000.0 1409280000000.0 15879300000000.0 -3.74 [-3.74]
7.94337e+17 4.37373e+20 662864000000000.0 9553700000000000.0 1106810000000000.0 123829000000000.0 2378810000000000.0 31209500000000.0 2895940000000.0 1.78348e+16 15245600000000.0 1161960000000.0 1652840000000.0 55661500000000.0 706463000000000.0 290971000000000.0 309096000000000.0 1503590000000.0 15559500000000.0 -3.72 [-3.72]
7.94425e+17 4.153e+20 660940000000000.0 9108610000000000.0 1011840000000000.0 126323000000000.0 2270460000000000.0 27782000000000.0 3124100000000.0 1.6945e+16 13057000000000.0 952625000000.0 1649970000000.0 55471800000000.0 684794000000000.0 277302000000000.0 281713000000000.0 1604340000000.0 15236300000000.0 -3.7 [-3.7]
7.94336e+17 3.94296e+20 658890000000000.0 8679960000000000.0 923898000000000.0 128859000000000.0 2165490000000000.0 24704400000000.0 3367990000000.0 1.60921e+16 11165800000000.0 779951000000.0 1645790000000.0 55279800000000.0 663364000000000.0 263911000000000.0 256119000000000.0 1710800000000.0 14915600000000.0 -3.68 [-3.68]
7.94381e+17 3.74215e+20 656510000000000.0 8265050000000000.0 842739000000000.0 131425000000000.0 2063370000000000.0 21934700000000.0 3629210000000.0 1.52703e+16 9526350000000.0 636771000000.0 1639700000000.0 55081300000000.0 641904000000000.0 250913000000000.0 232184000000000.0 1823260000000.0 14579900000000.0 -3.66 [-3.66]
7.94334e+17 3.55317e+20 654085000000000.0 7870300000000000.0 768497000000000.0 134050000000000.0 1965710000000000.0 19474300000000.0 3909210000000.0 1.44917e+16 8125840000000.0 520078000000.0 1632610000000.0 54898400000000.0 620914000000000.0 238344000000000.0 210185000000000.0 1942620000000.0 14263300000000.0 -3.64 [-3.64]
7.94456e+17 3.37465e+20 651681000000000.0 7493370000000000.0 700492000000000.0 136758000000000.0 1871990000000000.0 17279200000000.0 4210990000000.0 1.37507e+16 6923280000000.0 424331000000.0 1624650000000.0 54735100000000.0 600321000000000.0 226189000000000.0 189937000000000.0 2069760000000.0 13955700000000.0 -3.62 [-3.62]
7.94432e+17 3.20526e+20 649029000000000.0 7131980000000000.0 638164000000000.0 139478000000000.0 1781700000000000.0 15320400000000.0 4531370000000.0 1.30426e+16 5891030000000.0 345773000000.0 1615150000000.0 54566900000000.0 579959000000000.0 214447000000000.0 171317000000000.0 2203100000000.0 13649500000000.0 -3.6 [-3.6]
7.94375e+17 3.04304e+20 646168000000000.0 6782490000000000.0 580404000000000.0 142229000000000.0 1693940000000000.0 13560400000000.0 4873640000000.0 1.23596e+16 4999870000000.0 281035000000.0 1604030000000.0 54398200000000.0 559705000000000.0 202985000000000.0 154060000000000.0 2343640000000.0 13344300000000.0 -3.58 [-3.58]
7.94335e+17 2.88954e+20 643205000000000.0 6448660000000000.0 527549000000000.0 145013000000000.0 1609670000000000.0 11996500000000.0 5238360000000.0 1.17083e+16 4240390000000.0 228347000000.0 1591820000000.0 54234300000000.0 539847000000000.0 191909000000000.0 138305000000000.0 2491220000000.0 13046700000000.0 -3.56 [-3.56]
7.94429e+17 2.74394e+20 640192000000000.0 6129200000000000.0 479061000000000.0 147847000000000.0 1528620000000000.0 10602100000000.0 5628790000000.0 1.1086e+16 3590370000000.0 185282000000.0 1578690000000.0 54088600000000.0 520367000000000.0 181184000000000.0 123916000000000.0 2647190000000.0 12756700000000.0 -3.54 [-3.54]
7.94372e+17 2.60554e+20 636891000000000.0 5822850000000000.0 434758000000000.0 150667000000000.0 1450560000000000.0 9362130000000.0 6040930000000.0 1.04902e+16 3035650000000.0 150140000000.0 1564020000000.0 53934000000000.0 501141000000000.0 170875000000000.0 110812000000000.0 2809460000000.0 12470400000000.0 -3.52 [-3.52]
7.94359e+17 2.47539e+20 633547000000000.0 5532420000000000.0 394606000000000.0 153507000000000.0 1376210000000000.0 8266410000000.0 6477910000000.0 9925950000000000.0 2565500000000.0 121658000000.0 1548720000000.0 53789500000000.0 482460000000000.0 161037000000000.0 99012900000000.0 2978960000000.0 12195500000000.0 -3.5 [-3.5]
7.94331e+17 2.35067e+20 629958000000000.0 5252000000000000.0 357539000000000.0 156340000000000.0 1304090000000000.0 7285750000000.0 6940890000000.0 9381540000000000.0 2162270000000.0 98323300000.0 1531930000000.0 53644900000000.0 463976000000000.0 151488000000000.0 88220300000000.0 3155850000000.0 11922100000000.0 -3.48 [-3.48]
7.94418e+17 2.23205e+20 626254000000000.0 4983370000000000.0 323598000000000.0 159181000000000.0 1234700000000000.0 6412740000000.0 7433040000000.0 8860360000000000.0 1818240000000.0 79296300000.0 1514100000000.0 53514200000000.0 445841000000000.0 142305000000000.0 78442700000000.0 3341470000000.0 11654800000000.0 -3.46 [-3.46]
7.94397e+17 2.12053e+20 622469000000000.0 4729050000000000.0 292944000000000.0 161996000000000.0 1168710000000000.0 5644620000000.0 7948930000000.0 8366970000000000.0 1528720000000.0 63976200000.0 1495740000000.0 53385100000000.0 428281000000000.0 133582000000000.0 69717600000000.0 3533030000000.0 11399000000000.0 -3.44 [-3.44]
7.94351e+17 2.01367e+20 618365000000000.0 4483820000000000.0 264780000000000.0 164760000000000.0 1104820000000000.0 4960020000000.0 8491540000000.0 7891260000000000.0 1281950000000.0 51492800000.0 1475830000000.0 53249800000000.0 410933000000000.0 125193000000000.0 61797900000000.0 3731200000000.0 11143200000000.0 -3.42 [-3.42]
7.94472e+17 1.91228e+20 614206000000000.0 4249740000000000.0 239092000000000.0 167516000000000.0 1043560000000000.0 4353450000000.0 9065950000000.0 7437030000000000.0 1072990000000.0 41383800000.0 1455200000000.0 53131300000000.0 394029000000000.0 117166000000000.0 54687900000000.0 3938200000000.0 10894500000000.0 -3.4 [-3.4]
7.94396e+17 1.8159e+20 609813000000000.0 4026000000000000.0 215693000000000.0 170184000000000.0 984784000000000.0 3816680000000.0 9662810000000.0 7002870000000000.0 896393000000.0 33210600000.0 1433650000000.0 53001500000000.0 377537000000000.0 109500000000000.0 48317800000000.0 4149780000000.0 10651100000000.0 -3.38 [-3.38]
7.9435e+17 1.72464e+20 605313000000000.0 3813050000000000.0 194466000000000.0 172797000000000.0 928617000000000.0 3343650000000.0 10287300000000.0 6589330000000000.0 748048000000.0 26640300000.0 1411450000000.0 52875000000000.0 361530000000000.0 102211000000000.0 42640300000000.0 4367740000000.0 10414600000000.0 -3.36 [-3.36]
7.94451e+17 1.6378e+20 600652000000000.0 3609460000000000.0 175115000000000.0 175341000000000.0 874726000000000.0 2924590000000.0 10942500000000.0 6193970000000000.0 622554000000.0 21317100000.0 1388480000000.0 52758900000000.0 345911000000000.0 95277500000000.0 37560000000000.0 4593210000000.0 10183400000000.0 -3.34 [-3.34]
7.94358e+17 1.55424e+20 595586000000000.0 3412830000000000.0 157345000000000.0 177736000000000.0 822530000000000.0 2551330000000.0 11618200000000.0 5812220000000000.0 515940000000.0 16971800000.0 1364220000000.0 52618700000000.0 330539000000000.0 88617500000000.0 32979300000000.0 4821570000000.0 9948680000000.0 -3.32 [-3.32]
7.94341e+17 1.47607e+20 590608000000000.0 3228050000000000.0 141442000000000.0 180064000000000.0 773299000000000.0 2226420000000.0 12322600000000.0 5453240000000000.0 427787000000.0 13527800000.0 1340040000000.0 52497000000000.0 315829000000000.0 82388200000000.0 28973500000000.0 5056980000000.0 9728780000000.0 -3.3 [-3.3]
7.94413e+17 1.40194e+20 585507000000000.0 3052190000000000.0 127033000000000.0 182290000000000.0 726299000000000.0 1940460000000.0 13054600000000.0 5111450000000000.0 353977000000.0 10761700000.0 1315420000000.0 52377200000000.0 301584000000000.0 76499300000000.0 25421600000000.0 5297950000000.0 9514940000000.0 -3.28 [-3.28]
7.94362e+17 1.33154e+20 580252000000000.0 2884640000000000.0 113969000000000.0 184362000000000.0 681423000000000.0 1688790000000.0 13806700000000.0 4786040000000000.0 292211000000.0 8549160000.0 1290360000000.0 52245200000000.0 287795000000000.0 70927300000000.0 22275700000000.0 5541690000000.0 9306220000000.0 -3.26 [-3.26]
7.94333e+17 1.26475e+20 574814000000000.0 2725310000000000.0 102179000000000.0 186287000000000.0 638641000000000.0 1468210000000.0 14581900000000.0 4476570000000000.0 240843000000.0 6766440000.0 1264830000000.0 52113700000000.0 274443000000000.0 65689900000000.0 19499400000000.0 5789870000000.0 9101680000000.0 -3.24 [-3.24]
7.94434e+17 1.20132e+20 569270000000000.0 2573580000000000.0 91507500000000.0 188064000000000.0 597829000000000.0 1274450000000.0 15382700000000.0 4182230000000000.0 198002000000.0 5357790000.0 1238950000000.0 51988000000000.0 261514000000000.0 60759500000000.0 17046000000000.0 6043370000000.0 8901270000000.0 -3.22 [-3.22]
7.94382e+17 1.14123e+20 563547000000000.0 2429640000000000.0 81883000000000.0 189652000000000.0 559057000000000.0 1104890000000.0 16197700000000.0 3903150000000000.0 162469000000.0 4214960000.0 1212930000000.0 51839200000000.0 249084000000000.0 56120700000000.0 14888100000000.0 6296810000000.0 8707080000000.0 -3.2 [-3.2]
7.94343e+17 1.08402e+20 557673000000000.0 2292370000000000.0 73184200000000.0 191047000000000.0 522069000000000.0 956238000000.0 17031600000000.0 3637650000000000.0 132950000000.0 3317260000.0 1186490000000.0 51687900000000.0 237032000000000.0 51767800000000.0 12984800000000.0 6553470000000.0 8514940000000.0 -3.18 [-3.18]
7.94461e+17 1.02973e+20 551686000000000.0 2161940000000000.0 65341900000000.0 192262000000000.0 486898000000000.0 826301000000.0 17887300000000.0 3385870000000000.0 108537000000.0 2603560000.0 1159880000000.0 51540000000000.0 225398000000000.0 47691600000000.0 11311900000000.0 6814340000000.0 8326460000000.0 -3.16 [-3.16]
7.94398e+17 9.78173e+19 545505000000000.0 2038050000000000.0 58280800000000.0 193252000000000.0 453507000000000.0 712887000000.0 18751200000000.0 3147260000000000.0 88386900000.0 2036740000.0 1133120000000.0 51366100000000.0 214203000000000.0 43874700000000.0 9844290000000.0 7073450000000.0 8141980000000.0 -3.14 [-3.14]
7.94356e+17 9.29198e+19 539177000000000.0 1920340000000000.0 51926200000000.0 194020000000000.0 421814000000000.0 614002000000.0 19627900000000.0 2921360000000000.0 71795200000.0 1560120000.0 1106240000000.0 51183400000000.0 203409000000000.0 40310000000000.0 8557570000000.0 7333590000000.0 7960520000000.0 -3.12 [-3.12]
7.9433e+17 8.82656e+19 532689000000000.0 1808520000000000.0 46212700000000.0 194556000000000.0 391754000000000.0 527897000000.0 20515500000000.0 2707630000000000.0 58164600000.0 1204860000.0 1079260000000.0 50992200000000.0 193004000000000.0 36985300000000.0 7430640000000.0 7594480000000.0 7781630000000.0 -3.1 [-3.1]
7.94416e+17 8.38555e+19 526123000000000.0 1702600000000000.0 41086400000000.0 194887000000000.0 363331000000000.0 453103000000.0 21417100000000.0 2505950000000000.0 47000300000.0 924903000.0 1052400000000.0 50789500000000.0 183024000000000.0 33890400000000.0 6446230000000.0 7856160000000.0 7606970000000.0 -3.08 [-3.08]
7.94374e+17 7.96761e+19 519421000000000.0 1602330000000000.0 36502400000000.0 194957000000000.0 336526000000000.0 388350000000.0 22318000000000.0 2316250000000000.0 37894900000.0 700583000.0 1025620000000.0 50568400000000.0 173450000000000.0 31022400000000.0 5588880000000.0 8114920000000.0 7435360000000.0 -3.06 [-3.06]
7.94342e+17 7.57108e+19 512588000000000.0 1507360000000000.0 32396900000000.0 194782000000000.0 311238000000000.0 332263000000.0 23223200000000.0 2137710000000000.0 30474300000.0 514547000.0 998971000000.0 50330400000000.0 164267000000000.0 28359900000000.0 4841430000000.0 8371930000000.0 7267040000000.0 -3.04 [-3.04]
7.94459e+17 7.19496e+19 505680000000000.0 1417420000000000.0 28722000000000.0 194379000000000.0 287398000000000.0 283740000000.0 24136600000000.0 1969790000000000.0 24433100000.0 404675000.0 972517000000.0 50081600000000.0 155462000000000.0 25892700000000.0 4189960000000.0 8628640000000.0 7101680000000.0 -3.02 [-3.02]
