Cloudy_runs/pks0637/component_I_PI_nH/component_I_PI_nH_col_density_param.txt
# %ECSV 1.0
# ---
# datatype:
# - {name: H, datatype: float64}
# - {name: H+, datatype: float64}
# - {name: C+, datatype: float64}
# - {name: C+2, datatype: float64}
# - {name: C+3, datatype: float64}
# - {name: N+2, datatype: float64}
# - {name: N+4, datatype: float64}
# - {name: O, datatype: float64}
# - {name: O+2, datatype: float64}
# - {name: O+5, datatype: float64}
# - {name: O+6, datatype: float64}
# - {name: Si+, datatype: float64}
# - {name: Si+2, datatype: float64}
# - {name: Si+3, datatype: float64}
# - {name: Si+4, datatype: float64}
# - {name: log_nH, datatype: float64}
# - {name: log_Te, datatype: float64}
# - {name: parameters, datatype: string, subtype: 'float64[1]'}
# schema: astropy-2.0
H H+ C+ C+2 C+3 N+2 N+4 O O+2 O+5 O+6 Si+ Si+2 Si+3 Si+4 log_nH log_Te parameters
[from data line 70]
39810700000000.0 4.67071e+16 43560300000.0 835945000000.0 245171000000.0 185181000000.0 12704300000.0 23148500.0 899351000000.0 12239700000.0 1061470000.0 2086520000.0 41504300000.0 26313100000.0 63148600000.0 -3.6 4.31 [-3.6]
39810700000000.0 4.43662e+16 43729500000.0 807229000000.0 226729000000.0 180127000000.0 11186000000.0 25839700.0 889003000000.0 10421900000.0 866145000.0 2144330000.0 41973800000.0 25864700000.0 58175800000.0 -3.58 4.307 [-3.58]
39810700000000.0 4.21428e+16 43869900000.0 778776000000.0 209404000000.0 175030000000.0 9835790000.0 28822600.0 877706000000.0 8859000000.0 705472000.0 2198640000.0 42323200000.0 25349600000.0 53425700000.0 -3.56 4.304 [-3.56]
39810700000000.0 4.0031e+16 43982900000.0 750656000000.0 193154000000.0 169904000000.0 8636950000.0 32125200.0 865479000000.0 7517530000.0 573540000.0 2249320000.0 42551900000.0 24773100000.0 48911600000.0 -3.54 4.3 [-3.54]
39810700000000.0 3.80217e+16 44069600000.0 722876000000.0 177913000000.0 164752000000.0 7572560000.0 35782200.0 852312000000.0 6366320000.0 465253000.0 2296410000.0 42659200000.0 24139400000.0 44637000000.0 -3.52 4.297 [-3.52]
39810700000000.0 3.61169e+16 44131900000.0 695596000000.0 163691000000.0 159606000000.0 6632060000.0 39816700.0 838302000000.0 5383190000.0 376811000.0 2339650000.0 42649900000.0 23458100000.0 40620900000.0 -3.5 4.293 [-3.5]
39810700000000.0 3.43077e+16 44170400000.0 668810000000.0 150417000000.0 154467000000.0 5800890000.0 44267500.0 823447000000.0 4543630000.0 304589000.0 2379160000.0 42525800000.0 22734200000.0 36859700000.0 -3.48 4.29 [-3.48]
39810700000000.0 3.25893e+16 44186400000.0 642556000000.0 138048000000.0 149347000000.0 5067430000.0 49171300.0 807783000000.0 3827930000.0 245726000.0 2415020000.0 42291700000.0 21974300000.0 33353200000.0 -3.46 4.286 [-3.46]
39810700000000.0 3.09573e+16 44181100000.0 616872000000.0 126538000000.0 144255000000.0 4421170000.0 54567400.0 791350000000.0 3218930000.0 197845000.0 2447330000.0 41952900000.0 21185200000.0 30098600000.0 -3.44 4.283 [-3.44]
39810700000000.0 2.94073e+16 44155600000.0 591786000000.0 115844000000.0 139203000000.0 3852590000.0 60497200.0 774191000000.0 2701670000.0 158974000.0 2476260000.0 41516000000.0 20373400000.0 27090600000.0 -3.42 4.28 [-3.42]
39810700000000.0 2.79352e+16 44110900000.0 567322000000.0 105923000000.0 134198000000.0 3353070000.0 67004700.0 756353000000.0 2263150000.0 127482000.0 2501970000.0 40987800000.0 19545300000.0 24322000000.0 -3.4 4.276 [-3.4]
39810700000000.0 2.6537e+16 44047800000.0 543501000000.0 96732600000.0 129250000000.0 2914860000.0 74136400.0 737886000000.0 1892110000.0 102019000.0 2524680000.0 40376000000.0 18706900000.0 21783500000.0 -3.38 4.273 [-3.38]
39810700000000.0 2.52092e+16 43967500000.0 520336000000.0 88230100000.0 124366000000.0 2530960000.0 81941200.0 718844000000.0 1578770000.0 81474600.0 2544620000.0 39688300000.0 17863800000.0 19464800000.0 -3.36 4.269 [-3.36]
39810700000000.0 2.39482e+16 43870700000.0 497841000000.0 80375600000.0 119554000000.0 2195120000.0 90470100.0 699282000000.0 1314680000.0 64933200.0 2562020000.0 38932900000.0 17021500000.0 17354400000.0 -3.34 4.266 [-3.34]
39810700000000.0 2.27506e+16 43758100000.0 476022000000.0 73129700000.0 114819000000.0 1901710000.0 99776700.0 679258000000.0 1092550000.0 51643000.0 2577130000.0 38117700000.0 16184600000.0 15440200000.0 -3.32 4.262 [-3.32]
39810700000000.0 2.16158e+16 43631200000.0 454933000000.0 66467500000.0 110180000000.0 1646180000.0 109901000.0 658886000000.0 906409000.0 41005300.0 2590100000.0 37253800000.0 15359500000.0 13712300000.0 -3.3 4.259 [-3.3]
39810700000000.0 2.05331e+16 43488300000.0 434425000000.0 60313400000.0 105607000000.0 1422660000.0 120948000.0 638062000000.0 749899000.0 32463400.0 2601480000.0 36339700000.0 14544100000.0 12149400000.0 -3.28 4.255 [-3.28]
39810700000000.0 1.95073e+16 43332100000.0 414646000000.0 54671400000.0 101138000000.0 1228540000.0 132931000.0 617012000000.0 619334000.0 25658200.0 2611220000.0 35392000000.0 13747600000.0 10747200000.0 -3.26 4.252 [-3.26]
39810700000000.0 1.85332e+16 43162400000.0 395543000000.0 49495000000.0 96767100000.0 1059810000.0 145925000.0 595742000000.0 510423000.0 20237600.0 2619640000.0 34414700000.0 12970900000.0 9490490000.0 -3.24 4.248 [-3.24]
39810700000000.0 1.76102e+16 42980500000.0 377155000000.0 44762000000.0 92507100000.0 913617000.0 159973000.0 574374000000.0 419930000.0 15936500.0 2626870000.0 33417600000.0 12218300000.0 8368890000.0 -3.22 4.245 [-3.22]
39810700000000.0 1.67316e+16 42785300000.0 359384000000.0 40422100000.0 88340300000.0 786581000.0 175179000.0 552855000000.0 344614000.0 12518100.0 2633310000.0 32400900000.0 11487900000.0 7366770000.0 -3.2 4.241 [-3.2]
39810700000000.0 1.58973e+16 42577900000.0 342267000000.0 36456800000.0 84279400000.0 676557000.0 191587000.0 531303000000.0 282198000.0 9812950.0 2639050000.0 31373200000.0 10783200000.0 6475130000.0 -3.18 4.238 [-3.18]
39810700000000.0 1.51049e+16 42358100000.0 325790000000.0 32838700000.0 80325700000.0 581369000.0 209262000.0 509773000000.0 230583000.0 7676650.0 2644250000.0 30339500000.0 10105400000.0 5683460000.0 -3.16 4.234 [-3.16]
39810700000000.0 1.43526e+16 42126800000.0 309948000000.0 29542300000.0 76481900000.0 499117000.0 228266000.0 488331000000.0 188001000.0 5993560.0 2649080000.0 29305100000.0 9455320000.0 4982090000.0 -3.14 4.231 [-3.14]
39810700000000.0 1.36381e+16 41883500000.0 294722000000.0 26542800000.0 72747600000.0 428106000.0 248662000.0 467024000000.0 152942000.0 4670060.0 2653650000.0 28273400000.0 8833570000.0 4361780000.0 -3.12 4.227 [-3.12]
39810700000000.0 1.29579e+16 41627700000.0 280063000000.0 23811900000.0 69114800000.0 366750000.0 270546000.0 445854000000.0 124095000.0 3629860.0 2658180000.0 27245500000.0 8238950000.0 3813240000.0 -3.1 4.224 [-3.1]
39810700000000.0 1.23136e+16 41361300000.0 266033000000.0 21339600000.0 65602100000.0 314007000.0 293907000.0 424982000000.0 100505000.0 2817240.0 2662580000.0 26230800000.0 7674450000.0 3330770000.0 -3.08 4.22 [-3.08]
39810700000000.0 1.17017e+16 41083600000.0 252578000000.0 19099700000.0 62200100000.0 268611000.0 318832000.0 404400000000.0 81216500.0 2182340.0 2667010000.0 25229000000.0 7138380000.0 2906250000.0 -3.06 4.217 [-3.06]
39810700000000.0 1.11207e+16 40794400000.0 239684000000.0 17073100000.0 58908600000.0 229576000.0 345368000.0 384154000000.0 65481300.0 1687320.0 2671530000.0 24242600000.0 6630410000.0 2533270000.0 -3.04 4.214 [-3.04]
39810700000000.0 1.05688e+16 40494100000.0 227335000000.0 15242100000.0 55727000000.0 196041000.0 373558000.0 364285000000.0 52674500.0 1302170.0 2676180000.0 23273700000.0 6150050000.0 2206040000.0 -3.02 4.21 [-3.02]
39810700000000.0 1.00461e+16 40183500000.0 215545000000.0 13593600000.0 52662200000.0 167312000.0 403391000.0 344881000000.0 42293300.0 1003600.0 2680890000.0 22326700000.0 5697780000.0 1919820000.0 -3.0 4.207 [-3.0]
39810700000000.0 9548480000000000.0 39860900000.0 204239000000.0 12105200000.0 49698500000.0 142623000.0 434982000.0 325884000000.0 33866300.0 771737.0 2685850000.0 21397800000.0 5270670000.0 1668860000.0 -2.98 4.203 [-2.98]
39810700000000.0 9075740000000000.0 39527000000.0 193429000000.0 10766000000.0 46841500000.0 121464000.0 468309000.0 307368000000.0 27054300.0 592370.0 2690970000.0 20490500000.0 4869000000.0 1449450000.0 -2.96 4.2 [-2.96]
39810700000000.0 8626820000000000.0 39182100000.0 183101000000.0 9562990000.0 44091100000.0 103351000.0 503375000.0 289369000000.0 21562200.0 453919.0 2696210000.0 19606100000.0 4491920000.0 1257890000.0 -2.94 4.197 [-2.94]
39810700000000.0 8200510000000000.0 38826400000.0 173240000000.0 8483920000.0 41446100000.0 87858600.0 540171000.0 271915000000.0 17145000.0 347253.0 2701540000.0 18745300000.0 4138610000.0 1090810000.0 -2.92 4.194 [-2.92]
39810700000000.0 7795630000000000.0 38459700000.0 163831000000.0 7517320000.0 38905200000.0 74617800.0 578679000.0 255027000000.0 13600400.0 265220.0 2706910000.0 17908600000.0 3808070000.0 945219000.0 -2.9 4.19 [-2.9]
39810700000000.0 7411100000000000.0 38082200000.0 154857000000.0 6652700000.0 36467000000.0 63311000.0 618863000.0 238725000000.0 10763000.0 202248.0 2712260000.0 17096300000.0 3499350000.0 818473000.0 -2.88 4.187 [-2.88]
39810700000000.0 7045890000000000.0 37694000000.0 146302000000.0 5880370000.0 34130200000.0 53663900.0 660675000.0 223028000000.0 8497310.0 153992.0 2717540000.0 16308600000.0 3211470000.0 708229000.0 -2.86 4.184 [-2.86]
39810700000000.0 6699020000000000.0 37295100000.0 138153000000.0 5191470000.0 31893500000.0 45440000.0 704049000.0 207949000000.0 6692480.0 117078.0 2722660000.0 15545700000.0 2943450000.0 612420000.0 -2.84 4.181 [-2.84]
39810700000000.0 6368740000000000.0 36884700000.0 130375000000.0 4576610000.0 29750800000.0 38422800.0 748968000.0 193468000000.0 5256070.0 88841.0 2727600000.0 14805500000.0 2693720000.0 529081000.0 -2.82 4.177 [-2.82]
39810700000000.0 6055870000000000.0 36465100000.0 122993000000.0 4030920000.0 27710500000.0 32464500.0 795201000.0 179659000000.0 4119860.0 67358.5 2732140000.0 14092000000.0 2462530000.0 456914000.0 -2.8 4.174 [-2.8]
39810700000000.0 5758690000000000.0 36035500000.0 115972000000.0 3546180000.0 25766100000.0 27398900.0 842700000.0 166493000000.0 3221510.0 51005.0 2736240000.0 13403000000.0 2248280000.0 394342000.0 -2.78 4.171 [-2.78]
39810700000000.0 5477120000000000.0 35597200000.0 109316000000.0 3117030000.0 23920100000.0 23104400.0 891262000.0 153999000000.0 2514140.0 0.0 2739770000.0 12740000000.0 2050500000.0 340225000.0 -2.76 4.168 [-2.76]
39810700000000.0 5208940000000000.0 35148000000.0 102975000000.0 2735970000.0 22162700000.0 19452900.0 940883000.0 142122000000.0 1956540.0 0.0 2742720000.0 12099000000.0 1867320000.0 293274000.0 -2.74 4.165 [-2.74]
39810700000000.0 4954180000000000.0 34689300000.0 96955000000.0 2398830000.0 20496600000.0 16357900.0 991335000.0 130887000000.0 1518980.0 0.0 2744940000.0 11481500000.0 1698340000.0 252651000.0 -2.72 4.162 [-2.72]
39810700000000.0 4712170000000000.0 34221600000.0 91241800000.0 2100940000.0 18920000000.0 13737600.0 1042450000.0 120287000000.0 1176500.0 0.0 2746310000.0 10887300000.0 1542690000.0 217525000.0 -2.7 4.159 [-2.7]
39810700000000.0 4482280000000000.0 33745200000.0 85823700000.0 1838080000.0 17431400000.0 11521800.0 1094040000.0 110315000000.0 909123.0 0.0 2746730000.0 10315900000.0 1399550000.0 187175000.0 -2.68 4.156 [-2.68]
39810700000000.0 4263820000000000.0 33260000000.0 80686600000.0 1606370000.0 16028300000.0 9650010.0 1145930000.0 100957000000.0 700873.0 0.0 2746130000.0 9766630000.0 1268090000.0 160962000.0 -2.66 4.153 [-2.66]
39810700000000.0 4055740000000000.0 32765400000.0 75807200000.0 1402020000.0 14706500000.0 8068280.0 1198000000.0 92182500000.0 538850.0 0.0 2744400000.0 9237880000.0 1147270000.0 138300000.0 -2.64 4.15 [-2.64]
39810700000000.0 3858570000000000.0 32264500000.0 71199700000.0 1222760000.0 13469400000.0 6738560.0 1249910000.0 84013800000.0 413553.0 0.0 2741390000.0 8732090000.0 1036940000.0 118794000.0 -2.62 4.147 [-2.62]
39810700000000.0 3671240000000000.0 31756300000.0 66839500000.0 1065370000.0 12311700000.0 5619890.0 1301540000.0 76413400000.0 316703.0 0.0 2737030000.0 8247310000.0 936071000.0 101981000.0 -2.6 4.144 [-2.6]
39810700000000.0 3493240000000000.0 31241300000.0 62715500000.0 927323000.0 11231100000.0 4680090.0 1352710000.0 69361100000.0 242019.0 0.0 2731250000.0 7783010000.0 843998000.0 87497600.0 -2.58 4.142 [-2.58]
39810700000000.0 3324080000000000.0 30719800000.0 58817000000.0 806390000.0 10224800000.0 3891710.0 1403220000.0 62835600000.0 184566.0 0.0 2723960000.0 7338720000.0 760074000.0 75028100.0 -2.56 4.139 [-2.56]
39810700000000.0 3163340000000000.0 30192500000.0 55133800000.0 700571000.0 9290280000.0 3231360.0 1452920000.0 56814100000.0 140471.0 0.0 2715080000.0 6913950000.0 683693000.0 64299300.0 -2.54 4.136 [-2.54]
39810700000000.0 3011020000000000.0 29661400000.0 51666000000.0 608279000.0 8426500000.0 2680130.0 1501560000.0 51284900000.0 106762.0 0.0 2704570000.0 6509440000.0 614447000.0 55091600.0 -2.52 4.133 [-2.52]
39810700000000.0 2865820000000000.0 29123800000.0 48383500000.0 527505000.0 7626560000.0 2218830.0 1549160000.0 46198500000.0 80950.4 0.0 2692340000.0 6122190000.0 551438000.0 47160600.0 -2.5 4.131 [-2.5]
39810700000000.0 2727820000000000.0 28582000000.0 45287600000.0 457057000.0 6889440000.0 1834240.0 1595490000.0 41542600000.0 61271.4 0.0 2678370000.0 5752970000.0 494340000.0 40348700.0 -2.48 4.128 [-2.48]
39810700000000.0 2596650000000000.0 28036300000.0 42369300000.0 395683000.0 6211990000.0 1514150.0 1640440000.0 37291800000.0 46299.0 0.0 2662600000.0 5401290000.0 442672000.0 34501600.0 -2.46 4.125 [-2.46]
39810700000000.0 2471590000000000.0 27485800000.0 39611600000.0 342145000.0 5589580000.0 1247620.0 1683980000.0 33411900000.0 34910.1 0.0 2644970000.0 5065560000.0 395862000.0 29475000.0 -2.44 4.123 [-2.44]
39810700000000.0 2353090000000000.0 26934400000.0 37023400000.0 295717000.0 5021930000.0 1027020.0 1725890000.0 29895700000.0 26298.3 0.0 2625540000.0 4747460000.0 353741000.0 25175800.0 -2.42 4.12 [-2.42]
39810700000000.0 2240440000000000.0 26381000000.0 34587900000.0 255391000.0 4504260000.0 844288.0 1766170000.0 26709000000.0 19783.5 0.0 2604270000.0 4445380000.0 315784000.0 21492200.0 -2.4 4.118 [-2.4]
39810700000000.0 2133340000000000.0 25826200000.0 32297400000.0 220399000.0 4033350000.0 693169.0 1804760000.0 23827300000.0 14863.4 0.0 2581150000.0 4158820000.0 281625000.0 18337900.0 -2.38 4.115 [-2.38]
39810700000000.0 2031530000000000.0 25270700000.0 30144700000.0 190063000.0 3606000000.0 568384.0 1841640000.0 21227300000.0 0.0 0.0 2556220000.0 3887260000.0 250924000.0 15638400.0 -2.36 4.113 [-2.36]
39810700000000.0 1934730000000000.0 24715000000.0 28122500000.0 163788000.0 3219110000.0 465506.0 1876780000.0 18886400000.0 0.0 0.0 2529500000.0 3630210000.0 223368000.0 13329700.0 -2.34 4.11 [-2.34]
39810700000000.0 1842690000000000.0 24159900000.0 26224200000.0 141051000.0 2869640000.0 380811.0 1910170000.0 16783000000.0 0.0 0.0 2501010000.0 3387150000.0 198665000.0 11356100.0 -2.32 4.108 [-2.32]
39810700000000.0 1755180000000000.0 23605800000.0 24443100000.0 121392000.0 2554660000.0 311187.0 1941830000.0 14896600000.0 0.0 0.0 2470830000.0 3157580000.0 176546000.0 9670240.0 -2.3 4.105 [-2.3]
39810700000000.0 1671970000000000.0 23053400000.0 22773000000.0 104409000.0 2271380000.0 254031.0 1971760000.0 13207800000.0 0.0 0.0 2438990000.0 2941000000.0 156766000.0 8230880.0 -2.28 4.103 [-2.28]
39810700000000.0 1592840000000000.0 22503300000.0 21207900000.0 89749200.0 2017090000.0 207171.0 2000010000.0 11698700000.0 0.0 0.0 2405570000.0 2736910000.0 139097000.0 7002690.0 -2.26 4.101 [-2.26]
39810700000000.0 1517570000000000.0 21956100000.0 19741900000.0 77103900.0 1789260000.0 168800.0 2026590000.0 10352100000.0 0.0 0.0 2370650000.0 2544770000.0 123331000.0 5955210.0 -2.24 4.098 [-2.24]
39810700000000.0 1446010000000000.0 21412400000.0 18370000000.0 66206600.0 1585540000.0 137423.0 2051560000.0 9152660000.0 0.0 0.0 2334310000.0 2364160000.0 109280000.0 5062550.0 -2.22 4.096 [-2.22]
39810700000000.0 1378250000000000.0 20875200000.0 17092100000.0 56851300.0 1404230000.0 111859.0 2074920000.0 8088850000.0 0.0 0.0 2296790000.0 2195340000.0 96812300.0 4304470.0 -2.2 4.094 [-2.2]
39810700000000.0 1313500000000000.0 20340200000.0 15892000000.0 48770700.0 1242080000.0 90932.4 2096820000.0 7140690000.0 0.0 0.0 2257900000.0 2036230000.0 85680600.0 3656770.0 -2.18 4.091 [-2.18]
39810700000000.0 1251920000000000.0 19810400000.0 14770600000.0 41820900.0 1097760000.0 73873.0 2117270000.0 6299430000.0 0.0 0.0 2217880000.0 1887150000.0 75788500.0 3105610.0 -2.16 4.089 [-2.16]
