Cloudy_runs/pks0637/component_I_PI_nH/component_I_PI_nH_col_density_param.txt
# %ECSV 1.0
# ---
# datatype:
# - {name: H, datatype: float64}
# - {name: H+, datatype: float64}
# - {name: C+, datatype: float64}
# - {name: C+2, datatype: float64}
# - {name: C+3, datatype: float64}
# - {name: N+2, datatype: float64}
# - {name: N+4, datatype: float64}
# - {name: O, datatype: float64}
# - {name: O+2, datatype: float64}
# - {name: O+5, datatype: float64}
# - {name: O+6, datatype: float64}
# - {name: Si+, datatype: float64}
# - {name: Si+2, datatype: float64}
# - {name: Si+3, datatype: float64}
# - {name: Si+4, datatype: float64}
# - {name: log_nH, datatype: float64}
# - {name: log_Te, datatype: float64}
# - {name: parameters, datatype: string, subtype: 'float64[1]'}
# schema: astropy-2.0
H H+ C+ C+2 C+3 N+2 N+4 O O+2 O+5 O+6 Si+ Si+2 Si+3 Si+4 log_nH log_Te parameters
39810700000000.0 1.85487e+18 1902190000.0 328462000000.0 1454450000000.0 50226600000.0 1529570000000.0 8824.21 128734000000.0 20574300000000.0 39971900000000.0 981869.0 54388300.0 299452000.0 39921000000.0 -5.0 4.574 [-5.0]
39810700000000.0 1.75516e+18 2070980000.0 348291000000.0 1483440000000.0 53699500000.0 1518850000000.0 9881.45 138304000000.0 19729000000000.0 36437900000000.0 1174880.0 63566900.0 338414000.0 42711200000.0 -4.98 4.569 [-4.98]
39810700000000.0 1.66114e+18 2252210000.0 368844000000.0 1511170000000.0 57357600000.0 1505980000000.0 11065.7 148418000000.0 18878400000000.0 33155700000000.0 1402970.0 74169100.0 381821000.0 45628300000.0 -4.96 4.564 [-4.96]
39810700000000.0 1.57246e+18 2446620000.0 390119000000.0 1537560000000.0 61204500000.0 1490980000000.0 12391.9 159086000000.0 18026200000000.0 30113400000000.0 1671970.0 86394900.0 430095000.0 48672300000.0 -4.94 4.56 [-4.94]
39810700000000.0 1.48879e+18 2654940000.0 412113000000.0 1562570000000.0 65242300000.0 1473900000000.0 13876.0 170313000000.0 17175500000000.0 27299000000000.0 1988580.0 100470000.0 483700000.0 51842800000.0 -4.92 4.555 [-4.92]
39810700000000.0 1.4098e+18 2878010000.0 434823000000.0 1586120000000.0 69474000000.0 1454760000000.0 15536.9 182104000000.0 16329700000000.0 24700900000000.0 2360530.0 116649000.0 543124000.0 55138600000.0 -4.9 4.55 [-4.9]
39810700000000.0 1.33522e+18 3116370000.0 458225000000.0 1608190000000.0 73895600000.0 1433620000000.0 17391.2 194448000000.0 15492000000000.0 22307500000000.0 2796450.0 135211000.0 608895000.0 58557500000.0 -4.88 4.546 [-4.88]
39810700000000.0 1.26477e+18 3371070000.0 482322000000.0 1628700000000.0 78510500000.0 1410540000000.0 19464.2 207353000000.0 14665400000000.0 20107400000000.0 3306510.0 156476000.0 681568000.0 62097100000.0 -4.86 4.541 [-4.86]
39810700000000.0 1.19825e+18 3643210000.0 507109000000.0 1647610000000.0 83320900000.0 1385570000000.0 21784.6 220828000000.0 13852700000000.0 18090000000000.0 3902160.0 180797000.0 761698000.0 65753000000.0 -4.84 4.537 [-4.84]
39810700000000.0 1.13537e+18 3933130000.0 532547000000.0 1664890000000.0 88315400000.0 1358790000000.0 24372.4 234839000000.0 13056600000000.0 16243400000000.0 4596230.0 208567000.0 849965000.0 69522400000.0 -4.82 4.532 [-4.82]
39810700000000.0 1.0759e+18 4241690000.0 558615000000.0 1680480000000.0 93489200000.0 1330280000000.0 27257.9 249376000000.0 12279500000000.0 14556800000000.0 5403370.0 240224000.0 947034000.0 73400200000.0 -4.8 4.528 [-4.8]
39810700000000.0 1.01966e+18 4569680000.0 585285000000.0 1694340000000.0 98835400000.0 1300130000000.0 30474.1 264422000000.0 11523500000000.0 13019900000000.0 6340110.0 276252000.0 1053610000.0 77380700000.0 -4.78 4.524 [-4.78]
39810700000000.0 9.6645e+17 4917800000.0 612522000000.0 1706440000000.0 104344000000.0 1268440000000.0 34055.8 279956000000.0 10790700000000.0 11622600000000.0 7425000.0 317186000.0 1170450000.0 81457200000.0 -4.76 4.52 [-4.76]
39810700000000.0 9.16099e+17 5286910000.0 640294000000.0 1716740000000.0 110005000000.0 1235320000000.0 38044.8 295960000000.0 10082700000000.0 10355000000000.0 8678980.0 363619000.0 1298320000.0 85622000000.0 -4.74 4.516 [-4.74]
39810700000000.0 8.68441e+17 5677630000.0 668552000000.0 1725190000000.0 115806000000.0 1200880000000.0 42484.1 312404000000.0 9400930000000.0 9207860000000.0 10125300.0 416197000.0 1438040000.0 89866500000.0 -4.72 4.511 [-4.72]
39810700000000.0 8.23322e+17 6090640000.0 697251000000.0 1731780000000.0 121731000000.0 1165250000000.0 47423.3 329262000000.0 8746620000000.0 8171970000000.0 11790100.0 475635000.0 1590470000.0 94181300000.0 -4.7 4.507 [-4.7]
39810700000000.0 7.80599e+17 6526560000.0 726336000000.0 1736460000000.0 127765000000.0 1128570000000.0 52917.0 346503000000.0 8120680000000.0 7238710000000.0 13702200.0 542714000.0 1756500000.0 98555900000.0 -4.68 4.503 [-4.68]
39810700000000.0 7.40136e+17 6985930000.0 755748000000.0 1739220000000.0 133890000000.0 1090970000000.0 59026.4 364094000000.0 7523740000000.0 6399820000000.0 15893900.0 618285000.0 1937040000.0 102979000000.0 -4.66 4.499 [-4.66]
39810700000000.0 7.01799e+17 7469010000.0 785413000000.0 1740010000000.0 140083000000.0 1052590000000.0 65816.6 381996000000.0 6956210000000.0 5647400000000.0 18400500.0 703275000.0 2133070000.0 107438000000.0 -4.64 4.495 [-4.64]
39810700000000.0 6.65482e+17 7976500000.0 815270000000.0 1738830000000.0 146328000000.0 1013590000000.0 73368.2 400181000000.0 6418330000000.0 4974130000000.0 21261300.0 798690000.0 2345520000.0 111919000000.0 -4.62 4.491 [-4.62]
39810700000000.0 6.31075e+17 8508820000.0 845246000000.0 1735660000000.0 152603000000.0 974123000000.0 81768.4 418613000000.0 5910050000000.0 4373070000000.0 24519400.0 905624000.0 2575380000.0 116409000000.0 -4.6 4.487 [-4.6]
39810700000000.0 5.98467e+17 9065950000.0 875249000000.0 1730470000000.0 158882000000.0 934336000000.0 91110.0 437249000000.0 5431130000000.0 3837600000000.0 28221700.0 1025250000.0 2823680000.0 120891000000.0 -4.58 4.483 [-4.58]
39810700000000.0 5.67565e+17 9648220000.0 905197000000.0 1723270000000.0 165145000000.0 894388000000.0 101505.0 456055000000.0 4981180000000.0 3361650000000.0 32419900.0 1158830000.0 3091400000.0 125350000000.0 -4.56 4.48 [-4.56]
39810700000000.0 5.38273e+17 10255900000.0 935009000000.0 1714040000000.0 171369000000.0 854420000000.0 113080.0 474999000000.0 4559520000000.0 2939400000000.0 37171500.0 1307770000.0 3379600000.0 129769000000.0 -4.54 4.476 [-4.54]
39810700000000.0 5.1052e+17 10888400000.0 964560000000.0 1702790000000.0 177525000000.0 814614000000.0 125962.0 494023000000.0 4165750000000.0 2565870000000.0 42532900.0 1473400000.0 3689110000.0 134128000000.0 -4.52 4.472 [-4.52]
39810700000000.0 4.8421e+17 11546200000.0 993776000000.0 1689520000000.0 183593000000.0 775086000000.0 140322.0 513108000000.0 3798720000000.0 2235890000000.0 48574100.0 1657370000.0 4021050000.0 138412000000.0 -4.5 4.468 [-4.5]
39810700000000.0 4.59269e+17 12228700000.0 1022540000000.0 1674230000000.0 189549000000.0 735983000000.0 156332.0 532207000000.0 3457580000000.0 1945040000000.0 55364700.0 1861290000.0 4376350000.0 142600000000.0 -4.48 4.464 [-4.48]
39810700000000.0 4.35624e+17 12935400000.0 1050740000000.0 1656960000000.0 195367000000.0 697439000000.0 174192.0 551283000000.0 3141310000000.0 1689200000000.0 62980400.0 2086880000.0 4755900000.0 146672000000.0 -4.46 4.46 [-4.46]
39810700000000.0 4.13213e+17 13666100000.0 1078270000000.0 1637720000000.0 201026000000.0 659582000000.0 194132.0 570299000000.0 2848860000000.0 1464640000000.0 71502200.0 2335960000.0 5160470000.0 150609000000.0 -4.44 4.456 [-4.44]
39810700000000.0 3.91976e+17 14421200000.0 1105040000000.0 1616540000000.0 206512000000.0 622527000000.0 216430.0 589232000000.0 2579070000000.0 1267930000000.0 81020300.0 2610480000.0 5590680000.0 154390000000.0 -4.42 4.453 [-4.42]
39810700000000.0 3.71843e+17 15198700000.0 1130920000000.0 1593470000000.0 211796000000.0 586378000000.0 241359.0 608027000000.0 2330770000000.0 1095930000000.0 91623700.0 2912390000.0 6047360000.0 157995000000.0 -4.4 4.449 [-4.4]
39810700000000.0 3.52755e+17 15997100000.0 1155750000000.0 1568560000000.0 216854000000.0 551230000000.0 269238.0 626642000000.0 2102800000000.0 945793000000.0 103407000.0 3243690000.0 6531130000.0 161404000000.0 -4.38 4.445 [-4.38]
39810700000000.0 3.3466e+17 16816200000.0 1179470000000.0 1541850000000.0 221674000000.0 517161000000.0 300459.0 645051000000.0 1893920000000.0 814992000000.0 116475000.0 3606570000.0 7042360000.0 164596000000.0 -4.36 4.441 [-4.36]
39810700000000.0 3.17505e+17 17654800000.0 1201930000000.0 1513410000000.0 226237000000.0 484245000000.0 335442.0 663217000000.0 1702980000000.0 701242000000.0 130936000.0 4003190000.0 7581320000.0 167552000000.0 -4.34 4.437 [-4.34]
39810700000000.0 3.01244e+17 18511300000.0 1223050000000.0 1483310000000.0 230529000000.0 452542000000.0 374666.0 681104000000.0 1528810000000.0 602495000000.0 146899000.0 4435730000.0 8148120000.0 170251000000.0 -4.32 4.434 [-4.32]
39810700000000.0 2.8583e+17 19384600000.0 1242700000000.0 1451650000000.0 234535000000.0 422100000000.0 418676.0 698679000000.0 1370270000000.0 516923000000.0 164481000.0 4906430000.0 8742660000.0 172675000000.0 -4.3 4.43 [-4.3]
39810700000000.0 2.71214e+17 20272300000.0 1260770000000.0 1418490000000.0 238242000000.0 392952000000.0 468074.0 715904000000.0 1226230000000.0 442876000000.0 183798000.0 5417470000.0 9364830000.0 174806000000.0 -4.28 4.426 [-4.28]
39810700000000.0 2.57362e+17 21173500000.0 1277190000000.0 1383960000000.0 241641000000.0 365129000000.0 523564.0 732751000000.0 1095660000000.0 378926000000.0 204973000.0 5971050000.0 10013800000.0 176627000000.0 -4.26 4.423 [-4.26]
39810700000000.0 2.44229e+17 22085800000.0 1291840000000.0 1348140000000.0 244721000000.0 338641000000.0 585921.0 749184000000.0 977500000000.0 323771000000.0 228129000.0 6569280000.0 10689100000.0 178121000000.0 -4.24 4.419 [-4.24]
39810700000000.0 2.31774e+17 23008100000.0 1304660000000.0 1311140000000.0 247477000000.0 313484000000.0 656058.0 765181000000.0 870746000000.0 276263000000.0 253402000.0 7214440000.0 11389600000.0 179275000000.0 -4.22 4.416 [-4.22]
39810700000000.0 2.19972e+17 23934500000.0 1315520000000.0 1273140000000.0 249893000000.0 289688000000.0 734832.0 780676000000.0 774590000000.0 235445000000.0 280862000.0 7907480000.0 12113900000.0 180073000000.0 -4.2 4.412 [-4.2]
39810700000000.0 2.08778e+17 24868500000.0 1324450000000.0 1234180000000.0 251981000000.0 267197000000.0 823562.0 795690000000.0 687991000000.0 200380000000.0 310708000.0 8651470000.0 12860400000.0 180506000000.0 -4.18 4.408 [-4.18]
39810700000000.0 1.98167e+17 25803000000.0 1331310000000.0 1194450000000.0 253723000000.0 246023000000.0 923330.0 810152000000.0 610237000000.0 170330000000.0 342987000.0 9446780000.0 13627100000.0 180563000000.0 -4.16 4.405 [-4.16]
39810700000000.0 1.88112e+17 26736300000.0 1336090000000.0 1154100000000.0 255122000000.0 226141000000.0 1035540.0 824041000000.0 540550000000.0 144619000000.0 377807000.0 10294500000.0 14411300000.0 180237000000.0 -4.14 4.401 [-4.14]
39810700000000.0 1.78571e+17 27666900000.0 1338750000000.0 1113220000000.0 256178000000.0 207495000000.0 1161870.0 837341000000.0 478127000000.0 122626000000.0 415307000.0 11196300000.0 15210900000.0 179520000000.0 -4.12 4.398 [-4.12]
39810700000000.0 1.69523e+17 28591400000.0 1339280000000.0 1071970000000.0 256891000000.0 190060000000.0 1304060.0 850015000000.0 422335000000.0 103850000000.0 455553000.0 12152200000.0 16022700000.0 178410000000.0 -4.1 4.394 [-4.1]
39810700000000.0 1.60943e+17 29507300000.0 1337670000000.0 1030490000000.0 257264000000.0 173796000000.0 1464090.0 862038000000.0 372549000000.0 87840600000.0 498618000.0 13162200000.0 16843000000.0 176905000000.0 -4.08 4.391 [-4.08]
39810700000000.0 1.52805e+17 30412200000.0 1333930000000.0 988935000000.0 257299000000.0 158657000000.0 1644180.0 873384000000.0 328193000000.0 74209200000.0 544561000.0 14225800000.0 17668000000.0 175006000000.0 -4.06 4.387 [-4.06]
39810700000000.0 1.45086e+17 31303100000.0 1328090000000.0 947432000000.0 257002000000.0 144598000000.0 1846840.0 884028000000.0 288735000000.0 62616900000.0 593415000.0 15341700000.0 18493500000.0 172717000000.0 -4.04 4.384 [-4.04]
39810700000000.0 1.37763e+17 32177400000.0 1320180000000.0 906120000000.0 256376000000.0 131569000000.0 2074840.0 893943000000.0 253687000000.0 52771000000.0 645191000.0 16508200000.0 19314800000.0 170044000000.0 -4.02 4.381 [-4.02]
39810700000000.0 1.30817e+17 33032200000.0 1310250000000.0 865134000000.0 255428000000.0 119521000000.0 2331300.0 903106000000.0 222601000000.0 44418900000.0 699869000.0 17722700000.0 20127000000.0 166997000000.0 -4.0 4.377 [-4.0]
39810700000000.0 1.24226e+17 33865100000.0 1298340000000.0 824597000000.0 254166000000.0 108401000000.0 2619700.0 911493000000.0 195068000000.0 37342500000.0 757408000.0 18981800000.0 20924900000.0 163587000000.0 -3.98 4.374 [-3.98]
39810700000000.0 1.17971e+17 34673800000.0 1284550000000.0 784630000000.0 252597000000.0 98160200000.0 2943920.0 919080000000.0 170718000000.0 31354300000.0 817729000.0 20281500000.0 21703000000.0 159830000000.0 -3.96 4.371 [-3.96]
39810700000000.0 1.12036e+17 35456000000.0 1268950000000.0 745347000000.0 250730000000.0 88746800000.0 3308300.0 925848000000.0 149212000000.0 26293200000.0 880715000.0 21616600000.0 22455300000.0 155741000000.0 -3.94 4.367 [-3.94]
39810700000000.0 1.06397e+17 36210200000.0 1251610000000.0 706812000000.0 248573000000.0 80103100000.0 3717980.0 931773000000.0 130228000000.0 22017400000.0 946290000.0 22982000000.0 23176300000.0 151338000000.0 -3.92 4.364 [-3.92]
39810700000000.0 1.0105e+17 36933100000.0 1232670000000.0 669197000000.0 246141000000.0 72196200000.0 4177690.0 936835000000.0 113524000000.0 18415900000.0 1014130000.0 24369400000.0 23859400000.0 146652000000.0 -3.9 4.361 [-3.9]
39810700000000.0 9.59746e+16 37623900000.0 1212230000000.0 632548000000.0 243443000000.0 64969900000.0 4693670.0 941015000000.0 98831700000.0 15383300000.0 1084060000.0 25771800000.0 24498900000.0 141705000000.0 -3.88 4.357 [-3.88]
39810700000000.0 9.11561e+16 38281400000.0 1190400000000.0 596940000000.0 240492000000.0 58377600000.0 5272560.0 944296000000.0 85926000000.0 12832800000.0 1155830000.0 27181000000.0 25088700000.0 136525000000.0 -3.86 4.354 [-3.86]
39810700000000.0 8.65812e+16 38904100000.0 1167310000000.0 562439000000.0 237299000000.0 52374900000.0 5921660.0 946661000000.0 74605000000.0 10690600000.0 1229140000.0 28587500000.0 25623100000.0 131143000000.0 -3.84 4.351 [-3.84]
39810700000000.0 8.22373e+16 39491200000.0 1143070000000.0 529099000000.0 233877000000.0 46918700000.0 6649070.0 948092000000.0 64687500000.0 8893520000.0 1303630000.0 29981500000.0 26096600000.0 125590000000.0 -3.82 4.347 [-3.82]
39810700000000.0 7.8112e+16 40041200000.0 1117800000000.0 496964000000.0 230239000000.0 41968100000.0 7463750.0 948572000000.0 56010800000.0 7387920000.0 1378940000.0 31352300000.0 26504200000.0 119899000000.0 -3.8 4.344 [-3.8]
39810700000000.0 7.41944e+16 40554600000.0 1091640000000.0 466068000000.0 226400000000.0 37484000000.0 8375620.0 948092000000.0 48430000000.0 6128250000.0 1454670000.0 32689500000.0 26841200000.0 114107000000.0 -3.78 4.341 [-3.78]
39810700000000.0 7.04789e+16 41030900000.0 1064760000000.0 436475000000.0 222380000000.0 33434600000.0 9394430.0 946652000000.0 41823700000.0 5076990000.0 1530320000.0 33981700000.0 27104000000.0 108257000000.0 -3.76 4.337 [-3.76]
39810700000000.0 6.69408e+16 41470400000.0 1037150000000.0 408089000000.0 218174000000.0 29770600000.0 10535300.0 944205000000.0 36053700000.0 4197790000.0 1605740000.0 35219000000.0 27288200000.0 102363000000.0 -3.74 4.334 [-3.74]
39810700000000.0 6.35848e+16 41873300000.0 1009070000000.0 381024000000.0 213816000000.0 26473000000.0 11808400.0 940780000000.0 31039500000.0 3466180000.0 1680220000.0 36389700000.0 27392600000.0 96480700000.0 -3.72 4.331 [-3.72]
39810700000000.0 6.03971e+16 42239700000.0 980576000000.0 355246000000.0 209315000000.0 23506600000.0 13229100.0 936358000000.0 26682700000.0 2857510000.0 1753420000.0 37483700000.0 27415100000.0 90639100000.0 -3.7 4.327 [-3.7]
39810700000000.0 5.73737e+16 42570900000.0 951847000000.0 330778000000.0 204693000000.0 20846100000.0 14811500.0 930957000000.0 22907300000.0 2352490000.0 1824820000.0 38491600000.0 27356100000.0 84879300000.0 -3.68 4.324 [-3.68]
39810700000000.0 5.44978e+16 42867400000.0 922893000000.0 307540000000.0 199949000000.0 18457400000.0 16575900.0 924542000000.0 19631900000.0 1933040000.0 1894240000.0 39404700000.0 27214200000.0 79217800000.0 -3.66 4.321 [-3.66]
39810700000000.0 5.17662e+16 43130500000.0 893862000000.0 285544000000.0 195106000000.0 16319400000.0 18539600.0 917131000000.0 16798300000.0 1585690000.0 1961210000.0 40215300000.0 26991400000.0 73691600000.0 -3.64 4.317 [-3.64]
