Cloudy_runs/pg1121/z=0.192393/logZ=-1/component_II_PI_nH/component_II_PI_nH_col_density_param.txt
# %ECSV 1.0
# ---
# datatype:
# - {name: H, datatype: float64}
# - {name: H+, datatype: float64}
# - {name: C+, datatype: float64}
# - {name: C+2, datatype: float64}
# - {name: C+3, datatype: float64}
# - {name: N+, datatype: float64}
# - {name: N+2, datatype: float64}
# - {name: N+4, datatype: float64}
# - {name: O, datatype: float64}
# - {name: O+2, datatype: float64}
# - {name: O+5, datatype: float64}
# - {name: O+6, datatype: float64}
# - {name: P+, datatype: float64}
# - {name: Si+, datatype: float64}
# - {name: Si+2, datatype: float64}
# - {name: Si+3, datatype: float64}
# - {name: Si+4, datatype: float64}
# - {name: log_nH, datatype: float64}
# - {name: log_Te, datatype: float64}
# - {name: parameters, datatype: string, subtype: 'float64[1]'}
# schema: astropy-2.0
H H+ C+ C+2 C+3 N+ N+2 N+4 O O+2 O+5 O+6 P+ Si+ Si+2 Si+3 Si+4 log_nH log_Te parameters
[from data line 57]
5.01234e+17 9.80323e+20 489352000000000.0 1.81488e+16 4663730000000000.0 58418000000000.0 4228280000000000.0 201661000000000.0 278220000000.0 3.72147e+16 187528000000000.0 29726100000000.0 1011830000000.0 39863600000000.0 876174000000000.0 540184000000000.0 1102720000000000.0 -3.86 4.241 [-3.86]
5.01196e+17 9.31292e+20 490579000000000.0 1.74649e+16 4325140000000000.0 59367200000000.0 4087000000000000.0 182475000000000.0 298833000000.0 3.55296e+16 163941000000000.0 24913700000000.0 1031190000000.0 39766100000000.0 859910000000000.0 519446000000000.0 1043970000000000.0 -3.84 4.239 [-3.84]
5.01206e+17 8.84576e+20 491600000000000.0 1.67959e+16 4007890000000000.0 60325300000000.0 3947450000000000.0 164939000000000.0 321131000000.0 3.39124e+16 143167000000000.0 20854800000000.0 1049980000000.0 39663300000000.0 843674000000000.0 499668000000000.0 986721000000000.0 -3.82 4.237 [-3.82]
5.01246e+17 8.40182e+20 492423000000000.0 1.6144e+16 3711840000000000.0 61292700000000.0 3810270000000000.0 148962000000000.0 345198000000.0 3.23645e+16 124907000000000.0 17438500000000.0 1068220000000.0 39557800000000.0 827541000000000.0 480799000000000.0 931144000000000.0 -3.8 4.235 [-3.8]
5.01202e+17 7.98057e+20 493113000000000.0 1.55105e+16 3435570000000000.0 62273100000000.0 3675720000000000.0 134425000000000.0 371023000000.0 3.08851e+16 108881000000000.0 14568600000000.0 1086020000000.0 39450400000000.0 811599000000000.0 462656000000000.0 877329000000000.0 -3.78 4.234 [-3.78]
5.01223e+17 7.58026e+20 493706000000000.0 1.48948e+16 3177470000000000.0 63275200000000.0 3543750000000000.0 121189000000000.0 398960000000.0 2.94698e+16 94806200000000.0 12156300000000.0 1103340000000.0 39346400000000.0 795817000000000.0 445241000000000.0 825135000000000.0 -3.76 4.232 [-3.76]
5.01192e+17 7.19964e+20 494067000000000.0 1.42957e+16 2937030000000000.0 64285400000000.0 3414300000000000.0 109166000000000.0 429011000000.0 2.81145e+16 82471600000000.0 10132400000000.0 1119810000000.0 39235700000000.0 780040000000000.0 428496000000000.0 774617000000000.0 -3.74 4.23 [-3.74]
5.01209e+17 6.83728e+20 494273000000000.0 1.37128e+16 2712530000000000.0 65313700000000.0 3287300000000000.0 98235800000000.0 461524000000.0 2.68151e+16 71660200000000.0 8435220000000.0 1135500000000.0 39124500000000.0 764290000000000.0 412359000000000.0 725664000000000.0 -3.72 4.228 [-3.72]
5.0119e+17 6.49423e+20 494403000000000.0 1.31498e+16 2504060000000000.0 66367800000000.0 3163680000000000.0 88339400000000.0 496496000000.0 2.55769e+16 62207100000000.0 7014720000000.0 1150620000000.0 39015800000000.0 748729000000000.0 396756000000000.0 678622000000000.0 -3.7 4.226 [-3.7]
5.01223e+17 6.16809e+20 494392000000000.0 1.26036e+16 2310020000000000.0 67444300000000.0 3042820000000000.0 79371500000000.0 534328000000.0 2.43913e+16 53947200000000.0 5827260000000.0 1164840000000.0 38906400000000.0 733164000000000.0 381678000000000.0 633272000000000.0 -3.68 4.224 [-3.68]
5.01193e+17 5.85787e+20 494197000000000.0 1.20738e+16 2129460000000000.0 68536200000000.0 2924670000000000.0 71251200000000.0 575005000000.0 2.32554e+16 46733400000000.0 4835130000000.0 1178040000000.0 38791000000000.0 717558000000000.0 367016000000000.0 589684000000000.0 -3.66 4.222 [-3.66]
5.01237e+17 5.56329e+20 493854000000000.0 1.15612e+16 1961930000000000.0 69654200000000.0 2809550000000000.0 63915100000000.0 619031000000.0 2.21691e+16 40446900000000.0 4007730000000.0 1190200000000.0 38675000000000.0 701913000000000.0 352832000000000.0 547912000000000.0 -3.64 4.22 [-3.64]
5.01198e+17 5.28287e+20 493390000000000.0 1.10644e+16 1805900000000000.0 70796300000000.0 2697160000000000.0 57270100000000.0 666358000000.0 2.11281e+16 34952300000000.0 3316250000000.0 1201370000000.0 38553800000000.0 686258000000000.0 338938000000000.0 507909000000000.0 -3.62 4.218 [-3.62]
5.01247e+17 5.01764e+20 492942000000000.0 1.05868e+16 1661440000000000.0 71983900000000.0 2588350000000000.0 51286500000000.0 717607000000.0 2.01364e+16 30183500000000.0 2742660000000.0 1211860000000.0 38440800000000.0 670737000000000.0 325426000000000.0 469872000000000.0 -3.6 4.216 [-3.6]
5.01208e+17 4.76462e+20 492233000000000.0 1.01231e+16 1527210000000000.0 73182600000000.0 2482010000000000.0 45881100000000.0 772689000000.0 1.91834e+16 26029200000000.0 2264630000000.0 1220870000000.0 38316400000000.0 654992000000000.0 312217000000000.0 433605000000000.0 -3.58 4.214 [-3.58]
5.01239e+17 4.524e+20 491460000000000.0 9675270000000000.0 1402530000000000.0 74421900000000.0 2378560000000000.0 41006300000000.0 832357000000.0 1.82707e+16 22418500000000.0 1867570000000.0 1228840000000.0 38193200000000.0 639254000000000.0 299280000000000.0 399136000000000.0 -3.56 4.212 [-3.56]
5.01203e+17 4.29583e+20 490550000000000.0 9243940000000000.0 1287330000000000.0 75685400000000.0 2278290000000000.0 36627400000000.0 896440000000.0 1.73984e+16 19293900000000.0 1539140000000.0 1235610000000.0 38065200000000.0 623444000000000.0 286651000000000.0 366642000000000.0 -3.54 4.21 [-3.54]
5.01257e+17 4.0795e+20 489600000000000.0 8829050000000000.0 1180840000000000.0 76997800000000.0 2181300000000000.0 32687900000000.0 965841000000.0 1.65663e+16 16579900000000.0 1266200000000.0 1241420000000.0 37941900000000.0 607695000000000.0 274325000000000.0 336023000000000.0 -3.52 4.208 [-3.52]
5.01211e+17 3.87333e+20 488469000000000.0 8427900000000000.0 1082060000000000.0 78330200000000.0 2086870000000000.0 29144500000000.0 1040370000000.0 1.57668e+16 14231500000000.0 1040690000000.0 1245760000000.0 37809800000000.0 591778000000000.0 262224000000000.0 307207000000000.0 -3.5 4.206 [-3.5]
5.01188e+17 3.67778e+20 487234000000000.0 8042190000000000.0 990980000000000.0 79701200000000.0 1995580000000000.0 25967300000000.0 1120760000000.0 1.50032e+16 12200800000000.0 854144000000.0 1248890000000.0 37675700000000.0 575865000000000.0 250423000000000.0 280241000000000.0 -3.48 4.204 [-3.48]
5.01213e+17 3.49165e+20 485919000000000.0 7670280000000000.0 906597000000000.0 81117900000000.0 1907010000000000.0 23110500000000.0 1207730000000.0 1.4271e+16 10442900000000.0 699916000000.0 1250820000000.0 37544800000000.0 559908000000000.0 238864000000000.0 254996000000000.0 -3.46 4.202 [-3.46]
5.0119e+17 3.31544e+20 484546000000000.0 7313810000000000.0 828920000000000.0 82572100000000.0 1821630000000000.0 20557900000000.0 1301120000000.0 1.35724e+16 8931920000000.0 573284000000.0 1251690000000.0 37412100000000.0 544032000000000.0 227576000000000.0 231577000000000.0 -3.44 4.2 [-3.44]
5.01199e+17 3.14617e+20 482894000000000.0 6967000000000000.0 756755000000000.0 84048900000000.0 1738070000000000.0 18254200000000.0 1401570000000.0 1.28961e+16 7617670000000.0 467859000000.0 1250840000000.0 37265500000000.0 527918000000000.0 216495000000000.0 209622000000000.0 -3.42 4.198 [-3.42]
5.01255e+17 2.9871e+20 481255000000000.0 6637430000000000.0 690825000000000.0 85584900000000.0 1658270000000000.0 16208700000000.0 1510300000000.0 1.22562e+16 6495870000000.0 382022000000.0 1249010000000.0 37136900000000.0 511991000000000.0 205826000000000.0 189505000000000.0 -3.4 4.196 [-3.4]
5.01211e+17 2.83633e+20 479596000000000.0 6321700000000000.0 630075000000000.0 87164500000000.0 1581410000000000.0 14380200000000.0 1626860000000.0 1.16453e+16 5530890000000.0 311481000000.0 1246270000000.0 37006100000000.0 496251000000000.0 195382000000000.0 170977000000000.0 -3.38 4.194 [-3.38]
5.01215e+17 2.69389e+20 477805000000000.0 6020080000000000.0 574711000000000.0 88784500000000.0 1507670000000000.0 12751800000000.0 1751860000000.0 1.1064e+16 4703970000000.0 253670000000.0 1242400000000.0 36878700000000.0 480598000000000.0 185373000000000.0 154019000000000.0 -3.36 4.192 [-3.36]
5.01195e+17 2.55792e+20 475937000000000.0 5729290000000000.0 523413000000000.0 90446900000000.0 1436140000000000.0 11295400000000.0 1886650000000.0 1.05044e+16 3995070000000.0 206386000000.0 1237300000000.0 36751900000000.0 465028000000000.0 175535000000000.0 138394000000000.0 -3.34 4.189 [-3.34]
5.01245e+17 2.42873e+20 473977000000000.0 5450300000000000.0 476252000000000.0 92155100000000.0 1367150000000000.0 9994770000000.0 2031920000000.0 9968620000000000.0 3387170000000.0 167653000000.0 1231100000000.0 36633600000000.0 449574000000000.0 166006000000000.0 124089000000000.0 -3.32 4.187 [-3.32]
5.01214e+17 2.30589e+20 471825000000000.0 5182480000000000.0 433043000000000.0 93886400000000.0 1300590000000000.0 8837680000000.0 2187290000000.0 9455140000000000.0 2868270000000.0 136046000000.0 1223490000000.0 36511300000000.0 434205000000000.0 156799000000000.0 111053000000000.0 -3.3 4.185 [-3.3]
5.01195e+17 2.18991e+20 469708000000000.0 4927390000000000.0 393531000000000.0 95672600000000.0 1236880000000000.0 7809810000000.0 2353900000000.0 8966600000000000.0 2425930000000.0 110297000000.0 1215290000000.0 36393500000000.0 419180000000000.0 147908000000000.0 99238300000000.0 -3.28 4.183 [-3.28]
5.01195e+17 2.08026e+20 467445000000000.0 4684150000000000.0 357599000000000.0 97488800000000.0 1175850000000000.0 6898210000000.0 2531920000000.0 8501300000000000.0 2049470000000.0 89331000000.0 1206040000000.0 36285600000000.0 404343000000000.0 139440000000000.0 88573200000000.0 -3.26 4.181 [-3.26]
5.01255e+17 1.97546e+20 465093000000000.0 4449810000000000.0 324426000000000.0 99352100000000.0 1116730000000000.0 6084050000000.0 2723840000000.0 8052980000000000.0 1727580000000.0 72208900000.0 1195660000000.0 36181600000000.0 389663000000000.0 131207000000000.0 78851500000000.0 -3.24 4.179 [-3.24]
5.01226e+17 1.87536e+20 462535000000000.0 4224280000000000.0 293954000000000.0 101225000000000.0 1059550000000000.0 5358050000000.0 2928440000000.0 7621610000000000.0 1452750000000.0 58236000000.0 1183990000000.0 36078400000000.0 375099000000000.0 123269000000000.0 70042600000000.0 -3.22 4.177 [-3.22]
5.01203e+17 1.78086e+20 459970000000000.0 4009800000000000.0 266212000000000.0 103140000000000.0 1004900000000000.0 4716720000000.0 3147000000000.0 7211060000000000.0 1220630000000.0 46954000000.0 1171730000000.0 35977900000000.0 360928000000000.0 115664000000000.0 62145100000000.0 -3.2 4.174 [-3.2]
5.01202e+17 1.69187e+20 457346000000000.0 3806420000000000.0 241111000000000.0 105083000000000.0 952830000000000.0 4151030000000.0 3379620000000.0 6821570000000000.0 1024690000000.0 37835600000.0 1158870000000.0 35892400000000.0 347104000000000.0 108477000000000.0 55103700000000.0 -3.18 4.172 [-3.18]
5.0119e+17 1.60674e+20 454571000000000.0 3610620000000000.0 218019000000000.0 107044000000000.0 902433000000000.0 3647600000000.0 3628220000000.0 6446020000000000.0 858272000000.0 30434200000.0 1144900000000.0 35805500000000.0 333487000000000.0 101535000000000.0 48745400000000.0 -3.16 4.17 [-3.16]
5.01239e+17 1.52544e+20 451627000000000.0 3422550000000000.0 196862000000000.0 109019000000000.0 853791000000000.0 3199590000000.0 3893790000000.0 6084990000000000.0 716699000000.0 24407500000.0 1129900000000.0 35729400000000.0 320058000000000.0 94901900000000.0 43025400000000.0 -3.14 4.168 [-3.14]
5.01214e+17 1.44863e+20 448635000000000.0 3243790000000000.0 177679000000000.0 111007000000000.0 807317000000000.0 2805600000000.0 4175200000000.0 5741060000000000.0 598182000000.0 19581000000.0 1114360000000.0 35652500000000.0 307033000000000.0 88589500000000.0 37945300000000.0 -3.12 4.166 [-3.12]
5.0119e+17 1.37472e+20 445370000000000.0 3070950000000000.0 160019000000000.0 112973000000000.0 762174000000000.0 2453850000000.0 4473650000000.0 5408130000000000.0 497156000000.0 15642600000.0 1097670000000.0 35568900000000.0 294155000000000.0 82516800000000.0 33360300000000.0 -3.1 4.164 [-3.1]
5.01238e+17 1.30519e+20 442121000000000.0 2907510000000000.0 144087000000000.0 114962000000000.0 719264000000000.0 2145410000000.0 4791580000000.0 5092600000000000.0 412900000000.0 12496600000.0 1080610000000.0 35510100000000.0 281692000000000.0 76817300000000.0 29320400000000.0 -3.08 4.162 [-3.08]
5.01216e+17 1.23947e+20 438795000000000.0 2752340000000000.0 129675000000000.0 116933000000000.0 678326000000000.0 1874490000000.0 5126110000000.0 4792410000000000.0 342512000000.0 9978340000.0 1063160000000.0 35449500000000.0 269636000000000.0 71429100000000.0 25750100000000.0 -3.06 4.16 [-3.06]
5.012e+17 1.17711e+20 435388000000000.0 2604450000000000.0 116586000000000.0 118889000000000.0 639126000000000.0 1635660000000.0 5479550000000.0 4505710000000000.0 283504000000.0 7954440000.0 1045230000000.0 35392000000000.0 257931000000000.0 66327800000000.0 22585200000000.0 -3.04 4.157 [-3.04]
5.0119e+17 1.11778e+20 431833000000000.0 2463270000000000.0 104708000000000.0 120810000000000.0 601526000000000.0 1425310000000.0 5852110000000.0 4231440000000000.0 234150000000.0 6330790000.0 1026680000000.0 35341200000000.0 246524000000000.0 61512100000000.0 19781700000000.0 -3.02 4.155 [-3.02]
5.01247e+17 1.06164e+20 428235000000000.0 2329180000000000.0 93965800000000.0 122709000000000.0 565648000000000.0 1240630000000.0 6245050000000.0 3970380000000000.0 193016000000.0 5029440000.0 1007860000000.0 35297600000000.0 235499000000000.0 56981200000000.0 17309500000000.0 -3.0 4.153 [-3.0]
5.01224e+17 1.00839e+20 424506000000000.0 2201650000000000.0 84263100000000.0 124546000000000.0 531374000000000.0 1078820000000.0 6655680000000.0 3721560000000000.0 158885000000.0 3969860000.0 988635000000.0 35250800000000.0 224829000000000.0 52717700000000.0 15133500000000.0 -2.98 4.151 [-2.98]
5.01208e+17 9.57663e+19 420655000000000.0 2079830000000000.0 75452700000000.0 126317000000000.0 498515000000000.0 936202000000.0 7085740000000.0 3483640000000000.0 130333000000.0 3123530000.0 968999000000.0 35205700000000.0 214457000000000.0 48701100000000.0 13209100000000.0 -2.96 4.149 [-2.96]
5.01198e+17 9.09717e+19 416739000000000.0 1964430000000000.0 67521600000000.0 128021000000000.0 467260000000000.0 811694000000.0 7534680000000.0 3257840000000000.0 106775000000.0 2445020000.0 949244000000.0 35159000000000.0 204481000000000.0 44937800000000.0 11523000000000.0 -2.94 4.146 [-2.94]
5.01193e+17 8.64331e+19 412740000000000.0 1854980000000000.0 60384200000000.0 129641000000000.0 437514000000000.0 702889000000.0 8001570000000.0 3043510000000000.0 87286100000.0 1912150000.0 929332000000.0 35116400000000.0 194857000000000.0 41428800000000.0 10045200000000.0 -2.92 4.144 [-2.92]
5.01189e+17 8.21232e+19 408630000000000.0 1750890000000000.0 53947600000000.0 131164000000000.0 409141000000000.0 607753000000.0 8486800000000.0 2839570000000000.0 71188900000.0 1482000000.0 909197000000.0 35074200000000.0 185555000000000.0 38146600000000.0 8748150000000.0 -2.9 4.142 [-2.9]
5.01257e+17 7.80373e+19 404461000000000.0 1652090000000000.0 48148200000000.0 132596000000000.0 382129000000000.0 524683000000.0 8991740000000.0 2645860000000000.0 57918500000.0 1151820000.0 888990000000.0 35031500000000.0 176597000000000.0 35079900000000.0 7611270000000.0 -2.88 4.14 [-2.88]
5.01246e+17 7.41487e+19 400136000000000.0 1558030000000000.0 42923000000000.0 133887000000000.0 356370000000000.0 452182000000.0 9511600000000.0 2461590000000000.0 46999400000.0 863579000.0 868546000000.0 34980000000000.0 167938000000000.0 32215000000000.0 6614910000000.0 -2.86 4.138 [-2.86]
5.01234e+17 7.0453e+19 395699000000000.0 1468610000000000.0 38221100000000.0 135045000000000.0 331850000000000.0 389006000000.0 10047900000000.0 2286620000000000.0 38037100000.0 650517000.0 847984000000.0 34923200000000.0 159585000000000.0 29544100000000.0 5742920000000.0 -2.84 4.136 [-2.84]
5.01223e+17 6.69314e+19 391118000000000.0 1383440000000000.0 33989400000000.0 136052000000000.0 308480000000000.0 333975000000.0 10600000000000.0 2120290000000000.0 30692500000.0 511398000.0 827232000000.0 34864400000000.0 151503000000000.0 27056100000000.0 4979380000000.0 -2.82 4.134 [-2.82]
