Cloudy_runs/pg1121/z=0.192393/logZ=-1/component_II_PI_nH/component_II_PI_nH_col_density_param.txt
# %ECSV 1.0
# ---
# datatype:
# - {name: H, datatype: float64}
# - {name: H+, datatype: float64}
# - {name: C+, datatype: float64}
# - {name: C+2, datatype: float64}
# - {name: C+3, datatype: float64}
# - {name: N+, datatype: float64}
# - {name: N+2, datatype: float64}
# - {name: N+4, datatype: float64}
# - {name: O, datatype: float64}
# - {name: O+2, datatype: float64}
# - {name: O+5, datatype: float64}
# - {name: O+6, datatype: float64}
# - {name: P+, datatype: float64}
# - {name: Si+, datatype: float64}
# - {name: Si+2, datatype: float64}
# - {name: Si+3, datatype: float64}
# - {name: Si+4, datatype: float64}
# - {name: log_nH, datatype: float64}
# - {name: log_Te, datatype: float64}
# - {name: parameters, datatype: string, subtype: 'float64[1]'}
# schema: astropy-2.0
H H+ C+ C+2 C+3 N+ N+2 N+4 O O+2 O+5 O+6 P+ Si+ Si+2 Si+3 Si+4 log_nH log_Te parameters
[from data line 242]
5.01192e+17 2.5881e+17 16423200000000.0 213508000000.0 0.0 2001220000000.0 167068000.0 0.0 26318900000000.0 829258000.0 0.0 0.0 19435300000.0 2435050000000.0 11479300000.0 38103700.0 0.0 -0.16 3.92 [-0.16]
5.01191e+17 2.51243e+17 16181400000000.0 203210000000.0 0.0 1939220000000.0 153250000.0 0.0 26283400000000.0 761299000.0 0.0 0.0 19244200000.0 2411070000000.0 10889200000.0 35719300.0 0.0 -0.14 3.919 [-0.14]
5.01192e+17 2.43921e+17 15945100000000.0 193429000000.0 0.0 1879090000000.0 140602000.0 0.0 26248500000000.0 699173000.0 0.0 0.0 19059300000.0 2387850000000.0 10330700000.0 33499000.0 0.0 -0.12 3.917 [-0.12]
5.0119e+17 2.36835e+17 15714000000000.0 184139000000.0 0.0 1820760000000.0 129019000.0 0.0 26214100000000.0 642358000.0 0.0 0.0 18880200000.0 2365360000000.0 9801770000.0 31430400.0 0.0 -0.1 3.916 [-0.1]
5.0119e+17 2.29976e+17 15487900000000.0 175312000000.0 0.0 1764160000000.0 118410000.0 0.0 26180200000000.0 590376000.0 0.0 0.0 18706900000.0 2343580000000.0 9300840000.0 29502100.0 0.0 -0.08 3.914 [-0.08]
5.0119e+17 2.23331e+17 15266600000000.0 166919000000.0 0.0 1709200000000.0 108685000.0 0.0 26146900000000.0 542787000.0 0.0 0.0 18538900000.0 2322470000000.0 8825260000.0 27703600.0 0.0 -0.06 3.913 [-0.06]
5.0119e+17 2.16893e+17 15049900000000.0 158937000000.0 0.0 1655830000000.0 99770600.0 0.0 26114100000000.0 499202000.0 0.0 0.0 18376100000.0 2302000000000.0 8374150000.0 26025200.0 0.0 -0.04 3.911 [-0.04]
5.0119e+17 2.10655e+17 14837500000000.0 151345000000.0 0.0 1604010000000.0 91596600.0 0.0 26081800000000.0 459270000.0 0.0 0.0 18218300000.0 2282160000000.0 7945840000.0 24458100.0 0.0 -0.02 3.909 [-0.02]
5.0119e+17 2.04613e+17 14629400000000.0 144124000000.0 0.0 1553730000000.0 84104400.0 0.0 26049900000000.0 422675000.0 0.0 0.0 18065500000.0 2262920000000.0 7540210000.0 22994400.0 0.0 -0.0 3.907 [-0.0]
5.01191e+17 1.98761e+17 14425600000000.0 137259000000.0 0.0 1504950000000.0 77233800.0 0.0 26018700000000.0 389125000.0 0.0 0.0 17917400000.0 2244280000000.0 7155460000.0 21626700.0 0.0 0.02 3.905 [0.02]
5.01191e+17 1.93083e+17 14225600000000.0 130721000000.0 0.0 1457480000000.0 70922900.0 0.0 25988000000000.0 358351000.0 0.0 0.0 17773700000.0 2226190000000.0 6788070000.0 20347900.0 0.0 0.04 3.903 [0.04]
5.01191e+17 1.87574e+17 14029300000000.0 124496000000.0 0.0 1411320000000.0 65127700.0 0.0 25957700000000.0 330108000.0 0.0 0.0 17634200000.0 2208620000000.0 6437990000.0 19151500.0 0.0 0.06 3.901 [0.06]
5.0119e+17 1.82204e+17 13835900000000.0 118552000000.0 0.0 1366120000000.0 59784200.0 0.0 25927800000000.0 304156000.0 0.0 0.0 17498200000.0 2191480000000.0 6099090000.0 18031200.0 0.0 0.08 3.9 [0.08]
5.01189e+17 1.77021e+17 13646700000000.0 112909000000.0 0.0 1322500000000.0 54899500.0 0.0 25898400000000.0 280355000.0 0.0 0.0 17366900000.0 2174930000000.0 5781930000.0 16983100.0 0.0 0.1 3.898 [0.1]
5.01189e+17 1.71994e+17 13460800000000.0 107535000000.0 0.0 1280180000000.0 50418600.0 0.0 25869700000000.0 258480000.0 0.0 0.0 17239500000.0 2158860000000.0 5482000000.0 16001300.0 0.0 0.12 3.895 [0.12]
5.0119e+17 1.67108e+17 13278100000000.0 102413000000.0 0.0 1238880000000.0 46293700.0 0.0 25841400000000.0 238388000.0 0.0 0.0 17115700000.0 2143240000000.0 5193180000.0 15081400.0 0.0 0.14 3.893 [0.14]
5.0119e+17 1.62389e+17 13099400000000.0 97551900000.0 0.0 1198820000000.0 42508700.0 0.0 25813700000000.0 219970000.0 0.0 0.0 16996100000.0 2128150000000.0 4917350000.0 14220300.0 0.0 0.16 3.891 [0.16]
5.01189e+17 1.57784e+17 12922700000000.0 92901300000.0 0.0 1159770000000.0 39027900.0 0.0 25786200000000.0 202975000.0 0.0 0.0 16879300000.0 2113400000000.0 4656000000.0 13411400.0 0.0 0.18 3.888 [0.18]
5.0119e+17 1.5331e+17 12749000000000.0 88471700000.0 0.0 1121680000000.0 35822900.0 0.0 25759400000000.0 187356000.0 0.0 0.0 16765800000.0 2099070000000.0 4404190000.0 12652800.0 0.0 0.2 3.885 [0.2]
5.0119e+17 1.48964e+17 12578200000000.0 84250800000.0 0.0 1084570000000.0 32875500.0 0.0 25732900000000.0 172984000.0 0.0 0.0 16655600000.0 2085140000000.0 4163410000.0 11940900.0 0.0 0.22 3.883 [0.22]
5.0119e+17 1.44774e+17 12411100000000.0 80246400000.0 0.0 1048700000000.0 30177900.0 0.0 25707100000000.0 159797000.0 0.0 0.0 16549300000.0 2071700000000.0 3936090000.0 11273500.0 0.0 0.24 3.88 [0.24]
5.0119e+17 1.40662e+17 12245400000000.0 76408500000.0 0.0 1013360000000.0 27680000.0 0.0 25681600000000.0 147614000.0 0.0 0.0 16444900000.0 2058500000000.0 3714500000.0 10645600.0 0.0 0.26 3.877 [0.26]
5.0119e+17 1.36662e+17 12082200000000.0 72749700000.0 0.0 978868000000.0 25380700.0 0.0 25656400000000.0 136395000.0 0.0 0.0 16343300000.0 2045650000000.0 3501900000.0 10055700.0 0.0 0.28 3.874 [0.28]
5.01189e+17 1.32774e+17 11921600000000.0 69264700000.0 0.0 945213000000.0 23264700.0 0.0 25631700000000.0 126063000.0 0.0 0.0 16244600000.0 2033150000000.0 3297980000.0 9501340.0 0.0 0.3 3.87 [0.3]
5.0119e+17 1.28988e+17 11763200000000.0 65940500000.0 0.0 912331000000.0 21316700.0 0.0 25607500000000.0 116539000.0 0.0 0.0 16148400000.0 2020960000000.0 3102540000.0 8980090.0 0.0 0.32 3.866 [0.32]
5.0119e+17 1.25284e+17 11606600000000.0 62764100000.0 0.0 879934000000.0 19515100.0 0.0 25583500000000.0 107753000.0 0.0 0.0 16054300000.0 2009030000000.0 2911900000.0 8489710.0 0.0 0.34 3.862 [0.34]
5.01188e+17 1.21707e+17 11452700000000.0 59745800000.0 0.0 848442000000.0 17863500.0 0.0 25560100000000.0 99689600.0 0.0 0.0 15963300000.0 1997490000000.0 2729950000.0 8029150.0 0.0 0.36 3.858 [0.36]
5.01187e+17 1.18213e+17 11300800000000.0 56864500000.0 0.0 817421000000.0 16336100.0 0.0 25537100000000.0 92252200.0 0.0 0.0 15874500000.0 1986210000000.0 2552610000.0 7595740.0 0.0 0.38 3.852 [0.38]
5.01192e+17 1.14897e+17 11151800000000.0 54126100000.0 0.0 787467000000.0 14944200.0 0.0 25515300000000.0 85496100.0 0.0 0.0 15790200000.0 1975480000000.0 2383670000.0 7189870.0 0.0 0.4 3.847 [0.4]
5.0119e+17 1.117e+17 11005000000000.0 51508500000.0 0.0 757974000000.0 13660300.0 0.0 25493900000000.0 79316300.0 0.0 0.0 15708900000.0 1965090000000.0 2218800000.0 6808720.0 0.0 0.42 3.839 [0.42]
5.0119e+17 1.08527e+17 10859000000000.0 48996100000.0 0.0 728235000000.0 12459000.0 0.0 25472600000000.0 73581400.0 0.0 0.0 15628100000.0 1954770000000.0 2054130000.0 6449200.0 0.0 0.44 3.831 [0.44]
5.01191e+17 1.05347e+17 10714900000000.0 46605600000.0 0.0 698135000000.0 11335500.0 0.0 25451200000000.0 68225900.0 0.0 0.0 15547100000.0 1944420000000.0 1891130000.0 6109610.0 0.0 0.46 3.819 [0.46]
5.01191e+17 1.02083e+17 10571500000000.0 44327000000.0 0.0 666444000000.0 10266300.0 0.0 25429300000000.0 63210100.0 0.0 0.0 15463800000.0 1933770000000.0 1722370000.0 5788940.0 0.0 0.48 3.794 [0.48]
5.0119e+17 9.81077e+16 10415200000000.0 41937600000.0 0.0 622502000000.0 9137410.0 0.0 25404600000000.0 58530000.0 0.0 0.0 15362100000.0 1920400000000.0 1527590000.0 5491910.0 0.0 0.5 3.47 [0.5]
5.01191e+17 9.35143e+16 10245100000000.0 39443700000.0 0.0 568760000000.0 7990950.0 0.0 25378100000000.0 54163000.0 0.0 0.0 15244400000.0 1904520000000.0 1322850000.0 5215770.0 0.0 0.52 3.448 [0.52]
5.01189e+17 8.82715e+16 10056700000000.0 36816400000.0 0.0 506678000000.0 6842140.0 0.0 25349500000000.0 50007800.0 0.0 0.0 15110000000.0 1885940000000.0 1118460000.0 4955300.0 0.0 0.54 3.427 [0.54]
5.01187e+17 8.44399e+16 9895780000000.0 34728800000.0 0.0 465959000000.0 5999430.0 0.0 25326400000000.0 46268400.0 0.0 0.0 15011900000.0 1872590000000.0 965023000.0 4703760.0 0.0 0.56 3.41 [0.56]
5.01188e+17 7.99566e+16 9717200000000.0 32515500000.0 0.0 416466000000.0 5135330.0 0.0 25301500000000.0 42714800.0 0.0 0.0 14897100000.0 1856510000000.0 809011000.0 4467070.0 0.0 0.58 3.392 [0.58]
5.01187e+17 7.55439e+16 9536320000000.0 30413700000.0 0.0 368807000000.0 4352460.0 0.0 25277100000000.0 39390600.0 0.0 0.0 14784000000.0 1840480000000.0 665891000.0 4241770.0 0.0 0.6 3.374 [0.6]
5.01188e+17 7.12849e+16 9355120000000.0 28434400000.0 0.0 324348000000.0 3662220.0 0.0 25253700000000.0 36287500.0 0.0 0.0 14674900000.0 1824820000000.0 542033000.0 4027420.0 0.0 0.62 3.358 [0.62]
5.01188e+17 6.71666e+16 9173080000000.0 26570000000.0 0.0 282630000000.0 3050290.0 0.0 25231200000000.0 33391900.0 0.0 0.0 14569400000.0 1809490000000.0 432515000.0 3823560.0 0.0 0.64 3.342 [0.64]
5.01188e+17 6.32269e+16 8991830000000.0 24830200000.0 0.0 243991000000.0 2514410.0 0.0 25209600000000.0 30700600.0 0.0 0.0 14468400000.0 1794630000000.0 337228000.0 3629980.0 0.0 0.66 3.326 [0.66]
5.01188e+17 5.94902e+16 8811130000000.0 23208800000.0 0.0 208702000000.0 2051040.0 0.0 25189000000000.0 28203100.0 0.0 0.0 14372600000.0 1780360000000.0 255861000.0 3446190.0 0.0 0.68 3.311 [0.68]
5.01189e+17 5.5859e+16 8627530000000.0 21662800000.0 0.0 175173000000.0 1639560.0 0.0 25169300000000.0 25886200.0 0.0 0.0 14279500000.0 1766230000000.0 184075000.0 3271990.0 0.0 0.7 3.296 [0.7]
5.01188e+17 5.26072e+16 8450690000000.0 20272000000.0 0.0 146921000000.0 1307010.0 0.0 25151100000000.0 23767400.0 0.0 0.0 14196000000.0 1753450000000.0 127113000.0 3107080.0 0.0 0.72 3.281 [0.72]
5.01187e+17 4.96478e+16 8277790000000.0 18996700000.0 0.0 122707000000.0 1035790.0 0.0 25134200000000.0 21823000.0 0.0 0.0 14119900000.0 1741670000000.0 81733700.0 2950970.0 0.0 0.74 3.265 [0.74]
5.01188e+17 4.51311e+16 8066960000000.0 17485200000.0 0.0 78298900000.0 610181.0 0.0 25112100000000.0 19798600.0 0.0 0.0 14003900000.0 1723390000000.0 1532390.0 2801400.0 0.0 0.76 3.249 [0.76]
5.01187e+17 4.34811e+16 7919980000000.0 16574600000.0 0.0 73160600000.0 547197.0 0.0 25099500000000.0 18217200.0 0.0 0.0 13961400000.0 1716810000000.0 1421730.0 2661500.0 0.0 0.78 3.235 [0.78]
5.01188e+17 4.19648e+16 7774960000000.0 15715200000.0 0.0 68585900000.0 492700.0 0.0 25088000000000.0 16789400.0 0.0 0.0 13922400000.0 1710620000000.0 1332010.0 2529340.0 0.0 0.8 3.222 [0.8]
5.01188e+17 4.04896e+16 7631290000000.0 14902700000.0 0.0 64372900000.0 444256.0 0.0 25076600000000.0 15459600.0 0.0 0.0 13884300000.0 1704580000000.0 1254610.0 2403800.0 0.0 0.82 3.21 [0.82]
5.01188e+17 3.9091e+16 7488540000000.0 14133100000.0 0.0 60528900000.0 401502.0 0.0 25065600000000.0 14240200.0 0.0 0.0 13848100000.0 1698730000000.0 1186300.0 2284790.0 0.0 0.84 3.197 [0.84]
5.01189e+17 3.7754e+16 7347180000000.0 13404400000.0 0.0 56988500000.0 363481.0 0.0 25055100000000.0 13116800.0 0.0 0.0 13813500000.0 1693070000000.0 1124510.0 2171900.0 0.0 0.86 3.183 [0.86]
5.01189e+17 3.64663e+16 7206660000000.0 12712400000.0 0.0 53703900000.0 329495.0 0.0 25044900000000.0 12078700.0 0.0 0.0 13780200000.0 1687540000000.0 1067580.0 2064710.0 0.0 0.88 3.17 [0.88]
5.01189e+17 3.52304e+16 7067480000000.0 12056400000.0 0.0 50654300000.0 299123.0 0.0 25035000000000.0 11120400.0 0.0 0.0 13748100000.0 1682150000000.0 1014670.0 1962970.0 0.0 0.9 3.157 [0.9]
5.01189e+17 3.4044e+16 6929550000000.0 11434300000.0 0.0 47818100000.0 271944.0 0.0 25025500000000.0 10236300.0 0.0 0.0 13717200000.0 1676890000000.0 965132.0 1866380.0 0.0 0.92 3.145 [0.92]
5.01189e+17 3.29008e+16 6792820000000.0 10843100000.0 0.0 45165300000.0 247521.0 0.0 25016200000000.0 9419540.0 0.0 0.0 13687400000.0 1671740000000.0 918483.0 1774650.0 0.0 0.94 3.132 [0.94]
5.01189e+17 3.17963e+16 6656730000000.0 10280300000.0 0.0 42683100000.0 225564.0 0.0 25007200000000.0 8664780.0 0.0 0.0 13658500000.0 1666660000000.0 874414.0 1687490.0 0.0 0.96 3.119 [0.96]
5.01189e+17 3.07375e+16 6522210000000.0 9746370000.0 0.0 40359500000.0 205808.0 0.0 24998500000000.0 7970160.0 0.0 0.0 13630800000.0 1661720000000.0 832733.0 1604730.0 0.0 0.98 3.107 [0.98]
5.01189e+17 2.97161e+16 6388780000000.0 9238460000.0 0.0 38177200000.0 187988.0 0.0 24990100000000.0 7329380.0 0.0 0.0 13604000000.0 1656850000000.0 793212.0 1526100.0 0.0 1.0 3.094 [1.0]
