Cloudy_runs/sbs1108/z=0.463207/logZ=1/component_III_PI_nH/component_III_PI_nH_col_density_param.txt
# %ECSV 1.0
# ---
# datatype:
# - {name: H, datatype: float64}
# - {name: H+, datatype: float64}
# - {name: C+, datatype: float64}
# - {name: C+2, datatype: float64}
# - {name: C+3, datatype: float64}
# - {name: N+, datatype: float64}
# - {name: N+2, datatype: float64}
# - {name: N+4, datatype: float64}
# - {name: O, datatype: float64}
# - {name: O+2, datatype: float64}
# - {name: O+5, datatype: float64}
# - {name: O+6, datatype: float64}
# - {name: P+, datatype: float64}
# - {name: Si+, datatype: float64}
# - {name: Si+2, datatype: float64}
# - {name: Si+3, datatype: float64}
# - {name: Si+4, datatype: float64}
# - {name: log_nH, datatype: float64}
# - {name: parameters, datatype: string, subtype: 'float64[1]'}
# schema: astropy-2.0
H H+ C+ C+2 C+3 N+ N+2 N+4 O O+2 O+5 O+6 P+ Si+ Si+2 Si+3 Si+4 log_nH parameters
1.23048e+18 5.64511e+21 2.30279e+16 7.65692e+18 2.17419e+18 5216770000000000.0 1.6031e+18 2.95689e+17 7840770000000.0 1.65929e+19 2.61885e+18 3.06026e+18 30586900000000.0 6648560000000000.0 6.99461e+16 7.13047e+17 4.84688e+17 -5.0 [-5.0]
1.23046e+18 5.3762e+21 2.29884e+16 7.30767e+18 2.08223e+18 5226590000000000.0 1.53004e+18 2.89689e+17 8320380000000.0 1.58143e+19 2.50928e+18 2.8369e+18 31597600000000.0 6994250000000000.0 7.0095e+16 6.83652e+17 4.52923e+17 -4.98 [-4.98]
1.23027e+18 5.12018e+21 2.29546e+16 6.97842e+18 1.9945e+18 5237330000000000.0 1.46127e+18 2.83714e+17 8824580000000.0 1.5077e+19 2.4006e+18 2.62262e+18 32619000000000.0 7350190000000000.0 7.02018e+16 6.5539e+17 4.23462e+17 -4.96 [-4.96]
1.23029e+18 4.87824e+21 2.29283e+16 6.66625e+18 1.91237e+18 5249850000000000.0 1.39588e+18 2.77664e+17 9368430000000.0 1.43804e+19 2.29499e+18 2.42454e+18 33663000000000.0 7725090000000000.0 7.02824e+16 6.28079e+17 3.96306e+17 -4.94 [-4.94]
1.23038e+18 4.6471e+21 2.29176e+16 6.37135e+18 1.83577e+18 5264070000000000.0 1.3343e+18 2.71649e+17 9949880000000.0 1.37244e+19 2.18873e+18 2.23052e+18 34760700000000.0 8113930000000000.0 7.03512e+16 6.01651e+17 3.71305e+17 -4.92 [-4.92]
1.23028e+18 4.42845e+21 2.2906e+16 6.09272e+18 1.76102e+18 5280480000000000.0 1.27605e+18 2.65524e+17 10569000000000.0 1.31005e+19 2.08677e+18 2.05337e+18 35847300000000.0 8519450000000000.0 7.03741e+16 5.76312e+17 3.47985e+17 -4.9 [-4.9]
1.23045e+18 4.21996e+21 2.29104e+16 5.82906e+18 1.69178e+18 5300130000000000.0 1.22116e+18 2.59328e+17 11240000000000.0 1.25133e+19 1.98436e+18 1.88346e+18 36991900000000.0 8944490000000000.0 7.0397e+16 5.51792e+17 3.26524e+17 -4.88 [-4.88]
1.23029e+18 4.02167e+21 2.2911e+16 5.57895e+18 1.62439e+18 5316190000000000.0 1.16891e+18 2.5303e+17 11930200000000.0 1.19521e+19 1.88507e+18 1.72602e+18 38105500000000.0 9369160000000000.0 7.0311e+16 5.28192e+17 3.06588e+17 -4.86 [-4.86]
1.23027e+18 3.83367e+21 2.29191e+16 5.34024e+18 1.56048e+18 5333430000000000.0 1.11919e+18 2.46641e+17 12674800000000.0 1.14183e+19 1.78979e+18 1.58202e+18 39266600000000.0 9808940000000000.0 7.02122e+16 5.05266e+17 2.88157e+17 -4.84 [-4.84]
1.23049e+18 3.65434e+21 2.29417e+16 5.11557e+18 1.49978e+18 5352950000000000.0 1.07234e+18 2.40146e+17 13471800000000.0 1.09148e+19 1.69471e+18 1.4444e+18 40447000000000.0 1.02648e+16 7.00696e+16 4.83297e+17 2.71098e+17 -4.82 [-4.82]
1.23027e+18 3.48385e+21 2.29636e+16 4.90241e+18 1.44235e+18 5373480000000000.0 1.02789e+18 2.33562e+17 14317600000000.0 1.04377e+19 1.60182e+18 1.31605e+18 41617300000000.0 1.07333e+16 6.98704e+16 4.62118e+17 2.55364e+17 -4.8 [-4.8]
1.23027e+18 3.32114e+21 2.29984e+16 4.7003e+18 1.38669e+18 5394480000000000.0 9.85814e+17 2.26861e+17 15218600000000.0 9.9832e+18 1.51105e+18 1.1963e+18 42824700000000.0 1.12097e+16 6.96359e+16 4.41684e+17 2.40736e+17 -4.78 [-4.78]
1.23045e+18 3.16573e+21 2.30443e+16 4.5079e+18 1.33344e+18 5416890000000000.0 9.45734e+17 2.20041e+17 16191300000000.0 9.55056e+18 1.42226e+18 1.0843e+18 44065300000000.0 1.17011e+16 6.93663e+16 4.21908e+17 2.2717e+17 -4.76 [-4.76]
1.23034e+18 3.01782e+21 2.30869e+16 4.32504e+18 1.28298e+18 5437950000000000.0 9.07771e+17 2.13117e+17 17206300000000.0 9.13982e+18 1.33576e+18 9.80343e+17 45291600000000.0 1.21912e+16 6.90227e+16 4.02869e+17 2.14659e+17 -4.74 [-4.74]
1.2304e+18 2.87666e+21 2.31436e+16 4.1516e+18 1.23431e+18 5460570000000000.0 8.71635e+17 2.0609e+17 18298700000000.0 8.74884e+18 1.25152e+18 8.83493e+17 46534800000000.0 1.26955e+16 6.86311e+16 3.84547e+17 2.03034e+17 -4.72 [-4.72]
1.23037e+18 2.74169e+21 2.32041e+16 3.98611e+18 1.18749e+18 5482670000000000.0 8.37238e+17 1.98932e+17 19456600000000.0 8.3757e+18 1.16953e+18 7.93769e+17 47789000000000.0 1.32013e+16 6.81853e+16 3.6683e+17 1.92236e+17 -4.7 [-4.7]
1.23037e+18 2.61322e+21 2.32741e+16 3.82946e+18 1.14245e+18 5505730000000000.0 8.04631e+17 1.91699e+17 20692100000000.0 8.02151e+18 1.09019e+18 7.10851e+17 49046600000000.0 1.37143e+16 6.7685e+16 3.49843e+17 1.82236e+17 -4.68 [-4.68]
1.23027e+18 2.49022e+21 2.33496e+16 3.67956e+18 1.099e+18 5527520000000000.0 7.73404e+17 1.84363e+17 22000500000000.0 7.68222e+18 1.01334e+18 6.34337e+17 50303100000000.0 1.42257e+16 6.7118e+16 3.33428e+17 1.7292e+17 -4.66 [-4.66]
1.23033e+18 2.37254e+21 2.34287e+16 3.5365e+18 1.05703e+18 5549380000000000.0 7.43725e+17 1.76951e+17 23390200000000.0 7.35803e+18 9.39112e+17 5.63752e+17 51572600000000.0 1.47346e+16 6.65068e+16 3.17586e+17 1.64252e+17 -4.64 [-4.64]
1.23027e+18 2.26024e+21 2.35185e+16 3.4004e+18 1.01639e+18 5573760000000000.0 7.15456e+17 1.69497e+17 24894500000000.0 7.04914e+18 8.67585e+17 4.98987e+17 52856300000000.0 1.52545e+16 6.5857e+16 3.02326e+17 1.56184e+17 -4.62 [-4.62]
1.23033e+18 2.15278e+21 2.36208e+16 3.27189e+18 9.77031e+17 5600050000000000.0 6.88783e+17 1.61909e+17 26507000000000.0 6.75617e+18 7.97675e+17 4.3859e+17 54146200000000.0 1.5777e+16 6.5162e+16 2.87723e+17 1.48675e+17 -4.6 [-4.6]
1.23039e+18 2.05048e+21 2.37169e+16 3.14728e+18 9.3855e+17 5620070000000000.0 6.62844e+17 1.54458e+17 28174800000000.0 6.4722e+18 7.33338e+17 3.86125e+17 55398900000000.0 1.62726e+16 6.43689e+16 2.73621e+17 1.41669e+17 -4.58 [-4.58]
1.23036e+18 1.95213e+21 2.38235e+16 3.02883e+18 9.01236e+17 5642910000000000.0 6.3818e+17 1.4689e+17 29973300000000.0 6.20173e+18 6.70311e+17 3.36945e+17 56645200000000.0 1.67751e+16 6.35298e+16 2.60069e+17 1.35098e+17 -4.56 [-4.56]
1.23036e+18 1.85816e+21 2.39398e+16 2.91634e+18 8.65059e+17 5667810000000000.0 6.1487e+17 1.39315e+17 31905100000000.0 5.94416e+18 6.09686e+17 2.91854e+17 57913900000000.0 1.72703e+16 6.26698e+16 2.47068e+17 1.28969e+17 -4.54 [-4.54]
1.23043e+18 1.76825e+21 2.40604e+16 2.80802e+18 8.29519e+17 5689800000000000.0 5.92333e+17 1.31815e+17 33940100000000.0 5.69579e+18 5.52882e+17 2.51903e+17 59157400000000.0 1.77465e+16 6.17349e+16 2.34557e+17 1.23225e+17 -4.52 [-4.52]
1.23032e+18 1.6822e+21 2.41833e+16 2.70449e+18 7.94743e+17 5712650000000000.0 5.70783e+17 1.24375e+17 36111300000000.0 5.45807e+18 4.99043e+17 2.15898e+17 60375500000000.0 1.82129e+16 6.07545e+16 2.22568e+17 1.17818e+17 -4.5 [-4.5]
1.23035e+18 1.59949e+21 2.43111e+16 2.60416e+18 7.60823e+17 5731880000000000.0 5.49872e+17 1.17015e+17 38401500000000.0 5.22816e+18 4.48249e+17 1.83664e+17 61581900000000.0 1.86519e+16 5.97011e+16 2.10977e+17 1.12737e+17 -4.48 [-4.48]
1.2303e+18 1.5207e+21 2.44507e+16 2.50907e+18 7.27421e+17 5754900000000000.0 5.30009e+17 1.09776e+17 40879900000000.0 5.00912e+18 4.00483e+17 1.54988e+17 62776300000000.0 1.90877e+16 5.86298e+16 1.99953e+17 1.07964e+17 -4.46 [-4.46]
1.23027e+18 1.44492e+21 2.45977e+16 2.41798e+18 6.93905e+17 5778280000000000.0 5.10921e+17 1.02624e+17 43515600000000.0 4.79834e+18 3.55518e+17 1.29479e+17 63930200000000.0 1.95094e+16 5.75023e+16 1.89408e+17 1.03415e+17 -4.44 [-4.44]
1.2303e+18 1.3722e+21 2.47585e+16 2.32969e+18 6.61124e+17 5802740000000000.0 4.92394e+17 9.56613e+16 46393500000000.0 4.5944e+18 3.13536e+17 1.07002e+17 65120900000000.0 1.99093e+16 5.63615e+16 1.79221e+17 9.90958e+16 -4.42 [-4.42]
1.23028e+18 1.30281e+21 2.49167e+16 2.24522e+18 6.29007e+17 5826390000000000.0 4.74616e+17 8.88491e+16 49408800000000.0 4.39962e+18 2.74448e+17 8.73497e+16 66220800000000.0 2.02897e+16 5.51461e+16 1.69557e+17 9.50062e+16 -4.4 [-4.4]
1.23043e+18 1.23667e+21 2.50873e+16 2.16468e+18 5.97238e+17 5850910000000000.0 4.57608e+17 8.22699e+16 52643100000000.0 4.21325e+18 2.38249e+17 7.03065e+16 67314300000000.0 2.06415e+16 5.39121e+16 1.60393e+17 9.11348e+16 -4.38 [-4.38]
1.23028e+18 1.17263e+21 2.52653e+16 2.08497e+18 5.65657e+17 5876600000000000.0 4.40692e+17 7.59263e+16 56170800000000.0 4.03034e+18 2.05022e+17 5.57364e+16 68385700000000.0 2.09789e+16 5.26364e+16 1.51466e+17 8.73519e+16 -4.36 [-4.36]
1.23036e+18 1.1114e+21 2.54743e+16 2.00955e+18 5.33655e+17 5909100000000000.0 4.24595e+17 6.9811e+16 60080500000000.0 3.85518e+18 1.74276e+17 4.31572e+16 69480900000000.0 2.13053e+16 5.1373e+16 1.43039e+17 8.37343e+16 -4.34 [-4.34]
1.23027e+18 1.05334e+21 2.56664e+16 1.93568e+18 5.03023e+17 5934610000000000.0 4.08804e+17 6.40369e+16 64099800000000.0 3.68699e+18 1.46865e+17 3.30058e+16 70470200000000.0 2.15771e+16 5.00285e+16 1.35036e+17 8.02497e+16 -4.32 [-4.32]
1.23046e+18 9.97097e+20 2.58963e+16 1.86407e+18 4.71233e+17 5962260000000000.0 3.93327e+17 5.85426e+16 68465200000000.0 3.5233e+18 1.22038e+17 2.46428e+16 71455600000000.0 2.18176e+16 4.86691e+16 1.27488e+17 7.67751e+16 -4.3 [-4.3]
1.23041e+18 9.44101e+20 2.6111e+16 1.79379e+18 4.41231e+17 5988620000000000.0 3.78212e+17 5.34382e+16 73109500000000.0 3.3663e+18 1.00264e+17 1.80994e+16 72391400000000.0 2.20133e+16 4.72908e+16 1.20287e+17 7.3429e+16 -4.28 [-4.28]
1.23035e+18 8.93924e+20 2.63184e+16 1.72525e+18 4.12417e+17 6023020000000000.0 3.63469e+17 4.86474e+16 78269400000000.0 3.21561e+18 8.10123e+16 1.30272e+16 73248600000000.0 2.22312e+16 4.58834e+16 1.13394e+17 7.01713e+16 -4.26 [-4.26]
1.23029e+18 8.45192e+20 2.65605e+16 1.6564e+18 3.82873e+17 6052190000000000.0 3.4857e+17 4.42847e+16 83752300000000.0 3.06701e+18 6.50803e+16 9379530000000000.0 74095200000000.0 2.23725e+16 4.44506e+16 1.06912e+17 6.68008e+16 -4.24 [-4.24]
1.23038e+18 7.99798e+20 2.67705e+16 1.58907e+18 3.56062e+17 6085370000000000.0 3.34195e+17 4.02603e+16 89714600000000.0 2.926e+18 5.17638e+16 6651350000000000.0 74876900000000.0 2.24971e+16 4.30124e+16 1.00759e+17 6.35461e+16 -4.22 [-4.22]
1.23029e+18 7.56113e+20 2.69874e+16 1.52181e+18 3.30018e+17 6121140000000000.0 3.19943e+17 3.64957e+16 96183000000000.0 2.78886e+18 4.09091e+16 4700300000000000.0 75627100000000.0 2.259e+16 4.15588e+16 9.49276e+16 6.02165e+16 -4.2 [-4.2]
1.23035e+18 7.16151e+20 2.71571e+16 1.45766e+18 3.06739e+17 6159690000000000.0 3.06467e+17 3.31518e+16 103160000000000.0 2.65999e+18 3.235e+16 3332380000000000.0 76263900000000.0 2.26679e+16 4.01147e+16 8.94425e+16 5.71648e+16 -4.18 [-4.18]
1.23039e+18 6.77786e+20 2.7306e+16 1.39359e+18 2.84715e+17 6201980000000000.0 2.93165e+17 3.00232e+16 110766000000000.0 2.53432e+18 2.57222e+16 2403350000000000.0 76837000000000.0 2.27291e+16 3.8649e+16 8.41927e+16 5.40814e+16 -4.16 [-4.16]
1.23029e+18 6.41394e+20 2.74368e+16 1.33026e+18 2.64343e+17 6243270000000000.0 2.80126e+17 2.72332e+16 118831000000000.0 2.41238e+18 2.08489e+16 1795880000000000.0 77358200000000.0 2.27396e+16 3.71862e+16 7.9272e+16 5.10262e+16 -4.14 [-4.14]
1.23028e+18 6.06919e+20 2.75492e+16 1.26862e+18 2.45361e+17 6288180000000000.0 2.6755e+17 2.46747e+16 127573000000000.0 2.2955e+18 1.71151e+16 1376620000000000.0 77825700000000.0 2.27249e+16 3.57352e+16 7.46445e+16 4.80517e+16 -4.12 [-4.12]
1.23042e+18 5.74949e+20 2.76305e+16 1.21012e+18 2.28238e+17 6338220000000000.0 2.55681e+17 2.23717e+16 137073000000000.0 2.18503e+18 1.41532e+16 1067990000000000.0 78224400000000.0 2.26995e+16 3.43063e+16 7.03112e+16 4.52735e+16 -4.1 [-4.1]
1.23046e+18 5.44406e+20 2.76852e+16 1.15288e+18 2.12328e+17 6389890000000000.0 2.4412e+17 2.02844e+16 147263000000000.0 2.07769e+18 1.18083e+16 841116000000000.0 78552800000000.0 2.26461e+16 3.28793e+16 6.61939e+16 4.25676e+16 -4.08 [-4.08]
1.23041e+18 5.15335e+20 2.77318e+16 1.09778e+18 1.97323e+17 6446620000000000.0 2.33048e+17 1.83348e+16 158317000000000.0 1.97501e+18 9837910000000000.0 662393000000000.0 78853100000000.0 2.25643e+16 3.14811e+16 6.23393e+16 3.99302e+16 -4.06 [-4.06]
1.23036e+18 4.87994e+20 2.77622e+16 1.04515e+18 1.8349e+17 6505660000000000.0 2.22505e+17 1.6573e+16 170150000000000.0 1.87741e+18 8232090000000000.0 525395000000000.0 79111800000000.0 2.2449e+16 3.01201e+16 5.87493e+16 3.74196e+16 -4.04 [-4.04]
1.23031e+18 4.61829e+20 2.77825e+16 9.9428e+17 1.7038e+17 6572770000000000.0 2.12348e+17 1.49302e+16 183195000000000.0 1.78339e+18 6878980000000000.0 416771000000000.0 79341800000000.0 2.23239e+16 2.87778e+16 5.53418e+16 3.49717e+16 -4.02 [-4.02]
1.23028e+18 4.37062e+20 2.77768e+16 9.45412e+17 1.58276e+17 6643240000000000.0 2.02561e+17 1.34573e+16 197300000000000.0 1.69312e+18 5769140000000000.0 332294000000000.0 79485700000000.0 2.21892e+16 2.74471e+16 5.2125e+16 3.26485e+16 -4.0 [-4.0]
1.2303e+18 4.13938e+20 2.77724e+16 8.99267e+17 1.47167e+17 6714890000000000.0 1.93316e+17 1.21457e+16 212260000000000.0 1.60798e+18 4860330000000000.0 266614000000000.0 79631100000000.0 2.20147e+16 2.61799e+16 4.91655e+16 3.04583e+16 -3.98 [-3.98]
1.23034e+18 3.91774e+20 2.775e+16 8.54642e+17 1.36663e+17 6792180000000000.0 1.84371e+17 1.09323e+16 228564000000000.0 1.52584e+18 4088650000000000.0 213732000000000.0 79720400000000.0 2.18277e+16 2.49328e+16 4.63564e+16 2.83336e+16 -3.96 [-3.96]
1.23031e+18 3.70991e+20 2.77138e+16 8.12306e+17 1.27049e+17 6869950000000000.0 1.75841e+17 9859790000000000.0 245845000000000.0 1.44779e+18 3456590000000000.0 172443000000000.0 79757800000000.0 2.16197e+16 2.3727e+16 4.3741e+16 2.6342e+16 -3.94 [-3.94]
1.23046e+18 3.51444e+20 2.7677e+16 7.72244e+17 1.18075e+17 6954770000000000.0 1.67733e+17 8889470000000000.0 264767000000000.0 1.37378e+18 2923750000000000.0 139247000000000.0 79778200000000.0 2.14072e+16 2.25627e+16 4.12865e+16 2.44671e+16 -3.92 [-3.92]
1.2303e+18 3.32732e+20 2.76265e+16 7.33535e+17 1.09657e+17 7039970000000000.0 1.59881e+17 8001700000000000.0 284765000000000.0 1.30247e+18 2473370000000000.0 112590000000000.0 79747700000000.0 2.11703e+16 2.14329e+16 3.89703e+16 2.26548e+16 -3.9 [-3.9]
1.23043e+18 3.15158e+20 2.75745e+16 6.96943e+17 1.01845e+17 7130090000000000.0 1.52421e+17 7203010000000000.0 306422000000000.0 1.23497e+18 2095020000000000.0 91182000000000.0 79701400000000.0 2.09244e+16 2.03517e+16 3.6804e+16 2.09536e+16 -3.88 [-3.88]
1.23045e+18 2.98588e+20 2.75221e+16 6.62214e+17 9.45707e+16 7224000000000000.0 1.45295e+17 6484630000000000.0 329688000000000.0 1.17077e+18 1777640000000000.0 74004200000000.0 79628700000000.0 2.06746e+16 1.9311e+16 3.47637e+16 1.93548e+16 -3.86 [-3.86]
1.23042e+18 2.82912e+20 2.74625e+16 6.29138e+17 8.77962e+16 7319540000000000.0 1.38472e+17 5836190000000000.0 354433000000000.0 1.10964e+18 1509940000000000.0 60160400000000.0 79523100000000.0 2.04095e+16 1.83148e+16 3.2846e+16 1.78437e+16 -3.84 [-3.84]
1.23037e+18 2.682e+20 2.74053e+16 5.9794e+17 8.15008e+16 7417920000000000.0 1.31996e+17 5251140000000000.0 380862000000000.0 1.05197e+18 1282260000000000.0 48872700000000.0 79404500000000.0 2.0139e+16 1.73654e+16 3.10512e+16 1.64337e+16 -3.82 [-3.82]
1.23043e+18 2.54161e+20 2.73401e+16 5.67971e+17 7.55955e+16 7521040000000000.0 1.25735e+17 4720140000000000.0 409469000000000.0 9.965e+17 1090020000000000.0 39772300000000.0 79237100000000.0 1.98696e+16 1.64449e+16 2.93339e+16 1.50953e+16 -3.8 [-3.8]
1.23029e+18 2.4094e+20 2.72756e+16 5.39615e+17 7.00943e+16 7625160000000000.0 1.19778e+17 4239030000000000.0 439627000000000.0 9.44042e+17 926246000000000.0 32347500000000.0 79053500000000.0 1.95895e+16 1.55749e+16 2.77225e+16 1.38408e+16 -3.78 [-3.78]
1.23029e+18 2.28329e+20 2.72222e+16 5.12466e+17 6.48713e+16 7736200000000000.0 1.14047e+17 3794230000000000.0 472420000000000.0 8.93829e+17 784413000000000.0 26192300000000.0 78870700000000.0 1.93129e+16 1.47428e+16 2.61807e+16 1.26439e+16 -3.76 [-3.76]
1.23027e+18 2.16551e+20 2.71655e+16 4.86944e+17 6.00926e+16 7846520000000000.0 1.0861e+17 3403780000000000.0 506945000000000.0 8.46553e+17 666640000000000.0 21295300000000.0 78652300000000.0 1.90335e+16 1.39508e+16 2.47348e+16 1.15503e+16 -3.74 [-3.74]
1.23034e+18 2.05376e+20 2.71141e+16 4.62605e+17 5.56166e+16 7960390000000000.0 1.03388e+17 3050840000000000.0 543813000000000.0 8.01424e+17 566478000000000.0 17314700000000.0 78416800000000.0 1.87581e+16 1.31927e+16 2.33533e+16 1.05245e+16 -3.72 [-3.72]
1.23035e+18 1.95021e+20 2.70635e+16 4.39951e+17 5.15277e+16 8074260000000000.0 9.84898e+16 2738630000000000.0 582672000000000.0 7.59455e+17 481743000000000.0 14080900000000.0 78172000000000.0 1.84795e+16 1.24818e+16 2.20737e+16 9593560000000000.0 -3.7 [-3.7]
