Cloudy_runs/sbs1108/z=0.463207/logZ=1/component_III_PI_nH/component_III_PI_nH_col_density_param.txt
# %ECSV 1.0
# ---
# datatype:
# - {name: H, datatype: float64}
# - {name: H+, datatype: float64}
# - {name: C+, datatype: float64}
# - {name: C+2, datatype: float64}
# - {name: C+3, datatype: float64}
# - {name: N+, datatype: float64}
# - {name: N+2, datatype: float64}
# - {name: N+4, datatype: float64}
# - {name: O, datatype: float64}
# - {name: O+2, datatype: float64}
# - {name: O+5, datatype: float64}
# - {name: O+6, datatype: float64}
# - {name: P+, datatype: float64}
# - {name: Si+, datatype: float64}
# - {name: Si+2, datatype: float64}
# - {name: Si+3, datatype: float64}
# - {name: Si+4, datatype: float64}
# - {name: log_nH, datatype: float64}
# - {name: parameters, datatype: string, subtype: 'float64[1]'}
# schema: astropy-2.0
H H+ C+ C+2 C+3 N+ N+2 N+4 O O+2 O+5 O+6 P+ Si+ Si+2 Si+3 Si+4 log_nH parameters
[from data line 127]
1.23038e+18 1.11137e+19 1.69315e+16 1.60711e+16 105173000000000.0 6451350000000000.0 1560830000000000.0 770791000000.0 6509200000000000.0 1.10597e+16 2420190000.0 0.0 25304900000000.0 3765520000000000.0 85742300000000.0 141260000000000.0 2319230000000.0 -2.46 [-2.46]
1.23032e+18 1.06293e+19 1.65847e+16 1.51254e+16 92787300000000.0 6269540000000000.0 1417030000000000.0 649621000000.0 6587590000000000.0 1.00664e+16 1521560000.0 0.0 24513600000000.0 3631060000000000.0 77344500000000.0 127430000000000.0 2002680000000.0 -2.44 [-2.44]
1.23028e+18 1.01646e+19 1.62378e+16 1.42315e+16 81787100000000.0 6088670000000000.0 1284890000000000.0 546633000000.0 6663200000000000.0 9150160000000000.0 0.0 0.0 23741100000000.0 3500910000000000.0 69714400000000.0 114883000000000.0 1729600000000.0 -2.42 [-2.42]
1.23041e+18 9.71843e+18 1.58908e+16 1.33866e+16 72031600000000.0 5908910000000000.0 1163590000000000.0 459209000000.0 6736790000000000.0 8305530000000000.0 0.0 0.0 22987000000000.0 3374920000000000.0 62781600000000.0 103498000000000.0 1493930000000.0 -2.4 [-2.4]
1.23036e+18 9.29173e+18 1.55464e+16 1.25898e+16 63383100000000.0 5731410000000000.0 1052530000000000.0 385155000000.0 6806170000000000.0 7529630000000000.0 0.0 0.0 22254200000000.0 3253410000000000.0 56497300000000.0 93198100000000.0 1290720000000.0 -2.38 [-2.38]
1.2303e+18 8.88341e+18 1.52047e+16 1.18387e+16 55736300000000.0 5556170000000000.0 951117000000000.0 322643000000.0 6872320000000000.0 6818510000000000.0 0.0 0.0 21542300000000.0 3136230000000000.0 50815200000000.0 83890200000000.0 1115770000000.0 -2.36 [-2.36]
1.23028e+18 8.49068e+18 1.48631e+16 1.11285e+16 48962400000000.0 5382380000000000.0 858301000000000.0 269794000000.0 6935730000000000.0 6164750000000000.0 0.0 0.0 20847000000000.0 3022690000000000.0 45658500000000.0 75453800000000.0 964630000000.0 -2.34 [-2.34]
1.23027e+18 8.116e+18 1.45264e+16 1.04611e+16 42993900000000.0 5211940000000000.0 773950000000000.0 225401000000.0 6995990000000000.0 5568510000000000.0 0.0 0.0 20174800000000.0 2913630000000000.0 41014000000000.0 67854400000000.0 834720000000.0 -2.32 [-2.32]
1.23034e+18 7.75726e+18 1.41935e+16 9832300000000000.0 37721900000000.0 5044440000000000.0 697095000000000.0 188016000000.0 7053590000000000.0 5023140000000000.0 0.0 0.0 19522700000000.0 2808560000000000.0 36812200000000.0 60989600000000.0 722563000000.0 -2.3 [-2.3]
1.23032e+18 7.41232e+18 1.38619e+16 9238390000000000.0 33065800000000.0 4879040000000000.0 627093000000000.0 156588000000.0 7107750000000000.0 4524260000000000.0 0.0 0.0 18887000000000.0 2706860000000000.0 33012600000000.0 54783500000000.0 625683000000.0 -2.28 [-2.28]
1.23029e+18 7.08359e+18 1.35364e+16 8681360000000000.0 28974800000000.0 4717640000000000.0 563743000000000.0 130309000000.0 7158710000000000.0 4071260000000000.0 0.0 0.0 18273900000000.0 2609380000000000.0 29598200000000.0 49205800000000.0 542335000000.0 -2.26 [-2.26]
1.23027e+18 6.76887e+18 1.32151e+16 8157180000000000.0 25375200000000.0 4559500000000000.0 506342000000000.0 108320000000.0 7206670000000000.0 3659310000000000.0 0.0 0.0 17679900000000.0 2515540000000000.0 26523700000000.0 44181400000000.0 470426000000.0 -2.24 [-2.24]
1.23036e+18 6.4677e+18 1.28986e+16 7664550000000000.0 22212700000000.0 4404800000000000.0 454434000000000.0 89956500000.0 7252310000000000.0 3285400000000000.0 0.0 0.0 17105200000000.0 2425290000000000.0 23759300000000.0 39660000000000.0 408384000000.0 -2.22 [-2.22]
1.23031e+18 6.18478e+18 1.25932e+16 7208890000000000.0 19497700000000.0 4256160000000000.0 408399000000000.0 74848900000.0 7294160000000000.0 2951670000000000.0 0.0 0.0 16559500000000.0 2340070000000000.0 21319300000000.0 35639000000000.0 355655000000.0 -2.2 [-2.2]
1.23029e+18 5.90938e+18 1.22874e+16 6773700000000000.0 17054000000000.0 4108870000000000.0 366042000000000.0 62063100000.0 7333300000000000.0 2644810000000000.0 0.0 0.0 16022700000000.0 2256730000000000.0 19086800000000.0 31983300000000.0 309317000000.0 -2.18 [-2.18]
1.23028e+18 5.6466e+18 1.19883e+16 6365480000000000.0 14911000000000.0 3965770000000000.0 327853000000000.0 51417400000.0 7369700000000000.0 2367370000000000.0 0.0 0.0 15505600000000.0 2176860000000000.0 17082100000000.0 28699700000000.0 269266000000.0 -2.16 [-2.16]
1.23027e+18 5.39476e+18 1.16939e+16 5981570000000000.0 13032800000000.0 3826080000000000.0 293460000000000.0 42567000000.0 7403340000000000.0 2116810000000000.0 0.0 0.0 15005200000000.0 2100000000000000.0 15283600000000.0 25748000000000.0 234616000000.0 -2.14 [-2.14]
1.23036e+18 5.15441e+18 1.14063e+16 5621780000000000.0 11389000000000.0 3690550000000000.0 262543000000000.0 35220800000.0 7434930000000000.0 1891040000000000.0 0.0 0.0 14523500000000.0 2026400000000000.0 13672400000000.0 23100200000000.0 204649000000.0 -2.12 [-2.12]
1.23033e+18 4.92493e+18 1.1125e+16 5284400000000000.0 9950940000000.0 3559010000000000.0 234780000000000.0 29128700000.0 7463160000000000.0 1687930000000000.0 0.0 0.0 14059400000000.0 1955820000000000.0 12229800000000.0 20725700000000.0 178711000000.0 -2.1 [-2.1]
1.2303e+18 4.70576e+18 1.08502e+16 4967940000000000.0 8693870000000.0 3431420000000000.0 209877000000000.0 24083300000.0 7488890000000000.0 1505430000000000.0 0.0 0.0 13612500000000.0 1888190000000000.0 10939400000000.0 18597000000000.0 156246000000.0 -2.08 [-2.08]
1.23029e+18 4.49687e+18 1.05828e+16 4671550000000000.0 7595820000000.0 3308090000000000.0 187564000000000.0 19907300000.0 7512250000000000.0 1341730000000000.0 0.0 0.0 13183200000000.0 1823530000000000.0 9785810000000.0 16690500000000.0 136778000000.0 -2.06 [-2.06]
1.23028e+18 4.29667e+18 1.03206e+16 4393160000000000.0 6635560000000.0 3188130000000000.0 167557000000000.0 16448800000.0 7533250000000000.0 1194770000000000.0 0.0 0.0 12768600000000.0 1761360000000000.0 8753220000000.0 14979200000000.0 119860000000.0 -2.04 [-2.04]
1.23027e+18 4.10612e+18 1.00662e+16 4132730000000000.0 5798380000000.0 3072450000000000.0 149679000000000.0 13593800000.0 7551910000000000.0 1063410000000000.0 0.0 0.0 12371200000000.0 1702020000000000.0 7832180000000.0 13448700000000.0 105188000000.0 -2.02 [-2.02]
1.23036e+18 3.92402e+18 9818540000000000.0 3888370000000000.0 5066580000000.0 2960520000000000.0 133666000000000.0 11230900000.0 7568970000000000.0 945707000000000.0 0.0 0.0 11989000000000.0 1645190000000000.0 7007870000000.0 12076200000000.0 92413000000.0 -2.0 [-2.0]
1.23035e+18 3.74958e+18 9576110000000000.0 3658890000000000.0 4427530000000.0 2851860000000000.0 119342000000000.0 9277760000.0 7583320000000000.0 840440000000000.0 0.0 0.0 11620100000000.0 1590580000000000.0 6271140000000.0 10845400000000.0 81282700000.0 -1.98 [-1.98]
1.23027e+18 3.58431e+18 9342720000000000.0 3444760000000000.0 3871630000000.0 2747760000000000.0 106587000000000.0 7669160000.0 7595250000000000.0 746831000000000.0 0.0 0.0 11268500000000.0 1538700000000000.0 5615620000000.0 9747200000000.0 71616200000.0 -1.96 [-1.96]
1.23029e+18 3.42607e+18 9115410000000000.0 3243510000000000.0 3385200000000.0 2646950000000000.0 95159800000000.0 6336370000.0 7605810000000000.0 663031000000000.0 0.0 0.0 10930000000000.0 1488940000000000.0 5028030000000.0 8761150000000.0 63158500000.0 -1.94 [-1.94]
1.23027e+18 3.27479e+18 8894220000000000.0 3054610000000000.0 2961410000000.0 2549440000000000.0 84978800000000.0 5239240000.0 7614050000000000.0 588505000000000.0 0.0 0.0 10604300000000.0 1441250000000000.0 4504850000000.0 7878840000000.0 55784300000.0 -1.92 [-1.92]
1.23029e+18 3.1319e+18 8682100000000000.0 2879170000000000.0 2593610000000.0 2456400000000000.0 75935300000000.0 4336350000.0 7620990000000000.0 522472000000000.0 0.0 0.0 10295200000000.0 1396140000000000.0 4039880000000.0 7092680000000.0 49364000000.0 -1.9 [-1.9]
1.23028e+18 2.99515e+18 8475910000000000.0 2714040000000000.0 2272400000000.0 2366390000000000.0 67859600000000.0 3589830000.0 7625890000000000.0 463639000000000.0 0.0 0.0 9997780000000.0 1352870000000000.0 3624330000000.0 6387190000000.0 43734900000.0 -1.88 [-1.88]
1.23034e+18 2.86369e+18 8274690000000000.0 2558230000000000.0 1990540000000.0 2278980000000000.0 60622400000000.0 2964370000.0 7629480000000000.0 411076000000000.0 0.0 0.0 9710530000000.0 1311220000000000.0 3251600000000.0 5752710000000.0 38783600000.0 -1.86 [-1.86]
1.2303e+18 2.73988e+18 8082640000000000.0 2413420000000000.0 1746140000000.0 2195860000000000.0 54205400000000.0 2444500000.0 7631150000000000.0 364664000000000.0 0.0 0.0 9438640000000.0 1271900000000000.0 2920650000000.0 5187710000000.0 34461900000.0 -1.84 [-1.84]
1.23028e+18 2.62072e+18 7895020000000000.0 2276600000000000.0 1531760000000.0 2115030000000000.0 48461000000000.0 2016360000.0 7631220000000000.0 323278000000000.0 0.0 0.0 9175720000000.0 1233990000000000.0 2624020000000.0 4679380000000.0 30652800000.0 -1.82 [-1.82]
1.23027e+18 2.50801e+18 7715450000000000.0 2148920000000000.0 1345380000000.0 2037890000000000.0 43356700000000.0 1662420000.0 7630110000000000.0 286675000000000.0 0.0 0.0 8926070000000.0 1198090000000000.0 2359900000000.0 4225210000000.0 27311600000.0 -1.8 [-1.8]
1.23031e+18 2.39983e+18 7540740000000000.0 2028580000000000.0 1182110000000.0 1963090000000000.0 38797300000000.0 1365690000.0 7627780000000000.0 254151000000000.0 0.0 0.0 8685520000000.0 1163590000000000.0 2123410000000.0 3817240000000.0 24365700000.0 -1.78 [-1.78]
1.23031e+18 2.29744e+18 7373450000000000.0 1916030000000000.0 1040230000000.0 1891640000000000.0 34750400000000.0 1120650000.0 7623990000000000.0 225435000000000.0 0.0 0.0 8456930000000.0 1130880000000000.0 1912830000000.0 3452470000000.0 21776000000.0 -1.76 [-1.76]
1.2303e+18 2.20032e+18 7212950000000000.0 1810740000000000.0 916471000000.0 1823230000000000.0 31149600000000.0 923668000.0 7619130000000000.0 200047000000000.0 0.0 0.0 8239320000000.0 1099820000000000.0 1725020000000.0 3125940000000.0 19494800000.0 -1.74 [-1.74]
1.23029e+18 2.10636e+18 7055670000000000.0 1710560000000000.0 806945000000.0 1756440000000000.0 27904400000000.0 759892000.0 7612850000000000.0 177314000000000.0 0.0 0.0 8027980000000.0 1069720000000000.0 1555090000000.0 2830420000000.0 17462400000.0 -1.72 [-1.72]
1.23027e+18 2.01771e+18 6905730000000000.0 1617100000000000.0 711869000000.0 1692800000000000.0 25030100000000.0 617917000.0 7605650000000000.0 157320000000000.0 0.0 0.0 7827930000000.0 1041280000000000.0 1404200000000.0 2566480000000.0 15673800000.0 -1.7 [-1.7]
1.23032e+18 1.93239e+18 6759870000000000.0 1528570000000000.0 627968000000.0 1631040000000000.0 22448000000000.0 506995000.0 7597560000000000.0 139500000000000.0 0.0 0.0 7634920000000.0 1013900000000000.0 1268180000000.0 2328170000000.0 14081200000.0 -1.68 [-1.68]
1.2303e+18 1.85159e+18 6620150000000000.0 1445620000000000.0 554926000000.0 1571930000000000.0 20156300000000.0 409498000.0 7588400000000000.0 123799000000000.0 0.0 0.0 7451410000000.0 987910000000000.0 1147050000000.0 2114590000000.0 12673500000.0 -1.66 [-1.66]
1.2303e+18 1.77358e+18 6483860000000000.0 1366670000000000.0 490200000000.0 1514420000000000.0 18090100000000.0 334562000.0 7578070000000000.0 109769000000000.0 0.0 0.0 7273800000000.0 962801000000000.0 1037400000000.0 1921120000000.0 11414000000.0 -1.64 [-1.64]
1.23028e+18 1.70045e+18 6354880000000000.0 1293210000000000.0 434114000000.0 1459900000000000.0 16266600000000.0 268104000.0 7567180000000000.0 97496300000000.0 0.0 0.0 7106800000000.0 939223000000000.0 940322000000.0 1748530000000.0 10304200000.0 -1.62 [-1.62]
1.23027e+18 1.63082e+18 6230880000000000.0 1224030000000000.0 384874000000.0 1407490000000000.0 14638400000000.0 214821000.0 7555500000000000.0 86645500000000.0 0.0 0.0 6947430000000.0 916750000000000.0 853296000000.0 1593210000000.0 9316820000.0 -1.6 [-1.6]
1.23031e+18 1.56364e+18 6109950000000000.0 1158410000000000.0 341083000000.0 1356630000000000.0 13164200000000.0 166717000.0 7543020000000000.0 76919700000000.0 0.0 0.0 6793330000000.0 895063000000000.0 773981000000.0 1452110000000.0 8428480000.0 -1.58 [-1.58]
1.23027e+18 1.49947e+18 5993120000000000.0 1096370000000000.0 302549000000.0 1307600000000000.0 11844400000000.0 126064000.0 7529460000000000.0 68297100000000.0 0.0 0.0 6645640000000.0 874302000000000.0 702539000000.0 1324640000000.0 7634390000.0 -1.56 [-1.56]
1.23028e+18 1.43872e+18 5881530000000000.0 1038230000000000.0 268762000000.0 1260780000000000.0 10667200000000.0 99008800.0 7515520000000000.0 60693800000000.0 0.0 0.0 6505590000000.0 854637000000000.0 638532000000.0 1209990000000.0 6926850000.0 -1.54 [-1.54]
1.23032e+18 1.38022e+18 5772920000000000.0 983014000000000.0 238852000000.0 1215290000000000.0 9608230000000.0 68693200.0 7501010000000000.0 53923900000000.0 0.0 0.0 6370440000000.0 835690000000000.0 580694000000.0 1105910000000.0 6290760000.0 -1.52 [-1.52]
1.23027e+18 1.32487e+18 5668960000000000.0 931214000000000.0 212602000000.0 1171850000000000.0 8663220000000.0 49078600.0 7485620000000000.0 47953800000000.0 0.0 0.0 6242130000000.0 817715000000000.0 528830000000.0 1012120000000.0 5722510000.0 -1.5 [-1.5]
1.23028e+18 1.27179e+18 5568260000000000.0 882136000000000.0 189356000000.0 1129830000000000.0 7812700000000.0 26864100.0 7469990000000000.0 42639500000000.0 0.0 0.0 6118880000000.0 800470000000000.0 481912000000.0 926958000000.0 5210840000.0 -1.48 [-1.48]
1.23027e+18 1.22138e+18 5471570000000000.0 836068000000000.0 168900000000.0 1089560000000000.0 7052710000000.0 12766200.0 7453770000000000.0 37951200000000.0 0.0 0.0 6001590000000.0 784074000000000.0 439763000000.0 850056000000.0 4752470000.0 -1.46 [-1.46]
1.23028e+18 1.17311e+18 5377950000000000.0 792395000000000.0 150789000000.0 1050650000000000.0 6369500000000.0 0.0 7437290000000000.0 33784900000000.0 0.0 0.0 5889030000000.0 768354000000000.0 401670000000.0 780176000000.0 4339200000.0 -1.44 [-1.44]
1.2303e+18 1.12688e+18 5287280000000000.0 751006000000000.0 134742000000.0 1013040000000000.0 5755300000000.0 0.0 7420330000000000.0 30086400000000.0 0.0 0.0 5781010000000.0 753280000000000.0 367232000000.0 716665000000.0 3966370000.0 -1.42 [-1.42]
1.23029e+18 1.0827e+18 5199500000000000.0 711980000000000.0 120517000000.0 976795000000000.0 5202620000000.0 0.0 7402800000000000.0 26801100000000.0 0.0 0.0 5677470000000.0 738847000000000.0 336036000000.0 658940000000.0 3629790000.0 -1.4 [-1.4]
1.2303e+18 1.04078e+18 5115330000000000.0 675285000000000.0 107953000000.0 942112000000000.0 4707390000000.0 0.0 7385330000000000.0 23896200000000.0 0.0 0.0 5579130000000.0 725144000000000.0 307907000000.0 606593000000.0 3326550000.0 -1.38 [-1.38]
1.23027e+18 1.00064e+18 5033600000000000.0 640525000000000.0 96788300000.0 908603000000000.0 4261170000000.0 0.0 7367230000000000.0 21313700000000.0 0.0 0.0 5484640000000.0 711988000000000.0 282386000000.0 558879000000.0 3051880000.0 -1.36 [-1.36]
1.23027e+18 9.62259e+17 4954520000000000.0 607726000000000.0 86869200000.0 876290000000000.0 3859340000000.0 0.0 7348970000000000.0 19020000000000.0 0.0 0.0 5394160000000.0 699400000000000.0 259231000000.0 515415000000.0 2803150000.0 -1.34 [-1.34]
1.23028e+18 9.25701e+17 4878240000000000.0 576762000000000.0 78065300000.0 845248000000000.0 3497980000000.0 0.0 7330660000000000.0 16985400000000.0 0.0 0.0 5307830000000.0 687393000000000.0 238257000000.0 475817000000.0 2577830000.0 -1.32 [-1.32]
1.23027e+18 8.90552e+17 4803850000000000.0 547419000000000.0 70204800000.0 815170000000000.0 3171140000000.0 0.0 7311950000000000.0 15170600000000.0 0.0 0.0 5224600000000.0 675827000000000.0 219132000000.0 439582000000.0 2372770000.0 -1.3 [-1.3]
1.23029e+18 8.56835e+17 4731540000000000.0 519512000000000.0 63193100000.0 786077000000000.0 2876190000000.0 0.0 7293060000000000.0 13555300000000.0 0.0 0.0 5144620000000.0 664716000000000.0 201746000000.0 406420000000.0 2186120000.0 -1.28 [-1.28]
