Cloudy_runs/pg1216/z=0.006328/logZ=1/component_II_PI_nH/component_II_PI_nH_col_density_param.txt
# %ECSV 1.0
# ---
# datatype:
# - {name: H, datatype: float64}
# - {name: H+, datatype: float64}
# - {name: C+, datatype: float64}
# - {name: C+2, datatype: float64}
# - {name: C+3, datatype: float64}
# - {name: N+, datatype: float64}
# - {name: N+2, datatype: float64}
# - {name: N+4, datatype: float64}
# - {name: O, datatype: float64}
# - {name: O+2, datatype: float64}
# - {name: O+5, datatype: float64}
# - {name: O+6, datatype: float64}
# - {name: P+, datatype: float64}
# - {name: Si+, datatype: float64}
# - {name: Si+2, datatype: float64}
# - {name: Si+3, datatype: float64}
# - {name: Si+4, datatype: float64}
# - {name: Fe+, datatype: float64}
# - {name: Al+, datatype: float64}
# - {name: log_nH, datatype: float64}
# - {name: parameters, datatype: string, subtype: 'float64[1]'}
# schema: astropy-2.0
H H+ C+ C+2 C+3 N+ N+2 N+4 O O+2 O+5 O+6 P+ Si+ Si+2 Si+3 Si+4 Fe+ Al+ log_nH parameters
[from data line 232]
575440000000000.0 69959100000000.0 677525000000.0 4656400000.0 0.0 43028300000.0 3037070.0 0.0 3066090000000.0 6489400.0 0.0 0.0 1582510000.0 170341000000.0 1436520.0 1989210.0 0.0 203637000000.0 18088000000.0 -0.36 [-0.36]
575440000000000.0 68117400000000.0 663085000000.0 4417760000.0 0.0 41672900000.0 2807610.0 0.0 3060770000000.0 5957010.0 0.0 0.0 1577510000.0 169144000000.0 1360780.0 1882680.0 0.0 203056000000.0 18038600000.0 -0.34 [-0.34]
575440000000000.0 66328800000000.0 648870000000.0 4190860000.0 0.0 40361700000.0 2595790.0 0.0 3055560000000.0 5469830.0 0.0 0.0 1572650000.0 167957000000.0 1289150.0 1781990.0 0.0 202491000000.0 17990600000.0 -0.32 [-0.32]
575440000000000.0 64590200000000.0 634869000000.0 3975010000.0 0.0 39092200000.0 2400170.0 0.0 3050460000000.0 5023710.0 0.0 0.0 1567910000.0 166779000000.0 1221390.0 1686810.0 0.0 201943000000.0 17943900000.0 -0.3 [-0.3]
575440000000000.0 62901000000000.0 621086000000.0 3769760000.0 0.0 37863600000.0 2219520.0 0.0 3045450000000.0 4615240.0 0.0 0.0 1563290000.0 165609000000.0 1157280.0 1596820.0 0.0 201409000000.0 17898500000.0 -0.28 [-0.28]
575440000000000.0 61259100000000.0 607517000000.0 3574580000.0 0.0 36674200000.0 2052670.0 0.0 3040550000000.0 4241040.0 0.0 0.0 1558790000.0 164448000000.0 1096620.0 1511720.0 0.0 200891000000.0 17854300000.0 -0.26 [-0.26]
575440000000000.0 59662600000000.0 594158000000.0 3388960000.0 0.0 35522500000.0 1898530.0 0.0 3035740000000.0 3898120.0 0.0 0.0 1554400000.0 163293000000.0 1039210.0 1431250.0 0.0 200387000000.0 17811400000.0 -0.24 [-0.24]
575440000000000.0 58111300000000.0 581013000000.0 3212540000.0 0.0 34407800000.0 1756130.0 0.0 3031020000000.0 3583890.0 0.0 0.0 1550130000.0 162145000000.0 984871.0 1355130.0 0.0 199897000000.0 17769700000.0 -0.22 [-0.22]
575440000000000.0 56603100000000.0 568077000000.0 3044830000.0 0.0 33328400000.0 1624560.0 0.0 3026410000000.0 3295830.0 0.0 0.0 1545970000.0 161004000000.0 933431.0 1283120.0 0.0 199421000000.0 17729100000.0 -0.2 [-0.2]
575440000000000.0 55136900000000.0 555348000000.0 2885420000.0 0.0 32283300000.0 1502980.0 0.0 3021890000000.0 3031680.0 0.0 0.0 1541900000.0 159868000000.0 884729.0 1215000.0 0.0 198958000000.0 17689600000.0 -0.18 [-0.18]
575440000000000.0 53710800000000.0 542822000000.0 2733880000.0 0.0 31270900000.0 1390610.0 0.0 3017460000000.0 2789330.0 0.0 0.0 1537940000.0 158738000000.0 838612.0 1150540.0 0.0 198507000000.0 17651200000.0 -0.16 [-0.16]
575440000000000.0 52324000000000.0 530501000000.0 2589880000.0 0.0 30290600000.0 1286750.0 0.0 3013120000000.0 2567020.0 0.0 0.0 1534080000.0 157612000000.0 794938.0 1089540.0 0.0 198069000000.0 17613800000.0 -0.14 [-0.14]
575440000000000.0 50975300000000.0 518380000000.0 2453050000.0 0.0 29341100000.0 1190730.0 0.0 3008870000000.0 2362980.0 0.0 0.0 1530310000.0 156490000000.0 753573.0 1031810.0 0.0 197643000000.0 17577400000.0 -0.12 [-0.12]
575440000000000.0 49663300000000.0 506459000000.0 2323030000.0 0.0 28421300000.0 1101970.0 0.0 3004700000000.0 2175680.0 0.0 0.0 1526640000.0 155372000000.0 714390.0 977157.0 0.0 197228000000.0 17542100000.0 -0.1 [-0.1]
575440000000000.0 48387100000000.0 494735000000.0 2199510000.0 0.0 27530300000.0 1019900.0 0.0 3000630000000.0 2003700.0 0.0 0.0 1523050000.0 154257000000.0 677270.0 925425.0 0.0 196825000000.0 17507600000.0 -0.08 [-0.08]
575440000000000.0 47150200000000.0 483246000000.0 2082530000.0 0.0 26669400000.0 944098.0 0.0 2996650000000.0 1845960.0 0.0 0.0 1519570000.0 153151000000.0 642127.0 876489.0 0.0 196434000000.0 17474300000.0 -0.06 [-0.06]
575440000000000.0 45941500000000.0 471904000000.0 1971030000.0 0.0 25832700000.0 873901.0 0.0 2992740000000.0 1700800.0 0.0 0.0 1516150000.0 152040000000.0 608797.0 830110.0 0.0 196052000000.0 17441600000.0 -0.04 [-0.04]
575440000000000.0 44766000000000.0 460760000000.0 1865190000.0 0.0 25022300000.0 808987.0 0.0 2988920000000.0 1567430.0 0.0 0.0 1512810000.0 150931000000.0 577215.0 786196.0 0.0 195680000000.0 17409900000.0 -0.02 [-0.02]
575440000000000.0 43621700000000.0 449805000000.0 1764680000.0 0.0 24237000000.0 748945.0 0.0 2985170000000.0 1444850.0 0.0 0.0 1509550000.0 149824000000.0 547284.0 744611.0 0.0 195318000000.0 17379000000.0 -0.0 [-0.0]
575440000000000.0 42507900000000.0 439034000000.0 1669230000.0 0.0 23475900000.0 693400.0 0.0 2981500000000.0 1332130.0 0.0 0.0 1506360000.0 148718000000.0 518913.0 705223.0 0.0 194966000000.0 17348900000.0 0.02 [0.02]
575440000000000.0 41423200000000.0 428446000000.0 1578600000.0 0.0 22738100000.0 642011.0 0.0 2977910000000.0 1228450.0 0.0 0.0 1503240000.0 147611000000.0 492020.0 667916.0 0.0 194623000000.0 17319600000.0 0.04 [0.04]
575440000000000.0 40367900000000.0 418045000000.0 1492610000.0 0.0 22023200000.0 594471.0 0.0 2974400000000.0 1133110.0 0.0 0.0 1500200000.0 146504000000.0 466527.0 632580.0 0.0 194289000000.0 17291000000.0 0.06 [0.06]
575440000000000.0 39340400000000.0 407824000000.0 1410990000.0 0.0 21330200000.0 550481.0 0.0 2970960000000.0 1045370.0 0.0 0.0 1497220000.0 145398000000.0 442356.0 599104.0 0.0 193964000000.0 17263200000.0 0.08 [0.08]
575440000000000.0 38340000000000.0 397786000000.0 1333550000.0 0.0 20658700000.0 509779.0 0.0 2967590000000.0 964626.0 0.0 0.0 1494300000.0 144290000000.0 419441.0 567392.0 0.0 193647000000.0 17236100000.0 0.1 [0.1]
575440000000000.0 37365800000000.0 387922000000.0 1260070000.0 0.0 20007600000.0 472114.0 0.0 2964300000000.0 890306.0 0.0 0.0 1491450000.0 143182000000.0 397714.0 537350.0 0.0 193339000000.0 17209800000.0 0.12 [0.12]
575440000000000.0 36417600000000.0 378235000000.0 1190390000.0 0.0 19376700000.0 437255.0 0.0 2961070000000.0 821890.0 0.0 0.0 1488670000.0 142072000000.0 377111.0 508886.0 0.0 193039000000.0 17184100000.0 0.14 [0.14]
575440000000000.0 35493900000000.0 368721000000.0 1124290000.0 0.0 18764900000.0 404993.0 0.0 2957920000000.0 758882.0 0.0 0.0 1485940000.0 140960000000.0 357574.0 481917.0 0.0 192746000000.0 17159100000.0 0.16 [0.16]
575440000000000.0 34594000000000.0 359376000000.0 1061600000.0 0.0 18171700000.0 375129.0 0.0 2954830000000.0 700833.0 0.0 0.0 1483270000.0 139846000000.0 339046.0 456362.0 0.0 192461000000.0 17134700000.0 0.18 [0.18]
575440000000000.0 33717700000000.0 350200000000.0 1002160000.0 0.0 17596700000.0 347486.0 0.0 2951810000000.0 647350.0 0.0 0.0 1480650000.0 138730000000.0 321473.0 432146.0 0.0 192184000000.0 17110900000.0 0.2 [0.2]
575440000000000.0 32863700000000.0 341191000000.0 945812000.0 0.0 17039000000.0 321895.0 0.0 2948850000000.0 598053.0 0.0 0.0 1478080000.0 137610000000.0 304807.0 409199.0 0.0 191913000000.0 17087700000.0 0.22 [0.22]
575440000000000.0 32029700000000.0 332328000000.0 892311000.0 0.0 16497600000.0 298188.0 0.0 2945950000000.0 552590.0 0.0 0.0 1475550000.0 136483000000.0 288991.0 387441.0 0.0 191649000000.0 17065100000.0 0.24 [0.24]
575440000000000.0 31221700000000.0 323669000000.0 841813000.0 0.0 15974400000.0 276273.0 0.0 2943130000000.0 510736.0 0.0 0.0 1473110000.0 135362000000.0 274007.0 366849.0 0.0 191393000000.0 17043200000.0 0.26 [0.26]
575440000000000.0 30432000000000.0 315152000000.0 793874000.0 0.0 15466200000.0 255967.0 0.0 2940360000000.0 472113.0 0.0 0.0 1470690000.0 134233000000.0 259785.0 347321.0 0.0 191142000000.0 17021700000.0 0.28 [0.28]
575440000000000.0 29660800000000.0 306775000000.0 748383000.0 0.0 14972600000.0 237152.0 0.0 2937640000000.0 436459.0 0.0 0.0 1468300000.0 133096000000.0 246288.0 328803.0 0.0 190898000000.0 17000800000.0 0.3 [0.3]
575440000000000.0 28912900000000.0 298594000000.0 705461000.0 0.0 14495600000.0 219756.0 0.0 2935000000000.0 403617.0 0.0 0.0 1465990000.0 131964000000.0 233499.0 311277.0 0.0 190661000000.0 16980500000.0 0.32 [0.32]
575440000000000.0 28182200000000.0 290549000000.0 664742000.0 0.0 14032200000.0 203633.0 0.0 2932410000000.0 373284.0 0.0 0.0 1463700000.0 130823000000.0 221360.0 294656.0 0.0 190429000000.0 16960600000.0 0.34 [0.34]
575440000000000.0 27468100000000.0 282642000000.0 626132000.0 0.0 13582300000.0 188695.0 0.0 2929870000000.0 345271.0 0.0 0.0 1461440000.0 129675000000.0 209840.0 278896.0 0.0 190202000000.0 16941200000.0 0.36 [0.36]
575440000000000.0 26774000000000.0 274905000000.0 589658000.0 0.0 13146700000.0 174870.0 0.0 2927390000000.0 319433.0 0.0 0.0 1459240000.0 128526000000.0 198917.0 263969.0 0.0 189982000000.0 16922300000.0 0.38 [0.38]
575440000000000.0 26099000000000.0 267332000000.0 555206000.0 0.0 12724900000.0 162074.0 0.0 2924970000000.0 295590.0 0.0 0.0 1457080000.0 127376000000.0 188561.0 249832.0 0.0 189767000000.0 16903900000.0 0.4 [0.4]
575440000000000.0 25439200000000.0 259893000000.0 522552000.0 0.0 12315200000.0 150215.0 0.0 2922590000000.0 273555.0 0.0 0.0 1454940000.0 126218000000.0 178732.0 236427.0 0.0 189558000000.0 16885900000.0 0.42 [0.42]
575440000000000.0 24795900000000.0 252600000000.0 491669000.0 0.0 11918000000.0 139231.0 0.0 2920270000000.0 253202.0 0.0 0.0 1452840000.0 125056000000.0 169407.0 223724.0 0.0 189353000000.0 16868400000.0 0.44 [0.44]
575440000000000.0 24168700000000.0 245453000000.0 462469000.0 0.0 11532900000.0 129057.0 0.0 2918000000000.0 234399.0 0.0 0.0 1450770000.0 123888000000.0 160562.0 211687.0 0.0 189154000000.0 16851300000.0 0.46 [0.46]
575440000000000.0 23557100000000.0 238449000000.0 434866000.0 0.0 11159400000.0 119633.0 0.0 2915770000000.0 217025.0 0.0 0.0 1448730000.0 122716000000.0 152172.0 200281.0 0.0 188960000000.0 16834600000.0 0.48 [0.48]
575440000000000.0 22960500000000.0 231586000000.0 408777000.0 0.0 10797200000.0 110903.0 0.0 2913600000000.0 200966.0 0.0 0.0 1446710000.0 121540000000.0 144212.0 189472.0 0.0 188770000000.0 16818300000.0 0.5 [0.5]
575440000000000.0 22378900000000.0 224864000000.0 384132000.0 0.0 10446000000.0 102817.0 0.0 2911470000000.0 186124.0 0.0 0.0 1444730000.0 120358000000.0 136663.0 179232.0 0.0 188585000000.0 16802400000.0 0.52 [0.52]
575440000000000.0 21811600000000.0 218281000000.0 360854000.0 0.0 10105600000.0 95325.9 0.0 2909390000000.0 172402.0 0.0 0.0 1442770000.0 119173000000.0 129502.0 169530.0 0.0 188404000000.0 16786900000.0 0.54 [0.54]
575440000000000.0 21258200000000.0 211835000000.0 338873000.0 0.0 9775470000.0 88386.3 0.0 2907360000000.0 159714.0 0.0 0.0 1440830000.0 117982000000.0 122709.0 160338.0 0.0 188228000000.0 16771800000.0 0.56 [0.56]
575440000000000.0 20718400000000.0 205524000000.0 318123000.0 0.0 9455410000.0 81957.2 0.0 2905370000000.0 147980.0 0.0 0.0 1438920000.0 116787000000.0 116266.0 151631.0 0.0 188056000000.0 16757000000.0 0.58 [0.58]
575440000000000.0 20191800000000.0 199347000000.0 298541000.0 0.0 9145120000.0 76000.8 0.0 2903420000000.0 137126.0 0.0 0.0 1437030000.0 115588000000.0 110156.0 143382.0 0.0 187888000000.0 16742600000.0 0.6 [0.6]
575440000000000.0 19678100000000.0 193302000000.0 280067000.0 0.0 8844300000.0 70482.3 0.0 2901510000000.0 127084.0 0.0 0.0 1435150000.0 114385000000.0 104361.0 135569.0 0.0 187724000000.0 16728500000.0 0.62 [0.62]
575440000000000.0 19176800000000.0 187389000000.0 262643000.0 0.0 8552680000.0 65369.3 0.0 2899650000000.0 117792.0 0.0 0.0 1433300000.0 113178000000.0 98864.4 128168.0 0.0 187564000000.0 16714800000.0 0.64 [0.64]
575440000000000.0 18687800000000.0 181605000000.0 246216000.0 0.0 8269990000.0 60631.8 0.0 2897830000000.0 109193.0 0.0 0.0 1431450000.0 111966000000.0 93652.2 121159.0 0.0 187408000000.0 16701400000.0 0.66 [0.66]
575440000000000.0 18210300000000.0 175961000000.0 230897000.0 0.0 7996120000.0 56243.5 0.0 2896040000000.0 101231.0 0.0 0.0 1429630000.0 110752000000.0 88710.0 114524.0 0.0 187255000000.0 16688300000.0 0.68 [0.68]
575440000000000.0 17744300000000.0 170460000000.0 216671000.0 0.0 7730830000.0 52178.6 0.0 2894300000000.0 93856.2 0.0 0.0 1427810000.0 109535000000.0 84023.9 108244.0 0.0 187107000000.0 16675400000.0 0.7 [0.7]
575440000000000.0 17289400000000.0 165081000000.0 203251000.0 0.0 7473700000.0 48411.8 0.0 2892590000000.0 87028.7 0.0 0.0 1426000000.0 108315000000.0 79580.7 102298.0 0.0 186961000000.0 16662900000.0 0.72 [0.72]
575440000000000.0 16845500000000.0 159825000000.0 190597000.0 0.0 7224470000.0 44920.9 0.0 2890920000000.0 80707.5 0.0 0.0 1424210000.0 107092000000.0 75367.9 96667.2 0.0 186819000000.0 16650600000.0 0.74 [0.74]
575440000000000.0 16412200000000.0 154689000000.0 178668000.0 0.0 6982910000.0 41685.6 0.0 2889280000000.0 74854.3 0.0 0.0 1422420000.0 105866000000.0 71373.8 91336.9 0.0 186680000000.0 16638600000.0 0.76 [0.76]
575440000000000.0 15989200000000.0 149673000000.0 167428000.0 0.0 6748820000.0 38687.1 0.0 2887690000000.0 69434.0 0.0 0.0 1420630000.0 104638000000.0 67587.3 86291.2 0.0 186545000000.0 16627000000.0 0.78 [0.78]
575440000000000.0 15576300000000.0 144775000000.0 156840000.0 0.0 6521980000.0 35908.1 0.0 2886120000000.0 64413.9 0.0 0.0 1418850000.0 103407000000.0 63997.9 81515.2 0.0 186412000000.0 16615500000.0 0.8 [0.8]
575440000000000.0 15173300000000.0 139994000000.0 146870000.0 0.0 6302170000.0 33332.2 0.0 2884590000000.0 59764.2 0.0 0.0 1417070000.0 102175000000.0 60595.4 76995.1 0.0 186283000000.0 16604400000.0 0.82 [0.82]
575440000000000.0 14779700000000.0 135328000000.0 137486000.0 0.0 6089210000.0 30944.7 0.0 2883090000000.0 55457.0 0.0 0.0 1415290000.0 100941000000.0 57370.5 72717.7 0.0 186156000000.0 16593500000.0 0.84 [0.84]
575440000000000.0 14395500000000.0 130776000000.0 128656000.0 0.0 5882880000.0 28731.6 0.0 2881620000000.0 51467.0 0.0 0.0 1413510000.0 99706200000.0 54313.9 68670.3 0.0 186033000000.0 16582800000.0 0.86 [0.86]
575440000000000.0 14020300000000.0 126338000000.0 120352000.0 0.0 5683020000.0 26680.2 0.0 2880190000000.0 47770.6 0.0 0.0 1411720000.0 98470400000.0 51417.5 64841.2 0.0 185912000000.0 16572400000.0 0.88 [0.88]
575440000000000.0 13653900000000.0 122011000000.0 112544000.0 0.0 5489420000.0 24778.5 0.0 2878780000000.0 44345.5 0.0 0.0 1409930000.0 97234100000.0 48672.5 61218.7 0.0 185794000000.0 16562200000.0 0.9 [0.9]
575440000000000.0 13296200000000.0 117794000000.0 105205000.0 0.0 5301900000.0 23015.3 0.0 2877410000000.0 41171.7 0.0 0.0 1408140000.0 95997500000.0 46071.3 57791.9 0.0 185678000000.0 16552200000.0 0.92 [0.92]
575440000000000.0 12946900000000.0 113686000000.0 98311400.0 0.0 5120300000.0 21380.7 0.0 2876060000000.0 38231.0 0.0 0.0 1406330000.0 94761500000.0 43606.9 54551.3 0.0 185565000000.0 16542500000.0 0.94 [0.94]
575440000000000.0 12605600000000.0 109686000000.0 91838000.0 0.0 4944430000.0 19865.1 0.0 2874750000000.0 35506.0 0.0 0.0 1404510000.0 93526000000.0 41272.1 51486.7 0.0 185455000000.0 16532900000.0 0.96 [0.96]
575440000000000.0 12272400000000.0 105792000000.0 85761800.0 0.0 4774140000.0 18459.9 0.0 2873460000000.0 32980.6 0.0 0.0 1402670000.0 92291500000.0 39060.3 48589.0 0.0 185347000000.0 16523600000.0 0.98 [0.98]
575440000000000.0 11946900000000.0 102004000000.0 80061000.0 0.0 4609280000.0 17156.9 0.0 2872190000000.0 30640.4 0.0 0.0 1400820000.0 91058700000.0 36965.2 45849.6 0.0 185241000000.0 16514500000.0 1.0 [1.0]
