Cloudy_runs/pg1216/z=0.006328/logZ=1/component_II_PI_nH/component_II_PI_nH_col_density_param.txt
# %ECSV 1.0
# ---
# datatype:
# - {name: H, datatype: float64}
# - {name: H+, datatype: float64}
# - {name: C+, datatype: float64}
# - {name: C+2, datatype: float64}
# - {name: C+3, datatype: float64}
# - {name: N+, datatype: float64}
# - {name: N+2, datatype: float64}
# - {name: N+4, datatype: float64}
# - {name: O, datatype: float64}
# - {name: O+2, datatype: float64}
# - {name: O+5, datatype: float64}
# - {name: O+6, datatype: float64}
# - {name: P+, datatype: float64}
# - {name: Si+, datatype: float64}
# - {name: Si+2, datatype: float64}
# - {name: Si+3, datatype: float64}
# - {name: Si+4, datatype: float64}
# - {name: Fe+, datatype: float64}
# - {name: Al+, datatype: float64}
# - {name: log_nH, datatype: float64}
# - {name: parameters, datatype: string, subtype: 'float64[1]'}
# schema: astropy-2.0
H H+ C+ C+2 C+3 N+ N+2 N+4 O O+2 O+5 O+6 P+ Si+ Si+2 Si+3 Si+4 Fe+ Al+ log_nH parameters
575440000000000.0 6.8619e+18 2128250000000.0 508917000000000.0 2524470000000000.0 206815000000.0 110553000000000.0 1415090000000000.0 27613900.0 356746000000000.0 9817780000000000.0 5205340000000000.0 138586000.0 4046990000.0 380214000000.0 5104620000000.0 165329000000000.0 5296460.0 432409000.0 -5.0 [-5.0]
575439000000000.0 6.38534e+18 2322000000000.0 526682000000000.0 2514720000000000.0 233959000000.0 118229000000000.0 1344920000000000.0 34255400.0 383507000000000.0 8882790000000000.0 4419760000000000.0 162315000.0 4595020000.0 424346000000.0 5766920000000.0 172855000000000.0 6588280.0 481209000.0 -4.98 [-4.98]
575439000000000.0 5.92807e+18 2548420000000.0 546358000000000.0 2499000000000000.0 265527000000.0 126304000000000.0 1271680000000000.0 42611800.0 411148000000000.0 7990790000000000.0 3724260000000000.0 190906000.0 5247010000.0 474406000000.0 6517240000000.0 180366000000000.0 8205760.0 531995000.0 -4.96 [-4.96]
575437000000000.0 5.48749e+18 2817160000000.0 568656000000000.0 2476350000000000.0 302422000000.0 134770000000000.0 1195260000000000.0 53177600.0 439436000000000.0 7141840000000000.0 3110350000000000.0 225742000.0 6041880000.0 532225000000.0 7370470000000.0 187810000000000.0 10240300.0 584134000.0 -4.94 [-4.94]
575439000000000.0 5.05947e+18 3142820000000.0 594619000000000.0 2445450000000000.0 345913000000.0 143634000000000.0 1115260000000000.0 66658200.0 468116000000000.0 6333770000000000.0 2568840000000000.0 268833000.0 7041410000.0 600747000000.0 8349810000000.0 195145000000000.0 12823100.0 637019000.0 -4.92 [-4.92]
575442000000000.0 4.64069e+18 3545770000000.0 625564000000000.0 2404040000000000.0 397370000000.0 152784000000000.0 1031370000000000.0 83978600.0 496474000000000.0 5566250000000000.0 2093000000000000.0 323154000.0 8346660000.0 684579000000.0 9481310000000.0 202288000000000.0 16125500.0 690934000.0 -4.9 [-4.9]
575438000000000.0 4.22321e+18 4063380000000.0 663880000000000.0 2348620000000000.0 459351000000.0 162196000000000.0 942497000000000.0 106694000.0 523772000000000.0 4831080000000000.0 1672510000000000.0 393803000.0 10143300000.0 792070000000.0 10816400000000.0 209160000000000.0 20438100.0 748455000.0 -4.88 [-4.88]
575436000000000.0 3.79556e+18 4763430000000.0 713526000000000.0 2272940000000000.0 535524000000.0 171675000000000.0 846558000000000.0 137421000.0 548428000000000.0 4116910000000000.0 1297810000000000.0 490339000.0 12806500000.0 939042000000.0 12444200000000.0 215620000000000.0 26257300.0 820079000.0 -4.86 [-4.86]
575440000000000.0 3.33411e+18 5797040000000.0 782032000000000.0 2163040000000000.0 632540000000.0 180647000000000.0 739216000000000.0 181560000.0 566785000000000.0 3398060000000000.0 955606000000000.0 634853000.0 17256300000.0 1160220000000.0 14562100000000.0 221358000000000.0 34634000.0 943019000.0 -4.84 [-4.84]
575435000000000.0 2.87036e+18 7266730000000.0 866976000000000.0 2015110000000000.0 747160000000.0 187291000000000.0 629138000000000.0 243655000.0 574586000000000.0 2712880000000000.0 669111000000000.0 855481000.0 24843100000.0 1483570000000.0 17184600000000.0 224979000000000.0 46766700.0 1204220000.0 -4.82 [-4.82]
575440000000000.0 2.5316e+18 8744560000000.0 935334000000000.0 1879390000000000.0 851367000000.0 191172000000000.0 546420000000000.0 313238000.0 579760000000000.0 2204640000000000.0 488640000000000.0 1117830000.0 34351900000.0 1822070000000.0 19547500000000.0 225550000000000.0 61161600.0 1577710000.0 -4.8 [-4.8]
575440000000000.0 2.21203e+18 10575600000000.0 1001220000000000.0 1723750000000000.0 960979000000.0 192050000000000.0 469619000000000.0 405641000.0 578523000000000.0 1740480000000000.0 345005000000000.0 1486230000.0 48631300000.0 2233320000000.0 22177700000000.0 223404000000000.0 80802700.0 2151280000.0 -4.78 [-4.78]
575440000000000.0 1.91014e+18 12854300000000.0 1058800000000000.0 1548230000000000.0 1073470000000.0 189184000000000.0 399471000000000.0 532951000.0 571867000000000.0 1317220000000000.0 232349000000000.0 2024500000.0 70576800000.0 2718440000000.0 25082900000000.0 217862000000000.0 108263000.0 3020340000.0 -4.76 [-4.76]
575440000000000.0 1.62928e+18 15625100000000.0 1099330000000000.0 1357410000000000.0 1185150000000.0 182084000000000.0 336720000000000.0 715544000.0 563020000000000.0 943738000000000.0 147577000000000.0 2839600000.0 104416000000.0 3262980000000.0 28189700000000.0 208299000000000.0 147411000.0 4308520000.0 -4.74 [-4.74]
575440000000000.0 1.38623e+18 18638400000000.0 1113830000000000.0 1170360000000000.0 1293210000000.0 172041000000000.0 283222000000000.0 975256000.0 558132000000000.0 648962000000000.0 90221200000000.0 4023030000.0 153037000000.0 3820060000000.0 31181400000000.0 195286000000000.0 201672000.0 6051980000.0 -4.72 [-4.72]
575440000000000.0 1.196e+18 21388700000000.0 1103840000000000.0 1010740000000000.0 1399280000000.0 162114000000000.0 239850000000000.0 1316010000.0 560669000000000.0 448251000000000.0 56016400000000.0 5521990000.0 214441000000.0 4340690000000.0 33658900000000.0 181096000000000.0 270961000.0 8079230000.0 -4.7 [-4.7]
575440000000000.0 1.05105e+18 23652000000000.0 1078880000000000.0 882177000000000.0 1507320000000.0 153831000000000.0 204739000000000.0 1733470000.0 568073000000000.0 318943000000000.0 36273400000000.0 7225980000.0 286119000000.0 4818720000000.0 35548600000000.0 167392000000000.0 354601000.0 10222000000.0 -4.68 [-4.68]
575440000000000.0 9.37144e+17 25468500000000.0 1046130000000000.0 777577000000000.0 1619450000000.0 147088000000000.0 175685000000000.0 2230430000.0 577082000000000.0 233599000000000.0 24392200000000.0 9078170000.0 367908000000.0 5265570000000.0 36960400000000.0 154595000000000.0 453806000.0 12425300000.0 -4.66 [-4.66]
575436000000000.0 8.44531e+17 26925400000000.0 1009580000000000.0 690698000000000.0 1736220000000.0 141487000000000.0 151276000000000.0 2813670000.0 585824000000000.0 175130000000000.0 16917500000000.0 11051900000.0 460402000000.0 5688630000000.0 37997700000000.0 142728000000000.0 570689000.0 14677500000.0 -4.64 [-4.64]
575439000000000.0 7.66893e+17 28095100000000.0 971124000000000.0 616953000000000.0 1857540000000.0 136657000000000.0 130532000000000.0 3494130000.0 593415000000000.0 133594000000000.0 12005900000000.0 13137600000.0 564653000000.0 6091620000000.0 38736300000000.0 131690000000000.0 708084000.0 16984700000.0 -4.62 [-4.62]
575440000000000.0 7.00338e+17 29030700000000.0 931836000000000.0 553334000000000.0 1983330000000.0 132346000000000.0 112781000000000.0 4285000000.0 599466000000000.0 103257000000000.0 8668340000000.0 15327200000.0 681679000000.0 6475370000000.0 39224500000000.0 121391000000000.0 869287000.0 19352900000.0 -4.6 [-4.6]
575438000000000.0 6.42467e+17 29769300000000.0 892465000000000.0 497902000000000.0 2113110000000.0 128408000000000.0 97552000000000.0 5198550000.0 603821000000000.0 80671400000000.0 6346710000000.0 17606200000.0 812089000000.0 6838950000000.0 39496500000000.0 111785000000000.0 1057530000.0 21783400000.0 -4.58 [-4.58]
575438000000000.0 5.91667e+17 30343400000000.0 853600000000000.0 449314000000000.0 2246430000000.0 124751000000000.0 84482400000000.0 6247210000.0 606463000000000.0 63618200000000.0 4703220000000.0 19957700000.0 956143000000.0 7180870000000.0 39577700000000.0 102847000000000.0 1276220000.0 24276700000.0 -4.56 [-4.56]
575438000000000.0 5.46559e+17 30781400000000.0 815540000000000.0 406352000000000.0 2383140000000.0 121285000000000.0 73220200000000.0 7448580000.0 607450000000000.0 50536900000000.0 3518180000000.0 22371000000.0 1114600000000.0 7500630000000.0 39491100000000.0 94511300000000.0 1529740000.0 26839800000.0 -4.54 [-4.54]
575437000000000.0 5.06147e+17 31102900000000.0 778429000000000.0 368129000000000.0 2523010000000.0 117947000000000.0 63489500000000.0 8822150000.0 606860000000000.0 40378700000000.0 2651410000000.0 24832300000.0 1288100000000.0 7796780000000.0 39253400000000.0 86730700000000.0 1822870000.0 29476600000.0 -4.52 [-4.52]
575437000000000.0 4.69701e+17 31323500000000.0 742375000000000.0 333951000000000.0 2665820000000.0 114696000000000.0 55067200000000.0 10388900000.0 604785000000000.0 32415500000000.0 2010370000000.0 27325300000.0 1477090000000.0 8068050000000.0 38878700000000.0 79469200000000.0 2160870000.0 32190800000.0 -4.5 [-4.5]
575438000000000.0 4.36738e+17 31460000000000.0 707570000000000.0 303326000000000.0 2811070000000.0 111519000000000.0 47783500000000.0 12167000000.0 601323000000000.0 26139700000000.0 1533090000000.0 29829200000.0 1681370000000.0 8313350000000.0 38381300000000.0 72713800000000.0 2548730000.0 34982800000.0 -4.48 [-4.48]
575438000000000.0 4.06685e+17 31519400000000.0 673909000000000.0 275737000000000.0 2958720000000.0 108376000000000.0 41460000000000.0 14186600000.0 596557000000000.0 21143900000000.0 1173750000000.0 32329500000.0 1901700000000.0 8531080000000.0 37770300000000.0 66413800000000.0 2993510000.0 37858000000.0 -4.46 [-4.46]
575438000000000.0 3.79382e+17 31524700000000.0 641750000000000.0 250935000000000.0 3107400000000.0 105293000000000.0 35998600000000.0 16460300000.0 590614000000000.0 17172500000000.0 903286000000.0 34801500000.0 2136420000000.0 8721440000000.0 37062400000000.0 60586600000000.0 3499620000.0 40813900000.0 -4.44 [-4.44]
575439000000000.0 3.5432e+17 31474100000000.0 610807000000000.0 228486000000000.0 3256890000000.0 102224000000000.0 31251100000000.0 19029000000.0 583551000000000.0 13977600000000.0 697113000000.0 37233700000.0 2386650000000.0 8882490000000.0 36262300000000.0 55167300000000.0 4076250000.0 43857000000.0 -4.42 [-4.42]
575438000000000.0 3.31383e+17 31385800000000.0 581303000000000.0 208199000000000.0 3407100000000.0 99193100000000.0 27141900000000.0 21907300000.0 575492000000000.0 11410900000000.0 540040000000.0 39605300000.0 2650490000000.0 9014710000000.0 35384800000000.0 50162300000000.0 4728780000.0 46985400000.0 -4.4 [-4.4]
575438000000000.0 3.10251e+17 31260300000000.0 553064000000000.0 189787000000000.0 3558140000000.0 96177500000000.0 23571400000000.0 25136400000.0 566506000000000.0 9332560000000.0 419351000000.0 41904100000.0 2928250000000.0 9117070000000.0 34435700000000.0 45529000000000.0 5467200000.0 50205300000.0 -4.38 [-4.38]
575439000000000.0 2.90739e+17 31103100000000.0 526060000000000.0 173052000000000.0 3709660000000.0 93175800000000.0 20468000000000.0 28750200000.0 556660000000000.0 7644410000000.0 326283000000.0 44115100000.0 3218950000000.0 9188780000000.0 33423800000000.0 41246400000000.0 6300360000.0 53514300000.0 -4.36 [-4.36]
575439000000000.0 2.7274e+17 30925200000000.0 500360000000000.0 157847000000000.0 3861060000000.0 90202900000000.0 17776900000000.0 32774200000.0 546068000000000.0 6273190000000.0 254480000000.0 46225400000.0 3520590000000.0 9230730000000.0 32361100000000.0 37305800000000.0 7236010000.0 56912400000.0 -4.34 [-4.34]
575439000000000.0 2.56052e+17 30724700000000.0 475817000000000.0 143991000000000.0 4012340000000.0 87246700000000.0 15436600000000.0 37257200000.0 534773000000000.0 5153070000000.0 198746000000.0 48223700000.0 3832720000000.0 9242020000000.0 31252400000000.0 33675200000000.0 8286150000.0 60400800000.0 -4.32 [-4.32]
575439000000000.0 2.40565e+17 30506700000000.0 452409000000000.0 131357000000000.0 4163210000000.0 84312600000000.0 13402200000000.0 42238300000.0 522852000000000.0 4236770000000.0 155412000000.0 50100600000.0 4153580000000.0 9223010000000.0 30106300000000.0 30338300000000.0 9461450000.0 63978500000.0 -4.3 [-4.3]
575439000000000.0 2.26162e+17 30272900000000.0 430078000000000.0 119825000000000.0 4313430000000.0 81401900000000.0 11633200000000.0 47763800000.0 510368000000000.0 3485480000000.0 121632000000.0 51847200000.0 4481600000000.0 9173880000000.0 28929900000000.0 27275600000000.0 10774000000.0 67643200000.0 -4.28 [-4.28]
575439000000000.0 2.12751e+17 30026100000000.0 408784000000000.0 109292000000000.0 4462700000000.0 78518600000000.0 10095000000000.0 53879900000.0 497387000000000.0 2868670000000.0 95261000000.0 53457100000.0 4814760000000.0 9095240000000.0 27730600000000.0 24470700000000.0 12236300000.0 71392600000.0 -4.26 [-4.26]
575439000000000.0 2.00244e+17 29768100000000.0 388479000000000.0 99664500000000.0 4610900000000.0 75665900000000.0 8757560000000.0 60638000000.0 483969000000000.0 2361530000000.0 74639900000.0 54924700000.0 5151050000000.0 8987840000000.0 26515400000000.0 21906500000000.0 13862000000.0 75223700000.0 -4.24 [-4.24]
575439000000000.0 1.88565e+17 29500000000000.0 369113000000000.0 90860900000000.0 4757800000000.0 72846700000000.0 7594520000000.0 68092900000.0 470173000000000.0 1944050000000.0 58493900000.0 56245900000.0 5488270000000.0 8852600000000.0 25290800000000.0 19567000000000.0 15665800000.0 79132600000.0 -4.22 [-4.22]
575439000000000.0 1.77645e+17 29223200000000.0 350645000000000.0 82807700000000.0 4903170000000.0 70064400000000.0 6583330000000.0 76301900000.0 456056000000000.0 1600120000000.0 45840800000.0 57418100000.0 5824070000000.0 8690740000000.0 24063100000000.0 17437200000000.0 17662900000.0 83114600000.0 -4.2 [-4.2]
575439000000000.0 1.67417e+17 28937300000000.0 333021000000000.0 75437400000000.0 5046890000000.0 67320300000000.0 5703910000000.0 85330700000.0 441663000000000.0 1316470000000.0 35913500000.0 58438700000.0 6156160000000.0 8503380000000.0 22837700000000.0 15501600000000.0 19870600000.0 87164300000.0 -4.18 [-4.18]
575439000000000.0 1.57839e+17 28644400000000.0 316222000000000.0 68695400000000.0 5188670000000.0 64620800000000.0 4939960000000.0 95235900000.0 427064000000000.0 1082670000000.0 28129200000.0 59308800000.0 6481710000000.0 8292570000000.0 21621800000000.0 13748400000000.0 22304400000.0 91273300000.0 -4.16 [-4.16]
575439000000000.0 1.48866e+17 28349600000000.0 300237000000000.0 62509900000000.0 5328610000000.0 61972700000000.0 4274870000000.0 106109000000.0 412423000000000.0 889580000000.0 22015500000.0 60037200000.0 6800390000000.0 8063170000000.0 20428400000000.0 12153800000000.0 25063400000.0 95447100000.0 -4.14 [-4.14]
575440000000000.0 1.40447e+17 28050500000000.0 285002000000000.0 56845500000000.0 5466320000000.0 59375100000000.0 3697050000000.0 118007000000.0 397687000000000.0 730311000000.0 17218300000.0 60620500000.0 7107980000000.0 7814480000000.0 19254900000000.0 10714400000000.0 28131300000.0 99670400000.0 -4.12 [-4.12]
575440000000000.0 1.32539e+17 27746600000000.0 270476000000000.0 51661400000000.0 5601560000000.0 56829200000000.0 3195490000000.0 130997000000.0 382875000000000.0 599015000000.0 13456000000.0 61060500000.0 7401410000000.0 7548010000000.0 18103800000000.0 9420860000000.0 31516500000.0 103933000000.0 -4.1 [-4.1]
575440000000000.0 1.25108e+17 27438900000000.0 256628000000000.0 46918000000000.0 5734130000000.0 54338100000000.0 2760360000000.0 145153000000.0 368037000000000.0 490839000000.0 10506800000.0 61361600000.0 7678190000000.0 7266240000000.0 16979900000000.0 8261890000000.0 35245600000.0 108225000000.0 -4.08 [-4.08]
575439000000000.0 1.18122e+17 27128200000000.0 243432000000000.0 42579400000000.0 5863800000000.0 51904600000000.0 2383090000000.0 160547000000.0 353222000000000.0 401778000000.0 8196780000.0 61529500000.0 7935980000000.0 6971820000000.0 15887300000000.0 7226750000000.0 39346400000.0 112538000000.0 -4.06 [-4.06]
575439000000000.0 1.11553e+17 26815300000000.0 230861000000000.0 38612500000000.0 5990300000000.0 49531200000000.0 2056190000000.0 177256000000.0 338478000000000.0 328514000000.0 6388690000.0 61570200000.0 8172670000000.0 6667420000000.0 14829800000000.0 6305100000000.0 43847900000.0 116859000000.0 -4.04 [-4.04]
575440000000000.0 1.05375e+17 26501600000000.0 218890000000000.0 34987200000000.0 6113530000000.0 47220300000000.0 1773130000000.0 195354000000.0 323853000000000.0 268308000000.0 4974890000.0 61491300000.0 8386370000000.0 6355800000000.0 13810600000000.0 5487220000000.0 48781500000.0 121179000000.0 -4.02 [-4.02]
