Cloudy_runs/pg1216/z=0.006328/logZ=1/component_II_PI_nH/component_II_PI_nH_col_density_param.txt
# %ECSV 1.0
# ---
# datatype:
# - {name: H, datatype: float64}
# - {name: H+, datatype: float64}
# - {name: C+, datatype: float64}
# - {name: C+2, datatype: float64}
# - {name: C+3, datatype: float64}
# - {name: N+, datatype: float64}
# - {name: N+2, datatype: float64}
# - {name: N+4, datatype: float64}
# - {name: O, datatype: float64}
# - {name: O+2, datatype: float64}
# - {name: O+5, datatype: float64}
# - {name: O+6, datatype: float64}
# - {name: P+, datatype: float64}
# - {name: Si+, datatype: float64}
# - {name: Si+2, datatype: float64}
# - {name: Si+3, datatype: float64}
# - {name: Si+4, datatype: float64}
# - {name: Fe+, datatype: float64}
# - {name: Al+, datatype: float64}
# - {name: log_nH, datatype: float64}
# - {name: parameters, datatype: string, subtype: 'float64[1]'}
# schema: astropy-2.0
H H+ C+ C+2 C+3 N+ N+2 N+4 O O+2 O+5 O+6 P+ Si+ Si+2 Si+3 Si+4 Fe+ Al+ log_nH parameters
[from data line 51]
575440000000000.0 9.40973e+16 25876100000000.0 196663000000000.0 28653600000000.0 6349110000000.0 42795200000000.0 1316500000000.0 235993000000.0 295138000000000.0 178381000000.0 3008960000.0 61006400000.0 8738740000000.0 5721990000000.0 11898500000000.0 4126280000000.0 60070300000.0 129763000000.0 -3.98 [-3.98]
575440000000000.0 8.89531e+16 25565100000000.0 186355000000000.0 25896700000000.0 6460990000000.0 40683100000000.0 1133520000000.0 258680000000.0 281124000000000.0 145197000000.0 2337100000.0 60615000000.0 8875380000000.0 5404750000000.0 11009200000000.0 3565850000000.0 66493300000.0 133999000000.0 -3.96 [-3.96]
575439000000000.0 8.41182e+16 25258700000000.0 176569000000000.0 23384500000000.0 6568590000000.0 38642400000000.0 975628000000.0 283010000000.0 267407000000000.0 118078000000.0 1814300000.0 60139400000.0 8984760000000.0 5091060000000.0 10167000000000.0 3075370000000.0 73476200000.0 138180000000.0 -3.94 [-3.94]
575440000000000.0 7.95716e+16 24956600000000.0 167275000000000.0 21097000000000.0 6671730000000.0 36672600000000.0 839422000000.0 309050000000.0 254012000000000.0 95930800000.0 1407660000.0 59586400000.0 9066880000000.0 4782780000000.0 9372070000000.0 2647230000000.0 81056000000.0 142291000000.0 -3.92 [-3.92]
575440000000000.0 7.52968e+16 24659500000000.0 158453000000000.0 19016000000000.0 6770220000000.0 34774300000000.0 722000000000.0 336849000000.0 240970000000000.0 77867200000.0 1091670000.0 58964400000.0 9122050000000.0 4481860000000.0 8624590000000.0 2274640000000.0 89267800000.0 146317000000.0 -3.9 [-3.9]
575440000000000.0 7.1278e+16 24368200000000.0 150085000000000.0 17124700000000.0 6863830000000.0 32947800000000.0 620833000000.0 366449000000.0 228309000000000.0 63152100000.0 846335000.0 58281600000.0 9150910000000.0 4189990000000.0 7924280000000.0 1951340000000.0 98146500000.0 150245000000.0 -3.88 [-3.88]
575440000000000.0 6.75e+16 24083000000000.0 142149000000000.0 15407600000000.0 6952370000000.0 31192800000000.0 533716000000.0 397888000000.0 216049000000000.0 51178000000.0 655982000.0 57545700000.0 9154420000000.0 3908510000000.0 7270350000000.0 1671560000000.0 107728000000.0 154059000000.0 -3.86 [-3.86]
575440000000000.0 6.39509e+16 23804900000000.0 134630000000000.0 13851000000000.0 7035680000000.0 29509900000000.0 458773000000.0 431180000000.0 204219000000000.0 41449800000.0 508454000.0 56764800000.0 9133900000000.0 3638720000000.0 6662030000000.0 1430180000000.0 118042000000.0 157743000000.0 -3.84 [-3.84]
575440000000000.0 6.06124e+16 23533000000000.0 127500000000000.0 12440100000000.0 7113600000000.0 27896200000000.0 394256000000.0 466376000000.0 192815000000000.0 33545400000.0 394047000.0 55943700000.0 9090690000000.0 3381070000000.0 6097120000000.0 1222180000000.0 129136000000.0 161288000000.0 -3.82 [-3.82]
575440000000000.0 5.74742e+16 23268000000000.0 120744000000000.0 11163400000000.0 7185950000000.0 26351800000000.0 338769000000.0 503473000000.0 181857000000000.0 27132900000.0 305414000.0 55089500000.0 9026500000000.0 3136340000000.0 5574280000000.0 1043450000000.0 141038000000.0 164679000000.0 -3.8 [-3.8]
575440000000000.0 5.45237e+16 23009500000000.0 114345000000000.0 10009200000000.0 7252580000000.0 24875200000000.0 291059000000.0 542481000000.0 171349000000000.0 21934600000.0 236759000.0 54207500000.0 8943070000000.0 2904840000000.0 5091570000000.0 890140000000.0 153785000000.0 167905000000.0 -3.78 [-3.78]
575440000000000.0 5.17495e+16 22757700000000.0 108284000000000.0 8967230000000.0 7313450000000.0 23464900000000.0 250048000000.0 583395000000.0 161295000000000.0 17724000000.0 183590000.0 53302600000.0 8842250000000.0 2686690000000.0 4646920000000.0 758869000000.0 167414000000.0 170954000000.0 -3.76 [-3.76]
575440000000000.0 4.91399e+16 22512000000000.0 102543000000000.0 8027190000000.0 7368320000000.0 22119000000000.0 214792000000.0 626212000000.0 151691000000000.0 14315000000.0 142405000.0 52379400000.0 8725870000000.0 2481800000000.0 4238070000000.0 646610000000.0 181959000000.0 173819000000.0 -3.74 [-3.74]
575440000000000.0 4.66817e+16 22270900000000.0 97099400000000.0 7179670000000.0 7417100000000.0 20834100000000.0 184465000000.0 670954000000.0 142524000000000.0 11554400000.0 110475000.0 51438700000.0 8595580000000.0 2289700000000.0 3862440000000.0 550653000000.0 197469000000.0 176491000000.0 -3.72 [-3.72]
575440000000000.0 4.4371e+16 22036200000000.0 91949800000000.0 6417390000000.0 7459790000000.0 19611500000000.0 158428000000.0 717520000000.0 133809000000000.0 9324500000.0 85764300.0 50488900000.0 8453540000000.0 2110600000000.0 3518630000000.0 468877000000.0 213954000000.0 178962000000.0 -3.7 [-3.7]
575440000000000.0 4.21951e+16 21806100000000.0 87072000000000.0 5731940000000.0 7496210000000.0 18447400000000.0 136052000000.0 765920000000.0 125526000000000.0 7521940000.0 66612200.0 49530300000.0 8301280000000.0 1943750000000.0 3203980000000.0 399169000000.0 231459000000.0 181228000000.0 -3.68 [-3.68]
575440000000000.0 4.01451e+16 21580300000000.0 82450900000000.0 5116150000000.0 7526330000000.0 17339700000000.0 116821000000.0 816119000000.0 117663000000000.0 6065420000.0 51762900.0 48565500000.0 8140420000000.0 1788640000000.0 2916350000000.0 339789000000.0 250019000000.0 183284000000.0 -3.66 [-3.66]
575440000000000.0 3.82126e+16 21357800000000.0 78072000000000.0 4563410000000.0 7550040000000.0 16286000000000.0 100291000000.0 868081000000.0 110208000000000.0 4888810000.0 40243600.0 47596100000.0 7972420000000.0 1644690000000.0 2653630000000.0 289228000000.0 269669000000.0 185128000000.0 -3.64 [-3.64]
575440000000000.0 3.63899e+16 21138300000000.0 73922500000000.0 4067720000000.0 7567300000000.0 15284600000000.0 86083700000.0 921752000000.0 103148000000000.0 3938770000.0 0.0 46624600000.0 7798710000000.0 1511340000000.0 2413900000000.0 246200000000.0 290436000000.0 186759000000.0 -3.62 [-3.62]
575440000000000.0 3.46691e+16 20920800000000.0 69988400000000.0 3623510000000.0 7577950000000.0 14333000000000.0 73869900000.0 977091000000.0 96466200000000.0 3171710000.0 0.0 45651600000.0 7620470000000.0 1387900000000.0 2195220000000.0 209581000000.0 312352000000.0 188175000000.0 -3.6 [-3.6]
575440000000000.0 3.30453e+16 20705900000000.0 66261300000000.0 3225900000000.0 7582120000000.0 13430200000000.0 63377600000.0 1033990000000.0 90156700000000.0 2553140000.0 0.0 44681100000.0 7439050000000.0 1273950000000.0 1996050000000.0 178450000000.0 335432000000.0 189377000000.0 -3.58 [-3.58]
575440000000000.0 3.15098e+16 20491600000000.0 62725400000000.0 2870070000000.0 7579600000000.0 12572900000000.0 54355200000.0 1092440000000.0 84194200000000.0 2053900000.0 0.0 43711300000.0 7255220000000.0 1168670000000.0 1814490000000.0 151956000000.0 359715000000.0 190366000000.0 -3.56 [-3.56]
575440000000000.0 3.00576e+16 20277900000000.0 59371800000000.0 2551920000000.0 7570390000000.0 11759700000000.0 46600200000.0 1152350000000.0 78567600000000.0 1651310000.0 0.0 42744400000.0 7069970000000.0 1071550000000.0 1649130000000.0 129418000000.0 385212000000.0 191144000000.0 -3.54 [-3.54]
575440000000000.0 2.86831e+16 20064300000000.0 56190500000000.0 2267650000000.0 7554480000000.0 10988900000000.0 39934900000.0 1213650000000.0 73261800000000.0 1326790000.0 0.0 41781500000.0 6884100000000.0 982021000000.0 1498560000000.0 110246000000.0 411939000000.0 191715000000.0 -3.52 [-3.52]
575440000000000.0 2.73813e+16 19850400000000.0 53171800000000.0 2013830000000.0 7531840000000.0 10258700000000.0 34206700000.0 1276240000000.0 68261900000000.0 1065300000.0 0.0 40823400000.0 6698320000000.0 899544000000.0 1361480000000.0 93933300000.0 439903000000.0 192082000000.0 -3.5 [-3.5]
575440000000000.0 2.61475e+16 19635500000000.0 50307300000000.0 1787350000000.0 7502470000000.0 9567310000000.0 29285100000.0 1340040000000.0 63554000000000.0 854723000.0 0.0 39871000000.0 6513230000000.0 823610000000.0 1236720000000.0 80053300000.0 469102000000.0 192247000000.0 -3.48 [-3.48]
575440000000000.0 2.49771e+16 19419300000000.0 47588300000000.0 1585370000000.0 7466350000000.0 8913180000000.0 25056900000.0 1404950000000.0 59122900000000.0 685205000.0 0.0 38924800000.0 6329340000000.0 753717000000.0 1123160000000.0 68239300000.0 499530000000.0 192218000000.0 -3.46 [-3.46]
575440000000000.0 2.38657e+16 19201300000000.0 45006400000000.0 1405310000000.0 7423490000000.0 8294610000000.0 21424800000.0 1470900000000.0 54954200000000.0 548804000.0 0.0 37985300000.0 6147050000000.0 689403000000.0 1019790000000.0 58180600000.0 531175000000.0 191996000000.0 -3.44 [-3.44]
575440000000000.0 2.281e+16 18981100000000.0 42555000000000.0 1244940000000.0 7373920000000.0 7710270000000.0 18306300000.0 1537760000000.0 51035800000000.0 439140000.0 0.0 37053300000.0 5966780000000.0 630255000000.0 925722000000.0 49615800000.0 564001000000.0 191588000000.0 -3.42 [-3.42]
575440000000000.0 2.18061e+16 18758300000000.0 40227000000000.0 1102170000000.0 7317680000000.0 7158680000000.0 15629700000.0 1605440000000.0 47354500000000.0 351028000.0 0.0 36129200000.0 5788830000000.0 575873000000.0 840116000000.0 42320800000.0 597968000000.0 190999000000.0 -3.4 [-3.4]
575440000000000.0 2.08509e+16 18532500000000.0 38016000000000.0 975137000000.0 7254840000000.0 6638490000000.0 13333400000.0 1673820000000.0 43897900000000.0 280285000.0 0.0 35213400000.0 5613450000000.0 525886000000.0 762211000000.0 36105800000.0 633019000000.0 190234000000.0 -3.38 [-3.38]
575440000000000.0 1.99413e+16 18303500000000.0 35915600000000.0 862170000000.0 7185470000000.0 6148330000000.0 11364200000.0 1742800000000.0 40654200000000.0 223531000.0 0.0 34306400000.0 5440850000000.0 479950000000.0 691312000000.0 30809200000.0 669086000000.0 189298000000.0 -3.36 [-3.36]
575440000000000.0 1.90746e+16 18070900000000.0 33920900000000.0 761792000000.0 7109700000000.0 5687070000000.0 9676840000.0 1812260000000.0 37612900000000.0 178051000.0 0.0 33408800000.0 5271230000000.0 437758000000.0 626807000000.0 26295100000.0 706074000000.0 188197000000.0 -3.34 [-3.34]
575440000000000.0 1.82476e+16 17834300000000.0 32025200000000.0 672602000000.0 7027520000000.0 5253210000000.0 8231080000.0 1882090000000.0 34761500000000.0 141622000.0 0.0 32520100000.0 5104600000000.0 398992000000.0 568085000000.0 22444900000.0 743881000000.0 186936000000.0 -3.32 [-3.32]
575440000000000.0 1.74581e+16 17593600000000.0 30223700000000.0 593407000000.0 6939140000000.0 4845670000000.0 6993410000.0 1952190000000.0 32090300000000.0 112480000.0 0.0 31641100000.0 4941100000000.0 363395000000.0 514642000000.0 19160800000.0 782383000000.0 185521000000.0 -3.3 [-3.3]
575440000000000.0 1.67047e+16 17348800000000.0 28513700000000.0 523195000000.0 6844870000000.0 4463670000000.0 5935700000.0 2022390000000.0 29592300000000.0 89211900.0 0.0 30773000000.0 4781000000000.0 330749000000.0 466054000000.0 16361100000.0 821409000000.0 183959000000.0 -3.28 [-3.28]
575440000000000.0 1.59816e+16 17098300000000.0 26882900000000.0 460751000000.0 6744060000000.0 4104660000000.0 5029150000.0 2092740000000.0 27248100000000.0 70597200.0 0.0 29911600000.0 4623500000000.0 300698000000.0 421704000000.0 13965900000.0 860853000000.0 182246000000.0 -3.26 [-3.26]
575440000000000.0 1.52928e+16 16844200000000.0 25340000000000.0 405598000000.0 6638270000000.0 3769910000000.0 4257800000.0 2162860000000.0 25065300000000.0 55806600.0 0.0 29064400000.0 4470000000000.0 273234000000.0 381500000000.0 11927700000.0 900412000000.0 180403000000.0 -3.24 [-3.24]
575440000000000.0 1.46337e+16 16585500000000.0 23874900000000.0 356763000000.0 6527110000000.0 3457230000000.0 3600050000.0 2232750000000.0 23027800000000.0 44038000.0 0.0 28228100000.0 4319860000000.0 248065000000.0 344941000000.0 10188300000.0 939918000000.0 178429000000.0 -3.22 [-3.22]
575440000000000.0 1.40055e+16 16323300000000.0 22490500000000.0 313710000000.0 6411710000000.0 3166730000000.0 3041760000.0 2302140000000.0 21135500000000.0 34715600.0 0.0 27407300000.0 4173870000000.0 225101000000.0 311834000000.0 8708130000.0 979082000000.0 176340000000.0 -3.2 [-3.2]
575440000000000.0 1.34012e+16 16055400000000.0 21170700000000.0 275502000000.0 6290790000000.0 2895300000000.0 2565040000.0 2371190000000.0 19366400000000.0 27297400.0 0.0 26594800000.0 4030600000000.0 204007000000.0 281635000000.0 7440540000.0 1017740000000.0 174123000000.0 -3.18 [-3.18]
575440000000000.0 1.28217e+16 15782500000000.0 19917800000000.0 241733000000.0 6165250000000.0 2642850000000.0 2159770000.0 2439690000000.0 17719300000000.0 21420300.0 0.0 25793600000.0 3890620000000.0 184701000000.0 254185000000.0 6357760000.0 1055590000000.0 171791000000.0 -3.16 [-3.16]
575440000000000.0 1.22662e+16 15505400000000.0 18729800000000.0 211926000000.0 6035650000000.0 2408660000000.0 1815960000.0 2507480000000.0 16189300000000.0 16776400.0 0.0 25005100000.0 3754090000000.0 167063000000.0 229266000000.0 5433500000.0 1092310000000.0 169353000000.0 -3.14 [-3.14]
575440000000000.0 1.1734e+16 15224400000000.0 17604500000000.0 185652000000.0 5902500000000.0 2191960000000.0 1524860000.0 2574400000000.0 14771100000000.0 13115500.0 0.0 24230400000.0 3621110000000.0 150976000000.0 206671000000.0 4644900000.0 1127610000000.0 166818000000.0 -3.12 [-3.12]
575440000000000.0 1.12225e+16 14938600000000.0 16536400000000.0 162465000000.0 5765630000000.0 1991310000000.0 1278200000.0 2640490000000.0 13454500000000.0 0.0 0.0 23467100000.0 3491250000000.0 136276000000.0 186142000000.0 3970600000.0 1161190000000.0 164183000000.0 -3.1 [-3.1]
575440000000000.0 1.07325e+16 14649800000000.0 15526100000000.0 142068000000.0 5626120000000.0 1806400000000.0 1070050000.0 2705460000000.0 12238400000000.0 0.0 0.0 22718800000.0 3364980000000.0 122901000000.0 167556000000.0 3395490000.0 1192760000000.0 161467000000.0 -3.08 [-3.08]
575440000000000.0 1.02624e+16 14357700000000.0 14570000000000.0 124126000000.0 5484160000000.0 1636170000000.0 894512000.0 2769300000000.0 11115200000000.0 0.0 0.0 21984700000.0 3242130000000.0 110730000000.0 150723000000.0 2904440000.0 1222010000000.0 158671000000.0 -3.06 [-3.06]
575440000000000.0 9811340000000000.0 14062800000000.0 13665600000000.0 108356000000.0 5340170000000.0 1479730000000.0 746686000.0 2831890000000.0 10079800000000.0 0.0 0.0 21265100000.0 3122670000000.0 99666300000.0 135485000000.0 2485140000.0 1248680000000.0 155805000000.0 -3.04 [-3.04]
575440000000000.0 9379340000000000.0 13766200000000.0 12812300000000.0 94528200000.0 5194950000000.0 1336450000000.0 622559000.0 2893100000000.0 9128100000000.0 0.0 0.0 20561700000.0 3006810000000.0 89635100000.0 121723000000.0 2127500000.0 1272540000000.0 152879000000.0 -3.02 [-3.02]
575440000000000.0 8964350000000000.0 13467300000000.0 12005100000000.0 82384100000.0 5048380000000.0 1205180000000.0 518260000.0 2952900000000.0 8252920000000.0 0.0 0.0 19872700000.0 2894180000000.0 80529700000.0 109273000000.0 1821790000.0 1293330000000.0 149894000000.0 -3.0 [-3.0]
575440000000000.0 8566420000000000.0 13167300000000.0 11243300000000.0 71743800000.0 4901230000000.0 1085320000000.0 430876000.0 3011170000000.0 7450650000000.0 0.0 0.0 19199700000.0 2784950000000.0 72285700000.0 98033000000.0 1560760000.0 1310900000000.0 146863000000.0 -2.98 [-2.98]
575440000000000.0 8184910000000000.0 12866700000000.0 10525000000000.0 62430100000.0 4753930000000.0 976081000000.0 357781000.0 3067840000000.0 6716570000000.0 0.0 0.0 18542900000.0 2679120000000.0 64830900000.0 87895100000.0 1337840000.0 1325110000000.0 143792000000.0 -2.96 [-2.96]
575440000000000.0 7819290000000000.0 12566000000000.0 9848130000000.0 54286100000.0 4606940000000.0 876734000000.0 296738000.0 3122840000000.0 6046240000000.0 0.0 0.0 17902700000.0 2576680000000.0 58098900000.0 78759600000.0 1147440000.0 1335850000000.0 140690000000.0 -2.94 [-2.94]
