Cloudy_runs/pks1302/z=0.094839/logZ=1/component_I_PI_nH/component_I_PI_nH_col_density_param.txt
# %ECSV 1.0
# ---
# datatype:
# - {name: H, datatype: float64}
# - {name: H+, datatype: float64}
# - {name: C+, datatype: float64}
# - {name: C+2, datatype: float64}
# - {name: C+3, datatype: float64}
# - {name: N+, datatype: float64}
# - {name: N+2, datatype: float64}
# - {name: N+4, datatype: float64}
# - {name: O, datatype: float64}
# - {name: O+2, datatype: float64}
# - {name: O+5, datatype: float64}
# - {name: O+6, datatype: float64}
# - {name: P+, datatype: float64}
# - {name: Si+, datatype: float64}
# - {name: Si+2, datatype: float64}
# - {name: Si+3, datatype: float64}
# - {name: Si+4, datatype: float64}
# - {name: Fe+, datatype: float64}
# - {name: Al+, datatype: float64}
# - {name: log_nH, datatype: float64}
# - {name: parameters, datatype: string, subtype: 'float64[1]'}
# schema: astropy-2.0
H H+ C+ C+2 C+3 N+ N+2 N+4 O O+2 O+5 O+6 P+ Si+ Si+2 Si+3 Si+4 Fe+ Al+ log_nH parameters
[from data line 51]
645654000000000.0 1.66311e+17 29932400000000.0 336931000000000.0 70659200000000.0 5802340000000.0 69750600000000.0 4533170000000.0 116570000000.0 467495000000000.0 876908000000.0 20534800000.0 66465100000.0 7942530000000.0 9214580000000.0 22865200000000.0 13076400000000.0 27559500000.0 111038000000.0 -3.98 [-3.98]
645654000000000.0 1.56978e+17 29634100000000.0 320031000000000.0 64288400000000.0 5949690000000.0 66840600000000.0 3922950000000.0 129483000000.0 450599000000000.0 720746000000.0 16088800000.0 67067400000.0 8285880000000.0 8922240000000.0 21522000000000.0 11522500000000.0 30879500000.0 115899000000.0 -3.96 [-3.96]
645654000000000.0 1.48205e+17 29331100000000.0 303901000000000.0 58451800000000.0 6094500000000.0 63988600000000.0 3392850000000.0 143575000000.0 433648000000000.0 591828000000.0 12594700000.0 67518600000.0 8612190000000.0 8610470000000.0 20208100000000.0 10126800000000.0 34538500000.0 120804000000.0 -3.94 [-3.94]
645654000000000.0 1.39953e+17 29024300000000.0 288512000000000.0 53106400000000.0 6236590000000.0 61198100000000.0 2932630000000.0 158928000000.0 416699000000000.0 485470000000.0 9850390000.0 67823300000.0 8918730000000.0 8282130000000.0 18928400000000.0 8877010000000.0 38564800000.0 125742000000.0 -3.92 [-3.92]
645654000000000.0 1.32189e+17 28714600000000.0 273834000000000.0 48212800000000.0 6375700000000.0 58472200000000.0 2533310000000.0 175621000000.0 399804000000000.0 397793000000.0 7696750000.0 67987200000.0 9202920000000.0 7940180000000.0 17687500000000.0 7761380000000.0 42987800000.0 130700000000.0 -3.9 [-3.9]
645654000000000.0 1.24884e+17 28403300000000.0 259843000000000.0 43735300000000.0 6511590000000.0 55814100000000.0 2187110000000.0 193734000000.0 383017000000000.0 325593000000.0 6008350000.0 68017600000.0 9462380000000.0 7587810000000.0 16489300000000.0 6768810000000.0 47837900000.0 135667000000.0 -3.88 [-3.88]
645654000000000.0 1.18009e+17 28091400000000.0 246513000000000.0 39640700000000.0 6644060000000.0 53227000000000.0 1887200000000.0 213346000000.0 366392000000000.0 266203000000.0 4686070000.0 67922200000.0 9695090000000.0 7228160000000.0 15337500000000.0 5888650000000.0 53147100000.0 140628000000.0 -3.86 [-3.86]
645654000000000.0 1.1154e+17 27780100000000.0 233821000000000.0 35898900000000.0 6772870000000.0 50713100000000.0 1627590000000.0 234534000000.0 349977000000000.0 217410000000.0 3651660000.0 67709300000.0 9899360000000.0 6864370000000.0 14235000000000.0 5110780000000.0 58948100000.0 145568000000.0 -3.84 [-3.84]
645654000000000.0 1.05453e+17 27470300000000.0 221740000000000.0 32481800000000.0 6897750000000.0 48274500000000.0 1403010000000.0 257374000000.0 333819000000000.0 177367000000.0 2843260000.0 67387300000.0 10073900000000.0 6499410000000.0 13183900000000.0 4425540000000.0 65275000000.0 150471000000.0 -3.82 [-3.82]
645654000000000.0 9.97247e+16 27163300000000.0 210249000000000.0 29363600000000.0 7018510000000.0 45913200000000.0 1208900000000.0 281938000000.0 317963000000000.0 144550000000.0 2212220000.0 66965500000.0 10217900000000.0 6136180000000.0 12186100000000.0 3823920000000.0 72162900000.0 155322000000.0 -3.8 [-3.8]
645654000000000.0 9.43357e+16 26860200000000.0 199325000000000.0 26520600000000.0 7134930000000.0 43630400000000.0 1041230000000.0 308293000000.0 302449000000000.0 117689000000.0 1720120000.0 66453400000.0 10330900000000.0 5777360000000.0 11242500000000.0 3297400000000.0 79647600000.0 160105000000.0 -3.78 [-3.78]
645654000000000.0 8.92633e+16 26560200000000.0 188940000000000.0 23930900000000.0 7246780000000.0 41425700000000.0 896452000000.0 336515000000.0 287305000000000.0 95718900000.0 1336600000.0 65856900000.0 10413100000000.0 5425030000000.0 10353100000000.0 2837810000000.0 87768100000.0 164801000000.0 -3.76 [-3.76]
645654000000000.0 8.44957e+16 26266800000000.0 179084000000000.0 21574700000000.0 7353810000000.0 39303000000000.0 771636000000.0 366629000000.0 272585000000000.0 77792600000.0 1038300000.0 65190200000.0 10464700000000.0 5082000000000.0 9519010000000.0 2438310000000.0 96554200000.0 169394000000.0 -3.74 [-3.74]
645654000000000.0 8.00123e+16 25979500000000.0 169730000000000.0 19433000000000.0 7455830000000.0 37260700000000.0 664036000000.0 398701000000.0 258306000000000.0 63173400000.0 806315000.0 64459200000.0 10486700000000.0 4749740000000.0 8738900000000.0 2091800000000.0 106046000000.0 173866000000.0 -3.72 [-3.72]
645654000000000.0 7.57958e+16 25698400000000.0 160853000000000.0 17488000000000.0 7552680000000.0 35298200000000.0 571316000000.0 432774000000.0 244489000000000.0 51263300000.0 626024000.0 63671500000.0 10480400000000.0 4429700000000.0 8011640000000.0 1792020000000.0 116283000000.0 178201000000.0 -3.7 [-3.7]
645654000000000.0 7.18321e+16 25424300000000.0 152435000000000.0 15724100000000.0 7644170000000.0 33415600000000.0 491475000000.0 468875000000.0 231158000000000.0 41573000000.0 486025000.0 62835600000.0 10447100000000.0 4123200000000.0 7335940000000.0 1533380000000.0 127299000000.0 182383000000.0 -3.68 [-3.68]
645654000000000.0 6.81083e+16 25157900000000.0 144461000000000.0 14126700000000.0 7730120000000.0 31613100000000.0 422785000000.0 507011000000.0 218335000000000.0 33699700000.0 377408000.0 61959600000.0 10388800000000.0 3831290000000.0 6710280000000.0 1310850000000.0 139127000000.0 186395000000.0 -3.66 [-3.66]
645654000000000.0 6.46035e+16 24897400000000.0 136894000000000.0 12680100000000.0 7810370000000.0 29885900000000.0 363617000000.0 547252000000.0 206006000000000.0 27298600000.0 293040000.0 61045700000.0 10307100000000.0 3553940000000.0 6131510000000.0 1119480000000.0 151819000000.0 190225000000.0 -3.64 [-3.64]
645654000000000.0 6.13072e+16 24643600000000.0 129722000000000.0 11372300000000.0 7884780000000.0 28234200000000.0 312701000000.0 589586000000.0 194188000000000.0 22102300000.0 227572000.0 60101600000.0 10204200000000.0 3291770000000.0 5597800000000.0 955334000000.0 165407000000.0 193861000000.0 -3.62 [-3.62]
645654000000000.0 5.82066e+16 24396100000000.0 122925000000000.0 10191400000000.0 7953200000000.0 26656100000000.0 268897000000.0 634014000000.0 182881000000000.0 17887300000.0 176778000.0 59132100000.0 10082300000000.0 3044870000000.0 5106720000000.0 814769000000.0 179927000000.0 197290000000.0 -3.6 [-3.6]
645654000000000.0 5.52898e+16 24154700000000.0 116485000000000.0 9126200000000.0 8015490000000.0 25149900000000.0 231219000000.0 680533000000.0 172084000000000.0 14470400000.0 137369000.0 58142000000.0 9943290000000.0 2813130000000.0 4655750000000.0 694571000000.0 195418000000.0 200501000000.0 -3.58 [-3.58]
645654000000000.0 5.25445e+16 23918900000000.0 110382000000000.0 8166280000000.0 8071580000000.0 23713100000000.0 198808000000.0 729135000000.0 161790000000000.0 11701600000.0 106787000.0 57134700000.0 9789390000000.0 2596250000000.0 4242250000000.0 591898000000.0 211920000000.0 203487000000.0 -3.56 [-3.56]
645654000000000.0 4.9956e+16 23686800000000.0 104590000000000.0 7301440000000.0 8121240000000.0 22341400000000.0 170898000000.0 779853000000.0 151977000000000.0 9456740000.0 83023600.0 56110700000.0 9622310000000.0 2393460000000.0 3863180000000.0 504184000000.0 229487000000.0 206242000000.0 -3.54 [-3.54]
645654000000000.0 4.75252e+16 23461900000000.0 99116400000000.0 6524960000000.0 8164630000000.0 21038700000000.0 146947000000.0 832504000000.0 142677000000000.0 7643650000.0 64616900.0 55082400000.0 9444790000000.0 2205250000000.0 3517470000000.0 429573000000.0 248107000000.0 208756000000.0 -3.52 [-3.52]
645654000000000.0 4.52277e+16 23238300000000.0 93913900000000.0 5826080000000.0 8201320000000.0 19794600000000.0 126296000000.0 887269000000.0 133821000000000.0 6172790000.0 50286200.0 54039900000.0 9257510000000.0 2029730000000.0 3200840000000.0 365841000000.0 267884000000.0 211030000000.0 -3.5 [-3.5]
645654000000000.0 4.30645e+16 23019200000000.0 88988600000000.0 5199200000000.0 8231460000000.0 18612400000000.0 108551000000.0 943946000000.0 125436000000000.0 4984280000.0 0.0 52994500000.0 9062990000000.0 1867150000000.0 2912250000000.0 311624000000.0 288804000000.0 213058000000.0 -3.48 [-3.48]
645654000000000.0 4.10238e+16 22802700000000.0 84318700000000.0 4636890000000.0 8254880000000.0 17488000000000.0 93285300000.0 1002540000000.0 117492000000000.0 4022980000.0 0.0 51945100000.0 8862500000000.0 1716530000000.0 2649040000000.0 265461000000.0 310918000000.0 214840000000.0 -3.46 [-3.46]
645654000000000.0 3.90971e+16 22588200000000.0 79889900000000.0 4132860000000.0 8271530000000.0 16419000000000.0 80150300000.0 1063010000000.0 109974000000000.0 3245670000.0 0.0 50893600000.0 8657400000000.0 1577170000000.0 2409130000000.0 226163000000.0 334261000000.0 216376000000.0 -3.44 [-3.44]
645654000000000.0 3.7277e+16 22375200000000.0 75689000000000.0 3681420000000.0 8281290000000.0 15403100000000.0 68848300000.0 1125280000000.0 102865000000000.0 2617320000.0 0.0 49841400000.0 8448980000000.0 1448360000000.0 2190550000000.0 192712000000.0 358863000000.0 217668000000.0 -3.42 [-3.42]
645654000000000.0 3.55562e+16 22162800000000.0 71702600000000.0 3277340000000.0 8284110000000.0 14437900000000.0 59122200000.0 1189310000000.0 96146200000000.0 2109470000.0 0.0 48789500000.0 8238290000000.0 1329400000000.0 1991460000000.0 164236000000.0 384754000000.0 218716000000.0 -3.4 [-3.4]
645654000000000.0 3.39297e+16 21951500000000.0 67922300000000.0 2916030000000.0 8280040000000.0 13522300000000.0 50757900000.0 1254960000000.0 89808400000000.0 1699460000.0 0.0 47741200000.0 8026560000000.0 1219750000000.0 1810310000000.0 140012000000.0 411945000000.0 219526000000.0 -3.38 [-3.38]
645654000000000.0 3.23889e+16 21739300000000.0 64332200000000.0 2592970000000.0 8268830000000.0 12653000000000.0 43557300000.0 1322230000000.0 83824400000000.0 1368160000.0 0.0 46694600000.0 7814340000000.0 1118560000000.0 1645310000000.0 119379000000.0 440476000000.0 220099000000.0 -3.36 [-3.36]
645654000000000.0 3.09292e+16 21526400000000.0 60923800000000.0 2304370000000.0 8250550000000.0 11828500000000.0 37362100000.0 1391000000000.0 78182100000000.0 1100730000.0 0.0 45652100000.0 7602530000000.0 1025320000000.0 1495140000000.0 101812000000.0 470351000000.0 220441000000.0 -3.34 [-3.34]
645654000000000.0 2.95454e+16 21312300000000.0 57687400000000.0 2046720000000.0 8225140000000.0 11047100000000.0 32032400000.0 1461180000000.0 72865200000000.0 884935000.0 0.0 44614400000.0 7391780000000.0 939446000000.0 1358470000000.0 86852300000.0 501578000000.0 220555000000.0 -3.32 [-3.32]
645654000000000.0 2.82325e+16 21096500000000.0 54613500000000.0 1816810000000.0 8192590000000.0 10306800000000.0 27448000000.0 1532680000000.0 67857600000000.0 710892000.0 0.0 43582500000.0 7182650000000.0 860377000000.0 1234090000000.0 74109300000.0 534156000000.0 220450000000.0 -3.3 [-3.3]
645654000000000.0 2.6986e+16 20878400000000.0 51693500000000.0 1611780000000.0 8152870000000.0 9606020000000.0 23505500000.0 1605380000000.0 63144100000000.0 570595000.0 0.0 42557000000.0 6975610000000.0 787604000000.0 1120900000000.0 63252300000.0 568072000000.0 220128000000.0 -3.28 [-3.28]
645654000000000.0 2.58014e+16 20657700000000.0 48919000000000.0 1429030000000.0 8105940000000.0 8943100000000.0 20115800000.0 1679170000000.0 58710000000000.0 457566000.0 0.0 41538400000.0 6771050000000.0 720639000000.0 1017900000000.0 53998900000.0 603302000000.0 219597000000.0 -3.26 [-3.26]
645654000000000.0 2.4675e+16 20434100000000.0 46282600000000.0 1266230000000.0 8051900000000.0 8316480000000.0 17202400000.0 1753960000000.0 54540300000000.0 366563000.0 0.0 40527600000.0 6569320000000.0 659041000000.0 924152000000.0 46110500000.0 639818000000.0 218863000000.0 -3.24 [-3.24]
645654000000000.0 2.3603e+16 20207100000000.0 43777100000000.0 1121280000000.0 7990740000000.0 7724690000000.0 14699500000.0 1829620000000.0 50622200000000.0 293351000.0 0.0 39525100000.0 6370700000000.0 602396000000.0 838844000000.0 39384000000.0 677567000000.0 217932000000.0 -3.22 [-3.22]
645654000000000.0 2.25819e+16 19976300000000.0 41395100000000.0 992287000000.0 7922490000000.0 7166150000000.0 12549700000.0 1906040000000.0 46941200000000.0 234486000.0 0.0 38531000000.0 6175330000000.0 550301000000.0 761191000000.0 33645400000.0 716489000000.0 216810000000.0 -3.2 [-3.2]
645654000000000.0 2.16055e+16 19740600000000.0 39123300000000.0 877259000000.0 7846660000000.0 6638150000000.0 10699700000.0 1983210000000.0 43475800000000.0 187104000.0 0.0 37542800000.0 5982740000000.0 502282000000.0 690320000000.0 28737900000.0 756554000000.0 215500000000.0 -3.18 [-3.18]
645654000000000.0 2.06806e+16 19502200000000.0 36978500000000.0 775577000000.0 7765070000000.0 6143790000000.0 9121780000.0 2060630000000.0 40244700000000.0 149265000.0 0.0 36571000000.0 5795180000000.0 458412000000.0 626201000000.0 24570200000.0 797486000000.0 214022000000.0 -3.16 [-3.16]
645654000000000.0 1.97945e+16 19258200000000.0 34932000000000.0 684971000000.0 7676090000000.0 5677320000000.0 7764870000.0 2138550000000.0 37205600000000.0 118848000.0 0.0 35605700000.0 5610610000000.0 417980000000.0 567661000000.0 21002300000.0 839334000000.0 212368000000.0 -3.14 [-3.14]
645654000000000.0 1.89481e+16 19009300000000.0 32986400000000.0 604520000000.0 7580430000000.0 5239020000000.0 6602500000.0 2216700000000.0 34358300000000.0 94490900.0 0.0 34650600000.0 5429800000000.0 380844000000.0 514385000000.0 17955600000.0 881893000000.0 210550000000.0 -3.12 [-3.12]
645654000000000.0 1.81394e+16 18755400000000.0 31137600000000.0 533151000000.0 7478360000000.0 4827830000000.0 5607920000.0 2294960000000.0 31693200000000.0 75014300.0 0.0 33706700000.0 5252890000000.0 346758000000.0 465922000000.0 15353900000.0 924990000000.0 208574000000.0 -3.1 [-3.1]
645654000000000.0 1.73621e+16 18494700000000.0 29371700000000.0 469626000000.0 7369050000000.0 4440980000000.0 4754310000.0 2373360000000.0 29190000000000.0 59410000.0 0.0 32769200000.0 5078920000000.0 315353000000.0 421652000000.0 13124100000.0 968495000000.0 206436000000.0 -3.08 [-3.08]
645654000000000.0 1.66215e+16 18229800000000.0 27700800000000.0 413529000000.0 7254450000000.0 4080260000000.0 4027780000.0 2451450000000.0 26859300000000.0 47003700.0 0.0 31847200000.0 4909640000000.0 286652000000.0 381532000000.0 11224900000.0 1012060000000.0 204162000000.0 -3.06 [-3.06]
645654000000000.0 1.59122e+16 17959400000000.0 26113000000000.0 363846000000.0 7134010000000.0 3743170000000.0 3407770000.0 2529240000000.0 24682900000000.0 37122300.0 0.0 30936900000.0 4744230000000.0 260337000000.0 345042000000.0 9601860000.0 1055510000000.0 201750000000.0 -3.04 [-3.04]
645654000000000.0 1.52351e+16 17684600000000.0 24609800000000.0 319989000000.0 7008750000000.0 3429540000000.0 2880630000.0 2606480000000.0 22658800000000.0 29281500.0 0.0 30042100000.0 4583300000000.0 236296000000.0 311958000000.0 8217800000.0 1098530000000.0 199216000000.0 -3.02 [-3.02]
645654000000000.0 1.45846e+16 17403600000000.0 23179100000000.0 281132000000.0 6877870000000.0 3136890000000.0 2431000000.0 2683240000000.0 20769200000000.0 23046000.0 0.0 29158000000.0 4425860000000.0 214242000000.0 281830000000.0 7032690000.0 1140900000000.0 196552000000.0 -3.0 [-3.0]
645654000000000.0 1.39595e+16 17116500000000.0 21818400000000.0 246744000000.0 6741740000000.0 2864330000000.0 2048120000.0 2759390000000.0 19007500000000.0 18097300.0 0.0 28284900000.0 4271950000000.0 194029000000.0 254412000000.0 6018100000.0 1182310000000.0 193764000000.0 -2.98 [-2.98]
645654000000000.0 1.33605e+16 16824800000000.0 20527800000000.0 216393000000.0 6601320000000.0 2611540000000.0 1723220000.0 2834660000000.0 17371700000000.0 14185600.0 0.0 27426300000.0 4122030000000.0 175569000000.0 229531000000.0 5151240000.0 1222410000000.0 190869000000.0 -2.96 [-2.96]
