Cloudy_runs/pks1302/z=0.094839/logZ=1/component_I_PI_nH/component_I_PI_nH_col_density_param.txt
# %ECSV 1.0
# ---
# datatype:
# - {name: H, datatype: float64}
# - {name: H+, datatype: float64}
# - {name: C+, datatype: float64}
# - {name: C+2, datatype: float64}
# - {name: C+3, datatype: float64}
# - {name: N+, datatype: float64}
# - {name: N+2, datatype: float64}
# - {name: N+4, datatype: float64}
# - {name: O, datatype: float64}
# - {name: O+2, datatype: float64}
# - {name: O+5, datatype: float64}
# - {name: O+6, datatype: float64}
# - {name: P+, datatype: float64}
# - {name: Si+, datatype: float64}
# - {name: Si+2, datatype: float64}
# - {name: Si+3, datatype: float64}
# - {name: Si+4, datatype: float64}
# - {name: Fe+, datatype: float64}
# - {name: Al+, datatype: float64}
# - {name: log_nH, datatype: float64}
# - {name: parameters, datatype: string, subtype: 'float64[1]'}
# schema: astropy-2.0
H H+ C+ C+2 C+3 N+ N+2 N+4 O O+2 O+5 O+6 P+ Si+ Si+2 Si+3 Si+4 Fe+ Al+ log_nH parameters
[from data line 104]
645654000000000.0 1.2233e+16 16225600000000.0 18141600000000.0 165985000000.0 6308300000000.0 2160440000000.0 1214270000.0 2982320000000.0 14443900000000.0 0.0 0.0 25749200000.0 3833390000000.0 143303000000.0 186431000000.0 3775580000.0 1297380000000.0 184769000000.0 -2.92 [-2.92]
645654000000000.0 1.1703e+16 15919500000000.0 17041300000000.0 145187000000.0 6156800000000.0 1960440000000.0 1017060000.0 3054410000000.0 13141000000000.0 0.0 0.0 24932700000.0 3694790000000.0 129275000000.0 167848000000.0 3233500000.0 1331590000000.0 181584000000.0 -2.9 [-2.9]
645654000000000.0 1.11942e+16 15609400000000.0 15999200000000.0 126885000000.0 6002560000000.0 1776220000000.0 850630000.0 3125200000000.0 11937400000000.0 0.0 0.0 24131400000.0 3559980000000.0 116504000000.0 151012000000.0 2769970000.0 1363190000000.0 178319000000.0 -2.88 [-2.88]
645654000000000.0 1.07068e+16 15296400000000.0 15014900000000.0 110818000000.0 5846480000000.0 1607130000000.0 710596000.0 3194510000000.0 10829200000000.0 0.0 0.0 23347300000.0 3429200000000.0 104910000000.0 135794000000.0 2374110000.0 1391910000000.0 174988000000.0 -2.86 [-2.86]
645654000000000.0 1.02381e+16 14980200000000.0 14082500000000.0 96688600000.0 5688370000000.0 1451820000000.0 592651000.0 3262330000000.0 9807680000000.0 0.0 0.0 22578300000.0 3301980000000.0 94367600000.0 122010000000.0 2035210000.0 1417460000000.0 171590000000.0 -2.84 [-2.84]
645654000000000.0 9788350000000000.0 14661700000000.0 13201400000000.0 84292100000.0 5529040000000.0 1309650000000.0 493613000.0 3328520000000.0 8869200000000.0 0.0 0.0 21826000000.0 3178520000000.0 84806600000.0 109553000000.0 1745430000.0 1439600000000.0 168137000000.0 -2.82 [-2.82]
645654000000000.0 9352840000000000.0 14338400000000.0 12361700000000.0 73354000000.0 5367210000000.0 1178900000000.0 410070000.0 3393200000000.0 8002420000000.0 0.0 0.0 21084000000.0 3057670000000.0 76086400000.0 98226200000.0 1496160000.0 1458020000000.0 164606000000.0 -2.8 [-2.8]
645654000000000.0 8939000000000000.0 14017100000000.0 11576900000000.0 63848500000.0 5206970000000.0 1060570000000.0 340659000.0 3455850000000.0 7215240000000.0 0.0 0.0 20366600000.0 2941730000000.0 68258100000.0 88085400000.0 1284390000.0 1472820000000.0 161072000000.0 -2.78 [-2.78]
645654000000000.0 8542170000000000.0 13695300000000.0 10837100000000.0 55534400000.0 5047000000000.0 952906000000.0 282663000.0 3516610000000.0 6496220000000.0 0.0 0.0 19667100000.0 2829500000000.0 61186500000.0 78945200000.0 1103240000.0 1483810000000.0 157510000000.0 -2.76 [-2.76]
645654000000000.0 8161800000000000.0 13373700000000.0 10140200000000.0 48269800000.0 4887770000000.0 855150000000.0 234280000.0 3575420000000.0 5840750000000.0 0.0 0.0 18985900000.0 2720980000000.0 54806700000.0 70714600000.0 948256000.0 1490940000000.0 153931000000.0 -2.74 [-2.74]
645654000000000.0 7797330000000000.0 13053000000000.0 9484200000000.0 41928300000.0 4729740000000.0 766558000000.0 193980000.0 3632210000000.0 5244400000000.0 0.0 0.0 18323300000.0 2616130000000.0 49058300000.0 63309700000.0 815624000.0 1494240000000.0 150342000000.0 -2.72 [-2.72]
645654000000000.0 7450640000000000.0 12735900000000.0 8871520000000.0 36425700000.0 4574540000000.0 686812000000.0 160610000.0 3686820000000.0 4705690000000.0 0.0 0.0 17684000000.0 2515640000000.0 43911400000.0 56687400000.0 702572000.0 1493960000000.0 146778000000.0 -2.7 [-2.7]
645654000000000.0 7113720000000000.0 12416400000000.0 8286730000000.0 31575600000.0 4418700000000.0 614009000000.0 132599000.0 3739530000000.0 4211760000000.0 0.0 0.0 17054300000.0 2417220000000.0 39232900000.0 50671300000.0 604793000.0 1489590000000.0 143168000000.0 -2.68 [-2.68]
645654000000000.0 6796490000000000.0 12104600000000.0 7746690000000.0 27406800000.0 4267980000000.0 549154000000.0 109629000.0 3789950000000.0 3770340000000.0 0.0 0.0 16453600000.0 2323960000000.0 35082400000.0 45339600000.0 521914000.0 1482240000000.0 139636000000.0 -2.66 [-2.66]
645654000000000.0 6490460000000000.0 11793200000000.0 7235570000000.0 23756400000.0 4118490000000.0 490418000000.0 90477300.0 3838290000000.0 3369120000000.0 0.0 0.0 15866900000.0 2233380000000.0 31335900000.0 40526900000.0 450450000.0 1471330000000.0 136094000000.0 -2.64 [-2.64]
645654000000000.0 6195190000000000.0 11483000000000.0 6751810000000.0 20562900000.0 3970480000000.0 437306000000.0 74535100.0 3884510000000.0 3005060000000.0 0.0 0.0 15294200000.0 2145440000000.0 27957800000.0 36186500000.0 388811000.0 1457010000000.0 132549000000.0 -2.62 [-2.62]
645654000000000.0 5915850000000000.0 11179500000000.0 6303680000000.0 17813900000.0 3827270000000.0 390013000000.0 61456500.0 3928540000000.0 2679950000000.0 0.0 0.0 14746100000.0 2061790000000.0 24956700000.0 32331500000.0 336280000.0 1440230000000.0 129077000000.0 -2.6 [-2.6]
645654000000000.0 5648770000000000.0 10880600000000.0 5883570000000.0 15426500000.0 3687330000000.0 347610000000.0 50647200.0 3970370000000.0 2387700000000.0 0.0 0.0 14216600000.0 1981390000000.0 22271500000.0 28880400000.0 291139000.0 1420880000000.0 125645000000.0 -2.58 [-2.58]
645654000000000.0 5393390000000000.0 10586300000000.0 5489960000000.0 13354500000.0 3550770000000.0 309626000000.0 41719700.0 4010060000000.0 2125240000000.0 0.0 0.0 13705100000.0 1904120000000.0 19869500000.0 25791700000.0 252307000.0 1399210000000.0 122258000000.0 -2.56 [-2.56]
645654000000000.0 5149500000000000.0 10297100000000.0 5121780000000.0 11558700000.0 3417860000000.0 275668000000.0 34357300.0 4047620000000.0 1890080000000.0 0.0 0.0 13211900000.0 1829980000000.0 17724300000.0 23031200000.0 218901000.0 1375560000000.0 118923000000.0 -2.54 [-2.54]
645654000000000.0 4916640000000000.0 10013400000000.0 4777510000000.0 10003100000.0 3288700000000.0 245334000000.0 28288800.0 4083080000000.0 1679620000000.0 0.0 0.0 12736600000.0 1758890000000.0 15809200000.0 20564900000.0 190132000.0 1350180000000.0 115646000000.0 -2.52 [-2.52]
645654000000000.0 4694380000000000.0 9735430000000.0 4455780000000.0 8656150000.0 3163370000000.0 218267000000.0 23289800.0 4116450000000.0 1491540000000.0 0.0 0.0 12279000000.0 1690750000000.0 14100700000.0 18362600000.0 165336000.0 1323360000000.0 112429000000.0 -2.5 [-2.5]
645654000000000.0 4484240000000000.0 9465850000000.0 4158060000000.0 7498040000.0 3043090000000.0 194286000000.0 19197100.0 4147770000000.0 1324760000000.0 0.0 0.0 11842700000.0 1626090000000.0 12587000000.0 16409500000.0 144065000.0 1295730000000.0 109307000000.0 -2.48 [-2.48]
645654000000000.0 4279930000000000.0 9197380000000.0 3874630000000.0 6481860000.0 2924350000000.0 172635000000.0 15785800.0 4177130000000.0 1173940000000.0 0.0 0.0 11415100000.0 1562980000000.0 11219100000.0 14642600000.0 125468000.0 1266420000000.0 106192000000.0 -2.46 [-2.46]
645654000000000.0 4087130000000000.0 8937970000000.0 3612970000000.0 5610170000.0 2810830000000.0 153508000000.0 12999800.0 4204480000000.0 1040710000000.0 0.0 0.0 11008600000.0 1503230000000.0 10010000000.0 13079000000.0 109507000.0 1236830000000.0 103181000000.0 -2.44 [-2.44]
645654000000000.0 3903030000000000.0 8684530000000.0 3368570000000.0 4855820000.0 2701060000000.0 136474000000.0 10705900.0 4229950000000.0 922029000000.0 0.0 0.0 10617500000.0 1446010000000.0 8931850000.0 11683200000.0 95682100.0 1206700000000.0 100237000000.0 -2.42 [-2.42]
645654000000000.0 3729010000000000.0 8439630000000.0 3142610000000.0 4207630000.0 2596090000000.0 121414000000.0 8828800.0 4253560000000.0 817166000000.0 0.0 0.0 10245300000.0 1391760000000.0 7977420000.0 10446000000.0 83768200.0 1176630000000.0 97392600000.0 -2.4 [-2.4]
645654000000000.0 3560800000000000.0 8197900000000.0 2928910000000.0 3641520000.0 2493440000000.0 107898000000.0 7270530.0 4275330000000.0 723059000000.0 0.0 0.0 9883180000.0 1339160000000.0 7119050000.0 9331940000.0 73342300.0 1145910000000.0 94583700000.0 -2.38 [-2.38]
645654000000000.0 3400620000000000.0 7962940000000.0 2729920000000.0 3152760000.0 2394670000000.0 95899200000.0 5990190.0 4295310000000.0 639620000000.0 0.0 0.0 9536140000.0 1288950000000.0 6355600000.0 8339800000.0 64298700.0 1115280000000.0 91853500000.0 -2.36 [-2.36]
645654000000000.0 3248570000000000.0 7735400000000.0 2545250000000.0 2731660000.0 2299990000000.0 85272000000.0 4939870.0 4313590000000.0 565838000000.0 0.0 0.0 9204700000.0 1241180000000.0 5677920000.0 7458020000.0 56459000.0 1084980000000.0 89210600000.0 -2.34 [-2.34]
645654000000000.0 3104270000000000.0 7515270000000.0 2373940000000.0 2368790000.0 2209300000000.0 75860600000.0 4077830.0 4330230000000.0 500630000000.0 0.0 0.0 8888370000.0 1195740000000.0 5076290000.0 6674250000.0 49654100.0 1055130000000.0 86655400000.0 -2.32 [-2.32]
645654000000000.0 2966510000000000.0 7301180000000.0 2214040000000.0 2054640000.0 2121940000000.0 67492400000.0 3367320.0 4345260000000.0 442777000000.0 0.0 0.0 8584700000.0 1152260000000.0 4539860000.0 5974520000.0 43717600.0 1025640000000.0 84172200000.0 -2.3 [-2.3]
645654000000000.0 2835020000000000.0 7093220000000.0 2064770000000.0 1782640000.0 2037870000000.0 60053600000.0 2781640.0 4358630000000.0 391497000000.0 0.0 0.0 8293360000.0 1110680000000.0 4060890000.0 5349910000.0 38533600.0 996578000000.0 81761200000.0 -2.28 [-2.28]
645654000000000.0 2709710000000000.0 6891660000000.0 1925600000000.0 1547310000.0 1957120000000.0 53447600000.0 2299130.0 4370310000000.0 346123000000.0 0.0 0.0 8014350000.0 1070980000000.0 3632490000.0 4792820000.0 34005500.0 968086000000.0 79425500000.0 -2.26 [-2.26]
645654000000000.0 2590640000000000.0 6696850000000.0 1796380000000.0 1344200000.0 1879810000000.0 47593600000.0 1902220.0 4380560000000.0 306057000000.0 0.0 0.0 7747970000.0 1033190000000.0 3251740000.0 4296890000.0 30053400.0 940316000000.0 77171300000.0 -2.24 [-2.24]
645654000000000.0 2477200000000000.0 6508180000000.0 1676060000000.0 1168470000.0 1805620000000.0 42395900000.0 1574990.0 4389370000000.0 270623000000.0 0.0 0.0 7493030000.0 997127000000.0 2912640000.0 3854480000.0 26594100.0 913231000000.0 74991500000.0 -2.22 [-2.22]
645654000000000.0 2369140000000000.0 6325560000000.0 1564050000000.0 1016380000.0 1734440000000.0 37780400000.0 1305040.0 4396800000000.0 239295000000.0 0.0 0.0 7249090000.0 962715000000.0 2610530000.0 3459690000.0 23562600.0 886869000000.0 72885100000.0 -2.2 [-2.2]
645654000000000.0 2266190000000000.0 6148860000000.0 1459770000000.0 884706000.0 1666170000000.0 33681400000.0 1082240.0 4402900000000.0 211606000000.0 0.0 0.0 7015720000.0 929882000000.0 2341310000.0 3107310000.0 20902800.0 861258000000.0 70851000000.0 -2.18 [-2.18]
645654000000000.0 2168120000000000.0 5977960000000.0 1362690000000.0 770658000.0 1600700000000.0 30040400000.0 898220.0 4407710000000.0 187137000000.0 0.0 0.0 6792510000.0 898558000000.0 2101300000.0 2792650000.0 18566600.0 836421000000.0 68887700000.0 -2.16 [-2.16]
645654000000000.0 2074680000000000.0 5812740000000.0 1272310000000.0 671829000.0 1537930000000.0 26805400000.0 746133.0 4411270000000.0 165518000000.0 0.0 0.0 6579030000.0 868672000000.0 1887250000.0 2511580000.0 16512000.0 812368000000.0 66993800000.0 -2.14 [-2.14]
645654000000000.0 1985660000000000.0 5653040000000.0 1188180000000.0 586148000.0 1477750000000.0 23930400000.0 620351.0 4413650000000.0 146419000000.0 0.0 0.0 6374890000.0 840162000000.0 1696280000.0 2260410000.0 14703200.0 789108000000.0 65167900000.0 -2.12 [-2.12]
645654000000000.0 1901080000000000.0 5499160000000.0 1110090000000.0 511964000.0 1420230000000.0 21379000000.0 516406.0 4414950000000.0 129576000000.0 0.0 0.0 6180240000.0 813038000000.0 1526090000.0 2036250000.0 13111300.0 766708000000.0 63413200000.0 -2.1 [-2.1]
645654000000000.0 1820040000000000.0 5349700000000.0 1036940000000.0 447314000.0 1364780000000.0 19101600000.0 430015.0 4414990000000.0 114644000000.0 0.0 0.0 5993090000.0 787015000000.0 1373550000.0 1835010000.0 11701800.0 744965000000.0 61713500000.0 -2.08 [-2.08]
645654000000000.0 1743040000000000.0 5205750000000.0 969052000000.0 391287000.0 1311790000000.0 17079600000.0 358531.0 4414060000000.0 101481000000.0 0.0 0.0 5814700000.0 762259000000.0 1237500000.0 1655260000.0 10458700.0 724071000000.0 60081600000.0 -2.06 [-2.06]
645654000000000.0 1669670000000000.0 5066770000000.0 905843000000.0 342598000.0 1260990000000.0 15280000000.0 299222.0 4412100000000.0 89853100000.0 0.0 0.0 5644170000.0 738641000000.0 1115860000.0 1494320000.0 9359160.0 703949000000.0 58511000000.0 -2.04 [-2.04]
645654000000000.0 1599740000000000.0 4932580000000.0 846984000000.0 300255000.0 1212310000000.0 13677800000.0 249972.0 4409180000000.0 79581100000.0 0.0 0.0 5481150000.0 716106000000.0 1007030000.0 1350120000.0 8385490.0 684586000000.0 56999900000.0 -2.02 [-2.02]
645654000000000.0 1533090000000000.0 4803060000000.0 792170000000.0 263404000.0 1165640000000.0 12250500000.0 209037.0 4405330000000.0 70506000000.0 0.0 0.0 5325330000.0 694602000000.0 909615000.0 1220860000.0 7522290.0 665965000000.0 55546600000.0 -2.0 [-2.0]
645654000000000.0 1469560000000000.0 4678040000000.0 741119000000.0 231309000.0 1120900000000.0 10978700000.0 0.0 4400590000000.0 62487300000.0 0.0 0.0 5176390000.0 674082000000.0 822349000.0 1104900000.0 6756140.0 648069000000.0 54149100000.0 -1.98 [-1.98]
645654000000000.0 1408990000000000.0 4557370000000.0 693565000000.0 203334000.0 1078020000000.0 9844580000.0 0.0 4395010000000.0 55400800000.0 0.0 0.0 5034020000.0 654496000000.0 744123000.0 1000820000.0 6075340.0 630879000000.0 52805900000.0 -1.96 [-1.96]
645654000000000.0 1351250000000000.0 4440920000000.0 649264000000.0 178931000.0 1036900000000.0 8832930000.0 0.0 4388620000000.0 49137100000.0 0.0 0.0 4897920000.0 635802000000.0 673953000.0 907338000.0 5469700.0 614375000000.0 51515000000.0 -1.94 [-1.94]
645654000000000.0 1296190000000000.0 4328530000000.0 607986000000.0 157624000.0 997467000000.0 7929970000.0 0.0 4381470000000.0 43599200000.0 0.0 0.0 4767820000.0 617956000000.0 610961000.0 823309000.0 4930300.0 598536000000.0 50274700000.0 -1.92 [-1.92]
645654000000000.0 1243680000000000.0 4220050000000.0 569520000000.0 139006000.0 959656000000.0 7123600000.0 0.0 4373600000000.0 38702000000.0 0.0 0.0 4643450000.0 600916000000.0 554372000.0 747726000.0 4449350.0 583342000000.0 49083200000.0 -1.9 [-1.9]
645654000000000.0 1193590000000000.0 4115350000000.0 533665000000.0 122722000.0 923386000000.0 6403060000.0 0.0 4365050000000.0 34369900000.0 0.0 0.0 4524540000.0 584644000000.0 503492000.0 679687000.0 4020010.0 568768000000.0 47938800000.0 -1.88 [-1.88]
645654000000000.0 1145810000000000.0 4014280000000.0 500240000000.0 108466000.0 888596000000.0 5758890000.0 0.0 4355840000000.0 30536900000.0 0.0 0.0 4410850000.0 569102000000.0 457713000.0 618397000.0 3636340.0 554795000000.0 46839900000.0 -1.86 [-1.86]
645654000000000.0 1100080000000000.0 3916430000000.0 468981000000.0 95951800.0 855122000000.0 5181640000.0 0.0 4345950000000.0 27138100000.0 0.0 0.0 4301800000.0 554210000000.0 416420000.0 563048000.0 3292540.0 541358000000.0 45781500000.0 -1.84 [-1.84]
645654000000000.0 1056710000000000.0 3822520000000.0 440005000000.0 85018400.0 823188000000.0 4666840000.0 0.0 4335660000000.0 24140200000.0 0.0 0.0 4198160000.0 540068000000.0 379335000.0 513285000.0 2985600.0 528561000000.0 44771600000.0 -1.82 [-1.82]
645654000000000.0 1015190000000000.0 3731550000000.0 412889000000.0 75399100.0 792449000000.0 4204890000.0 0.0 4324750000000.0 21479400000.0 0.0 0.0 4098720000.0 526510000000.0 345822000.0 468266000.0 2709900.0 516258000000.0 43799100000.0 -1.8 [-1.8]
645654000000000.0 975544000000000.0 3643680000000.0 387584000000.0 66944300.0 762940000000.0 3790890000.0 0.0 4313350000000.0 19121500000.0 0.0 0.0 4003590000.0 513548000000.0 315566000.0 427580000.0 2462380.0 504467000000.0 42865400000.0 -1.78 [-1.78]
