Cloudy_runs/pks1302/z=0.094839/logZ=1/component_I_PI_nH/component_I_PI_nH_col_density_param.txt
# %ECSV 1.0
# ---
# datatype:
# - {name: H, datatype: float64}
# - {name: H+, datatype: float64}
# - {name: C+, datatype: float64}
# - {name: C+2, datatype: float64}
# - {name: C+3, datatype: float64}
# - {name: N+, datatype: float64}
# - {name: N+2, datatype: float64}
# - {name: N+4, datatype: float64}
# - {name: O, datatype: float64}
# - {name: O+2, datatype: float64}
# - {name: O+5, datatype: float64}
# - {name: O+6, datatype: float64}
# - {name: P+, datatype: float64}
# - {name: Si+, datatype: float64}
# - {name: Si+2, datatype: float64}
# - {name: Si+3, datatype: float64}
# - {name: Si+4, datatype: float64}
# - {name: Fe+, datatype: float64}
# - {name: Al+, datatype: float64}
# - {name: log_nH, datatype: float64}
# - {name: parameters, datatype: string, subtype: 'float64[1]'}
# schema: astropy-2.0
H H+ C+ C+2 C+3 N+ N+2 N+4 O O+2 O+5 O+6 P+ Si+ Si+2 Si+3 Si+4 Fe+ Al+ log_nH parameters
[from data line 229]
645654000000000.0 107275000000000.0 963242000000.0 9754500000.0 0.0 70768700000.0 8830120.0 0.0 3515310000000.0 20434200.0 0.0 0.0 1853360000.0 207059000000.0 3002880.0 3996540.0 0.0 237558000000.0 21069500000.0 -0.42 [-0.42]
645654000000000.0 104366000000000.0 944005000000.0 9264560000.0 0.0 68508600000.0 8150450.0 0.0 3507980000000.0 18695800.0 0.0 0.0 1845650000.0 205528000000.0 2840430.0 3777540.0 0.0 236641000000.0 20991700000.0 -0.4 [-0.4]
645654000000000.0 101543000000000.0 925050000000.0 8798520000.0 0.0 66324100000.0 7524190.0 0.0 3500780000000.0 17110300.0 0.0 0.0 1838160000.0 204017000000.0 2687170.0 3571060.0 0.0 235752000000.0 20916200000.0 -0.38 [-0.38]
645654000000000.0 98806600000000.0 906292000000.0 8354610000.0 0.0 64209000000.0 6946620.0 0.0 3493700000000.0 15664800.0 0.0 0.0 1830880000.0 202527000000.0 2542550.0 3376320.0 0.0 234889000000.0 20843000000.0 -0.36 [-0.36]
645654000000000.0 96149700000000.0 887882000000.0 7932850000.0 0.0 62167200000.0 6414590.0 0.0 3486750000000.0 14344300.0 0.0 0.0 1823800000.0 201057000000.0 2406040.0 3192620.0 0.0 234052000000.0 20771800000.0 -0.34 [-0.34]
645654000000000.0 93571300000000.0 869744000000.0 7531640000.0 0.0 60193000000.0 5924100.0 0.0 3479930000000.0 13138900.0 0.0 0.0 1816910000.0 199605000000.0 2277160.0 3019280.0 0.0 233240000000.0 20702800000.0 -0.32 [-0.32]
645654000000000.0 91068900000000.0 851874000000.0 7150030000.0 0.0 58284200000.0 5471820.0 0.0 3473240000000.0 12038200.0 0.0 0.0 1810220000.0 198171000000.0 2155450.0 2855710.0 0.0 232451000000.0 20635700000.0 -0.3 [-0.3]
645654000000000.0 88651700000000.0 834345000000.0 6788450000.0 0.0 56444600000.0 5055380.0 0.0 3466710000000.0 11034300.0 0.0 0.0 1803760000.0 196763000000.0 2040630.0 2701470.0 0.0 231689000000.0 20570900000.0 -0.28 [-0.28]
645654000000000.0 86281600000000.0 816927000000.0 6441760000.0 0.0 54652500000.0 4669950.0 0.0 3460220000000.0 10114100.0 0.0 0.0 1797380000.0 195352000000.0 1931910.0 2555520.0 0.0 230941000000.0 20507300000.0 -0.26 [-0.26]
645654000000000.0 84002700000000.0 799915000000.0 6114580000.0 0.0 52931200000.0 4315540.0 0.0 3453930000000.0 9275530.0 0.0 0.0 1791260000.0 193974000000.0 1829400.0 2418000.0 0.0 230223000000.0 20446100000.0 -0.24 [-0.24]
645654000000000.0 81778600000000.0 783086000000.0 5802130000.0 0.0 51259900000.0 3987950.0 0.0 3447720000000.0 8507590.0 0.0 0.0 1785260000.0 192601000000.0 1732420.0 2287970.0 0.0 229521000000.0 20386400000.0 -0.22 [-0.22]
645654000000000.0 79618800000000.0 766514000000.0 5505010000.0 0.0 49643100000.0 3685650.0 0.0 3441630000000.0 7805340.0 0.0 0.0 1779420000.0 191242000000.0 1640740.0 2165130.0 0.0 228840000000.0 20328400000.0 -0.2 [-0.2]
645654000000000.0 77520600000000.0 750192000000.0 5222410000.0 0.0 48078500000.0 3406620.0 0.0 3435660000000.0 7162920.0 0.0 0.0 1773740000.0 189895000000.0 1554060.0 2049060.0 0.0 228178000000.0 20272000000.0 -0.18 [-0.18]
645654000000000.0 75473100000000.0 734056000000.0 4952800000.0 0.0 46559600000.0 3148670.0 0.0 3429770000000.0 6574210.0 0.0 0.0 1768170000.0 188552000000.0 1472020.0 1939260.0 0.0 227532000000.0 20216900000.0 -0.16 [-0.16]
645654000000000.0 73493600000000.0 718237000000.0 4697360000.0 0.0 45094900000.0 2910910.0 0.0 3424030000000.0 6036320.0 0.0 0.0 1762780000.0 187228000000.0 1394510.0 1835600.0 0.0 226907000000.0 20163700000.0 -0.14 [-0.14]
645654000000000.0 71569300000000.0 702656000000.0 4454400000.0 0.0 43676600000.0 2691340.0 0.0 3418410000000.0 5543660.0 0.0 0.0 1757540000.0 185914000000.0 1321180.0 1737600.0 0.0 226300000000.0 20111900000.0 -0.12 [-0.12]
645654000000000.0 69699300000000.0 687319000000.0 4223410000.0 0.0 42303900000.0 2488580.0 0.0 3412890000000.0 5092530.0 0.0 0.0 1752420000.0 184609000000.0 1251810.0 1644950.0 0.0 225710000000.0 20061600000.0 -0.1 [-0.1]
645654000000000.0 67882400000000.0 672225000000.0 4003850000.0 0.0 40975300000.0 2301310.0 0.0 3407480000000.0 4679300.0 0.0 0.0 1747450000.0 183314000000.0 1186160.0 1557330.0 0.0 225136000000.0 20012700000.0 -0.08 [-0.08]
645654000000000.0 66116000000000.0 657368000000.0 3795120000.0 0.0 39688800000.0 2128320.0 0.0 3402180000000.0 4300640.0 0.0 0.0 1742590000.0 182026000000.0 1124040.0 1474470.0 0.0 224579000000.0 19965100000.0 -0.06 [-0.06]
645654000000000.0 64399200000000.0 642749000000.0 3596730000.0 0.0 38443400000.0 1968500.0 0.0 3396990000000.0 3953590.0 0.0 0.0 1737870000.0 180746000000.0 1065230.0 1396090.0 0.0 224036000000.0 19918800000.0 -0.04 [-0.04]
645654000000000.0 62729300000000.0 628360000000.0 3408130000.0 0.0 37237000000.0 1820830.0 0.0 3391900000000.0 3635360.0 0.0 0.0 1733250000.0 179473000000.0 1009560.0 1321940.0 0.0 223509000000.0 19873800000.0 -0.02 [-0.02]
645654000000000.0 61106200000000.0 614206000000.0 3228930000.0 0.0 36069100000.0 1684370.0 0.0 3386920000000.0 3343580.0 0.0 0.0 1728760000.0 178206000000.0 956860.0 1251780.0 0.0 222996000000.0 19830000000.0 -0.0 [-0.0]
645654000000000.0 59527400000000.0 600278000000.0 3058620000.0 0.0 34937800000.0 1558260.0 0.0 3382040000000.0 3075880.0 0.0 0.0 1724370000.0 176945000000.0 906952.0 1185390.0 0.0 222498000000.0 19787400000.0 0.02 [0.02]
645654000000000.0 57992100000000.0 586579000000.0 2896810000.0 0.0 33842100000.0 1441700.0 0.0 3377250000000.0 2830290.0 0.0 0.0 1720100000.0 175688000000.0 859687.0 1122560.0 0.0 222013000000.0 19746000000.0 0.04 [0.04]
645654000000000.0 56498900000000.0 573105000000.0 2743080000.0 0.0 32780800000.0 1333960.0 0.0 3372570000000.0 2604890.0 0.0 0.0 1715930000.0 174436000000.0 814920.0 1063100.0 0.0 221541000000.0 19705700000.0 0.06 [0.06]
645654000000000.0 55046400000000.0 559854000000.0 2597050000.0 0.0 31752700000.0 1234360.0 0.0 3367980000000.0 2397990.0 0.0 0.0 1711860000.0 173188000000.0 772515.0 1006810.0 0.0 221082000000.0 19666400000.0 0.08 [0.08]
645654000000000.0 53633100000000.0 546822000000.0 2458340000.0 0.0 30756700000.0 1142260.0 0.0 3363490000000.0 2207990.0 0.0 0.0 1707880000.0 171943000000.0 732341.0 953517.0 0.0 220635000000.0 19628200000.0 0.1 [0.1]
645654000000000.0 52263700000000.0 534054000000.0 2327000000.0 0.0 29794400000.0 1057210.0 0.0 3359110000000.0 2033780.0 0.0 0.0 1704030000.0 170708000000.0 694307.0 903105.0 0.0 220202000000.0 19591200000.0 0.12 [0.12]
645654000000000.0 50925700000000.0 521458000000.0 2201890000.0 0.0 28859300000.0 978464.0 0.0 3354800000000.0 1873470.0 0.0 0.0 1700250000.0 169468000000.0 658240.0 855330.0 0.0 219779000000.0 19555100000.0 0.14 [0.14]
645654000000000.0 49622900000000.0 509069000000.0 2083050000.0 0.0 27952900000.0 905630.0 0.0 3350580000000.0 1726110.0 0.0 0.0 1696550000.0 168229000000.0 624058.0 810085.0 0.0 219367000000.0 19519800000.0 0.16 [0.16]
645654000000000.0 48355700000000.0 496897000000.0 1970270000.0 0.0 27074900000.0 838273.0 0.0 3346450000000.0 1590710.0 0.0 0.0 1692930000.0 166992000000.0 591664.0 767239.0 0.0 218967000000.0 19485500000.0 0.18 [0.18]
645654000000000.0 47122200000000.0 484933000000.0 1863210000.0 0.0 26223900000.0 775966.0 0.0 3342400000000.0 1466220.0 0.0 0.0 1689400000.0 165755000000.0 560958.0 726656.0 0.0 218576000000.0 19452100000.0 0.2 [0.2]
645654000000000.0 45921500000000.0 473177000000.0 1761610000.0 0.0 25399200000.0 718334.0 0.0 3338450000000.0 1351750.0 0.0 0.0 1685950000.0 164519000000.0 531854.0 688218.0 0.0 218197000000.0 19419600000.0 0.22 [0.22]
645654000000000.0 44752700000000.0 461626000000.0 1665190000.0 0.0 24599900000.0 665017.0 0.0 3334570000000.0 1246460.0 0.0 0.0 1682580000.0 163282000000.0 504264.0 651807.0 0.0 217827000000.0 19388000000.0 0.24 [0.24]
645654000000000.0 43614600000000.0 450275000000.0 1573690000.0 0.0 23825200000.0 615691.0 0.0 3330780000000.0 1149590.0 0.0 0.0 1679280000.0 162045000000.0 478108.0 617315.0 0.0 217467000000.0 19357100000.0 0.26 [0.26]
645654000000000.0 42507000000000.0 439131000000.0 1486940000.0 0.0 23074400000.0 570055.0 0.0 3327070000000.0 1060480.0 0.0 0.0 1676060000.0 160807000000.0 453310.0 584639.0 0.0 217116000000.0 19327100000.0 0.28 [0.28]
645654000000000.0 41428000000000.0 428187000000.0 1404630000.0 0.0 22346600000.0 527828.0 0.0 3323440000000.0 978439.0 0.0 0.0 1672900000.0 159567000000.0 429796.0 553679.0 0.0 216775000000.0 19297800000.0 0.3 [0.3]
645654000000000.0 40377300000000.0 417432000000.0 1326560000.0 0.0 21640900000.0 488749.0 0.0 3319880000000.0 902918.0 0.0 0.0 1669820000.0 158325000000.0 407500.0 524345.0 0.0 216442000000.0 19269300000.0 0.32 [0.32]
645654000000000.0 39353700000000.0 406869000000.0 1252520000.0 0.0 20956700000.0 452584.0 0.0 3316400000000.0 833366.0 0.0 0.0 1666790000.0 157080000000.0 386357.0 496550.0 0.0 216118000000.0 19241600000.0 0.34 [0.34]
645654000000000.0 38356800000000.0 396500000000.0 1182340000.0 0.0 20293500000.0 419115.0 0.0 3312990000000.0 769327.0 0.0 0.0 1663830000.0 155833000000.0 366306.0 470213.0 0.0 215802000000.0 19214500000.0 0.36 [0.36]
645654000000000.0 37386000000000.0 386321000000.0 1115830000.0 0.0 19650500000.0 388139.0 0.0 3309660000000.0 710332.0 0.0 0.0 1660940000.0 154584000000.0 347291.0 445256.0 0.0 215495000000.0 19188100000.0 0.38 [0.38]
645654000000000.0 36440300000000.0 376328000000.0 1052790000.0 0.0 19027100000.0 359468.0 0.0 3306400000000.0 655974.0 0.0 0.0 1658100000.0 153331000000.0 329257.0 421606.0 0.0 215195000000.0 19162400000.0 0.4 [0.4]
645654000000000.0 35519000000000.0 366520000000.0 993055000.0 0.0 18422700000.0 332928.0 0.0 3303210000000.0 605876.0 0.0 0.0 1655320000.0 152074000000.0 312152.0 399193.0 0.0 214903000000.0 19137400000.0 0.42 [0.42]
645654000000000.0 34621300000000.0 356895000000.0 936472000.0 0.0 17836700000.0 308362.0 0.0 3300090000000.0 559704.0 0.0 0.0 1652590000.0 150814000000.0 295929.0 377954.0 0.0 214618000000.0 19113000000.0 0.44 [0.44]
645654000000000.0 33746500000000.0 347450000000.0 882871000.0 0.0 17268500000.0 285620.0 0.0 3297040000000.0 517126.0 0.0 0.0 1649920000.0 149549000000.0 280541.0 357826.0 0.0 214341000000.0 19089200000.0 0.46 [0.46]
645654000000000.0 32894200000000.0 338184000000.0 832122000.0 0.0 16717600000.0 264567.0 0.0 3294050000000.0 477873.0 0.0 0.0 1647290000.0 148280000000.0 265946.0 338751.0 0.0 214071000000.0 19066000000.0 0.48 [0.48]
645654000000000.0 32063700000000.0 329093000000.0 784068000.0 0.0 16183400000.0 245076.0 0.0 3291130000000.0 441661.0 0.0 0.0 1644720000.0 147007000000.0 252102.0 320674.0 0.0 213807000000.0 19043400000.0 0.5 [0.5]
645654000000000.0 31254000000000.0 320177000000.0 738583000.0 0.0 15665300000.0 227030.0 0.0 3288270000000.0 408259.0 0.0 0.0 1642190000.0 145728000000.0 238969.0 303542.0 0.0 213550000000.0 19021400000.0 0.52 [0.52]
645654000000000.0 30465000000000.0 311434000000.0 695539000.0 0.0 15163100000.0 210322.0 0.0 3285470000000.0 377440.0 0.0 0.0 1639710000.0 144445000000.0 226513.0 287306.0 0.0 213300000000.0 18999900000.0 0.54 [0.54]
645654000000000.0 29693900000000.0 302843000000.0 654748000.0 0.0 14675300000.0 194842.0 0.0 3282720000000.0 348979.0 0.0 0.0 1637260000.0 143152000000.0 214690.0 271910.0 0.0 213055000000.0 18978800000.0 0.56 [0.56]
645654000000000.0 28944100000000.0 294439000000.0 616230000.0 0.0 14203100000.0 180519.0 0.0 3280050000000.0 322732.0 0.0 0.0 1634860000.0 141859000000.0 203483.0 257329.0 0.0 212817000000.0 18958400000.0 0.58 [0.58]
645654000000000.0 28213200000000.0 286200000000.0 579808000.0 0.0 13745300000.0 167255.0 0.0 3277430000000.0 298499.0 0.0 0.0 1632500000.0 140561000000.0 192851.0 243512.0 0.0 212585000000.0 18938500000.0 0.6 [0.6]
645654000000000.0 27502200000000.0 278139000000.0 545416000.0 0.0 13301800000.0 154979.0 0.0 3274870000000.0 276133.0 0.0 0.0 1630190000.0 139261000000.0 182771.0 230425.0 0.0 212359000000.0 18919000000.0 0.62 [0.62]
645654000000000.0 26807300000000.0 270226000000.0 512857000.0 0.0 12871300000.0 143604.0 0.0 3272360000000.0 255469.0 0.0 0.0 1627910000.0 137952000000.0 173204.0 218017.0 0.0 212138000000.0 18900100000.0 0.64 [0.64]
645654000000000.0 26129700000000.0 262473000000.0 482089000.0 0.0 12453900000.0 133071.0 0.0 3269910000000.0 236382.0 0.0 0.0 1625660000.0 136637000000.0 164131.0 206259.0 0.0 211923000000.0 18881600000.0 0.66 [0.66]
645654000000000.0 25468900000000.0 254878000000.0 453022000.0 0.0 12049100000.0 123316.0 0.0 3267510000000.0 218750.0 0.0 0.0 1623440000.0 135317000000.0 155524.0 195119.0 0.0 211713000000.0 18863500000.0 0.68 [0.68]
645654000000000.0 24824500000000.0 247441000000.0 425568000.0 0.0 11656700000.0 114281.0 0.0 3265170000000.0 202458.0 0.0 0.0 1621250000.0 133992000000.0 147360.0 184563.0 0.0 211507000000.0 18845900000.0 0.7 [0.7]
645654000000000.0 24196000000000.0 240158000000.0 399645000.0 0.0 11276300000.0 105914.0 0.0 3262870000000.0 187402.0 0.0 0.0 1619090000.0 132661000000.0 139618.0 174563.0 0.0 211307000000.0 18828700000.0 0.72 [0.72]
645654000000000.0 23583000000000.0 233028000000.0 375175000.0 0.0 10907400000.0 98164.7 0.0 3260620000000.0 173487.0 0.0 0.0 1616960000.0 131326000000.0 132274.0 165088.0 0.0 211112000000.0 18811900000.0 0.74 [0.74]
645654000000000.0 22985000000000.0 226049000000.0 352084000.0 0.0 10549800000.0 90987.1 0.0 3258430000000.0 160624.0 0.0 0.0 1614860000.0 129985000000.0 125310.0 156113.0 0.0 210922000000.0 18795500000.0 0.76 [0.76]
645654000000000.0 22401700000000.0 219220000000.0 330299000.0 0.0 10203100000.0 84339.2 0.0 3256280000000.0 148732.0 0.0 0.0 1612770000.0 128639000000.0 118705.0 147611.0 0.0 210736000000.0 18779500000.0 0.78 [0.78]
645654000000000.0 21832600000000.0 212538000000.0 309754000.0 0.0 9867020000.0 78181.5 0.0 3254180000000.0 137735.0 0.0 0.0 1610710000.0 127289000000.0 112441.0 139558.0 0.0 210554000000.0 18763900000.0 0.8 [0.8]
645654000000000.0 21277300000000.0 206005000000.0 290386000.0 0.0 9541270000.0 72478.4 0.0 3252120000000.0 127567.0 0.0 0.0 1608670000.0 125934000000.0 106501.0 131932.0 0.0 210377000000.0 18748600000.0 0.82 [0.82]
645654000000000.0 20735600000000.0 199615000000.0 272131000.0 0.0 9225500000.0 67195.3 0.0 3250110000000.0 118162.0 0.0 0.0 1606650000.0 124575000000.0 100869.0 124708.0 0.0 210204000000.0 18733800000.0 0.84 [0.84]
645654000000000.0 20207000000000.0 193369000000.0 254932000.0 0.0 8919440000.0 62301.5 0.0 3248140000000.0 109461.0 0.0 0.0 1604650000.0 123211000000.0 95528.7 117868.0 0.0 210035000000.0 18719200000.0 0.86 [0.86]
645654000000000.0 19691200000000.0 187264000000.0 238733000.0 0.0 8622810000.0 57768.3 0.0 3246210000000.0 101411.0 0.0 0.0 1602660000.0 121844000000.0 90465.2 111391.0 0.0 209870000000.0 18705000000.0 0.88 [0.88]
645654000000000.0 19187500000000.0 181329000000.0 223857000.0 0.0 8335700000.0 53571.8 0.0 3244330000000.0 93955.2 0.0 0.0 1600680000.0 120474000000.0 85665.6 105264.0 0.0 209709000000.0 18691100000.0 0.9 [0.9]
645654000000000.0 18695900000000.0 175533000000.0 209876000.0 0.0 8057480000.0 49684.3 0.0 3242490000000.0 87055.7 0.0 0.0 1598710000.0 119102000000.0 81115.6 99462.9 0.0 209552000000.0 18677500000.0 0.92 [0.92]
645654000000000.0 18216100000000.0 169873000000.0 196700000.0 0.0 7787860000.0 46082.6 0.0 3240680000000.0 80671.2 0.0 0.0 1596750000.0 117727000000.0 76802.3 93971.6 0.0 209398000000.0 18664300000.0 0.94 [0.94]
645654000000000.0 17747800000000.0 164346000000.0 184288000.0 0.0 7526590000.0 42745.7 0.0 3238920000000.0 74762.7 0.0 0.0 1594800000.0 116349000000.0 72713.8 88773.6 0.0 209248000000.0 18651300000.0 0.96 [0.96]
645654000000000.0 17290700000000.0 158950000000.0 172598000.0 0.0 7273440000.0 39654.0 0.0 3237190000000.0 69294.2 0.0 0.0 1592850000.0 114968000000.0 68838.5 83853.8 0.0 209102000000.0 18638600000.0 0.98 [0.98]
645654000000000.0 16844400000000.0 153685000000.0 161595000.0 0.0 7028160000.0 36789.3 0.0 3235500000000.0 64232.6 0.0 0.0 1590910000.0 113586000000.0 65165.7 79197.8 0.0 208958000000.0 18626200000.0 1.0 [1.0]
