Cloudy_runs/pg0003/z=0.386089/component_I_PI_nH/component_I_PI_nH_col_density_param.txt
# %ECSV 1.0
# ---
# datatype:
# - {name: H, datatype: float64}
# - {name: H+, datatype: float64}
# - {name: C+, datatype: float64}
# - {name: C+2, datatype: float64}
# - {name: C+3, datatype: float64}
# - {name: N+2, datatype: float64}
# - {name: N+4, datatype: float64}
# - {name: O, datatype: float64}
# - {name: O+2, datatype: float64}
# - {name: O+5, datatype: float64}
# - {name: O+6, datatype: float64}
# - {name: Si+, datatype: float64}
# - {name: Si+2, datatype: float64}
# - {name: Si+3, datatype: float64}
# - {name: Si+4, datatype: float64}
# - {name: log_nH, datatype: float64}
# - {name: log_Te, datatype: float64}
# - {name: parameters, datatype: string, subtype: 'float64[1]'}
# schema: astropy-2.0
H H+ C+ C+2 C+3 N+2 N+4 O O+2 O+5 O+6 Si+ Si+2 Si+3 Si+4 log_nH log_Te parameters
645654000000000.0 7.58788e+19 6330960000.0 1918690000000.0 16910300000000.0 268845000000.0 26688900000000.0 19356.5 663331000000.0 565300000000000.0 2277450000000000.0 848723.0 74475000.0 733432000.0 226097000000.0 -5.0 4.653 [-5.0]
645654000000000.0 7.15483e+19 7034920000.0 2078250000000.0 17581500000000.0 291167000000.0 27017600000000.0 21663.0 721194000000.0 556771000000000.0 2123530000000000.0 1049960.0 89435600.0 849898000.0 247320000000.0 -4.98 4.646 [-4.98]
645654000000000.0 6.74953e+19 7804360000.0 2247040000000.0 18249800000000.0 315098000000.0 27312100000000.0 24268.6 783901000000.0 547416000000000.0 1977520000000000.0 1295310.0 107154000.0 982727000.0 270056000000.0 -4.96 4.639 [-4.96]
645654000000000.0 6.36776e+19 8639610000.0 2425260000000.0 18915800000000.0 340534000000.0 27571900000000.0 27144.6 850940000000.0 537245000000000.0 1838510000000000.0 1594000.0 128132000.0 1134540000.0 294439000000.0 -4.94 4.633 [-4.94]
645654000000000.0 6.01014e+19 9549750000.0 2613130000000.0 19575600000000.0 367756000000.0 27796200000000.0 30394.1 923444000000.0 526329000000000.0 1707020000000000.0 1956410.0 152881000.0 1307070000.0 320474000000.0 -4.92 4.627 [-4.92]
645654000000000.0 5.67432e+19 10538900000.0 2810920000000.0 20228300000000.0 396812000000.0 27984600000000.0 34041.0 1001480000000.0 514701000000000.0 1582630000000000.0 2395270.0 182039000.0 1503020000.0 348247000000.0 -4.9 4.621 [-4.9]
645654000000000.0 5.35886e+19 11612400000.0 3018720000000.0 20872500000000.0 427790000000.0 28136400000000.0 38136.3 1085390000000.0 502410000000000.0 1465140000000000.0 2925440.0 216321000.0 1725130000.0 377821000000.0 -4.88 4.615 [-4.88]
645654000000000.0 5.06237e+19 12776400000.0 3236880000000.0 21506700000000.0 460810000000.0 28251300000000.0 42736.7 1175540000000.0 489511000000000.0 1354320000000000.0 3564550.0 256559000.0 1976470000.0 409261000000.0 -4.86 4.609 [-4.86]
645654000000000.0 4.78362e+19 14037300000.0 3465500000000.0 22129500000000.0 495972000000.0 28329000000000.0 47907.1 1272260000000.0 476051000000000.0 1249960000000000.0 4333290.0 303698000.0 2260340000.0 442624000000.0 -4.84 4.603 [-4.84]
645654000000000.0 4.52144e+19 15401500000.0 3704750000000.0 22739300000000.0 533382000000.0 28369200000000.0 53718.4 1375900000000.0 462084000000000.0 1151850000000000.0 5255960.0 358823000.0 2580400000.0 477966000000.0 -4.82 4.598 [-4.82]
645654000000000.0 4.27469e+19 16876300000.0 3954910000000.0 23335000000000.0 573151000000.0 28371600000000.0 60247.1 1486750000000.0 447667000000000.0 1059730000000000.0 6361110.0 423178000.0 2940670000.0 515341000000.0 -4.8 4.592 [-4.8]
645654000000000.0 4.04245e+19 18470300000.0 4216190000000.0 23915100000000.0 615417000000.0 28336300000000.0 67592.2 1605230000000.0 432861000000000.0 973419000000000.0 7682130.0 498174000.0 3345400000.0 554790000000.0 -4.78 4.587 [-4.78]
645654000000000.0 3.82374e+19 20189800000.0 4488480000000.0 24478500000000.0 660238000000.0 28263000000000.0 75847.6 1731610000000.0 417724000000000.0 892659000000000.0 9257800.0 585415000.0 3799310000.0 596356000000.0 -4.76 4.582 [-4.76]
645654000000000.0 3.6177e+19 22044600000.0 4772190000000.0 25024000000000.0 707758000000.0 28151800000000.0 85129.2 1866200000000.0 402317000000000.0 817227000000000.0 11133600.0 686737000.0 4307530000.0 640075000000.0 -4.74 4.577 [-4.74]
645654000000000.0 3.4235e+19 24042900000.0 5067190000000.0 25550400000000.0 758035000000.0 28002700000000.0 95558.1 2009260000000.0 386706000000000.0 746881000000000.0 13362200.0 804205000.0 4875570000.0 685972000000.0 -4.72 4.572 [-4.72]
645654000000000.0 3.2404e+19 26193900000.0 5373700000000.0 26056700000000.0 811179000000.0 27816000000000.0 107274.0 2161040000000.0 370950000000000.0 681405000000000.0 16004600.0 940169000.0 5509400000.0 734070000000.0 -4.7 4.567 [-4.7]
645654000000000.0 3.0677e+19 28507300000.0 5691790000000.0 26541800000000.0 867273000000.0 27592000000000.0 120430.0 2321760000000.0 355109000000000.0 620574000000000.0 19131500.0 1097280000.0 6215470000.0 784379000000.0 -4.68 4.563 [-4.68]
645654000000000.0 2.90475e+19 30992600000.0 6021470000000.0 27004900000000.0 926383000000.0 27331000000000.0 135194.0 2491560000000.0 339246000000000.0 564160000000000.0 22824500.0 1278540000.0 7000740000.0 836905000000.0 -4.66 4.558 [-4.66]
645654000000000.0 2.75092e+19 33660900000.0 6362890000000.0 27444900000000.0 988579000000.0 27033400000000.0 151750.0 2670580000000.0 323422000000000.0 511933000000000.0 27177700.0 1487310000.0 7872740000.0 891644000000.0 -4.64 4.553 [-4.64]
645654000000000.0 2.60566e+19 36521300000.0 6715740000000.0 27861100000000.0 1053870000000.0 26700000000000.0 170305.0 2858910000000.0 307692000000000.0 463685000000000.0 32298500.0 1727360000.0 8839390000.0 948577000000.0 -4.62 4.549 [-4.62]
645654000000000.0 2.46837e+19 39582400000.0 7079950000000.0 28252500000000.0 1122230000000.0 26331100000000.0 191052.0 3056390000000.0 292111000000000.0 419185000000000.0 38310500.0 2002950000.0 9909630000.0 1007690000000.0 -4.6 4.544 [-4.6]
645654000000000.0 2.33875e+19 42862000000.0 7455730000000.0 28618400000000.0 1193820000000.0 25928200000000.0 214322.0 3263450000000.0 276739000000000.0 378258000000000.0 45355700.0 2318810000.0 11091800000.0 1068910000000.0 -4.58 4.54 [-4.58]
645654000000000.0 2.21628e+19 46372900000.0 7843120000000.0 28958100000000.0 1268640000000.0 25492100000000.0 240396.0 3479980000000.0 261622000000000.0 340692000000000.0 53596400.0 2680240000.0 12395500000.0 1132190000000.0 -4.56 4.536 [-4.56]
645654000000000.0 2.10049e+19 50121500000.0 8241420000000.0 29270800000000.0 1346530000000.0 25023800000000.0 269547.0 3705690000000.0 246806000000000.0 306272000000000.0 63214700.0 3093130000.0 13831300000.0 1197480000000.0 -4.54 4.532 [-4.54]
645654000000000.0 1.99096e+19 54119800000.0 8650460000000.0 29555800000000.0 1427460000000.0 24524500000000.0 302106.0 3940360000000.0 232336000000000.0 274799000000000.0 74418500.0 3564050000.0 15410300000.0 1264700000000.0 -4.52 4.527 [-4.52]
645654000000000.0 1.88735e+19 58379800000.0 9069950000000.0 29812300000000.0 1511330000000.0 23995700000000.0 338455.0 4183810000000.0 218251000000000.0 246086000000000.0 87443500.0 4100280000.0 17143900000.0 1333750000000.0 -4.5 4.523 [-4.5]
645654000000000.0 1.78929e+19 62913200000.0 9499500000000.0 30039900000000.0 1598040000000.0 23439000000000.0 379005.0 4435720000000.0 204587000000000.0 219947000000000.0 102555000.0 4709850000.0 19044300000.0 1404530000000.0 -4.48 4.519 [-4.48]
645654000000000.0 1.69648e+19 67731400000.0 9938660000000.0 30237900000000.0 1687450000000.0 22856100000000.0 424216.0 4695800000000.0 191373000000000.0 196204000000000.0 120052000.0 5401670000.0 21124200000.0 1476900000000.0 -4.46 4.515 [-4.46]
645654000000000.0 1.6086e+19 72845300000.0 10386800000000.0 30405700000000.0 1779370000000.0 22249100000000.0 474589.0 4963630000000.0 178637000000000.0 174685000000000.0 140269000.0 6185530000.0 23396900000.0 1550740000000.0 -4.44 4.511 [-4.44]
645654000000000.0 1.52538e+19 78266100000.0 10843500000000.0 30542700000000.0 1873610000000.0 21619800000000.0 530689.0 5238810000000.0 166401000000000.0 155226000000000.0 163581000.0 7072170000.0 25876500000.0 1625870000000.0 -4.42 4.507 [-4.42]
645654000000000.0 1.44655e+19 84006000000.0 11308000000000.0 30648500000000.0 1969960000000.0 20970500000000.0 593162.0 5520950000000.0 154680000000000.0 137666000000000.0 190413000.0 8073550000.0 28577500000.0 1702150000000.0 -4.4 4.503 [-4.4]
645654000000000.0 1.37188e+19 90071900000.0 11779300000000.0 30722600000000.0 2068130000000.0 20303700000000.0 662665.0 5809410000000.0 143490000000000.0 121860000000000.0 221219000.0 9202260000.0 31514500000.0 1779360000000.0 -4.38 4.5 [-4.38]
645654000000000.0 1.30112e+19 96471900000.0 12256600000000.0 30764500000000.0 2167820000000.0 19621600000000.0 739954.0 6103610000000.0 132837000000000.0 107664000000000.0 256517000.0 10472500000.0 34703500000.0 1857300000000.0 -4.36 4.496 [-4.36]
645654000000000.0 1.23406e+19 103216000000.0 12739000000000.0 30773800000000.0 2268750000000.0 18926900000000.0 825902.0 6403010000000.0 122725000000000.0 94944600000000.0 296878000.0 11899400000.0 38160200000.0 1935750000000.0 -4.34 4.492 [-4.34]
645654000000000.0 1.1705e+19 110315000000.0 13225800000000.0 30750100000000.0 2370650000000.0 18222000000000.0 921494.0 6707040000000.0 113156000000000.0 83574900000000.0 342934000.0 13499800000.0 41900800000.0 2014460000000.0 -4.32 4.488 [-4.32]
645654000000000.0 1.11026e+19 117770000000.0 13715200000000.0 30693200000000.0 2473080000000.0 17509800000000.0 1027790.0 7015110000000.0 104126000000000.0 73433500000000.0 395369000.0 15291300000.0 45941700000.0 2093190000000.0 -4.3 4.484 [-4.3]
645654000000000.0 1.05315e+19 125591000000.0 14206300000000.0 30602800000000.0 2575720000000.0 16792900000000.0 1146020.0 7326600000000.0 95628900000000.0 64407500000000.0 454943000.0 17293300000.0 50299300000.0 2171670000000.0 -4.28 4.48 [-4.28]
645654000000000.0 9.99013e+18 133781000000.0 14697800000000.0 30478700000000.0 2678210000000.0 16073900000000.0 1277550.0 7640900000000.0 87655900000000.0 56391600000000.0 522480000.0 19526500000.0 54990300000.0 2249590000000.0 -4.26 4.477 [-4.26]
645654000000000.0 9.47683e+18 142344000000.0 15188300000000.0 30320900000000.0 2780170000000.0 15355600000000.0 1423930.0 7957350000000.0 80194600000000.0 49287500000000.0 598881000.0 22013100000.0 60031400000.0 2326680000000.0 -4.24 4.473 [-4.24]
645654000000000.0 8.99016e+18 151282000000.0 15676200000000.0 30129100000000.0 2881220000000.0 14640500000000.0 1586880.0 8275320000000.0 73230900000000.0 43004900000000.0 685114000.0 24776700000.0 65438400000.0 2402610000000.0 -4.22 4.469 [-4.22]
645654000000000.0 8.5287e+18 160595000000.0 16160100000000.0 29903500000000.0 2980960000000.0 13931100000000.0 1768380.0 8594180000000.0 66748500000000.0 37460200000000.0 782235000.0 27842500000.0 71227400000.0 2477060000000.0 -4.2 4.465 [-4.2]
645654000000000.0 8.09115e+18 170283000000.0 16638300000000.0 29644200000000.0 3079040000000.0 13230000000000.0 1970630.0 8913310000000.0 60729300000000.0 32576500000000.0 891377000.0 31237100000.0 77413400000.0 2549700000000.0 -4.18 4.462 [-4.18]
645654000000000.0 7.67624e+18 180338000000.0 17108800000000.0 29351500000000.0 3174980000000.0 12539300000000.0 2196130.0 9232080000000.0 55154000000000.0 28283600000000.0 1013750000.0 34988600000.0 84010600000.0 2620200000000.0 -4.16 4.458 [-4.16]
645654000000000.0 7.28282e+18 190765000000.0 17570400000000.0 29025500000000.0 3268590000000.0 11861300000000.0 2447760.0 9549860000000.0 50002300000000.0 24517300000000.0 1150680000.0 39126800000.0 91032500000.0 2688210000000.0 -4.14 4.454 [-4.14]
645654000000000.0 6.90976e+18 201554000000.0 18021100000000.0 28666700000000.0 3359440000000.0 11197900000000.0 2728700.0 9866040000000.0 45253500000000.0 21219500000000.0 1303530000.0 43682300000.0 98490900000.0 2753380000000.0 -4.12 4.451 [-4.12]
645654000000000.0 6.556e+18 212695000000.0 18459000000000.0 28275900000000.0 3447190000000.0 10551000000000.0 3042580.0 10180000000000.0 40885900000000.0 18337100000000.0 1473770000.0 48687500000.0 106396000000.0 2815370000000.0 -4.1 4.447 [-4.1]
645654000000000.0 6.22054e+18 224179000000.0 18882200000000.0 27853500000000.0 3531520000000.0 9922070000000.0 3393500.0 10491100000000.0 36877900000000.0 15822600000000.0 1662960000.0 54175500000.0 114757000000.0 2873830000000.0 -4.08 4.443 [-4.08]
645654000000000.0 5.90245e+18 235994000000.0 19288900000000.0 27400400000000.0 3612140000000.0 9312630000000.0 3786120.0 10798800000000.0 33208200000000.0 13632700000000.0 1872740000.0 60180700000.0 123579000000.0 2928400000000.0 -4.06 4.44 [-4.06]
645654000000000.0 5.60083e+18 248129000000.0 19677300000000.0 26917700000000.0 3688790000000.0 8723910000000.0 4225720.0 11102600000000.0 29855400000000.0 11729100000000.0 2104830000.0 66738400000.0 132866000000.0 2978770000000.0 -4.04 4.436 [-4.04]
645654000000000.0 5.31484e+18 260563000000.0 20045300000000.0 26406400000000.0 3761210000000.0 8156890000000.0 4718200.0 11401700000000.0 26798400000000.0 10077100000000.0 2360990000.0 73884000000.0 142620000000.0 3024610000000.0 -4.02 4.432 [-4.02]
645654000000000.0 5.04366e+18 273279000000.0 20391300000000.0 25867700000000.0 3829160000000.0 7612410000000.0 5270310.0 11695800000000.0 24016900000000.0 8645770000000.0 2643090000.0 81653600000.0 152839000000.0 3065590000000.0 -4.0 4.429 [-4.0]
645654000000000.0 4.78652e+18 286258000000.0 20713500000000.0 25303000000000.0 3892450000000.0 7091050000000.0 5889610.0 11984100000000.0 21491000000000.0 7407720000000.0 2953030000.0 90083000000.0 163516000000.0 3101430000000.0 -3.98 4.425 [-3.98]
645654000000000.0 4.54269e+18 299475000000.0 21010200000000.0 24713900000000.0 3950900000000.0 6593250000000.0 6584660.0 12266200000000.0 19201800000000.0 6338540000000.0 3292740000.0 99207400000.0 174643000000.0 3131830000000.0 -3.96 4.422 [-3.96]
645654000000000.0 4.31149e+18 312905000000.0 21279700000000.0 24102100000000.0 4004350000000.0 6119260000000.0 7365120.0 12541600000000.0 17131000000000.0 5416610000000.0 3664200000.0 109061000000.0 186206000000.0 3156540000000.0 -3.94 4.418 [-3.94]
645654000000000.0 4.09224e+18 326512000000.0 21520100000000.0 23469400000000.0 4052560000000.0 5669130000000.0 8241830.0 12809600000000.0 15261200000000.0 4622820000000.0 4069380000.0 119677000000.0 198187000000.0 3175320000000.0 -3.92 4.414 [-3.92]
645654000000000.0 3.88432e+18 340279000000.0 21730800000000.0 22817400000000.0 4095600000000.0 5242770000000.0 9227160.0 13069800000000.0 13575900000000.0 3940380000000.0 4510270000.0 131086000000.0 210562000000.0 3187940000000.0 -3.9 4.411 [-3.9]
645654000000000.0 3.68716e+18 354170000000.0 21910300000000.0 22148500000000.0 4133320000000.0 4839980000000.0 10334900.0 13321700000000.0 12059600000000.0 3354540000000.0 4988800000.0 143317000000.0 223305000000.0 3194230000000.0 -3.88 4.408 [-3.88]
645654000000000.0 3.50019e+18 368151000000.0 22057400000000.0 21464700000000.0 4165650000000.0 4460410000000.0 11580500.0 13564800000000.0 10697800000000.0 2852310000000.0 5506870000.0 156395000000.0 236383000000.0 3194050000000.0 -3.86 4.404 [-3.86]
645654000000000.0 3.32288e+18 382187000000.0 22171200000000.0 20768400000000.0 4192560000000.0 4103590000000.0 12981400.0 13798700000000.0 9476840000000.0 2422370000000.0 6066240000.0 170339000000.0 249756000000.0 3187280000000.0 -3.84 4.401 [-3.84]
645654000000000.0 3.15473e+18 396239000000.0 22251100000000.0 20061800000000.0 4214010000000.0 3768940000000.0 14557300.0 14022900000000.0 8383850000000.0 2054780000000.0 6668580000.0 185166000000.0 263379000000.0 3173820000000.0 -3.82 4.397 [-3.82]
645654000000000.0 2.99523e+18 410261000000.0 22296000000000.0 19347300000000.0 4229930000000.0 3455830000000.0 16330000.0 14236900000000.0 7407020000000.0 1740920000000.0 7315310000.0 200884000000.0 277203000000.0 3153620000000.0 -3.8 4.394 [-3.8]
645654000000000.0 2.84403e+18 424209000000.0 22306200000000.0 18627700000000.0 4240460000000.0 3163680000000.0 18323200.0 14440100000000.0 6535870000000.0 1473400000000.0 8007200000.0 217487000000.0 291168000000.0 3126700000000.0 -3.78 4.39 [-3.78]
645654000000000.0 2.70054e+18 438078000000.0 22281800000000.0 17904400000000.0 4245630000000.0 2891360000000.0 20566900.0 14632600000000.0 5759250000000.0 1245450000000.0 8746420000.0 234987000000.0 305214000000.0 3093060000000.0 -3.76 4.387 [-3.76]
645654000000000.0 2.56443e+18 451803000000.0 22222300000000.0 17180500000000.0 4245400000000.0 2638250000000.0 23090900.0 14813600000000.0 5068370000000.0 1051540000000.0 9533150000.0 253362000000.0 319270000000.0 3052780000000.0 -3.74 4.384 [-3.74]
645654000000000.0 2.43523e+18 465375000000.0 22128700000000.0 16457600000000.0 4239970000000.0 2403300000000.0 25932000.0 14983000000000.0 4454280000000.0 886712000000.0 10368600000.0 272598000000.0 333264000000.0 3005950000000.0 -3.72 4.381 [-3.72]
