Cloudy_runs/pg0003/z=0.386089/component_I_PI_nH/component_I_PI_nH_col_density_param.txt
# %ECSV 1.0
# ---
# datatype:
# - {name: H, datatype: float64}
# - {name: H+, datatype: float64}
# - {name: C+, datatype: float64}
# - {name: C+2, datatype: float64}
# - {name: C+3, datatype: float64}
# - {name: N+2, datatype: float64}
# - {name: N+4, datatype: float64}
# - {name: O, datatype: float64}
# - {name: O+2, datatype: float64}
# - {name: O+5, datatype: float64}
# - {name: O+6, datatype: float64}
# - {name: Si+, datatype: float64}
# - {name: Si+2, datatype: float64}
# - {name: Si+3, datatype: float64}
# - {name: Si+4, datatype: float64}
# - {name: log_nH, datatype: float64}
# - {name: log_Te, datatype: float64}
# - {name: parameters, datatype: string, subtype: 'float64[1]'}
# schema: astropy-2.0
H H+ C+ C+2 C+3 N+2 N+4 O O+2 O+5 O+6 Si+ Si+2 Si+3 Si+4 log_nH log_Te parameters
[from data line 66]
645654000000000.0 2.19645e+18 491764000000.0 21839600000000.0 15026600000000.0 4213520000000.0 1985180000000.0 32715600.0 15284500000000.0 3427750000000.0 628433000000.0 12181100000.0 313437000000.0 360728000000.0 2893460000000.0 -3.68 4.374 [-3.68]
645654000000000.0 2.08612e+18 504530000000.0 21646200000000.0 14322400000000.0 4192790000000.0 1800050000000.0 36751800.0 15416000000000.0 3001230000000.0 528120000000.0 13157400000.0 334943000000.0 374025000000.0 2828220000000.0 -3.66 4.371 [-3.66]
645654000000000.0 1.98141e+18 516955000000.0 21421500000000.0 13628500000000.0 4167150000000.0 1629680000000.0 41287400.0 15534300000000.0 2624470000000.0 443292000000.0 14178500000.0 357076000000.0 386908000000.0 2757370000000.0 -3.64 4.367 [-3.64]
645654000000000.0 1.88203e+18 529008000000.0 21167000000000.0 12946700000000.0 4136790000000.0 1473200000000.0 46383000.0 15639000000000.0 2292110000000.0 371643000000.0 15242400000.0 379749000000.0 399281000000.0 2681250000000.0 -3.62 4.364 [-3.62]
645654000000000.0 1.78768e+18 540660000000.0 20884200000000.0 12278800000000.0 4101900000000.0 1329720000000.0 52105500.0 15729800000000.0 1999300000000.0 311195000000.0 16346200000.0 402859000000.0 411045000000.0 2600230000000.0 -3.6 4.361 [-3.6]
645654000000000.0 1.69812e+18 551879000000.0 20574700000000.0 11626400000000.0 4062570000000.0 1198430000000.0 58529100.0 15806300000000.0 1741680000000.0 260259000000.0 17486800000.0 426289000000.0 422099000000.0 2514740000000.0 -3.58 4.358 [-3.58]
645654000000000.0 1.61308e+18 562640000000.0 20240200000000.0 10990900000000.0 4019010000000.0 1078490000000.0 65737000.0 15868300000000.0 1515320000000.0 217385000000.0 18660100000.0 449907000000.0 432345000000.0 2425260000000.0 -3.56 4.355 [-3.56]
645654000000000.0 1.53234e+18 572915000000.0 19882500000000.0 10373700000000.0 3971370000000.0 969121000000.0 73820800.0 15915600000000.0 1316680000000.0 181342000000.0 19861400000.0 473568000000.0 441689000000.0 2332260000000.0 -3.54 4.351 [-3.54]
645654000000000.0 1.45566e+18 582686000000.0 19503700000000.0 9775640000000.0 3919880000000.0 869559000000.0 82882700.0 15947800000000.0 1142580000000.0 151076000000.0 21085600000.0 497118000000.0 450038000000.0 2236270000000.0 -3.52 4.348 [-3.52]
645654000000000.0 1.38283e+18 591938000000.0 19105800000000.0 9197800000000.0 3864720000000.0 779080000000.0 93035400.0 15964800000000.0 990197000000.0 125693000000.0 22326900000.0 520392000000.0 457306000000.0 2137870000000.0 -3.5 4.345 [-3.5]
645654000000000.0 1.31367e+18 600659000000.0 18690700000000.0 8640880000000.0 3806100000000.0 696999000000.0 104404000.0 15966200000000.0 856993000000.0 104432000000.0 23579200000.0 543216000000.0 463415000000.0 2037610000000.0 -3.48 4.342 [-3.48]
645654000000000.0 1.24798e+18 608838000000.0 18260600000000.0 8105480000000.0 3744220000000.0 622661000000.0 117125000.0 15952000000000.0 740704000000.0 86645700000.0 24835600000.0 565411000000.0 468294000000.0 1936090000000.0 -3.46 4.339 [-3.46]
645654000000000.0 1.18558e+18 616474000000.0 17817600000000.0 7591970000000.0 3679310000000.0 555448000000.0 131352000.0 15921900000000.0 639316000000.0 71785900000.0 26089500000.0 586800000000.0 471883000000.0 1833900000000.0 -3.44 4.335 [-3.44]
645654000000000.0 1.12631e+18 623572000000.0 17363700000000.0 7100560000000.0 3611630000000.0 494776000000.0 147252000.0 15875900000000.0 551037000000.0 59387500000.0 27333900000.0 607205000000.0 474138000000.0 1731650000000.0 -3.42 4.332 [-3.42]
645654000000000.0 1.07e+18 630124000000.0 16900900000000.0 6631430000000.0 3541370000000.0 440100000000.0 165008000.0 15813800000000.0 474275000000.0 49056900000.0 28561400000.0 626450000000.0 475025000000.0 1629910000000.0 -3.4 4.329 [-3.4]
645654000000000.0 1.0165e+18 636136000000.0 16431000000000.0 6184530000000.0 3468740000000.0 390907000000.0 184822000.0 15735500000000.0 407615000000.0 40461000000.0 29765000000.0 644365000000.0 474528000000.0 1529240000000.0 -3.38 4.326 [-3.38]
645654000000000.0 9.65686e+17 641621000000.0 15956100000000.0 5759740000000.0 3393990000000.0 346722000000.0 206915000.0 15641100000000.0 349811000000.0 33319000000.0 30938000000.0 660801000000.0 472642000000.0 1430190000000.0 -3.36 4.322 [-3.36]
645654000000000.0 9.17411e+17 646591000000.0 15477800000000.0 5356810000000.0 3317350000000.0 307099000000.0 231528000.0 15530600000000.0 299756000000.0 27393900000.0 32074000000.0 675618000000.0 469382000000.0 1333270000000.0 -3.34 4.319 [-3.34]
645654000000000.0 8.71549e+17 651057000000.0 14998000000000.0 4975360000000.0 3239050000000.0 271624000000.0 258924000.0 15404000000000.0 256473000000.0 22485700000.0 33167200000.0 688695000000.0 464776000000.0 1238950000000.0 -3.32 4.316 [-3.32]
645654000000000.0 8.27979e+17 655035000000.0 14518000000000.0 4614940000000.0 3159330000000.0 239913000000.0 289390000.0 15261500000000.0 219100000000.0 18426100000.0 34212100000.0 699928000000.0 458868000000.0 1147630000000.0 -3.3 4.313 [-3.3]
645654000000000.0 7.86646e+17 658525000000.0 14040300000000.0 4275530000000.0 3078530000000.0 211650000000.0 323199000.0 15103500000000.0 186920000000.0 15077700000.0 35201400000.0 709238000000.0 451749000000.0 1059800000000.0 -3.28 4.309 [-3.28]
645654000000000.0 7.47267e+17 661594000000.0 13563900000000.0 3955000000000.0 2996500000000.0 186393000000.0 360810000.0 14929200000000.0 159138000000.0 12309900000.0 36139600000.0 716574000000.0 443399000000.0 975429000000.0 -3.26 4.306 [-3.26]
645654000000000.0 7.09912e+17 664209000000.0 13092300000000.0 3654290000000.0 2913830000000.0 163958000000.0 402466000.0 14740100000000.0 135294000000.0 10035100000.0 37015400000.0 721899000000.0 433994000000.0 895108000000.0 -3.24 4.303 [-3.24]
645654000000000.0 6.74476e+17 666380000000.0 12626500000000.0 3372660000000.0 2830740000000.0 144058000000.0 448546000.0 14536400000000.0 114859000000.0 8168230000.0 37826300000.0 725203000000.0 423636000000.0 819014000000.0 -3.22 4.299 [-3.22]
645654000000000.0 6.40718e+17 668209000000.0 12165700000000.0 3107990000000.0 2747050000000.0 126357000000.0 499649000.0 14317300000000.0 97299100000.0 6632930000.0 38581000000.0 726518000000.0 412306000000.0 747001000000.0 -3.2 4.296 [-3.2]
645654000000000.0 6.08696e+17 669630000000.0 11712600000000.0 2860940000000.0 2663340000000.0 110706000000.0 556061000.0 14084600000000.0 82301400000.0 5377680000.0 39269200000.0 725867000000.0 400233000000.0 679427000000.0 -3.18 4.293 [-3.18]
645654000000000.0 5.78277e+17 670687000000.0 11267400000000.0 2630290000000.0 2579670000000.0 96869200000.0 618332000.0 13838300000000.0 69493700000.0 4351780000.0 39894600000.0 723313000000.0 387487000000.0 616226000000.0 -3.16 4.289 [-3.16]
645654000000000.0 5.4938e+17 671398000000.0 10830800000000.0 2415290000000.0 2496230000000.0 84653100000.0 686990000.0 13579100000000.0 58574600000.0 3514870000.0 40458500000.0 718932000000.0 374182000000.0 557376000000.0 -3.14 4.286 [-3.14]
645654000000000.0 5.21929e+17 671782000000.0 10403300000000.0 2215160000000.0 2413160000000.0 73883600000.0 762600000.0 13307400000000.0 49281400000.0 2833400000.0 40963000000.0 712821000000.0 360426000000.0 502808000000.0 -3.12 4.283 [-3.12]
645654000000000.0 4.95854e+17 671851000000.0 9985620000000.0 2029160000000.0 2330660000000.0 64404500000.0 845758000.0 13024200000000.0 41387000000.0 2279610000.0 41410300000.0 705084000000.0 346334000000.0 452424000000.0 -3.1 4.279 [-3.1]
645654000000000.0 4.71087e+17 671626000000.0 9578050000000.0 1856520000000.0 2248870000000.0 56073000000.0 937104000.0 12730000000000.0 34692600000.0 1830450000.0 41803800000.0 695843000000.0 332007000000.0 406087000000.0 -3.08 4.276 [-3.08]
645654000000000.0 4.4756e+17 671117000000.0 9180930000000.0 1696530000000.0 2167930000000.0 48760300000.0 1037320000.0 12425700000000.0 29026200000.0 1466860000.0 42147000000.0 685221000000.0 317546000000.0 363633000000.0 -3.06 4.272 [-3.06]
645654000000000.0 4.25212e+17 670341000000.0 8794550000000.0 1548450000000.0 2087960000000.0 42351200000.0 1147110000.0 12112200000000.0 24238900000.0 1173140000.0 42443600000.0 673349000000.0 303044000000.0 324877000000.0 -3.04 4.269 [-3.04]
645654000000000.0 4.03986e+17 669310000000.0 8419120000000.0 1411590000000.0 2009100000000.0 36742000000.0 1267240000.0 11790300000000.0 20202100000.0 936348000.0 42697800000.0 660363000000.0 288589000000.0 289623000000.0 -3.02 4.266 [-3.02]
645654000000000.0 3.83823e+17 668033000000.0 8054760000000.0 1285270000000.0 1931440000000.0 31839200000.0 1398500000.0 11460900000000.0 16804700000.0 745833000.0 42913700000.0 646394000000.0 274257000000.0 257658000000.0 -3.0 4.262 [-3.0]
645654000000000.0 3.64672e+17 666524000000.0 7701550000000.0 1168830000000.0 1855090000000.0 27559900000.0 1541720000.0 11125000000000.0 13951000000.0 592875000.0 43095400000.0 631575000000.0 260120000000.0 228768000000.0 -2.98 4.259 [-2.98]
645654000000000.0 3.46481e+17 664790000000.0 7359540000000.0 1061650000000.0 1780130000000.0 23829600000.0 1697780000.0 10783500000000.0 11558800000.0 470324000.0 43247200000.0 616034000000.0 246238000000.0 202734000000.0 -2.96 4.255 [-2.96]
645654000000000.0 3.29204e+17 662839000000.0 7028700000000.0 963128000000.0 1706640000000.0 20582200000.0 1867560000.0 10437400000000.0 9557570000.0 372347000.0 43373200000.0 599893000000.0 232667000000.0 179341000000.0 -2.94 4.252 [-2.94]
645654000000000.0 3.12792e+17 660680000000.0 6708990000000.0 872674000000.0 1634690000000.0 17758600000.0 2052030000.0 10087800000000.0 7886710000.0 294178000.0 43477200000.0 583271000000.0 219451000000.0 158377000000.0 -2.92 4.249 [-2.92]
645654000000000.0 2.97203e+17 658316000000.0 6400280000000.0 789738000000.0 1564330000000.0 15306400000.0 2252150000.0 9735390000000.0 6494520000.0 231942000.0 43563000000.0 566273000000.0 206628000000.0 139637000000.0 -2.9 4.245 [-2.9]
645654000000000.0 2.82435e+17 655770000000.0 6103310000000.0 713973000000.0 1495810000000.0 13184000000.0 2468530000.0 9382430000000.0 5339310000.0 182595000.0 43632400000.0 549067000000.0 194263000000.0 122957000000.0 -2.88 4.242 [-2.88]
645654000000000.0 2.68339e+17 653019000000.0 5815640000000.0 644384000000.0 1428640000000.0 11337600000.0 2703280000.0 9026850000000.0 4377000000.0 143322000.0 43693600000.0 531584000000.0 182279000000.0 108061000000.0 -2.86 4.238 [-2.86]
645654000000000.0 2.55019e+17 650100000000.0 5540060000000.0 581123000000.0 1363530000000.0 9746570000.0 2955930000.0 8673460000000.0 3583510000.0 112379000.0 43742800000.0 514119000000.0 170825000000.0 94885400000.0 -2.84 4.235 [-2.84]
645654000000000.0 2.42335e+17 646989000000.0 5274180000000.0 523300000000.0 1300000000000.0 8368250000.0 3228680000.0 8320250000000.0 2926520000.0 87898700.0 43787400000.0 496591000000.0 159819000000.0 83187800000.0 -2.82 4.232 [-2.82]
645654000000000.0 2.30256e+17 643685000000.0 5017830000000.0 470527000000.0 1238070000000.0 7175760000.0 3522700000.0 7968090000000.0 2383900000.0 68580100.0 43829900000.0 479068000000.0 149272000000.0 72823200000.0 -2.8 4.228 [-2.8]
645654000000000.0 2.18816e+17 640216000000.0 4772210000000.0 422650000000.0 1178090000000.0 6149690000.0 3838020000.0 7619810000000.0 1938560000.0 53430100.0 43868700000.0 461723000000.0 139243000000.0 63692000000.0 -2.78 4.225 [-2.78]
645654000000000.0 2.07952e+17 636577000000.0 4536420000000.0 379174000000.0 1119910000000.0 5265710000.0 4176100000.0 7275280000000.0 1573070000.0 41547800.0 43907100000.0 444561000000.0 129703000000.0 55645000000.0 -2.76 4.221 [-2.76]
645654000000000.0 1.97629e+17 632751000000.0 4310070000000.0 339737000000.0 1063490000000.0 4504660000.0 4537990000.0 6935030000000.0 1273660000.0 32243800.0 43947000000.0 427608000000.0 120648000000.0 48561700000.0 -2.74 4.218 [-2.74]
645654000000000.0 1.87827e+17 628758000000.0 4093070000000.0 304025000000.0 1008870000000.0 3850320000.0 4924510000.0 6600040000000.0 1029020000.0 24977100.0 43988700000.0 410927000000.0 112072000000.0 42338600000.0 -2.72 4.215 [-2.72]
645654000000000.0 1.78543e+17 624608000000.0 3885700000000.0 271800000000.0 956163000000.0 3289360000.0 5335840000.0 6271780000000.0 829930000.0 19322600.0 44031700000.0 394598000000.0 103986000000.0 36888200000.0 -2.7 4.211 [-2.7]
645654000000000.0 1.69676e+17 620257000000.0 3685960000000.0 242556000000.0 904940000000.0 2805700000.0 5774910000.0 5948170000000.0 667271000.0 14904400.0 44081000000.0 378494000000.0 96315000000.0 32092100000.0 -2.68 4.208 [-2.68]
645654000000000.0 1.61301e+17 615764000000.0 3495880000000.0 216309000000.0 855742000000.0 2392830000.0 6239390000.0 5633350000000.0 535795000.0 11488500.0 44130900000.0 362842000000.0 89130700000.0 27911500000.0 -2.66 4.205 [-2.66]
645654000000000.0 1.53324e+17 611087000000.0 3313520000000.0 192608000000.0 808143000000.0 2038210000.0 6732160000.0 5325210000000.0 429064000.0 8834860.0 44185700000.0 347512000000.0 82356600000.0 24248400000.0 -2.64 4.202 [-2.64]
645654000000000.0 1.45747e+17 606240000000.0 3139180000000.0 171292000000.0 762261000000.0 1734630000.0 7252830000.0 5025090000000.0 342818000.0 6782360.0 44243700000.0 332570000000.0 75998600000.0 21049300000.0 -2.62 4.198 [-2.62]
645654000000000.0 1.38551e+17 601225000000.0 2972610000000.0 152149000000.0 718080000000.0 1474990000.0 7801630000.0 4733470000000.0 273290000.0 5197900.0 44304300000.0 318029000000.0 70041100000.0 18258400000.0 -2.6 4.195 [-2.6]
645654000000000.0 1.31715e+17 596042000000.0 2813550000000.0 134980000000.0 675574000000.0 1253090000.0 8378610000.0 4450690000000.0 217364000.0 3976970.0 44366900000.0 303896000000.0 64468000000.0 15825900000.0 -2.58 4.192 [-2.58]
645654000000000.0 1.25223e+17 590691000000.0 2661740000000.0 119603000000.0 634724000000.0 1063610000.0 8983630000.0 4177100000000.0 172486000.0 3037900.0 44430700000.0 290176000000.0 59262400000.0 13707700000.0 -2.56 4.189 [-2.56]
645654000000000.0 1.19056e+17 585174000000.0 2516930000000.0 105851000000.0 595509000000.0 901940000.0 9616270000.0 3913000000000.0 136556000.0 2316920.0 44494600000.0 276874000000.0 54407900000.0 11864900000.0 -2.54 4.185 [-2.54]
645654000000000.0 1.13199e+17 579495000000.0 2378900000000.0 93570200000.0 557909000000.0 764129000.0 10275900000.0 3658670000000.0 107862000.0 1764390.0 44557100000.0 263994000000.0 49887800000.0 10263100000.0 -2.52 4.182 [-2.52]
645654000000000.0 1.07619e+17 573628000000.0 2246970000000.0 82590500000.0 521797000000.0 646489000.0 10962900000.0 3413600000000.0 84953700.0 1340820.0 44619100000.0 251488000000.0 45674100000.0 8868940000.0 -2.5 4.179 [-2.5]
645654000000000.0 1.02334e+17 567620000000.0 2121710000000.0 72835800000.0 487347000000.0 546610000.0 11673800000.0 3179280000000.0 66786000.0 1018070.0 44675900000.0 239439000000.0 41773300000.0 7661630000.0 -2.48 4.176 [-2.48]
645654000000000.0 9.7329e+16 561476000000.0 2002850000000.0 64179100000.0 454526000000.0 461857000.0 12407000000.0 2955730000000.0 52406700.0 0.0 44726000000.0 227842000000.0 38166900000.0 6616700000.0 -2.46 4.173 [-2.46]
645654000000000.0 9.25601e+16 555155000000.0 1889430000000.0 56470100000.0 423136000000.0 389680000.0 13163300000.0 2741890000000.0 41006300.0 0.0 44770400000.0 216616000000.0 34819400000.0 5709080000.0 -2.44 4.17 [-2.44]
645654000000000.0 8.80293e+16 548678000000.0 1781580000000.0 49630300000.0 393237000000.0 328411000.0 13939600000.0 2538340000000.0 32009500.0 0.0 44806500000.0 205792000000.0 31725400000.0 4922950000.0 -2.42 4.167 [-2.42]
645654000000000.0 8.37254e+16 542052000000.0 1679090000000.0 43570900000.0 364808000000.0 276457000.0 14733600000.0 2345100000000.0 24927900.0 0.0 44832400000.0 195366000000.0 28870100000.0 4242600000.0 -2.4 4.164 [-2.4]
645654000000000.0 7.96361e+16 535278000000.0 1581750000000.0 38209300000.0 337822000000.0 232443000.0 15543100000.0 2162090000000.0 19367200.0 0.0 44846600000.0 185330000000.0 26238900000.0 3654110000.0 -2.38 4.161 [-2.38]
