Cloudy_runs/3C263/component_I_PI_nH_Z/component_I_PI_nH_Z_col_density_param.txt
# %ECSV 1.0
# ---
# datatype:
# - {name: H, datatype: float64}
# - {name: H+, datatype: float64}
# - {name: C+, datatype: float64}
# - {name: C+2, datatype: float64}
# - {name: C+3, datatype: float64}
# - {name: N+2, datatype: float64}
# - {name: N+4, datatype: float64}
# - {name: O, datatype: float64}
# - {name: O+2, datatype: float64}
# - {name: O+5, datatype: float64}
# - {name: O+6, datatype: float64}
# - {name: Si+, datatype: float64}
# - {name: Si+2, datatype: float64}
# - {name: Si+3, datatype: float64}
# - {name: Si+4, datatype: float64}
# - {name: log_nH, datatype: float64}
# - {name: log_Z, datatype: float64}
# - {name: parameters, datatype: string, subtype: 'float64[2]'}
# schema: astropy-2.0
H H+ C+ C+2 C+3 N+2 N+4 O O+2 O+5 O+6 Si+ Si+2 Si+3 Si+4 log_nH log_Z parameters
[from data line 13357]
618042000000.0 1335430000000.0 2801360000.0 358860000.0 79447.7 4390750.0 0.0 2506140000.0 28350500.0 0.0 0.0 393822000.0 349633.0 442322.0 2588.9 -1.74 0.8 [-1.74,0.8]
615974000000.0 1243500000000.0 2971860000.0 387228000.0 81934.5 4465000.0 0.0 2835890000.0 27199200.0 0.0 0.0 419914000.0 355286.0 451952.0 2634.05 -1.74 0.85 [-1.74,0.85]
618043000000.0 1160030000000.0 3175930000.0 407219000.0 82779.2 4526640.0 0.0 3226380000.0 26013400.0 0.0 0.0 449674000.0 360034.0 461803.0 2685.17 -1.74 0.9 [-1.74,0.9]
618039000000.0 1029750000000.0 3689180000.0 441383000.0 85162.7 4785390.0 0.0 4147870000.0 24753400.0 0.0 0.0 522669000.0 377702.0 497181.0 2886.54 -1.74 1.0 [-1.74,1.0]
618037000000.0 976437000000.0 3998920000.0 456798000.0 86584.2 4955570.0 0.0 4700130000.0 24400700.0 0.0 0.0 566409000.0 391022.0 520696.0 3024.0 -1.74 1.05 [-1.74,1.05]
619789000000.0 927748000000.0 4346860000.0 470947000.0 87908.1 5131660.0 0.0 5334330000.0 24070600.0 0.0 0.0 615611000.0 406140.0 546632.0 3177.63 -1.74 1.1 [-1.74,1.1]
618035000000.0 887856000000.0 4734930000.0 491160000.0 90807.9 5381920.0 0.0 6026390000.0 24152100.0 0.0 0.0 671008000.0 427075.0 580332.0 3377.16 -1.74 1.15 [-1.74,1.15]
618035000000.0 851563000000.0 5170570000.0 512219000.0 93908.3 5648120.0 0.0 6817720000.0 24280300.0 0.0 0.0 733489000.0 450669.0 617575.0 3599.44 -1.74 1.2 [-1.74,1.2]
619707000000.0 817919000000.0 5657030000.0 533853000.0 97140.5 5925640.0 0.0 7721730000.0 24424000.0 0.0 0.0 803675000.0 476788.0 658192.0 3843.91 -1.74 1.25 [-1.74,1.25]
618034000000.0 790678000000.0 6198270000.0 563149000.0 102100.0 6290950.0 0.0 8724810000.0 24883600.0 0.0 0.0 882343000.0 509768.0 708085.0 4143.26 -1.74 1.3 [-1.74,1.3]
618017000000.0 765577000000.0 6803990000.0 593269000.0 107274.0 6675980.0 0.0 10102800000.0 24259600.0 0.0 0.0 970902000.0 546232.0 762704.0 4473.94 -1.74 1.35 [-1.74,1.35]
618080000000.0 721004000000.0 8216370000.0 661276000.0 119328.0 7554260.0 0.0 13142400000.0 24141300.0 0.0 0.0 1179610000.0 632727.0 890005.0 5250.53 -1.74 1.45 [-1.74,1.45]
618042000000.0 701561000000.0 9039510000.0 699601000.0 126357.0 8058410.0 0.0 14971400000.0 24056700.0 0.0 0.0 1302520000.0 684192.0 964390.0 5708.08 -1.74 1.5 [-1.74,1.5]
619562000000.0 682335000000.0 9949800000.0 737393000.0 133372.0 8570550.0 0.0 17057900000.0 23814700.0 0.0 0.0 1439710000.0 739793.0 1043880.0 6202.42 -1.74 1.55 [-1.74,1.55]
619542000000.0 666264000000.0 10963600000.0 781920000.0 141912.0 9175690.0 0.0 19392500000.0 23717900.0 0.0 0.0 1593390000.0 804784.0 1135400.0 6772.69 -1.74 1.6 [-1.74,1.6]
619515000000.0 638488000000.0 13340100000.0 881522000.0 161690.0 10570200.0 0.0 24980300000.0 23567200.0 0.0 0.0 1957840000.0 960388.0 1349930.0 8123.63 -1.74 1.7 [-1.74,1.7]
619498000000.0 626629000000.0 14730000000.0 937047000.0 173108.0 11372600.0 0.0 28302900000.0 23547500.0 0.0 0.0 2173480000.0 1053340.0 1475370.0 8922.45 -1.74 1.75 [-1.74,1.75]
618044000000.0 617622000000.0 16286500000.0 1003900000.0 186985.0 12323700.0 0.0 32012000000.0 23759600.0 0.0 0.0 2415970000.0 1162060.0 1621080.0 9847.46 -1.74 1.8 [-1.74,1.8]
618015000000.0 608608000000.0 18010300000.0 1080490000.0 202389.0 13329800.0 0.0 36188300000.0 23992900.0 0.0 0.0 2688020000.0 1281760.0 1784720.0 10870.6 -1.74 1.85 [-1.74,1.85]
619478000000.0 599460000000.0 19920800000.0 1157820000.0 218278.0 14369700.0 0.0 40902500000.0 24193400.0 0.0 0.0 2993330000.0 1413070.0 1962380.0 11992.4 -1.74 1.9 [-1.74,1.9]
619473000000.0 592876000000.0 22061200000.0 1247330000.0 237076.0 15590400.0 0.0 46168200000.0 24674600.0 0.0 0.0 3336880000.0 1565900.0 2167110.0 13287.8 -1.74 1.95 [-1.74,1.95]
30903000000000.0 333931000000000.0 86475200.0 22135200.0 9862.66 499487.0 4.81901 20196400.0 2700020.0 0.0 0.0 10476900.0 2734320.0 37008.5 667.146 -1.72 -2.95 [-1.72,-2.95]
30903000000000.0 334015000000000.0 108885000.0 27879200.0 12424.5 629108.0 6.07135 25425900.0 3400930.0 0.0 0.0 13192600.0 3443150.0 46614.0 840.31 -1.72 -2.85 [-1.72,-2.85]
30903000000000.0 333880000000000.0 122135000.0 31259900.0 13927.2 705328.0 6.80495 28528300.0 3813200.0 0.0 0.0 14799100.0 3859550.0 52261.0 941.799 -1.72 -2.8 [-1.72,-2.8]
30903000000000.0 333858000000000.0 137030000.0 35071000.0 15624.6 791289.0 7.63431 32009300.0 4278170.0 0.0 0.0 16605000.0 4329180.0 58630.9 1056.45 -1.72 -2.75 [-1.72,-2.75]
30903000000000.0 333834000000000.0 153742000.0 39346200.0 17528.6 887713.0 8.5646 35915100.0 4799790.0 0.0 0.0 18631200.0 4855770.0 65776.2 1185.02 -1.72 -2.7 [-1.72,-2.7]
30903000000000.0 333807000000000.0 172490000.0 44142100.0 19664.3 995869.0 9.6081 40297400.0 5384960.0 0.0 0.0 20904700.0 5446190.0 73791.1 1329.19 -1.72 -2.65 [-1.72,-2.65]
30903000000000.0 333705000000000.0 243589000.0 62325000.0 27759.9 1405840.0 13.5635 56922100.0 7603790.0 0.0 0.0 29529300.0 7681850.0 104174.0 1875.26 -1.72 -2.5 [-1.72,-2.5]
30903000000000.0 333614000000000.0 306595000.0 78432000.0 34929.0 1768880.0 17.0662 71661100.0 9569620.0 0.0 0.0 37175900.0 9658470.0 131081.0 2358.27 -1.72 -2.4 [-1.72,-2.4]
30903000000000.0 333559000000000.0 343961000.0 87981900.0 39178.6 1984080.0 19.1424 80405300.0 10735300.0 0.0 0.0 41712600.0 10828700.0 147031.0 2644.34 -1.72 -2.35 [-1.72,-2.35]
30903000000000.0 333499000000000.0 385875000.0 98691700.0 43943.4 2225360.0 21.4704 90216600.0 12042700.0 0.0 0.0 46802900.0 12139600.0 164917.0 2964.87 -1.72 -2.3 [-1.72,-2.3]
30903000000000.0 333431000000000.0 432889000.0 110702000.0 49285.6 2495880.0 24.0804 101225000.0 13509000.0 0.0 0.0 52514400.0 13607800.0 184970.0 3323.96 -1.72 -2.25 [-1.72,-2.25]
30903000000000.0 333354000000000.0 485621000.0 124169000.0 55274.6 2799140.0 27.0064 113577000.0 15153400.0 0.0 0.0 58923200.0 15251700.0 207452.0 3726.18 -1.72 -2.2 [-1.72,-2.2]
30903000000000.0 333268000000000.0 544765000.0 139268000.0 61987.8 3139070.0 30.2861 127436000.0 16997400.0 0.0 0.0 66114000.0 17091900.0 232654.0 4176.59 -1.72 -2.15 [-1.72,-2.15]
30903000000000.0 333172000000000.0 611096000.0 156197000.0 69512.1 3520060.0 33.9621 142987000.0 19065100.0 0.0 0.0 74182700.0 19151300.0 260903.0 4680.87 -1.72 -2.1 [-1.72,-2.1]
30903000000000.0 332942000000000.0 768905000.0 196446000.0 87392.3 4425390.0 42.6971 180012000.0 23982600.0 0.0 0.0 93394900.0 24031500.0 328041.0 5876.82 -1.72 -2.0 [-1.72,-2.0]
30903000000000.0 332805000000000.0 862445000.0 220287000.0 97976.9 4961300.0 47.8679 201979000.0 26896300.0 0.0 0.0 104794000.0 26911500.0 367789.0 6583.21 -1.72 -1.95 [-1.72,-1.95]
30903000000000.0 332651000000000.0 967326000.0 247003000.0 109833.0 5561540.0 53.6595 226626000.0 30162300.0 0.0 0.0 117584000.0 30129200.0 412316.0 7373.02 -1.72 -1.9 [-1.72,-1.9]
30903000000000.0 332478000000000.0 1084910000.0 276936000.0 123109.0 6233680.0 60.145 254282000.0 33822600.0 0.0 0.0 131936000.0 33722500.0 462185.0 8255.7 -1.72 -1.85 [-1.72,-1.85]
30903000000000.0 332284000000000.0 1216730000.0 310468000.0 137972.0 6986160.0 67.4057 285312000.0 37924400.0 0.0 0.0 148040000.0 37732500.0 518024.0 9241.67 -1.72 -1.8 [-1.72,-1.8]
30903000000000.0 332066000000000.0 1364480000.0 348023000.0 154608.0 7828330.0 75.532 320130000.0 42520000.0 0.0 0.0 166111000.0 42204600.0 580531.0 10342.4 -1.72 -1.75 [-1.72,-1.75]
30903000000000.0 331820000000000.0 1530080000.0 390075000.0 173222.0 8770580.0 84.6242 359198000.0 47668100.0 0.0 0.0 186388000.0 47187900.0 650483.0 11570.4 -1.72 -1.7 [-1.72,-1.7]
30903000000000.0 331543000000000.0 1715650000.0 437150000.0 194041.0 9824430.0 94.7935 403034000.0 53433800.0 0.0 0.0 209142000.0 52735800.0 728739.0 12939.4 -1.72 -1.65 [-1.72,-1.65]
30903000000000.0 331232000000000.0 1923560000.0 489830000.0 217316.0 11002600.0 106.163 452220000.0 59889600.0 0.0 0.0 234674000.0 58905500.0 816252.0 14464.2 -1.72 -1.6 [-1.72,-1.6]
30903000000000.0 330883000000000.0 2156470000.0 548768000.0 243329.0 12319200.0 118.868 507411000.0 67116600.0 0.0 0.0 263324000.0 65760500.0 914083.0 16161.3 -1.72 -1.55 [-1.72,-1.55]
30903000000000.0 330043000000000.0 2709400000.0 688346000.0 304810.0 15430700.0 148.898 638828000.0 84251500.0 0.0 0.0 331550000.0 81784100.0 1145440.0 20141.6 -1.72 -1.45 [-1.72,-1.45]
30903000000000.0 329090000000000.0 3403090000.0 863064000.0 381620.0 19314100.0 186.435 804294000.0 105745000.0 0.0 0.0 417555000.0 101432000.0 1434490.0 25053.6 -1.72 -1.35 [-1.72,-1.35]
30903000000000.0 327729000000000.0 4270270000.0 1080070000.0 476530.0 24115800.0 232.805 1012640000.0 132502000.0 0.0 0.0 525757000.0 125145000.0 1792370.0 31022.4 -1.72 -1.25 [-1.72,-1.25]
30903000000000.0 326913000000000.0 4781910000.0 1207510000.0 532055.0 26924900.0 259.937 1136260000.0 148250000.0 0.0 0.0 589957000.0 138708000.0 2002000.0 34461.3 -1.72 -1.2 [-1.72,-1.2]
30903000000000.0 325988000000000.0 5353430000.0 1349330000.0 593652.0 30041200.0 290.043 1274980000.0 165808000.0 0.0 0.0 661994000.0 153475000.0 2234810.0 38228.7 -1.72 -1.15 [-1.72,-1.15]
30903000000000.0 324940000000000.0 5991450000.0 1506940000.0 661870.0 33492900.0 323.394 1430650000.0 185365000.0 0.0 0.0 742818000.0 169472000.0 2492970.0 42340.7 -1.72 -1.1 [-1.72,-1.1]
30903000000000.0 322288000000000.0 7494470000.0 1874590000.0 819732.0 41490200.0 400.584 1801380000.0 231159000.0 0.0 0.0 934997000.0 204970000.0 3092490.0 51593.5 -1.72 -1.0 [-1.72,-1.0]
30903000000000.0 320861000000000.0 8379520000.0 2090000000.0 911852.0 46146400.0 445.736 2021390000.0 258139000.0 0.0 0.0 1049290000.0 224614000.0 3442540.0 56824.5 -1.72 -0.95 [-1.72,-0.95]
30903000000000.0 319108000000000.0 9361620000.0 2326420000.0 1012060.0 51222900.0 494.862 2268310000.0 287861000.0 0.0 0.0 1177210000.0 245030000.0 3825060.0 62349.9 -1.72 -0.9 [-1.72,-0.9]
30903000000000.0 316946000000000.0 10448300000.0 2584210000.0 1120070.0 56715000.0 547.807 2545420000.0 320413000.0 0.0 0.0 1320120000.0 265820000.0 4240000.0 68094.2 -1.72 -0.85 [-1.72,-0.85]
30903000000000.0 314657000000000.0 11656800000.0 2869010000.0 1238750.0 62740400.0 606.179 2856450000.0 356607000.0 0.0 0.0 1480680000.0 287089000.0 4696780.0 74162.3 -1.72 -0.8 [-1.72,-0.8]
30903000000000.0 312035000000000.0 12993700000.0 3179910000.0 1366920.0 69258000.0 669.387 3205560000.0 396401000.0 0.0 0.0 1660420000.0 308033000.0 5192830.0 80390.0 -1.72 -0.75 [-1.72,-0.75]
30903000000000.0 309029000000000.0 14469200000.0 3517590000.0 1504360.0 76262300.0 737.412 3597430000.0 439999000.0 0.0 0.0 1861420000.0 327899000.0 5728470.0 86655.7 -1.72 -0.7 [-1.72,-0.7]
30903000000000.0 305736000000000.0 16099000000.0 3885540000.0 1652490.0 83810900.0 811.21 4037350000.0 488030000.0 0.0 0.0 2086630000.0 346066000.0 6309030.0 92914.6 -1.72 -0.65 [-1.72,-0.65]
30903000000000.0 301780000000000.0 17880800000.0 4276650000.0 1806330.0 91710600.0 888.3 4531220000.0 539725000.0 0.0 0.0 2336850000.0 360656000.0 6920930.0 98741.6 -1.72 -0.6 [-1.72,-0.6]
30903000000000.0 297244000000000.0 19827300000.0 4692040000.0 1965950.0 99961600.0 969.074 5085720000.0 595508000.0 0.0 0.0 2614880000.0 370565000.0 7565680.0 103997.0 -1.72 -0.55 [-1.72,-0.55]
30903000000000.0 279772000000000.0 26721600000.0 6054110000.0 2456840.0 125948000.0 1226.29 7192770000.0 786848000.0 0.0 0.0 3633460000.0 359288000.0 9648060.0 114176.0 -1.72 -0.4 [-1.72,-0.4]
30903000000000.0 272611000000000.0 29388800000.0 6531710000.0 2614850.0 134664000.0 0.0 8074720000.0 858041000.0 0.0 0.0 4037610000.0 339116000.0 10372200.0 115248.0 -1.72 -0.35 [-1.72,-0.35]
30903000000000.0 264873000000000.0 32254000000.0 7014070000.0 2766190.0 143285000.0 0.0 9065340000.0 932784000.0 0.0 0.0 4474270000.0 311333000.0 11106900.0 115283.0 -1.72 -0.3 [-1.72,-0.3]
30903000000000.0 238897000000000.0 42129400000.0 8433320000.0 3156460.0 167916000.0 0.0 12832800000.0 1176360000.0 0.0 0.0 5966790000.0 199074000.0 13365900.0 111827.0 -1.72 -0.15 [-1.72,-0.15]
30903000000000.0 229344000000000.0 45849300000.0 8861260000.0 3251240.0 175224000.0 0.0 14411200000.0 1261430000.0 0.0 0.0 6514180000.0 158776000.0 14117000.0 110334.0 -1.72 -0.1 [-1.72,-0.1]
30903000000000.0 219661000000000.0 49823200000.0 9265050000.0 3330920.0 182231000.0 0.0 16185300000.0 1349200000.0 0.0 0.0 7086210000.0 121943000.0 14884900.0 109439.0 -1.72 -0.05 [-1.72,-0.05]
30903000000000.0 170787000000000.0 73750700000.0 10695200000.0 3467640.0 210902000.0 0.0 28980700000.0 1793970000.0 0.0 0.0 10286100000.0 25649500.0 18812400.0 115510.0 -1.72 0.2 [-1.72,0.2]
30903000000000.0 151334000000000.0 84980000000.0 10951500000.0 3406920.0 217728000.0 0.0 36649700000.0 1939850000.0 0.0 0.0 11705900000.0 18964400.0 20185800.0 119642.0 -1.72 0.3 [-1.72,0.3]
30903000000000.0 141299000000000.0 90609900000.0 10995300000.0 3345030.0 218781000.0 0.0 41246000000.0 1984850000.0 0.0 0.0 12409700000.0 18072200.0 20671400.0 120753.0 -1.72 0.35 [-1.72,0.35]
30903000000000.0 120327000000000.0 100971000000.0 10989200000.0 3173260.0 214000000.0 0.0 52382800000.0 1971060000.0 0.0 0.0 13712300000.0 17442800.0 20958900.0 119897.0 -1.72 0.45 [-1.72,0.45]
30903000000000.0 109706000000000.0 105437000000.0 11069300000.0 3096160.0 208265000.0 0.0 59145600000.0 1897690000.0 0.0 0.0 14298300000.0 17068700.0 20738800.0 118275.0 -1.72 0.5 [-1.72,0.5]
30903000000000.0 99450000000000.0 109470000000.0 11341700000.0 3057960.0 201098000.0 0.0 66880000000.0 1782200000.0 0.0 0.0 14863400000.0 16599400.0 20351600.0 116595.0 -1.72 0.55 [-1.72,0.55]
30903000000000.0 90094900000000.0 113450000000.0 11924900000.0 3087880.0 197720000.0 0.0 75729100000.0 1635540000.0 0.0 0.0 15467300000.0 16155000.0 19947600.0 115816.0 -1.72 0.6 [-1.72,0.6]
618047000000.0 1381720000000.0 2580520000.0 309845000.0 68033.5 3901820.0 0.0 2206610000.0 26456600.0 0.0 0.0 359746000.0 313522.0 394781.0 2311.42 -1.72 0.75 [-1.72,0.75]
618048000000.0 1189740000000.0 2893930000.0 362207000.0 71898.5 3988050.0 0.0 2839440000.0 23956000.0 0.0 0.0 408001000.0 320592.0 408139.0 2365.52 -1.72 0.85 [-1.72,0.85]
618041000000.0 1112830000000.0 3095610000.0 382407000.0 73195.4 4068290.0 0.0 3220420000.0 23086700.0 0.0 0.0 437476000.0 326603.0 419537.0 2426.28 -1.72 0.9 [-1.72,0.9]
618037000000.0 1046820000000.0 3331600000.0 399252000.0 74321.0 4177410.0 0.0 3651010000.0 22465400.0 0.0 0.0 471223000.0 334029.0 434711.0 2511.44 -1.72 0.95 [-1.72,0.95]
619825000000.0 987361000000.0 3601510000.0 412267000.0 75003.8 4292310.0 0.0 4146830000.0 21898000.0 0.0 0.0 509366000.0 343048.0 451914.0 2610.53 -1.72 1.0 [-1.72,1.0]
618033000000.0 938538000000.0 3905430000.0 428727000.0 76840.0 4468880.0 0.0 4687230000.0 21730300.0 0.0 0.0 552504000.0 357039.0 475625.0 2748.23 -1.72 1.05 [-1.72,1.05]
618021000000.0 893908000000.0 4246600000.0 444256000.0 78613.0 4652420.0 0.0 5307090000.0 21578900.0 0.0 0.0 601000000.0 372752.0 501684.0 2901.27 -1.72 1.1 [-1.72,1.1]
618034000000.0 854350000000.0 4627550000.0 461484000.0 80854.7 4862280.0 0.0 6006240000.0 21549300.0 0.0 0.0 655486000.0 391414.0 531725.0 3078.84 -1.72 1.15 [-1.72,1.15]
619679000000.0 787907000000.0 5531930000.0 502355000.0 86788.5 5363350.0 0.0 7690870000.0 21836300.0 0.0 0.0 786107000.0 438491.0 604775.0 3514.38 -1.72 1.25 [-1.72,1.25]
618064000000.0 762275000000.0 6063850000.0 530385000.0 91375.3 5700190.0 0.0 8731080000.0 22077200.0 0.0 0.0 863697000.0 469633.0 651567.0 3793.62 -1.72 1.3 [-1.72,1.3]
618067000000.0 695432000000.0 8037960000.0 623174000.0 107066.0 6851580.0 0.0 13082700000.0 21484800.0 0.0 0.0 1155770000.0 584634.0 820829.0 4818.07 -1.72 1.45 [-1.72,1.45]
619531000000.0 658363000000.0 9733340000.0 695132000.0 119863.0 7778970.0 0.0 16961900000.0 21156000.0 0.0 0.0 1411490000.0 684841.0 964169.0 5699.62 -1.72 1.55 [-1.72,1.55]
619512000000.0 642944000000.0 10724500000.0 737174000.0 127623.0 8330640.0 0.0 19273000000.0 21048400.0 0.0 0.0 1562560000.0 745596.0 1049360.0 6227.25 -1.72 1.6 [-1.72,1.6]
617982000000.0 630316000000.0 11829200000.0 786274000.0 136905.0 8979000.0 0.0 21854300000.0 21074800.0 0.0 0.0 1731710000.0 816340.0 1147170.0 6834.24 -1.72 1.65 [-1.72,1.65]
