Cloudy_runs/3C263/component_I_PI_nH_Z/component_I_PI_nH_Z_col_density_param.txt
# %ECSV 1.0
# ---
# datatype:
# - {name: H, datatype: float64}
# - {name: H+, datatype: float64}
# - {name: C+, datatype: float64}
# - {name: C+2, datatype: float64}
# - {name: C+3, datatype: float64}
# - {name: N+2, datatype: float64}
# - {name: N+4, datatype: float64}
# - {name: O, datatype: float64}
# - {name: O+2, datatype: float64}
# - {name: O+5, datatype: float64}
# - {name: O+6, datatype: float64}
# - {name: Si+, datatype: float64}
# - {name: Si+2, datatype: float64}
# - {name: Si+3, datatype: float64}
# - {name: Si+4, datatype: float64}
# - {name: log_nH, datatype: float64}
# - {name: log_Z, datatype: float64}
# - {name: parameters, datatype: string, subtype: 'float64[2]'}
# schema: astropy-2.0
H H+ C+ C+2 C+3 N+2 N+4 O O+2 O+5 O+6 Si+ Si+2 Si+3 Si+4 log_nH log_Z parameters
[from data line 6339]
30903000000000.0 2.45872e+16 12211500000.0 156425000000.0 29511500000.0 36313300000.0 1050680000.0 13957200.0 198673000000.0 788564000.0 50461100.0 644456000.0 11155900000.0 4796890000.0 7436750000.0 -3.46 -1.5 [-3.46,-1.5]
30903000000000.0 2.44983e+16 13600400000.0 174840000000.0 33095800000.0 40615800000.0 1175210000.0 15692200.0 222362000000.0 879575000.0 56073700.0 719998000.0 12450200000.0 5399210000.0 8305720000.0 -3.46 -1.45 [-3.46,-1.45]
30903000000000.0 2.43974e+16 15135800000.0 195322000000.0 37106800000.0 45409000000.0 1313690000.0 17649800.0 248795000000.0 980121000.0 62219500.0 804069000.0 13885200000.0 6078770000.0 9270010000.0 -3.46 -1.4 [-3.46,-1.4]
30903000000000.0 2.42917e+16 16832100000.0 218143000000.0 41614100000.0 50757300000.0 1468580000.0 19851800.0 278322000000.0 1092000000.0 69007500.0 897463000.0 15476800000.0 6847890000.0 10344200000.0 -3.46 -1.35 [-3.46,-1.35]
30903000000000.0 2.41724e+16 18702600000.0 243485000000.0 46656800000.0 56707800000.0 1640550000.0 22339000.0 311237000000.0 1215250000.0 76406300.0 1001230000.0 17236500000.0 7716960000.0 11533900000.0 -3.46 -1.3 [-3.46,-1.3]
30903000000000.0 2.37382e+16 25518100000.0 337364000000.0 65693500000.0 78855500000.0 2278600000.0 31911700.0 434265000000.0 1664430000.0 102714000.0 1385680000.0 23678900000.0 11076100000.0 15920500000.0 -3.46 -1.15 [-3.46,-1.15]
30903000000000.0 2.35666e+16 28249600000.0 375610000000.0 73608000000.0 87924800000.0 2538950000.0 35972900.0 484870000000.0 1844240000.0 112965000.0 1542370000.0 26266700000.0 12508800000.0 17699300000.0 -3.46 -1.1 [-3.46,-1.1]
30903000000000.0 2.31765e+16 34521700000.0 464505000000.0 92337300000.0 109109000000.0 3143940000.0 45793800.0 603585000000.0 2254490000.0 135756000.0 1907480000.0 32194800000.0 15985200000.0 21814900000.0 -3.46 -1.0 [-3.46,-1.0]
30903000000000.0 2.29561e+16 38109300000.0 515886000000.0 103364000000.0 121420000000.0 3493050000.0 51721600.0 672896000000.0 2486570000.0 148282000.0 2119500000.0 35563800000.0 18089200000.0 24181700000.0 -3.46 -0.95 [-3.46,-0.95]
30903000000000.0 2.27177e+16 42034300000.0 572409000000.0 115651000000.0 135018000000.0 3876170000.0 58462600.0 749726000000.0 2737460000.0 161526000.0 2353960000.0 39219700000.0 20484500000.0 26775100000.0 -3.46 -0.9 [-3.46,-0.9]
30903000000000.0 2.21835e+16 51030600000.0 702552000000.0 144497000000.0 166542000000.0 4752440000.0 74895300.0 928890000000.0 3296970000.0 189939000.0 2900790000.0 47429800000.0 26322100000.0 32703400000.0 -3.46 -0.8 [-3.46,-0.8]
30903000000000.0 2.18861e+16 56184000000.0 777051000000.0 161301000000.0 184713000000.0 5248840000.0 84897600.0 1032820000000.0 3605480000.0 204935000.0 3219840000.0 51996000000.0 29864600000.0 36068100000.0 -3.46 -0.75 [-3.46,-0.75]
30903000000000.0 2.15678e+16 61842500000.0 858454000000.0 179844000000.0 204666000000.0 5785560000.0 96342000.0 1147470000000.0 3932530000.0 220303000.0 3575110000.0 56873200000.0 33898300000.0 39718400000.0 -3.46 -0.7 [-3.46,-0.7]
30903000000000.0 2.12306e+16 68071700000.0 947355000000.0 200259000000.0 226558000000.0 6364690000.0 109441000.0 1273850000000.0 4278600000.0 235993000.0 3972210000.0 62065400000.0 38489800000.0 43674600000.0 -3.46 -0.65 [-3.46,-0.65]
30903000000000.0 2.04857e+16 82559000000.0 1149290000000.0 246763000000.0 276616000000.0 7639120000.0 141802000.0 1565200000000.0 5014560000.0 267135000.0 4925200000.0 73365200000.0 49591300000.0 52499300000.0 -3.46 -0.55 [-3.46,-0.55]
30903000000000.0 1.96494e+16 100449000000.0 1387310000000.0 300700000000.0 335981000000.0 9054660000.0 184752000.0 1914610000000.0 5794880000.0 296609000.0 6172660000.0 85894900000.0 63670500000.0 62560400000.0 -3.46 -0.45 [-3.46,-0.45]
30903000000000.0 1.92017e+16 110999000000.0 1521710000000.0 330220000000.0 369548000000.0 9810240000.0 211275000.0 2113800000000.0 6198100000.0 310361000.0 6953810000.0 92664400000.0 71961200000.0 68060200000.0 -3.46 -0.4 [-3.46,-0.4]
30903000000000.0 1.77303e+16 151124000000.0 1994490000000.0 424574000000.0 487016000000.0 12178700000.0 318674000.0 2819340000000.0 7403760000.0 343911000.0 10342700000.0 115527000000.0 101872000000.0 86064500000.0 -3.46 -0.25 [-3.46,-0.25]
30903000000000.0 1.66563e+16 186963000000.0 2375560000000.0 487205000000.0 580261000000.0 13779600000.0 421929000.0 3387210000000.0 8171100000.0 358007000.0 14078900000.0 133758000000.0 125510000000.0 98879500000.0 -3.46 -0.15 [-3.46,-0.15]
30903000000000.0 1.60977e+16 208301000000.0 2588170000000.0 516711000000.0 631604000000.0 14571200000.0 486390000.0 3702230000000.0 8534910000.0 362243000.0 16674300000.0 144101000000.0 138145000000.0 105346000000.0 -3.46 -0.1 [-3.46,-0.1]
30903000000000.0 1.55233e+16 232253000000.0 2815530000000.0 544023000000.0 685989000000.0 15344200000.0 561518000.0 4037580000000.0 8875140000.0 364192000.0 19949700000.0 155341000000.0 151131000000.0 111691000000.0 -3.46 -0.05 [-3.46,-0.05]
30903000000000.0 1.4936e+16 259088000000.0 3057750000000.0 568657000000.0 743376000000.0 16099300000.0 649122000.0 4393000000000.0 9189280000.0 363881000.0 24096900000.0 167482000000.0 164355000000.0 117815000000.0 -3.46 0.0 [-3.46,0.0]
30903000000000.0 1.43368e+16 289116000000.0 3314290000000.0 590115000000.0 803621000000.0 16834300000.0 751482000.0 4767580000000.0 9470290000.0 361193000.0 29347400000.0 180462000000.0 177699000000.0 123582000000.0 -3.46 0.05 [-3.46,0.05]
30903000000000.0 1.37219e+16 322695000000.0 3582920000000.0 607546000000.0 866214000000.0 17534600000.0 871722000.0 5158430000000.0 9699650000.0 355555000.0 35986200000.0 194082000000.0 190981000000.0 128754000000.0 -3.46 0.1 [-3.46,0.1]
30903000000000.0 1.1842e+16 449761000000.0 4451020000000.0 636682000000.0 1066880000000.0 19554000000.0 1376740000.0 6419010000000.0 10024000000.0 323227000.0 66792300000.0 236649000000.0 230455000000.0 139800000000.0 -3.46 0.25 [-3.46,0.25]
30903000000000.0 1.11792e+16 503064000000.0 4740530000000.0 634813000000.0 1133600000000.0 20151200000.0 1614390000.0 6843020000000.0 9905730000.0 304528000.0 81613000000.0 249638000000.0 242754000000.0 140851000000.0 -3.46 0.3 [-3.46,0.3]
30903000000000.0 9671730000000000.0 631835000000.0 5207190000000.0 594733000000.0 1241530000000.0 20883200000.0 2278930000.0 7557050000000.0 8880420000.0 243229000.0 119016000000.0 266850000000.0 261469000000.0 134249000000.0 -3.46 0.4 [-3.46,0.4]
30903000000000.0 8774880000000000.0 709778000000.0 5309170000000.0 548712000000.0 1265890000000.0 20850800000.0 2771940000.0 7759510000000.0 7783030000.0 197423000.0 140738000000.0 267040000000.0 265101000000.0 124460000000.0 -3.46 0.45 [-3.46,0.45]
30903000000000.0 7761210000000000.0 796509000000.0 5257700000000.0 483541000000.0 1255370000000.0 20386700000.0 3461460000.0 7790220000000.0 6253290000.0 143516000.0 163194000000.0 258203000000.0 262354000000.0 109360000000.0 -3.46 0.5 [-3.46,0.5]
30903000000000.0 6716330000000000.0 884663000000.0 5070140000000.0 412778000000.0 1212680000000.0 19430900000.0 4437050000.0 7681070000000.0 4603920000.0 93178000.0 185842000000.0 241172000000.0 253420000000.0 91416700000.0 -3.46 0.55 [-3.46,0.55]
30903000000000.0 4965260000000000.0 1012390000000.0 4630790000000.0 314028000000.0 1102420000000.0 16002700000.0 7505870000.0 7364500000000.0 2256350000.0 34456700.0 234904000000.0 199052000000.0 226636000000.0 60572100000.0 -3.46 0.65 [-3.46,0.65]
30903000000000.0 4328560000000000.0 1041060000000.0 4504260000000.0 293346000000.0 1063530000000.0 14092600000.0 9682780000.0 7245140000000.0 1625520000.0 21843500.0 261727000000.0 179807000000.0 214759000000.0 50206100000.0 -3.46 0.7 [-3.46,0.7]
30903000000000.0 3411240000000000.0 1049510000000.0 4469260000000.0 292836000000.0 1028810000000.0 11085000000.0 15689200000.0 7107970000000.0 936524000.0 10210200.0 319289000000.0 148289000000.0 198357000000.0 36863700000.0 -3.46 0.8 [-3.46,0.8]
616913000000.0 61654100000000.0 20921900000.0 90962400000.0 6129510000.0 20593400000.0 201835000.0 391394000.0 142132000000.0 15046300.0 151670.0 7008860000.0 2737830000.0 3867400000.0 654334000.0 -3.46 0.85 [-3.46,0.85]
616864000000.0 51942000000000.0 21417500000.0 97224800000.0 6835870000.0 21210700000.0 174090000.0 593776000.0 145211000000.0 10410900.0 93599.0 8453360000.0 2433810000.0 3749230000.0 528785000.0 -3.46 0.95 [-3.46,0.95]
616785000000.0 45111400000000.0 23218400000.0 106713000000.0 7571700000.0 22450600000.0 160175000.0 867637000.0 151504000000.0 7935250.0 66781.1 10172300000.0 2269600000.0 3715340000.0 455243000.0 -3.46 1.05 [-3.46,1.05]
619034000000.0 42410800000000.0 24812500000.0 112522000000.0 7875120000.0 23279400000.0 155344000.0 1043500000.0 155676000000.0 7067060.0 58226.2 11170500000.0 2220470000.0 3720670000.0 428429000.0 -3.46 1.1 [-3.46,1.1]
616632000000.0 37908600000000.0 29019100000.0 126200000000.0 8505540000.0 25338700000.0 152259000.0 1457760000.0 166229000000.0 5971470.0 0.0 13382800000.0 2176710000.0 3814060000.0 396524000.0 -3.46 1.2 [-3.46,1.2]
616526000000.0 34376500000000.0 35184600000.0 142981000000.0 9103950000.0 27997700000.0 151628000.0 2010850000.0 179695000000.0 5252950.0 0.0 16058400000.0 2187470000.0 3982020000.0 378658000.0 -3.46 1.3 [-3.46,1.3]
616484000000.0 32923200000000.0 39043200000.0 152917000000.0 9452590000.0 29628700000.0 152661000.0 2346090000.0 188031000000.0 5024950.0 0.0 17608700000.0 2219040000.0 4107470000.0 375735000.0 -3.46 1.35 [-3.46,1.35]
616405000000.0 31631300000000.0 43460800000.0 163996000000.0 9845480000.0 31475100000.0 154416000.0 2727310000.0 197491000000.0 4860610.0 0.0 19323500000.0 2266560000.0 4259890000.0 376074000.0 -3.46 1.4 [-3.46,1.4]
619382000000.0 30474500000000.0 48690500000.0 176191000000.0 10230400000.0 33510200000.0 155283000.0 3185270000.0 207689000000.0 4688260.0 0.0 21254100000.0 2321460000.0 4420570000.0 376284000.0 -3.46 1.45 [-3.46,1.45]
616212000000.0 28514200000000.0 60647700000.0 205320000000.0 11354100000.0 38487800000.0 163545000.0 4214280000.0 233453000000.0 4651240.0 0.0 25679300000.0 2502850000.0 4885260000.0 393893000.0 -3.46 1.55 [-3.46,1.55]
619621000000.0 26896200000000.0 76537900000.0 240670000000.0 12589500000.0 44506600000.0 170503000.0 5624570000.0 263817000000.0 4611260.0 0.0 31224800000.0 2726860000.0 5422070000.0 414061000.0 -3.46 1.65 [-3.46,1.65]
615944000000.0 26199800000000.0 85496800000.0 261682000000.0 13448200000.0 48143900000.0 177909000.0 6400430000.0 282682000000.0 4739150.0 0.0 34408300000.0 2881990000.0 5781710000.0 433583000.0 -3.46 1.7 [-3.46,1.7]
615624000000.0 24422200000000.0 121427000000.0 337950000000.0 16247000000.0 61194800000.0 197305000.0 9622380000.0 348449000000.0 5034990.0 0.0 46465700000.0 3420410000.0 6992840000.0 494138000.0 -3.46 1.85 [-3.46,1.85]
615527000000.0 23912200000000.0 136705000000.0 368724000000.0 17349300000.0 66435900000.0 204676000.0 11010700000.0 374541000000.0 5164850.0 0.0 51431800000.0 3637330000.0 7472050000.0 518671000.0 -3.46 1.9 [-3.46,1.9]
615408000000.0 23432600000000.0 154020000000.0 402525000000.0 18538800000.0 72171700000.0 212381000.0 12595600000.0 402872000000.0 5305110.0 0.0 56958700000.0 3873540000.0 7990380000.0 545254000.0 -3.46 1.95 [-3.46,1.95]
30903000000000.0 2.40411e+16 408356000.0 4886090000.0 858011000.0 1136230000.0 29684700.0 481418.0 6272320000.0 21957800.0 1384930.0 21213300.0 363498000.0 142209000.0 219611000.0 -3.44 -3.0 [-3.44,-3.0]
30903000000000.0 2.40347e+16 513801000.0 6149530000.0 1080140000.0 1430090000.0 37362800.0 606150.0 7894900000.0 27631600.0 1742310.0 26697700.0 457446000.0 179070000.0 276379000.0 -3.44 -2.9 [-3.44,-2.9]
30903000000000.0 2.4031e+16 576302000.0 6898760000.0 1211910000.0 1604370000.0 41916400.0 680165.0 8857240000.0 30995500.0 1954110.0 29949900.0 513150000.0 200946000.0 310039000.0 -3.44 -2.85 [-3.44,-2.85]
30903000000000.0 2.40268e+16 646381000.0 7739120000.0 1359750000.0 1799860000.0 47024200.0 763225.0 9936750000.0 34767800.0 2191530.0 33597400.0 575622000.0 225497000.0 347790000.0 -3.44 -2.8 [-3.44,-2.8]
30903000000000.0 2.40194e+16 724926000.0 8680820000.0 1525370000.0 2018950000.0 52740500.0 856557.0 11147000000.0 38985800.0 2456740.0 37689500.0 645639000.0 253027000.0 390058000.0 -3.44 -2.75 [-3.44,-2.75]
30903000000000.0 2.40081e+16 911721000.0 10923200000.0 1920210000.0 2540660000.0 66370900.0 1078590.0 14028500000.0 49043700.0 3089050.0 47422400.0 812276000.0 318664000.0 490755000.0 -3.44 -2.65 [-3.44,-2.65]
30903000000000.0 2.40015e+16 1022370000.0 12252500000.0 2154440000.0 2849970000.0 74452500.0 1210370.0 15737200000.0 55003800.0 3463450.0 53191600.0 911032000.0 357629000.0 550438000.0 -3.44 -2.6 [-3.44,-2.6]
30903000000000.0 2.39658e+16 1615250000.0 19388800000.0 3413880000.0 4510980000.0 117855000.0 1919760.0 24915500000.0 86968700.0 5467790.0 84157300.0 1440860000.0 567498000.0 870703000.0 -3.44 -2.4 [-3.44,-2.4]
30903000000000.0 2.3954e+16 1810460000.0 21743500000.0 3830200000.0 5059230000.0 132183000.0 2154540.0 27946000000.0 97504200.0 6127070.0 94372300.0 1615550000.0 637001000.0 976324000.0 -3.44 -2.35 [-3.44,-2.35]
30903000000000.0 2.39434e+16 2029080000.0 24385000000.0 4297950000.0 5674280000.0 148281000.0 2417770.0 31345700000.0 109339000.0 6867380.0 105817000.0 1811380000.0 715123000.0 1094870000.0 -3.44 -2.3 [-3.44,-2.3]
30903000000000.0 2.39261e+16 2273640000.0 27340300000.0 4821190000.0 6362660000.0 166249000.0 2714020.0 35152900000.0 122522000.0 7689930.0 118647000.0 2030510000.0 802708000.0 1227260000.0 -3.44 -2.25 [-3.44,-2.25]
30903000000000.0 2.39096e+16 2547370000.0 30654400000.0 5408970000.0 7134700000.0 186428000.0 3046250.0 39423100000.0 137321000.0 8612620.0 133018000.0 2276050000.0 901167000.0 1375780000.0 -3.44 -2.2 [-3.44,-2.2]
30903000000000.0 2.38912e+16 2853570000.0 34367100000.0 6068340000.0 7999840000.0 209043000.0 3419300.0 44209300000.0 153887000.0 9643900.0 149115000.0 2550970000.0 1011770000.0 1542110000.0 -3.44 -2.15 [-3.44,-2.15]
30903000000000.0 2.38706e+16 3195960000.0 38525900000.0 6808010000.0 8969160000.0 234382000.0 3838230.0 49573500000.0 172425000.0 10796100.0 167143000.0 2858730000.0 1136040000.0 1728340000.0 -3.44 -2.1 [-3.44,-2.1]
30903000000000.0 2.38475e+16 3578680000.0 43183400000.0 7637730000.0 10055000000.0 262771000.0 4308720.0 55584600000.0 193164000.0 12082600.0 187328000.0 3203140000.0 1275680000.0 1936810000.0 -3.44 -2.05 [-3.44,-2.05]
30903000000000.0 2.38218e+16 4006290000.0 48398000000.0 8568430000.0 11271200000.0 294569000.0 4837180.0 62319400000.0 216358000.0 13518300.0 209924000.0 3588460000.0 1432630000.0 2170100000.0 -3.44 -2.0 [-3.44,-2.0]
30903000000000.0 2.37956e+16 4483940000.0 54240400000.0 9613970000.0 12634200000.0 330261000.0 5430070.0 69868500000.0 242361000.0 15125200.0 235203000.0 4019620000.0 1609220000.0 2431520000.0 -3.44 -1.95 [-3.44,-1.95]
30903000000000.0 2.3761e+16 5016820000.0 60767400000.0 10783300000.0 14157800000.0 370048000.0 6097820.0 78314400000.0 271258000.0 16903900.0 263501000.0 4501110000.0 1807430000.0 2722960000.0 -3.44 -1.9 [-3.44,-1.9]
30903000000000.0 2.37252e+16 5611400000.0 68075100000.0 12096500000.0 15864300000.0 414676000.0 6847320.0 87777200000.0 303615000.0 18890900.0 295141000.0 5039430000.0 2030540000.0 3049270000.0 -3.44 -1.85 [-3.44,-1.85]
30903000000000.0 2.3688e+16 6274400000.0 76254900000.0 13571700000.0 17775300000.0 464730000.0 7688620.0 98377500000.0 339839000.0 21109700.0 330503000.0 5641010000.0 2281760000.0 3414510000.0 -3.44 -1.8 [-3.44,-1.8]
30903000000000.0 2.3641e+16 7012620000.0 85383700000.0 15221100000.0 19909800000.0 520478000.0 8636680.0 110229000000.0 380025000.0 23558700.0 370046000.0 6311800000.0 2563980000.0 3821170000.0 -3.44 -1.75 [-3.44,-1.75]
30903000000000.0 2.35942e+16 7834800000.0 95602200000.0 17076200000.0 22300100000.0 583092000.0 9700120.0 123506000000.0 425074000.0 26296600.0 414193000.0 7060960000.0 2882230000.0 4276610000.0 -3.44 -1.7 [-3.44,-1.7]
