Cloudy_runs/3C263/component_I_PI_nH_Z/component_I_PI_nH_Z_col_density_param.txt
# %ECSV 1.0
# ---
# datatype:
# - {name: H, datatype: float64}
# - {name: H+, datatype: float64}
# - {name: C+, datatype: float64}
# - {name: C+2, datatype: float64}
# - {name: C+3, datatype: float64}
# - {name: N+2, datatype: float64}
# - {name: N+4, datatype: float64}
# - {name: O, datatype: float64}
# - {name: O+2, datatype: float64}
# - {name: O+5, datatype: float64}
# - {name: O+6, datatype: float64}
# - {name: Si+, datatype: float64}
# - {name: Si+2, datatype: float64}
# - {name: Si+3, datatype: float64}
# - {name: Si+4, datatype: float64}
# - {name: log_nH, datatype: float64}
# - {name: log_Z, datatype: float64}
# - {name: parameters, datatype: string, subtype: 'float64[2]'}
# schema: astropy-2.0
H H+ C+ C+2 C+3 N+2 N+4 O O+2 O+5 O+6 Si+ Si+2 Si+3 Si+4 log_nH log_Z parameters
[from data line 18020]
30903000000000.0 36216600000000.0 1944650000.0 51706400.0 890.565 107967.0 0.0 2132000000.0 512078.0 0.0 0.0 268785000.0 3507910.0 13262.4 73.2999 -0.6 -0.9 [-0.6,-0.9]
30903000000000.0 35999800000000.0 2174800000.0 57579100.0 993.484 119406.0 0.0 2391800000.0 572800.0 0.0 0.0 300780000.0 3741930.0 14822.3 81.5255 -0.6 -0.85 [-0.6,-0.85]
30903000000000.0 35065500000000.0 3028870000.0 78698900.0 1368.73 158596.0 0.0 3376400000.0 798474.0 0.0 0.0 419875000.0 4203160.0 20585.0 111.006 -0.6 -0.7 [-0.6,-0.7]
30903000000000.0 34086800000000.0 3756840000.0 95654900.0 1678.25 187391.0 0.0 4247790000.0 991277.0 0.0 0.0 521780000.0 4076370.0 25455.6 134.739 -0.6 -0.6 [-0.6,-0.6]
30903000000000.0 33457000000000.0 4174970000.0 104887000.0 1851.08 201947.0 0.0 4764000000.0 1102160.0 0.0 0.0 580393000.0 3819390.0 28231.9 147.824 -0.6 -0.55 [-0.6,-0.55]
30903000000000.0 32732600000000.0 4632800000.0 114565000.0 2036.18 216404.0 0.0 5342540000.0 1223590.0 0.0 0.0 644547000.0 3437710.0 31252.4 161.792 -0.6 -0.5 [-0.6,-0.5]
30903000000000.0 31914200000000.0 5133150000.0 124619000.0 2233.4 230622.0 0.0 5990860000.0 1356030.0 0.0 0.0 714551000.0 2955680.0 34527.1 176.718 -0.6 -0.45 [-0.6,-0.45]
30903000000000.0 31025700000000.0 5681240000.0 135094000.0 2444.65 244736.0 0.0 6717520000.0 1501120.0 0.0 0.0 790984000.0 2417800.0 38088.9 192.822 -0.6 -0.4 [-0.6,-0.4]
30903000000000.0 29087400000000.0 6939120000.0 157158000.0 2911.78 273084.0 0.0 8444720000.0 1831160.0 0.0 0.0 965316000.0 1382910.0 46150.9 229.199 -0.6 -0.3 [-0.6,-0.3]
30903000000000.0 28060200000000.0 7659320000.0 168683000.0 3169.91 287536.0 0.0 9467940000.0 2017660.0 0.0 0.0 1064510000.0 957015.0 50701.8 249.753 -0.6 -0.25 [-0.6,-0.25]
30903000000000.0 22459800000000.0 12314300000.0 220395000.0 4683.23 369763.0 0.0 16775400000.0 3128580.0 0.0 0.0 1706850000.0 83027.4 79093.4 377.874 -0.6 0.0 [-0.6,0.0]
30903000000000.0 21187600000000.0 13431200000.0 230046000.0 5028.86 390029.0 0.0 18811800000.0 3344690.0 0.0 0.0 1866660000.0 69062.3 85661.5 408.147 -0.6 0.05 [-0.6,0.05]
30903000000000.0 19819200000000.0 14568800000.0 240206000.0 5385.91 411998.0 0.0 21099300000.0 3516610.0 0.0 0.0 2035510000.0 68707.8 92227.7 439.852 -0.6 0.1 [-0.6,0.1]
30903000000000.0 18360300000000.0 15699600000.0 252826000.0 5764.43 435396.0 0.0 23672300000.0 3607680.0 0.0 0.0 2212630000.0 72817.3 98600.7 473.799 -0.6 0.15 [-0.6,0.15]
30903000000000.0 16868000000000.0 16817700000.0 271684000.0 6194.1 458904.0 0.0 26571900000.0 3587320.0 0.0 0.0 2399440000.0 77865.5 104729.0 512.118 -0.6 0.2 [-0.6,0.2]
30903000000000.0 15434800000000.0 17949200000.0 301284000.0 6717.92 490010.0 0.0 29844600000.0 3437400.0 0.0 0.0 2600130000.0 83324.0 110781.0 557.852 -0.6 0.25 [-0.6,0.25]
617899000000.0 283024000000.0 382867000.0 6873840.0 147.323 10422.8 0.0 670593000.0 65623.7 0.0 0.0 56412900.0 1787.96 2342.26 12.2727 -0.6 0.3 [-0.6,0.3]
618116000000.0 262534000000.0 410571000.0 7914760.0 157.621 11067.8 0.0 754059000.0 63691.1 0.0 0.0 61497400.0 1932.33 2515.45 13.0853 -0.6 0.35 [-0.6,0.35]
617981000000.0 244631000000.0 440702000.0 9018480.0 168.796 11704.0 0.0 847598000.0 62108.3 0.0 0.0 67120800.0 2093.57 2706.77 14.0038 -0.6 0.4 [-0.6,0.4]
618043000000.0 229443000000.0 474326000.0 10051700.0 180.47 12374.6 0.0 953144000.0 61045.4 0.0 0.0 73439200.0 2276.78 2923.17 15.0626 -0.6 0.45 [-0.6,0.45]
618069000000.0 216447000000.0 511703000.0 10927000.0 192.265 13092.3 0.0 1071740000.0 60456.0 0.0 0.0 80514900.0 2479.34 3166.9 16.2705 -0.6 0.5 [-0.6,0.5]
618529000000.0 205012000000.0 553158000.0 11622400.0 204.074 13852.4 0.0 1205430000.0 60250.9 0.0 0.0 88456800.0 2681.54 3439.97 17.6364 -0.6 0.55 [-0.6,0.55]
618064000000.0 196058000000.0 600168000.0 12323800.0 217.673 14763.7 0.0 1354440000.0 60869.3 0.0 0.0 97418700.0 2916.79 3755.8 19.2243 -0.6 0.6 [-0.6,0.6]
618858000000.0 186925000000.0 650376000.0 12861300.0 230.752 15644.7 0.0 1523450000.0 61219.4 0.0 0.0 107353000.0 3171.91 4097.38 20.9492 -0.6 0.65 [-0.6,0.65]
618052000000.0 180457000000.0 708240000.0 13598600.0 247.377 16778.0 0.0 1710820000.0 62677.8 0.0 0.0 118620000.0 3472.27 4498.19 22.9765 -0.6 0.7 [-0.6,0.7]
618778000000.0 173185000000.0 769256000.0 14188500.0 263.356 17852.1 0.0 1923590000.0 63630.1 0.0 0.0 131060000.0 3794.6 4927.62 25.1563 -0.6 0.75 [-0.6,0.75]
618069000000.0 163018000000.0 916199000.0 15891000.0 304.922 20664.4 0.0 2426330000.0 67743.2 0.0 0.0 160911000.0 4588.05 5980.97 30.5112 -0.6 0.85 [-0.6,0.85]
618046000000.0 158298000000.0 1000120000.0 16805900.0 328.278 22239.4 0.0 2725220000.0 69994.4 0.0 0.0 178470000.0 5052.13 6595.47 33.6426 -0.6 0.9 [-0.6,0.9]
618660000000.0 153355000000.0 1090170000.0 17678400.0 352.449 23859.4 0.0 3082300000.0 67465.5 0.0 0.0 197954000.0 5560.87 7267.83 37.0767 -0.6 0.95 [-0.6,0.95]
618636000000.0 149355000000.0 1191060000.0 18738300.0 380.369 25748.2 0.0 3470260000.0 67608.0 0.0 0.0 219843000.0 6138.34 8029.63 40.969 -0.6 1.0 [-0.6,1.0]
618077000000.0 146207000000.0 1304450000.0 20008900.0 412.56 27947.3 0.0 3905090000.0 67927.1 0.0 0.0 244474000.0 6794.61 8893.75 45.385 -0.6 1.05 [-0.6,1.05]
618064000000.0 142688000000.0 1425900000.0 21233600.0 445.921 30224.0 0.0 4394550000.0 67658.3 0.0 0.0 271780000.0 7514.43 9839.0 50.2264 -0.6 1.1 [-0.6,1.1]
618045000000.0 139380000000.0 1559070000.0 22543700.0 482.323 32721.2 0.0 4943840000.0 67183.4 0.0 0.0 302266000.0 8317.69 10890.9 55.6214 -0.6 1.15 [-0.6,1.15]
618551000000.0 135737000000.0 1701270000.0 23783800.0 519.902 35299.7 0.0 5561370000.0 66152.1 0.0 0.0 336059000.0 9199.13 12040.9 61.5357 -0.6 1.2 [-0.6,1.2]
618522000000.0 132797000000.0 1860560000.0 25258100.0 562.897 38285.1 0.0 6252390000.0 65272.7 0.0 0.0 374039000.0 10198.6 13341.0 68.2249 -0.6 1.25 [-0.6,1.25]
618528000000.0 130014000000.0 2035050000.0 26824200.0 609.715 41559.1 0.0 7027330000.0 64216.8 0.0 0.0 416477000.0 11315.6 14788.2 75.6834 -0.6 1.3 [-0.6,1.3]
618504000000.0 124847000000.0 2434940000.0 30239100.0 716.018 49080.4 0.0 8867870000.0 61690.3 0.0 0.0 516801000.0 13957.7 18188.9 93.2586 -0.6 1.4 [-0.6,1.4]
618494000000.0 122470000000.0 2665470000.0 32448500.0 778.486 53441.3 0.0 9956890000.0 60394.1 0.0 0.0 575993000.0 15519.1 20203.2 103.617 -0.6 1.45 [-0.6,1.45]
617511000000.0 121200000000.0 2933560000.0 35465200.0 0.0 58805.8 0.0 11174100000.0 59726.8 0.0 0.0 643256000.0 17325.9 22538.2 115.565 -0.6 1.5 [-0.6,1.5]
618463000000.0 118070000000.0 3196010000.0 37661300.0 922.841 63524.3 0.0 12541400000.0 57900.6 0.0 0.0 716089000.0 19222.1 24970.8 128.088 -0.6 1.55 [-0.6,1.55]
618468000000.0 116037000000.0 3500110000.0 40561200.0 0.0 69326.0 0.0 14070200000.0 56798.5 0.0 0.0 798761000.0 21411.7 27775.1 142.497 -0.6 1.6 [-0.6,1.6]
618441000000.0 114104000000.0 3833200000.0 43671200.0 0.0 75698.9 0.0 15781200000.0 55877.7 0.0 0.0 891128000.0 23862.1 30901.5 158.573 -0.6 1.65 [-0.6,1.65]
617548000000.0 113218000000.0 4221960000.0 47702900.0 0.0 83512.9 0.0 17696300000.0 55780.7 0.0 0.0 996209000.0 26697.4 34514.4 177.111 -0.6 1.7 [-0.6,1.7]
618452000000.0 110624000000.0 4601410000.0 50632100.0 0.0 90470.3 0.0 19844400000.0 55080.1 0.0 0.0 1110000000.0 29685.0 38289.5 196.61 -0.6 1.75 [-0.6,1.75]
618440000000.0 109041000000.0 5041940000.0 54493900.0 0.0 98975.8 0.0 22248100000.0 55229.3 0.0 0.0 1239080000.0 33128.2 42634.4 219.01 -0.6 1.8 [-0.6,1.8]
618448000000.0 107555000000.0 5524370000.0 58618400.0 0.0 108313.0 0.0 24941400000.0 55775.6 0.0 0.0 1383340000.0 36982.7 47480.3 244.019 -0.6 1.85 [-0.6,1.85]
618447000000.0 106157000000.0 6051940000.0 63009800.0 0.0 118548.0 0.0 27958600000.0 56761.0 0.0 0.0 1544460000.0 41294.8 52881.1 271.924 -0.6 1.9 [-0.6,1.9]
617568000000.0 104508000000.0 7301650000.0 73718600.0 0.0 143409.0 0.0 35126900000.0 60674.9 0.0 0.0 1928780000.0 51682.8 65842.4 338.898 -0.6 2.0 [-0.6,2.0]
30903000000000.0 36413300000000.0 17336100.0 456970.0 7.48331 964.662 0.0 18986200.0 4227.08 0.0 0.0 2393960.0 40078.7 112.032 0.635282 -0.58 -2.95 [-0.58,-2.95]
30903000000000.0 36412100000000.0 19451100.0 512707.0 8.39613 1082.27 0.0 21302900.0 4742.77 0.0 0.0 2686030.0 44957.2 125.7 0.71276 -0.58 -2.9 [-0.58,-2.9]
30903000000000.0 36410700000000.0 21824000.0 575239.0 9.42028 1214.21 0.0 23902200.0 5321.37 0.0 0.0 3013720.0 50427.9 141.034 0.799682 -0.58 -2.85 [-0.58,-2.85]
30903000000000.0 36409100000000.0 24486300.0 645394.0 10.5693 1362.21 0.0 26818700.0 5970.54 0.0 0.0 3381390.0 56562.3 158.238 0.897197 -0.58 -2.8 [-0.58,-2.8]
30903000000000.0 36402100000000.0 27470800.0 723934.0 11.8558 1527.9 0.0 30090800.0 6697.36 0.0 0.0 3793620.0 63425.4 177.513 1.00641 -0.58 -2.75 [-0.58,-2.75]
30903000000000.0 36405400000000.0 30824700.0 812398.0 13.3046 1714.47 0.0 33762700.0 7516.06 0.0 0.0 4256740.0 71151.5 199.196 1.12932 -0.58 -2.7 [-0.58,-2.7]
30903000000000.0 36394800000000.0 48846000.0 1287090.0 21.0805 2715.2 0.0 53509900.0 11910.3 0.0 0.0 6745640.0 112514.0 315.642 1.78903 -0.58 -2.5 [-0.58,-2.5]
30903000000000.0 36391300000000.0 54803200.0 1443970.0 23.6505 3045.74 0.0 60038900.0 13362.9 0.0 0.0 7568420.0 126148.0 354.133 2.00702 -0.58 -2.45 [-0.58,-2.45]
30903000000000.0 36387300000000.0 61486400.0 1619940.0 26.5335 3416.42 0.0 67364600.0 14992.6 0.0 0.0 8491520.0 141422.0 397.315 2.25153 -0.58 -2.4 [-0.58,-2.4]
30903000000000.0 36382900000000.0 68984300.0 1817320.0 29.7676 3832.07 0.0 75584100.0 16820.9 0.0 0.0 9527160.0 158528.0 445.759 2.52577 -0.58 -2.35 [-0.58,-2.35]
30903000000000.0 36377900000000.0 77395700.0 2038720.0 33.3954 4298.13 0.0 84806500.0 18872.0 0.0 0.0 10689000.0 177683.0 500.103 2.83335 -0.58 -2.3 [-0.58,-2.3]
30903000000000.0 36372300000000.0 86832000.0 2287030.0 37.4647 4820.66 0.0 95154000.0 21173.0 0.0 0.0 11992500.0 199126.0 561.067 3.1783 -0.58 -2.25 [-0.58,-2.25]
30903000000000.0 36366000000000.0 97417800.0 2565540.0 42.0291 5406.44 0.0 106764000.0 23754.3 0.0 0.0 13454800.0 223124.0 629.455 3.56514 -0.58 -2.2 [-0.58,-2.2]
30903000000000.0 36359000000000.0 109293000.0 2877870.0 47.1485 6063.07 0.0 119791000.0 26650.0 0.0 0.0 15095300.0 249972.0 706.167 3.99893 -0.58 -2.15 [-0.58,-2.15]
30903000000000.0 36351000000000.0 122614000.0 3228140.0 52.8904 6799.02 0.0 134407000.0 29898.4 0.0 0.0 16935600.0 279997.0 792.216 4.48533 -0.58 -2.1 [-0.58,-2.1]
30903000000000.0 36332000000000.0 154317000.0 4061320.0 66.5515 8547.88 0.0 169206000.0 37629.5 0.0 0.0 21316000.0 351067.0 996.991 5.64206 -0.58 -2.0 [-0.58,-2.0]
30903000000000.0 36320700000000.0 173116000.0 4555080.0 74.6495 9583.13 0.0 189851000.0 42214.1 0.0 0.0 23913700.0 392950.0 1118.41 6.32739 -0.58 -1.95 [-0.58,-1.95]
30903000000000.0 36307900000000.0 194202000.0 5108630.0 83.7298 10742.7 0.0 213014000.0 47356.2 0.0 0.0 26827700.0 439694.0 1254.58 7.09554 -0.58 -1.9 [-0.58,-1.9]
30903000000000.0 36288300000000.0 217830000.0 5727810.0 93.8903 12038.5 0.0 239002000.0 53111.5 0.0 0.0 30093800.0 491710.0 1407.07 7.95497 -0.58 -1.85 [-0.58,-1.85]
30903000000000.0 36277800000000.0 244373000.0 6424700.0 105.326 13495.3 0.0 268164000.0 59592.3 0.0 0.0 33762200.0 549968.0 1578.55 8.92116 -0.58 -1.8 [-0.58,-1.8]
30903000000000.0 36259400000000.0 274114000.0 7204020.0 118.12 15122.1 0.0 300881000.0 66845.8 0.0 0.0 37873600.0 614633.0 1770.56 10.0017 -0.58 -1.75 [-0.58,-1.75]
30903000000000.0 36215300000000.0 344857000.0 9055460.0 148.53 18978.1 0.0 378775000.0 84100.2 0.0 0.0 47655400.0 766463.0 2227.19 12.5676 -0.58 -1.65 [-0.58,-1.65]
30903000000000.0 36189000000000.0 386780000.0 10151100.0 166.537 21253.9 0.0 424986000.0 94326.2 0.0 0.0 53453600.0 855097.0 2497.73 14.0851 -0.58 -1.6 [-0.58,-1.6]
30903000000000.0 36159200000000.0 433777000.0 11377900.0 186.71 23796.8 0.0 476832000.0 105790.0 0.0 0.0 59954900.0 953252.0 2800.97 15.7835 -0.58 -1.55 [-0.58,-1.55]
30903000000000.0 36125500000000.0 486455000.0 12751300.0 209.304 26636.6 0.0 535003000.0 118641.0 0.0 0.0 67243800.0 1061740.0 3140.79 17.6838 -0.58 -1.5 [-0.58,-1.5]
30903000000000.0 36087200000000.0 545492000.0 14288100.0 234.604 29805.7 0.0 600267000.0 133044.0 0.0 0.0 75414600.0 1181390.0 3521.54 19.8091 -0.58 -1.45 [-0.58,-1.45]
30903000000000.0 36043800000000.0 611646000.0 16007300.0 262.927 33339.8 0.0 673491000.0 149184.0 0.0 0.0 84573100.0 1312980.0 3948.08 22.1849 -0.58 -1.4 [-0.58,-1.4]
30903000000000.0 35994400000000.0 685759000.0 17929500.0 294.622 37277.2 0.0 755644000.0 167269.0 0.0 0.0 94837000.0 1457260.0 4425.81 24.8395 -0.58 -1.35 [-0.58,-1.35]
30903000000000.0 35938100000000.0 768773000.0 20077700.0 330.077 41659.4 0.0 847815000.0 187527.0 0.0 0.0 106338000.0 1614850.0 4960.72 27.8037 -0.58 -1.3 [-0.58,-1.3]
30903000000000.0 35800300000000.0 965789000.0 25154600.0 414.021 51937.8 0.0 1067240000.0 235617.0 0.0 0.0 133651000.0 1971400.0 6229.44 34.799 -0.58 -1.2 [-0.58,-1.2]
30903000000000.0 35715900000000.0 1082230000.0 28140300.0 463.495 57929.2 0.0 1197390000.0 264048.0 0.0 0.0 149806000.0 2170240.0 6978.76 38.9063 -0.58 -1.15 [-0.58,-1.15]
30903000000000.0 35618700000000.0 1212480000.0 31466000.0 518.704 64554.1 0.0 1343410000.0 295855.0 0.0 0.0 167888000.0 2381800.0 7816.4 43.4757 -0.58 -1.1 [-0.58,-1.1]
30903000000000.0 35375700000000.0 1520740000.0 39274400.0 648.788 79894.6 0.0 1690970000.0 371171.0 0.0 0.0 210733000.0 2834900.0 9796.75 54.1813 -0.58 -1.0 [-0.58,-1.0]
30903000000000.0 35223300000000.0 1702320000.0 43828700.0 724.992 88693.2 0.0 1897100000.0 415558.0 0.0 0.0 236003000.0 3068900.0 10961.7 60.4114 -0.58 -0.95 [-0.58,-0.95]
30903000000000.0 35044800000000.0 1904800000.0 48864800.0 809.577 98284.6 0.0 2128320000.0 465083.0 0.0 0.0 264213000.0 3299690.0 12259.3 67.2892 -0.58 -0.9 [-0.58,-0.9]
30903000000000.0 34833100000000.0 2130280000.0 54413400.0 903.217 108669.0 0.0 2387670000.0 520260.0 0.0 0.0 295664000.0 3516980.0 13702.2 74.8551 -0.58 -0.85 [-0.58,-0.85]
30903000000000.0 34581800000000.0 2380990000.0 60503800.0 1006.61 119830.0 0.0 2678540000.0 581660.0 0.0 0.0 330683000.0 3707850.0 15304.0 83.1485 -0.58 -0.8 [-0.58,-0.8]
30903000000000.0 34281100000000.0 2659170000.0 67152500.0 1120.33 131701.0 0.0 3004740000.0 649849.0 0.0 0.0 369597000.0 3854160.0 17077.6 92.1945 -0.58 -0.75 [-0.58,-0.75]
30903000000000.0 33919100000000.0 2967020000.0 74360600.0 1244.8 144162.0 0.0 3370520000.0 725390.0 0.0 0.0 412731000.0 3933410.0 19035.2 102.005 -0.58 -0.7 [-0.58,-0.7]
30903000000000.0 33482700000000.0 3306690000.0 82109700.0 1380.28 157036.0 0.0 3780610000.0 808836.0 0.0 0.0 460395000.0 3920350.0 21187.9 112.577 -0.58 -0.65 [-0.58,-0.65]
30903000000000.0 32959500000000.0 3680250000.0 90361700.0 1526.82 170105.0 0.0 4240300000.0 900719.0 0.0 0.0 512882000.0 3792280.0 23545.5 123.906 -0.58 -0.6 [-0.58,-0.6]
30903000000000.0 32342200000000.0 4089990000.0 99070000.0 1684.45 183166.0 0.0 4755550000.0 1001600.0 0.0 0.0 570481000.0 3538110.0 26118.0 136.007 -0.58 -0.55 [-0.58,-0.55]
30903000000000.0 31633700000000.0 4538810000.0 108203000.0 1853.49 196113.0 0.0 5333000000.0 1112140.0 0.0 0.0 633538000.0 3168810.0 28919.0 148.951 -0.58 -0.5 [-0.58,-0.5]
30903000000000.0 30832600000000.0 5029360000.0 117687000.0 2033.76 208796.0 0.0 5980070000.0 1232730.0 0.0 0.0 702339000.0 2706790.0 31957.0 162.798 -0.58 -0.45 [-0.58,-0.45]
30903000000000.0 29966800000000.0 5567170000.0 127584000.0 2227.29 221397.0 0.0 6705330000.0 1364950.0 0.0 0.0 777504000.0 2199450.0 35265.2 177.774 -0.58 -0.4 [-0.58,-0.4]
30903000000000.0 29044600000000.0 6156360000.0 137843000.0 2434.35 233981.0 0.0 7518150000.0 1509010.0 0.0 0.0 859521000.0 1696890.0 38858.0 194.005 -0.58 -0.35 [-0.58,-0.35]
30903000000000.0 28081800000000.0 6802420000.0 148464000.0 2656.38 246688.0 0.0 8429210000.0 1665910.0 0.0 0.0 949060000.0 1237770.0 42762.9 211.653 -0.58 -0.3 [-0.58,-0.3]
30903000000000.0 27083800000000.0 7510030000.0 159384000.0 2894.07 259577.0 0.0 9450460000.0 1836040.0 0.0 0.0 1046740000.0 848027.0 46999.4 230.807 -0.58 -0.25 [-0.58,-0.25]
