Cloudy_runs/pg1222/z=0.054479/logZ=-1/component_I_PI_nH/component_I_PI_nH_col_density_param.txt
# %ECSV 1.0
# ---
# datatype:
# - {name: H, datatype: float64}
# - {name: H+, datatype: float64}
# - {name: C+, datatype: float64}
# - {name: C+2, datatype: float64}
# - {name: C+3, datatype: float64}
# - {name: N+, datatype: float64}
# - {name: N+2, datatype: float64}
# - {name: N+4, datatype: float64}
# - {name: O, datatype: float64}
# - {name: O+2, datatype: float64}
# - {name: O+5, datatype: float64}
# - {name: O+6, datatype: float64}
# - {name: P+, datatype: float64}
# - {name: Si+, datatype: float64}
# - {name: Si+2, datatype: float64}
# - {name: Si+3, datatype: float64}
# - {name: Si+4, datatype: float64}
# - {name: Fe+, datatype: float64}
# - {name: Al+, datatype: float64}
# - {name: log_nH, datatype: float64}
# - {name: parameters, datatype: string, subtype: 'float64[1]'}
# schema: astropy-2.0
H H+ C+ C+2 C+3 N+ N+2 N+4 O O+2 O+5 O+6 P+ Si+ Si+2 Si+3 Si+4 Fe+ Al+ log_nH parameters
120226000000000.0 3.38332e+18 12116500000.0 1521910000000.0 4730060000000.0 921923000.0 250321000000.0 3902190000000.0 76632.1 660618000000.0 38822500000000.0 51022200000000.0 793251.0 12435000.0 554927000.0 2259840000.0 190345000000.0 3060.22 382648.0 -5.0 [-5.0]
120226000000000.0 3.20528e+18 13075600000.0 1598140000000.0 4780050000000.0 1002750000.0 265254000000.0 3826230000000.0 85681.3 702356000000.0 36586600000000.0 45808800000000.0 927052.0 14640000.0 640210000.0 2522620000.0 201273000000.0 3706.09 454826.0 -4.98 [-4.98]
120226000000000.0 3.03697e+18 14095400000.0 1676200000000.0 4825060000000.0 1089480000.0 280713000000.0 3745280000000.0 95771.4 745650000000.0 34403800000000.0 41047200000000.0 1081550.0 17202600.0 737434000.0 2811710000.0 212514000000.0 4484.15 539387.0 -4.96 [-4.96]
120226000000000.0 2.87781e+18 15178400000.0 1755980000000.0 4864940000000.0 1182350000.0 296673000000.0 3659610000000.0 107017.0 790448000000.0 32280400000000.0 36708400000000.0 1259600.0 20174800.0 848082000.0 3129220000.0 224051000000.0 5420.38 638246.0 -4.94 [-4.94]
120226000000000.0 2.72726e+18 16326900000.0 1837390000000.0 4899600000000.0 1281610000.0 313106000000.0 3569530000000.0 119545.0 836690000000.0 30222000000000.0 32763700000000.0 1464400.0 23615000.0 973801000.0 3477420000.0 235865000000.0 6545.73 753596.0 -4.92 [-4.92]
120226000000000.0 2.58481e+18 17543100000.0 1920280000000.0 4928900000000.0 1387470000.0 329978000000.0 3475340000000.0 133495.0 884307000000.0 28233400000000.0 29185500000000.0 1699530.0 27588600.0 1116410000.0 3858650000.0 247933000000.0 7896.85 887929.0 -4.9 [-4.9]
120226000000000.0 2.45001e+18 18829200000.0 2004540000000.0 4952740000000.0 1500130000.0 347249000000.0 3377400000000.0 149024.0 933223000000.0 26318700000000.0 25947400000000.0 1968940.0 32168900.0 1277890000.0 4275380000.0 260230000000.0 9517.15 1044070.0 -4.88 [-4.88]
120226000000000.0 2.3224e+18 20187300000.0 2090010000000.0 4971030000000.0 1619800000.0 364878000000.0 3276060000000.0 166313.0 983365000000.0 24480900000000.0 23023200000000.0 2277100.0 37438300.0 1460470000.0 4730230000.0 272730000000.0 11458.4 1225240.0 -4.86 [-4.86]
120226000000000.0 2.2016e+18 21618900000.0 2176510000000.0 4983670000000.0 1746590000.0 382810000000.0 3171730000000.0 185548.0 1034620000000.0 22723300000000.0 20389400000000.0 2628760.0 43486000.0 1666490000.0 5225770000.0 285398000000.0 13780.5 1435020.0 -4.84 [-4.84]
120226000000000.0 2.08719e+18 23125200000.0 2263820000000.0 4990580000000.0 1880600000.0 400988000000.0 3064800000000.0 206944.0 1086890000000.0 21047300000000.0 18022100000000.0 3029240.0 50412700.0 1898590000.0 5764860000.0 298203000000.0 16555.2 1677530.0 -4.82 [-4.82]
120226000000000.0 1.97883e+18 24707800000.0 2351770000000.0 4991690000000.0 2021930000.0 419354000000.0 2955700000000.0 230746.0 1140080000000.0 19454200000000.0 15899300000000.0 3484440.0 58329500.0 2159610000.0 6350330000.0 311107000000.0 19866.8 1957370.0 -4.8 [-4.8]
120226000000000.0 1.87619e+18 26367900000.0 2440120000000.0 4986930000000.0 2170690000.0 437850000000.0 2844850000000.0 257235.0 1194090000000.0 17944600000000.0 14000100000000.0 4000880.0 67358800.0 2452650000.0 6985090000.0 324071000000.0 23814.2 2279710.0 -4.78 [-4.78]
120226000000000.0 1.77897e+18 28106600000.0 2528650000000.0 4976270000000.0 2326930000.0 456410000000.0 2732720000000.0 286718.0 1248810000000.0 16518300000000.0 12304800000000.0 4585600.0 77634800.0 2781040000.0 7672100000.0 337053000000.0 28513.6 2650370.0 -4.76 [-4.76]
120226000000000.0 1.68685e+18 29924600000.0 2617110000000.0 4959670000000.0 2490680000.0 474967000000.0 2619730000000.0 319547.0 1304140000000.0 15174800000000.0 10794900000000.0 5246330.0 89304800.0 3148410000.0 8414390000.0 350007000000.0 34101.4 3075840.0 -4.74 [-4.74]
120226000000000.0 1.59957e+18 31821900000.0 2705210000000.0 4937090000000.0 2661910000.0 493450000000.0 2506340000000.0 356114.0 1359950000000.0 13912900000000.0 9453150000000.0 5991450.0 102528000.0 3558610000.0 9214940000.0 362885000000.0 40736.6 3563390.0 -4.72 [-4.72]
120226000000000.0 1.51687e+18 33798700000.0 2792690000000.0 4908540000000.0 2840620000.0 511789000000.0 2392990000000.0 396864.0 1416130000000.0 12730900000000.0 8263370000000.0 6829880.0 117480000.0 4015810000.0 10076800000.0 375638000000.0 48598.1 4120350.0 -4.7 [-4.7]
120226000000000.0 1.43851e+18 35853800000.0 2879210000000.0 4874030000000.0 3026680000.0 529904000000.0 2280140000000.0 442283.0 1472550000000.0 11627200000000.0 7210870000000.0 7771250.0 134344000.0 4524330000.0 11002700000.0 388209000000.0 57903.1 4755950.0 -4.68 [-4.68]
120226000000000.0 1.36424e+18 37987800000.0 2964520000000.0 4833560000000.0 3220140000.0 547737000000.0 2168140000000.0 492972.0 1529130000000.0 10598700000000.0 6281340000000.0 8826780.0 153334000.0 5089110000.0 11995900000.0 400551000000.0 68908.2 5480420.0 -4.66 [-4.66]
120226000000000.0 1.29385e+18 40199200000.0 3048270000000.0 4787200000000.0 3420850000.0 565212000000.0 2057420000000.0 549562.0 1585730000000.0 9643110000000.0 5462330000000.0 10007600.0 174664000.0 5715050000.0 13059100000.0 412603000000.0 81903.2 6304590.0 -4.64 [-4.64]
120226000000000.0 1.22714e+18 42486200000.0 3130140000000.0 4735000000000.0 3628720000.0 582258000000.0 1948370000000.0 612782.0 1642250000000.0 8757530000000.0 4742170000000.0 11326000.0 198571000.0 6407450000.0 14194800000.0 424309000000.0 97226.2 7240510.0 -4.62 [-4.62]
120226000000000.0 1.16391e+18 44847000000.0 3209780000000.0 4677050000000.0 3843620000.0 598808000000.0 1841330000000.0 683461.0 1698570000000.0 7938880000000.0 4110190000000.0 12795000.0 225306000.0 7171860000.0 15405700000.0 435610000000.0 115269.0 8301480.0 -4.6 [-4.6]
120226000000000.0 1.10397e+18 47280500000.0 3286900000000.0 4613440000000.0 4065530000.0 614804000000.0 1736610000000.0 762567.0 1754590000000.0 7183700000000.0 3556540000000.0 14429100.0 255149000.0 8014330000.0 16694100000.0 446448000000.0 136492.0 9502440.0 -4.58 [-4.58]
120226000000000.0 1.04718e+18 49781200000.0 3361080000000.0 4544340000000.0 4294100000.0 630171000000.0 1634550000000.0 851095.0 1810160000000.0 6489180000000.0 3072720000000.0 16241800.0 288360000.0 8940430000.0 18061600000.0 456759000000.0 161403.0 10858600.0 -4.56 [-4.56]
120226000000000.0 9.93342e+17 52346800000.0 3432000000000.0 4469880000000.0 4529290000.0 644858000000.0 1535390000000.0 950276.0 1865190000000.0 5851710000000.0 2650600000000.0 18249100.0 325250000.0 9956630000.0 19509900000.0 466484000000.0 190608.0 12387800.0 -4.54 [-4.54]
120226000000000.0 9.42318e+17 54974400000.0 3499340000000.0 4390250000000.0 4770990000.0 658811000000.0 1439360000000.0 1061480.0 1919580000000.0 5267950000000.0 2283000000000.0 20467400.0 366134000.0 11069400000.0 21040200000.0 475564000000.0 224796.0 14108900.0 -4.52 [-4.52]
120226000000000.0 8.93957e+17 57659400000.0 3562760000000.0 4305660000000.0 5019060000.0 671982000000.0 1346660000000.0 1186230.0 1973210000000.0 4734540000000.0 1963450000000.0 22913500.0 411339000.0 12285200000.0 22653400000.0 483942000000.0 264758.0 16042400.0 -4.5 [-4.5]
120226000000000.0 8.48118e+17 60397000000.0 3621940000000.0 4216340000000.0 5273330000.0 684323000000.0 1257450000000.0 1326280.0 2025970000000.0 4248200000000.0 1686150000000.0 25605000.0 461206000.0 13610700000.0 24349600000.0 491559000000.0 311399.0 18210500.0 -4.48 [-4.48]
120226000000000.0 8.0467e+17 63182000000.0 3676560000000.0 4122540000000.0 5533670000.0 695793000000.0 1171870000000.0 1483570.0 2077770000000.0 3805690000000.0 1445930000000.0 28559600.0 516086000.0 15052600000.0 26128500000.0 498360000000.0 365749.0 20637200.0 -4.46 [-4.46]
120226000000000.0 7.63486e+17 66008800000.0 3726320000000.0 4024550000000.0 5799940000.0 706357000000.0 1090000000000.0 1660350.0 2128490000000.0 3403900000000.0 1238190000000.0 31795700.0 576340000.0 16617400000.0 27989000000.0 504291000000.0 428984.0 23348100.0 -4.44 [-4.44]
120226000000000.0 7.24445e+17 68870700000.0 3770920000000.0 3922650000000.0 6071970000.0 715980000000.0 1011920000000.0 1859090.0 2178030000000.0 3039800000000.0 1058810000000.0 35331800.0 642332000.0 18311600000.0 29929400000.0 509302000000.0 502442.0 26370700.0 -4.42 [-4.42]
120226000000000.0 6.87438e+17 71762100000.0 3810150000000.0 3817200000000.0 6349690000.0 724639000000.0 937651000000.0 2082640.0 2226290000000.0 2710500000000.0 904193000000.0 39185700.0 714434000.0 20141400000.0 31947200000.0 513348000000.0 587639.0 29734400.0 -4.4 [-4.4]
120226000000000.0 6.52358e+17 74675500000.0 3843760000000.0 3708550000000.0 6632940000.0 732311000000.0 867218000000.0 2334160.0 2273190000000.0 2413260000000.0 771118000000.0 43374700.0 793010000.0 22112600000.0 34039000000.0 516385000000.0 686293.0 33470300.0 -4.38 [-4.38]
120226000000000.0 6.19103e+17 77603700000.0 3871550000000.0 3597060000000.0 6921600000.0 738980000000.0 800597000000.0 2617240.0 2318620000000.0 2145430000000.0 656758000000.0 47915800.0 878422000.0 24230600000.0 36200500000.0 518376000000.0 800346.0 37611400.0 -4.36 [-4.36]
120226000000000.0 5.87577e+17 80539200000.0 3893360000000.0 3483110000000.0 7215570000.0 744633000000.0 737749000000.0 2935910.0 2362500000000.0 1904560000000.0 558629000000.0 52824800.0 971024000.0 26500200000.0 38426300000.0 519286000000.0 931988.0 42192500.0 -4.34 [-4.34]
120226000000000.0 5.57704e+17 83470200000.0 3909020000000.0 3367190000000.0 7514390000.0 749254000000.0 678650000000.0 3294450.0 2404700000000.0 1688440000000.0 474594000000.0 58110500.0 1071060000.0 28923900000.0 40709600000.0 519090000000.0 1083570.0 47246500.0 -4.32 [-4.32]
120226000000000.0 5.29352e+17 86399300000.0 3918520000000.0 3249470000000.0 7818890000.0 752858000000.0 623111000000.0 3698670.0 2445210000000.0 1494500000000.0 402613000000.0 63799100.0 1179090000.0 31508800000.0 43044400000.0 517760000000.0 1258190.0 52821400.0 -4.3 [-4.3]
120226000000000.0 5.02481e+17 89306100000.0 3921680000000.0 3130580000000.0 8127940000.0 755424000000.0 571143000000.0 4153550.0 2483870000000.0 1321090000000.0 341146000000.0 69885000.0 1295140000.0 34252700000.0 45420900000.0 515284000000.0 1458620.0 58946600.0 -4.28 [-4.28]
120226000000000.0 4.77008e+17 92178800000.0 3918430000000.0 3010950000000.0 8441130000.0 756952000000.0 522632000000.0 4665330.0 2520570000000.0 1166280000000.0 288721000000.0 76369700.0 1419380000.0 37155300000.0 47829700000.0 511654000000.0 1688270.0 65661400.0 -4.26 [-4.26]
120226000000000.0 4.5284e+17 95024800000.0 3909000000000.0 2890830000000.0 8759690000.0 757474000000.0 477389000000.0 5242070.0 2555340000000.0 1028100000000.0 244021000000.0 83275800.0 1552310000.0 40220200000.0 50259800000.0 506863000000.0 1951370.0 73017600.0 -4.24 [-4.24]
120226000000000.0 4.29919e+17 97824400000.0 3893280000000.0 2770730000000.0 9082570000.0 756984000000.0 435330000000.0 5891240.0 2588010000000.0 905085000000.0 205986000000.0 90587700.0 1693850000.0 43441600000.0 52699300000.0 500919000000.0 2252010.0 81051000.0 -4.22 [-4.22]
120226000000000.0 4.08187e+17 100591000000.0 3871690000000.0 2650970000000.0 9411380000.0 755535000000.0 396295000000.0 6622590.0 2618620000000.0 795680000000.0 173661000000.0 98326300.0 1844410000.0 46819700000.0 55131600000.0 493841000000.0 2595240.0 89812100.0 -4.2 [-4.2]
120226000000000.0 3.8757e+17 103283000000.0 3843900000000.0 2532090000000.0 9743420000.0 753086000000.0 360179000000.0 7445010.0 2646930000000.0 698599000000.0 146228000000.0 106440000.0 2003460000.0 50340600000.0 57547100000.0 485643000000.0 2985990.0 99332800.0 -4.18 [-4.18]
120226000000000.0 3.68019e+17 105904000000.0 3810260000000.0 2414470000000.0 10079300000.0 749682000000.0 326837000000.0 8369750.0 2672930000000.0 612589000000.0 122983000000.0 114922000.0 2170980000.0 53996300000.0 59928700000.0 476363000000.0 3430080.0 109655000.0 -4.16 [-4.16]
120226000000000.0 3.49462e+17 108455000000.0 3771030000000.0 2298300000000.0 10419800000.0 745353000000.0 296083000000.0 9410350.0 2696590000000.0 536417000000.0 103293000000.0 123768000.0 2347090000.0 57779700000.0 62259700000.0 466029000000.0 3934570.0 120833000.0 -4.14 [-4.14]
120226000000000.0 3.31855e+17 110919000000.0 3726390000000.0 2184040000000.0 10764100000.0 740116000000.0 267799000000.0 10580000.0 2717800000000.0 469105000000.0 86646700000.0 132933000.0 2531230000.0 61673100000.0 64523700000.0 454696000000.0 4506260.0 132900000.0 -4.12 [-4.12]
120226000000000.0 3.15131e+17 113300000000.0 3676600000000.0 2071830000000.0 11112800000.0 734000000000.0 241804000000.0 11895700.0 2736510000000.0 409635000000.0 72575700000.0 142403000.0 2723360000.0 65664300000.0 66702400000.0 442403000000.0 5153960.0 145911000.0 -4.1 [-4.1]
120226000000000.0 2.99271e+17 115581000000.0 3622000000000.0 1962190000000.0 11464900000.0 727044000000.0 218006000000.0 13372900.0 2752650000000.0 357263000000.0 60717200000.0 152116000.0 2922480000.0 69728100000.0 68777800000.0 429238000000.0 5885220.0 159881000.0 -4.08 [-4.08]
120226000000000.0 2.84218e+17 117763000000.0 3562910000000.0 1855280000000.0 11820900000.0 719281000000.0 196244000000.0 15031400.0 2766160000000.0 311169000000.0 50728300000.0 162039000.0 3128170000.0 73845200000.0 70731600000.0 415265000000.0 6710140.0 174855000.0 -4.06 [-4.06]
120226000000000.0 2.69929e+17 119839000000.0 3499650000000.0 1751330000000.0 12180600000.0 710741000000.0 176379000000.0 16892800.0 2776990000000.0 270653000000.0 42324600000.0 172120000.0 3339660000.0 77990800000.0 72545800000.0 400562000000.0 7639280.0 190864000.0 -4.04 [-4.04]
120226000000000.0 2.56363e+17 121806000000.0 3432560000000.0 1650530000000.0 12544000000.0 701464000000.0 158280000000.0 18980600.0 2785070000000.0 235091000000.0 35263800000.0 182306000.0 3556070000.0 82137900000.0 74202800000.0 385217000000.0 8684180.0 207936000.0 -4.02 [-4.02]
120226000000000.0 2.43484e+17 123659000000.0 3362020000000.0 1553050000000.0 12911000000.0 691488000000.0 141821000000.0 21321000.0 2790350000000.0 203918000000.0 29339000000.0 192541000.0 3776430000.0 86257400000.0 75685600000.0 369322000000.0 9857450.0 226094000.0 -4.0 [-4.0]
120226000000000.0 2.31255e+17 125399000000.0 3288390000000.0 1459030000000.0 13281800000.0 680854000000.0 126881000000.0 23943100.0 2792800000000.0 176631000000.0 24374100000.0 202766000.0 3999660000.0 90318900000.0 76978400000.0 352978000000.0 11172900.0 245357000.0 -3.98 [-3.98]
120226000000000.0 2.19642e+17 127022000000.0 3212050000000.0 1368580000000.0 13656300000.0 669604000000.0 113343000000.0 26878700.0 2792360000000.0 152778000000.0 20219400000.0 212922000.0 4224610000.0 94290600000.0 78066600000.0 336285000000.0 12645500.0 265737000.0 -3.96 [-3.96]
120226000000000.0 2.08615e+17 128528000000.0 3133380000000.0 1281780000000.0 14034600000.0 657781000000.0 101098000000.0 30163100.0 2789000000000.0 131956000000.0 16747400000.0 222949000.0 4450060000.0 98139800000.0 78937600000.0 319351000000.0 14291500.0 287242000.0 -3.94 [-3.94]
120226000000000.0 1.98143e+17 129918000000.0 3052740000000.0 1198680000000.0 14417000000.0 645428000000.0 90042100000.0 33834900.0 2782690000000.0 113805000000.0 13850200000.0 232788000.0 4674760000.0 101834000000.0 79580600000.0 302281000000.0 16128800.0 309872000.0 -3.92 [-3.92]
120226000000000.0 1.88198e+17 131192000000.0 2970500000000.0 1119320000000.0 14803500000.0 632590000000.0 80076700000.0 37936700.0 2773410000000.0 98004300000.0 11436000000.0 242383000.0 4897420000.0 105341000000.0 79987500000.0 285184000000.0 18176400.0 333620000.0 -3.9 [-3.9]
120226000000000.0 1.78752e+17 132351000000.0 2887000000000.0 1043690000000.0 15194300000.0 619310000000.0 71109700000.0 42515100.0 2761120000000.0 84269400000.0 9427290000.0 251676000.0 5116720000.0 108629000000.0 80152900000.0 268161000000.0 20455300.0 358470000.0 -3.88 [-3.88]
