Cloudy_runs/pg1222/z=0.054479/logZ=-1/component_I_PI_nH/component_I_PI_nH_col_density_param.txt
# %ECSV 1.0
# ---
# datatype:
# - {name: H, datatype: float64}
# - {name: H+, datatype: float64}
# - {name: C+, datatype: float64}
# - {name: C+2, datatype: float64}
# - {name: C+3, datatype: float64}
# - {name: N+, datatype: float64}
# - {name: N+2, datatype: float64}
# - {name: N+4, datatype: float64}
# - {name: O, datatype: float64}
# - {name: O+2, datatype: float64}
# - {name: O+5, datatype: float64}
# - {name: O+6, datatype: float64}
# - {name: P+, datatype: float64}
# - {name: Si+, datatype: float64}
# - {name: Si+2, datatype: float64}
# - {name: Si+3, datatype: float64}
# - {name: Si+4, datatype: float64}
# - {name: Fe+, datatype: float64}
# - {name: Al+, datatype: float64}
# - {name: log_nH, datatype: float64}
# - {name: parameters, datatype: string, subtype: 'float64[1]'}
# schema: astropy-2.0
H H+ C+ C+2 C+3 N+ N+2 N+4 O O+2 O+5 O+6 P+ Si+ Si+2 Si+3 Si+4 Fe+ Al+ log_nH parameters
[from data line 58]
120226000000000.0 1.61262e+17 134335000000.0 2717570000000.0 903541000000.0 15989800000.0 591608000000.0 55832300000.0 53309900.0 2727520000000.0 62015100000.0 6374470000.0 269170000.0 5540450000.0 114438000000.0 79749100000.0 234747000000.0 25798300.0 411387000.0 -3.84 [-3.84]
120226000000000.0 1.5317e+17 135166000000.0 2632280000000.0 838930000000.0 16395200000.0 577277000000.0 49366200000.0 59642500.0 2706210000000.0 53073300000.0 5228290000.0 277283000.0 5742570000.0 116907000000.0 79183000000.0 218541000000.0 28912600.0 439385000.0 -3.82 [-3.82]
120226000000000.0 1.45485e+17 135894000000.0 2546990000000.0 777873000000.0 16806000000.0 562683000000.0 43587300000.0 66684600.0 2681920000000.0 45346900000.0 4280690000.0 284924000.0 5936800000.0 119059000000.0 78380700000.0 202781000000.0 32358800.0 468351000.0 -3.8 [-3.8]
120226000000000.0 1.38197e+17 136521000000.0 2462120000000.0 720377000000.0 17222400000.0 547899000000.0 38438700000.0 74497400.0 2654740000000.0 38690500000.0 3499610000.0 292053000.0 6121850000.0 120878000000.0 77355700000.0 187562000000.0 36160600.0 498185000.0 -3.78 [-3.78]
120226000000000.0 1.31264e+17 137054000000.0 2377610000000.0 666157000000.0 17645200000.0 532912000000.0 33844700000.0 83177100.0 2624570000000.0 32947600000.0 2855030000.0 298664000.0 6297800000.0 122351000000.0 76110200000.0 172905000000.0 40361500.0 528914000.0 -3.76 [-3.76]
120226000000000.0 1.2468e+17 137495000000.0 2293840000000.0 615205000000.0 18074700000.0 517790000000.0 29759100000.0 92798100.0 2591520000000.0 28008900000.0 2324860000.0 304729000.0 6463630000.0 123470000000.0 74661900000.0 158883000000.0 44990200.0 560424000.0 -3.74 [-3.74]
120226000000000.0 1.18415e+17 137848000000.0 2210840000000.0 567328000000.0 18510600000.0 502543000000.0 26125600000.0 103465000.0 2555550000000.0 23762300000.0 1888960000.0 310236000.0 6619270000.0 124229000000.0 73021300000.0 145520000000.0 50091500.0 592689000.0 -3.72 [-3.72]
120226000000000.0 1.12477e+17 138120000000.0 2129140000000.0 522570000000.0 18952200000.0 487274000000.0 22910100000.0 115246000.0 2516940000000.0 20129100000.0 1532370000.0 315174000.0 6763760000.0 124637000000.0 71215200000.0 132889000000.0 55687500.0 625527000.0 -3.7 [-3.7]
120226000000000.0 1.06836e+17 138311000000.0 2048710000000.0 480722000000.0 19401100000.0 471985000000.0 20063800000.0 128258000.0 2475660000000.0 17020300000.0 1240660000.0 319534000.0 6897260000.0 124694000000.0 69257600000.0 120990000000.0 61827100.0 658892000.0 -3.68 [-3.68]
120226000000000.0 1.0148e+17 138426000000.0 1969720000000.0 441663000000.0 19857700000.0 456714000000.0 17548400000.0 142612000.0 2431820000000.0 14365200000.0 1002530000.0 323322000.0 7019850000.0 124411000000.0 67167900000.0 109834000000.0 68552500.0 692687000.0 -3.66 [-3.66]
120226000000000.0 9.63925e+16 138469000000.0 1892270000000.0 405259000000.0 20322400000.0 441492000000.0 15328700000.0 158426000.0 2385520000000.0 12101400000.0 808474000.0 326538000.0 7131670000.0 123800000000.0 64965800000.0 99423700000.0 75909700.0 726807000.0 -3.64 [-3.64]
120226000000000.0 9.15615e+16 138445000000.0 1816490000000.0 371387000000.0 20795700000.0 426356000000.0 13373000000.0 175824000.0 2336890000000.0 10175100000.0 650684000.0 329195000.0 7233070000.0 122877000000.0 62671100000.0 89753600000.0 83944700.0 761147000.0 -3.62 [-3.62]
120226000000000.0 8.6974e+16 138354000000.0 1742460000000.0 339923000000.0 21277500000.0 411332000000.0 11652800000.0 194936000.0 2286050000000.0 8539000000.0 522638000.0 331295000.0 7324330000.0 121660000000.0 60304800000.0 80810300000.0 92706100.0 795579000.0 -3.6 [-3.6]
120226000000000.0 8.26167e+16 138202000000.0 1670240000000.0 310727000000.0 21768500000.0 396446000000.0 10141200000.0 215908000.0 2233140000000.0 7151780000.0 418918000.0 332859000.0 7406130000.0 120170000000.0 57884000000.0 72571600000.0 102247000.0 830008000.0 -3.58 [-3.58]
120226000000000.0 7.84786e+16 137992000000.0 1599910000000.0 283681000000.0 22268900000.0 381726000000.0 8815290000.0 238884000.0 2178320000000.0 5978000000.0 335089000.0 333899000.0 7479010000.0 118430000000.0 55427900000.0 65013100000.0 112620000.0 864306000.0 -3.56 [-3.56]
120226000000000.0 7.45485e+16 137724000000.0 1531490000000.0 258662000000.0 22778600000.0 367194000000.0 7653710000.0 264022000.0 2121730000000.0 4986730000.0 267473000.0 334432000.0 7543590000.0 116460000000.0 52953500000.0 58104800000.0 123879000.0 898351000.0 -3.54 [-3.54]
120226000000000.0 7.08166e+16 137404000000.0 1465050000000.0 235554000000.0 23298200000.0 352874000000.0 6637640000.0 291481000.0 2063570000000.0 4151400000.0 213058000.0 334479000.0 7600610000.0 114287000000.0 50477000000.0 51814400000.0 136079000.0 932025000.0 -3.52 [-3.52]
120226000000000.0 6.72806e+16 137036000000.0 1400750000000.0 214281000000.0 23827400000.0 338819000000.0 5751630000.0 321384000.0 2004150000000.0 3450070000.0 169432000.0 334067000.0 7650490000.0 111942000000.0 48018800000.0 46115600000.0 149252000.0 965151000.0 -3.5 [-3.5]
120226000000000.0 6.39071e+16 136613000000.0 1338140000000.0 194607000000.0 24366500000.0 324943000000.0 4975610000.0 354046000.0 1943180000000.0 2859220000.0 134339000.0 333192000.0 7694830000.0 109422000000.0 45574400000.0 40942800000.0 163530000.0 997769000.0 -3.48 [-3.48]
120226000000000.0 6.0711e+16 136145000000.0 1277700000000.0 176550000000.0 24915200000.0 311366000000.0 4300870000.0 389510000.0 1881320000000.0 2365400000.0 106337000.0 331900000.0 7733490000.0 106777000000.0 43173200000.0 36287200000.0 178894000.0 1029600000.0 -3.46 [-3.46]
120226000000000.0 5.76759e+16 135632000000.0 1219260000000.0 159964000000.0 25473400000.0 298065000000.0 3713720000.0 428008000.0 1818610000000.0 1952690000.0 83994800.0 330204000.0 7767470000.0 104020000000.0 40819700000.0 32101700000.0 195427000.0 1060580000.0 -3.44 [-3.44]
120226000000000.0 5.47936e+16 135075000000.0 1162810000000.0 144752000000.0 26040700000.0 285054000000.0 3203410000.0 469730000.0 1755220000000.0 1608520000.0 66207800.0 328126000.0 7797470000.0 101172000000.0 38522400000.0 28349100000.0 213184000.0 1090600000.0 -3.42 [-3.42]
120226000000000.0 5.2063e+16 134479000000.0 1108480000000.0 130846000000.0 26617100000.0 272374000000.0 2761280000.0 514799000.0 1691520000000.0 1322640000.0 52102700.0 325701000.0 7823830000.0 98262400000.0 36294300000.0 24999600000.0 232179000.0 1119490000.0 -3.4 [-3.4]
120226000000000.0 4.94638e+16 133838000000.0 1055960000000.0 118100000000.0 27201600000.0 259970000000.0 2377110000.0 563545000.0 1627360000000.0 1084800000.0 40899200.0 322930000.0 7847760000.0 95291600000.0 34130400000.0 22006200000.0 252536000.0 1147280000.0 -3.38 [-3.38]
120226000000000.0 4.69957e+16 133158000000.0 1005380000000.0 106458000000.0 27793600000.0 247883000000.0 2044400000.0 616099000.0 1563090000000.0 887770000.0 32038600.0 319844000.0 7869510000.0 92285400000.0 32041300000.0 19342500000.0 274268000.0 1173790000.0 -3.36 [-3.36]
120226000000000.0 4.46519e+16 132438000000.0 956703000000.0 95840500000.0 28392400000.0 236116000000.0 1756590000.0 672654000.0 1498900000000.0 724914000.0 25046300.0 316463000.0 7889580000.0 89259200000.0 30030700000.0 16977300000.0 297417000.0 1198940000.0 -3.34 [-3.34]
120226000000000.0 4.24263e+16 131679000000.0 909889000000.0 86170300000.0 28996700000.0 224675000000.0 1507870000.0 733402000.0 1434950000000.0 590612000.0 19540400.0 312810000.0 7908430000.0 86227100000.0 28101400000.0 14881400000.0 322022000.0 1222660000.0 -3.32 [-3.32]
120226000000000.0 4.03128e+16 130882000000.0 864904000000.0 77375600000.0 29605300000.0 213562000000.0 1293180000.0 798527000.0 1371420000000.0 480107000.0 15214200.0 308904000.0 7926440000.0 83201600000.0 26255100000.0 13027800000.0 348116000.0 1244840000.0 -3.3 [-3.3]
120226000000000.0 3.83008e+16 130043000000.0 821598000000.0 69371900000.0 30216500000.0 202752000000.0 1107680000.0 868315000.0 1308310000000.0 389235000.0 11816400.0 304750000.0 7944240000.0 80184900000.0 24488600000.0 11388600000.0 375777000.0 1265470000.0 -3.28 [-3.28]
120226000000000.0 3.63952e+16 129171000000.0 780155000000.0 62130300000.0 30829200000.0 192301000000.0 948229000.0 942716000.0 1246100000000.0 314970000.0 9164000.0 300397000.0 7961520000.0 77205300000.0 22811000000.0 9946770000.0 404916000.0 1284420000.0 -3.26 [-3.26]
120226000000000.0 3.45856e+16 128261000000.0 740417000000.0 55572500000.0 31441100000.0 182181000000.0 810999000.0 1021990000.0 1184780000000.0 254290000.0 7093260.0 295850000.0 7978800000.0 74261900000.0 21217300000.0 8678160000.0 435592000.0 1301660000.0 -3.24 [-3.24]
120226000000000.0 3.28716e+16 127318000000.0 702439000000.0 49655200000.0 32050700000.0 172417000000.0 693231000.0 1106120000.0 1124620000000.0 204912000.0 5482780.0 291140000.0 7995960000.0 71371000000.0 19710400000.0 7565590000.0 467739000.0 1317140000.0 -3.22 [-3.22]
120226000000000.0 3.12354e+16 126331000000.0 665881000000.0 44288500000.0 32654200000.0 162934000000.0 591642000.0 1195630000.0 1065330000000.0 164599000.0 4225770.0 286242000.0 8013960000.0 68513000000.0 18277900000.0 6585800000.0 501538000.0 1330880000.0 -3.2 [-3.2]
120226000000000.0 2.96897e+16 125316000000.0 631080000000.0 39471000000.0 33250900000.0 153826000000.0 504812000.0 1290060000.0 1007590000000.0 132020000.0 3254300.0 281232000.0 8031730000.0 65727200000.0 16932300000.0 5730590000.0 536701000.0 1342770000.0 -3.18 [-3.18]
120226000000000.0 2.82179e+16 124260000000.0 597709000000.0 35123700000.0 33836300000.0 145020000000.0 430188000.0 1389880000.0 951096000000.0 105594000.0 2500390.0 276082000.0 8050140000.0 62992800000.0 15661200000.0 4980710000.0 573395000.0 1352860000.0 -3.16 [-3.16]
120226000000000.0 2.68203e+16 123169000000.0 565817000000.0 31215400000.0 34408100000.0 136537000000.0 366256000.0 1494970000.0 896086000000.0 84258600.0 1917790.0 270821000.0 8068860000.0 60322100000.0 14465900000.0 4325310000.0 611503000.0 1361110000.0 -3.14 [-3.14]
120226000000000.0 2.54933e+16 122043000000.0 535359000000.0 27707300000.0 34962800000.0 128376000000.0 311535000.0 1605310000.0 842660000000.0 67075200.0 1468460.0 265468000.0 8087780000.0 57718200000.0 13343800000.0 3753150000.0 650961000.0 1367530000.0 -3.12 [-3.12]
120226000000000.0 2.42328e+16 120882000000.0 506281000000.0 24562300000.0 35496900000.0 120531000000.0 264730000.0 1720860000.0 790885000000.0 53267200.0 1122520.0 260032000.0 8106870000.0 55182400000.0 12292100000.0 3254090000.0 691706000.0 1372120000.0 -3.1 [-3.1]
120226000000000.0 2.30355e+16 119684000000.0 478534000000.0 21746600000.0 36006600000.0 112998000000.0 224727000.0 1841530000.0 740828000000.0 42198100.0 856645.0 254527000.0 8126000000.0 52716000000.0 11308100000.0 2819200000.0 733663000.0 1374890000.0 -3.08 [-3.08]
120226000000000.0 2.18986e+16 118453000000.0 452087000000.0 19230400000.0 36488400000.0 105777000000.0 190580000.0 1967160000.0 692574000000.0 33349800.0 652758.0 248970000.0 8144880000.0 50321800000.0 10389100000.0 2440720000.0 776713000.0 1375880000.0 -3.06 [-3.06]
120226000000000.0 2.0819e+16 117189000000.0 426888000000.0 16984600000.0 36938300000.0 98862800000.0 161454000.0 2097540000.0 646165000000.0 26293300.0 496657.0 243373000.0 8163340000.0 47999900000.0 9532320000.0 2111570000.0 820759000.0 1375110000.0 -3.04 [-3.04]
120226000000000.0 1.97937e+16 115890000000.0 402890000000.0 14982900000.0 37352200000.0 92251200000.0 136631000.0 2232460000.0 601640000000.0 20679400.0 377336.0 237747000.0 8181160000.0 45750400000.0 8734620000.0 1825560000.0 865691000.0 1372620000.0 -3.02 [-3.02]
120226000000000.0 1.88173e+16 114554000000.0 379990000000.0 13197700000.0 37724800000.0 85923800000.0 115455000.0 2371820000.0 558937000000.0 16217200.0 286133.0 232086000.0 8198310000.0 43567200000.0 7991420000.0 1576790000.0 911477000.0 1368410000.0 -3.0 [-3.0]
120226000000000.0 1.78948e+16 113195000000.0 358324000000.0 11617700000.0 38056400000.0 79919900000.0 97515000.0 2514660000.0 518365000000.0 12698400.0 216917.0 226449000.0 8213840000.0 41468500000.0 7305100000.0 1361800000.0 957715000.0 1362630000.0 -2.98 [-2.98]
120226000000000.0 1.70163e+16 111799000000.0 337672000000.0 10212300000.0 38339200000.0 74192400000.0 82237000.0 2661210000.0 479655000000.0 9914620.0 164154.0 220800000.0 8228070000.0 39435700000.0 6667570000.0 1175060000.0 1004530000.0 1355240000.0 -2.96 [-2.96]
120226000000000.0 1.61819e+16 110373000000.0 318050000000.0 8966580000.0 38570800000.0 68750800000.0 69267200.0 2810830000.0 442902000000.0 7722400.0 0.0 215163000.0 8240540000.0 37474000000.0 6077800000.0 1013280000.0 1051720000.0 1346330000.0 -2.94 [-2.94]
120226000000000.0 1.53893e+16 108917000000.0 299418000000.0 7863900000.0 38748000000.0 63590400000.0 58268900.0 2963050000.0 408103000000.0 6000440.0 0.0 209548000.0 8250930000.0 35582500000.0 5533040000.0 873241000.0 1099120000.0 1335960000.0 -2.92 [-2.92]
120226000000000.0 1.46363e+16 107432000000.0 281735000000.0 6889140000.0 38867800000.0 58706100000.0 48952600.0 3117360000.0 375243000000.0 4651330.0 0.0 203962000.0 8258910000.0 33760400000.0 5030630000.0 752097000.0 1146600000.0 1324200000.0 -2.9 [-2.9]
120226000000000.0 1.39192e+16 105915000000.0 264919000000.0 6026860000.0 38925500000.0 54082700000.0 41056400.0 3273440000.0 344234000000.0 3595360.0 0.0 198399000.0 8264310000.0 32001600000.0 4566920000.0 647181000.0 1194130000.0 1311060000.0 -2.88 [-2.88]
120226000000000.0 1.32417e+16 104379000000.0 249066000000.0 5269890000.0 38925400000.0 49744700000.0 34410500.0 3430060000.0 315244000000.0 2775270.0 0.0 192912000.0 8266380000.0 30319900000.0 4142670000.0 556896000.0 1241270000.0 1296770000.0 -2.86 [-2.86]
120226000000000.0 1.25962e+16 102813000000.0 234003000000.0 4601760000.0 38859700000.0 45655600000.0 28789400.0 3587320000.0 288034000000.0 2136290.0 0.0 187461000.0 8265240000.0 28699000000.0 3752180000.0 478779000.0 1288190000.0 1281250000.0 -2.84 [-2.84]
120226000000000.0 1.19813e+16 101219000000.0 219704000000.0 4013000000.0 38726900000.0 41811100000.0 24043600.0 3744640000.0 262575000000.0 1639960.0 0.0 182055000.0 8260520000.0 27138500000.0 3393430000.0 411257000.0 1334740000.0 1264570000.0 -2.82 [-2.82]
120226000000000.0 1.13987e+16 99606000000.0 206209000000.0 3497040000.0 38531500000.0 38221000000.0 20058000.0 3900980000.0 238921000000.0 1256770.0 0.0 176728000.0 8251740000.0 25645900000.0 3065930000.0 353156000.0 1380640000.0 1246920000.0 -2.8 [-2.8]
120226000000000.0 1.08467e+16 97976400000.0 193482000000.0 3045320000.0 38274200000.0 34876300000.0 16714400.0 4055770000.0 217005000000.0 961532.0 0.0 171487000.0 8238660000.0 24219400000.0 2767360000.0 303182000.0 1425760000.0 1228380000.0 -2.78 [-2.78]
120226000000000.0 1.03192e+16 96317200000.0 181384000000.0 2647730000.0 37947700000.0 31747500000.0 13897400.0 4209150000.0 196624000000.0 733388.0 0.0 166292000.0 8221210000.0 22845200000.0 2493570000.0 259967000.0 1470280000.0 1208860000.0 -2.76 [-2.76]
120226000000000.0 9819470000000000.0 94644400000.0 169989000000.0 2300560000.0 37561600000.0 28847900000.0 11542100.0 4359910000.0 177848000000.0 558526.0 0.0 161192000.0 8198960000.0 21534400000.0 2244770000.0 222853000.0 1513830000.0 1188600000.0 -2.74 [-2.74]
120226000000000.0 9345920000000000.0 92960000000.0 159261000000.0 1997700000.0 37118600000.0 26167500000.0 9575380.0 4507560000.0 160597000000.0 424751.0 0.0 156191000.0 8171750000.0 20285200000.0 2018970000.0 190990000.0 1556310000.0 1167700000.0 -2.72 [-2.72]
120226000000000.0 8894570000000000.0 91255700000.0 149108000000.0 1732590000.0 36615100000.0 23684800000.0 7929030.0 4652090000.0 144718000000.0 322252.0 0.0 151264000.0 8139420000.0 19088400000.0 1813320000.0 163538000.0 1597830000.0 1146090000.0 -2.7 [-2.7]
120226000000000.0 8465630000000000.0 89538100000.0 139533000000.0 1501330000.0 36057300000.0 21396800000.0 6556100.0 4792870000.0 130175000000.0 244053.0 0.0 146429000.0 8101790000.0 17946400000.0 1626770000.0 139952000.0 1638230000.0 1123930000.0 -2.68 [-2.68]
