Cloudy_runs/p1103/z=0.003934/logZ=-1/component_II_PI_nH/component_II_PI_nH_col_density_param.txt
# %ECSV 1.0
# ---
# datatype:
# - {name: H, datatype: float64}
# - {name: H+, datatype: float64}
# - {name: C+, datatype: float64}
# - {name: C+2, datatype: float64}
# - {name: C+3, datatype: float64}
# - {name: N+, datatype: float64}
# - {name: N+2, datatype: float64}
# - {name: N+4, datatype: float64}
# - {name: O, datatype: float64}
# - {name: O+2, datatype: float64}
# - {name: O+5, datatype: float64}
# - {name: O+6, datatype: float64}
# - {name: P+, datatype: float64}
# - {name: Si+, datatype: float64}
# - {name: Si+2, datatype: float64}
# - {name: Si+3, datatype: float64}
# - {name: Si+4, datatype: float64}
# - {name: Fe+, datatype: float64}
# - {name: Al+, datatype: float64}
# - {name: log_nH, datatype: float64}
# - {name: parameters, datatype: string, subtype: 'float64[1]'}
# schema: astropy-2.0
H H+ C+ C+2 C+3 N+ N+2 N+4 O O+2 O+5 O+6 P+ Si+ Si+2 Si+3 Si+4 Fe+ Al+ log_nH parameters
1.94984e+16 4.43721e+20 3086830000000.0 369237000000000.0 961213000000000.0 213044000000.0 59467100000000.0 601312000000000.0 20761200.0 194710000000000.0 4859030000000000.0 4718160000000000.0 235119000.0 4428360000.0 183500000000.0 684871000000.0 42559600000000.0 1395620.0 166105000.0 -5.0 [-5.0]
1.94983e+16 4.20463e+20 3309020000000.0 384876000000000.0 964489000000000.0 230170000000.0 62499000000000.0 583117000000000.0 23178600.0 205038000000000.0 4519480000000000.0 4195900000000000.0 272549000.0 5157840000.0 209837000000.0 758360000000.0 44651300000000.0 1683200.0 195079000.0 -4.98 [-4.98]
1.94984e+16 3.98461e+20 3542960000000.0 400659000000000.0 966571000000000.0 248339000000.0 65585700000000.0 564413000000000.0 25871600.0 215598000000000.0 4195020000000000.0 3724730000000000.0 315392000.0 5996040000.0 239582000000.0 838515000000.0 46776100000000.0 2027840.0 228652000.0 -4.96 [-4.96]
1.94983e+16 3.77627e+20 3788670000000.0 416525000000000.0 967403000000000.0 267562000000.0 68715000000000.0 545255000000000.0 28869100.0 226353000000000.0 3885950000000000.0 3300500000000000.0 364323000.0 6956820000.0 273105000000.0 925759000000.0 48926900000000.0 2440210.0 267470000.0 -4.94 [-4.94]
1.94983e+16 3.57907e+20 4046480000000.0 432445000000000.0 967003000000000.0 287873000000.0 71879700000000.0 525737000000000.0 32208200.0 237292000000000.0 3592280000000000.0 2919490000000000.0 420115000.0 8056080000.0 310830000000.0 1020580000000.0 51099000000000.0 2933190.0 312280000.0 -4.92 [-4.92]
1.94983e+16 3.39239e+20 4316570000000.0 448378000000000.0 965362000000000.0 309287000000.0 75070600000000.0 505935000000000.0 35926700.0 248392000000000.0 3314190000000000.0 2578020000000000.0 483613000.0 9311030000.0 353206000000.0 1123450000000.0 53285700000000.0 3521510.0 363904000.0 -4.9 [-4.9]
1.94983e+16 3.2156e+20 4598880000000.0 464266000000000.0 962467000000000.0 331813000000.0 78275200000000.0 485930000000000.0 40068600.0 259623000000000.0 3051530000000000.0 2272500000000000.0 555721000.0 10740600000.0 400722000000.0 1234870000000.0 55479800000000.0 4222720.0 423261000.0 -4.88 [-4.88]
1.94983e+16 3.04822e+20 4893640000000.0 480074000000000.0 958333000000000.0 355475000000.0 81485100000000.0 465806000000000.0 44684400.0 270971000000000.0 2804140000000000.0 1999830000000000.0 637472000.0 12365800000.0 453910000000.0 1355340000000.0 57674800000000.0 5057110.0 491367000.0 -4.86 [-4.86]
1.94983e+16 2.88969e+20 5200800000000.0 495739000000000.0 952951000000000.0 380272000000.0 84686400000000.0 445631000000000.0 49830400.0 282405000000000.0 2571750000000000.0 1756850000000000.0 729977000.0 14209500000.0 513338000000.0 1485340000000.0 59862100000000.0 6048840.0 569392000.0 -4.84 [-4.84]
1.94983e+16 2.73954e+20 5520150000000.0 511210000000000.0 946341000000000.0 406199000000.0 87867400000000.0 425488000000000.0 55567000.0 293901000000000.0 2354060000000000.0 1540780000000000.0 834426000.0 16296300000.0 579621000000.0 1625410000000.0 62034500000000.0 7225870.0 658635000.0 -4.82 [-4.82]
1.94983e+16 2.59733e+20 5851880000000.0 526436000000000.0 938509000000000.0 433279000000.0 91017400000000.0 405449000000000.0 61970400.0 305439000000000.0 2150630000000000.0 1348980000000000.0 952190000.0 18653900000.0 653423000000.0 1776030000000.0 64183200000000.0 8621010.0 760518000.0 -4.8 [-4.8]
1.94983e+16 2.46265e+20 6195990000000.0 541372000000000.0 929479000000000.0 461515000000.0 94126900000000.0 385591000000000.0 69119100.0 316995000000000.0 1961010000000000.0 1179110000000000.0 1084780000.0 21311900000.0 735446000000.0 1937670000000.0 66299600000000.0 10271700.0 876627000.0 -4.78 [-4.78]
1.94983e+16 2.33504e+20 6551620000000.0 555932000000000.0 919260000000000.0 490871000000.0 97178700000000.0 365978000000000.0 77101100.0 328533000000000.0 1784690000000000.0 1028890000000000.0 1233570000.0 24300600000.0 826413000000.0 2110840000000.0 68373500000000.0 12222800.0 1008730000.0 -4.76 [-4.76]
1.94983e+16 2.21416e+20 6918970000000.0 570075000000000.0 907887000000000.0 521363000000.0 100164000000000.0 346674000000000.0 86023100.0 340036000000000.0 1621130000000000.0 896298000000000.0 1400380000.0 27655200000.0 927131000000.0 2295980000000.0 70396300000000.0 14525300.0 1158780000.0 -4.74 [-4.74]
1.94983e+16 2.09963e+20 7297530000000.0 583741000000000.0 895393000000000.0 552972000000.0 103070000000000.0 327741000000000.0 95997300.0 351469000000000.0 1469820000000000.0 779507000000000.0 1586990000.0 31412000000.0 1038430000000.0 2493530000000.0 72358300000000.0 17238100.0 1328900000.0 -4.72 [-4.72]
1.94983e+16 1.99115e+20 7687150000000.0 596873000000000.0 881802000000000.0 585710000000.0 105887000000000.0 309233000000000.0 107157000.0 362803000000000.0 1330300000000000.0 676841000000000.0 1795410000.0 35610100000.0 1161160000000.0 2703800000000.0 74248700000000.0 20429700.0 1521410000.0 -4.7 [-4.7]
1.94983e+16 1.88854e+20 8089710000000.0 609487000000000.0 867170000000000.0 619726000000.0 108617000000000.0 291202000000000.0 119676000.0 374036000000000.0 1201970000000000.0 586845000000000.0 2028520000.0 40297000000.0 1296310000000.0 2926800000000.0 76057300000000.0 24178100.0 1738800000.0 -4.68 [-4.68]
1.94983e+16 1.79107e+20 8498530000000.0 621340000000000.0 851523000000000.0 654574000000.0 111216000000000.0 273684000000000.0 133651000.0 385069000000000.0 1084160000000000.0 507889000000000.0 2286500000.0 45503000000.0 1444720000000.0 3163850000000.0 77777700000000.0 28576300.0 1984150000.0 -4.66 [-4.66]
1.94983e+16 1.69882e+20 8918180000000.0 632535000000000.0 834923000000000.0 690591000000.0 113703000000000.0 256724000000000.0 149322000.0 395938000000000.0 976278000000000.0 438883000000000.0 2573490000.0 51286400000.0 1607440000000.0 3414320000000.0 79396700000000.0 33724300.0 2260250000.0 -4.64 [-4.64]
1.94983e+16 1.61132e+20 9345050000000.0 642928000000000.0 817410000000000.0 727557000000.0 116051000000000.0 240347000000000.0 166872000.0 406579000000000.0 877672000000000.0 378627000000000.0 2890910000.0 57688600000.0 1785420000000.0 3678870000000.0 80905800000000.0 39743500.0 2570560000.0 -4.62 [-4.62]
1.94983e+16 1.52851e+20 9781670000000.0 652570000000000.0 799068000000000.0 765677000000.0 118269000000000.0 224588000000000.0 186573000.0 417006000000000.0 787773000000000.0 326153000000000.0 3242510000.0 64769900000.0 1979800000000.0 3957130000000.0 82295300000000.0 46768100.0 2918560000.0 -4.6 [-4.6]
1.94983e+16 1.45005e+20 10225700000000.0 661362000000000.0 779944000000000.0 804823000000.0 120339000000000.0 209465000000000.0 208675000.0 427174000000000.0 705962000000000.0 280517000000000.0 3630500000.0 72579700000.0 2191570000000.0 4249310000000.0 83556000000000.0 54952900.0 3308180000.0 -4.58 [-4.58]
1.94983e+16 1.3757e+20 10676400000000.0 669268000000000.0 760109000000000.0 844989000000.0 122257000000000.0 194994000000000.0 233485000.0 437059000000000.0 631663000000000.0 240879000000000.0 4057810000.0 81174400000.0 2421820000000.0 4555350000000.0 84679300000000.0 64475400.0 3743630000.0 -4.56 [-4.56]
1.94983e+16 1.30523e+20 11132400000000.0 676231000000000.0 739621000000000.0 886107000000.0 124013000000000.0 181185000000000.0 261330000.0 446634000000000.0 564316000000000.0 206521000000000.0 4527060000.0 90608300000.0 2671530000000.0 4875100000000.0 85656200000000.0 75533400.0 4229360000.0 -4.54 [-4.54]
1.94983e+16 1.23867e+20 11600500000000.0 682385000000000.0 718552000000000.0 928762000000.0 125627000000000.0 168050000000000.0 292711000.0 455925000000000.0 503420000000000.0 176849000000000.0 5046010000.0 100975000000.0 2942150000000.0 5206770000000.0 86478400000000.0 88349500.0 4769830000.0 -4.52 [-4.52]
1.94983e+16 1.17515e+20 12057600000000.0 687199000000000.0 696944000000000.0 971272000000.0 127022000000000.0 155571000000000.0 327734000.0 464754000000000.0 448362000000000.0 151114000000000.0 5605090000.0 112233000000.0 3233440000000.0 5553820000000.0 87136400000000.0 103185000.0 5370800000.0 -4.5 [-4.5]
1.94983e+16 1.11517e+20 12524800000000.0 691158000000000.0 674924000000000.0 1015270000000.0 128270000000000.0 143767000000000.0 367195000.0 473268000000000.0 398777000000000.0 128974000000000.0 6219380000.0 124541000000.0 3547600000000.0 5911870000000.0 87627600000000.0 120322000.0 6037070000.0 -4.48 [-4.48]
1.94983e+16 1.05832e+20 12993800000000.0 694079000000000.0 652553000000000.0 1060210000000.0 129340000000000.0 132623000000000.0 411537000.0 481388000000000.0 354165000000000.0 109913000000000.0 6887940000.0 137925000000.0 3885120000000.0 6281410000000.0 87944400000000.0 140089000.0 6774580000.0 -4.46 [-4.46]
1.94983e+16 1.00443e+20 13463200000000.0 695941000000000.0 629911000000000.0 1106030000000.0 130231000000000.0 122128000000000.0 461357000.0 489095000000000.0 314098000000000.0 93530000000000.0 7613270000.0 152441000000.0 4246740000000.0 6661630000000.0 88081700000000.0 162849000.0 7589310000.0 -4.44 [-4.44]
1.94983e+16 9.53351e+19 13931900000000.0 696735000000000.0 607069000000000.0 1152720000000.0 130940000000000.0 112268000000000.0 517326000.0 496369000000000.0 278175000000000.0 79475900000000.0 8398140000.0 168143000000.0 4633120000000.0 7051350000000.0 88034800000000.0 189005000.0 8487470000.0 -4.42 [-4.42]
1.94983e+16 9.05011e+19 14403400000000.0 696549000000000.0 584116000000000.0 1200620000000.0 131480000000000.0 103031000000000.0 580274000.0 503224000000000.0 246035000000000.0 67451700000000.0 9248680000.0 185118000000.0 5045260000000.0 7448540000000.0 87803000000000.0 219010000.0 9475610000.0 -4.4 [-4.4]
1.94983e+16 8.59013e+19 14862500000000.0 695127000000000.0 561109000000000.0 1248640000000.0 131816000000000.0 94388500000000.0 650826000.0 509559000000000.0 217289000000000.0 57148500000000.0 10155700000.0 203311000000.0 5482130000000.0 7854240000000.0 87376700000000.0 253374000.0 10560400000.0 -4.38 [-4.38]
1.94983e+16 8.1549e+19 15322900000000.0 692765000000000.0 538153000000000.0 1297870000000.0 131986000000000.0 86330000000000.0 730141000.0 515447000000000.0 191656000000000.0 48362100000000.0 11132500000.0 222870000000.0 5945340000000.0 8264200000000.0 86762100000000.0 292652000.0 11749000000.0 -4.36 [-4.36]
1.94983e+16 7.74271e+19 15781900000000.0 689424000000000.0 515301000000000.0 1348220000000.0 131986000000000.0 78831500000000.0 819290000.0 520861000000000.0 168830000000000.0 40876500000000.0 12180100000.0 243827000000.0 6434830000000.0 8676780000000.0 85958400000000.0 337482000.0 13048400000.0 -4.34 [-4.34]
1.94983e+16 7.35044e+19 16224500000000.0 684897000000000.0 492611000000000.0 1398630000000.0 131789000000000.0 71863100000000.0 919226000.0 525720000000000.0 148509000000000.0 34490600000000.0 13285800000.0 266085000000.0 6948480000000.0 9092580000000.0 84958700000000.0 388558000.0 14465600000.0 -4.32 [-4.32]
1.94983e+16 6.97901e+19 16663900000000.0 679460000000000.0 470167000000000.0 1450150000000.0 131429000000000.0 65407400000000.0 1031460000.0 530084000000000.0 130470000000000.0 29069700000000.0 14463300000.0 289789000000.0 7487500000000.0 9506660000000.0 83773600000000.0 446637000.0 16008200000.0 -4.3 [-4.3]
1.94983e+16 6.62663e+19 17094100000000.0 673062000000000.0 448028000000000.0 1502400000000.0 130901000000000.0 59437200000000.0 1157390000.0 533920000000000.0 114473000000000.0 24470100000000.0 15707000000.0 314899000000.0 8050320000000.0 9917650000000.0 82404000000000.0 512569000.0 17683400000.0 -4.28 [-4.28]
1.94983e+16 6.29285e+19 17519100000000.0 665823000000000.0 426260000000000.0 1555740000000.0 130216000000000.0 53929100000000.0 1298700000.0 537239000000000.0 100314000000000.0 20576000000000.0 17021200000.0 341466000000.0 8636500000000.0 10321900000000.0 80858100000000.0 587281000.0 19498700000.0 -4.26 [-4.26]
1.94983e+16 5.97508e+19 17923000000000.0 657547000000000.0 404897000000000.0 1609050000000.0 129352000000000.0 48852200000000.0 1457020000.0 539967000000000.0 87780400000000.0 17273700000000.0 18386200000.0 369292000000.0 9241740000000.0 10719700000000.0 79131700000000.0 671827000.0 21460100000.0 -4.24 [-4.24]
1.94983e+16 5.67405e+19 18319500000000.0 648511000000000.0 384006000000000.0 1663430000000.0 128343000000000.0 44187000000000.0 1634530000.0 542164000000000.0 76719400000000.0 14485500000000.0 19815900000.0 398515000000.0 9866590000000.0 11105300000000.0 77243100000000.0 767305000.0 23575600000.0 -4.22 [-4.22]
1.94983e+16 5.38834e+19 18702700000000.0 638693000000000.0 363629000000000.0 1718480000000.0 127183000000000.0 39906600000000.0 1833410000.0 543803000000000.0 66965500000000.0 12131600000000.0 21299900000.0 429019000000.0 10507600000000.0 11476800000000.0 75197500000000.0 874970000.0 25851400000.0 -4.2 [-4.2]
1.94983e+16 5.11715e+19 19071700000000.0 628136000000000.0 343801000000000.0 1774190000000.0 125879000000000.0 35986500000000.0 2056090000.0 544875000000000.0 58376100000000.0 10147000000000.0 22833300000.0 460731000000.0 11162000000000.0 11831200000000.0 73005200000000.0 996157000.0 28293400000.0 -4.18 [-4.18]
1.94983e+16 4.85971e+19 19426400000000.0 616904000000000.0 324561000000000.0 1830630000000.0 124438000000000.0 32403200000000.0 2305420000.0 545380000000000.0 50822400000000.0 8475790000000.0 24410700000.0 493566000000.0 11826300000000.0 12165400000000.0 70678100000000.0 1132390000.0 30907500000.0 -4.16 [-4.16]
1.94983e+16 4.61496e+19 19760500000000.0 604989000000000.0 305933000000000.0 1887320000000.0 122858000000000.0 29132600000000.0 2584290000.0 545294000000000.0 44185000000000.0 7069110000000.0 26016700000.0 527327000000.0 12495500000000.0 12477400000000.0 68225300000000.0 1285270000.0 33697700000.0 -4.14 [-4.14]
1.94983e+16 4.38292e+19 20082800000000.0 592573000000000.0 287948000000000.0 1945000000000.0 121162000000000.0 26154700000000.0 2896100000.0 544657000000000.0 38366800000000.0 5888800000000.0 27657700000.0 562043000000.0 13168000000000.0 12762300000000.0 65668000000000.0 1456520000.0 36670200000.0 -4.12 [-4.12]
1.94983e+16 4.16293e+19 20393300000000.0 579712000000000.0 270623000000000.0 2003690000000.0 119356000000000.0 23448200000000.0 3244520000.0 543468000000000.0 33273400000000.0 4899640000000.0 29326900000.0 597590000000.0 13839600000000.0 13017200000000.0 63021400000000.0 1648030000.0 39829200000.0 -4.1 [-4.1]
1.94983e+16 3.95346e+19 20678400000000.0 566305000000000.0 253969000000000.0 2062410000000.0 117428000000000.0 20989900000000.0 3633710000.0 541672000000000.0 28813200000000.0 4069550000000.0 30993300000.0 633549000000.0 14501400000000.0 13242300000000.0 60290900000000.0 1862040000.0 43173400000.0 -4.08 [-4.08]
1.94983e+16 3.75475e+19 20949700000000.0 552554000000000.0 238000000000000.0 2122080000000.0 115403000000000.0 18763100000000.0 4068100000.0 539321000000000.0 24918700000000.0 3375660000000.0 32667500000.0 669973000000.0 15152100000000.0 13432500000000.0 57502500000000.0 2100680000.0 46707800000.0 -4.06 [-4.06]
1.94983e+16 3.56633e+19 21207800000000.0 538534000000000.0 222720000000000.0 2182750000000.0 113291000000000.0 16749600000000.0 4552440000.0 536430000000000.0 21523100000000.0 2796500000000.0 34342400000.0 706720000000.0 15787400000000.0 13585200000000.0 54674500000000.0 2366320000.0 50434700000.0 -4.04 [-4.04]
1.94983e+16 3.38711e+19 21444600000000.0 524192000000000.0 208127000000000.0 2243910000000.0 111086000000000.0 14930600000000.0 5092640000.0 532958000000000.0 18563000000000.0 2312860000000.0 35993300000.0 743396000000.0 16398700000000.0 13700800000000.0 51816700000000.0 2661910000.0 54349300000.0 -4.02 [-4.02]
1.94983e+16 3.21691e+19 21664400000000.0 509642000000000.0 194222000000000.0 2305850000000.0 108802000000000.0 13290600000000.0 5694370000.0 528935000000000.0 15987600000000.0 1909980000000.0 37618500000.0 779900000000.0 16982500000000.0 13776500000000.0 48950500000000.0 2990160000.0 58451900000.0 -4.0 [-4.0]
