Cloudy_runs/p1103/z=0.003934/logZ=-1/component_II_PI_nH/component_II_PI_nH_col_density_param.txt
# %ECSV 1.0
# ---
# datatype:
# - {name: H, datatype: float64}
# - {name: H+, datatype: float64}
# - {name: C+, datatype: float64}
# - {name: C+2, datatype: float64}
# - {name: C+3, datatype: float64}
# - {name: N+, datatype: float64}
# - {name: N+2, datatype: float64}
# - {name: N+4, datatype: float64}
# - {name: O, datatype: float64}
# - {name: O+2, datatype: float64}
# - {name: O+5, datatype: float64}
# - {name: O+6, datatype: float64}
# - {name: P+, datatype: float64}
# - {name: Si+, datatype: float64}
# - {name: Si+2, datatype: float64}
# - {name: Si+3, datatype: float64}
# - {name: Si+4, datatype: float64}
# - {name: Fe+, datatype: float64}
# - {name: Al+, datatype: float64}
# - {name: log_nH, datatype: float64}
# - {name: parameters, datatype: string, subtype: 'float64[1]'}
# schema: astropy-2.0
H H+ C+ C+2 C+3 N+ N+2 N+4 O O+2 O+5 O+6 P+ Si+ Si+2 Si+3 Si+4 Fe+ Al+ log_nH parameters
[from data line 52]
1.94984e+16 2.90175e+19 22052600000000.0 480134000000000.0 168451000000000.0 2432200000000.0 104033000000000.0 10488000000000.0 7109300000.0 519269000000000.0 11808400000000.0 1296480000000.0 40753400000.0 851572000000.0 18047600000000.0 13805000000000.0 43260500000000.0 3757400000.0 67208100000.0 -3.96 [-3.96]
1.94984e+16 2.75593e+19 22221500000000.0 465275000000000.0 156563000000000.0 2496710000000.0 101562000000000.0 9297810000000.0 7937460000.0 513646000000000.0 10126200000000.0 1065610000000.0 42246100000.0 886343000000.0 18519600000000.0 13756900000000.0 40469100000000.0 4203380000.0 71851500000.0 -3.94 [-3.94]
1.94984e+16 2.61744e+19 22374200000000.0 450408000000000.0 145322000000000.0 2562170000000.0 99044500000000.0 8231660000000.0 8857170000.0 507514000000000.0 8670710000000.0 874436000000.0 43678600000.0 920160000000.0 18945800000000.0 13667600000000.0 37734100000000.0 4696020000.0 76663100000.0 -3.92 [-3.92]
1.94984e+16 2.48595e+19 22511600000000.0 435587000000000.0 134712000000000.0 2628690000000.0 96488800000000.0 7278190000000.0 9877420000.0 500891000000000.0 7413410000000.0 716404000000.0 45045700000.0 952873000000.0 19323000000000.0 13537700000000.0 35069600000000.0 5239350000.0 81635500000.0 -3.9 [-3.9]
1.94983e+16 2.36101e+19 22632600000000.0 420834000000000.0 124716000000000.0 2696230000000.0 93899300000000.0 6426630000000.0 11008900000.0 493781000000000.0 6328540000000.0 585922000000.0 46336900000.0 984269000000.0 19647400000000.0 13368900000000.0 32486900000000.0 5838190000.0 86756400000.0 -3.88 [-3.88]
1.94984e+16 2.24237e+19 22739500000000.0 406204000000000.0 115314000000000.0 2764900000000.0 91285900000000.0 5667380000000.0 12262300000.0 486213000000000.0 5394070000000.0 478402000000.0 47551000000.0 1014270000000.0 19917500000000.0 13162600000000.0 29997900000000.0 6497170000.0 92017500000.0 -3.86 [-3.86]
1.94984e+16 2.12969e+19 22831800000000.0 391727000000000.0 106486000000000.0 2834620000000.0 88654600000000.0 4991420000000.0 13649500000.0 478200000000000.0 4590310000000.0 389939000000.0 48681400000.0 1042740000000.0 20131300000000.0 12921000000000.0 27611600000000.0 7221450000.0 97405000000.0 -3.84 [-3.84]
1.94984e+16 2.02266e+19 22910300000000.0 377434000000000.0 98211000000000.0 2905520000000.0 86012300000000.0 4390510000000.0 15183200000.0 469764000000000.0 3900020000000.0 317278000000.0 49724800000.0 1069590000000.0 20288000000000.0 12646700000000.0 25335500000000.0 8016510000.0 102905000000.0 -3.82 [-3.82]
1.94984e+16 1.92103e+19 22975600000000.0 363355000000000.0 90466000000000.0 2977700000000.0 83365500000000.0 3857130000000.0 16877400000.0 460925000000000.0 3308130000000.0 257702000000.0 50678500000.0 1094760000000.0 20387300000000.0 12342600000000.0 23175600000000.0 8888200000.0 108504000000.0 -3.8 [-3.8]
1.94984e+16 1.82459e+19 23029700000000.0 349533000000000.0 83229900000000.0 3051310000000.0 80723600000000.0 3384520000000.0 18745200000.0 451721000000000.0 2801630000000.0 208965000000.0 51544700000.0 1118250000000.0 20431000000000.0 12011200000000.0 21137300000000.0 9841770000.0 114188000000.0 -3.78 [-3.78]
1.94984e+16 1.73277e+19 23067400000000.0 335923000000000.0 76474300000000.0 3126100000000.0 78080400000000.0 2965770000000.0 20808200000.0 442123000000000.0 2368120000000.0 169076000000.0 52305800000.0 1139870000000.0 20415100000000.0 11657100000000.0 19218600000000.0 10886900000.0 119928000000.0 -3.76 [-3.76]
1.94984e+16 1.64573e+19 23096700000000.0 322629000000000.0 70183200000000.0 3202610000000.0 75456600000000.0 2595990000000.0 23077300000.0 432224000000000.0 1998610000000.0 136589000000.0 52982400000.0 1159860000000.0 20347900000000.0 11282100000000.0 17426100000000.0 12026900000.0 125722000000.0 -3.74 [-3.74]
1.94984e+16 1.56305e+19 23114300000000.0 309625000000000.0 64330400000000.0 3280680000000.0 72849700000000.0 2269590000000.0 25574400000.0 422013000000000.0 1683770000000.0 110136000000.0 53563700000.0 1178130000000.0 20228200000000.0 10890300000000.0 15756700000000.0 13271100000.0 131544000000.0 -3.72 [-3.72]
1.94984e+16 1.48457e+19 23122400000000.0 296940000000000.0 58894000000000.0 3360480000000.0 70267500000000.0 1981970000000.0 28318100000.0 411534000000000.0 1416090000000.0 88648000000.0 54055200000.0 1194770000000.0 20060200000000.0 10484700000000.0 14209500000000.0 14626300000.0 137379000000.0 -3.7 [-3.7]
1.94984e+16 1.40986e+19 23115600000000.0 284536000000000.0 53848300000000.0 3441610000000.0 67704800000000.0 1728570000000.0 31334000000.0 400767000000000.0 1188540000000.0 71191600000.0 54442000000.0 1209700000000.0 19842000000000.0 10069900000000.0 12778900000000.0 16104000000.0 143186000000.0 -3.68 [-3.68]
1.94984e+16 1.33918e+19 23105500000000.0 272519000000000.0 49178200000000.0 3524960000000.0 65184900000000.0 1506180000000.0 34633400000.0 389834000000000.0 996101000000.0 57096600000.0 54757800000.0 1223300000000.0 19586700000000.0 9646700000000.0 11466400000000.0 17705000000.0 148988000000.0 -3.66 [-3.66]
1.94984e+16 1.27193e+19 23082600000000.0 260809000000000.0 44855900000000.0 3609860000000.0 62694200000000.0 1310790000000.0 38251000000.0 378678000000000.0 833112000000.0 45691800000.0 54976300000.0 1235400000000.0 19289100000000.0 9220090000000.0 10262800000000.0 19445200000.0 154727000000.0 -3.64 [-3.64]
1.94984e+16 1.20806e+19 23050600000000.0 249441000000000.0 40863100000000.0 3696580000000.0 60242300000000.0 1139500000000.0 42208100000.0 367358000000000.0 695487000000.0 36495400000.0 55109300000.0 1246180000000.0 18956000000000.0 8792300000000.0 9164390000000.0 21331400000.0 160393000000.0 -3.62 [-3.62]
1.94984e+16 1.14742e+19 23009300000000.0 238417000000000.0 37180500000000.0 3785090000000.0 57832000000000.0 989555000000.0 46530700000.0 355903000000000.0 579508000000.0 29094700000.0 55158300000.0 1255740000000.0 18590700000000.0 8366160000000.0 8165640000000.0 23372600000.0 165964000000.0 -3.6 [-3.6]
1.94984e+16 1.08983e+19 22959900000000.0 227740000000000.0 33787100000000.0 3875510000000.0 55466000000000.0 858406000000.0 51248000000.0 344341000000000.0 481927000000.0 23149700000.0 55128800000.0 1264230000000.0 18197700000000.0 7943550000000.0 7260380000000.0 25578800000.0 171425000000.0 -3.58 [-3.58]
1.94984e+16 1.03515e+19 22902100000000.0 217408000000000.0 30664900000000.0 3967790000000.0 53146700000000.0 743858000000.0 56389000000.0 332700000000000.0 399991000000.0 18383800000.0 55022600000.0 1271730000000.0 17780300000000.0 7526800000000.0 6442530000000.0 27959700000.0 176754000000.0 -3.56 [-3.56]
1.94984e+16 9.83215e+18 22836000000000.0 207420000000000.0 27796200000000.0 4061890000000.0 50876100000000.0 643928000000.0 61983800000.0 321010000000000.0 331326000000.0 14570800000.0 54842800000.0 1278370000000.0 17342200000000.0 7117800000000.0 5705870000000.0 30524900000.0 181929000000.0 -3.54 [-3.54]
1.94984e+16 9.33815e+18 22759600000000.0 197757000000000.0 25162700000000.0 4157590000000.0 48651700000000.0 556792000000.0 68070400000.0 309273000000000.0 273843000000.0 11523100000.0 54585200000.0 1284230000000.0 16884500000000.0 6718500000000.0 5043610000000.0 33289400000.0 186915000000.0 -3.52 [-3.52]
1.94984e+16 8.87004e+18 22678300000000.0 188456000000000.0 22750900000000.0 4255290000000.0 46484600000000.0 481024000000.0 74669100000.0 297570000000000.0 225922000000.0 9098120000.0 54270600000.0 1289470000000.0 16415700000000.0 6329440000000.0 4451170000000.0 36252200000.0 191734000000.0 -3.5 [-3.5]
1.94984e+16 8.42557e+18 22589500000000.0 179490000000000.0 20544000000000.0 4354680000000.0 44370900000000.0 415157000000.0 81819800000.0 285901000000000.0 186004000000.0 7169720000.0 53893400000.0 1294160000000.0 15936300000000.0 5952230000000.0 3921910000000.0 39428000000.0 196347000000.0 -3.48 [-3.48]
1.94984e+16 8.00287e+18 22491300000000.0 170841000000000.0 18526400000000.0 4455520000000.0 42308200000000.0 357923000000.0 89563600000.0 274268000000000.0 152793000000.0 5637850000.0 53450500000.0 1298400000000.0 15447100000000.0 5588050000000.0 3449810000000.0 42831800000.0 200719000000.0 -3.46 [-3.46]
1.94984e+16 7.60292e+18 22389400000000.0 162548000000000.0 16687600000000.0 4557920000000.0 40308300000000.0 308354000000.0 97906400000.0 262768000000000.0 125297000000.0 4427250000.0 52965800000.0 1302250000000.0 14956800000000.0 5236890000000.0 3030890000000.0 46450600000.0 204896000000.0 -3.44 [-3.44]
1.94984e+16 7.2223e+18 22278000000000.0 154556000000000.0 15010600000000.0 4661510000000.0 38359400000000.0 265354000000.0 106918000000.0 251344000000000.0 102504000000.0 3468770000.0 52420800000.0 1305820000000.0 14461400000000.0 4900000000000.0 2658670000000.0 50317000000.0 208798000000.0 -3.42 [-3.42]
1.94984e+16 6.86089e+18 22159400000000.0 146876000000000.0 13484600000000.0 4766240000000.0 36466500000000.0 228132000000.0 116623000000.0 240050000000000.0 83674900000.0 2712670000.0 51827400000.0 1309160000000.0 13965500000000.0 4577470000000.0 2329070000000.0 54429300000.0 212437000000.0 -3.4 [-3.4]
1.94984e+16 6.51701e+18 22031400000000.0 139487000000000.0 12096800000000.0 4871640000000.0 34626100000000.0 195916000000.0 127064000000.0 228882000000000.0 68137700000.0 2116660000.0 51181200000.0 1312400000000.0 13468800000000.0 4269730000000.0 2037430000000.0 58804400000.0 215773000000.0 -3.38 [-3.38]
1.94984e+16 6.1912e+18 21898400000000.0 132412000000000.0 10838500000000.0 4977740000000.0 32846200000000.0 168113000000.0 138249000000.0 217913000000000.0 55375900000.0 1649060000.0 50501200000.0 1315480000000.0 12977600000000.0 3976450000000.0 1780470000000.0 63424000000.0 218854000000.0 -3.36 [-3.36]
1.94984e+16 5.88173e+18 21757900000000.0 125628000000000.0 9698350000000.0 5084030000000.0 31122100000000.0 144116000000.0 150221000000.0 207132000000000.0 44901200000.0 1282320000.0 49781800000.0 1318510000000.0 12490900000000.0 3697870000000.0 1554120000000.0 68304200000.0 221637000000.0 -3.34 [-3.34]
1.94984e+16 5.58802e+18 21610800000000.0 119130000000000.0 8666850000000.0 5190290000000.0 29454800000000.0 123429000000.0 163010000000.0 196564000000000.0 36326700000.0 995378000.0 49028800000.0 1321490000000.0 12010800000000.0 3433750000000.0 1355120000000.0 73443100000.0 224127000000.0 -3.32 [-3.32]
1.94984e+16 5.30908e+18 21456400000000.0 112907000000000.0 7734780000000.0 5296050000000.0 27843100000000.0 105607000000.0 176644000000.0 186221000000000.0 29321200000.0 771217000.0 48243500000.0 1324460000000.0 11537800000000.0 3183940000000.0 1180380000000.0 78844000000.0 226309000000.0 -3.3 [-3.3]
1.94984e+16 5.04424e+18 21295000000000.0 106952000000000.0 6893870000000.0 5400900000000.0 26287000000000.0 90270200000.0 191142000000.0 176120000000000.0 23611400000.0 596468000.0 47429600000.0 1327450000000.0 11073100000000.0 2948130000000.0 1027160000000.0 84503500000.0 228185000000.0 -3.28 [-3.28]
1.94984e+16 4.79275e+18 21126600000000.0 101258000000000.0 6136320000000.0 5504320000000.0 24785900000000.0 77083400000.0 206525000000.0 166274000000000.0 18968400000.0 460493000.0 46589800000.0 1330460000000.0 10617600000000.0 2725990000000.0 892993000000.0 90418300000.0 229748000000.0 -3.26 [-3.26]
1.94984e+16 4.55392e+18 20951100000000.0 95815900000000.0 5454810000000.0 5605790000000.0 23339200000000.0 65755600000.0 222807000000.0 156697000000000.0 15201500000.0 354884000.0 45726700000.0 1333510000000.0 10171700000000.0 2517110000000.0 775643000000.0 96583900000.0 230997000000.0 -3.24 [-3.24]
1.94984e+16 4.32724e+18 20769000000000.0 90620000000000.0 4842810000000.0 5704780000000.0 21947200000000.0 56036000000.0 239989000000.0 147404000000000.0 12153800000.0 273042000.0 44844800000.0 1336540000000.0 9736650000000.0 2321060000000.0 673159000000.0 102986000000.0 231941000000.0 -3.22 [-3.22]
1.94984e+16 4.11192e+18 20579800000000.0 85659300000000.0 4293810000000.0 5800610000000.0 20608300000000.0 47701300000.0 258077000000.0 138401000000000.0 9692970000.0 209709000.0 43944600000.0 1339590000000.0 9312200000000.0 2137380000000.0 583718000000.0 109620000000.0 232570000000.0 -3.2 [-3.2]
1.94984e+16 3.90752e+18 20383900000000.0 80928500000000.0 3802200000000.0 5892710000000.0 19322700000000.0 40562900000.0 277063000000.0 129702000000000.0 7711430000.0 160805000.0 43030300000.0 1342620000000.0 8899150000000.0 1965590000000.0 505769000000.0 116470000000.0 232897000000.0 -3.18 [-3.18]
1.94984e+16 3.71342e+18 20181300000000.0 76418500000000.0 3362570000000.0 5980390000000.0 18089500000000.0 34453900000.0 296933000000.0 121313000000000.0 6119600000.0 123104000.0 42103600000.0 1345610000000.0 8497570000000.0 1805200000000.0 437891000000.0 123522000000.0 232921000000.0 -3.16 [-3.16]
1.94984e+16 3.52929e+18 19972700000000.0 72125600000000.0 2970170000000.0 6063070000000.0 16909000000000.0 29233400000.0 317658000000.0 113247000000000.0 4844710000.0 94106600.0 41169400000.0 1348460000000.0 8108270000000.0 1655680000000.0 378874000000.0 130748000000.0 232662000000.0 -3.14 [-3.14]
1.94984e+16 3.35426e+18 19756800000000.0 68034200000000.0 2620080000000.0 6139780000000.0 15778600000000.0 24772300000.0 339218000000.0 105498000000000.0 3825140000.0 71816500.0 40224900000.0 1351280000000.0 7730100000000.0 1516540000000.0 327543000000.0 138153000000.0 232099000000.0 -3.12 [-3.12]
1.94984e+16 3.18801e+18 19534200000000.0 64140100000000.0 2308340000000.0 6209910000000.0 14698600000000.0 20965800000.0 361566000000.0 98075500000000.0 3012320000.0 54721500.0 39274300000.0 1353990000000.0 7363630000000.0 1387260000000.0 282962000000.0 145708000000.0 231249000000.0 -3.1 [-3.1]
1.94984e+16 3.0302e+18 19305700000000.0 60438300000000.0 2031210000000.0 6272870000000.0 13668800000000.0 17722100000.0 384650000000.0 90986600000000.0 2366230000.0 41637600.0 38321300000.0 1356490000000.0 7009260000000.0 1267330000000.0 244289000000.0 153383000000.0 230131000000.0 -3.08 [-3.08]
1.94984e+16 2.88036e+18 19071000000000.0 56920500000000.0 1785180000000.0 6327910000000.0 12688300000000.0 14960700000.0 408413000000.0 84232000000000.0 1853950000.0 31638300.0 37367100000.0 1358740000000.0 6666800000000.0 1156260000000.0 210762000000.0 161157000000.0 228751000000.0 -3.06 [-3.06]
1.94984e+16 2.73805e+18 18830300000000.0 53578600000000.0 1567050000000.0 6374340000000.0 11756200000000.0 12612300000.0 432785000000.0 77811100000000.0 1448800000.0 0.0 36412900000.0 1360730000000.0 6336010000000.0 1053540000000.0 181715000000.0 169012000000.0 227116000000.0 -3.04 [-3.04]
1.94984e+16 2.60305e+18 18584300000000.0 50409500000000.0 1374100000000.0 6411580000000.0 10872800000000.0 10619100000.0 457653000000.0 71731900000000.0 1129460000.0 0.0 35462400000.0 1362410000000.0 6017240000000.0 958770000000.0 156586000000.0 176913000000.0 225248000000.0 -3.02 [-3.02]
1.94984e+16 2.47487e+18 18332800000000.0 47403500000000.0 1203520000000.0 6439080000000.0 10036500000000.0 8928350000.0 482963000000.0 65985300000000.0 878293000.0 0.0 34515900000.0 1363710000000.0 5710070000000.0 871409000000.0 134850000000.0 184840000000.0 223153000000.0 -3.0 [-3.0]
1.94984e+16 2.35313e+18 18075800000000.0 44553300000000.0 1052910000000.0 6456360000000.0 9246260000000.0 7495810000.0 508628000000.0 60567200000000.0 681240000.0 0.0 33574700000.0 1364590000000.0 5414220000000.0 790995000000.0 116058000000.0 192772000000.0 220837000000.0 -2.98 [-2.98]
1.94984e+16 2.23755e+18 17814100000000.0 41853400000000.0 920131000000.0 6463120000000.0 8501370000000.0 6283800000.0 534557000000.0 55473600000000.0 527085000.0 0.0 32641300000.0 1364920000000.0 5129800000000.0 717077000000.0 99827000000.0 200672000000.0 218325000000.0 -2.96 [-2.96]
1.94984e+16 2.12774e+18 17546900000000.0 39295900000000.0 803204000000.0 6458770000000.0 7800520000000.0 5259800000.0 560631000000.0 50698400000000.0 406798000.0 0.0 31714600000.0 1364840000000.0 4856080000000.0 649276000000.0 85810500000.0 208549000000.0 215605000000.0 -2.94 [-2.94]
