Cloudy_runs/pg1424/z=0.147104/logZ=-1/component_I_PI_nH/component_I_PI_nH_col_density_param.txt
# %ECSV 1.0
# ---
# datatype:
# - {name: H, datatype: float64}
# - {name: H+, datatype: float64}
# - {name: C+, datatype: float64}
# - {name: C+2, datatype: float64}
# - {name: C+3, datatype: float64}
# - {name: N+2, datatype: float64}
# - {name: N+4, datatype: float64}
# - {name: O, datatype: float64}
# - {name: O+2, datatype: float64}
# - {name: O+5, datatype: float64}
# - {name: O+6, datatype: float64}
# - {name: Si+, datatype: float64}
# - {name: Si+2, datatype: float64}
# - {name: Si+3, datatype: float64}
# - {name: Si+4, datatype: float64}
# - {name: log_nH, datatype: float64}
# - {name: log_Te, datatype: float64}
# - {name: parameters, datatype: string, subtype: 'float64[1]'}
# schema: astropy-2.0
H H+ C+ C+2 C+3 N+2 N+4 O O+2 O+5 O+6 Si+ Si+2 Si+3 Si+4 log_nH log_Te parameters
14454400000000.0 6.276e+17 772008000.0 127491000000.0 535794000000.0 19694300000.0 545651000000.0 3729.12 50603900000.0 7054350000000.0 12970000000000.0 439048.0 23553400.0 124179000.0 15528900000.0 -5.0 4.569 [-5.0]
14454400000000.0 5.93981e+17 839438000.0 134997000000.0 545753000000.0 21032900000.0 540941000000.0 4175.36 54294400000.0 6748610000000.0 11799300000000.0 524145.0 27477100.0 140087000.0 16587000000.0 -4.98 4.564 [-4.98]
14454400000000.0 5.6227e+17 911754000.0 142766000000.0 555229000000.0 22440000000.0 535467000000.0 4674.91 58185600000.0 6442370000000.0 10714200000000.0 624477.0 32001000.0 157778000.0 17690900000.0 -4.96 4.559 [-4.96]
14454400000000.0 5.3235e+17 989211000.0 150793000000.0 564198000000.0 23916300000.0 529240000000.0 5233.69 62278200000.0 6136850000000.0 9710810000000.0 742517.0 37207700.0 177418000.0 18840400000.0 -4.94 4.554 [-4.94]
14454400000000.0 5.04105e+17 1072120000.0 159080000000.0 572644000000.0 25462600000.0 522274000000.0 5858.68 66574700000.0 5833170000000.0 8784650000000.0 881143.0 43191400.0 199188000.0 20035000000.0 -4.92 4.55 [-4.92]
14454400000000.0 4.77433e+17 1160740000.0 167620000000.0 580545000000.0 27078800000.0 514587000000.0 6557.12 71073800000.0 5532510000000.0 7931600000000.0 1043610.0 50056400.0 223280000.0 21274100000.0 -4.9 4.545 [-4.9]
14454400000000.0 4.52244e+17 1255420000.0 176411000000.0 587883000000.0 28764900000.0 506200000000.0 7337.75 75775800000.0 5235940000000.0 7147730000000.0 1233620.0 57919300.0 249895000.0 22556600000.0 -4.88 4.541 [-4.88]
14454400000000.0 4.28454e+17 1356500000.0 185448000000.0 594641000000.0 30521000000.0 497138000000.0 8210.64 80681300000.0 4944500000000.0 6429050000000.0 1455450.0 66910300.0 279241000.0 23880900000.0 -4.86 4.536 [-4.86]
14454400000000.0 4.05964e+17 1464170000.0 194722000000.0 600803000000.0 32343800000.0 487425000000.0 9184.31 85781200000.0 4659100000000.0 5771370000000.0 1713850.0 77174800.0 311561000.0 25246100000.0 -4.84 4.532 [-4.84]
14454400000000.0 3.84698e+17 1578740000.0 204221000000.0 606353000000.0 34231300000.0 477091000000.0 10269.9 91070600000.0 4380610000000.0 5170850000000.0 2014250.0 88873700.0 347099000.0 26650100000.0 -4.82 4.528 [-4.82]
14454400000000.0 3.64586e+17 1700480000.0 213937000000.0 611276000000.0 36180700000.0 466170000000.0 11479.7 96543600000.0 4109820000000.0 4623780000000.0 2362780.0 102185000.0 386112000.0 28090900000.0 -4.8 4.523 [-4.8]
14454400000000.0 3.45556e+17 1829660000.0 223856000000.0 615559000000.0 38188500000.0 454697000000.0 12826.9 102192000000.0 3847410000000.0 4126500000000.0 2766320.0 117308000.0 428877000.0 29566100000.0 -4.78 4.519 [-4.78]
14454400000000.0 3.2755e+17 1966590000.0 233966000000.0 619187000000.0 40251000000.0 442713000000.0 14327.2 108010000000.0 3593980000000.0 3675550000000.0 3232600.0 134457000.0 475672000.0 31072700000.0 -4.76 4.515 [-4.76]
14454400000000.0 3.10505e+17 2111470000.0 244248000000.0 622147000000.0 42363000000.0 430260000000.0 15996.6 113985000000.0 3350050000000.0 3267520000000.0 3770230.0 153874000.0 526800000.0 32607800000.0 -4.74 4.511 [-4.74]
14454400000000.0 2.94371e+17 2264580000.0 254687000000.0 624428000000.0 44519500000.0 417384000000.0 17854.1 120109000000.0 3116030000000.0 2899190000000.0 4388860.0 175819000.0 582568000.0 34167800000.0 -4.72 4.507 [-4.72]
14454400000000.0 2.7909e+17 2426070000.0 265259000000.0 626018000000.0 46713700000.0 404133000000.0 19919.3 126369000000.0 2892230000000.0 2567430000000.0 5099150.0 200580000.0 643310000.0 35748900000.0 -4.7 4.503 [-4.7]
14454400000000.0 2.64621e+17 2596270000.0 275948000000.0 626909000000.0 48940500000.0 390559000000.0 22217.2 132756000000.0 2678890000000.0 2269320000000.0 5913080.0 228471000.0 709342000.0 37346900000.0 -4.68 4.499 [-4.68]
14454400000000.0 2.50912e+17 2775160000.0 286722000000.0 627090000000.0 51190700000.0 376711000000.0 24770.9 139253000000.0 2476150000000.0 2002020000000.0 6843600.0 259831000.0 781029000.0 38957200000.0 -4.66 4.495 [-4.66]
14454400000000.0 2.37925e+17 2962990000.0 297559000000.0 626553000000.0 53458000000.0 362646000000.0 27610.7 145850000000.0 2284050000000.0 1762900000000.0 7905270.0 295033000.0 858717000.0 40575100000.0 -4.64 4.491 [-4.64]
14454400000000.0 2.2562e+17 3159860000.0 308430000000.0 625294000000.0 55734100000.0 348420000000.0 30768.6 152532000000.0 2102610000000.0 1549480000000.0 9113820.0 334472000.0 942759000.0 42195200000.0 -4.62 4.487 [-4.62]
14454400000000.0 2.13959e+17 3365890000.0 319306000000.0 623307000000.0 58011100000.0 334086000000.0 34282.1 159289000000.0 1931700000000.0 1359410000000.0 10486800.0 378585000.0 1033520000.0 43811900000.0 -4.6 4.483 [-4.6]
14454400000000.0 2.02907e+17 3581200000.0 330159000000.0 620588000000.0 60281100000.0 319699000000.0 38193.3 166107000000.0 1771150000000.0 1190480000000.0 12043600.0 427846000.0 1131390000.0 45419800000.0 -4.58 4.479 [-4.58]
14454400000000.0 1.92437e+17 3805590000.0 340944000000.0 617137000000.0 62533400000.0 305322000000.0 42545.0 172967000000.0 1620860000000.0 1040750000000.0 13803600.0 482721000.0 1236670000.0 47011600000.0 -4.56 4.475 [-4.56]
14454400000000.0 1.82512e+17 4039270000.0 351636000000.0 612952000000.0 64761400000.0 291000000000.0 47393.8 179860000000.0 1480450000000.0 908246000000.0 15790400.0 543773000.0 1349770000.0 48581800000.0 -4.54 4.471 [-4.54]
14454400000000.0 1.73104e+17 4282070000.0 362194000000.0 608038000000.0 66955400000.0 276789000000.0 52797.6 186771000000.0 1349660000000.0 791250000000.0 18027700.0 611555000.0 1471030000.0 50123300000.0 -4.52 4.467 [-4.52]
14454400000000.0 1.64187e+17 4533960000.0 372581000000.0 602397000000.0 69107300000.0 262739000000.0 58824.5 193686000000.0 1228130000000.0 688163000000.0 20541800.0 686671000.0 1600770000.0 51629400000.0 -4.5 4.463 [-4.5]
14454400000000.0 1.55734e+17 4794700000.0 382755000000.0 596037000000.0 71208000000.0 248897000000.0 65549.6 200591000000.0 1115510000000.0 597515000000.0 23360300.0 769751000.0 1739340000.0 53092800000.0 -4.48 4.46 [-4.48]
14454400000000.0 1.47722e+17 5064180000.0 392678000000.0 588967000000.0 73249900000.0 235308000000.0 73060.4 207472000000.0 1011400000000.0 517964000000.0 26513400.0 861463000.0 1887010000.0 54506300000.0 -4.46 4.456 [-4.46]
14454400000000.0 1.40127e+17 5342120000.0 402306000000.0 581200000000.0 75224800000.0 222013000000.0 81454.1 214317000000.0 915381000000.0 448289000000.0 30032800.0 962502000.0 2044060000.0 55862600000.0 -4.44 4.452 [-4.44]
14454400000000.0 1.32928e+17 5628210000.0 411599000000.0 572750000000.0 77125200000.0 209049000000.0 90841.0 221110000000.0 827042000000.0 387379000000.0 33952200.0 1073590000.0 2210730000.0 57154300000.0 -4.42 4.448 [-4.42]
14454400000000.0 1.26104e+17 5922200000.0 420516000000.0 563636000000.0 78944500000.0 196450000000.0 101348.0 227841000000.0 745955000000.0 334234000000.0 38307400.0 1195490000.0 2387200000.0 58374000000.0 -4.4 4.444 [-4.4]
14454400000000.0 1.19632e+17 6223620000.0 429014000000.0 553872000000.0 80675700000.0 184240000000.0 113118.0 234495000000.0 671662000000.0 287928000000.0 43137500.0 1329000000.0 2573700000.0 59514700000.0 -4.38 4.441 [-4.38]
14454400000000.0 1.13502e+17 6531790000.0 437045000000.0 543498000000.0 82311700000.0 172459000000.0 126300.0 241055000000.0 603819000000.0 247699000000.0 48475700.0 1474800000.0 2770150000.0 60568300000.0 -4.36 4.437 [-4.36]
14454400000000.0 1.07689e+17 6846520000.0 444579000000.0 532526000000.0 83848500000.0 161112000000.0 141088.0 247514000000.0 541929000000.0 212771000000.0 54368900.0 1633800000.0 2976740000.0 61528700000.0 -4.34 4.433 [-4.34]
14454400000000.0 1.02178e+17 7167140000.0 451571000000.0 520992000000.0 85280500000.0 150221000000.0 157682.0 253858000000.0 485609000000.0 182509000000.0 60856900.0 1806770000.0 3193380000.0 62388800000.0 -4.32 4.43 [-4.32]
14454400000000.0 9.69542e+16 7493010000.0 457987000000.0 508928000000.0 86603300000.0 139800000000.0 176314.0 260074000000.0 434461000000.0 156333000000.0 67983100.0 1994520000.0 3419960000.0 63142000000.0 -4.3 4.426 [-4.3]
14454400000000.0 9.19996e+16 7823570000.0 463790000000.0 496365000000.0 87813200000.0 129851000000.0 197253.0 266153000000.0 388083000000.0 133719000000.0 75795100.0 2197890000.0 3656370000.0 63782300000.0 -4.28 4.422 [-4.28]
14454400000000.0 8.73071e+16 8157750000.0 468944000000.0 483360000000.0 88906100000.0 120393000000.0 220766.0 272075000000.0 346168000000.0 114238000000.0 84325800.0 2417420000.0 3902050000.0 64303500000.0 -4.26 4.419 [-4.26]
14454400000000.0 8.28539e+16 8495260000.0 473424000000.0 469928000000.0 89880400000.0 111410000000.0 247225.0 277838000000.0 308285000000.0 97451900000.0 93636500.0 2654170000.0 4156980000.0 64700900000.0 -4.24 4.415 [-4.24]
14454400000000.0 7.86345e+16 8834930000.0 477203000000.0 456137000000.0 90733300000.0 102913000000.0 276972.0 283424000000.0 274163000000.0 83030700000.0 103758000.0 2908550000.0 4420360000.0 64969600000.0 -4.22 4.411 [-4.22]
14454400000000.0 7.4636e+16 9175730000.0 480254000000.0 442031000000.0 91462800000.0 94897200000.0 310418.0 288821000000.0 243482000000.0 70658800000.0 114729000.0 3181100000.0 4691580000.0 65105400000.0 -4.2 4.408 [-4.2]
14454400000000.0 7.08406e+16 9517300000.0 482562000000.0 427636000000.0 92068400000.0 87342200000.0 348088.0 294026000000.0 215899000000.0 60043600000.0 126613000.0 3472700000.0 4970200000.0 65104500000.0 -4.18 4.404 [-4.18]
14454400000000.0 6.72464e+16 9858140000.0 484112000000.0 413035000000.0 92549500000.0 80255500000.0 390440.0 299020000000.0 191200000000.0 50968900000.0 139418000.0 3783280000.0 5254910000.0 64964900000.0 -4.16 4.401 [-4.16]
14454400000000.0 6.38358e+16 10197600000.0 484892000000.0 398251000000.0 92905600000.0 73612100000.0 438128.0 303797000000.0 169081000000.0 43207800000.0 153202000.0 4113480000.0 5545050000.0 64683900000.0 -4.14 4.397 [-4.14]
14454400000000.0 6.06015e+16 10534600000.0 484897000000.0 383345000000.0 93137100000.0 67402900000.0 491801.0 308346000000.0 149316000000.0 36583300000.0 167988000.0 4463300000.0 5839380000.0 64260300000.0 -4.12 4.394 [-4.12]
14454400000000.0 5.75341e+16 10868200000.0 484127000000.0 368369000000.0 93244900000.0 61613000000.0 552210.0 312658000000.0 131683000000.0 30936400000.0 183801000.0 4832700000.0 6136580000.0 63693900000.0 -4.1 4.39 [-4.1]
14454400000000.0 5.4625e+16 11197400000.0 482588000000.0 353373000000.0 93230600000.0 56226200000.0 620197.0 316722000000.0 115978000000.0 26129300000.0 200661000.0 5221450000.0 6435230000.0 62985400000.0 -4.08 4.387 [-4.08]
14454400000000.0 5.18635e+16 11521400000.0 480284000000.0 338396000000.0 93094900000.0 51222000000.0 696748.0 320531000000.0 102000000000.0 22039500000.0 218591000.0 5629260000.0 6733870000.0 62135100000.0 -4.06 4.383 [-4.06]
14454400000000.0 4.9248e+16 11838700000.0 477241000000.0 323523000000.0 92841500000.0 46593200000.0 782773.0 324072000000.0 89605500000.0 18571500000.0 237554000.0 6054860000.0 7030500000.0 61148300000.0 -4.04 4.38 [-4.04]
14454400000000.0 4.67645e+16 12148900000.0 473464000000.0 308765000000.0 92471100000.0 42311000000.0 879589.0 327340000000.0 78606200000.0 15628100000.0 257581000.0 6497820000.0 7323620000.0 60025700000.0 -4.02 4.377 [-4.02]
14454400000000.0 4.44082e+16 12450700000.0 468981000000.0 294179000000.0 91986900000.0 38360900000.0 988459.0 330324000000.0 68866900000.0 13134900000.0 278640000.0 6956690000.0 7611210000.0 58772700000.0 -4.0 4.373 [-4.0]
14454400000000.0 4.21723e+16 12743500000.0 463819000000.0 279809000000.0 91392000000.0 34724200000.0 1110850.0 333017000000.0 60255200000.0 11025600000.0 300701000.0 7429880000.0 7891230000.0 57394800000.0 -3.98 4.37 [-3.98]
14454400000000.0 4.00503e+16 13026300000.0 458009000000.0 265693000000.0 90689700000.0 31382800000.0 1248380.0 335411000000.0 52651400000.0 9243220000.0 323718000.0 7915520000.0 8161580000.0 55898600000.0 -3.96 4.367 [-3.96]
14454400000000.0 3.80344e+16 13298500000.0 451576000000.0 251857000000.0 89882300000.0 28316000000.0 1403010.0 337498000000.0 45940900000.0 7737820000.0 347657000.0 8411600000.0 8420150000.0 54289700000.0 -3.94 4.363 [-3.94]
14454400000000.0 3.61228e+16 13559300000.0 444577000000.0 238358000000.0 88976300000.0 25511600000.0 1576510.0 339270000000.0 40037500000.0 6470150000.0 372404000.0 8915160000.0 8664600000.0 52580200000.0 -3.92 4.36 [-3.92]
14454400000000.0 3.43083e+16 13808300000.0 437043000000.0 225216000000.0 87974900000.0 22949600000.0 1771240.0 340722000000.0 34846400000.0 5403010000.0 397896000.0 9423600000.0 8892810000.0 50778000000.0 -3.9 4.357 [-3.9]
14454400000000.0 3.25856e+16 14044900000.0 429016000000.0 212455000000.0 86882200000.0 20613500000.0 1989680.0 341846000000.0 30287800000.0 4505770000.0 424030000.0 9933740000.0 9102640000.0 48893500000.0 -3.88 4.353 [-3.88]
14454400000000.0 3.09499e+16 14268500000.0 420539000000.0 200098000000.0 85702600000.0 18487100000.0 2234600.0 342636000000.0 26289800000.0 3752320000.0 450694000.0 10442200000.0 9292020000.0 46937500000.0 -3.86 4.35 [-3.86]
14454400000000.0 2.93968e+16 14479000000.0 411658000000.0 188164000000.0 84441100000.0 16555000000.0 2509030.0 343086000000.0 22788300000.0 3120470000.0 477761000.0 10945300000.0 9459000000.0 44922100000.0 -3.84 4.347 [-3.84]
14454400000000.0 2.7922e+16 14676100000.0 402419000000.0 176669000000.0 83102500000.0 14802800000.0 2816350.0 343191000000.0 19725800000.0 2591280000.0 505096000.0 11439200000.0 9601720000.0 42859500000.0 -3.82 4.343 [-3.82]
14454400000000.0 2.65231e+16 14859700000.0 392882000000.0 165636000000.0 81694300000.0 13218100000.0 3159940.0 342949000000.0 17053700000.0 2149130000.0 532520000.0 11920000000.0 9718720000.0 40765000000.0 -3.8 4.34 [-3.8]
14454400000000.0 2.5193e+16 15029700000.0 383065000000.0 155049000000.0 80217100000.0 11784100000.0 3544510.0 342351000000.0 14720100000.0 1779380000.0 559949000.0 12383800000.0 9808360000.0 38646700000.0 -3.78 4.337 [-3.78]
14454400000000.0 2.3928e+16 15186300000.0 373010000000.0 144911000000.0 78675800000.0 10488800000.0 3974710.0 341390000000.0 12685100000.0 1470650000.0 587232000.0 12826900000.0 9869420000.0 36517300000.0 -3.76 4.333 [-3.76]
14454400000000.0 2.27298e+16 15329500000.0 362810000000.0 135264000000.0 77083600000.0 9324960000.0 4454150.0 340080000000.0 10919400000.0 1214130000.0 614100000.0 13244900000.0 9901690000.0 34397700000.0 -3.74 4.33 [-3.74]
14454400000000.0 2.15901e+16 15459400000.0 352458000000.0 126068000000.0 75437900000.0 8277060000.0 4989580.0 338402000000.0 9383490000.0 1000510000.0 640507000.0 13634400000.0 9904070000.0 32292400000.0 -3.72 4.327 [-3.72]
14454400000000.0 2.05076e+16 15576400000.0 342011000000.0 117332000000.0 73746700000.0 7336390000.0 5586460.0 336362000000.0 8051340000.0 823128000.0 666272000.0 13992000000.0 9876580000.0 30216200000.0 -3.7 4.323 [-3.7]
14454400000000.0 1.94779e+16 15681000000.0 331492000000.0 109038000000.0 72012500000.0 6492250000.0 6252010.0 333953000000.0 6896090000.0 675884000.0 691294000.0 14314500000.0 9819020000.0 28177800000.0 -3.68 4.32 [-3.68]
14454400000000.0 1.85014e+16 15773300000.0 320972000000.0 101204000000.0 70246700000.0 5738090000.0 6991840.0 331189000000.0 5898450000.0 554173000.0 715361000.0 14599400000.0 9732650000.0 26193100000.0 -3.66 4.316 [-3.66]
14454400000000.0 1.75753e+16 15854000000.0 310485000000.0 93816800000.0 68455000000.0 5065380000.0 7813250.0 328077000000.0 5038170000.0 453719000.0 738355000.0 14844500000.0 9618500000.0 24271400000.0 -3.64 4.313 [-3.64]
14454400000000.0 1.66943e+16 15923300000.0 300027000000.0 86843900000.0 66635700000.0 4464540000.0 8726410.0 324601000000.0 4295310000.0 370712000.0 760260000.0 15047700000.0 9476860000.0 22415600000.0 -3.62 4.31 [-3.62]
14454400000000.0 1.58574e+16 15981700000.0 289644000000.0 80284000000.0 64797300000.0 3929580000.0 9739370.0 320775000000.0 3655850000.0 302345000.0 780950000.0 15208100000.0 9309690000.0 20635600000.0 -3.6 4.306 [-3.6]
