Cloudy_runs/pg1424/z=0.147104/logZ=-1/component_I_PI_nH/component_I_PI_nH_col_density_param.txt
# %ECSV 1.0
# ---
# datatype:
# - {name: H, datatype: float64}
# - {name: H+, datatype: float64}
# - {name: C+, datatype: float64}
# - {name: C+2, datatype: float64}
# - {name: C+3, datatype: float64}
# - {name: N+2, datatype: float64}
# - {name: N+4, datatype: float64}
# - {name: O, datatype: float64}
# - {name: O+2, datatype: float64}
# - {name: O+5, datatype: float64}
# - {name: O+6, datatype: float64}
# - {name: Si+, datatype: float64}
# - {name: Si+2, datatype: float64}
# - {name: Si+3, datatype: float64}
# - {name: Si+4, datatype: float64}
# - {name: log_nH, datatype: float64}
# - {name: log_Te, datatype: float64}
# - {name: parameters, datatype: string, subtype: 'float64[1]'}
# schema: astropy-2.0
H H+ C+ C+2 C+3 N+2 N+4 O O+2 O+5 O+6 Si+ Si+2 Si+3 Si+4 log_nH log_Te parameters
[from data line 72]
14454400000000.0 1.43064e+16 16067800000.0 269190000000.0 68338900000.0 61079100000.0 3031330000.0 12105800.0 312088000000.0 2634080000.0 199935000.0 818497000.0 15397500000.0 8905380000.0 17322700000.0 -3.56 4.299 [-3.56]
14454400000000.0 1.35894e+16 16096600000.0 259184000000.0 62933900000.0 59212600000.0 2657410000.0 13479400.0 307256000000.0 2230280000.0 162152000.0 835244000.0 15427200000.0 8672960000.0 15800100000.0 -3.54 4.296 [-3.54]
14454400000000.0 1.29085e+16 16116400000.0 249345000000.0 57883300000.0 57345800000.0 2326570000.0 14996100.0 302109000000.0 1884990000.0 131256000.0 850637000.0 15414500000.0 8423240000.0 14368800000.0 -3.52 4.293 [-3.52]
14454400000000.0 1.22618e+16 16127700000.0 239687000000.0 53171300000.0 55482600000.0 2034300000.0 16668800.0 296657000000.0 1590250000.0 106040000.0 864687000.0 15360500000.0 8158600000.0 13029800000.0 -3.5 4.289 [-3.5]
14454400000000.0 1.16476e+16 16130800000.0 230227000000.0 48782000000.0 53627300000.0 1776500000.0 18511100.0 290914000000.0 1339100000.0 85499000.0 877424000.0 15267100000.0 7881460000.0 11782600000.0 -3.48 4.286 [-3.48]
14454400000000.0 1.10642e+16 16126300000.0 220976000000.0 44699400000.0 51783500000.0 1549440000.0 20537500.0 284896000000.0 1125490000.0 68799500.0 888890000.0 15136300000.0 7594240000.0 10626200000.0 -3.46 4.282 [-3.46]
14454400000000.0 1.05101e+16 16114500000.0 211945000000.0 40907800000.0 49954700000.0 1349740000.0 22763500.0 278618000000.0 944147000.0 55250100.0 899145000.0 14970600000.0 7299300000.0 9558500000.0 -3.44 4.279 [-3.44]
14454400000000.0 9983950000000000.0 16095800000.0 203141000000.0 37391500000.0 48144200000.0 1174370000.0 25205500.0 272098000000.0 790485000.0 44278900.0 908254000.0 14772400000.0 6998930000.0 8576590000.0 -3.42 4.275 [-3.42]
14454400000000.0 9484210000000000.0 16070500000.0 194571000000.0 34135200000.0 46355000000.0 1020580000.0 27880600.0 265354000000.0 660530000.0 35413700.0 916296000.0 14544600000.0 6695280000.0 7677120000.0 -3.4 4.272 [-3.4]
14454400000000.0 9009610000000000.0 16038900000.0 186241000000.0 31123900000.0 44589900000.0 885901000.0 30806800.0 258406000000.0 550842000.0 28265000.0 923353000.0 14290100000.0 6390380000.0 6856220000.0 -3.38 4.268 [-3.38]
14454400000000.0 8558890000000000.0 16001400000.0 178154000000.0 28343000000.0 42851400000.0 768122000.0 34003300.0 251274000000.0 458441000.0 22512700.0 929515000.0 14011600000.0 6086110000.0 6109680000.0 -3.36 4.265 [-3.36]
14454400000000.0 8131790000000000.0 15958400000.0 170331000000.0 25783600000.0 41145900000.0 665449000.0 37484200.0 243998000000.0 380897000.0 17901500.0 934833000.0 13713300000.0 5784910000.0 5434170000.0 -3.34 4.261 [-3.34]
14454400000000.0 7725180000000000.0 15909600000.0 162735000000.0 23421600000.0 39466900000.0 575705000.0 41280700.0 236561000000.0 315703000.0 14198800.0 939470000.0 13395700000.0 5486840000.0 4822670000.0 -3.32 4.258 [-3.32]
14454400000000.0 7338300000000000.0 15855600000.0 155371000000.0 21245400000.0 37817400000.0 497403000.0 45414600.0 228988000000.0 261040000.0 11234300.0 943520000.0 13061900000.0 5193220000.0 4271090000.0 -3.3 4.254 [-3.3]
14454400000000.0 6971680000000000.0 15796600000.0 148269000000.0 19250900000.0 36205800000.0 429419000.0 49896700.0 221336000000.0 215460000.0 8873720.0 946992000.0 12716400000.0 4906720000.0 3776510000.0 -3.28 4.251 [-3.28]
14454400000000.0 6623500000000000.0 15732800000.0 141411000000.0 17421700000.0 34629900000.0 370348000.0 54754900.0 213611000000.0 177462000.0 6994630.0 950009000.0 12360800000.0 4627570000.0 3333510000.0 -3.26 4.247 [-3.26]
14454400000000.0 6293570000000000.0 15664300000.0 134811000000.0 15749700000.0 33094200000.0 319174000.0 60004400.0 205853000000.0 145904000.0 5504400.0 952612000.0 11998400000.0 4357300000.0 2938330000.0 -3.24 4.244 [-3.24]
14454400000000.0 5979590000000000.0 15591200000.0 128435000000.0 14217300000.0 31593100000.0 274727000.0 65683000.0 198048000000.0 119660000.0 4321010.0 954946000.0 11629600000.0 4095190000.0 2585510000.0 -3.22 4.24 [-3.22]
14454400000000.0 5680770000000000.0 15513500000.0 122282000000.0 12815000000.0 30127400000.0 236173000.0 71816000.0 190217000000.0 97888600.0 3383640.0 957075000.0 11256200000.0 3841870000.0 2271250000.0 -3.2 4.237 [-3.2]
14454400000000.0 5398300000000000.0 15431700000.0 116388000000.0 11541300000.0 28707600000.0 202960000.0 78399200.0 182439000000.0 79963100.0 2646620.0 958957000.0 10883200000.0 3599600000.0 1993350000.0 -3.18 4.233 [-3.18]
14454400000000.0 5129420000000000.0 15345500000.0 110708000000.0 10378700000.0 27324100000.0 174203000.0 85483400.0 174677000000.0 65151900.0 2065040.0 960746000.0 10509200000.0 3366770000.0 1746780000.0 -3.16 4.23 [-3.16]
14454400000000.0 4873450000000000.0 15254500000.0 105237000000.0 9319160000.0 25977200000.0 149337000.0 93093300.0 166950000000.0 52945500.0 1607270.0 962488000.0 10135400000.0 3143700000.0 1528440000.0 -3.14 4.226 [-3.14]
14454400000000.0 4630990000000000.0 15159700000.0 99997200000.0 8358990000.0 24673800000.0 127945000.0 101228000.0 159318000000.0 42946900.0 1249100.0 964156000.0 9765480000.0 2931520000.0 1336150000.0 -3.12 4.223 [-3.12]
14454400000000.0 4400740000000000.0 15060700000.0 94970200000.0 7488170000.0 23410700000.0 109520000.0 109918000.0 151777000000.0 34758500.0 968872.0 965815000.0 9399460000.0 2729680000.0 1166760000.0 -3.1 4.22 [-3.1]
14454400000000.0 4182080000000000.0 14957500000.0 90150400000.0 6699500000.0 22187800000.0 93665800.0 119183000.0 144347000000.0 28067900.0 750071.0 967490000.0 9038320000.0 2538110000.0 1017780000.0 -3.08 4.216 [-3.08]
14454400000000.0 3974960000000000.0 14850500000.0 85544300000.0 5987780000.0 21007900000.0 80062700.0 129024000.0 137061000000.0 22623300.0 579885.0 969170000.0 8683970000.0 2357140000.0 887162000.0 -3.06 4.213 [-3.06]
14454400000000.0 3777240000000000.0 14738700000.0 81110300000.0 5342130000.0 19862000000.0 68329000.0 139502000.0 129880000000.0 18177600.0 447024.0 970960000.0 8334050000.0 2185170000.0 772165000.0 -3.04 4.209 [-3.04]
14454400000000.0 3590440000000000.0 14623500000.0 76889500000.0 4762460000.0 18761300000.0 58302000.0 150564000.0 122889000000.0 14584300.0 344328.0 972744000.0 7993200000.0 2023770000.0 671819000.0 -3.02 4.206 [-3.02]
14454400000000.0 3412580000000000.0 14503900000.0 72842200000.0 4239260000.0 17697100000.0 49685800.0 162269000.0 116048000000.0 11669300.0 264618.0 974614000.0 7658960000.0 1871400000.0 583853000.0 -3.0 4.203 [-3.0]
14454400000000.0 3243670000000000.0 14380300000.0 68974000000.0 3768810000.0 16671900000.0 42304800.0 174604000.0 109388000000.0 9315220.0 203008.0 976533000.0 7332740000.0 1728180000.0 506987000.0 -2.98 4.199 [-2.98]
14454400000000.0 3083250000000000.0 14252700000.0 65278900000.0 3346350000.0 15685200000.0 35987100.0 187571000.0 102917000000.0 7418550.0 155476.0 978495000.0 7014820000.0 1593790000.0 439888000.0 -2.96 4.196 [-2.96]
14454400000000.0 2930910000000000.0 14121000000.0 61751600000.0 2967580000.0 14736600000.0 30584400.0 201164000.0 96646400000.0 5894170.0 118877.0 980482000.0 6705480000.0 1467910000.0 381380000.0 -2.94 4.193 [-2.94]
14454400000000.0 2786230000000000.0 13985400000.0 58386300000.0 2628430000.0 13825800000.0 25968000.0 215374000.0 90583800000.0 4671930.0 90747.3 982479000.0 6404890000.0 1350200000.0 330409000.0 -2.92 4.189 [-2.92]
14454400000000.0 2648810000000000.0 13845800000.0 55177200000.0 2325190000.0 12952100000.0 22026600.0 230188000.0 84736100000.0 3694300.0 69165.6 984462000.0 6113140000.0 1240300000.0 286047000.0 -2.9 4.186 [-2.9]
14454400000000.0 2518310000000000.0 13702400000.0 52119100000.0 2054450000.0 12115100000.0 18664600.0 245584000.0 79109600000.0 2914270.0 52637.2 986407000.0 5830330000.0 1137860000.0 247469000.0 -2.88 4.183 [-2.88]
14454400000000.0 2394350000000000.0 13555100000.0 49206200000.0 1813060000.0 11314300000.0 15799200.0 261537000.0 73709100000.0 2293420.0 40000.4 988285000.0 5556460000.0 1042530000.0 213951000.0 -2.86 4.18 [-2.86]
14454400000000.0 2276330000000000.0 13403500000.0 46426400000.0 1597700000.0 10547600000.0 13354800.0 278038000.0 68527100000.0 1799710.0 30339.4 990084000.0 5290810000.0 953735000.0 184800000.0 -2.84 4.176 [-2.84]
14454400000000.0 2164810000000000.0 13249100000.0 43795600000.0 1407040000.0 9819620000.0 11283600.0 294977000.0 63600400000.0 1410130.0 23005.2 991707000.0 5035520000.0 871760000.0 159608000.0 -2.82 4.173 [-2.82]
14454400000000.0 2058600000000000.0 13090700000.0 41287400000.0 1237370000.0 9124600000.0 9519520.0 312382000.0 58896600000.0 1101750.0 0.0 993182000.0 4788330000.0 795631000.0 137726000.0 -2.8 4.17 [-2.8]
14454400000000.0 1957710000000000.0 12928600000.0 38903700000.0 1086920000.0 8463720000.0 8021610.0 330180000.0 54427200000.0 858742.0 0.0 994454000.0 4549870000.0 725217000.0 118770000.0 -2.78 4.167 [-2.78]
14454400000000.0 1861880000000000.0 12763000000.0 36639700000.0 953685000.0 7836440000.0 6751080.0 348317000.0 50192000000.0 667735.0 0.0 995485000.0 4320020000.0 660192000.0 102362000.0 -2.76 4.164 [-2.76]
14454400000000.0 1770840000000000.0 12594100000.0 34490400000.0 835859000.0 7242150000.0 5674560.0 366733000.0 46189300000.0 517982.0 0.0 996237000.0 4098660000.0 600231000.0 88166800.0 -2.74 4.161 [-2.74]
14454400000000.0 1684360000000000.0 12421800000.0 32451200000.0 731792000.0 6680240000.0 4763470.0 385365000.0 42416700000.0 400869.0 0.0 996672000.0 3885660000.0 545026000.0 75895500.0 -2.72 4.158 [-2.72]
14454400000000.0 1602200000000000.0 12246400000.0 30517600000.0 639998000.0 6150050000.0 3993290.0 404146000.0 38870600000.0 309514.0 0.0 996749000.0 3680860000.0 494275000.0 65293900.0 -2.7 4.155 [-2.7]
14454400000000.0 1523930000000000.0 12067400000.0 28680100000.0 558961000.0 5649760000.0 3341820.0 423038000.0 35539500000.0 238314.0 0.0 996449000.0 3483540000.0 447579000.0 56123400.0 -2.68 4.152 [-2.68]
14454400000000.0 1449780000000000.0 11886000000.0 26944500000.0 487823000.0 5180880000.0 2793680.0 441914000.0 32432900000.0 183166.0 0.0 995704000.0 3294690000.0 404889000.0 48227100.0 -2.66 4.149 [-2.66]
14454400000000.0 1379320000000000.0 11701900000.0 25301300000.0 425303000.0 4741420000.0 2332080.0 460733000.0 29536800000.0 140467.0 0.0 994500000.0 3113530000.0 365819000.0 41417400.0 -2.64 4.146 [-2.64]
14454400000000.0 1312560000000000.0 11515700000.0 23751100000.0 370547000.0 4331510000.0 1944670.0 479397000.0 26850800000.0 107545.0 0.0 992783000.0 2940470000.0 330206000.0 35560500.0 -2.62 4.144 [-2.62]
14454400000000.0 1248760000000000.0 11326000000.0 22276900000.0 322327000.0 3947490000.0 1618040.0 497922000.0 24350100000.0 82084.1 0.0 990552000.0 2773770000.0 297546000.0 30495200.0 -2.6 4.141 [-2.6]
14454400000000.0 1188310000000000.0 11134600000.0 20887500000.0 280197000.0 3591050000.0 1344760.0 516162000.0 22043400000.0 62553.1 0.0 987762000.0 2614740000.0 267865000.0 26144300.0 -2.58 4.138 [-2.58]
14454400000000.0 1131030000000000.0 10941700000.0 19579100000.0 243430000.0 3261130000.0 1116430.0 534054000.0 19921900000.0 47601.8 0.0 984382000.0 2463240000.0 240933000.0 22409200.0 -2.56 4.135 [-2.56]
14454400000000.0 1076440000000000.0 10746300000.0 18340100000.0 211227000.0 2955070000.0 925148.0 551598000.0 17966900000.0 36136.7 0.0 980400000.0 2318090000.0 216400000.0 19190500.0 -2.54 4.133 [-2.54]
14454400000000.0 1024550000000000.0 10549200000.0 17171200000.0 183121000.0 2672580000.0 765512.0 568714000.0 16174400000.0 27383.2 0.0 975791000.0 2179610000.0 194146000.0 16424900.0 -2.52 4.13 [-2.52]
14454400000000.0 975230000000000.0 10350700000.0 16069000000.0 158618000.0 2412540000.0 632502.0 585356000.0 14535100000.0 20714.3 0.0 970539000.0 2047610000.0 173988000.0 14050000.0 -2.5 4.127 [-2.5]
14454400000000.0 928354000000000.0 10150800000.0 15030200000.0 137278000.0 2173780000.0 521856.0 601484000.0 13039800000.0 15643.8 0.0 964632000.0 1921910000.0 155754000.0 12011800.0 -2.48 4.125 [-2.48]
14454400000000.0 883653000000000.0 9949250000.0 14048700000.0 118668000.0 1954620000.0 429775.0 617088000.0 11676200000.0 11789.3 0.0 958050000.0 1801930000.0 139240000.0 10259800.0 -2.46 4.122 [-2.46]
14454400000000.0 841303000000000.0 9747480000.0 13128000000.0 102537000.0 1754960000.0 353609.0 632089000.0 10441500000.0 8876.78 0.0 950806000.0 1688310000.0 124388000.0 8761780.0 -2.44 4.119 [-2.44]
14454400000000.0 801042000000000.0 9545080000.0 12261700000.0 88529900.0 1573050000.0 290555.0 646489000.0 9323470000.0 6674.77 0.0 942892000.0 1580440000.0 111009000.0 7478490.0 -2.42 4.117 [-2.42]
14454400000000.0 762769000000000.0 9342290000.0 11447300000.0 76380000.0 1407730000.0 238439.0 660273000.0 8313310000.0 5012.76 0.0 934311000.0 1478150000.0 98973600.0 6379830.0 -2.4 4.114 [-2.4]
14454400000000.0 726382000000000.0 9139310000.0 10682000000.0 65850400.0 1257850000.0 195429.0 673431000.0 7402590000.0 0.0 0.0 925071000.0 1381240000.0 88161200.0 5439780.0 -2.38 4.112 [-2.38]
14454400000000.0 691786000000000.0 8936380000.0 9963330000.0 56733200.0 1122260000.0 159988.0 685956000.0 6583210000.0 0.0 0.0 915181000.0 1289540000.0 78459500.0 4635910.0 -2.36 4.109 [-2.36]
14454400000000.0 658893000000000.0 8733730000.0 9288840000.0 48846000.0 999901000.0 130827.0 697848000.0 5847500000.0 0.0 0.0 904658000.0 1202860000.0 69765700.0 3948920.0 -2.34 4.107 [-2.34]
14454400000000.0 627616000000000.0 8531560000.0 8656170000.0 42028700.0 889705000.0 106866.0 709110000.0 5188130000.0 0.0 0.0 893520000.0 1121020000.0 61984300.0 3362160.0 -2.32 4.105 [-2.32]
14454400000000.0 597875000000000.0 8330120000.0 8063100000.0 36141000.0 790672000.0 87206.2 719752000.0 4598240000.0 0.0 0.0 881789000.0 1043840000.0 55028000.0 2861300.0 -2.3 4.102 [-2.3]
14454400000000.0 569593000000000.0 8129610000.0 7507460000.0 31060300.0 701846000.0 71095.8 729783000.0 4071410000.0 0.0 0.0 869492000.0 971139000.0 48816200.0 2434010.0 -2.28 4.1 [-2.28]
14454400000000.0 542697000000000.0 7930260000.0 6987210000.0 26679300.0 622324000.0 57910.4 739218000.0 3601630000.0 0.0 0.0 856656000.0 902729000.0 43275500.0 2069690.0 -2.26 4.098 [-2.26]
14454400000000.0 517229000000000.0 7733160000.0 6502470000.0 22916400.0 551471000.0 47159.9 748056000.0 3184590000.0 0.0 0.0 843366000.0 838727000.0 38355400.0 1760170.0 -2.24 4.095 [-2.24]
14454400000000.0 492791000000000.0 7535850000.0 6045070000.0 19654500.0 487852000.0 38330.6 756369000.0 2811470000.0 0.0 0.0 829499000.0 778082000.0 33944300.0 1494820.0 -2.22 4.093 [-2.22]
14454400000000.0 469652000000000.0 7341190000.0 5619500000.0 16857900.0 431371000.0 31151.3 764124000.0 2481240000.0 0.0 0.0 815248000.0 721489000.0 30036700.0 1269730.0 -2.2 4.091 [-2.2]
14454400000000.0 447750000000000.0 7149430000.0 5223840000.0 14461600.0 381297000.0 25317.5 771343000.0 2189320000.0 0.0 0.0 800664000.0 668750000.0 26578000.0 1078870.0 -2.18 4.088 [-2.18]
14454400000000.0 426813000000000.0 6958880000.0 4852620000.0 12394300.0 336656000.0 20551.6 778083000.0 1929790000.0 0.0 0.0 785662000.0 619156000.0 23495500.0 915934.0 -2.16 4.086 [-2.16]
14454400000000.0 406897000000000.0 6770630000.0 4506230000.0 10618900.0 297052000.0 16674.5 784348000.0 1700130000.0 0.0 0.0 770341000.0 572813000.0 20761700.0 777436.0 -2.14 4.084 [-2.14]
14454400000000.0 387951000000000.0 6584870000.0 4183190000.0 9094980.0 261958000.0 13523.0 790162000.0 1497080000.0 0.0 0.0 754745000.0 529557000.0 18339000.0 659761.0 -2.12 4.082 [-2.12]
14454400000000.0 369826000000000.0 6400690000.0 3880440000.0 7782520.0 230778000.0 10954.7 795561000.0 1317080000.0 0.0 0.0 738832000.0 488995000.0 16184800.0 559436.0 -2.1 4.08 [-2.1]
14454400000000.0 352777000000000.0 6221360000.0 3601580000.0 6666610.0 203424000.0 8884.77 800528000.0 1159430000.0 0.0 0.0 722892000.0 451664000.0 14295300.0 474969.0 -2.08 4.078 [-2.08]
