Cloudy_runs/pg0832/z=0.017505/logZ=-1/component_V_PI_nH/component_V_PI_nH_col_density_param.txt
# %ECSV 1.0
# ---
# datatype:
# - {name: H, datatype: float64}
# - {name: H+, datatype: float64}
# - {name: C+, datatype: float64}
# - {name: C+2, datatype: float64}
# - {name: C+3, datatype: float64}
# - {name: N+, datatype: float64}
# - {name: N+2, datatype: float64}
# - {name: N+4, datatype: float64}
# - {name: O, datatype: float64}
# - {name: O+2, datatype: float64}
# - {name: O+5, datatype: float64}
# - {name: O+6, datatype: float64}
# - {name: P+, datatype: float64}
# - {name: Si+, datatype: float64}
# - {name: Si+2, datatype: float64}
# - {name: Si+3, datatype: float64}
# - {name: Si+4, datatype: float64}
# - {name: Fe+, datatype: float64}
# - {name: Al+, datatype: float64}
# - {name: log_nH, datatype: float64}
# - {name: parameters, datatype: string, subtype: 'float64[1]'}
# schema: astropy-2.0
H H+ C+ C+2 C+3 N+ N+2 N+4 O O+2 O+5 O+6 P+ Si+ Si+2 Si+3 Si+4 Fe+ Al+ log_nH parameters
[from data line 58]
151356000000000.0 1.68593e+17 174576000000.0 3017960000000.0 867475000000.0 22301700000.0 674863000000.0 45892700000.0 100709000.0 3289390000000.0 46316400000.0 4181690000.0 370740000.0 7706710000.0 150619000000.0 95706400000.0 226322000000.0 48494200.0 628600000.0 -3.84 [-3.84]
151356000000000.0 1.60132e+17 175212000000.0 2913290000000.0 801724000000.0 22849800000.0 656107000000.0 40384300000.0 112421000.0 3250570000000.0 39413900000.0 3408490000.0 378828000.0 7923500000.0 152310000000.0 94080200000.0 208398000000.0 54116700.0 666984000.0 -3.82 [-3.82]
151356000000000.0 1.52097e+17 175733000000.0 2809620000000.0 739974000000.0 23406600000.0 637198000000.0 35488400000.0 125398000.0 3208160000000.0 33481500000.0 2773040000.0 386215000.0 8127520000.0 153558000000.0 92206100000.0 191280000000.0 60309700.0 706308000.0 -3.8 [-3.8]
151356000000000.0 1.44453e+17 176145000000.0 2707010000000.0 681984000000.0 23970700000.0 618153000000.0 31137300000.0 139779000.0 3162120000000.0 28384000000.0 2251060000.0 392899000.0 8318890000.0 154359000000.0 90096800000.0 174995000000.0 67132400.0 746543000.0 -3.78 [-3.78]
151356000000000.0 1.37207e+17 176452000000.0 2606050000000.0 627807000000.0 24543200000.0 599092000000.0 27289200000.0 155654000.0 3112790000000.0 24025400000.0 1824380000.0 398847000.0 8496200000.0 154722000000.0 87788700000.0 159628000000.0 74613900.0 787444000.0 -3.76 [-3.76]
151356000000000.0 1.30325e+17 176655000000.0 2506730000000.0 577188000000.0 25125100000.0 580021000000.0 23885300000.0 173179000.0 3060140000000.0 20298600000.0 1475660000.0 404061000.0 8659810000.0 154651000000.0 85299400000.0 145174000000.0 82818400.0 828954000.0 -3.74 [-3.74]
151356000000000.0 1.23789e+17 176765000000.0 2409250000000.0 529967000000.0 25717300000.0 560988000000.0 20879000000.0 192500000.0 3004320000000.0 17117800000.0 1191240000.0 408554000.0 8809980000.0 154163000000.0 82651900000.0 131647000000.0 91801900.0 870962000.0 -3.72 [-3.72]
151356000000000.0 1.17583e+17 176784000000.0 2313750000000.0 485987000000.0 26320100000.0 542033000000.0 18227900000.0 213773000.0 2945470000000.0 14408100000.0 959717000.0 412330000.0 8946950000.0 153273000000.0 79871600000.0 119044000000.0 101623000.0 913335000.0 -3.7 [-3.7]
151356000000000.0 1.11687e+17 176713000000.0 2220320000000.0 445086000000.0 26933500000.0 523188000000.0 15893300000.0 237164000.0 2883700000000.0 12103600000.0 771591000.0 415386000.0 9070960000.0 151999000000.0 76984500000.0 107353000000.0 112346000.0 955922000.0 -3.68 [-3.68]
151356000000000.0 1.06089e+17 176562000000.0 2129100000000.0 407109000000.0 27558400000.0 504498000000.0 13840700000.0 262848000.0 2819240000000.0 10147800000.0 619076000.0 417754000.0 9182780000.0 150370000000.0 74013500000.0 96557000000.0 124033000.0 998598000.0 -3.66 [-3.66]
151356000000000.0 1.00773e+17 176334000000.0 2040180000000.0 371901000000.0 28195000000.0 485997000000.0 12038800000.0 291006000.0 2752250000000.0 8491280000.0 495692000.0 419449000.0 9283050000.0 148411000000.0 70982900000.0 86628400000.0 136749000.0 1041220000.0 -3.64 [-3.64]
151356000000000.0 9.57244e+16 176029000000.0 1953610000000.0 339307000000.0 28843400000.0 467710000000.0 10459100000.0 321835000.0 2682920000000.0 7090730000.0 396065000.0 420485000.0 9372450000.0 146148000000.0 67915400000.0 77532000000.0 150564000.0 1083620000.0 -3.62 [-3.62]
151356000000000.0 9.0931e+16 175653000000.0 1869480000000.0 309181000000.0 29503800000.0 449675000000.0 9076320000.0 355532000.0 2611470000000.0 5909310000.0 315813000.0 420888000.0 9451810000.0 143612000000.0 64832700000.0 69231500000.0 165546000.0 1125650000.0 -3.6 [-3.6]
151356000000000.0 8.63784e+16 175210000000.0 1787790000000.0 281368000000.0 30176600000.0 431909000000.0 7867260000.0 392317000.0 2538100000000.0 4914430000.0 251286000.0 420686000.0 9522150000.0 140832000000.0 61752400000.0 61682100000.0 181770000.0 1167180000.0 -3.58 [-3.58]
151356000000000.0 8.20551e+16 174702000000.0 1708570000000.0 255730000000.0 30861600000.0 414439000000.0 6811650000.0 432406000.0 2463040000000.0 4078490000.0 199521000.0 419903000.0 9584290000.0 137838000000.0 58692900000.0 54839900000.0 199306000.0 1208050000.0 -3.56 [-3.56]
151356000000000.0 7.79588e+16 174134000000.0 1632020000000.0 232178000000.0 31558800000.0 397327000000.0 5892920000.0 475960000.0 2386720000000.0 3378770000.0 158153000.0 418574000.0 9638770000.0 134670000000.0 55677700000.0 48669000000.0 218190000.0 1248040000.0 -3.54 [-3.54]
151356000000000.0 7.40504e+16 173498000000.0 1557600000000.0 210440000000.0 32267900000.0 380467000000.0 5089720000.0 523417000.0 2308750000000.0 2791110000.0 124988000.0 416695000.0 9687600000.0 131321000000.0 52698900000.0 43091500000.0 238605000.0 1287210000.0 -3.52 [-3.52]
151356000000000.0 7.0348e+16 172808000000.0 1485860000000.0 190531000000.0 32988600000.0 364001000000.0 4392670000.0 574810000.0 2230000000000.0 2301530000.0 98612900.0 414329000.0 9730550000.0 127855000000.0 49790400000.0 38092300000.0 260509000.0 1325210000.0 -3.5 [-3.5]
151356000000000.0 6.68322e+16 172062000000.0 1416590000000.0 172283000000.0 33720500000.0 347902000000.0 3787190000.0 630453000.0 2150500000000.0 1893690000.0 77640100.0 411491000.0 9768840000.0 124284000000.0 46955400000.0 33615100000.0 284009000.0 1361970000.0 -3.48 [-3.48]
151356000000000.0 6.35018e+16 171265000000.0 1349940000000.0 155616000000.0 34463000000.0 332222000000.0 3262890000.0 690496000.0 2070700000000.0 1555310000.0 61029100.0 408226000.0 9802880000.0 120646000000.0 44209200000.0 29622900000.0 309117000.0 1397310000.0 -3.46 [-3.46]
151356000000000.0 6.03315e+16 170412000000.0 1285550000000.0 140349000000.0 35215000000.0 316891000000.0 2807570000.0 755369000.0 1990420000000.0 1274090000.0 47850500.0 404534000.0 9834130000.0 116938000000.0 41545300000.0 26058700000.0 335992000.0 1431230000.0 -3.44 [-3.44]
151356000000000.0 5.7321e+16 169506000000.0 1223550000000.0 126416000000.0 35975600000.0 301957000000.0 2413450000.0 825230000.0 1910090000000.0 1041400000.0 37440200.0 400456000.0 9862890000.0 113194000000.0 38976400000.0 22889900000.0 364644000.0 1463540000.0 -3.42 [-3.42]
151356000000000.0 5.44623e+16 168550000000.0 1163890000000.0 113718000000.0 36743300000.0 287426000000.0 2072670000.0 900321000.0 1829940000000.0 849290000.0 29234900.0 396016000.0 9889750000.0 109430000000.0 36506700000.0 20078600000.0 395123000.0 1494120000.0 -3.4 [-3.4]
151356000000000.0 5.1741e+16 167539000000.0 1106400000000.0 102139000000.0 37516400000.0 273269000000.0 1777770000.0 981008000.0 1749980000000.0 690774000.0 22770300.0 391226000.0 9915620000.0 105654000000.0 34133300000.0 17585200000.0 427538000.0 1522930000.0 -3.38 [-3.38]
151356000000000.0 4.91635e+16 166482000000.0 1051310000000.0 91639700000.0 38293600000.0 259559000000.0 1523900000.0 1067270000.0 1670840000000.0 560789000.0 17708300.0 386143000.0 9940210000.0 101903000000.0 31870100000.0 15386100000.0 461795000.0 1549780000.0 -3.36 [-3.36]
151356000000000.0 4.6716e+16 165376000000.0 998440000000.0 82113000000.0 39072500000.0 246263000000.0 1305070000.0 1159430000.0 1592510000000.0 454221000.0 13744300.0 380778000.0 9964280000.0 98178000000.0 29711900000.0 13446200000.0 497979000.0 1574630000.0 -3.34 [-3.34]
151356000000000.0 4.43918e+16 164222000000.0 947723000000.0 73480800000.0 39850900000.0 233382000000.0 1116650000.0 1257690000.0 1515190000000.0 367055000.0 10646900.0 375154000.0 9988150000.0 94491800000.0 27658800000.0 11737800000.0 536104000.0 1597410000.0 -3.32 [-3.32]
151356000000000.0 4.21848e+16 163020000000.0 899110000000.0 65670500000.0 40626100000.0 220916000000.0 954560000.0 1362210000.0 1439070000000.0 295928000.0 8231660.0 369295000.0 10012000000.0 90854200000.0 25710100000.0 10235600000.0 576169000.0 1618070000.0 -3.3 [-3.3]
151356000000000.0 4.00944e+16 161775000000.0 852666000000.0 58628800000.0 41395700000.0 208893000000.0 815518000.0 1472980000.0 1364480000000.0 238127000.0 6355540.0 363242000.0 10035800000.0 87284500000.0 23868900000.0 8919070000.0 618079000.0 1636530000.0 -3.28 [-3.28]
151356000000000.0 3.8104e+16 160478000000.0 808088000000.0 52261300000.0 42155200000.0 197252000000.0 695862000.0 1590450000.0 1291230000000.0 191084000.0 4895440.0 356981000.0 10060200000.0 83768600000.0 22124300000.0 7762400000.0 661972000.0 1652800000.0 -3.26 [-3.26]
151356000000000.0 3.62138e+16 159134000000.0 765443000000.0 46525400000.0 42901700000.0 186021000000.0 593212000.0 1714530000.0 1219640000000.0 152971000.0 3763920.0 350550000.0 10085000000.0 80323400000.0 20478600000.0 6749560000.0 707728000.0 1666820000.0 -3.24 [-3.24]
151356000000000.0 3.4419e+16 157743000000.0 724677000000.0 41365900000.0 43631300000.0 175198000000.0 505231000.0 1845260000.0 1149860000000.0 122170000.0 2888830.0 343972000.0 10110200000.0 76954500000.0 18929100000.0 5863780000.0 755285000.0 1678580000.0 -3.22 [-3.22]
151356000000000.0 3.27144e+16 156307000000.0 685728000000.0 36731600000.0 44339800000.0 164779000000.0 429887000.0 1982630000.0 1081990000000.0 97336000.0 2213340.0 337264000.0 10135600000.0 73665600000.0 17473000000.0 5089970000.0 804577000.0 1688060000.0 -3.2 [-3.2]
151356000000000.0 3.10961e+16 154826000000.0 648548000000.0 32575800000.0 45023000000.0 154762000000.0 365432000.0 2126580000.0 1016180000000.0 77366300.0 1693010.0 330448000.0 10161200000.0 70461100000.0 16107200000.0 4414830000.0 855503000.0 1695290000.0 -3.18 [-3.18]
151356000000000.0 2.95589e+16 153298000000.0 613063000000.0 28853400000.0 45675900000.0 145140000000.0 310325000.0 2277010000.0 952488000000.0 61343100.0 1292830.0 323538000.0 10186900000.0 67341600000.0 14828000000.0 3826220000.0 907983000.0 1700250000.0 -3.16 [-3.16]
151356000000000.0 2.80988e+16 151725000000.0 579217000000.0 25523900000.0 46293900000.0 135909000000.0 263252000.0 2433780000.0 890999000000.0 48518600.0 985643.0 316550000.0 10212400000.0 64309100000.0 13632000000.0 3313540000.0 961901000.0 1702970000.0 -3.14 [-3.14]
151356000000000.0 2.67124e+16 150109000000.0 546966000000.0 22551300000.0 46872100000.0 127067000000.0 223090000.0 2596600000.0 831813000000.0 38283100.0 750325.0 309504000.0 10237400000.0 61366400000.0 12515800000.0 2867550000.0 1017110000.0 1703480000.0 -3.12 [-3.12]
151356000000000.0 2.53958e+16 148450000000.0 516250000000.0 19900600000.0 47405400000.0 118610000000.0 188851000.0 2765210000.0 774978000000.0 30133400.0 570355.0 302416000.0 10261600000.0 58513700000.0 11475900000.0 2479870000.0 1073470000.0 1701840000.0 -3.1 [-3.1]
151356000000000.0 2.41421e+16 146742000000.0 486936000000.0 17535500000.0 47887100000.0 110514000000.0 159635000.0 2939520000.0 720420000000.0 23650200.0 432714.0 295280000.0 10285100000.0 55743300000.0 10506100000.0 2142550000.0 1130940000.0 1698060000.0 -3.08 [-3.08]
151356000000000.0 2.29547e+16 144998000000.0 459123000000.0 15437200000.0 48315600000.0 102810000000.0 134828000.0 3118600000.0 668421000000.0 18524700.0 328019.0 288148000.0 10307000000.0 53071000000.0 9607710000.0 1850400000.0 1189150000.0 1692240000.0 -3.06 [-3.06]
151356000000000.0 2.18269e+16 143213000000.0 432679000000.0 13573900000.0 48684400000.0 95476000000.0 113740000.0 3302220000.0 618876000000.0 14474700.0 248338.0 281016000.0 10327000000.0 50488300000.0 8774590000.0 1597060000.0 1248030000.0 1684420000.0 -3.04 [-3.04]
151356000000000.0 2.07585e+16 141394000000.0 407617000000.0 11925100000.0 48991200000.0 88520300000.0 95864600.0 3489570000.0 571899000000.0 11287800.0 187887.0 273914000.0 10344700000.0 48001700000.0 8005050000.0 1377920000.0 1307290000.0 1674710000.0 -3.02 [-3.02]
151356000000000.0 1.97409e+16 139530000000.0 383750000000.0 10461700000.0 49227400000.0 81905400000.0 80668600.0 3680620000.0 527276000000.0 8777320.0 0.0 266814000.0 10360200000.0 45595700000.0 7291890000.0 1187770000.0 1366990000.0 1663110000.0 -3.0 [-3.0]
151356000000000.0 1.87743e+16 137629000000.0 361097000000.0 9167580000.0 49391200000.0 75642000000.0 67792700.0 3874450000.0 485104000000.0 6808830.0 0.0 259748000.0 10372800000.0 43276700000.0 6633670000.0 1023230000.0 1426850000.0 1649720000.0 -2.98 [-2.98]
151356000000000.0 1.78561e+16 135692000000.0 339609000000.0 8024610000.0 49479300000.0 69723100000.0 56895300.0 4070410000.0 445358000000.0 5269250.0 0.0 252726000.0 10382000000.0 41043400000.0 6027090000.0 880947000.0 1486690000.0 1634640000.0 -2.96 [-2.96]
151356000000000.0 1.6984e+16 133720000000.0 319238000000.0 7016530000.0 49489000000.0 64142300000.0 47683900.0 4267790000.0 408005000000.0 4068270.0 0.0 245758000.0 10387600000.0 38894600000.0 5468990000.0 757996000.0 1546330000.0 1617950000.0 -2.94 [-2.94]
151356000000000.0 1.61554e+16 131715000000.0 299936000000.0 6128530000.0 49418200000.0 58891400000.0 39907500.0 4465850000.0 372998000000.0 3133750.0 0.0 238853000.0 10389100000.0 36828600000.0 4956270000.0 651813000.0 1605620000.0 1599740000.0 -2.92 [-2.92]
151356000000000.0 1.5366e+16 129672000000.0 281608000000.0 5345690000.0 49262200000.0 53951900000.0 33339200.0 4664180000.0 340213000000.0 2407250.0 0.0 232000000.0 10386100000.0 34838400000.0 4484830000.0 560003000.0 1664490000.0 1580040000.0 -2.9 [-2.9]
151356000000000.0 1.46183e+16 127606000000.0 264313000000.0 4659450000.0 49026900000.0 49337300000.0 27821300.0 4861450000.0 309732000000.0 1845970.0 0.0 225245000.0 10378200000.0 32934100000.0 4054180000.0 480987000.0 1722580000.0 1559060000.0 -2.88 [-2.88]
151356000000000.0 1.39078e+16 125512000000.0 247955000000.0 4057220000.0 48709200000.0 45026800000.0 23182400.0 5057230000.0 281408000000.0 1412490.0 0.0 218578000.0 10365000000.0 31107900000.0 3660360000.0 412878000.0 1779850000.0 1536850000.0 -2.86 [-2.86]
151356000000000.0 1.32328e+16 123392000000.0 232491000000.0 3529340000.0 48310200000.0 41010500000.0 19288200.0 5250810000.0 255162000000.0 1078540.0 0.0 212004000.0 10346200000.0 29358400000.0 3300770000.0 354207000.0 1836170000.0 1513510000.0 -2.84 [-2.84]
151356000000000.0 1.25914e+16 121248000000.0 217883000000.0 3067180000.0 47831700000.0 37278000000.0 16024100.0 5441530000.0 230910000000.0 821860.0 0.0 205529000.0 10321600000.0 27683600000.0 2972930000.0 303697000.0 1891410000.0 1489110000.0 -2.82 [-2.82]
151356000000000.0 1.19819e+16 119083000000.0 204090000000.0 2663040000.0 47276400000.0 33818300000.0 13292600.0 5628760000.0 208562000000.0 625040.0 0.0 199160000.0 10290700000.0 26081900000.0 2674490000.0 260240000.0 1945450000.0 1463770000.0 -2.8 [-2.8]
151356000000000.0 1.14044e+16 116905000000.0 191113000000.0 2310800000.0 46651500000.0 30627000000.0 11014500.0 5811640000.0 188071000000.0 474711.0 0.0 192919000.0 10253400000.0 24556300000.0 2403870000.0 222948000.0 1998080000.0 1437670000.0 -2.78 [-2.78]
151356000000000.0 1.0854e+16 114703000000.0 178837000000.0 2002710000.0 45953000000.0 27677400000.0 9109930.0 5990180000.0 169247000000.0 359701.0 0.0 186775000.0 10209500000.0 23095300000.0 2157590000.0 190829000.0 2049440000.0 1410720000.0 -2.76 [-2.76]
151356000000000.0 1.03309e+16 112487000000.0 167268000000.0 1734190000.0 45189400000.0 24965100000.0 7523710.0 6163650000.0 152040000000.0 272089.0 0.0 180749000.0 10158800000.0 21702000000.0 1934380000.0 163245000.0 2099330000.0 1383120000.0 -2.74 [-2.74]
151356000000000.0 9833710000000000.0 110258000000.0 156370000000.0 1500400000.0 44365800000.0 22477300000.0 6204780.0 6331630000.0 136352000000.0 205482.0 0.0 174846000.0 10101100000.0 20374700000.0 1732380000.0 139569000.0 2147670000.0 1354940000.0 -2.72 [-2.72]
151356000000000.0 9359700000000000.0 108012000000.0 146079000000.0 1296610000.0 43482800000.0 20196200000.0 5107740.0 6494040000.0 122052000000.0 154856.0 0.0 169049000.0 10036200000.0 19107200000.0 1549340000.0 119218000.0 2194520000.0 1326180000.0 -2.7 [-2.7]
