Cloudy_runs/pg0832/z=0.017505/logZ=-1/component_V_PI_nH/component_V_PI_nH_col_density_param.txt
# %ECSV 1.0
# ---
# datatype:
# - {name: H, datatype: float64}
# - {name: H+, datatype: float64}
# - {name: C+, datatype: float64}
# - {name: C+2, datatype: float64}
# - {name: C+3, datatype: float64}
# - {name: N+, datatype: float64}
# - {name: N+2, datatype: float64}
# - {name: N+4, datatype: float64}
# - {name: O, datatype: float64}
# - {name: O+2, datatype: float64}
# - {name: O+5, datatype: float64}
# - {name: O+6, datatype: float64}
# - {name: P+, datatype: float64}
# - {name: Si+, datatype: float64}
# - {name: Si+2, datatype: float64}
# - {name: Si+3, datatype: float64}
# - {name: Si+4, datatype: float64}
# - {name: Fe+, datatype: float64}
# - {name: Al+, datatype: float64}
# - {name: log_nH, datatype: float64}
# - {name: parameters, datatype: string, subtype: 'float64[1]'}
# schema: astropy-2.0
H H+ C+ C+2 C+3 N+ N+2 N+4 O O+2 O+5 O+6 P+ Si+ Si+2 Si+3 Si+4 Fe+ Al+ log_nH parameters
151356000000000.0 3.51643e+18 19819800000.0 2198370000000.0 5988840000000.0 1544050000.0 371512000000.0 4470280000000.0 142857.0 988442000000.0 39330100000000.0 44782600000000.0 1641940.0 25985600.0 1075980000.0 3919380000.0 277345000000.0 7344.26 822976.0 -5.0 [-5.0]
151356000000000.0 3.33227e+18 21315300000.0 2300100000000.0 6031380000000.0 1673290000.0 392041000000.0 4359700000000.0 159565.0 1046180000000.0 36817800000000.0 39965700000000.0 1908560.0 30410200.0 1235520000.0 4356110000.0 291969000000.0 8867.73 971584.0 -4.98 [-4.98]
151356000000000.0 3.15805e+18 22898000000.0 2403640000000.0 6067260000000.0 1811050000.0 413108000000.0 4244110000000.0 178168.0 1105610000000.0 34391100000000.0 35597100000000.0 2214510.0 35518700.0 1416460000.0 4834320000.0 306904000000.0 10696.3 1144590.0 -4.96 [-4.96]
151356000000000.0 2.9932e+18 24570800000.0 2508820000000.0 6096330000000.0 1957610000.0 434665000000.0 4123910000000.0 198881.0 1166660000000.0 32054800000000.0 31643900000000.0 2564980.0 41405300.0 1621350000.0 5357120000.0 322120000000.0 12888.7 1345640.0 -4.94 [-4.94]
151356000000000.0 2.83716e+18 26336300000.0 2615450000000.0 6118460000000.0 2113210000.0 456657000000.0 3999560000000.0 221941.0 1229210000000.0 29813000000000.0 28074900000000.0 2965670.0 48174500.0 1852970000.0 5927750000.0 337584000000.0 15514.4 1578830.0 -4.92 [-4.92]
151356000000000.0 2.68945e+18 28196700000.0 2723300000000.0 6133560000000.0 2278030000.0 479022000000.0 3871540000000.0 247610.0 1293170000000.0 27668800000000.0 24860100000000.0 3422880.0 55942300.0 2114360000.0 6549580000.0 353255000000.0 18655.3 1848820.0 -4.9 [-4.9]
151356000000000.0 2.54956e+18 30152900000.0 2832100000000.0 6141520000000.0 2452150000.0 501680000000.0 3740330000000.0 276167.0 1358370000000.0 25624400000000.0 21970800000000.0 3943400.0 64836300.0 2408830000.0 7226170000.0 369092000000.0 22407.6 2160850.0 -4.88 [-4.88]
151356000000000.0 2.41708e+18 32207400000.0 2941620000000.0 6142240000000.0 2635760000.0 524567000000.0 3606480000000.0 307951.0 1424720000000.0 23681400000000.0 19380200000000.0 4534920.0 74998700.0 2739990000.0 7961060000.0 385049000000.0 26885.1 2520830.0 -4.86 [-4.86]
151356000000000.0 2.2916e+18 34361500000.0 3051570000000.0 6135670000000.0 2828950000.0 547606000000.0 3470520000000.0 343337.0 1492090000000.0 21840400000000.0 17062700000000.0 5205830.0 86585800.0 3111760000.0 8757910000.0 401077000000.0 32221.5 2935370.0 -4.84 [-4.84]
151356000000000.0 2.17274e+18 36616300000.0 3161650000000.0 6121720000000.0 3031790000.0 570713000000.0 3333000000000.0 382741.0 1560330000000.0 20101400000000.0 14994400000000.0 5965270.0 99768700.0 3528370000.0 9620430000.0 417121000000.0 38573.3 3411920.0 -4.82 [-4.82]
151356000000000.0 2.06014e+18 38972400000.0 3271550000000.0 6100380000000.0 3244310000.0 593804000000.0 3194470000000.0 426636.0 1629320000000.0 18463400000000.0 13152400000000.0 6823190.0 114735000.0 3994400000.0 10552400000.0 433127000000.0 46124.3 3958780.0 -4.8 [-4.8]
151356000000000.0 1.95346e+18 41430300000.0 3380930000000.0 6071610000000.0 3466490000.0 616792000000.0 3055480000000.0 475555.0 1698910000000.0 16925200000000.0 11515800000000.0 7790430.0 131689000.0 4514760000.0 11557700000.0 449034000000.0 55087.7 4585090.0 -4.78 [-4.78]
151356000000000.0 1.85238e+18 43989700000.0 3489420000000.0 6035410000000.0 3698310000.0 639588000000.0 2916560000000.0 530099.0 1768950000000.0 15484600000000.0 10064700000000.0 8878510.0 150854000.0 5094720000.0 12640100000.0 464780000000.0 65706.1 5300400.0 -4.76 [-4.76]
151356000000000.0 1.75662e+18 46648800000.0 3596610000000.0 5991800000000.0 3939590000.0 662094000000.0 2778290000000.0 590930.0 1839280000000.0 14139600000000.0 8781260000000.0 10099900.0 172463000.0 5739750000.0 13803000000.0 480297000000.0 78273.1 6116560.0 -4.74 [-4.74]
151356000000000.0 1.66586e+18 49408600000.0 3702190000000.0 5940790000000.0 4190410000.0 684236000000.0 2641110000000.0 658856.0 1909800000000.0 12886500000000.0 7647940000000.0 11469100.0 196788000.0 6456100000.0 15050500000.0 495522000000.0 93133.2 7046520.0 -4.72 [-4.72]
151356000000000.0 1.57985e+18 52266600000.0 3805720000000.0 5882470000000.0 4450570000.0 705917000000.0 2505540000000.0 734734.0 1980350000000.0 11722400000000.0 6649520000000.0 13000500.0 224103000.0 7250000000.0 16386000000.0 510382000000.0 110677.0 8104110.0 -4.7 [-4.7]
151356000000000.0 1.49834e+18 55220600000.0 3906780000000.0 5816900000000.0 4719960000.0 727052000000.0 2372050000000.0 819554.0 2050780000000.0 10643800000000.0 5771760000000.0 14709800.0 254708000.0 8128110000.0 17812700000.0 524805000000.0 131360.0 9304690.0 -4.68 [-4.68]
151356000000000.0 1.4211e+18 58268000000.0 4004960000000.0 5744220000000.0 4998400000.0 747557000000.0 2241070000000.0 914438.0 2120940000000.0 9646900000000.0 5001620000000.0 16613800.0 288924000.0 9097470000.0 19333800000.0 538719000000.0 155710.0 10665200.0 -4.66 [-4.66]
151356000000000.0 1.34787e+18 61407200000.0 4099870000000.0 5664520000000.0 5285870000.0 767360000000.0 2112960000000.0 1020700.0 2190720000000.0 8727460000000.0 4327030000000.0 18731400.0 327105000.0 10165700000.0 20952300000.0 552052000000.0 184347.0 12204700.0 -4.64 [-4.64]
151356000000000.0 1.27848e+18 64630900000.0 4191000000000.0 5578040000000.0 5581910000.0 786365000000.0 1988150000000.0 1139690.0 2259930000000.0 7882040000000.0 3737640000000.0 21079700.0 369584000.0 11339900000.0 22670100000.0 564722000000.0 217952.0 13942600.0 -4.62 [-4.62]
151356000000000.0 1.21272e+18 67936300000.0 4277950000000.0 5484950000000.0 5886480000.0 804510000000.0 1866930000000.0 1273080.0 2328450000000.0 7106240000000.0 3223490000000.0 23679400.0 416753000.0 12628200000.0 24489400000.0 576659000000.0 257344.0 15901300.0 -4.6 [-4.6]
151356000000000.0 1.1504e+18 71319200000.0 4360340000000.0 5385490000000.0 6199440000.0 821731000000.0 1749580000000.0 1422720.0 2396150000000.0 6395920000000.0 2775840000000.0 26551600.0 469012000.0 14038700000.0 26411700000.0 587788000000.0 303449.0 18105000.0 -4.58 [-4.58]
151356000000000.0 1.09133e+18 74773400000.0 4437730000000.0 5279930000000.0 6520580000.0 837963000000.0 1636350000000.0 1590680.0 2462890000000.0 5747030000000.0 2386770000000.0 29717700.0 526777000.0 15579600000.0 28437800000.0 598036000000.0 357330.0 20579800.0 -4.56 [-4.56]
151356000000000.0 1.03535e+18 78292800000.0 4509720000000.0 5168550000000.0 6849720000.0 853149000000.0 1527410000000.0 1779340.0 2528530000000.0 5155510000000.0 2049220000000.0 33200100.0 590478000.0 17259300000.0 30568000000.0 607332000000.0 420203.0 23353700.0 -4.54 [-4.54]
151356000000000.0 9.82286e+17 81870500000.0 4575930000000.0 5051700000000.0 7186670000.0 867241000000.0 1422940000000.0 1991350.0 2592950000000.0 4617420000000.0 1756870000000.0 37021700.0 660559000.0 19086100000.0 32801700000.0 615608000000.0 493455.0 26457100.0 -4.52 [-4.52]
151356000000000.0 9.31989e+17 85498500000.0 4635980000000.0 4929700000000.0 7531220000.0 880188000000.0 1323040000000.0 2229720.0 2656000000000.0 4128940000000.0 1504080000000.0 41206100.0 737475000.0 21068200000.0 35137400000.0 622794000000.0 578665.0 29922500.0 -4.5 [-4.5]
151356000000000.0 8.84313e+17 89169100000.0 4689530000000.0 4802960000000.0 7883210000.0 891954000000.0 1227800000000.0 2497850.0 2717560000000.0 3686390000000.0 1285870000000.0 45776100.0 821686000.0 23213600000.0 37573000000.0 628831000000.0 677632.0 33784700.0 -4.48 [-4.48]
151356000000000.0 8.39122e+17 92874200000.0 4736300000000.0 4671910000000.0 8242490000.0 902509000000.0 1137260000000.0 2799570.0 2777520000000.0 3286240000000.0 1097800000000.0 50754400.0 913657000.0 25530100000.0 40105100000.0 633662000000.0 792392.0 38080900.0 -4.46 [-4.46]
151356000000000.0 7.96288e+17 96604500000.0 4776010000000.0 4536990000000.0 8608910000.0 911826000000.0 1051410000000.0 3139170.0 2835740000000.0 2925130000000.0 935983000000.0 56163100.0 1013850000.0 28024900000.0 42729200000.0 637234000000.0 925252.0 42850200.0 -4.44 [-4.44]
151356000000000.0 7.55683e+17 100351000000.0 4808420000000.0 4398660000000.0 8982300000.0 919884000000.0 970254000000.0 3521530.0 2892120000000.0 2599830000000.0 796953000000.0 62023100.0 1122710000.0 30704600000.0 45439800000.0 639500000000.0 1078820.0 48134300.0 -4.42 [-4.42]
151356000000000.0 7.1719e+17 104102000000.0 4833340000000.0 4257390000000.0 9362510000.0 926667000000.0 893724000000.0 3952100.0 2946520000000.0 2307350000000.0 677685000000.0 68354100.0 1240680000.0 33574900000.0 48229900000.0 640418000000.0 1256040.0 53977000.0 -4.4 [-4.4]
151356000000000.0 6.80698e+17 107849000000.0 4850590000000.0 4113690000000.0 9749340000.0 932166000000.0 821742000000.0 4437020.0 2998850000000.0 2044820000000.0 575516000000.0 75172400.0 1368170000.0 36640500000.0 51091200000.0 639953000000.0 1460210.0 60423800.0 -4.38 [-4.38]
151356000000000.0 6.46098e+17 111581000000.0 4860070000000.0 3968070000000.0 10142600000.0 936374000000.0 754210000000.0 4983180.0 3048970000000.0 1809590000000.0 488120000000.0 82492300.0 1505550000.0 39904900000.0 54014400000.0 638080000000.0 1695040.0 67522700.0 -4.36 [-4.36]
151356000000000.0 6.1331e+17 115281000000.0 4861680000000.0 3821140000000.0 10541800000.0 939288000000.0 691048000000.0 5597910.0 3096760000000.0 1599300000000.0 413507000000.0 90317500.0 1653040000.0 43367900000.0 56987400000.0 634782000000.0 1964510.0 75317400.0 -4.34 [-4.34]
151356000000000.0 5.82201e+17 118947000000.0 4855480000000.0 3673230000000.0 10947500000.0 940924000000.0 632039000000.0 6290660.0 3142170000000.0 1411380000000.0 349821000000.0 98667600.0 1811160000.0 47033700000.0 59999200000.0 630042000000.0 2273610.0 83869000.0 -4.32 [-4.32]
151356000000000.0 5.52701e+17 122567000000.0 4841490000000.0 3524940000000.0 11359300000.0 941290000000.0 577074000000.0 7070830.0 3185080000000.0 1243830000000.0 295569000000.0 107540000.0 1980020000.0 50898800000.0 63034700000.0 623864000000.0 2627400.0 93224900.0 -4.3 [-4.3]
151356000000000.0 5.24708e+17 126135000000.0 4819820000000.0 3376660000000.0 11777700000.0 940404000000.0 525956000000.0 7949970.0 3225400000000.0 1094580000000.0 249389000000.0 116941000.0 2159980000.0 54962100000.0 66078600000.0 616247000000.0 3031970.0 103446000.0 -4.28 [-4.28]
151356000000000.0 4.98173e+17 129628000000.0 4790530000000.0 3229130000000.0 12201200000.0 938275000000.0 478592000000.0 8939000.0 3262980000000.0 962016000000.0 210179000000.0 126840000.0 2350710000.0 59211700000.0 69113300000.0 607223000000.0 3493160.0 114571000.0 -4.26 [-4.26]
151356000000000.0 4.73002e+17 133040000000.0 4753820000000.0 3082700000000.0 12630300000.0 934930000000.0 434767000000.0 10052200.0 3297750000000.0 844368000000.0 176907000000.0 137231000.0 2552350000.0 63640900000.0 72121000000.0 596815000000.0 4018400.0 126661000.0 -4.24 [-4.24]
151356000000000.0 4.49128e+17 136348000000.0 4709820000000.0 2937950000000.0 13063800000.0 930382000000.0 394329000000.0 11303700.0 3329580000000.0 740165000000.0 148721000000.0 148070000.0 2764440000.0 68233500000.0 75083500000.0 585065000000.0 4615180.0 139758000.0 -4.22 [-4.22]
151356000000000.0 4.26465e+17 139562000000.0 4658920000000.0 2795120000000.0 13503000000.0 924679000000.0 357047000000.0 12712300.0 3358430000000.0 647900000000.0 124853000000.0 159355000.0 2987150000.0 72980300000.0 77978600000.0 572011000000.0 5293050.0 153934000.0 -4.2 [-4.2]
151356000000000.0 4.04981e+17 142689000000.0 4601720000000.0 2654710000000.0 13949000000.0 917890000000.0 322774000000.0 14296200.0 3384290000000.0 566398000000.0 104688000000.0 171068000.0 3220230000.0 77865100000.0 80779900000.0 557740000000.0 6061190.0 169231000.0 -4.18 [-4.18]
151356000000000.0 3.84568e+17 145691000000.0 4538070000000.0 2516980000000.0 14399600000.0 909988000000.0 291298000000.0 16077400.0 3406960000000.0 494422000000.0 87648800000.0 183132000.0 3462900000.0 82862000000.0 83471700000.0 542287000000.0 6931080.0 185710000.0 -4.16 [-4.16]
151356000000000.0 3.65207e+17 148564000000.0 4468540000000.0 2382500000000.0 14854600000.0 901041000000.0 262494000000.0 18077100.0 3426370000000.0 431049000000.0 73292000000.0 195486000.0 3714140000.0 87942200000.0 86029300000.0 525764000000.0 7913120.0 203391000.0 -4.14 [-4.14]
151356000000000.0 3.46831e+17 151306000000.0 4393550000000.0 2251470000000.0 15314500000.0 891091000000.0 236165000000.0 20322500.0 3442470000000.0 375288000000.0 61203300000.0 208085000.0 3973370000.0 93080300000.0 88429200000.0 508255000000.0 9020750.0 222330000.0 -4.12 [-4.12]
151356000000000.0 3.29387e+17 153911000000.0 4313490000000.0 2124160000000.0 15779300000.0 880183000000.0 212146000000.0 22842300.0 3455180000000.0 326292000000.0 51037300000.0 220863000.0 4239580000.0 98244400000.0 90649000000.0 489861000000.0 10268100.0 242563000.0 -4.1 [-4.1]
151356000000000.0 3.12827e+17 156374000000.0 4228820000000.0 2000810000000.0 16248800000.0 868363000000.0 190275000000.0 25668500.0 3464430000000.0 283299000000.0 42499300000.0 233751000.0 4511630000.0 103400000000.0 92666500000.0 470693000000.0 11670600.0 264124000.0 -4.08 [-4.08]
151356000000000.0 2.97104e+17 158693000000.0 4140000000000.0 1881610000000.0 16723100000.0 855682000000.0 170396000000.0 28836400.0 3470160000000.0 245626000000.0 35338500000.0 246676000.0 4788270000.0 108510000000.0 94460700000.0 450871000000.0 13245200.0 287039000.0 -4.06 [-4.06]
151356000000000.0 2.82176e+17 160864000000.0 4047490000000.0 1766740000000.0 17202200000.0 842192000000.0 152361000000.0 32385200.0 3472310000000.0 212660000000.0 29340700000.0 259565000.0 5068130000.0 113536000000.0 96012100000.0 430518000000.0 15010200.0 311330000.0 -4.04 [-4.04]
151356000000000.0 2.68011e+17 162874000000.0 3951770000000.0 1656440000000.0 17685200000.0 827952000000.0 136045000000.0 36354100.0 3470820000000.0 183880000000.0 24327900000.0 272310000.0 5349150000.0 118431000000.0 97306800000.0 409781000000.0 16983500.0 336977000.0 -4.02 [-4.02]
151356000000000.0 2.5454e+17 164758000000.0 3853260000000.0 1550410000000.0 18175500000.0 812996000000.0 121264000000.0 40801400.0 3465660000000.0 158718000000.0 20134200000.0 284926000.0 5631550000.0 123174000000.0 98318100000.0 388743000000.0 19193500.0 364085000.0 -4.0 [-4.0]
151356000000000.0 2.41757e+17 166482000000.0 3752470000000.0 1449100000000.0 18669900000.0 797400000000.0 107941000000.0 45768500.0 3456780000000.0 136815000000.0 16639800000.0 297249000.0 5911990000.0 127704000000.0 99044800000.0 367587000000.0 21657300.0 392553000.0 -3.98 [-3.98]
151356000000000.0 2.29618e+17 168058000000.0 3649810000000.0 1352410000000.0 19169800000.0 781213000000.0 95939700000.0 51316100.0 3444160000000.0 117756000000.0 13729700000.0 309236000.0 6189420000.0 131988000000.0 99473700000.0 346430000000.0 24402800.0 422402000.0 -3.96 [-3.96]
151356000000000.0 2.18089e+17 169487000000.0 3545730000000.0 1260340000000.0 19675400000.0 764490000000.0 85147200000.0 57506700.0 3427760000000.0 101196000000.0 11309900000.0 320820000.0 6462250000.0 135988000000.0 99598800000.0 325401000000.0 27457700.0 453611000.0 -3.94 [-3.94]
151356000000000.0 2.0714e+17 170774000000.0 3440640000000.0 1172840000000.0 20187000000.0 747289000000.0 75458800000.0 64408700.0 3407590000000.0 86829500000.0 9300950000.0 331940000.0 6728960000.0 139668000000.0 99417300000.0 304626000000.0 30851800.0 486150000.0 -3.92 [-3.92]
151356000000000.0 1.96741e+17 171923000000.0 3334940000000.0 1089880000000.0 20705100000.0 729667000000.0 66776200000.0 72096600.0 3383640000000.0 74383700000.0 7635780000.0 342540000.0 6988100000.0 142998000000.0 98930000000.0 284224000000.0 34617500.0 519980000.0 -3.9 [-3.9]
151356000000000.0 1.86865e+17 172937000000.0 3229010000000.0 1011380000000.0 21230100000.0 711680000000.0 59008300000.0 80651600.0 3355920000000.0 63618700000.0 6257800000.0 352570000.0 7238320000.0 145947000000.0 98142000000.0 264304000000.0 38789200.0 555050000.0 -3.88 [-3.88]
