Cloudy_runs/pg0832/z=0.017505/logZ=-1/component_IV_PI_nH/component_IV_PI_nH_col_density_param.txt
# %ECSV 1.0
# ---
# datatype:
# - {name: H, datatype: float64}
# - {name: H+, datatype: float64}
# - {name: C+, datatype: float64}
# - {name: C+2, datatype: float64}
# - {name: C+3, datatype: float64}
# - {name: N+, datatype: float64}
# - {name: N+2, datatype: float64}
# - {name: N+4, datatype: float64}
# - {name: O, datatype: float64}
# - {name: O+2, datatype: float64}
# - {name: O+5, datatype: float64}
# - {name: O+6, datatype: float64}
# - {name: P+, datatype: float64}
# - {name: Si+, datatype: float64}
# - {name: Si+2, datatype: float64}
# - {name: Si+3, datatype: float64}
# - {name: Si+4, datatype: float64}
# - {name: Fe+, datatype: float64}
# - {name: Al+, datatype: float64}
# - {name: log_nH, datatype: float64}
# - {name: parameters, datatype: string, subtype: 'float64[1]'}
# schema: astropy-2.0
H H+ C+ C+2 C+3 N+ N+2 N+4 O O+2 O+5 O+6 P+ Si+ Si+2 Si+3 Si+4 Fe+ Al+ log_nH parameters
[from data line 234]
6760830000000000.0 3681150000000000.0 214867000000.0 2228840000.0 0.0 28918100000.0 1873200.0 0.0 356202000000.0 8832350.0 0.0 0.0 267213000.0 33397200000.0 158983000.0 405737.0 0.0 32187700000.0 2914090000.0 -0.32 [-0.32]
6760830000000000.0 3574180000000000.0 211368000000.0 2117750000.0 0.0 28023800000.0 1718030.0 0.0 355708000000.0 8112160.0 0.0 0.0 264504000.0 33057600000.0 150771000.0 380306.0 0.0 31890300000.0 2885030000.0 -0.3 [-0.3]
6760830000000000.0 3470370000000000.0 207938000000.0 2012170000.0 0.0 27153800000.0 1575790.0 0.0 355219000000.0 7452550.0 0.0 0.0 261874000.0 32727800000.0 142983000.0 356603.0 0.0 31600800000.0 2856820000.0 -0.28 [-0.28]
6760830000000000.0 3370440000000000.0 204603000000.0 1912490000.0 0.0 26313400000.0 1445850.0 0.0 354740000000.0 6850610.0 0.0 0.0 259341000.0 32410200000.0 135634000.0 334557.0 0.0 31321600000.0 2829640000.0 -0.26 [-0.26]
6760830000000000.0 3273390000000000.0 201332000000.0 1817680000.0 0.0 25495500000.0 1326650.0 0.0 354267000000.0 6298750.0 0.0 0.0 256881000.0 32101500000.0 128653000.0 313987.0 0.0 31049600000.0 2803240000.0 -0.24 [-0.24]
6760830000000000.0 3179250000000000.0 198127000000.0 1727610000.0 0.0 24699800000.0 1217280.0 0.0 353800000000.0 5793190.0 0.0 0.0 254495000.0 31801800000.0 121998000.0 294797.0 0.0 30785300000.0 2777620000.0 -0.22 [-0.22]
6760830000000000.0 3088150000000000.0 194992000000.0 1642160000.0 0.0 23927900000.0 1117100.0 0.0 353341000000.0 5330120.0 0.0 0.0 252184000.0 31511600000.0 115703000.0 276894.0 0.0 30528800000.0 2752810000.0 -0.2 [-0.2]
6760830000000000.0 2999650000000000.0 191914000000.0 1560860000.0 0.0 23177000000.0 1025180.0 0.0 352888000000.0 4905150.0 0.0 0.0 249940000.0 31229500000.0 109726000.0 260168.0 0.0 30279000000.0 2728710000.0 -0.18 [-0.18]
6760830000000000.0 2914410000000000.0 188917000000.0 1484030000.0 0.0 22451200000.0 941100.0 0.0 352444000000.0 4516610.0 0.0 0.0 247777000.0 30957500000.0 104071000.0 244572.0 0.0 30037900000.0 2705470000.0 -0.16 [-0.16]
6760830000000000.0 2831120000000000.0 185958000000.0 1410600000.0 0.0 21740600000.0 863638.0 0.0 352005000000.0 4159070.0 0.0 0.0 245663000.0 30691600000.0 98638700.0 229970.0 0.0 29802000000.0 2682770000.0 -0.14 [-0.14]
6760830000000000.0 2750670000000000.0 183067000000.0 1341040000.0 0.0 21052400000.0 792707.0 0.0 351573000000.0 3831530.0 0.0 0.0 243621000.0 30434600000.0 93496900.0 216332.0 0.0 29573600000.0 2660820000.0 -0.12 [-0.12]
6760830000000000.0 2672640000000000.0 180233000000.0 1274930000.0 0.0 20383300000.0 727596.0 0.0 351149000000.0 3530870.0 0.0 0.0 241640000.0 30185100000.0 88600300.0 203576.0 0.0 29351600000.0 2639530000.0 -0.1 [-0.1]
6760830000000000.0 2596950000000000.0 177452000000.0 1212110000.0 0.0 19732900000.0 667830.0 0.0 350732000000.0 3254800.0 0.0 0.0 239718000.0 29943000000.0 83939900.0 191641.0 0.0 29135900000.0 2618870000.0 -0.08 [-0.08]
6760830000000000.0 2523510000000000.0 174723000000.0 1152380000.0 0.0 19100100000.0 612941.0 0.0 350321000000.0 3001210.0 0.0 0.0 237853000.0 29707800000.0 79496300.0 180468.0 0.0 28926200000.0 2598820000.0 -0.06 [-0.06]
6760830000000000.0 2452220000000000.0 172044000000.0 1095580000.0 0.0 18484500000.0 562522.0 0.0 349918000000.0 2768180.0 0.0 0.0 236042000.0 29479400000.0 75258000.0 170005.0 0.0 28722300000.0 2579350000.0 -0.04 [-0.04]
6760830000000000.0 2383010000000000.0 169412000000.0 1041570000.0 0.0 17885300000.0 516198.0 0.0 349521000000.0 2553970.0 0.0 0.0 234283000.0 29257500000.0 71212000.0 160201.0 0.0 28524000000.0 2560430000.0 -0.02 [-0.02]
6760830000000000.0 2315800000000000.0 166828000000.0 990202000.0 0.0 17301900000.0 473628.0 0.0 349130000000.0 2357010.0 0.0 0.0 232575000.0 29041800000.0 67347400.0 151013.0 0.0 28331200000.0 2542060000.0 -0.0 [-0.0]
6760830000000000.0 2250640000000000.0 164290000000.0 941382000.0 0.0 16736100000.0 434597.0 0.0 348747000000.0 2175830.0 0.0 0.0 230919000.0 28832500000.0 63694800.0 142398.0 0.0 28143800000.0 2524250000.0 0.02 [0.02]
6760830000000000.0 2187230000000000.0 161794000000.0 894903000.0 0.0 16182900000.0 398629.0 0.0 348369000000.0 2009150.0 0.0 0.0 229307000.0 28628600000.0 60165400.0 134317.0 0.0 27961400000.0 2506900000.0 0.04 [0.04]
6760830000000000.0 2125580000000000.0 159340000000.0 850673000.0 0.0 15643300000.0 365544.0 0.0 347998000000.0 1855730.0 0.0 0.0 227739000.0 28430300000.0 56783300.0 126733.0 0.0 27783700000.0 2490040000.0 0.06 [0.06]
6760830000000000.0 2065620000000000.0 156925000000.0 808577000.0 0.0 15116800000.0 335101.0 0.0 347633000000.0 1714460.0 0.0 0.0 226214000.0 28237200000.0 53538900.0 119614.0 0.0 27610800000.0 2473630000.0 0.08 [0.08]
6760830000000000.0 2007500000000000.0 154559000000.0 768620000.0 0.0 14604300000.0 307127.0 0.0 347275000000.0 1584570.0 0.0 0.0 224736000.0 28049900000.0 50432800.0 112935.0 0.0 27443000000.0 2457720000.0 0.1 [0.1]
6760830000000000.0 1950770000000000.0 152222000000.0 730497000.0 0.0 14102500000.0 281349.0 0.0 346923000000.0 1464730.0 0.0 0.0 223292000.0 27866800000.0 47446200.0 106655.0 0.0 27278900000.0 2442180000.0 0.12 [0.12]
6760830000000000.0 1895460000000000.0 149917000000.0 694163000.0 0.0 13611900000.0 257612.0 0.0 346575000000.0 1354190.0 0.0 0.0 221884000.0 27688100000.0 44579200.0 100751.0 0.0 27118800000.0 2427030000.0 0.14 [0.14]
6760830000000000.0 1841620000000000.0 147649000000.0 659595000.0 0.0 13132000000.0 235758.0 0.0 346234000000.0 1252340.0 0.0 0.0 220514000.0 27514000000.0 41820600.0 95202.6 0.0 26962800000.0 2412280000.0 0.16 [0.16]
6760830000000000.0 1789220000000000.0 145420000000.0 626725000.0 0.0 12662000000.0 215621.0 0.0 345898000000.0 1158510.0 0.0 0.0 219179000.0 27344200000.0 39156600.0 89987.2 0.0 26810800000.0 2397920000.0 0.18 [0.18]
6760830000000000.0 1738230000000000.0 143231000000.0 595492000.0 0.0 12201200000.0 197063.0 0.0 345569000000.0 1072100.0 0.0 0.0 217881000.0 27178900000.0 36579000.0 85084.8 0.0 26662900000.0 2383940000.0 0.2 [0.2]
6760830000000000.0 1688020000000000.0 141053000000.0 565569000.0 0.0 11745300000.0 179882.0 0.0 345242000000.0 992079.0 0.0 0.0 216602000.0 27015800000.0 34069900.0 80463.9 0.0 26517200000.0 2370180000.0 0.22 [0.22]
6760830000000000.0 1639350000000000.0 138924000000.0 537232000.0 0.0 11299500000.0 164089.0 0.0 344923000000.0 918478.0 0.0 0.0 215361000.0 26857400000.0 31657800.0 76121.3 0.0 26375800000.0 2356830000.0 0.24 [0.24]
6760830000000000.0 1591720000000000.0 136826000000.0 510252000.0 0.0 10858100000.0 149474.0 0.0 344608000000.0 850581.0 0.0 0.0 214147000.0 26702100000.0 29296800.0 72034.1 0.0 26237400000.0 2343760000.0 0.26 [0.26]
6760830000000000.0 1545010000000000.0 134754000000.0 484539000.0 0.0 10421200000.0 135961.0 0.0 344298000000.0 787858.0 0.0 0.0 212956000.0 26549500000.0 26999700.0 68184.3 0.0 26101700000.0 2330940000.0 0.28 [0.28]
6760830000000000.0 1499020000000000.0 132709000000.0 460028000.0 0.0 9984030000.0 123401.0 0.0 343991000000.0 729939.0 0.0 0.0 211782000.0 26398800000.0 24726400.0 64558.6 0.0 25968200000.0 2318320000.0 0.3 [0.3]
6760830000000000.0 1454110000000000.0 130707000000.0 436811000.0 0.0 9549820000.0 111789.0 0.0 343690000000.0 676623.0 0.0 0.0 210636000.0 26251200000.0 22507200.0 61148.1 0.0 25837800000.0 2305990000.0 0.32 [0.32]
6760830000000000.0 1409310000000000.0 128713000000.0 414567000.0 0.0 9107780000.0 100910.0 0.0 343389000000.0 627219.0 0.0 0.0 209492000.0 26103300000.0 20280700.0 57931.0 0.0 25707800000.0 2293690000.0 0.34 [0.34]
6760830000000000.0 1364540000000000.0 126741000000.0 393343000.0 0.0 8652390000.0 90661.9 0.0 343088000000.0 581585.0 0.0 0.0 208348000.0 25954700000.0 18016800.0 54901.1 0.0 25578200000.0 2281400000.0 0.36 [0.36]
6760830000000000.0 1320370000000000.0 124825000000.0 373358000.0 0.0 8186270000.0 81072.1 0.0 342793000000.0 539735.0 0.0 0.0 207219000.0 25807300000.0 15754100.0 52056.0 0.0 25450500000.0 2269270000.0 0.38 [0.38]
6760840000000000.0 1274030000000000.0 122880000000.0 353989000.0 0.0 7673020000.0 71697.4 0.0 342487000000.0 500750.0 0.0 0.0 206032000.0 25650700000.0 13320700.0 49370.2 0.0 25316900000.0 2256540000.0 0.4 [0.4]
6760820000000000.0 1224690000000000.0 120959000000.0 335595000.0 0.0 7078230000.0 62257.3 0.0 342169000000.0 464999.0 0.0 0.0 204766000.0 25481200000.0 10600300.0 46855.6 0.0 25175500000.0 2242980000.0 0.42 [0.42]
6760840000000000.0 890051000000000.0 112443000000.0 256158000.0 0.0 2073040000.0 17093.4 0.0 341064000000.0 417613.0 0.0 0.0 196173000.0 24071900000.0 44342.8 44610.1 0.0 24193600000.0 2152120000.0 0.44 [0.44]
6760830000000000.0 854584000000000.0 110089000000.0 240856000.0 0.0 1899640000.0 15012.6 0.0 340837000000.0 384832.0 0.0 0.0 195265000.0 23929000000.0 36454.1 42306.7 0.0 24082800000.0 2142440000.0 0.46 [0.46]
6760830000000000.0 822406000000000.0 107844000000.0 227020000.0 0.0 1755340000.0 13295.4 0.0 340621000000.0 354891.0 0.0 0.0 194441000.0 23799200000.0 31627.3 40135.5 0.0 23982300000.0 2133650000.0 0.48 [0.48]
6760830000000000.0 792182000000000.0 105639000000.0 214156000.0 0.0 1630020000.0 11833.7 0.0 340410000000.0 327232.0 0.0 0.0 193666000.0 23676400000.0 28334.2 38080.1 0.0 23887700000.0 2125380000.0 0.5 [0.5]
6760830000000000.0 763967000000000.0 103502000000.0 202285000.0 0.0 1519610000.0 10576.2 0.0 340208000000.0 301872.0 0.0 0.0 192942000.0 23561000000.0 25900.6 36139.5 0.0 23799500000.0 2117670000.0 0.52 [0.52]
6760830000000000.0 737158000000000.0 101397000000.0 191159000.0 0.0 1420550000.0 9479.93 0.0 340012000000.0 278456.0 0.0 0.0 192254000.0 23450300000.0 23991.1 34302.2 0.0 23715500000.0 2110330000.0 0.54 [0.54]
6760830000000000.0 711584000000000.0 99322900000.0 180718000.0 0.0 1330820000.0 8517.76 0.0 339822000000.0 256837.0 0.0 0.0 191596000.0 23343600000.0 22414.0 32562.6 0.0 23635500000.0 2103330000.0 0.56 [0.56]
6760830000000000.0 687237000000000.0 97283800000.0 170922000.0 0.0 1249140000.0 7669.82 0.0 339638000000.0 236908.0 0.0 0.0 190969000.0 23240900000.0 21065.7 30915.9 0.0 23559300000.0 2096670000.0 0.58 [0.58]
6760830000000000.0 663939000000000.0 95272800000.0 161701000.0 0.0 1174270000.0 6918.77 0.0 339459000000.0 218510.0 0.0 0.0 190369000.0 23141400000.0 19877.0 29355.9 0.0 23486400000.0 2090290000.0 0.6 [0.6]
6760830000000000.0 641635000000000.0 93290200000.0 153015000.0 0.0 1105370000.0 6251.37 0.0 339286000000.0 201530.0 0.0 0.0 189793000.0 23044900000.0 18806.5 27877.9 0.0 23416600000.0 2084190000.0 0.62 [0.62]
6760830000000000.0 620220000000000.0 91331700000.0 144806000.0 0.0 1041620000.0 5656.06 0.0 339117000000.0 185845.0 0.0 0.0 189240000.0 22951100000.0 17826.9 26476.9 0.0 23349600000.0 2078330000.0 0.64 [0.64]
6760830000000000.0 599509000000000.0 89385400000.0 137019000.0 0.0 982370000.0 5123.3 0.0 338953000000.0 171321.0 0.0 0.0 188705000.0 22858800000.0 16918.9 25147.5 0.0 23284800000.0 2072660000.0 0.66 [0.66]
6760830000000000.0 579711000000000.0 87475400000.0 129694000.0 0.0 927458000.0 4647.04 0.0 338794000000.0 157945.0 0.0 0.0 188192000.0 22769300000.0 16072.2 23888.1 0.0 23222900000.0 2067250000.0 0.68 [0.68]
6760830000000000.0 560681000000000.0 85590700000.0 122771000.0 0.0 876262000.0 4219.59 0.0 338640000000.0 145600.0 0.0 0.0 187699000.0 22681900000.0 15277.6 22693.7 0.0 23163400000.0 2062040000.0 0.7 [0.7]
6760830000000000.0 542231000000000.0 83717700000.0 116190000.0 0.0 828356000.0 3834.92 0.0 338489000000.0 134167.0 0.0 0.0 187220000.0 22595500000.0 14528.5 21559.7 0.0 23105800000.0 2056990000.0 0.72 [0.72]
6760830000000000.0 524634000000000.0 81886600000.0 110005000.0 0.0 783724000.0 3489.4 0.0 338345000000.0 123657.0 0.0 0.0 186762000.0 22511900000.0 13821.7 20485.3 0.0 23050800000.0 2052180000.0 0.74 [0.74]
6760830000000000.0 507565000000000.0 80067800000.0 104119000.0 0.0 741774000.0 3177.37 0.0 338203000000.0 113927.0 0.0 0.0 186318000.0 22429100000.0 13152.1 19464.7 0.0 22997500000.0 2047520000.0 0.76 [0.76]
6760830000000000.0 491117000000000.0 78273300000.0 98544100.0 0.0 702400000.0 2895.69 0.0 338066000000.0 104949.0 0.0 0.0 185889000.0 22347700000.0 12517.5 18496.2 0.0 22946200000.0 2043030000.0 0.78 [0.78]
6760830000000000.0 475225000000000.0 76499700000.0 93254700.0 0.0 665388000.0 2641.07 0.0 337932000000.0 96658.0 0.0 0.0 185473000.0 22267300000.0 11915.4 17576.6 0.0 22896600000.0 2038690000.0 0.8 [0.8]
6760830000000000.0 459868000000000.0 74746400000.0 88229700.0 0.0 630467000.0 2410.37 0.0 337802000000.0 89004.8 0.0 0.0 185072000.0 22187900000.0 11343.6 16703.3 0.0 22848800000.0 2034500000.0 0.82 [0.82]
6760830000000000.0 445103000000000.0 73023700000.0 83480600.0 0.0 597671000.0 2205.14 0.0 337676000000.0 81871.2 0.0 0.0 184684000.0 22109900000.0 10800.8 15874.5 0.0 22802800000.0 2030480000.0 0.84 [0.84]
6760830000000000.0 430824000000000.0 71321800000.0 78974100.0 0.0 566774000.0 2021.65 0.0 337554000000.0 75248.2 0.0 0.0 184309000.0 22032500000.0 10284.9 15087.3 0.0 22758300000.0 2026590000.0 0.86 [0.86]
6760830000000000.0 417048000000000.0 69645200000.0 74699800.0 0.0 537629000.0 1854.7 0.0 337435000000.0 69174.8 0.0 0.0 183946000.0 21956100000.0 9794.65 14339.6 0.0 22715400000.0 2022830000.0 0.88 [0.88]
6760830000000000.0 403755000000000.0 67993600000.0 70645400.0 0.0 510090000.0 1702.63 0.0 337320000000.0 63603.5 0.0 0.0 183595000.0 21880600000.0 9328.55 13629.5 0.0 22674100000.0 2019220000.0 0.9 [0.9]
6760830000000000.0 390908000000000.0 66365100000.0 66792400.0 0.0 484021000.0 1563.91 0.0 337208000000.0 58489.8 0.0 0.0 183255000.0 21805700000.0 8885.18 12954.9 0.0 22634100000.0 2015730000.0 0.92 [0.92]
6760830000000000.0 378481000000000.0 64758500000.0 63131100.0 0.0 459343000.0 1437.33 0.0 337099000000.0 53792.9 0.0 0.0 182926000.0 21731200000.0 8463.4 12313.9 0.0 22595500000.0 2012350000.0 0.94 [0.94]
6760830000000000.0 366523000000000.0 63182500000.0 59664200.0 0.0 436018000.0 1321.88 0.0 336993000000.0 49487.7 0.0 0.0 182608000.0 21657700000.0 8062.31 11705.1 0.0 22558400000.0 2009110000.0 0.96 [0.96]
6760830000000000.0 354951000000000.0 61628600000.0 56368600.0 0.0 413910000.0 1216.38 0.0 336890000000.0 45531.7 0.0 0.0 182299000.0 21584500000.0 7680.62 11126.5 0.0 22522500000.0 2005980000.0 0.98 [0.98]
6760830000000000.0 343778000000000.0 60100600000.0 53239600.0 0.0 392959000.0 1119.95 0.0 336791000000.0 41899.8 0.0 0.0 182001000.0 21511700000.0 7317.37 10576.7 0.0 22487900000.0 2002960000.0 1.0 [1.0]
