Cloudy_runs/3c263/z=0.063397/logZ=-1/component_III_PI_nH/component_III_PI_nH_col_density_param.txt
# %ECSV 1.0
# ---
# datatype:
# - {name: H, datatype: float64}
# - {name: H+, datatype: float64}
# - {name: C+, datatype: float64}
# - {name: C+2, datatype: float64}
# - {name: C+3, datatype: float64}
# - {name: N+, datatype: float64}
# - {name: N+2, datatype: float64}
# - {name: N+4, datatype: float64}
# - {name: O, datatype: float64}
# - {name: O+2, datatype: float64}
# - {name: O+5, datatype: float64}
# - {name: O+6, datatype: float64}
# - {name: P+, datatype: float64}
# - {name: Si+, datatype: float64}
# - {name: Si+2, datatype: float64}
# - {name: Si+3, datatype: float64}
# - {name: Si+4, datatype: float64}
# - {name: Fe+, datatype: float64}
# - {name: Al+, datatype: float64}
# - {name: log_nH, datatype: float64}
# - {name: parameters, datatype: string, subtype: 'float64[1]'}
# schema: astropy-2.0
H H+ C+ C+2 C+3 N+ N+2 N+4 O O+2 O+5 O+6 P+ Si+ Si+2 Si+3 Si+4 Fe+ Al+ log_nH parameters
[from data line 256]
263027000000000.0 85493200000000.0 6322130000.0 36521800.0 0.0 641056000.0 16580.2 0.0 13554700000.0 81030.5 0.0 0.0 8930980.0 1115320000.0 2440420.0 5206.23 0.0 1088590000.0 97639600.0 0.12 [0.12]
263027000000000.0 83096100000000.0 6226630000.0 34720900.0 0.0 619982000.0 15214.2 0.0 13540300000.0 74840.6 0.0 0.0 8870040.0 1107610000.0 2307310.0 4912.01 0.0 1081690000.0 96983800.0 0.14 [0.14]
263027000000000.0 80761100000000.0 6132490000.0 33004600.0 0.0 599403000.0 13956.3 0.0 13526100000.0 69136.7 0.0 0.0 8810660.0 1100100000.0 2179540.0 4635.7 0.0 1074960000.0 96344800.0 0.16 [0.16]
263027000000000.0 78496700000000.0 6040130000.0 31374200.0 0.0 579384000.0 12800.5 0.0 13512200000.0 63889.5 0.0 0.0 8753080.0 1092810000.0 2057440.0 4376.39 0.0 1068430000.0 95724900.0 0.18 [0.18]
263027000000000.0 76293700000000.0 5949220000.0 29822200.0 0.0 559841000.0 11736.4 0.0 13498500000.0 59055.7 0.0 0.0 8697040.0 1085710000.0 1940160.0 4132.81 0.0 1062060000.0 95121700.0 0.2 [0.2]
263027000000000.0 74150400000000.0 5859740000.0 28345000.0 0.0 540764000.0 10756.9 0.0 13485100000.0 54601.5 0.0 0.0 8642510.0 1078800000.0 1827580.0 3903.92 0.0 1055870000.0 94534700.0 0.22 [0.22]
263027000000000.0 72060000000000.0 5771470000.0 26936800.0 0.0 522094000.0 9854.11 0.0 13471800000.0 50492.6 0.0 0.0 8589310.0 1072050000.0 1719180.0 3688.68 0.0 1049810000.0 93962000.0 0.24 [0.24]
263027000000000.0 70028800000000.0 5684730000.0 25598300.0 0.0 503872000.0 9023.46 0.0 13458800000.0 46707.8 0.0 0.0 8537610.0 1065480000.0 1615080.0 3486.38 0.0 1043930000.0 93405400.0 0.26 [0.26]
263027000000000.0 68049600000000.0 5599290000.0 24324100.0 0.0 486028000.0 8257.88 0.0 13446000000.0 43217.5 0.0 0.0 8487220.0 1059080000.0 1514660.0 3296.11 0.0 1038190000.0 92862800.0 0.28 [0.28]
263027000000000.0 66127800000000.0 5515490000.0 23114300.0 0.0 468594000.0 7553.34 0.0 13433500000.0 40003.4 0.0 0.0 8438280.0 1052850000.0 1418020.0 3117.23 0.0 1032610000.0 92335900.0 0.3 [0.3]
263027000000000.0 64237600000000.0 5432190000.0 21956000.0 0.0 451368000.0 6901.15 0.0 13421100000.0 37027.5 0.0 0.0 8390130.0 1046720000.0 1323970.0 2948.61 0.0 1027120000.0 91817600.0 0.32 [0.32]
263027000000000.0 62398000000000.0 5350420000.0 20855900.0 0.0 434461000.0 6299.91 0.0 13408900000.0 34285.8 0.0 0.0 8343250.0 1040730000.0 1232890.0 2789.99 0.0 1021780000.0 91312900.0 0.34 [0.34]
263027000000000.0 60600100000000.0 5269810000.0 19808700.0 0.0 417797000.0 5744.61 0.0 13396900000.0 31755.4 0.0 0.0 8297430.0 1034880000.0 1144400.0 2640.65 0.0 1016550000.0 90819700.0 0.36 [0.36]
263027000000000.0 58839900000000.0 5190340000.0 18811500.0 0.0 401310000.0 5230.96 0.0 13385100000.0 29419.1 0.0 0.0 8252550.0 1029130000.0 1058040.0 2499.99 0.0 1011430000.0 90336600.0 0.38 [0.38]
263027000000000.0 57113100000000.0 5111940000.0 17861800.0 0.0 384935000.0 4755.11 0.0 13373500000.0 27261.8 0.0 0.0 8208500.0 1023480000.0 973423.0 2367.49 0.0 1006420000.0 89862700.0 0.4 [0.4]
263027000000000.0 55416600000000.0 5034840000.0 16958900.0 0.0 368534000.0 4312.49 0.0 13362000000.0 25272.7 0.0 0.0 8165210.0 1017920000.0 889367.0 2242.75 0.0 1001490000.0 89396900.0 0.42 [0.42]
263027000000000.0 53736400000000.0 4958460000.0 16096900.0 0.0 351989000.0 3899.66 0.0 13350600000.0 23432.6 0.0 0.0 8122310.0 1012380000.0 805805.0 2125.15 0.0 996616000.0 88935500.0 0.44 [0.44]
263027000000000.0 52063600000000.0 4882780000.0 15274100.0 0.0 335109000.0 3512.61 0.0 13339300000.0 21731.1 0.0 0.0 8079570.0 1006840000.0 721785.0 2014.31 0.0 991769000.0 88476100.0 0.46 [0.46]
263027000000000.0 50395200000000.0 4808280000.0 14492100.0 0.0 317688000.0 3147.93 0.0 13328000000.0 20162.5 0.0 0.0 8036910.0 1001280000.0 636449.0 1909.99 0.0 986943000.0 88017800.0 0.48 [0.48]
263026000000000.0 48699800000000.0 4734570000.0 13746800.0 0.0 299136000.0 2798.41 0.0 13316600000.0 18715.3 0.0 0.0 7993510.0 995587000.0 547254.0 1811.85 0.0 982055000.0 87551900.0 0.5 [0.5]
263027000000000.0 35274400000000.0 4419720000.0 10563600.0 0.0 86449900.0 738.962 0.0 13270900000.0 16984.4 0.0 0.0 7648590.0 940115000.0 2123.16 1730.81 0.0 943250000.0 83904600.0 0.52 [0.52]
263027000000000.0 33792900000000.0 4325040000.0 9906990.0 0.0 78417700.0 642.409 0.0 13262000000.0 15648.3 0.0 0.0 7610730.0 934153000.0 1626.5 1641.4 0.0 938632000.0 83500800.0 0.54 [0.54]
263027000000000.0 32471300000000.0 4235220000.0 9320600.0 0.0 72026800.0 565.373 0.0 13253400000.0 14426.1 0.0 0.0 7576920.0 928833000.0 1356.24 1557.04 0.0 934506000.0 83140100.0 0.56 [0.56]
263027000000000.0 31268100000000.0 4149360000.0 8788690.0 0.0 66662100.0 501.376 0.0 13245300000.0 13308.8 0.0 0.0 7546110.0 923982000.0 1186.89 1477.46 0.0 930746000.0 82811400.0 0.58 [0.58]
263027000000000.0 30131600000000.0 4064800000.0 8292730.0 0.0 61967200.0 446.618 0.0 13237300000.0 12275.3 0.0 0.0 7516970.0 919363000.0 1068.38 1402.09 0.0 927192000.0 82500800.0 0.6 [0.6]
263027000000000.0 29064800000000.0 3982380000.0 7832580.0 0.0 57810100.0 399.341 0.0 13229600000.0 11325.0 0.0 0.0 7489590.0 914996000.0 979.774 1330.83 0.0 923855000.0 82209100.0 0.62 [0.62]
263027000000000.0 28052400000000.0 3901400000.0 7402130.0 0.0 54074400.0 358.085 0.0 13222200000.0 10448.4 0.0 0.0 7463580.0 910815000.0 909.413 1263.39 0.0 920688000.0 81932200.0 0.64 [0.64]
263027000000000.0 27090500000000.0 3821910000.0 6999180.0 0.0 50690500.0 321.867 0.0 13215000000.0 9640.55 0.0 0.0 7438850.0 906803000.0 850.921 1199.55 0.0 917678000.0 81669100.0 0.66 [0.66]
263027000000000.0 26168400000000.0 3743300000.0 6619310.0 0.0 47597100.0 289.863 0.0 13208000000.0 8893.52 0.0 0.0 7415110.0 902911000.0 800.478 1139.05 0.0 914793000.0 81416700.0 0.68 [0.68]
263027000000000.0 25285100000000.0 3665710000.0 6261510.0 0.0 44757600.0 261.492 0.0 13201200000.0 8203.6 0.0 0.0 7392350.0 899137000.0 755.796 1081.72 0.0 912030000.0 81175100.0 0.7 [0.7]
263027000000000.0 24436000000000.0 3588950000.0 5923430.0 0.0 42137600.0 236.243 0.0 13194600000.0 7565.72 0.0 0.0 7370440.0 895459000.0 715.401 1027.37 0.0 909373000.0 80942700.0 0.72 [0.72]
263027000000000.0 23624000000000.0 3513430000.0 5605120.0 0.0 39716600.0 213.739 0.0 13188200000.0 6977.61 0.0 0.0 7349460.0 891898000.0 678.368 975.868 0.0 906834000.0 80720600.0 0.74 [0.74]
263027000000000.0 22843200000000.0 3438840000.0 5304370.0 0.0 37469700.0 193.617 0.0 13182000000.0 6434.34 0.0 0.0 7329270.0 888423000.0 644.014 927.032 0.0 904393000.0 80507000.0 0.76 [0.76]
263027000000000.0 22091800000000.0 3365150000.0 5019980.0 0.0 35378900.0 175.588 0.0 13176000000.0 5932.46 0.0 0.0 7309820.0 885025000.0 611.91 880.712 0.0 902045000.0 80301500.0 0.78 [0.78]
263027000000000.0 21368200000000.0 3292360000.0 4750960.0 0.0 33429200.0 159.406 0.0 13170100000.0 5468.9 0.0 0.0 7291050.0 881700000.0 581.754 836.771 0.0 899784000.0 80103600.0 0.8 [0.8]
263027000000000.0 20672600000000.0 3220630000.0 4496780.0 0.0 31608900.0 144.863 0.0 13164400000.0 5041.16 0.0 0.0 7273000.0 878450000.0 553.333 795.092 0.0 897611000.0 79913500.0 0.82 [0.82]
263027000000000.0 20000600000000.0 3149630000.0 4255670.0 0.0 29903300.0 131.761 0.0 13158900000.0 4645.74 0.0 0.0 7255520.0 875251000.0 526.462 755.526 0.0 895513000.0 79729900.0 0.84 [0.84]
263027000000000.0 19351200000000.0 3079380000.0 4026900.0 0.0 28302800.0 119.942 0.0 13153500000.0 4280.3 0.0 0.0 7238610.0 872097000.0 501.011 717.962 0.0 893487000.0 79552600.0 0.86 [0.86]
263027000000000.0 18727700000000.0 3010340000.0 3810890.0 0.0 26802800.0 109.282 0.0 13148300000.0 3943.6 0.0 0.0 7222340.0 869013000.0 476.897 682.324 0.0 891542000.0 79382300.0 0.88 [0.88]
263027000000000.0 18123500000000.0 2941930000.0 3605450.0 0.0 25389700.0 99.6364 0.0 13143200000.0 3632.29 0.0 0.0 7206560.0 865958000.0 454.0 648.47 0.0 889659000.0 79217500.0 0.9 [0.9]
263027000000000.0 17542000000000.0 2874600000.0 3411040.0 0.0 24060800.0 90.9134 0.0 13138300000.0 3345.36 0.0 0.0 7191340.0 862958000.0 432.266 616.336 0.0 887847000.0 79059000.0 0.92 [0.92]
263027000000000.0 16980200000000.0 2808130000.0 3226660.0 0.0 22809200.0 83.1618 0.0 13133500000.0 3076.92 0.0 0.0 7176600.0 859993000.0 411.618 585.816 0.0 886097000.0 78905900.0 0.94 [0.94]
263027000000000.0 16437600000000.0 2742570000.0 3051770.0 0.0 21629000.0 76.2081 0.0 13128800000.0 2828.42 0.0 0.0 7162330.0 857062000.0 391.996 556.829 0.0 884409000.0 78758100.0 0.96 [0.96]
263027000000000.0 15914000000000.0 2677970000.0 2885870.0 0.0 20514700.0 69.88 0.0 13124300000.0 2600.47 0.0 0.0 7148540.0 854167000.0 373.342 529.296 0.0 882780000.0 78615700.0 0.98 [0.98]
263027000000000.0 15409100000000.0 2614410000.0 2728670.0 0.0 19463200.0 64.1215 0.0 13119900000.0 2391.4 0.0 0.0 7135210.0 851309000.0 355.608 503.147 0.0 881211000.0 78478400.0 1.0 [1.0]
