Cloudy_runs/3c263/z=0.063397/logZ=-1/component_III_PI_nH/component_III_PI_nH_col_density_param.txt
# %ECSV 1.0
# ---
# datatype:
# - {name: H, datatype: float64}
# - {name: H+, datatype: float64}
# - {name: C+, datatype: float64}
# - {name: C+2, datatype: float64}
# - {name: C+3, datatype: float64}
# - {name: N+, datatype: float64}
# - {name: N+2, datatype: float64}
# - {name: N+4, datatype: float64}
# - {name: O, datatype: float64}
# - {name: O+2, datatype: float64}
# - {name: O+5, datatype: float64}
# - {name: O+6, datatype: float64}
# - {name: P+, datatype: float64}
# - {name: Si+, datatype: float64}
# - {name: Si+2, datatype: float64}
# - {name: Si+3, datatype: float64}
# - {name: Si+4, datatype: float64}
# - {name: Fe+, datatype: float64}
# - {name: Al+, datatype: float64}
# - {name: log_nH, datatype: float64}
# - {name: parameters, datatype: string, subtype: 'float64[1]'}
# schema: astropy-2.0
H H+ C+ C+2 C+3 N+ N+2 N+4 O O+2 O+5 O+6 P+ Si+ Si+2 Si+3 Si+4 Fe+ Al+ log_nH parameters
[from data line 115]
263027000000000.0 2.02768e+16 202409000000.0 344942000000.0 4261590000.0 80933300000.0 56400400000.0 20150300.0 9907780000.0 345780000000.0 875283.0 0.0 339899000.0 17876000000.0 43936300000.0 4324480000.0 404844000.0 3419730000.0 2554020000.0 -2.7 [-2.7]
263027000000000.0 1.93007e+16 198699000000.0 322997000000.0 3696700000.0 79825100000.0 51047400000.0 16688400.0 10222500000.0 311574000000.0 664222.0 0.0 329186000.0 17802800000.0 41345500000.0 3884180000.0 346735000.0 3509970000.0 2506350000.0 -2.68 [-2.68]
263027000000000.0 1.83701e+16 194950000000.0 302240000000.0 3202800000.0 78592200000.0 46103800000.0 13795700.0 10529300000.0 280186000000.0 502896.0 0.0 318640000.0 17718000000.0 38865900000.0 3483820000.0 296698000.0 3597960000.0 2457330000.0 -2.66 [-2.66]
263027000000000.0 1.74857e+16 191176000000.0 282679000000.0 2772520000.0 77249900000.0 41561600000.0 11387900.0 10827000000.0 251525000000.0 380116.0 0.0 308304000.0 17621200000.0 36502800000.0 3121300000.0 253740000.0 3683320000.0 2407290000.0 -2.64 [-2.64]
263027000000000.0 1.66451e+16 187381000000.0 264255000000.0 2398050000.0 75806800000.0 37398900000.0 9387020.0 11115000000.0 225421000000.0 286855.0 0.0 298182000.0 17512400000.0 34252800000.0 2793490000.0 216881000.0 3765940000.0 2356370000.0 -2.62 [-2.62]
263027000000000.0 1.58436e+16 183558000000.0 246858000000.0 2071730000.0 74264500000.0 33585200000.0 7723670.0 11393000000.0 201650000000.0 216028.0 0.0 288246000.0 17391100000.0 32105600000.0 2496730000.0 185206000.0 3845920000.0 2304550000.0 -2.6 [-2.6]
263027000000000.0 1.50842e+16 179735000000.0 230546000000.0 1789060000.0 72649200000.0 30116900000.0 6349180.0 11659800000.0 180158000000.0 162556.0 0.0 278568000.0 17257500000.0 30072600000.0 2229900000.0 158128000.0 3922700000.0 2252350000.0 -2.58 [-2.58]
263027000000000.0 1.43623e+16 175904000000.0 215210000000.0 1543790000.0 70963000000.0 26962700000.0 5212470.0 11915500000.0 160722000000.0 122162.0 0.0 269116000.0 17111600000.0 28143100000.0 1989630000.0 134938000.0 3996440000.0 2199720000.0 -2.56 [-2.56]
263027000000000.0 1.36761e+16 172070000000.0 200800000000.0 1331180000.0 69216400000.0 24101100000.0 4273910.0 12159800000.0 143185000000.0 91697.4 0.0 259894000.0 16953400000.0 26313700000.0 1773560000.0 115088000.0 4067050000.0 2146800000.0 -2.54 [-2.54]
263027000000000.0 1.30237e+16 168237000000.0 187269000000.0 1147050000.0 67419900000.0 21511000000.0 3500120.0 12392600000.0 127395000000.0 0.0 0.0 250904000.0 16783100000.0 24581200000.0 1579500000.0 98108500.0 4134470000.0 2093720000.0 -2.52 [-2.52]
263027000000000.0 1.24034e+16 164408000000.0 174570000000.0 987715000.0 65583500000.0 19172000000.0 2863130.0 12613800000.0 113206000000.0 0.0 0.0 242147000.0 16601000000.0 22942200000.0 1405450000.0 83592300.0 4198650000.0 2040610000.0 -2.5 [-2.5]
263027000000000.0 1.18137e+16 160590000000.0 162659000000.0 849968000.0 63717300000.0 17064400000.0 2339500.0 12823600000.0 100480000000.0 0.0 0.0 233625000.0 16407200000.0 21393500000.0 1249510000.0 71189600.0 4259520000.0 1987580000.0 -2.48 [-2.48]
263027000000000.0 1.1253e+16 156785000000.0 151495000000.0 730979000.0 61830500000.0 15169200000.0 1909670.0 13021900000.0 89087800000.0 0.0 0.0 225336000.0 16202200000.0 19931700000.0 1109990000.0 60599100.0 4317050000.0 1934750000.0 -2.46 [-2.46]
263027000000000.0 1.07198e+16 152997000000.0 141036000000.0 628279000.0 59932300000.0 13468500000.0 1557290.0 13209100000.0 78906900000.0 0.0 0.0 217282000.0 15986500000.0 18553600000.0 985297000.0 51561200.0 4371190000.0 1882220000.0 -2.44 [-2.44]
263027000000000.0 1.02128e+16 149232000000.0 131244000000.0 539710000.0 58030900000.0 11945200000.0 1268780.0 13385300000.0 69823300000.0 0.0 0.0 209461000.0 15760400000.0 17255800000.0 873982000.0 43852800.0 4421890000.0 1830070000.0 -2.42 [-2.42]
263027000000000.0 9730640000000000.0 145492000000.0 122081000000.0 463386000.0 56134200000.0 10583200000.0 1032850.0 13550800000.0 61731400000.0 0.0 0.0 201871000.0 15524600000.0 16035200000.0 774719000.0 37282000.0 4469130000.0 1778420000.0 -2.4 [-2.4]
263027000000000.0 9274090000000000.0 141798000000.0 113550000000.0 397863000.0 54258800000.0 9371250000.0 840634.0 13705600000.0 54553900000.0 0.0 0.0 194544000.0 15280500000.0 14893700000.0 686590000.0 31700800.0 4512660000.0 1727560000.0 -2.38 [-2.38]
263027000000000.0 8837950000000000.0 138122000000.0 105540000000.0 341279000.0 52391700000.0 8287630000.0 683305.0 13850700000.0 48157200000.0 0.0 0.0 187412000.0 15027100000.0 13817300000.0 607873000.0 26931900.0 4552900000.0 1677110000.0 -2.36 [-2.36]
263027000000000.0 8423170000000000.0 134483000000.0 98059800000.0 292622000.0 50548500000.0 7323480000.0 555065.0 13986300000.0 42482000000.0 0.0 0.0 180506000.0 14765900000.0 12808600000.0 537894000.0 22873600.0 4589550000.0 1627370000.0 -2.34 [-2.34]
263027000000000.0 8028640000000000.0 130884000000.0 91076200000.0 250803000.0 48734100000.0 6466740000.0 450627.0 14112600000.0 37452400000.0 0.0 0.0 173822000.0 14497500000.0 11864100000.0 475733000.0 19421400.0 4622650000.0 1578400000.0 -2.32 [-2.32]
263027000000000.0 7653360000000000.0 127329000000.0 84560600000.0 214886000.0 46952800000.0 5706460000.0 365648.0 14230200000.0 32999900000.0 0.0 0.0 167358000.0 14222800000.0 10980900000.0 420567000.0 16486200.0 4652150000.0 1530260000.0 -2.3 [-2.3]
263027000000000.0 7296390000000000.0 123821000000.0 78485000000.0 184054000.0 45208400000.0 5032590000.0 296558.0 14339300000.0 29062300000.0 0.0 0.0 161109000.0 13942400000.0 10156000000.0 371649000.0 13991700.0 4678030000.0 1483000000.0 -2.28 [-2.28]
263027000000000.0 6956810000000000.0 120363000000.0 72822800000.0 157601000.0 43504000000.0 4435960000.0 240427.0 14440500000.0 25583100000.0 0.0 0.0 155072000.0 13657200000.0 9386280000.0 328305000.0 11872800.0 4700290000.0 1436660000.0 -2.26 [-2.26]
263027000000000.0 6633740000000000.0 116958000000.0 67548500000.0 134917000.0 41842200000.0 3908250000.0 194853.0 14534100000.0 22511600000.0 0.0 0.0 149243000.0 13367900000.0 8668910000.0 289925000.0 10073400.0 4718910000.0 1391270000.0 -2.24 [-2.24]
263027000000000.0 6326400000000000.0 113607000000.0 62638400000.0 115475000.0 40225100000.0 3441950000.0 157874.0 14620600000.0 19802100000.0 0.0 0.0 143618000.0 13075300000.0 8001130000.0 255966000.0 8546100.0 4733850000.0 1346870000.0 -2.22 [-2.22]
263027000000000.0 6033950000000000.0 110314000000.0 58069200000.0 98816600.0 38654200000.0 3030230000.0 127883.0 14700400000.0 17413600000.0 0.0 0.0 138192000.0 12780100000.0 7380010000.0 225933000.0 7250010.0 4745170000.0 1303480000.0 -2.2 [-2.2]
263027000000000.0 5754010000000000.0 107060000000.0 53794200000.0 84489500.0 37120700000.0 2665520000.0 103487.0 14773900000.0 15301000000.0 0.0 0.0 132928000.0 12481300000.0 6799400000.0 199272000.0 6145940.0 4752900000.0 1260870000.0 -2.18 [-2.18]
263027000000000.0 5489300000000000.0 103888000000.0 49845400000.0 72284000.0 35645600000.0 2345450000.0 83802.4 14841300000.0 13449200000.0 0.0 0.0 127888000.0 12183100000.0 6264180000.0 175839000.0 5214180.0 4756870000.0 1219580000.0 -2.16 [-2.16]
263027000000000.0 5237390000000000.0 100779000000.0 46176100000.0 61837400.0 34219000000.0 2063420000.0 67857.2 14903100000.0 11819500000.0 0.0 0.0 123033000.0 11884600000.0 5767900000.0 155147000.0 4424100.0 4757230000.0 1179360000.0 -2.14 [-2.14]
263027000000000.0 4997660000000000.0 97734800000.0 42768400000.0 52899800.0 32841200000.0 1815060000.0 54945.3 14959500000.0 10386100000.0 0.0 0.0 118359000.0 11586400000.0 5308240000.0 136885000.0 3754320.0 4753990000.0 1140210000.0 -2.12 [-2.12]
263027000000000.0 4769570000000000.0 94757200000.0 39605600000.0 45256100.0 31512300000.0 1596500000.0 44492.9 15011100000.0 9125810000.0 0.0 0.0 113862000.0 11289100000.0 4883080000.0 120776000.0 3186730.0 4747070000.0 1102150000.0 -2.1 [-2.1]
263027000000000.0 4552550000000000.0 91847800000.0 36671700000.0 38720700.0 30232100000.0 1404240000.0 36033.1 15057900000.0 8018270000.0 0.0 0.0 109538000.0 10993300000.0 4490340000.0 106571000.0 2705840.0 4736440000.0 1065200000.0 -2.08 [-2.08]
263027000000000.0 4346010000000000.0 89006500000.0 33950600000.0 33132700.0 28999600000.0 1235150000.0 29186.0 15100400000.0 7045100000.0 0.0 0.0 105379000.0 10699800000.0 4127550000.0 94045700.0 2298250.0 4722330000.0 1029320000.0 -2.06 [-2.06]
263027000000000.0 4149410000000000.0 86233700000.0 31427600000.0 28355400.0 27814000000.0 1086470000.0 23644.2 15138800000.0 6190200000.0 0.0 0.0 101382000.0 10409000000.0 3792680000.0 83003200.0 1952780.0 4704810000.0 994521000.0 -2.04 [-2.04]
263027000000000.0 3962260000000000.0 83530000000.0 29089100000.0 24271300.0 26674300000.0 955770000.0 19159.0 15173400000.0 5439340000.0 0.0 0.0 97540700.0 10121400000.0 3483820000.0 73269600.0 1659940.0 4683940000.0 960787000.0 -2.02 [-2.02]
263027000000000.0 3784100000000000.0 80895800000.0 26922600000.0 20780300.0 25579600000.0 840896000.0 15528.8 15204400000.0 4779970000.0 0.0 0.0 93850800.0 9837620000.0 3199180000.0 64691000.0 1411700.0 4659800000.0 928111000.0 -2.0 [-2.0]
263027000000000.0 3615690000000000.0 78349500000.0 24929800000.0 17810600.0 24536500000.0 740407000.0 12601.9 15232000000.0 4203630000.0 0.0 0.0 90332500.0 9559920000.0 2938890000.0 57167900.0 1202220.0 4632700000.0 896707000.0 -1.98 [-1.98]
263027000000000.0 3454180000000000.0 75854600000.0 23071300000.0 15258000.0 23528400000.0 651658000.0 10221.1 15256500000.0 3695100000.0 0.0 0.0 86930500.0 9284790000.0 2697550000.0 50501900.0 1023590.0 4602320000.0 866108000.0 -1.96 [-1.96]
263027000000000.0 3300410000000000.0 73429000000.0 21351000000.0 13075800.0 22561800000.0 573676000.0 8293.41 15278000000.0 3248660000.0 0.0 0.0 83665400.0 9014520000.0 2475570000.0 44627300.0 872063.0 4568960000.0 836526000.0 -1.94 [-1.94]
263027000000000.0 3153980000000000.0 71072600000.0 19759100000.0 11210000.0 21635400000.0 505155000.0 6732.15 15296800000.0 2856710000.0 0.0 0.0 80532500.0 8749410000.0 2271510000.0 39449800.0 743479.0 4532730000.0 807941000.0 -1.92 [-1.92]
263027000000000.0 3014540000000000.0 68784800000.0 18286300000.0 9614620.0 20748000000.0 444946000.0 5467.38 15313000000.0 2512630000.0 0.0 0.0 77527300.0 8489730000.0 2084050000.0 34886300.0 634327.0 4493760000.0 780338000.0 -1.9 [-1.9]
263027000000000.0 2880330000000000.0 66541100000.0 16909900000.0 8240280.0 19888900000.0 391676000.0 4436.52 15326700000.0 2208510000.0 0.0 0.0 74614300.0 8232970000.0 1910080000.0 30834400.0 540971.0 4451710000.0 753408000.0 -1.88 [-1.88]
263027000000000.0 2755270000000000.0 64412600000.0 15664400000.0 7082850.0 19084600000.0 345535000.0 3611.62 15338200000.0 1945280000.0 0.0 0.0 71881800.0 7987500000.0 1753910000.0 27316400.0 462870.0 4408140000.0 727989000.0 -1.86 [-1.86]
263027000000000.0 2634800000000000.0 62326700000.0 14499700000.0 6084040.0 18306000000.0 304661000.0 2937.86 15347600000.0 1712360000.0 0.0 0.0 69232800.0 7745300000.0 1608960000.0 24188500.0 395916.0 4361770000.0 703203000.0 -1.84 [-1.84]
263027000000000.0 2520040000000000.0 60306400000.0 13423000000.0 5229120.0 17561100000.0 268726000.0 0.0 15354800000.0 1507800000.0 0.0 0.0 66693900.0 7509220000.0 1476030000.0 21429400.0 338965.0 4313220000.0 679312000.0 -1.82 [-1.82]
263027000000000.0 2409840000000000.0 58334800000.0 12420100000.0 4493190.0 16842800000.0 236968000.0 0.0 15360200000.0 1327240000.0 0.0 0.0 64241300.0 7277520000.0 1353170000.0 18982100.0 290233.0 4262270000.0 656108000.0 -1.8 [-1.8]
263027000000000.0 2306560000000000.0 56458400000.0 11508200000.0 3870100.0 16167000000.0 209336000.0 0.0 15363800000.0 1170270000.0 0.0 0.0 61929900.0 7055750000.0 1242470000.0 16846400.0 249208.0 4210240000.0 634126000.0 -1.78 [-1.78]
263027000000000.0 2207320000000000.0 54628500000.0 10658400000.0 3332810.0 15515400000.0 184886000.0 0.0 15365700000.0 1031570000.0 0.0 0.0 59696900.0 6838460000.0 1140130000.0 14949400.0 214020.0 4156120000.0 612783000.0 -1.76 [-1.76]
263027000000000.0 2111900000000000.0 52843700000.0 9866270000.0 2869460.0 14886600000.0 163248000.0 0.0 15366000000.0 908986000.0 0.0 0.0 57538800.0 6625630000.0 1045520000.0 13264200.0 183825.0 4100020000.0 592057000.0 -1.74 [-1.74]
263027000000000.0 2021790000000000.0 51134800000.0 9141040000.0 2474690.0 14291000000.0 144318000.0 0.0 15364700000.0 801875000.0 0.0 0.0 55490700.0 6420990000.0 959707000.0 11784700.0 158224.0 4042980000.0 572297000.0 -1.72 [-1.72]
263027000000000.0 1935910000000000.0 49484300000.0 8470970000.0 2135910.0 13721600000.0 127647000.0 0.0 15362100000.0 707683000.0 0.0 0.0 53529400.0 6222640000.0 881123000.0 10477000.0 136349.0 3984750000.0 553291000.0 -1.7 [-1.7]
263027000000000.0 1854040000000000.0 47890900000.0 7851880000.0 1845020.0 13177300000.0 112962000.0 0.0 15358000000.0 624829000.0 0.0 0.0 51651400.0 6030520000.0 809165000.0 9320480.0 117641.0 3925480000.0 535016000.0 -1.68 [-1.68]
263027000000000.0 1776780000000000.0 46368800000.0 7285460000.0 1596750.0 12662300000.0 100102000.0 0.0 15352800000.0 552370000.0 0.0 0.0 49871600.0 5846420000.0 743976000.0 8303780.0 101734.0 3865880000.0 517626000.0 -1.66 [-1.66]
263027000000000.0 1701590000000000.0 44869900000.0 6751440000.0 1380270.0 12159700000.0 88611800.0 0.0 15346200000.0 487764000.0 0.0 0.0 48132200.0 5664740000.0 682986000.0 7391580.0 87907.5 3804460000.0 500566000.0 -1.64 [-1.64]
263027000000000.0 1630640000000000.0 43439300000.0 6263120000.0 1195450.0 11684300000.0 78548700.0 0.0 15338500000.0 431267000.0 0.0 0.0 46484400.0 5490900000.0 627768000.0 6589420.0 76138.1 3743040000.0 484343000.0 -1.62 [-1.62]
263027000000000.0 1562980000000000.0 42060100000.0 5811880000.0 1036340.0 11229800000.0 69669000.0 0.0 15329600000.0 381503000.0 0.0 0.0 44907000.0 5322960000.0 577213000.0 5878590.0 66032.3 3681200000.0 468758000.0 -1.6 [-1.6]
263027000000000.0 1498450000000000.0 40730700000.0 5394860000.0 899278.0 10795400000.0 61830000.0 0.0 15319800000.0 337654000.0 0.0 0.0 43397100.0 5160810000.0 530924000.0 5248350.0 57345.4 3619090000.0 453789000.0 -1.58 [-1.58]
263027000000000.0 1436890000000000.0 39449600000.0 5009410000.0 781109.0 10380000000.0 54906100.0 0.0 15308900000.0 299001000.0 0.0 0.0 41951800.0 5004320000.0 488535000.0 4689210.0 49869.7 3556860000.0 439413000.0 -1.56 [-1.56]
263027000000000.0 1378160000000000.0 38215500000.0 4653110000.0 679152.0 9982750000.0 48787700.0 0.0 15297100000.0 264914000.0 0.0 0.0 40568400.0 4853370000.0 449716000.0 4192880.0 43428.8 3494620000.0 425609000.0 -1.54 [-1.54]
263027000000000.0 1322380000000000.0 37032500000.0 4325200000.0 591379.0 9604710000.0 43393600.0 0.0 15284400000.0 234927000.0 0.0 0.0 39250500.0 4708530000.0 414315000.0 3753280.0 37889.3 3432830000.0 412419000.0 -1.52 [-1.52]
263027000000000.0 1268640000000000.0 35882100000.0 4019070000.0 515025.0 9239650000.0 38592700.0 0.0 15270700000.0 208297000.0 0.0 0.0 37976700.0 4567550000.0 381583000.0 3360170.0 33074.9 3370640000.0 399634000.0 -1.5 [-1.5]
263027000000000.0 1217850000000000.0 34785500000.0 3738700000.0 449419.0 8893890000.0 34369900.0 0.0 15256400000.0 184927000.0 0.0 0.0 36769500.0 4433070000.0 351874000.0 3012710.0 28938.6 3309450000.0 387484000.0 -1.48 [-1.48]
263027000000000.0 1169120000000000.0 33724400000.0 3477990000.0 392415.0 8561410000.0 30617700.0 0.0 15241200000.0 164212000.0 0.0 0.0 35607900.0 4302880000.0 324505000.0 2702440.0 25345.0 3248390000.0 375761000.0 -1.46 [-1.46]
263027000000000.0 1122590000000000.0 32702900000.0 3236740000.0 343016.0 8243260000.0 27292600.0 0.0 15225200000.0 145901000.0 0.0 0.0 34495800.0 4177510000.0 299408000.0 2426100.0 22229.4 3187880000.0 364510000.0 -1.44 [-1.44]
263027000000000.0 1078160000000000.0 31719800000.0 3013480000.0 300172.0 7938810000.0 24344900.0 0.0 15208500000.0 129709000.0 0.0 0.0 33431300.0 4056840000.0 276400000.0 2179840.0 19525.3 3128000000.0 353713000.0 -1.42 [-1.42]
