Cloudy_runs/pg1222/z=0.378389/component_VI_PI_nH/component_VI_PI_nH_col_density_param.txt
# %ECSV 1.0
# ---
# datatype:
# - {name: H, datatype: float64}
# - {name: H+, datatype: float64}
# - {name: C+, datatype: float64}
# - {name: C+2, datatype: float64}
# - {name: C+3, datatype: float64}
# - {name: N+2, datatype: float64}
# - {name: N+4, datatype: float64}
# - {name: O, datatype: float64}
# - {name: O+2, datatype: float64}
# - {name: O+5, datatype: float64}
# - {name: O+6, datatype: float64}
# - {name: Si+, datatype: float64}
# - {name: Si+2, datatype: float64}
# - {name: Si+3, datatype: float64}
# - {name: Si+4, datatype: float64}
# - {name: log_nH, datatype: float64}
# - {name: log_Te, datatype: float64}
# - {name: parameters, datatype: string, subtype: 'float64[1]'}
# schema: astropy-2.0
H H+ C+ C+2 C+3 N+2 N+4 O O+2 O+5 O+6 Si+ Si+2 Si+3 Si+4 log_nH log_Te parameters
2691530000000000.0 3.09451e+20 27263100000.0 8402620000000.0 73912600000000.0 1152240000000.0 113741000000000.0 79780.7 2999070000000.0 2440850000000000.0 9130880000000000.0 3917290.0 341405000.0 3376920000.0 1002940000000.0 -5.0 4.641 [-5.0]
2691530000000000.0 2.9187e+20 30257000000.0 9090950000000.0 76776400000000.0 1247510000000.0 115055000000000.0 89307.3 3258980000000.0 2399740000000000.0 8503670000000000.0 4836350.0 409392000.0 3908560000.0 1096040000000.0 -4.98 4.634 [-4.98]
2691530000000000.0 2.7538e+20 33520600000.0 9818200000000.0 79626500000000.0 1349400000000.0 116222000000000.0 99997.1 3539310000000.0 2355100000000000.0 7908580000000000.0 5955220.0 489848000.0 4514970000.0 1195750000000.0 -4.96 4.628 [-4.96]
2691530000000000.0 2.59905e+20 37073700000.0 10585300000000.0 82456200000000.0 1458290000000.0 117240000000000.0 111997.0 3841420000000.0 2307120000000000.0 7344760000000000.0 7314120.0 584875000.0 5205370000.0 1302380000000.0 -4.94 4.622 [-4.94]
2691530000000000.0 2.45376e+20 40937800000.0 11393300000000.0 85258400000000.0 1574600000000.0 118106000000000.0 125479.0 4166670000000.0 2255980000000000.0 6811450000000000.0 8960760.0 696894000.0 5989880000.0 1416200000000.0 -4.92 4.616 [-4.92]
2691530000000000.0 2.3173e+20 45135500000.0 12243100000000.0 88026700000000.0 1698780000000.0 118818000000000.0 140636.0 4516560000000.0 2201900000000000.0 6307730000000000.0 10951500.0 828693000.0 6879670000.0 1537480000000.0 -4.9 4.61 [-4.9]
2691530000000000.0 2.18908e+20 49694400000.0 13136500000000.0 90754500000000.0 1831380000000.0 119375000000000.0 157685.0 4892540000000.0 2145120000000000.0 5832690000000000.0 13353300.0 983489000.0 7887060000.0 1666470000000.0 -4.88 4.604 [-4.88]
2691530000000000.0 2.06854e+20 54633000000.0 14072500000000.0 93435800000000.0 1972620000000.0 119775000000000.0 176859.0 5296100000000.0 2085910000000000.0 5385360000000000.0 16244000.0 1164940000.0 9025450000.0 1803450000000.0 -4.86 4.599 [-4.86]
2691530000000000.0 1.95517e+20 59981900000.0 15053000000000.0 96064500000000.0 2123090000000.0 120016000000000.0 198432.0 5728640000000.0 2024450000000000.0 4964830000000000.0 19716400.0 1377260000.0 10309600000.0 1948650000000.0 -4.84 4.593 [-4.84]
2691530000000000.0 1.8485e+20 65769600000.0 16078700000000.0 98634900000000.0 2283230000000.0 120097000000000.0 222707.0 6191640000000.0 1961050000000000.0 4570090000000000.0 23878600.0 1625270000.0 11755700000.0 2102280000000.0 -4.82 4.588 [-4.82]
2691530000000000.0 1.7481e+20 72026200000.0 17150200000000.0 101141000000000.0 2453500000000.0 120019000000000.0 250024.0 6686550000000.0 1895980000000000.0 4200100000000000.0 28857400.0 1914470000.0 13381300000.0 2264560000000.0 -4.8 4.583 [-4.8]
2691530000000000.0 1.65355e+20 78784300000.0 18268300000000.0 103578000000000.0 2634360000000.0 119780000000000.0 280762.0 7214620000000.0 1829480000000000.0 3853950000000000.0 34801000.0 2251110000.0 15205400000.0 2435670000000.0 -4.78 4.578 [-4.78]
2691530000000000.0 1.56447e+20 86077100000.0 19433500000000.0 105941000000000.0 2826240000000.0 119380000000000.0 315344.0 7777160000000.0 1761830000000000.0 3530590000000000.0 41882300.0 2642310000.0 17248800000.0 2615750000000.0 -4.76 4.573 [-4.76]
2691530000000000.0 1.48052e+20 93941800000.0 20646500000000.0 108224000000000.0 3029570000000.0 118819000000000.0 354242.0 8375370000000.0 1693290000000000.0 3229060000000000.0 50302500.0 3096160000.0 19534000000.0 2804960000000.0 -4.74 4.568 [-4.74]
2691530000000000.0 1.40137e+20 102415000000.0 21907500000000.0 110423000000000.0 3244720000000.0 118099000000000.0 397976.0 9010220000000.0 1624160000000000.0 2948360000000000.0 60294500.0 3621800000.0 22085200000.0 3003370000000.0 -4.72 4.563 [-4.72]
2691530000000000.0 1.32671e+20 111534000000.0 23216900000000.0 112534000000000.0 3472050000000.0 117219000000000.0 447123.0 9682660000000.0 1554690000000000.0 2687520000000000.0 72128800.0 4229580000.0 24928800000.0 3211060000000.0 -4.7 4.558 [-4.7]
2691530000000000.0 1.25626e+20 121339000000.0 24574900000000.0 114551000000000.0 3711880000000.0 116182000000000.0 502326.0 10393500000000.0 1485170000000000.0 2445570000000000.0 86117500.0 4931200000.0 28093100000.0 3428070000000.0 -4.68 4.554 [-4.68]
2691530000000000.0 1.18976e+20 131871000000.0 25981600000000.0 116472000000000.0 3964470000000.0 114990000000000.0 564293.0 11143300000000.0 1415840000000000.0 2221530000000000.0 102621000.0 5739810000.0 31608600000.0 3654380000000.0 -4.66 4.549 [-4.66]
2691530000000000.0 1.12693e+20 143162000000.0 27436400000000.0 118293000000000.0 4229770000000.0 113643000000000.0 633665.0 11931700000000.0 1346970000000000.0 2014410000000000.0 122050000.0 6670240000.0 35509300000.0 3890010000000.0 -4.64 4.545 [-4.64]
2691530000000000.0 1.06761e+20 155278000000.0 28940100000000.0 120009000000000.0 4508430000000.0 112146000000000.0 711598.0 12760600000000.0 1278810000000000.0 1823420000000000.0 144884000.0 7739040000.0 39827300000.0 4134730000000.0 -4.62 4.54 [-4.62]
2691530000000000.0 1.01157e+20 168259000000.0 30492200000000.0 121617000000000.0 4800360000000.0 110503000000000.0 798984.0 13629800000000.0 1211590000000000.0 1647570000000000.0 171668000.0 8964850000.0 44600700000.0 4388460000000.0 -4.6 4.536 [-4.6]
2691530000000000.0 9.58611e+19 182158000000.0 32092900000000.0 123115000000000.0 5105730000000.0 108717000000000.0 896896.0 14538800000000.0 1145520000000000.0 1486010000000000.0 203023000.0 10368500000.0 49869500000.0 4651010000000.0 -4.58 4.532 [-4.58]
2691530000000000.0 9.08518e+19 196998000000.0 33739200000000.0 124498000000000.0 5423890000000.0 106792000000000.0 1006340.0 15486500000000.0 1080800000000000.0 1337840000000000.0 239649000.0 11973100000.0 55677100000.0 4922150000000.0 -4.56 4.528 [-4.56]
2691530000000000.0 8.61152e+19 212849000000.0 35431500000000.0 125764000000000.0 5755070000000.0 104734000000000.0 1128830.0 16473500000000.0 1017620000000000.0 1202240000000000.0 282355000.0 13804400000.0 62066100000.0 5201500000000.0 -4.54 4.524 [-4.54]
2691530000000000.0 8.16336e+19 229748000000.0 37168200000000.0 126910000000000.0 6098780000000.0 102548000000000.0 1265690.0 17498200000000.0 956149000000000.0 1078390000000000.0 332048000.0 15890900000.0 69085000000.0 5488740000000.0 -4.52 4.52 [-4.52]
2691530000000000.0 7.73923e+19 247742000000.0 38947600000000.0 127933000000000.0 6454580000000.0 100242000000000.0 1418520.0 18560000000000.0 896544000000000.0 965441000000000.0 389753000.0 18264500000.0 76784200000.0 5783440000000.0 -4.5 4.516 [-4.5]
2691530000000000.0 7.33774e+19 266879000000.0 40768000000000.0 128830000000000.0 6821950000000.0 97820800000000.0 1589050.0 19657300000000.0 838917000000000.0 862711000000000.0 456629000.0 20960100000.0 85216100000.0 6085110000000.0 -4.48 4.512 [-4.48]
2691530000000000.0 6.95759e+19 287204000000.0 42627200000000.0 129599000000000.0 7200230000000.0 95294000000000.0 1779250.0 20788600000000.0 783379000000000.0 769466000000000.0 533973000.0 24016400000.0 94435900000.0 6393180000000.0 -4.46 4.508 [-4.46]
2691530000000000.0 6.59759e+19 308763000000.0 44522700000000.0 130237000000000.0 7588660000000.0 92669600000000.0 1991250.0 21952400000000.0 730022000000000.0 685005000000000.0 623241000.0 27475800000.0 104501000000.0 6707020000000.0 -4.44 4.504 [-4.44]
2691530000000000.0 6.2566e+19 331601000000.0 46451800000000.0 130742000000000.0 7986340000000.0 89956900000000.0 2227470.0 23146800000000.0 678914000000000.0 608672000000000.0 726060000.0 31384900000.0 115471000000.0 7025940000000.0 -4.42 4.5 [-4.42]
2691530000000000.0 5.93353e+19 355761000000.0 48411600000000.0 131112000000000.0 8392310000000.0 87165100000000.0 2490600.0 24369800000000.0 630105000000000.0 539822000000000.0 844249000.0 35795000000.0 127410000000.0 7349180000000.0 -4.4 4.496 [-4.4]
2691530000000000.0 5.62739e+19 381268000000.0 50397600000000.0 131346000000000.0 8805270000000.0 84304700000000.0 2783460.0 25618900000000.0 583638000000000.0 477850000000000.0 979791000.0 40761000000.0 140381000000.0 7675870000000.0 -4.38 4.492 [-4.38]
2691530000000000.0 5.33727e+19 408166000000.0 52406600000000.0 131440000000000.0 9224100000000.0 81386200000000.0 3109440.0 26892100000000.0 539522000000000.0 422195000000000.0 1134920000.0 46343900000.0 154451000000.0 8005120000000.0 -4.36 4.489 [-4.36]
2691530000000000.0 5.06229e+19 436490000000.0 54434400000000.0 131394000000000.0 9647520000000.0 78420600000000.0 3472260.0 28186900000000.0 497758000000000.0 372329000000000.0 1312100000.0 52609200000.0 169687000000.0 8335950000000.0 -4.34 4.485 [-4.34]
2691530000000000.0 4.80166e+19 466272000000.0 56476300000000.0 131207000000000.0 10074200000000.0 75419000000000.0 3876110.0 29500700000000.0 458331000000000.0 327745000000000.0 1514030000.0 59628100000.0 186157000000.0 8667300000000.0 -4.32 4.481 [-4.32]
2691530000000000.0 4.55458e+19 497537000000.0 58527600000000.0 130877000000000.0 10502600000000.0 72392800000000.0 4325660.0 30831300000000.0 421214000000000.0 287959000000000.0 1743670000.0 67477400000.0 203932000000.0 8998060000000.0 -4.3 4.477 [-4.3]
2691530000000000.0 4.32035e+19 530309000000.0 60582800000000.0 130403000000000.0 10931200000000.0 69353300000000.0 4826170.0 32175500000000.0 386364000000000.0 252545000000000.0 2004260000.0 76239600000.0 223080000000.0 9327050000000.0 -4.28 4.473 [-4.28]
2691530000000000.0 4.09829e+19 564604000000.0 62636200000000.0 129785000000000.0 11358600000000.0 66311800000000.0 5383570.0 33531000000000.0 353730000000000.0 221081000000000.0 2299330000.0 86003100000.0 243672000000.0 9653050000000.0 -4.26 4.47 [-4.26]
2691530000000000.0 3.88774e+19 600438000000.0 64682100000000.0 129022000000000.0 11783100000000.0 63279400000000.0 6004550.0 34894700000000.0 323249000000000.0 193190000000000.0 2632740000.0 96862800000.0 265776000000.0 9974780000000.0 -4.24 4.466 [-4.24]
2691530000000000.0 3.68811e+19 637816000000.0 66714100000000.0 128115000000000.0 12203200000000.0 60267000000000.0 6696610.0 36264100000000.0 294852000000000.0 168517000000000.0 3008620000.0 108919000000.0 289458000000.0 10290900000000.0 -4.22 4.462 [-4.22]
2691530000000000.0 3.49883e+19 676739000000.0 68725400000000.0 127064000000000.0 12617200000000.0 57285100000000.0 7468270.0 37636100000000.0 268462000000000.0 146742000000000.0 3431460000.0 122279000000.0 314785000000.0 10600000000000.0 -4.2 4.459 [-4.2]
2691530000000000.0 3.31935e+19 717204000000.0 70709100000000.0 125869000000000.0 13023700000000.0 54343500000000.0 8329160.0 39007900000000.0 243997000000000.0 127563000000000.0 3906120000.0 137056000000.0 341817000000.0 10900700000000.0 -4.18 4.455 [-4.18]
2691530000000000.0 3.14917e+19 759199000000.0 72658100000000.0 124533000000000.0 13421000000000.0 51451700000000.0 9290130.0 40376900000000.0 221370000000000.0 110706000000000.0 4437750000.0 153370000000.0 370613000000.0 11191700000000.0 -4.16 4.451 [-4.16]
2691530000000000.0 2.9878e+19 802704000000.0 74565000000000.0 123056000000000.0 13807700000000.0 48618200000000.0 10363500.0 41740100000000.0 200493000000000.0 95917900000000.0 5031850000.0 171344000000.0 401223000000.0 11471300000000.0 -4.14 4.448 [-4.14]
2691530000000000.0 2.83479e+19 847691000000.0 76422200000000.0 121441000000000.0 14182400000000.0 45851100000000.0 11563100.0 43094900000000.0 181275000000000.0 82970600000000.0 5694300000.0 191108000000.0 433694000000.0 11738100000000.0 -4.12 4.444 [-4.12]
2691530000000000.0 2.6897e+19 894127000000.0 78221900000000.0 119691000000000.0 14543700000000.0 43157400000000.0 12904800.0 44438500000000.0 163623000000000.0 71656500000000.0 6431350000.0 212799000000.0 468067000000.0 11990800000000.0 -4.1 4.44 [-4.1]
2691530000000000.0 2.55213e+19 941976000000.0 79956700000000.0 117809000000000.0 14890300000000.0 40543700000000.0 14406400.0 45768400000000.0 147446000000000.0 61788000000000.0 7249560000.0 236557000000.0 504370000000.0 12227900000000.0 -4.08 4.437 [-4.08]
2691530000000000.0 2.42169e+19 991185000000.0 81618600000000.0 115799000000000.0 15221100000000.0 38015300000000.0 16088000.0 47081700000000.0 132652000000000.0 53198800000000.0 8155840000.0 262524000000.0 542624000000.0 12447900000000.0 -4.06 4.433 [-4.06]
2691530000000000.0 2.29801e+19 1041700000000.0 83200100000000.0 113665000000000.0 15534900000000.0 35576900000000.0 17972400.0 48375700000000.0 119151000000000.0 45738300000000.0 9157400000.0 290848000000.0 582838000000.0 12649400000000.0 -4.04 4.429 [-4.04]
2691530000000000.0 2.18073e+19 1093440000000.0 84693500000000.0 111413000000000.0 15830700000000.0 33232400000000.0 20085100.0 49648100000000.0 106855000000000.0 39269200000000.0 10261700000.0 321676000000.0 625012000000.0 12831200000000.0 -4.02 4.426 [-4.02]
2691530000000000.0 2.06954e+19 1146340000000.0 86091200000000.0 109048000000000.0 16107600000000.0 30984500000000.0 22455200.0 50896300000000.0 95680200000000.0 33668900000000.0 11476600000.0 355158000000.0 669126000000.0 12992000000000.0 -4.0 4.422 [-4.0]
2691530000000000.0 1.9641e+19 1200300000000.0 87386300000000.0 106577000000000.0 16364900000000.0 28835500000000.0 25115500.0 52117800000000.0 85543400000000.0 28828600000000.0 12810000000.0 391441000000.0 715150000000.0 13130500000000.0 -3.98 4.419 [-3.98]
2691530000000000.0 1.86413e+19 1255240000000.0 88571700000000.0 104006000000000.0 16601700000000.0 26786700000000.0 28102900.0 53310300000000.0 76366300000000.0 24651700000000.0 14270000000.0 430670000000.0 763036000000.0 13245700000000.0 -3.96 4.415 [-3.96]
2691530000000000.0 1.76933e+19 1311050000000.0 89641000000000.0 101343000000000.0 16817500000000.0 24838800000000.0 31459200.0 54471600000000.0 68073400000000.0 21052800000000.0 15864800000.0 472987000000.0 812718000000.0 13336400000000.0 -3.94 4.412 [-3.94]
2691530000000000.0 1.67942e+19 1367580000000.0 90587100000000.0 98595100000000.0 17011500000000.0 22991300000000.0 35231300.0 55598600000000.0 60592600000000.0 17956200000000.0 17602600000.0 518520000000.0 864102000000.0 13401700000000.0 -3.92 4.408 [-3.92]
2691530000000000.0 1.59417e+19 1424750000000.0 91405900000000.0 95771400000000.0 17183500000000.0 21243900000000.0 39471900.0 56690000000000.0 53857300000000.0 15296100000000.0 19491700000.0 567396000000.0 917090000000.0 13440800000000.0 -3.9 4.405 [-3.9]
2691530000000000.0 1.51333e+19 1482380000000.0 92090800000000.0 92881800000000.0 17333000000000.0 19595500000000.0 44240200.0 57743600000000.0 47803800000000.0 13014100000000.0 21539900000.0 619727000000.0 971552000000.0 13453100000000.0 -3.88 4.401 [-3.88]
2691530000000000.0 1.43667e+19 1540400000000.0 92640700000000.0 89934200000000.0 17460200000000.0 18043900000000.0 49603700.0 58757200000000.0 42372200000000.0 11059200000000.0 23755100000.0 675611000000.0 1027340000000.0 13437900000000.0 -3.86 4.398 [-3.86]
2691530000000000.0 1.36397e+19 1598620000000.0 93050500000000.0 86938900000000.0 17564800000000.0 16587200000000.0 55636900.0 59728800000000.0 37506700000000.0 9386710000000.0 26144400000.0 735124000000.0 1084270000000.0 13395000000000.0 -3.84 4.395 [-3.84]
2691530000000000.0 1.29502e+19 1656890000000.0 93317500000000.0 83905900000000.0 17646500000000.0 15222600000000.0 62424100.0 60656400000000.0 33155500000000.0 7957760000000.0 28714600000.0 798320000000.0 1142140000000.0 13323900000000.0 -3.82 4.391 [-3.82]
2691530000000000.0 1.22962e+19 1715060000000.0 93440100000000.0 80845100000000.0 17705600000000.0 13947300000000.0 70059900.0 61538300000000.0 29270300000000.0 6738470000000.0 31471500000.0 865227000000.0 1200740000000.0 13224600000000.0 -3.8 4.388 [-3.8]
2691530000000000.0 1.1676e+19 1772980000000.0 93417600000000.0 77766700000000.0 17742000000000.0 12758000000000.0 78650400.0 62372700000000.0 25806700000000.0 5699400000000.0 34420600000.0 935848000000.0 1259810000000.0 13097100000000.0 -3.78 4.385 [-3.78]
2691530000000000.0 1.10876e+19 1830470000000.0 93249800000000.0 74680900000000.0 17756000000000.0 11651400000000.0 88314200.0 63157800000000.0 22723600000000.0 4814990000000.0 37565500000.0 1010140000000.0 1319060000000.0 12941800000000.0 -3.76 4.381 [-3.76]
