Cloudy_runs/pg1222/z=0.378389/component_VI_PI_nH/component_VI_PI_nH_col_density_param.txt
# %ECSV 1.0
# ---
# datatype:
# - {name: H, datatype: float64}
# - {name: H+, datatype: float64}
# - {name: C+, datatype: float64}
# - {name: C+2, datatype: float64}
# - {name: C+3, datatype: float64}
# - {name: N+2, datatype: float64}
# - {name: N+4, datatype: float64}
# - {name: O, datatype: float64}
# - {name: O+2, datatype: float64}
# - {name: O+5, datatype: float64}
# - {name: O+6, datatype: float64}
# - {name: Si+, datatype: float64}
# - {name: Si+2, datatype: float64}
# - {name: Si+3, datatype: float64}
# - {name: Si+4, datatype: float64}
# - {name: log_nH, datatype: float64}
# - {name: log_Te, datatype: float64}
# - {name: parameters, datatype: string, subtype: 'float64[1]'}
# schema: astropy-2.0
H H+ C+ C+2 C+3 N+2 N+4 O O+2 O+5 O+6 Si+ Si+2 Si+3 Si+4 log_nH log_Te parameters
[from data line 64]
2691530000000000.0 9.99979e+18 1943500000000.0 92482200000000.0 68526700000000.0 17717600000000.0 9671620000000.0 111408000.0 64573100000000.0 17550900000000.0 3424740000000.0 44451600000.0 1169400000000.0 1436910000000.0 12549000000000.0 -3.72 4.375 [-3.72]
2691530000000000.0 9.49727e+18 1998710000000.0 91886500000000.0 65477800000000.0 17665800000000.0 8791040000000.0 125152000.0 65200100000000.0 15395200000000.0 2883300000000.0 48193300000.0 1254070000000.0 1494830000000.0 12312900000000.0 -3.7 4.372 [-3.7]
2691530000000000.0 9.01988e+18 2052440000000.0 91146700000000.0 62459500000000.0 17592100000000.0 7978100000000.0 140598000.0 65769500000000.0 13486700000000.0 2424370000000.0 52124900000.0 1341740000000.0 1551710000000.0 12051200000000.0 -3.68 4.369 [-3.68]
2691530000000000.0 8.56735e+18 2105310000000.0 90281800000000.0 59481700000000.0 17498500000000.0 7229430000000.0 157960000.0 66283600000000.0 11800400000000.0 2036330000000.0 56253800000.0 1432310000000.0 1606960000000.0 11765700000000.0 -3.66 4.365 [-3.66]
2691530000000000.0 8.13782e+18 2156770000000.0 89289300000000.0 56552200000000.0 17384900000000.0 6541070000000.0 177465000.0 66739000000000.0 10312100000000.0 1708360000000.0 60567100000.0 1525370000000.0 1660270000000.0 11457500000000.0 -3.64 4.362 [-3.64]
2691530000000000.0 7.73009e+18 2206700000000.0 88175000000000.0 53678500000000.0 17251700000000.0 5909340000000.0 199369000.0 67134600000000.0 9000110000000.0 1431500000000.0 65055300000.0 1620520000000.0 1711230000000.0 11127900000000.0 -3.62 4.359 [-3.62]
2691530000000000.0 7.34303e+18 2254970000000.0 86945600000000.0 50867700000000.0 17099600000000.0 5330650000000.0 223957000.0 67469100000000.0 7845200000000.0 1198050000000.0 69706400000.0 1717310000000.0 1759430000000.0 10778700000000.0 -3.6 4.356 [-3.6]
2691530000000000.0 6.97555e+18 2301450000000.0 85607900000000.0 48126300000000.0 16929400000000.0 4801490000000.0 251545000.0 67741300000000.0 6829840000000.0 1001430000000.0 74505800000.0 1815240000000.0 1804460000000.0 10411800000000.0 -3.58 4.353 [-3.58]
2691530000000000.0 6.6266e+18 2346030000000.0 84169300000000.0 45459800000000.0 16741600000000.0 4318470000000.0 282488000.0 67950000000000.0 5938320000000.0 836028000000.0 79435900000.0 1913750000000.0 1845910000000.0 10029100000000.0 -3.56 4.35 [-3.56]
2691530000000000.0 6.29523e+18 2388620000000.0 82637500000000.0 42873300000000.0 16537200000000.0 3878340000000.0 317173000.0 68094400000000.0 5156540000000.0 697044000000.0 84476900000.0 2012210000000.0 1883380000000.0 9632700000000.0 -3.54 4.347 [-3.54]
2691530000000000.0 5.98052e+18 2429070000000.0 81019200000000.0 40372100000000.0 16316400000000.0 3478050000000.0 356028000.0 68173300000000.0 4471870000000.0 580402000000.0 89605800000.0 2109960000000.0 1916500000000.0 9224920000000.0 -3.52 4.343 [-3.52]
2691530000000000.0 5.68163e+18 2467450000000.0 79326400000000.0 37957200000000.0 16081000000000.0 3114480000000.0 399543000.0 68186100000000.0 3873020000000.0 482630000000.0 94799800000.0 2206330000000.0 1944910000000.0 8808090000000.0 -3.5 4.34 [-3.5]
2691530000000000.0 5.39772e+18 2503650000000.0 77565800000000.0 35632800000000.0 15831500000000.0 2784880000000.0 448241000.0 68132000000000.0 3349910000000.0 400778000000.0 100031000000.0 2300570000000.0 1968320000000.0 8384630000000.0 -3.48 4.337 [-3.48]
2691530000000000.0 5.12804e+18 2537640000000.0 75746000000000.0 33400800000000.0 15568700000000.0 2486580000000.0 502704000.0 68010400000000.0 2893550000000.0 332342000000.0 105273000000.0 2391950000000.0 1986430000000.0 7957020000000.0 -3.46 4.334 [-3.46]
2691530000000000.0 4.87171e+18 2569190000000.0 73872600000000.0 31262500000000.0 15293200000000.0 2217020000000.0 563580000.0 67819800000000.0 2495860000000.0 275177000000.0 110490000000.0 2479600000000.0 1999090000000.0 7527530000000.0 -3.44 4.331 [-3.44]
2691530000000000.0 4.62835e+18 2598720000000.0 71959800000000.0 29219000000000.0 15006600000000.0 1973890000000.0 631568000.0 67561900000000.0 2149910000000.0 227527000000.0 115665000000.0 2563010000000.0 2006000000000.0 7099030000000.0 -3.42 4.328 [-3.42]
2691530000000000.0 4.39716e+18 2626030000000.0 70013100000000.0 27270200000000.0 14709600000000.0 1754940000000.0 707445000.0 67235600000000.0 1849300000000.0 187846000000.0 120762000000.0 2641370000000.0 2007110000000.0 6673720000000.0 -3.4 4.324 [-3.4]
2691530000000000.0 4.17752e+18 2651130000000.0 68039800000000.0 25416200000000.0 14402900000000.0 1558080000000.0 792058000.0 66840800000000.0 1588440000000.0 154847000000.0 125752000000.0 2713990000000.0 2002380000000.0 6253930000000.0 -3.38 4.321 [-3.38]
2691530000000000.0 3.96885e+18 2674090000000.0 66048600000000.0 23655300000000.0 14087800000000.0 1381360000000.0 886349000.0 66377600000000.0 1362380000000.0 127446000000.0 130609000000.0 2780260000000.0 1991820000000.0 5841830000000.0 -3.36 4.318 [-3.36]
2691530000000000.0 3.7706e+18 2694940000000.0 64046300000000.0 21986500000000.0 13765100000000.0 1222970000000.0 991327000.0 65846500000000.0 1166760000000.0 104726000000.0 135306000000.0 2839630000000.0 1975510000000.0 5439480000000.0 -3.34 4.315 [-3.34]
2691530000000000.0 3.58226e+18 2713720000000.0 62039600000000.0 20408500000000.0 13435700000000.0 1081260000000.0 1108090000.0 65248000000000.0 997715000000.0 85916100000.0 139818000000.0 2891620000000.0 1953610000000.0 5048740000000.0 -3.32 4.312 [-3.32]
2691530000000000.0 3.40348e+18 2730390000000.0 60036600000000.0 18920200000000.0 13101100000000.0 954759000000.0 1237760000.0 64583600000000.0 851979000000.0 70379200000.0 144114000000.0 2935760000000.0 1926440000000.0 4671540000000.0 -3.3 4.308 [-3.3]
2691530000000000.0 3.23348e+18 2745260000000.0 58040600000000.0 17516200000000.0 12761500000000.0 841808000000.0 1381840000.0 63852800000000.0 726284000000.0 57544800000.0 148197000000.0 2971900000000.0 1894050000000.0 4308730000000.0 -3.28 4.305 [-3.28]
2691530000000000.0 3.07181e+18 2758350000000.0 56056200000000.0 16194200000000.0 12417700000000.0 741117000000.0 1541810000.0 63056500000000.0 618041000000.0 46960500000.0 152052000000.0 2999800000000.0 1856760000000.0 3961490000000.0 -3.26 4.302 [-3.26]
2691530000000000.0 2.91837e+18 2769560000000.0 54092300000000.0 14954200000000.0 12071400000000.0 651677000000.0 1718930000.0 62198100000000.0 525161000000.0 38262600000.0 155647000000.0 3019280000000.0 1815160000000.0 3631400000000.0 -3.24 4.299 [-3.24]
2691530000000000.0 2.77261e+18 2779060000000.0 52151600000000.0 13792000000000.0 11723000000000.0 572277000000.0 1914980000.0 61278500000000.0 445503000000.0 31120200000.0 158984000000.0 3030400000000.0 1769560000000.0 3318860000000.0 -3.22 4.296 [-3.22]
2691530000000000.0 2.63413e+18 2786920000000.0 50238200000000.0 12704300000000.0 11373600000000.0 501891000000.0 2131760000.0 60299600000000.0 377294000000.0 25265200000.0 162060000000.0 3033250000000.0 1720390000000.0 3024350000000.0 -3.2 4.292 [-3.2]
2691530000000000.0 2.50258e+18 2793200000000.0 48355500000000.0 11687900000000.0 11023700000000.0 439590000000.0 2371220000.0 59263400000000.0 318980000000.0 20473700000.0 164873000000.0 3028000000000.0 1668100000000.0 2748080000000.0 -3.18 4.289 [-3.18]
2691530000000000.0 2.3776e+18 2797980000000.0 46506900000000.0 10739700000000.0 10674300000000.0 384529000000.0 2635400000.0 58172500000000.0 269212000000.0 16560000000.0 167426000000.0 3014920000000.0 1613180000000.0 2490120000000.0 -3.16 4.286 [-3.16]
2691530000000000.0 2.25887e+18 2801330000000.0 44695000000000.0 9856340000000.0 10326000000000.0 335939000000.0 2926530000.0 57029400000000.0 226807000000.0 13369000000.0 169726000000.0 2994380000000.0 1556100000000.0 2250270000000.0 -3.14 4.282 [-3.14]
2691530000000000.0 2.14608e+18 2803300000000.0 42922000000000.0 9034710000000.0 9979620000000.0 293122000000.0 3246990000.0 55837000000000.0 190737000000.0 10772100000.0 171780000000.0 2966750000000.0 1497310000000.0 2028210000000.0 -3.12 4.279 [-3.12]
2691530000000000.0 2.03893e+18 2803990000000.0 41190200000000.0 8271530000000.0 9635760000000.0 255447000000.0 3599310000.0 54598500000000.0 160113000000.0 8662810000.0 173601000000.0 2932510000000.0 1437290000000.0 1823460000000.0 -3.1 4.276 [-3.1]
2691530000000000.0 1.93715e+18 2803430000000.0 39501200000000.0 7563650000000.0 9295040000000.0 222345000000.0 3986160000.0 53317200000000.0 134158000000.0 6952930000.0 175201000000.0 2892160000000.0 1376450000000.0 1635400000000.0 -3.08 4.273 [-3.08]
2691530000000000.0 1.84045e+18 2801710000000.0 37856000000000.0 6907940000000.0 8957990000000.0 193298000000.0 4410450000.0 51996200000000.0 112198000000.0 5569450000.0 176596000000.0 2846230000000.0 1315200000000.0 1463310000000.0 -3.06 4.269 [-3.06]
2691530000000000.0 1.74853e+18 2798670000000.0 36254600000000.0 6301440000000.0 8624930000000.0 167845000000.0 4875230000.0 50638300000000.0 93649300000.0 4451960000.0 177795000000.0 2795090000000.0 1254000000000.0 1306340000000.0 -3.04 4.266 [-3.04]
2691530000000000.0 1.66129e+18 2794740000000.0 34700500000000.0 5741300000000.0 8296920000000.0 145582000000.0 5383510000.0 49250000000000.0 78023100000.0 3551980000.0 178827000000.0 2739650000000.0 1193080000000.0 1163780000000.0 -3.02 4.263 [-3.02]
2691530000000000.0 1.57859e+18 2789740000000.0 33196000000000.0 5225650000000.0 7974770000000.0 126164000000.0 5937840000.0 47837000000000.0 64900200000.0 2829380000.0 179694000000.0 2680440000000.0 1132990000000.0 1034860000000.0 -3.0 4.259 [-3.0]
2691530000000000.0 1.49986e+18 2783780000000.0 31734900000000.0 4749660000000.0 7657500000000.0 109187000000.0 6543420000.0 46396700000000.0 53861200000.0 2248390000.0 180432000000.0 2617700000000.0 1073670000000.0 918261000000.0 -2.98 4.256 [-2.98]
2691530000000000.0 1.42508e+18 2776870000000.0 30320400000000.0 4311770000000.0 7346130000000.0 94391000000.0 7203130000.0 44936200000000.0 44611200000.0 1783090000.0 181050000000.0 2552100000000.0 1015520000000.0 813289000000.0 -2.96 4.253 [-2.96]
2691530000000000.0 1.35405e+18 2769030000000.0 28952400000000.0 3909480000000.0 7040990000000.0 81513600000.0 7920850000.0 43459600000000.0 36875900000.0 1411220000.0 181563000000.0 2484150000000.0 958772000000.0 719049000000.0 -2.94 4.249 [-2.94]
2691530000000000.0 1.28657e+18 2760280000000.0 27630600000000.0 3540380000000.0 6742300000000.0 70319200000.0 8700550000.0 41970800000000.0 30419800000.0 1114630000.0 181987000000.0 2414300000000.0 903602000000.0 634658000000.0 -2.92 4.246 [-2.92]
2691530000000000.0 1.22249e+18 2750710000000.0 26355000000000.0 3202210000000.0 6450430000000.0 60601400000.0 9546200000.0 40474600000000.0 25043700000.0 878643000.0 182340000000.0 2343090000000.0 850143000000.0 559294000000.0 -2.9 4.243 [-2.9]
2691530000000000.0 1.16163e+18 2740290000000.0 25124900000000.0 2892770000000.0 6165500000000.0 52174600000.0 10462100000.0 38974400000000.0 20575500000.0 691228000.0 182632000000.0 2270860000000.0 798527000000.0 492138000000.0 -2.88 4.239 [-2.88]
2691530000000000.0 1.10381e+18 2729060000000.0 23939600000000.0 2609990000000.0 5887680000000.0 44875600000.0 11452500000.0 37474300000000.0 16869600000.0 542707000.0 182879000000.0 2198020000000.0 748844000000.0 432429000000.0 -2.86 4.236 [-2.86]
2691530000000000.0 1.0489e+18 2717030000000.0 22798400000000.0 2351920000000.0 5617080000000.0 38560700000.0 12521800000.0 35977900000000.0 13802300000.0 425253000.0 183091000000.0 2124900000000.0 701160000000.0 379451000000.0 -2.84 4.233 [-2.84]
2691530000000000.0 9.96742e+17 2704180000000.0 21700300000000.0 2116730000000.0 5353780000000.0 33103100000.0 13674400000.0 34488700000000.0 11269000000.0 332558000.0 183279000000.0 2051800000000.0 655520000000.0 332534000000.0 -2.82 4.229 [-2.82]
2691530000000000.0 9.472e+17 2690560000000.0 20644600000000.0 1902680000000.0 5097870000000.0 28391900000.0 14914700000.0 33010500000000.0 9181160000.0 259560000.0 183452000000.0 1979030000000.0 611947000000.0 291066000000.0 -2.8 4.226 [-2.8]
2691530000000000.0 9.00147e+17 2676180000000.0 19630600000000.0 1708140000000.0 4849410000000.0 24329100000.0 16247000000.0 31546700000000.0 7464290000.0 202195000.0 183618000000.0 1906840000000.0 570446000000.0 254476000000.0 -2.78 4.223 [-2.78]
2691530000000000.0 8.55461e+17 2661050000000.0 18657200000000.0 1531590000000.0 4608440000000.0 20829400000.0 17675400000.0 30100600000000.0 6055570000.0 157211000.0 183782000000.0 1835460000000.0 531008000000.0 222246000000.0 -2.76 4.219 [-2.76]
2691530000000000.0 8.12904e+17 2645120000000.0 17720800000000.0 1371200000000.0 4374300000000.0 17811000000.0 19207200000.0 28671200000000.0 4899880000.0 121937000.0 183956000000.0 1764840000000.0 493503000000.0 193842000000.0 -2.74 4.216 [-2.74]
2691530000000000.0 7.72691e+17 2628490000000.0 16827700000000.0 1226710000000.0 4148750000000.0 15227200000.0 20837800000.0 27272400000000.0 3959510000.0 94497100.0 184129000000.0 1695750000000.0 458226000000.0 168991000000.0 -2.72 4.213 [-2.72]
2691530000000000.0 7.34393e+17 2611090000000.0 15969600000000.0 1095780000000.0 3930020000000.0 13002400000.0 22579100000.0 25895900000000.0 3191210000.0 73059100.0 184319000000.0 1627740000000.0 424805000000.0 147148000000.0 -2.7 4.209 [-2.7]
2691530000000000.0 6.98017e+17 2592940000000.0 15148000000000.0 977610000000.0 3718640000000.0 11093100000.0 24431300000.0 24547900000000.0 2566290000.0 56381700.0 184521000000.0 1561120000000.0 393299000000.0 128013000000.0 -2.68 4.206 [-2.68]
2691530000000000.0 6.63465e+17 2574070000000.0 14361700000000.0 871084000000.0 3514540000000.0 9455700000.0 26397600000.0 23230600000000.0 2059110000.0 43432800.0 184737000000.0 1496010000000.0 363642000000.0 111270000000.0 -2.66 4.203 [-2.66]
2691530000000000.0 6.3065e+17 2554460000000.0 13609700000000.0 775206000000.0 3317690000000.0 8053130000.0 28479800000.0 21946300000000.0 1648490000.0 33399700.0 184967000000.0 1432460000000.0 335793000000.0 96639300000.0 -2.64 4.2 [-2.64]
2691530000000000.0 5.99477e+17 2534100000000.0 12890800000000.0 689024000000.0 3127970000000.0 6852510000.0 30679900000.0 20696400000000.0 1316740000.0 25639400.0 185209000000.0 1370530000000.0 309675000000.0 83864900000.0 -2.62 4.196 [-2.62]
2691530000000000.0 5.69849e+17 2513020000000.0 12203600000000.0 611624000000.0 2945200000000.0 5825120000.0 32999900000.0 19482100000000.0 1049220000.0 19646100.0 185461000000.0 1310240000000.0 285199000000.0 72718700000.0 -2.6 4.193 [-2.6]
2691530000000000.0 5.41755e+17 2491260000000.0 11548600000000.0 542349000000.0 2769690000000.0 4948360000.0 35436100000.0 18307500000000.0 834365000.0 15034000.0 185716000000.0 1251780000000.0 262357000000.0 63019000000.0 -2.58 4.19 [-2.58]
2691530000000000.0 5.15055e+17 2468770000000.0 10923300000000.0 480313000000.0 2600980000000.0 4199390000.0 37990800000.0 17171500000000.0 661910000.0 11484900.0 185975000000.0 1195000000000.0 241027000000.0 54571600000.0 -2.56 4.187 [-2.56]
2691530000000000.0 4.89684e+17 2445540000000.0 10326600000000.0 424850000000.0 2439010000000.0 3560300000.0 40662000000.0 16075300000000.0 523847000.0 8759270.0 186235000000.0 1139940000000.0 221146000000.0 47222700000.0 -2.54 4.184 [-2.54]
2691530000000000.0 4.65582e+17 2421600000000.0 9757910000000.0 375341000000.0 2283730000000.0 3015490000.0 43446800000.0 15020200000000.0 413600000.0 6670210.0 186489000000.0 1086630000000.0 202647000000.0 40835800000.0 -2.52 4.18 [-2.52]
2691530000000000.0 4.42692e+17 2396970000000.0 9216190000000.0 331216000000.0 2135090000000.0 2551540000.0 46340800000.0 14007300000000.0 325791000.0 5072060.0 186729000000.0 1035070000000.0 185460000000.0 35290600000.0 -2.5 4.177 [-2.5]
