Cloudy_runs/3c263/z=0.140756/component_II_PI_nH/component_II_PI_nH_col_density_param.txt
# %ECSV 1.0
# ---
# datatype:
# - {name: H, datatype: float64}
# - {name: H+, datatype: float64}
# - {name: C+, datatype: float64}
# - {name: C+2, datatype: float64}
# - {name: C+3, datatype: float64}
# - {name: N+2, datatype: float64}
# - {name: N+4, datatype: float64}
# - {name: O, datatype: float64}
# - {name: O+2, datatype: float64}
# - {name: O+5, datatype: float64}
# - {name: O+6, datatype: float64}
# - {name: Si+, datatype: float64}
# - {name: Si+2, datatype: float64}
# - {name: Si+3, datatype: float64}
# - {name: Si+4, datatype: float64}
# - {name: log_nH, datatype: float64}
# - {name: log_Te, datatype: float64}
# - {name: parameters, datatype: string, subtype: 'float64[1]'}
# schema: astropy-2.0
H H+ C+ C+2 C+3 N+2 N+4 O O+2 O+5 O+6 Si+ Si+2 Si+3 Si+4 log_nH log_Te parameters
309029000000000.0 1.31522e+19 16864400000.0 2767240000000.0 11569200000000.0 427221000000.0 11640200000000.0 81836.9 1111150000000.0 148598000000000.0 267937000000000.0 9987020.0 531761000.0 2780880000.0 340500000000.0 -5.0 4.565 [-5.0]
309030000000000.0 1.24489e+19 18331900000.0 2928940000000.0 11779300000000.0 456163000000.0 11533600000000.0 91666.3 1191890000000.0 142046000000000.0 243606000000000.0 11913400.0 619950000.0 3135200000.0 363502000000.0 -4.98 4.56 [-4.98]
309029000000000.0 1.17851e+19 19903700000.0 3096170000000.0 11978900000000.0 486545000000.0 11410700000000.0 102651.0 1276890000000.0 135494000000000.0 221061000000000.0 14182700.0 721571000.0 3529150000.0 387490000000.0 -4.96 4.556 [-4.96]
309029000000000.0 1.11586e+19 21587000000.0 3268910000000.0 12167500000000.0 518408000000.0 11271800000000.0 114942.0 1366250000000.0 128967000000000.0 200226000000000.0 16850700.0 838468000.0 3966270000.0 412451000000.0 -4.94 4.551 [-4.94]
309029000000000.0 1.05672e+19 23387800000.0 3447120000000.0 12344600000000.0 551758000000.0 11117200000000.0 128688.0 1459970000000.0 122488000000000.0 181009000000000.0 19981300.0 972718000.0 4450510000.0 438373000000.0 -4.92 4.546 [-4.92]
309029000000000.0 1.00086e+19 25312000000.0 3630700000000.0 12510000000000.0 586592000000.0 10947300000000.0 144050.0 1558050000000.0 116083000000000.0 163324000000000.0 23647400.0 1126640000.0 4986090000.0 465239000000.0 -4.9 4.542 [-4.9]
309029000000000.0 9.48123e+18 27368200000.0 3819620000000.0 12663100000000.0 622932000000.0 10762700000000.0 161240.0 1660540000000.0 109774000000000.0 147087000000000.0 27932200.0 1302830000.0 5577250000.0 493020000000.0 -4.88 4.537 [-4.88]
309029000000000.0 8.98287e+18 29561100000.0 4013690000000.0 12803700000000.0 660728000000.0 10563700000000.0 180440.0 1767320000000.0 103582000000000.0 132209000000000.0 32930000.0 1504180000.0 6228880000.0 521691000000.0 -4.86 4.533 [-4.86]
309030000000000.0 8.51171e+18 31896200000.0 4212720000000.0 12931400000000.0 699931000000.0 10351100000000.0 201858.0 1878240000000.0 97526500000000.0 118605000000000.0 38747400.0 1733900000.0 6946150000.0 551220000000.0 -4.84 4.529 [-4.84]
309030000000000.0 8.06616e+18 34379600000.0 4416480000000.0 13045800000000.0 740494000000.0 10125400000000.0 225743.0 1993210000000.0 91624900000000.0 106192000000000.0 45505100.0 1995560000.0 7734360000.0 581565000000.0 -4.82 4.524 [-4.82]
309029000000000.0 7.64471e+18 37017500000.0 4624770000000.0 13146600000000.0 782355000000.0 9887350000000.0 252362.0 2112080000000.0 85893600000000.0 94893800000000.0 53339100.0 2293110000.0 8599150000.0 612678000000.0 -4.8 4.52 [-4.8]
309029000000000.0 7.24593e+18 39816400000.0 4837330000000.0 13233600000000.0 825444000000.0 9637800000000.0 282024.0 2234710000000.0 80345900000000.0 84630700000000.0 62404000.0 2630940000.0 9546570000.0 644507000000.0 -4.78 4.516 [-4.78]
309030000000000.0 6.86856e+18 42780400000.0 5053780000000.0 13306400000000.0 869651000000.0 9377680000000.0 315043.0 2360860000000.0 74995500000000.0 75331800000000.0 72867900.0 3013780000.0 10582700000.0 676983000000.0 -4.76 4.512 [-4.76]
309030000000000.0 6.51133e+18 45915500000.0 5273790000000.0 13364800000000.0 914883000000.0 9107850000000.0 351796.0 2490360000000.0 69851500000000.0 66924500000000.0 84924000.0 3446960000.0 11714000000.0 710040000000.0 -4.74 4.508 [-4.74]
309029000000000.0 6.17313e+18 49226800000.0 5496980000000.0 13408500000000.0 961020000000.0 8829350000000.0 392695.0 2622970000000.0 64922300000000.0 59341200000000.0 98784800.0 3936220000.0 12947300000.0 743600000000.0 -4.72 4.504 [-4.72]
309030000000000.0 5.85286e+18 52718900000.0 5722910000000.0 13437400000000.0 1007930000000.0 8543210000000.0 438199.0 2758450000000.0 60213900000000.0 52516400000000.0 114687000.0 4487920000.0 14289700000.0 777577000000.0 -4.7 4.5 [-4.7]
309029000000000.0 5.54947e+18 56394200000.0 5951030000000.0 13451100000000.0 1055460000000.0 8250540000000.0 488792.0 2896490000000.0 55730400000000.0 46387800000000.0 132893000.0 5108910000.0 15748400000.0 811881000000.0 -4.68 4.496 [-4.68]
309030000000000.0 5.26206e+18 60257300000.0 6180860000000.0 13449600000000.0 1103460000000.0 7952460000000.0 545068.0 3036870000000.0 51474200000000.0 40897200000000.0 153691000.0 5806710000.0 17330900000.0 846412000000.0 -4.66 4.492 [-4.66]
309029000000000.0 4.98978e+18 64311500000.0 6411830000000.0 13432700000000.0 1151770000000.0 7650170000000.0 607672.0 3179320000000.0 47446100000000.0 35989300000000.0 177400000.0 6589430000.0 19044800000.0 881059000000.0 -4.64 4.488 [-4.64]
309029000000000.0 4.73178e+18 68559400000.0 6643350000000.0 13400200000000.0 1200220000000.0 7344840000000.0 677329.0 3323530000000.0 43645000000000.0 31612200000000.0 204370000.0 7465840000.0 20897700000.0 915710000000.0 -4.62 4.484 [-4.62]
309030000000000.0 4.48731e+18 73002600000.0 6874760000000.0 13352000000000.0 1248640000000.0 7037660000000.0 754855.0 3469230000000.0 40068500000000.0 27717100000000.0 234983000.0 8445410000.0 22897400000.0 950242000000.0 -4.6 4.48 [-4.6]
309030000000000.0 4.25563e+18 77642100000.0 7105370000000.0 13288200000000.0 1296850000000.0 6729830000000.0 841172.0 3616110000000.0 36713000000000.0 24258300000000.0 269657000.0 9538300000.0 25051700000.0 984526000000.0 -4.58 4.476 [-4.58]
309030000000000.0 4.03605e+18 82478500000.0 7334460000000.0 13208600000000.0 1344660000000.0 6422520000000.0 937318.0 3763860000000.0 33573400000000.0 21193800000000.0 308842000.0 10755400000.0 27368400000.0 1018430000000.0 -4.56 4.472 [-4.56]
309029000000000.0 3.82794e+18 87510900000.0 7561240000000.0 13113300000000.0 1391880000000.0 6116860000000.0 1044470.0 3912200000000.0 30643900000000.0 18484300000000.0 353031000.0 12108200000.0 29855000000.0 1051810000000.0 -4.54 4.468 [-4.54]
309029000000000.0 3.63068e+18 92737800000.0 7784920000000.0 13002400000000.0 1438330000000.0 5813970000000.0 1163950.0 4060820000000.0 27917400000000.0 16093600000000.0 402753000.0 13609200000.0 32519100000.0 1084520000000.0 -4.52 4.464 [-4.52]
309029000000000.0 3.4437e+18 98156800000.0 8004670000000.0 12876000000000.0 1483820000000.0 5514880000000.0 1297270.0 4209410000000.0 25386500000000.0 13988700000000.0 458577000.0 15271200000.0 35367500000.0 1116410000000.0 -4.5 4.46 [-4.5]
309030000000000.0 3.26647e+18 103765000000.0 8219660000000.0 12734200000000.0 1528190000000.0 5220620000000.0 1446130.0 4357690000000.0 23043200000000.0 12139000000000.0 521113000.0 17108300000.0 38407100000.0 1147330000000.0 -4.48 4.457 [-4.48]
309030000000000.0 3.09847e+18 109558000000.0 8429010000000.0 12577300000000.0 1571260000000.0 4932080000000.0 1612460.0 4505360000000.0 20878800000000.0 10516900000000.0 591013000.0 19134600000.0 41644100000.0 1177120000000.0 -4.46 4.453 [-4.46]
309030000000000.0 2.93922e+18 115529000000.0 8631820000000.0 12405500000000.0 1612860000000.0 4650140000000.0 1798440.0 4652110000000.0 18884400000000.0 9097120000000.0 668968000.0 21365400000.0 45083800000.0 1205630000000.0 -4.44 4.449 [-4.44]
309030000000000.0 2.78826e+18 121673000000.0 8827200000000.0 12219300000000.0 1652820000000.0 4375540000000.0 2006520.0 4797660000000.0 17051100000000.0 7856740000000.0 755713000.0 23816200000.0 48731200000.0 1232700000000.0 -4.42 4.445 [-4.42]
309029000000000.0 2.64516e+18 127981000000.0 9014250000000.0 12018900000000.0 1691020000000.0 4108980000000.0 2239510.0 4941720000000.0 15369600000000.0 6775120000000.0 852017000.0 26503300000.0 52590100000.0 1258170000000.0 -4.4 4.441 [-4.4]
309029000000000.0 2.50951e+18 134447000000.0 9192130000000.0 11804900000000.0 1727310000000.0 3851040000000.0 2500590.0 5084020000000.0 13830800000000.0 5833690000000.0 958697000.0 29443300000.0 56663000000.0 1281890000000.0 -4.38 4.438 [-4.38]
309030000000000.0 2.38092e+18 141058000000.0 9359940000000.0 11577800000000.0 1761560000000.0 3602240000000.0 2793320.0 5224270000000.0 12425700000000.0 5015710000000.0 1076600000.0 32653100000.0 60951600000.0 1303690000000.0 -4.36 4.434 [-4.36]
309029000000000.0 2.25902e+18 147805000000.0 9516810000000.0 11338200000000.0 1793660000000.0 3362970000000.0 3121740.0 5362190000000.0 11145300000000.0 4306230000000.0 1206600000.0 36149900000.0 65456100000.0 1323440000000.0 -4.34 4.43 [-4.34]
309029000000000.0 2.14347e+18 154674000000.0 9661950000000.0 11086800000000.0 1823510000000.0 3133570000000.0 3490410.0 5497520000000.0 9981110000000.0 3691890000000.0 1349600000.0 39950700000.0 70175100000.0 1340990000000.0 -4.32 4.427 [-4.32]
309030000000000.0 2.03393e+18 161653000000.0 9794550000000.0 10824400000000.0 1851020000000.0 2914270000000.0 3904510.0 5629990000000.0 8924580000000.0 3160810000000.0 1506540000.0 44072600000.0 75105500000.0 1356210000000.0 -4.3 4.423 [-4.3]
309030000000000.0 1.93007e+18 168726000000.0 9913850000000.0 10551500000000.0 1876090000000.0 2705200000000.0 4369850.0 5759300000000.0 7967640000000.0 2702440000000.0 1678340000.0 48531900000.0 80242300000.0 1368950000000.0 -4.28 4.419 [-4.28]
309030000000000.0 1.83161e+18 175876000000.0 10019200000000.0 10269300000000.0 1898660000000.0 2506470000000.0 4892980.0 5885230000000.0 7102600000000.0 2307430000000.0 1865970000.0 53344800000.0 85578300000.0 1379110000000.0 -4.26 4.416 [-4.26]
309030000000000.0 1.73827e+18 183089000000.0 10110000000000.0 9978500000000.0 1918690000000.0 2318070000000.0 5481310.0 6007540000000.0 6322090000000.0 1967570000000.0 2070370000.0 58526400000.0 91104500000.0 1386580000000.0 -4.24 4.412 [-4.24]
309029000000000.0 1.64978e+18 190347000000.0 10185600000000.0 9680200000000.0 1936130000000.0 2139940000000.0 6143130.0 6125970000000.0 5619190000000.0 1675600000000.0 2292470000.0 64090300000.0 96809100000.0 1391260000000.0 -4.22 4.409 [-4.22]
309029000000000.0 1.56588e+18 197629000000.0 10245800000000.0 9375350000000.0 1950940000000.0 1971970000000.0 6887810.0 6240300000000.0 4987270000000.0 1425140000000.0 2533170000.0 70048800000.0 102678000000.0 1393070000000.0 -4.2 4.405 [-4.2]
309029000000000.0 1.48633e+18 204918000000.0 10290000000000.0 9065020000000.0 1963120000000.0 1813970000000.0 7725860.0 6350280000000.0 4420170000000.0 1210590000000.0 2793330000.0 76412000000.0 108694000000.0 1391940000000.0 -4.18 4.402 [-4.18]
309029000000000.0 1.4109e+18 212192000000.0 10318000000000.0 8750260000000.0 1972640000000.0 1665710000000.0 8669110.0 6455700000000.0 3912090000000.0 1027050000000.0 3073750000.0 83187900000.0 114838000000.0 1387820000000.0 -4.16 4.398 [-4.16]
309029000000000.0 1.33937e+18 219430000000.0 10329600000000.0 8432180000000.0 1979500000000.0 1526920000000.0 9730810.0 6556330000000.0 3457650000000.0 870252000000.0 3375140000.0 90381000000.0 121087000000.0 1380670000000.0 -4.14 4.395 [-4.14]
309029000000000.0 1.27157e+18 226603000000.0 10324600000000.0 8112080000000.0 1983710000000.0 1397400000000.0 10925100.0 6651890000000.0 3052070000000.0 736557000000.0 3697820000.0 97988600000.0 127414000000.0 1370480000000.0 -4.12 4.391 [-4.12]
309029000000000.0 1.20724e+18 233709000000.0 10303200000000.0 7790640000000.0 1985310000000.0 1276640000000.0 12270000.0 6742310000000.0 2690250000000.0 622583000000.0 4042860000.0 106017000000.0 133793000000.0 1357230000000.0 -4.1 4.388 [-4.1]
309029000000000.0 1.14622e+18 240718000000.0 10265600000000.0 7469150000000.0 1984320000000.0 1164370000000.0 13783700.0 6827340000000.0 2368170000000.0 525605000000.0 4410350000.0 114455000000.0 140191000000.0 1340950000000.0 -4.08 4.384 [-4.08]
309029000000000.0 1.08831e+18 247619000000.0 10211900000000.0 7148450000000.0 1980780000000.0 1060160000000.0 15488200.0 6906800000000.0 2081700000000.0 443143000000.0 4800840000.0 123297000000.0 146574000000.0 1321660000000.0 -4.06 4.381 [-4.06]
309029000000000.0 1.03341e+18 254369000000.0 10142300000000.0 6830050000000.0 1974710000000.0 963757000000.0 17404600.0 6980410000000.0 1827630000000.0 373198000000.0 5213570000.0 132515000000.0 152904000000.0 1299460000000.0 -4.04 4.378 [-4.04]
309029000000000.0 9.81318e+17 260960000000.0 10057400000000.0 6514710000000.0 1966180000000.0 874710000000.0 19560000.0 7048030000000.0 1602460000000.0 313905000000.0 5648650000.0 142091000000.0 159142000000.0 1274410000000.0 -4.02 4.374 [-4.02]
309029000000000.0 9.31893e+17 267371000000.0 9957600000000.0 6203390000000.0 1955250000000.0 792623000000.0 21983600.0 7109490000000.0 1403200000000.0 263705000000.0 6105610000.0 151995000000.0 165246000000.0 1246610000000.0 -4.0 4.371 [-4.0]
309029000000000.0 8.8499e+17 273584000000.0 9843550000000.0 5896970000000.0 1941980000000.0 717102000000.0 24707800.0 7164600000000.0 1227110000000.0 221254000000.0 6583680000.0 162192000000.0 171171000000.0 1216200000000.0 -3.98 4.367 [-3.98]
309029000000000.0 8.40478e+17 279583000000.0 9715940000000.0 5596310000000.0 1926450000000.0 647760000000.0 27768900.0 7213210000000.0 1071710000000.0 185401000000.0 7081840000.0 172640000000.0 176872000000.0 1183310000000.0 -3.96 4.364 [-3.96]
309029000000000.0 7.98229e+17 285352000000.0 9575500000000.0 5302150000000.0 1908730000000.0 584211000000.0 31206900.0 7255150000000.0 934766000000.0 155157000000.0 7598760000.0 183288000000.0 182302000000.0 1148120000000.0 -3.94 4.361 [-3.94]
309029000000000.0 7.58128e+17 290880000000.0 9423110000000.0 5015200000000.0 1888910000000.0 526086000000.0 35066800.0 7290290000000.0 814242000000.0 129677000000.0 8132890000.0 194081000000.0 187415000000.0 1110820000000.0 -3.92 4.358 [-3.92]
309029000000000.0 7.2006e+17 296152000000.0 9259600000000.0 4736060000000.0 1867080000000.0 473017000000.0 39398000.0 7318460000000.0 708314000000.0 108237000000.0 8682240000.0 204955000000.0 192163000000.0 1071620000000.0 -3.9 4.354 [-3.9]
309029000000000.0 6.83917e+17 301158000000.0 9085860000000.0 4465270000000.0 1843330000000.0 424655000000.0 44255800.0 7339540000000.0 615340000000.0 90219200000.0 9244580000.0 215842000000.0 196501000000.0 1030750000000.0 -3.88 4.351 [-3.88]
309029000000000.0 6.496e+17 305890000000.0 8902830000000.0 4203290000000.0 1817760000000.0 380659000000.0 49701000.0 7353390000000.0 533844000000.0 75095900000.0 9817460000.0 226668000000.0 200386000000.0 988436000000.0 -3.86 4.348 [-3.86]
309029000000000.0 6.17012e+17 310338000000.0 8711470000000.0 3950500000000.0 1790470000000.0 340710000000.0 55801100.0 7359880000000.0 462505000000.0 62419100000.0 10398000000.0 237351000000.0 203776000000.0 944948000000.0 -3.84 4.344 [-3.84]
309029000000000.0 5.86067e+17 314502000000.0 8512770000000.0 3707200000000.0 1761570000000.0 304499000000.0 62630400.0 7358920000000.0 400142000000.0 51807200000.0 10983400000.0 247812000000.0 206634000000.0 900552000000.0 -3.82 4.341 [-3.82]
309029000000000.0 5.56679e+17 318378000000.0 8307710000000.0 3473610000000.0 1731160000000.0 271732000000.0 70271200.0 7350420000000.0 345700000000.0 42935800000.0 11570400000.0 257966000000.0 208928000000.0 855521000000.0 -3.8 4.338 [-3.8]
309029000000000.0 5.28768e+17 321967000000.0 8097270000000.0 3249880000000.0 1699360000000.0 242134000000.0 78813900.0 7334300000000.0 298236000000.0 35529600000.0 12155800000.0 267728000000.0 210627000000.0 810133000000.0 -3.78 4.334 [-3.78]
309029000000000.0 5.0226e+17 325269000000.0 7882390000000.0 3036100000000.0 1666290000000.0 215446000000.0 88357400.0 7310490000000.0 256916000000.0 29355700000.0 12736200000.0 277015000000.0 211713000000.0 764667000000.0 -3.76 4.331 [-3.76]
309029000000000.0 4.77082e+17 328286000000.0 7663980000000.0 2832290000000.0 1632040000000.0 191420000000.0 99010700.0 7278940000000.0 220991000000.0 24216300000.0 13308200000.0 285743000000.0 212168000000.0 719395000000.0 -3.74 4.328 [-3.74]
309029000000000.0 4.53166e+17 331024000000.0 7442930000000.0 2638400000000.0 1596740000000.0 169828000000.0 110893000.0 7239620000000.0 189803000000.0 19944200000.0 13868700000.0 293837000000.0 211986000000.0 674579000000.0 -3.72 4.324 [-3.72]
