Cloudy_runs/3c263/z=0.140756/component_II_PI_nH/component_II_PI_nH_col_density_param.txt
# %ECSV 1.0
# ---
# datatype:
# - {name: H, datatype: float64}
# - {name: H+, datatype: float64}
# - {name: C+, datatype: float64}
# - {name: C+2, datatype: float64}
# - {name: C+3, datatype: float64}
# - {name: N+2, datatype: float64}
# - {name: N+4, datatype: float64}
# - {name: O, datatype: float64}
# - {name: O+2, datatype: float64}
# - {name: O+5, datatype: float64}
# - {name: O+6, datatype: float64}
# - {name: Si+, datatype: float64}
# - {name: Si+2, datatype: float64}
# - {name: Si+3, datatype: float64}
# - {name: Si+4, datatype: float64}
# - {name: log_nH, datatype: float64}
# - {name: log_Te, datatype: float64}
# - {name: parameters, datatype: string, subtype: 'float64[1]'}
# schema: astropy-2.0
H H+ C+ C+2 C+3 N+2 N+4 O O+2 O+5 O+6 Si+ Si+2 Si+3 Si+4 log_nH log_Te parameters
[from data line 137]
309029000000000.0 1.1406e+16 168313000000.0 145355000000.0 539692000.0 12709500000.0 1149930.0 15878300000.0 73571600000.0 0.0 0.0 18223000000.0 18797000000.0 885591000.0 41771400.0 -2.26 4.097 [-2.26]
309029000000000.0 1.08687e+16 164078000000.0 135201000000.0 463214000.0 11253600000.0 935588.0 16063100000.0 65004700000.0 0.0 0.0 17933700000.0 17452800000.0 784373000.0 35500500.0 -2.24 4.094 [-2.24]
309029000000000.0 1.03577e+16 159878000000.0 125708000000.0 397387000.0 9955480000.0 760643.0 16236100000.0 57392100000.0 0.0 0.0 17634600000.0 16191400000.0 694314000.0 30160700.0 -2.22 4.092 [-2.22]
309029000000000.0 9873910000000000.0 155738000000.0 116877000000.0 340951000.0 8803470000.0 618384.0 16397300000.0 50656500000.0 0.0 0.0 17327700000.0 15014900000.0 614540000.0 25630500.0 -2.2 4.09 [-2.2]
309029000000000.0 9411560000000000.0 151622000000.0 108591000000.0 292261000.0 7775830000.0 502128.0 16548000000.0 44665800000.0 0.0 0.0 17011500000.0 13908000000.0 543419000.0 21762800.0 -2.18 4.087 [-2.18]
309029000000000.0 8971760000000000.0 147554000000.0 100857000000.0 250432000.0 6863480000.0 407509.0 16688200000.0 39361200000.0 0.0 0.0 16687900000.0 12872900000.0 480312000.0 18474300.0 -2.16 4.085 [-2.16]
309029000000000.0 8553380000000000.0 143536000000.0 93641800000.0 214518000.0 6054460000.0 330561.0 16818400000.0 34668700000.0 0.0 0.0 16357800000.0 11905900000.0 424359000.0 15679400.0 -2.14 4.083 [-2.14]
309029000000000.0 8155400000000000.0 139573000000.0 86915100000.0 183702000.0 5337940000.0 268035.0 16939200000.0 30522000000.0 0.0 0.0 16022200000.0 11003900000.0 374791000.0 13305300.0 -2.12 4.081 [-2.12]
309029000000000.0 7776760000000000.0 135668000000.0 80646800000.0 157272000.0 4703950000.0 217259.0 17051000000.0 26860500000.0 0.0 0.0 15681900000.0 10163200000.0 330910000.0 11289100.0 -2.1 4.079 [-2.1]
309029000000000.0 7414480000000000.0 131801000000.0 74776000000.0 134524000.0 4141410000.0 175916.0 17154500000.0 23617900000.0 0.0 0.0 15335900000.0 9375920000.0 291925000.0 9571030.0 -2.08 4.077 [-2.08]
309029000000000.0 7073760000000000.0 128042000000.0 69373600000.0 115199000.0 3648570000.0 142623.0 17249600000.0 20781400000.0 0.0 0.0 14990700000.0 8652620000.0 257763000.0 8125410.0 -2.06 4.075 [-2.06]
309029000000000.0 6745660000000000.0 124305000000.0 64287100000.0 98499500.0 3210030000.0 115429.0 17337500000.0 18262000000.0 0.0 0.0 14639700000.0 7972210000.0 227299000.0 6888270.0 -2.04 4.072 [-2.04]
309029000000000.0 6435360000000000.0 120658000000.0 59586000000.0 84269800.0 2825010000.0 93481.8 17418100000.0 16052900000.0 0.0 0.0 14289400000.0 7344840000.0 200524000.0 5844030.0 -2.02 4.07 [-2.02]
309029000000000.0 6140090000000000.0 117082000000.0 55216300000.0 72090500.0 2485680000.0 75702.1 17491900000.0 14108700000.0 0.0 0.0 13938700000.0 6763210000.0 176889000.0 4958620.0 -2.0 4.068 [-2.0]
309029000000000.0 5859090000000000.0 113579000000.0 51156600000.0 61669200.0 2186810000.0 61302.8 17559500000.0 12398400000.0 0.0 0.0 13588500000.0 6224480000.0 156033000.0 4208020.0 -1.98 4.066 [-1.98]
309029000000000.0 5591690000000000.0 110149000000.0 47386800000.0 52755300.0 1923700000.0 49644.2 17621100000.0 10894500000.0 0.0 0.0 13239500000.0 5726050000.0 137638000.0 3571820.0 -1.96 4.064 [-1.96]
309029000000000.0 5337310000000000.0 106797000000.0 43889000000.0 45134200.0 1692250000.0 40207.9 17677200000.0 9572810000.0 0.0 0.0 12892300000.0 5265740000.0 121423000.0 3032880.0 -1.94 4.062 [-1.94]
309029000000000.0 5095190000000000.0 103522000000.0 40643500000.0 38617400.0 1488640000.0 32569.4 17728100000.0 8411330000.0 0.0 0.0 12547700000.0 4840510000.0 107127000.0 2576060.0 -1.92 4.06 [-1.92]
309029000000000.0 4864720000000000.0 100324000000.0 37633200000.0 33045900.0 1309580000.0 26386.7 17774100000.0 7390930000.0 0.0 0.0 12206400000.0 4447990000.0 94527000.0 2188850.0 -1.9 4.058 [-1.9]
309029000000000.0 4645320000000000.0 97203300000.0 34842000000.0 28282800.0 1152140000.0 21382.1 17815500000.0 6494620000.0 0.0 0.0 11869000000.0 4085930000.0 83422400.0 1860620.0 -1.88 4.056 [-1.88]
309029000000000.0 4436470000000000.0 94161800000.0 32255200000.0 24211400.0 1013750000.0 17331.5 17852700000.0 5707510000.0 0.0 0.0 11536000000.0 3752260000.0 73638000.0 1582370.0 -1.86 4.055 [-1.86]
309029000000000.0 4237640000000000.0 91199200000.0 29858500000.0 20731400.0 892120000.0 14052.5 17885900000.0 5016360000.0 0.0 0.0 11207800000.0 3444960000.0 65017100.0 1346440.0 -1.84 4.053 [-1.84]
309029000000000.0 4049710000000000.0 88336900000.0 27654600000.0 17771500.0 785734000.0 11408.5 17915300000.0 4412340000.0 0.0 0.0 10887400000.0 3164200000.0 57459900.0 1147350.0 -1.82 4.051 [-1.82]
309029000000000.0 3869430000000000.0 85532400000.0 25598600000.0 15226900.0 691755000.0 9257.13 17941200000.0 3879310000.0 0.0 0.0 10570400000.0 2903960000.0 50764100.0 977495.0 -1.8 4.049 [-1.8]
309029000000000.0 3697770000000000.0 82806300000.0 23695300000.0 13051500.0 609170000.0 7514.65 17963800000.0 3411340000.0 0.0 0.0 10259400000.0 2664720000.0 44864200.0 833361.0 -1.78 4.047 [-1.78]
309029000000000.0 3534300000000000.0 80158600000.0 21934000000.0 11191400.0 536595000.0 6103.01 17983400000.0 3000490000.0 0.0 0.0 9954850000.0 2444920000.0 39665200.0 711008.0 -1.76 4.045 [-1.76]
309029000000000.0 3376960000000000.0 77560700000.0 20287400000.0 9589310.0 472380000.0 4952.42 18000000000.0 2637350000.0 0.0 0.0 9653720000.0 2240940000.0 35050200.0 606360.0 -1.74 4.043 [-1.74]
309029000000000.0 3229260000000000.0 75076800000.0 18786300000.0 8233540.0 416493000.0 4028.01 18013900000.0 2321590000.0 0.0 0.0 9363750000.0 2056450000.0 31024400.0 518380.0 -1.72 4.042 [-1.72]
309029000000000.0 3089100000000000.0 72678000000.0 17402900000.0 7076200.0 367473000.0 0.0 18025300000.0 2044890000.0 0.0 0.0 9081840000.0 1887840000.0 27483100.0 443760.0 -1.7 4.04 [-1.7]
309029000000000.0 2954560000000000.0 70335800000.0 16113800000.0 6080020.0 324145000.0 0.0 18034200000.0 1800620000.0 0.0 0.0 8805010000.0 1731950000.0 24342700.0 379920.0 -1.68 4.038 [-1.68]
309029000000000.0 2825360000000000.0 68049300000.0 14912600000.0 5222630.0 285850000.0 0.0 18040800000.0 1584990000.0 0.0 0.0 8533310000.0 1587860000.0 21557800.0 325292.0 -1.66 4.036 [-1.66]
309029000000000.0 2704280000000000.0 65872400000.0 13820200000.0 4496900.0 252530000.0 0.0 18045400000.0 1397540000.0 0.0 0.0 8273290000.0 1458040000.0 19128000.0 279306.0 -1.64 4.035 [-1.64]
309029000000000.0 2587920000000000.0 63748700000.0 12801900000.0 3871220.0 223044000.0 0.0 18047900000.0 1231900000.0 0.0 0.0 8018530000.0 1338010000.0 16970400.0 239863.0 -1.62 4.033 [-1.62]
309029000000000.0 2477050000000000.0 61695100000.0 11860700000.0 3334940.0 197093000.0 0.0 18048500000.0 1086310000.0 0.0 0.0 7771180000.0 1228060000.0 15065100.0 206218.0 -1.6 4.031 [-1.6]
309029000000000.0 2370440000000000.0 59692200000.0 10983300000.0 2872350.0 174120000.0 0.0 18047200000.0 957617000.0 0.0 0.0 7529110000.0 1126420000.0 13372300.0 177325.0 -1.58 4.029 [-1.58]
309029000000000.0 2270670000000000.0 57792700000.0 10187000000.0 2480540.0 154129000.0 0.0 18044400000.0 845762000.0 0.0 0.0 7298690000.0 1035110000.0 11894700.0 152955.0 -1.56 4.028 [-1.56]
309029000000000.0 2173740000000000.0 55922500000.0 9437060000.0 2139670.0 136297000.0 0.0 18039800000.0 746167000.0 0.0 0.0 7071280000.0 949798000.0 10571500.0 131831.0 -1.54 4.026 [-1.54]
309029000000000.0 2083150000000000.0 54153100000.0 8757560000.0 1850950.0 120784000.0 0.0 18033800000.0 659634000.0 0.0 0.0 6855450000.0 873323000.0 9416380.0 114001.0 -1.52 4.024 [-1.52]
309029000000000.0 1995000000000000.0 52410100000.0 8116790000.0 1599280.0 106925000.0 0.0 18026200000.0 582478000.0 0.0 0.0 6642460000.0 801769000.0 8380220.0 98503.9 -1.5 4.023 [-1.5]
309029000000000.0 1911820000000000.0 50746000000.0 7530740000.0 1384480.0 94785300.0 0.0 18017200000.0 515007000.0 0.0 0.0 6438670000.0 736987000.0 7469260.0 85312.9 -1.48 4.021 [-1.48]
309029000000000.0 1832490000000000.0 49141300000.0 6989090000.0 1199640.0 84073400.0 0.0 18007000000.0 455578000.0 0.0 0.0 6241800000.0 677671000.0 6662210.0 73986.6 -1.46 4.019 [-1.46]
309029000000000.0 1756830000000000.0 47594100000.0 6488410000.0 1040460.0 74616300.0 0.0 17995500000.0 403213000.0 0.0 0.0 6051710000.0 623358000.0 5946790.0 64250.8 -1.44 4.018 [-1.44]
309029000000000.0 1684660000000000.0 46102800000.0 6025570000.0 903285.0 66263200.0 0.0 17982900000.0 357052000.0 0.0 0.0 5868270000.0 573620000.0 5312240.0 55872.7 -1.42 4.016 [-1.42]
309029000000000.0 1615800000000000.0 44665800000.0 5597640000.0 784973.0 58881500.0 0.0 17969100000.0 316345000.0 0.0 0.0 5691330000.0 528067000.0 4749070.0 48654.7 -1.4 4.015 [-1.4]
309029000000000.0 1550410000000000.0 43288000000.0 5203760000.0 683164.0 52373600.0 0.0 17954300000.0 280534000.0 0.0 0.0 5521540000.0 486527000.0 4250380.0 42446.9 -1.38 4.013 [-1.38]
309029000000000.0 1487400000000000.0 41947900000.0 4835970000.0 594633.0 46581000.0 0.0 17938300000.0 248733000.0 0.0 0.0 5356280000.0 448111000.0 3804510.0 37051.9 -1.36 4.012 [-1.36]
309029000000000.0 1427860000000000.0 40670000000.0 4499060000.0 518599.0 41485700.0 0.0 17921500000.0 220824000.0 0.0 0.0 5198640000.0 413240000.0 3410490.0 32416.8 -1.34 4.01 [-1.34]
309029000000000.0 1370730000000000.0 39433300000.0 4185750000.0 452565.0 36958200.0 0.0 17903700000.0 196087000.0 0.0 0.0 5046040000.0 381119000.0 3058720.0 28390.0 -1.32 4.008 [-1.32]
309029000000000.0 1316180000000000.0 38242700000.0 3895820000.0 395372.0 32946400.0 0.0 17885000000.0 174222000.0 0.0 0.0 4899100000.0 351673000.0 2745510.0 24899.6 -1.3 4.007 [-1.3]
309029000000000.0 1264090000000000.0 37096500000.0 3627420000.0 345787.0 29389200.0 0.0 17865500000.0 154886000.0 0.0 0.0 4757650000.0 324663000.0 2466410.0 21869.7 -1.28 4.005 [-1.28]
309029000000000.0 1214340000000000.0 35993100000.0 3378910000.0 302759.0 26233400.0 0.0 17845100000.0 137778000.0 0.0 0.0 4621510000.0 299883000.0 2217540.0 19236.4 -1.26 4.004 [-1.26]
309029000000000.0 1166650000000000.0 34927400000.0 3147970000.0 265302.0 23426100.0 0.0 17823900000.0 122601000.0 0.0 0.0 4490060000.0 277065000.0 1995010.0 16939.9 -1.24 4.002 [-1.24]
309029000000000.0 1121410000000000.0 33909000000.0 2935520000.0 232888.0 20943400.0 0.0 17802200000.0 109219000.0 0.0 0.0 4364520000.0 256265000.0 1797150.0 14947.7 -1.22 4.001 [-1.22]
309029000000000.0 1078020000000000.0 32925300000.0 2737920000.0 204607.0 18731700.0 0.0 17779700000.0 97331600.0 0.0 0.0 4243310000.0 237092000.0 1619930.0 13205.1 -1.2 3.999 [-1.2]
309029000000000.0 1036550000000000.0 31978600000.0 2554740000.0 179968.0 16764700.0 0.0 17756500000.0 86791500.0 0.0 0.0 4126740000.0 219476000.0 1461440.0 11682.5 -1.18 3.998 [-1.18]
309029000000000.0 996902000000000.0 31067400000.0 2384880000.0 158480.0 15014200.0 0.0 17732700000.0 77440900.0 0.0 0.0 4014650000.0 203284000.0 1319580.0 10350.3 -1.16 3.996 [-1.16]
309029000000000.0 958996000000000.0 30190600000.0 2227310000.0 139721.0 13455400.0 0.0 17708300000.0 69141000.0 0.0 0.0 3906880000.0 188398000.0 1192520.0 9183.19 -1.14 3.995 [-1.14]
309029000000000.0 922744000000000.0 29346700000.0 2081090000.0 123327.0 12066500.0 0.0 17683400000.0 61769200.0 0.0 0.0 3803250000.0 174702000.0 1078620.0 8159.21 -1.12 3.994 [-1.12]
309029000000000.0 888068000000000.0 28534400000.0 1945360000.0 108985.0 10828000.0 0.0 17658000000.0 55218100.0 0.0 0.0 3703640000.0 162097000.0 976445.0 7259.66 -1.1 3.992 [-1.1]
309029000000000.0 854892000000000.0 27752600000.0 1819310000.0 96423.7 9723070.0 0.0 17632100000.0 49393100.0 0.0 0.0 3607870000.0 150491000.0 884709.0 6468.33 -1.08 3.991 [-1.08]
309030000000000.0 823145000000000.0 27000000000.0 1702200000.0 85410.4 8736530.0 0.0 17605700000.0 44210400.0 0.0 0.0 3515810000.0 139798000.0 802280.0 5771.23 -1.06 3.989 [-1.06]
309030000000000.0 792759000000000.0 26275400000.0 1593370000.0 75744.0 7855200.0 0.0 17578900000.0 39596600.0 0.0 0.0 3427310000.0 129944000.0 728158.0 5156.35 -1.04 3.988 [-1.04]
309030000000000.0 763669000000000.0 25577900000.0 1492180000.0 67250.6 7067340.0 0.0 17551800000.0 35486800.0 0.0 0.0 3342230000.0 120858000.0 661450.0 4613.27 -1.02 3.987 [-1.02]
309030000000000.0 735814000000000.0 24906200000.0 1398050000.0 59779.2 6362530.0 0.0 17524200000.0 31823700.0 0.0 0.0 3260450000.0 112473000.0 601366.0 4132.92 -1.0 3.985 [-1.0]
309030000000000.0 709136000000000.0 24259300000.0 1310460000.0 53199.8 5731640.0 0.0 17496400000.0 28556800.0 0.0 0.0 3181820000.0 104734000.0 547206.0 3707.53 -0.98 3.984 [-0.98]
309030000000000.0 683579000000000.0 23636200000.0 1228920000.0 47399.4 5166530.0 0.0 17468200000.0 25641400.0 0.0 0.0 3106230000.0 97585600.0 498344.0 3330.28 -0.96 3.982 [-0.96]
309030000000000.0 659089000000000.0 23035900000.0 1152980000.0 42280.1 4660010.0 0.0 17439800000.0 23038200.0 0.0 0.0 3033550000.0 90979500.0 454227.0 2995.3 -0.94 3.981 [-0.94]
309030000000000.0 635618000000000.0 22457600000.0 1082210000.0 37756.8 4205720.0 0.0 17411200000.0 20712300.0 0.0 0.0 2963670000.0 84871400.0 414362.0 2697.46 -0.92 3.98 [-0.92]
309030000000000.0 613118000000000.0 21900200000.0 1016240000.0 33755.8 3798000.0 0.0 17382300000.0 18632800.0 0.0 0.0 2896470000.0 79220400.0 378310.0 2432.29 -0.9 3.978 [-0.9]
309030000000000.0 591543000000000.0 21363000000.0 954721000.0 30212.7 3431840.0 0.0 17353200000.0 16772600.0 0.0 0.0 2831840000.0 73989400.0 345679.0 2195.92 -0.88 3.977 [-0.88]
309030000000000.0 570849000000000.0 20845000000.0 897312000.0 27071.7 3102780.0 0.0 17324000000.0 15107300.0 0.0 0.0 2769680000.0 69143400.0 316120.0 1984.93 -0.86 3.976 [-0.86]
309030000000000.0 550997000000000.0 20345500000.0 843724000.0 24284.0 2806900.0 0.0 17294700000.0 13615800.0 0.0 0.0 2709890000.0 64653300.0 289324.0 1796.39 -0.84 3.974 [-0.84]
309030000000000.0 531949000000000.0 19863700000.0 793676000.0 21807.3 2540670.0 0.0 17265200000.0 12279100.0 0.0 0.0 2652370000.0 60489500.0 265012.0 1627.68 -0.82 3.973 [-0.82]
309030000000000.0 513667000000000.0 19398900000.0 746915000.0 19604.4 2300980.0 0.0 17235600000.0 11080400.0 0.0 0.0 2597020000.0 56626600.0 242936.0 1476.54 -0.8 3.971 [-0.8]
309030000000000.0 496118000000000.0 18950400000.0 703204000.0 17642.9 2085050.0 0.0 17206000000.0 10004700.0 0.0 0.0 2543770000.0 53040600.0 222875.0 1340.97 -0.78 3.97 [-0.78]
309030000000000.0 479265000000000.0 18517500000.0 662322000.0 15894.5 1890400.0 0.0 17176400000.0 9038880.0 0.0 0.0 2492530000.0 49709700.0 204630.0 1219.22 -0.76 3.969 [-0.76]
309030000000000.0 463078000000000.0 18099400000.0 624067000.0 14334.2 1714810.0 0.0 17146700000.0 8171120.0 0.0 0.0 2443190000.0 46613000.0 188023.0 1109.74 -0.74 3.967 [-0.74]
309030000000000.0 447459000000000.0 17693900000.0 588113000.0 12937.2 1555980.0 0.0 17116900000.0 7389230.0 0.0 0.0 2395490000.0 43722000.0 172865.0 1010.99 -0.72 3.966 [-0.72]
309030000000000.0 432518000000000.0 17303900000.0 554583000.0 11691.1 1412910.0 0.0 17087200000.0 6687690.0 0.0 0.0 2349780000.0 41043100.0 159078.0 922.2 -0.7 3.965 [-0.7]
309030000000000.0 418158000000000.0 16927100000.0 523166000.0 10575.6 1283640.0 0.0 17057600000.0 6056280.0 0.0 0.0 2305750000.0 38549200.0 146499.0 842.093 -0.68 3.963 [-0.68]
309030000000000.0 404410000000000.0 16564300000.0 493828000.0 9578.07 1167020.0 0.0 17028200000.0 5488870.0 0.0 0.0 2263540000.0 36234200.0 135035.0 769.876 -0.66 3.962 [-0.66]
309030000000000.0 391130000000000.0 16212000000.0 466197000.0 8681.04 1061260.0 0.0 16998700000.0 4976270.0 0.0 0.0 2222680000.0 34067400.0 124538.0 704.426 -0.64 3.961 [-0.64]
309030000000000.0 378356000000000.0 15871100000.0 440268000.0 7875.49 965524.0 0.0 16969400000.0 4514060.0 0.0 0.0 2183320000.0 32046000.0 114938.0 645.177 -0.62 3.96 [-0.62]
309030000000000.0 366066000000000.0 15541400000.0 415927000.0 7151.37 878825.0 0.0 16940100000.0 4097040.0 0.0 0.0 2145390000.0 30159400.0 106154.0 591.483 -0.6 3.958 [-0.6]
