Cloudy_runs/3c263/z=0.140756/component_II_PI_nH/component_II_PI_nH_col_density_param.txt
# %ECSV 1.0
# ---
# datatype:
# - {name: H, datatype: float64}
# - {name: H+, datatype: float64}
# - {name: C+, datatype: float64}
# - {name: C+2, datatype: float64}
# - {name: C+3, datatype: float64}
# - {name: N+2, datatype: float64}
# - {name: N+4, datatype: float64}
# - {name: O, datatype: float64}
# - {name: O+2, datatype: float64}
# - {name: O+5, datatype: float64}
# - {name: O+6, datatype: float64}
# - {name: Si+, datatype: float64}
# - {name: Si+2, datatype: float64}
# - {name: Si+3, datatype: float64}
# - {name: Si+4, datatype: float64}
# - {name: log_nH, datatype: float64}
# - {name: log_Te, datatype: float64}
# - {name: parameters, datatype: string, subtype: 'float64[1]'}
# schema: astropy-2.0
H H+ C+ C+2 C+3 N+2 N+4 O O+2 O+5 O+6 Si+ Si+2 Si+3 Si+4 log_nH log_Te parameters
[from data line 66]
309029000000000.0 4.08876e+17 335689000000.0 6996370000000.0 2279980000000.0 1523440000000.0 133105000000.0 138879000.0 7137710000000.0 139363000000.0 13460900000.0 14942700000.0 307851000000.0 209710000000.0 587320000000.0 -3.68 4.318 [-3.68]
309029000000000.0 3.8841e+17 337623000000.0 6772710000000.0 2115360000000.0 1485720000000.0 117608000000.0 155260000.0 7075320000000.0 119159000000.0 11033200000.0 15449400000.0 313649000000.0 207649000000.0 545376000000.0 -3.66 4.314 [-3.66]
309030000000000.0 3.68939e+17 339308000000.0 6549180000000.0 1959780000000.0 1447340000000.0 103752000000.0 173483000.0 7005090000000.0 101696000000.0 9024940000.0 15934300000.0 318580000000.0 204984000000.0 504730000000.0 -3.64 4.311 [-3.64]
309029000000000.0 3.50447e+17 340759000000.0 6326880000000.0 1813250000000.0 1408480000000.0 91403600000.0 193712000.0 6927340000000.0 86650400000.0 7369260000.0 16394600000.0 322613000000.0 201748000000.0 465614000000.0 -3.62 4.308 [-3.62]
309030000000000.0 3.32886e+17 341984000000.0 6106400000000.0 1675480000000.0 1369240000000.0 80415100000.0 216141000.0 6842180000000.0 73707400000.0 6006520000.0 16828700000.0 325728000000.0 197978000000.0 428169000000.0 -3.6 4.304 [-3.6]
309029000000000.0 3.16208e+17 342994000000.0 5888280000000.0 1546180000000.0 1329740000000.0 70652600000.0 240983000.0 6749760000000.0 62591200000.0 4886850000.0 17235200000.0 327913000000.0 193712000000.0 392509000000.0 -3.58 4.301 [-3.58]
309029000000000.0 3.00346e+17 343808000000.0 5672700000000.0 1424850000000.0 1290010000000.0 61980800000.0 268500000.0 6650060000000.0 53046800000.0 3967420000.0 17614900000.0 329168000000.0 188979000000.0 358678000000.0 -3.56 4.297 [-3.56]
309029000000000.0 2.853e+17 344406000000.0 5460610000000.0 1311530000000.0 1250250000000.0 54311600000.0 298878000.0 6543620000000.0 44887700000.0 3215620000.0 17964200000.0 329499000000.0 183860000000.0 326814000000.0 -3.54 4.294 [-3.54]
309029000000000.0 2.71009e+17 344814000000.0 5252150000000.0 1205700000000.0 1210500000000.0 47529500000.0 332406000.0 6430520000000.0 37915000000.0 2601260000.0 18284600000.0 328931000000.0 178389000000.0 296911000000.0 -3.52 4.291 [-3.52]
309029000000000.0 2.57435e+17 345041000000.0 5047660000000.0 1107020000000.0 1170850000000.0 41541100000.0 369366000.0 6311040000000.0 31966700000.0 2100150000.0 18576600000.0 327496000000.0 172616000000.0 268979000000.0 -3.5 4.287 [-3.5]
309029000000000.0 2.44544e+17 345096000000.0 4847440000000.0 1015150000000.0 1131400000000.0 36261400000.0 410057000.0 6185470000000.0 26901500000.0 1692230000.0 18840800000.0 325232000000.0 166595000000.0 243006000000.0 -3.48 4.284 [-3.48]
309029000000000.0 2.323e+17 344988000000.0 4651730000000.0 929744000000.0 1092200000000.0 31613500000.0 454797000.0 6054140000000.0 22596000000.0 1360810000.0 19078200000.0 322187000000.0 160376000000.0 218958000000.0 -3.46 4.28 [-3.46]
309029000000000.0 2.20671e+17 344724000000.0 4460740000000.0 850468000000.0 1053340000000.0 27527700000.0 503922000.0 5917410000000.0 18943100000.0 1092090000.0 19290200000.0 318413000000.0 154010000000.0 196784000000.0 -3.44 4.277 [-3.44]
309029000000000.0 2.09626e+17 344313000000.0 4274630000000.0 776987000000.0 1014890000000.0 23941300000.0 557789000.0 5775660000000.0 15849900000.0 874645000.0 19478200000.0 313966000000.0 147544000000.0 176421000000.0 -3.42 4.273 [-3.42]
309029000000000.0 1.99137e+17 343762000000.0 4093530000000.0 708976000000.0 976903000000.0 20797800000.0 616771000.0 5629300000000.0 13235600000.0 699063000.0 19644000000.0 308906000000.0 141024000000.0 157792000000.0 -3.4 4.27 [-3.4]
309029000000000.0 1.89175e+17 343077000000.0 3917560000000.0 646114000000.0 939445000000.0 18046100000.0 681264000.0 5478740000000.0 11030400000.0 557577000.0 19789300000.0 303295000000.0 134493000000.0 140812000000.0 -3.38 4.266 [-3.38]
309029000000000.0 1.79714e+17 342265000000.0 3746780000000.0 588095000000.0 902566000000.0 15640800000.0 751679000.0 5324440000000.0 9174110000.0 443805000.0 19916100000.0 297195000000.0 127988000000.0 125387000000.0 -3.36 4.263 [-3.36]
309029000000000.0 1.70729e+17 341331000000.0 3581230000000.0 534621000000.0 866313000000.0 13541200000.0 828445000.0 5166850000000.0 7614610000.0 352517000.0 20026200000.0 290668000000.0 121546000000.0 111423000000.0 -3.34 4.259 [-3.34]
309029000000000.0 1.62196e+17 340280000000.0 3420930000000.0 485402000000.0 830730000000.0 11710700000.0 912008000.0 5006440000000.0 6307160000.0 279423000.0 20121700000.0 283774000000.0 115197000000.0 98819900000.0 -3.32 4.256 [-3.32]
309029000000000.0 1.54091e+17 339113000000.0 3265870000000.0 440164000000.0 795849000000.0 10116900000.0 1002830000.0 4843670000000.0 5213290000.0 221023000.0 20204300000.0 276570000000.0 108971000000.0 87478900000.0 -3.3 4.253 [-3.3]
309029000000000.0 1.46395e+17 337840000000.0 3116050000000.0 398641000000.0 761709000000.0 8730970000.0 1101390000.0 4679040000000.0 4300090000.0 174467000.0 20275900000.0 269115000000.0 102888000000.0 77302800000.0 -3.28 4.249 [-3.28]
309029000000000.0 1.39086e+17 336461000000.0 2971400000000.0 360576000000.0 728332000000.0 7527150000.0 1208160000.0 4513020000000.0 3539270000.0 137430000.0 20338400000.0 261460000000.0 96969100000.0 68195300000.0 -3.26 4.246 [-3.26]
309029000000000.0 1.32162e+17 334987000000.0 2832280000000.0 325809000000.0 695833000000.0 6484960000.0 1323460000.0 4346570000000.0 2908020000.0 108086000.0 20392400000.0 253682000000.0 91246900000.0 60080200000.0 -3.24 4.242 [-3.24]
309029000000000.0 1.25554e+17 333403000000.0 2697510000000.0 293886000000.0 663979000000.0 5578060000.0 1448350000.0 4178770000000.0 2382310000.0 84751400.0 20442000000.0 245750000000.0 85689000000.0 52825600000.0 -3.22 4.239 [-3.22]
309029000000000.0 1.19311e+17 331734000000.0 2568450000000.0 264881000000.0 633117000000.0 4796580000.0 1582530000.0 4011950000000.0 1949020000.0 66386000.0 20485300000.0 237808000000.0 80365700000.0 46404200000.0 -3.2 4.235 [-3.2]
309029000000000.0 1.13367e+17 329965000000.0 2443970000000.0 238378000000.0 603014000000.0 4119380000.0 1727120000.0 3845170000000.0 1590400000.0 51870100.0 20525800000.0 229817000000.0 75240200000.0 40698500000.0 -3.18 4.232 [-3.18]
309029000000000.0 1.07707e+17 328092000000.0 2323970000000.0 214200000000.0 573678000000.0 3533330000.0 1882680000.0 3678840000000.0 1294360000.0 40425800.0 20564700000.0 221808000000.0 70320300000.0 35639200000.0 -3.16 4.228 [-3.16]
309029000000000.0 1.02347e+17 326133000000.0 2209020000000.0 192277000000.0 545276000000.0 3028940000.0 2049150000.0 3514320000000.0 1051530000.0 31460500.0 20601400000.0 213866000000.0 65635100000.0 31179300000.0 -3.14 4.225 [-3.14]
309029000000000.0 9.72568e+16 324083000000.0 2098660000000.0 172375000000.0 517727000000.0 2594180000.0 2227260000.0 3351530000000.0 852338000.0 24435100.0 20637400000.0 205990000000.0 61170700000.0 27245900000.0 -3.12 4.221 [-3.12]
309029000000000.0 9.24226e+16 321942000000.0 1992810000000.0 154336000000.0 491036000000.0 2219840000.0 2417420000.0 3190880000000.0 689325000.0 18941800.0 20673300000.0 198204000000.0 56927600000.0 23782900000.0 -3.1 4.218 [-3.1]
309029000000000.0 8.78309e+16 319710000000.0 1891310000000.0 138005000000.0 465197000000.0 1897790000.0 2620050000.0 3032680000000.0 556211000.0 14655000.0 20709800000.0 190527000000.0 52902800000.0 20738100000.0 -3.08 4.215 [-3.08]
309029000000000.0 8.34711e+16 317388000000.0 1794100000000.0 123247000000.0 440215000000.0 1621070000.0 2835440000.0 2877330000000.0 447791000.0 11317500.0 20747000000.0 182980000000.0 49094500000.0 18065700000.0 -3.06 4.211 [-3.06]
309029000000000.0 7.93308e+16 314978000000.0 1701040000000.0 109927000000.0 416083000000.0 1383470000.0 3063910000.0 2725130000000.0 359679000.0 8724000.0 20785300000.0 175576000000.0 45497500000.0 15722900000.0 -3.04 4.208 [-3.04]
309029000000000.0 7.54093e+16 312488000000.0 1612240000000.0 97947600000.0 392853000000.0 1180060000.0 3305280000.0 2576730000000.0 288366000.0 6716280.0 20824000000.0 168349000000.0 42115300000.0 13675600000.0 -3.02 4.204 [-3.02]
309029000000000.0 7.16746e+16 309900000000.0 1527090000000.0 87140400000.0 370396000000.0 1005300000.0 3560500000.0 2431640000000.0 230551000.0 5158680.0 20864600000.0 161265000000.0 38924000000.0 11881300000.0 -3.0 4.201 [-3.0]
309029000000000.0 6.81279e+16 307225000000.0 1445720000000.0 77428400000.0 348768000000.0 855639000.0 3829230000.0 2290480000000.0 183897000.0 3955480.0 20906200000.0 154353000000.0 35926500000.0 10314000000.0 -2.98 4.198 [-2.98]
309029000000000.0 6.47596e+16 304463000000.0 1368010000000.0 68712900000.0 327961000000.0 727587000.0 4111470000.0 2153470000000.0 146339000.0 3027800.0 20948500000.0 147622000000.0 33115800000.0 8946490000.0 -2.96 4.195 [-2.96]
309029000000000.0 6.15607e+16 301614000000.0 1293840000000.0 60902900000.0 307964000000.0 618115000.0 4407080000.0 2020810000000.0 116176000.0 2313890.0 20991200000.0 141074000000.0 30484700000.0 7754400000.0 -2.94 4.191 [-2.94]
309029000000000.0 5.85226e+16 298680000000.0 1223090000000.0 53914200000.0 288769000000.0 524607000.0 4715820000.0 1892660000000.0 92010700.0 1765490.0 21033900000.0 134715000000.0 28025900000.0 6716260000.0 -2.92 4.188 [-2.92]
309029000000000.0 5.56375e+16 295661000000.0 1155650000000.0 47669800000.0 270368000000.0 444805000.0 5037340000.0 1769180000000.0 72699000.0 1345010.0 21076000000.0 128546000000.0 25731700000.0 5813050000.0 -2.9 4.185 [-2.9]
309029000000000.0 5.28968e+16 292557000000.0 1091380000000.0 42097100000.0 252744000000.0 376750000.0 5371160000.0 1650460000000.0 57301200.0 1023120.0 21117300000.0 122566000000.0 23594600000.0 5027780000.0 -2.88 4.182 [-2.88]
309029000000000.0 5.02871e+16 289360000000.0 1030020000000.0 37121400000.0 235854000000.0 318662000.0 5717200000.0 1536350000000.0 45035900.0 776740.0 21157400000.0 116761000000.0 21602100000.0 4344480000.0 -2.86 4.178 [-2.86]
309029000000000.0 4.78219e+16 286102000000.0 971938000000.0 32713600000.0 219804000000.0 269424000.0 6073120000.0 1427720000000.0 35343600.0 589528.0 21193900000.0 111182000000.0 19761100000.0 3753780000.0 -2.84 4.175 [-2.84]
309029000000000.0 4.54674e+16 282744000000.0 916384000000.0 28778900000.0 204427000000.0 227374000.0 6440250000.0 1323580000000.0 27644200.0 446358.0 21228400000.0 105758000000.0 18045300000.0 3239430000.0 -2.82 4.172 [-2.82]
309029000000000.0 4.3243e+16 279327000000.0 863858000000.0 25302500000.0 189860000000.0 191795000.0 6815380000.0 1224920000000.0 21589900.0 0.0 21257900000.0 100554000000.0 16464800000.0 2795420000.0 -2.8 4.169 [-2.8]
309029000000000.0 4.11244e+16 275824000000.0 813815000000.0 22214900000.0 175984000000.0 161534000.0 7199050000.0 1131060000000.0 16813700.0 0.0 21283300000.0 95520400000.0 15000100000.0 2410120000.0 -2.78 4.166 [-2.78]
309029000000000.0 3.91119e+16 272246000000.0 766294000000.0 19482200000.0 162824000000.0 135878000.0 7589510000.0 1042210000000.0 13062800.0 0.0 21303300000.0 90670000000.0 13648400000.0 2076670000.0 -2.76 4.163 [-2.76]
309029000000000.0 3.72001e+16 268596000000.0 721191000000.0 17066800000.0 150364000000.0 114150000.0 7985460000.0 958317000000.0 10124600.0 0.0 21317000000.0 86000000000.0 12402700000.0 1788290000.0 -2.74 4.16 [-2.74]
309029000000000.0 3.53839e+16 264876000000.0 678408000000.0 14934700000.0 138592000000.0 95769200.0 8385530000.0 879328000000.0 7828830.0 0.0 21323500000.0 81507600000.0 11256400000.0 1539040000.0 -2.72 4.157 [-2.72]
309029000000000.0 3.36586e+16 261088000000.0 637851000000.0 13055200000.0 127495000000.0 80239700.0 8788270000.0 805164000000.0 6039690.0 0.0 21322100000.0 77189800000.0 10203300000.0 1323760000.0 -2.7 4.154 [-2.7]
309029000000000.0 3.20191e+16 257235000000.0 599416000000.0 11400100000.0 117054000000.0 67133800.0 9192220000.0 735709000000.0 4648660.0 0.0 21312300000.0 73041700000.0 9237090000.0 1137910000.0 -2.68 4.151 [-2.68]
309029000000000.0 3.04574e+16 253310000000.0 562923000000.0 9941700000.0 107234000000.0 56069400.0 9596470000.0 670723000000.0 3568300.0 0.0 21293100000.0 69050300000.0 8350010000.0 977305000.0 -2.66 4.148 [-2.66]
309029000000000.0 2.89777e+16 249338000000.0 528482000000.0 8663710000.0 98060500000.0 46777600.0 9998320000.0 610348000000.0 2734310.0 0.0 21263400000.0 65234500000.0 7540710000.0 839132000.0 -2.64 4.145 [-2.64]
309029000000000.0 2.75756e+16 245324000000.0 495992000000.0 7544860000.0 89510900000.0 38982700.0 10396300000.0 554404000000.0 2091780.0 0.0 21222700000.0 61589500000.0 6803350000.0 720301000.0 -2.62 4.142 [-2.62]
309029000000000.0 2.62358e+16 241234000000.0 465103000000.0 6560130000.0 81509700000.0 32415300.0 10790900000.0 502376000000.0 1595330.0 0.0 21170700000.0 58079500000.0 6127600000.0 617562000.0 -2.6 4.14 [-2.6]
309029000000000.0 2.49662e+16 237109000000.0 436001000000.0 5700250000.0 74091600000.0 26924300.0 11178800000.0 454442000000.0 1214850.0 0.0 21106400000.0 54732900000.0 5513870000.0 529339000.0 -2.58 4.137 [-2.58]
309029000000000.0 2.37597e+16 232942000000.0 408519000000.0 4948500000.0 67215800000.0 22330200.0 11559300000.0 410300000000.0 923317.0 0.0 21029400000.0 51535200000.0 4955840000.0 453462000.0 -2.56 4.134 [-2.56]
309029000000000.0 2.26165e+16 228748000000.0 382658000000.0 4293460000.0 60873800000.0 18500000.0 11930900000.0 369850000000.0 700808.0 0.0 20939300000.0 48492100000.0 4450460000.0 388373000.0 -2.54 4.131 [-2.54]
309029000000000.0 2.15267e+16 224507000000.0 358190000000.0 3720650000.0 55012400000.0 15298600.0 12293400000.0 332713000000.0 530695.0 0.0 20835700000.0 45580300000.0 3991040000.0 332330000.0 -2.52 4.129 [-2.52]
309029000000000.0 2.04909e+16 220235000000.0 335124000000.0 3221500000.0 49622300000.0 12632800.0 12645500000.0 298785000000.0 401193.0 0.0 20718200000.0 42805900000.0 3575130000.0 284216000.0 -2.5 4.126 [-2.5]
309029000000000.0 1.95033e+16 215924000000.0 313325000000.0 2786010000.0 44667300000.0 10412500.0 12986700000.0 267800000000.0 302634.0 0.0 20586500000.0 40156200000.0 3198170000.0 242845000.0 -2.48 4.124 [-2.48]
309029000000000.0 1.85676e+16 211605000000.0 292864000000.0 2408280000.0 40145800000.0 8573950.0 13315400000.0 239703000000.0 228070.0 0.0 20440600000.0 37645000000.0 2858810000.0 207457000.0 -2.46 4.121 [-2.46]
309029000000000.0 1.7678e+16 207270000000.0 273610000000.0 2080140000.0 36020100000.0 7050520.0 13631600000.0 214224000000.0 171634.0 0.0 20280400000.0 35259500000.0 2552870000.0 177129000.0 -2.44 4.118 [-2.44]
309029000000000.0 1.68324e+16 202923000000.0 255501000000.0 1795340000.0 32265000000.0 5790170.0 13934700000.0 191172000000.0 128994.0 0.0 20105800000.0 32995600000.0 2277420000.0 151155000.0 -2.42 4.116 [-2.42]
309029000000000.0 1.60285e+16 198570000000.0 238479000000.0 1548400000.0 28855500000.0 4749110.0 14224600000.0 170363000000.0 0.0 0.0 19917000000.0 30849600000.0 2029770000.0 128923000.0 -2.4 4.113 [-2.4]
309029000000000.0 1.52643e+16 194215000000.0 222489000000.0 1334490000.0 25767300000.0 3890510.0 14501000000.0 151618000000.0 0.0 0.0 19714200000.0 28817500000.0 1807390000.0 109904000.0 -2.38 4.111 [-2.38]
309029000000000.0 1.45376e+16 189862000000.0 207476000000.0 1149350000.0 22976400000.0 3183420.0 14763800000.0 134767000000.0 0.0 0.0 19497600000.0 26895300000.0 1607950000.0 93644900.0 -2.36 4.108 [-2.36]
309029000000000.0 1.38467e+16 185518000000.0 193390000000.0 989252000.0 20459900000.0 2601980.0 15013000000.0 119648000000.0 0.0 0.0 19267600000.0 25079100000.0 1429310000.0 79752800.0 -2.34 4.106 [-2.34]
309029000000000.0 1.31897e+16 181186000000.0 180181000000.0 850921000.0 18195500000.0 2124510.0 15248900000.0 106108000000.0 0.0 0.0 19024600000.0 23365100000.0 1269500000.0 67890200.0 -2.32 4.104 [-2.32]
309029000000000.0 1.2565e+16 176871000000.0 167802000000.0 731500000.0 16162200000.0 1732960.0 15471600000.0 94002900000.0 0.0 0.0 18769100000.0 21749300000.0 1126700000.0 57766600.0 -2.3 4.101 [-2.3]
