Cloudy_runs/s135712/z=0.097869/logZ=1/component_III_PI_nH/component_III_PI_nH_col_density_param.txt
# %ECSV 1.0
# ---
# datatype:
# - {name: H, datatype: float64}
# - {name: H+, datatype: float64}
# - {name: C+, datatype: float64}
# - {name: C+2, datatype: float64}
# - {name: C+3, datatype: float64}
# - {name: N+, datatype: float64}
# - {name: N+2, datatype: float64}
# - {name: N+4, datatype: float64}
# - {name: O, datatype: float64}
# - {name: O+2, datatype: float64}
# - {name: O+5, datatype: float64}
# - {name: O+6, datatype: float64}
# - {name: P+, datatype: float64}
# - {name: Si+, datatype: float64}
# - {name: Si+2, datatype: float64}
# - {name: Si+3, datatype: float64}
# - {name: Si+4, datatype: float64}
# - {name: log_nH, datatype: float64}
# - {name: parameters, datatype: string, subtype: 'float64[1]'}
# schema: astropy-2.0
H H+ C+ C+2 C+3 N+ N+2 N+4 O O+2 O+5 O+6 P+ Si+ Si+2 Si+3 Si+4 log_nH parameters
[from data line 55]
1023290000000000.0 2.12928e+17 45519400000000.0 440680000000000.0 78542400000000.0 10036100000000.0 93912300000000.0 4170780000000.0 270466000000.0 642154000000000.0 662232000000.0 12949500000.0 107584000000.0 14513900000000.0 12749000000000.0 28579500000000.0 12732600000000.0 -3.9 [-3.9]
1023290000000000.0 2.01158e+17 45032000000000.0 418211000000000.0 71267000000000.0 10252800000000.0 89670400000000.0 3602010000000.0 298481000000.0 615413000000000.0 542344000000.0 10114900000.0 107694000000.0 14934600000000.0 12193000000000.0 26658800000000.0 11113500000000.0 -3.88 [-3.88]
1023290000000000.0 1.90086e+17 44543000000000.0 396808000000000.0 64615500000000.0 10464100000000.0 85540900000000.0 3109260000000.0 328823000000.0 588923000000000.0 443700000000.0 7894250000.0 107602000000.0 15313600000000.0 11624600000000.0 24811400000000.0 9676790000000.0 -3.86 [-3.86]
1023290000000000.0 1.79661e+17 44054400000000.0 376412000000000.0 58532300000000.0 10669800000000.0 81524600000000.0 2682330000000.0 361635000000.0 562739000000000.0 362569000000.0 6155060000.0 107320000000.0 15648300000000.0 11048100000000.0 23040400000000.0 8405170000000.0 -3.84 [-3.84]
1023290000000000.0 1.6985e+17 43567800000000.0 356998000000000.0 52975700000000.0 10869500000000.0 77626700000000.0 2312880000000.0 397029000000.0 536949000000000.0 295950000000.0 4795030000.0 106863000000.0 15936400000000.0 10468700000000.0 21350600000000.0 7283840000000.0 -3.82 [-3.82]
1023290000000000.0 1.60617e+17 43084800000000.0 338526000000000.0 47903800000000.0 11062700000000.0 73850100000000.0 1993410000000.0 435119000000.0 511624000000000.0 241317000000.0 3732670000.0 106244000000.0 16176300000000.0 9890950000000.0 19744700000000.0 6298280000000.0 -3.8 [-3.8]
1023290000000000.0 1.5193e+17 42607400000000.0 320963000000000.0 43278600000000.0 11249100000000.0 70197600000000.0 1717380000000.0 476013000000.0 486830000000000.0 196573000000.0 2903760000.0 105477000000.0 16367300000000.0 9319220000000.0 18224700000000.0 5434890000000.0 -3.78 [-3.78]
1023290000000000.0 1.4376e+17 42137600000000.0 304276000000000.0 39064700000000.0 11428400000000.0 66671700000000.0 1479080000000.0 519803000000.0 462633000000000.0 159981000000.0 2257760000.0 104579000000.0 16509200000000.0 8757590000000.0 16791900000000.0 4681040000000.0 -3.76 [-3.76]
1023290000000000.0 1.36074e+17 41674700000000.0 288424000000000.0 35229000000000.0 11600200000000.0 63272100000000.0 1273430000000.0 566595000000.0 439077000000000.0 130080000000.0 1754590000.0 103561000000.0 16602600000000.0 8209220000000.0 15445800000000.0 4024560000000.0 -3.74 [-3.74]
1023290000000000.0 1.28844e+17 41221200000000.0 273373000000000.0 31740900000000.0 11764200000000.0 59999500000000.0 1096080000000.0 616466000000.0 416210000000000.0 105682000000.0 1363080000.0 102437000000.0 16648800000000.0 7677230000000.0 14185700000000.0 3454610000000.0 -3.72 [-3.72]
1023290000000000.0 1.22045e+17 40777200000000.0 259090000000000.0 28572500000000.0 11920100000000.0 56853600000000.0 943213000000.0 669487000000.0 394072000000000.0 85793900000.0 1058660000.0 101220000000.0 16649400000000.0 7164090000000.0 13010100000000.0 2961110000000.0 -3.7 [-3.7]
1023290000000000.0 1.15652e+17 40343800000000.0 245541000000000.0 25697600000000.0 12067600000000.0 53834000000000.0 811523000000.0 725711000000.0 372694000000000.0 69601700000.0 822118000.0 99922000000.0 16606800000000.0 6671850000000.0 11916700000000.0 2534900000000.0 -3.68 [-3.68]
1023290000000000.0 1.09638e+17 39920300000000.0 232688000000000.0 23091500000000.0 12206500000000.0 50938100000000.0 698089000000.0 785207000000.0 352093000000000.0 56427100000.0 638365000.0 98553200000.0 16523600000000.0 6201810000000.0 10902500000000.0 2167560000000.0 -3.66 [-3.66]
1023290000000000.0 1.03985e+17 39508200000000.0 220507000000000.0 20732500000000.0 12336400000000.0 48166200000000.0 600473000000.0 847972000000.0 332302000000000.0 45724200000.0 495762000.0 97126100000.0 16402700000000.0 5755410000000.0 9964780000000.0 1851810000000.0 -3.64 [-3.64]
1023290000000000.0 9.86691e+16 39106600000000.0 208962000000000.0 18599300000000.0 12457000000000.0 45514700000000.0 516462000000.0 914047000000.0 313321000000000.0 37032900000.0 385078000.0 95648600000.0 16247500000000.0 5333040000000.0 9099640000000.0 1580820000000.0 -3.62 [-3.62]
1023290000000000.0 9.3669e+16 38715100000000.0 198020000000000.0 16672400000000.0 12568300000000.0 42980900000000.0 444174000000.0 983437000000.0 295154000000000.0 29980200000.0 299178000.0 94128700000.0 16061000000000.0 4934900000000.0 8303190000000.0 1348620000000.0 -3.6 [-3.6]
1023290000000000.0 8.89645e+16 38333100000000.0 187650000000000.0 14933500000000.0 12670000000000.0 40561200000000.0 381977000000.0 1056150000000.0 277797000000000.0 24260000000.0 232509000.0 92573200000.0 15846800000000.0 4560830000000.0 7571320000000.0 1149940000000.0 -3.58 [-3.58]
1023290000000000.0 8.45403e+16 37960400000000.0 177829000000000.0 13367000000000.0 12761900000000.0 38254200000000.0 328501000000.0 1132130000000.0 261253000000000.0 19626000000.0 180789000.0 90990500000.0 15608300000000.0 4210730000000.0 6900440000000.0 980254000000.0 -3.56 [-3.56]
1023290000000000.0 8.03728e+16 37595500000000.0 168517000000000.0 11955600000000.0 12843800000000.0 36053400000000.0 282472000000.0 1211420000000.0 245490000000000.0 15869700000.0 140616000.0 89383500000.0 15348300000000.0 3883520000000.0 6285620000000.0 835317000000.0 -3.54 [-3.54]
1023290000000000.0 7.64474e+16 37237900000000.0 159691000000000.0 10685700000000.0 12915600000000.0 33956200000000.0 242871000000.0 1293950000000.0 230499000000000.0 12827400000.0 109417000.0 87757700000.0 15070200000000.0 3578570000000.0 5723170000000.0 711677000000.0 -3.52 [-3.52]
1023290000000000.0 7.27483e+16 36886400000000.0 151325000000000.0 9544340000000.0 12977000000000.0 31958800000000.0 208799000000.0 1379680000000.0 216261000000000.0 10364300000.0 85178800.0 86117400000.0 14776700000000.0 3294940000000.0 5209200000000.0 606279000000.0 -3.5 [-3.5]
1023290000000000.0 6.9261e+16 36540100000000.0 143394000000000.0 8519410000000.0 13028000000000.0 30057800000000.0 179487000000.0 1468550000000.0 202755000000000.0 8371070000.0 66343000.0 84466500000.0 14470700000000.0 3031680000000.0 4740010000000.0 516484000000.0 -3.48 [-3.48]
1023290000000000.0 6.59713e+16 36198200000000.0 135874000000000.0 7599760000000.0 13068500000000.0 28249200000000.0 154266000000.0 1560480000000.0 189957000000000.0 6758440000.0 0.0 82808300000.0 14154600000000.0 2787680000000.0 4312010000000.0 440010000000.0 -3.46 [-3.46]
1023290000000000.0 6.28662e+16 35859600000000.0 128742000000000.0 6775250000000.0 13098100000000.0 26529500000000.0 132564000000.0 1655400000000.0 177842000000000.0 5454130000.0 0.0 81145600000.0 13830700000000.0 2561830000000.0 3921810000000.0 374897000000.0 -3.44 [-3.44]
1023290000000000.0 5.99333e+16 35523500000000.0 121978000000000.0 6036560000000.0 13117000000000.0 24894900000000.0 113889000000.0 1753210000000.0 166383000000000.0 4399510000.0 0.0 79481000000.0 13500900000000.0 2353030000000.0 3566270000000.0 319464000000.0 -3.42 [-3.42]
1023290000000000.0 5.71614e+16 35188900000000.0 115561000000000.0 5375250000000.0 13125000000000.0 23342000000000.0 97818900000.0 1853820000000.0 155553000000000.0 3547040000.0 0.0 77816600000.0 13167300000000.0 2160180000000.0 3242430000000.0 272276000000.0 -3.4 [-3.4]
1023290000000000.0 5.45396e+16 34855000000000.0 109471000000000.0 4783590000000.0 13121800000000.0 21867500000000.0 83989400000.0 1957100000000.0 145326000000000.0 2858190000.0 0.0 76154500000.0 12831200000000.0 1982200000000.0 2947540000000.0 232105000000.0 -3.38 [-3.38]
1023290000000000.0 5.2058e+16 34520700000000.0 103691000000000.0 4254590000000.0 13107600000000.0 20468000000000.0 72088600000.0 2062950000000.0 135675000000000.0 2301740000.0 0.0 74496400000.0 12494300000000.0 1818060000000.0 2679080000000.0 197905000000.0 -3.36 [-3.36]
1023290000000000.0 4.97076e+16 34185400000000.0 98203800000000.0 3781910000000.0 13082100000000.0 19140400000000.0 61848200000.0 2171210000000.0 126573000000000.0 1852440000.0 0.0 72844100000.0 12157800000000.0 1666780000000.0 2434730000000.0 168785000000.0 -3.34 [-3.34]
1023290000000000.0 4.74798e+16 33848200000000.0 92993600000000.0 3359810000000.0 13045400000000.0 17881900000000.0 53037500000.0 2281760000000.0 117994000000000.0 1489790000.0 0.0 71198900000.0 11822700000000.0 1527430000000.0 2212340000000.0 143985000000.0 -3.32 [-3.32]
1023290000000000.0 4.53665e+16 33508600000000.0 88045100000000.0 2983090000000.0 12997400000000.0 16689300000000.0 45457600000.0 2394440000000.0 109913000000000.0 1197220000.0 0.0 69562300000.0 11489900000000.0 1399100000000.0 2009940000000.0 122861000000.0 -3.3 [-3.3]
1023290000000000.0 4.33603e+16 33165600000000.0 83344500000000.0 2647050000000.0 12938000000000.0 15560200000000.0 38938200000.0 2509080000000.0 102305000000000.0 961306000.0 0.0 67935300000.0 11160300000000.0 1280980000000.0 1825750000000.0 104862000000.0 -3.28 [-3.28]
1023290000000000.0 4.14544e+16 32818700000000.0 78878500000000.0 2347470000000.0 12867300000000.0 14491800000000.0 33332100000.0 2625520000000.0 95146200000000.0 771186000.0 0.0 66319200000.0 10834500000000.0 1172280000000.0 1658120000000.0 89522000000.0 -3.26 [-3.26]
1023290000000000.0 3.96423e+16 32467200000000.0 74634600000000.0 2080530000000.0 12785200000000.0 13481500000000.0 28512800000.0 2743590000000.0 88413700000000.0 618066000.0 0.0 64714700000.0 10513100000000.0 1072270000000.0 1505560000000.0 76444600000.0 -3.24 [-3.24]
1023290000000000.0 3.79164e+16 32109600000000.0 70597300000000.0 1842640000000.0 12691600000000.0 12526200000000.0 24368200000.0 2863180000000.0 82079300000000.0 494745000.0 0.0 63120800000.0 10196000000000.0 980200000000.0 1366590000000.0 65284800000.0 -3.22 [-3.22]
1023290000000000.0 3.62747e+16 31747000000000.0 66763800000000.0 1631060000000.0 12587000000000.0 11625400000000.0 20811500000.0 2983930000000.0 76134900000000.0 395655000.0 0.0 61542400000.0 9884550000000.0 895627000000.0 1240230000000.0 55773400000.0 -3.2 [-3.2]
1023290000000000.0 3.47103e+16 31378000000000.0 63119400000000.0 1442840000000.0 12471200000000.0 10775800000000.0 17757900000.0 3105750000000.0 70553600000000.0 316030000.0 0.0 59978200000.0 9578520000000.0 817874000000.0 1125230000000.0 47657600000.0 -3.18 [-3.18]
1023290000000000.0 3.32134e+16 31000900000000.0 59643000000000.0 1275050000000.0 12343500000000.0 9973260000000.0 15130900000.0 3228610000000.0 65301100000000.0 251973000.0 0.0 58423600000.0 9277040000000.0 746212000000.0 1020260000000.0 40715200000.0 -3.16 [-3.16]
1023290000000000.0 3.17945e+16 30619000000000.0 56360800000000.0 1126780000000.0 12206900000000.0 9222270000000.0 12890900000.0 3351720000000.0 60405400000000.0 200841000.0 0.0 56895000000.0 8983640000000.0 680741000000.0 925280000000.0 34816900000.0 -3.14 [-3.14]
1023290000000000.0 3.04348e+16 30228100000000.0 53229400000000.0 994708000000.0 12058700000000.0 8514300000000.0 10965700000.0 3475480000000.0 55803200000000.0 159770000.0 0.0 55377400000.0 8695110000000.0 620424000000.0 838579000000.0 29767100000.0 -3.12 [-3.12]
1023290000000000.0 2.91353e+16 29829100000000.0 50252200000000.0 877480000000.0 11900100000000.0 7849580000000.0 9317360000.0 3599490000000.0 51493000000000.0 126903000.0 0.0 53876400000.0 8412620000000.0 565031000000.0 759672000000.0 25453500000.0 -3.1 [-3.1]
1023290000000000.0 2.78875e+16 29420000000000.0 47410600000000.0 773171000000.0 11730100000000.0 7224290000000.0 7902970000.0 3723760000000.0 47445800000000.0 100571000.0 0.0 52386500000.0 8135020000000.0 514017000000.0 687635000000.0 21758400000.0 -3.08 [-3.08]
1023290000000000.0 2.66982e+16 29003800000000.0 44720400000000.0 681008000000.0 11551600000000.0 6640760000000.0 6698280000.0 3847620000000.0 43675300000000.0 79618100.0 0.0 50920300000.0 7864740000000.0 467371000000.0 622322000000.0 18610300000.0 -3.06 [-3.06]
1023290000000000.0 2.55594e+16 28578900000000.0 42163800000000.0 599359000000.0 11363700000000.0 6095180000000.0 5669810000.0 3971080000000.0 40153200000000.0 62920100.0 0.0 49472500000.0 7600580000000.0 424595000000.0 562913000000.0 15919700000.0 -3.04 [-3.04]
1023290000000000.0 2.44731e+16 28147200000000.0 39744900000000.0 527304000000.0 11168200000000.0 5587570000000.0 4795460000.0 4093710000000.0 36878100000000.0 49667700.0 0.0 48049800000.0 7343750000000.0 385524000000.0 509070000000.0 13626300000.0 -3.02 [-3.02]
1023290000000000.0 2.34273e+16 27704600000000.0 37437400000000.0 463339000000.0 10963000000000.0 5112830000000.0 4048100000.0 4215740000000.0 33814000000000.0 39106900.0 0.0 46640600000.0 7091860000000.0 349608000000.0 459943000000.0 11659400000.0 -3.0 [-3.0]
1023290000000000.0 2.2424e+16 27253400000000.0 35245100000000.0 406769000000.0 10749700000000.0 4670950000000.0 3412110000.0 4336770000000.0 30960000000000.0 30730000.0 0.0 45251100000.0 6845960000000.0 316729000000.0 415284000000.0 9977380000.0 -2.98 [-2.98]
1023290000000000.0 2.14627e+16 26794200000000.0 33166500000000.0 356846000000.0 10529400000000.0 4260890000000.0 2872290000.0 4456510000000.0 28308400000000.0 24103900.0 0.0 43884000000.0 6606430000000.0 286688000000.0 374754000000.0 8540290000.0 -2.96 [-2.96]
1023290000000000.0 2.05352e+16 26324300000000.0 31183800000000.0 312605000000.0 10300700000000.0 3879170000000.0 2412580000.0 4575070000000.0 25835500000000.0 18852100.0 0.0 42531000000.0 6371620000000.0 259126000000.0 337800000000.0 7307150000.0 -2.94 [-2.94]
1023290000000000.0 1.96494e+16 25849000000000.0 29312700000000.0 273747000000.0 10067500000000.0 3527310000000.0 2024720000.0 4691760000000.0 23551900000000.0 14725800.0 0.0 41207000000.0 6144050000000.0 234071000000.0 304406000000.0 6256450000.0 -2.92 [-2.92]
1023290000000000.0 1.87991e+16 25366600000000.0 27539400000000.0 239512000000.0 9829040000000.0 3202370000000.0 1696700000.0 4806620000000.0 21437700000000.0 0.0 0.0 39906100000.0 5922520000000.0 211228000000.0 274125000000.0 5358030000.0 -2.9 [-2.9]
1023290000000000.0 1.79829e+16 24877800000000.0 25859800000000.0 209379000000.0 9586010000000.0 2902890000000.0 1419750000.0 4919450000000.0 19483800000000.0 0.0 0.0 38629100000.0 5707010000000.0 190426000000.0 246687000000.0 4589820000.0 -2.88 [-2.88]
1023290000000000.0 1.71994e+16 24383400000000.0 24270000000000.0 182881000000.0 9339220000000.0 2627430000000.0 1186290000.0 5030080000000.0 17681000000000.0 0.0 0.0 37376800000.0 5497500000000.0 171505000000.0 221842000000.0 3932930000.0 -2.86 [-2.86]
1023290000000000.0 1.64473e+16 23884100000000.0 22766200000000.0 159603000000.0 9089470000000.0 2374590000000.0 989817000.0 5138340000000.0 16020600000000.0 0.0 0.0 36150100000.0 5293990000000.0 154315000000.0 199365000000.0 3371220000.0 -2.84 [-2.84]
1023290000000000.0 1.57255e+16 23380800000000.0 21344900000000.0 139174000000.0 8837550000000.0 2143000000000.0 824752000.0 5244050000000.0 14494300000000.0 0.0 0.0 34949700000.0 5096460000000.0 138720000000.0 179046000000.0 2890900000.0 -2.82 [-2.82]
1023290000000000.0 1.50329e+16 22874600000000.0 20002400000000.0 121263000000.0 8584270000000.0 1931300000000.0 686304000.0 5347080000000.0 13093900000000.0 0.0 0.0 33776300000.0 4904890000000.0 124590000000.0 160694000000.0 2480140000.0 -2.8 [-2.8]
1023290000000000.0 1.43674e+16 22364700000000.0 18733900000000.0 105562000000.0 8329860000000.0 1737940000000.0 570252000.0 5447420000000.0 11809500000000.0 0.0 0.0 32628200000.0 4718930000000.0 111783000000.0 144113000000.0 2128430000.0 -2.78 [-2.78]
1023290000000000.0 1.3731e+16 21856300000000.0 17540300000000.0 91846200000.0 8076560000000.0 1562290000000.0 473418000.0 5544580000000.0 10638600000000.0 0.0 0.0 31512300000.0 4539440000000.0 100239000000.0 129196000000.0 1828190000.0 -2.76 [-2.76]
