Cloudy_runs/s135712/z=0.097869/logZ=1/component_III_PI_nH/component_III_PI_nH_col_density_param.txt
# %ECSV 1.0
# ---
# datatype:
# - {name: H, datatype: float64}
# - {name: H+, datatype: float64}
# - {name: C+, datatype: float64}
# - {name: C+2, datatype: float64}
# - {name: C+3, datatype: float64}
# - {name: N+, datatype: float64}
# - {name: N+2, datatype: float64}
# - {name: N+4, datatype: float64}
# - {name: O, datatype: float64}
# - {name: O+2, datatype: float64}
# - {name: O+5, datatype: float64}
# - {name: O+6, datatype: float64}
# - {name: P+, datatype: float64}
# - {name: Si+, datatype: float64}
# - {name: Si+2, datatype: float64}
# - {name: Si+3, datatype: float64}
# - {name: Si+4, datatype: float64}
# - {name: log_nH, datatype: float64}
# - {name: parameters, datatype: string, subtype: 'float64[1]'}
# schema: astropy-2.0
H H+ C+ C+2 C+3 N+ N+2 N+4 O O+2 O+5 O+6 P+ Si+ Si+2 Si+3 Si+4 log_nH parameters
1023290000000000.0 2.08609e+19 1981660000000.0 719191000000000.0 4700210000000000.0 144370000000.0 119065000000000.0 3534970000000000.0 9255460.0 359090000000000.0 3.36278e+16 2.66736e+16 74238600.0 2741970000.0 296972000000.0 3997400000000.0 217291000000000.0 -5.0 [-5.0]
1023290000000000.0 1.95546e+19 2119050000000.0 742898000000000.0 4737420000000000.0 161080000000.0 128262000000000.0 3439570000000000.0 11327600.0 392359000000000.0 3.13107e+16 2.34186e+16 85892500.0 3093830000.0 333862000000.0 4534380000000.0 230072000000000.0 -4.98 [-4.98]
1023290000000000.0 1.83183e+19 2271170000000.0 767142000000000.0 4768260000000000.0 180124000000.0 138082000000000.0 3337800000000000.0 13900600.0 427930000000000.0 2.90512e+16 2.04816e+16 99500300.0 3487920000.0 374588000000.0 5138530000000.0 243177000000000.0 -4.96 [-4.96]
1023290000000000.0 1.71471e+19 2440380000000.0 792108000000000.0 4792410000000000.0 201888000000.0 148556000000000.0 3229810000000000.0 17100800.0 465847000000000.0 2.68549e+16 1.78383e+16 115439000.0 3930780000.0 419537000000.0 5818140000000.0 256575000000000.0 -4.94 [-4.94]
1023290000000000.0 1.60364e+19 2629970000000.0 818032000000000.0 4809270000000000.0 226830000000.0 159705000000000.0 3115640000000000.0 21087200.0 506075000000000.0 2.47284e+16 1.54668e+16 134166000.0 4430860000.0 469179000000.0 6582640000000.0 270228000000000.0 -4.92 [-4.92]
1023290000000000.0 1.49812e+19 2843840000000.0 845227000000000.0 4818340000000000.0 255496000000.0 171557000000000.0 2995420000000000.0 26061200.0 548591000000000.0 2.26757e+16 1.33448e+16 156261000.0 4999160000.0 524103000000.0 7443170000000.0 284095000000000.0 -4.9 [-4.9]
1023290000000000.0 1.39738e+19 3086980000000.0 874050000000000.0 4818930000000000.0 288589000000.0 184150000000000.0 2868830000000000.0 32293100.0 593368000000000.0 2.0697e+16 1.14473e+16 182436000.0 5649320000.0 585068000000.0 8415470000000.0 298160000000000.0 -4.88 [-4.88]
1023290000000000.0 1.30109e+19 3366700000000.0 905179000000000.0 4810200000000000.0 326949000000.0 197503000000000.0 2735860000000000.0 40122300.0 640267000000000.0 1.87969e+16 9757170000000000.0 213667000.0 6403650000.0 653239000000.0 9515310000000.0 312363000000000.0 -4.86 [-4.86]
1023290000000000.0 1.20887e+19 3692830000000.0 939514000000000.0 4791050000000000.0 371624000000.0 211635000000000.0 2596620000000000.0 49984800.0 689048000000000.0 1.69796e+16 8257550000000000.0 251254000.0 7294520000.0 730308000000.0 10761500000000.0 326629000000000.0 -4.84 [-4.84]
1023290000000000.0 1.12039e+19 4077700000000.0 978154000000000.0 4759970000000000.0 423767000000.0 226516000000000.0 2451110000000000.0 62438500.0 739309000000000.0 1.52485e+16 6933310000000000.0 296931000.0 8370570000.0 818851000000.0 12176200000000.0 340866000000000.0 -4.82 [-4.82]
1023290000000000.0 1.03464e+19 4541650000000.0 1022800000000000.0 4715040000000000.0 485301000000.0 242224000000000.0 2298410000000000.0 78330400.0 790843000000000.0 1.3596e+16 5761910000000000.0 353198000.0 9706030000.0 922924000000.0 13799900000000.0 355044000000000.0 -4.8 [-4.8]
1023290000000000.0 9.51073e+18 5112270000000.0 1075630000000000.0 4652630000000000.0 558240000000.0 258635000000000.0 2138010000000000.0 98734400.0 842597000000000.0 1.2023e+16 4729960000000000.0 423761000.0 11422600000.0 1048850000000.0 15672900000000.0 369026000000000.0 -4.78 [-4.78]
1023290000000000.0 8.68267e+18 5837580000000.0 1140410000000000.0 4567430000000000.0 645949000000.0 275721000000000.0 1967920000000000.0 125385000.0 893478000000000.0 1.05163e+16 3816960000000000.0 514638000.0 13734900000.0 1207750000000.0 17875500000000.0 382753000000000.0 -4.76 [-4.76]
1023290000000000.0 7.84636e+18 6799480000000.0 1222950000000000.0 4450700000000000.0 753117000000.0 293275000000000.0 1785450000000000.0 161008000.0 941326000000000.0 9062740000000000.0 3006750000000000.0 636483000.0 17054000000.0 1419780000000.0 20529700000000.0 396021000000000.0 -4.74 [-4.74]
1023290000000000.0 6.96966e+18 8165340000000.0 1333900000000000.0 4284840000000000.0 887867000000.0 310763000000000.0 1584610000000000.0 210775000.0 981853000000000.0 7628130000000000.0 2277090000000000.0 811532000.0 22289000000.0 1725800000000.0 23885600000000.0 408522000000000.0 -4.72 [-4.72]
1023280000000000.0 5.98525e+18 10344000000000.0 1493610000000000.0 4026900000000000.0 1064600000000.0 326116000000000.0 1353140000000000.0 286628000.0 1004220000000000.0 6130680000000000.0 1597380000000000.0 1098230000.0 31987000000.0 2221810000000.0 28539100000000.0 419252000000000.0 -4.7 [-4.7]
1023290000000000.0 5.27767e+18 12541400000000.0 1626030000000000.0 3787060000000000.0 1225400000000.0 336060000000000.0 1179800000000000.0 370813000.0 1020150000000000.0 5028240000000000.0 1173990000000000.0 1439150000.0 44187100000.0 2749730000000.0 32728900000000.0 423784000000000.0 -4.68 [-4.68]
1023290000000000.0 4.62112e+18 15272000000000.0 1759320000000000.0 3513020000000000.0 1396020000000.0 341166000000000.0 1019330000000000.0 481616000.0 1025360000000000.0 4025240000000000.0 839119000000000.0 1913560000.0 62376300000.0 3397610000000.0 37392300000000.0 423646000000000.0 -4.66 [-4.66]
1023290000000000.0 4.00134e+18 18701500000000.0 1883830000000000.0 3196150000000000.0 1573290000000.0 339847000000000.0 871267000000000.0 633106000.0 1020050000000000.0 3102360000000000.0 574802000000000.0 2603230000.0 90435800000.0 4179890000000.0 42627000000000.0 417689000000000.0 -4.64 [-4.64]
1023290000000000.0 3.42318e+18 22956200000000.0 1985150000000000.0 2842750000000000.0 1751780000000.0 331011000000000.0 737881000000000.0 848264000.0 1008730000000000.0 2273350000000000.0 373103000000000.0 3644080000.0 134127000000.0 5083600000000.0 48362900000000.0 404546000000000.0 -4.62 [-4.62]
1023290000000000.0 2.91032e+18 27845500000000.0 2044650000000000.0 2478790000000000.0 1925700000000.0 315573000000000.0 622222000000000.0 1157640000.0 1000960000000000.0 1587240000000000.0 231256000000000.0 5200710000.0 199265000000.0 6049970000000.0 54192200000000.0 384089000000000.0 -4.6 [-4.6]
1023290000000000.0 2.49486e+18 32662100000000.0 2054930000000000.0 2149150000000000.0 2095720000000.0 298132000000000.0 526623000000000.0 1579630000.0 1005400000000000.0 1092920000000000.0 142838000000000.0 7300200000.0 286214000000.0 6991170000000.0 59372200000000.0 359248000000000.0 -4.58 [-4.58]
1023290000000000.0 2.17799e+18 36784500000000.0 2028380000000000.0 1877790000000000.0 2267410000000.0 282924000000000.0 449405000000000.0 2109320000.0 1020470000000000.0 770456000000000.0 91618300000000.0 9786430000.0 390625000000.0 7864510000000.0 63483400000000.0 333968000000000.0 -4.56 [-4.56]
1023290000000000.0 1.93332e+18 40134600000000.0 1981050000000000.0 1657430000000000.0 2445000000000.0 270699000000000.0 386135000000000.0 2744020000.0 1039880000000000.0 560500000000000.0 61297400000000.0 12533700000.0 510597000000.0 8680200000000.0 66625600000000.0 309974000000000.0 -4.54 [-4.54]
1023290000000000.0 1.73683e+18 42849800000000.0 1922500000000000.0 1474450000000000.0 2630300000000.0 260731000000000.0 333171000000000.0 3492590000.0 1059470000000000.0 418226000000000.0 42362300000000.0 15500000000.0 647146000000.0 9455590000000.0 69016200000000.0 287496000000000.0 -4.52 [-4.52]
1023290000000000.0 1.57352e+18 45062400000000.0 1857720000000000.0 1319020000000000.0 2823800000000.0 252281000000000.0 288170000000000.0 4370090000.0 1077220000000000.0 317955000000000.0 29965700000000.0 18673900000.0 802134000000.0 10200000000000.0 70813700000000.0 266420000000000.0 -4.5 [-4.5]
1023280000000000.0 1.4343e+18 46862400000000.0 1789420000000000.0 1184760000000000.0 3025110000000.0 244828000000000.0 249591000000000.0 5394000000.0 1092230000000000.0 245120000000000.0 21559900000000.0 22046800000.0 977429000000.0 10915800000000.0 72119200000000.0 246607000000000.0 -4.48 [-4.48]
1023290000000000.0 1.3139e+18 48318500000000.0 1719670000000000.0 1067700000000000.0 3233810000000.0 238098000000000.0 216438000000000.0 6580950000.0 1104120000000000.0 191171000000000.0 15746600000000.0 25599200000.0 1174160000000.0 11602600000000.0 73001400000000.0 228031000000000.0 -4.46 [-4.46]
1023290000000000.0 1.20826e+18 49486300000000.0 1649600000000000.0 964667000000000.0 3449580000000.0 231847000000000.0 187834000000000.0 7952800000.0 1112790000000000.0 150449000000000.0 11637100000000.0 29318500000.0 1393910000000.0 12258600000000.0 73512500000000.0 210589000000000.0 -4.44 [-4.44]
1023290000000000.0 1.11485e+18 50410200000000.0 1580250000000000.0 873534000000000.0 3671610000000.0 225960000000000.0 163150000000000.0 9528320000.0 1118280000000000.0 119347000000000.0 8689260000000.0 33178900000.0 1637330000000.0 12881400000000.0 73692900000000.0 194257000000000.0 -4.42 [-4.42]
1023290000000000.0 1.03151e+18 51127200000000.0 1512130000000000.0 792447000000000.0 3899400000000.0 220314000000000.0 141801000000000.0 11332400000.0 1120730000000000.0 95295300000000.0 6543130000000.0 37160100000.0 1905500000000.0 13468600000000.0 73576000000000.0 178962000000000.0 -4.4 [-4.4]
1023280000000000.0 9.56402e+17 51659300000000.0 1445300000000000.0 719812000000000.0 4132920000000.0 214788000000000.0 123264000000000.0 13398600000.0 1120310000000000.0 76456500000000.0 4957690000000.0 41245900000.0 2200100000000.0 14016600000000.0 73183400000000.0 164607000000000.0 -4.38 [-4.38]
1023290000000000.0 8.88633e+17 52041500000000.0 1380440000000000.0 654720000000000.0 4371220000000.0 209382000000000.0 107204000000000.0 15750000000.0 1117200000000000.0 61641200000000.0 3779940000000.0 45401200000.0 2520800000000.0 14523500000000.0 72544100000000.0 151202000000000.0 -4.36 [-4.36]
1023290000000000.0 8.271e+17 52293500000000.0 1317630000000000.0 596110000000000.0 4614160000000.0 204041000000000.0 93254800000000.0 18422100000.0 1111580000000000.0 49888500000000.0 2896270000000.0 49601900000.0 2868560000000.0 14987500000000.0 71680500000000.0 138677000000000.0 -4.34 [-4.34]
1023290000000000.0 7.70934e+17 52427500000000.0 1256840000000000.0 543161000000000.0 4861080000000.0 198721000000000.0 81119900000000.0 21453700000.0 1103600000000000.0 40499800000000.0 2227920000000.0 53819400000.0 3244050000000.0 15405700000000.0 70610300000000.0 126976000000000.0 -4.32 [-4.32]
1023290000000000.0 7.19594e+17 52467500000000.0 1198330000000000.0 495274000000000.0 5109720000000.0 193429000000000.0 70572400000000.0 24882000000.0 1093440000000000.0 32975300000000.0 1720300000000.0 58022500000.0 3646730000000.0 15776800000000.0 69355000000000.0 116079000000000.0 -4.3 [-4.3]
1023290000000000.0 6.72544e+17 52428300000000.0 1142180000000000.0 451895000000000.0 5360760000000.0 188156000000000.0 61404300000000.0 28744500000.0 1081270000000000.0 26920500000000.0 1332910000000.0 62180900000.0 4075980000000.0 16099200000000.0 67933300000000.0 105950000000000.0 -4.28 [-4.28]
1023290000000000.0 6.2931e+17 52321800000000.0 1088350000000000.0 412526000000000.0 5613780000000.0 182893000000000.0 53431300000000.0 33085300000.0 1067250000000000.0 22028200000000.0 1035810000000.0 66266300000.0 4531150000000.0 16371300000000.0 66362400000000.0 96548700000000.0 -4.26 [-4.26]
1023290000000000.0 5.89406e+17 52153600000000.0 1036690000000000.0 376692000000000.0 5868600000000.0 177623000000000.0 46483600000000.0 37961500000.0 1051500000000000.0 18053800000000.0 806620000000.0 70254700000.0 5012220000000.0 16591500000000.0 64654900000000.0 87819200000000.0 -4.24 [-4.24]
1023290000000000.0 5.5265e+17 51945500000000.0 987416000000000.0 344100000000000.0 6124080000000.0 172382000000000.0 40448600000000.0 43405700000.0 1034230000000000.0 14827900000000.0 629863000000.0 74119900000.0 5515790000000.0 16760300000000.0 62835200000000.0 79758100000000.0 -4.22 [-4.22]
1023290000000000.0 5.18608e+17 51693000000000.0 940237000000000.0 314365000000000.0 6380170000000.0 167143000000000.0 35190200000000.0 49488500000.0 1015520000000000.0 12193200000000.0 492628000000.0 77839100000.0 6041810000000.0 16875400000000.0 60911800000000.0 72301500000000.0 -4.2 [-4.2]
1023290000000000.0 4.87055e+17 51406800000000.0 895157000000000.0 287224000000000.0 6636350000000.0 161921000000000.0 30611700000000.0 56265800000.0 995522000000000.0 10038300000000.0 385890000000.0 81392800000.0 6587810000000.0 16937100000000.0 58901600000000.0 65422100000000.0 -4.18 [-4.18]
1023290000000000.0 4.5772e+17 51087400000000.0 852026000000000.0 262412000000000.0 6892390000000.0 156710000000000.0 26620400000000.0 63810300000.0 974335000000000.0 8269910000000.0 302571000000.0 84760300000.0 7152100000000.0 16944100000000.0 56815700000000.0 59078100000000.0 -4.16 [-4.16]
1023290000000000.0 4.30458e+17 50746000000000.0 810881000000000.0 239732000000000.0 7147550000000.0 151534000000000.0 23146600000000.0 72178300000.0 952118000000000.0 6818780000000.0 237518000000.0 87928500000.0 7730890000000.0 16898100000000.0 54671900000000.0 53248500000000.0 -4.14 [-4.14]
1023290000000000.0 4.05062e+17 50383600000000.0 771593000000000.0 218980000000000.0 7401580000000.0 146391000000000.0 20120700000000.0 81450100000.0 928968000000000.0 5625000000000.0 186588000000.0 90882900000.0 8321570000000.0 16799000000000.0 52481600000000.0 47897100000000.0 -4.12 [-4.12]
1023290000000000.0 3.81364e+17 50001900000000.0 734064000000000.0 199977000000000.0 7654240000000.0 141287000000000.0 17484400000000.0 91707700000.0 904984000000000.0 4641270000000.0 146641000000.0 93611900000.0 8920950000000.0 16647300000000.0 50256500000000.0 42991900000000.0 -4.1 [-4.1]
1023290000000000.0 3.59239e+17 49605600000000.0 698255000000000.0 182576000000000.0 7905020000000.0 136234000000000.0 15189100000000.0 103028000000.0 880294000000000.0 3830300000000.0 115292000000.0 96107900000.0 9524860000000.0 16445000000000.0 48010600000000.0 38507900000000.0 -4.08 [-4.08]
1023290000000000.0 3.38521e+17 49190000000000.0 664010000000000.0 166624000000000.0 8153840000000.0 131226000000000.0 13188000000000.0 115521000000.0 854950000000000.0 3160040000000.0 90625200000.0 98358500000.0 10130400000000.0 16192200000000.0 45751300000000.0 34410300000000.0 -4.06 [-4.06]
1023290000000000.0 3.19116e+17 48760100000000.0 631298000000000.0 152004000000000.0 8400370000000.0 126278000000000.0 11445100000000.0 129277000000.0 829073000000000.0 2606220000000.0 71221000000.0 100361000000.0 10733100000000.0 15891600000000.0 43491600000000.0 30677200000000.0 -4.04 [-4.04]
1023290000000000.0 3.0094e+17 48321200000000.0 600101000000000.0 138594000000000.0 8644250000000.0 121402000000000.0 9926880000000.0 144405000000.0 802872000000000.0 2148420000000.0 55951800000.0 102120000000.0 11329700000000.0 15548900000000.0 41251100000000.0 27276700000000.0 -4.02 [-4.02]
1023290000000000.0 2.83901e+17 47875900000000.0 570360000000000.0 126282000000000.0 8885520000000.0 116606000000000.0 8603800000000.0 161033000000.0 776490000000000.0 1769660000000.0 43927300000.0 103637000000.0 11917100000000.0 15168100000000.0 39042400000000.0 24179800000000.0 -4.0 [-4.0]
1023290000000000.0 2.679e+17 47419800000000.0 541956000000000.0 114996000000000.0 9123440000000.0 111887000000000.0 7452740000000.0 179252000000.0 749827000000000.0 1456560000000.0 34463900000.0 104905000000.0 12488000000000.0 14747500000000.0 36860700000000.0 21379500000000.0 -3.98 [-3.98]
1023290000000000.0 2.52865e+17 46955100000000.0 514838000000000.0 104652000000000.0 9357820000000.0 107253000000000.0 6451880000000.0 199182000000.0 722975000000000.0 1197840000000.0 27018700000.0 105928000000.0 13037700000000.0 14291000000000.0 34715300000000.0 18854800000000.0 -3.96 [-3.96]
1023290000000000.0 2.38731e+17 46482600000000.0 488951000000000.0 95174400000000.0 9588270000000.0 102709000000000.0 5582070000000.0 220943000000.0 696022000000000.0 984141000000.0 21164000000.0 106710000000.0 13561400000000.0 13802800000000.0 32614800000000.0 16585000000000.0 -3.94 [-3.94]
