Cloudy_runs/s135712/z=0.097869/logZ=1/component_III_PI_nH/component_III_PI_nH_col_density_param.txt
# %ECSV 1.0
# ---
# datatype:
# - {name: H, datatype: float64}
# - {name: H+, datatype: float64}
# - {name: C+, datatype: float64}
# - {name: C+2, datatype: float64}
# - {name: C+3, datatype: float64}
# - {name: N+, datatype: float64}
# - {name: N+2, datatype: float64}
# - {name: N+4, datatype: float64}
# - {name: O, datatype: float64}
# - {name: O+2, datatype: float64}
# - {name: O+5, datatype: float64}
# - {name: O+6, datatype: float64}
# - {name: P+, datatype: float64}
# - {name: Si+, datatype: float64}
# - {name: Si+2, datatype: float64}
# - {name: Si+3, datatype: float64}
# - {name: Si+4, datatype: float64}
# - {name: log_nH, datatype: float64}
# - {name: parameters, datatype: string, subtype: 'float64[1]'}
# schema: astropy-2.0
H H+ C+ C+2 C+3 N+ N+2 N+4 O O+2 O+5 O+6 P+ Si+ Si+2 Si+3 Si+4 log_nH parameters
[from data line 258]
1023290000000000.0 79293800000000.0 812670000000.0 3358520000.0 0.0 44722700000.0 1470290.0 0.0 5312410000000.0 2806420.0 0.0 0.0 2690680000.0 267183000000.0 1004740.0 1303170.0 0.0 0.16 [0.16]
1023290000000000.0 77268300000000.0 793278000000.0 3176870000.0 0.0 43318100000.0 1360900.0 0.0 5305820000000.0 2586090.0 0.0 0.0 2684920000.0 265222000000.0 952578.0 1234240.0 0.0 0.18 [0.18]
1023290000000000.0 75296900000000.0 774223000000.0 3004460000.0 0.0 41957100000.0 1259730.0 0.0 5299360000000.0 2383570.0 0.0 0.0 2679290000.0 263262000000.0 903140.0 1168960.0 0.0 0.2 [0.2]
1023290000000000.0 73377500000000.0 755490000000.0 2840780000.0 0.0 40637900000.0 1166140.0 0.0 5293050000000.0 2197310.0 0.0 0.0 2673780000.0 261302000000.0 856276.0 1107120.0 0.0 0.22 [0.22]
1023290000000000.0 71509200000000.0 737086000000.0 2685460000.0 0.0 39359300000.0 1079570.0 0.0 5286870000000.0 2026020.0 0.0 0.0 2668390000.0 259342000000.0 811852.0 1048550.0 0.0 0.24 [0.24]
1023290000000000.0 69690000000000.0 719000000000.0 2538060000.0 0.0 38119900000.0 999468.0 0.0 5280810000000.0 1868430.0 0.0 0.0 2663130000.0 257381000000.0 769737.0 993066.0 0.0 0.26 [0.26]
1023290000000000.0 67919000000000.0 701237000000.0 2398250000.0 0.0 36918700000.0 925362.0 0.0 5274890000000.0 1723460.0 0.0 0.0 2657980000.0 255419000000.0 729809.0 940502.0 0.0 0.28 [0.28]
1023290000000000.0 66194400000000.0 683793000000.0 2265640000.0 0.0 35754400000.0 856796.0 0.0 5269090000000.0 1590020.0 0.0 0.0 2652950000.0 253455000000.0 691952.0 890702.0 0.0 0.3 [0.3]
1023290000000000.0 64514400000000.0 666656000000.0 2139840000.0 0.0 34625500000.0 793342.0 0.0 5263420000000.0 1467160.0 0.0 0.0 2648020000.0 251486000000.0 656053.0 843516.0 0.0 0.32 [0.32]
1023290000000000.0 62879200000000.0 649827000000.0 2020570000.0 0.0 33531400000.0 734625.0 0.0 5257860000000.0 1354080.0 0.0 0.0 2643200000.0 249516000000.0 622013.0 798808.0 0.0 0.34 [0.34]
1023290000000000.0 61286400000000.0 633303000000.0 1907500000.0 0.0 32470600000.0 680287.0 0.0 5252430000000.0 1249940.0 0.0 0.0 2638480000.0 247541000000.0 589734.0 756447.0 0.0 0.36 [0.36]
1023290000000000.0 59735000000000.0 617080000000.0 1800310000.0 0.0 31442200000.0 629995.0 0.0 5247120000000.0 1154010.0 0.0 0.0 2633860000.0 245562000000.0 559121.0 716305.0 0.0 0.38 [0.38]
1023290000000000.0 58224500000000.0 601157000000.0 1698750000.0 0.0 30445400000.0 583450.0 0.0 5241910000000.0 1065640.0 0.0 0.0 2629330000.0 243579000000.0 530090.0 678268.0 0.0 0.4 [0.4]
1023290000000000.0 56752000000000.0 585524000000.0 1602480000.0 0.0 29478700000.0 540365.0 0.0 5236820000000.0 984193.0 0.0 0.0 2624900000.0 241589000000.0 502554.0 642221.0 0.0 0.42 [0.42]
1023290000000000.0 55317500000000.0 570183000000.0 1511290000.0 0.0 28541400000.0 500482.0 0.0 5231840000000.0 909124.0 0.0 0.0 2620550000.0 239594000000.0 476437.0 608060.0 0.0 0.44 [0.44]
1023290000000000.0 53919800000000.0 555130000000.0 1424910000.0 0.0 27632600000.0 463563.0 0.0 5226970000000.0 839925.0 0.0 0.0 2616290000.0 237592000000.0 451666.0 575687.0 0.0 0.46 [0.46]
1023290000000000.0 52557800000000.0 540359000000.0 1343100000.0 0.0 26751400000.0 429385.0 0.0 5222200000000.0 776110.0 0.0 0.0 2612100000.0 235582000000.0 428170.0 545007.0 0.0 0.48 [0.48]
1023290000000000.0 51230300000000.0 525869000000.0 1265640000.0 0.0 25896900000.0 397744.0 0.0 5217540000000.0 717257.0 0.0 0.0 2608000000.0 233566000000.0 405884.0 515931.0 0.0 0.5 [0.5]
1023290000000000.0 49933200000000.0 511627000000.0 1192190000.0 0.0 25067200000.0 368430.0 0.0 5212960000000.0 662933.0 0.0 0.0 2603950000.0 231535000000.0 384733.0 488360.0 0.0 0.52 [0.52]
1023290000000000.0 48676300000000.0 497718000000.0 1122930000.0 0.0 24265200000.0 341326.0 0.0 5208510000000.0 612890.0 0.0 0.0 2600020000.0 229512000000.0 364691.0 462262.0 0.0 0.54 [0.54]
1023290000000000.0 47447400000000.0 484050000000.0 1057270000.0 0.0 23486300000.0 316213.0 0.0 5204140000000.0 566674.0 0.0 0.0 2596130000.0 227473000000.0 345670.0 437515.0 0.0 0.56 [0.56]
1023290000000000.0 46246000000000.0 470624000000.0 995057000.0 0.0 22729800000.0 292947.0 0.0 5199850000000.0 523989.0 0.0 0.0 2592290000.0 225418000000.0 327619.0 414050.0 0.0 0.58 [0.58]
1023290000000000.0 45078400000000.0 457488000000.0 936319000.0 0.0 21997500000.0 271417.0 0.0 5195670000000.0 484616.0 0.0 0.0 2588530000.0 223363000000.0 310504.0 391825.0 0.0 0.6 [0.6]
1023290000000000.0 43942900000000.0 444637000000.0 880883000.0 0.0 21288500000.0 251491.0 0.0 5191590000000.0 448289.0 0.0 0.0 2584860000.0 221307000000.0 294278.0 370777.0 0.0 0.62 [0.62]
1023290000000000.0 42832800000000.0 432020000000.0 828376000.0 0.0 20599900000.0 233028.0 0.0 5187590000000.0 414718.0 0.0 0.0 2581230000.0 219234000000.0 278878.0 350820.0 0.0 0.64 [0.64]
1023290000000000.0 41750200000000.0 419656000000.0 778750000.0 0.0 19932200000.0 215930.0 0.0 5183680000000.0 383708.0 0.0 0.0 2577640000.0 217153000000.0 264272.0 331909.0 0.0 0.66 [0.66]
1023290000000000.0 40694600000000.0 407546000000.0 731868000.0 0.0 19284900000.0 200096.0 0.0 5179850000000.0 355068.0 0.0 0.0 2574110000.0 215064000000.0 250417.0 313990.0 0.0 0.68 [0.68]
1023290000000000.0 39665100000000.0 395685000000.0 687582000.0 0.0 18657300000.0 185433.0 0.0 5176100000000.0 328605.0 0.0 0.0 2570630000.0 212967000000.0 237276.0 297012.0 0.0 0.7 [0.7]
1023290000000000.0 38661100000000.0 384069000000.0 645764000.0 0.0 18048700000.0 171852.0 0.0 5172440000000.0 304152.0 0.0 0.0 2567200000.0 210861000000.0 224812.0 280926.0 0.0 0.72 [0.72]
1023290000000000.0 37681900000000.0 372697000000.0 606285000.0 0.0 17458800000.0 159274.0 0.0 5168850000000.0 281552.0 0.0 0.0 2563810000.0 208746000000.0 212990.0 265687.0 0.0 0.74 [0.74]
1023290000000000.0 36726700000000.0 361566000000.0 569028000.0 0.0 16886800000.0 147624.0 0.0 5165350000000.0 260663.0 0.0 0.0 2560460000.0 206624000000.0 201779.0 251249.0 0.0 0.76 [0.76]
1023290000000000.0 35795000000000.0 350672000000.0 533877000.0 0.0 16332300000.0 136834.0 0.0 5161920000000.0 241351.0 0.0 0.0 2557150000.0 204494000000.0 191146.0 237574.0 0.0 0.78 [0.78]
1023290000000000.0 34886000000000.0 340014000000.0 500721000.0 0.0 15794700000.0 126840.0 0.0 5158560000000.0 223495.0 0.0 0.0 2553870000.0 202356000000.0 181062.0 224619.0 0.0 0.8 [0.8]
1023290000000000.0 33999200000000.0 329588000000.0 469461000.0 0.0 15273600000.0 117584.0 0.0 5155280000000.0 206983.0 0.0 0.0 2550630000.0 200211000000.0 171500.0 212350.0 0.0 0.82 [0.82]
1023290000000000.0 33133900000000.0 319393000000.0 439996000.0 0.0 14768600000.0 109009.0 0.0 5152070000000.0 191711.0 0.0 0.0 2547420000.0 198059000000.0 162433.0 200730.0 0.0 0.84 [0.84]
1023290000000000.0 32289700000000.0 309426000000.0 412232000.0 0.0 14279000000.0 101067.0 0.0 5148930000000.0 177585.0 0.0 0.0 2544240000.0 195900000000.0 153835.0 189726.0 0.0 0.86 [0.86]
1023290000000000.0 31465800000000.0 299685000000.0 386081000.0 0.0 13804500000.0 93709.9 0.0 5145850000000.0 164517.0 0.0 0.0 2541080000.0 193735000000.0 145684.0 179306.0 0.0 0.88 [0.88]
1023290000000000.0 30661600000000.0 290195000000.0 361830000.0 0.0 13345000000.0 86897.5 0.0 5142850000000.0 152418.0 0.0 0.0 2537940000.0 191566000000.0 137956.0 169445.0 0.0 0.9 [0.9]
1023290000000000.0 29876500000000.0 280947000000.0 339269000.0 0.0 12900000000.0 80588.8 0.0 5139910000000.0 141218.0 0.0 0.0 2534820000.0 189393000000.0 130630.0 160113.0 0.0 0.92 [0.92]
1023290000000000.0 29110200000000.0 271913000000.0 318005000.0 0.0 12468700000.0 74744.0 0.0 5137030000000.0 130855.0 0.0 0.0 2531710000.0 187215000000.0 123686.0 151278.0 0.0 0.94 [0.94]
1023290000000000.0 28362400000000.0 263090000000.0 297970000.0 0.0 12050700000.0 69329.0 0.0 5134210000000.0 121264.0 0.0 0.0 2528620000.0 185032000000.0 117104.0 142915.0 0.0 0.96 [0.96]
1023290000000000.0 27632400000000.0 254478000000.0 279101000.0 0.0 11645800000.0 64311.9 0.0 5131460000000.0 112388.0 0.0 0.0 2525530000.0 182846000000.0 110864.0 134999.0 0.0 0.98 [0.98]
1023290000000000.0 26919800000000.0 246072000000.0 261337000.0 0.0 11253400000.0 59663.4 0.0 5128760000000.0 104173.0 0.0 0.0 2522460000.0 180657000000.0 104951.0 127507.0 0.0 1.0 [1.0]
