Cloudy_runs/pg1424/z=0.147104/component_III_PI_nH/component_III_PI_nH_col_density_param.txt
# %ECSV 1.0
# ---
# datatype:
# - {name: H, datatype: float64}
# - {name: H+, datatype: float64}
# - {name: C+, datatype: float64}
# - {name: C+2, datatype: float64}
# - {name: C+3, datatype: float64}
# - {name: N+2, datatype: float64}
# - {name: N+4, datatype: float64}
# - {name: O, datatype: float64}
# - {name: O+2, datatype: float64}
# - {name: O+5, datatype: float64}
# - {name: O+6, datatype: float64}
# - {name: Si+, datatype: float64}
# - {name: Si+2, datatype: float64}
# - {name: Si+3, datatype: float64}
# - {name: Si+4, datatype: float64}
# - {name: log_nH, datatype: float64}
# - {name: log_Te, datatype: float64}
# - {name: parameters, datatype: string, subtype: 'float64[1]'}
# schema: astropy-2.0
H H+ C+ C+2 C+3 N+2 N+4 O O+2 O+5 O+6 Si+ Si+2 Si+3 Si+4 log_nH log_Te parameters
[from data line 129]
2754220000000000.0 1.55869e+17 1844270000000.0 2396960000000.0 17771000000.0 312570000000.0 59021200.0 122088000000.0 1865180000000.0 1391560.0 0.0 180948000000.0 309465000000.0 21950900000.0 1501830000.0 -2.42 4.117 [-2.42]
2754220000000000.0 1.48381e+17 1805160000000.0 2237120000000.0 15324300000.0 279705000000.0 48416800.0 124786000000.0 1662700000000.0 1044510.0 0.0 179336000000.0 289421000000.0 19565300000.0 1280710000.0 -2.4 4.115 [-2.4]
2754220000000000.0 1.41291e+17 1766150000000.0 2087520000000.0 13210600000.0 249982000000.0 39688000.0 127356000000.0 1480640000000.0 0.0 0.0 177602000000.0 270505000000.0 17429200000.0 1092060000.0 -2.38 4.112 [-2.38]
2754220000000000.0 1.3455e+17 1727130000000.0 1947030000000.0 11380500000.0 223083000000.0 32493700.0 129805000000.0 1316780000000.0 0.0 0.0 175744000000.0 252601000000.0 15512200000.0 930726000.0 -2.36 4.11 [-2.36]
2754220000000000.0 1.28141e+17 1688140000000.0 1815180000000.0 9797440000.0 198796000000.0 26573000.0 132131000000.0 1169630000000.0 0.0 0.0 173763000000.0 235671000000.0 13794200000.0 792838000.0 -2.34 4.107 [-2.34]
2754220000000000.0 1.22047e+17 1649220000000.0 1691490000000.0 8429130000.0 176914000000.0 21707400.0 134335000000.0 1037710000000.0 0.0 0.0 171665000000.0 219681000000.0 12256200000.0 675052000.0 -2.32 4.105 [-2.32]
2754220000000000.0 1.16279e+17 1610610000000.0 1576060000000.0 7251130000.0 157302000000.0 17725100.0 136414000000.0 920029000000.0 0.0 0.0 169461000000.0 204666000000.0 10886000000.0 574806000.0 -2.3 4.102 [-2.3]
2754220000000000.0 1.1077e+17 1571990000000.0 1467410000000.0 6231010000.0 139646000000.0 14451000.0 138379000000.0 814567000000.0 0.0 0.0 167139000000.0 190450000000.0 9657590000.0 488984000.0 -2.28 4.1 [-2.28]
2754220000000000.0 1.05531e+17 1533580000000.0 1365690000000.0 5351540000.0 123835000000.0 11771200.0 140227000000.0 720525000000.0 0.0 0.0 164711000000.0 177073000000.0 8561840000.0 415812000.0 -2.26 4.098 [-2.26]
2754220000000000.0 1.0055e+17 1495420000000.0 1270500000000.0 4593780000.0 109702000000.0 9580230.0 141963000000.0 636787000000.0 0.0 0.0 162186000000.0 164494000000.0 7585360000.0 353448000.0 -2.24 4.095 [-2.24]
2754230000000000.0 9.58125e+16 1457550000000.0 1181490000000.0 3941450000.0 97089300000.0 7791180.0 143589000000.0 562336000000.0 0.0 0.0 159567000000.0 152686000000.0 6716170000.0 300334000.0 -2.22 4.093 [-2.22]
2754220000000000.0 9.13071e+16 1420010000000.0 1098280000000.0 3380210000.0 85851700000.0 6331730.0 145109000000.0 496227000000.0 0.0 0.0 156863000000.0 141609000000.0 5943150000.0 255116000.0 -2.2 4.091 [-2.2]
2754220000000000.0 8.70218e+16 1382830000000.0 1020550000000.0 2897660000.0 75853800000.0 5142340.0 146528000000.0 437597000000.0 0.0 0.0 154081000000.0 131231000000.0 5256320000.0 216639000.0 -2.18 4.088 [-2.18]
2754220000000000.0 8.29463e+16 1346050000000.0 947985000000.0 2483060000.0 66972100000.0 4174000.0 147850000000.0 385663000000.0 0.0 0.0 151227000000.0 121520000000.0 4646660000.0 183919000.0 -2.16 4.086 [-2.16]
2754220000000000.0 7.90691e+16 1309710000000.0 880264000000.0 2126990000.0 59090700000.0 3386210.0 149079000000.0 339705000000.0 0.0 0.0 148311000000.0 112441000000.0 4105870000.0 156100000.0 -2.14 4.084 [-2.14]
2754220000000000.0 7.53813e+16 1273830000000.0 817115000000.0 1821430000.0 52106600000.0 2745890.0 150219000000.0 299079000000.0 0.0 0.0 145340000000.0 103966000000.0 3626640000.0 132466000.0 -2.12 4.082 [-2.12]
2754220000000000.0 7.18525e+16 1238240000000.0 757911000000.0 1558240000.0 45899700000.0 2224010.0 151279000000.0 263059000000.0 0.0 0.0 142303000000.0 96014500000.0 3200380000.0 112312000.0 -2.1 4.08 [-2.1]
2754220000000000.0 6.85156e+16 1203390000000.0 703092000000.0 1333650000.0 40434600000.0 1802110.0 152256000000.0 231409000000.0 0.0 0.0 139244000000.0 88653100000.0 2824990000.0 95279800.0 -2.08 4.078 [-2.08]
2754220000000000.0 6.53608e+16 1169310000000.0 652366000000.0 1142040000.0 35626200000.0 1461070.0 153156000000.0 203613000000.0 0.0 0.0 136173000000.0 81845800000.0 2494560000.0 80886000.0 -2.06 4.075 [-2.06]
2754220000000000.0 6.23203e+16 1135370000000.0 604550000000.0 976347000.0 31343600000.0 1182340.0 153990000000.0 178906000000.0 0.0 0.0 133041000000.0 75433400000.0 2199610000.0 68560500.0 -2.04 4.073 [-2.04]
2754220000000000.0 5.94466e+16 1102250000000.0 560372000000.0 835205000.0 27583900000.0 957431.0 154754000000.0 157248000000.0 0.0 0.0 129912000000.0 69520100000.0 1940440000.0 58159400.0 -2.02 4.071 [-2.02]
2754230000000000.0 5.67321e+16 1069990000000.0 519594000000.0 715008000.0 24285600000.0 775970.0 155454000000.0 138276000000.0 0.0 0.0 126797000000.0 64075000000.0 1712820000.0 49383200.0 -2.0 4.069 [-2.0]
2754220000000000.0 5.413e+16 1038140000000.0 481418000000.0 611566000.0 21364500000.0 628285.0 156097000000.0 121498000000.0 0.0 0.0 123660000000.0 58989500000.0 1510780000.0 41900900.0 -1.98 4.067 [-1.98]
2754220000000000.0 5.16537e+16 1006940000000.0 445958000000.0 523077000.0 18792400000.0 508706.0 156685000000.0 106744000000.0 0.0 0.0 120529000000.0 54280600000.0 1332540000.0 35558300.0 -1.96 4.065 [-1.96]
2754220000000000.0 4.92786e+16 976173000000.0 412783000000.0 446994000.0 16517200000.0 411482.0 157222000000.0 93710700000.0 0.0 0.0 117386000000.0 49891700000.0 1174470000.0 30154800.0 -1.94 4.063 [-1.94]
2754230000000000.0 4.70613e+16 946667000000.0 382576000000.0 382836000.0 14541500000.0 333686.0 157707000000.0 82401000000.0 0.0 0.0 114317000000.0 45917000000.0 1037070000.0 25638200.0 -1.92 4.061 [-1.92]
2754230000000000.0 4.49277e+16 917528000000.0 354245000000.0 327528000.0 12790400000.0 270274.0 158148000000.0 72391000000.0 0.0 0.0 111243000000.0 42202900000.0 914946000.0 21777900.0 -1.9 4.059 [-1.9]
2754220000000000.0 4.28732e+16 888750000000.0 327675000000.0 279877000.0 11239300000.0 218629.0 158548000000.0 63535500000.0 0.0 0.0 108167000000.0 38734400000.0 806442000.0 18480200.0 -1.88 4.057 [-1.88]
2754220000000000.0 4.09407e+16 861015000000.0 303340000000.0 239518000.0 9887260000.0 177155.0 158906000000.0 55822300000.0 0.0 0.0 105159000000.0 35577300000.0 711702000.0 15710500.0 -1.86 4.055 [-1.86]
2754220000000000.0 3.91006e+16 833978000000.0 280784000000.0 205020000.0 8698780000.0 143584.0 159226000000.0 49049500000.0 0.0 0.0 102193000000.0 32667100000.0 628215000.0 13361900.0 -1.84 4.053 [-1.84]
2754230000000000.0 3.73627e+16 807863000000.0 260054000000.0 175697000.0 7659750000.0 116531.0 159512000000.0 43134000000.0 0.0 0.0 99295600000.0 30008100000.0 555071000.0 11381100.0 -1.82 4.051 [-1.82]
2754230000000000.0 3.56947e+16 782247000000.0 240701000000.0 150482000.0 6741670000.0 94516.6 159765000000.0 37912400000.0 0.0 0.0 96423700000.0 27541800000.0 490242000.0 9691210.0 -1.8 4.05 [-1.8]
2754220000000000.0 3.41065e+16 757339000000.0 222784000000.0 128929000.0 5934980000.0 76691.3 159987000000.0 33328900000.0 0.0 0.0 93603800000.0 25273700000.0 433124000.0 8257560.0 -1.78 4.048 [-1.78]
2754230000000000.0 3.25939e+16 733132000000.0 206200000000.0 110505000.0 5226130000.0 62254.5 160180000000.0 29305500000.0 0.0 0.0 90839300000.0 23188800000.0 382796000.0 7040830.0 -1.76 4.046 [-1.76]
2754230000000000.0 3.11538e+16 709629000000.0 190857000000.0 94754700.0 4603350000.0 50560.2 160346000000.0 25774000000.0 0.0 0.0 88132800000.0 21274100000.0 338453000.0 6008050.0 -1.74 4.044 [-1.74]
2754220000000000.0 2.97822e+16 686821000000.0 176664000000.0 81287100.0 4056080000.0 41083.8 160487000000.0 22673900000.0 0.0 0.0 85486500000.0 19516400000.0 299374000.0 5130910.0 -1.72 4.042 [-1.72]
2754230000000000.0 2.8476e+16 664703000000.0 163538000000.0 69769100.0 3575130000.0 33402.1 160604000000.0 19952300000.0 0.0 0.0 82902300000.0 17903400000.0 264928000.0 4385620.0 -1.7 4.04 [-1.7]
2754230000000000.0 2.72317e+16 643261000000.0 151400000000.0 59914700.0 3152350000.0 0.0 160698000000.0 17562600000.0 0.0 0.0 80381500000.0 16423500000.0 234557000.0 3751910.0 -1.68 4.039 [-1.68]
2754220000000000.0 2.60465e+16 622492000000.0 140178000000.0 51482300.0 2780680000.0 0.0 160771000000.0 15464200000.0 0.0 0.0 77925400000.0 15066600000.0 207774000.0 3212870.0 -1.66 4.037 [-1.66]
2754220000000000.0 2.49174e+16 602384000000.0 129804000000.0 44263900.0 2453870000.0 0.0 160825000000.0 13621200000.0 0.0 0.0 75534900000.0 13822900000.0 184149000.0 2754030.0 -1.64 4.035 [-1.64]
2754230000000000.0 2.38417e+16 582925000000.0 120216000000.0 38082200.0 2166410000.0 0.0 160860000000.0 12002200000.0 0.0 0.0 73210400000.0 12683100000.0 163301000.0 2363160.0 -1.62 4.033 [-1.62]
2754230000000000.0 2.28166e+16 564104000000.0 111354000000.0 32786200.0 1913510000.0 0.0 160877000000.0 10579600000.0 0.0 0.0 70952300000.0 11638700000.0 144898000.0 2029950.0 -1.6 4.032 [-1.6]
2754220000000000.0 2.18399e+16 545910000000.0 103165000000.0 28247200.0 1690950000.0 0.0 160877000000.0 9329390000.0 0.0 0.0 68760800000.0 10682300000.0 128648000.0 1745700.0 -1.58 4.03 [-1.58]
2754230000000000.0 2.0909e+16 528327000000.0 95597600000.0 24354700.0 1495010000.0 0.0 160861000000.0 8230290000.0 0.0 0.0 66635400000.0 9806240000.0 114291000.0 1502990.0 -1.56 4.028 [-1.56]
2754230000000000.0 2.00125e+16 511163000000.0 88532700000.0 20991600.0 1321330000.0 0.0 160830000000.0 7257590000.0 0.0 0.0 64554200000.0 8995570000.0 101517000.0 1294140.0 -1.54 4.027 [-1.54]
2754230000000000.0 1.91672e+16 494771000000.0 82076100000.0 18127800.0 1169460000.0 0.0 160785000000.0 6408180000.0 0.0 0.0 62560500000.0 8262000000.0 90308400.0 1116940.0 -1.52 4.025 [-1.52]
2754230000000000.0 1.83698e+16 479116000000.0 76170800000.0 15684800.0 1036470000.0 0.0 160728000000.0 5665570000.0 0.0 0.0 60652000000.0 7596980000.0 80457900.0 966213.0 -1.5 4.023 [-1.5]
2754230000000000.0 1.75923e+16 463670000000.0 70591800000.0 13552600.0 917518000.0 0.0 160656000000.0 5002680000.0 0.0 0.0 58764900000.0 6974270000.0 71610600.0 835063.0 -1.48 4.022 [-1.48]
2754230000000000.0 1.68595e+16 448941000000.0 65495500000.0 11734200.0 813406000.0 0.0 160573000000.0 4423420000.0 0.0 0.0 56961800000.0 6410980000.0 63837200.0 723474.0 -1.46 4.02 [-1.46]
2754230000000000.0 1.61606e+16 434739000000.0 60785500000.0 10169200.0 721532000.0 0.0 160478000000.0 3913200000.0 0.0 0.0 55220300000.0 5895260000.0 56949500.0 627636.0 -1.44 4.018 [-1.44]
2754230000000000.0 1.5494e+16 421048000000.0 56431700000.0 8821300.0 640413000.0 0.0 160372000000.0 3463600000.0 0.0 0.0 53539000000.0 5422980000.0 50842900.0 545228.0 -1.42 4.017 [-1.42]
2754230000000000.0 1.48584e+16 407860000000.0 52409100000.0 7659940.0 568787000.0 0.0 160256000000.0 3067370000.0 0.0 0.0 51917400000.0 4990940000.0 45427500.0 474326.0 -1.4 4.015 [-1.4]
2754230000000000.0 1.42517e+16 395147000000.0 48688400000.0 6657890.0 505465000.0 0.0 160130000000.0 2717860000.0 0.0 0.0 50353000000.0 4594880000.0 40619300.0 413195.0 -1.38 4.014 [-1.38]
2754230000000000.0 1.36729e+16 382902000000.0 45248000000.0 5792870.0 449475000.0 0.0 159995000000.0 2409510000.0 0.0 0.0 48844800000.0 4232100000.0 36348700.0 360452.0 -1.36 4.012 [-1.36]
2754230000000000.0 1.31197e+16 371091000000.0 42062200000.0 5044880.0 399902000.0 0.0 159850000000.0 2137110000.0 0.0 0.0 47389400000.0 3899310000.0 32550100.0 314851.0 -1.34 4.01 [-1.34]
2754230000000000.0 1.25959e+16 359809000000.0 39138200000.0 4401420.0 356230000.0 0.0 159698000000.0 1897750000.0 0.0 0.0 45998900000.0 3596280000.0 29188200.0 275594.0 -1.32 4.009 [-1.32]
2754230000000000.0 1.20925e+16 348874000000.0 36414400000.0 3841840.0 317384000.0 0.0 159537000000.0 1685320000.0 0.0 0.0 44650400000.0 3317040000.0 26183100.0 241452.0 -1.3 4.007 [-1.3]
2754230000000000.0 1.16122e+16 338353000000.0 33895300000.0 3357280.0 282974000.0 0.0 159368000000.0 1497610000.0 0.0 0.0 43352900000.0 3061360000.0 23507900.0 211861.0 -1.28 4.006 [-1.28]
2754230000000000.0 1.11532e+16 328219000000.0 31561800000.0 2936910.0 252446000.0 0.0 159192000000.0 1331540000.0 0.0 0.0 42103200000.0 2826490000.0 21122700.0 186151.0 -1.26 4.004 [-1.26]
2754230000000000.0 1.07148e+16 318466000000.0 29401500000.0 2572110.0 225365000.0 0.0 159008000000.0 1184600000.0 0.0 0.0 40900800000.0 2611160000.0 18995600.0 163804.0 -1.24 4.003 [-1.24]
2754230000000000.0 1.02959e+16 309076000000.0 27400000000.0 2255110.0 201315000.0 0.0 158818000000.0 1054490000.0 0.0 0.0 39743500000.0 2413270000.0 17096800.0 144340.0 -1.22 4.001 [-1.22]
2754230000000000.0 9895750000000000.0 300040000000.0 25546100000.0 1979470.0 179954000.0 0.0 158621000000.0 939255000.0 0.0 0.0 38630500000.0 2231720000.0 15401100.0 127377.0 -1.2 4.0 [-1.2]
2754230000000000.0 9513320000000000.0 291345000000.0 23827900000.0 1739520.0 160966000.0 0.0 158419000000.0 837125000.0 0.0 0.0 37560000000.0 2064950000.0 13885400.0 112570.0 -1.18 3.998 [-1.18]
2754230000000000.0 9147890000000000.0 282978000000.0 22235500000.0 1530460.0 144080000.0 0.0 158210000000.0 746571000.0 0.0 0.0 36530700000.0 1911830000.0 12529700.0 99630.1 -1.16 3.997 [-1.16]
2754230000000000.0 8798360000000000.0 274923000000.0 20758200000.0 1348060.0 129046000.0 0.0 157997000000.0 666214000.0 0.0 0.0 35540600000.0 1770900000.0 11315900.0 88299.8 -1.14 3.995 [-1.14]
2754230000000000.0 8463050000000000.0 267145000000.0 19383300000.0 1188460.0 115634000.0 0.0 157777000000.0 594735000.0 0.0 0.0 34585400000.0 1641030000.0 10226400.0 78352.6 -1.12 3.994 [-1.12]
2754230000000000.0 8144670000000000.0 259714000000.0 18116500000.0 1049590.0 103731000.0 0.0 157554000000.0 531526000.0 0.0 0.0 33673900000.0 1522230000.0 9253720.0 69658.8 -1.1 3.992 [-1.1]
2754230000000000.0 7838990000000000.0 252535000000.0 16936100000.0 927779.0 93094300.0 0.0 157326000000.0 475216000.0 0.0 0.0 32794200000.0 1412570000.0 8379000.0 62001.7 -1.08 3.991 [-1.08]
2754230000000000.0 7546520000000000.0 245625000000.0 15839800000.0 821065.0 83602400.0 0.0 157094000000.0 425139000.0 0.0 0.0 31948600000.0 1311580000.0 7593490.0 55263.3 -1.06 3.99 [-1.06]
2754230000000000.0 7266640000000000.0 238974000000.0 14821300000.0 727482.0 75127400.0 0.0 156858000000.0 380581000.0 0.0 0.0 31135800000.0 1218530000.0 6887550.0 49325.5 -1.04 3.988 [-1.04]
2754230000000000.0 6998740000000000.0 232571000000.0 13874600000.0 645325.0 67555300.0 0.0 156618000000.0 340909000.0 0.0 0.0 30354400000.0 1132770000.0 6252620.0 44086.1 -1.02 3.987 [-1.02]
2754230000000000.0 6742260000000000.0 226406000000.0 12994400000.0 573117.0 60785400.0 0.0 156375000000.0 305567000.0 0.0 0.0 29603300000.0 1053680000.0 5681070.0 39456.8 -1.0 3.985 [-1.0]
2754230000000000.0 6496650000000000.0 220469000000.0 12175600000.0 509583.0 54728600.0 0.0 156128000000.0 274062000.0 0.0 0.0 28881200000.0 980697000.0 5166170.0 35360.8 -0.98 3.984 [-0.98]
2754230000000000.0 6261410000000000.0 214752000000.0 11413700000.0 453621.0 49306500.0 0.0 155879000000.0 245961000.0 0.0 0.0 28187000000.0 913319000.0 4701930.0 31732.1 -0.96 3.983 [-0.96]
2754230000000000.0 6036040000000000.0 209245000000.0 10704300000.0 404272.0 44449200.0 0.0 155628000000.0 220881000.0 0.0 0.0 27519600000.0 851081000.0 4283030.0 28513.1 -0.94 3.981 [-0.94]
2754230000000000.0 5820080000000000.0 203940000000.0 10043500000.0 360706.0 40095100.0 0.0 155373000000.0 198484000.0 0.0 0.0 26877900000.0 793560000.0 3904730.0 25653.8 -0.92 3.98 [-0.92]
2754230000000000.0 5613090000000000.0 198828000000.0 9427730000.0 322203.0 36189500.0 0.0 155117000000.0 178470000.0 0.0 0.0 26261000000.0 740367000.0 3562810.0 23110.5 -0.9 3.978 [-0.9]
2754230000000000.0 5414640000000000.0 193902000000.0 8853690000.0 288137.0 32684000.0 0.0 154859000000.0 160574000.0 0.0 0.0 25667600000.0 691151000.0 3253530.0 20845.6 -0.88 3.977 [-0.88]
2754230000000000.0 5223610000000000.0 189134000000.0 8316290000.0 257897.0 29529000.0 0.0 154599000000.0 144527000.0 0.0 0.0 25094800000.0 645457000.0 2972990.0 18821.9 -0.86 3.976 [-0.86]
