Cloudy_runs/pg1424/z=0.147104/component_III_PI_nH/component_III_PI_nH_col_density_param.txt
# %ECSV 1.0
# ---
# datatype:
# - {name: H, datatype: float64}
# - {name: H+, datatype: float64}
# - {name: C+, datatype: float64}
# - {name: C+2, datatype: float64}
# - {name: C+3, datatype: float64}
# - {name: N+2, datatype: float64}
# - {name: N+4, datatype: float64}
# - {name: O, datatype: float64}
# - {name: O+2, datatype: float64}
# - {name: O+5, datatype: float64}
# - {name: O+6, datatype: float64}
# - {name: Si+, datatype: float64}
# - {name: Si+2, datatype: float64}
# - {name: Si+3, datatype: float64}
# - {name: Si+4, datatype: float64}
# - {name: log_nH, datatype: float64}
# - {name: log_Te, datatype: float64}
# - {name: parameters, datatype: string, subtype: 'float64[1]'}
# schema: astropy-2.0
H H+ C+ C+2 C+3 N+2 N+4 O O+2 O+5 O+6 Si+ Si+2 Si+3 Si+4 log_nH log_Te parameters
[from data line 63]
2754230000000000.0 4.42534e+18 2877350000000.0 69980400000000.0 26888700000000.0 14818700000000.0 1839510000000.0 796761000.0 66879400000000.0 2128510000000.0 237332000000.0 115625000000.0 2510910000000.0 1928430000000.0 6722970000000.0 -3.74 4.326 [-3.74]
2754230000000000.0 4.20377e+18 2904560000000.0 68017600000000.0 25066400000000.0 14510100000000.0 1633640000000.0 892467000.0 66520500000000.0 1829700000000.0 195676000000.0 120711000000.0 2586850000000.0 1929580000000.0 6316210000000.0 -3.72 4.323 [-3.72]
2754230000000000.0 3.99331e+18 2929370000000.0 66034200000000.0 23334700000000.0 14192300000000.0 1448750000000.0 999151000.0 66091200000000.0 1570490000000.0 161073000000.0 125687000000.0 2656930000000.0 1924940000000.0 5914700000000.0 -3.7 4.319 [-3.7]
2754230000000000.0 3.7934e+18 2951820000000.0 64037900000000.0 21692500000000.0 13866500000000.0 1282970000000.0 1117970000.0 65591900000000.0 1345960000000.0 132373000000.0 130526000000.0 2720540000000.0 1914550000000.0 5520640000000.0 -3.68 4.316 [-3.68]
2754230000000000.0 3.60351e+18 2972000000000.0 62035700000000.0 20138400000000.0 13533700000000.0 1134570000000.0 1250170000.0 65022900000000.0 1151750000000.0 108606000000.0 135202000000.0 2777170000000.0 1898480000000.0 5136050000000.0 -3.66 4.313 [-3.66]
2754230000000000.0 3.42311e+18 2989870000000.0 60033300000000.0 18670400000000.0 13194800000000.0 1001930000000.0 1397140000.0 64384500000000.0 983993000000.0 88951500000.0 139690000000.0 2826290000000.0 1876930000000.0 4762690000000.0 -3.64 4.31 [-3.64]
2754230000000000.0 3.2519e+18 3005500000000.0 58039300000000.0 17288000000000.0 12851100000000.0 883700000000.0 1560220000.0 63678900000000.0 839463000000.0 72741400000.0 143960000000.0 2867560000000.0 1850200000000.0 4402580000000.0 -3.62 4.306 [-3.62]
2754230000000000.0 3.08898e+18 3019280000000.0 56054500000000.0 15984000000000.0 12502800000000.0 778150000000.0 1741460000.0 62904800000000.0 714767000000.0 59358900000.0 148029000000.0 2900850000000.0 1818250000000.0 4056190000000.0 -3.6 4.303 [-3.6]
2754230000000000.0 2.93435e+18 3030930000000.0 54088600000000.0 14760600000000.0 12151600000000.0 684373000000.0 1942170000.0 62065800000000.0 607676000000.0 48359800000.0 151849000000.0 2925840000000.0 1781730000000.0 3725560000000.0 -3.58 4.3 [-3.58]
2754230000000000.0 2.78749e+18 3040680000000.0 52145000000000.0 13613200000000.0 11798200000000.0 601097000000.0 2164350000.0 61163000000000.0 515760000000.0 39327100000.0 155422000000.0 2942530000000.0 1740930000000.0 3411350000000.0 -3.56 4.296 [-3.56]
2754230000000000.0 2.64798e+18 3048590000000.0 50227800000000.0 12539100000000.0 11443600000000.0 527259000000.0 2410070000.0 60198300000000.0 436993000000.0 31922200000.0 158740000000.0 2950950000000.0 1696240000000.0 3114190000000.0 -3.54 4.293 [-3.54]
2754230000000000.0 2.51547e+18 3054750000000.0 48340600000000.0 11535200000000.0 11088400000000.0 461889000000.0 2681490000.0 59173800000000.0 369607000000.0 25862800000.0 161802000000.0 2951230000000.0 1648110000000.0 2834520000000.0 -3.52 4.29 [-3.52]
2754230000000000.0 2.3896e+18 3059220000000.0 46486800000000.0 10598300000000.0 10733600000000.0 404106000000.0 2980920000.0 58091900000000.0 312055000000.0 20913500000.0 164608000000.0 2943580000000.0 1597010000000.0 2572550000000.0 -3.5 4.286 [-3.5]
2754230000000000.0 2.27004e+18 3062080000000.0 44669200000000.0 9725280000000.0 10379900000000.0 353101000000.0 3310910000.0 56955200000000.0 262987000000.0 16878600000.0 167160000000.0 2928300000000.0 1543400000000.0 2328270000000.0 -3.48 4.283 [-3.48]
2754230000000000.0 2.15647e+18 3063420000000.0 42890300000000.0 8913080000000.0 10028000000000.0 308150000000.0 3674100000.0 55766700000000.0 221227000000.0 13595400000.0 169467000000.0 2905770000000.0 1487750000000.0 2101480000000.0 -3.46 4.28 [-3.46]
2754230000000000.0 2.0486e+18 3063300000000.0 41152100000000.0 8158590000000.0 9678630000000.0 268591000000.0 4073320000.0 54529700000000.0 185750000000.0 10929200000.0 171539000000.0 2876420000000.0 1430530000000.0 1891820000000.0 -3.44 4.276 [-3.44]
2754230000000000.0 1.94613e+18 3061790000000.0 39456200000000.0 7458640000000.0 9332370000000.0 233825000000.0 4511640000.0 53247000000000.0 155664000000.0 8768150000.0 173387000000.0 2840710000000.0 1372160000000.0 1698780000000.0 -3.42 4.273 [-3.42]
2754230000000000.0 1.84881e+18 3058970000000.0 37804500000000.0 6810390000000.0 8989950000000.0 203322000000.0 4992100000.0 51923100000000.0 130204000000.0 7020470000.0 175024000000.0 2799180000000.0 1313080000000.0 1521770000000.0 -3.4 4.27 [-3.4]
2754220000000000.0 1.7563e+18 3054660000000.0 36196100000000.0 6210700000000.0 8651460000000.0 176583000000.0 5518280000.0 50559500000000.0 108686000000.0 5609030000.0 176460000000.0 2752150000000.0 1253750000000.0 1359960000000.0 -3.38 4.266 [-3.38]
2754220000000000.0 1.66851e+18 3049360000000.0 34635200000000.0 5656880000000.0 8318130000000.0 153193000000.0 6093460000.0 49163400000000.0 90552000000.0 4472760000.0 177723000000.0 2700560000000.0 1194430000000.0 1212730000000.0 -3.36 4.263 [-3.36]
2754220000000000.0 1.58516e+18 3042970000000.0 33121300000000.0 5146100000000.0 7990200000000.0 132756000000.0 6721340000.0 47738100000000.0 75296100000.0 3559580000.0 178827000000.0 2644860000000.0 1135500000000.0 1079170000000.0 -3.34 4.26 [-3.34]
2754220000000000.0 1.5061e+18 3035300000000.0 31656200000000.0 4676520000000.0 7668420000000.0 114947000000.0 7404910000.0 46289300000000.0 62501800000.0 2827940000.0 179773000000.0 2585510000000.0 1077470000000.0 958532000000.0 -3.32 4.256 [-3.32]
2754220000000000.0 1.43074e+18 3026720000000.0 30232500000000.0 4242790000000.0 7351440000000.0 99367000000.0 8151310000.0 44812500000000.0 51742200000.0 2240400000.0 180612000000.0 2522860000000.0 1020040000000.0 849431000000.0 -3.3 4.253 [-3.3]
2754220000000000.0 1.35944e+18 3016960000000.0 28861100000000.0 3846080000000.0 7042090000000.0 85856600000.0 8960200000.0 43324800000000.0 42775300000.0 1772670000.0 181319000000.0 2457830000000.0 964185000000.0 751662000000.0 -3.28 4.249 [-3.28]
2754220000000000.0 1.29158e+18 3006280000000.0 27533500000000.0 3481370000000.0 6738730000000.0 74085600000.0 9839460000.0 41820400000000.0 35276700000.0 1399150000.0 181942000000.0 2390560000000.0 909549000000.0 663861000000.0 -3.26 4.246 [-3.26]
2754220000000000.0 1.22713e+18 2994620000000.0 26252000000000.0 3147270000000.0 6442260000000.0 63863800000.0 10792300000.0 40307100000000.0 29031500000.0 1102090000.0 182484000000.0 2321650000000.0 856485000000.0 585351000000.0 -3.24 4.243 [-3.24]
2754220000000000.0 1.16593e+18 2982030000000.0 25016500000000.0 2841630000000.0 6152910000000.0 54997900000.0 11823100000.0 38789000000000.0 23841400000.0 866340000.0 182961000000.0 2251530000000.0 805130000000.0 515323000000.0 -3.22 4.239 [-3.22]
2754220000000000.0 1.1078e+18 2968520000000.0 23826000000000.0 2562420000000.0 5870800000000.0 47316800000.0 12936400000.0 37270200000000.0 19537300000.0 679639000.0 183386000000.0 2180580000000.0 755594000000.0 453001000000.0 -3.2 4.236 [-3.2]
2754220000000000.0 1.05261e+18 2954110000000.0 22680000000000.0 2307720000000.0 5596110000000.0 40670100000.0 14136800000.0 35754800000000.0 15975900000.0 532111000.0 183769000000.0 2109180000000.0 707960000000.0 397661000000.0 -3.18 4.232 [-3.18]
2754220000000000.0 1.00017e+18 2938790000000.0 21577500000000.0 2075680000000.0 5328860000000.0 34924000000.0 15428900000.0 34246300000000.0 13035100000.0 415765000.0 184123000000.0 2037630000000.0 662288000000.0 348615000000.0 -3.16 4.229 [-3.16]
2754220000000000.0 9.50383e+17 2922600000000.0 20517800000000.0 1864590000000.0 5069200000000.0 29962200000.0 16817100000.0 32748700000000.0 10612400000.0 324218000.0 184456000000.0 1966250000000.0 618615000000.0 305235000000.0 -3.14 4.226 [-3.14]
2754220000000000.0 9.03104e+17 2905570000000.0 19500200000000.0 1672850000000.0 4817190000000.0 25682300000.0 18305600000.0 31265900000000.0 8621060000.0 252341000.0 184776000000.0 1895320000000.0 576955000000.0 266938000000.0 -3.12 4.222 [-3.12]
2754220000000000.0 8.5819e+17 2887640000000.0 18523200000000.0 1498890000000.0 4572740000000.0 21993500000.0 19898800000.0 29800500000000.0 6987570000.0 196010000.0 185091000000.0 1825000000000.0 537318000000.0 233177000000.0 -3.1 4.219 [-3.1]
2754220000000000.0 8.15539e+17 2868880000000.0 17586200000000.0 1341310000000.0 4335970000000.0 18817900000.0 21600600000.0 28356400000000.0 5650950000.0 151965000.0 185406000000.0 1755550000000.0 499685000000.0 203469000000.0 -3.08 4.216 [-3.08]
2754220000000000.0 7.75033e+17 2849280000000.0 16688100000000.0 1198760000000.0 4106810000000.0 16086500000.0 23414600000.0 26936300000000.0 4559670000.0 117595000.0 185724000000.0 1687140000000.0 464032000000.0 177365000000.0 -3.06 4.212 [-3.06]
2754220000000000.0 7.36566e+17 2828850000000.0 15827900000000.0 1070010000000.0 3885270000000.0 13739300000.0 25343900000.0 25543200000000.0 3670770000.0 90830400.0 186049000000.0 1619920000000.0 430326000000.0 154461000000.0 -3.04 4.209 [-3.04]
2754220000000000.0 7.00022e+17 2807570000000.0 15004200000000.0 953826000000.0 3671230000000.0 11723700000.0 27391700000.0 24179300000000.0 2948230000.0 70025100.0 186383000000.0 1553970000000.0 398512000000.0 134385000000.0 -3.02 4.206 [-3.02]
2754220000000000.0 6.6532e+17 2785470000000.0 14216300000000.0 849195000000.0 3464710000000.0 9994970000.0 29559300000.0 22847600000000.0 2362480000.0 53889800.0 186728000000.0 1489440000000.0 368560000000.0 116817000000.0 -3.0 4.202 [-3.0]
2754220000000000.0 6.32365e+17 2762550000000.0 13463100000000.0 755091000000.0 3265650000000.0 8513500000.0 31848400000.0 21550200000000.0 1888710000.0 41400200.0 187081000000.0 1426420000000.0 340403000000.0 101461000000.0 -2.98 4.199 [-2.98]
2754220000000000.0 6.01096e+17 2738930000000.0 12744100000000.0 670606000000.0 3074140000000.0 7245400000.0 34258900000.0 20290200000000.0 1506580000.0 31755400.0 187432000000.0 1365060000000.0 313970000000.0 88058400000.0 -2.96 4.196 [-2.96]
2754220000000000.0 5.71317e+17 2714280000000.0 12055600000000.0 594714000000.0 2889440000000.0 6158840000.0 36794700000.0 19065000000000.0 1198450000.0 24304700.0 187808000000.0 1305070000000.0 289194000000.0 76347800000.0 -2.94 4.193 [-2.94]
2754220000000000.0 5.43127e+17 2689010000000.0 11400800000000.0 526902000000.0 2712500000000.0 5232020000.0 39447000000.0 17883100000000.0 951538000.0 18582800.0 188171000000.0 1246990000000.0 266062000000.0 66165600000.0 -2.92 4.189 [-2.92]
2754220000000000.0 5.16313e+17 2662870000000.0 10775200000000.0 466188000000.0 2542460000000.0 4439570000.0 42219900000.0 16740600000000.0 753515000.0 14181600.0 188537000000.0 1190480000000.0 244442000000.0 57291500000.0 -2.9 4.186 [-2.9]
2754220000000000.0 4.90846e+17 2635950000000.0 10179000000000.0 411968000000.0 2379460000000.0 3763330000.0 45108100000.0 15640300000000.0 595264000.0 10806000.0 188899000000.0 1135680000000.0 224285000000.0 49572800000.0 -2.88 4.183 [-2.88]
2754220000000000.0 4.66659e+17 2608270000000.0 9610960000000.0 363615000000.0 2223430000000.0 3186760000.0 48107600000.0 14583300000000.0 469110000.0 8221670.0 189248000000.0 1082590000000.0 205522000000.0 42864900000.0 -2.86 4.18 [-2.86]
2754220000000000.0 4.43684e+17 2579810000000.0 9070100000000.0 320553000000.0 2074250000000.0 2695610000.0 51212600000.0 13570200000000.0 368789000.0 6246340.0 189581000000.0 1031200000000.0 188086000000.0 37039800000.0 -2.84 4.177 [-2.84]
2754220000000000.0 4.21866e+17 2550620000000.0 8555510000000.0 282262000000.0 1931870000000.0 2277640000.0 54415800000.0 12601800000000.0 289224000.0 4739220.0 189890000000.0 981537000000.0 171907000000.0 31986100000.0 -2.82 4.173 [-2.82]
2754220000000000.0 4.01141e+17 2520690000000.0 8066080000000.0 248251000000.0 1796160000000.0 1922240000.0 57710200000.0 11678200000000.0 226269000.0 0.0 190169000000.0 933560000000.0 156917000000.0 27604200000.0 -2.8 4.17 [-2.8]
2754220000000000.0 3.81453e+17 2490040000000.0 7600820000000.0 218083000000.0 1667010000000.0 1620320000.0 61086600000.0 10799600000000.0 176582000.0 0.0 190411000000.0 887258000000.0 143047000000.0 23807400000.0 -2.78 4.167 [-2.78]
2754220000000000.0 3.62753e+17 2458690000000.0 7158890000000.0 191367000000.0 1544350000000.0 1364170000.0 64534200000.0 9966250000000.0 137474000.0 0.0 190611000000.0 842617000000.0 130240000000.0 20520500000.0 -2.76 4.164 [-2.76]
2754220000000000.0 3.4499e+17 2426650000000.0 6739300000000.0 167737000000.0 1428050000000.0 1147050000.0 68042200000.0 9177770000000.0 106769000.0 0.0 190760000000.0 799611000000.0 118428000000.0 17676700000.0 -2.74 4.161 [-2.74]
2754220000000000.0 3.28116e+17 2393960000000.0 6341150000000.0 146863000000.0 1318010000000.0 963229000.0 71598600000.0 8433770000000.0 82722600.0 0.0 190850000000.0 758217000000.0 107551000000.0 15217900000.0 -2.72 4.158 [-2.72]
2754220000000000.0 3.12086e+17 2360630000000.0 5963560000000.0 128448000000.0 1214090000000.0 807773000.0 75191000000.0 7733670000000.0 63939700.0 0.0 190876000000.0 718406000000.0 97549900000.0 13093400000.0 -2.7 4.155 [-2.7]
2754220000000000.0 2.96858e+17 2326680000000.0 5605670000000.0 112223000000.0 1116170000000.0 676472000.0 78806000000.0 7076720000000.0 49305700.0 0.0 190829000000.0 680151000000.0 88368000000.0 11258900000.0 -2.68 4.152 [-2.68]
2754220000000000.0 2.8239e+17 2292150000000.0 5266630000000.0 97945200000.0 1024110000000.0 565711000.0 82430200000.0 6461940000000.0 37933000.0 0.0 190702000000.0 643417000000.0 79951100000.0 9675720000.0 -2.66 4.15 [-2.66]
2754220000000000.0 2.68604e+17 2256960000000.0 4944690000000.0 85368800000.0 937565000000.0 472223000.0 86055900000.0 5886970000000.0 29102300.0 0.0 190490000000.0 608069000000.0 72226700000.0 8307670000.0 -2.64 4.147 [-2.64]
2754220000000000.0 2.55584e+17 2221450000000.0 4641870000000.0 74380300000.0 856966000000.0 393909000.0 89651800000.0 5354450000000.0 22300400.0 0.0 190185000000.0 574392000000.0 65204900000.0 7133480000.0 -2.62 4.144 [-2.62]
2754220000000000.0 2.43138e+17 2185230000000.0 4353760000000.0 64700300000.0 781376000000.0 327843000.0 93228100000.0 4858010000000.0 17033700.0 0.0 189781000000.0 541938000000.0 58761900000.0 6117750000.0 -2.6 4.141 [-2.6]
2754220000000000.0 2.31348e+17 2148670000000.0 4082290000000.0 56244200000.0 711180000000.0 272557000.0 96754300000.0 4399790000000.0 12990200.0 0.0 189271000000.0 510982000000.0 52907100000.0 5245370000.0 -2.58 4.138 [-2.58]
2754220000000000.0 2.2018e+17 2111800000000.0 3826650000000.0 48863600000.0 646150000000.0 226346000.0 100218000000.0 3977960000000.0 9891740.0 0.0 188653000000.0 481480000000.0 47594000000.0 4496370000.0 -2.56 4.135 [-2.56]
2754220000000000.0 2.09532e+17 2074420000000.0 3584510000000.0 42398100000.0 585769000000.0 187614000.0 103620000000.0 3588850000000.0 7513530.0 0.0 187921000000.0 453206000000.0 42752500000.0 3850810000.0 -2.54 4.133 [-2.54]
2754220000000000.0 1.99415e+17 2036710000000.0 3356080000000.0 36755700000.0 530002000000.0 155282000.0 106943000000.0 3231820000000.0 5696500.0 0.0 187068000000.0 426229000000.0 38360200000.0 3296140000.0 -2.52 4.13 [-2.52]
2754220000000000.0 1.89798e+17 1998670000000.0 3140610000000.0 31835500000.0 478615000000.0 128328000.0 110179000000.0 2905020000000.0 4310940.0 0.0 186097000000.0 400497000000.0 34380400000.0 2819680000.0 -2.5 4.127 [-2.5]
2754220000000000.0 1.80658e+17 1960360000000.0 2937550000000.0 27550700000.0 431404000000.0 105901000.0 113318000000.0 2606730000000.0 3256860.0 0.0 185001000000.0 375990000000.0 30780100000.0 2410770000.0 -2.48 4.125 [-2.48]
2754220000000000.0 1.71972e+17 1921830000000.0 2746300000000.0 23823100000.0 388144000000.0 87268800.0 116353000000.0 2335160000000.0 2456580.0 0.0 183778000000.0 352672000000.0 27527700000.0 2060030000.0 -2.46 4.122 [-2.46]
