Cloudy_runs/he0056/z=0.043265/logZ=-1/component_I_PI_nH/component_I_PI_nH_col_density_param.txt
# %ECSV 1.0
# ---
# datatype:
# - {name: H, datatype: float64}
# - {name: H+, datatype: float64}
# - {name: C+, datatype: float64}
# - {name: C+2, datatype: float64}
# - {name: C+3, datatype: float64}
# - {name: N+, datatype: float64}
# - {name: N+2, datatype: float64}
# - {name: N+4, datatype: float64}
# - {name: O, datatype: float64}
# - {name: O+2, datatype: float64}
# - {name: O+5, datatype: float64}
# - {name: O+6, datatype: float64}
# - {name: P+, datatype: float64}
# - {name: Si+, datatype: float64}
# - {name: Si+2, datatype: float64}
# - {name: Si+3, datatype: float64}
# - {name: Si+4, datatype: float64}
# - {name: Fe+, datatype: float64}
# - {name: Al+, datatype: float64}
# - {name: log_nH, datatype: float64}
# - {name: parameters, datatype: string, subtype: 'float64[1]'}
# schema: astropy-2.0
H H+ C+ C+2 C+3 N+ N+2 N+4 O O+2 O+5 O+6 P+ Si+ Si+2 Si+3 Si+4 Fe+ Al+ log_nH parameters
[from data line 186]
104713000000000.0 302750000000000.0 9740020000.0 643293000.0 38653.1 2284040000.0 3584840.0 0.0 5985210000.0 18559100.0 0.0 0.0 10248100.0 1260620000.0 55296900.0 351259.0 2645.65 1048340000.0 109409000.0 -1.28 [-1.28]
104713000000000.0 291433000000000.0 9472200000.0 601540000.0 34221.3 2204610000.0 3218610.0 0.0 5976440000.0 16600300.0 0.0 0.0 9971420.0 1227960000.0 51331000.0 318285.0 2357.05 1028200000.0 106550000.0 -1.26 [-1.26]
104713000000000.0 280603000000000.0 9214440000.0 562755000.0 30333.3 2128390000.0 2891670.0 0.0 5967510000.0 14857700.0 0.0 0.0 9706270.0 1196560000.0 47677800.0 288653.0 2102.84 1008510000.0 103806000.0 -1.24 [-1.24]
104713000000000.0 270238000000000.0 8966330000.0 526714000.0 26918.6 2055230000.0 2599620.0 0.0 5958450000.0 13306400.0 0.0 0.0 9452110.0 1166370000.0 44311000.0 262003.0 1878.63 989279000.0 101171000.0 -1.22 [-1.22]
104713000000000.0 260314000000000.0 8727490000.0 493209000.0 23916.3 1984990000.0 2338570.0 0.0 5949250000.0 11924600.0 0.0 0.0 9208440.0 1137350000.0 41206500.0 238016.0 1680.6 970506000.0 98641000.0 -1.2 [-1.2]
104713000000000.0 250812000000000.0 8497550000.0 462049000.0 21273.8 1917540000.0 2105070.0 0.0 5939920000.0 10693100.0 0.0 0.0 8974790.0 1109450000.0 38342700.0 216409.0 1505.47 952194000.0 96211700.0 -1.18 [-1.18]
104713000000000.0 241712000000000.0 8276130000.0 433056000.0 18945.2 1852740000.0 1896080.0 0.0 5930490000.0 9594800.0 0.0 0.0 8750720.0 1082640000.0 35699300.0 196930.0 1350.39 934341000.0 93878700.0 -1.16 [-1.16]
104713000000000.0 232994000000000.0 8062900000.0 406068000.0 16891.1 1790470000.0 1708910.0 0.0 5920960000.0 8614750.0 0.0 0.0 8535780.0 1056850000.0 33258000.0 179356.0 1212.87 916946000.0 91637900.0 -1.14 [-1.14]
104713000000000.0 224641000000000.0 7857530000.0 380937000.0 15077.0 1730610000.0 1541160.0 0.0 5911330000.0 7739690.0 0.0 0.0 8329590.0 1032060000.0 31002300.0 163486.0 1090.77 900006000.0 89485400.0 -1.12 [-1.12]
104713000000000.0 216635000000000.0 7659670000.0 357523000.0 13473.2 1673050000.0 1390730.0 0.0 5901620000.0 6957870.0 0.0 0.0 8131730.0 1008230000.0 28916800.0 149145.0 982.211 883516000.0 87417500.0 -1.1 [-1.1]
104713000000000.0 208960000000000.0 7469020000.0 335699000.0 12053.6 1617690000.0 1255740.0 0.0 5891840000.0 6258940.0 0.0 0.0 7941850.0 985303000.0 26987700.0 136175.0 885.575 867472000.0 85430600.0 -1.08 [-1.08]
104713000000000.0 201602000000000.0 7285290000.0 315348000.0 10795.7 1564430000.0 1134520.0 0.0 5881990000.0 5633730.0 0.0 0.0 7759590.0 963260000.0 25202100.0 124434.0 799.439 851869000.0 83521200.0 -1.06 [-1.06]
104713000000000.0 194544000000000.0 7108180000.0 296361000.0 9679.8 1513160000.0 1025600.0 0.0 5872090000.0 5074110.0 0.0 0.0 7584600.0 942059000.0 23548400.0 113799.0 722.563 836700000.0 81686000.0 -1.04 [-1.04]
104713000000000.0 187773000000000.0 6937410000.0 278639000.0 8688.85 1463810000.0 927676.0 0.0 5862140000.0 4572890.0 0.0 0.0 7416570.0 921665000.0 22016100.0 104156.0 653.866 821958000.0 79921800.0 -1.02 [-1.02]
104713000000000.0 181277000000000.0 6772720000.0 262090000.0 7807.85 1416280000.0 839576.0 0.0 5852160000.0 4123700.0 0.0 0.0 7255180.0 902046000.0 20595300.0 95407.1 592.403 807636000.0 78225700.0 -1.0 [-1.0]
104713000000000.0 175042000000000.0 6613860000.0 246630000.0 7023.75 1370490000.0 760267.0 0.0 5842140000.0 3720910.0 0.0 0.0 7100140.0 883171000.0 19277200.0 87462.2 537.343 793726000.0 76594800.0 -0.98 [-0.98]
104713000000000.0 169056000000000.0 6460570000.0 232178000.0 6325.09 1326360000.0 688824.0 0.0 5832100000.0 3359470.0 0.0 0.0 6951160.0 865006000.0 18053700.0 80241.5 487.957 780218000.0 75026100.0 -0.96 [-0.96]
104713000000000.0 163309000000000.0 6312650000.0 218665000.0 5701.96 1283840000.0 624435.0 0.0 5822040000.0 3034970.0 0.0 0.0 6808010.0 847527000.0 16917400.0 73674.5 443.613 767108000.0 73517300.0 -0.94 [-0.94]
104713000000000.0 157765000000000.0 6169210000.0 205971000.0 5144.28 1242670000.0 566230.0 0.0 5811940000.0 2742780.0 0.0 0.0 6669800.0 830629000.0 15857200.0 67684.9 403.66 754326000.0 72059500.0 -0.92 [-0.92]
104713000000000.0 152485000000000.0 6031900000.0 194186000.0 4648.14 1203280000.0 513953.0 0.0 5801920000.0 2481370.0 0.0 0.0 6538070.0 814504000.0 14879200.0 62251.2 367.855 742034000.0 70668800.0 -0.9 [-0.9]
104713000000000.0 147368000000000.0 5898110000.0 183059000.0 4202.09 1164970000.0 466526.0 0.0 5791820000.0 2245110.0 0.0 0.0 6410280.0 798841000.0 13961900.0 57277.0 335.45 730002000.0 69318600.0 -0.88 [-0.88]
104713000000000.0 142491000000000.0 5769950000.0 172718000.0 3804.38 1128300000.0 423877.0 0.0 5781820000.0 2033480.0 0.0 0.0 6288440.0 783890000.0 13114600.0 52756.9 306.339 718434000.0 68030100.0 -0.86 [-0.86]
104713000000000.0 137782000000000.0 5645540000.0 162985000.0 3446.88 1092760000.0 385228.0 0.0 5771800000.0 1842430.0 0.0 0.0 6170700.0 769427000.0 12322100.0 48621.1 279.988 707164000.0 66784200.0 -0.84 [-0.84]
104713000000000.0 133254000000000.0 5525240000.0 153857000.0 3125.97 1058430000.0 350268.0 0.0 5761800000.0 1670260.0 0.0 0.0 6057390.0 755493000.0 11583300.0 44841.8 256.161 696234000.0 65584300.0 -0.82 [-0.82]
104713000000000.0 128898000000000.0 5408890000.0 145292000.0 2837.62 1025290000.0 318629.0 0.0 5751840000.0 1515030.0 0.0 0.0 5948340.0 742068000.0 10894300.0 41385.6 234.594 685636000.0 64428600.0 -0.8 [-0.8]
104713000000000.0 124707000000000.0 5296330000.0 137252000.0 2578.25 993263000.0 289979.0 0.0 5741920000.0 1374980.0 0.0 0.0 5843350.0 729132000.0 10251300.0 38222.6 215.05 675359000.0 63315300.0 -0.78 [-0.78]
104713000000000.0 120675000000000.0 5187390000.0 129702000.0 2344.73 962317000.0 264021.0 0.0 5732040000.0 1248560.0 0.0 0.0 5742250.0 716663000.0 9650890.0 35325.8 197.322 665397000.0 62242500.0 -0.76 [-0.76]
104713000000000.0 116792000000000.0 5081910000.0 122608000.0 2134.26 932404000.0 240490.0 0.0 5722200000.0 1134380.0 0.0 0.0 5644880.0 704642000.0 9089820.0 32670.7 181.223 655737000.0 61208600.0 -0.74 [-0.74]
104713000000000.0 113055000000000.0 4979770000.0 115940000.0 1944.4 903487000.0 219149.0 0.0 5712420000.0 1031180.0 0.0 0.0 5551080.0 693053000.0 8565420.0 30235.5 166.59 646374000.0 60212000.0 -0.72 [-0.72]
104713000000000.0 109456000000000.0 4880810000.0 109669000.0 1772.95 875523000.0 199784.0 0.0 5702710000.0 937874.0 0.0 0.0 5460710.0 681878000.0 8074860.0 28000.3 153.276 637298000.0 59251300.0 -0.7 [-0.7]
104713000000000.0 105989000000000.0 4784900000.0 103770000.0 1617.99 848477000.0 182203.0 0.0 5693050000.0 853449.0 0.0 0.0 5373610.0 671099000.0 7615780.0 25947.3 141.149 628499000.0 58324800.0 -0.68 [-0.68]
104713000000000.0 102649000000000.0 4691920000.0 98217000.0 1477.78 822309000.0 166233.0 0.0 5683470000.0 777020.0 0.0 0.0 5289640.0 660700000.0 7185800.0 24060.1 130.093 619970000.0 57431200.0 -0.66 [-0.66]
104713000000000.0 99429400000000.0 4601730000.0 92988000.0 1350.83 796988000.0 151720.0 0.0 5673950000.0 707792.0 0.0 0.0 5208690.0 650666000.0 6782890.0 22324.2 120.003 611703000.0 56569200.0 -0.64 [-0.64]
104713000000000.0 96326300000000.0 4514220000.0 88062000.0 1235.75 772480000.0 138524.0 0.0 5664510000.0 645053.0 0.0 0.0 5130610.0 640983000.0 6405140.0 20726.5 110.787 603689000.0 55737400.0 -0.62 [-0.62]
104713000000000.0 93334400000000.0 4429290000.0 83419500.0 1131.36 748755000.0 126521.0 0.0 5655160000.0 588163.0 0.0 0.0 5055300.0 631636000.0 6050790.0 19254.8 102.361 595920000.0 54934700.0 -0.6 [-0.6]
104713000000000.0 90449000000000.0 4346820000.0 79042200.0 1036.58 725783000.0 115598.0 0.0 5645880000.0 536549.0 0.0 0.0 4982640.0 622611000.0 5718170.0 17898.2 94.6495 588389000.0 54159800.0 -0.58 [-0.58]
104713000000000.0 87665900000000.0 4266720000.0 74913600.0 950.438 703538000.0 105653.0 0.0 5636690000.0 489698.0 0.0 0.0 4912520.0 613897000.0 5405860.0 16647.1 87.5868 581088000.0 53411800.0 -0.56 [-0.56]
104713000000000.0 84969400000000.0 4188550000.0 71003600.0 871.947 681910000.0 96576.5 0.0 5627540000.0 447061.0 0.0 0.0 4844560.0 605445000.0 5111180.0 15490.6 81.1017 573980000.0 52686400.0 -0.54 [-0.54]
104713000000000.0 82378200000000.0 4112890000.0 67326600.0 800.639 661037000.0 88323.9 0.0 5618530000.0 408404.0 0.0 0.0 4779230.0 597316000.0 4835270.0 14424.3 0.0 567119000.0 51988800.0 -0.52 [-0.52]
104713000000000.0 79877100000000.0 4039300000.0 63854100.0 735.672 640813000.0 80800.8 0.0 5609610000.0 373258.0 0.0 0.0 4716140.0 589461000.0 4575710.0 13438.9 0.0 560467000.0 51314900.0 -0.5 [-0.5]
104713000000000.0 77462200000000.0 3967720000.0 60573600.0 676.434 621215000.0 73939.9 0.0 5600790000.0 341289.0 0.0 0.0 4655210.0 581870000.0 4331410.0 12527.6 0.0 554016000.0 50663700.0 -0.48 [-0.48]
104713000000000.0 75130200000000.0 3898040000.0 57473200.0 622.376 602219000.0 67680.4 0.0 5592070000.0 312195.0 0.0 0.0 4596340.0 574533000.0 4101340.0 11684.4 0.0 547761000.0 50034400.0 -0.46 [-0.46]
104713000000000.0 72886100000000.0 3830470000.0 54551300.0 0.0 583865000.0 61977.4 0.0 5583480000.0 285752.0 0.0 0.0 4539680.0 567466000.0 3885250.0 10904.8 0.0 541719000.0 49428400.0 -0.44 [-0.44]
104713000000000.0 70709300000000.0 3764380000.0 51778300.0 0.0 566007000.0 56760.1 0.0 5574960000.0 261615.0 0.0 0.0 4484700.0 560606000.0 3680830.0 10181.4 0.0 535835000.0 48840200.0 -0.42 [-0.42]
104713000000000.0 68606200000000.0 3699990000.0 49155100.0 0.0 548694000.0 51995.2 0.0 5566540000.0 239618.0 0.0 0.0 4431560.0 553971000.0 3488050.0 9510.87 0.0 530129000.0 48271500.0 -0.4 [-0.4]
104713000000000.0 66573100000000.0 3637210000.0 46672200.0 0.0 531901000.0 47641.1 0.0 5558220000.0 219560.0 0.0 0.0 4380170.0 547552000.0 3306070.0 8888.91 0.0 524594000.0 47721400.0 -0.38 [-0.38]
104713000000000.0 64607700000000.0 3575990000.0 44321600.0 0.0 515614000.0 43661.5 0.0 5550010000.0 201262.0 0.0 0.0 4330480.0 541342000.0 3134260.0 8311.68 0.0 519224000.0 47189300.0 -0.36 [-0.36]
104713000000000.0 62707400000000.0 3516280000.0 42095600.0 0.0 499816000.0 40023.0 0.0 5541910000.0 184562.0 0.0 0.0 4282420.0 535333000.0 2971950.0 7775.68 0.0 514015000.0 46674400.0 -0.34 [-0.34]
104713000000000.0 60869300000000.0 3457990000.0 39986700.0 0.0 484486000.0 36695.0 0.0 5533920000.0 169314.0 0.0 0.0 4235920.0 529516000.0 2818520.0 7277.65 0.0 508961000.0 46176200.0 -0.32 [-0.32]
104713000000000.0 59091200000000.0 3401080000.0 37988300.0 0.0 469612000.0 33650.0 0.0 5526030000.0 155385.0 0.0 0.0 4190930.0 523884000.0 2673410.0 6814.66 0.0 504057000.0 45693900.0 -0.3 [-0.3]
104713000000000.0 57370700000000.0 3345490000.0 36094000.0 0.0 455178000.0 30863.3 0.0 5518260000.0 142655.0 0.0 0.0 4147380.0 518432000.0 2536130.0 6384.0 0.0 499297000.0 45227000.0 -0.28 [-0.28]
104713000000000.0 55705700000000.0 3291180000.0 34297800.0 0.0 441168000.0 28312.0 0.0 5510590000.0 131016.0 0.0 0.0 4105220.0 513150000.0 2406150.0 5983.21 0.0 494678000.0 44774900.0 -0.26 [-0.26]
104713000000000.0 54094000000000.0 3238080000.0 32594300.0 0.0 427568000.0 25975.6 0.0 5503030000.0 120371.0 0.0 0.0 4064400.0 508035000.0 2283020.0 5610.01 0.0 490195000.0 44337000.0 -0.24 [-0.24]
104713000000000.0 52533600000000.0 3186170000.0 30978200.0 0.0 414366000.0 23835.4 0.0 5495580000.0 110629.0 0.0 0.0 4024880.0 503078000.0 2166370.0 5262.34 0.0 485842000.0 43912900.0 -0.22 [-0.22]
104713000000000.0 51022800000000.0 3135380000.0 29444800.0 0.0 401550000.0 21874.6 0.0 5488250000.0 101713.0 0.0 0.0 3986600.0 498276000.0 2055800.0 4938.28 0.0 481617000.0 43502100.0 -0.2 [-0.2]
104713000000000.0 49559300000000.0 3085680000.0 27989200.0 0.0 389103000.0 20077.2 0.0 5481020000.0 93546.3 0.0 0.0 3949510.0 493620000.0 1950880.0 4636.06 0.0 477514000.0 43103900.0 -0.18 [-0.18]
104713000000000.0 48141000000000.0 3037020000.0 26607000.0 0.0 377007000.0 18428.9 0.0 5473900000.0 86064.1 0.0 0.0 3913550.0 489106000.0 1851170.0 4354.07 0.0 473529000.0 42717900.0 -0.16 [-0.16]
104713000000000.0 46762800000000.0 2989210000.0 25291400.0 0.0 365233000.0 16915.7 0.0 5466870000.0 79197.1 0.0 0.0 3878600.0 484715000.0 1756340.0 4090.62 0.0 469647000.0 42342600.0 -0.14 [-0.14]
104713000000000.0 45435300000000.0 2942670000.0 24047900.0 0.0 353853000.0 15531.6 0.0 5459990000.0 72918.9 0.0 0.0 3844940.0 480484000.0 1666720.0 3845.01 0.0 465900000.0 41981000.0 -0.12 [-0.12]
104713000000000.0 44144800000000.0 2896930000.0 22863900.0 0.0 342767000.0 14259.7 0.0 5453200000.0 67153.3 0.0 0.0 3812200.0 476368000.0 1581230.0 3615.34 0.0 462250000.0 41629300.0 -0.1 [-0.1]
104713000000000.0 42893100000000.0 2852070000.0 21738500.0 0.0 331992000.0 13092.5 0.0 5446520000.0 61861.6 0.0 0.0 3780440.0 472372000.0 1499950.0 3400.62 0.0 458702000.0 41288000.0 -0.08 [-0.08]
104713000000000.0 41679400000000.0 2808080000.0 20669100.0 0.0 321519000.0 12021.0 0.0 5439940000.0 57005.0 0.0 0.0 3749640.0 468495000.0 1422580.0 3199.82 0.0 455255000.0 40957000.0 -0.06 [-0.06]
104713000000000.0 40502100000000.0 2764920000.0 19652600.0 0.0 311337000.0 11037.3 0.0 5433470000.0 52545.5 0.0 0.0 3719750.0 464731000.0 1348900.0 3011.95 0.0 451905000.0 40635700.0 -0.04 [-0.04]
104713000000000.0 39359900000000.0 2722570000.0 18686200.0 0.0 301437000.0 10133.9 0.0 5427110000.0 48449.2 0.0 0.0 3690750.0 461078000.0 1278700.0 2836.1 0.0 448649000.0 40323900.0 -0.02 [-0.02]
104713000000000.0 38251400000000.0 2680990000.0 17767200.0 0.0 291807000.0 9303.98 0.0 5420850000.0 44685.4 0.0 0.0 3662610.0 457529000.0 1211780.0 2671.44 0.0 445484000.0 40021300.0 -0.0 [-0.0]
104713000000000.0 37177200000000.0 2640190000.0 16893900.0 0.0 282468000.0 8542.97 0.0 5414700000.0 41225.9 0.0 0.0 3635320.0 454087000.0 1148490.0 2517.18 0.0 442409000.0 39727900.0 0.02 [0.02]
104713000000000.0 36132600000000.0 2600090000.0 16062700.0 0.0 273353000.0 7842.27 0.0 5408650000.0 38044.8 0.0 0.0 3608780.0 450739000.0 1087560.0 2372.61 0.0 439416000.0 39442400.0 0.04 [0.04]
104713000000000.0 35118200000000.0 2560680000.0 15271900.0 0.0 264480000.0 7198.16 0.0 5402700000.0 35119.0 0.0 0.0 3583010.0 447484000.0 1029340.0 2237.06 0.0 436505000.0 39165200.0 0.06 [0.06]
104713000000000.0 34132800000000.0 2521940000.0 14519600.0 0.0 255839000.0 6605.95 0.0 5396860000.0 32427.0 0.0 0.0 3557960.0 444320000.0 973689.0 2109.92 0.0 433673000.0 38895800.0 0.08 [0.08]
104713000000000.0 33175200000000.0 2483840000.0 13803600.0 0.0 247421000.0 6061.36 0.0 5391100000.0 29949.3 0.0 0.0 3533620.0 441242000.0 920460.0 1990.63 0.0 430917000.0 38633800.0 0.1 [0.1]
104713000000000.0 32242500000000.0 2446300000.0 13121300.0 0.0 239199000.0 5559.85 0.0 5385440000.0 27666.3 0.0 0.0 3509900.0 438241000.0 869345.0 1878.61 0.0 428229000.0 38378700.0 0.12 [0.12]
104713000000000.0 31337700000000.0 2409460000.0 12473100.0 0.0 231198000.0 5098.94 0.0 5379880000.0 25566.1 0.0 0.0 3486890.0 435328000.0 820464.0 1773.48 0.0 425619000.0 38131000.0 0.14 [0.14]
104713000000000.0 30457600000000.0 2373200000.0 11856100.0 0.0 223391000.0 4674.75 0.0 5374420000.0 23631.4 0.0 0.0 3464510.0 432492000.0 773565.0 1674.73 0.0 423077000.0 37890100.0 0.16 [0.16]
104713000000000.0 29601300000000.0 2337520000.0 11268900.0 0.0 215767000.0 4284.23 0.0 5369050000.0 21848.7 0.0 0.0 3442720.0 429730000.0 728515.0 1581.94 0.0 420600000.0 37655700.0 0.18 [0.18]
104713000000000.0 28769600000000.0 2302470000.0 10710700.0 0.0 208328000.0 3924.9 0.0 5363790000.0 20207.2 0.0 0.0 3421550.0 427044000.0 685247.0 1494.76 0.0 418193000.0 37427900.0 0.2 [0.2]
104713000000000.0 27954500000000.0 2267720000.0 10176900.0 0.0 201020000.0 3593.1 0.0 5358570000.0 18689.5 0.0 0.0 3400810.0 424409000.0 643454.0 1412.68 0.0 415831000.0 37204600.0 0.22 [0.22]
104713000000000.0 27163700000000.0 2233650000.0 9670330.0 0.0 193886000.0 3287.87 0.0 5353480000.0 17292.8 0.0 0.0 3380670.0 421849000.0 603261.0 1335.56 0.0 413538000.0 36987800.0 0.24 [0.24]
104713000000000.0 26395700000000.0 2200230000.0 9189390.0 0.0 186914000.0 3006.96 0.0 5348480000.0 16006.5 0.0 0.0 3361120.0 419360000.0 564562.0 1263.05 0.0 411310000.0 36777300.0 0.26 [0.26]
