Cloudy_runs/he0056/z=0.043265/logZ=-1/component_I_PI_nH/component_I_PI_nH_col_density_param.txt
# %ECSV 1.0
# ---
# datatype:
# - {name: H, datatype: float64}
# - {name: H+, datatype: float64}
# - {name: C+, datatype: float64}
# - {name: C+2, datatype: float64}
# - {name: C+3, datatype: float64}
# - {name: N+, datatype: float64}
# - {name: N+2, datatype: float64}
# - {name: N+4, datatype: float64}
# - {name: O, datatype: float64}
# - {name: O+2, datatype: float64}
# - {name: O+5, datatype: float64}
# - {name: O+6, datatype: float64}
# - {name: P+, datatype: float64}
# - {name: Si+, datatype: float64}
# - {name: Si+2, datatype: float64}
# - {name: Si+3, datatype: float64}
# - {name: Si+4, datatype: float64}
# - {name: Fe+, datatype: float64}
# - {name: Al+, datatype: float64}
# - {name: log_nH, datatype: float64}
# - {name: parameters, datatype: string, subtype: 'float64[1]'}
# schema: astropy-2.0
H H+ C+ C+2 C+3 N+ N+2 N+4 O O+2 O+5 O+6 P+ Si+ Si+2 Si+3 Si+4 Fe+ Al+ log_nH parameters
[from data line 118]
104713000000000.0 6339530000000000.0 73532400000.0 98664900000.0 839618000.0 29696400000.0 13452900000.0 3185760.0 4530200000.0 80927900000.0 91198.6 0.0 115175000.0 6924760000.0 12863500000.0 1012540000.0 75847900.0 1528940000.0 914913000.0 -2.64 [-2.64]
104713000000000.0 6035600000000000.0 71998400000.0 92142200000.0 725093000.0 29050900000.0 12064200000.0 2618980.0 4636620000.0 72309600000.0 68633.3 0.0 111311000.0 6872440000.0 12050300000.0 904467000.0 64762000.0 1559610000.0 894396000.0 -2.62 [-2.62]
104713000000000.0 5746690000000000.0 70461300000.0 86009800000.0 625715000.0 28377100000.0 10801200000.0 2150220.0 4738610000.0 64514900000.0 51584.8 0.0 107537000.0 6815180000.0 11278300000.0 807131000.0 55267000.0 1589080000.0 873694000.0 -2.6 [-2.6]
104713000000000.0 5472050000000000.0 68923000000.0 80248100000.0 539565000.0 27679100000.0 9655220000.0 1763150.0 4836080000.0 57480800000.0 38725.2 0.0 103855000.0 6753020000.0 10546200000.0 719583000.0 47139400.0 1617310000.0 852865000.0 -2.58 [-2.58]
104713000000000.0 5210960000000000.0 67385000000.0 74837600000.0 464949000.0 26961100000.0 8617920000.0 1444000.0 4928970000.0 51146300000.0 0.0 0.0 100265000.0 6686010000.0 9852870000.0 640940000.0 40186400.0 1644270000.0 831958000.0 -2.56 [-2.56]
104713000000000.0 4962730000000000.0 65849200000.0 69760200000.0 400382000.0 26227100000.0 7681140000.0 1181260.0 5017270000.0 45453500000.0 0.0 0.0 96768600.0 6614250000.0 9196840000.0 570388000.0 34241900.0 1669930000.0 811026000.0 -2.54 [-2.54]
104713000000000.0 4726730000000000.0 64317300000.0 64998200000.0 344558000.0 25481100000.0 6836970000.0 965272.0 5100990000.0 40347300000.0 0.0 0.0 93365000.0 6537840000.0 8576850000.0 507173000.0 29162700.0 1694290000.0 790113000.0 -2.52 [-2.52]
104713000000000.0 4502330000000000.0 62790900000.0 60534600000.0 296334000.0 24726900000.0 6077850000.0 787957.0 5180180000.0 35775500000.0 0.0 0.0 90054700.0 6456930000.0 7991570000.0 450600000.0 24825300.0 1717320000.0 769264000.0 -2.5 [-2.5]
104713000000000.0 4288950000000000.0 61271800000.0 56353100000.0 254711000.0 23968000000.0 5396580000.0 642586.0 5254910000.0 31689400000.0 0.0 0.0 86837700.0 6371690000.0 7439710000.0 400030000.0 21123600.0 1739000000.0 748521000.0 -2.48 [-2.48]
104713000000000.0 4086060000000000.0 59761500000.0 52438500000.0 218812000.0 23207800000.0 4786360000.0 523559.0 5325260000.0 28043300000.0 0.0 0.0 83713600.0 6282300000.0 6919960000.0 354880000.0 17966300.0 1759320000.0 727922000.0 -2.46 [-2.46]
104713000000000.0 3893110000000000.0 58261600000.0 48775700000.0 187875000.0 22449500000.0 4240740000.0 426218.0 5391350000.0 24794900000.0 0.0 0.0 80681900.0 6189010000.0 6431030000.0 314611000.0 15274800.0 1778260000.0 707504000.0 -2.44 [-2.44]
104713000000000.0 3709620000000000.0 56773700000.0 45350600000.0 161233000.0 21695700000.0 3753720000.0 346703.0 5453320000.0 21904900000.0 0.0 0.0 77742000.0 6092010000.0 5971620000.0 278734000.0 12981600.0 1795800000.0 687300000.0 -2.42 [-2.42]
104713000000000.0 3535110000000000.0 55299300000.0 42149700000.0 138306000.0 20949200000.0 3319710000.0 281820.0 5511310000.0 19337400000.0 0.0 0.0 74893000.0 5991600000.0 5540470000.0 246802000.0 11028900.0 1811950000.0 667340000.0 -2.4 [-2.4]
104713000000000.0 3369900000000000.0 53846800000.0 39173400000.0 118653000.0 20216000000.0 2934710000.0 229073.0 5565350000.0 17066100000.0 0.0 0.0 72146600.0 5888470000.0 5138200000.0 218509000.0 9372260.0 1826620000.0 647745000.0 -2.38 [-2.38]
104713000000000.0 3212020000000000.0 52403800000.0 36382100000.0 101699000.0 19490500000.0 2591430000.0 185975.0 5615830000.0 15046200000.0 0.0 0.0 69476100.0 5782050000.0 4759690000.0 193276000.0 7957890.0 1839940000.0 628355000.0 -2.36 [-2.36]
104713000000000.0 3061850000000000.0 50978400000.0 33777800000.0 87137800.0 18778100000.0 2286790000.0 150907.0 5662800000.0 13258100000.0 0.0 0.0 66893000.0 5673040000.0 4405690000.0 170881000.0 6755310.0 1851820000.0 609285000.0 -2.34 [-2.34]
104713000000000.0 2919000000000000.0 49572000000.0 31349500000.0 74637300.0 18080500000.0 2016750000.0 122394.0 5706430000.0 11676500000.0 0.0 0.0 64396000.0 5561750000.0 4074990000.0 151018000.0 5733270.0 1862270000.0 590554000.0 -2.32 [-2.32]
104713000000000.0 2783110000000000.0 48185600000.0 29086600000.0 63912300.0 17398800000.0 1777670000.0 99228.9 5746880000.0 10279000000.0 0.0 0.0 61983700.0 5448470000.0 3766420000.0 133417000.0 4865050.0 1871260000.0 572182000.0 -2.3 [-2.3]
104713000000000.0 2653850000000000.0 46820500000.0 26978800000.0 54715200.0 16734200000.0 1566210000.0 80420.7 5784310000.0 9045240000.0 0.0 0.0 59654400.0 5333520000.0 3478820000.0 117831000.0 4127810.0 1878800000.0 554183000.0 -2.28 [-2.28]
104713000000000.0 2530160000000000.0 45469500000.0 25005500000.0 46800000.0 16083400000.0 1378630000.0 65108.3 5818980000.0 7952730000.0 0.0 0.0 57393300.0 5216590000.0 3209430000.0 103979000.0 3499480.0 1884950000.0 536465000.0 -2.26 [-2.26]
104713000000000.0 2413840000000000.0 44157300000.0 23190600000.0 40076800.0 15459100000.0 1214340000.0 52780.4 5850780000.0 6997190000.0 0.0 0.0 55237700.0 5099870000.0 2961900000.0 91837500.0 2970830.0 1889560000.0 519350000.0 -2.24 [-2.24]
104713000000000.0 2302500000000000.0 42861200000.0 21492600000.0 34292100.0 14849800000.0 1068780000.0 42746.7 5880130000.0 6151820000.0 0.0 0.0 53147100.0 4981750000.0 2730480000.0 81054800.0 2520310.0 1892750000.0 502539000.0 -2.22 [-2.22]
104713000000000.0 2195900000000000.0 41581800000.0 19904500000.0 29317800.0 14255700000.0 939909000.0 34587.0 5907170000.0 5404430000.0 0.0 0.0 51119600.0 4862430000.0 2514320000.0 71485200.0 2136580.0 1894490000.0 486038000.0 -2.2 [-2.2]
104713000000000.0 2095080000000000.0 40335500000.0 18438100000.0 25081000.0 13685000000.0 826868000.0 28005.3 5931880000.0 4749570000.0 0.0 0.0 49178700.0 4743620000.0 2315180000.0 63076200.0 1812760.0 1894790000.0 470056000.0 -2.18 [-2.18]
104713000000000.0 1999160000000000.0 39115400000.0 17076700000.0 21456800.0 13133900000.0 727339000.0 22676.2 5954480000.0 4173610000.0 0.0 0.0 47310400.0 4624910000.0 2130760000.0 55655200.0 1538290.0 1893640000.0 454501000.0 -2.16 [-2.16]
104713000000000.0 1907890000000000.0 37922100000.0 15813000000.0 18356900.0 12602300000.0 639743000.0 18362.1 5975090000.0 3667210000.0 0.0 0.0 45512600.0 4506540000.0 1960150000.0 49108000.0 1305680.0 1891030000.0 439375000.0 -2.14 [-2.14]
104713000000000.0 1821060000000000.0 36756300000.0 14641000000.0 15706500.0 12090200000.0 562696000.0 14870.6 5993850000.0 3222180000.0 0.0 0.0 43784000.0 4388750000.0 1802570000.0 43334600.0 1108620.0 1886930000.0 424684000.0 -2.12 [-2.12]
104713000000000.0 1738420000000000.0 35617700000.0 13553900000.0 13440300.0 11597200000.0 494930000.0 12044.6 6010860000.0 2831120000.0 0.0 0.0 42121600.0 4271800000.0 1656980000.0 38243300.0 941599.0 1881440000.0 410419000.0 -2.1 [-2.1]
104713000000000.0 1659760000000000.0 34506700000.0 12546000000.0 11502700.0 11122900000.0 435344000.0 9757.32 6026240000.0 2487580000.0 0.0 0.0 40523600.0 4155930000.0 1522580000.0 33754400.0 800028.0 1874590000.0 396578000.0 -2.08 [-2.08]
104713000000000.0 1584870000000000.0 33423400000.0 11611900000.0 9846270.0 10667000000.0 382963000.0 7906.17 6040090000.0 2185840000.0 0.0 0.0 38987900.0 4041330000.0 1398620000.0 29797400.0 680026.0 1866410000.0 383158000.0 -2.06 [-2.06]
104713000000000.0 1513590000000000.0 32368000000.0 10746500000.0 8430320.0 10229100000.0 336927000.0 6407.94 6052520000.0 1920860000.0 0.0 0.0 37512700.0 3928180000.0 1284370000.0 26309600.0 578300.0 1856920000.0 370156000.0 -2.04 [-2.04]
104713000000000.0 1446220000000000.0 31348200000.0 9950790000.0 7225980.0 9811890000.0 296661000.0 5200.12 6063580000.0 1689280000.0 0.0 0.0 36106400.0 3817480000.0 1179920000.0 23251300.0 492479.0 1846230000.0 357661000.0 -2.02 [-2.02]
104713000000000.0 1381600000000000.0 30348700000.0 9208500000.0 6190560.0 9408610000.0 261095000.0 4217.57 6073410000.0 1484910000.0 0.0 0.0 34746300.0 3707760000.0 1083040000.0 20540700.0 419283.0 1834250000.0 345480000.0 -2.0 [-2.0]
104713000000000.0 1320080000000000.0 29377100000.0 8521450000.0 5305370.0 9021940000.0 229844000.0 3422.01 6082060000.0 1305490000.0 0.0 0.0 33440800.0 3599970000.0 993922000.0 18151900.0 357193.0 1821070000.0 333702000.0 -1.98 [-1.98]
104713000000000.0 1261490000000000.0 28433100000.0 7885680000.0 4548510.0 8651350000.0 202384000.0 2777.7 6089600000.0 1147970000.0 0.0 0.0 32188200.0 3494210000.0 912000000.0 16046300.0 304507.0 1806750000.0 322319000.0 -1.96 [-1.96]
104713000000000.0 1205700000000000.0 27516700000.0 7297530000.0 3901300.0 8296340000.0 178256000.0 2255.75 6096110000.0 1009690000.0 0.0 0.0 30986600.0 3390610000.0 836734000.0 14190400.0 259784.0 1791330000.0 311325000.0 -1.94 [-1.94]
104713000000000.0 1152010000000000.0 26618000000.0 6747900000.0 3343750.0 7952690000.0 156909000.0 1830.35 6101650000.0 887466000.0 0.0 0.0 29821800.0 3288150000.0 766885000.0 12542500.0 221534.0 1774680000.0 300597000.0 -1.92 [-1.92]
104713000000000.0 1101970000000000.0 25765500000.0 6250550000.0 2874190.0 7630930000.0 138419000.0 1489.96 6106280000.0 781677000.0 0.0 0.0 28729200.0 3190190000.0 704178000.0 11111600.0 189537.0 1757420000.0 290470000.0 -1.9 [-1.9]
104713000000000.0 1053770000000000.0 24930100000.0 5785500000.0 2468960.0 7319470000.0 122040000.0 1211.93 6110050000.0 688068000.0 0.0 0.0 27670000.0 3093520000.0 645975000.0 9839390.0 162108.0 1739030000.0 280593000.0 -1.88 [-1.88]
104713000000000.0 1007860000000000.0 24121000000.0 5355620000.0 2122100.0 7021480000.0 107641000.0 0.0 6113010000.0 605859000.0 0.0 0.0 26654800.0 2999280000.0 592597000.0 8717130.0 138778.0 1719780000.0 271072000.0 -1.86 [-1.86]
104713000000000.0 963763000000000.0 23331200000.0 4955150000.0 1823470.0 6734060000.0 94914400.0 0.0 6115190000.0 533284000.0 0.0 0.0 25673900.0 2906770000.0 543249000.0 7721540.0 118813.0 1699560000.0 261821000.0 -1.84 [-1.84]
104713000000000.0 922449000000000.0 22580000000.0 4591140000.0 1570690.0 6463800000.0 83844500.0 0.0 6116680000.0 470211000.0 0.0 0.0 24749700.0 2818230000.0 498809000.0 6852890.0 102012.0 1678900000.0 253059000.0 -1.82 [-1.82]
104713000000000.0 882745000000000.0 21847200000.0 4251870000.0 1352680.0 6203110000.0 74048000.0 0.0 6117480000.0 414468000.0 0.0 0.0 23856800.0 2731470000.0 457714000.0 6081220.0 87599.5 1657400000.0 244550000.0 -1.8 [-1.8]
104713000000000.0 844572000000000.0 21132500000.0 3935660000.0 1164660.0 5951610000.0 65378500.0 0.0 6117620000.0 365207000.0 0.0 0.0 22993800.0 2646480000.0 419721000.0 5395700.0 75233.5 1635110000.0 236286000.0 -1.78 [-1.78]
104713000000000.0 808523000000000.0 20448200000.0 3646170000.0 1004470.0 5713350000.0 57794400.0 0.0 6117170000.0 322163000.0 0.0 0.0 22174800.0 2564740000.0 385261000.0 4793850.0 64749.2 1612440000.0 228405000.0 -1.76 [-1.76]
104713000000000.0 774163000000000.0 19787300000.0 3378710000.0 866999.0 5485590000.0 51115900.0 0.0 6116140000.0 284312000.0 0.0 0.0 21390500.0 2485520000.0 353704000.0 4261850.0 55791.8 1589290000.0 220825000.0 -1.74 [-1.74]
104713000000000.0 741412000000000.0 19149400000.0 3131600000.0 748953.0 5267860000.0 45232900.0 0.0 6114580000.0 251017000.0 0.0 0.0 20639400.0 2408780000.0 324808000.0 3791360.0 48131.9 1565720000.0 213535000.0 -1.72 [-1.72]
104713000000000.0 710190000000000.0 18533700000.0 2903320000.0 647534.0 5059740000.0 40048700.0 0.0 6112500000.0 221723000.0 0.0 0.0 19920400.0 2334500000.0 298354000.0 3375110.0 41575.7 1541790000.0 206527000.0 -1.7 [-1.7]
104713000000000.0 680423000000000.0 17939800000.0 2692400000.0 560340.0 4860810000.0 35478400.0 0.0 6109930000.0 195939000.0 0.0 0.0 19232100.0 2262650000.0 274136000.0 3006640.0 35958.5 1517560000.0 199791000.0 -1.68 [-1.68]
104713000000000.0 652040000000000.0 17367100000.0 2497520000.0 485330.0 4670640000.0 31447500.0 0.0 6106890000.0 173237000.0 0.0 0.0 18573100.0 2193190000.0 251962000.0 2680300.0 31140.8 1493110000.0 193318000.0 -1.66 [-1.66]
104713000000000.0 624972000000000.0 16814900000.0 2317450000.0 420754.0 4488850000.0 27890900.0 0.0 6103420000.0 153242000.0 0.0 0.0 17942300.0 2126090000.0 231661000.0 2391120.0 27004.4 1468500000.0 187100000.0 -1.64 [-1.64]
104713000000000.0 599156000000000.0 16282700000.0 2151040000.0 365121.0 4315070000.0 24751200.0 0.0 6099520000.0 135623000.0 0.0 0.0 17338400.0 2061300000.0 213074000.0 2134720.0 23449.1 1443760000.0 181126000.0 -1.62 [-1.62]
104713000000000.0 574530000000000.0 15769900000.0 1997240000.0 317156.0 4148910000.0 21978200.0 0.0 6095230000.0 120093000.0 0.0 0.0 16760400.0 1998760000.0 196053000.0 1907250.0 20389.8 1418980000.0 175389000.0 -1.6 [-1.6]
104713000000000.0 551037000000000.0 15275900000.0 1855070000.0 275770.0 3990040000.0 19527800.0 0.0 6090540000.0 106397000.0 0.0 0.0 16207200.0 1938440000.0 180465000.0 1705330.0 17754.3 1394180000.0 169879000.0 -1.58 [-1.58]
104713000000000.0 528726000000000.0 14802400000.0 1724240000.0 240140.0 3838830000.0 17367600.0 0.0 6085540000.0 94349500.0 0.0 0.0 15680100.0 1880560000.0 166250000.0 1526490.0 15487.8 1369560000.0 164614000.0 -1.56 [-1.56]
104713000000000.0 507228000000000.0 14341900000.0 1602110000.0 209144.0 3692820000.0 15445200.0 0.0 6080120000.0 83650900.0 0.0 0.0 15170700.0 1824210000.0 153108000.0 1366570.0 13518.2 1344780000.0 159511000.0 -1.54 [-1.54]
104713000000000.0 486790000000000.0 13900300000.0 1489610000.0 182408.0 3553710000.0 13748200.0 0.0 6074390000.0 74228500.0 0.0 0.0 14685000.0 1770140000.0 141112000.0 1224710.0 11820.0 1320230000.0 154631000.0 -1.52 [-1.52]
104713000000000.0 467420000000000.0 13478300000.0 1386260000.0 159368.0 3421570000.0 12252000.0 0.0 6068400000.0 65940800.0 0.0 0.0 14223400.0 1718430000.0 130193000.0 1099010.0 10356.4 1296040000.0 149980000.0 -1.5 [-1.5]
104713000000000.0 448806000000000.0 13069500000.0 1290020000.0 139311.0 3294320000.0 10920600.0 0.0 6062070000.0 58585000.0 0.0 0.0 13778700.0 1668320000.0 120115000.0 986588.0 9082.12 1271920000.0 145488000.0 -1.48 [-1.48]
104713000000000.0 431035000000000.0 12676000000.0 1200970000.0 121916.0 3172570000.0 9740500.0 0.0 6055450000.0 52080800.0 0.0 0.0 13353000.0 1620090000.0 110877000.0 886413.0 7976.36 1248040000.0 141177000.0 -1.46 [-1.46]
104713000000000.0 414061000000000.0 12297400000.0 1118530000.0 106813.0 3056020000.0 8693560.0 0.0 6048570000.0 46326000.0 0.0 0.0 12945400.0 1573670000.0 102403000.0 797070.0 7015.34 1224440000.0 137039000.0 -1.44 [-1.44]
104713000000000.0 397847000000000.0 11933000000.0 1042180000.0 93686.7 2944430000.0 7764230.0 0.0 6041420000.0 41231700.0 0.0 0.0 12555100.0 1528990000.0 94625600.0 717331.0 6179.02 1201160000.0 133068000.0 -1.42 [-1.42]
104713000000000.0 382356000000000.0 11582400000.0 971475000.0 82268.5 2837580000.0 6938890.0 0.0 6034030000.0 36720000.0 0.0 0.0 12181400.0 1486020000.0 87487400.0 646117.0 5450.34 1178200000.0 129258000.0 -1.4 [-1.4]
104713000000000.0 367554000000000.0 11245000000.0 905959000.0 72325.4 2735250000.0 6205390.0 0.0 6026410000.0 32722000.0 0.0 0.0 11823600.0 1444690000.0 80932500.0 582467.0 4814.55 1155560000.0 125601000.0 -1.38 [-1.38]
104713000000000.0 353404000000000.0 10920400000.0 845231000.0 63657.5 2637190000.0 5553070.0 0.0 6018560000.0 29177000.0 0.0 0.0 11480800.0 1404930000.0 74909200.0 525531.0 4259.01 1133280000.0 122091000.0 -1.36 [-1.36]
104713000000000.0 339880000000000.0 10608100000.0 788932000.0 56094.5 2543240000.0 4972650.0 0.0 6010510000.0 26032400.0 0.0 0.0 11152500.0 1366700000.0 69374900.0 474569.0 3773.03 1111410000.0 118723000.0 -1.34 [-1.34]
104713000000000.0 326947000000000.0 10307500000.0 736711000.0 49487.6 2453180000.0 4455830.0 0.0 6002260000.0 23241000.0 0.0 0.0 10838000.0 1329940000.0 64285600.0 428913.0 3347.25 1089950000.0 115490000.0 -1.32 [-1.32]
