Cloudy_runs/he0056/z=0.043265/logZ=-1/component_I_PI_nH/component_I_PI_nH_col_density_param.txt
# %ECSV 1.0
# ---
# datatype:
# - {name: H, datatype: float64}
# - {name: H+, datatype: float64}
# - {name: C+, datatype: float64}
# - {name: C+2, datatype: float64}
# - {name: C+3, datatype: float64}
# - {name: N+, datatype: float64}
# - {name: N+2, datatype: float64}
# - {name: N+4, datatype: float64}
# - {name: O, datatype: float64}
# - {name: O+2, datatype: float64}
# - {name: O+5, datatype: float64}
# - {name: O+6, datatype: float64}
# - {name: P+, datatype: float64}
# - {name: Si+, datatype: float64}
# - {name: Si+2, datatype: float64}
# - {name: Si+3, datatype: float64}
# - {name: Si+4, datatype: float64}
# - {name: Fe+, datatype: float64}
# - {name: Al+, datatype: float64}
# - {name: log_nH, datatype: float64}
# - {name: parameters, datatype: string, subtype: 'float64[1]'}
# schema: astropy-2.0
H H+ C+ C+2 C+3 N+ N+2 N+4 O O+2 O+5 O+6 P+ Si+ Si+2 Si+3 Si+4 Fe+ Al+ log_nH parameters
[from data line 265]
104713000000000.0 24905000000000.0 2134400000.0 8291490.0 0.0 173258000.0 2507.16 0.0 5338660000.0 13718.5 0.0 0.0 3323130.0 414516000.0 490405.0 1130.42 0.0 406980000.0 36368600.0 0.3 [0.3]
104713000000000.0 24186200000000.0 2102250000.0 7875120.0 0.0 166588000.0 2285.71 0.0 5333880000.0 12705.9 0.0 0.0 3304810.0 412174000.0 454940.0 1069.89 0.0 404892000.0 36171400.0 0.32 [0.32]
104713000000000.0 23482400000000.0 2070560000.0 7478650.0 0.0 159987000.0 2080.87 0.0 5329170000.0 11771.1 0.0 0.0 3286870.0 409876000.0 420336.0 1012.88 0.0 402847000.0 35978300.0 0.34 [0.34]
104713000000000.0 22791600000000.0 2039290000.0 7101040.0 0.0 153419000.0 1890.95 0.0 5324520000.0 10907.9 0.0 0.0 3269250.0 407615000.0 386334.0 959.185 0.0 400840000.0 35788700.0 0.36 [0.36]
104713000000000.0 22112900000000.0 2008550000.0 6742060.0 0.0 146845000.0 1714.38 0.0 5319930000.0 10112.0 0.0 0.0 3251930.0 405387000.0 352620.0 908.636 0.0 398870000.0 35602500.0 0.38 [0.38]
104713000000000.0 21440300000000.0 1978090000.0 6399320.0 0.0 140202000.0 1549.57 0.0 5315380000.0 9375.84 0.0 0.0 3234750.0 403169000.0 319043.0 860.983 0.0 396919000.0 35417800.0 0.4 [0.4]
104713000000000.0 20770300000000.0 1947910000.0 6072160.0 0.0 133417000.0 1395.01 0.0 5310840000.0 8695.13 0.0 0.0 3217640.0 400950000.0 285274.0 816.072 0.0 394978000.0 35233800.0 0.42 [0.42]
104713000000000.0 20107100000000.0 1918500000.0 5763200.0 0.0 126442000.0 1249.74 0.0 5306370000.0 8070.17 0.0 0.0 3200680.0 398741000.0 251073.0 773.875 0.0 393062000.0 35051700.0 0.44 [0.44]
104713000000000.0 19420100000000.0 1888790000.0 5464850.0 0.0 118905000.0 1109.3 0.0 5301780000.0 7488.71 0.0 0.0 3183090.0 396429000.0 214951.0 734.047 0.0 391082000.0 34863000.0 0.46 [0.46]
104713000000000.0 14111800000000.0 1765040000.0 4209440.0 0.0 34781600.0 297.045 0.0 5283670000.0 6801.58 0.0 0.0 3046700.0 374503000.0 872.695 701.117 0.0 375727000.0 33420900.0 0.48 [0.48]
104713000000000.0 13511600000000.0 1726940000.0 3945480.0 0.0 31494100.0 257.821 0.0 5280060000.0 6265.13 0.0 0.0 3031370.0 372084000.0 661.212 664.847 0.0 373857000.0 33257400.0 0.5 [0.5]
104713000000000.0 12981900000000.0 1691130000.0 3711670.0 0.0 28907300.0 226.777 0.0 5276650000.0 5776.16 0.0 0.0 3017820.0 369952000.0 548.537 630.668 0.0 372203000.0 33112800.0 0.52 [0.52]
104713000000000.0 12497700000000.0 1656750000.0 3499070.0 0.0 26736900.0 201.002 0.0 5273390000.0 5328.25 0.0 0.0 3005420.0 367998000.0 478.259 598.408 0.0 370691000.0 32980600.0 0.54 [0.54]
104713000000000.0 12042900000000.0 1623030000.0 3301520.0 0.0 24846000.0 179.013 0.0 5270210000.0 4914.65 0.0 0.0 2993760.0 366149000.0 429.707 567.871 0.0 369268000.0 32856300.0 0.56 [0.56]
104713000000000.0 11615700000000.0 1590150000.0 3118200.0 0.0 23173100.0 160.039 0.0 5267150000.0 4534.24 0.0 0.0 2982800.0 364400000.0 393.561 539.0 0.0 367932000.0 32739600.0 0.58 [0.58]
104713000000000.0 11210400000000.0 1557850000.0 2946780.0 0.0 21671200.0 143.492 0.0 5264180000.0 4183.36 0.0 0.0 2972390.0 362726000.0 364.985 511.674 0.0 366664000.0 32628700.0 0.6 [0.6]
104713000000000.0 10825600000000.0 1526160000.0 2786380.0 0.0 20312100.0 128.974 0.0 5261310000.0 3860.01 0.0 0.0 2962500.0 361121000.0 341.317 485.811 0.0 365460000.0 32523500.0 0.62 [0.62]
104713000000000.0 10456700000000.0 1494800000.0 2635140.0 0.0 19070000.0 116.148 0.0 5258510000.0 3560.97 0.0 0.0 2953000.0 359564000.0 320.962 461.3 0.0 364306000.0 32422500.0 0.64 [0.64]
104713000000000.0 10102300000000.0 1463750000.0 2492350.0 0.0 17928600.0 104.77 0.0 5255790000.0 3284.4 0.0 0.0 2943860.0 358048000.0 302.961 438.063 0.0 363197000.0 32325600.0 0.66 [0.66]
104713000000000.0 9763660000000.0 1433220000.0 2358080.0 0.0 16878800.0 94.6626 0.0 5253150000.0 3029.39 0.0 0.0 2935130.0 356581000.0 286.725 416.052 0.0 362138000.0 32232900.0 0.68 [0.68]
104713000000000.0 9438930000000.0 1403100000.0 2231400.0 0.0 15907800.0 85.6492 0.0 5250590000.0 2793.97 0.0 0.0 2926740.0 355157000.0 271.85 395.189 0.0 361122000.0 32144100.0 0.7 [0.7]
104713000000000.0 9126710000000.0 1373350000.0 2111700.0 0.0 15006900.0 77.5906 0.0 5248110000.0 2576.49 0.0 0.0 2918670.0 353767000.0 258.061 375.405 0.0 360146000.0 32058700.0 0.72 [0.72]
104713000000000.0 8826240000000.0 1343950000.0 1998530.0 0.0 14168800.0 70.3712 0.0 5245700000.0 2375.57 0.0 0.0 2910890.0 352408000.0 245.182 356.641 0.0 359207000.0 31976500.0 0.74 [0.74]
104713000000000.0 8536950000000.0 1314920000.0 1891470.0 0.0 13387400.0 63.8913 0.0 5243360000.0 2190.0 0.0 0.0 2903390.0 351078000.0 233.088 338.842 0.0 358303000.0 31897400.0 0.76 [0.76]
104713000000000.0 8258850000000.0 1286300000.0 1790330.0 0.0 12658100.0 58.0686 0.0 5241080000.0 2018.75 0.0 0.0 2896170.0 349778000.0 221.694 321.958 0.0 357434000.0 31821400.0 0.78 [0.78]
104713000000000.0 7990180000000.0 1257980000.0 1694380.0 0.0 11974800.0 52.8224 0.0 5238870000.0 1860.45 0.0 0.0 2889180.0 348499000.0 210.922 305.932 0.0 356595000.0 31748000.0 0.8 [0.8]
104713000000000.0 7731110000000.0 1230010000.0 1603490.0 0.0 11334200.0 48.0922 0.0 5236720000.0 1714.27 0.0 0.0 2882430.0 347241000.0 200.724 290.72 0.0 355787000.0 31677200.0 0.82 [0.82]
104713000000000.0 7481340000000.0 1202410000.0 1517410.0 0.0 10733100.0 43.8225 0.0 5234640000.0 1579.34 0.0 0.0 2875920.0 346004000.0 191.056 276.281 0.0 355007000.0 31609100.0 0.84 [0.84]
104713000000000.0 7239770000000.0 1175110000.0 1435650.0 0.0 10167000.0 39.9598 0.0 5232610000.0 1454.69 0.0 0.0 2869610.0 344782000.0 181.88 262.568 0.0 354254000.0 31543200.0 0.86 [0.86]
104713000000000.0 7007260000000.0 1148230000.0 1358290.0 0.0 9634970.0 36.4673 0.0 5230640000.0 1339.79 0.0 0.0 2863520.0 343581000.0 173.17 249.551 0.0 353530000.0 31479800.0 0.88 [0.88]
104713000000000.0 6782690000000.0 1121710000.0 1284920.0 0.0 9133830.0 33.3577 0.0 5228720000.0 1232.43 0.0 0.0 2857630.0 342394000.0 164.896 237.189 0.0 352830000.0 31418600.0 0.9 [0.9]
104713000000000.0 6565780000000.0 1095540000.0 1215330.0 0.0 8661360.0 30.574 0.0 5226870000.0 1132.88 0.0 0.0 2851930.0 341220000.0 157.033 225.448 0.0 352155000.0 31359500.0 0.92 [0.92]
104713000000000.0 6356430000000.0 1069750000.0 1149310.0 0.0 8215290.0 28.0407 0.0 5225060000.0 1041.57 0.0 0.0 2846410.0 340061000.0 149.558 214.296 0.0 351504000.0 31302600.0 0.94 [0.94]
104713000000000.0 6154600000000.0 1044380000.0 1086750.0 0.0 7794150.0 25.7344 0.0 5223310000.0 957.824 0.0 0.0 2841080.0 338916000.0 142.452 203.704 0.0 350877000.0 31247700.0 0.96 [0.96]
104713000000000.0 5959450000000.0 1019350000.0 1027300.0 0.0 7395620.0 23.6312 0.0 5221610000.0 880.93 0.0 0.0 2835920.0 337780000.0 135.692 193.64 0.0 350270000.0 31194700.0 0.98 [0.98]
104713000000000.0 5770580000000.0 994656000.0 970816.0 0.0 7018470.0 21.7128 0.0 5219960000.0 810.279 0.0 0.0 2830910.0 336650000.0 129.26 184.076 0.0 349684000.0 31143500.0 1.0 [1.0]
