Cloudy_runs/he0056/z=0.043265/logZ=-1/component_I_PI_nH/component_I_PI_nH_col_density_param.txt
# %ECSV 1.0
# ---
# datatype:
# - {name: H, datatype: float64}
# - {name: H+, datatype: float64}
# - {name: C+, datatype: float64}
# - {name: C+2, datatype: float64}
# - {name: C+3, datatype: float64}
# - {name: N+, datatype: float64}
# - {name: N+2, datatype: float64}
# - {name: N+4, datatype: float64}
# - {name: O, datatype: float64}
# - {name: O+2, datatype: float64}
# - {name: O+5, datatype: float64}
# - {name: O+6, datatype: float64}
# - {name: P+, datatype: float64}
# - {name: Si+, datatype: float64}
# - {name: Si+2, datatype: float64}
# - {name: Si+3, datatype: float64}
# - {name: Si+4, datatype: float64}
# - {name: Fe+, datatype: float64}
# - {name: Al+, datatype: float64}
# - {name: log_nH, datatype: float64}
# - {name: parameters, datatype: string, subtype: 'float64[1]'}
# schema: astropy-2.0
H H+ C+ C+2 C+3 N+ N+2 N+4 O O+2 O+5 O+6 P+ Si+ Si+2 Si+3 Si+4 Fe+ Al+ log_nH parameters
[from data line 59]
104713000000000.0 1.26347e+17 118828000000.0 2210800000000.0 674915000000.0 14715100000.0 488691000000.0 37950900000.0 58509400.0 2327850000000.0 39678600000.0 3762910000.0 248095000.0 5152830000.0 103235000000.0 68032300000.0 176139000000.0 28318500.0 405205000.0 -3.82 [-3.82]
104713000000000.0 1.20017e+17 119377000000.0 2137130000000.0 625028000000.0 15079900000.0 475847000000.0 33467900000.0 65366900.0 2304340000000.0 33854400000.0 3076220000.0 254311000.0 5314000000.0 104821000000.0 67149600000.0 162929000000.0 31648900.0 431047000.0 -3.8 [-3.8]
104713000000000.0 1.13996e+17 119842000000.0 2063780000000.0 577982000000.0 15450400000.0 462825000000.0 29467800000.0 72985300.0 2278210000000.0 28829400000.0 2509540000.0 260076000.0 5467290000.0 106107000000.0 66074900000.0 150205000000.0 35329300.0 457668000.0 -3.78 [-3.78]
104713000000000.0 1.08277e+17 120227000000.0 1991060000000.0 533771000000.0 15826700000.0 449686000000.0 25910300000.0 81430000.0 2249570000000.0 24508000000.0 2043450000.0 265363000.0 5611800000.0 107086000000.0 64823600000.0 138030000000.0 39384700.0 484967000.0 -3.76 [-3.76]
104713000000000.0 1.02835e+17 120535000000.0 1919010000000.0 492224000000.0 16208600000.0 436436000000.0 22746400000.0 90792800.0 2218390000000.0 20792000000.0 1660230000.0 270164000.0 5747490000.0 107751000000.0 63404700000.0 126426000000.0 43854700.0 512924000.0 -3.74 [-3.74]
104713000000000.0 9.76773e+16 120770000000.0 1848080000000.0 453385000000.0 16595400000.0 423167000000.0 19946600000.0 101134000.0 2184910000000.0 17612700000.0 1346750000.0 274466000.0 5873480000.0 108112000000.0 61841600000.0 115457000000.0 48758400.0 541377000.0 -3.72 [-3.72]
104713000000000.0 9.2779e+16 120938000000.0 1778270000000.0 417071000000.0 16988700000.0 409883000000.0 17468300000.0 112555000.0 2149120000000.0 14892500000.0 1090340000.0 278270000.0 5990010000.0 108169000000.0 60145900000.0 105123000000.0 54138400.0 570294000.0 -3.7 [-3.7]
104713000000000.0 8.81275e+16 121037000000.0 1709700000000.0 383181000000.0 17388700000.0 396614000000.0 15278500000.0 125153000.0 2111090000000.0 12569400000.0 881038000.0 281568000.0 6096950000.0 107930000000.0 58335900000.0 95434000000.0 60031400.0 599576000.0 -3.68 [-3.68]
104713000000000.0 8.37091e+16 121073000000.0 1642460000000.0 351591000000.0 17795800000.0 383387000000.0 13345800000.0 139032000.0 2070910000000.0 10588400000.0 710471000.0 284370000.0 6194610000.0 107405000000.0 56427100000.0 86391000000.0 66478700.0 629149000.0 -3.66 [-3.66]
104713000000000.0 7.95133e+16 121050000000.0 1576660000000.0 322196000000.0 18210300000.0 370232000000.0 11643000000.0 154302000.0 2028700000000.0 8902710000.0 571775000.0 286682000.0 6283200000.0 106610000000.0 54437500000.0 77990100000.0 73520500.0 658913000.0 -3.64 [-3.64]
104713000000000.0 7.55285e+16 120970000000.0 1512380000000.0 294886000000.0 18632500000.0 357173000000.0 10144900000.0 171079000.0 1984560000000.0 7470820000.0 459216000.0 288512000.0 6363060000.0 105559000000.0 52384200000.0 70219200000.0 81200200.0 688770000.0 -3.62 [-3.62]
104713000000000.0 7.17438e+16 120834000000.0 1449660000000.0 269549000000.0 19062500000.0 344235000000.0 8828730000.0 189486000.0 1938610000000.0 6256840000.0 368053000.0 289869000.0 6434640000.0 104270000000.0 50284000000.0 63060600000.0 89563100.0 718617000.0 -3.6 [-3.6]
104713000000000.0 6.81499e+16 120648000000.0 1388590000000.0 246079000000.0 19500700000.0 331441000000.0 7674270000.0 209651000.0 1891000000000.0 5229730000.0 294382000.0 290772000.0 6498470000.0 102763000000.0 48152500000.0 56493300000.0 98654100.0 748355000.0 -3.58 [-3.58]
104713000000000.0 6.4737e+16 120413000000.0 1329200000000.0 224369000000.0 19947100000.0 318813000000.0 6662970000.0 231711000.0 1841860000000.0 4362390000.0 234967000.0 291233000.0 6555110000.0 101058000000.0 46004900000.0 50491000000.0 108521000.0 777878000.0 -3.56 [-3.56]
104713000000000.0 6.1496e+16 120130000000.0 1271500000000.0 204316000000.0 20402000000.0 306367000000.0 5778330000.0 255808000.0 1791340000000.0 3631460000.0 187152000.0 291268000.0 6605170000.0 99174800000.0 43855000000.0 45025000000.0 119214000.0 807080000.0 -3.54 [-3.54]
104713000000000.0 5.84251e+16 119806000000.0 1215670000000.0 185856000000.0 20865400000.0 294151000000.0 5006940000.0 282048000.0 1739720000000.0 3017800000.0 148818000.0 290903000.0 6649010000.0 97142600000.0 41720700000.0 40072900000.0 130757000.0 835809000.0 -3.52 [-3.52]
104713000000000.0 5.54953e+16 119433000000.0 1161310000000.0 168784000000.0 21337300000.0 282092000000.0 4331310000.0 310708000.0 1686750000000.0 2500830000.0 117986000.0 290136000.0 6688050000.0 94958200000.0 39598000000.0 35577900000.0 143270000.0 864102000.0 -3.5 [-3.5]
104713000000000.0 5.27197e+16 119022000000.0 1108820000000.0 153116000000.0 21817600000.0 270291000000.0 3743880000.0 341823000.0 1633000000000.0 2068770000.0 93384600.0 289003000.0 6722150000.0 92664900000.0 37512700000.0 31532200000.0 156733000.0 891714000.0 -3.48 [-3.48]
104713000000000.0 5.00838e+16 118570000000.0 1058080000000.0 138724000000.0 22306100000.0 258732000000.0 3232710000.0 375598000.0 1578510000000.0 1707700000.0 73757300.0 287519000.0 6752180000.0 90273900000.0 35468600000.0 27895000000.0 171220000.0 918590000.0 -3.46 [-3.46]
104713000000000.0 4.75807e+16 118080000000.0 1009060000000.0 125524000000.0 22802600000.0 247423000000.0 2788440000.0 412199000.0 1523420000000.0 1406600000.0 58133000.0 285701000.0 6778730000.0 87803700000.0 33473100000.0 24634000000.0 186777000.0 944634000.0 -3.44 [-3.44]
104713000000000.0 4.52094e+16 117555000000.0 961881000000.0 113460000000.0 23306800000.0 236402000000.0 2403530000.0 451732000.0 1468060000000.0 1156520000.0 45744000.0 283580000.0 6802130000.0 85280200000.0 31537600000.0 21723100000.0 203418000.0 969711000.0 -3.42 [-3.42]
104713000000000.0 4.29522e+16 116992000000.0 916283000000.0 102401000000.0 23818000000.0 225623000000.0 2069090000.0 494486000.0 1412300000000.0 948466000.0 35904400.0 281159000.0 6823410000.0 82702900000.0 29657700000.0 19121900000.0 221250000.0 993822000.0 -3.4 [-3.4]
104713000000000.0 4.08036e+16 116391000000.0 872253000000.0 92280300000.0 24335600000.0 215092000000.0 1778910000.0 540647000.0 1356300000000.0 775823000.0 28109900.0 278452000.0 6843040000.0 80086600000.0 27838200000.0 16803100000.0 240322000.0 1016870000.0 -3.38 [-3.38]
104713000000000.0 3.87734e+16 115760000000.0 830093000000.0 83090200000.0 24859200000.0 204891000000.0 1528910000.0 590165000.0 1300660000000.0 633690000.0 21983300.0 275508000.0 6860710000.0 77468800000.0 26095900000.0 14751700000.0 260557000.0 1038670000.0 -3.36 [-3.36]
104713000000000.0 3.68406e+16 115093000000.0 789444000000.0 74701100000.0 25387400000.0 194948000000.0 1312400000.0 643426000.0 1245080000000.0 516233000.0 17148900.0 272319000.0 6877560000.0 74838100000.0 24419300000.0 12930300000.0 282101000.0 1059260000.0 -3.34 [-3.34]
104713000000000.0 3.50007e+16 114389000000.0 750284000000.0 67056500000.0 25918900000.0 185266000000.0 1125140000.0 700606000.0 1189720000000.0 419430000.0 13344300.0 268897000.0 6893920000.0 72204700000.0 22811000000.0 11316700000.0 304991000.0 1078560000.0 -3.32 [-3.32]
104713000000000.0 3.32581e+16 113655000000.0 712782000000.0 60130100000.0 26453000000.0 175896000000.0 964030000.0 761684000.0 1135020000000.0 340141000.0 10368100.0 265283000.0 6909590000.0 69594900000.0 21279900000.0 9895090000.0 329157000.0 1096450000.0 -3.3 [-3.3]
104713000000000.0 3.16033e+16 112888000000.0 676799000000.0 53849200000.0 26987900000.0 166814000000.0 825234000.0 826886000.0 1080950000000.0 275210000.0 8039980.0 261484000.0 6925060000.0 67009000000.0 19822000000.0 8642220000.0 354658000.0 1112910000.0 -3.28 [-3.28]
104713000000000.0 3.00319e+16 112088000000.0 642297000000.0 48161800000.0 27522000000.0 158020000000.0 705781000.0 896340000.0 1027660000000.0 222162000.0 6222570.0 257515000.0 6940510000.0 64454500000.0 18437000000.0 7539840000.0 381500000.0 1127900000.0 -3.26 [-3.26]
104713000000000.0 2.85434e+16 111259000000.0 609322000000.0 43030100000.0 28053700000.0 149535000000.0 603270000.0 970046000.0 975383000000.0 178998000.0 4809260.0 253405000.0 6955850000.0 61945400000.0 17127400000.0 6573060000.0 409622000.0 1141360000.0 -3.24 [-3.24]
104713000000000.0 2.71226e+16 110392000000.0 577582000000.0 38376400000.0 28579800000.0 141295000000.0 514844000.0 1048440000.0 923853000000.0 143764000.0 3706270.0 249132000.0 6971900000.0 59464800000.0 15882400000.0 5721680000.0 439183000.0 1153300000.0 -3.22 [-3.22]
104713000000000.0 2.57803e+16 109499000000.0 547368000000.0 34199200000.0 29099700000.0 133381000000.0 439266000.0 1131130000.0 873687000000.0 115292000.0 2853920.0 244761000.0 6987760000.0 57046800000.0 14713000000.0 4978580000.0 469931000.0 1163660000.0 -3.2 [-3.2]
104713000000000.0 2.45023e+16 108572000000.0 518397000000.0 30429900000.0 29609500000.0 125729000000.0 374314000.0 1218520000.0 824599000000.0 92201200.0 2192530.0 240268000.0 7004150000.0 54673300000.0 13608300000.0 4327000000.0 502010000.0 1172440000.0 -3.18 [-3.18]
104713000000000.0 2.32886e+16 107613000000.0 490709000000.0 27041600000.0 30107000000.0 118360000000.0 318670000.0 1310500000.0 776807000000.0 73560400.0 1681480.0 235680000.0 7020800000.0 52355100000.0 12569400000.0 3757520000.0 535317000.0 1179640000.0 -3.16 [-3.16]
104713000000000.0 2.21362e+16 106624000000.0 464268000000.0 24000500000.0 30589200000.0 111270000000.0 271043000.0 1407050000.0 730395000000.0 58549400.0 1287380.0 231010000.0 7037630000.0 50094700000.0 11594100000.0 3260390000.0 569795000.0 1185240000.0 -3.14 [-3.14]
104713000000000.0 2.10414e+16 105603000000.0 439020000000.0 21273800000.0 31052900000.0 104453000000.0 230300000.0 1508150000.0 685412000000.0 46486900.0 983941.0 226268000.0 7054610000.0 47892700000.0 10679900000.0 2826700000.0 605398000.0 1189260000.0 -3.12 [-3.12]
104713000000000.0 2.00021e+16 104552000000.0 414943000000.0 18834000000.0 31495300000.0 97912400000.0 195495000.0 1613680000.0 641950000000.0 36822600.0 750864.0 221471000.0 7071500000.0 45752600000.0 9824870000.0 2448950000.0 642027000.0 1191720000.0 -3.1 [-3.1]
104713000000000.0 1.90149e+16 103470000000.0 391986000000.0 16653200000.0 31912600000.0 91640700000.0 165778000.0 1723510000.0 600045000000.0 29096300.0 572094.0 216627000.0 7088240000.0 43674100000.0 9026220000.0 2120110000.0 679615000.0 1192610000.0 -3.08 [-3.08]
104713000000000.0 1.80774e+16 102359000000.0 370113000000.0 14707000000.0 32301700000.0 85636300000.0 140431000.0 1837480000.0 559748000000.0 22935700.0 435238.0 211747000.0 7104590000.0 41658400000.0 8281510000.0 1834150000.0 718062000.0 1191990000.0 -3.06 [-3.06]
104713000000000.0 1.7187e+16 101219000000.0 349282000000.0 12972400000.0 32659000000.0 79895000000.0 118828000.0 1955380000.0 521091000000.0 18035200.0 330637.0 206842000.0 7120380000.0 39705300000.0 7588210000.0 1585650000.0 757277000.0 1189860000.0 -3.04 [-3.04]
104713000000000.0 1.63392e+16 100046000000.0 329409000000.0 11425700000.0 32979800000.0 74402000000.0 100404000.0 2077120000.0 484026000000.0 14141100.0 250700.0 201908000.0 7135530000.0 37810000000.0 6942320000.0 1369540000.0 797217000.0 1186260000.0 -3.02 [-3.02]
104713000000000.0 1.55382e+16 98852100000.0 310606000000.0 10057000000.0 33264500000.0 69190400000.0 84794000.0 2201850000.0 448816000000.0 11070700.0 190040.0 196996000.0 7149250000.0 35988100000.0 6345850000.0 1182780000.0 837541000.0 1181290000.0 -3.0 [-3.0]
104713000000000.0 1.47753e+16 97627200000.0 292684000000.0 8839490000.0 33506100000.0 64219400000.0 71501600.0 2329790000.0 415226000000.0 8642140.0 143802.0 192073000.0 7161850000.0 34223200000.0 5791810000.0 1020540000.0 878367000.0 1174930000.0 -2.98 [-2.98]
104713000000000.0 1.40508e+16 96375300000.0 275657000000.0 7760460000.0 33702700000.0 59497400000.0 60218100.0 2460360000.0 383342000000.0 6729990.0 0.0 187162000.0 7172880000.0 32520100000.0 5279280000.0 880013000.0 919496000.0 1167240000.0 -2.96 [-2.96]
104713000000000.0 1.33625e+16 95097300000.0 259490000000.0 6805470000.0 33851500000.0 55020300000.0 50650900.0 2593150000.0 353159000000.0 5228360.0 0.0 182269000.0 7182070000.0 30878000000.0 4805890000.0 758368000.0 960804000.0 1158290000.0 -2.94 [-2.94]
104713000000000.0 1.27088e+16 93793900000.0 244147000000.0 5961340000.0 33949900000.0 50783700000.0 42547500.0 2727720000.0 324664000000.0 4052080.0 0.0 177403000.0 7189140000.0 29296000000.0 4369320000.0 653139000.0 1002180000.0 1148130000.0 -2.92 [-2.92]
104713000000000.0 1.20861e+16 92462300000.0 229558000000.0 5214670000.0 33993800000.0 46774200000.0 35679800.0 2863790000.0 297780000000.0 3131560.0 0.0 172557000.0 7193950000.0 27769000000.0 3966380000.0 562007000.0 1043570000.0 1136780000.0 -2.9 [-2.9]
104713000000000.0 1.14978e+16 91115100000.0 215804000000.0 4559290000.0 33987100000.0 43013200000.0 29900300.0 3000260000.0 272652000000.0 2416810.0 0.0 167777000.0 7195840000.0 26308900000.0 3597750000.0 483588000.0 1084620000.0 1124430000.0 -2.88 [-2.88]
104713000000000.0 1.09372e+16 89741700000.0 202737000000.0 3980870000.0 33922900000.0 39468700000.0 25012500.0 3137260000.0 249072000000.0 1860020.0 0.0 163030000.0 7194900000.0 24901700000.0 3258470000.0 415739000.0 1125470000.0 1111010000.0 -2.86 [-2.86]
104713000000000.0 1.04033e+16 88343100000.0 190333000000.0 3471200000.0 33800200000.0 36137100000.0 20886300.0 3274260000.0 227015000000.0 1427620.0 0.0 158322000.0 7190830000.0 23546800000.0 2946770000.0 357094000.0 1166000000.0 1096580000.0 -2.84 [-2.84]
104713000000000.0 9897480000000000.0 86928600000.0 178629000000.0 3024610000.0 33622800000.0 33026800000.0 17421400.0 3410350000.0 206527000000.0 1093850.0 0.0 153683000.0 7183210000.0 22251000000.0 2662250000.0 306633000.0 1205940000.0 1081310000.0 -2.82 [-2.82]
104713000000000.0 9416860000000000.0 85495500000.0 167561000000.0 2632860000.0 33389000000.0 30123700000.0 14509900.0 3545250000.0 187509000000.0 836324.0 0.0 149107000.0 7171860000.0 21008900000.0 2402260000.0 263151000.0 1245280000.0 1065220000.0 -2.8 [-2.8]
104713000000000.0 8960170000000000.0 84045000000.0 157099000000.0 2289600000.0 33099700000.0 27420800000.0 12067000.0 3678480000.0 169904000000.0 638096.0 0.0 144597000.0 7156590000.0 19819500000.0 2165030000.0 225703000.0 1283930000.0 1048370000.0 -2.78 [-2.78]
104713000000000.0 8527460000000000.0 82583100000.0 147245000000.0 1989850000.0 32758900000.0 24916300000.0 10024200.0 3809380000.0 153687000000.0 486127.0 0.0 140170000.0 7137150000.0 18684900000.0 1949430000.0 193535000.0 1321720000.0 1030900000.0 -2.76 [-2.76]
104713000000000.0 8115060000000000.0 81102500000.0 137915000000.0 1727180000.0 32363300000.0 22591200000.0 8311700.0 3937920000.0 138724000000.0 369448.0 0.0 135804000.0 7113410000.0 17597000000.0 1752790000.0 165805000.0 1358740000.0 1012740000.0 -2.74 [-2.74]
104713000000000.0 7723160000000000.0 79608900000.0 129112000000.0 1497840000.0 31917800000.0 20443400000.0 6881570.0 4063520000.0 124987000000.0 280253.0 0.0 131515000.0 7085190000.0 16558100000.0 1574170000.0 141967000.0 1394840000.0 994040000.0 -2.72 [-2.72]
104713000000000.0 7350710000000000.0 78104000000.0 120811000000.0 1297800000.0 31425300000.0 18464600000.0 5689140.0 4185820000.0 112409000000.0 212216.0 0.0 127306000.0 7052320000.0 15566800000.0 1412160000.0 121487000.0 1429950000.0 974848000.0 -2.7 [-2.7]
104713000000000.0 6996740000000000.0 76589400000.0 112989000000.0 1123510000.0 30889100000.0 16646300000.0 4696530.0 4304510000.0 100922000000.0 160426.0 0.0 123181000.0 7014700000.0 14622000000.0 1265420000.0 103903000.0 1464030000.0 955233000.0 -2.68 [-2.68]
