Cloudy_runs/pks1302/z=0.094839/logZ=-1/component_I_PI_nH/component_I_PI_nH_col_density_param.txt
# %ECSV 1.0
# ---
# datatype:
# - {name: H, datatype: float64}
# - {name: H+, datatype: float64}
# - {name: C+, datatype: float64}
# - {name: C+2, datatype: float64}
# - {name: C+3, datatype: float64}
# - {name: N+, datatype: float64}
# - {name: N+2, datatype: float64}
# - {name: N+4, datatype: float64}
# - {name: O, datatype: float64}
# - {name: O+2, datatype: float64}
# - {name: O+5, datatype: float64}
# - {name: O+6, datatype: float64}
# - {name: P+, datatype: float64}
# - {name: Si+, datatype: float64}
# - {name: Si+2, datatype: float64}
# - {name: Si+3, datatype: float64}
# - {name: Si+4, datatype: float64}
# - {name: Fe+, datatype: float64}
# - {name: Al+, datatype: float64}
# - {name: log_nH, datatype: float64}
# - {name: parameters, datatype: string, subtype: 'float64[1]'}
# schema: astropy-2.0
H H+ C+ C+2 C+3 N+ N+2 N+4 O O+2 O+5 O+6 P+ Si+ Si+2 Si+3 Si+4 Fe+ Al+ log_nH parameters
[from data line 249]
645654000000000.0 276201000000000.0 17985100000.0 146647000.0 0.0 2150360000.0 93293.9 0.0 33644900000.0 434497.0 0.0 0.0 23607400.0 2950070000.0 10059400.0 22385.9 0.0 2861330000.0 257814000.0 -0.02 [-0.02]
645654000000000.0 268368000000000.0 17705900000.0 139429000.0 0.0 2083010000.0 85663.6 0.0 33603400000.0 400195.0 0.0 0.0 23408700.0 2925080000.0 9545020.0 21052.2 0.0 2839150000.0 255677000.0 -0.0 [-0.0]
645654000000000.0 260777000000000.0 17432100000.0 132571000.0 0.0 2017660000.0 78667.3 0.0 33562600000.0 368711.0 0.0 0.0 23216100.0 2900850000.0 9058210.0 19805.3 0.0 2817600000.0 253606000.0 0.02 [0.02]
645654000000000.0 253410000000000.0 17163500000.0 126050000.0 0.0 1954030000.0 72237.4 0.0 33522400000.0 339810.0 0.0 0.0 23029100.0 2877320000.0 8592400.0 18638.9 0.0 2796660000.0 251595000.0 0.04 [0.04]
645654000000000.0 246263000000000.0 16900000000.0 119852000.0 0.0 1892180000.0 66333.0 0.0 33482800000.0 313268.0 0.0 0.0 22847700.0 2854470000.0 8148800.0 17547.3 0.0 2776310000.0 249643000.0 0.06 [0.06]
645654000000000.0 239329000000000.0 16641300000.0 113958000.0 0.0 1832030000.0 60910.0 0.0 33443900000.0 288884.0 0.0 0.0 22671600.0 2832290000.0 7726080.0 16525.4 0.0 2756530000.0 247749000.0 0.08 [0.08]
645654000000000.0 232599000000000.0 16387300000.0 108354000.0 0.0 1773540000.0 55928.1 0.0 33405700000.0 266474.0 0.0 0.0 22500700.0 2810740000.0 7323040.0 15568.3 0.0 2737290000.0 245910000.0 0.1 [0.1]
645654000000000.0 226067000000000.0 16137800000.0 103023000.0 0.0 1716630000.0 51350.2 0.0 33368100000.0 245874.0 0.0 0.0 22334800.0 2789820000.0 6938480.0 14671.5 0.0 2718590000.0 244125000.0 0.12 [0.12]
645654000000000.0 219725000000000.0 15892700000.0 97953500.0 0.0 1661250000.0 47143.0 0.0 33331100000.0 226929.0 0.0 0.0 22173600.0 2769480000.0 6571400.0 13830.9 0.0 2700410000.0 242390000.0 0.14 [0.14]
645654000000000.0 213564000000000.0 15651800000.0 93129800.0 0.0 1607330000.0 43274.5 0.0 33294800000.0 209501.0 0.0 0.0 22017100.0 2749710000.0 6220450.0 13042.6 0.0 2682720000.0 240705000.0 0.16 [0.16]
645654000000000.0 207579000000000.0 15415000000.0 88540200.0 0.0 1554830000.0 39717.6 0.0 33259000000.0 193464.0 0.0 0.0 21865000.0 2730500000.0 5884930.0 12303.1 0.0 2665500000.0 239068000.0 0.18 [0.18]
645654000000000.0 201764000000000.0 15182200000.0 84173000.0 0.0 1503690000.0 36446.5 0.0 33223900000.0 178701.0 0.0 0.0 21717100.0 2711800000.0 5564090.0 11609.1 0.0 2648760000.0 237476000.0 0.2 [0.2]
645654000000000.0 196100000000000.0 14952700000.0 80011500.0 0.0 1453750000.0 33434.4 0.0 33189300000.0 165098.0 0.0 0.0 21573100.0 2693580000.0 5256090.0 10957.3 0.0 2632420000.0 235925000.0 0.22 [0.22]
645654000000000.0 190605000000000.0 14727400000.0 76057100.0 0.0 1405150000.0 30665.5 0.0 33155400000.0 152581.0 0.0 0.0 21433300.0 2675890000.0 4961410.0 10345.5 0.0 2616560000.0 234420000.0 0.24 [0.24]
645654000000000.0 185259000000000.0 14505700000.0 72293300.0 0.0 1357720000.0 28116.8 0.0 33122000000.0 141049.0 0.0 0.0 21297300.0 2658670000.0 4678620.0 9770.72 0.0 2601110000.0 232956000.0 0.26 [0.26]
645654000000000.0 180058000000000.0 14287400000.0 68710600.0 0.0 1311410000.0 25770.4 0.0 33089200000.0 130421.0 0.0 0.0 21165000.0 2641890000.0 4407000.0 9230.54 0.0 2586060000.0 231531000.0 0.28 [0.28]
645654000000000.0 174984000000000.0 14072100000.0 65295300.0 0.0 1266080000.0 23607.1 0.0 33057000000.0 120617.0 0.0 0.0 21035900.0 2625500000.0 4145160.0 8722.53 0.0 2571360000.0 230140000.0 0.3 [0.3]
645654000000000.0 170055000000000.0 13860500000.0 62049400.0 0.0 1221860000.0 21617.4 0.0 33025300000.0 111585.0 0.0 0.0 20910400.0 2609570000.0 3894130.0 8245.0 0.0 2557070000.0 228789000.0 0.32 [0.32]
645654000000000.0 165251000000000.0 13652000000.0 58958800.0 0.0 1178530000.0 19783.0 0.0 32994100000.0 103254.0 0.0 0.0 20788100.0 2594020000.0 3651770.0 7795.77 0.0 2543130000.0 227472000.0 0.34 [0.34]
645654000000000.0 160584000000000.0 13447500000.0 56024300.0 0.0 1136180000.0 18094.1 0.0 32963600000.0 95582.0 0.0 0.0 20669200.0 2578890000.0 3418150.0 7373.4 0.0 2529580000.0 226192000.0 0.36 [0.36]
645654000000000.0 155996000000000.0 13244300000.0 53215100.0 0.0 1094350000.0 16531.3 0.0 32933400000.0 88478.1 0.0 0.0 20552300.0 2563990000.0 3191140.0 6975.21 0.0 2516250000.0 224933000.0 0.38 [0.38]
645654000000000.0 151531000000000.0 13044800000.0 50547800.0 0.0 1053300000.0 15090.5 0.0 32903700000.0 81933.6 0.0 0.0 20438600.0 2549470000.0 2971230.0 6600.64 0.0 2503270000.0 223708000.0 0.4 [0.4]
645654000000000.0 147165000000000.0 12848000000.0 48007700.0 0.0 1012810000.0 13759.3 0.0 32874500000.0 75891.4 0.0 0.0 20327300.0 2535250000.0 2757420.0 6247.88 0.0 2490580000.0 222509000.0 0.42 [0.42]
645654000000000.0 142890000000000.0 12654100000.0 45589400.0 0.0 972752000.0 12527.9 0.0 32845800000.0 70312.9 0.0 0.0 20218300.0 2521290000.0 2548720.0 5915.62 0.0 2478150000.0 221336000.0 0.44 [0.44]
645654000000000.0 138694000000000.0 12462700000.0 43286300.0 0.0 932915000.0 11386.3 0.0 32817400000.0 65161.6 0.0 0.0 20111200.0 2507560000.0 2343780.0 5602.61 0.0 2465950000.0 220184000.0 0.46 [0.46]
645654000000000.0 134571000000000.0 12274500000.0 41096600.0 0.0 893013000.0 10324.4 0.0 32789400000.0 60410.9 0.0 0.0 20006000.0 2494020000.0 2140330.0 5307.89 0.0 2453980000.0 219052000.0 0.48 [0.48]
645654000000000.0 130486000000000.0 12088100000.0 39006200.0 0.0 852720000.0 9333.51 0.0 32761600000.0 56016.3 0.0 0.0 19901700.0 2480560000.0 1937820.0 5030.03 0.0 2442120000.0 217929000.0 0.5 [0.5]
645654000000000.0 126418000000000.0 11903400000.0 37011500.0 0.0 811570000.0 8404.0 0.0 32734000000.0 51952.9 0.0 0.0 19797800.0 2467080000.0 1733990.0 4768.14 0.0 2430330000.0 216812000.0 0.52 [0.52]
645654000000000.0 122354000000000.0 11721500000.0 35115200.0 0.0 768960000.0 7526.52 0.0 32706400000.0 48206.5 0.0 0.0 19693800.0 2453530000.0 1526170.0 4521.66 0.0 2418580000.0 215695000.0 0.54 [0.54]
645654000000000.0 118211000000000.0 11541500000.0 33307800.0 0.0 723330000.0 6682.78 0.0 32678600000.0 44750.3 0.0 0.0 19587700.0 2439590000.0 1307700.0 4289.79 0.0 2406640000.0 214556000.0 0.56 [0.56]
645655000000000.0 85080600000000.0 10742800000.0 25440300.0 0.0 203727000.0 1723.01 0.0 32567400000.0 40488.7 0.0 0.0 18736600.0 2301900000.0 4625.01 4098.07 0.0 2310720000.0 205557000.0 0.58 [0.58]
645653000000000.0 81615300000000.0 10515400000.0 23891200.0 0.0 185861000.0 1506.05 0.0 32545700000.0 37309.8 0.0 0.0 18648000.0 2287970000.0 3685.35 3886.75 0.0 2299900000.0 204611000.0 0.6 [0.6]
645654000000000.0 78493200000000.0 10298800000.0 22497300.0 0.0 171286000.0 1329.65 0.0 32525200000.0 34403.2 0.0 0.0 18568100.0 2275410000.0 3140.7 3687.42 0.0 2290160000.0 203759000.0 0.62 [0.62]
645654000000000.0 75600500000000.0 10088800000.0 21216400.0 0.0 158808000.0 1181.07 0.0 32505300000.0 31731.3 0.0 0.0 18494000.0 2263720000.0 2782.54 3499.03 0.0 2281110000.0 202969000.0 0.64 [0.64]
645654000000000.0 72895700000000.0 9884430000.0 20030900.0 0.0 147875000.0 1053.77 0.0 32486200000.0 29274.4 0.0 0.0 18424600.0 2252720000.0 2526.06 3320.94 0.0 2272660000.0 202229000.0 0.66 [0.66]
645654000000000.0 70333100000000.0 9683690000.0 18923500.0 0.0 138106000.0 943.176 0.0 32467600000.0 27008.0 0.0 0.0 18358800.0 2242210000.0 2328.73 3152.38 0.0 2264640000.0 201528000.0 0.68 [0.68]
645654000000000.0 67896900000000.0 9486300000.0 17886400.0 0.0 129292000.0 846.398 0.0 32449600000.0 24917.0 0.0 0.0 18296200.0 2232130000.0 2168.93 2992.82 0.0 2257020000.0 200862000.0 0.7 [0.7]
645654000000000.0 65579400000000.0 9292430000.0 16914600.0 0.0 121286000.0 761.271 0.0 32432100000.0 22989.4 0.0 0.0 18236600.0 2222430000.0 2034.15 2841.76 0.0 2249770000.0 200228000.0 0.72 [0.72]
645654000000000.0 63355700000000.0 9100620000.0 15997700.0 0.0 113950000.0 685.926 0.0 32415200000.0 21206.9 0.0 0.0 18179400.0 2213020000.0 1916.58 2698.57 0.0 2242810000.0 199619000.0 0.74 [0.74]
645654000000000.0 61218600000000.0 8910780000.0 15131800.0 0.0 107198000.0 619.009 0.0 32398600000.0 19558.6 0.0 0.0 18124300.0 2203850000.0 1811.5 2562.83 0.0 2236120000.0 199034000.0 0.76 [0.76]
645654000000000.0 59181500000000.0 8724570000.0 14318900.0 0.0 100979000.0 559.513 0.0 32382700000.0 18040.7 0.0 0.0 18071700.0 2195010000.0 1716.04 2434.28 0.0 2229750000.0 198477000.0 0.78 [0.78]
645654000000000.0 57214800000000.0 8539780000.0 13547900.0 0.0 95204800.0 506.325 0.0 32367100000.0 16635.6 0.0 0.0 18020900.0 2186350000.0 1627.99 2312.31 0.0 2223600000.0 197939000.0 0.8 [0.8]
645654000000000.0 55328100000000.0 8357740000.0 12821000.0 0.0 89846600.0 458.771 0.0 32352000000.0 15339.3 0.0 0.0 17972100.0 2177920000.0 1546.09 2196.69 0.0 2217710000.0 197423000.0 0.82 [0.82]
645654000000000.0 53512100000000.0 8177920000.0 12133400.0 0.0 84854900.0 416.13 0.0 32337400000.0 14141.8 0.0 0.0 17925000.0 2169680000.0 1469.38 2087.02 0.0 2212030000.0 196926000.0 0.84 [0.84]
645654000000000.0 51762800000000.0 8000310000.0 11482800.0 0.0 80197600.0 377.842 0.0 32323100000.0 13035.8 0.0 0.0 17879600.0 2161600000.0 1397.22 1982.97 0.0 2206570000.0 196448000.0 0.86 [0.86]
645654000000000.0 50081100000000.0 7825320000.0 10868200.0 0.0 75847100.0 343.421 0.0 32309400000.0 12015.3 0.0 0.0 17836000.0 2153710000.0 1329.15 1884.27 0.0 2201320000.0 195988000.0 0.88 [0.88]
645654000000000.0 48456100000000.0 7652130000.0 10284900.0 0.0 71765800.0 312.386 0.0 32295900000.0 11072.1 0.0 0.0 17793700.0 2145940000.0 1264.73 1790.57 0.0 2196240000.0 195544000.0 0.9 [0.9]
645654000000000.0 46885600000000.0 7480780000.0 9731460.0 0.0 67933200.0 284.379 0.0 32282900000.0 10200.4 0.0 0.0 17752800.0 2138280000.0 1203.69 1701.61 0.0 2191340000.0 195115000.0 0.92 [0.92]
645654000000000.0 45377900000000.0 7312460000.0 9208870.0 0.0 64340800.0 259.117 0.0 32270200000.0 9397.48 0.0 0.0 17713400.0 2130790000.0 1145.83 1617.21 0.0 2186640000.0 194704000.0 0.94 [0.94]
645654000000000.0 43916500000000.0 7145640000.0 8711820.0 0.0 60954700.0 236.252 0.0 32257900000.0 8655.08 0.0 0.0 17675200.0 2123370000.0 1090.88 1537.03 0.0 2182090000.0 194305000.0 0.96 [0.96]
645654000000000.0 42510000000000.0 6981530000.0 8241390.0 0.0 57768200.0 215.566 0.0 32246000000.0 7971.02 0.0 0.0 17638400.0 2116090000.0 1038.71 1460.92 0.0 2177710000.0 193922000.0 0.98 [0.98]
645654000000000.0 41150200000000.0 6819450000.0 7795180.0 0.0 54767800.0 197.383 0.0 32234300000.0 7326.51 0.0 0.0 17602700.0 2108880000.0 989.141 1388.62 0.0 2173470000.0 193551000.0 1.0 [1.0]
