Cloudy_runs/pks1302/z=0.094839/logZ=-1/component_I_PI_nH/component_I_PI_nH_col_density_param.txt
# %ECSV 1.0
# ---
# datatype:
# - {name: H, datatype: float64}
# - {name: H+, datatype: float64}
# - {name: C+, datatype: float64}
# - {name: C+2, datatype: float64}
# - {name: C+3, datatype: float64}
# - {name: N+, datatype: float64}
# - {name: N+2, datatype: float64}
# - {name: N+4, datatype: float64}
# - {name: O, datatype: float64}
# - {name: O+2, datatype: float64}
# - {name: O+5, datatype: float64}
# - {name: O+6, datatype: float64}
# - {name: P+, datatype: float64}
# - {name: Si+, datatype: float64}
# - {name: Si+2, datatype: float64}
# - {name: Si+3, datatype: float64}
# - {name: Si+4, datatype: float64}
# - {name: Fe+, datatype: float64}
# - {name: Al+, datatype: float64}
# - {name: log_nH, datatype: float64}
# - {name: parameters, datatype: string, subtype: 'float64[1]'}
# schema: astropy-2.0
H H+ C+ C+2 C+3 N+ N+2 N+4 O O+2 O+5 O+6 P+ Si+ Si+2 Si+3 Si+4 Fe+ Al+ log_nH parameters
[from data line 112]
645654000000000.0 6.58063e+16 543317000000.0 1218190000000.0 22786200000.0 207049000000.0 234970000000.0 136052000.0 19649700000.0 1477780000000.0 9406400.0 0.0 990775000.0 44483800000.0 149621000000.0 18855300000.0 2314980000.0 7046810000.0 6919320000.0 -2.76 [-2.76]
645654000000000.0 6.26048e+16 534843000000.0 1143740000000.0 19865600000.0 206221000000.0 215034000000.0 113582000.0 20492800000.0 1346010000000.0 7216290.0 0.0 962010000.0 44441000000.0 141434000000.0 17042300000.0 1988400000.0 7295040000.0 6823370000.0 -2.74 [-2.74]
645654000000000.0 5.95631e+16 526249000000.0 1073300000000.0 17302000000.0 205045000000.0 196395000000.0 94684100.0 21330500000.0 1223490000000.0 5524050.0 0.0 933610000.0 44376100000.0 133585000000.0 15384800000.0 1706890000.0 7539890000.0 6722190000.0 -2.72 [-2.72]
645654000000000.0 5.66729e+16 517543000000.0 1006700000000.0 15054400000.0 203525000000.0 179011000000.0 78814100.0 22159700000.0 1109890000000.0 4219690.0 0.0 905603000.0 44287800000.0 126067000000.0 13871700000.0 1464400000.0 7780770000.0 6616200000.0 -2.7 [-2.7]
645654000000000.0 5.39266e+16 508734000000.0 943762000000.0 13086100000.0 201667000000.0 162841000000.0 65506300.0 22977600000.0 1004850000000.0 3216690.0 0.0 878016000.0 44174800000.0 118871000000.0 12492400000.0 1255630000.0 8017160000.0 6505830000.0 -2.68 [-2.68]
645654000000000.0 5.13169e+16 499829000000.0 884320000000.0 11364500000.0 199480000000.0 147838000000.0 54364500.0 23781300000.0 908004000000.0 2447220.0 0.0 850873000.0 44035800000.0 111991000000.0 11237100000.0 1076010000.0 8248530000.0 6391510000.0 -2.66 [-2.66]
645654000000000.0 4.88439e+16 490863000000.0 828368000000.0 9863430000.0 196993000000.0 133983000000.0 45067900.0 24567200000.0 819135000000.0 1859210.0 0.0 824269000.0 43870500000.0 105437000000.0 10099000000.0 921846000.0 8474110000.0 6273980000.0 -2.64 [-2.64]
645654000000000.0 4.64868e+16 481796000000.0 775430000000.0 8550330000.0 194189000000.0 121167000000.0 37291900.0 25335200000.0 737453000000.0 1409190.0 0.0 798076000.0 43676500000.0 99162700000.0 9063420000.0 789079000.0 8694140000.0 6153030000.0 -2.62 [-2.62]
645654000000000.0 4.42404e+16 472635000000.0 725379000000.0 7403170000.0 191086000000.0 109344000000.0 30800700.0 26083200000.0 662586000000.0 1065690.0 0.0 772313000.0 43452800000.0 93163300000.0 8122670000.0 674835000.0 8908230000.0 6029030000.0 -2.6 [-2.6]
645654000000000.0 4.21178e+16 463469000000.0 678494000000.0 6408750000.0 187755000000.0 98538900000.0 25422800.0 26805900000.0 594590000000.0 805434.0 0.0 747214000.0 43201600000.0 87481900000.0 7275820000.0 577188000.0 9115120000.0 5903410000.0 -2.58 [-2.58]
645654000000000.0 4.00882e+16 454201000000.0 634077000000.0 5539590000.0 184148000000.0 88599300000.0 20937500.0 27506400000.0 532434000000.0 607133.0 0.0 722499000.0 42918500000.0 82042800000.0 6506530000.0 493066000.0 9315740000.0 5775160000.0 -2.56 [-2.56]
645654000000000.0 3.81649e+16 444922000000.0 592402000000.0 4786130000.0 180343000000.0 79542800000.0 17226900.0 28179900000.0 476145000000.0 457235.0 0.0 698401000.0 42606200000.0 76887800000.0 5814280000.0 421117000.0 9508910000.0 5645710000.0 -2.54 [-2.54]
645654000000000.0 3.63367e+16 435616000000.0 553204000000.0 4131960000.0 176347000000.0 71292100000.0 14154900.0 28826500000.0 425166000000.0 343878.0 0.0 674854000.0 42263800000.0 71992300000.0 5190470000.0 359473000.0 9694710000.0 5515080000.0 -2.52 [-2.52]
645654000000000.0 3.45989e+16 426294000000.0 516356000000.0 3564540000.0 172184000000.0 63794200000.0 11615800.0 29445600000.0 379103000000.0 258299.0 0.0 651868000.0 41891300000.0 67348100000.0 4629100000.0 306690000.0 9872950000.0 5383610000.0 -2.5 [-2.5]
645654000000000.0 3.29467e+16 416965000000.0 481739000000.0 3072840000.0 167881000000.0 56996600000.0 9520340.0 30036600000.0 337571000000.0 0.0 0.0 629448000.0 41488800000.0 62947100000.0 4124570000.0 261522000.0 10043400000.0 5251630000.0 -2.48 [-2.48]
645654000000000.0 3.1376e+16 407640000000.0 449236000000.0 2647140000.0 163463000000.0 50848500000.0 7793630.0 30599200000.0 300204000000.0 0.0 0.0 607598000.0 41057000000.0 58781100000.0 3671720000.0 222894000.0 10206000000.0 5119470000.0 -2.46 [-2.46]
645654000000000.0 2.98826e+16 398329000000.0 418737000000.0 2278900000.0 158954000000.0 45300300000.0 6372880.0 31133400000.0 266650000000.0 0.0 0.0 586322000.0 40596300000.0 54842000000.0 3265770000.0 189879000.0 10360500000.0 4987400000.0 -2.44 [-2.44]
645654000000000.0 2.84628e+16 389044000000.0 390135000000.0 1960630000.0 154379000000.0 40304000000.0 5205520.0 31639500000.0 236577000000.0 0.0 0.0 565621000.0 40107700000.0 51121600000.0 2902290000.0 161677000.0 10506900000.0 4855730000.0 -2.42 [-2.42]
645654000000000.0 2.71127e+16 379794000000.0 363330000000.0 1685800000.0 149760000000.0 35814400000.0 4247730.0 32117600000.0 209673000000.0 0.0 0.0 545494000.0 39592800000.0 47611200000.0 2577270000.0 137600000.0 10645300000.0 4724670000.0 -2.4 [-2.4]
645654000000000.0 2.58289e+16 370589000000.0 338220000000.0 1448640000.0 145118000000.0 31787700000.0 3462840.0 32568400000.0 185643000000.0 0.0 0.0 525942000.0 39051200000.0 44303900000.0 2286920000.0 117059000.0 10775000000.0 4594540000.0 -2.38 [-2.38]
645654000000000.0 2.46081e+16 361439000000.0 314715000000.0 1244180000.0 140474000000.0 28183100000.0 2820480.0 32992400000.0 164215000000.0 0.0 0.0 506960000.0 38485000000.0 41190900000.0 2027850000.0 99542800.0 10896300000.0 4465540000.0 -2.36 [-2.36]
645654000000000.0 2.34518e+16 352392000000.0 292811000000.0 1068530000.0 135870000000.0 24971100000.0 2296650.0 33389700000.0 145189000000.0 0.0 0.0 488622000.0 37897700000.0 38276600000.0 1797670000.0 84656400.0 11008600000.0 4338410000.0 -2.34 [-2.34]
645654000000000.0 2.23431e+16 343343000000.0 272162000000.0 916375000.0 131253000000.0 22088700000.0 1866640.0 33763300000.0 128175000000.0 0.0 0.0 470695000.0 37284300000.0 35516400000.0 1591360000.0 71900300.0 11113100000.0 4211740000.0 -2.32 [-2.32]
645654000000000.0 2.1293e+16 334415000000.0 252948000000.0 785908000.0 126706000000.0 19529300000.0 1516920.0 34111800000.0 113114000000.0 0.0 0.0 453401000.0 36653000000.0 32938800000.0 1408490000.0 61075900.0 11208500000.0 4087310000.0 -2.3 [-2.3]
645654000000000.0 2.02987e+16 325619000000.0 235081000000.0 674091000.0 122245000000.0 17259900000.0 1232690.0 34436400000.0 99796600000.0 0.0 0.0 436733000.0 36006000000.0 30535000000.0 1246530000.0 51893400.0 11294800000.0 3965310000.0 -2.28 [-2.28]
645654000000000.0 1.93486e+16 316884000000.0 218327000000.0 577671000.0 117834000000.0 15237500000.0 1000570.0 34739400000.0 87961000000.0 0.0 0.0 420532000.0 35339700000.0 28274900000.0 1102190000.0 44056800.0 11372700000.0 3844760000.0 -2.26 [-2.26]
645654000000000.0 1.84449e+16 308258000000.0 202699000000.0 494875000.0 113507000000.0 13443400000.0 811748.0 35021100000.0 77487500000.0 0.0 0.0 404867000.0 34658600000.0 26162400000.0 974146000.0 37395200.0 11441700000.0 3726360000.0 -2.24 [-2.24]
645654000000000.0 1.75853e+16 299747000000.0 188127000000.0 423816000.0 109272000000.0 11853900000.0 658272.0 35282500000.0 68228500000.0 0.0 0.0 389728000.0 33964400000.0 24190200000.0 860648000.0 31735000.0 11501800000.0 3610210000.0 -2.22 [-2.22]
645654000000000.0 1.67633e+16 291315000000.0 174479000000.0 362643000.0 105114000000.0 10442200000.0 533240.0 35525300000.0 60022700000.0 0.0 0.0 375029000.0 33255600000.0 22341300000.0 759732000.0 26910600.0 11553200000.0 3495820000.0 -2.2 [-2.2]
645654000000000.0 1.59854e+16 283054000000.0 161835000000.0 310408000.0 101084000000.0 9198640000.0 432107.0 35749200000.0 52807400000.0 0.0 0.0 360913000.0 32540900000.0 20628200000.0 670781000.0 22830800.0 11595400000.0 3384450000.0 -2.18 [-2.18]
645654000000000.0 1.52494e+16 274977000000.0 150129000000.0 265821000.0 97189500000.0 8104220000.0 350328.0 35955500000.0 46467800000.0 0.0 0.0 347371000.0 31822800000.0 19043400000.0 592428000.0 19381800.0 11628300000.0 3276220000.0 -2.16 [-2.16]
645654000000000.0 1.4541e+16 266945000000.0 139112000000.0 227298000.0 93360100000.0 7130380000.0 283536.0 36146400000.0 40836800000.0 0.0 0.0 334158000.0 31091400000.0 17552000000.0 522541000.0 16430500.0 11652900000.0 3169280000.0 -2.14 [-2.14]
645654000000000.0 1.38707e+16 259104000000.0 128923000000.0 194455000.0 89670000000.0 6274870000.0 229605.0 36321600000.0 35896600000.0 0.0 0.0 321492000.0 30359900000.0 16175300000.0 461067000.0 13938000.0 11668200000.0 3065550000.0 -2.12 [-2.12]
645654000000000.0 1.32332e+16 251418000000.0 119459000000.0 166357000.0 86100500000.0 5521130000.0 185931.0 36482300000.0 31550000000.0 0.0 0.0 309297000.0 29627200000.0 14898800000.0 406805000.0 11825400.0 11674700000.0 2964530000.0 -2.1 [-2.1]
645654000000000.0 1.26265e+16 243886000000.0 110664000000.0 142306000.0 82649200000.0 4857040000.0 150551.0 36629500000.0 27725000000.0 0.0 0.0 297550000.0 28893900000.0 13715800000.0 358898000.0 10034000.0 11672200000.0 2866160000.0 -2.08 [-2.08]
645654000000000.0 1.20531e+16 236563000000.0 102552000000.0 121831000.0 79341300000.0 4274980000.0 122016.0 36763600000.0 24375900000.0 0.0 0.0 286322000.0 28167000000.0 12628200000.0 316836000.0 8522700.0 11660800000.0 2771160000.0 -2.06 [-2.06]
645654000000000.0 1.14998e+16 229301000000.0 94919600000.0 104142000.0 76104900000.0 3757920000.0 98719.3 36886500000.0 21404500000.0 0.0 0.0 275369000.0 27433200000.0 11608100000.0 279352000.0 7229050.0 11640300000.0 2677570000.0 -2.04 [-2.04]
645654000000000.0 1.09772e+16 222257000000.0 87889200000.0 89101000.0 73010700000.0 3305410000.0 79952.6 36997800000.0 18806200000.0 0.0 0.0 264911000.0 26708700000.0 10672900000.0 246484000.0 6138830.0 11610900000.0 2587360000.0 -2.02 [-2.02]
645654000000000.0 1.04797e+16 215377000000.0 81368800000.0 76241400.0 70032300000.0 2907440000.0 64763.2 37098700000.0 16523400000.0 0.0 0.0 254856000.0 25990200000.0 9809200000.0 217507000.0 5214780.0 11573000000.0 2499820000.0 -2.0 [-2.0]
645654000000000.0 1.00061e+16 208665000000.0 75323500000.0 65248100.0 67167900000.0 2557540000.0 52469.9 37189700000.0 14518300000.0 0.0 0.0 245191000.0 25279000000.0 9012230000.0 191964000.0 4431550.0 11526800000.0 2414960000.0 -1.98 [-1.98]
645654000000000.0 9555280000000000.0 202121000000.0 69720800000.0 55850800.0 64415200000.0 2249980000.0 42520.2 37271500000.0 12757300000.0 0.0 0.0 235905000.0 24576200000.0 8277380000.0 169452000.0 3767620.0 11472500000.0 2332730000.0 -1.96 [-1.96]
645654000000000.0 9126130000000000.0 195746000000.0 64530200000.0 47818600.0 61771700000.0 1979670000.0 34467.1 37344800000.0 11211100000.0 0.0 0.0 226987000.0 23883000000.0 7600350000.0 149613000.0 3204760.0 11410300000.0 2253120000.0 -1.94 [-1.94]
645654000000000.0 8720440000000000.0 189585000000.0 59756300000.0 40986000.0 59253100000.0 1743210000.0 27973.7 37409800000.0 9859600000.0 0.0 0.0 218484000.0 23205300000.0 6981450000.0 132217000.0 2729780.0 11340800000.0 2176640000.0 -1.92 [-1.92]
645654000000000.0 8331390000000000.0 183550000000.0 55304000000.0 35113400.0 56819500000.0 1534390000.0 22691.9 37467400000.0 8667210000.0 0.0 0.0 210263000.0 22534200000.0 6407680000.0 116804000.0 2324710.0 11263400000.0 2102150000.0 -1.9 [-1.9]
645654000000000.0 7960940000000000.0 177682000000.0 51183000000.0 30093000.0 54486300000.0 1350900000.0 18414.9 37518000000.0 7620400000.0 0.0 0.0 202374000.0 21875400000.0 5880060000.0 103222000.0 1981050.0 11178800000.0 2030170000.0 -1.88 [-1.88]
645654000000000.0 7604810000000000.0 171928000000.0 47333800000.0 25772800.0 52228600000.0 1188680000.0 14932.6 37561900000.0 6695900000.0 0.0 0.0 194732000.0 21223200000.0 5390600000.0 91174400.0 1687540.0 11086200000.0 1959970000.0 -1.86 [-1.86]
645654000000000.0 7268920000000000.0 166395000000.0 43807300000.0 22105600.0 50087200000.0 1047090000.0 12128.8 37599500000.0 5889630000.0 0.0 0.0 187472000.0 20590800000.0 4945420000.0 80631400.0 1440150.0 10988000000.0 1892840000.0 -1.84 [-1.84]
645654000000000.0 6949040000000000.0 161027000000.0 40545700000.0 18969300.0 48036800000.0 922670000.0 9856.59 37631300000.0 5181780000.0 0.0 0.0 180511000.0 19972500000.0 4536730000.0 71338000.0 1230020.0 10883500000.0 1828080000.0 -1.82 [-1.82]
645654000000000.0 6647620000000000.0 155879000000.0 37561200000.0 16305700.0 46095500000.0 814057000.0 8025.13 37657600000.0 4564430000.0 0.0 0.0 173909000.0 19375300000.0 4165640000.0 63203100.0 1052730.0 10774400000.0 1766300000.0 -1.8 [-1.8]
645654000000000.0 6357370000000000.0 150837000000.0 34771300000.0 14007700.0 44217100000.0 717862000.0 0.0 37678700000.0 4018290000.0 0.0 0.0 167511000.0 18786400000.0 3821420000.0 55972000.0 900755.0 10658500000.0 1706090000.0 -1.78 [-1.78]
645654000000000.0 6078530000000000.0 145911000000.0 32170900000.0 12029500.0 42404500000.0 632832000.0 0.0 37694900000.0 3536120000.0 0.0 0.0 161327000.0 18207800000.0 3503080000.0 49557700.0 770725.0 10536500000.0 1647570000.0 -1.76 [-1.76]
645654000000000.0 5815170000000000.0 141185000000.0 29788200000.0 10346600.0 40685800000.0 558501000.0 0.0 37706500000.0 3115040000.0 0.0 0.0 155453000.0 17649400000.0 3213920000.0 43933200.0 660745.0 10410500000.0 1591700000.0 -1.74 [-1.74]
645654000000000.0 5564240000000000.0 136612000000.0 27586100000.0 8904970.0 39042100000.0 493117000.0 0.0 37713800000.0 2745090000.0 0.0 0.0 149825000.0 17106400000.0 2948910000.0 38968700.0 567047.0 10280100000.0 1537890000.0 -1.72 [-1.72]
645654000000000.0 5327370000000000.0 132232000000.0 25569600000.0 7677200.0 37485100000.0 435925000.0 0.0 37717300000.0 2421840000.0 0.0 0.0 144485000.0 16583900000.0 2708420000.0 34611900.0 487659.0 10147000000.0 1486600000.0 -1.7 [-1.7]
645654000000000.0 5097470000000000.0 127919000000.0 23672300000.0 6610930.0 35968700000.0 384981000.0 0.0 37716400000.0 2134380000.0 0.0 0.0 139275000.0 16067500000.0 2483850000.0 30715600.0 419038.0 10008100000.0 1436320000.0 -1.68 [-1.68]
645654000000000.0 4882290000000000.0 123828000000.0 21950000000.0 5707700.0 34545200000.0 340655000.0 0.0 37712400000.0 1884520000.0 0.0 0.0 134375000.0 15575500000.0 2282100000.0 27314300.0 361184.0 9868060000.0 1388840000.0 -1.66 [-1.66]
645654000000000.0 4673130000000000.0 119799000000.0 20327700000.0 4921850.0 33157200000.0 301113000.0 0.0 37704400000.0 1662030000.0 0.0 0.0 129590000.0 15089600000.0 2093470000.0 24267800.0 311048.0 9722870000.0 1342260000.0 -1.64 [-1.64]
645654000000000.0 4475890000000000.0 115951000000.0 18844800000.0 4252340.0 31844700000.0 266531000.0 0.0 37693300000.0 1467690000.0 0.0 0.0 125058000.0 14623900000.0 1922810000.0 21593500.0 268504.0 9576500000.0 1297980000.0 -1.62 [-1.62]
645654000000000.0 4289800000000000.0 112276000000.0 17488500000.0 3680970.0 30603100000.0 236245000.0 0.0 37679500000.0 1297750000.0 0.0 0.0 120764000.0 14178100000.0 1768150000.0 19242600.0 232314.0 9429750000.0 1255850000.0 -1.6 [-1.6]
645654000000000.0 4108430000000000.0 108652000000.0 16207700000.0 3182220.0 29389800000.0 209159000.0 0.0 37662100000.0 1146080000.0 0.0 0.0 116562000.0 13737400000.0 1623280000.0 17131100.0 200819.0 9278310000.0 1214470000.0 -1.58 [-1.58]
645654000000000.0 3937430000000000.0 105197000000.0 15037600000.0 2756620.0 28243100000.0 185446000.0 0.0 37642200000.0 1013500000.0 0.0 0.0 112585000.0 13316300000.0 1492250000.0 15275200.0 174017.0 9127160000.0 1175160000.0 -1.56 [-1.56]
645654000000000.0 3774350000000000.0 101865000000.0 13956200000.0 2390190.0 27146800000.0 164518000.0 0.0 37619600000.0 896708000.0 0.0 0.0 108777000.0 12909600000.0 1372270000.0 13630400.0 150994.0 8975120000.0 1137410000.0 -1.54 [-1.54]
645654000000000.0 3618790000000000.0 98654400000.0 12956700000.0 2074480.0 26098700000.0 146039000.0 0.0 37594400000.0 793785000.0 0.0 0.0 105133000.0 12517000000.0 1262420000.0 12171800.0 131195.0 8822560000.0 1101150000.0 -1.52 [-1.52]
