Cloudy_runs/pks1302/z=0.094839/logZ=-1/component_I_PI_nH/component_I_PI_nH_col_density_param.txt
# %ECSV 1.0
# ---
# datatype:
# - {name: H, datatype: float64}
# - {name: H+, datatype: float64}
# - {name: C+, datatype: float64}
# - {name: C+2, datatype: float64}
# - {name: C+3, datatype: float64}
# - {name: N+, datatype: float64}
# - {name: N+2, datatype: float64}
# - {name: N+4, datatype: float64}
# - {name: O, datatype: float64}
# - {name: O+2, datatype: float64}
# - {name: O+5, datatype: float64}
# - {name: O+6, datatype: float64}
# - {name: P+, datatype: float64}
# - {name: Si+, datatype: float64}
# - {name: Si+2, datatype: float64}
# - {name: Si+3, datatype: float64}
# - {name: Si+4, datatype: float64}
# - {name: Fe+, datatype: float64}
# - {name: Al+, datatype: float64}
# - {name: log_nH, datatype: float64}
# - {name: parameters, datatype: string, subtype: 'float64[1]'}
# schema: astropy-2.0
H H+ C+ C+2 C+3 N+ N+2 N+4 O O+2 O+5 O+6 P+ Si+ Si+2 Si+3 Si+4 Fe+ Al+ log_nH parameters
[from data line 56]
645654000000000.0 1.14515e+18 677989000000.0 17104300000000.0 7112560000000.0 73209300000.0 3576340000000.0 559244000000.0 153131000.0 15238100000000.0 721921000000.0 91035600000.0 1181270000.0 23893000000.0 530368000000.0 430497000000.0 1756720000000.0 73543200.0 1555610000.0 -3.88 [-3.88]
645654000000000.0 1.08771e+18 685617000000.0 16669500000000.0 6653320000000.0 75225400000.0 3510330000000.0 498260000000.0 171765000.0 15203400000000.0 622760000000.0 75317100000.0 1234310000.0 25108100000.0 550532000000.0 434084000000.0 1663590000000.0 82991200.0 1678410000.0 -3.86 [-3.86]
645654000000000.0 1.03316e+18 692637000000.0 16225600000000.0 6214540000000.0 77263900000.0 3441650000000.0 443275000000.0 192582000.0 15152600000000.0 536432000000.0 62215600000.0 1286130000.0 26313400000.0 569715000000.0 436394000000.0 1570250000000.0 93520300.0 1807320000.0 -3.84 [-3.84]
645654000000000.0 9.81348e+17 699047000000.0 15774500000000.0 5796280000000.0 79325200000.0 3370540000000.0 393782000000.0 215821000.0 15085500000000.0 461380000000.0 51310600000.0 1336430000.0 27501700000.0 587745000000.0 437399000000.0 1477280000000.0 105238000.0 1942250000.0 -3.82 [-3.82]
645654000000000.0 9.32139e+17 704865000000.0 15318000000000.0 5398440000000.0 81411000000.0 3297240000000.0 349309000000.0 241739000.0 15002200000000.0 396225000000.0 42248200000.0 1384950000.0 28666500000.0 604465000000.0 437078000000.0 1385220000000.0 118260000.0 2083110000.0 -3.8 [-3.8]
645654000000000.0 8.854e+17 710104000000.0 14858000000000.0 5020830000000.0 83522900000.0 3221990000000.0 309413000000.0 270622000.0 14902700000000.0 339745000000.0 34728600000.0 1431440000.0 29801400000.0 619731000000.0 435430000000.0 1294610000000.0 132710000.0 2229730000.0 -3.78 [-3.78]
645654000000000.0 8.41007e+17 714779000000.0 14396100000000.0 4663150000000.0 85662100000.0 3145050000000.0 273684000000.0 302777000.0 14786900000000.0 290857000000.0 28499000000.0 1475670000.0 30900200000.0 633410000000.0 432468000000.0 1205930000000.0 148722000.0 2381910000.0 -3.76 [-3.76]
645654000000000.0 7.989e+17 718885000000.0 13934400000000.0 4325550000000.0 87827400000.0 3066750000000.0 241781000000.0 338499000.0 14655300000000.0 248659000000.0 23352400000.0 1517360000.0 31954700000.0 645383000000.0 428248000000.0 1119730000000.0 166415000.0 2539170000.0 -3.74 [-3.74]
645654000000000.0 7.58849e+17 722477000000.0 13473300000000.0 4006530000000.0 90026100000.0 2987090000000.0 213263000000.0 378233000.0 14507400000000.0 212191000000.0 19096700000.0 1556490000.0 32964900000.0 655571000000.0 422768000000.0 1036210000000.0 185992000.0 2701670000.0 -3.72 [-3.72]
645654000000000.0 7.20754e+17 725587000000.0 13014000000000.0 3705610000000.0 92261500000.0 2906310000000.0 187812000000.0 422391000.0 14343400000000.0 180728000000.0 15584300000.0 1592950000.0 33927500000.0 663908000000.0 416073000000.0 955711000000.0 207627000.0 2869180000.0 -3.7 [-3.7]
645654000000000.0 6.84624e+17 728182000000.0 12559000000000.0 3423210000000.0 94528300000.0 2824860000000.0 165203000000.0 471298000.0 14164300000000.0 153704000000.0 12698000000.0 1626440000.0 34832900000.0 670331000000.0 408299000000.0 878746000000.0 231436000.0 3040730000.0 -3.68 [-3.68]
645654000000000.0 6.50341e+17 730257000000.0 12109200000000.0 3158610000000.0 96823800000.0 2742930000000.0 145143000000.0 525407000.0 13970100000000.0 130519000000.0 10329200000.0 1656780000.0 35677700000.0 674803000000.0 399539000000.0 805514000000.0 257602000.0 3215810000.0 -3.66 [-3.66]
645654000000000.0 6.17718e+17 731998000000.0 11664600000000.0 2909960000000.0 99161100000.0 2660500000000.0 127307000000.0 585383000.0 13760800000000.0 110596000000.0 8383000000.0 1684460000.0 36472000000.0 677404000000.0 389761000000.0 735996000000.0 286422000.0 3395090000.0 -3.64 [-3.64]
645654000000000.0 5.86764e+17 733256000000.0 11227100000000.0 2677790000000.0 101531000000.0 2578000000000.0 111535000000.0 651588000.0 13537300000000.0 93564100000.0 6791890000.0 1708910000.0 37202900000.0 678079000000.0 379189000000.0 670512000000.0 318010000.0 3576960000.0 -3.62 [-3.62]
645654000000000.0 5.57364e+17 734106000000.0 10797200000000.0 2461020000000.0 103943000000.0 2495530000000.0 97589300000.0 724650000.0 13299900000000.0 79011300000.0 5492090000.0 1730290000.0 37874500000.0 676897000000.0 367885000000.0 609067000000.0 352622000.0 3761230000.0 -3.6 [-3.6]
645654000000000.0 5.29439e+17 734570000000.0 10375400000000.0 2258910000000.0 106397000000.0 2413290000000.0 85277500000.0 805180000.0 13049300000000.0 66598000000.0 4432250000.0 1748630000.0 38487500000.0 673924000000.0 355957000000.0 551676000000.0 390495000.0 3947380000.0 -3.58 [-3.58]
645654000000000.0 5.0292e+17 734665000000.0 9962540000000.0 2070800000000.0 108896000000.0 2331440000000.0 74426000000.0 893817000.0 12786100000000.0 56030100000.0 3569850000.0 1763940000.0 39043300000.0 669244000000.0 343513000000.0 498321000000.0 431870000.0 4134790000.0 -3.56 [-3.56]
645654000000000.0 4.77733e+17 734409000000.0 9558990000000.0 1895980000000.0 111442000000.0 2250160000000.0 64874900000.0 991254000.0 12510900000000.0 47049300000.0 2869480000.0 1776280000.0 39543900000.0 662952000000.0 330661000000.0 448928000000.0 477008000.0 4322850000.0 -3.54 [-3.54]
645654000000000.0 4.53811e+17 733818000000.0 9165170000000.0 1733740000000.0 114036000000.0 2169580000000.0 56480600000.0 1098220000.0 12224500000000.0 39431400000.0 2301810000.0 1785720000.0 39992200000.0 655156000000.0 317504000000.0 403393000000.0 526178000.0 4510940000.0 -3.52 [-3.52]
645654000000000.0 4.31092e+17 732910000000.0 8781470000000.0 1583400000000.0 116680000000.0 2089850000000.0 49113800000.0 1215480000.0 11927800000000.0 32982000000.0 1842670000.0 1792330000.0 40391200000.0 645974000000.0 304141000000.0 361584000000.0 579656000.0 4698400000.0 -3.5 [-3.5]
645654000000000.0 4.09516e+17 731701000000.0 8408160000000.0 1444300000000.0 119375000000.0 2011110000000.0 42657900000.0 1343850000.0 11621600000000.0 27532800000.0 1472080000.0 1796210000.0 40744500000.0 635530000000.0 290667000000.0 323344000000.0 637729000.0 4884590000.0 -3.48 [-3.48]
645654000000000.0 3.89024e+17 730202000000.0 8045410000000.0 1315760000000.0 122121000000.0 1933470000000.0 37008000000.0 1484170000.0 11306700000000.0 22937500000.0 1173580000.0 1797440000.0 41055600000.0 623950000000.0 277170000000.0 288493000000.0 700692000.0 5068830000.0 -3.46 [-3.46]
645654000000000.0 3.69564e+17 728428000000.0 7693390000000.0 1197160000000.0 124921000000.0 1857040000000.0 32070200000.0 1637330000.0 10984200000000.0 19070200000.0 933668000.0 1796140000.0 41328600000.0 611364000000.0 263730000000.0 256843000000.0 768846000.0 5250470000.0 -3.44 [-3.44]
645654000000000.0 3.51082e+17 726390000000.0 7352190000000.0 1087880000000.0 127773000000.0 1781920000000.0 27760600000.0 1804250000.0 10654900000000.0 15822300000.0 741249000.0 1792410000.0 41567400000.0 597900000000.0 250419000000.0 228195000000.0 842495000.0 5428840000.0 -3.42 [-3.42]
645654000000000.0 3.3353e+17 724097000000.0 7021840000000.0 987332000000.0 130678000000.0 1708200000000.0 24004100000.0 1985890000.0 10319900000000.0 13100100000.0 587257000.0 1786360000.0 41775900000.0 583682000000.0 237303000000.0 202346000000.0 921945000.0 5603290000.0 -3.4 [-3.4]
645654000000000.0 3.16861e+17 721557000000.0 6702320000000.0 894945000000.0 133635000000.0 1635940000000.0 20734000000.0 2183240000.0 9980140000000.0 10823500000.0 464282000.0 1778100000.0 41958000000.0 568829000000.0 224439000000.0 179089000000.0 1007500000.0 5773180000.0 -3.38 [-3.38]
645654000000000.0 3.01029e+17 718779000000.0 6393580000000.0 810168000000.0 136643000000.0 1565220000000.0 17890500000.0 2397320000.0 9636600000000.0 8923300000.0 366287000.0 1767750000.0 42117700000.0 553456000000.0 211875000000.0 158224000000.0 1099480000.0 5937890000.0 -3.36 [-3.36]
645654000000000.0 2.85994e+17 715770000000.0 6095570000000.0 732487000000.0 139700000000.0 1496100000000.0 15421400000.0 2629150000.0 9290320000000.0 7340990000.0 288375000.0 1755420000.0 42258200000.0 537672000000.0 199653000000.0 139556000000.0 1198160000.0 6096800000.0 -3.34 [-3.34]
645654000000000.0 2.71755e+17 712561000000.0 5809000000000.0 661570000000.0 142805000000.0 1428810000000.0 13284300000.0 2879340000.0 8943400000000.0 6028820000.0 226686000.0 1741330000.0 42381500000.0 521645000000.0 187838000000.0 122928000000.0 1303570000.0 6249150000.0 -3.32 [-3.32]
645654000000000.0 2.58164e+17 709110000000.0 5531420000000.0 596477000000.0 145952000000.0 1362870000000.0 11424800000.0 3150220000.0 8593820000000.0 4936410000.0 177654000.0 1725410000.0 42495600000.0 505301000000.0 176364000000.0 108064000000.0 1416680000.0 6395270000.0 -3.3 [-3.3]
645654000000000.0 2.4529e+17 705453000000.0 5264880000000.0 537223000000.0 149138000000.0 1298810000000.0 9819360000.0 3441600000.0 8245400000000.0 4034650000.0 139008000.0 1707900000.0 42598200000.0 488878000000.0 165346000000.0 94885400000.0 1537070000.0 6533650000.0 -3.28 [-3.28]
645654000000000.0 2.33097e+17 701607000000.0 5009210000000.0 483355000000.0 152360000000.0 1236670000000.0 8434440000.0 3754360000.0 7899180000000.0 3291760000.0 108606000.0 1688950000.0 42691900000.0 472463000000.0 154798000000.0 83223700000.0 1664890000.0 6664000000.0 -3.26 [-3.26]
645654000000000.0 2.21455e+17 697523000000.0 4762090000000.0 434113000000.0 155608000000.0 1175960000000.0 7233240000.0 4091180000.0 7553100000000.0 2677380000.0 84595700.0 1668470000.0 42783900000.0 455962000000.0 144644000000.0 72863700000.0 1801160000.0 6786570000.0 -3.24 [-3.24]
645654000000000.0 2.1043e+17 693252000000.0 4525400000000.0 389482000000.0 158877000000.0 1117190000000.0 6199520000.0 4451400000.0 7210970000000.0 2173710000.0 65796500.0 1646770000.0 42871100000.0 439598000000.0 134975000000.0 63732900000.0 1945220000.0 6900270000.0 -3.22 [-3.22]
645654000000000.0 1.99961e+17 688779000000.0 4298230000000.0 348990000000.0 162158000000.0 1060200000000.0 5308730000.0 4836480000.0 6872650000000.0 1760800000.0 51074600.0 1623880000.0 42956800000.0 423373000000.0 125766000000.0 55682300000.0 2097460000.0 7004960000.0 -3.2 [-3.2]
645654000000000.0 1.90019e+17 684112000000.0 4080370000000.0 312306000000.0 165444000000.0 1005000000000.0 4541870000.0 5247280000.0 6538970000000.0 1423090000.0 39570700.0 1599920000.0 43042100000.0 407339000000.0 117015000000.0 48596100000.0 2257930000.0 7100440000.0 -3.18 [-3.18]
645654000000000.0 1.80577e+17 679241000000.0 3871520000000.0 279116000000.0 168720000000.0 951581000000.0 3882250000.0 5684610000.0 6210590000000.0 1147500000.0 30598500.0 1574950000.0 43128300000.0 391527000000.0 108717000000.0 42367200000.0 2426700000.0 7186320000.0 -3.16 [-3.16]
645654000000000.0 1.71611e+17 674182000000.0 3671530000000.0 249134000000.0 171978000000.0 899946000000.0 3315500000.0 6149080000.0 5888330000000.0 923159000.0 23617200.0 1549110000.0 43215600000.0 375988000000.0 100864000000.0 36901000000.0 2603650000.0 7262590000.0 -3.14 [-3.14]
645654000000000.0 1.6312e+17 668939000000.0 3480610000000.0 222148000000.0 175206000000.0 850204000000.0 2829930000.0 6640430000.0 5573580000000.0 741287000.0 18204900.0 1522530000.0 43303700000.0 360785000000.0 93471000000.0 32118900000.0 2788390000.0 7328760000.0 -3.12 [-3.12]
645654000000000.0 1.55033e+17 663488000000.0 3297450000000.0 197778000000.0 178383000000.0 802084000000.0 2412420000.0 7160710000.0 5265280000000.0 593583000.0 14000000.0 1495170000.0 43395200000.0 345855000000.0 86481800000.0 27923600000.0 2981470000.0 7385140000.0 -3.1 [-3.1]
645654000000000.0 1.47352e+17 657845000000.0 3122350000000.0 175858000000.0 181498000000.0 755707000000.0 2054620000.0 7709330000.0 4964840000000.0 474190000.0 10747300.0 1467170000.0 43488700000.0 331265000000.0 79906700000.0 24255500000.0 3182320000.0 7431480000.0 -3.08 [-3.08]
645654000000000.0 1.40059e+17 652013000000.0 2955060000000.0 156171000000.0 184532000000.0 711059000000.0 1748270000.0 8286330000.0 4672780000000.0 377918000.0 8236120.0 1438640000.0 43583700000.0 317034000000.0 73732000000.0 21052100000.0 3390610000.0 7467810000.0 -3.06 [-3.06]
645654000000000.0 1.33133e+17 645991000000.0 2795330000000.0 138513000000.0 187467000000.0 668121000000.0 1486180000.0 8891560000.0 4389530000000.0 300473000.0 6301120.0 1409640000.0 43679900000.0 303173000000.0 67943600000.0 18257400000.0 3606030000.0 7494120000.0 -3.04 [-3.04]
645654000000000.0 1.26555e+17 639783000000.0 2642920000000.0 122699000000.0 190286000000.0 626877000000.0 1262160000.0 9524610000.0 4115480000000.0 238328000.0 4812870.0 1380250000.0 43776400000.0 289692000000.0 62526500000.0 15821700000.0 3828140000.0 7510510000.0 -3.02 [-3.02]
645654000000000.0 1.20308e+17 633392000000.0 2497580000000.0 108558000000.0 192967000000.0 587312000000.0 1070850000.0 10184800000.0 3851010000000.0 188584000.0 3670410.0 1350560000.0 43872000000.0 276600000000.0 57465400000.0 13701100000.0 4056410000.0 7517150000.0 -3.0 [-3.0]
645654000000000.0 1.14375e+17 626812000000.0 2359030000000.0 95928000000.0 195489000000.0 549394000000.0 907592000.0 10871400000.0 3596340000000.0 148859000.0 2794760.0 1320590000.0 43966500000.0 263895000000.0 52744500000.0 11856200000.0 4290440000.0 7514050000.0 -2.98 [-2.98]
645654000000000.0 1.0874e+17 620052000000.0 2227060000000.0 84664500000.0 197831000000.0 513109000000.0 768410000.0 11583100000.0 3351760000000.0 117217000.0 2124880.0 1290440000.0 44058200000.0 251584000000.0 48347900000.0 10252600000.0 4529550000.0 7501480000.0 -2.96 [-2.96]
645654000000000.0 1.03372e+17 613092000000.0 2101050000000.0 74611900000.0 199965000000.0 478350000000.0 649623000.0 12319800000.0 3116870000000.0 92031900.0 1612350.0 1260070000.0 44146900000.0 239630000000.0 44249200000.0 8857280000.0 4773620000.0 7479560000.0 -2.94 [-2.94]
645654000000000.0 9.82898e+16 605981000000.0 1981530000000.0 65694700000.0 201884000000.0 445275000000.0 548784000.0 13077400000.0 2893010000000.0 72118300.0 1222500.0 1229730000.0 44228600000.0 228108000000.0 40454900000.0 7649240000.0 5020940000.0 7448800000.0 -2.92 [-2.92]
645654000000000.0 9.34627e+16 598699000000.0 1867880000000.0 57775600000.0 203562000000.0 413768000000.0 463057000.0 13855000000.0 2679670000000.0 56376500.0 925730.0 1199390000.0 44302900000.0 216978000000.0 36938100000.0 6601770000.0 5271290000.0 7409380000.0 -2.9 [-2.9]
645654000000000.0 8.88902e+16 591272000000.0 1760170000000.0 50767700000.0 204987000000.0 383876000000.0 390392000.0 14649300000.0 2477330000000.0 43985300.0 0.0 1169180000.0 44367700000.0 206266000000.0 33691600000.0 5695870000.0 5523460000.0 7361770000.0 -2.88 [-2.88]
645654000000000.0 8.45342e+16 583660000000.0 1657560000000.0 44545900000.0 206121000000.0 355428000000.0 328602000.0 15460200000.0 2285020000000.0 34218300.0 0.0 1138960000.0 44423100000.0 195904000000.0 30683500000.0 4909780000.0 5777720000.0 7305950000.0 -2.86 [-2.86]
645654000000000.0 8.03965e+16 575890000000.0 1560150000000.0 39043200000.0 206958000000.0 328475000000.0 276238000.0 16283900000.0 2103210000000.0 26556400.0 0.0 1108890000.0 44466300000.0 185920000000.0 27908200000.0 4229610000.0 6032780000.0 7242460000.0 -2.84 [-2.84]
645654000000000.0 7.64563e+16 567947000000.0 1467500000000.0 34173000000.0 207471000000.0 302934000000.0 231835000.0 17118800000.0 1931420000000.0 20552100.0 0.0 1078930000.0 44495800000.0 176284000000.0 25345600000.0 3640480000.0 6288310000.0 7171520000.0 -2.82 [-2.82]
645654000000000.0 7.27227e+16 559875000000.0 1379880000000.0 29886200000.0 207668000000.0 278885000000.0 194369000.0 17959600000.0 1770240000000.0 15874900.0 0.0 1049270000.0 44509700000.0 167039000000.0 22994600000.0 3132400000.0 6542790000.0 7093800000.0 -2.8 [-2.8]
