Cloudy_runs/3c263/z=0.063397/logZ=-1/component_I_PI_nH/component_I_PI_nH_col_density_param.txt
# %ECSV 1.0
# ---
# datatype:
# - {name: H, datatype: float64}
# - {name: H+, datatype: float64}
# - {name: C+, datatype: float64}
# - {name: C+2, datatype: float64}
# - {name: C+3, datatype: float64}
# - {name: N+, datatype: float64}
# - {name: N+2, datatype: float64}
# - {name: N+4, datatype: float64}
# - {name: O, datatype: float64}
# - {name: O+2, datatype: float64}
# - {name: O+5, datatype: float64}
# - {name: O+6, datatype: float64}
# - {name: P+, datatype: float64}
# - {name: Si+, datatype: float64}
# - {name: Si+2, datatype: float64}
# - {name: Si+3, datatype: float64}
# - {name: Si+4, datatype: float64}
# - {name: Fe+, datatype: float64}
# - {name: Al+, datatype: float64}
# - {name: log_nH, datatype: float64}
# - {name: parameters, datatype: string, subtype: 'float64[1]'}
# schema: astropy-2.0
H H+ C+ C+2 C+3 N+ N+2 N+4 O O+2 O+5 O+6 P+ Si+ Si+2 Si+3 Si+4 Fe+ Al+ log_nH parameters
[from data line 59]
74131000000000.0 9.81976e+16 82794400000.0 1665160000000.0 546659000000.0 9902370000.0 363139000000.0 33264100000.0 33773700.0 1681240000000.0 36522300000.0 3698790000.0 167498000.0 3460320000.0 71232400000.0 49186000000.0 142186000000.0 16372200.0 259429000.0 -3.82 [-3.82]
74131000000000.0 9.32783e+16 83285100000.0 1612480000000.0 507431000000.0 10151900000.0 354246000000.0 29405300000.0 37773100.0 1667590000000.0 31249100000.0 3033130000.0 172409000.0 3583430000.0 72702000000.0 48794100000.0 132256000000.0 18337400.0 276896000.0 -3.8 [-3.8]
74131000000000.0 8.85985e+16 83712900000.0 1559770000000.0 470325000000.0 10405000000.0 345182000000.0 25953000000.0 42224000.0 1652070000000.0 26687600000.0 2482220000.0 177028000.0 3701710000.0 73971700000.0 48255900000.0 122602000000.0 20514000.0 294974000.0 -3.78 [-3.78]
74131000000000.0 8.41538e+16 84080200000.0 1507260000000.0 435346000000.0 10661600000.0 335992000000.0 22874000000.0 47167000.0 1634730000000.0 22754000000.0 2027720000.0 181332000.0 3814420000.0 75032600000.0 47579300000.0 113281000000.0 22917900.0 313607000.0 -3.76 [-3.76]
74131000000000.0 7.99252e+16 84388500000.0 1455010000000.0 402383000000.0 10922300000.0 326683000000.0 20128500000.0 52657300.0 1615530000000.0 19362500000.0 1652910000.0 185309000.0 3921310000.0 75876200000.0 46769200000.0 104318000000.0 25573400.0 332780000.0 -3.74 [-3.74]
74131000000000.0 7.59229e+16 84643000000.0 1403460000000.0 371520000000.0 11186900000.0 317335000000.0 17695400000.0 58726600.0 1594690000000.0 16456100000.0 1345700000.0 188943000.0 4021470000.0 76504200000.0 45841600000.0 95782100000.0 28489400.0 352370000.0 -3.72 [-3.72]
74131000000000.0 7.21084e+16 84843100000.0 1352330000000.0 342488000000.0 11455200000.0 307900000000.0 15529100000.0 65460400.0 1572000000000.0 13954400000.0 1092840000.0 192234000.0 4115450000.0 76907900000.0 44796000000.0 87648200000.0 31706000.0 372437000.0 -3.7 [-3.7]
74131000000000.0 6.84925e+16 84994000000.0 1302030000000.0 315359000000.0 11727400000.0 298457000000.0 13612800000.0 72895600.0 1547690000000.0 11814800000.0 886076000.0 195173000.0 4202520000.0 77095300000.0 43651400000.0 79970800000.0 35233100.0 392843000.0 -3.68 [-3.68]
74131000000000.0 6.5058e+16 85096200000.0 1252540000000.0 290007000000.0 12004100000.0 289010000000.0 11917300000.0 81105300.0 1521750000000.0 9985020000.0 717024000.0 197757000.0 4282790000.0 77067400000.0 42416800000.0 72748000000.0 39101200.0 413557000.0 -3.66 [-3.66]
74131000000000.0 6.17964e+16 85152900000.0 1203970000000.0 266353000000.0 12285600000.0 279580000000.0 10419600000.0 90157700.0 1494260000000.0 8423050000.0 579090000.0 199988000.0 4356330000.0 76831500000.0 41104200000.0 65986300000.0 43336600.0 434518000.0 -3.64 [-3.64]
74131000000000.0 5.86988e+16 85166000000.0 1156380000000.0 244319000000.0 12572200000.0 270188000000.0 9098460000.0 100127000.0 1465260000000.0 7092030000.0 466756000.0 201870000.0 4423270000.0 76395600000.0 39726000000.0 59684800000.0 47967400.0 455661000.0 -3.62 [-3.62]
74131000000000.0 5.5757e+16 85137700000.0 1109830000000.0 223825000000.0 12864000000.0 260852000000.0 7934960000.0 111091000.0 1434850000000.0 5959930000.0 375455000.0 203406000.0 4483810000.0 75770000000.0 38294300000.0 53838400000.0 53023100.0 476918000.0 -3.6 [-3.6]
74131000000000.0 5.29632e+16 85070100000.0 1064370000000.0 204792000000.0 13161300000.0 251591000000.0 6911750000.0 123133000.0 1403100000000.0 4998830000.0 301398000.0 204605000.0 4538230000.0 74966600000.0 36821300000.0 48437500000.0 58534100.0 498218000.0 -3.58 [-3.58]
74131000000000.0 5.031e+16 84965100000.0 1020060000000.0 187143000000.0 13464200000.0 242421000000.0 6013230000.0 136339000.0 1370090000000.0 4184470000.0 241452000.0 205475000.0 4586860000.0 73998200000.0 35318500000.0 43468500000.0 64532100.0 519490000.0 -3.56 [-3.56]
74131000000000.0 4.77903e+16 84824500000.0 976917000000.0 170799000000.0 13772900000.0 233359000000.0 5225340000.0 150802000.0 1335940000000.0 3495790000.0 193028000.0 206025000.0 4630100000.0 72878800000.0 33797100000.0 38914900000.0 71050100.0 540658000.0 -3.54 [-3.54]
74131000000000.0 4.53974e+16 84650200000.0 934977000000.0 155687000000.0 14087400000.0 224417000000.0 4535410000.0 166619000.0 1300730000000.0 2914550000.0 153996000.0 206268000.0 4668340000.0 71622800000.0 32267500000.0 34757600000.0 78121500.0 561649000.0 -3.52 [-3.52]
74131000000000.0 4.3125e+16 84443600000.0 894257000000.0 141733000000.0 14408000000.0 215610000000.0 3932100000.0 183890000.0 1264570000000.0 2424980000.0 122599000.0 206213000.0 4702030000.0 70244800000.0 30739200000.0 30975800000.0 85780700.0 582388000.0 -3.5 [-3.5]
74131000000000.0 4.09719e+16 84207700000.0 854864000000.0 128893000000.0 14734500000.0 206969000000.0 3406210000.0 202691000.0 1227680000000.0 2014180000.0 97441100.0 205879000.0 4731440000.0 68765000000.0 29224900000.0 27552800000.0 94046600.0 602765000.0 -3.48 [-3.48]
74131000000000.0 3.89224e+16 83940700000.0 816615000000.0 117046000000.0 15067100000.0 198464000000.0 2946630000.0 223186000.0 1189960000000.0 1668900000.0 77250800.0 205271000.0 4757380000.0 67187100000.0 27724700000.0 24453900000.0 102985000.0 622775000.0 -3.46 [-3.46]
74131000000000.0 3.69717e+16 83643400000.0 779517000000.0 106131000000.0 15405600000.0 190104000000.0 2545580000.0 245495000.0 1151510000000.0 1379390000.0 61088000.0 204398000.0 4780300000.0 65524600000.0 26246000000.0 21657300000.0 112634000.0 642343000.0 -3.44 [-3.44]
74131000000000.0 3.51236e+16 83320100000.0 743748000000.0 96130700000.0 15750000000.0 181939000000.0 2197450000.0 269669000.0 1112680000000.0 1138070000.0 48226500.0 203286000.0 4800290000.0 63802300000.0 24802000000.0 19149700000.0 122994000.0 661331000.0 -3.42 [-3.42]
74131000000000.0 3.33685e+16 82970200000.0 709209000000.0 86961600000.0 16100000000.0 173954000000.0 1894980000.0 295856000.0 1073460000000.0 936944000.0 37993200.0 201943000.0 4817920000.0 62027500000.0 23394200000.0 16903300000.0 134115000.0 679703000.0 -3.4 [-3.4]
74131000000000.0 3.17059e+16 82596300000.0 675973000000.0 78583500000.0 16455400000.0 166175000000.0 1633010000.0 324132000.0 1034080000000.0 769985000.0 29882800.0 200389000.0 4833430000.0 60218100000.0 22030300000.0 14899500000.0 146007000.0 697366000.0 -3.38 [-3.38]
74131000000000.0 3.01233e+16 82196100000.0 643861000000.0 70906600000.0 16815800000.0 158569000000.0 1405450000.0 354701000.0 994448000000.0 631162000.0 23444700.0 198627000.0 4847540000.0 58374200000.0 20706900000.0 13110000000.0 158744000.0 714321000.0 -3.36 [-3.36]
74131000000000.0 2.86204e+16 81771400000.0 612938000000.0 63897500000.0 17180800000.0 151159000000.0 1208440000.0 387642000.0 954783000000.0 516230000.0 18355900.0 196674000.0 4860410000.0 56511300000.0 19430500000.0 11518600000.0 172333000.0 730475000.0 -3.34 [-3.34]
74131000000000.0 2.71933e+16 81322300000.0 583182000000.0 57507000000.0 17549700000.0 143948000000.0 1038050000.0 423076000.0 915190000000.0 421287000.0 14342200.0 194543000.0 4872320000.0 54638300000.0 18203200000.0 10106300000.0 186803000.0 745769000.0 -3.32 [-3.32]
74131000000000.0 2.58382e+16 80850200000.0 554576000000.0 51689000000.0 17922000000.0 136939000000.0 890865000.0 461117000.0 875783000000.0 343040000.0 11183600.0 192249000.0 4883550000.0 52764600000.0 17026300000.0 8855610000.0 202173000.0 760162000.0 -3.3 [-3.3]
74131000000000.0 2.45481e+16 80352500000.0 527022000000.0 46388500000.0 18296600000.0 130116000000.0 763598000.0 501945000.0 836558000000.0 278584000.0 8698900.0 189794000.0 4894510000.0 50891300000.0 15898300000.0 7748080000.0 218496000.0 773620000.0 -3.28 [-3.28]
74131000000000.0 2.33262e+16 79833600000.0 500640000000.0 41587400000.0 18673000000.0 123514000000.0 654122000.0 545541000.0 797822000000.0 225816000.0 6756120.0 187206000.0 4905040000.0 49036500000.0 14825100000.0 6772760000.0 235724000.0 786060000.0 -3.26 [-3.26]
74131000000000.0 2.21659e+16 79291800000.0 475330000000.0 37235000000.0 19049800000.0 117118000000.0 559834000.0 592065000.0 759564000000.0 182626000.0 5237010.0 184491000.0 4915490000.0 47200600000.0 13804000000.0 5913590000.0 253895000.0 797471000.0 -3.24 [-3.24]
74131000000000.0 2.1064e+16 78727500000.0 451066000000.0 33295100000.0 19426000000.0 110926000000.0 478707000.0 641606000.0 721876000000.0 147357000.0 4051670.0 181658000.0 4925960000.0 45388600000.0 12834600000.0 5157950000.0 273014000.0 807819000.0 -3.22 [-3.22]
74131000000000.0 2.00203e+16 78142700000.0 427881000000.0 29741000000.0 19800500000.0 104952000000.0 409101000.0 694162000.0 684933000000.0 118675000.0 3130280.0 178729000.0 4936400000.0 43610200000.0 11918500000.0 4495500000.0 293038000.0 817069000.0 -3.2 [-3.2]
74131000000000.0 1.90241e+16 77531500000.0 405567000000.0 26518900000.0 20170900000.0 99153400000.0 349072000.0 750045000.0 648538000000.0 95272600.0 2411500.0 175687000.0 4947360000.0 41853300000.0 11048200000.0 3912330000.0 314077000.0 825236000.0 -3.18 [-3.18]
74131000000000.0 1.80829e+16 76902300000.0 384329000000.0 23627500000.0 20536800000.0 93584300000.0 297776000.0 808963000.0 613125000000.0 76370800.0 1856270.0 172579000.0 4958210000.0 40141600000.0 10231100000.0 3403490000.0 335953000.0 832262000.0 -3.16 [-3.16]
74131000000000.0 1.71867e+16 76249100000.0 363967000000.0 21019100000.0 20895400000.0 88201800000.0 253702000.0 871209000.0 578493000000.0 61049000.0 1425610.0 169386000.0 4969450000.0 38462600000.0 9459670000.0 2957460000.0 358766000.0 838166000.0 -3.14 [-3.14]
74131000000000.0 1.63358e+16 75574300000.0 344513000000.0 18675300000.0 21245200000.0 83019300000.0 215955000.0 936699000.0 544799000000.0 48686900.0 1092990.0 166130000.0 4980860000.0 36823900000.0 8734600000.0 2567780000.0 382439000.0 842940000.0 -3.12 [-3.12]
74131000000000.0 1.55275e+16 74877300000.0 325929000000.0 16571400000.0 21584100000.0 78032200000.0 183642000.0 1005430000.0 512080000000.0 38733500.0 836512.0 162815000.0 4992450000.0 35225900000.0 8054090000.0 2227590000.0 406945000.0 846575000.0 -3.1 [-3.1]
74131000000000.0 1.476e+16 74159000000.0 308195000000.0 14686400000.0 21909800000.0 73241200000.0 156017000.0 1077360000.0 480401000000.0 30742300.0 639187.0 159454000.0 5004090000.0 33671000000.0 7416750000.0 1931020000.0 432227000.0 849084000.0 -3.08 [-3.08]
74131000000000.0 1.40311e+16 73419500000.0 291279000000.0 12999600000.0 22220200000.0 68642900000.0 132415000.0 1152410000.0 449798000000.0 24340800.0 487624.0 156054000.0 5015690000.0 32159800000.0 6820740000.0 1672670000.0 458236000.0 850476000.0 -3.06 [-3.06]
74131000000000.0 1.33389e+16 72658900000.0 275154000000.0 11492400000.0 22512900000.0 64235500000.0 112269000.0 1230500000.0 420309000000.0 19225900.0 371428.0 152623000.0 5027150000.0 30692900000.0 6264330000.0 1447860000.0 484911000.0 850766000.0 -3.04 [-3.04]
74131000000000.0 1.26814e+16 71877400000.0 259790000000.0 10147500000.0 22785400000.0 60016300000.0 95087200.0 1311500000.0 391963000000.0 15148900.0 282495.0 149168000.0 5038330000.0 29270500000.0 5745710000.0 1252380000.0 512188000.0 849972000.0 -3.02 [-3.02]
74131000000000.0 1.20554e+16 71073200000.0 245125000000.0 8946810000.0 23034500000.0 55974400000.0 80421300.0 1395380000.0 364726000000.0 11902400.0 214440.0 145688000.0 5049210000.0 27889300000.0 5261980000.0 1082260000.0 540045000.0 848110000.0 -3.0 [-3.0]
74131000000000.0 1.14625e+16 70251100000.0 231207000000.0 7880930000.0 23259400000.0 52125500000.0 67963600.0 1481700000.0 338738000000.0 9333020.0 162642.0 142208000.0 5059350000.0 26556800000.0 4813700000.0 934896000.0 568302000.0 845224000.0 -2.98 [-2.98]
74131000000000.0 1.09008e+16 69411900000.0 218004000000.0 6935780000.0 23457800000.0 48465900000.0 57388500.0 1570240000.0 314004000000.0 7303830.0 123260.0 138735000.0 5068600000.0 25272600000.0 4398830000.0 807300000.0 596874000.0 841358000.0 -2.96 [-2.96]
74131000000000.0 1.03658e+16 68551000000.0 205421000000.0 6095270000.0 23625600000.0 44976100000.0 48384800.0 1661010000.0 290420000000.0 5699490.0 0.0 135255000.0 5077020000.0 24028900000.0 4013630000.0 696488000.0 625788000.0 836510000.0 -2.94 [-2.94]
74131000000000.0 9857680000000000.0 67671300000.0 193466000000.0 5350470000.0 23761600000.0 41661600000.0 40743100.0 1753620000.0 268042000000.0 4436810.0 0.0 131785000.0 5084300000.0 22829100000.0 3657420000.0 600511000.0 654905000.0 830731000.0 -2.92 [-2.92]
74131000000000.0 9375000000000000.0 66773300000.0 182116000000.0 4691390000.0 23863700000.0 38519800000.0 34264500.0 1847750000.0 246867000000.0 3445590.0 0.0 128329000.0 5090250000.0 21672500000.0 3328520000.0 517441000.0 684140000.0 824061000.0 -2.9 [-2.9]
74131000000000.0 8916500000000000.0 65857600000.0 171346000000.0 4108940000.0 23930100000.0 35547300000.0 28778200.0 1943110000.0 226884000000.0 2669460.0 0.0 124892000.0 5094670000.0 20558600000.0 3025320000.0 445593000.0 713405000.0 816542000.0 -2.88 [-2.88]
74131000000000.0 8479790000000000.0 64922200000.0 161105000000.0 3593830000.0 23958100000.0 32734900000.0 24129200.0 2039490000.0 208039000000.0 2062310.0 0.0 121470000.0 5097440000.0 19483700000.0 2745580000.0 383379000.0 742675000.0 808188000.0 -2.86 [-2.86]
74131000000000.0 8067170000000000.0 63975900000.0 151451000000.0 3141770000.0 23950300000.0 30097300000.0 20217500.0 2136110000.0 190432000000.0 1591070.0 0.0 118097000.0 5098140000.0 18456100000.0 2489740000.0 329850000.0 771693000.0 799128000.0 -2.84 [-2.84]
74131000000000.0 7674060000000000.0 63011200000.0 142280000000.0 2742880000.0 23902000000.0 27612200000.0 16910000.0 2233060000.0 173917000000.0 1224120.0 0.0 114747000.0 5096810000.0 17465900000.0 2254370000.0 283543000.0 800554000.0 789324000.0 -2.82 [-2.82]
74131000000000.0 7299580000000000.0 62029100000.0 133574000000.0 2391440000.0 23812300000.0 25276800000.0 14118200.0 2329970000.0 158473000000.0 939242.0 0.0 111425000.0 5093220000.0 16512800000.0 2038190000.0 243522000.0 829178000.0 778820000.0 -2.8 [-2.8]
74131000000000.0 6944780000000000.0 61035700000.0 125360000000.0 2083540000.0 23684100000.0 23097100000.0 11774300.0 2426200000.0 144134000000.0 719428.0 0.0 108153000.0 5087090000.0 15601400000.0 1840930000.0 209090000.0 857377000.0 767727000.0 -2.78 [-2.78]
74131000000000.0 6608610000000000.0 60032300000.0 117614000000.0 1814060000.0 23517900000.0 21067500000.0 9808700.0 2521390000.0 130857000000.0 550162.0 0.0 104934000.0 5078300000.0 14730600000.0 1661160000.0 179478000.0 885085000.0 756098000.0 -2.76 [-2.76]
74131000000000.0 6287370000000000.0 59010900000.0 110251000000.0 1576910000.0 23309200000.0 19169800000.0 8153040.0 2615650000.0 118516000000.0 419430.0 0.0 101744000.0 5066740000.0 13891900000.0 1496370000.0 153875000.0 912409000.0 743874000.0 -2.74 [-2.74]
74131000000000.0 5983850000000000.0 57984500000.0 103335000000.0 1370340000.0 23066000000.0 17415900000.0 6771820.0 2708090000.0 107179000000.0 319449.0 0.0 98623100.0 5052220000.0 13094500000.0 1347040000.0 131933000.0 939062000.0 731250000.0 -2.72 [-2.72]
74131000000000.0 5693740000000000.0 56941800000.0 96769300000.0 1188960000.0 22782400000.0 15784500000.0 5611950.0 2798960000.0 96699800000.0 242581.0 0.0 95536200.0 5034610000.0 12327700000.0 1210540000.0 112981000.0 965218000.0 718119000.0 -2.7 [-2.7]
74131000000000.0 5419680000000000.0 55896400000.0 90610800000.0 1031330000.0 22467700000.0 14284700000.0 4647480.0 2887440000.0 87125300000.0 184065.0 0.0 92522600.0 5013830000.0 11600100000.0 1087230000.0 96761100.0 990602000.0 704692000.0 -2.68 [-2.68]
74131000000000.0 5158420000000000.0 54839900000.0 84786000000.0 893524000.0 22118100000.0 12899900000.0 3841620.0 2973700000.0 78340800000.0 139344.0 0.0 89556900.0 4989750000.0 10903800000.0 975119000.0 82795400.0 1015340000.0 690890000.0 -2.66 [-2.66]
74131000000000.0 4910120000000000.0 53776600000.0 79297000000.0 773470000.0 21737900000.0 11627800000.0 3170920.0 3057380000.0 70320900000.0 105313.0 0.0 86650100.0 4962310000.0 10240300000.0 873605000.0 70805700.0 1039330000.0 676801000.0 -2.64 [-2.64]
