Cloudy_runs/3c263/z=0.063397/logZ=-1/component_I_PI_nH/component_I_PI_nH_col_density_param.txt
# %ECSV 1.0
# ---
# datatype:
# - {name: H, datatype: float64}
# - {name: H+, datatype: float64}
# - {name: C+, datatype: float64}
# - {name: C+2, datatype: float64}
# - {name: C+3, datatype: float64}
# - {name: N+, datatype: float64}
# - {name: N+2, datatype: float64}
# - {name: N+4, datatype: float64}
# - {name: O, datatype: float64}
# - {name: O+2, datatype: float64}
# - {name: O+5, datatype: float64}
# - {name: O+6, datatype: float64}
# - {name: P+, datatype: float64}
# - {name: Si+, datatype: float64}
# - {name: Si+2, datatype: float64}
# - {name: Si+3, datatype: float64}
# - {name: Si+4, datatype: float64}
# - {name: Fe+, datatype: float64}
# - {name: Al+, datatype: float64}
# - {name: log_nH, datatype: float64}
# - {name: parameters, datatype: string, subtype: 'float64[1]'}
# schema: astropy-2.0
H H+ C+ C+2 C+3 N+ N+2 N+4 O O+2 O+5 O+6 P+ Si+ Si+2 Si+3 Si+4 Fe+ Al+ log_nH parameters
74131000000000.0 2.17225e+18 7069900000.0 910270000000.0 2905390000000.0 535660000.0 148897000000.0 2447600000000.0 43570.0 391549000000.0 24989000000000.0 33891000000000.0 439643.0 6863360.0 311250000.0 1297260000.0 113427000000.0 1644.42 209593.0 -5.0 [-5.0]
74131000000000.0 2.05781e+18 7635080000.0 956611000000.0 2938260000000.0 583039000.0 157910000000.0 2402620000000.0 48724.8 416677000000.0 23583800000000.0 30467100000000.0 514400.0 8090910.0 359453000.0 1449480000.0 120053000000.0 1992.68 249514.0 -4.98 [-4.98]
74131000000000.0 1.94962e+18 8236540000.0 1004110000000.0 2968100000000.0 633930000.0 167256000000.0 2354450000000.0 54473.0 442779000000.0 22208700000000.0 27335300000000.0 600819.0 9519550.0 414465000.0 1617130000.0 126880000000.0 2412.51 296350.0 -4.96 [-4.96]
74131000000000.0 1.84733e+18 8875830000.0 1052720000000.0 2994830000000.0 688500000.0 176921000000.0 2303260000000.0 60881.0 469830000000.0 20867900000000.0 24477300000000.0 700541.0 11178800.0 477141000.0 1801450000.0 133896000000.0 2918.06 351181.0 -4.94 [-4.94]
74131000000000.0 1.7506e+18 9554450000.0 1102380000000.0 3018380000000.0 746901000.0 186891000000.0 2249210000000.0 68021.3 497797000000.0 19565300000000.0 21875100000000.0 815396.0 13102000.0 548432000.0 2003780000.0 141092000000.0 3526.18 415244.0 -4.92 [-4.92]
74131000000000.0 1.65908e+18 10273800000.0 1153010000000.0 3038660000000.0 809274000.0 197147000000.0 2192490000000.0 75974.3 526642000000.0 18304000000000.0 19511200000000.0 947430.0 15326600.0 629386000.0 2225530000.0 148454000000.0 4256.87 489945.0 -4.9 [-4.9]
74131000000000.0 1.57249e+18 11035200000.0 1204550000000.0 3055620000000.0 875745000.0 207665000000.0 2133310000000.0 84828.2 556319000000.0 17086900000000.0 17368600000000.0 1098910.0 17894300.0 721157000.0 2468180000.0 155969000000.0 5133.8 576884.0 -4.88 [-4.88]
74131000000000.0 1.49054e+18 11840000000.0 1256890000000.0 3069190000000.0 946439000.0 218422000000.0 2071880000000.0 94683.1 586780000000.0 15916400000000.0 15431200000000.0 1272360.0 20852100.0 825018000.0 2733260000.0 163619000000.0 6185.03 677873.0 -4.86 [-4.86]
74131000000000.0 1.41296e+18 12689300000.0 1309950000000.0 3079310000000.0 1021460000.0 229388000000.0 2008440000000.0 105650.0 617973000000.0 14794400000000.0 13683200000000.0 1470590.0 24252000.0 942360000.0 3022390000.0 171388000000.0 7443.73 794969.0 -4.84 [-4.84]
74131000000000.0 1.3395e+18 13584300000.0 1363610000000.0 3085930000000.0 1100900000.0 240532000000.0 1943220000000.0 117852.0 649838000000.0 13722300000000.0 12109900000000.0 1696690.0 28151900.0 1074700000.0 3337220000.0 179255000000.0 8949.03 930492.0 -4.82 [-4.82]
74131000000000.0 1.26993e+18 14525400000.0 1417740000000.0 3088990000000.0 1184780000.0 251815000000.0 1876480000000.0 131422.0 682306000000.0 12701200000000.0 10696900000000.0 1953990.0 32615500.0 1223710000.0 3679530000.0 187198000000.0 10747.0 1087070.0 -4.8 [-4.8]
74131000000000.0 1.20403e+18 15513800000.0 1472210000000.0 3088450000000.0 1273200000.0 263203000000.0 1808490000000.0 146519.0 715321000000.0 11731500000000.0 9430850000000.0 2246280.0 37713800.0 1391190000.0 4051060000.0 195196000000.0 12891.9 1267650.0 -4.78 [-4.78]
74131000000000.0 1.14161e+18 16550100000.0 1526900000000.0 3084290000000.0 1366190000.0 274658000000.0 1739520000000.0 163318.0 748819000000.0 10813700000000.0 8299040000000.0 2577650.0 43524400.0 1579080000.0 4453600000.0 203221000000.0 15447.6 1475540.0 -4.76 [-4.76]
74131000000000.0 1.08248e+18 17634900000.0 1581650000000.0 3076470000000.0 1463790000.0 286138000000.0 1669830000000.0 182017.0 782732000000.0 9947400000000.0 7289530000000.0 2952600.0 50132800.0 1789530000.0 4889030000.0 211249000000.0 18489.0 1714460.0 -4.74 [-4.74]
74131000000000.0 1.02645e+18 18768400000.0 1636300000000.0 3064960000000.0 1566000000.0 297601000000.0 1599720000000.0 202836.0 816992000000.0 9132190000000.0 6391120000000.0 3375990.0 57632100.0 2024790000.0 5359170000.0 219249000000.0 22103.5 1988550.0 -4.72 [-4.72]
74131000000000.0 9.73358e+17 19950800000.0 1690680000000.0 3049780000000.0 1672800000.0 309004000000.0 1529450000000.0 226026.0 851527000000.0 8367230000000.0 5593330000000.0 3853120.0 66124000.0 2287320000.0 5865890000.0 227193000000.0 26393.0 2302380.0 -4.7 [-4.7]
74131000000000.0 9.23042e+17 21182500000.0 1744630000000.0 3030890000000.0 1784230000.0 320306000000.0 1459280000000.0 251880.0 886278000000.0 7651250000000.0 4886280000000.0 4389810.0 75721700.0 2579820000.0 6411130000.0 235049000000.0 31474.7 2660820.0 -4.68 [-4.68]
74131000000000.0 8.75378e+17 22461900000.0 1797910000000.0 3008330000000.0 1900120000.0 331452000000.0 1389520000000.0 280689.0 921141000000.0 6983420000000.0 4261420000000.0 4991850.0 86536400.0 2904860000.0 6996430000.0 242781000000.0 37485.8 3069600.0 -4.66 [-4.66]
74131000000000.0 8.30192e+17 23789100000.0 1850380000000.0 2982100000000.0 2020490000.0 342404000000.0 1320370000000.0 312834.0 956070000000.0 6361700000000.0 3709930000000.0 5666270.0 98704400.0 3265630000.0 7623920000.0 250360000000.0 44591.8 3535290.0 -4.64 [-4.64]
74131000000000.0 7.87373e+17 25164100000.0 1901830000000.0 2952240000000.0 2145330000.0 353124000000.0 1252100000000.0 348733.0 990999000000.0 5784560000000.0 3224380000000.0 6420380.0 112363000.0 3665210000.0 8295070000.0 257748000000.0 52978.8 4064770.0 -4.62 [-4.62]
74131000000000.0 7.4679e+17 26585200000.0 1952050000000.0 2918790000000.0 2274550000.0 363564000000.0 1184940000000.0 388843.0 1025850000000.0 5250150000000.0 2797720000000.0 7261770.0 127661000.0 4106910000.0 9011540000.0 264910000000.0 62863.9 4665720.0 -4.6 [-4.6]
74131000000000.0 7.08332e+17 28052300000.0 2000860000000.0 2881810000000.0 2408140000.0 373689000000.0 1119100000000.0 433703.0 1060560000000.0 4756550000000.0 2423610000000.0 8198930.0 144758000.0 4594240000.0 9774660000.0 271809000000.0 74498.2 5346540.0 -4.58 [-4.58]
74131000000000.0 6.71864e+17 29562500000.0 2048010000000.0 2841340000000.0 2545910000.0 383453000000.0 1054740000000.0 483900.0 1095060000000.0 4301570000000.0 2096020000000.0 9240400.0 163827000.0 5130960000.0 10586200000.0 278410000000.0 88176.4 6116840.0 -4.56 [-4.56]
74131000000000.0 6.3732e+17 31112800000.0 2093260000000.0 2797540000000.0 2687680000.0 392812000000.0 992124000000.0 540061.0 1129240000000.0 3883630000000.0 1810040000000.0 10394400.0 185023000.0 5720340000.0 11446700000.0 284670000000.0 104217.0 6985880.0 -4.54 [-4.54]
74131000000000.0 6.04568e+17 32703100000.0 2136450000000.0 2750450000000.0 2833540000.0 401743000000.0 931331000000.0 603009.0 1163080000000.0 3500170000000.0 1560600000000.0 11671700.0 208558000.0 6366790000.0 12357500000.0 290559000000.0 123019.0 7965530.0 -4.52 [-4.52]
74131000000000.0 5.73525e+17 34330700000.0 2177360000000.0 2700200000000.0 2983370000.0 410210000000.0 872520000000.0 673592.0 1196500000000.0 3149280000000.0 1343500000000.0 13082400.0 234621000.0 7074130000.0 13319100000.0 296037000000.0 145019.0 9067470.0 -4.5 [-4.5]
74131000000000.0 5.44102e+17 35992500000.0 2215790000000.0 2646930000000.0 3137060000.0 418184000000.0 815808000000.0 752783.0 1229440000000.0 2828890000000.0 1154890000000.0 14636700.0 263417000.0 7846430000.0 14331900000.0 301068000000.0 170721.0 10304700.0 -4.48 [-4.48]
74131000000000.0 5.16206e+17 37684500000.0 2251500000000.0 2590780000000.0 3294420000.0 425630000000.0 761283000000.0 841668.0 1261800000000.0 2536950000000.0 991300000000.0 16345000.0 295154000.0 8687760000.0 15396200000.0 305619000000.0 200703.0 11691400.0 -4.46 [-4.46]
74131000000000.0 4.89773e+17 39405900000.0 2284360000000.0 2531930000000.0 3455580000.0 432537000000.0 709029000000.0 941533.0 1293560000000.0 2271540000000.0 849690000000.0 18219400.0 330058000.0 9602240000.0 16511000000.0 309654000000.0 235623.0 13242500.0 -4.44 [-4.44]
74131000000000.0 4.64709e+17 41150700000.0 2314140000000.0 2470520000000.0 3620250000.0 438872000000.0 659086000000.0 1053760.0 1324630000000.0 2030680000000.0 727265000000.0 20270300.0 368348000.0 10593900000.0 17676200000.0 313140000000.0 276234.0 14974400.0 -4.42 [-4.42]
74131000000000.0 4.40953e+17 42916000000.0 2340690000000.0 2406780000000.0 3788440000.0 444621000000.0 611500000000.0 1179930.0 1354950000000.0 1812570000000.0 621630000000.0 22509200.0 410247000.0 11666700000.0 18890200000.0 316049000000.0 323381.0 16904100.0 -4.4 [-4.4]
74131000000000.0 4.18444e+17 44705500000.0 2364020000000.0 2340900000000.0 3960690000.0 449793000000.0 566273000000.0 1322030.0 1384530000000.0 1615390000000.0 530625000000.0 24952400.0 456043000.0 12825100000.0 20150500000.0 318354000000.0 378060.0 19051100.0 -4.38 [-4.38]
74131000000000.0 3.97106e+17 46499600000.0 2383690000000.0 2273140000000.0 4135680000.0 454329000000.0 523445000000.0 1481680.0 1413180000000.0 1437620000000.0 452364000000.0 27599700.0 505837000.0 14070900000.0 21456100000.0 320026000000.0 441290.0 21432600.0 -4.36 [-4.36]
74131000000000.0 3.76867e+17 48304500000.0 2399780000000.0 2203660000000.0 4314230000.0 458249000000.0 482941000000.0 1661520.0 1440930000000.0 1277430000000.0 385100000000.0 30470200.0 559972000.0 15409200000.0 22804000000.0 321044000000.0 514409.0 24072700.0 -4.34 [-4.34]
74131000000000.0 3.57684e+17 50110600000.0 2412100000000.0 2132760000000.0 4495860000.0 461535000000.0 444778000000.0 1863870.0 1467700000000.0 1133500000000.0 327430000000.0 33568300.0 618582000.0 16841400000.0 24190300000.0 321389000000.0 598725.0 26990500.0 -4.32 [-4.32]
74131000000000.0 3.39507e+17 51913000000.0 2420610000000.0 2060710000000.0 4680480000.0 464184000000.0 408918000000.0 2091560.0 1493410000000.0 1004420000000.0 278063000000.0 36901500.0 681850000.0 18369600000.0 25610500000.0 321044000000.0 695770.0 30207700.0 -4.3 [-4.3]
74131000000000.0 3.22263e+17 53709400000.0 2425270000000.0 1987680000000.0 4868290000.0 466200000000.0 375267000000.0 2348060.0 1518050000000.0 888728000000.0 235818000000.0 40481000.0 750045000.0 19996800000.0 27060700000.0 319997000000.0 807413.0 33751700.0 -4.28 [-4.28]
74131000000000.0 3.05908e+17 55491200000.0 2425990000000.0 1913960000000.0 5058930000.0 467574000000.0 343783000000.0 2636830.0 1541540000000.0 785266000000.0 199736000000.0 44307900.0 823272000.0 21723000000.0 28535400000.0 318237000000.0 935568.0 37645300.0 -4.26 [-4.26]
74131000000000.0 2.90403e+17 57257300000.0 2422850000000.0 1839810000000.0 5252650000.0 468321000000.0 314399000000.0 2962010.0 1563850000000.0 692896000000.0 168965000000.0 48389200.0 901704000.0 23548800000.0 30027500000.0 315763000000.0 1082440.0 41914000.0 -4.24 [-4.24]
74131000000000.0 2.757e+17 59001600000.0 2415850000000.0 1765500000000.0 5449310000.0 468445000000.0 287037000000.0 3328130.0 1584910000000.0 610566000000.0 142758000000.0 52725100.0 985444000.0 25473100000.0 31530000000.0 312575000000.0 1250460.0 46583500.0 -4.22 [-4.22]
74131000000000.0 2.61753e+17 60716200000.0 2404990000000.0 1691280000000.0 5648630000.0 467946000000.0 261615000000.0 3740230.0 1604680000000.0 537291000000.0 120464000000.0 57311100.0 1074530000.0 27493600000.0 33035800000.0 308675000000.0 1442390.0 51680300.0 -4.2 [-4.2]
74131000000000.0 2.48526e+17 62399000000.0 2390380000000.0 1617380000000.0 5850790000.0 466840000000.0 238047000000.0 4204060.0 1623120000000.0 472177000000.0 101525000000.0 62145900.0 1169030000.0 29607400000.0 34536000000.0 304077000000.0 1661240.0 57231200.0 -4.18 [-4.18]
74131000000000.0 2.35976e+17 64040900000.0 2372040000000.0 1544050000000.0 6055390000.0 465132000000.0 216245000000.0 4725940.0 1640160000000.0 414397000000.0 85454800000.0 67216800.0 1268870000.0 31809500000.0 36022300000.0 298792000000.0 1910400.0 63262700.0 -4.16 [-4.16]
74131000000000.0 2.24071e+17 65640900000.0 2350150000000.0 1471530000000.0 6262660000.0 462842000000.0 196120000000.0 5313020.0 1655770000000.0 363204000000.0 71837800000.0 72516900.0 1374000000.0 34094200000.0 37484200000.0 292842000000.0 2193590.0 69801400.0 -4.14 [-4.14]
74131000000000.0 2.1278e+17 67197200000.0 2324900000000.0 1400020000000.0 6472740000.0 459990000000.0 177582000000.0 5973240.0 1669930000000.0 317919000000.0 60316400000.0 78035300.0 1484350000.0 36454800000.0 38910800000.0 286256000000.0 2514920.0 76873400.0 -4.12 [-4.12]
74131000000000.0 2.02061e+17 68697100000.0 2296290000000.0 1329730000000.0 6684940000.0 456578000000.0 160537000000.0 6715380.0 1682560000000.0 277905000000.0 50575000000.0 83743000.0 1599580000.0 38880300000.0 40293400000.0 279058000000.0 2878970.0 84503800.0 -4.1 [-4.1]
74131000000000.0 1.91879e+17 70142000000.0 2264530000000.0 1260770000000.0 6899670000.0 452625000000.0 144884000000.0 7550000.0 1693630000000.0 242573000000.0 42344700000.0 89628400.0 1719610000.0 41362100000.0 41620200000.0 271279000000.0 3291160.0 92724600.0 -4.08 [-4.08]
74131000000000.0 1.82224e+17 71526000000.0 2229880000000.0 1193460000000.0 7116590000.0 448164000000.0 130564000000.0 8486760.0 1703100000000.0 211475000000.0 35412200000.0 95656600.0 1843850000.0 43884900000.0 42879600000.0 262976000000.0 3756250.0 101544000.0 -4.06 [-4.06]
74131000000000.0 1.7306e+17 72847600000.0 2192510000000.0 1127890000000.0 7335840000.0 443209000000.0 117476000000.0 9538430.0 1710940000000.0 184116000000.0 29574800000.0 101805000.0 1972010000.0 46436300000.0 44060400000.0 254189000000.0 4280630.0 110990000.0 -4.04 [-4.04]
74131000000000.0 1.64361e+17 74103400000.0 2152620000000.0 1064180000000.0 7557330000.0 437784000000.0 105536000000.0 10718500.0 1717120000000.0 160078000000.0 24665700000.0 108041000.0 2103580000.0 49000300000.0 45151700000.0 244967000000.0 4870960.0 121081000.0 -4.02 [-4.02]
74131000000000.0 1.56102e+17 75291100000.0 2110440000000.0 1002460000000.0 7781060000.0 431910000000.0 94664100000.0 12041800.0 1721590000000.0 138988000000.0 20542600000.0 114331000.0 2238010000.0 51559900000.0 46142800000.0 235365000000.0 5534490.0 131834000.0 -4.0 [-4.0]
74131000000000.0 1.48261e+17 76409000000.0 2066190000000.0 942814000000.0 8007020000.0 425612000000.0 84782600000.0 13525100.0 1724330000000.0 120509000000.0 17084200000.0 120640000.0 2374680000.0 54096900000.0 47023300000.0 225443000000.0 6279180.0 143262000.0 -3.98 [-3.98]
74131000000000.0 1.40815e+17 77456100000.0 2020110000000.0 885335000000.0 8235260000.0 418917000000.0 75817600000.0 15186400.0 1725310000000.0 104340000000.0 14187200000.0 126933000.0 2512910000.0 56592300000.0 47783600000.0 215262000000.0 7113670.0 155376000.0 -3.96 [-3.96]
74131000000000.0 1.33754e+17 78430200000.0 1972490000000.0 830150000000.0 8465590000.0 411860000000.0 67708000000.0 17044100.0 1724530000000.0 90227700000.0 11766500000.0 133164000.0 2651760000.0 59024700000.0 48416200000.0 204898000000.0 8046200.0 168167000.0 -3.94 [-3.94]
74131000000000.0 1.27031e+17 79335000000.0 1923360000000.0 777094000000.0 8698710000.0 404435000000.0 60358700000.0 19126100.0 1721900000000.0 77883800000.0 9739750000.0 139319000.0 2791090000.0 61378200000.0 48910800000.0 194380000000.0 9090620.0 181684000.0 -3.92 [-3.92]
74131000000000.0 1.20655e+17 80167000000.0 1873150000000.0 726405000000.0 8934090000.0 396703000000.0 53734900000.0 21451000.0 1717470000000.0 67141700000.0 8051290000.0 145341000.0 2929510000.0 63628600000.0 49263900000.0 183811000000.0 10254500.0 195881000.0 -3.9 [-3.9]
74131000000000.0 1.14608e+17 80926800000.0 1822100000000.0 678092000000.0 9171800000.0 388694000000.0 47775200000.0 24044600.0 1711220000000.0 57806200000.0 6646550000.0 151194000.0 3066190000.0 65756600000.0 49471500000.0 173258000000.0 11549200.0 210747000.0 -3.88 [-3.88]
74131000000000.0 1.08856e+17 81617200000.0 1770250000000.0 632017000000.0 9412370000.0 380407000000.0 42407800000.0 26941700.0 1703090000000.0 49683300000.0 5476650000.0 156860000.0 3200790000.0 67745100000.0 49528100000.0 162758000000.0 12991200.0 226309000.0 -3.86 [-3.86]
