Cloudy_runs/3c263/z=0.063397/logZ=-1/component_I_PI_nH/component_I_PI_nH_col_density_param.txt
# %ECSV 1.0
# ---
# datatype:
# - {name: H, datatype: float64}
# - {name: H+, datatype: float64}
# - {name: C+, datatype: float64}
# - {name: C+2, datatype: float64}
# - {name: C+3, datatype: float64}
# - {name: N+, datatype: float64}
# - {name: N+2, datatype: float64}
# - {name: N+4, datatype: float64}
# - {name: O, datatype: float64}
# - {name: O+2, datatype: float64}
# - {name: O+5, datatype: float64}
# - {name: O+6, datatype: float64}
# - {name: P+, datatype: float64}
# - {name: Si+, datatype: float64}
# - {name: Si+2, datatype: float64}
# - {name: Si+3, datatype: float64}
# - {name: Si+4, datatype: float64}
# - {name: Fe+, datatype: float64}
# - {name: Al+, datatype: float64}
# - {name: log_nH, datatype: float64}
# - {name: parameters, datatype: string, subtype: 'float64[1]'}
# schema: astropy-2.0
H H+ C+ C+2 C+3 N+ N+2 N+4 O O+2 O+5 O+6 P+ Si+ Si+2 Si+3 Si+4 Fe+ Al+ log_nH parameters
[from data line 268]
74131000000000.0 17046900000000.0 1483590000.0 5567760.0 0.0 117514000.0 1611.67 0.0 3775550000.0 8910.94 0.0 0.0 2337700.0 291566000.0 321455.0 742.39 0.0 286406000.0 25587400.0 0.36 [0.36]
74131000000000.0 16551600000000.0 1461210000.0 5287430.0 0.0 112872000.0 1467.5 0.0 3772220000.0 8255.5 0.0 0.0 2325070.0 289949000.0 297161.0 702.858 0.0 284966000.0 25451500.0 0.38 [0.38]
74131000000000.0 16065800000000.0 1439140000.0 5020500.0 0.0 108261000.0 1333.92 0.0 3768950000.0 7650.31 0.0 0.0 2312680.0 288359000.0 273344.0 665.62 0.0 283554000.0 25318100.0 0.4 [0.4]
74131000000000.0 15588400000000.0 1417440000.0 4766690.0 0.0 103642000.0 1209.67 0.0 3765710000.0 7092.24 0.0 0.0 2300500.0 286792000.0 249687.0 630.561 0.0 282169000.0 25187100.0 0.42 [0.42]
74131000000000.0 15115400000000.0 1395940000.0 4524360.0 0.0 98978000.0 1093.72 0.0 3762510000.0 6576.01 0.0 0.0 2288420.0 285234000.0 226138.0 597.509 0.0 280796000.0 25057200.0 0.44 [0.44]
74131000000000.0 14644600000000.0 1374630000.0 4293060.0 0.0 94220800.0 985.034 0.0 3759310000.0 6098.64 0.0 0.0 2276390.0 283675000.0 202479.0 566.357 0.0 279432000.0 24927900.0 0.46 [0.46]
74131000000000.0 14174600000000.0 1353660000.0 4073220.0 0.0 89302700.0 882.524 0.0 3756130000.0 5658.58 0.0 0.0 2264370.0 282109000.0 178392.0 537.038 0.0 278073000.0 24798800.0 0.48 [0.48]
74131100000000.0 13696700000000.0 1332910000.0 3863730.0 0.0 84061800.0 784.251 0.0 3752930000.0 5252.58 0.0 0.0 2252150.0 280503000.0 153217.0 509.455 0.0 276696000.0 24667500.0 0.5 [0.5]
74131100000000.0 9917330000000.0 1244120000.0 2967910.0 0.0 24251600.0 206.86 0.0 3740090000.0 4765.99 0.0 0.0 2155040.0 264872000.0 590.292 486.697 0.0 265768000.0 23640800.0 0.52 [0.52]
74131100000000.0 9503790000000.0 1217630000.0 2784420.0 0.0 22017200.0 179.985 0.0 3737590000.0 4391.94 0.0 0.0 2144480.0 263208000.0 454.434 461.58 0.0 264479000.0 23528100.0 0.54 [0.54]
74131000000000.0 9132520000000.0 1192320000.0 2619640.0 0.0 20229000.0 158.449 0.0 3735170000.0 4048.71 0.0 0.0 2134970.0 261714000.0 379.931 437.853 0.0 263319000.0 23426800.0 0.56 [0.56]
74131000000000.0 8793640000000.0 1168100000.0 2470000.0 0.0 18724900.0 140.535 0.0 3732880000.0 3734.86 0.0 0.0 2126300.0 260346000.0 332.82 415.473 0.0 262261000.0 23334200.0 0.58 [0.58]
74131000000000.0 8475850000000.0 1144410000.0 2331180.0 0.0 17411800.0 125.228 0.0 3730650000.0 3445.47 0.0 0.0 2118150.0 259055000.0 299.927 394.298 0.0 261267000.0 23247400.0 0.6 [0.6]
74131000000000.0 8174970000000.0 1121120000.0 2201520.0 0.0 16243800.0 111.974 0.0 3728480000.0 3178.34 0.0 0.0 2110430.0 257823000.0 275.195 374.253 0.0 260326000.0 23165100.0 0.62 [0.62]
74131000000000.0 7890410000000.0 1098330000.0 2080580.0 0.0 15195600.0 100.417 0.0 3726390000.0 2932.37 0.0 0.0 2103120.0 256647000.0 255.529 355.291 0.0 259436000.0 23087300.0 0.64 [0.64]
74131000000000.0 7620090000000.0 1075950000.0 1967380.0 0.0 14246100.0 90.2714 0.0 3724370000.0 2705.68 0.0 0.0 2096170.0 255519000.0 239.157 337.342 0.0 258590000.0 23013300.0 0.66 [0.66]
74131000000000.0 7360830000000.0 1053820000.0 1860620.0 0.0 13377600.0 81.302 0.0 3722410000.0 2496.03 0.0 0.0 2089490.0 254424000.0 225.019 320.331 0.0 257778000.0 22942400.0 0.68 [0.68]
74131000000000.0 7112480000000.0 1031970000.0 1760050.0 0.0 12580300.0 73.3496 0.0 3720490000.0 2302.41 0.0 0.0 2083090.0 253362000.0 212.485 304.211 0.0 257002000.0 22874400.0 0.7 [0.7]
74131000000000.0 6873690000000.0 1010350000.0 1665000.0 0.0 11844100.0 66.27 0.0 3718630000.0 2123.37 0.0 0.0 2076930.0 252327000.0 201.146 288.927 0.0 256255000.0 22809100.0 0.72 [0.72]
74131000000000.0 6645350000000.0 989086000.0 1575540.0 0.0 11164100.0 59.9609 0.0 3716830000.0 1958.32 0.0 0.0 2071030.0 251325000.0 190.744 274.446 0.0 255541000.0 22746600.0 0.74 [0.74]
74131000000000.0 6425780000000.0 968082000.0 1491000.0 0.0 10532900.0 54.319 0.0 3715080000.0 1805.85 0.0 0.0 2065350.0 250347000.0 181.092 260.713 0.0 254854000.0 22686500.0 0.76 [0.76]
74131000000000.0 6214450000000.0 947331000.0 1411060.0 0.0 9945500.0 49.2638 0.0 3713380000.0 1664.99 0.0 0.0 2059880.0 249391000.0 172.07 247.688 0.0 254194000.0 22628800.0 0.78 [0.78]
74131000000000.0 6010970000000.0 926835000.0 1335440.0 0.0 9397640.0 44.7255 0.0 3711730000.0 1534.89 0.0 0.0 2054600.0 248455000.0 163.594 235.332 0.0 253558000.0 22573100.0 0.8 [0.8]
74131000000000.0 5815390000000.0 906642000.0 1264010.0 0.0 8886400.0 40.6482 0.0 3710130000.0 1414.86 0.0 0.0 2049530.0 247541000.0 155.605 223.612 0.0 252947000.0 22519700.0 0.82 [0.82]
74131000000000.0 5626400000000.0 886650000.0 1196230.0 0.0 8407070.0 36.9732 0.0 3708570000.0 1303.88 0.0 0.0 2044610.0 246640000.0 148.051 212.486 0.0 252357000.0 22468000.0 0.84 [0.84]
74131000000000.0 5443700000000.0 866862000.0 1131900.0 0.0 7957100.0 33.6574 0.0 3707060000.0 1201.3 0.0 0.0 2039850.0 245752000.0 140.895 201.922 0.0 251787000.0 22418100.0 0.86 [0.86]
74131000000000.0 5268390000000.0 847429000.0 1071190.0 0.0 7535640.0 30.6677 0.0 3705590000.0 1106.82 0.0 0.0 2035280.0 244885000.0 134.115 191.9 0.0 251240000.0 22370300.0 0.88 [0.88]
74131000000000.0 5098440000000.0 828160000.0 1013430.0 0.0 7138360.0 27.9616 0.0 3704160000.0 1019.44 0.0 0.0 2030840.0 244024000.0 127.677 182.379 0.0 250710000.0 22323900.0 0.9 [0.9]
74131000000000.0 4934860000000.0 809200000.0 958779.0 0.0 6764880.0 25.5148 0.0 3702780000.0 938.908 0.0 0.0 2026560.0 243180000.0 121.566 173.343 0.0 250201000.0 22279300.0 0.92 [0.92]
74131000000000.0 4776850000000.0 790485000.0 906945.0 0.0 6413070.0 23.3427 0.0 3701430000.0 863.512 0.0 0.0 2022410.0 242345000.0 115.76 164.76 0.0 249709000.0 22236300.0 0.94 [0.94]
74131000000000.0 4624240000000.0 772024000.0 857778.0 0.0 6081310.0 21.3916 0.0 3700120000.0 793.782 0.0 0.0 2018400.0 241520000.0 110.242 156.608 0.0 249234000.0 22194700.0 0.96 [0.96]
74131000000000.0 4476940000000.0 753831000.0 811137.0 0.0 5768060.0 19.616 0.0 3698850000.0 729.814 0.0 0.0 2014520.0 240704000.0 104.997 148.865 0.0 248776000.0 22154600.0 0.98 [0.98]
74131000000000.0 4334940000000.0 735933000.0 766938.0 0.0 5472310.0 17.9997 0.0 3697620000.0 671.15 0.0 0.0 2010770.0 239899000.0 100.01 141.511 0.0 248334000.0 22116000.0 1.0 [1.0]
