Cloudy_runs/pg0003/z=0.347579/component_II_CI/component_II_nH_Z_const_T_col_density_param.txt
# %ECSV 1.0
# ---
# datatype:
# - {name: H, datatype: float64}
# - {name: H+, datatype: float64}
# - {name: C+, datatype: float64}
# - {name: C+2, datatype: float64}
# - {name: C+3, datatype: float64}
# - {name: O+5, datatype: float64}
# - {name: O+6, datatype: float64}
# - {name: Si+, datatype: float64}
# - {name: Si+2, datatype: float64}
# - {name: Si+3, datatype: float64}
# - {name: log_nH, datatype: float64}
# - {name: log_Z, datatype: float64}
# - {name: parameters, datatype: string, subtype: 'float64[2]'}
# schema: astropy-2.0
H H+ C+ C+2 C+3 O+5 O+6 Si+ Si+2 Si+3 log_nH log_Z parameters
[from data line 8139]
158489000000000.0 4.59139e+19 1222770000.0 297134000000.0 5260840000000.0 11211600000000.0 3432720000000.0 6830970.0 4437440000.0 109461000000.0 -2.86 -1.72 [-2.86,-1.72]
158489000000000.0 4.59399e+19 1341230000.0 325935000000.0 5771470000000.0 12300300000000.0 3766050000000.0 7493300.0 4867850000.0 120080000000.0 -2.86 -1.68 [-2.86,-1.68]
158489000000000.0 4.59692e+19 1471230000.0 357549000000.0 6332100000000.0 13495700000000.0 4132040000000.0 8220310.0 5340330000.0 131739000000.0 -2.86 -1.64 [-2.86,-1.64]
158489000000000.0 4.60023e+19 1613930000.0 392253000000.0 6947730000000.0 14808500000000.0 4533970000000.0 9018460.0 5859080000.0 144540000000.0 -2.86 -1.6 [-2.86,-1.6]
158489000000000.0 4.60397e+19 1770570000.0 430356000000.0 7623900000000.0 16250500000000.0 4975490000000.0 9894820.0 6428710000.0 158598000000.0 -2.86 -1.56 [-2.86,-1.56]
158489000000000.0 4.60817e+19 1942540000.0 472195000000.0 8366630000000.0 17834600000000.0 5460530000000.0 10857200.0 7054290000.0 174038000000.0 -2.86 -1.52 [-2.86,-1.52]
158489000000000.0 4.61191e+19 2130930000.0 518040000000.0 9180790000000.0 19571300000000.0 5992260000000.0 11911800.0 7739940000.0 190962000000.0 -2.86 -1.48 [-2.86,-1.48]
158489000000000.0 4.61602e+19 2337680000.0 568364000000.0 10074900000000.0 21478900000000.0 6576290000000.0 13069600.0 8492740000.0 209546000000.0 -2.86 -1.44 [-2.86,-1.44]
158489000000000.0 4.62056e+19 2564620000.0 623615000000.0 11057000000000.0 23574500000000.0 7217920000000.0 14340900.0 9319480000.0 229956000000.0 -2.86 -1.4 [-2.86,-1.4]
158489000000000.0 4.6256e+19 2813750000.0 684284000000.0 12136100000000.0 25877500000000.0 7923030000000.0 15737200.0 10227600000.0 252376000000.0 -2.86 -1.36 [-2.86,-1.36]
158489000000000.0 4.6312e+19 3087250000.0 750914000000.0 13322000000000.0 28408900000000.0 8698060000000.0 17270800.0 11225200000.0 277011000000.0 -2.86 -1.32 [-2.86,-1.32]
158489000000000.0 4.63744e+19 3387560000.0 824105000000.0 14625500000000.0 31192300000000.0 9550240000000.0 18955700.0 12321400000.0 304085000000.0 -2.86 -1.28 [-2.86,-1.28]
158489000000000.0 4.64443e+19 3717350000.0 904524000000.0 16059000000000.0 34253900000000.0 10487600000000.0 20807400.0 13526400000.0 333850000000.0 -2.86 -1.24 [-2.86,-1.24]
158489000000000.0 4.65226e+19 4079610000.0 992905000000.0 17635900000000.0 37622900000000.0 11519100000000.0 22842800.0 14851300000.0 366583000000.0 -2.86 -1.2 [-2.86,-1.2]
158489000000000.0 4.66104e+19 4477620000.0 1090070000000.0 19371100000000.0 41331700000000.0 12654600000000.0 25081100.0 16308600000.0 402595000000.0 -2.86 -1.16 [-2.86,-1.16]
158488000000000.0 4.67089e+19 4914970000.0 1196920000000.0 21281500000000.0 45416600000000.0 13905200000000.0 27543300.0 17912100000.0 442230000000.0 -2.86 -1.12 [-2.86,-1.12]
158488000000000.0 4.68193e+19 5395790000.0 1314450000000.0 23385600000000.0 49918000000000.0 15283400000000.0 30252800.0 19677300000.0 485873000000.0 -2.86 -1.08 [-2.86,-1.08]
158489000000000.0 4.6942e+19 5924360000.0 1443770000000.0 25703800000000.0 54880000000000.0 16802600000000.0 33235200.0 21621000000.0 533939000000.0 -2.86 -1.04 [-2.86,-1.04]
158489000000000.0 4.70688e+19 6504240000.0 1585770000000.0 28253200000000.0 60340500000000.0 18474300000000.0 36511900.0 23757300000.0 586786000000.0 -2.86 -1.0 [-2.86,-1.0]
158489000000000.0 4.72095e+19 7141870000.0 1742010000000.0 31063400000000.0 66363900000000.0 20318300000000.0 40119500.0 26110400000.0 645017000000.0 -2.86 -0.96 [-2.86,-0.96]
158489000000000.0 4.7365e+19 7843040000.0 1913980000000.0 34162300000000.0 73011600000000.0 22353400000000.0 44092900.0 28703300000.0 709206000000.0 -2.86 -0.92 [-2.86,-0.92]
158488000000000.0 4.7539e+19 8614260000.0 2103360000000.0 37582800000000.0 80356400000000.0 24601900000000.0 48472200.0 31562800000.0 780026000000.0 -2.86 -0.88 [-2.86,-0.88]
158489000000000.0 4.77345e+19 9463050000.0 2312060000000.0 41361600000000.0 88480000000000.0 27088700000000.0 53302700.0 34718900000.0 858233000000.0 -2.86 -0.84 [-2.86,-0.84]
158489000000000.0 4.79511e+19 10396900000.0 2542030000000.0 45537100000000.0 97467800000000.0 29840000000000.0 58630900.0 38202600000.0 944608000000.0 -2.86 -0.8 [-2.86,-0.8]
158489000000000.0 4.81867e+19 11423400000.0 2795260000000.0 50149500000000.0 107411000000000.0 32883300000000.0 64505100.0 42046600000.0 1039980000000.0 -2.86 -0.76 [-2.86,-0.76]
158489000000000.0 4.8449e+19 12553700000.0 3074500000000.0 55253700000000.0 118433000000000.0 36256500000000.0 70993100.0 46295800000.0 1145460000000.0 -2.86 -0.72 [-2.86,-0.72]
158489000000000.0 4.87419e+19 13799000000.0 3382610000000.0 60908000000000.0 130668000000000.0 40000000000000.0 78165200.0 50997900000.0 1262260000000.0 -2.86 -0.68 [-2.86,-0.68]
158489000000000.0 4.9069e+19 15170800000.0 3722720000000.0 67177800000000.0 144266000000000.0 44160000000000.0 86099000.0 56205100000.0 1391710000000.0 -2.86 -0.64 [-2.86,-0.64]
158489000000000.0 4.94357e+19 16682900000.0 4098430000000.0 74139300000000.0 159399000000000.0 48789500000000.0 94884300.0 61978600000.0 1535360000000.0 -2.86 -0.6 [-2.86,-0.6]
158489000000000.0 4.98476e+19 18350600000.0 4513730000000.0 81879100000000.0 176267000000000.0 53950200000000.0 104623000.0 68388000000.0 1695000000000.0 -2.86 -0.56 [-2.86,-0.56]
158489000000000.0 5.03111e+19 20190600000.0 4973120000000.0 90496700000000.0 195107000000000.0 59714100000000.0 115431000.0 75512900000.0 1872660000000.0 -2.86 -0.52 [-2.86,-0.52]
158489000000000.0 5.08338e+19 22221200000.0 5481640000000.0 100107000000000.0 216197000000000.0 66165700000000.0 127441000.0 83445400000.0 2070710000000.0 -2.86 -0.48 [-2.86,-0.48]
158489000000000.0 5.1423e+19 24461900000.0 6044800000000.0 110841000000000.0 239855000000000.0 73402600000000.0 140801000.0 92288900000.0 2291840000000.0 -2.86 -0.44 [-2.86,-0.44]
158488000000000.0 5.20885e+19 26935000000.0 6668870000000.0 122852000000000.0 266469000000000.0 81542100000000.0 155684000.0 102165000000.0 2539210000000.0 -2.86 -0.4 [-2.86,-0.4]
158488000000000.0 5.28428e+19 29665200000.0 7360980000000.0 136319000000000.0 296503000000000.0 90725300000000.0 172293000.0 113218000000.0 2816580000000.0 -2.86 -0.36 [-2.86,-0.36]
158489000000000.0 5.37011e+19 32680000000.0 8129140000000.0 151455000000000.0 330521000000000.0 101123000000000.0 190862000.0 125616000000.0 3128390000000.0 -2.86 -0.32 [-2.86,-0.32]
158489000000000.0 5.46781e+19 36007800000.0 8981840000000.0 168501000000000.0 369188000000000.0 112936000000000.0 211654000.0 139551000000.0 3479740000000.0 -2.86 -0.28 [-2.86,-0.28]
158489000000000.0 5.5795e+19 39679800000.0 9928860000000.0 187749000000000.0 413340000000000.0 126417000000000.0 234983000.0 155255000000.0 3876860000000.0 -2.86 -0.24 [-2.86,-0.24]
158489000000000.0 5.70755e+19 43727800000.0 10980700000000.0 209538000000000.0 463990000000000.0 141872000000000.0 261212000.0 173000000000.0 4327110000000.0 -2.86 -0.2 [-2.86,-0.2]
158489000000000.0 5.85492e+19 48185700000.0 12149000000000.0 234279000000000.0 522424000000000.0 159684000000000.0 290761000.0 193112000000.0 4839410000000.0 -2.86 -0.16 [-2.86,-0.16]
158489000000000.0 6.02518e+19 53084600000.0 13445800000000.0 262445000000000.0 590231000000000.0 180334000000000.0 324117000.0 215975000000.0 5424410000000.0 -2.86 -0.12 [-2.86,-0.12]
158489000000000.0 6.22285e+19 58450300000.0 14882700000000.0 294588000000000.0 669477000000000.0 204437000000000.0 361845000.0 242048000000.0 6095180000000.0 -2.86 -0.08 [-2.86,-0.08]
158489000000000.0 6.45358e+19 64300300000.0 16470300000000.0 331347000000000.0 762809000000000.0 232780000000000.0 404595000.0 271884000000.0 6867610000000.0 -2.86 -0.04 [-2.86,-0.04]
158489000000000.0 6.72445e+19 70636900000.0 18217200000000.0 373454000000000.0 873689000000000.0 266394000000000.0 453100000.0 306135000000.0 7761120000000.0 -2.86 -0.0 [-2.86,-0.0]
158489000000000.0 7.04471e+19 77469300000.0 20134600000000.0 421713000000000.0 1006770000000000.0 306650000000000.0 508313000.0 345677000000.0 8801720000000.0 -2.86 0.04 [-2.86,0.04]
158489000000000.0 7.401e+19 84723300000.0 22202900000000.0 475755000000000.0 1164240000000000.0 354154000000000.0 570410000.0 390767000000.0 9997990000000.0 -2.86 0.08 [-2.86,0.08]
158488000000000.0 7.84467e+19 92683100000.0 24530400000000.0 539428000000000.0 1359640000000000.0 412932000000000.0 642356000.0 444145000000.0 11430900000000.0 -2.86 0.12 [-2.86,0.12]
158489000000000.0 8.38097e+19 101155000000.0 27075500000000.0 612945000000000.0 1602370000000000.0 485684000000000.0 724752000.0 506790000000.0 13135800000000.0 -2.86 0.16 [-2.86,0.16]
158489000000000.0 8.98519e+19 109871000000.0 29767700000000.0 694943000000000.0 1896830000000000.0 573546000000000.0 817188000.0 578500000000.0 15116600000000.0 -2.86 0.2 [-2.86,0.2]
158489000000000.0 9.65836e+19 118560000000.0 32537100000000.0 784242000000000.0 2253790000000000.0 679508000000000.0 919845000.0 659758000000.0 17401900000000.0 -2.86 0.24 [-2.86,0.24]
158489000000000.0 1.04149e+20 127362000000.0 35432000000000.0 882683000000000.0 2688820000000000.0 807899000000000.0 1034240000.0 752270000000.0 20053100000000.0 -2.86 0.28 [-2.86,0.28]
158489000000000.0 1.1291e+20 135697000000.0 38303900000000.0 988897000000000.0 3231010000000000.0 966882000000000.0 1160300000.0 856934000000.0 23134000000000.0 -2.86 0.32 [-2.86,0.32]
158489000000000.0 1.2294e+20 144042000000.0 41280100000000.0 1105460000000000.0 3904670000000000.0 1162940000000000.0 1299290000.0 975627000000.0 26723400000000.0 -2.86 0.36 [-2.86,0.36]
158489000000000.0 1.34479e+20 152056000000.0 44261600000000.0 1231490000000000.0 4747440000000000.0 1406100000000000.0 1449710000.0 1108280000000.0 30876900000000.0 -2.86 0.4 [-2.86,0.4]
158489000000000.0 1.46663e+20 159875000000.0 47226600000000.0 1365440000000000.0 5758140000000000.0 1694750000000000.0 1607470000.0 1250370000000.0 35481700000000.0 -2.86 0.44 [-2.86,0.44]
158489000000000.0 1.6191e+20 166984000000.0 50105200000000.0 1511310000000000.0 7091300000000000.0 2071110000000000.0 1778800000.0 1412050000000.0 40960300000000.0 -2.86 0.48 [-2.86,0.48]
158489000000000.0 1.84853e+20 172850000000.0 52917500000000.0 1684850000000000.0 9093580000000000.0 2627910000000000.0 1965840000.0 1605970000000.0 48046800000000.0 -2.86 0.52 [-2.86,0.52]
158489000000000.0 2.05206e+20 179358000000.0 55774400000000.0 1860030000000000.0 1.12952e+16 3228240000000000.0 2157420000.0 1801630000000.0 55323500000000.0 -2.86 0.56 [-2.86,0.56]
158489000000000.0 2.36594e+20 184122000000.0 58366200000000.0 2064960000000000.0 1.46891e+16 4132760000000000.0 2349420000.0 2025030000000.0 64620600000000.0 -2.86 0.6 [-2.86,0.6]
158488000000000.0 2.72732e+20 188751000000.0 60838400000000.0 2281170000000000.0 1.91154e+16 5276330000000000.0 2536760000.0 2256270000000.0 75031200000000.0 -2.86 0.64 [-2.86,0.64]
158489000000000.0 3.17644e+20 193223000000.0 63257500000000.0 2518520000000000.0 2.5185e+16 6784880000000000.0 2715230000.0 2496820000000.0 87008500000000.0 -2.86 0.68 [-2.86,0.68]
158489000000000.0 3.7622e+20 196684000000.0 65383400000000.0 2780910000000000.0 3.37731e+16 8814680000000000.0 2882000000.0 2752060000000.0 101333000000000.0 -2.86 0.72 [-2.86,0.72]
158489000000000.0 4.55886e+20 200324000000.0 67475700000000.0 3077270000000000.0 4.67193e+16 1.16776e+16 3025650000.0 3014070000000.0 118565000000000.0 -2.86 0.76 [-2.86,0.76]
158489000000000.0 5.65395e+20 203758000000.0 69455600000000.0 3415140000000000.0 6.60732e+16 1.55837e+16 3148410000.0 3284580000000.0 139570000000000.0 -2.86 0.8 [-2.86,0.8]
158488000000000.0 7.20546e+20 206210000000.0 71017700000000.0 3795220000000000.0 9.59518e+16 2.09208e+16 3234430000.0 3544510000000.0 165123000000000.0 -2.86 0.84 [-2.86,0.84]
158489000000000.0 9.37781e+20 209512000000.0 72730400000000.0 4239220000000000.0 1.41859e+17 2.79144e+16 3304000000.0 3800110000000.0 196156000000000.0 -2.86 0.88 [-2.86,0.88]
158489000000000.0 1.26752e+21 212096000000.0 74023300000000.0 4745260000000000.0 2.17731e+17 3.73935e+16 3343400000.0 4031270000000.0 234229000000000.0 -2.86 0.92 [-2.86,0.92]
158488000000000.0 1.75447e+21 215937000000.0 75563700000000.0 5336360000000000.0 3.4096e+17 4.97382e+16 3376480000.0 4237860000000.0 279429000000000.0 -2.86 0.96 [-2.86,0.96]
158488000000000.0 2.43246e+21 221399000000.0 77344400000000.0 5969620000000000.0 5.34332e+17 6.57886e+16 3417040000.0 4407300000000.0 328461000000000.0 -2.86 1.0 [-2.86,1.0]
158489000000000.0 4.57789e+19 642122000.0 155952000000.0 2758790000000.0 5804560000000.0 1722610000000.0 3610210.0 2344770000.0 57822400000.0 -2.84 -2.0 [-2.84,-2.0]
158489000000000.0 4.57902e+19 704183000.0 171028000000.0 3025660000000.0 6366170000000.0 1889280000000.0 3959270.0 2571520000.0 63414700000.0 -2.84 -1.96 [-2.84,-1.96]
158489000000000.0 4.5803e+19 772258000.0 187565000000.0 3318450000000.0 6982330000000.0 2072130000000.0 4342190.0 2820270000.0 69549700000.0 -2.84 -1.92 [-2.84,-1.92]
158489000000000.0 4.58174e+19 846933000.0 205707000000.0 3639680000000.0 7658390000000.0 2272770000000.0 4762260.0 3093170000.0 76280500000.0 -2.84 -1.88 [-2.84,-1.88]
158489000000000.0 4.58336e+19 928851000.0 225611000000.0 3992160000000.0 8400230000000.0 2492920000000.0 5223130.0 3392590000.0 83665600000.0 -2.84 -1.84 [-2.84,-1.84]
158489000000000.0 4.58518e+19 1018720000.0 247448000000.0 4378950000000.0 9214350000000.0 2734530000000.0 5728800.0 3721120000.0 91769300000.0 -2.84 -1.8 [-2.84,-1.8]
158489000000000.0 4.58722e+19 1117330000.0 271410000000.0 4803440000000.0 10107900000000.0 2999700000000.0 6283670.0 4081640000.0 100662000000.0 -2.84 -1.76 [-2.84,-1.76]
158489000000000.0 4.58952e+19 1225520000.0 297704000000.0 5269360000000.0 11088700000000.0 3290770000000.0 6892570.0 4477290000.0 110422000000.0 -2.84 -1.72 [-2.84,-1.72]
158489000000000.0 4.59212e+19 1344240000.0 326561000000.0 5780830000000.0 12165400000000.0 3610310000000.0 7560870.0 4911570000.0 121135000000.0 -2.84 -1.68 [-2.84,-1.68]
158489000000000.0 4.59505e+19 1474540000.0 358235000000.0 6342370000000.0 13347700000000.0 3961170000000.0 8294450.0 5388290000.0 132896000000.0 -2.84 -1.64 [-2.84,-1.64]
158489000000000.0 4.59836e+19 1617560000.0 393006000000.0 6959000000000.0 14646100000000.0 4346500000000.0 9099800.0 5911700000.0 145810000000.0 -2.84 -1.6 [-2.84,-1.6]
158489000000000.0 4.60211e+19 1774560000.0 431183000000.0 7636270000000.0 16072300000000.0 4769760000000.0 9984070.0 6486450000.0 159992000000.0 -2.84 -1.56 [-2.84,-1.56]
158489000000000.0 4.6063e+19 1946910000.0 473102000000.0 8380200000000.0 17639100000000.0 5234750000000.0 10955100.0 7117650000.0 175567000000.0 -2.84 -1.52 [-2.84,-1.52]
158489000000000.0 4.61004e+19 2135720000.0 519034000000.0 9195680000000.0 19356800000000.0 5744490000000.0 12019200.0 7809440000.0 192640000000.0 -2.84 -1.48 [-2.84,-1.48]
158489000000000.0 4.61415e+19 2342940000.0 569455000000.0 10091200000000.0 21243400000000.0 6304380000000.0 13187500.0 8569010000.0 211386000000.0 -2.84 -1.44 [-2.84,-1.44]
158489000000000.0 4.61869e+19 2570390000.0 624812000000.0 11075000000000.0 23316200000000.0 6919500000000.0 14470300.0 9403180000.0 231976000000.0 -2.84 -1.4 [-2.84,-1.4]
158489000000000.0 4.62374e+19 2820080000.0 685598000000.0 12155800000000.0 25593900000000.0 7595460000000.0 15879100.0 10319400000.0 254593000000.0 -2.84 -1.36 [-2.84,-1.36]
158489000000000.0 4.62934e+19 3094200000.0 752356000000.0 13343600000000.0 28097700000000.0 8338470000000.0 17426600.0 11326000000.0 279444000000.0 -2.84 -1.32 [-2.84,-1.32]
158489000000000.0 4.63559e+19 3395190000.0 825689000000.0 14649300000000.0 30850600000000.0 9155440000000.0 19126700.0 12432100000.0 306757000000.0 -2.84 -1.28 [-2.84,-1.28]
158489000000000.0 4.64258e+19 3725730000.0 906264000000.0 16085200000000.0 33878800000000.0 10054100000000.0 20995100.0 13647900000.0 336784000000.0 -2.84 -1.24 [-2.84,-1.24]
158489000000000.0 4.65041e+19 4088810000.0 994817000000.0 17664600000000.0 37211000000000.0 11042900000000.0 23048900.0 14984700000.0 369805000000.0 -2.84 -1.2 [-2.84,-1.2]
