Cloudy_runs/pg0003/z=0.347579/component_II_CI/component_II_nH_Z_const_T_col_density_param.txt
# %ECSV 1.0
# ---
# datatype:
# - {name: H, datatype: float64}
# - {name: H+, datatype: float64}
# - {name: C+, datatype: float64}
# - {name: C+2, datatype: float64}
# - {name: C+3, datatype: float64}
# - {name: O+5, datatype: float64}
# - {name: O+6, datatype: float64}
# - {name: Si+, datatype: float64}
# - {name: Si+2, datatype: float64}
# - {name: Si+3, datatype: float64}
# - {name: log_nH, datatype: float64}
# - {name: log_Z, datatype: float64}
# - {name: parameters, datatype: string, subtype: 'float64[2]'}
# schema: astropy-2.0
H H+ C+ C+2 C+3 O+5 O+6 Si+ Si+2 Si+3 log_nH log_Z parameters
[from data line 3784]
158489000000000.0 1.24627e+20 92448600000.0 29184900000000.0 778623000000000.0 1.48799e+16 2.49197e+16 246250000.0 188832000000.0 5368900000000.0 -4.02 0.4 [-4.02,0.4]
158489000000000.0 1.33994e+20 97986200000.0 31437500000000.0 867149000000000.0 1.75442e+16 2.9256e+16 276838000.0 216057000000.0 6228140000000.0 -4.02 0.44 [-4.02,0.44]
158489000000000.0 1.44034e+20 103467000000.0 33725600000000.0 962339000000000.0 2.06712e+16 3.43083e+16 310407000.0 246681000000.0 7219090000000.0 -4.02 0.48 [-4.02,0.48]
158489000000000.0 1.56522e+20 108682000000.0 36051100000000.0 1068140000000000.0 2.46211e+16 4.06399e+16 348134000.0 282748000000.0 8429720000000.0 -4.02 0.52 [-4.02,0.52]
158489000000000.0 1.72047e+20 113703000000.0 38472500000000.0 1189800000000000.0 2.96347e+16 4.85952e+16 391188000.0 325958000000.0 9933980000000.0 -4.02 0.56 [-4.02,0.56]
158489000000000.0 1.90945e+20 117954000000.0 40764900000000.0 1323230000000000.0 3.59817e+16 5.85396e+16 438325000.0 376141000000.0 11772100000000.0 -4.02 0.6 [-4.02,0.6]
158488000000000.0 2.13123e+20 121912000000.0 43024800000000.0 1469690000000000.0 4.38605e+16 7.06902e+16 488556000.0 433040000000.0 13984300000000.0 -4.02 0.64 [-4.02,0.64]
158489000000000.0 2.37015e+20 125757000000.0 45262600000000.0 1626690000000000.0 5.3133e+16 8.47199e+16 542611000.0 496832000000.0 16585400000000.0 -4.02 0.68 [-4.02,0.68]
158489000000000.0 2.68092e+20 129413000000.0 47551400000000.0 1807180000000000.0 6.52457e+16 1.02655e+17 601444000.0 572817000000.0 19929800000000.0 -4.02 0.72 [-4.02,0.72]
158488000000000.0 3.07289e+20 132846000000.0 49752400000000.0 2008330000000000.0 8.07458e+16 1.24995e+17 661139000.0 658550000000.0 24128100000000.0 -4.02 0.76 [-4.02,0.76]
158489000000000.0 3.56163e+20 135865000000.0 51811400000000.0 2231900000000000.0 1.00247e+17 1.52222e+17 723348000.0 758443000000.0 29549300000000.0 -4.02 0.8 [-4.02,0.8]
158489000000000.0 4.21313e+20 138779000000.0 53791700000000.0 2487420000000000.0 1.25499e+17 1.86175e+17 786173000.0 875440000000.0 36862500000000.0 -4.02 0.84 [-4.02,0.84]
158489000000000.0 5.10789e+20 141805000000.0 55738100000000.0 2783320000000000.0 1.58263e+17 2.282e+17 848595000.0 1014630000000.0 47189700000000.0 -4.02 0.88 [-4.02,0.88]
158489000000000.0 6.38233e+20 144763000000.0 57609000000000.0 3135770000000000.0 2.01281e+17 2.79745e+17 909724000.0 1185050000000.0 62612000000000.0 -4.02 0.92 [-4.02,0.92]
158489000000000.0 8.28425e+20 147838000000.0 59458800000000.0 3564590000000000.0 2.60102e+17 3.41992e+17 966767000.0 1390340000000.0 86228400000000.0 -4.02 0.96 [-4.02,0.96]
158488000000000.0 1.13529e+21 150514000000.0 61232700000000.0 4121970000000000.0 3.48827e+17 4.14794e+17 1017160000.0 1635500000000.0 123398000000000.0 -4.02 1.0 [-4.02,1.0]
158489000000000.0 5.11209e+19 358311000.0 95192200000.0 1827270000000.0 23924700000000.0 41292200000000.0 622571.0 408602000.0 10634600000.0 -4.0 -2.0 [-4.0,-2.0]
158489000000000.0 5.11313e+19 392934000.0 104392000000.0 2003940000000.0 26237800000000.0 45284500000000.0 682750.0 448105000.0 11662800000.0 -4.0 -1.96 [-4.0,-1.96]
158489000000000.0 5.11429e+19 430908000.0 114483000000.0 2197750000000.0 28775300000000.0 49663900000000.0 748760.0 491439000.0 12790800000.0 -4.0 -1.92 [-4.0,-1.92]
158489000000000.0 5.11555e+19 472558000.0 125551000000.0 2410350000000.0 31558700000000.0 54467800000000.0 821165.0 538972000.0 14028000000.0 -4.0 -1.88 [-4.0,-1.88]
158489000000000.0 5.11694e+19 518241000.0 137692000000.0 2643570000000.0 34612200000000.0 59737700000000.0 900591.0 591115000.0 15385300000.0 -4.0 -1.84 [-4.0,-1.84]
158489000000000.0 5.1185e+19 568352000.0 151011000000.0 2899450000000.0 37962200000000.0 65519500000000.0 987723.0 648322000.0 16874500000.0 -4.0 -1.8 [-4.0,-1.8]
158489000000000.0 5.12024e+19 623323000.0 165623000000.0 3180200000000.0 41637900000000.0 71863500000000.0 1083320.0 711088000.0 18508400000.0 -4.0 -1.76 [-4.0,-1.76]
158489000000000.0 5.12218e+19 683627000.0 181654000000.0 3488270000000.0 45671300000000.0 78824600000000.0 1188200.0 779958000.0 20301300000.0 -4.0 -1.72 [-4.0,-1.72]
158489000000000.0 5.12436e+19 749788000.0 199243000000.0 3826350000000.0 50097500000000.0 86463800000000.0 1303290.0 855533000.0 22268800000.0 -4.0 -1.68 [-4.0,-1.68]
158489000000000.0 5.12681e+19 822377000.0 218545000000.0 4197410000000.0 54955500000000.0 94848100000000.0 1429590.0 938473000.0 24428200000.0 -4.0 -1.64 [-4.0,-1.64]
158489000000000.0 5.12955e+19 902025000.0 239727000000.0 4604680000000.0 60287700000000.0 104051000000000.0 1568200.0 1029500000.0 26798400000.0 -4.0 -1.6 [-4.0,-1.6]
158489000000000.0 5.13261e+19 989425000.0 262974000000.0 5051770000000.0 66141200000000.0 114154000000000.0 1720330.0 1129430000.0 29400400000.0 -4.0 -1.56 [-4.0,-1.56]
158489000000000.0 5.13604e+19 1085340000.0 288492000000.0 5542660000000.0 72568200000000.0 125246000000000.0 1887330.0 1239130000.0 32257100000.0 -4.0 -1.52 [-4.0,-1.52]
158489000000000.0 5.1399e+19 1190630000.0 316507000000.0 6081710000000.0 79625900000000.0 137426000000000.0 2070700.0 1359600000.0 35394100000.0 -4.0 -1.48 [-4.0,-1.48]
158489000000000.0 5.14423e+19 1306220000.0 347268000000.0 6673760000000.0 87377800000000.0 150805000000000.0 2272060.0 1491900000.0 38839600000.0 -4.0 -1.44 [-4.0,-1.44]
158489000000000.0 5.14909e+19 1433110000.0 381048000000.0 7324160000000.0 95893800000000.0 165503000000000.0 2493210.0 1637230000.0 42624700000.0 -4.0 -1.4 [-4.0,-1.4]
158489000000000.0 5.15457e+19 1572450000.0 418153000000.0 8038850000000.0 105252000000000.0 181653000000000.0 2736150.0 1796900000.0 46783700000.0 -4.0 -1.36 [-4.0,-1.36]
158489000000000.0 5.15987e+19 1725210000.0 458845000000.0 8822930000000.0 115519000000000.0 199367000000000.0 3002630.0 1972070000.0 51346700000.0 -4.0 -1.32 [-4.0,-1.32]
158489000000000.0 5.16554e+19 1892830000.0 503515000000.0 9684080000000.0 126797000000000.0 218818000000000.0 3295200.0 2164430000.0 56358300000.0 -4.0 -1.28 [-4.0,-1.28]
158489000000000.0 5.1718e+19 2076850000.0 552580000000.0 10630400000000.0 139192000000000.0 240188000000000.0 3616620.0 2375800000.0 61865800000.0 -4.0 -1.24 [-4.0,-1.24]
158489000000000.0 5.17873e+19 2278940000.0 606481000000.0 11670600000000.0 152817000000000.0 263673000000000.0 3969780.0 2608110000.0 67919500000.0 -4.0 -1.2 [-4.0,-1.2]
158489000000000.0 5.18641e+19 2500890000.0 665704000000.0 12814200000000.0 167800000000000.0 289487000000000.0 4357930.0 2863500000.0 74575500000.0 -4.0 -1.16 [-4.0,-1.16]
158489000000000.0 5.19494e+19 2744670000.0 730794000000.0 14071900000000.0 184282000000000.0 317868000000000.0 4784640.0 3144340000.0 81896100000.0 -4.0 -1.12 [-4.0,-1.12]
158489000000000.0 5.20444e+19 3012480000.0 802353000000.0 15455800000000.0 202421000000000.0 349082000000000.0 5253880.0 3453280000.0 89950700000.0 -4.0 -1.08 [-4.0,-1.08]
158489000000000.0 5.2149e+19 3306710000.0 881026000000.0 16978500000000.0 222386000000000.0 383414000000000.0 5769950.0 3793180000.0 98814100000.0 -4.0 -1.04 [-4.0,-1.04]
158489000000000.0 5.22658e+19 3630070000.0 967563000000.0 18655100000000.0 244375000000000.0 421202000000000.0 6337820.0 4167350000.0 108574000000.0 -4.0 -1.0 [-4.0,-1.0]
158489000000000.0 5.23957e+19 3985500000.0 1062780000000.0 20501800000000.0 268606000000000.0 462805000000000.0 6962900.0 4579420000.0 119324000000.0 -4.0 -0.96 [-4.0,-0.96]
158488000000000.0 5.25408e+19 4376410000.0 1167580000000.0 22537100000000.0 295324000000000.0 508640000000000.0 7651290.0 5033460000.0 131174000000.0 -4.0 -0.92 [-4.0,-0.92]
158488000000000.0 5.27023e+19 4806430000.0 1282990000000.0 24781200000000.0 324798000000000.0 559152000000000.0 8409770.0 5534020000.0 144241000000.0 -4.0 -0.88 [-4.0,-0.88]
158488000000000.0 5.28829e+19 5279560000.0 1410120000000.0 27257400000000.0 357341000000000.0 614870000000000.0 9245970.0 6086240000.0 158662000000.0 -4.0 -0.84 [-4.0,-0.84]
158489000000000.0 5.30862e+19 5800540000.0 1550300000000.0 29992200000000.0 393310000000000.0 676379000000000.0 10168600.0 6695970000.0 174591000000.0 -4.0 -0.8 [-4.0,-0.8]
158489000000000.0 5.33142e+19 6374320000.0 1704920000000.0 33014600000000.0 433095000000000.0 744328000000000.0 11187000.0 7369630000.0 192199000000.0 -4.0 -0.76 [-4.0,-0.76]
158489000000000.0 5.35703e+19 7006480000.0 1875580000000.0 36357900000000.0 477150000000000.0 819473000000000.0 12312400.0 8114660000.0 211682000000.0 -4.0 -0.72 [-4.0,-0.72]
158489000000000.0 5.38511e+19 7702300000.0 2063810000000.0 40054700000000.0 525917000000000.0 902538000000000.0 13555000.0 8938270000.0 233233000000.0 -4.0 -0.68 [-4.0,-0.68]
158489000000000.0 5.41599e+19 8468930000.0 2271540000000.0 44145700000000.0 579914000000000.0 994394000000000.0 14928400.0 9849600000.0 257091000000.0 -4.0 -0.64 [-4.0,-0.64]
158489000000000.0 5.45055e+19 9314660000.0 2501120000000.0 48681300000000.0 639771000000000.0 1096130000000000.0 16449000.0 10860000000.0 283556000000.0 -4.0 -0.6 [-4.0,-0.6]
158489000000000.0 5.48931e+19 10248100000.0 2755080000000.0 53716200000000.0 706224000000000.0 1208950000000000.0 18134200.0 11981400000.0 312952000000.0 -4.0 -0.56 [-4.0,-0.56]
158489000000000.0 5.5329e+19 11279400000.0 3036260000000.0 59313200000000.0 780127000000000.0 1334290000000000.0 20004300.0 13228000000.0 345655000000.0 -4.0 -0.52 [-4.0,-0.52]
158489000000000.0 5.58202e+19 12419100000.0 3347870000000.0 65544400000000.0 862468000000000.0 1473760000000000.0 22082100.0 14615800000.0 382096000000.0 -4.0 -0.48 [-4.0,-0.48]
158489000000000.0 5.63742e+19 13679000000.0 3693540000000.0 72492500000000.0 954395000000000.0 1629260000000000.0 24393900.0 16163300000.0 422776000000.0 -4.0 -0.44 [-4.0,-0.44]
158489000000000.0 5.70007e+19 15073000000.0 4077410000000.0 80254500000000.0 1057300000000000.0 1803020000000000.0 26970400.0 17892400000.0 468284000000.0 -4.0 -0.4 [-4.0,-0.4]
158488000000000.0 5.77109e+19 16616800000.0 4504210000000.0 88943000000000.0 1172780000000000.0 1997670000000000.0 29846900.0 19828600000.0 519309000000.0 -4.0 -0.36 [-4.0,-0.36]
158488000000000.0 5.85161e+19 18327800000.0 4979220000000.0 98688600000000.0 1302760000000000.0 2216270000000000.0 33064000.0 22001100000.0 576652000000.0 -4.0 -0.32 [-4.0,-0.32]
158488000000000.0 5.94318e+19 20226200000.0 5508830000000.0 109651000000000.0 1449550000000000.0 2462580000000000.0 36669600.0 24445300000.0 641278000000.0 -4.0 -0.28 [-4.0,-0.28]
158489000000000.0 6.04762e+19 22334100000.0 6100170000000.0 122016000000000.0 1615880000000000.0 2741050000000000.0 40719700.0 27203000000.0 714342000000.0 -4.0 -0.24 [-4.0,-0.24]
158489000000000.0 6.16683e+19 24673200000.0 6760650000000.0 135990000000000.0 1805180000000000.0 3057080000000000.0 45278400.0 30322800000.0 797194000000.0 -4.0 -0.2 [-4.0,-0.2]
158489000000000.0 6.30321e+19 27268400000.0 7498930000000.0 151826000000000.0 2021370000000000.0 3417050000000000.0 50421300.0 33863400000.0 891475000000.0 -4.0 -0.16 [-4.0,-0.16]
158489000000000.0 6.4598e+19 30146900000.0 8324780000000.0 169822000000000.0 2269650000000000.0 3829210000000000.0 56238500.0 37896000000.0 999196000000.0 -4.0 -0.12 [-4.0,-0.12]
158489000000000.0 6.64045e+19 33337200000.0 9249080000000.0 190338000000000.0 2556320000000000.0 4303760000000000.0 62837600.0 42507700000.0 1122840000000.0 -4.0 -0.08 [-4.0,-0.08]
158489000000000.0 6.84986e+19 36868000000.0 10283600000000.0 213803000000000.0 2889280000000000.0 4853410000000000.0 70345700.0 47804900000.0 1265470000000.0 -4.0 -0.04 [-4.0,-0.04]
158489000000000.0 7.09372e+19 40765200000.0 11440500000000.0 240715000000000.0 3278830000000000.0 5494600000000000.0 78911500.0 53916600000.0 1430870000000.0 -4.0 -0.0 [-4.0,-0.0]
158489000000000.0 7.37938e+19 45049300000.0 12731700000000.0 271665000000000.0 3738080000000000.0 6248420000000000.0 88711600.0 61003000000.0 1623810000000.0 -4.0 0.04 [-4.0,0.04]
158489000000000.0 7.71603e+19 49729300000.0 14167900000000.0 307330000000000.0 4284070000000000.0 7142220000000000.0 99951500.0 69260900000.0 1850280000000.0 -4.0 0.08 [-4.0,0.08]
158489000000000.0 8.09199e+19 54701500000.0 15720400000000.0 347494000000000.0 4925050000000000.0 8188610000000000.0 112652000.0 78740500000.0 2112320000000.0 -4.0 0.12 [-4.0,0.12]
158489000000000.0 8.55234e+19 60082000000.0 17443200000000.0 394206000000000.0 5707060000000000.0 9461710000000000.0 127365000.0 89980500000.0 2426290000000.0 -4.0 0.16 [-4.0,0.16]
158489000000000.0 9.06964e+19 65710000000.0 19291800000000.0 446567000000000.0 6637030000000000.0 1.0971e+16 144079000.0 102994000000.0 2793800000000.0 -4.0 0.2 [-4.0,0.2]
158489000000000.0 9.6375e+19 71419600000.0 21225600000000.0 504214000000000.0 7736440000000000.0 1.27492e+16 162836000.0 117872000000.0 3219730000000.0 -4.0 0.24 [-4.0,0.24]
158489000000000.0 1.02569e+20 77204200000.0 23244300000000.0 567642000000000.0 9032730000000000.0 1.48382e+16 183818000.0 134836000000.0 3712470000000.0 -4.0 0.28 [-4.0,0.28]
158489000000000.0 1.09464e+20 82910600000.0 25316600000000.0 636866000000000.0 1.05773e+16 1.73173e+16 207318000.0 154264000000.0 4286980000000.0 -4.0 0.32 [-4.0,0.32]
158489000000000.0 1.16769e+20 88742300000.0 27484200000000.0 712103000000000.0 1.23766e+16 2.01916e+16 233475000.0 176264000000.0 4947880000000.0 -4.0 0.36 [-4.0,0.36]
158489000000000.0 1.25131e+20 94584600000.0 29750500000000.0 795465000000000.0 1.45455e+16 2.36385e+16 262904000.0 201728000000.0 5729590000000.0 -4.0 0.4 [-4.0,0.4]
158489000000000.0 1.3464e+20 100201000000.0 32030700000000.0 885759000000000.0 1.71635e+16 2.77745e+16 295459000.0 230763000000.0 6646750000000.0 -4.0 0.44 [-4.0,0.44]
158489000000000.0 1.44803e+20 105736000000.0 34335400000000.0 982407000000000.0 2.02333e+16 3.25886e+16 331106000.0 263345000000.0 7702430000000.0 -4.0 0.48 [-4.0,0.48]
158488000000000.0 1.57587e+20 111012000000.0 36687400000000.0 1090530000000000.0 2.4135e+16 3.86596e+16 371226000.0 301835000000.0 8997460000000.0 -4.0 0.52 [-4.0,0.52]
158489000000000.0 1.7368e+20 115892000000.0 39086000000000.0 1214610000000000.0 2.91271e+16 4.63488e+16 417035000.0 348111000000.0 10615000000000.0 -4.0 0.56 [-4.0,0.56]
158489000000000.0 1.9259e+20 120260000000.0 41398400000000.0 1349810000000000.0 3.53314e+16 5.57845e+16 466270000.0 400664000000.0 12551400000000.0 -4.0 0.6 [-4.0,0.6]
158489000000000.0 2.15591e+20 124212000000.0 43671000000000.0 1499650000000000.0 4.31888e+16 6.7549e+16 519574000.0 461493000000.0 14928400000000.0 -4.0 0.64 [-4.0,0.64]
158489000000000.0 2.39938e+20 128099000000.0 45920800000000.0 1659430000000000.0 5.23421e+16 8.0994e+16 576437000.0 528916000000.0 17694600000000.0 -4.0 0.68 [-4.0,0.68]
158489000000000.0 2.71665e+20 131816000000.0 48221400000000.0 1842880000000000.0 6.4314e+16 9.82051e+16 638063000.0 608976000000.0 21246200000000.0 -4.0 0.72 [-4.0,0.72]
158488000000000.0 3.1191e+20 135281000000.0 50421600000000.0 2047450000000000.0 7.96846e+16 1.19717e+17 700206000.0 699022000000.0 25705300000000.0 -4.0 0.76 [-4.0,0.76]
158489000000000.0 3.62432e+20 138293000000.0 52469700000000.0 2275120000000000.0 9.91049e+16 1.46046e+17 764663000.0 803769000000.0 31471000000000.0 -4.0 0.8 [-4.0,0.8]
158488000000000.0 4.29957e+20 141070000000.0 54344600000000.0 2530600000000000.0 1.24304e+17 1.78935e+17 827842000.0 923979000000.0 39180400000000.0 -4.0 0.84 [-4.0,0.84]
158488000000000.0 5.23231e+20 144157000000.0 56330400000000.0 2835650000000000.0 1.57144e+17 2.19751e+17 892789000.0 1071220000000.0 50261700000000.0 -4.0 0.88 [-4.0,0.88]
158489000000000.0 6.55033e+20 147292000000.0 58307100000000.0 3202030000000000.0 2.00277e+17 2.6958e+17 957242000.0 1252030000000.0 66744100000000.0 -4.0 0.92 [-4.0,0.92]
158489000000000.0 8.587e+20 150190000000.0 60068700000000.0 3643830000000000.0 2.61078e+17 3.308e+17 1012530000.0 1462660000000.0 91994800000000.0 -4.0 0.96 [-4.0,0.96]
158489000000000.0 1.17903e+21 152917000000.0 61791900000000.0 4203580000000000.0 3.52412e+17 4.00757e+17 1060870000.0 1704130000000.0 130119000000000.0 -4.0 1.0 [-4.0,1.0]
