Cloudy_runs/pg0003/z=0.347579/component_II_CI/component_II_nH_Z_const_T_col_density_param.txt
# %ECSV 1.0
# ---
# datatype:
# - {name: H, datatype: float64}
# - {name: H+, datatype: float64}
# - {name: C+, datatype: float64}
# - {name: C+2, datatype: float64}
# - {name: C+3, datatype: float64}
# - {name: O+5, datatype: float64}
# - {name: O+6, datatype: float64}
# - {name: Si+, datatype: float64}
# - {name: Si+2, datatype: float64}
# - {name: Si+3, datatype: float64}
# - {name: log_nH, datatype: float64}
# - {name: log_Z, datatype: float64}
# - {name: parameters, datatype: string, subtype: 'float64[2]'}
# schema: astropy-2.0
H H+ C+ C+2 C+3 O+5 O+6 Si+ Si+2 Si+3 log_nH log_Z parameters
[from data line 10214]
158489000000000.0 4.76639e+19 10775800000.0 2621130000000.0 46743700000000.0 80819400000000.0 11384600000000.0 67890300.0 44208100000.0 1089790000000.0 -2.32 -0.8 [-2.32,-0.8]
158489000000000.0 4.78996e+19 11839500000.0 2882200000000.0 51479100000000.0 89075300000000.0 12547400000000.0 74691200.0 48655400000.0 1199790000000.0 -2.32 -0.76 [-2.32,-0.76]
158489000000000.0 4.81627e+19 13011000000.0 3170120000000.0 56720500000000.0 98231400000000.0 13836900000000.0 82203500.0 53572100000.0 1321480000000.0 -2.32 -0.72 [-2.32,-0.72]
158489000000000.0 4.8456e+19 14301400000.0 3487770000000.0 62526500000000.0 108397000000000.0 15268500000000.0 90507300.0 59012100000.0 1456210000000.0 -2.32 -0.68 [-2.32,-0.68]
158489000000000.0 4.87839e+19 15722900000.0 3838420000000.0 68965100000000.0 119700000000000.0 16860000000000.0 99693000.0 65036600000.0 1605530000000.0 -2.32 -0.64 [-2.32,-0.64]
158489000000000.0 4.91516e+19 17289500000.0 4225750000000.0 76114500000000.0 132287000000000.0 18632300000000.0 109864000.0 71716000000.0 1771240000000.0 -2.32 -0.6 [-2.32,-0.6]
158489000000000.0 4.95646e+19 19017500000.0 4653880000000.0 84063600000000.0 146329000000000.0 20609300000000.0 121139000.0 79130700000.0 1955370000000.0 -2.32 -0.56 [-2.32,-0.56]
158489000000000.0 5.00293e+19 20923600000.0 5127420000000.0 92914700000000.0 162026000000000.0 22819100000000.0 133651000.0 87372700000.0 2160290000000.0 -2.32 -0.52 [-2.32,-0.52]
158489000000000.0 5.05532e+19 23026800000.0 5651520000000.0 102786000000000.0 179611000000000.0 25294400000000.0 147554000.0 96547800000.0 2388710000000.0 -2.32 -0.48 [-2.32,-0.48]
158489000000000.0 5.11435e+19 25347100000.0 6231810000000.0 113810000000000.0 199356000000000.0 28073300000000.0 163018000.0 106775000000.0 2643710000000.0 -2.32 -0.44 [-2.32,-0.44]
158488000000000.0 5.18103e+19 27907400000.0 6874720000000.0 126145000000000.0 221589000000000.0 31201700000000.0 180243000.0 118195000000.0 2928940000000.0 -2.32 -0.4 [-2.32,-0.4]
158488000000000.0 5.25665e+19 30733300000.0 7587580000000.0 139977000000000.0 246707000000000.0 34735100000000.0 199464000.0 130975000000.0 3248750000000.0 -2.32 -0.36 [-2.32,-0.36]
158489000000000.0 5.34273e+19 33853200000.0 8378570000000.0 155524000000000.0 275190000000000.0 38740500000000.0 220952000.0 145308000000.0 3608230000000.0 -2.32 -0.32 [-2.32,-0.32]
158489000000000.0 5.44073e+19 37295400000.0 9256300000000.0 173032000000000.0 307603000000000.0 43297000000000.0 245008000.0 161415000000.0 4013250000000.0 -2.32 -0.28 [-2.32,-0.28]
158489000000000.0 5.55278e+19 41091500000.0 10230700000000.0 192800000000000.0 344661000000000.0 48504000000000.0 271997000.0 179563000000.0 4470960000000.0 -2.32 -0.24 [-2.32,-0.24]
158489000000000.0 5.68128e+19 45273400000.0 11312300000000.0 215176000000000.0 387235000000000.0 54483000000000.0 302332000.0 200065000000.0 4989810000000.0 -2.32 -0.2 [-2.32,-0.2]
158489000000000.0 5.82917e+19 49874400000.0 12512800000000.0 240574000000000.0 436420000000000.0 61385900000000.0 336497000.0 223290000000.0 5579940000000.0 -2.32 -0.16 [-2.32,-0.16]
158489000000000.0 6.00004e+19 54925900000.0 13844000000000.0 269481000000000.0 493593000000000.0 69403800000000.0 375049000.0 249681000000.0 6253610000000.0 -2.32 -0.12 [-2.32,-0.12]
158489000000000.0 6.19849e+19 60453700000.0 15317700000000.0 302462000000000.0 560532000000000.0 78782500000000.0 418636000.0 279764000000.0 7025730000000.0 -2.32 -0.08 [-2.32,-0.08]
158489000000000.0 6.4302e+19 66472900000.0 16944200000000.0 340165000000000.0 639538000000000.0 89839600000000.0 467997000.0 314164000000.0 7914440000000.0 -2.32 -0.04 [-2.32,-0.04]
158489000000000.0 6.70239e+19 72982800000.0 18731000000000.0 383327000000000.0 733633000000000.0 102991000000000.0 523967000.0 353627000000.0 8941860000000.0 -2.32 -0.0 [-2.32,-0.0]
158489000000000.0 7.02442e+19 80001500000.0 20692200000000.0 432756000000000.0 846883000000000.0 118795000000000.0 587696000.0 399195000000.0 10138700000000.0 -2.32 0.04 [-2.32,0.04]
158489000000000.0 7.38181e+19 87461700000.0 22810000000000.0 488179000000000.0 981144000000000.0 137492000000000.0 659277000.0 451080000000.0 11512700000000.0 -2.32 0.08 [-2.32,0.08]
158488000000000.0 7.82911e+19 95647200000.0 25194000000000.0 553560000000000.0 1148660000000000.0 160768000000000.0 742260000.0 512535000000.0 13159700000000.0 -2.32 0.12 [-2.32,0.12]
158488000000000.0 8.36957e+19 104336000000.0 27794400000000.0 628923000000000.0 1357560000000000.0 189716000000000.0 837157000.0 584552000000.0 15117200000000.0 -2.32 0.16 [-2.32,0.16]
158489000000000.0 8.97841e+19 113341000000.0 30562900000000.0 713306000000000.0 1611830000000000.0 224825000000000.0 943750000.0 667087000000.0 17392600000000.0 -2.32 0.2 [-2.32,0.2]
158489000000000.0 9.66967e+19 122240000000.0 33394800000000.0 805210000000000.0 1924570000000000.0 267839000000000.0 1062150000.0 760794000000.0 20028100000000.0 -2.32 0.24 [-2.32,0.24]
158489000000000.0 1.04276e+20 131151000000.0 36316700000000.0 905395000000000.0 2303350000000000.0 319702000000000.0 1192820000.0 866157000000.0 23047300000000.0 -2.32 0.28 [-2.32,0.28]
158489000000000.0 1.1344e+20 139795000000.0 39293500000000.0 1015950000000000.0 2788350000000000.0 385781000000000.0 1338890000.0 987640000000.0 26625000000000.0 -2.32 0.32 [-2.32,0.32]
158489000000000.0 1.23709e+20 148402000000.0 42356800000000.0 1136670000000000.0 3388500000000000.0 467072000000000.0 1498250000.0 1123680000000.0 30743200000000.0 -2.32 0.36 [-2.32,0.36]
158488000000000.0 1.34786e+20 156697000000.0 45397500000000.0 1265060000000000.0 4119030000000000.0 565367000000000.0 1666980000.0 1271090000000.0 35355200000000.0 -2.32 0.4 [-2.32,0.4]
158489000000000.0 1.47816e+20 164475000000.0 48381900000000.0 1402980000000000.0 5054120000000000.0 690261000000000.0 1848020000.0 1435150000000.0 40694300000000.0 -2.32 0.44 [-2.32,0.44]
158489000000000.0 1.65927e+20 171611000000.0 51393900000000.0 1561880000000000.0 6387230000000000.0 866759000000000.0 2047750000.0 1628500000000.0 47351100000000.0 -2.32 0.48 [-2.32,0.48]
158489000000000.0 1.87991e+20 177767000000.0 54237000000000.0 1736290000000000.0 8182830000000000.0 1101790000000000.0 2254870000.0 1840410000000.0 55103000000000.0 -2.32 0.52 [-2.32,0.52]
158489000000000.0 2.10939e+20 183903000000.0 57063400000000.0 1920680000000000.0 1.03816e+16 1385610000000000.0 2468060000.0 2063200000000.0 63572400000000.0 -2.32 0.56 [-2.32,0.56]
158489000000000.0 2.42207e+20 188838000000.0 59589600000000.0 2122620000000000.0 1.35824e+16 1792080000000000.0 2673210000.0 2300300000000.0 73602900000000.0 -2.32 0.6 [-2.32,0.6]
158489000000000.0 2.78839e+20 193936000000.0 62268000000000.0 2350050000000000.0 1.78472e+16 2322050000000000.0 2886550000.0 2561550000000.0 85268400000000.0 -2.32 0.64 [-2.32,0.64]
158489000000000.0 3.2616e+20 198401000000.0 64683400000000.0 2593890000000000.0 2.39592e+16 3061670000000000.0 3077240000.0 2821390000000.0 98462200000000.0 -2.32 0.68 [-2.32,0.68]
158489000000000.0 3.87277e+20 202051000000.0 66866400000000.0 2864060000000000.0 3.27148e+16 4085950000000000.0 3255710000.0 3095940000000.0 114094000000000.0 -2.32 0.72 [-2.32,0.72]
158489000000000.0 4.71639e+20 205475000000.0 68853800000000.0 3164580000000000.0 4.63634e+16 5616680000000000.0 3399980000.0 3368180000000.0 132628000000000.0 -2.32 0.76 [-2.32,0.76]
158488000000000.0 5.86362e+20 208907000000.0 70837600000000.0 3511640000000000.0 6.70194e+16 7808490000000000.0 3526800000.0 3652290000000.0 155084000000000.0 -2.32 0.8 [-2.32,0.8]
158489000000000.0 7.45289e+20 211286000000.0 72376800000000.0 3898830000000000.0 9.88531e+16 1.09657e+16 3612510000.0 3918460000000.0 181737000000000.0 -2.32 0.84 [-2.32,0.84]
158489000000000.0 9.78562e+20 214126000000.0 73870100000000.0 4344710000000000.0 1.50595e+17 1.57031e+16 3675090000.0 4169740000000.0 213941000000000.0 -2.32 0.88 [-2.32,0.88]
158489000000000.0 1.32942e+21 217353000000.0 75319200000000.0 4859070000000000.0 2.36178e+17 2.28789e+16 3712090000.0 4392310000000.0 252582000000000.0 -2.32 0.92 [-2.32,0.92]
158488000000000.0 1.79847e+21 221900000000.0 76979600000000.0 5425270000000000.0 3.66075e+17 3.29483e+16 3751760000.0 4590270000000.0 295704000000000.0 -2.32 0.96 [-2.32,0.96]
158489000000000.0 2.59183e+21 226979000000.0 78787000000000.0 6151150000000000.0 6.00049e+17 5.00033e+16 3785790000.0 4774350000000.0 351833000000000.0 -2.32 1.0 [-2.32,1.0]
158489000000000.0 4.54958e+19 664390000.0 160559000000.0 2827510000000.0 4841340000000.0 665548000000.0 4154110.0 2696520000.0 66301800000.0 -2.3 -2.0 [-2.3,-2.0]
158489000000000.0 4.55072e+19 728604000.0 176081000000.0 3101040000000.0 5309790000000.0 729947000000.0 4555760.0 2957280000.0 72714200000.0 -2.3 -1.96 [-2.3,-1.96]
158489000000000.0 4.552e+19 799041000.0 193108000000.0 3401130000000.0 5823760000000.0 800603000000.0 4996360.0 3243350000.0 79748900000.0 -2.3 -1.92 [-2.3,-1.92]
158489000000000.0 4.55345e+19 876307000.0 211786000000.0 3730370000000.0 6387710000000.0 878130000000.0 5479730.0 3557190000.0 87466900000.0 -2.3 -1.88 [-2.3,-1.88]
158489000000000.0 4.55507e+19 961069000.0 232278000000.0 4091650000000.0 7006550000000.0 963202000000.0 6010040.0 3901530000.0 95935100000.0 -2.3 -1.84 [-2.3,-1.84]
158489000000000.0 4.5569e+19 1054060000.0 254762000000.0 4488100000000.0 7685700000000.0 1056570000000.0 6591900.0 4279360000.0 105227000000.0 -2.3 -1.8 [-2.3,-1.8]
158489000000000.0 4.55896e+19 1156090000.0 279432000000.0 4923200000000.0 8431100000000.0 1159040000000.0 7230380.0 4693970000.0 115425000000.0 -2.3 -1.76 [-2.3,-1.76]
158489000000000.0 4.56127e+19 1268040000.0 306505000000.0 5400770000000.0 9249350000000.0 1271520000000.0 7931050.0 5148990000.0 126616000000.0 -2.3 -1.72 [-2.3,-1.72]
158489000000000.0 4.56389e+19 1390890000.0 336217000000.0 5925030000000.0 10147700000000.0 1395020000000.0 8700080.0 5648430000.0 138901000000.0 -2.3 -1.68 [-2.3,-1.68]
158489000000000.0 4.56685e+19 1525720000.0 368830000000.0 6500640000000.0 11134100000000.0 1530630000000.0 9544240.0 6196710000.0 152388000000.0 -2.3 -1.64 [-2.3,-1.64]
158489000000000.0 4.57019e+19 1673720000.0 404632000000.0 7132740000000.0 12217500000000.0 1679560000000.0 10471000.0 6798690000.0 167197000000.0 -2.3 -1.6 [-2.3,-1.6]
158489000000000.0 4.57397e+19 1836180000.0 443943000000.0 7827010000000.0 13407600000000.0 1843160000000.0 11488600.0 7459740000.0 183460000000.0 -2.3 -1.56 [-2.3,-1.56]
158489000000000.0 4.57807e+19 2014480000.0 487093000000.0 8589390000000.0 14714600000000.0 2022850000000.0 12605700.0 8185470000.0 201316000000.0 -2.3 -1.52 [-2.3,-1.52]
158489000000000.0 4.58181e+19 2209840000.0 534384000000.0 9425260000000.0 16147900000000.0 2219880000000.0 13830200.0 8981030000.0 220892000000.0 -2.3 -1.48 [-2.3,-1.48]
158489000000000.0 4.58594e+19 2424260000.0 586299000000.0 10343300000000.0 17722300000000.0 2436310000000.0 15174500.0 9854580000.0 242389000000.0 -2.3 -1.44 [-2.3,-1.44]
158489000000000.0 4.59053e+19 2659640000.0 643299000000.0 11351800000000.0 19452200000000.0 2674120000000.0 16650700.0 10813900000.0 265999000000.0 -2.3 -1.4 [-2.3,-1.4]
158489000000000.0 4.59562e+19 2918020000.0 705891000000.0 12459800000000.0 21353300000000.0 2935470000000.0 18271900.0 11867700000.0 291936000000.0 -2.3 -1.36 [-2.3,-1.36]
158489000000000.0 4.60129e+19 3201700000.0 774636000000.0 13677600000000.0 23443300000000.0 3222780000000.0 20052800.0 13025500000.0 320436000000.0 -2.3 -1.32 [-2.3,-1.32]
158489000000000.0 4.60762e+19 3513210000.0 850155000000.0 15016300000000.0 25741700000000.0 3538720000000.0 22009500.0 14297700000.0 351760000000.0 -2.3 -1.28 [-2.3,-1.28]
158489000000000.0 4.61471e+19 3855330000.0 933137000000.0 16488600000000.0 28270200000000.0 3886310000000.0 24159900.0 15696300000.0 386198000000.0 -2.3 -1.24 [-2.3,-1.24]
158489000000000.0 4.62268e+19 4231170000.0 1024340000000.0 18108300000000.0 31053000000000.0 4268850000000.0 26524000.0 17234100000.0 424075000000.0 -2.3 -1.2 [-2.3,-1.2]
158489000000000.0 4.63164e+19 4644140000.0 1124630000000.0 19891000000000.0 34117300000000.0 4690100000000.0 29124000.0 18925900000.0 465750000000.0 -2.3 -1.16 [-2.3,-1.16]
158488000000000.0 4.64168e+19 5097950000.0 1234910000000.0 21853700000000.0 37492800000000.0 5154120000000.0 31984200.0 20787400000.0 511621000000.0 -2.3 -1.12 [-2.3,-1.12]
158488000000000.0 4.653e+19 5596940000.0 1356260000000.0 24016200000000.0 41213900000000.0 5665650000000.0 35132500.0 22837200000.0 562141000000.0 -2.3 -1.08 [-2.3,-1.08]
158489000000000.0 4.66481e+19 6144560000.0 1489540000000.0 26394500000000.0 45309200000000.0 6228610000000.0 38591900.0 25090300000.0 617690000000.0 -2.3 -1.04 [-2.3,-1.04]
158489000000000.0 4.67764e+19 6746130000.0 1636080000000.0 29013700000000.0 49822700000000.0 6849030000000.0 42397600.0 27569900000.0 678841000000.0 -2.3 -1.0 [-2.3,-1.0]
158489000000000.0 4.69191e+19 7407710000.0 1797360000000.0 31901300000000.0 54803000000000.0 7533620000000.0 46588300.0 30301600000.0 746231000000.0 -2.3 -0.96 [-2.3,-0.96]
158489000000000.0 4.70774e+19 8135340000.0 1974880000000.0 35086200000000.0 60301500000000.0 8289430000000.0 51204700.0 33312100000.0 820530000000.0 -2.3 -0.92 [-2.3,-0.92]
158489000000000.0 4.72553e+19 8935890000.0 2170440000000.0 38602900000000.0 66379700000000.0 9124910000000.0 56294100.0 36633000000.0 902527000000.0 -2.3 -0.88 [-2.3,-0.88]
158489000000000.0 4.74475e+19 9815620000.0 2385630000000.0 42482100000000.0 73093200000000.0 10047700000000.0 61899400.0 40292900000.0 992938000000.0 -2.3 -0.84 [-2.3,-0.84]
158489000000000.0 4.76587e+19 10782900000.0 2622600000000.0 46766200000000.0 80518300000000.0 11068200000000.0 68078700.0 44330300000.0 1092740000000.0 -2.3 -0.8 [-2.3,-0.8]
158489000000000.0 4.78944e+19 11847300000.0 2883820000000.0 51503900000000.0 88743800000000.0 12198800000000.0 74898500.0 48789800000.0 1203040000000.0 -2.3 -0.76 [-2.3,-0.76]
158489000000000.0 4.81575e+19 13019500000.0 3171910000000.0 56747800000000.0 97866000000000.0 13452500000000.0 82431600.0 53720200000.0 1325060000000.0 -2.3 -0.72 [-2.3,-0.72]
158489000000000.0 4.84509e+19 14310800000.0 3489730000000.0 62556700000000.0 107994000000000.0 14844400000000.0 90758500.0 59175200000.0 1460150000000.0 -2.3 -0.68 [-2.3,-0.68]
158489000000000.0 4.87788e+19 15733200000.0 3840580000000.0 68998400000000.0 119255000000000.0 16391900000000.0 99969600.0 65216300000.0 1609880000000.0 -2.3 -0.64 [-2.3,-0.64]
158489000000000.0 4.91465e+19 17300900000.0 4228130000000.0 76151400000000.0 131796000000000.0 18115100000000.0 110169000.0 71914200000.0 1776030000000.0 -2.3 -0.6 [-2.3,-0.6]
158489000000000.0 4.95595e+19 19029900000.0 4656500000000.0 84104400000000.0 145787000000000.0 20037400000000.0 121475000.0 79349200000.0 1960670000000.0 -2.3 -0.56 [-2.3,-0.56]
158489000000000.0 5.00243e+19 20937300000.0 5130300000000.0 92959900000000.0 161426000000000.0 22186000000000.0 134022000.0 87614000000.0 2166140000000.0 -2.3 -0.52 [-2.3,-0.52]
158489000000000.0 5.05482e+19 23041800000.0 5654690000000.0 102836000000000.0 178948000000000.0 24592900000000.0 147963000.0 96814400000.0 2395180000000.0 -2.3 -0.48 [-2.3,-0.48]
158489000000000.0 5.11385e+19 25363600000.0 6235300000000.0 113865000000000.0 198622000000000.0 27295100000000.0 163470000.0 107070000000.0 2650860000000.0 -2.3 -0.44 [-2.3,-0.44]
158488000000000.0 5.18053e+19 27925600000.0 6878560000000.0 126206000000000.0 220776000000000.0 30337100000000.0 180743000.0 118522000000.0 2936860000000.0 -2.3 -0.4 [-2.3,-0.4]
158488000000000.0 5.25616e+19 30753300000.0 7591820000000.0 140045000000000.0 245804000000000.0 33773200000000.0 200017000.0 131336000000.0 3257530000000.0 -2.3 -0.36 [-2.3,-0.36]
158489000000000.0 5.34224e+19 33875100000.0 8383220000000.0 155600000000000.0 274186000000000.0 37668300000000.0 221564000.0 145709000000.0 3617990000000.0 -2.3 -0.32 [-2.3,-0.32]
