Cloudy_runs/pg0003/z=0.347579/component_II_CI/component_II_nH_Z_const_T_col_density_param.txt
# %ECSV 1.0
# ---
# datatype:
# - {name: H, datatype: float64}
# - {name: H+, datatype: float64}
# - {name: C+, datatype: float64}
# - {name: C+2, datatype: float64}
# - {name: C+3, datatype: float64}
# - {name: O+5, datatype: float64}
# - {name: O+6, datatype: float64}
# - {name: Si+, datatype: float64}
# - {name: Si+2, datatype: float64}
# - {name: Si+3, datatype: float64}
# - {name: log_nH, datatype: float64}
# - {name: log_Z, datatype: float64}
# - {name: parameters, datatype: string, subtype: 'float64[2]'}
# schema: astropy-2.0
H H+ C+ C+2 C+3 O+5 O+6 Si+ Si+2 Si+3 log_nH log_Z parameters
[from data line 13371]
158488000000000.0 7.65048e+20 212965000000.0 72756900000000.0 3935830000000000.0 1.00209e+17 7385960000000000.0 3747850000.0 4049150000000.0 188133000000000.0 -1.5 0.84 [-1.5,0.84]
158489000000000.0 1.0027e+21 215949000000.0 74367800000000.0 4396420000000000.0 1.52744e+17 1.11374e+16 3816730000.0 4315440000000.0 221455000000000.0 -1.5 0.88 [-1.5,0.88]
158492000000000.0 1.3522e+21 219266000000.0 75896100000000.0 4924730000000000.0 2.3864e+17 1.71743e+16 3856100000.0 4549860000000.0 261115000000000.0 -1.5 0.92 [-1.5,0.92]
158489000000000.0 1.87482e+21 223821000000.0 77534000000000.0 5519880000000000.0 3.79906e+17 2.69658e+16 3889890000.0 4736830000000.0 306420000000000.0 -1.5 0.96 [-1.5,0.96]
158489000000000.0 2.68601e+21 228919000000.0 79274000000000.0 6227540000000000.0 6.21029e+17 4.35372e+16 3922660000.0 4909220000000.0 361389000000000.0 -1.5 1.0 [-1.5,1.0]
158489000000000.0 4.53984e+19 672298000.0 162192000000.0 2851820000000.0 4514360000000.0 330166000000.0 4369420.0 2835740000.0 69654400000.0 -1.48 -2.0 [-1.48,-2.0]
158489000000000.0 4.54098e+19 737276000.0 177871000000.0 3127700000000.0 4951180000000.0 362116000000.0 4791880.0 3109960000.0 76391100000.0 -1.48 -1.96 [-1.48,-1.96]
158489000000000.0 4.54227e+19 808552000.0 195071000000.0 3430360000000.0 5430460000000.0 397170000000.0 5255330.0 3410800000.0 83781500000.0 -1.48 -1.92 [-1.48,-1.92]
158489000000000.0 4.54371e+19 886738000.0 213940000000.0 3762450000000.0 5956340000000.0 435633000000.0 5763750.0 3740850000.0 91889800000.0 -1.48 -1.88 [-1.48,-1.88]
158489000000000.0 4.54534e+19 972510000.0 234640000000.0 4126830000000.0 6533410000000.0 477841000000.0 6321550.0 4102960000.0 100786000000.0 -1.48 -1.84 [-1.48,-1.84]
158489000000000.0 4.54718e+19 1066610000.0 257353000000.0 4526700000000.0 7166740000000.0 524164000000.0 6933580.0 4500300000.0 110548000000.0 -1.48 -1.8 [-1.48,-1.8]
158489000000000.0 4.54924e+19 1169850000.0 282274000000.0 4965550000000.0 7861850000000.0 575007000000.0 7605160.0 4936320000.0 121261000000.0 -1.48 -1.76 [-1.48,-1.76]
158489000000000.0 4.55156e+19 1283140000.0 309623000000.0 5447240000000.0 8624900000000.0 630820000000.0 8342150.0 5414840000.0 133019000000.0 -1.48 -1.72 [-1.48,-1.72]
158489000000000.0 4.55418e+19 1407450000.0 339638000000.0 5976040000000.0 9462650000000.0 692097000000.0 9151060.0 5940080000.0 145926000000.0 -1.48 -1.68 [-1.48,-1.68]
158489000000000.0 4.55715e+19 1543900000.0 372583000000.0 6556620000000.0 10382600000000.0 759386000000.0 10039000.0 6516680000.0 160095000000.0 -1.48 -1.64 [-1.48,-1.64]
158489000000000.0 4.56051e+19 1693660000.0 408752000000.0 7194190000000.0 11392900000000.0 833292000000.0 11013800.0 7149750000.0 175653000000.0 -1.48 -1.6 [-1.48,-1.6]
158489000000000.0 4.5643e+19 1858070000.0 448464000000.0 7894480000000.0 12502800000000.0 914480000000.0 12084200.0 7844950000.0 192739000000.0 -1.48 -1.56 [-1.48,-1.56]
158489000000000.0 4.56835e+19 2038470000.0 492049000000.0 8663350000000.0 13721600000000.0 1003640000000.0 13259100.0 8608090000.0 211496000000.0 -1.48 -1.52 [-1.48,-1.52]
158489000000000.0 4.57211e+19 2236170000.0 539823000000.0 9506470000000.0 15058300000000.0 1101420000000.0 14547100.0 9444740000.0 232063000000.0 -1.48 -1.48 [-1.48,-1.48]
158489000000000.0 4.57626e+19 2453150000.0 592268000000.0 10432500000000.0 16526700000000.0 1208840000000.0 15961100.0 10363400000.0 254647000000.0 -1.48 -1.44 [-1.48,-1.44]
158489000000000.0 4.58086e+19 2691340000.0 649851000000.0 11449700000000.0 18140100000000.0 1326860000000.0 17513800.0 11372300000.0 279452000000.0 -1.48 -1.4 [-1.48,-1.4]
158489000000000.0 4.58597e+19 2952810000.0 713083000000.0 12567400000000.0 19913400000000.0 1456590000000.0 19219200.0 12480600000.0 306702000000.0 -1.48 -1.36 [-1.48,-1.36]
158489000000000.0 4.59167e+19 3239900000.0 782533000000.0 13795800000000.0 21862800000000.0 1599210000000.0 21092500.0 13698100000.0 336645000000.0 -1.48 -1.32 [-1.48,-1.32]
158489000000000.0 4.59803e+19 3555140000.0 858828000000.0 15146200000000.0 24006700000000.0 1756060000000.0 23150800.0 15036200000.0 369555000000.0 -1.48 -1.28 [-1.48,-1.28]
158489000000000.0 4.60517e+19 3901390000.0 942665000000.0 16631400000000.0 26365400000000.0 1928630000000.0 25412900.0 16507100000.0 405739000000.0 -1.48 -1.24 [-1.48,-1.24]
158489000000000.0 4.61319e+19 4281760000.0 1034820000000.0 18265400000000.0 28961500000000.0 2118580000000.0 27899900.0 18124600000.0 445536000000.0 -1.48 -1.2 [-1.48,-1.2]
158489000000000.0 4.62222e+19 4699740000.0 1136140000000.0 20063900000000.0 31820400000000.0 2327770000000.0 30635200.0 19904000000.0 489327000000.0 -1.48 -1.16 [-1.48,-1.16]
158488000000000.0 4.63233e+19 5159070000.0 1247570000000.0 22044200000000.0 34969900000000.0 2558240000000.0 33644300.0 21862100000.0 537527000000.0 -1.48 -1.12 [-1.48,-1.12]
158488000000000.0 4.64367e+19 5664070000.0 1370170000000.0 24225600000000.0 38441600000000.0 2812300000000.0 36956200.0 24017800000.0 590606000000.0 -1.48 -1.08 [-1.48,-1.08]
158489000000000.0 4.65541e+19 6218110000.0 1504790000000.0 26624400000000.0 42261700000000.0 3091870000000.0 40594300.0 26386900000.0 648956000000.0 -1.48 -1.04 [-1.48,-1.04]
158489000000000.0 4.66831e+19 6826960000.0 1652860000000.0 29267000000000.0 46473500000000.0 3400120000000.0 44597900.0 28994900000.0 713211000000.0 -1.48 -1.0 [-1.48,-1.0]
158489000000000.0 4.68268e+19 7496570000.0 1815820000000.0 32180500000000.0 51121400000000.0 3740310000000.0 49006900.0 31868200000.0 784025000000.0 -1.48 -0.96 [-1.48,-0.96]
158489000000000.0 4.69863e+19 8233090000.0 1995200000000.0 35394300000000.0 56253600000000.0 4115980000000.0 53864000.0 35035100000.0 862103000000.0 -1.48 -0.92 [-1.48,-0.92]
158489000000000.0 4.71633e+19 9043060000.0 2192740000000.0 38941300000000.0 61924700000000.0 4531130000000.0 59216400.0 38526900000.0 948234000000.0 -1.48 -0.88 [-1.48,-0.88]
158489000000000.0 4.73535e+19 9932890000.0 2410030000000.0 42853000000000.0 68187000000000.0 4989600000000.0 65109800.0 42373900000.0 1043180000000.0 -1.48 -0.84 [-1.48,-0.84]
158489000000000.0 4.7565e+19 10911700000.0 2649420000000.0 47175000000000.0 75117100000000.0 5497010000000.0 71609500.0 46619800000.0 1148020000000.0 -1.48 -0.8 [-1.48,-0.8]
158489000000000.0 4.7801e+19 11988800000.0 2913320000000.0 51954800000000.0 82794900000000.0 6059230000000.0 78783000.0 51309500000.0 1263910000000.0 -1.48 -0.76 [-1.48,-0.76]
158489000000000.0 4.80644e+19 13175000000.0 3204350000000.0 57245200000000.0 91310500000000.0 6682870000000.0 86706800.0 56494300000.0 1392100000000.0 -1.48 -0.72 [-1.48,-0.72]
158489000000000.0 4.8358e+19 14481600000.0 3525410000000.0 63105600000000.0 100766000000000.0 7375430000000.0 95465200.0 62230700000.0 1534020000000.0 -1.48 -0.68 [-1.48,-0.68]
158489000000000.0 4.86864e+19 15920900000.0 3879830000000.0 69604900000000.0 111280000000000.0 8145690000000.0 105154000.0 68583400000.0 1691310000000.0 -1.48 -0.64 [-1.48,-0.64]
158489000000000.0 4.90546e+19 17507200000.0 4271330000000.0 76821700000000.0 122993000000000.0 9003810000000.0 115882000.0 75626700000.0 1865870000000.0 -1.48 -0.6 [-1.48,-0.6]
158489000000000.0 4.9468e+19 19256600000.0 4704050000000.0 84846000000000.0 136063000000000.0 9961550000000.0 127774000.0 83445000000.0 2059830000000.0 -1.48 -0.56 [-1.48,-0.56]
158489000000000.0 4.99334e+19 21186500000.0 5182650000000.0 93781000000000.0 150677000000000.0 11032700000000.0 140971000.0 92135700000.0 2275690000000.0 -1.48 -0.52 [-1.48,-0.52]
158489000000000.0 5.0458e+19 23315700000.0 5712330000000.0 103746000000000.0 167056000000000.0 12233400000000.0 155634000.0 101810000000.0 2516290000000.0 -1.48 -0.48 [-1.48,-0.48]
158489000000000.0 5.10489e+19 25664500000.0 6298750000000.0 114874000000000.0 185453000000000.0 13582300000000.0 171943000.0 112593000000.0 2784880000000.0 -1.48 -0.44 [-1.48,-0.44]
158488000000000.0 5.17164e+19 28256000000.0 6948410000000.0 127326000000000.0 206176000000000.0 15102000000000.0 190109000.0 124633000000.0 3085300000000.0 -1.48 -0.4 [-1.48,-0.4]
158488000000000.0 5.24737e+19 31116200000.0 7668720000000.0 141290000000000.0 229597000000000.0 16820100000000.0 210379000.0 138106000000.0 3422140000000.0 -1.48 -0.36 [-1.48,-0.36]
158489000000000.0 5.33357e+19 34273800000.0 8467890000000.0 156984000000000.0 256167000000000.0 18769700000000.0 233040000.0 153217000000.0 3800760000000.0 -1.48 -0.32 [-1.48,-0.32]
158489000000000.0 5.43173e+19 37757100000.0 9354620000000.0 174659000000000.0 286417000000000.0 20989900000000.0 258409000.0 170196000000.0 4227320000000.0 -1.48 -0.28 [-1.48,-0.28]
158489000000000.0 5.54397e+19 41598000000.0 10338900000000.0 194616000000000.0 321018000000000.0 23530200000000.0 286868000.0 189326000000.0 4709350000000.0 -1.48 -0.24 [-1.48,-0.24]
158489000000000.0 5.6727e+19 45828100000.0 11431300000000.0 217204000000000.0 360790000000000.0 26451100000000.0 318855000.0 210935000000.0 5255730000000.0 -1.48 -0.2 [-1.48,-0.2]
158489000000000.0 5.82085e+19 50480500000.0 12643300000000.0 242841000000000.0 406760000000000.0 29828400000000.0 354875000.0 235412000000.0 5877130000000.0 -1.48 -0.16 [-1.48,-0.16]
158489000000000.0 5.99205e+19 55587000000.0 13987000000000.0 272017000000000.0 460230000000000.0 33758100000000.0 395517000.0 263221000000.0 6586410000000.0 -1.48 -0.12 [-1.48,-0.12]
158489000000000.0 6.19089e+19 61172800000.0 15474000000000.0 305303000000000.0 522872000000000.0 38363800000000.0 441460000.0 294915000000.0 7399240000000.0 -1.48 -0.08 [-1.48,-0.08]
158489000000000.0 6.42312e+19 67252800000.0 17114600000000.0 343349000000000.0 596860000000000.0 43805900000000.0 493481000.0 331152000000.0 8334690000000.0 -1.48 -0.04 [-1.48,-0.04]
158489000000000.0 6.69597e+19 73824600000.0 18916000000000.0 386895000000000.0 685055000000000.0 50295900000000.0 552455000.0 372710000000.0 9415940000000.0 -1.48 -0.0 [-1.48,-0.0]
158489000000000.0 7.01885e+19 80911500000.0 20893500000000.0 436754000000000.0 791303000000000.0 58117900000000.0 619617000.0 420706000000.0 10675700000000.0 -1.48 0.04 [-1.48,0.04]
158489000000000.0 7.37718e+19 88449500000.0 23030500000000.0 492704000000000.0 917372000000000.0 67402200000000.0 695036000.0 475341000000.0 12121500000000.0 -1.48 0.08 [-1.48,0.08]
158489000000000.0 7.82602e+19 96717400000.0 25435500000000.0 558709000000000.0 1074900000000000.0 79010000000000.0 782461000.0 540046000000.0 13854800000000.0 -1.48 0.12 [-1.48,0.12]
158488000000000.0 8.36826e+19 105488000000.0 28056900000000.0 634753000000000.0 1271590000000000.0 93512100000000.0 882390000.0 615834000000.0 15913700000000.0 -1.48 0.16 [-1.48,0.16]
158489000000000.0 8.98111e+19 114586000000.0 30850500000000.0 719989000000000.0 1511630000000000.0 111215000000000.0 994713000.0 702776000000.0 18309900000000.0 -1.48 0.2 [-1.48,0.2]
158489000000000.0 9.68192e+19 123509000000.0 33691300000000.0 812550000000000.0 1808690000000000.0 133140000000000.0 1119440000.0 801519000000.0 21088400000000.0 -1.48 0.24 [-1.48,0.24]
158489000000000.0 1.04457e+20 132622000000.0 36673200000000.0 914590000000000.0 2167290000000000.0 159613000000000.0 1257330000.0 912687000000.0 24271700000000.0 -1.48 0.28 [-1.48,0.28]
158489000000000.0 1.13681e+20 141308000000.0 39663900000000.0 1026080000000000.0 2627730000000000.0 193638000000000.0 1410770000.0 1040250000000.0 28030000000000.0 -1.48 0.32 [-1.48,0.32]
158489000000000.0 1.24073e+20 149994000000.0 42755600000000.0 1148280000000000.0 3200210000000000.0 235975000000000.0 1578370000.0 1183360000000.0 32364900000000.0 -1.48 0.36 [-1.48,0.36]
158489000000000.0 1.35274e+20 158363000000.0 45822500000000.0 1278190000000000.0 3898470000000000.0 287656000000000.0 1755490000.0 1338130000000.0 37211200000000.0 -1.48 0.4 [-1.48,0.4]
158489000000000.0 1.48519e+20 166205000000.0 48832600000000.0 1417800000000000.0 4798360000000000.0 354350000000000.0 1945710000.0 1510640000000.0 42831600000000.0 -1.48 0.44 [-1.48,0.44]
158489000000000.0 1.67023e+20 173371000000.0 51869600000000.0 1579440000000000.0 6089060000000000.0 450195000000000.0 2154740000.0 1713500000000.0 49837300000000.0 -1.48 0.48 [-1.48,0.48]
158489000000000.0 1.87603e+20 179791000000.0 54762700000000.0 1753370000000000.0 7727700000000000.0 572021000000000.0 2370720000.0 1930220000000.0 57686400000000.0 -1.48 0.52 [-1.48,0.52]
158489000000000.0 2.12827e+20 185727000000.0 57576300000000.0 1942990000000000.0 9974570000000000.0 739473000000000.0 2592870000.0 2167430000000.0 66829500000000.0 -1.48 0.56 [-1.48,0.56]
158489000000000.0 2.44608e+20 190688000000.0 60111000000000.0 2147090000000000.0 1.31077e+16 973235000000000.0 2804860000.0 2413170000000.0 77277100000000.0 -1.48 0.6 [-1.48,0.6]
158489000000000.0 2.82005e+20 195785000000.0 62796900000000.0 2377440000000000.0 1.73152e+16 1286960000000000.0 3024930000.0 2683730000000.0 89423900000000.0 -1.48 0.64 [-1.48,0.64]
158488000000000.0 3.30759e+20 200376000000.0 65303700000000.0 2629610000000000.0 2.33616e+16 1737060000000000.0 3224080000.0 2956320000000.0 103295000000000.0 -1.48 0.68 [-1.48,0.68]
158489000000000.0 3.9204e+20 203947000000.0 67381500000000.0 2894000000000000.0 3.21549e+16 2390390000000000.0 3401860000.0 3231180000000.0 119126000000000.0 -1.48 0.72 [-1.48,0.72]
158489000000000.0 4.8283e+20 207330000000.0 69425600000000.0 3209940000000000.0 4.62822e+16 3434340000000000.0 3546120000.0 3515610000000.0 138877000000000.0 -1.48 0.76 [-1.48,0.76]
158488000000000.0 5.95728e+20 210755000000.0 71384600000000.0 3554700000000000.0 6.66212e+16 4924550000000000.0 3676070000.0 3802240000000.0 161490000000000.0 -1.48 0.8 [-1.48,0.8]
158488000000000.0 7.65489e+20 212979000000.0 72762100000000.0 3936680000000000.0 1.00262e+17 7359690000000000.0 3748940000.0 4050610000000.0 188224000000000.0 -1.48 0.84 [-1.48,0.84]
158489000000000.0 1.00335e+21 215963000000.0 74373300000000.0 4397430000000000.0 1.52841e+17 1.11059e+16 3817800000.0 4316910000000.0 221561000000000.0 -1.48 0.88 [-1.48,0.88]
158492000000000.0 1.35327e+21 219280000000.0 75901600000000.0 4926030000000000.0 2.38834e+17 1.71402e+16 3857100000.0 4551300000000.0 261244000000000.0 -1.48 0.92 [-1.48,0.92]
158489000000000.0 1.87678e+21 223836000000.0 77539500000000.0 5521630000000000.0 3.80322e+17 2.6938e+16 3890830000.0 4738210000000.0 306587000000000.0 -1.48 0.96 [-1.48,0.96]
158489000000000.0 2.6893e+21 228934000000.0 79279600000000.0 6229760000000000.0 6.21827e+17 4.35277e+16 3923580000.0 4910510000000.0 361594000000000.0 -1.48 1.0 [-1.48,1.0]
158489000000000.0 4.53976e+19 672362000.0 162205000000.0 2852020000000.0 4511740000000.0 327533000000.0 4371220.0 2836900000.0 69682400000.0 -1.46 -2.0 [-1.46,-2.0]
158489000000000.0 4.5409e+19 737347000.0 177886000000.0 3127910000000.0 4948310000000.0 359227000000.0 4793860.0 3111240000.0 76421700000.0 -1.46 -1.96 [-1.46,-1.96]
158489000000000.0 4.54219e+19 808629000.0 195087000000.0 3430600000000.0 5427310000000.0 394002000000.0 5257490.0 3412200000.0 83815200000.0 -1.46 -1.92 [-1.46,-1.92]
158489000000000.0 4.54363e+19 886823000.0 213957000000.0 3762710000000.0 5952890000000.0 432158000000.0 5766120.0 3742380000.0 91926700000.0 -1.46 -1.88 [-1.46,-1.88]
158489000000000.0 4.54526e+19 972603000.0 234660000000.0 4127120000000.0 6529630000000.0 474030000000.0 6324150.0 4104640000.0 100827000000.0 -1.46 -1.84 [-1.46,-1.84]
158489000000000.0 4.5471e+19 1066710000.0 257374000000.0 4527020000000.0 7162590000000.0 519983000000.0 6936430.0 4502140000.0 110593000000.0 -1.46 -1.8 [-1.46,-1.8]
158489000000000.0 4.54916e+19 1169970000.0 282298000000.0 4965900000000.0 7857300000000.0 570421000000.0 7608280.0 4938340000.0 121310000000.0 -1.46 -1.76 [-1.46,-1.76]
158489000000000.0 4.55148e+19 1283260000.0 309648000000.0 5447620000000.0 8619910000000.0 625788000000.0 8345580.0 5417060000.0 133073000000.0 -1.46 -1.72 [-1.46,-1.72]
158489000000000.0 4.55411e+19 1407590000.0 339666000000.0 5976450000000.0 9457180000000.0 686577000000.0 9154820.0 5942510000.0 145984000000.0 -1.46 -1.68 [-1.46,-1.68]
