Cloudy_runs/1es1553/component_I_PI_nH/component_I_PI_nH_col_density_param.txt
# %ECSV 1.0
# ---
# datatype:
# - {name: H, datatype: float64}
# - {name: H+, datatype: float64}
# - {name: C+, datatype: float64}
# - {name: C+2, datatype: float64}
# - {name: C+3, datatype: float64}
# - {name: N+2, datatype: float64}
# - {name: N+4, datatype: float64}
# - {name: O, datatype: float64}
# - {name: O+2, datatype: float64}
# - {name: O+5, datatype: float64}
# - {name: O+6, datatype: float64}
# - {name: Si+, datatype: float64}
# - {name: Si+2, datatype: float64}
# - {name: Si+3, datatype: float64}
# - {name: Si+4, datatype: float64}
# - {name: log_nH, datatype: float64}
# - {name: log_Te, datatype: float64}
# - {name: parameters, datatype: string, subtype: 'float64[1]'}
# schema: astropy-2.0
H H+ C+ C+2 C+3 N+2 N+4 O O+2 O+5 O+6 Si+ Si+2 Si+3 Si+4 log_nH log_Te parameters
[from data line 73]
5370320000000.0 5995090000000000.0 5858550000.0 109261000000.0 30622300000.0 24368100000.0 1500410000.0 3457200.0 120309000000.0 1384850000.0 113949000.0 291082000.0 5701930000.0 3503420000.0 7843660000.0 -3.54 4.307 [-3.54]
5370320000000.0 5694690000000000.0 5877090000.0 105404000000.0 28281300000.0 23677700000.0 1319230000.0 3856080.0 118773000000.0 1177070000.0 92808200.0 298370000.0 5747810000.0 3432670000.0 7201460000.0 -3.52 4.304 [-3.52]
5370320000000.0 5409330000000000.0 5891890000.0 101592000000.0 26085900000.0 22983300000.0 1158360000.0 4297710.0 117112000000.0 998736000.0 75448000.0 305162000.0 5777270000.0 3353710000.0 6591380000.0 -3.5 4.3 [-3.5]
5370320000000.0 5137900000000000.0 5903370000.0 97829600000.0 24027300000.0 22285700000.0 1015570000.0 4786650.0 115326000000.0 845741000.0 61203300.0 311471000.0 5790440000.0 3267030000.0 6014060000.0 -3.48 4.297 [-3.48]
5370320000000.0 4880540000000000.0 5911500000.0 94134200000.0 22106300000.0 21589100000.0 889399000.0 5326080.0 113425000000.0 715083000.0 49567900.0 317254000.0 5787760000.0 3174030000.0 5471810000.0 -3.46 4.293 [-3.46]
5370320000000.0 4636090000000000.0 5916470000.0 90506100000.0 20313500000.0 20893500000.0 777900000.0 5921170.0 111411000000.0 603515000.0 40066800.0 322533000.0 5769590000.0 3075350000.0 4964170000.0 -3.44 4.29 [-3.44]
5370320000000.0 4403920000000000.0 5918460000.0 86950900000.0 18642900000.0 20200500000.0 679515000.0 6576810.0 109288000000.0 508416000.0 32323400.0 327317000.0 5736550000.0 2971890000.0 4491070000.0 -3.42 4.286 [-3.42]
5370320000000.0 4183410000000000.0 5917600000.0 83473200000.0 17088600000.0 19511600000.0 592832000.0 7298260.0 107062000000.0 427503000.0 26024800.0 331622000.0 5689410000.0 2864550000.0 4052110000.0 -3.4 4.283 [-3.4]
5370320000000.0 3973970000000000.0 5914070000.0 80077000000.0 15644600000.0 18828100000.0 516572000.0 8091050.0 104737000000.0 358785000.0 20911600.0 335469000.0 5629040000.0 2754220000.0 3646550000.0 -3.38 4.28 [-3.38]
5370320000000.0 3775060000000000.0 5907980000.0 76765500000.0 14304900000.0 18151100000.0 449577000.0 8961100.0 102322000000.0 300533000.0 16769000.0 338883000.0 5556380000.0 2641760000.0 3273350000.0 -3.36 4.276 [-3.36]
5370320000000.0 3586150000000000.0 5899460000.0 73541300000.0 13063900000.0 17481800000.0 390808000.0 9914580.0 99822100000.0 251249000.0 13419700.0 341891000.0 5472470000.0 2527980000.0 2931290000.0 -3.34 4.273 [-3.34]
5370320000000.0 3406730000000000.0 5888650000.0 70406400000.0 11916000000.0 16821400000.0 339327000.0 10958000.0 97245100000.0 209632000.0 10717300.0 344526000.0 5378380000.0 2413640000.0 2618920000.0 -3.32 4.269 [-3.32]
5370320000000.0 3236340000000000.0 5875660000.0 67362400000.0 10855500000.0 16170600000.0 294291000.0 12098400.0 94598200000.0 174559000.0 8541520.0 346820000.0 5275190000.0 2299460000.0 2334690000.0 -3.3 4.266 [-3.3]
5370320000000.0 3074840000000000.0 5860600000.0 64416300000.0 9878980000.0 15531900000.0 255015000.0 13340900.0 91896000000.0 145108000.0 6796030.0 348791000.0 5164310000.0 2186370000.0 2077320000.0 -3.28 4.262 [-3.28]
5370320000000.0 2921150000000000.0 5843510000.0 61556000000.0 8977600000.0 14903100000.0 220681000.0 14696600.0 89133300000.0 120341000.0 5393970.0 350503000.0 5046170000.0 2074360000.0 1844280000.0 -3.26 4.259 [-3.26]
5370320000000.0 2774890000000000.0 5824490000.0 58782400000.0 8146790000.0 14285200000.0 190714000.0 16173500.0 86318100000.0 99562100.0 4270580.0 351990000.0 4921820000.0 1963960000.0 1633940000.0 -3.24 4.255 [-3.24]
5370320000000.0 2636280000000000.0 5803620000.0 56106700000.0 7385040000.0 13681200000.0 164687000.0 17775800.0 83471800000.0 82226300.0 3375450.0 353255000.0 4792880000.0 1856180000.0 1445240000.0 -3.22 4.252 [-3.22]
5370320000000.0 2504650000000000.0 5780970000.0 53522600000.0 6686160000.0 13090400000.0 142066000.0 19513600.0 80596500000.0 67766400.0 2662430.0 354344000.0 4660020000.0 1751120000.0 1276140000.0 -3.2 4.248 [-3.2]
5370320000000.0 2379900000000000.0 5756630000.0 51034800000.0 6047070000.0 12514500000.0 122464000.0 21392500.0 77707300000.0 55750500.0 2096570.0 355275000.0 4524480000.0 1649340000.0 1125220000.0 -3.18 4.245 [-3.18]
5370320000000.0 2261180000000000.0 5730590000.0 48631200000.0 5461080000.0 11951400000.0 105433000.0 23426400.0 74798800000.0 45751600.0 1646900.0 356100000.0 4386390000.0 1550590000.0 990411000.0 -3.16 4.241 [-3.16]
5370320000000.0 2148460000000000.0 5702970000.0 46316500000.0 4925740000.0 11402800000.0 90685300.0 25621000.0 71886700000.0 37466700.0 1291100.0 356832000.0 4246930000.0 1455350000.0 870499000.0 -3.14 4.238 [-3.14]
5370320000000.0 2041400000000000.0 5673710000.0 44088500000.0 4437220000.0 10868600000.0 77925600.0 27985400.0 68977800000.0 30615000.0 1010090.0 357494000.0 4106700000.0 1363760000.0 764035000.0 -3.12 4.234 [-3.12]
5370320000000.0 1939740000000000.0 5642880000.0 41946200000.0 3992150000.0 10349300000.0 66900700.0 30527700.0 66080700000.0 24962500.0 788681.0 358105000.0 3966380000.0 1275950000.0 669724000.0 -3.1 4.231 [-3.1]
5370320000000.0 1843160000000000.0 5610450000.0 39886500000.0 3587000000.0 9844600000.0 57379700.0 33257500.0 63200900000.0 20307300.0 614520.0 358687000.0 3826430000.0 1191950000.0 586297000.0 -3.08 4.227 [-3.08]
5370320000000.0 1751260000000000.0 5576440000.0 37904600000.0 3218250000.0 9353930000.0 49156600.0 36185900.0 60341500000.0 16478500.0 477690.0 359262000.0 3687150000.0 1111650000.0 512556000.0 -3.06 4.224 [-3.06]
5370320000000.0 1664200000000000.0 5540970000.0 36007300000.0 2884370000.0 8879360000.0 42087000.0 39312800.0 57521600000.0 13346800.0 370770.0 359820000.0 3549620000.0 1035420000.0 447692000.0 -3.04 4.221 [-3.04]
5370320000000.0 1581520000000000.0 5504000000.0 34187900000.0 2581830000.0 8419760000.0 36002400.0 42649600.0 54741000000.0 10786100.0 287230.0 360385000.0 3413870000.0 963048000.0 390622000.0 -3.02 4.217 [-3.02]
5370320000000.0 1503000000000000.0 5465520000.0 32444300000.0 2308100000.0 7975090000.0 30770500.0 46202800.0 52005800000.0 8697000.0 222093.0 360963000.0 3280240000.0 894476000.0 340484000.0 -3.0 4.214 [-3.0]
5370320000000.0 1428430000000000.0 5425550000.0 30774300000.0 2060770000.0 7545280000.0 26275900.0 49978200.0 49321600000.0 6996670.0 171408.0 361560000.0 3149000000.0 829640000.0 296497000.0 -2.98 4.21 [-2.98]
5370320000000.0 1357790000000000.0 5384210000.0 29180100000.0 1838080000.0 7131220000.0 22425500.0 53974600.0 46700100000.0 5618280.0 132116.0 362167000.0 3020740000.0 768606000.0 258025000.0 -2.96 4.207 [-2.96]
5370320000000.0 1290530000000000.0 5341270000.0 27651000000.0 1636980000.0 6730770000.0 19116300.0 58207700.0 44133100000.0 4499200.0 101597.0 362809000.0 2894940000.0 710963000.0 224291000.0 -2.94 4.204 [-2.94]
5370320000000.0 1226650000000000.0 5296850000.0 26189300000.0 1456050000.0 6344830000.0 16280800.0 62674200.0 41631700000.0 3594690.0 77991.1 363471000.0 2772110000.0 656765000.0 194804000.0 -2.92 4.2 [-2.92]
5370320000000.0 1165990000000000.0 5250970000.0 24792700000.0 1293500000.0 5973240000.0 13853400.0 67375000.0 39199800000.0 2865340.0 59767.4 364152000.0 2652400000.0 605893000.0 169058000.0 -2.9 4.197 [-2.9]
5370320000000.0 1108380000000000.0 5203630000.0 23459200000.0 1147670000.0 5615860000.0 11777200.0 72309200.0 36841200000.0 2278650.0 45725.9 364845000.0 2535880000.0 558226000.0 146604000.0 -2.88 4.194 [-2.88]
5370320000000.0 1053660000000000.0 5154840000.0 22186700000.0 1017030000.0 5272510000.0 10002700.0 77474700.0 34558800000.0 1807810.0 34926.3 365545000.0 2422640000.0 513636000.0 127037000.0 -2.86 4.19 [-2.86]
5370320000000.0 1001690000000000.0 5104590000.0 20972900000.0 900162000.0 4942990000.0 8487310.0 82867000.0 32355400000.0 1430860.0 26635.1 366246000.0 2312700000.0 471990000.0 110002000.0 -2.84 4.187 [-2.84]
5370320000000.0 952338000000000.0 5052930000.0 19816000000.0 795759000.0 4627170000.0 7194440.0 88479400.0 30233400000.0 1129830.0 20281.4 366936000.0 2206120000.0 433159000.0 95186300.0 -2.82 4.184 [-2.82]
5370320000000.0 905461000000000.0 4999850000.0 18713800000.0 702622000.0 4324830000.0 6092290.0 94303400.0 28194700000.0 890002.0 15420.6 367605000.0 2102890000.0 397008000.0 82310400.0 -2.8 4.181 [-2.8]
5370320000000.0 860826000000000.0 4945230000.0 17661700000.0 619484000.0 4035160000.0 5151840.0 100337000.0 26236600000.0 699100.0 11702.1 368251000.0 2002740000.0 363325000.0 71110300.0 -2.78 4.178 [-2.78]
5370320000000.0 818540000000000.0 4889370000.0 16663100000.0 545689000.0 3759280000.0 4353260.0 106550000.0 24368900000.0 548069.0 8872.9 368845000.0 1906220000.0 332143000.0 61411500.0 -2.76 4.174 [-2.76]
5370320000000.0 778378000000000.0 4832180000.0 15713400000.0 480132000.0 3496330000.0 3674350.0 112935000.0 22587900000.0 428641.0 6719.09 369380000.0 1813010000.0 303248000.0 53002600.0 -2.74 4.171 [-2.74]
5370320000000.0 740323000000000.0 4773820000.0 14812900000.0 422082000.0 3246630000.0 3098730.0 119466000.0 20897400000.0 334583.0 0.0 369839000.0 1723320000.0 276575000.0 45729500.0 -2.72 4.168 [-2.72]
5370320000000.0 704079000000000.0 4714000000.0 13955100000.0 370533000.0 3008870000.0 2609270.0 126142000.0 19290100000.0 260427.0 0.0 370221000.0 1636620000.0 251870000.0 39419700.0 -2.7 4.165 [-2.7]
5370320000000.0 669649000000000.0 4652930000.0 13140600000.0 324918000.0 2783400000.0 2194380.0 132933000.0 17769200000.0 202225.0 0.0 370506000.0 1553100000.0 229081000.0 33960100.0 -2.68 4.162 [-2.68]
5370320000000.0 636939000000000.0 4590630000.0 12367500000.0 284608000.0 2570000000.0 1843100.0 139816000.0 16333900000.0 156661.0 0.0 370678000.0 1472730000.0 208090000.0 29239400.0 -2.66 4.159 [-2.66]
5370320000000.0 605869000000000.0 4527160000.0 11634300000.0 249033000.0 2368440000.0 1546020.0 146767000.0 14983300000.0 121081.0 0.0 370721000.0 1395450000.0 188786000.0 25160400.0 -2.64 4.156 [-2.64]
5370320000000.0 576343000000000.0 4462520000.0 10939100000.0 217670000.0 2178420000.0 1295040.0 153761000.0 13715500000.0 93364.0 0.0 370629000.0 1321170000.0 171057000.0 21637300.0 -2.62 4.153 [-2.62]
5370320000000.0 548216000000000.0 4396610000.0 10278600000.0 190003000.0 1999320000.0 1082920.0 160783000.0 12526400000.0 71793.6 0.0 370386000.0 1249650000.0 154762000.0 18591200.0 -2.6 4.15 [-2.6]
5370320000000.0 521569000000000.0 4329850000.0 9654970000.0 165734000.0 1831670000.0 904587.0 167785000.0 11419100000.0 55110.9 0.0 369970000.0 1181250000.0 139881000.0 15969600.0 -2.58 4.147 [-2.58]
5370320000000.0 496249000000000.0 4262110000.0 9064730000.0 144420000.0 1674730000.0 754536.0 174754000.0 10388500000.0 42212.4 0.0 369374000.0 1115690000.0 126278000.0 13709800.0 -2.56 4.145 [-2.56]
5370320000000.0 472190000000000.0 4193440000.0 8506410000.0 125724000.0 1528180000.0 628460.0 181662000.0 9431990000.0 32264.1 0.0 368587000.0 1052910000.0 113860000.0 11763100.0 -2.54 4.142 [-2.54]
5370320000000.0 449327000000000.0 4123900000.0 7978570000.0 109344000.0 1391670000.0 522682.0 188486000.0 8546630000.0 24609.4 0.0 367597000.0 992828000.0 102541000.0 10087100.0 -2.52 4.139 [-2.52]
5370320000000.0 427601000000000.0 4053570000.0 7479830000.0 95008100.0 1264840000.0 434067.0 195202000.0 7729400000.0 18733.3 0.0 366395000.0 935389000.0 92238900.0 8644900.0 -2.5 4.136 [-2.5]
5370320000000.0 407014000000000.0 3982730000.0 7010230000.0 82504000.0 1147580000.0 360087.0 201779000.0 6978780000.0 14240.4 0.0 364971000.0 880695000.0 82899400.0 7407270.0 -2.48 4.134 [-2.48]
5370320000000.0 387389000000000.0 3911000000.0 6565650000.0 71557800.0 1038940000.0 298161.0 208217000.0 6288020000.0 10799.3 0.0 363319000.0 828329000.0 74400400.0 6341130.0 -2.46 4.131 [-2.46]
5370320000000.0 368736000000000.0 3838680000.0 6146290000.0 62009700.0 938785000.0 246525.0 214486000.0 5655530000.0 8175.3 0.0 361432000.0 778401000.0 66698400.0 5425420.0 -2.44 4.128 [-2.44]
5370320000000.0 351007000000000.0 3765840000.0 5750930000.0 53690000.0 846705000.0 203539.0 220572000.0 5077900000.0 6178.44 0.0 359304000.0 730843000.0 59728500.0 4639360.0 -2.42 4.126 [-2.42]
5370320000000.0 334100000000000.0 3692320000.0 5377240000.0 46431000.0 762069000.0 167738.0 226469000.0 4550480000.0 4659.17 0.0 356927000.0 685435000.0 53413400.0 3963530.0 -2.4 4.123 [-2.4]
5370320000000.0 318083000000000.0 3618690000.0 5026520000.0 40135600.0 684857000.0 138103.0 232147000.0 4072400000.0 3510.25 0.0 354307000.0 642418000.0 47731000.0 3385540.0 -2.38 4.12 [-2.38]
5370320000000.0 302855000000000.0 3544760000.0 4696440000.0 34666700.0 614415000.0 113549.0 237606000.0 3638980000.0 2640.94 0.0 351438000.0 601566000.0 42610100.0 2890280.0 -2.36 4.118 [-2.36]
5370320000000.0 288380000000000.0 3470640000.0 4385990000.0 29920500.0 550314000.0 93240.4 242839000.0 3246960000.0 1984.35 0.0 348323000.0 562811000.0 38001500.0 2466180.0 -2.34 4.115 [-2.34]
5370320000000.0 274617000000000.0 3396400000.0 4094150000.0 25805300.0 492123000.0 76467.4 247840000.0 2893150000.0 0.0 0.0 344962000.0 526084000.0 33859400.0 2103210.0 -2.32 4.113 [-2.32]
5370320000000.0 261533000000000.0 3322130000.0 3819990000.0 22240500.0 439422000.0 62636.2 252608000.0 2574520000.0 0.0 0.0 341361000.0 491318000.0 30141300.0 1792770.0 -2.3 4.11 [-2.3]
5370320000000.0 249092000000000.0 3247900000.0 3562570000.0 19155200.0 391803000.0 51247.7 257140000.0 2288150000.0 0.0 0.0 337523000.0 458444000.0 26808100.0 1527400.0 -2.28 4.108 [-2.28]
5370320000000.0 237262000000000.0 3173800000.0 3321020000.0 16487300.0 348870000.0 41883.8 261437000.0 2031260000.0 0.0 0.0 333455000.0 427393000.0 23823600.0 1300690.0 -2.26 4.106 [-2.26]
5370320000000.0 226013000000000.0 3099910000.0 3094500000.0 14182200.0 310244000.0 34195.5 265502000.0 1801240000.0 0.0 0.0 329164000.0 398097000.0 21154500.0 1107120.0 -2.24 4.103 [-2.24]
5370320000000.0 215317000000000.0 3026310000.0 2882190000.0 12192100.0 275563000.0 27891.3 269339000.0 1595640000.0 0.0 0.0 324661000.0 370489000.0 18770200.0 941954.0 -2.22 4.101 [-2.22]
5370320000000.0 205144000000000.0 2953080000.0 2683310000.0 10475500.0 244484000.0 22728.5 272951000.0 1412170000.0 0.0 0.0 319956000.0 344502000.0 16642700.0 801093.0 -2.2 4.099 [-2.2]
5370320000000.0 195470000000000.0 2880300000.0 2497140000.0 8995780.0 216683000.0 18505.8 276345000.0 1248690000.0 0.0 0.0 315058000.0 320068000.0 14746500.0 681032.0 -2.18 4.096 [-2.18]
5370320000000.0 186310000000000.0 2808370000.0 2323710000.0 7725320.0 191934000.0 15064.9 279520000.0 1103680000.0 0.0 0.0 310002000.0 297227000.0 13064000.0 579069.0 -2.16 4.094 [-2.16]
5370320000000.0 177558000000000.0 2736720000.0 2160810000.0 6627820.0 169795000.0 12247.7 282498000.0 974404000.0 0.0 0.0 304761000.0 275698000.0 11561700.0 491949.0 -2.14 4.092 [-2.14]
5370320000000.0 169233000000000.0 2665740000.0 2008570000.0 5683790.0 150087000.0 9950.89 285279000.0 859687000.0 0.0 0.0 299368000.0 255526000.0 10226600.0 417810.0 -2.12 4.089 [-2.12]
5370320000000.0 161315000000000.0 2595500000.0 1866370000.0 4872290.0 132568000.0 8080.02 287871000.0 758006000.0 0.0 0.0 293837000.0 236646000.0 9041320.0 354749.0 -2.1 4.087 [-2.1]
5370320000000.0 153782000000000.0 2526060000.0 1733640000.0 4175120.0 117015000.0 6557.41 290283000.0 667975000.0 0.0 0.0 288184000.0 218997000.0 7989820.0 301135.0 -2.08 4.085 [-2.08]
5370320000000.0 146617000000000.0 2457490000.0 1609800000.0 3576530.0 103225000.0 5319.27 292523000.0 588343000.0 0.0 0.0 282423000.0 202516000.0 7057820.0 255574.0 -2.06 4.083 [-2.06]
5370320000000.0 139800000000000.0 2389840000.0 1494330000.0 3062870.0 91010700.0 4313.17 294600000.0 517973000.0 0.0 0.0 276570000.0 187144000.0 6232350.0 216873.0 -2.04 4.081 [-2.04]
5370320000000.0 133314000000000.0 2323170000.0 1386720000.0 2622300.0 80203900.0 3496.16 296522000.0 455838000.0 0.0 0.0 270641000.0 172821000.0 5501740.0 184010.0 -2.02 4.078 [-2.02]
5370320000000.0 127144000000000.0 2257540000.0 1286490000.0 2244620.0 70651900.0 2833.12 298298000.0 401021000.0 0.0 0.0 264650000.0 159492000.0 4855570.0 156117.0 -2.0 4.076 [-2.0]
