Cloudy_runs/Data/component_II_nH_T/component_II_nH_T_col_density_param.txt
# %ECSV 1.0
# ---
# datatype:
# - {name: H, datatype: float64}
# - {name: H+, datatype: float64}
# - {name: C+2, datatype: float64}
# - {name: C+3, datatype: float64}
# - {name: O+6, datatype: float64}
# - {name: Si+2, datatype: float64}
# - {name: Si+3, datatype: float64}
# - {name: log_nH, datatype: float64}
# - {name: log_T, datatype: float64}
# - {name: parameters, datatype: string, subtype: 'float64[2]'}
# schema: astropy-2.0
H H+ C+2 C+3 O+6 Si+2 Si+3 log_nH log_T parameters
[from data line 7920]
134896000000000.0 2.23001e+21 340220.0 4481680000.0 3626030000000000.0 2.03362e-06 0.0142793 -2.42 6.55 [-2.42,6.55]
134896000000000.0 2.51571e+21 174974.0 2678580000.0 2126140000000000.0 2.11928e-07 0.00173546 -2.42 6.6 [-2.42,6.6]
134896000000000.0 2.83522e+21 91652.0 1627110000.0 1255420000000000.0 2.44259e-08 0.000232864 -2.42 6.65 [-2.42,6.65]
134896000000000.0 3.19265e+21 48852.0 1004070000.0 757290000000000.0 3.08857e-09 3.42271e-05 -2.42 6.7 [-2.42,6.7]
134896000000000.0 3.59267e+21 26468.3 628928000.0 468150000000000.0 4.23056e-10 5.44211e-06 -2.42 6.75 [-2.42,6.75]
134896000000000.0 4.04055e+21 14561.0 399536000.0 296889000000000.0 6.18272e-11 9.219e-07 -2.42 6.8 [-2.42,6.8]
134896000000000.0 4.54232e+21 8124.3 257202000.0 193044000000000.0 9.47636e-12 1.63591e-07 -2.42 6.85 [-2.42,6.85]
134896000000000.0 5.10479e+21 4591.47 167605000.0 128369000000000.0 1.4964e-12 2.98524e-08 -2.42 6.9 [-2.42,6.9]
134896000000000.0 5.73569e+21 2624.71 110425000.0 87087300000000.0 2.38451e-13 5.49522e-09 -2.42 6.95 [-2.42,6.95]
134896000000000.0 6.44391e+21 1516.28 73508200.0 60554500000000.0 3.76899e-14 1.00246e-09 -2.42 7.0 [-2.42,7.0]
134896000000000.0 1.18786e+16 194148000000.0 3501070000.0 0.0 17540000000.0 3066090000.0 -2.4 4.0 [-2.4,4.0]
134896000000000.0 1.28833e+16 213607000000.0 4126270000.0 0.0 21679600000.0 3501390000.0 -2.4 4.05 [-2.4,4.05]
134896000000000.0 1.39857e+16 234898000000.0 4818290000.0 0.0 25944800000.0 3869840000.0 -2.4 4.1 [-2.4,4.1]
134896000000000.0 1.52111e+16 258194000000.0 5548000000.0 0.0 30380900000.0 4104810000.0 -2.4 4.15 [-2.4,4.15]
134896000000000.0 1.66232e+16 283861000000.0 6280520000.0 0.0 35158900000.0 4189000000.0 -2.4 4.2 [-2.4,4.2]
134896000000000.0 1.83895e+16 313267000000.0 7016690000.0 0.0 40664300000.0 4202510000.0 -2.4 4.25 [-2.4,4.25]
134896000000000.0 2.09236e+16 350827000000.0 7869410000.0 0.0 47838100000.0 4324970000.0 -2.4 4.3 [-2.4,4.3]
134896000000000.0 2.51532e+16 407619000000.0 9149600000.0 137527.0 58856800000.0 4825040000.0 -2.4 4.35 [-2.4,4.35]
134896000000000.0 3.29954e+16 506831000000.0 11447800000.0 289525.0 78219000000.0 6139570000.0 -2.4 4.4 [-2.4,4.4]
134896000000000.0 4.80387e+16 690195000000.0 15670100000.0 755162.0 114067000000.0 9090340000.0 -2.4 4.45 [-2.4,4.45]
134896000000000.0 7.6517e+16 1033440000000.0 23266800000.0 2197250.0 179649000000.0 15328500000.0 -2.4 4.5 [-2.4,4.5]
134896000000000.0 1.28504e+17 1690730000000.0 37115200000.0 6103150.0 294169000000.0 28113100000.0 -2.4 4.55 [-2.4,4.55]
134896000000000.0 2.19325e+17 2991770000000.0 63533900000.0 14592200.0 482019000000.0 53735600000.0 -2.4 4.6 [-2.4,4.6]
134896000000000.0 3.71123e+17 5548490000000.0 115213000000.0 29614600.0 768619000000.0 104263000000.0 -2.4 4.65 [-2.4,4.65]
134896000000000.0 6.14636e+17 10248300000000.0 217442000000.0 53618100.0 1171080000000.0 202900000000.0 -2.4 4.7 [-2.4,4.7]
134896000000000.0 9.91539e+17 18130900000000.0 437074000000.0 93092200.0 1676920000000.0 391614000000.0 -2.4 4.75 [-2.4,4.75]
134896000000000.0 1.55742e+18 30251100000000.0 1004450000000.0 163240000.0 2239850000000.0 741088000000.0 -2.4 4.8 [-2.4,4.8]
134896000000000.0 2.38192e+18 47261400000000.0 2710470000000.0 304033000.0 2725160000000.0 1321980000000.0 -2.4 4.85 [-2.4,4.85]
134896000000000.0 3.54065e+18 67999400000000.0 7845660000000.0 640745000.0 2829150000000.0 2065130000000.0 -2.4 4.9 [-2.4,4.9]
134896000000000.0 5.10752e+18 86625600000000.0 21127200000000.0 1558660000.0 2234430000000.0 2538540000000.0 -2.4 4.95 [-2.4,4.95]
134896000000000.0 7.18283e+18 90392700000000.0 46014700000000.0 4333050000.0 1281800000000.0 2335160000000.0 -2.4 5.0 [-2.4,5.0]
134896000000000.0 9.91286e+18 68757800000000.0 70352200000000.0 13710900000.0 601256000000.0 1770020000000.0 -2.4 5.05 [-2.4,5.05]
134896000000000.0 1.34512e+19 36886000000000.0 72554600000000.0 46878600000.0 267778000000.0 1259110000000.0 -2.4 5.1 [-2.4,5.1]
134896000000000.0 1.79748e+19 15998000000000.0 57859600000000.0 158083000000.0 123439000000.0 908254000000.0 -2.4 5.15 [-2.4,5.15]
134896000000000.0 2.36772e+19 6545060000000.0 41727800000000.0 498035000000.0 61279600000.0 689499000000.0 -2.4 5.2 [-2.4,5.2]
134896000000000.0 3.0761e+19 2735150000000.0 29566500000000.0 1535110000000.0 33366900000.0 561159000000.0 -2.4 5.25 [-2.4,5.25]
134896000000000.0 3.95035e+19 1203440000000.0 21286900000000.0 5830050000000.0 20019100000.0 492442000000.0 -2.4 5.3 [-2.4,5.3]
134895000000000.0 5.02695e+19 562347000000.0 15761600000000.0 32113200000000.0 13034700000.0 459581000000.0 -2.4 5.35 [-2.4,5.35]
134895000000000.0 6.32712e+19 278022000000.0 11997400000000.0 186401000000000.0 8837380000.0 438314000000.0 -2.4 5.4 [-2.4,5.4]
134895000000000.0 7.81862e+19 143755000000.0 9309530000000.0 783901000000000.0 5874790000.0 402804000000.0 -2.4 5.45 [-2.4,5.45]
134896000000000.0 9.50465e+19 77566300000.0 7370350000000.0 2031680000000000.0 3650000000.0 340458000000.0 -2.4 5.5 [-2.4,5.5]
134896000000000.0 1.1504e+20 44101800000.0 6026110000000.0 3559570000000000.0 2074990000.0 259425000000.0 -2.4 5.55 [-2.4,5.55]
134896000000000.0 1.38905e+20 26504000000.0 5112460000000.0 5060090000000000.0 1063770000.0 175830000000.0 -2.4 5.6 [-2.4,5.6]
134896000000000.0 1.6701e+20 16854600000.0 4512870000000.0 6548780000000000.0 488059000.0 105302000000.0 -2.4 5.65 [-2.4,5.65]
134896000000000.0 1.99757e+20 11343700000.0 4152730000000.0 8116390000000000.0 200516000.0 55814900000.0 -2.4 5.7 [-2.4,5.7]
134896000000000.0 2.37849e+20 8065770000.0 3977930000000.0 9843480000000000.0 74335700.0 26408200000.0 -2.4 5.75 [-2.4,5.75]
134896000000000.0 2.8165e+20 5905580000.0 3871050000000.0 1.17737e+16 24941500.0 11199100000.0 -2.4 5.8 [-2.4,5.8]
134896000000000.0 3.31086e+20 4275740000.0 3677850000000.0 1.39177e+16 7552150.0 4247780000.0 -2.4 5.85 [-2.4,5.85]
134896000000000.0 3.86986e+20 2949000000.0 3290640000000.0 1.63134e+16 2057080.0 1437720000.0 -2.4 5.9 [-2.4,5.9]
134896000000000.0 4.50603e+20 1905870000.0 2726940000000.0 1.90001e+16 504622.0 434913000.0 -2.4 5.95 [-2.4,5.95]
134896000000000.0 5.22952e+20 1139710000.0 2067120000000.0 2.19641e+16 111411.0 117551000.0 -2.4 6.0 [-2.4,6.0]
134896000000000.0 6.0496e+20 622512000.0 1415080000000.0 2.5086e+16 22193.2 28474300.0 -2.4 6.05 [-2.4,6.05]
134896000000000.0 6.97187e+20 310650000.0 875415000000.0 2.8036e+16 3954.96 6134450.0 -2.4 6.1 [-2.4,6.1]
134896000000000.0 8.00761e+20 145371000.0 501396000000.0 3.02488e+16 616.735 1149890.0 -2.4 6.15 [-2.4,6.15]
134896000000000.0 9.17118e+20 66100600.0 274980000000.0 3.10065e+16 79.9552 178146.0 -2.4 6.2 [-2.4,6.2]
134896000000000.0 1.04787e+21 29716600.0 147514000000.0 2.97289e+16 8.10007 21466.7 -2.4 6.25 [-2.4,6.25]
134896000000000.0 1.19435e+21 13360700.0 78724100000.0 2.62693e+16 0.651777 2046.92 -2.4 6.3 [-2.4,6.3]
134896000000000.0 1.3581e+21 6097780.0 42533800000.0 2.10932e+16 0.0466343 172.994 -2.4 6.35 [-2.4,6.35]
134896000000000.0 1.5411e+21 2854290.0 23490300000.0 1.52657e+16 0.00334718 14.6222 -2.4 6.4 [-2.4,6.4]
134896000000000.0 1.7457e+21 1371200.0 13255400000.0 1.00352e+16 0.000256987 1.31836 -2.4 6.45 [-2.4,6.45]
134896000000000.0 1.97433e+21 675259.0 7633500000.0 6143720000000000.0 2.16976e-05 0.130373 -2.4 6.5 [-2.4,6.5]
134896000000000.0 2.22988e+21 340209.0 4481510000.0 3626010000000000.0 2.03368e-06 0.0142796 -2.4 6.55 [-2.4,6.55]
134896000000000.0 2.51555e+21 174967.0 2678470000.0 2126100000000000.0 2.11933e-07 0.00173548 -2.4 6.6 [-2.4,6.6]
134896000000000.0 2.83504e+21 91648.2 1627040000.0 1255380000000000.0 2.44263e-08 0.000232866 -2.4 6.65 [-2.4,6.65]
134896000000000.0 3.19245e+21 48849.9 1004030000.0 757262000000000.0 3.08861e-09 3.42272e-05 -2.4 6.7 [-2.4,6.7]
134896000000000.0 3.59243e+21 26467.0 628896000.0 468129000000000.0 4.23059e-10 5.4421e-06 -2.4 6.75 [-2.4,6.75]
134896000000000.0 4.04028e+21 14560.2 399514000.0 296875000000000.0 6.18274e-11 9.21894e-07 -2.4 6.8 [-2.4,6.8]
134896000000000.0 4.54201e+21 8123.87 257187000.0 193033000000000.0 9.47636e-12 1.63589e-07 -2.4 6.85 [-2.4,6.85]
134896000000000.0 5.10443e+21 4591.22 167594000.0 128361000000000.0 1.49616e-12 2.9852e-08 -2.4 6.9 [-2.4,6.9]
134896000000000.0 5.73527e+21 2624.56 110418000.0 87081800000000.0 2.38447e-13 5.49508e-09 -2.4 6.95 [-2.4,6.95]
134896000000000.0 6.44341e+21 1516.19 73503300.0 60550400000000.0 3.76893e-14 1.00243e-09 -2.4 7.0 [-2.4,7.0]
134896000000000.0 1.13562e+16 183362000000.0 3080860000.0 0.0 16578100000.0 2766030000.0 -2.38 4.0 [-2.38,4.0]
134896000000000.0 1.23165e+16 201855000000.0 3631630000.0 0.0 20585200000.0 3163950000.0 -2.38 4.05 [-2.38,4.05]
134896000000000.0 1.33705e+16 222095000000.0 4242390000.0 0.0 24718600000.0 3503780000.0 -2.38 4.1 [-2.38,4.1]
134896000000000.0 1.45429e+16 244245000000.0 4888840000.0 0.0 29012100000.0 3725840000.0 -2.38 4.15 [-2.38,4.15]
134896000000000.0 1.5897e+16 268661000000.0 5542550000.0 0.0 33628400000.0 3815530000.0 -2.38 4.2 [-2.38,4.2]
134896000000000.0 1.75999e+16 296696000000.0 6208500000.0 0.0 38954100000.0 3847800000.0 -2.38 4.25 [-2.38,4.25]
134896000000000.0 2.00644e+16 332720000000.0 6994950000.0 0.0 45939800000.0 3991540000.0 -2.38 4.3 [-2.38,4.3]
134896000000000.0 2.42176e+16 387676000000.0 8194010000.0 0.0 56777000000.0 4505120000.0 -2.38 4.35 [-2.38,4.35]
134896000000000.0 3.19759e+16 484380000000.0 10359300000.0 230886.0 75985600000.0 5819790000.0 -2.38 4.4 [-2.38,4.4]
134896000000000.0 4.69272e+16 663856000000.0 14341400000.0 617843.0 111748000000.0 8760910000.0 -2.38 4.45 [-2.38,4.45]
134896000000000.0 7.53045e+16 1001020000000.0 21510600000.0 1839940.0 177400000000.0 15001300000.0 -2.38 4.5 [-2.38,4.5]
134896000000000.0 1.2718e+17 1650230000000.0 34622300000.0 5195400.0 292347000000.0 27863200000.0 -2.38 4.55 [-2.38,4.55]
134896000000000.0 2.17879e+17 2943960000000.0 59771900000.0 12546800.0 481392000000.0 53791700000.0 -2.38 4.6 [-2.38,4.6]
134896000000000.0 3.69546e+17 5498660000000.0 109212000000.0 25626700.0 770629000000.0 105181000000.0 -2.38 4.65 [-2.38,4.65]
134896000000000.0 6.12934e+17 10204800000000.0 207496000000.0 46672200.0 1178060000000.0 205858000000.0 -2.38 4.7 [-2.38,4.7]
134896000000000.0 9.89783e+17 18103700000000.0 420517000000.0 81602300.0 1692390000000.0 398925000000.0 -2.38 4.75 [-2.38,4.75]
134896000000000.0 1.5558e+18 30254600000000.0 977753000000.0 144149000.0 2267720000000.0 756575000000.0 -2.38 4.8 [-2.38,4.8]
134896000000000.0 2.38065e+18 47316000000000.0 2670770000000.0 270674000.0 2767530000000.0 1350140000000.0 -2.38 4.85 [-2.38,4.85]
134896000000000.0 3.5396e+18 68128500000000.0 7797030000000.0 575998000.0 2878700000000.0 2106580000000.0 -2.38 4.9 [-2.38,4.9]
134896000000000.0 5.10605e+18 86851100000000.0 21097800000000.0 1415860000.0 2271030000000.0 2581600000000.0 -2.38 4.95 [-2.38,4.95]
134896000000000.0 7.18054e+18 90697000000000.0 46076100000000.0 3983990000.0 1298080000000.0 2364500000000.0 -2.38 5.0 [-2.38,5.0]
134896000000000.0 9.90985e+18 69005700000000.0 70529300000000.0 12777600000.0 606782000000.0 1785860000000.0 -2.38 5.05 [-2.38,5.05]
134896000000000.0 1.34477e+19 36992700000000.0 72719800000000.0 44165900000.0 269623000000.0 1267530000000.0 -2.38 5.1 [-2.38,5.1]
134896000000000.0 1.79709e+19 16029100000000.0 57950700000000.0 149898000000.0 124113000000.0 913072000000.0 -2.38 5.15 [-2.38,5.15]
134896000000000.0 2.36729e+19 6553360000000.0 41771100000000.0 474008000000.0 61556300000.0 692532000000.0 -2.38 5.2 [-2.38,5.2]
134896000000000.0 3.07565e+19 2737580000000.0 29588400000000.0 1468660000000.0 33495000000.0 563265000000.0 -2.38 5.25 [-2.38,5.25]
134896000000000.0 3.94981e+19 1204250000000.0 21299200000000.0 5655090000000.0 20085400000.0 494039000000.0 -2.38 5.3 [-2.38,5.3]
134895000000000.0 5.02635e+19 562672000000.0 15769600000000.0 31671900000000.0 13072100000.0 460874000000.0 -2.38 5.35 [-2.38,5.35]
134895000000000.0 6.32652e+19 278174000000.0 12003300000000.0 185435000000000.0 8859150000.0 439375000000.0 -2.38 5.4 [-2.38,5.4]
134895000000000.0 7.818e+19 143834000000.0 9314260000000.0 782476000000000.0 5886890000.0 403620000000.0 -2.38 5.45 [-2.38,5.45]
134896000000000.0 9.50389e+19 77609400000.0 7374200000000.0 2030520000000000.0 3656040000.0 341012000000.0 -2.38 5.5 [-2.38,5.5]
134896000000000.0 1.15031e+20 44127300000.0 6029440000000.0 3558980000000000.0 2077680000.0 259755000000.0 -2.38 5.55 [-2.38,5.55]
134896000000000.0 1.38895e+20 26520300000.0 5115490000000.0 5059900000000000.0 1064840000.0 176003000000.0 -2.38 5.6 [-2.38,5.6]
134896000000000.0 1.66998e+20 16865600000.0 4515760000000.0 6548840000000000.0 488440000.0 105382000000.0 -2.38 5.65 [-2.38,5.65]
134896000000000.0 1.99744e+20 11351600000.0 4155560000000.0 8116670000000000.0 200638000.0 55847800000.0 -2.38 5.7 [-2.38,5.7]
134896000000000.0 2.37833e+20 8071540000.0 3980720000000.0 9844020000000000.0 74371100.0 26420300000.0 -2.38 5.75 [-2.38,5.75]
134896000000000.0 2.81633e+20 5909690000.0 3873710000000.0 1.17746e+16 24950900.0 11203200000.0 -2.38 5.8 [-2.38,5.8]
134896000000000.0 3.31067e+20 4278420000.0 3680120000000.0 1.39189e+16 7554460.0 4249020000.0 -2.38 5.85 [-2.38,5.85]
134896000000000.0 3.86964e+20 2950550000.0 3292340000000.0 1.63151e+16 2057590.0 1438060000.0 -2.38 5.9 [-2.38,5.9]
134896000000000.0 4.50578e+20 1906670000.0 2728060000000.0 1.90023e+16 504726.0 434997000.0 -2.38 5.95 [-2.38,5.95]
134896000000000.0 5.22924e+20 1140080000.0 2067780000000.0 2.1967e+16 111430.0 117570000.0 -2.38 6.0 [-2.38,6.0]
134896000000000.0 6.04928e+20 622603000.0 1415280000000.0 2.50894e+16 22195.7 28477100.0 -2.38 6.05 [-2.38,6.05]
134896000000000.0 6.9715e+20 310704000.0 875562000000.0 2.80399e+16 3955.44 6135140.0 -2.38 6.1 [-2.38,6.1]
134896000000000.0 8.00719e+20 145387000.0 501449000000.0 3.02529e+16 616.805 1150010.0 -2.38 6.15 [-2.38,6.15]
134896000000000.0 9.1707e+20 66105000.0 274996000000.0 3.10104e+16 79.9644 178165.0 -2.38 6.2 [-2.38,6.2]
134896000000000.0 1.04782e+21 29717700.0 147518000000.0 2.97321e+16 8.101 21468.9 -2.38 6.25 [-2.38,6.25]
134896000000000.0 1.19429e+21 13360900.0 78724900000.0 2.62716e+16 0.651844 2047.12 -2.38 6.3 [-2.38,6.3]
134896000000000.0 1.35803e+21 6097780.0 42533500000.0 2.10948e+16 0.0466383 173.007 -2.38 6.35 [-2.38,6.35]
134896000000000.0 1.54101e+21 2854250.0 23489900000.0 1.52665e+16 0.0033474 14.623 -2.38 6.4 [-2.38,6.4]
134896000000000.0 1.74561e+21 1371180.0 13255100000.0 1.00355e+16 0.000257 1.31841 -2.38 6.45 [-2.38,6.45]
134896000000000.0 1.97422e+21 675242.0 7633270000.0 6143800000000000.0 2.16984e-05 0.130376 -2.38 6.5 [-2.38,6.5]
134896000000000.0 2.22975e+21 340199.0 4481350000.0 3626000000000000.0 2.03374e-06 0.0142799 -2.38 6.55 [-2.38,6.55]
134896000000000.0 2.51541e+21 174961.0 2678370000.0 2126060000000000.0 2.11938e-07 0.0017355 -2.38 6.6 [-2.38,6.6]
134896000000000.0 2.83487e+21 91644.7 1626970000.0 1255340000000000.0 2.44267e-08 0.000232868 -2.38 6.65 [-2.38,6.65]
134896000000000.0 3.19225e+21 48847.9 1003980000.0 757234000000000.0 3.08865e-09 3.42272e-05 -2.38 6.7 [-2.38,6.7]
134896000000000.0 3.59221e+21 26465.8 628865000.0 468110000000000.0 4.23062e-10 5.44208e-06 -2.38 6.75 [-2.38,6.75]
134896000000000.0 4.04002e+21 14559.5 399493000.0 296860000000000.0 6.18276e-11 9.21888e-07 -2.38 6.8 [-2.38,6.8]
134896000000000.0 4.5417e+21 8123.47 257173000.0 193023000000000.0 9.47635e-12 1.63588e-07 -2.38 6.85 [-2.38,6.85]
134896000000000.0 5.10408e+21 4590.97 167585000.0 128354000000000.0 1.49533e-12 2.98516e-08 -2.38 6.9 [-2.38,6.9]
134896000000000.0 5.73486e+21 2624.38 110409000.0 87060900000000.0 2.38436e-13 5.49479e-09 -2.38 6.95 [-2.38,6.95]
134896000000000.0 6.44294e+21 1516.1 73498600.0 60546600000000.0 3.76888e-14 1.00241e-09 -2.38 7.0 [-2.38,7.0]
134896000000000.0 1.08568e+16 173092000000.0 2708600000.0 0.0 15656100000.0 2493200000.0 -2.36 4.0 [-2.36,4.0]
134896000000000.0 1.17747e+16 190656000000.0 3193340000.0 0.0 19530900000.0 2856500000.0 -2.36 4.05 [-2.36,4.05]
134896000000000.0 1.27824e+16 209887000000.0 3731860000.0 0.0 23533700000.0 3169600000.0 -2.36 4.1 [-2.36,4.1]
