Cloudy_runs/Data/component_II_nH_T/component_II_nH_T_col_density_param.txt
# %ECSV 1.0
# ---
# datatype:
# - {name: H, datatype: float64}
# - {name: H+, datatype: float64}
# - {name: C+2, datatype: float64}
# - {name: C+3, datatype: float64}
# - {name: O+6, datatype: float64}
# - {name: Si+2, datatype: float64}
# - {name: Si+3, datatype: float64}
# - {name: log_nH, datatype: float64}
# - {name: log_T, datatype: float64}
# - {name: parameters, datatype: string, subtype: 'float64[2]'}
# schema: astropy-2.0
H H+ C+2 C+3 O+6 Si+2 Si+3 log_nH log_T parameters
[from data line 5141]
134896000000000.0 2.71785e+18 38501100000000.0 7766630000000.0 91611400000.0 472177000000.0 227742000000.0 -3.32 4.85 [-3.32,4.85]
134896000000000.0 3.88821e+18 49814800000000.0 13219800000000.0 137387000000.0 452034000000.0 335047000000.0 -3.32 4.9 [-3.32,4.9]
134896000000000.0 5.48558e+18 57328800000000.0 23020800000000.0 218741000000.0 386783000000.0 458511000000.0 -3.32 4.95 [-3.32,4.95]
134896000000000.0 7.62031e+18 55038100000000.0 37245200000000.0 376454000000.0 286136000000.0 548251000000.0 -3.32 5.0 [-3.32,5.0]
134896000000000.0 1.04229e+19 41551500000000.0 50014400000000.0 700040000000.0 182306000000.0 560846000000.0 -3.32 5.05 [-3.32,5.05]
134896000000000.0 1.40303e+19 24478500000000.0 52953800000000.0 1399980000000.0 104398000000.0 507876000000.0 -3.32 5.1 [-3.32,5.1]
134896000000000.0 1.86144e+19 12000100000000.0 45981500000000.0 3020000000000.0 57507300000.0 433971000000.0 -3.32 5.15 [-3.32,5.15]
134896000000000.0 2.43743e+19 5384690000000.0 35606900000000.0 6933010000000.0 32319200000.0 370543000000.0 -3.32 5.2 [-3.32,5.2]
134896000000000.0 3.15356e+19 2380770000000.0 26361600000000.0 16462800000000.0 19261700000.0 328562000000.0 -3.32 5.25 [-3.32,5.25]
134896000000000.0 4.03797e+19 1080700000000.0 19433100000000.0 40667700000000.0 12394100000.0 308216000000.0 -3.32 5.3 [-3.32,5.3]
134895000000000.0 5.12368e+19 512760000000.0 14540500000000.0 111713000000000.0 8554790000.0 304220000000.0 -3.32 5.35 [-3.32,5.35]
134895000000000.0 6.42549e+19 254791000000.0 11089400000000.0 346093000000000.0 6118290000.0 305546000000.0 -3.32 5.4 [-3.32,5.4]
134895000000000.0 7.92055e+19 131791000000.0 8590730000000.0 1005190000000000.0 4296010000.0 296224000000.0 -3.32 5.45 [-3.32,5.45]
134896000000000.0 9.62937e+19 71051100000.0 6786340000000.0 2208050000000000.0 2825480000.0 264805000000.0 -3.32 5.5 [-3.32,5.5]
134896000000000.0 1.16546e+20 40262500000.0 5524490000000.0 3649280000000000.0 1692420000.0 212457000000.0 -3.32 5.55 [-3.32,5.55]
134896000000000.0 1.40644e+20 24064500000.0 4657770000000.0 5089210000000000.0 906622000.0 150385000000.0 -3.32 5.6 [-3.32,5.6]
134896000000000.0 1.68978e+20 15204800000.0 4082830000000.0 6537270000000000.0 430854000.0 93249200000.0 -3.32 5.65 [-3.32,5.65]
134896000000000.0 2.01979e+20 10174300000.0 3733760000000.0 8069330000000000.0 181982000.0 50796600000.0 -3.32 5.7 [-3.32,5.7]
134896000000000.0 2.40352e+20 7212370000.0 3564600000000.0 9757060000000000.0 68901000.0 24539300000.0 -3.32 5.75 [-3.32,5.75]
134896000000000.0 2.84443e+20 5294350000.0 3476940000000.0 1.16384e+16 23456400.0 10556800000.0 -3.32 5.8 [-3.32,5.8]
134896000000000.0 3.34236e+20 3872410000.0 3336600000000.0 1.37233e+16 7186360.0 4050740000.0 -3.32 5.85 [-3.32,5.85]
134896000000000.0 3.90562e+20 2712980000.0 3032080000000.0 1.60472e+16 1975510.0 1383490000.0 -3.32 5.9 [-3.32,5.9]
134896000000000.0 4.54673e+20 1782620000.0 2554370000000.0 1.86476e+16 488152.0 421514000.0 -3.32 5.95 [-3.32,5.95]
134896000000000.0 5.27584e+20 1081610000.0 1964440000000.0 2.15132e+16 108411.0 114592000.0 -3.32 6.0 [-3.32,6.0]
134896000000000.0 6.10225e+20 598343000.0 1361920000000.0 2.45347e+16 21691.4 27878300.0 -3.32 6.05 [-3.32,6.05]
134896000000000.0 7.03177e+20 302043000.0 852197000000.0 2.74053e+16 3877.03 6023610.0 -3.32 6.1 [-3.32,6.1]
134896000000000.0 8.07592e+20 142739000.0 492849000000.0 2.95892e+16 605.423 1130610.0 -3.32 6.15 [-3.32,6.15]
134896000000000.0 9.24923e+20 65397500.0 272299000000.0 3.03879e+16 78.4884 175147.0 -3.32 6.2 [-3.32,6.2]
134896000000000.0 1.0568e+21 29551400.0 146813000000.0 2.92128e+16 7.95224 21106.5 -3.32 6.25 [-3.32,6.25]
134896000000000.0 1.20456e+21 13332600.0 78621900000.0 2.58883e+16 0.641061 2016.23 -3.32 6.3 [-3.32,6.3]
134896000000000.0 1.36981e+21 6100130.0 42586200000.0 2.08499e+16 0.0460111 170.932 -3.32 6.35 [-3.32,6.35]
134896000000000.0 1.55453e+21 2860430.0 23560700000.0 1.51378e+16 0.00331257 14.492 -3.32 6.4 [-3.32,6.4]
134896000000000.0 1.76115e+21 1375850.0 13311300000.0 9984170000000000.0 0.000254945 1.30978 -3.32 6.45 [-3.32,6.45]
134896000000000.0 1.9921e+21 678160.0 7672500000.0 6131840000000000.0 2.15639e-05 0.129758 -3.32 6.5 [-3.32,6.5]
134896000000000.0 2.25036e+21 341950.0 4508050000.0 3628960000000000.0 2.02411e-06 0.0142332 -3.32 6.55 [-3.32,6.55]
134896000000000.0 2.53919e+21 175994.0 2696330000.0 2132810000000000.0 2.11207e-07 0.00173209 -3.32 6.6 [-3.32,6.6]
134896000000000.0 2.86233e+21 92256.8 1639140000.0 1264370000000000.0 2.43726e-08 0.000232702 -3.32 6.65 [-3.32,6.65]
134896000000000.0 3.224e+21 49199.1 1012010000.0 764310000000000.0 3.08447e-09 3.42331e-05 -3.32 6.7 [-3.32,6.7]
134896000000000.0 3.62896e+21 26668.0 634176000.0 473326000000000.0 4.22804e-10 5.44719e-06 -3.32 6.75 [-3.32,6.75]
134896000000000.0 4.08261e+21 14678.3 403078000.0 300646000000000.0 6.18383e-11 9.23499e-07 -3.32 6.8 [-3.32,6.8]
134896000000000.0 4.5911e+21 8194.36 259629000.0 195943000000000.0 9.49507e-12 1.64018e-07 -3.32 6.85 [-3.32,6.85]
134896000000000.0 5.16144e+21 4634.45 169311000.0 130796000000000.0 1.50016e-12 2.99664e-08 -3.32 6.9 [-3.32,6.9]
134896000000000.0 5.80153e+21 2651.84 111658000.0 89278300000000.0 2.39454e-13 5.52564e-09 -3.32 6.95 [-3.32,6.95]
134896000000000.0 6.5205e+21 1532.94 74379000.0 62202100000000.0 3.26038e-15 1.00909e-09 -3.32 7.0 [-3.32,7.0]
134896000000000.0 9.03034e+16 1499830000000.0 408976000000.0 480292000.0 62369200000.0 84744400000.0 -3.3 4.0 [-3.3,4.0]
134896000000000.0 9.79804e+16 1590670000000.0 471025000000.0 607119000.0 66442500000.0 89364900000.0 -3.3 4.05 [-3.3,4.05]
134896000000000.0 1.06377e+17 1692440000000.0 534370000000.0 770355000.0 72262500000.0 92581200000.0 -3.3 4.1 [-3.3,4.1]
134896000000000.0 1.15583e+17 1813570000000.0 592808000000.0 980922000.0 80917900000.0 93451600000.0 -3.3 4.15 [-3.3,4.15]
134896000000000.0 1.25735e+17 1964290000000.0 639353000000.0 1251980000.0 93195000000.0 91355500000.0 -3.3 4.2 [-3.3,4.2]
134896000000000.0 1.37082e+17 2153810000000.0 669547000000.0 1599390000.0 109057000000.0 86477400000.0 -3.3 4.25 [-3.3,4.25]
134896000000000.0 1.50124e+17 2388920000000.0 684446000000.0 2043820000.0 127641000000.0 79869100000.0 -3.3 4.3 [-3.3,4.3]
134896000000000.0 1.65901e+17 2678300000000.0 691233000000.0 2618100000.0 147948000000.0 72983600000.0 -3.3 4.35 [-3.3,4.35]
134896000000000.0 1.86424e+17 3042510000000.0 701395000000.0 3382100000.0 169681000000.0 67098400000.0 -3.3 4.4 [-3.3,4.4]
134896000000000.0 2.15431e+17 3529050000000.0 729637000000.0 4454540000.0 193645000000.0 63090100000.0 -3.3 4.45 [-3.3,4.45]
134896000000000.0 2.59291e+17 4227680000000.0 793764000000.0 6050090000.0 221549000000.0 61462300000.0 -3.3 4.5 [-3.3,4.5]
134896000000000.0 3.28238e+17 5287730000000.0 917173000000.0 8514660000.0 255299000000.0 62540400000.0 -3.3 4.55 [-3.3,4.55]
134896000000000.0 4.37786e+17 6940100000000.0 1133570000000.0 12332800000.0 296174000000.0 66757100000.0 -3.3 4.6 [-3.3,4.6]
134896000000000.0 6.10231e+17 9527290000000.0 1495140000000.0 18099000000.0 344270000000.0 75169500000.0 -3.3 4.65 [-3.3,4.65]
134896000000000.0 8.76191e+17 13530500000000.0 2086770000000.0 26496400000.0 397915000000.0 90329200000.0 -3.3 4.7 [-3.3,4.7]
134896000000000.0 1.27617e+18 19537900000000.0 3054320000000.0 38431600000.0 446090000000.0 115932000000.0 -3.3 4.75 [-3.3,4.75]
134896000000000.0 1.86214e+18 28052500000000.0 4679470000000.0 55415200000.0 486319000000.0 162239000000.0 -3.3 4.8 [-3.3,4.8]
134896000000000.0 2.69938e+18 38993400000000.0 7579730000000.0 80665100000.0 504395000000.0 240563000000.0 -3.3 4.85 [-3.3,4.85]
134896000000000.0 3.86819e+18 50667400000000.0 13059100000000.0 121472000000.0 483390000000.0 355714000000.0 -3.3 4.9 [-3.3,4.9]
134896000000000.0 5.46385e+18 58530400000000.0 23032200000000.0 194630000000.0 412794000000.0 487033000000.0 -3.3 4.95 [-3.3,4.95]
134896000000000.0 7.59636e+18 56326500000000.0 37634000000000.0 337744000000.0 303559000000.0 579714000000.0 -3.3 5.0 [-3.3,5.0]
134896000000000.0 1.03961e+19 42498800000000.0 50762200000000.0 633940000000.0 191709000000.0 588360000000.0 -3.3 5.05 [-3.3,5.05]
134896000000000.0 1.40005e+19 24938300000000.0 53698100000000.0 1280800000000.0 108816000000.0 528443000000.0 -3.3 5.1 [-3.3,5.1]
134896000000000.0 1.85813e+19 12163700000000.0 46474600000000.0 2792830000000.0 59515400000.0 448547000000.0 -3.3 5.15 [-3.3,5.15]
134896000000000.0 2.43379e+19 5435930000000.0 35879700000000.0 6474330000000.0 33272300000.0 381105000000.0 -3.3 5.2 [-3.3,5.2]
134896000000000.0 3.14949e+19 2397150000000.0 26510800000000.0 15494200000000.0 19752700000.0 336695000000.0 -3.3 5.25 [-3.3,5.25]
134896000000000.0 4.03345e+19 1086530000000.0 19521600000000.0 38580500000000.0 12672100000.0 314956000000.0 -3.3 5.3 [-3.3,5.3]
134895000000000.0 5.11876e+19 515144000000.0 14599400000000.0 107289000000000.0 8725090000.0 310141000000.0 -3.3 5.35 [-3.3,5.35]
134895000000000.0 6.42046e+19 255909000000.0 11133200000000.0 337851000000000.0 6225940000.0 310813000000.0 -3.3 5.4 [-3.3,5.4]
134895000000000.0 7.91526e+19 132365000000.0 8625230000000.0 994366000000000.0 4361240000.0 300635000000.0 -3.3 5.45 [-3.3,5.45]
134896000000000.0 9.62293e+19 71362500000.0 6814280000000.0 2199580000000000.0 2861100000.0 268078000000.0 -3.3 5.5 [-3.3,5.5]
134896000000000.0 1.16469e+20 40445300000.0 5548390000000.0 3644940000000000.0 1709610000.0 214570000000.0 -3.3 5.55 [-3.3,5.55]
134896000000000.0 1.40555e+20 24180000000.0 4679310000000.0 5087810000000000.0 913921000.0 151568000000.0 -3.3 5.6 [-3.3,5.6]
134896000000000.0 1.68877e+20 15282500000.0 4103090000000.0 6537880000000000.0 433581000.0 93824300000.0 -3.3 5.65 [-3.3,5.65]
134896000000000.0 2.01866e+20 10229100000.0 3753400000000.0 8071740000000000.0 182885000.0 51041500000.0 -3.3 5.7 [-3.3,5.7]
134896000000000.0 2.40224e+20 7252290000.0 3583950000000.0 9761440000000000.0 69170500.0 24632100000.0 -3.3 5.75 [-3.3,5.75]
134896000000000.0 2.843e+20 5323050000.0 3495450000000.0 1.16452e+16 23529900.0 10588600000.0 -3.3 5.8 [-3.3,5.8]
134896000000000.0 3.34076e+20 3891550000.0 3352800000000.0 1.37331e+16 7204590.0 4060570000.0 -3.3 5.85 [-3.3,5.85]
134896000000000.0 3.90379e+20 2724340000.0 3044540000000.0 1.60606e+16 1979610.0 1386220000.0 -3.3 5.9 [-3.3,5.9]
134896000000000.0 4.54465e+20 1788640000.0 2562800000000.0 1.86653e+16 488981.0 422190000.0 -3.3 5.95 [-3.3,5.95]
134896000000000.0 5.27347e+20 1084470000.0 1969510000000.0 2.15358e+16 108563.0 114742000.0 -3.3 6.0 [-3.3,6.0]
134896000000000.0 6.09956e+20 599545000.0 1364570000000.0 2.45624e+16 21716.9 27908600.0 -3.3 6.05 [-3.3,6.05]
134896000000000.0 7.02871e+20 302476000.0 853367000000.0 2.74369e+16 3880.95 6029190.0 -3.3 6.1 [-3.3,6.1]
134896000000000.0 8.07242e+20 142873000.0 493284000000.0 2.96224e+16 605.993 1131580.0 -3.3 6.15 [-3.3,6.15]
134896000000000.0 9.24524e+20 65433500.0 272436000000.0 3.04191e+16 78.5634 175301.0 -3.3 6.2 [-3.3,6.2]
134896000000000.0 1.05634e+21 29560000.0 146850000000.0 2.92389e+16 7.95981 21125.0 -3.3 6.25 [-3.3,6.25]
134896000000000.0 1.20404e+21 13334200.0 78628200000.0 2.59076e+16 0.641615 2017.82 -3.3 6.3 [-3.3,6.3]
134896000000000.0 1.36921e+21 6100100.0 42584200000.0 2.08622e+16 0.0460437 171.04 -3.3 6.35 [-3.3,6.35]
134896000000000.0 1.55384e+21 2860150.0 23557400000.0 1.51443e+16 0.00331436 14.4988 -3.3 6.4 [-3.3,6.4]
134896000000000.0 1.76036e+21 1375630.0 13308600000.0 9986740000000000.0 0.000255054 1.31024 -3.3 6.45 [-3.3,6.45]
134896000000000.0 1.99119e+21 677977.0 7670120000.0 6132470000000000.0 2.15686e-05 0.129777 -3.3 6.5 [-3.3,6.5]
134896000000000.0 2.24931e+21 341864.0 4506730000.0 3628830000000000.0 2.02462e-06 0.0142357 -3.3 6.55 [-3.3,6.55]
134896000000000.0 2.53798e+21 175943.0 2695450000.0 2132500000000000.0 2.11247e-07 0.00173229 -3.3 6.6 [-3.3,6.6]
134896000000000.0 2.86094e+21 92227.8 1638560000.0 1264080000000000.0 2.43761e-08 0.000232717 -3.3 6.65 [-3.3,6.65]
134896000000000.0 3.22239e+21 49178.0 1011530000.0 764065000000000.0 3.08452e-09 3.4231e-05 -3.3 6.7 [-3.3,6.7]
134896000000000.0 3.62709e+21 26658.2 633918000.0 473160000000000.0 4.22831e-10 5.44711e-06 -3.3 6.75 [-3.3,6.75]
134896000000000.0 4.08044e+21 14672.5 402901000.0 300528000000000.0 6.18392e-11 9.23438e-07 -3.3 6.8 [-3.3,6.8]
134896000000000.0 4.58859e+21 8190.97 259511000.0 195852000000000.0 9.49488e-12 1.64004e-07 -3.3 6.85 [-3.3,6.85]
134896000000000.0 5.15852e+21 4632.4 169229000.0 130725000000000.0 1.50007e-12 2.99626e-08 -3.3 6.9 [-3.3,6.9]
134896000000000.0 5.79814e+21 2650.6 111601000.0 89223400000000.0 2.3943e-13 5.52472e-09 -3.3 6.95 [-3.3,6.95]
134896000000000.0 6.51656e+21 1532.21 74340000.0 62168900000000.0 3.2601e-15 1.00891e-09 -3.3 7.0 [-3.3,7.0]
134896000000000.0 8.63103e+16 1452780000000.0 376033000000.0 394294000.0 63080600000.0 81943300000.0 -3.28 4.0 [-3.28,4.0]
134896000000000.0 9.36458e+16 1543030000000.0 433636000000.0 498966000.0 67387600000.0 86603400000.0 -3.28 4.05 [-3.28,4.05]
134896000000000.0 1.01669e+17 1643890000000.0 492560000000.0 633855000.0 73439900000.0 89877000000.0 -3.28 4.1 [-3.28,4.1]
134896000000000.0 1.10466e+17 1763180000000.0 547015000000.0 808094000.0 82328200000.0 90819800000.0 -3.28 4.15 [-3.28,4.15]
134896000000000.0 1.2017e+17 1910470000000.0 590442000000.0 1032780000.0 94838700000.0 88815500000.0 -3.28 4.2 [-3.28,4.2]
134896000000000.0 1.31025e+17 2094450000000.0 618629000000.0 1321450000.0 110934000000.0 84064900000.0 -3.28 4.25 [-3.28,4.25]
134896000000000.0 1.43528e+17 2321820000000.0 632567000000.0 1692140000.0 129771000000.0 77636900000.0 -3.28 4.3 [-3.28,4.3]
134896000000000.0 1.58712e+17 2601660000000.0 639050000000.0 2173940000.0 150419000000.0 70989700000.0 -3.28 4.35 [-3.28,4.35]
134896000000000.0 1.78584e+17 2955340000000.0 648982000000.0 2820410000.0 172710000000.0 65395700000.0 -3.28 4.4 [-3.28,4.4]
134896000000000.0 2.06873e+17 3431440000000.0 676358000000.0 3737710000.0 197641000000.0 61729700000.0 -3.28 4.45 [-3.28,4.45]
134896000000000.0 2.4995e+17 4121140000000.0 738247000000.0 5118630000.0 227157000000.0 60508000000.0 -3.28 4.5 [-3.28,4.5]
134896000000000.0 3.18026e+17 5175460000000.0 857045000000.0 7271560000.0 263385000000.0 62074800000.0 -3.28 4.55 [-3.28,4.55]
134896000000000.0 4.26602e+17 6828780000000.0 1065350000000.0 10627600000.0 307727000000.0 66902400000.0 -3.28 4.6 [-3.28,4.6]
134896000000000.0 5.9798e+17 9431210000000.0 1414170000000.0 15713700000.0 360237000000.0 76131500000.0 -3.28 4.65 [-3.28,4.65]
134896000000000.0 8.62762e+17 13477900000000.0 1986920000000.0 23126100000.0 419048000000.0 92502300000.0 -3.28 4.7 [-3.28,4.7]
134896000000000.0 1.26144e+18 19577900000000.0 2928240000000.0 33658500000.0 472380000000.0 120073000000.0 -3.28 4.75 [-3.28,4.75]
134896000000000.0 1.846e+18 28259000000000.0 4520870000000.0 48654700000.0 517212000000.0 169818000000.0 -3.28 4.8 [-3.28,4.8]
134896000000000.0 2.68177e+18 39462200000000.0 7394180000000.0 71022800000.0 538044000000.0 253924000000.0 -3.28 4.85 [-3.28,4.85]
134896000000000.0 3.84912e+18 51491500000000.0 12895700000000.0 107410000000.0 516207000000.0 377319000000.0 -3.28 4.9 [-3.28,4.9]
134896000000000.0 5.44319e+18 59705200000000.0 23035400000000.0 173224000000.0 439945000000.0 516770000000.0 -3.28 4.95 [-3.28,4.95]
134896000000000.0 7.57357e+18 57597300000000.0 38011300000000.0 303145000000.0 321581000000.0 612217000000.0 -3.28 5.0 [-3.28,5.0]
134896000000000.0 1.03705e+19 43435400000000.0 51497900000000.0 574397000000.0 201310000000.0 616416000000.0 -3.28 5.05 [-3.28,5.05]
134896000000000.0 1.39721e+19 25390600000000.0 54428400000000.0 1172550000000.0 113273000000.0 549165000000.0 -3.28 5.1 [-3.28,5.1]
134896000000000.0 1.85498e+19 12323300000000.0 46955000000000.0 2584630000000.0 61522900000.0 463106000000.0 -3.28 5.15 [-3.28,5.15]
134896000000000.0 2.43032e+19 5485600000000.0 36144000000000.0 6049870000000.0 34219100000.0 391593000000.0 -3.28 5.2 [-3.28,5.2]
