Cloudy_runs/Data/component_II_nH_T/component_II_nH_T_col_density_param.txt
# %ECSV 1.0
# ---
# datatype:
# - {name: H, datatype: float64}
# - {name: H+, datatype: float64}
# - {name: C+2, datatype: float64}
# - {name: C+3, datatype: float64}
# - {name: O+6, datatype: float64}
# - {name: Si+2, datatype: float64}
# - {name: Si+3, datatype: float64}
# - {name: log_nH, datatype: float64}
# - {name: log_T, datatype: float64}
# - {name: parameters, datatype: string, subtype: 'float64[2]'}
# schema: astropy-2.0
H H+ C+2 C+3 O+6 Si+2 Si+3 log_nH log_T parameters
[from data line 13760]
134896000000000.0 2.37511e+20 8194030000.0 4040020000000.0 9855240000000000.0 75116300.0 26676400000.0 -0.5 5.75 [-0.5,5.75]
134896000000000.0 2.81273e+20 5996980000.0 3929970000000.0 1.17922e+16 25149700.0 11289000000.0 -0.5 5.8 [-0.5,5.8]
134896000000000.0 3.30661e+20 4335230000.0 3728160000000.0 1.39443e+16 7603110.0 4275190000.0 -0.5 5.85 [-0.5,5.85]
134896000000000.0 3.86503e+20 2983140000.0 3328020000000.0 1.635e+16 2068380.0 1445220000.0 -0.5 5.9 [-0.5,5.9]
134896000000000.0 4.50054e+20 1923350000.0 2751390000000.0 1.90487e+16 506892.0 436757000.0 -0.5 5.95 [-0.5,5.95]
134896000000000.0 5.22328e+20 1147810000.0 2081410000000.0 2.20264e+16 111822.0 117957000.0 -0.5 6.0 [-0.5,6.0]
134896000000000.0 6.0425e+20 625823000.0 1422360000000.0 2.51621e+16 22261.4 28555100.0 -0.5 6.05 [-0.5,6.05]
134896000000000.0 6.96378e+20 311847000.0 878644000000.0 2.81231e+16 3965.63 6149630.0 -0.5 6.1 [-0.5,6.1]
134896000000000.0 7.9984e+20 145735000.0 502579000000.0 3.03397e+16 618.285 1152530.0 -0.5 6.15 [-0.5,6.15]
134896000000000.0 9.16065e+20 66197900.0 275351000000.0 3.10915e+16 80.1567 178558.0 -0.5 6.2 [-0.5,6.2]
134896000000000.0 1.04667e+21 29739800.0 147612000000.0 2.97995e+16 8.12049 21516.4 -0.5 6.25 [-0.5,6.25]
134896000000000.0 1.19297e+21 13364800.0 78740100000.0 2.63209e+16 0.653261 2051.18 -0.5 6.3 [-0.5,6.3]
134896000000000.0 1.35652e+21 6097630.0 42527800000.0 2.11252e+16 0.0467212 173.283 -0.5 6.35 [-0.5,6.35]
134896000000000.0 1.53928e+21 2853520.0 23481300000.0 1.52807e+16 0.00335201 14.6404 -0.5 6.4 [-0.5,6.4]
134896000000000.0 1.74362e+21 1370580.0 13247900000.0 1.00387e+16 0.000257267 1.31953 -0.5 6.45 [-0.5,6.45]
134896000000000.0 1.97193e+21 674860.0 7628160000.0 6141340000000000.0 2.17152e-05 0.130452 -0.5 6.5 [-0.5,6.5]
134896000000000.0 2.22711e+21 339965.0 4477800000.0 3621560000000000.0 2.03482e-06 0.0142847 -0.5 6.55 [-0.5,6.55]
134896000000000.0 2.51237e+21 174821.0 2675950000.0 2121880000000000.0 2.12006e-07 0.00173573 -0.5 6.6 [-0.5,6.6]
134896000000000.0 2.83136e+21 91570.5 1625480000.0 1254500000000000.0 2.44351e-08 0.000232902 -0.5 6.65 [-0.5,6.65]
134896000000000.0 3.18819e+21 48804.9 1002990000.0 756575000000000.0 3.08936e-09 3.42285e-05 -0.5 6.7 [-0.5,6.7]
134896000000000.0 3.5875e+21 26440.8 628206000.0 467614000000000.0 4.23117e-10 5.44171e-06 -0.5 6.75 [-0.5,6.75]
134896000000000.0 4.03457e+21 14544.9 399050000.0 296506000000000.0 6.18301e-11 9.21739e-07 -0.5 6.8 [-0.5,6.8]
134896000000000.0 4.53538e+21 8114.79 256871000.0 192769000000000.0 9.47592e-12 1.63547e-07 -0.5 6.85 [-0.5,6.85]
134896000000000.0 5.09674e+21 4585.8 167378000.0 128175000000000.0 1.49512e-12 2.98416e-08 -0.5 6.9 [-0.5,6.9]
134896000000000.0 5.72633e+21 2621.32 110269000.0 86951300000000.0 2.38207e-13 5.49275e-09 -0.5 6.95 [-0.5,6.95]
134896000000000.0 6.43301e+21 1514.24 73400500.0 60465500000000.0 3.76458e-14 1.00195e-09 -0.5 7.0 [-0.5,7.0]
134896000000000.0 231186000000000.0 312949000.0 7332.98 0.0 27603400.0 87920.2 -0.48 4.0 [-0.48,4.0]
134896000000000.0 246545000000000.0 339815000.0 7945.89 0.0 42065600.0 93879.3 -0.48 4.05 [-0.48,4.05]
134896000000000.0 266955000000000.0 371472000.0 8779.71 0.0 63202000.0 104382.0 -0.48 4.1 [-0.48,4.1]
134896000000000.0 305313000000000.0 416029000.0 10409.3 0.0 100085000.0 132810.0 -0.48 4.15 [-0.48,4.15]
134896000000000.0 409049000000000.0 507980000.0 15426.3 0.0 197889000.0 248845.0 -0.48 4.2 [-0.48,4.2]
134896000000000.0 734764000000000.0 773188000.0 37247.8 0.0 602494000.0 995274.0 -0.48 4.25 [-0.48,4.25]
134896000000000.0 1698990000000000.0 1564940000.0 150699.0 0.0 2430030000.0 7084730.0 -0.48 4.3 [-0.48,4.3]
134896000000000.0 4225840000000000.0 3864910000.0 722631.0 0.0 8687760000.0 46592200.0 -0.48 4.35 [-0.48,4.35]
134896000000000.0 1.02057e+16 11564800000.0 3171400.0 0.0 24603900000.0 241084000.0 -0.48 4.4 [-0.48,4.4]
134896000000000.0 2.32047e+16 42348900000.0 12477100.0 0.0 58945400000.0 1145660000.0 -0.48 4.45 [-0.48,4.45]
134896000000000.0 4.94275e+16 164169000000.0 46511800.0 0.0 125903000000.0 5200150000.0 -0.48 4.5 [-0.48,4.5]
134896000000000.0 9.89239e+16 575429000000.0 161432000.0 0.0 246281000000.0 19313600000.0 -0.48 4.55 [-0.48,4.55]
134896000000000.0 1.87032e+17 1709900000000.0 551153000.0 0.0 450562000000.0 56019300000.0 -0.48 4.6 [-0.48,4.6]
134896000000000.0 3.3612e+17 4276740000000.0 2352340000.0 0.0 778945000000.0 138373000000.0 -0.48 4.65 [-0.48,4.65]
134896000000000.0 5.7796e+17 9195870000000.0 13321100000.0 0.0 1274660000000.0 312806000000.0 -0.48 4.7 [-0.48,4.7]
134896000000000.0 9.56975e+17 17546000000000.0 78288500000.0 0.0 1972550000000.0 664986000000.0 -0.48 4.75 [-0.48,4.75]
134896000000000.0 1.53268e+18 30507100000000.0 408851000000.0 0.0 2878380000000.0 1314180000000.0 -0.48 4.8 [-0.48,4.8]
134896000000000.0 2.37262e+18 48815900000000.0 1817580000000.0 0.0 3866950000000.0 2312770000000.0 -0.48 4.85 [-0.48,4.85]
134896000000000.0 3.53364e+18 71139000000000.0 6744960000000.0 0.0 4298330000000.0 3416390000000.0 -0.48 4.9 [-0.48,4.9]
134896000000000.0 5.08387e+18 91801700000000.0 20429500000000.0 18000.3 3300300000000.0 3822800000000.0 -0.48 4.95 [-0.48,4.95]
134896000000000.0 7.1349e+18 97413100000000.0 47383800000000.0 0.0 1718880000000.0 3126000000000.0 -0.48 5.0 [-0.48,5.0]
134896000000000.0 9.84754e+18 74548000000000.0 74461500000000.0 81217200.0 740306000000.0 2168250000000.0 -0.48 5.05 [-0.48,5.05]
134896000000000.0 1.33745e+19 39354400000000.0 76367400000000.0 403606000.0 312601000000.0 1463270000000.0 -0.48 5.1 [-0.48,5.1]
134896000000000.0 1.789e+19 16704300000000.0 59928900000000.0 1754090000.0 139512000000.0 1023000000000.0 -0.48 5.15 [-0.48,5.15]
134896000000000.0 2.35836e+19 6731570000000.0 42701300000000.0 10812600000.0 67796200000.0 760875000000.0 -0.48 5.2 [-0.48,5.2]
134896000000000.0 3.06582e+19 2789140000000.0 30051300000000.0 144654000000.0 36355000000.0 610236000000.0 -0.48 5.25 [-0.48,5.25]
134896000000000.0 3.93853e+19 1221580000000.0 21559500000000.0 2100510000000.0 21552800000.0 529384000000.0 -0.48 5.3 [-0.48,5.3]
134895000000000.0 5.01382e+19 569584000000.0 15939200000000.0 22571700000000.0 13893500000.0 489294000000.0 -0.48 5.35 [-0.48,5.35]
134895000000000.0 6.31381e+19 281411000000.0 12129400000000.0 165234000000000.0 9334100000.0 462518000000.0 -0.48 5.4 [-0.48,5.4]
134895000000000.0 7.80509e+19 145508000000.0 9414700000000.0 752392000000000.0 6148800000.0 421269000000.0 -0.48 5.45 [-0.48,5.45]
134896000000000.0 9.488e+19 78523500000.0 7456070000000.0 2005990000000000.0 3785670000.0 352886000000.0 -0.48 5.5 [-0.48,5.5]
134896000000000.0 1.14837e+20 44668100000.0 6100050000000.0 3546580000000000.0 2134910000.0 266770000000.0 -0.48 5.55 [-0.48,5.55]
134896000000000.0 1.38671e+20 26866000000.0 5179890000000.0 5055820000000000.0 1087640000.0 179690000000.0 -0.48 5.6 [-0.48,5.6]
134896000000000.0 1.66744e+20 17100900000.0 4577070000000.0 6550210000000000.0 496523000.0 107083000000.0 -0.48 5.65 [-0.48,5.65]
134896000000000.0 1.99457e+20 11519300000.0 4215610000000.0 8122740000000000.0 203210000.0 56543500000.0 -0.48 5.7 [-0.48,5.7]
134896000000000.0 2.37511e+20 8194110000.0 4040060000000.0 9855250000000000.0 75116800.0 26676500000.0 -0.48 5.75 [-0.48,5.75]
134896000000000.0 2.81273e+20 5997040000.0 3930000000000.0 1.17923e+16 25149800.0 11289100000.0 -0.48 5.8 [-0.48,5.8]
134896000000000.0 3.30661e+20 4335260000.0 3728190000000.0 1.39443e+16 7603140.0 4275210000.0 -0.48 5.85 [-0.48,5.85]
134896000000000.0 3.86503e+20 2983160000.0 3328040000000.0 1.635e+16 2068380.0 1445230000.0 -0.48 5.9 [-0.48,5.9]
134896000000000.0 4.50053e+20 1923360000.0 2751410000000.0 1.90487e+16 506893.0 436758000.0 -0.48 5.95 [-0.48,5.95]
134896000000000.0 5.22327e+20 1147810000.0 2081420000000.0 2.20264e+16 111823.0 117957000.0 -0.48 6.0 [-0.48,6.0]
134896000000000.0 6.04249e+20 625825000.0 1422360000000.0 2.51622e+16 22261.4 28555200.0 -0.48 6.05 [-0.48,6.05]
134896000000000.0 6.96378e+20 311847000.0 878646000000.0 2.81231e+16 3965.64 6149640.0 -0.48 6.1 [-0.48,6.1]
134896000000000.0 7.99839e+20 145735000.0 502580000000.0 3.03398e+16 618.285 1152530.0 -0.48 6.15 [-0.48,6.15]
134896000000000.0 9.16064e+20 66198000.0 275351000000.0 3.10916e+16 80.1568 178558.0 -0.48 6.2 [-0.48,6.2]
134896000000000.0 1.04667e+21 29739800.0 147612000000.0 2.97995e+16 8.1205 21516.5 -0.48 6.25 [-0.48,6.25]
134896000000000.0 1.19297e+21 13364900.0 78740100000.0 2.63209e+16 0.653262 2051.18 -0.48 6.3 [-0.48,6.3]
134896000000000.0 1.35652e+21 6097630.0 42527800000.0 2.11252e+16 0.0467213 173.283 -0.48 6.35 [-0.48,6.35]
134896000000000.0 1.53928e+21 2853520.0 23481300000.0 1.52807e+16 0.00335201 14.6404 -0.48 6.4 [-0.48,6.4]
134896000000000.0 1.74362e+21 1370580.0 13247900000.0 1.00387e+16 0.000257267 1.31953 -0.48 6.45 [-0.48,6.45]
134896000000000.0 1.97193e+21 674860.0 7628150000.0 6141340000000000.0 2.17152e-05 0.130453 -0.48 6.5 [-0.48,6.5]
134896000000000.0 2.22711e+21 339965.0 4477800000.0 3621560000000000.0 2.03482e-06 0.0142848 -0.48 6.55 [-0.48,6.55]
134896000000000.0 2.51236e+21 174821.0 2675950000.0 2121880000000000.0 2.12006e-07 0.00173573 -0.48 6.6 [-0.48,6.6]
134896000000000.0 2.83136e+21 91570.5 1625480000.0 1254500000000000.0 2.44351e-08 0.000232902 -0.48 6.65 [-0.48,6.65]
134896000000000.0 3.18819e+21 48804.9 1002990000.0 756575000000000.0 3.08936e-09 3.42285e-05 -0.48 6.7 [-0.48,6.7]
134896000000000.0 3.5875e+21 26440.8 628205000.0 467614000000000.0 4.23117e-10 5.44171e-06 -0.48 6.75 [-0.48,6.75]
134896000000000.0 4.03456e+21 14544.9 399049000.0 296506000000000.0 6.18301e-11 9.21739e-07 -0.48 6.8 [-0.48,6.8]
134896000000000.0 4.53538e+21 8114.79 256871000.0 192769000000000.0 9.47592e-12 1.63547e-07 -0.48 6.85 [-0.48,6.85]
134896000000000.0 5.09673e+21 4585.8 167378000.0 128175000000000.0 1.49512e-12 2.98416e-08 -0.48 6.9 [-0.48,6.9]
134896000000000.0 5.72632e+21 2621.31 110269000.0 86951200000000.0 2.38207e-13 5.49275e-09 -0.48 6.95 [-0.48,6.95]
134896000000000.0 6.43301e+21 1514.24 73400400.0 60465400000000.0 3.76457e-14 1.00195e-09 -0.48 7.0 [-0.48,7.0]
134896000000000.0 223606000000000.0 295104000.0 6595.02 0.0 26167600.0 80690.5 -0.46 4.0 [-0.46,4.0]
134896000000000.0 238408000000000.0 320207000.0 7134.51 0.0 39860700.0 86035.0 -0.46 4.05 [-0.46,4.05]
134896000000000.0 258189000000000.0 349817000.0 7873.16 0.0 59904700.0 95541.7 -0.46 4.1 [-0.46,4.1]
134896000000000.0 295795000000000.0 391653000.0 9336.41 0.0 95113900.0 121572.0 -0.46 4.15 [-0.46,4.15]
134896000000000.0 398626000000000.0 478747000.0 13905.7 0.0 189795000.0 229088.0 -0.46 4.2 [-0.46,4.2]
134896000000000.0 723597000000000.0 732288000.0 34027.2 0.0 588003000.0 931975.0 -0.46 4.25 [-0.46,4.25]
134896000000000.0 1687370000000000.0 1493410000.0 139653.0 0.0 2406340000.0 6747120.0 -0.46 4.3 [-0.46,4.3]
134896000000000.0 4213600000000000.0 3721760000.0 675500.0 0.0 8658210000.0 44769600.0 -0.46 4.35 [-0.46,4.35]
134896000000000.0 1.01926e+16 11282900000.0 2981620.0 0.0 24576000000.0 233555000.0 -0.46 4.4 [-0.46,4.4]
134896000000000.0 2.31905e+16 41860500000.0 11798300.0 0.0 58928600000.0 1123780000.0 -0.46 4.45 [-0.46,4.45]
134896000000000.0 4.94121e+16 163471000000.0 44222600.0 0.0 125899000000.0 5162520000.0 -0.46 4.5 [-0.46,4.5]
134896000000000.0 9.89072e+16 574580000000.0 154178000.0 0.0 246271000000.0 19281100000.0 -0.46 4.55 [-0.46,4.55]
134896000000000.0 1.87014e+17 1709000000000.0 530853000.0 0.0 450538000000.0 56009500000.0 -0.46 4.6 [-0.46,4.6]
134896000000000.0 3.36101e+17 4275910000000.0 2303400000.0 0.0 778918000000.0 138400000000.0 -0.46 4.65 [-0.46,4.65]
134896000000000.0 5.77941e+17 9195250000000.0 13217800000.0 0.0 1274660000000.0 312907000000.0 -0.46 4.7 [-0.46,4.7]
134896000000000.0 9.56961e+17 17545800000000.0 78092400000.0 0.0 1972630000000.0 665245000000.0 -0.46 4.75 [-0.46,4.75]
134896000000000.0 1.53268e+18 30507500000000.0 408515000000.0 0.0 2878690000000.0 1314720000000.0 -0.46 4.8 [-0.46,4.8]
134896000000000.0 2.37263e+18 48817100000000.0 1817080000000.0 0.0 3867690000000.0 2313650000000.0 -0.46 4.85 [-0.46,4.85]
134896000000000.0 3.53365e+18 71141000000000.0 6744340000000.0 0.0 4299420000000.0 3417500000000.0 -0.46 4.9 [-0.46,4.9]
134896000000000.0 5.08386e+18 91804700000000.0 20429100000000.0 17111.7 3301080000000.0 3823760000000.0 -0.46 4.95 [-0.46,4.95]
134896000000000.0 7.13487e+18 97417100000000.0 47384600000000.0 0.0 1719170000000.0 3126540000000.0 -0.46 5.0 [-0.46,5.0]
134896000000000.0 9.8475e+18 74551400000000.0 74464000000000.0 77521100.0 740396000000.0 2168510000000.0 -0.46 5.05 [-0.46,5.05]
134896000000000.0 1.33744e+19 39355900000000.0 76369700000000.0 385472000.0 312629000000.0 1463400000000.0 -0.46 5.1 [-0.46,5.1]
134896000000000.0 1.78899e+19 16704700000000.0 59930100000000.0 1681650000.0 139522000000.0 1023070000000.0 -0.46 5.15 [-0.46,5.15]
134896000000000.0 2.35836e+19 6731680000000.0 42701900000000.0 10568500000.0 67800200000.0 760918000000.0 -0.46 5.2 [-0.46,5.2]
134896000000000.0 3.06581e+19 2789180000000.0 30051600000000.0 143932000000.0 36356800000.0 610265000000.0 -0.46 5.25 [-0.46,5.25]
134896000000000.0 3.93853e+19 1221590000000.0 21559700000000.0 2098530000000.0 21553700000.0 529406000000.0 -0.46 5.3 [-0.46,5.3]
134895000000000.0 5.01381e+19 569589000000.0 15939300000000.0 22566500000000.0 13894000000.0 489311000000.0 -0.46 5.35 [-0.46,5.35]
134895000000000.0 6.3138e+19 281413000000.0 12129500000000.0 165222000000000.0 9334380000.0 462532000000.0 -0.46 5.4 [-0.46,5.4]
134895000000000.0 7.80508e+19 145510000000.0 9414760000000.0 752374000000000.0 6148960000.0 421280000000.0 -0.46 5.45 [-0.46,5.45]
134896000000000.0 9.48799e+19 78524100000.0 7456120000000.0 2005970000000000.0 3785750000.0 352894000000.0 -0.46 5.5 [-0.46,5.5]
134896000000000.0 1.14837e+20 44668500000.0 6100090000000.0 3546570000000000.0 2134940000.0 266774000000.0 -0.46 5.55 [-0.46,5.55]
134896000000000.0 1.38671e+20 26866200000.0 5179930000000.0 5055820000000000.0 1087660000.0 179692000000.0 -0.46 5.6 [-0.46,5.6]
134896000000000.0 1.66744e+20 17101100000.0 4577100000000.0 6550210000000000.0 496528000.0 107084000000.0 -0.46 5.65 [-0.46,5.65]
134896000000000.0 1.99457e+20 11519400000.0 4215650000000.0 8122740000000000.0 203212000.0 56543900000.0 -0.46 5.7 [-0.46,5.7]
134896000000000.0 2.3751e+20 8194180000.0 4040100000000.0 9855260000000000.0 75117200.0 26676700000.0 -0.46 5.75 [-0.46,5.75]
134896000000000.0 2.81273e+20 5997090000.0 3930040000000.0 1.17923e+16 25149900.0 11289100000.0 -0.46 5.8 [-0.46,5.8]
134896000000000.0 3.30661e+20 4335290000.0 3728220000000.0 1.39443e+16 7603160.0 4275230000.0 -0.46 5.85 [-0.46,5.85]
134896000000000.0 3.86503e+20 2983180000.0 3328060000000.0 1.635e+16 2068390.0 1445230000.0 -0.46 5.9 [-0.46,5.9]
134896000000000.0 4.50053e+20 1923370000.0 2751420000000.0 1.90487e+16 506895.0 436759000.0 -0.46 5.95 [-0.46,5.95]
134896000000000.0 5.22327e+20 1147810000.0 2081430000000.0 2.20264e+16 111823.0 117957000.0 -0.46 6.0 [-0.46,6.0]
134896000000000.0 6.04249e+20 625827000.0 1422370000000.0 2.51622e+16 22261.5 28555200.0 -0.46 6.05 [-0.46,6.05]
134896000000000.0 6.96377e+20 311848000.0 878647000000.0 2.81231e+16 3965.64 6149650.0 -0.46 6.1 [-0.46,6.1]
134896000000000.0 7.99838e+20 145735000.0 502580000000.0 3.03398e+16 618.286 1152530.0 -0.46 6.15 [-0.46,6.15]
134896000000000.0 9.16064e+20 66198000.0 275352000000.0 3.10916e+16 80.157 178558.0 -0.46 6.2 [-0.46,6.2]
134896000000000.0 1.04667e+21 29739800.0 147612000000.0 2.97996e+16 8.12051 21516.5 -0.46 6.25 [-0.46,6.25]
134896000000000.0 1.19297e+21 13364900.0 78740100000.0 2.6321e+16 0.653263 2051.19 -0.46 6.3 [-0.46,6.3]
134896000000000.0 1.35652e+21 6097630.0 42527800000.0 2.11252e+16 0.0467213 173.283 -0.46 6.35 [-0.46,6.35]
134896000000000.0 1.53928e+21 2853520.0 23481300000.0 1.52807e+16 0.00335202 14.6404 -0.46 6.4 [-0.46,6.4]
134896000000000.0 1.74362e+21 1370580.0 13247900000.0 1.00387e+16 0.000257267 1.31953 -0.46 6.45 [-0.46,6.45]
