Cloudy_runs/Data/component_II_nH_T/component_II_nH_T_col_density_param.txt
# %ECSV 1.0
# ---
# datatype:
# - {name: H, datatype: float64}
# - {name: H+, datatype: float64}
# - {name: C+2, datatype: float64}
# - {name: C+3, datatype: float64}
# - {name: O+6, datatype: float64}
# - {name: Si+2, datatype: float64}
# - {name: Si+3, datatype: float64}
# - {name: log_nH, datatype: float64}
# - {name: log_T, datatype: float64}
# - {name: parameters, datatype: string, subtype: 'float64[2]'}
# schema: astropy-2.0
H H+ C+2 C+3 O+6 Si+2 Si+3 log_nH log_T parameters
[from data line 13623]
134896000000000.0 7.13498e+18 97399700000000.0 47381300000000.0 0.0 1717900000000.0 3124220000000.0 -0.54 5.0 [-0.54,5.0]
134896000000000.0 9.84765e+18 74536700000000.0 74453500000000.0 93411700.0 740013000000.0 2167410000000.0 -0.54 5.05 [-0.54,5.05]
134896000000000.0 1.33746e+19 39349600000000.0 76359900000000.0 463354000.0 312510000000.0 1462860000000.0 -0.54 5.1 [-0.54,5.1]
134896000000000.0 1.78901e+19 16702900000000.0 59924800000000.0 1992640000.0 139480000000.0 1022770000000.0 -0.54 5.15 [-0.54,5.15]
134896000000000.0 2.35838e+19 6731200000000.0 42699400000000.0 11616000000.0 67783200000.0 760733000000.0 -0.54 5.2 [-0.54,5.2]
134896000000000.0 3.06583e+19 2789030000000.0 30050300000000.0 147034000000.0 36349100000.0 610139000000.0 -0.54 5.25 [-0.54,5.25]
134896000000000.0 3.93855e+19 1221540000000.0 21558900000000.0 2107030000000.0 21549800000.0 529312000000.0 -0.54 5.3 [-0.54,5.3]
134895000000000.0 5.01384e+19 569570000000.0 15938800000000.0 22588700000000.0 13891900000.0 489237000000.0 -0.54 5.35 [-0.54,5.35]
134895000000000.0 6.31383e+19 281404000000.0 12129200000000.0 165272000000000.0 9333150000.0 462472000000.0 -0.54 5.4 [-0.54,5.4]
134895000000000.0 7.80511e+19 145505000000.0 9414490000000.0 752451000000000.0 6148280000.0 421234000000.0 -0.54 5.45 [-0.54,5.45]
134896000000000.0 9.48803e+19 78521600000.0 7455890000000.0 2006040000000000.0 3785420000.0 352863000000.0 -0.54 5.5 [-0.54,5.5]
134896000000000.0 1.14837e+20 44667000000.0 6099900000000.0 3546600000000000.0 2134800000.0 266756000000.0 -0.54 5.55 [-0.54,5.55]
134896000000000.0 1.38671e+20 26865300000.0 5179760000000.0 5055830000000000.0 1087600000.0 179682000000.0 -0.54 5.6 [-0.54,5.6]
134896000000000.0 1.66744e+20 17100500000.0 4576940000000.0 6550200000000000.0 496508000.0 107080000000.0 -0.54 5.65 [-0.54,5.65]
134896000000000.0 1.99458e+20 11518900000.0 4215490000000.0 8122730000000000.0 203205000.0 56542100000.0 -0.54 5.7 [-0.54,5.7]
134896000000000.0 2.37511e+20 8193870000.0 4039940000000.0 9855230000000000.0 75115400.0 26676000000.0 -0.54 5.75 [-0.54,5.75]
134896000000000.0 2.81274e+20 5996870000.0 3929900000000.0 1.17922e+16 25149400.0 11288900000.0 -0.54 5.8 [-0.54,5.8]
134896000000000.0 3.30662e+20 4335150000.0 3728100000000.0 1.39443e+16 7603040.0 4275160000.0 -0.54 5.85 [-0.54,5.85]
134896000000000.0 3.86504e+20 2983100000.0 3327970000000.0 1.635e+16 2068360.0 1445210000.0 -0.54 5.9 [-0.54,5.9]
134896000000000.0 4.50054e+20 1923320000.0 2751360000000.0 1.90486e+16 506889.0 436755000.0 -0.54 5.95 [-0.54,5.95]
134896000000000.0 5.22328e+20 1147800000.0 2081390000000.0 2.20263e+16 111822.0 117956000.0 -0.54 6.0 [-0.54,6.0]
134896000000000.0 6.0425e+20 625819000.0 1422350000000.0 2.5162e+16 22261.3 28555000.0 -0.54 6.05 [-0.54,6.05]
134896000000000.0 6.96379e+20 311845000.0 878639000000.0 2.81229e+16 3965.62 6149610.0 -0.54 6.1 [-0.54,6.1]
134896000000000.0 7.9984e+20 145735000.0 502578000000.0 3.03396e+16 618.282 1152530.0 -0.54 6.15 [-0.54,6.15]
134896000000000.0 9.16066e+20 66197800.0 275351000000.0 3.10914e+16 80.1565 178557.0 -0.54 6.2 [-0.54,6.2]
134896000000000.0 1.04667e+21 29739800.0 147612000000.0 2.97994e+16 8.12046 21516.4 -0.54 6.25 [-0.54,6.25]
134896000000000.0 1.19298e+21 13364800.0 78740100000.0 2.63208e+16 0.65326 2051.18 -0.54 6.3 [-0.54,6.3]
134896000000000.0 1.35652e+21 6097630.0 42527800000.0 2.11252e+16 0.0467211 173.282 -0.54 6.35 [-0.54,6.35]
134896000000000.0 1.53929e+21 2853520.0 23481300000.0 1.52807e+16 0.003352 14.6404 -0.54 6.4 [-0.54,6.4]
134896000000000.0 1.74362e+21 1370590.0 13247900000.0 1.00386e+16 0.000257266 1.31953 -0.54 6.45 [-0.54,6.45]
134896000000000.0 1.97193e+21 674861.0 7628160000.0 6141330000000000.0 2.17151e-05 0.130452 -0.54 6.5 [-0.54,6.5]
134896000000000.0 2.22712e+21 339965.0 4477800000.0 3621560000000000.0 2.03482e-06 0.0142847 -0.54 6.55 [-0.54,6.55]
134896000000000.0 2.51237e+21 174821.0 2675950000.0 2121880000000000.0 2.12006e-07 0.00173573 -0.54 6.6 [-0.54,6.6]
134896000000000.0 2.83136e+21 91570.6 1625490000.0 1254500000000000.0 2.4435e-08 0.000232902 -0.54 6.65 [-0.54,6.65]
134896000000000.0 3.18819e+21 48805.0 1002990000.0 756576000000000.0 3.08936e-09 3.42285e-05 -0.54 6.7 [-0.54,6.7]
134896000000000.0 3.58751e+21 26440.9 628206000.0 467615000000000.0 4.23117e-10 5.44171e-06 -0.54 6.75 [-0.54,6.75]
134896000000000.0 4.03457e+21 14544.9 399050000.0 296506000000000.0 6.18301e-11 9.2174e-07 -0.54 6.8 [-0.54,6.8]
134896000000000.0 4.53539e+21 8114.8 256872000.0 192770000000000.0 9.47592e-12 1.63547e-07 -0.54 6.85 [-0.54,6.85]
134896000000000.0 5.09675e+21 4585.81 167378000.0 128175000000000.0 1.49512e-12 2.98416e-08 -0.54 6.9 [-0.54,6.9]
134896000000000.0 5.72634e+21 2621.32 110269000.0 86951400000000.0 2.38207e-13 5.49275e-09 -0.54 6.95 [-0.54,6.95]
134896000000000.0 6.43303e+21 1514.24 73400600.0 60465600000000.0 3.76458e-14 1.00195e-09 -0.54 7.0 [-0.54,7.0]
134896000000000.0 247262000000000.0 352330000.0 9092.73 0.0 30764600.0 104608.0 -0.52 4.0 [-0.52,4.0]
134896000000000.0 263814000000000.0 383138000.0 9885.66 0.0 46921500.0 112027.0 -0.52 4.05 [-0.52,4.05]
134896000000000.0 285565000000000.0 419367000.0 10951.5 0.0 70460400.0 124872.0 -0.52 4.1 [-0.52,4.1]
134896000000000.0 325522000000000.0 469959000.0 12980.0 0.0 111001000.0 158854.0 -0.52 4.15 [-0.52,4.15]
134896000000000.0 431187000000000.0 572515000.0 19047.7 0.0 215535000.0 294251.0 -0.52 4.2 [-0.52,4.2]
134896000000000.0 758550000000000.0 862742000.0 44780.4 0.0 633759000.0 1137050.0 -0.52 4.25 [-0.52,4.25]
134896000000000.0 1723820000000000.0 1719640000.0 175938.0 0.0 2480840000.0 7816370.0 -0.52 4.3 [-0.52,4.3]
134896000000000.0 4252040000000000.0 4171320000.0 828450.0 0.0 8751050000.0 50458800.0 -0.52 4.35 [-0.52,4.35]
134896000000000.0 1.02338e+16 12164900000.0 3592440.0 0.0 24664000000.0 256894000.0 -0.52 4.4 [-0.52,4.4]
134896000000000.0 2.32351e+16 43387700000.0 13966400.0 0.0 58982400000.0 1191430000.0 -0.52 4.45 [-0.52,4.45]
134896000000000.0 4.94604e+16 165659000000.0 51479900.0 0.0 125913000000.0 5279120000.0 -0.52 4.5 [-0.52,4.5]
134896000000000.0 9.89597e+16 577248000000.0 177058000.0 0.0 246302000000.0 19382200000.0 -0.52 4.55 [-0.52,4.55]
134896000000000.0 1.87071e+17 1711840000000.0 594742000.0 0.0 450613000000.0 56040100000.0 -0.52 4.6 [-0.52,4.6]
134896000000000.0 3.36162e+17 4278510000000.0 2457310000.0 0.0 779003000000.0 138316000000.0 -0.52 4.65 [-0.52,4.65]
134896000000000.0 5.78001e+17 9197200000000.0 13542700000.0 0.0 1274670000000.0 312589000000.0 -0.52 4.7 [-0.52,4.7]
134896000000000.0 9.57005e+17 17546600000000.0 78709100000.0 0.0 1972370000000.0 664431000000.0 -0.52 4.75 [-0.52,4.75]
134896000000000.0 1.53268e+18 30506300000000.0 409571000000.0 0.0 2877730000000.0 1313030000000.0 -0.52 4.8 [-0.52,4.8]
134896000000000.0 2.37259e+18 48813200000000.0 1818660000000.0 0.0 3865360000000.0 2310880000000.0 -0.52 4.85 [-0.52,4.85]
134896000000000.0 3.53362e+18 71134800000000.0 6746290000000.0 0.0 4296000000000.0 3414020000000.0 -0.52 4.9 [-0.52,4.9]
134896000000000.0 5.08388e+18 91795400000000.0 20430300000000.0 19930.0 3298630000000.0 3820730000000.0 -0.52 4.95 [-0.52,4.95]
134896000000000.0 7.13495e+18 97404300000000.0 47382100000000.0 0.0 1718240000000.0 3124840000000.0 -0.52 5.0 [-0.52,5.0]
134896000000000.0 9.84761e+18 74540600000000.0 74456300000000.0 89153500.0 740115000000.0 2167700000000.0 -0.52 5.05 [-0.52,5.05]
134896000000000.0 1.33746e+19 39351200000000.0 76362500000000.0 442504000.0 312542000000.0 1463000000000.0 -0.52 5.1 [-0.52,5.1]
134896000000000.0 1.78901e+19 16703400000000.0 59926200000000.0 1909410000.0 139491000000.0 1022850000000.0 -0.52 5.15 [-0.52,5.15]
134896000000000.0 2.35837e+19 6731330000000.0 42700100000000.0 11335700000.0 67787800000.0 760782000000.0 -0.52 5.2 [-0.52,5.2]
134896000000000.0 3.06583e+19 2789070000000.0 30050600000000.0 146204000000.0 36351100000.0 610173000000.0 -0.52 5.25 [-0.52,5.25]
134896000000000.0 3.93855e+19 1221560000000.0 21559100000000.0 2104760000000.0 21550900000.0 529337000000.0 -0.52 5.3 [-0.52,5.3]
134895000000000.0 5.01383e+19 569575000000.0 15938900000000.0 22582700000000.0 13892400000.0 489257000000.0 -0.52 5.35 [-0.52,5.35]
134895000000000.0 6.31382e+19 281407000000.0 12129300000000.0 165259000000000.0 9333480000.0 462488000000.0 -0.52 5.4 [-0.52,5.4]
134895000000000.0 7.80511e+19 145506000000.0 9414560000000.0 752430000000000.0 6148460000.0 421247000000.0 -0.52 5.45 [-0.52,5.45]
134896000000000.0 9.48802e+19 78522300000.0 7455950000000.0 2006020000000000.0 3785510000.0 352871000000.0 -0.52 5.5 [-0.52,5.5]
134896000000000.0 1.14837e+20 44667400000.0 6099950000000.0 3546590000000000.0 2134830000.0 266761000000.0 -0.52 5.55 [-0.52,5.55]
134896000000000.0 1.38671e+20 26865600000.0 5179810000000.0 5055830000000000.0 1087610000.0 179685000000.0 -0.52 5.6 [-0.52,5.6]
134896000000000.0 1.66744e+20 17100600000.0 4576980000000.0 6550200000000000.0 496513000.0 107081000000.0 -0.52 5.65 [-0.52,5.65]
134896000000000.0 1.99458e+20 11519100000.0 4215530000000.0 8122730000000000.0 203207000.0 56542600000.0 -0.52 5.7 [-0.52,5.7]
134896000000000.0 2.37511e+20 8193950000.0 4039990000000.0 9855240000000000.0 75115900.0 26676200000.0 -0.52 5.75 [-0.52,5.75]
134896000000000.0 2.81274e+20 5996930000.0 3929930000000.0 1.17922e+16 25149600.0 11289000000.0 -0.52 5.8 [-0.52,5.8]
134896000000000.0 3.30661e+20 4335190000.0 3728130000000.0 1.39443e+16 7603080.0 4275180000.0 -0.52 5.85 [-0.52,5.85]
134896000000000.0 3.86504e+20 2983120000.0 3328000000000.0 1.635e+16 2068370.0 1445220000.0 -0.52 5.9 [-0.52,5.9]
134896000000000.0 4.50054e+20 1923340000.0 2751380000000.0 1.90486e+16 506891.0 436756000.0 -0.52 5.95 [-0.52,5.95]
134896000000000.0 5.22328e+20 1147800000.0 2081400000000.0 2.20263e+16 111822.0 117957000.0 -0.52 6.0 [-0.52,6.0]
134896000000000.0 6.0425e+20 625821000.0 1422350000000.0 2.51621e+16 22261.3 28555100.0 -0.52 6.05 [-0.52,6.05]
134896000000000.0 6.96379e+20 311846000.0 878642000000.0 2.8123e+16 3965.63 6149620.0 -0.52 6.1 [-0.52,6.1]
134896000000000.0 7.9984e+20 145735000.0 502578000000.0 3.03397e+16 618.284 1152530.0 -0.52 6.15 [-0.52,6.15]
134896000000000.0 9.16066e+20 66197900.0 275351000000.0 3.10915e+16 80.1566 178557.0 -0.52 6.2 [-0.52,6.2]
134896000000000.0 1.04667e+21 29739800.0 147612000000.0 2.97994e+16 8.12048 21516.4 -0.52 6.25 [-0.52,6.25]
134896000000000.0 1.19298e+21 13364800.0 78740100000.0 2.63209e+16 0.65326 2051.18 -0.52 6.3 [-0.52,6.3]
134896000000000.0 1.35652e+21 6097630.0 42527800000.0 2.11252e+16 0.0467211 173.282 -0.52 6.35 [-0.52,6.35]
134896000000000.0 1.53928e+21 2853520.0 23481300000.0 1.52807e+16 0.00335201 14.6404 -0.52 6.4 [-0.52,6.4]
134896000000000.0 1.74362e+21 1370580.0 13247900000.0 1.00386e+16 0.000257267 1.31953 -0.52 6.45 [-0.52,6.45]
134896000000000.0 1.97193e+21 674861.0 7628160000.0 6141340000000000.0 2.17152e-05 0.130452 -0.52 6.5 [-0.52,6.5]
134896000000000.0 2.22711e+21 339965.0 4477800000.0 3621560000000000.0 2.03482e-06 0.0142847 -0.52 6.55 [-0.52,6.55]
134896000000000.0 2.51237e+21 174821.0 2675950000.0 2121880000000000.0 2.12006e-07 0.00173573 -0.52 6.6 [-0.52,6.6]
134896000000000.0 2.83136e+21 91570.5 1625490000.0 1254500000000000.0 2.44351e-08 0.000232902 -0.52 6.65 [-0.52,6.65]
134896000000000.0 3.18819e+21 48805.0 1002990000.0 756575000000000.0 3.08936e-09 3.42285e-05 -0.52 6.7 [-0.52,6.7]
134896000000000.0 3.58751e+21 26440.8 628206000.0 467615000000000.0 4.23117e-10 5.44171e-06 -0.52 6.75 [-0.52,6.75]
134896000000000.0 4.03457e+21 14544.9 399050000.0 296506000000000.0 6.18301e-11 9.2174e-07 -0.52 6.8 [-0.52,6.8]
134896000000000.0 4.53539e+21 8114.8 256872000.0 192769000000000.0 9.47592e-12 1.63547e-07 -0.52 6.85 [-0.52,6.85]
134896000000000.0 5.09674e+21 4585.8 167378000.0 128175000000000.0 1.49512e-12 2.98416e-08 -0.52 6.9 [-0.52,6.9]
134896000000000.0 5.72633e+21 2621.32 110269000.0 86951300000000.0 2.38207e-13 5.49275e-09 -0.52 6.95 [-0.52,6.95]
134896000000000.0 6.43302e+21 1514.24 73400600.0 60465500000000.0 3.76458e-14 1.00195e-09 -0.52 7.0 [-0.52,7.0]
134896000000000.0 239066000000000.0 331994000.0 8161.54 0.0 29133400.0 95866.8 -0.5 4.0 [-0.5,4.0]
134896000000000.0 255009000000000.0 360758000.0 8858.4 0.0 44415600.0 102514.0 -0.5 4.05 [-0.5,4.05]
134896000000000.0 276074000000000.0 394618000.0 9800.62 0.0 66715300.0 114125.0 -0.5 4.1 [-0.5,4.1]
134896000000000.0 315216000000000.0 442089000.0 11617.7 0.0 105374000.0 145195.0 -0.5 4.15 [-0.5,4.15]
134896000000000.0 419896000000000.0 539187000.0 17132.1 0.0 206458000.0 270500.0 -0.5 4.2 [-0.5,4.2]
134896000000000.0 746411000000000.0 816625000.0 40818.5 0.0 617736000.0 1063500.0 -0.5 4.25 [-0.5,4.25]
134896000000000.0 1711130000000000.0 1640270000.0 162759.0 0.0 2454850000.0 7440760.0 -0.5 4.3 [-0.5,4.3]
134896000000000.0 4238650000000000.0 4014650000.0 773503.0 0.0 8718680000.0 48487700.0 -0.5 4.35 [-0.5,4.35]
134896000000000.0 1.02194e+16 11858700000.0 3374650.0 0.0 24633200000.0 248862000.0 -0.5 4.4 [-0.5,4.4]
134896000000000.0 2.32196e+16 42857700000.0 13198800.0 0.0 58963300000.0 1168210000.0 -0.5 4.45 [-0.5,4.45]
134896000000000.0 4.94436e+16 164898000000.0 48928300.0 0.0 125908000000.0 5239010000.0 -0.5 4.5 [-0.5,4.5]
134896000000000.0 9.89414e+16 576318000000.0 169052000.0 0.0 246291000000.0 19347300000.0 -0.5 4.55 [-0.5,4.55]
134896000000000.0 1.87051e+17 1710850000000.0 572433000.0 0.0 450586000000.0 56029500000.0 -0.5 4.6 [-0.5,4.6]
134896000000000.0 3.3614e+17 4277600000000.0 2403610000.0 0.0 778974000000.0 138345000000.0 -0.5 4.65 [-0.5,4.65]
134896000000000.0 5.7798e+17 9196520000000.0 13429400000.0 0.0 1274660000000.0 312700000000.0 -0.5 4.7 [-0.5,4.7]
134896000000000.0 9.5699e+17 17546300000000.0 78494000000.0 0.0 1972460000000.0 664715000000.0 -0.5 4.75 [-0.5,4.75]
134896000000000.0 1.53268e+18 30506700000000.0 409203000000.0 0.0 2878060000000.0 1313620000000.0 -0.5 4.8 [-0.5,4.8]
134896000000000.0 2.3726e+18 48814600000000.0 1818110000000.0 0.0 3866170000000.0 2311850000000.0 -0.5 4.85 [-0.5,4.85]
134896000000000.0 3.53363e+18 71136900000000.0 6745610000000.0 0.0 4297200000000.0 3415230000000.0 -0.5 4.9 [-0.5,4.9]
134896000000000.0 5.08387e+18 91798600000000.0 20429900000000.0 18938.7 3299480000000.0 3821790000000.0 -0.5 4.95 [-0.5,4.95]
134896000000000.0 7.13492e+18 97408800000000.0 47383000000000.0 0.0 1718560000000.0 3125430000000.0 -0.5 5.0 [-0.5,5.0]
134896000000000.0 9.84758e+18 74544400000000.0 74458900000000.0 85091700.0 740213000000.0 2167980000000.0 -0.5 5.05 [-0.5,5.05]
134896000000000.0 1.33745e+19 39352800000000.0 76365000000000.0 422603000.0 312572000000.0 1463140000000.0 -0.5 5.1 [-0.5,5.1]
134896000000000.0 1.789e+19 16703800000000.0 59927600000000.0 1829950000.0 139502000000.0 1022930000000.0 -0.5 5.15 [-0.5,5.15]
134896000000000.0 2.35836e+19 6731450000000.0 42700700000000.0 11068100000.0 67792100000.0 760830000000.0 -0.5 5.2 [-0.5,5.2]
134896000000000.0 3.06582e+19 2789110000000.0 30051000000000.0 145411000000.0 36353100000.0 610205000000.0 -0.5 5.25 [-0.5,5.25]
134896000000000.0 3.93854e+19 1221570000000.0 21559300000000.0 2102580000000.0 21551900000.0 529361000000.0 -0.5 5.3 [-0.5,5.3]
134895000000000.0 5.01382e+19 569580000000.0 15939100000000.0 22577100000000.0 13893000000.0 489276000000.0 -0.5 5.35 [-0.5,5.35]
134895000000000.0 6.31381e+19 281409000000.0 12129400000000.0 165246000000000.0 9333790000.0 462503000000.0 -0.5 5.4 [-0.5,5.4]
134895000000000.0 7.8051e+19 145507000000.0 9414630000000.0 752411000000000.0 6148630000.0 421258000000.0 -0.5 5.45 [-0.5,5.45]
134896000000000.0 9.48801e+19 78522900000.0 7456010000000.0 2006010000000000.0 3785590000.0 352879000000.0 -0.5 5.5 [-0.5,5.5]
134896000000000.0 1.14837e+20 44667800000.0 6100000000000.0 3546580000000000.0 2134870000.0 266765000000.0 -0.5 5.55 [-0.5,5.55]
134896000000000.0 1.38671e+20 26865800000.0 5179850000000.0 5055820000000000.0 1087630000.0 179687000000.0 -0.5 5.6 [-0.5,5.6]
134896000000000.0 1.66744e+20 17100800000.0 4577030000000.0 6550200000000000.0 496518000.0 107082000000.0 -0.5 5.65 [-0.5,5.65]
