Cloudy_runs/pg0832/z=0.017505/logZ=1/component_IV_PI_nH/component_IV_PI_nH_col_density_param.txt
# %ECSV 1.0
# ---
# datatype:
# - {name: H, datatype: float64}
# - {name: H+, datatype: float64}
# - {name: C+, datatype: float64}
# - {name: C+2, datatype: float64}
# - {name: C+3, datatype: float64}
# - {name: N+, datatype: float64}
# - {name: N+2, datatype: float64}
# - {name: N+4, datatype: float64}
# - {name: O, datatype: float64}
# - {name: O+2, datatype: float64}
# - {name: O+5, datatype: float64}
# - {name: O+6, datatype: float64}
# - {name: P+, datatype: float64}
# - {name: Si+, datatype: float64}
# - {name: Si+2, datatype: float64}
# - {name: Si+3, datatype: float64}
# - {name: Si+4, datatype: float64}
# - {name: Fe+, datatype: float64}
# - {name: Al+, datatype: float64}
# - {name: log_nH, datatype: float64}
# - {name: parameters, datatype: string, subtype: 'float64[1]'}
# schema: astropy-2.0
H H+ C+ C+2 C+3 N+ N+2 N+4 O O+2 O+5 O+6 P+ Si+ Si+2 Si+3 Si+4 Fe+ Al+ log_nH parameters
[from data line 219]
6760830000000000.0 1216500000000000.0 10685100000000.0 114976000000.0 0.0 797889000000.0 111450000.0 0.0 37074900000000.0 268576000.0 0.0 0.0 19643800000.0 2219370000000.0 36964200.0 51590300.0 0.0 2516860000000.0 223082000000.0 -0.62 [-0.62]
6760830000000000.0 1182930000000000.0 10473300000000.0 109195000000.0 0.0 772069000000.0 102803000.0 0.0 36992500000000.0 245413000.0 0.0 0.0 19555000000.0 2202450000000.0 34946400.0 48737000.0 0.0 2506290000000.0 222187000000.0 -0.6 [-0.6]
6760830000000000.0 1150680000000000.0 10266500000000.0 103740000000.0 0.0 747326000000.0 94868700.0 0.0 36912100000000.0 224424000.0 0.0 0.0 19469700000.0 2185960000000.0 33047900.0 46054200.0 0.0 2496140000000.0 221326000000.0 -0.58 [-0.58]
6760830000000000.0 1119380000000000.0 10062400000000.0 98545400000.0 0.0 723390000000.0 87556800.0 0.0 36833100000000.0 205286000.0 0.0 0.0 19386900000.0 2169710000000.0 31257400.0 43525400.0 0.0 2486280000000.0 220490000000.0 -0.56 [-0.56]
6760830000000000.0 1089050000000000.0 9860910000000.0 93602600000.0 0.0 700253000000.0 80820000.0 0.0 36755400000000.0 187845000.0 0.0 0.0 19306400000.0 2153690000000.0 29568700.0 41141800.0 0.0 2476720000000.0 219680000000.0 -0.54 [-0.54]
6760830000000000.0 1059620000000000.0 9662940000000.0 88904500000.0 0.0 677917000000.0 74615300.0 0.0 36679200000000.0 171931000.0 0.0 0.0 19228200000.0 2137900000000.0 27975300.0 38894100.0 0.0 2467450000000.0 218893000000.0 -0.52 [-0.52]
6760830000000000.0 1031060000000000.0 9467830000000.0 84434100000.0 0.0 656324000000.0 68896600.0 0.0 36604300000000.0 157409000.0 0.0 0.0 19152200000.0 2122320000000.0 26471500.0 36774200.0 0.0 2458450000000.0 218130000000.0 -0.5 [-0.5]
6760830000000000.0 1003330000000000.0 9275510000000.0 80179700000.0 0.0 635441000000.0 63624300.0 0.0 36530800000000.0 144153000.0 0.0 0.0 19078200000.0 2106930000000.0 25051900.0 34774100.0 0.0 2449710000000.0 217388000000.0 -0.48 [-0.48]
6760830000000000.0 976406000000000.0 9085920000000.0 76130000000.0 0.0 615244000000.0 58762200.0 0.0 36458500000000.0 132052000.0 0.0 0.0 19006200000.0 2091720000000.0 23711200.0 32886500.0 0.0 2441220000000.0 216667000000.0 -0.46 [-0.46]
6760830000000000.0 950506000000000.0 8900730000000.0 72306600000.0 0.0 595858000000.0 54292800.0 0.0 36388200000000.0 121050000.0 0.0 0.0 18937200000.0 2076850000000.0 22447500.0 31108500.0 0.0 2433060000000.0 215974000000.0 -0.44 [-0.44]
6760830000000000.0 925154000000000.0 8716820000000.0 68642800000.0 0.0 576977000000.0 50158100.0 0.0 36318700000000.0 110951000.0 0.0 0.0 18869200000.0 2062010000000.0 21251700.0 29426900.0 0.0 2425070000000.0 215295000000.0 -0.42 [-0.42]
6760830000000000.0 900541000000000.0 8535650000000.0 65157300000.0 0.0 558717000000.0 46344000.0 0.0 36250500000000.0 101724000.0 0.0 0.0 18803000000.0 2047320000000.0 20121900.0 27839200.0 0.0 2417300000000.0 214635000000.0 -0.4 [-0.4]
6760830000000000.0 876642000000000.0 8357190000000.0 61841900000.0 0.0 541054000000.0 42825200.0 0.0 36183500000000.0 93288900.0 0.0 0.0 18738600000.0 2032790000000.0 19054200.0 26339800.0 0.0 2409770000000.0 213994000000.0 -0.38 [-0.38]
6760830000000000.0 853436000000000.0 8181430000000.0 58688200000.0 0.0 523968000000.0 39578200.0 0.0 36117900000000.0 85576800.0 0.0 0.0 18676000000.0 2018400000000.0 18045100.0 24923600.0 0.0 2402450000000.0 213371000000.0 -0.36 [-0.36]
6760830000000000.0 830894000000000.0 8008330000000.0 55689000000.0 0.0 507439000000.0 36581600.0 0.0 36053600000000.0 78524300.0 0.0 0.0 18615000000.0 2004150000000.0 17091100.0 23585700.0 0.0 2395340000000.0 212766000000.0 -0.34 [-0.34]
6760830000000000.0 808886000000000.0 7837080000000.0 52824600000.0 0.0 491384000000.0 33811000.0 0.0 35990100000000.0 72060200.0 0.0 0.0 18555100000.0 1989920000000.0 16188200.0 22320000.0 0.0 2388390000000.0 212175000000.0 -0.32 [-0.32]
6760830000000000.0 787621000000000.0 7669260000000.0 50112100000.0 0.0 475913000000.0 31258100.0 0.0 35928200000000.0 66157100.0 0.0 0.0 18497400000.0 1975920000000.0 15335200.0 21125400.0 0.0 2381680000000.0 211604000000.0 -0.3 [-0.3]
6760830000000000.0 766960000000000.0 7504020000000.0 47532400000.0 0.0 460939000000.0 28900900.0 0.0 35867600000000.0 60753700.0 0.0 0.0 18441100000.0 1962020000000.0 14528500.0 19996200.0 0.0 2375160000000.0 211049000000.0 -0.28 [-0.28]
6760830000000000.0 746884000000000.0 7341340000000.0 45079300000.0 0.0 446447000000.0 26724200.0 0.0 35808100000000.0 55806300.0 0.0 0.0 18386300000.0 1948230000000.0 13765200.0 18928600.0 0.0 2368830000000.0 210509000000.0 -0.26 [-0.26]
6760830000000000.0 727465000000000.0 7181900000000.0 42755600000.0 0.0 432470000000.0 24717000.0 0.0 35750100000000.0 51283400.0 0.0 0.0 18333300000.0 1934620000000.0 13043800.0 17920300.0 0.0 2362700000000.0 209987000000.0 -0.24 [-0.24]
6760830000000000.0 708497000000000.0 7024240000000.0 40537200000.0 0.0 418888000000.0 22859800.0 0.0 35693000000000.0 47131100.0 0.0 0.0 18281300000.0 1921020000000.0 12360400.0 16965700.0 0.0 2356710000000.0 209477000000.0 -0.22 [-0.22]
6760830000000000.0 690060000000000.0 6869070000000.0 38428000000.0 0.0 405739000000.0 21144100.0 0.0 35637100000000.0 43326100.0 0.0 0.0 18230500000.0 1907490000000.0 11713600.0 16062900.0 0.0 2350890000000.0 208980000000.0 -0.2 [-0.2]
6760830000000000.0 672137000000000.0 6716370000000.0 36423000000.0 0.0 393008000000.0 19559000.0 0.0 35582300000000.0 39838200.0 0.0 0.0 18181100000.0 1894050000000.0 11101300.0 15208900.0 0.0 2345230000000.0 208498000000.0 -0.18 [-0.18]
6760830000000000.0 654709000000000.0 6566110000000.0 34517100000.0 0.0 380681000000.0 18094200.0 0.0 35528500000000.0 36640100.0 0.0 0.0 18132900000.0 1880670000000.0 10521700.0 14401000.0 0.0 2339720000000.0 208028000000.0 -0.16 [-0.16]
6760830000000000.0 637764000000000.0 6418260000000.0 32705600000.0 0.0 368743000000.0 16740500.0 0.0 35475900000000.0 33707000.0 0.0 0.0 18085900000.0 1867360000000.0 9972840.0 13636600.0 0.0 2334370000000.0 207572000000.0 -0.14 [-0.14]
6760830000000000.0 621284000000000.0 6272810000000.0 30983900000.0 0.0 357181000000.0 15489400.0 0.0 35424400000000.0 31016200.0 0.0 0.0 18040100000.0 1854100000000.0 9453120.0 12913200.0 0.0 2329170000000.0 207128000000.0 -0.12 [-0.12]
6760830000000000.0 605258000000000.0 6129730000000.0 29348000000.0 0.0 345984000000.0 14333000.0 0.0 35373900000000.0 28547100.0 0.0 0.0 17995400000.0 1840900000000.0 8960900.0 12228700.0 0.0 2324100000000.0 206695000000.0 -0.1 [-0.1]
6760830000000000.0 589668000000000.0 5989010000000.0 27793600000.0 0.0 335137000000.0 13263900.0 0.0 35324400000000.0 26280700.0 0.0 0.0 17951700000.0 1827730000000.0 8494680.0 11580800.0 0.0 2319180000000.0 206275000000.0 -0.08 [-0.08]
6760830000000000.0 574504000000000.0 5850610000000.0 26316900000.0 0.0 324631000000.0 12275500.0 0.0 35276000000000.0 24199900.0 0.0 0.0 17909200000.0 1814610000000.0 8053020.0 10967400.0 0.0 2314380000000.0 205866000000.0 -0.06 [-0.06]
6760830000000000.0 559750000000000.0 5714500000000.0 24914000000.0 0.0 314452000000.0 11361500.0 0.0 35228600000000.0 22288900.0 0.0 0.0 17867600000.0 1801520000000.0 7634590.0 10386800.0 0.0 2309720000000.0 205467000000.0 -0.04 [-0.04]
6760830000000000.0 545397000000000.0 5580660000000.0 23581400000.0 0.0 304589000000.0 10516300.0 0.0 35182200000000.0 20533400.0 0.0 0.0 17827100000.0 1788460000000.0 7238100.0 9836980.0 0.0 2305180000000.0 205080000000.0 -0.02 [-0.02]
6760830000000000.0 531429000000000.0 5449090000000.0 22315900000.0 0.0 295034000000.0 9734670.0 0.0 35136800000000.0 18920500.0 0.0 0.0 17787500000.0 1775420000000.0 6862410.0 9316430.0 0.0 2300770000000.0 204702000000.0 -0.0 [-0.0]
6760830000000000.0 517836000000000.0 5319760000000.0 21114200000.0 0.0 285775000000.0 9011760.0 0.0 35092300000000.0 17438200.0 0.0 0.0 17748800000.0 1762400000000.0 6506390.0 8823500.0 0.0 2296470000000.0 204335000000.0 0.02 [0.02]
6760830000000000.0 504608000000000.0 5192630000000.0 19973300000.0 0.0 276803000000.0 8343060.0 0.0 35048700000000.0 16075600.0 0.0 0.0 17711000000.0 1749390000000.0 6168940.0 8356660.0 0.0 2292280000000.0 203977000000.0 0.04 [0.04]
6760830000000000.0 491731000000000.0 5067680000000.0 18890100000.0 0.0 268108000000.0 7724460.0 0.0 35006100000000.0 14822600.0 0.0 0.0 17674000000.0 1736390000000.0 5849090.0 7914510.0 0.0 2288210000000.0 203629000000.0 0.06 [0.06]
6760830000000000.0 479196000000000.0 4944890000000.0 17862000000.0 0.0 259681000000.0 7152150.0 0.0 34964400000000.0 13670100.0 0.0 0.0 17637900000.0 1723390000000.0 5545900.0 7495710.0 0.0 2284240000000.0 203290000000.0 0.08 [0.08]
6760830000000000.0 466993000000000.0 4824250000000.0 16886200000.0 0.0 251514000000.0 6622660.0 0.0 34923600000000.0 12609800.0 0.0 0.0 17602600000.0 1710380000000.0 5258470.0 7099000.0 0.0 2280380000000.0 202960000000.0 0.1 [0.1]
6760830000000000.0 455112000000000.0 4705750000000.0 15960300000.0 0.0 243598000000.0 6132730.0 0.0 34883600000000.0 11634200.0 0.0 0.0 17568100000.0 1697370000000.0 4985960.0 6723200.0 0.0 2276620000000.0 202638000000.0 0.12 [0.12]
6760830000000000.0 443544000000000.0 4589300000000.0 15081900000.0 0.0 235924000000.0 5679360.0 0.0 34844500000000.0 10736300.0 0.0 0.0 17534400000.0 1684350000000.0 4727590.0 6367170.0 0.0 2272960000000.0 202325000000.0 0.14 [0.14]
6760830000000000.0 432280000000000.0 4474930000000.0 14248500000.0 0.0 228486000000.0 5259790.0 0.0 34806200000000.0 9909720.0 0.0 0.0 17501300000.0 1671310000000.0 4482600.0 6029870.0 0.0 2269400000000.0 202019000000.0 0.16 [0.16]
6760830000000000.0 421310000000000.0 4362600000000.0 13458100000.0 0.0 221275000000.0 4871480.0 0.0 34768700000000.0 9148570.0 0.0 0.0 17469000000.0 1658250000000.0 4250290.0 5710290.0 0.0 2265920000000.0 201722000000.0 0.18 [0.18]
6760830000000000.0 410626000000000.0 4252280000000.0 12708500000.0 0.0 214284000000.0 4512080.0 0.0 34732100000000.0 8447540.0 0.0 0.0 17437400000.0 1645170000000.0 4029990.0 5407480.0 0.0 2262540000000.0 201432000000.0 0.2 [0.2]
6760830000000000.0 400220000000000.0 4143960000000.0 11997800000.0 0.0 207506000000.0 4179410.0 0.0 34696200000000.0 7801710.0 0.0 0.0 17406400000.0 1632060000000.0 3821060.0 5120550.0 0.0 2259240000000.0 201150000000.0 0.22 [0.22]
6760830000000000.0 390083000000000.0 4037610000000.0 11324000000.0 0.0 200936000000.0 3871470.0 0.0 34661100000000.0 7206620.0 0.0 0.0 17376000000.0 1618920000000.0 3622920.0 4848660.0 0.0 2256030000000.0 200875000000.0 0.24 [0.24]
6760830000000000.0 380208000000000.0 3933220000000.0 10685500000.0 0.0 194565000000.0 3586400.0 0.0 34626800000000.0 6658150.0 0.0 0.0 17346200000.0 1605750000000.0 3434990.0 4591020.0 0.0 2252900000000.0 200607000000.0 0.26 [0.26]
6760830000000000.0 370587000000000.0 3830750000000.0 10080300000.0 0.0 188388000000.0 3322490.0 0.0 34593200000000.0 6152550.0 0.0 0.0 17317100000.0 1592540000000.0 3256740.0 4346880.0 0.0 2249850000000.0 200346000000.0 0.28 [0.28]
6760830000000000.0 361213000000000.0 3730190000000.0 9506950000.0 0.0 182398000000.0 3078150.0 0.0 34560300000000.0 5686360.0 0.0 0.0 17288500000.0 1579290000000.0 3087680.0 4115510.0 0.0 2246880000000.0 200091000000.0 0.3 [0.3]
6760830000000000.0 352079000000000.0 3631510000000.0 8963870000.0 0.0 176591000000.0 2851930.0 0.0 34528100000000.0 5256450.0 0.0 0.0 17260400000.0 1566000000000.0 2927320.0 3896260.0 0.0 2243990000000.0 199843000000.0 0.32 [0.32]
6760830000000000.0 343177000000000.0 3534690000000.0 8449480000.0 0.0 170960000000.0 2642460.0 0.0 34496700000000.0 4859840.0 0.0 0.0 17232900000.0 1552660000000.0 2775200.0 3688480.0 0.0 2241160000000.0 199601000000.0 0.34 [0.34]
6760830000000000.0 334502000000000.0 3439710000000.0 7962420000.0 0.0 165500000000.0 2448490.0 0.0 34465900000000.0 4493930.0 0.0 0.0 17205800000.0 1539280000000.0 2630910.0 3491570.0 0.0 2238410000000.0 199365000000.0 0.36 [0.36]
6760830000000000.0 326047000000000.0 3346540000000.0 7501310000.0 0.0 160205000000.0 2268880.0 0.0 34435800000000.0 4156230.0 0.0 0.0 17179200000.0 1525850000000.0 2494040.0 3304960.0 0.0 2235730000000.0 199135000000.0 0.38 [0.38]
6760830000000000.0 317805000000000.0 3255170000000.0 7064910000.0 0.0 155071000000.0 2102540.0 0.0 34406300000000.0 3844560.0 0.0 0.0 17153100000.0 1512370000000.0 2364210.0 3128120.0 0.0 2233110000000.0 198910000000.0 0.4 [0.4]
6760830000000000.0 309771000000000.0 3165570000000.0 6652020000.0 0.0 150092000000.0 1948500.0 0.0 34377500000000.0 3556820.0 0.0 0.0 17127500000.0 1498840000000.0 2241040.0 2960540.0 0.0 2230560000000.0 198692000000.0 0.42 [0.42]
6760830000000000.0 301940000000000.0 3077720000000.0 6261370000.0 0.0 145265000000.0 1805840.0 0.0 34349300000000.0 3291160.0 0.0 0.0 17102200000.0 1485260000000.0 2124210.0 2801730.0 0.0 2228070000000.0 198478000000.0 0.44 [0.44]
6760830000000000.0 294305000000000.0 2991610000000.0 5891850000.0 0.0 140584000000.0 1673710.0 0.0 34321800000000.0 3045790.0 0.0 0.0 17077400000.0 1471620000000.0 2013390.0 2651240.0 0.0 2225650000000.0 198270000000.0 0.46 [0.46]
6760830000000000.0 286860000000000.0 2907200000000.0 5542450000.0 0.0 136044000000.0 1551330.0 0.0 34294800000000.0 2819140.0 0.0 0.0 17052900000.0 1457930000000.0 1908260.0 2508630.0 0.0 2223280000000.0 198067000000.0 0.48 [0.48]
6760830000000000.0 279601000000000.0 2824490000000.0 5212140000.0 0.0 131643000000.0 1437980.0 0.0 34268400000000.0 2609730.0 0.0 0.0 17028800000.0 1444190000000.0 1808540.0 2373500.0 0.0 2220970000000.0 197869000000.0 0.5 [0.5]
6760830000000000.0 272522000000000.0 2743450000000.0 4899950000.0 0.0 127375000000.0 1332980.0 0.0 34242600000000.0 2416240.0 0.0 0.0 17005000000.0 1430390000000.0 1713940.0 2245470.0 0.0 2218720000000.0 197676000000.0 0.52 [0.52]
6760830000000000.0 265620000000000.0 2664050000000.0 4604970000.0 0.0 123237000000.0 1235720.0 0.0 34217400000000.0 2237390.0 0.0 0.0 16981600000.0 1416540000000.0 1624210.0 2124140.0 0.0 2216530000000.0 197487000000.0 0.54 [0.54]
6760830000000000.0 258887000000000.0 2586290000000.0 4326340000.0 0.0 119224000000.0 1145620.0 0.0 34192600000000.0 2072070.0 0.0 0.0 16958500000.0 1402630000000.0 1539100.0 2009200.0 0.0 2214380000000.0 197303000000.0 0.56 [0.56]
6760830000000000.0 252320000000000.0 2510150000000.0 4063220000.0 0.0 115334000000.0 1062160.0 0.0 34168500000000.0 1919230.0 0.0 0.0 16935700000.0 1388670000000.0 1458370.0 1900310.0 0.0 2212290000000.0 197124000000.0 0.58 [0.58]
6760830000000000.0 245914000000000.0 2435600000000.0 3814820000.0 0.0 111562000000.0 984841.0 0.0 34144900000000.0 1777900.0 0.0 0.0 16913100000.0 1374660000000.0 1381800.0 1797150.0 0.0 2210250000000.0 196948000000.0 0.6 [0.6]
6760830000000000.0 239665000000000.0 2362630000000.0 3580380000.0 0.0 107905000000.0 913210.0 0.0 34121700000000.0 1647190.0 0.0 0.0 16890800000.0 1360600000000.0 1309180.0 1699430.0 0.0 2208260000000.0 196777000000.0 0.62 [0.62]
6760830000000000.0 233569000000000.0 2291220000000.0 3359180000.0 0.0 104359000000.0 846846.0 0.0 34099100000000.0 1526280.0 0.0 0.0 16868700000.0 1346490000000.0 1240310.0 1606860.0 0.0 2206320000000.0 196610000000.0 0.64 [0.64]
6760830000000000.0 227621000000000.0 2221350000000.0 3150550000.0 0.0 100922000000.0 785361.0 0.0 34077000000000.0 1414430.0 0.0 0.0 16846900000.0 1332330000000.0 1174990.0 1519190.0 0.0 2204420000000.0 196447000000.0 0.66 [0.66]
6760830000000000.0 221818000000000.0 2153020000000.0 2953830000.0 0.0 97590400000.0 728395.0 0.0 34055400000000.0 1310930.0 0.0 0.0 16825200000.0 1318130000000.0 1113050.0 1436150.0 0.0 2202570000000.0 196288000000.0 0.68 [0.68]
6760830000000000.0 216153000000000.0 2086280000000.0 2769650000.0 0.0 94361900000.0 675625.0 0.0 34034200000000.0 1215120.0 0.0 0.0 16803700000.0 1303880000000.0 1054310.0 1357530.0 0.0 2200760000000.0 196132000000.0 0.7 [0.7]
