Cloudy_runs/3C263/component_I_PI_nH/component_I_PI_nH_col_density_param.txt
# %ECSV 1.0
# ---
# datatype:
# - {name: H, datatype: float64}
# - {name: H+, datatype: float64}
# - {name: C+, datatype: float64}
# - {name: C+2, datatype: float64}
# - {name: C+3, datatype: float64}
# - {name: N+2, datatype: float64}
# - {name: N+4, datatype: float64}
# - {name: O, datatype: float64}
# - {name: O+2, datatype: float64}
# - {name: O+5, datatype: float64}
# - {name: O+6, datatype: float64}
# - {name: Si+, datatype: float64}
# - {name: Si+2, datatype: float64}
# - {name: Si+3, datatype: float64}
# - {name: Si+4, datatype: float64}
# - {name: log_nH, datatype: float64}
# - {name: log_Te, datatype: float64}
# - {name: parameters, datatype: string, subtype: 'float64[1]'}
# schema: astropy-2.0
H H+ C+ C+2 C+3 N+2 N+4 O O+2 O+5 O+6 Si+ Si+2 Si+3 Si+4 log_nH log_Te parameters
30903000000000.0 1.31328e+18 1703990000.0 277742000000.0 1150890000000.0 43027500000.0 1160220000000.0 8334.15 110837000000.0 14815900000000.0 26778900000000.0 999783.0 53128100.0 276560000.0 33910800000.0 -5.0 4.567 [-5.0]
30903000000000.0 1.24301e+18 1852110000.0 293970000000.0 1171810000000.0 45936500000.0 1149620000000.0 9331.22 118873000000.0 14163400000000.0 24346200000000.0 1192720.0 61943200.0 311820000.0 36203200000.0 -4.98 4.562 [-4.98]
30903000000000.0 1.17672e+18 2010910000.0 310757000000.0 1191680000000.0 48992600000.0 1137400000000.0 10447.2 127338000000.0 13510700000000.0 22093300000000.0 1420030.0 72100900.0 351010000.0 38593300000.0 -4.96 4.557 [-4.96]
30903000000000.0 1.11415e+18 2180970000.0 328098000000.0 1210460000000.0 52197400000.0 1123580000000.0 11695.6 136237000000.0 12860400000000.0 20011100000000.0 1687300.0 83786300.0 394496000.0 41080400000.0 -4.94 4.553 [-4.94]
30903000000000.0 1.05509e+18 2362830000.0 345983000000.0 1228100000000.0 55550300000.0 1108190000000.0 13090.5 145567000000.0 12215000000000.0 18090800000000.0 2000890.0 97205700.0 442672000.0 43663400000.0 -4.92 4.548 [-4.92]
30903000000000.0 9.99315e+17 2557230000.0 364411000000.0 1244570000000.0 59053300000.0 1091280000000.0 14650.1 155333000000.0 11576700000000.0 16323300000000.0 2368180.0 112594000.0 495955000.0 46340600000.0 -4.9 4.544 [-4.9]
30903000000000.0 9.46641e+17 2764870000.0 383372000000.0 1259820000000.0 62706100000.0 1072890000000.0 16393.8 165535000000.0 10947900000000.0 14700500000000.0 2797480.0 130209000.0 554777000.0 49109300000.0 -4.88 4.539 [-4.88]
30903000000000.0 8.96877e+17 2986390000.0 402853000000.0 1273820000000.0 66505900000.0 1053080000000.0 18341.8 176165000000.0 10330700000000.0 13213600000000.0 3298250.0 150340000.0 619611000.0 51966700000.0 -4.86 4.535 [-4.86]
30903000000000.0 8.49827e+17 3222240000.0 422828000000.0 1286530000000.0 70446600000.0 1031910000000.0 20514.2 187206000000.0 9727110000000.0 11853900000000.0 3881180.0 173310000.0 690980000.0 54909800000.0 -4.84 4.53 [-4.84]
30903000000000.0 8.05337e+17 3473070000.0 443281000000.0 1297920000000.0 74523700000.0 1009430000000.0 22936.1 198648000000.0 9138800000000.0 10613300000000.0 4558380.0 199474000.0 769412000.0 57934500000.0 -4.82 4.526 [-4.82]
30903000000000.0 7.63254e+17 3739490000.0 464185000000.0 1307970000000.0 78730700000.0 985718000000.0 25634.6 210478000000.0 8567440000000.0 9484080000000.0 5343500.0 229229000.0 855468000.0 61035900000.0 -4.8 4.522 [-4.8]
30903000000000.0 7.23436e+17 4022070000.0 485514000000.0 1316630000000.0 83059600000.0 960862000000.0 28639.8 222679000000.0 8014400000000.0 8458430000000.0 6251860.0 263010000.0 949741000.0 64208600000.0 -4.78 4.518 [-4.78]
30903000000000.0 6.85754e+17 4321380000.0 507236000000.0 1323890000000.0 87501200000.0 934945000000.0 31985.0 235231000000.0 7480920000000.0 7529030000000.0 7300630.0 301299000.0 1052850000.0 67446300000.0 -4.76 4.513 [-4.76]
30903000000000.0 6.50084e+17 4637950000.0 529315000000.0 1329710000000.0 92045100000.0 908061000000.0 35707.6 248115000000.0 6968000000000.0 6688750000000.0 8509040.0 344623000.0 1165450000.0 70742300000.0 -4.74 4.509 [-4.74]
30903000000000.0 6.16315e+17 4972310000.0 551711000000.0 1334070000000.0 96679400000.0 880310000000.0 39849.1 261308000000.0 6476480000000.0 5930820000000.0 9898460.0 393561000.0 1288200000.0 74088600000.0 -4.72 4.505 [-4.72]
30903000000000.0 5.84338e+17 5324930000.0 574383000000.0 1336950000000.0 101391000000.0 851796000000.0 44456.4 274787000000.0 6006950000000.0 5248740000000.0 11492700.0 448747000.0 1421790000.0 77476700000.0 -4.7 4.501 [-4.7]
30903000000000.0 5.54045e+17 5695980000.0 597272000000.0 1338320000000.0 106164000000.0 822628000000.0 49577.1 288519000000.0 5559820000000.0 4636210000000.0 13317800.0 510869000.0 1566990000.0 80898000000.0 -4.68 4.497 [-4.68]
30903000000000.0 5.25347e+17 6085910000.0 620328000000.0 1338170000000.0 110982000000.0 792918000000.0 55270.4 302481000000.0 5135340000000.0 4087450000000.0 15402900.0 580678000.0 1724530000.0 84342100000.0 -4.66 4.493 [-4.66]
30903000000000.0 4.98159e+17 6495070000.0 643498000000.0 1336490000000.0 115831000000.0 762785000000.0 61602.2 316647000000.0 4733590000000.0 3596920000000.0 17780100.0 658988000.0 1895140000.0 87798300000.0 -4.64 4.489 [-4.64]
30903000000000.0 4.72398e+17 6923700000.0 666719000000.0 1333260000000.0 120694000000.0 732348000000.0 68645.1 330988000000.0 4354480000000.0 3159450000000.0 20484200.0 746677000.0 2079620000.0 91255100000.0 -4.62 4.485 [-4.62]
30903000000000.0 4.47986e+17 7371920000.0 689924000000.0 1328460000000.0 125551000000.0 701724000000.0 76480.9 345475000000.0 3997750000000.0 2770110000000.0 23553800.0 844694000.0 2278730000.0 94700600000.0 -4.6 4.481 [-4.6]
30903000000000.0 4.2485e+17 7840230000.0 713058000000.0 1322110000000.0 130388000000.0 671027000000.0 85208.8 360087000000.0 3662980000000.0 2424380000000.0 27031800.0 954081000.0 2493260000.0 98122200000.0 -4.58 4.477 [-4.58]
30903000000000.0 4.02926e+17 8328050000.0 736026000000.0 1314180000000.0 135182000000.0 640386000000.0 94923.2 374779000000.0 3349820000000.0 2118100000000.0 30961600.0 1075880000.0 2723950000.0 101506000000.0 -4.56 4.474 [-4.56]
30903000000000.0 3.82148e+17 8835250000.0 758749000000.0 1304700000000.0 139913000000.0 609914000000.0 105742.0 389522000000.0 3057640000000.0 1847330000000.0 35392100.0 1211250000.0 2971580000.0 104837000000.0 -4.54 4.47 [-4.54]
30903000000000.0 3.62454e+17 9362360000.0 781171000000.0 1293650000000.0 144569000000.0 579712000000.0 117809.0 404301000000.0 2785670000000.0 1608420000000.0 40378900.0 1361480000.0 3236880000.0 108102000000.0 -4.52 4.466 [-4.52]
30903000000000.0 3.43785e+17 9908680000.0 803192000000.0 1281060000000.0 149127000000.0 549888000000.0 131270.0 419077000000.0 2533200000000.0 1398050000000.0 45977800.0 1527840000.0 3520580000.0 111286000000.0 -4.5 4.462 [-4.5]
30903000000000.0 3.2609e+17 10473800000.0 824726000000.0 1266940000000.0 153570000000.0 520546000000.0 146294.0 433819000000.0 2299450000000.0 1213200000000.0 52249300.0 1711710000.0 3823340000.0 114374000000.0 -4.48 4.458 [-4.48]
30903000000000.0 3.09316e+17 11057400000.0 845691000000.0 1251310000000.0 157881000000.0 491772000000.0 163078.0 448501000000.0 2083530000000.0 1051080000000.0 59260100.0 1914560000.0 4145790000.0 117350000000.0 -4.46 4.454 [-4.46]
30903000000000.0 2.93412e+17 11659200000.0 866005000000.0 1234200000000.0 162045000000.0 463646000000.0 181849.0 463099000000.0 1884510000000.0 909153000000.0 67082100.0 2137940000.0 4488530000.0 120198000000.0 -4.44 4.45 [-4.44]
30903000000000.0 2.78342e+17 12277400000.0 885544000000.0 1215650000000.0 166040000000.0 436269000000.0 202827.0 477565000000.0 1701660000000.0 785220000000.0 75779000.0 2383230000.0 4851890000.0 122902000000.0 -4.42 4.447 [-4.42]
30903000000000.0 2.64054e+17 12912400000.0 904257000000.0 1195690000000.0 169858000000.0 409684000000.0 226325.0 491891000000.0 1533890000000.0 677120000000.0 85438700.0 2652260000.0 5236400000.0 125448000000.0 -4.4 4.443 [-4.4]
30903000000000.0 2.50511e+17 13563200000.0 922047000000.0 1174370000000.0 173485000000.0 383960000000.0 252652.0 506043000000.0 1380370000000.0 583036000000.0 96139400.0 2946620000.0 5642240000.0 127818000000.0 -4.38 4.439 [-4.38]
30903000000000.0 2.37672e+17 14228300000.0 938816000000.0 1151750000000.0 176904000000.0 359145000000.0 282163.0 519992000000.0 1240170000000.0 501285000000.0 107965000.0 3268010000.0 6069650000.0 129999000000.0 -4.36 4.435 [-4.36]
30903000000000.0 2.25502e+17 14906900000.0 954488000000.0 1127890000000.0 180108000000.0 335283000000.0 315270.0 533712000000.0 1112420000000.0 430380000000.0 121005000.0 3618150000.0 6518580000.0 131974000000.0 -4.34 4.432 [-4.34]
30903000000000.0 2.13967e+17 15597900000.0 968984000000.0 1102850000000.0 183086000000.0 312405000000.0 352435.0 547178000000.0 996258000000.0 368988000000.0 135349000.0 3998760000.0 6988860000.0 133731000000.0 -4.32 4.428 [-4.32]
30903000000000.0 2.03031e+17 16299400000.0 982209000000.0 1076700000000.0 185826000000.0 290533000000.0 394167.0 560359000000.0 890833000000.0 315911000000.0 151091000.0 4411520000.0 7480330000.0 135254000000.0 -4.3 4.424 [-4.3]
30903000000000.0 1.92663e+17 17010000000.0 994097000000.0 1049530000000.0 188321000000.0 269684000000.0 441056.0 573230000000.0 795345000000.0 270100000000.0 168323000.0 4858110000.0 7992410000.0 136532000000.0 -4.28 4.421 [-4.28]
30903000000000.0 1.82829e+17 17728700000.0 1004590000000.0 1021410000000.0 190566000000.0 249856000000.0 493787.0 585773000000.0 708985000000.0 230607000000.0 187153000.0 5340300000.0 8524590000.0 137552000000.0 -4.26 4.417 [-4.26]
30903000000000.0 1.73511e+17 18453000000.0 1013610000000.0 992456000000.0 192555000000.0 231068000000.0 553061.0 597952000000.0 631098000000.0 196642000000.0 207655000.0 5859270000.0 9075610000.0 138303000000.0 -4.24 4.413 [-4.24]
30903000000000.0 1.64677e+17 19181400000.0 1021110000000.0 962751000000.0 194282000000.0 213305000000.0 619733.0 609749000000.0 560951000000.0 167464000000.0 229932000.0 6416540000.0 9644450000.0 138776000000.0 -4.22 4.41 [-4.22]
30903000000000.0 1.56306e+17 19911600000.0 1027050000000.0 932415000000.0 195746000000.0 196564000000.0 694707.0 621135000000.0 497920000000.0 142445000000.0 254058000.0 7013070000.0 10229500000.0 138963000000.0 -4.2 4.406 [-4.2]
30903000000000.0 1.48365e+17 20642500000.0 1031390000000.0 901516000000.0 196945000000.0 180808000000.0 779114.0 632096000000.0 441319000000.0 121001000000.0 280148000.0 7650380000.0 10829500000.0 138856000000.0 -4.18 4.403 [-4.18]
30903000000000.0 1.40835e+17 21371600000.0 1034100000000.0 870177000000.0 197877000000.0 166024000000.0 874110.0 642605000000.0 390607000000.0 102657000000.0 308268000.0 8329010000.0 11442300000.0 138451000000.0 -4.16 4.399 [-4.16]
30903000000000.0 1.33694e+17 22096600000.0 1035160000000.0 838509000000.0 198542000000.0 152186000000.0 981028.0 652639000000.0 345246000000.0 86985900000.0 338487000.0 9049410000.0 12065600000.0 137742000000.0 -4.14 4.396 [-4.14]
30903000000000.0 1.26922e+17 22815700000.0 1034560000000.0 806620000000.0 198942000000.0 139263000000.0 1101370.0 662178000000.0 304738000000.0 73616200000.0 370868000.0 9811760000.0 12696800000.0 136729000000.0 -4.12 4.392 [-4.12]
30903000000000.0 1.205e+17 23526700000.0 1032320000000.0 774620000000.0 199079000000.0 127222000000.0 1236820.0 671202000000.0 268620000000.0 62224900000.0 405462000.0 10615800000.0 13333200000.0 135411000000.0 -4.1 4.389 [-4.1]
30903000000000.0 1.14409e+17 24227800000.0 1028440000000.0 742618000000.0 198956000000.0 116028000000.0 1389250.0 679690000000.0 236467000000.0 52532300000.0 442303000.0 11460900000.0 13971500000.0 133790000000.0 -4.08 4.385 [-4.08]
30903000000000.0 1.08631e+17 24916500000.0 1022940000000.0 710720000000.0 198577000000.0 105645000000.0 1560770.0 687622000000.0 207887000000.0 44295100000.0 481407000.0 12345800000.0 14608200000.0 131871000000.0 -4.06 4.382 [-4.06]
30903000000000.0 1.0315e+17 25590700000.0 1015860000000.0 679029000000.0 197945000000.0 96034200000.0 1753730.0 694979000000.0 182520000000.0 37303600000.0 522771000.0 13268800000.0 15239800000.0 129658000000.0 -4.04 4.379 [-4.04]
30903000000000.0 9.79501e+16 26248500000.0 1007240000000.0 647647000000.0 197066000000.0 87156600000.0 1970760.0 701742000000.0 160039000000.0 31376800000.0 566368000.0 14227600000.0 15862200000.0 127160000000.0 -4.02 4.375 [-4.02]
30903000000000.0 9.30158e+16 26888000000.0 997139000000.0 616666000000.0 195947000000.0 78973200000.0 2214790.0 707893000000.0 140142000000.0 26358800000.0 612151000.0 15219200000.0 16471200000.0 124388000000.0 -4.0 4.372 [-4.0]
30903000000000.0 8.83335e+16 27507200000.0 985606000000.0 586177000000.0 194593000000.0 71444800000.0 2489080.0 713414000000.0 122559000000.0 22115400000.0 660041000.0 16240000000.0 17062400000.0 121354000000.0 -3.98 4.369 [-3.98]
30903000000000.0 8.38897e+16 28104600000.0 972717000000.0 556261000000.0 193013000000.0 64532500000.0 2797290.0 718290000000.0 107040000000.0 18531400000.0 709936000.0 17285700000.0 17631300000.0 118072000000.0 -3.96 4.365 [-3.96]
30903000000000.0 7.9668e+16 28679100000.0 958529000000.0 526967000000.0 191212000000.0 58192400000.0 3143750.0 722503000000.0 93352100000.0 15505700000.0 761756000.0 18352000000.0 18173300000.0 114557000000.0 -3.94 4.362 [-3.94]
30903000000000.0 7.56644e+16 29228300000.0 943158000000.0 498421000000.0 189202000000.0 52399100000.0 3532430.0 726038000000.0 81316400000.0 12959000000.0 815231000.0 19432000000.0 18683400000.0 110834000000.0 -3.92 4.359 [-3.92]
30903000000000.0 7.18639e+16 29751900000.0 926680000000.0 470655000000.0 186993000000.0 47110100000.0 3968610.0 728882000000.0 70737900000.0 10816000000.0 870223000.0 20519900000.0 19157200000.0 106920000000.0 -3.9 4.355 [-3.9]
30903000000000.0 6.82558e+16 30248600000.0 909185000000.0 443722000000.0 184591000000.0 42290500000.0 4457800.0 731020000000.0 61452900000.0 9015180000.0 926508000.0 21609000000.0 19590000000.0 102839000000.0 -3.88 4.352 [-3.88]
30903000000000.0 6.48302e+16 30717100000.0 890763000000.0 417671000000.0 182008000000.0 37906900000.0 5006110.0 732438000000.0 53314700000.0 7503800000.0 983816000.0 22691500000.0 19977700000.0 98615100000.0 -3.86 4.349 [-3.86]
30903000000000.0 6.1577e+16 31157500000.0 871514000000.0 392533000000.0 179253000000.0 33926400000.0 5620410.0 733125000000.0 46189900000.0 6236840000.0 1041890000.0 23759700000.0 20315900000.0 94273000000.0 -3.84 4.345 [-3.84]
30903000000000.0 5.84879e+16 31569100000.0 851537000000.0 368341000000.0 176338000000.0 30318500000.0 6308170.0 733071000000.0 39961500000.0 5176290000.0 1100430000.0 24805300000.0 20601000000.0 89840300000.0 -3.82 4.342 [-3.82]
30903000000000.0 5.55578e+16 31951700000.0 830961000000.0 345144000000.0 173278000000.0 27057800000.0 7076890.0 732274000000.0 34530000000.0 4290620000.0 1159050000.0 25819700000.0 20830000000.0 85349500000.0 -3.8 4.339 [-3.8]
30903000000000.0 5.27716e+16 32305300000.0 809821000000.0 322902000000.0 170075000000.0 24109100000.0 7937070.0 730710000000.0 29788900000.0 3550360000.0 1217550000.0 26794800000.0 20999600000.0 80817900000.0 -3.78 4.335 [-3.78]
30903000000000.0 5.01218e+16 32630100000.0 788208000000.0 301624000000.0 166738000000.0 21447100000.0 8899070.0 728367000000.0 25656400000.0 2932590000.0 1275610000.0 27722300000.0 21107300000.0 76272500000.0 -3.76 4.332 [-3.76]
30903000000000.0 4.76084e+16 32926300000.0 766282000000.0 281365000000.0 163291000000.0 19054000000.0 9971970.0 725264000000.0 22068400000.0 2419010000.0 1332750000.0 28593400000.0 21152600000.0 71752400000.0 -3.74 4.329 [-3.74]
30903000000000.0 4.52246e+16 33194700000.0 744138000000.0 262120000000.0 159747000000.0 16906300000.0 11167300.0 721401000000.0 18957200000.0 1992640000.0 1388630000.0 29400900000.0 21134800000.0 67284100000.0 -3.72 4.325 [-3.72]
30903000000000.0 4.29571e+16 33435600000.0 721787000000.0 243828000000.0 156103000000.0 14976800000.0 12500700.0 716750000000.0 16256400000.0 1638310000.0 1443110000.0 30137700000.0 21052800000.0 62881200000.0 -3.7 4.322 [-3.7]
30903000000000.0 4.08001e+16 33649800000.0 699307000000.0 226475000000.0 152371000000.0 13246400000.0 13987100.0 711306000000.0 13915500000.0 1344360000.0 1495890000.0 30797300000.0 20906800000.0 58567200000.0 -3.68 4.318 [-3.68]
30903000000000.0 3.87578e+16 33838600000.0 676895000000.0 210118000000.0 148583000000.0 11703600000.0 15636600.0 705130000000.0 11897900000.0 1101850000.0 1546450000.0 31374900000.0 20700800000.0 54381400000.0 -3.66 4.315 [-3.66]
30903000000000.0 3.68148e+16 34002300000.0 654500000000.0 194660000000.0 144729000000.0 10324200000.0 17471600.0 698171000000.0 10154000000.0 901257000.0 1594820000.0 31865500000.0 20434400000.0 50325400000.0 -3.64 4.312 [-3.64]
