Cloudy_runs/3C263/component_I_PI_nH/component_I_PI_nH_col_density_param.txt
# %ECSV 1.0
# ---
# datatype:
# - {name: H, datatype: float64}
# - {name: H+, datatype: float64}
# - {name: C+, datatype: float64}
# - {name: C+2, datatype: float64}
# - {name: C+3, datatype: float64}
# - {name: N+2, datatype: float64}
# - {name: N+4, datatype: float64}
# - {name: O, datatype: float64}
# - {name: O+2, datatype: float64}
# - {name: O+5, datatype: float64}
# - {name: O+6, datatype: float64}
# - {name: Si+, datatype: float64}
# - {name: Si+2, datatype: float64}
# - {name: Si+3, datatype: float64}
# - {name: Si+4, datatype: float64}
# - {name: log_nH, datatype: float64}
# - {name: log_Te, datatype: float64}
# - {name: parameters, datatype: string, subtype: 'float64[1]'}
# schema: astropy-2.0
H H+ C+ C+2 C+3 N+2 N+4 O O+2 O+5 O+6 Si+ Si+2 Si+3 Si+4 log_nH log_Te parameters
[from data line 70]
30903000000000.0 3.32164e+16 34259100000.0 610137000000.0 166414000000.0 136890000000.0 8000900000.0 21767000.0 682001000000.0 7358680000.0 599730000.0 1683930000.0 32574100000.0 19735200000.0 42685100000.0 -3.6 4.305 [-3.6]
30903000000000.0 3.15515e+16 34354100000.0 588284000000.0 153569000000.0 132925000000.0 7029050000.0 24268600.0 672815000000.0 6248380000.0 487877000.0 1724390000.0 32788800000.0 19309700000.0 39126500000.0 -3.58 4.301 [-3.58]
30903000000000.0 2.99703e+16 34428600000.0 566721000000.0 141534000000.0 128944000000.0 6167060000.0 27036100.0 662921000000.0 5296370000.0 396145000.0 1762010000.0 32910500000.0 18839200000.0 35754800000.0 -3.56 4.298 [-3.56]
30903000000000.0 2.84658e+16 34483000000.0 545445000000.0 130257000000.0 124949000000.0 5402470000.0 30098400.0 652307000000.0 4480200000.0 320940000.0 1796840000.0 32939100000.0 18327300000.0 32571200000.0 -3.54 4.295 [-3.54]
30903000000000.0 2.70395e+16 34518700000.0 524579000000.0 119745000000.0 120964000000.0 4727540000.0 33474000.0 641055000000.0 3783950000.0 259594000.0 1828690000.0 32878800000.0 17781500000.0 29588500000.0 -3.52 4.291 [-3.52]
30903000000000.0 2.56849e+16 34536400000.0 504115000000.0 109944000000.0 116990000000.0 4131650000.0 37194900.0 629163000000.0 3190030000.0 209562000.0 1857690000.0 32731900000.0 17205800000.0 26802800000.0 -3.5 4.288 [-3.5]
30903000000000.0 2.43983e+16 34537100000.0 484082000000.0 100819000000.0 113036000000.0 3606330000.0 41291000.0 616662000000.0 2684300000.0 168837000.0 1883920000.0 32502300000.0 16605300000.0 24212600000.0 -3.48 4.284 [-3.48]
30903000000000.0 2.31764e+16 34521700000.0 464503000000.0 92336500000.0 109109000000.0 3143900000.0 45794300.0 603584000000.0 2254460000.0 135754000.0 1907490000.0 32194700000.0 15985200000.0 21814700000.0 -3.46 4.281 [-3.46]
30903000000000.0 2.20159e+16 34490900000.0 445399000000.0 84462900000.0 105217000000.0 2737430000.0 50738500.0 589965000000.0 1889810000.0 108932000.0 1928510000.0 31814400000.0 15350400000.0 19604000000.0 -3.44 4.277 [-3.44]
30903000000000.0 2.09137e+16 34445500000.0 426788000000.0 77165100000.0 101366000000.0 2380670000.0 56159300.0 575842000000.0 1581040000.0 87231700.0 1947140000.0 31367100000.0 14705700000.0 17574100000.0 -3.42 4.274 [-3.42]
30903000000000.0 1.9867e+16 34386300000.0 408680000000.0 70410400000.0 97562900000.0 2067980000.0 62094400.0 561256000000.0 1320110000.0 69710800.0 1963570000.0 30858700000.0 14055700000.0 15717200000.0 -3.4 4.27 [-3.4]
30903000000000.0 1.88729e+16 34313900000.0 391087000000.0 64167500000.0 93813500000.0 1794290000.0 68583100.0 546250000000.0 1100040000.0 55594000.0 1977960000.0 30295400000.0 13404500000.0 14024800000.0 -3.38 4.267 [-3.38]
30903000000000.0 1.79289e+16 34229000000.0 374016000000.0 58405500000.0 90122800000.0 1555070000.0 75666700.0 530868000000.0 914797000.0 44243900.0 1990500000.0 29683500000.0 12756100000.0 12487700000.0 -3.36 4.263 [-3.36]
30903000000000.0 1.70343e+16 34132600000.0 357509000000.0 53105200000.0 86504100000.0 1346640000.0 83376300.0 515198000000.0 759459000.0 35153000.0 2001320000.0 29031400000.0 12115500000.0 11098500000.0 -3.34 4.26 [-3.34]
30903000000000.0 1.61809e+16 34023600000.0 341451000000.0 48206900000.0 82935800000.0 1164230000.0 91792000.0 499160000000.0 628754000.0 27848100.0 2010840000.0 28338300000.0 11481100000.0 9840470000.0 -3.32 4.256 [-3.32]
30903000000000.0 1.53723e+16 33904000000.0 325958000000.0 43714100000.0 79447100000.0 1005740000.0 100925000.0 482928000000.0 519636000.0 22024600.0 2019000000.0 27616900000.0 10860400000.0 8710620000.0 -3.3 4.253 [-3.3]
30903000000000.0 1.46044e+16 33773600000.0 310990000000.0 39590300000.0 76033000000.0 867935000.0 110833000.0 466508000000.0 428551000.0 17382600.0 2026090000.0 26870500000.0 10254100000.0 7696890000.0 -3.28 4.249 [-3.28]
30903000000000.0 1.38768e+16 33633500000.0 296577000000.0 35818000000.0 72704100000.0 748473000.0 121549000.0 449993000000.0 352811000.0 13696800.0 2032190000.0 26106900000.0 9665660000.0 6791290000.0 -3.26 4.246 [-3.26]
30903000000000.0 1.31843e+16 33482900000.0 282643000000.0 32357400000.0 69446600000.0 644623000.0 133155000.0 433343000000.0 289729000.0 10765400.0 2037610000.0 25326100000.0 9093820000.0 5981410000.0 -3.24 4.242 [-3.24]
30903000000000.0 1.25266e+16 33322600000.0 269219000000.0 29194200000.0 66270800000.0 554646000.0 145683000.0 416651000000.0 237414000.0 8444220.0 2042440000.0 24535200000.0 8541370000.0 5260240000.0 -3.22 4.239 [-3.22]
30903000000000.0 1.19021e+16 33152700000.0 256295000000.0 26306700000.0 63178100000.0 476773000.0 159185000.0 399961000000.0 194123000.0 6609980.0 2046810000.0 23738400000.0 8009370000.0 4619430000.0 -3.2 4.235 [-3.2]
30903000000000.0 1.1309e+16 32973200000.0 243861000000.0 23674600000.0 60169200000.0 409448000.0 173710000.0 383317000000.0 158376000.0 5163630.0 2050840000.0 22939000000.0 7498600000.0 4051200000.0 -3.18 4.232 [-3.18]
30903000000000.0 1.07445e+16 32784100000.0 231881000000.0 21273800000.0 57238700000.0 351199000.0 189329000.0 366726000000.0 128878000.0 4023860.0 2054700000.0 22138700000.0 7008300000.0 3547510000.0 -3.16 4.228 [-3.16]
30903000000000.0 1.02097e+16 32586400000.0 220404000000.0 19096400000.0 54401000000.0 301055000.0 206045000.0 350311000000.0 104682000.0 3130910.0 2058360000.0 21344800000.0 6541280000.0 3103420000.0 -3.14 4.225 [-3.14]
30903000000000.0 9701860000000000.0 32379600000.0 209387000000.0 17119900000.0 51649100000.0 257840000.0 223925000.0 334069000000.0 84837800.0 2431340.0 2061960000.0 20557700000.0 6096360000.0 2711820000.0 -3.12 4.222 [-3.12]
30903000000000.0 9219590000000000.0 32163800000.0 198819000000.0 15328400000.0 48983100000.0 220631000.0 243011000.0 318040000000.0 68600900.0 1884440.0 2065550000.0 19779800000.0 5673500000.0 2367050000.0 -3.1 4.218 [-3.1]
30903000000000.0 8761620000000000.0 31939200000.0 188690000000.0 13706800000.0 46403100000.0 188626000.0 263340000.0 302260000000.0 55346300.0 1457790.0 2069200000.0 19013000000.0 5272460000.0 2063990000.0 -3.08 4.215 [-3.08]
30903000000000.0 8327800000000000.0 31706500000.0 179013000000.0 12244200000.0 43914600000.0 161174000.0 284915000.0 286801000000.0 44569500.0 1126190.0 2072860000.0 18261400000.0 4893830000.0 1798440000.0 -3.06 4.211 [-3.06]
30903000000000.0 7913680000000000.0 31463300000.0 169699000000.0 10918200000.0 41498800000.0 137506000.0 307864000.0 271578000000.0 35778600.0 867533.0 2076780000.0 17519700000.0 4534440000.0 1564760000.0 -3.04 4.208 [-3.04]
30903000000000.0 7522410000000000.0 31212900000.0 160835000000.0 9728400000.0 39179000000.0 117285000.0 332071000.0 256771000000.0 28679200.0 667749.0 2080680000.0 16797700000.0 4197310000.0 1360940000.0 -3.02 4.205 [-3.02]
30903000000000.0 7149870000000000.0 30953200000.0 152337000000.0 8655140000.0 36937200000.0 99915600.0 357657000.0 242298000000.0 22925700.0 512812.0 2084750000.0 16090300000.0 3879270000.0 1182360000.0 -3.0 4.201 [-3.0]
30903000000000.0 6796090000000000.0 30684700000.0 144218000000.0 7690630000.0 34778400000.0 85041600.0 384592000.0 228219000000.0 18283600.0 393147.0 2088930000.0 15400200000.0 3580530000.0 1026380000.0 -2.98 4.198 [-2.98]
30903000000000.0 6460100000000000.0 30407700000.0 136464000000.0 6825070000.0 32701600000.0 72314800.0 412875000.0 214554000000.0 14547200.0 300899.0 2093170000.0 14728200000.0 3300400000.0 890272000.0 -2.96 4.195 [-2.96]
30903000000000.0 6141020000000000.0 30122100000.0 129063000000.0 6049420000.0 30706000000.0 61434700.0 442491000.0 201324000000.0 11547000.0 229919.0 2097470000.0 14074500000.0 3038180000.0 771634000.0 -2.94 4.191 [-2.94]
30903000000000.0 5837980000000000.0 29828000000.0 122004000000.0 5355330000.0 28790400000.0 52140900.0 473416000.0 188545000000.0 9143790.0 175403.0 2101760000.0 13439700000.0 2793120000.0 668319000.0 -2.92 4.188 [-2.92]
30903000000000.0 5550160000000000.0 29525500000.0 115275000000.0 4735100000.0 26954000000.0 44209000.0 505614000.0 176231000000.0 7223430.0 133607.0 2106000000.0 12823800000.0 2564460000.0 578427000.0 -2.9 4.185 [-2.9]
30903000000000.0 5276800000000000.0 29214600000.0 108863000000.0 4181650000.0 25195700000.0 37445300.0 539037000.0 164395000000.0 5692720.0 101620.0 2110140000.0 12227000000.0 2351470000.0 500285000.0 -2.88 4.182 [-2.88]
30903000000000.0 5016520000000000.0 28894700000.0 102742000000.0 3687490000.0 23510800000.0 31672300.0 573674000.0 153020000000.0 4473630.0 77140.5 2114150000.0 11647800000.0 2152890000.0 432293000.0 -2.86 4.178 [-2.86]
30903000000000.0 4770570000000000.0 28568400000.0 96946400000.0 3249630000.0 21909300000.0 26777800.0 609297000.0 142189000000.0 3510230.0 58538.4 2117820000.0 11090700000.0 1969380000.0 373503000.0 -2.84 4.175 [-2.84]
30903000000000.0 4535770000000000.0 28232500000.0 91405600000.0 2858900000.0 20375800000.0 22599100.0 646027000.0 131811000000.0 2745280.0 44318.8 2121270000.0 10549600000.0 1798400000.0 322329000.0 -2.82 4.172 [-2.82]
30903000000000.0 4313890000000000.0 27890600000.0 86165700000.0 2513620000.0 18922700000.0 19063000.0 683552000.0 121978000000.0 2143770.0 0.0 2124240000.0 10030200000.0 1640890000.0 278146000.0 -2.8 4.169 [-2.8]
30903000000000.0 4102560000000000.0 27540100000.0 81173700000.0 2206930000.0 17538800000.0 16055300.0 721925000.0 112624000000.0 1669290.0 0.0 2126790000.0 9527900000.0 1494920000.0 239806000.0 -2.78 4.166 [-2.78]
30903000000000.0 3901820000000000.0 27182300000.0 76433300000.0 1935500000.0 16226300000.0 13505200.0 760969000.0 103770000000.0 1296740.0 0.0 2128790000.0 9043890000.0 1360190000.0 206626000.0 -2.76 4.163 [-2.76]
30903000000000.0 3711120000000000.0 26817200000.0 71934300000.0 1695590000.0 14983800000.0 11345600.0 800554000.0 95411600000.0 1004950.0 0.0 2130160000.0 8577890000.0 1236040000.0 177930000.0 -2.74 4.16 [-2.74]
30903000000000.0 3529960000000000.0 26445200000.0 67666700000.0 1483800000.0 13810000000.0 9518640.0 840545000.0 87542100000.0 776989.0 0.0 2130820000.0 8129620000.0 1121790000.0 153129000.0 -2.72 4.157 [-2.72]
30903000000000.0 3357860000000000.0 26066600000.0 63621100000.0 1297100000.0 12703500000.0 7975090.0 880794000.0 80154000000.0 599356.0 0.0 2130680000.0 7698770000.0 1016830000.0 131708000.0 -2.7 4.154 [-2.7]
30903000000000.0 3194330000000000.0 25681500000.0 59787500000.0 1132690000.0 11662600000.0 6672480.0 921158000.0 73236100000.0 461272.0 0.0 2129680000.0 7284930000.0 920540000.0 113217000.0 -2.68 4.151 [-2.68]
30903000000000.0 3038560000000000.0 25289200000.0 56147600000.0 987810000.0 10683600000.0 5572730.0 961545000.0 66763600000.0 354037.0 0.0 2127740000.0 6886700000.0 832128000.0 97236300.0 -2.66 4.148 [-2.66]
30903000000000.0 2890960000000000.0 24892300000.0 52712300000.0 860852000.0 9769210000.0 4649190.0 1001690000.0 60750900000.0 271267.0 0.0 2124750000.0 6505990000.0 751472000.0 83488200.0 -2.64 4.145 [-2.64]
30903000000000.0 2751100000000000.0 24491100000.0 49471700000.0 749702000.0 8917050000.0 3874450.0 1041440000.0 55180100000.0 207506.0 0.0 2120670000.0 6142320000.0 677987000.0 71664700.0 -2.62 4.142 [-2.62]
30903000000000.0 2617450000000000.0 24082500000.0 46390800000.0 651872000.0 8119590000.0 3221690.0 1080840000.0 49999600000.0 158245.0 0.0 2115450000.0 5792160000.0 610639000.0 61442500.0 -2.6 4.14 [-2.6]
30903000000000.0 2491170000000000.0 23671600000.0 43496300000.0 566627000.0 7381930000.0 2676950.0 1119510000.0 45237300000.0 120558.0 0.0 2109000000.0 5459290000.0 549623000.0 52681600.0 -2.58 4.137 [-2.58]
30903000000000.0 2370470000000000.0 23254000000.0 40747100000.0 491761000.0 6695130000.0 2219330.0 1157560000.0 40832700000.0 91574.3 0.0 2101280000.0 5139290000.0 493863000.0 45115100.0 -2.56 4.134 [-2.56]
30903000000000.0 2256430000000000.0 22835100000.0 38167600000.0 426681000.0 6063180000.0 1838650.0 1194650000.0 36806000000.0 69502.0 0.0 2092260000.0 4835700000.0 443498000.0 38639000.0 -2.54 4.131 [-2.54]
30903000000000.0 2147710000000000.0 22411400000.0 35727200000.0 369768000.0 5479160000.0 1520460.0 1230830000.0 33109300000.0 52628.6 0.0 2081870000.0 4545230000.0 397713000.0 33063100.0 -2.52 4.129 [-2.52]
30903000000000.0 2044390000000000.0 21984800000.0 33426700000.0 320173000.0 4942150000.0 1255520.0 1265970000.0 29732400000.0 39784.2 0.0 2070100000.0 4268470000.0 356265000.0 28276100.0 -2.5 4.126 [-2.5]
30903000000000.0 1945870000000000.0 21554200000.0 31252500000.0 276900000.0 4448510000.0 1034840.0 1300020000.0 26648500000.0 30009.4 0.0 2056890000.0 4004180000.0 318698000.0 24160100.0 -2.48 4.124 [-2.48]
30903000000000.0 1852530000000000.0 21122900000.0 29211800000.0 239366000.0 3998070000.0 852114.0 1332820000.0 23852100000.0 22614.8 0.0 2042280000.0 3753700000.0 284879000.0 20639200.0 -2.46 4.121 [-2.46]
30903000000000.0 1763790000000000.0 20690000000.0 27291300000.0 206758000.0 3587100000.0 700706.0 1364360000.0 21316500000.0 17018.3 0.0 2026230000.0 3515750000.0 254391000.0 17621900.0 -2.44 4.118 [-2.44]
30903000000000.0 1679440000000000.0 20255900000.0 25485100000.0 178457000.0 3213060000.0 575445.0 1394610000.0 19022400000.0 12790.0 0.0 2008750000.0 3289950000.0 226941000.0 15037700.0 -2.42 4.116 [-2.42]
30903000000000.0 1599240000000000.0 19821200000.0 23787400000.0 153917000.0 2873470000.0 471981.0 1423530000.0 16951700000.0 0.0 0.0 1989850000.0 3075900000.0 202262000.0 12825900.0 -2.4 4.113 [-2.4]
30903000000000.0 1523000000000000.0 19386400000.0 22192600000.0 132658000.0 2565890000.0 386650.0 1451090000.0 15086400000.0 0.0 0.0 1969540000.0 2873220000.0 180102000.0 10933800.0 -2.38 4.111 [-2.38]
30903000000000.0 1450500000000000.0 18951700000.0 20695100000.0 114256000.0 2287910000.0 316373.0 1477310000.0 13409500000.0 0.0 0.0 1947860000.0 2681480000.0 160226000.0 9316000.0 -2.36 4.108 [-2.36]
30903000000000.0 1381580000000000.0 18518000000.0 19290200000.0 98344700.0 2037300000.0 258589.0 1502180000.0 11905200000.0 0.0 0.0 1924840000.0 2500360000.0 142425000.0 7933960.0 -2.34 4.106 [-2.34]
30903000000000.0 1316040000000000.0 18085500000.0 17972700000.0 84596300.0 1811800000.0 211138.0 1525700000.0 10557900000.0 0.0 0.0 1900520000.0 2329420000.0 126500000.0 6753810.0 -2.32 4.104 [-2.32]
30903000000000.0 1253720000000000.0 17654700000.0 16738100000.0 72726900.0 1609310000.0 172225.0 1547910000.0 9353520000.0 0.0 0.0 1874950000.0 2168290000.0 112270000.0 5746680.0 -2.3 4.101 [-2.3]
30903000000000.0 1194450000000000.0 17226200000.0 15581700000.0 62487900.0 1427840000.0 140355.0 1568820000.0 8278590000.0 0.0 0.0 1848200000.0 2016570000.0 99569100.0 4887680.0 -2.28 4.099 [-2.28]
30903000000000.0 1138090000000000.0 16800300000.0 14499100000.0 53661800.0 1265500000.0 114284.0 1588470000.0 7320680000.0 0.0 0.0 1820320000.0 1873880000.0 88244800.0 4155430.0 -2.26 4.097 [-2.26]
30903000000000.0 1084490000000000.0 16377500000.0 13486400000.0 46059500.0 1120530000.0 92982.5 1606900000.0 6468310000.0 0.0 0.0 1791380000.0 1739840000.0 78159000.0 3531590.0 -2.24 4.094 [-2.24]
30903000000000.0 1033740000000000.0 15960300000.0 12543800000.0 39537000.0 991684000.0 75643.6 1624110000.0 5713200000.0 0.0 0.0 1761590000.0 1614660000.0 69216700.0 3002060.0 -2.22 4.092 [-2.22]
30903000000000.0 985246000000000.0 15545000000.0 11658900000.0 33905800.0 876583000.0 61460.0 1640230000.0 5040790000.0 0.0 0.0 1730780000.0 1496770000.0 61237000.0 2549760.0 -2.2 4.09 [-2.2]
30903000000000.0 939120000000000.0 15134200000.0 10832400000.0 29065100.0 774261000.0 49906.1 1655250000.0 4444730000.0 0.0 0.0 1699150000.0 1386400000.0 54150200.0 2165000.0 -2.18 4.088 [-2.18]
30903000000000.0 895242000000000.0 14728100000.0 10061000000.0 24906400.0 683420000.0 40502.6 1669230000.0 3916930000.0 0.0 0.0 1666800000.0 1283190000.0 47861900.0 1837860.0 -2.16 4.085 [-2.16]
30903000000000.0 853503000000000.0 14327100000.0 9341380000.0 21335600.0 602869000.0 32855.3 1682220000.0 3450050000.0 0.0 0.0 1633790000.0 1186800000.0 42286700.0 1559840.0 -2.14 4.083 [-2.14]
