Cloudy_runs/3C263/component_I_PI_nH/component_I_PI_nH_col_density_param.txt
# %ECSV 1.0
# ---
# datatype:
# - {name: H, datatype: float64}
# - {name: H+, datatype: float64}
# - {name: C+, datatype: float64}
# - {name: C+2, datatype: float64}
# - {name: C+3, datatype: float64}
# - {name: N+2, datatype: float64}
# - {name: N+4, datatype: float64}
# - {name: O, datatype: float64}
# - {name: O+2, datatype: float64}
# - {name: O+5, datatype: float64}
# - {name: O+6, datatype: float64}
# - {name: Si+, datatype: float64}
# - {name: Si+2, datatype: float64}
# - {name: Si+3, datatype: float64}
# - {name: Si+4, datatype: float64}
# - {name: log_nH, datatype: float64}
# - {name: log_Te, datatype: float64}
# - {name: parameters, datatype: string, subtype: 'float64[1]'}
# schema: astropy-2.0
H H+ C+ C+2 C+3 N+2 N+4 O O+2 O+5 O+6 Si+ Si+2 Si+3 Si+4 log_nH log_Te parameters
[from data line 145]
30903000000000.0 776021000000000.0 13541700000.0 8045200000.0 15643300.0 468402000.0 21594.6 1705410000.0 2673110000.0 0.0 0.0 1566210000.0 1013050000.0 32975100.0 1123100.0 -2.1 4.079 [-2.1]
30903000000000.0 739868000000000.0 13155700000.0 7459500000.0 13380900.0 412383000.0 17485.0 1715740000.0 2350420000.0 0.0 0.0 1531630000.0 934546000.0 29089900.0 952151.0 -2.08 4.077 [-2.08]
30903000000000.0 705881000000000.0 12780600000.0 6920760000.0 11459500.0 363320000.0 14176.6 1725210000.0 2068220000.0 0.0 0.0 1497130000.0 862455000.0 25686500.0 808367.0 -2.06 4.075 [-2.06]
30903000000000.0 673139000000000.0 12407500000.0 6413290000.0 9798460.0 319649000.0 11473.4 1733980000.0 1817480000.0 0.0 0.0 1462040000.0 794611000.0 22650400.0 685277.0 -2.04 4.073 [-2.04]
30903000000000.0 642180000000000.0 12043500000.0 5944370000.0 8383300.0 281313000.0 9292.11 1742010000.0 1597670000.0 0.0 0.0 1427030000.0 732071000.0 19982500.0 581398.0 -2.02 4.07 [-2.02]
30903000000000.0 612719000000000.0 11686600000.0 5508510000.0 7172020.0 247527000.0 7524.97 1749370000.0 1404210000.0 0.0 0.0 1391990000.0 674092000.0 17627400.0 493319.0 -2.0 4.068 [-2.0]
30903000000000.0 584683000000000.0 11336900000.0 5103570000.0 6135570.0 217769000.0 6093.79 1756110000.0 1234010000.0 0.0 0.0 1357000000.0 620391000.0 15549300.0 418650.0 -1.98 4.066 [-1.98]
30903000000000.0 558003000000000.0 10994700000.0 4727540000.0 5248980.0 191572000.0 4935.0 1762250000.0 1084360000.0 0.0 0.0 1322120000.0 570709000.0 13716300.0 355362.0 -1.96 4.064 [-1.96]
30903000000000.0 532623000000000.0 10660100000.0 4378640000.0 4490940.0 168527000.0 3997.08 1767840000.0 952834000.0 0.0 0.0 1287430000.0 524828000.0 12100500.0 301748.0 -1.94 4.062 [-1.94]
30903000000000.0 508465000000000.0 10333200000.0 4054900000.0 3842700.0 148253000.0 3237.82 1772910000.0 837249000.0 0.0 0.0 1253010000.0 482442000.0 10676100.0 256304.0 -1.92 4.06 [-1.92]
30903000000000.0 485470000000000.0 10014000000.0 3754620000.0 3288460.0 130423000.0 2623.25 1777500000.0 735700000.0 0.0 0.0 1218910000.0 443319000.0 9420500.0 217784.0 -1.9 4.058 [-1.9]
30903000000000.0 463580000000000.0 9702620000.0 3476210000.0 2814630.0 114746000.0 2125.8 1781630000.0 646501000.0 0.0 0.0 1185200000.0 407234000.0 8314000.0 185131.0 -1.88 4.057 [-1.88]
30903000000000.0 442742000000000.0 9399080000.0 3218170000.0 2409590.0 100966000.0 1723.14 1785340000.0 568165000.0 0.0 0.0 1151940000.0 373978000.0 7339000.0 157449.0 -1.86 4.055 [-1.86]
30903000000000.0 422902000000000.0 9103410000.0 2979100000.0 2063340.0 88854500.0 1397.17 1788640000.0 499377000.0 0.0 0.0 1119160000.0 343350000.0 6479920.0 133978.0 -1.84 4.053 [-1.84]
30903000000000.0 404156000000000.0 8817840000.0 2759300000.0 1768900.0 78262400.0 1134.37 1791570000.0 439269000.0 0.0 0.0 1087160000.0 315379000.0 5726990.0 114175.0 -1.82 4.051 [-1.82]
30903000000000.0 386168000000000.0 8537940000.0 2554200000.0 1515700.0 68903700.0 920.49 1794150000.0 386215000.0 0.0 0.0 1055500000.0 289441000.0 5059730.0 97275.8 -1.8 4.049 [-1.8]
30903000000000.0 369040000000000.0 8265890000.0 2364330000.0 1299220.0 60679400.0 747.253 1796400000.0 339635000.0 0.0 0.0 1024440000.0 265597000.0 4471770.0 82935.2 -1.78 4.047 [-1.78]
30903000000000.0 352728000000000.0 8001650000.0 2188630000.0 1114120.0 53451800.0 606.903 1798350000.0 298740000.0 0.0 0.0 994027000.0 243691000.0 3953660.0 70761.4 -1.76 4.045 [-1.76]
30903000000000.0 337028000000000.0 7742380000.0 2024360000.0 954669.0 47056300.0 492.499 1800000000.0 262591000.0 0.0 0.0 963954000.0 223361000.0 3493710.0 60348.4 -1.74 4.043 [-1.74]
30903000000000.0 322287000000000.0 7494450000.0 1874580000.0 819721.0 41489700.0 400.577 1801380000.0 231156000.0 0.0 0.0 934994000.0 204968000.0 3092460.0 51592.8 -1.72 4.042 [-1.72]
30903000000000.0 308305000000000.0 7255120000.0 1736600000.0 704552.0 36608400.0 0.0 1802510000.0 203616000.0 0.0 0.0 906848000.0 188171000.0 2739590.0 44169.4 -1.7 4.04 [-1.7]
30903000000000.0 294880000000000.0 7021380000.0 1607990000.0 605397.0 32293000.0 0.0 1803400000.0 179298000.0 0.0 0.0 879206000.0 172635000.0 2426600.0 37816.8 -1.68 4.038 [-1.68]
30903000000000.0 281986000000000.0 6793150000.0 1488140000.0 520041.0 28478300.0 0.0 1804050000.0 157829000.0 0.0 0.0 852073000.0 158270000.0 2149010.0 32379.7 -1.66 4.036 [-1.66]
30903000000000.0 269803000000000.0 6574070000.0 1378270000.0 447398.0 25142100.0 0.0 1804500000.0 139073000.0 0.0 0.0 825896000.0 145222000.0 1905530.0 27778.1 -1.64 4.035 [-1.64]
30903000000000.0 258296000000000.0 6364010000.0 1277580000.0 385523.0 22223000.0 0.0 1804750000.0 122680000.0 0.0 0.0 800678000.0 133374000.0 1691830.0 23879.0 -1.62 4.033 [-1.62]
30903000000000.0 247232000000000.0 6159070000.0 1183680000.0 332135.0 19638200.0 0.0 1804800000.0 108185000.0 0.0 0.0 775983000.0 122415000.0 1501930.0 20530.6 -1.6 4.031 [-1.6]
30903000000000.0 236591000000000.0 5959140000.0 1096110000.0 286071.0 17349300.0 0.0 1804670000.0 95369200.0 0.0 0.0 751810000.0 112282000.0 1333180.0 17654.3 -1.58 4.029 [-1.58]
30903000000000.0 226639000000000.0 5769630000.0 1016690000.0 247070.0 15358400.0 0.0 1804380000.0 84234300.0 0.0 0.0 728811000.0 103186000.0 1185920.0 15229.4 -1.56 4.028 [-1.56]
30903000000000.0 216965000000000.0 5582990000.0 941865000.0 213130.0 13581900.0 0.0 1803910000.0 74317500.0 0.0 0.0 706107000.0 94682700.0 1054020.0 13126.7 -1.54 4.026 [-1.54]
30903000000000.0 207926000000000.0 5406420000.0 874071000.0 184383.0 12036600.0 0.0 1803310000.0 65701500.0 0.0 0.0 684561000.0 87061500.0 938883.0 11352.1 -1.52 4.024 [-1.52]
30903000000000.0 199130000000000.0 5232470000.0 810135000.0 159320.0 10655800.0 0.0 1802540000.0 58018500.0 0.0 0.0 663297000.0 79929600.0 835593.0 9809.35 -1.5 4.023 [-1.5]
30903000000000.0 190829000000000.0 5066400000.0 751660000.0 137930.0 9446420.0 0.0 1801650000.0 51299800.0 0.0 0.0 642952000.0 73472900.0 744784.0 8496.21 -1.48 4.021 [-1.48]
30903000000000.0 182913000000000.0 4906250000.0 697613000.0 119522.0 8379180.0 0.0 1800620000.0 45381800.0 0.0 0.0 623299000.0 67561100.0 664331.0 7368.65 -1.46 4.019 [-1.46]
30903000000000.0 175362000000000.0 4751850000.0 647654000.0 103669.0 7436950.0 0.0 1799470000.0 40166900.0 0.0 0.0 604324000.0 62147800.0 593011.0 6399.38 -1.44 4.018 [-1.44]
30903000000000.0 168160000000000.0 4603020000.0 601469000.0 90005.6 6604660.0 0.0 1798200000.0 35569800.0 0.0 0.0 586011000.0 57190400.0 529750.0 5565.24 -1.42 4.016 [-1.42]
30903000000000.0 161289000000000.0 4459610000.0 558768000.0 78221.0 5869140.0 0.0 1796820000.0 31515700.0 0.0 0.0 568348000.0 52650100.0 473604.0 4846.56 -1.4 4.015 [-1.4]
30903000000000.0 154764000000000.0 4322120000.0 519465000.0 68079.8 5220680.0 0.0 1795340000.0 27949200.0 0.0 0.0 551400000.0 48509900.0 423888.0 4228.47 -1.38 4.013 [-1.38]
30903000000000.0 148475000000000.0 4188370000.0 482761000.0 59260.2 4643440.0 0.0 1793730000.0 24781600.0 0.0 0.0 534902000.0 44680500.0 379432.0 3691.22 -1.36 4.012 [-1.36]
30903000000000.0 142533000000000.0 4060840000.0 449139000.0 51685.4 4135670.0 0.0 1792050000.0 22001900.0 0.0 0.0 519167000.0 41204300.0 340146.0 3229.64 -1.34 4.01 [-1.34]
30903000000000.0 136831000000000.0 3937410000.0 417873000.0 45106.6 3684480.0 0.0 1790270000.0 19537900.0 0.0 0.0 503934000.0 38002600.0 305073.0 2828.63 -1.32 4.009 [-1.32]
30903000000000.0 131387000000000.0 3818580000.0 388936000.0 39408.0 3284650.0 0.0 1788400000.0 17359800.0 0.0 0.0 489265000.0 35066900.0 273841.0 2480.98 -1.3 4.007 [-1.3]
30903000000000.0 126189000000000.0 3704180000.0 362150000.0 34467.4 2930130.0 0.0 1786440000.0 15433700.0 0.0 0.0 475146000.0 32374500.0 246011.0 2179.21 -1.28 4.005 [-1.28]
30903000000000.0 121224000000000.0 3594070000.0 337348000.0 30179.9 2615600.0 0.0 1784400000.0 13729400.0 0.0 0.0 461557000.0 29904500.0 221196.0 1916.93 -1.26 4.004 [-1.26]
30903000000000.0 116468000000000.0 3487780000.0 314314000.0 26449.0 2335910.0 0.0 1782280000.0 12218100.0 0.0 0.0 448444000.0 27631800.0 199014.0 1688.28 -1.24 4.002 [-1.24]
30903000000000.0 111950000000000.0 3386070000.0 293096000.0 23217.4 2088340.0 0.0 1780100000.0 10884300.0 0.0 0.0 435904000.0 25556600.0 179275.0 1489.74 -1.22 4.001 [-1.22]
30903000000000.0 107619000000000.0 3287890000.0 273374000.0 20398.9 1867880.0 0.0 1777850000.0 9700050.0 0.0 0.0 423805000.0 23645200.0 161602.0 1316.15 -1.2 3.999 [-1.2]
30903000000000.0 103480000000000.0 3193400000.0 255091000.0 17943.2 1671810.0 0.0 1775530000.0 8649940.0 0.0 0.0 412170000.0 21889000.0 145795.0 1164.46 -1.18 3.998 [-1.18]
30903000000000.0 99523500000000.0 3102470000.0 238136000.0 15801.6 1497310.0 0.0 1773150000.0 7718300.0 0.0 0.0 400981000.0 20274900.0 131648.0 1031.73 -1.16 3.997 [-1.16]
30903000000000.0 95740200000000.0 3014950000.0 222408000.0 13931.9 1341910.0 0.0 1770710000.0 6891310.0 0.0 0.0 390223000.0 18790600.0 118976.0 915.439 -1.14 3.995 [-1.14]
30903000000000.0 92122100000000.0 2930720000.0 207813000.0 12297.7 1203440.0 0.0 1768220000.0 6156770.0 0.0 0.0 379879000.0 17425100.0 107616.0 813.409 -1.12 3.994 [-1.12]
30903000000000.0 88661200000000.0 2849650000.0 194264000.0 10868.1 1079970.0 0.0 1765670000.0 5504000.0 0.0 0.0 369935000.0 16168400.0 97425.0 723.773 -1.1 3.992 [-1.1]
30903000000000.0 85350100000000.0 2771610000.0 181681000.0 9615.88 969801.0 0.0 1763080000.0 4923550.0 0.0 0.0 360376000.0 15011300.0 88275.0 644.915 -1.08 3.991 [-1.08]
30903000000000.0 82181400000000.0 2696490000.0 169991000.0 8517.96 871438.0 0.0 1760440000.0 4407080.0 0.0 0.0 351186000.0 13945200.0 80053.1 575.445 -1.06 3.989 [-1.06]
30903000000000.0 79148700000000.0 2624180000.0 159126000.0 7554.27 783562.0 0.0 1757760000.0 3947300.0 0.0 0.0 342352000.0 12962700.0 72659.4 514.166 -1.04 3.988 [-1.04]
30903000000000.0 76245300000000.0 2554550000.0 149024000.0 6707.46 704999.0 0.0 1755050000.0 3537730.0 0.0 0.0 333860000.0 12056500.0 66005.2 460.036 -1.02 3.987 [-1.02]
30903000000000.0 73465100000000.0 2487500000.0 139628000.0 5962.54 634719.0 0.0 1752290000.0 3172660.0 0.0 0.0 325696000.0 11220500.0 60011.6 412.16 -1.0 3.985 [-1.0]
30903000000000.0 70802200000000.0 2422930000.0 130883000.0 5306.51 571803.0 0.0 1749510000.0 2847060.0 0.0 0.0 317847000.0 10448700.0 54608.5 369.755 -0.98 3.984 [-0.98]
30903000000000.0 68251200000000.0 2360730000.0 122742000.0 4728.13 515447.0 0.0 1746690000.0 2556490.0 0.0 0.0 310302000.0 9735900.0 49733.9 332.15 -0.96 3.982 [-0.96]
30903000000000.0 65806800000000.0 2300820000.0 115160000.0 4217.64 464931.0 0.0 1743850000.0 2297020.0 0.0 0.0 303047000.0 9077120.0 45332.6 298.755 -0.94 3.981 [-0.94]
30903000000000.0 63464100000000.0 2243090000.0 108094000.0 3766.58 419623.0 0.0 1740980000.0 2065180.0 0.0 0.0 296071000.0 8467980.0 41355.4 269.062 -0.92 3.98 [-0.92]
30903000000000.0 61218100000000.0 2187450000.0 101508000.0 3367.57 378957.0 0.0 1738100000.0 1857910.0 0.0 0.0 289363000.0 7904420.0 37758.4 242.625 -0.9 3.978 [-0.9]
30903000000000.0 59064600000000.0 2133820000.0 95364500.0 3014.22 342436.0 0.0 1735190000.0 1672470.0 0.0 0.0 282911000.0 7382720.0 34502.7 219.058 -0.88 3.977 [-0.88]
30903000000000.0 56999100000000.0 2082110000.0 89632500.0 2700.96 309615.0 0.0 1732270000.0 1506480.0 0.0 0.0 276706000.0 6899490.0 31553.5 198.021 -0.86 3.976 [-0.86]
30903000000000.0 55017500000000.0 2032250000.0 84281600.0 2422.93 280101.0 0.0 1729330000.0 1357800.0 0.0 0.0 270738000.0 6451660.0 28879.8 179.22 -0.84 3.974 [-0.84]
30903000000000.0 53116200000000.0 1984160000.0 79284100.0 2175.9 253544.0 0.0 1726390000.0 1224540.0 0.0 0.0 264996000.0 6036380.0 26453.8 162.397 -0.82 3.973 [-0.82]
30903000000000.0 51291200000000.0 1937760000.0 74614400.0 1956.16 229633.0 0.0 1723430000.0 1105030.0 0.0 0.0 259471000.0 5651070.0 24251.0 147.324 -0.8 3.972 [-0.8]
30903000000000.0 49539400000000.0 1892980000.0 70249300.0 1760.5 208091.0 0.0 1720470000.0 997788.0 0.0 0.0 254155000.0 5293380.0 22249.1 133.803 -0.78 3.97 [-0.78]
30903000000000.0 47857000000000.0 1849760000.0 66166600.0 1586.09 188671.0 0.0 1717500000.0 901492.0 0.0 0.0 249039000.0 4961080.0 20428.3 121.66 -0.76 3.969 [-0.76]
30903000000000.0 46241100000000.0 1808020000.0 62346300.0 1430.43 171153.0 0.0 1714530000.0 814972.0 0.0 0.0 244114000.0 4652220.0 18771.0 110.741 -0.74 3.968 [-0.74]
30903000000000.0 44682100000000.0 1767540000.0 58755700.0 1291.07 155307.0 0.0 1711550000.0 737013.0 0.0 0.0 239353000.0 4363850.0 17258.3 100.892 -0.72 3.966 [-0.72]
30903000000000.0 43190500000000.0 1728600000.0 55407000.0 1166.76 141032.0 0.0 1708590000.0 667060.0 0.0 0.0 234789000.0 4096600.0 15882.2 92.0348 -0.7 3.965 [-0.7]
30903000000000.0 41756800000000.0 1690970000.0 52269000.0 1055.46 128132.0 0.0 1705630000.0 604096.0 0.0 0.0 230393000.0 3847760.0 14626.7 84.0433 -0.68 3.964 [-0.68]
30903000000000.0 40384400000000.0 1654760000.0 49338800.0 955.936 116494.0 0.0 1702690000.0 547515.0 0.0 0.0 226178000.0 3616800.0 13482.5 76.839 -0.66 3.962 [-0.66]
30903000000000.0 39058600000000.0 1619570000.0 46578800.0 866.432 105940.0 0.0 1699740000.0 496396.0 0.0 0.0 222100000.0 3400590.0 12434.8 70.3094 -0.64 3.961 [-0.64]
30903000000000.0 37783300000000.0 1585540000.0 43989000.0 786.055 96386.5 0.0 1696810000.0 450302.0 0.0 0.0 218170000.0 3198920.0 11476.6 64.3982 -0.62 3.96 [-0.62]
30903000000000.0 36556400000000.0 1552610000.0 41557800.0 713.801 87734.3 0.0 1693880000.0 408713.0 0.0 0.0 214383000.0 3010680.0 10599.8 59.0411 -0.6 3.958 [-0.6]
30903000000000.0 35375600000000.0 1520740000.0 39274200.0 648.782 79893.9 0.0 1690970000.0 371168.0 0.0 0.0 210733000.0 2834890.0 9796.69 54.1809 -0.58 3.957 [-0.58]
30903000000000.0 34239000000000.0 1489880000.0 37128400.0 590.218 72785.5 0.0 1688070000.0 337253.0 0.0 0.0 207214000.0 2670620.0 9060.63 49.767 -0.56 3.956 [-0.56]
30903000000000.0 33144600000000.0 1459980000.0 35111200.0 537.415 66337.3 0.0 1685190000.0 306600.0 0.0 0.0 203821000.0 2517020.0 8385.51 45.7544 -0.54 3.954 [-0.54]
30903000000000.0 32090600000000.0 1431010000.0 33214000.0 489.761 60485.0 0.0 1682330000.0 278879.0 0.0 0.0 200549000.0 2373330.0 7765.83 42.1028 -0.52 3.953 [-0.52]
30903000000000.0 31075400000000.0 1402930000.0 31428800.0 446.712 55171.0 0.0 1679490000.0 253796.0 0.0 0.0 197394000.0 2238820.0 7196.63 38.7764 -0.5 3.952 [-0.5]
30903000000000.0 30097200000000.0 1375710000.0 29748500.0 407.787 50343.4 0.0 1676660000.0 231087.0 0.0 0.0 194349000.0 2112860.0 6673.43 35.7434 -0.48 3.95 [-0.48]
30903000000000.0 29154400000000.0 1349290000.0 28165900.0 372.558 45955.4 0.0 1673860000.0 210515.0 0.0 0.0 191411000.0 1994790.0 6192.17 32.9752 -0.46 3.949 [-0.46]
30903000000000.0 28245600000000.0 1323670000.0 26675000.0 340.645 41965.2 0.0 1671080000.0 191870.0 0.0 0.0 188576000.0 1884090.0 5749.19 30.4464 -0.44 3.948 [-0.44]
30903000000000.0 27369400000000.0 1298780000.0 25269700.0 311.709 38335.0 0.0 1668330000.0 174962.0 0.0 0.0 185839000.0 1780220.0 5341.14 28.134 -0.42 3.946 [-0.42]
30903000000000.0 26524300000000.0 1274620000.0 23944600.0 285.45 35030.8 0.0 1665600000.0 159621.0 0.0 0.0 183197000.0 1682720.0 4965.03 26.0176 -0.4 3.945 [-0.4]
30903000000000.0 25709100000000.0 1251150000.0 22694600.0 261.599 32022.1 0.0 1662890000.0 145694.0 0.0 0.0 180646000.0 1591150.0 4618.12 0.0 -0.38 3.944 [-0.38]
30903000000000.0 24922600000000.0 1228340000.0 21515100.0 239.917 29281.3 0.0 1660210000.0 133044.0 0.0 0.0 178181000.0 1505100.0 4297.94 0.0 -0.36 3.942 [-0.36]
30903000000000.0 24160300000000.0 1206060000.0 20397500.0 220.154 26778.2 0.0 1657550000.0 121525.0 0.0 0.0 175790000.0 1423840.0 4001.79 0.0 -0.34 3.941 [-0.34]
30903000000000.0 23427700000000.0 1184490000.0 19346000.0 202.194 24501.2 0.0 1654920000.0 111075.0 0.0 0.0 173490000.0 1347710.0 3728.54 0.0 -0.32 3.939 [-0.32]
30903000000000.0 22720300000000.0 1163500000.0 18352500.0 185.825 22424.3 0.0 1652330000.0 101569.0 0.0 0.0 171267000.0 1276060.0 3475.85 0.0 -0.3 3.938 [-0.3]
