Cloudy_runs/pg1222/z=0.378389/component_I_PI_nH/component_I_PI_nH_col_density_param.txt
# %ECSV 1.0
# ---
# datatype:
# - {name: H, datatype: float64}
# - {name: H+, datatype: float64}
# - {name: C+, datatype: float64}
# - {name: C+2, datatype: float64}
# - {name: C+3, datatype: float64}
# - {name: N+2, datatype: float64}
# - {name: N+4, datatype: float64}
# - {name: O, datatype: float64}
# - {name: O+2, datatype: float64}
# - {name: O+5, datatype: float64}
# - {name: O+6, datatype: float64}
# - {name: Si+, datatype: float64}
# - {name: Si+2, datatype: float64}
# - {name: Si+3, datatype: float64}
# - {name: Si+4, datatype: float64}
# - {name: log_nH, datatype: float64}
# - {name: log_Te, datatype: float64}
# - {name: parameters, datatype: string, subtype: 'float64[1]'}
# schema: astropy-2.0
H H+ C+ C+2 C+3 N+2 N+4 O O+2 O+5 O+6 Si+ Si+2 Si+3 Si+4 log_nH log_Te parameters
[from data line 71]
25118900000000.0 6.37606e+16 21963600000.0 792860000000.0 431724000000.0 157314000000.0 43469000000.0 2486910.0 610398000000.0 62381100000.0 9135880000.0 709210000.0 17129100000.0 16506500000.0 95191800000.0 -3.58 4.358 [-3.58]
25118900000000.0 6.05666e+16 22367100000.0 779147000000.0 407705000000.0 155490000000.0 39079600000.0 2792800.0 612532000000.0 54234100000.0 7624710000.0 755573000.0 18049500000.0 16883200000.0 91651600000.0 -3.56 4.355 [-3.56]
25118900000000.0 5.75336e+16 22750800000.0 764584000000.0 384413000000.0 153513000000.0 35081600000.0 3135770.0 614091000000.0 47089600000.0 6355210000.0 802893000.0 18967800000.0 17223000000.0 87986400000.0 -3.54 4.351 [-3.54]
25118900000000.0 5.46534e+16 23114000000.0 749250000000.0 361887000000.0 151390000000.0 31446200000.0 3520140.0 615066000000.0 40832400000.0 5289990000.0 850953000.0 19877600000.0 17522400000.0 84217400000.0 -3.52 4.348 [-3.52]
25118900000000.0 5.19178e+16 23456100000.0 733222000000.0 340156000000.0 149130000000.0 28146100000.0 3950650.0 615448000000.0 35359100000.0 4397280000.0 899516000.0 20772400000.0 17778100000.0 80366500000.0 -3.5 4.345 [-3.5]
25118900000000.0 4.93198e+16 23777000000.0 716585000000.0 319247000000.0 146741000000.0 25155700000.0 4432540.0 615229000000.0 30578200000.0 3650140000.0 948330000.0 21645200000.0 17987400000.0 76456800000.0 -3.48 4.342 [-3.48]
25118900000000.0 4.68552e+16 24076300000.0 699447000000.0 299201000000.0 144235000000.0 22453400000.0 4971080.0 614409000000.0 26412000000.0 3026280000.0 997069000.0 22488800000.0 18147900000.0 72516100000.0 -3.46 4.338 [-3.46]
25118900000000.0 4.45081e+16 24354100000.0 681805000000.0 279957000000.0 141609000000.0 20007100000.0 5574230.0 612959000000.0 22773700000.0 2504300000.0 1045640000.0 23297000000.0 18257000000.0 68553200000.0 -3.44 4.335 [-3.44]
25118900000000.0 4.22816e+16 24610600000.0 663821000000.0 261594000000.0 138885000000.0 17804100000.0 6247420.0 610898000000.0 19612100000.0 2069710000.0 1093580000.0 24062100000.0 18313900000.0 64605500000.0 -3.42 4.332 [-3.42]
25118900000000.0 4.01665e+16 24845600000.0 645543000000.0 244089000000.0 136066000000.0 15821100000.0 6998880.0 608214000000.0 16865100000.0 1707910000.0 1140680000.0 24777800000.0 18317500000.0 60690300000.0 -3.4 4.329 [-3.4]
25118900000000.0 3.816e+16 25059700000.0 627076000000.0 227460000000.0 133168000000.0 14041200000.0 7836120.0 604917000000.0 14484400000.0 1407510000.0 1186600000.0 25437800000.0 18267900000.0 56834300000.0 -3.38 4.325 [-3.38]
25118900000000.0 3.62511e+16 25253400000.0 608432000000.0 211654000000.0 130188000000.0 12442000000.0 8770080.0 600983000000.0 12418800000.0 1157810000.0 1231220000.0 26036700000.0 18164400000.0 53047600000.0 -3.36 4.322 [-3.36]
25118900000000.0 3.44351e+16 25427000000.0 589676000000.0 196658000000.0 127137000000.0 11007600000.0 9811210.0 596411000000.0 10629300000.0 950605000.0 1274310000.0 26569100000.0 18007600000.0 49349400000.0 -3.34 4.319 [-3.34]
25118900000000.0 3.27152e+16 25581500000.0 570968000000.0 182521000000.0 124039000000.0 9728370000.0 10966900.0 591247000000.0 9087540000.0 779602000.0 1315440000.0 27031500000.0 17801100000.0 45771300000.0 -3.32 4.315 [-3.32]
25118900000000.0 3.10788e+16 25717300000.0 552270000000.0 169160000000.0 120886000000.0 8584440000.0 12252600.0 585453000000.0 7755450000.0 638104000.0 1354640000.0 27419800000.0 17545000000.0 42313700000.0 -3.3 4.312 [-3.3]
25118900000000.0 2.95243e+16 25835100000.0 533668000000.0 156574000000.0 117693000000.0 7564620000.0 13680200.0 579051000000.0 6607980000.0 521384000.0 1391670000.0 27731700000.0 17242400000.0 38994200000.0 -3.28 4.309 [-3.28]
25118900000000.0 2.80475e+16 25935600000.0 515212000000.0 144739000000.0 114469000000.0 6656890000.0 15263500.0 572050000000.0 5621070000.0 425261000.0 1426410000.0 27965700000.0 16896500000.0 35823700000.0 -3.26 4.305 [-3.26]
25118900000000.0 2.66446e+16 26019600000.0 496949000000.0 133630000000.0 111221000000.0 5850200000.0 17017900.0 564461000000.0 4773600000.0 346238000.0 1458780000.0 28121200000.0 16510700000.0 32810600000.0 -3.24 4.302 [-3.24]
25118900000000.0 2.53098e+16 26087900000.0 478886000000.0 123202000000.0 107953000000.0 5133350000.0 18962100.0 556278000000.0 4045990000.0 281296000.0 1488780000.0 28197700000.0 16087700000.0 29957000000.0 -3.22 4.299 [-3.22]
25118900000000.0 2.40441e+16 26141400000.0 461129000000.0 113463000000.0 104683000000.0 4499350000.0 21108900.0 547560000000.0 3424250000.0 228184000.0 1516260000.0 28198100000.0 15633800000.0 27275300000.0 -3.2 4.295 [-3.2]
25118900000000.0 2.28418e+16 26180600000.0 443673000000.0 104364000000.0 101414000000.0 3938520000.0 23479500.0 538304000000.0 2892980000.0 184752000.0 1541280000.0 28123600000.0 15152200000.0 24762900000.0 -3.18 4.292 [-3.18]
25118900000000.0 2.16997e+16 26206300000.0 426547000000.0 95878500000.0 98152400000.0 3443170000.0 26094100.0 528532000000.0 2439770000.0 149301000.0 1563890000.0 27977000000.0 14647100000.0 22419700000.0 -3.16 4.288 [-3.16]
25118900000000.0 2.06149e+16 26219100000.0 409776000000.0 87975300000.0 94904700000.0 3006300000.0 28974300.0 518266000000.0 2053840000.0 120419000.0 1584160000.0 27761600000.0 14123100000.0 20243700000.0 -3.14 4.285 [-3.14]
25118900000000.0 1.95844e+16 26219600000.0 393380000000.0 80625700000.0 91677600000.0 2621590000.0 32143100.0 507534000000.0 1725780000.0 96934400.0 1602180000.0 27481700000.0 13584200000.0 18231500000.0 -3.12 4.281 [-3.12]
25118900000000.0 1.86056e+16 26208700000.0 377377000000.0 73800900000.0 88477100000.0 2283300000.0 35625000.0 496363000000.0 1447430000.0 77875900.0 1618070000.0 27141600000.0 13034700000.0 16378200000.0 -3.1 4.278 [-3.1]
25118900000000.0 1.76759e+16 26186700000.0 361780000000.0 67472300000.0 85308800000.0 1986260000.0 39446000.0 484783000000.0 1211670000.0 62439900.0 1631960000.0 26746100000.0 12478500000.0 14678000000.0 -3.08 4.275 [-3.08]
25118900000000.0 1.67928e+16 26154300000.0 346601000000.0 61612000000.0 82177800000.0 1725820000.0 43633400.0 472827000000.0 1012380000.0 49963000.0 1643990000.0 26300400000.0 11919300000.0 13123900000.0 -3.06 4.271 [-3.06]
25118900000000.0 1.5954e+16 26112000000.0 331848000000.0 56192700000.0 79088900000.0 1497770000.0 48216400.0 460528000000.0 844230000.0 39898500.0 1654330000.0 25809600000.0 11360600000.0 11708400000.0 -3.04 4.268 [-3.04]
25118900000000.0 1.51574e+16 26060200000.0 317527000000.0 51188200000.0 76046500000.0 1298370000.0 53225300.0 447921000000.0 702631000.0 31796700.0 1663130000.0 25278800000.0 10805400000.0 10423600000.0 -3.02 4.264 [-3.02]
25118900000000.0 1.44024e+16 25999900000.0 303674000000.0 46581900000.0 73061700000.0 1124580000.0 58683800.0 435077000000.0 583829000.0 25299200.0 1670500000.0 24715400000.0 10258100000.0 9262960000.0 -3.0 4.261 [-3.0]
25118900000000.0 1.36837e+16 25930500000.0 290226000000.0 42330800000.0 70123500000.0 972706000.0 64641000.0 421965000000.0 483981000.0 20080000.0 1676720000.0 24120300000.0 9718300000.0 8214160000.0 -2.98 4.257 [-2.98]
25118900000000.0 1.29995e+16 25852400000.0 277184000000.0 38412900000.0 67235500000.0 840194000.0 71134300.0 408620000000.0 400255000.0 15897900.0 1681950000.0 23498400000.0 9188410000.0 7269230000.0 -2.96 4.254 [-2.96]
25118900000000.0 1.23511e+16 25766700000.0 264609000000.0 34821900000.0 64414100000.0 725177000.0 78180500.0 395152000000.0 330456000.0 12566500.0 1686230000.0 22858300000.0 8672860000.0 6423210000.0 -2.94 4.251 [-2.94]
25118900000000.0 1.17354e+16 25673200000.0 252466000000.0 31527800000.0 61654800000.0 625259000.0 85826000.0 381564000000.0 272270000.0 9912920.0 1689760000.0 22202400000.0 8171910000.0 5666320000.0 -2.92 4.247 [-2.92]
25118900000000.0 1.11519e+16 25572800000.0 240780000000.0 28516300000.0 58966300000.0 538727000.0 94096100.0 367931000000.0 223950000.0 7807350.0 1692630000.0 21537000000.0 7688040000.0 4991970000.0 -2.9 4.244 [-2.9]
25118900000000.0 1.05965e+16 25464800000.0 229489000000.0 25755300000.0 56337100000.0 463579000.0 103054000.0 354218000000.0 183757000.0 6133900.0 1695070000.0 20861700000.0 7219880000.0 4390430000.0 -2.88 4.24 [-2.88]
25118900000000.0 1.00677e+16 25349200000.0 218587000000.0 23227600000.0 53768800000.0 398404000.0 112744000.0 340463000000.0 150403000.0 4807190.0 1697210000.0 20180000000.0 6768350000.0 3855050000.0 -2.86 4.237 [-2.86]
25118900000000.0 9567940000000000.0 25227400000.0 208147000000.0 20931200000.0 51281100000.0 342278000.0 123159000.0 326808000000.0 122938000.0 3763380.0 1698960000.0 19500900000.0 6337320000.0 3382060000.0 -2.84 4.233 [-2.84]
25118900000000.0 9092180000000000.0 25098700000.0 198083000000.0 18834200000.0 48856500000.0 293700000.0 134385000.0 313184000000.0 100239000.0 2939110.0 1700610000.0 18821700000.0 5923810000.0 2962720000.0 -2.82 4.23 [-2.82]
25118900000000.0 8639170000000000.0 24962500000.0 188387000000.0 16922200000.0 46495300000.0 251705000.0 146467000.0 299621000000.0 81522700.0 2289710.0 1702220000.0 18144200000.0 5528240000.0 2591630000.0 -2.8 4.227 [-2.8]
25118900000000.0 8210030000000000.0 24820100000.0 179100000000.0 15188800000.0 44209800000.0 215590000.0 159406000.0 286223000000.0 66185000.0 1781180.0 1703740000.0 17475000000.0 5152540000.0 2265010000.0 -2.78 4.223 [-2.78]
25118900000000.0 7802460000000000.0 24671000000.0 170188000000.0 13615900000.0 41994100000.0 184494000.0 173257000.0 272985000000.0 53617000.0 1382930.0 1705300000.0 16813900000.0 4795630000.0 1977440000.0 -2.76 4.22 [-2.76]
25118900000000.0 7415370000000000.0 24515400000.0 161641000000.0 12190600000.0 39848100000.0 157746000.0 188057000.0 259937000000.0 43341100.0 1071690.0 1706930000.0 16162700000.0 4457270000.0 1724620000.0 -2.74 4.216 [-2.74]
25118900000000.0 7048580000000000.0 24353700000.0 153469000000.0 10903300000.0 37776200000.0 134800000.0 203816000.0 247134000000.0 34971500.0 829330.0 1708620000.0 15524300000.0 4137920000.0 1503040000.0 -2.72 4.213 [-2.72]
25118900000000.0 6698580000000000.0 24184600000.0 145603000000.0 9735340000.0 35764000000.0 115023000.0 220634000.0 234513000000.0 28134200.0 640002.0 1710530000.0 14895200000.0 3834880000.0 1308080000.0 -2.7 4.21 [-2.7]
25118900000000.0 6367770000000000.0 24009900000.0 138111000000.0 8685800000.0 33829600000.0 98125600.0 238440000.0 222216000000.0 22601700.0 493476.0 1712480000.0 14282700000.0 3550680000.0 1137990000.0 -2.68 4.206 [-2.68]
25118900000000.0 6052760000000000.0 23828200000.0 130925000000.0 7737850000.0 31958200000.0 83610900.0 257334000.0 210174000000.0 18108900.0 379627.0 1714630000.0 13682800000.0 3282580000.0 988919000.0 -2.66 4.203 [-2.66]
25118900000000.0 5753570000000000.0 23640100000.0 124054000000.0 6884870000.0 30154000000.0 71182100.0 277305000.0 198437000000.0 14476800.0 291537.0 1716900000.0 13097700000.0 3030780000.0 858690000.0 -2.64 4.2 [-2.64]
25118900000000.0 5469420000000000.0 23445500000.0 117488000000.0 6118370000.0 28416300000.0 60548000.0 298365000.0 187023000000.0 11547000.0 223505.0 1719280000.0 12528100000.0 2794670000.0 745035000.0 -2.62 4.196 [-2.62]
25118900000000.0 5199540000000000.0 23244500000.0 111217000000.0 5430580000.0 26744200000.0 51457300.0 320517000.0 175948000000.0 9189140.0 171064.0 1721750000.0 11974300000.0 2573650000.0 645945000.0 -2.6 4.193 [-2.6]
25118900000000.0 4943200000000000.0 23037100000.0 105232000000.0 4814260000.0 25136800000.0 43692100.0 343757000.0 165225000000.0 7296020.0 130715.0 1724280000.0 11436400000.0 2367070000.0 559632000.0 -2.58 4.19 [-2.58]
25118900000000.0 4699720000000000.0 22823300000.0 99521600000.0 4262730000.0 23593300000.0 37064500.0 368073000.0 154867000000.0 5779530.0 99723.6 1726830000.0 10914800000.0 2174290000.0 484516000.0 -2.56 4.187 [-2.56]
25118900000000.0 4468440000000000.0 22603200000.0 94076900000.0 3769880000.0 22112800000.0 31412600.0 393442000.0 144883000000.0 4567640.0 75963.5 1729350000.0 10409400000.0 1994670000.0 419200000.0 -2.54 4.184 [-2.54]
25118900000000.0 4248770000000000.0 22376900000.0 88888400000.0 3330080000.0 20694400000.0 26596800.0 419834000.0 135282000000.0 3601440.0 57778.4 1731800000.0 9920250000.0 1827560000.0 362452000.0 -2.52 4.18 [-2.52]
25118900000000.0 4039580000000000.0 22143600000.0 83934000000.0 2937350000.0 19334100000.0 22489400.0 447246000.0 126051000000.0 2831750.0 43861.1 1734160000.0 9446040000.0 1671970000.0 313102000.0 -2.5 4.177 [-2.5]
25118900000000.0 3841390000000000.0 21905000000.0 79230300000.0 2588630000.0 18037300000.0 19002900.0 475548000.0 117236000000.0 2222290.0 33267.3 1736290000.0 8989230000.0 1528020000.0 270375000.0 -2.48 4.174 [-2.48]
25118900000000.0 3653130000000000.0 21660200000.0 74755000000.0 2278710000.0 16799800000.0 16039800.0 504716000.0 108820000000.0 1739910.0 25199.1 1738170000.0 8548370000.0 1394690000.0 233337000.0 -2.46 4.171 [-2.46]
25118900000000.0 3474740000000000.0 21410200000.0 70509900000.0 2004170000.0 15623400000.0 13528300.0 534634000.0 100820000000.0 1359620.0 0.0 1739710000.0 8124360000.0 1271680000.0 201308000.0 -2.44 4.168 [-2.44]
25118900000000.0 3304810000000000.0 21153700000.0 66464300000.0 1760260000.0 14501500000.0 11393200.0 565306000.0 93202600000.0 1059480.0 0.0 1740910000.0 7714660000.0 1157800000.0 173523000.0 -2.42 4.165 [-2.42]
25118900000000.0 3143380000000000.0 20891500000.0 62621100000.0 1544340000.0 13436200000.0 9583710.0 596597000.0 85983400000.0 823662.0 0.0 1741670000.0 7320200000.0 1052800000.0 149487000.0 -2.4 4.162 [-2.4]
25118900000000.0 2990010000000000.0 20623800000.0 58972200000.0 1353430000.0 12426300000.0 8051760.0 628408000.0 79159400000.0 638834.0 0.0 1741930000.0 6940720000.0 956122000.0 128705000.0 -2.38 4.159 [-2.38]
25118900000000.0 2844300000000000.0 20350700000.0 55509600000.0 1184870000.0 11470800000.0 6756210.0 660631000.0 72726200000.0 494335.0 0.0 1741600000.0 6575980000.0 867242000.0 110749000.0 -2.36 4.156 [-2.36]
25118900000000.0 2705830000000000.0 20072200000.0 52225000000.0 1036200000.0 10568500000.0 5661710.0 693155000.0 66676800000.0 381634.0 0.0 1740670000.0 6225540000.0 785648000.0 95241900.0 -2.34 4.153 [-2.34]
25118900000000.0 2573930000000000.0 19788000000.0 49103200000.0 904990000.0 9716430000.0 4736550.0 725908000.0 60992300000.0 293820.0 0.0 1739040000.0 5888300000.0 710679000.0 81836000.0 -2.32 4.15 [-2.32]
25118900000000.0 2448940000000000.0 19499700000.0 46153500000.0 789821000.0 8917210000.0 3958560.0 758674000.0 55688300000.0 225812.0 0.0 1736630000.0 5565810000.0 642234000.0 70297800.0 -2.3 4.148 [-2.3]
25118900000000.0 2330170000000000.0 19206800000.0 43360300000.0 688624000.0 8167540000.0 3303770.0 791380000.0 50741900000.0 173165.0 0.0 1733400000.0 5256790000.0 579678000.0 60352400.0 -2.28 4.145 [-2.28]
25118900000000.0 2217290000000000.0 18909500000.0 40716500000.0 599804000.0 7465990000.0 2753380.0 823906000.0 46141300000.0 132506.0 0.0 1729300000.0 4960900000.0 522585000.0 51784600.0 -2.26 4.142 [-2.26]
25118900000000.0 2110030000000000.0 18608100000.0 38215700000.0 521942000.0 6811100000.0 2291420.0 856133000.0 41874500000.0 101181.0 0.0 1724270000.0 4677830000.0 470557000.0 44408300.0 -2.24 4.139 [-2.24]
25118900000000.0 2008090000000000.0 18302900000.0 35851200000.0 453760000.0 6201290000.0 1904220.0 887946000.0 37927800000.0 77104.3 0.0 1718280000.0 4407260000.0 423212000.0 38061300.0 -2.22 4.137 [-2.22]
25118900000000.0 1911200000000000.0 17994100000.0 33616800000.0 394123000.0 5634900000.0 1580150.0 919239000.0 34287300000.0 58640.6 0.0 1711270000.0 4148850000.0 380190000.0 32603200.0 -2.2 4.134 [-2.2]
25118900000000.0 1819380000000000.0 17682900000.0 31512700000.0 342128000.0 5111380000.0 1309850.0 949862000.0 30945400000.0 44537.1 0.0 1703230000.0 3903020000.0 341250000.0 27921500.0 -2.18 4.131 [-2.18]
25118900000000.0 1731840000000000.0 17367800000.0 29520600000.0 296638000.0 4626520000.0 1083810.0 979817000.0 27872200000.0 33746.4 0.0 1694100000.0 3667930000.0 305872000.0 23891100.0 -2.16 4.129 [-2.16]
