Cloudy_runs/pg1222/z=0.378389/component_I_PI_nH/component_I_PI_nH_col_density_param.txt
# %ECSV 1.0
# ---
# datatype:
# - {name: H, datatype: float64}
# - {name: H+, datatype: float64}
# - {name: C+, datatype: float64}
# - {name: C+2, datatype: float64}
# - {name: C+3, datatype: float64}
# - {name: N+2, datatype: float64}
# - {name: N+4, datatype: float64}
# - {name: O, datatype: float64}
# - {name: O+2, datatype: float64}
# - {name: O+5, datatype: float64}
# - {name: O+6, datatype: float64}
# - {name: Si+, datatype: float64}
# - {name: Si+2, datatype: float64}
# - {name: Si+3, datatype: float64}
# - {name: Si+4, datatype: float64}
# - {name: log_nH, datatype: float64}
# - {name: log_Te, datatype: float64}
# - {name: parameters, datatype: string, subtype: 'float64[1]'}
# schema: astropy-2.0
H H+ C+ C+2 C+3 N+2 N+4 O O+2 O+5 O+6 Si+ Si+2 Si+3 Si+4 log_nH log_Te parameters
25118900000000.0 2.84542e+18 267165000.0 78284100000.0 661966000000.0 11094700000.0 1033320000000.0 842.388 26793000000.0 21398000000000.0 85183700000000.0 37100.1 3186030.0 30412400.0 9115460000.0 -5.0 4.654 [-5.0]
25118900000000.0 2.68326e+18 296637000.0 84725700000.0 687748000000.0 12008300000.0 1045370000000.0 942.656 29122100000.0 21065800000000.0 79378200000000.0 45849.9 3822500.0 35210400.0 9963140000.0 -4.98 4.648 [-4.98]
25118900000000.0 2.53115e+18 328755000.0 91532200000.0 713417000000.0 12984000000.0 1056080000000.0 1054.91 31633400000.0 20702300000000.0 73863300000000.0 56510.5 4576100.0 40685800.0 10871400000.0 -4.96 4.641 [-4.96]
25118900000000.0 2.38841e+18 363716000.0 98713300000.0 738911000000.0 14025600000.0 1065440000000.0 1180.7 34339700000.0 20309000000000.0 68631900000000.0 69468.6 5466670.0 46923100.0 11843000000.0 -4.94 4.635 [-4.94]
25118900000000.0 2.25441e+18 401719000.0 106277000000.0 764167000000.0 15137000000.0 1073420000000.0 1321.75 37253500000.0 19887500000000.0 63677800000000.0 85180.1 6516940.0 54014100.0 12880500000.0 -4.92 4.628 [-4.92]
25118900000000.0 2.12857e+18 442984000.0 114232000000.0 789123000000.0 16322000000.0 1080000000000.0 1479.99 40388100000.0 19439400000000.0 58993400000000.0 104186.0 7753180.0 62060600.0 13986200000.0 -4.9 4.622 [-4.9]
25118900000000.0 2.01033e+18 487747000.0 122586000000.0 813724000000.0 17585000000.0 1085170000000.0 1657.64 43757300000.0 18966400000000.0 54570500000000.0 127127.0 9205730.0 71175400.0 15162800000.0 -4.88 4.616 [-4.88]
25118900000000.0 1.89921e+18 536250000.0 131348000000.0 837911000000.0 18930000000.0 1088900000000.0 1857.15 47374200000.0 18470400000000.0 50401600000000.0 154754.0 10909100.0 81480300.0 16412500000.0 -4.86 4.611 [-4.86]
25118900000000.0 1.79472e+18 588756000.0 140525000000.0 861629000000.0 20361300000.0 1091200000000.0 2081.29 51252400000.0 17953500000000.0 46478100000000.0 187953.0 12903000.0 93110300.0 17737600000.0 -4.84 4.605 [-4.84]
25118900000000.0 1.69644e+18 645539000.0 150123000000.0 884825000000.0 21883200000.0 1092040000000.0 2333.11 55405000000.0 17417700000000.0 42791400000000.0 227763.0 15233000.0 106212000.0 19140100000.0 -4.82 4.599 [-4.82]
25118900000000.0 1.60395e+18 706893000.0 160149000000.0 907448000000.0 23499900000.0 1091430000000.0 2616.08 59844900000.0 16865200000000.0 39333000000000.0 275400.0 17950700.0 120947000.0 20621800000.0 -4.8 4.594 [-4.8]
25118900000000.0 1.51688e+18 773120000.0 170609000000.0 929450000000.0 25215500000.0 1089350000000.0 2933.98 64583800000.0 16298100000000.0 36094200000000.0 332282.0 21115200.0 137487000.0 22184500000.0 -4.78 4.589 [-4.78]
25118900000000.0 1.43487e+18 844573000.0 181511000000.0 950785000000.0 27034700000.0 1085810000000.0 3291.38 69636200000.0 15718800000000.0 33066200000000.0 400077.0 24794000.0 156024000.0 23829700000.0 -4.76 4.583 [-4.76]
25118900000000.0 1.35761e+18 921564000.0 192856000000.0 971408000000.0 28960600000.0 1080810000000.0 3692.73 75009800000.0 15129600000000.0 30240100000000.0 480703.0 29063100.0 176763000.0 25558700000.0 -4.74 4.578 [-4.74]
25118900000000.0 1.28478e+18 1004460000.0 204649000000.0 991276000000.0 30997200000.0 1074360000000.0 4143.45 80715600000.0 14532900000000.0 27607400000000.0 576400.0 34008700.0 199925000.0 27372100000.0 -4.72 4.573 [-4.72]
25118900000000.0 1.21612e+18 1093640000.0 216894000000.0 1010350000000.0 33147800000.0 1066460000000.0 4649.44 86762400000.0 13931100000000.0 25159300000000.0 689760.0 39728800.0 225750000.0 29270900000.0 -4.7 4.569 [-4.7]
25118900000000.0 1.15135e+18 1189480000.0 229593000000.0 1028590000000.0 35415300000.0 1057120000000.0 5217.18 93157000000.0 13326500000000.0 22887100000000.0 823779.0 46333600.0 254496000.0 31255100000.0 -4.68 4.564 [-4.68]
25118900000000.0 1.09023e+18 1292400000.0 242745000000.0 1045960000000.0 37802100000.0 1046370000000.0 5853.84 99905100000.0 12721500000000.0 20782200000000.0 981910.0 53947400.0 286442000.0 33324900000.0 -4.66 4.559 [-4.66]
25118900000000.0 1.03254e+18 1402800000.0 256351000000.0 1062430000000.0 40310300000.0 1034220000000.0 6567.37 107010000000.0 12118400000000.0 18836200000000.0 1168120.0 62710100.0 321886000.0 35479800000.0 -4.64 4.554 [-4.64]
25118900000000.0 9.78056e+17 1521080000.0 270406000000.0 1077960000000.0 42940300000.0 1020700000000.0 7366.14 114473000000.0 11519500000000.0 17040700000000.0 1386950.0 72777500.0 361146000.0 37718800000.0 -4.62 4.55 [-4.62]
25118900000000.0 9.26589e+17 1647750000.0 284912000000.0 1092520000000.0 45694100000.0 1005830000000.0 8260.48 122296000000.0 10926800000000.0 15387300000000.0 1643650.0 84327000.0 404564000.0 40040800000.0 -4.6 4.546 [-4.6]
25118900000000.0 8.77957e+17 1783230000.0 299860000000.0 1106080000000.0 48570900000.0 989664000000.0 9260.91 130478000000.0 10342500000000.0 13868100000000.0 1944150.0 97554200.0 452501000.0 42443900000.0 -4.58 4.541 [-4.58]
25118900000000.0 8.32014e+17 1928150000.0 315251000000.0 1118620000000.0 51572700000.0 972234000000.0 10381.3 139024000000.0 9768510000000.0 12475600000000.0 2295290.0 112678000.0 505320000.0 44925200000.0 -4.56 4.537 [-4.56]
25118900000000.0 7.88567e+17 2082790000.0 331069000000.0 1130100000000.0 54694200000.0 953584000000.0 11632.5 147916000000.0 9206610000000.0 11201300000000.0 2704740.0 129942000.0 563455000.0 47482700000.0 -4.54 4.533 [-4.54]
25118900000000.0 7.47469e+17 2247620000.0 347300000000.0 1140500000000.0 57932400000.0 933769000000.0 13028.8 157147000000.0 8658430000000.0 10037900000000.0 3181210.0 149617000.0 627337000.0 50112900000.0 -4.52 4.529 [-4.52]
25118900000000.0 7.08586e+17 2423120000.0 363932000000.0 1149790000000.0 61283400000.0 912846000000.0 14586.2 166707000000.0 8125480000000.0 8978110000000.0 3734570.0 172004000.0 697421000.0 52812000000.0 -4.5 4.524 [-4.5]
25118900000000.0 6.71787e+17 2609730000.0 380947000000.0 1157960000000.0 64741900000.0 890881000000.0 16322.0 176584000000.0 7609060000000.0 8014760000000.0 4375940.0 197434000.0 774190000.0 55575500000.0 -4.48 4.52 [-4.48]
25118900000000.0 6.36952e+17 2807920000.0 398325000000.0 1164970000000.0 68301900000.0 867945000000.0 18255.8 186765000000.0 7110340000000.0 7141060000000.0 5117800.0 226272000.0 858145000.0 58398200000.0 -4.46 4.516 [-4.46]
25118900000000.0 6.03969e+17 3018090000.0 416043000000.0 1170810000000.0 71955600000.0 844114000000.0 20408.6 197232000000.0 6630280000000.0 6350440000000.0 5974110.0 258921000.0 949817000.0 61274400000.0 -4.44 4.512 [-4.44]
25118900000000.0 5.72736e+17 3240750000.0 434078000000.0 1175450000000.0 75695300000.0 819471000000.0 22805.1 207971000000.0 6169670000000.0 5636660000000.0 6960550.0 295823000.0 1049740000.0 64197600000.0 -4.42 4.508 [-4.42]
25118900000000.0 5.43148e+17 3476180000.0 452395000000.0 1178880000000.0 79509800000.0 794102000000.0 25470.1 218960000000.0 5729100000000.0 4993630000000.0 8094460.0 337461000.0 1158510000.0 67161200000.0 -4.4 4.504 [-4.4]
25118900000000.0 5.15116e+17 3724800000.0 470965000000.0 1181080000000.0 83389300000.0 768099000000.0 28433.6 230179000000.0 5309040000000.0 4415650000000.0 9395150.0 384362000.0 1276700000.0 70157200000.0 -4.38 4.501 [-4.38]
25118900000000.0 4.8855e+17 3986830000.0 489744000000.0 1182030000000.0 87320600000.0 741557000000.0 31726.6 241604000000.0 4909700000000.0 3897270000000.0 10883900.0 437100000.0 1404930000.0 73177500000.0 -4.36 4.497 [-4.36]
25118900000000.0 4.63372e+17 4262670000.0 508696000000.0 1181720000000.0 91292100000.0 714576000000.0 35386.7 253215000000.0 4531240000000.0 3433400000000.0 12584400.0 496298000.0 1543820000.0 76213200000.0 -4.34 4.493 [-4.34]
25118900000000.0 4.39509e+17 4552590000.0 527780000000.0 1180130000000.0 95290700000.0 687260000000.0 39454.8 264990000000.0 4173600000000.0 3019230000000.0 14522600.0 562631000.0 1694000000.0 79254500000.0 -4.32 4.489 [-4.32]
25118900000000.0 4.16887e+17 4856800000.0 546947000000.0 1177250000000.0 99302200000.0 659709000000.0 43976.6 276905000000.0 3836620000000.0 2650240000000.0 16727000.0 636830000.0 1856110000.0 82291500000.0 -4.3 4.485 [-4.3]
25118900000000.0 3.95442e+17 5175530000.0 566147000000.0 1173070000000.0 103313000000.0 632029000000.0 49004.2 288937000000.0 3519970000000.0 2322210000000.0 19228600.0 719676000.0 2030800000.0 85313200000.0 -4.28 4.481 [-4.28]
25118900000000.0 3.75113e+17 5509150000.0 585337000000.0 1167590000000.0 107309000000.0 604321000000.0 54599.1 301069000000.0 3223240000000.0 2031220000000.0 22062300.0 812026000.0 2218690000.0 88308500000.0 -4.26 4.478 [-4.26]
25118900000000.0 3.55838e+17 5857340000.0 604441000000.0 1160810000000.0 111273000000.0 576692000000.0 60820.6 313264000000.0 2945980000000.0 1773650000000.0 25263500.0 914751000.0 2420430000.0 91265400000.0 -4.24 4.474 [-4.24]
25118900000000.0 3.37563e+17 6220080000.0 623400000000.0 1152720000000.0 115190000000.0 549243000000.0 67742.0 325499000000.0 2687610000000.0 1546150000000.0 28871600.0 1028800000.0 2636620000.0 94171200000.0 -4.22 4.47 [-4.22]
25118900000000.0 3.20236e+17 6597850000.0 642169000000.0 1143320000000.0 119047000000.0 522061000000.0 75454.3 337760000000.0 2447370000000.0 1345580000000.0 32931600.0 1155220000.0 2867870000.0 97014000000.0 -4.2 4.466 [-4.2]
25118900000000.0 3.03806e+17 6990170000.0 660668000000.0 1132630000000.0 122828000000.0 495242000000.0 84046.6 350016000000.0 2224590000000.0 1169110000000.0 37488800.0 1295080000.0 3114770000.0 99780700000.0 -4.18 4.463 [-4.18]
25118900000000.0 2.88226e+17 7396850000.0 678828000000.0 1120650000000.0 126518000000.0 468873000000.0 93624.7 362243000000.0 2018510000000.0 1014160000000.0 42592000.0 1449480000.0 3377850000.0 102458000000.0 -4.16 4.459 [-4.16]
25118900000000.0 2.73453e+17 7817900000.0 696588000000.0 1107410000000.0 130105000000.0 443030000000.0 104313.0 374421000000.0 1828320000000.0 878358000000.0 48295400.0 1619640000.0 3657580000.0 105032000000.0 -4.14 4.455 [-4.14]
25118900000000.0 2.59444e+17 8252840000.0 713870000000.0 1092910000000.0 133573000000.0 417790000000.0 116247.0 386525000000.0 1653210000000.0 759567000000.0 54654400.0 1806790000.0 3954430000.0 107490000000.0 -4.12 4.451 [-4.12]
25118900000000.0 2.46157e+17 8701590000.0 730611000000.0 1077170000000.0 136914000000.0 393209000000.0 129586.0 398536000000.0 1492310000000.0 655822000000.0 61731500.0 2012270000.0 4268780000.0 109819000000.0 -4.1 4.448 [-4.1]
25118900000000.0 2.33563e+17 9162710000.0 746707000000.0 1060250000000.0 140108000000.0 369370000000.0 144486.0 410416000000.0 1344910000000.0 565446000000.0 69580300.0 2237210000.0 4600830000.0 112004000000.0 -4.08 4.444 [-4.08]
25118900000000.0 2.21617e+17 9637180000.0 762132000000.0 1042160000000.0 143153000000.0 346294000000.0 161176.0 422167000000.0 1210020000000.0 486785000000.0 78279900.0 2483240000.0 4950890000.0 114034000000.0 -4.06 4.44 [-4.06]
25118900000000.0 2.10295e+17 10122800000.0 776766000000.0 1022960000000.0 146032000000.0 324052000000.0 179845.0 433743000000.0 1086990000000.0 418503000000.0 87883700.0 2751450000.0 5318900000.0 115893000000.0 -4.04 4.437 [-4.04]
25118900000000.0 1.99556e+17 10619800000.0 790566000000.0 1002670000000.0 148739000000.0 302658000000.0 200770.0 445137000000.0 974903000000.0 359281000000.0 98474300.0 3043470000.0 5705020000.0 117571000000.0 -4.02 4.433 [-4.02]
25118900000000.0 1.89376e+17 11127700000.0 803470000000.0 981365000000.0 151268000000.0 282149000000.0 224237.0 456329000000.0 873028000000.0 308025000000.0 110124000.0 3360660000.0 6108910000.0 119056000000.0 -4.0 4.429 [-4.0]
25118900000000.0 1.79721e+17 11644600000.0 815386000000.0 959087000000.0 153607000000.0 262540000000.0 250558.0 467290000000.0 780603000000.0 263722000000.0 122904000.0 3704360000.0 6530480000.0 120336000000.0 -3.98 4.426 [-3.98]
25118900000000.0 1.70566e+17 12170100000.0 826259000000.0 935904000000.0 155752000000.0 243847000000.0 280100.0 478004000000.0 696921000000.0 225495000000.0 136893000.0 4075950000.0 6969200000.0 121401000000.0 -3.96 4.422 [-3.96]
25118900000000.0 1.61886e+17 12702900000.0 836029000000.0 911883000000.0 157697000000.0 226074000000.0 313275.0 488448000000.0 621294000000.0 192560000000.0 152168000.0 4476750000.0 7424470000.0 122240000000.0 -3.94 4.419 [-3.94]
25118900000000.0 1.53651e+17 13242100000.0 844643000000.0 887082000000.0 159437000000.0 209213000000.0 350563.0 498609000000.0 553041000000.0 164214000000.0 168816000.0 4908160000.0 7895640000.0 122845000000.0 -3.92 4.415 [-3.92]
25118900000000.0 1.45846e+17 13786100000.0 852044000000.0 861606000000.0 160970000000.0 193275000000.0 392453.0 508459000000.0 491612000000.0 139876000000.0 186894000.0 5371020000.0 8381430000.0 123209000000.0 -3.9 4.412 [-3.9]
25118900000000.0 1.38448e+17 14333400000.0 858189000000.0 835539000000.0 162291000000.0 178247000000.0 439521.0 517979000000.0 436423000000.0 119009000000.0 206475000.0 5866290000.0 8880650000.0 123325000000.0 -3.88 4.408 [-3.88]
25118900000000.0 1.31425e+17 14883700000.0 863049000000.0 808921000000.0 163400000000.0 164090000000.0 492503.0 527164000000.0 386843000000.0 101115000000.0 227665000.0 6395510000.0 9392370000.0 123187000000.0 -3.86 4.405 [-3.86]
25118900000000.0 1.24773e+17 15434000000.0 866582000000.0 781902000000.0 164296000000.0 150814000000.0 552031.0 535979000000.0 342477000000.0 85823600000.0 250478000.0 6958420000.0 9914290000.0 122792000000.0 -3.84 4.401 [-3.84]
25118900000000.0 1.1846e+17 15984000000.0 868771000000.0 754523000000.0 164977000000.0 138373000000.0 619023.0 544418000000.0 302771000000.0 72752100000.0 275016000.0 7556230000.0 10445100000.0 122137000000.0 -3.82 4.398 [-3.82]
25118900000000.0 1.12472e+17 16531600000.0 869596000000.0 726894000000.0 165445000000.0 126748000000.0 694383.0 552461000000.0 267313000000.0 61598500000.0 301317000.0 8188850000.0 10982500000.0 121220000000.0 -3.8 4.394 [-3.8]
25118900000000.0 1.06793e+17 17075300000.0 869054000000.0 699105000000.0 165702000000.0 115908000000.0 779162.0 560091000000.0 235698000000.0 52094000000.0 329427000.0 8856250000.0 11524200000.0 120042000000.0 -3.78 4.391 [-3.78]
25118900000000.0 1.01405e+17 17613800000.0 867149000000.0 671251000000.0 165748000000.0 105824000000.0 874535.0 567293000000.0 207552000000.0 44004900000.0 359379000.0 9557980000.0 12067500000.0 118605000000.0 -3.76 4.388 [-3.76]
25118900000000.0 9.62948e+16 18145300000.0 863891000000.0 643422000000.0 165587000000.0 96462400000.0 981816.0 574051000000.0 182532000000.0 37128700000.0 391193000.0 10293200000.0 12609600000.0 116913000000.0 -3.74 4.384 [-3.74]
25118900000000.0 9.14423e+16 18668500000.0 859285000000.0 615686000000.0 165220000000.0 87782900000.0 1102550.0 580352000000.0 160306000000.0 31286500000.0 424897000.0 11061100000.0 13147900000.0 114969000000.0 -3.72 4.381 [-3.72]
25118900000000.0 8.68454e+16 19181000000.0 853387000000.0 588197000000.0 164655000000.0 79770300000.0 1238150.0 586175000000.0 140635000000.0 26339400000.0 460401000.0 11858900000.0 13678300000.0 112786000000.0 -3.7 4.378 [-3.7]
25118900000000.0 8.24797e+16 19682000000.0 846203000000.0 560971000000.0 163892000000.0 72370900000.0 1390690.0 591511000000.0 123209000000.0 22145600000.0 497751000.0 12685300000.0 14198200000.0 110368000000.0 -3.68 4.374 [-3.68]
25118900000000.0 7.83365e+16 20169900000.0 837786000000.0 534111000000.0 162938000000.0 65556600000.0 1562130.0 596345000000.0 107806000000.0 18597500000.0 536869000.0 13537400000.0 14703600000.0 107725000000.0 -3.66 4.371 [-3.66]
25118900000000.0 7.44041e+16 20643100000.0 828185000000.0 507693000000.0 161797000000.0 59293000000.0 1754760.0 600663000000.0 94208500000.0 15599000000.0 577680000.0 14411900000.0 15191000000.0 104872000000.0 -3.64 4.368 [-3.64]
25118900000000.0 7.06677e+16 21100800000.0 817441000000.0 481759000000.0 160473000000.0 53541200000.0 1971290.0 604452000000.0 82210800000.0 13065900000.0 620125000.0 15305400000.0 15656600000.0 101818000000.0 -3.62 4.364 [-3.62]
