Cloudy_runs/phl1811/z=0.080928/logZ=-1/component_III_PI_nH/component_III_PI_nH_col_density_param.txt
# %ECSV 1.0
# ---
# datatype:
# - {name: H, datatype: float64}
# - {name: H+, datatype: float64}
# - {name: C+, datatype: float64}
# - {name: C+2, datatype: float64}
# - {name: C+3, datatype: float64}
# - {name: N+, datatype: float64}
# - {name: N+2, datatype: float64}
# - {name: N+4, datatype: float64}
# - {name: O, datatype: float64}
# - {name: O+2, datatype: float64}
# - {name: O+5, datatype: float64}
# - {name: O+6, datatype: float64}
# - {name: P+, datatype: float64}
# - {name: Si+, datatype: float64}
# - {name: Si+2, datatype: float64}
# - {name: Si+3, datatype: float64}
# - {name: Si+4, datatype: float64}
# - {name: Fe+, datatype: float64}
# - {name: Al+, datatype: float64}
# - {name: log_nH, datatype: float64}
# - {name: parameters, datatype: string, subtype: 'float64[1]'}
# schema: astropy-2.0
H H+ C+ C+2 C+3 N+ N+2 N+4 O O+2 O+5 O+6 P+ Si+ Si+2 Si+3 Si+4 Fe+ Al+ log_nH parameters
[from data line 217]
1.04714e+18 6.07717e+17 38794500000000.0 764370000000.0 11142600.0 4871550000000.0 785380000.0 0.0 55127600000000.0 3994880000.0 0.0 0.0 42214300000.0 5304100000000.0 35009400000.0 188593000.0 948154.0 5054890000000.0 454527000000.0 -0.66 [-0.66]
1.04714e+18 5.89455e+17 38269000000000.0 728079000000.0 10282400.0 4721690000000.0 718744000.0 0.0 55053700000000.0 3651650000.0 0.0 0.0 41757300000.0 5246700000000.0 33159800000.0 176242000.0 882460.0 5006080000000.0 449815000000.0 -0.64 [-0.64]
1.04713e+18 5.72005e+17 37761000000000.0 693765000000.0 9498220.0 4577780000000.0 658363000.0 0.0 54981000000000.0 3341700000.0 0.0 0.0 41320300000.0 5191770000000.0 31433300000.0 164826000.0 723993.0 4959240000000.0 445310000000.0 -0.62 [-0.62]
1.04715e+18 5.54972e+17 37263100000000.0 661093000000.0 8777780.0 4437200000000.0 602904000.0 0.0 54910200000000.0 3057520000.0 0.0 0.0 40894200000.0 5138200000000.0 29793100000.0 154197000.0 583462.0 4913410000000.0 440912000000.0 -0.6 [-0.6]
1.04715e+18 5.38532e+17 36777500000000.0 630041000000.0 8117820.0 4301010000000.0 552335000.0 0.0 54839500000000.0 2799190000.0 0.0 0.0 40482300000.0 5086400000000.0 28247400000.0 144331000.0 487175.0 4868960000000.0 436659000000.0 -0.58 [-0.58]
1.04715e+18 5.22601e+17 36303100000000.0 600540000000.0 7512080.0 4168830000000.0 506090000.0 0.0 54769600000000.0 2563380000.0 0.0 0.0 40082900000.0 5036160000000.0 26788300000.0 135157000.0 400876.0 4825710000000.0 432532000000.0 -0.56 [-0.56]
1.04715e+18 5.07206e+17 35840500000000.0 572517000000.0 6956210.0 4040710000000.0 463845000.0 0.0 54700800000000.0 2348490000.0 0.0 0.0 39696900000.0 4987570000000.0 25410700000.0 126629000.0 322569.0 4783770000000.0 428541000000.0 -0.54 [-0.54]
1.04714e+18 4.92307e+17 35388500000000.0 545858000000.0 6445440.0 3916430000000.0 425231000.0 0.0 54632900000000.0 2152490000.0 0.0 0.0 39323000000.0 4940500000000.0 24109600000.0 118693000.0 248595.0 4743040000000.0 424674000000.0 -0.52 [-0.52]
1.04714e+18 4.77895e+17 34947200000000.0 520508000000.0 5027810.0 3795870000000.0 389926000.0 0.0 54565900000000.0 1973690000.0 0.0 0.0 38961300000.0 4894940000000.0 22879500000.0 111308000.0 178135.0 4703510000000.0 420930000000.0 -0.5 [-0.5]
1.04714e+18 4.63961e+17 34516300000000.0 496406000000.0 3842530.0 3679070000000.0 357648000.0 0.0 54500000000000.0 1810500000.0 0.0 0.0 38611400000.0 4850860000000.0 21718300000.0 104430000.0 0.0 4665170000000.0 417307000000.0 -0.48 [-0.48]
1.04714e+18 4.50467e+17 34094700000000.0 473455000000.0 2854970.0 3565640000000.0 328103000.0 0.0 54435100000000.0 1661460000.0 0.0 0.0 38272500000.0 4808140000000.0 20617900000.0 98020200.0 0.0 4627930000000.0 413796000000.0 -0.46 [-0.46]
1.04714e+18 4.37411e+17 33682700000000.0 451619000000.0 1952460.0 3455650000000.0 301066000.0 0.0 54371200000000.0 1525310000.0 0.0 0.0 37944400000.0 4766780000000.0 19576900000.0 92044400.0 0.0 4591800000000.0 410397000000.0 -0.44 [-0.44]
1.04713e+18 4.24765e+17 33279200000000.0 430818000000.0 1175140.0 3348870000000.0 276307000.0 0.0 54308200000000.0 1400840000.0 0.0 0.0 37626500000.0 4726690000000.0 18590600000.0 86468900.0 0.0 4556690000000.0 407101000000.0 -0.42 [-0.42]
1.04713e+18 4.12516e+17 32884200000000.0 411002000000.0 0.0 3245230000000.0 253629000.0 0.0 54246300000000.0 1287000000.0 0.0 0.0 37318500000.0 4687830000000.0 17656000000.0 81264500.0 0.0 4522600000000.0 403906000000.0 -0.4 [-0.4]
1.04713e+18 4.00664e+17 32497900000000.0 392141000000.0 0.0 3144710000000.0 232857000.0 0.0 54185400000000.0 1182880000.0 0.0 0.0 37020300000.0 4650210000000.0 16770100000.0 76405800.0 0.0 4489530000000.0 400813000000.0 -0.38 [-0.38]
1.04713e+18 3.89169e+17 32118900000000.0 374152000000.0 0.0 3047030000000.0 213811000.0 0.0 54125400000000.0 1087550000.0 0.0 0.0 36731100000.0 4613700000000.0 15929000000.0 71864700.0 0.0 4457370000000.0 397811000000.0 -0.36 [-0.36]
1.04713e+18 3.78037e+17 31747600000000.0 357014000000.0 0.0 2952230000000.0 196353000.0 0.0 54066500000000.0 1000280000.0 0.0 0.0 36450900000.0 4578320000000.0 15130900000.0 67620400.0 0.0 4426160000000.0 394902000000.0 -0.34 [-0.34]
1.04713e+18 3.67249e+17 31383600000000.0 340675000000.0 0.0 2860190000000.0 180344000.0 0.0 54008400000000.0 920324000.0 0.0 0.0 36179300000.0 4544020000000.0 14373100000.0 63651000.0 0.0 4395840000000.0 392081000000.0 -0.32 [-0.32]
1.04713e+18 3.56792e+17 31026400000000.0 325096000000.0 0.0 2770780000000.0 165658000.0 0.0 53951400000000.0 847059000.0 0.0 0.0 35915900000.0 4510740000000.0 13652700000.0 59937000.0 0.0 4366380000000.0 389344000000.0 -0.3 [-0.3]
1.04713e+18 3.46651e+17 30675800000000.0 310237000000.0 0.0 2683920000000.0 152180000.0 0.0 53895300000000.0 779879000.0 0.0 0.0 35660400000.0 4478460000000.0 12967600000.0 56459900.0 0.0 4337760000000.0 386689000000.0 -0.28 [-0.28]
1.04713e+18 3.36813e+17 30331400000000.0 296056000000.0 0.0 2599470000000.0 139807000.0 0.0 53840100000000.0 718262000.0 0.0 0.0 35412400000.0 4447110000000.0 12315400000.0 53203300.0 0.0 4309930000000.0 384111000000.0 -0.26 [-0.26]
1.04713e+18 3.27274e+17 29993100000000.0 282531000000.0 0.0 2517440000000.0 128449000.0 0.0 53785900000000.0 661727000.0 0.0 0.0 35171900000.0 4416700000000.0 11694800000.0 50152200.0 0.0 4282890000000.0 381611000000.0 -0.24 [-0.24]
1.04713e+18 3.18017e+17 29660600000000.0 269622000000.0 0.0 2437690000000.0 118017000.0 0.0 53732600000000.0 609837000.0 0.0 0.0 34938500000.0 4387180000000.0 11103500000.0 47292000.0 0.0 4256600000000.0 379183000000.0 -0.22 [-0.22]
1.04713e+18 3.09038e+17 29333900000000.0 257307000000.0 0.0 2360160000000.0 108434000.0 0.0 53680300000000.0 562192000.0 0.0 0.0 34712000000.0 4358520000000.0 10539700000.0 44610100.0 0.0 4231060000000.0 376826000000.0 -0.2 [-0.2]
1.04713e+18 3.00309e+17 29012100000000.0 245540000000.0 0.0 2284590000000.0 99620900.0 0.0 53628700000000.0 518415000.0 0.0 0.0 34491700000.0 4330650000000.0 9999970000.0 42093700.0 0.0 4206180000000.0 374534000000.0 -0.18 [-0.18]
1.04713e+18 2.91842e+17 28695600000000.0 234311000000.0 0.0 2211190000000.0 91525700.0 0.0 53578100000000.0 478193000.0 0.0 0.0 34278000000.0 4303590000000.0 9486310000.0 39732000.0 0.0 4182010000000.0 372309000000.0 -0.16 [-0.16]
1.04714e+18 2.83614e+17 28384100000000.0 223587000000.0 0.0 2139680000000.0 84080700.0 0.0 53528900000000.0 441218000.0 0.0 0.0 34070500000.0 4277320000000.0 8994810000.0 37514800.0 0.0 4158520000000.0 370149000000.0 -0.14 [-0.14]
1.04714e+18 2.75621e+17 28077100000000.0 213345000000.0 0.0 2070010000000.0 77231900.0 0.0 53480100000000.0 407223000.0 0.0 0.0 33868600000.0 4251760000000.0 8524110000.0 35432300.0 0.0 4135650000000.0 368047000000.0 -0.12 [-0.12]
1.04714e+18 2.67855e+17 27774600000000.0 203565000000.0 0.0 2002160000000.0 70933600.0 0.0 53432100000000.0 375953000.0 0.0 0.0 33672400000.0 4226900000000.0 8074110000.0 33475600.0 0.0 4113380000000.0 366004000000.0 -0.1 [-0.1]
1.04714e+18 2.60298e+17 27476100000000.0 194217000000.0 0.0 1935970000000.0 65135400.0 0.0 53384800000000.0 347166000.0 0.0 0.0 33481300000.0 4202690000000.0 7642740000.0 31635900.0 0.0 4091680000000.0 364014000000.0 -0.08 [-0.08]
1.04713e+18 2.5299e+17 27182900000000.0 185311000000.0 0.0 1871680000000.0 59817000.0 0.0 53338100000000.0 320748000.0 0.0 0.0 33296300000.0 4179240000000.0 7231820000.0 29908100.0 0.0 4070640000000.0 362087000000.0 -0.06 [-0.06]
1.04713e+18 2.45844e+17 26892700000000.0 176784000000.0 0.0 1808620000000.0 54902600.0 0.0 53292500000000.0 296365000.0 0.0 0.0 33115500000.0 4156320000000.0 6833980000.0 28281700.0 0.0 4050080000000.0 360204000000.0 -0.04 [-0.04]
1.04713e+18 2.38863e+17 26605400000000.0 168621000000.0 0.0 1746650000000.0 50364500.0 0.0 53247600000000.0 273888000.0 0.0 0.0 32938800000.0 4133920000000.0 6448110000.0 26751200.0 0.0 4029980000000.0 358364000000.0 -0.02 [-0.02]
1.04714e+18 2.3208e+17 26322300000000.0 160835000000.0 0.0 1686010000000.0 46182800.0 0.0 53203900000000.0 253215000.0 0.0 0.0 32767200000.0 4112160000000.0 6074990000.0 25312000.0 0.0 4010470000000.0 356578000000.0 -0.0 [-0.0]
1.04713e+18 2.25546e+17 26043500000000.0 153428000000.0 0.0 1628130000000.0 42378000.0 0.0 53160600000000.0 234163000.0 0.0 0.0 32601700000.0 4091140000000.0 5733780000.0 23956000.0 0.0 3991540000000.0 354854000000.0 0.02 [0.02]
1.04714e+18 2.19113e+17 25767900000000.0 146332000000.0 0.0 1570050000000.0 38829500.0 0.0 53118500000000.0 216603000.0 0.0 0.0 32438800000.0 4070470000000.0 5389290000.0 22680600.0 0.0 3973000000000.0 353158000000.0 0.04 [0.04]
1.04713e+18 2.1275e+17 25492300000000.0 139513000000.0 0.0 1511490000000.0 35521800.0 0.0 53075500000000.0 200399000.0 0.0 0.0 32277000000.0 4049950000000.0 5043080000.0 21479900.0 0.0 3954630000000.0 351476000000.0 0.06 [0.06]
1.04713e+18 2.06349e+17 25218400000000.0 133025000000.0 0.0 1449790000000.0 32416800.0 0.0 53032900000000.0 185482000.0 0.0 0.0 32114100000.0 4029270000000.0 4691990000.0 20356900.0 0.0 3936220000000.0 349790000000.0 0.08 [0.08]
1.04713e+18 1.99235e+17 24934300000000.0 126643000000.0 0.0 1372790000000.0 29353000.0 0.0 52987300000000.0 171779000.0 0.0 0.0 31931900000.0 4005990000000.0 4306600000.0 19326700.0 0.0 3915800000000.0 347933000000.0 0.1 [0.1]
1.04713e+18 1.92235e+17 24650000000000.0 120435000000.0 0.0 1297560000000.0 26542200.0 0.0 52942500000000.0 159106000.0 0.0 0.0 31752800000.0 3982970000000.0 3947300000.0 18353400.0 0.0 3895620000000.0 346106000000.0 0.12 [0.12]
1.04713e+18 1.8524e+17 24363000000000.0 114391000000.0 0.0 1222040000000.0 23929100.0 0.0 52898100000000.0 147384000.0 0.0 0.0 31573800000.0 3959820000000.0 3599550000.0 17435000.0 0.0 3875420000000.0 344279000000.0 0.14 [0.14]
1.04713e+18 1.78361e+17 24077900000000.0 108593000000.0 0.0 1147920000000.0 21521400.0 0.0 52854700000000.0 136548000.0 0.0 0.0 31398000000.0 3936960000000.0 3267300000.0 16566900.0 0.0 3855520000000.0 342480000000.0 0.16 [0.16]
1.04713e+18 1.71631e+17 23791800000000.0 103002000000.0 0.0 1076070000000.0 19323700.0 0.0 52812400000000.0 126544000.0 0.0 0.0 31226000000.0 3914450000000.0 2958430000.0 15745200.0 0.0 3835980000000.0 340718000000.0 0.18 [0.18]
1.04713e+18 1.65011e+17 23505100000000.0 97628100000.0 0.0 1005310000000.0 17300900.0 0.0 52770700000000.0 117323000.0 0.0 0.0 31056700000.0 3892130000000.0 2663610000.0 14968700.0 0.0 3816720000000.0 338981000000.0 0.2 [0.2]
1.04713e+18 1.58604e+17 23218800000000.0 92479900000.0 0.0 937101000000.0 15460000.0 0.0 52731000000000.0 108858000.0 0.0 0.0 30893000000.0 3870390000000.0 2388410000.0 14234000.0 0.0 3798050000000.0 337301000000.0 0.22 [0.22]
1.04713e+18 1.52145e+17 22926900000000.0 87469600000.0 0.0 867805000000.0 13733500.0 0.0 52691400000000.0 101006000.0 0.0 0.0 30728000000.0 3848250000000.0 2119480000.0 13538800.0 0.0 3779210000000.0 335604000000.0 0.24 [0.24]
1.04713e+18 1.4582e+17 22637000000000.0 82781600000.0 0.0 803330000000.0 12175600.0 0.0 52652300000000.0 93501800.0 0.0 0.0 30566400000.0 3826580000000.0 1875340000.0 12871900.0 0.0 3760650000000.0 333933000000.0 0.26 [0.26]
1.04713e+18 1.39562e+17 22343300000000.0 78274500000.0 0.0 740111000000.0 10744600.0 0.0 52614000000000.0 86539200.0 0.0 0.0 30406500000.0 3804940000000.0 1645210000.0 12239400.0 0.0 3742250000000.0 332278000000.0 0.28 [0.28]
1.04713e+18 1.33304e+17 22045500000000.0 73937100000.0 0.0 676684000000.0 9416460.0 0.0 52576300000000.0 80078900.0 0.0 0.0 30246600000.0 3783080000000.0 1425930000.0 11640100.0 0.0 3723820000000.0 330620000000.0 0.3 [0.3]
1.04713e+18 1.27248e+17 21746000000000.0 69828800000.0 0.0 617144000000.0 8225930.0 0.0 52539800000000.0 74050000.0 0.0 0.0 30091800000.0 3761760000000.0 1227430000.0 11069000.0 0.0 3705910000000.0 329012000000.0 0.32 [0.32]
1.04713e+18 1.21319e+17 21445000000000.0 65927600000.0 0.0 559450000000.0 7142910.0 0.0 52504400000000.0 68459100.0 0.0 0.0 29940200000.0 3740670000000.0 1043960000.0 10526900.0 0.0 3688340000000.0 327436000000.0 0.34 [0.34]
1.04713e+18 1.15493e+17 21139200000000.0 62195700000.0 0.0 504047000000.0 6164300.0 0.0 52469900000000.0 63239800.0 0.0 0.0 29791200000.0 3719710000000.0 878254000.0 10011000.0 0.0 3671010000000.0 325884000000.0 0.36 [0.36]
1.04713e+18 1.09059e+17 20813200000000.0 58437500000.0 0.0 440722000000.0 5176140.0 0.0 52434100000000.0 58287400.0 0.0 0.0 29626500000.0 3696100000000.0 710621000.0 9521030.0 0.0 3651850000000.0 324167000000.0 0.38 [0.38]
1.04713e+18 1.04072e+17 20514800000000.0 55240100000.0 0.0 398147000000.0 4464960.0 0.0 52403700000000.0 53816700.0 0.0 0.0 29498900000.0 3677880000000.0 589656000.0 9053210.0 0.0 3636920000000.0 322837000000.0 0.4 [0.4]
1.04713e+18 9.8729e+16 20202400000000.0 52074900000.0 0.0 351140000000.0 3766200.0 0.0 52372600000000.0 49592600.0 0.0 0.0 29361900000.0 3657960000000.0 472390000.0 8608720.0 0.0 3620880000000.0 321409000000.0 0.42 [0.42]
1.04713e+18 9.32536e+16 19879800000000.0 49002800000.0 0.0 302977000000.0 3108170.0 0.0 52341900000000.0 45619800.0 0.0 0.0 29221500000.0 3637210000000.0 363415000.0 8185710.0 0.0 3604420000000.0 319943000000.0 0.44 [0.44]
1.04713e+18 8.88022e+16 19577300000000.0 46312400000.0 0.0 268748000000.0 2629580.0 0.0 52314900000000.0 42027400.0 0.0 0.0 29107300000.0 3620310000000.0 285015000.0 7783980.0 0.0 3590970000000.0 318754000000.0 0.46 [0.46]
1.04713e+18 8.41689e+16 19262500000000.0 43667500000.0 0.0 232198000000.0 2167650.0 0.0 52288100000000.0 38659800.0 0.0 0.0 28988300000.0 3602330000000.0 210831000.0 7402250.0 0.0 3576970000000.0 317515000000.0 0.48 [0.48]
1.04713e+18 7.97472e+16 18947100000000.0 41176700000.0 0.0 198912000000.0 1769840.0 0.0 52262600000000.0 35524300.0 0.0 0.0 28874600000.0 3584950000000.0 148512000.0 7039120.0 0.0 3563580000000.0 316333000000.0 0.5 [0.5]
1.04713e+18 7.56753e+16 18637400000000.0 38875700000.0 0.0 170160000000.0 1441930.0 0.0 52238500000000.0 32637200.0 0.0 0.0 28769800000.0 3568770000000.0 98805500.0 6694320.0 0.0 3551210000000.0 315245000000.0 0.52 [0.52]
1.04713e+18 7.19305e+16 18328400000000.0 36710900000.0 0.0 145056000000.0 1170910.0 0.0 52216100000000.0 30003500.0 0.0 0.0 28673200000.0 3553570000000.0 58971300.0 6367550.0 0.0 3539820000000.0 314245000000.0 0.54 [0.54]
1.04713e+18 6.71164e+16 17990000000000.0 34456100000.0 0.0 107443000000.0 815893.0 0.0 52190500000000.0 27353900.0 0.0 0.0 28549100000.0 3533950000000.0 2447280.0 6054730.0 0.0 3525260000000.0 312955000000.0 0.56 [0.56]
1.04713e+18 6.46899e+16 17708500000000.0 32729700000.0 0.0 100553000000.0 736703.0 0.0 52172500000000.0 25174600.0 0.0 0.0 28486100000.0 3523960000000.0 2287920.0 5760040.0 0.0 3517750000000.0 312314000000.0 0.58 [0.58]
1.04713e+18 6.24104e+16 17427600000000.0 31088500000.0 0.0 94343400000.0 667486.0 0.0 52155700000000.0 23185400.0 0.0 0.0 28426900000.0 3514360000000.0 2154850.0 5480340.0 0.0 3510700000000.0 311714000000.0 0.6 [0.6]
1.04713e+18 6.02256e+16 17147900000000.0 29530900000.0 0.0 88647200000.0 606064.0 0.0 52139500000000.0 21348000.0 0.0 0.0 28369900000.0 3505040000000.0 2038360.0 5214470.0 0.0 3503960000000.0 311139000000.0 0.62 [0.62]
1.04713e+18 5.81341e+16 16868000000000.0 28047500000.0 0.0 83404900000.0 551431.0 0.0 52123900000000.0 19655200.0 0.0 0.0 28315300000.0 3495940000000.0 1933420.0 4961740.0 0.0 3497520000000.0 310591000000.0 0.64 [0.64]
1.04713e+18 5.61319e+16 16589200000000.0 26637100000.0 0.0 78561000000.0 502640.0 0.0 52109000000000.0 18095700.0 0.0 0.0 28262800000.0 3487080000000.0 1837190.0 4721490.0 0.0 3491350000000.0 310066000000.0 0.66 [0.66]
1.04713e+18 5.42056e+16 16311000000000.0 25293100000.0 0.0 74059400000.0 458868.0 0.0 52094500000000.0 16656200.0 0.0 0.0 28212200000.0 3478410000000.0 1747760.0 4493020.0 0.0 3485430000000.0 309563000000.0 0.68 [0.68]
1.04713e+18 5.2354e+16 16033300000000.0 24012200000.0 0.0 69870800000.0 419542.0 0.0 52080500000000.0 15329100.0 0.0 0.0 28163300000.0 3469900000000.0 1664010.0 4275740.0 0.0 3479740000000.0 309080000000.0 0.7 [0.7]
