Cloudy_runs/phl1811/z=0.080928/logZ=-1/component_III_PI_nH/component_III_PI_nH_col_density_param.txt
# %ECSV 1.0
# ---
# datatype:
# - {name: H, datatype: float64}
# - {name: H+, datatype: float64}
# - {name: C+, datatype: float64}
# - {name: C+2, datatype: float64}
# - {name: C+3, datatype: float64}
# - {name: N+, datatype: float64}
# - {name: N+2, datatype: float64}
# - {name: N+4, datatype: float64}
# - {name: O, datatype: float64}
# - {name: O+2, datatype: float64}
# - {name: O+5, datatype: float64}
# - {name: O+6, datatype: float64}
# - {name: P+, datatype: float64}
# - {name: Si+, datatype: float64}
# - {name: Si+2, datatype: float64}
# - {name: Si+3, datatype: float64}
# - {name: Si+4, datatype: float64}
# - {name: Fe+, datatype: float64}
# - {name: Al+, datatype: float64}
# - {name: log_nH, datatype: float64}
# - {name: parameters, datatype: string, subtype: 'float64[1]'}
# schema: astropy-2.0
H H+ C+ C+2 C+3 N+ N+2 N+4 O O+2 O+5 O+6 P+ Si+ Si+2 Si+3 Si+4 Fe+ Al+ log_nH parameters
1.04721e+18 1.42042e+22 425810000000000.0 9.09637e+16 1.24766e+17 30320500000000.0 1.45789e+16 7339340000000000.0 40010600000.0 4.06181e+17 3.46247e+16 3.96151e+16 547225000000.0 47131300000000.0 2095000000000000.0 5175730000000000.0 1.67319e+16 36624200000.0 8315560000000.0 -5.0 [-5.0]
1.04714e+18 1.34875e+22 435478000000000.0 8.90418e+16 1.17453e+17 31391700000000.0 1.44603e+16 7020300000000000.0 42537400000.0 3.89046e+17 3.21219e+16 3.52661e+16 569198000000.0 49157400000000.0 2134650000000000.0 5066360000000000.0 1.57639e+16 38982500000.0 8680590000000.0 -4.98 [-4.98]
1.04729e+18 1.28079e+22 445183000000000.0 8.71481e+16 1.10563e+17 32491000000000.0 1.43381e+16 6708280000000000.0 45257200000.0 3.72626e+17 2.97539e+16 3.13486e+16 591558000000.0 51180900000000.0 2171950000000000.0 4953500000000000.0 1.4847e+16 41477000000.0 9054190000000.0 -4.96 [-4.96]
1.04725e+18 1.21632e+22 454969000000000.0 8.52948e+16 1.04079e+17 33608500000000.0 1.42131e+16 6402860000000000.0 48165900000.0 3.56926e+17 2.75168e+16 2.78209e+16 614486000000.0 53206500000000.0 2207350000000000.0 4837790000000000.0 1.39801e+16 44125000000.0 9439580000000.0 -4.94 [-4.94]
1.04716e+18 1.15489e+22 464561000000000.0 8.34338e+16 9.79591e+16 34738000000000.0 1.40825e+16 6104270000000000.0 51290700000.0 3.41802e+17 2.54062e+16 2.46509e+16 637431000000.0 55167900000000.0 2238670000000000.0 4719360000000000.0 1.3156e+16 46935500000.0 9831440000000.0 -4.92 [-4.92]
1.04715e+18 1.09656e+22 474128000000000.0 8.15942e+16 9.21815e+16 35882800000000.0 1.39452e+16 5813510000000000.0 54645700000.0 3.2726e+17 2.3423e+16 2.18095e+16 660797000000.0 57114400000000.0 2267280000000000.0 4596950000000000.0 1.23767e+16 49896000000.0 10231600000000.0 -4.9 [-4.9]
1.04728e+18 1.04131e+22 483799000000000.0 7.98027e+16 8.67638e+16 37053800000000.0 1.38089e+16 5529830000000000.0 58283300000.0 3.13426e+17 2.1559e+16 1.92642e+16 684759000000.0 59033900000000.0 2293560000000000.0 4474880000000000.0 1.16434e+16 53071500000.0 10646400000000.0 -4.88 [-4.88]
1.04727e+18 9.88733e+21 493216000000000.0 7.80113e+16 8.16431e+16 38235300000000.0 1.36642e+16 5254220000000000.0 62170900000.0 3.0008e+17 1.98143e+16 1.69919e+16 708672000000.0 60877200000000.0 2315630000000000.0 4349240000000000.0 1.09498e+16 56397200000.0 11062400000000.0 -4.86 [-4.86]
1.04726e+18 9.3887e+21 502726000000000.0 7.62507e+16 7.68171e+16 39448900000000.0 1.35159e+16 4986680000000000.0 66374600000.0 2.87293e+17 1.81832e+16 1.49663e+16 733150000000.0 62691800000000.0 2335110000000000.0 4221920000000000.0 1.02966e+16 59932600000.0 11490600000000.0 -4.84 [-4.84]
1.04717e+18 8.91491e+21 512073000000000.0 7.45076e+16 7.22729e+16 40673600000000.0 1.33635e+16 4726940000000000.0 70898500000.0 2.75039e+17 1.66604e+16 1.3162e+16 757716000000.0 64418000000000.0 2350620000000000.0 4094000000000000.0 9681320000000000.0 63679900000.0 11924700000000.0 -4.82 [-4.82]
1.04715e+18 8.46582e+21 521466000000000.0 7.28005e+16 6.79962e+16 41917100000000.0 1.32083e+16 4475440000000000.0 75792400000.0 2.63321e+17 1.52426e+16 1.15585e+16 782897000000.0 66104600000000.0 2363520000000000.0 3965680000000000.0 9103690000000000.0 67667200000.0 12371500000000.0 -4.8 [-4.8]
1.04727e+18 8.04012e+21 530789000000000.0 7.11207e+16 6.3975e+16 43193700000000.0 1.30507e+16 4232220000000000.0 81095300000.0 2.52123e+17 1.39247e+16 1.01365e+16 808241000000.0 67700200000000.0 2372780000000000.0 3838010000000000.0 8561840000000000.0 71905700000.0 12824000000000.0 -4.78 [-4.78]
1.04713e+18 7.63319e+21 539756000000000.0 6.94181e+16 6.01445e+16 44459800000000.0 1.28784e+16 3998400000000000.0 86760800000.0 2.41197e+17 1.2705e+16 8877310000000000.0 833548000000.0 69214700000000.0 2377570000000000.0 3705400000000000.0 8049260000000000.0 76327500000.0 13277200000000.0 -4.76 [-4.76]
1.04728e+18 7.24994e+21 549056000000000.0 6.77889e+16 5.65741e+16 45787900000000.0 1.27133e+16 3771780000000000.0 92977800000.0 2.3093e+17 1.15727e+16 7764370000000000.0 859761000000.0 70673100000000.0 2380650000000000.0 3578110000000000.0 7572440000000000.0 81113300000.0 13748700000000.0 -4.74 [-4.74]
1.04724e+18 6.88476e+21 557998000000000.0 6.61558e+16 5.31975e+16 47117000000000.0 1.25402e+16 3553910000000000.0 99646000000.0 2.21015e+17 1.05264e+16 6781240000000000.0 885712000000.0 72002500000000.0 2379010000000000.0 3450210000000000.0 7123870000000000.0 86146000000.0 14217900000000.0 -4.72 [-4.72]
1.04716e+18 6.53911e+21 566947000000000.0 6.45658e+16 5.00195e+16 48463600000000.0 1.2365e+16 3344390000000000.0 106845000000.0 2.11562e+17 9561170000000000.0 5914220000000000.0 912371000000.0 73284200000000.0 2375400000000000.0 3323640000000000.0 6705680000000000.0 91503900000.0 14699200000000.0 -4.7 [-4.7]
1.04722e+18 6.20951e+21 575524000000000.0 6.29635e+16 4.7013e+16 49822100000000.0 1.21814e+16 3143920000000000.0 114639000000.0 2.02408e+17 8673710000000000.0 5152400000000000.0 938558000000.0 74415000000000.0 2366640000000000.0 3197270000000000.0 6311880000000000.0 97158200000.0 15174400000000.0 -4.68 [-4.68]
1.04718e+18 5.89733e+21 584225000000000.0 6.13956e+16 4.41745e+16 51218600000000.0 1.1994e+16 2951950000000000.0 123060000000.0 1.93654e+17 7858240000000000.0 4483000000000000.0 965364000000.0 75499000000000.0 2355900000000000.0 3071620000000000.0 5944990000000000.0 103153000000.0 15658500000000.0 -4.66 [-4.66]
1.04717e+18 5.60114e+21 592801000000000.0 5.98522e+16 4.15043e+16 52635700000000.0 1.18051e+16 2767890000000000.0 132198000000.0 1.85294e+17 7109270000000000.0 3895680000000000.0 992423000000.0 76477700000000.0 2342140000000000.0 2949160000000000.0 5602020000000000.0 109554000000.0 16147600000000.0 -4.64 [-4.64]
1.04713e+18 5.32086e+21 601422000000000.0 5.83475e+16 3.89971e+16 54088400000000.0 1.16171e+16 2591420000000000.0 142133000000.0 1.77353e+17 6422750000000000.0 3381180000000000.0 1020030000000.0 77373300000000.0 2326310000000000.0 2830840000000000.0 5282380000000000.0 116422000000.0 16646300000000.0 -4.62 [-4.62]
1.04714e+18 5.05356e+21 609579000000000.0 5.68377e+16 3.66195e+16 55529600000000.0 1.14196e+16 2423860000000000.0 152824000000.0 1.69652e+17 5795670000000000.0 2930980000000000.0 1047330000000.0 78156100000000.0 2306670000000000.0 2712610000000000.0 4982740000000000.0 123646000000.0 17137000000000.0 -4.6 [-4.6]
1.04723e+18 4.79922e+21 617520000000000.0 5.53355e+16 3.4374e+16 56995100000000.0 1.1217e+16 2264500000000000.0 164410000000.0 1.62237e+17 5223470000000000.0 2538000000000000.0 1074420000000.0 78818200000000.0 2283620000000000.0 2596640000000000.0 4702250000000000.0 131313000000.0 17621300000000.0 -4.58 [-4.58]
1.04717e+18 4.55873e+21 625538000000000.0 5.38721e+16 3.22615e+16 58500500000000.0 1.10148e+16 2112510000000000.0 176932000000.0 1.55191e+17 4701380000000000.0 2195280000000000.0 1102030000000.0 79416100000000.0 2259210000000000.0 2484470000000000.0 4441430000000000.0 139490000000.0 18110500000000.0 -4.56 [-4.56]
1.04716e+18 4.33028e+21 633387000000000.0 5.24259e+16 3.02672e+16 60022400000000.0 1.08089e+16 1968370000000000.0 190504000000.0 1.48428e+17 4226570000000000.0 1896640000000000.0 1129790000000.0 79929000000000.0 2232540000000000.0 2375020000000000.0 4197780000000000.0 148197000000.0 18597200000000.0 -4.54 [-4.54]
1.04717e+18 4.11317e+21 641005000000000.0 5.09945e+16 2.83853e+16 61561000000000.0 1.05996e+16 1831750000000000.0 205194000000.0 1.41937e+17 3795310000000000.0 1636870000000000.0 1157470000000.0 80347200000000.0 2203550000000000.0 2268560000000000.0 3970050000000000.0 157455000000.0 19077400000000.0 -4.52 [-4.52]
1.0473e+18 3.90657e+21 648239000000000.0 4.95729e+16 2.66079e+16 63098000000000.0 1.03851e+16 1702970000000000.0 221097000000.0 1.35682e+17 3404390000000000.0 1410960000000000.0 1185010000000.0 80680500000000.0 2172310000000000.0 2164480000000000.0 3757180000000000.0 167288000000.0 19548200000000.0 -4.5 [-4.5]
1.0473e+18 3.7108e+21 655498000000000.0 4.81811e+16 2.49343e+16 64678100000000.0 1.01712e+16 1580640000000000.0 238304000000.0 1.29727e+17 3049460000000000.0 1214900000000000.0 1212790000000.0 80939100000000.0 2139850000000000.0 2064820000000000.0 3558430000000000.0 177793000000.0 20015000000000.0 -4.48 [-4.48]
1.04716e+18 3.52423e+21 662329000000000.0 4.67949e+16 2.33537e+16 66254500000000.0 9952370000000000.0 1465280000000000.0 256836000000.0 1.23982e+17 2727500000000000.0 1044620000000000.0 1239820000000.0 81075100000000.0 2104640000000000.0 1968130000000000.0 3371840000000000.0 188910000000.0 20458400000000.0 -4.46 [-4.46]
1.04722e+18 3.3482e+21 669421000000000.0 4.54509e+16 2.18683e+16 67898400000000.0 9736370000000000.0 1356610000000000.0 277070000000.0 1.18539e+17 2437870000000000.0 897632000000000.0 1268100000000.0 81222200000000.0 2070200000000000.0 1875760000000000.0 3198110000000000.0 200897000000.0 20914300000000.0 -4.44 [-4.44]
1.04715e+18 3.18029e+21 675892000000000.0 4.41095e+16 2.04664e+16 69525400000000.0 9515830000000000.0 1254590000000000.0 298904000000.0 1.13284e+17 2176600000000000.0 770499000000000.0 1295160000000.0 81234800000000.0 2032910000000000.0 1786630000000000.0 3034940000000000.0 213620000000.0 21336100000000.0 -4.42 [-4.42]
1.04716e+18 3.02113e+21 682358000000000.0 4.27957e+16 1.91457e+16 71192600000000.0 9295580000000000.0 1158570000000000.0 322616000000.0 1.08271e+17 1941020000000000.0 660684000000000.0 1322680000000.0 81219500000000.0 1995460000000000.0 1701300000000000.0 2881990000000000.0 227249000000.0 21752700000000.0 -4.4 [-4.4]
1.04724e+18 2.87028e+21 688783000000000.0 4.15084e+16 1.79024e+16 72897700000000.0 9075600000000000.0 1068560000000000.0 348376000000.0 1.03483e+17 1729140000000000.0 565884000000000.0 1350700000000.0 81182400000000.0 1958030000000000.0 1619630000000000.0 2738440000000000.0 241866000000.0 22164900000000.0 -4.38 [-4.38]
1.04715e+18 2.72648e+21 694557000000000.0 4.02298e+16 1.6731e+16 74582400000000.0 8852760000000000.0 984369000000000.0 376061000000.0 9.88703e+16 1538630000000000.0 484060000000000.0 1377370000000.0 81033100000000.0 1918540000000000.0 1541400000000000.0 2603310000000000.0 257355000000.0 22535100000000.0 -4.36 [-4.36]
1.04719e+18 2.59016e+21 700382000000000.0 3.89777e+16 1.56281e+16 76324400000000.0 8630730000000000.0 905609000000000.0 406172000000.0 9.44666e+16 1367690000000000.0 413669000000000.0 1404590000000.0 80876900000000.0 1879480000000000.0 1466720000000000.0 2475990000000000.0 273990000000.0 22898600000000.0 -4.34 [-4.34]
1.04725e+18 2.46055e+21 705887000000000.0 3.77444e+16 1.45899e+16 78076700000000.0 8408460000000000.0 832012000000000.0 438890000000.0 9.02457e+16 1214280000000000.0 353066000000000.0 1431370000000.0 80668700000000.0 1839790000000000.0 1395670000000000.0 2355610000000000.0 291846000000.0 23236300000000.0 -4.32 [-4.32]
1.0473e+18 2.33757e+21 711253000000000.0 3.65344e+16 1.36135e+16 79867700000000.0 8186620000000000.0 763528000000000.0 474290000000.0 8.62069e+16 1076780000000000.0 300949000000000.0 1457880000000.0 80425000000000.0 1799870000000000.0 1327870000000000.0 2242090000000000.0 310937000000.0 23547000000000.0 -4.3 [-4.3]
1.04716e+18 2.22043e+21 716208000000000.0 3.53391e+16 1.26948e+16 81668700000000.0 7964160000000000.0 699738000000000.0 512424000000.0 8.2327e+16 953627000000000.0 256235000000000.0 1483680000000.0 80127300000000.0 1759520000000000.0 1263390000000000.0 2134080000000000.0 331277000000.0 23825200000000.0 -4.28 [-4.28]
1.04728e+18 2.1096e+21 721194000000000.0 3.41752e+16 1.18318e+16 83523500000000.0 7744330000000000.0 640430000000000.0 554101000000.0 7.86337e+16 843251000000000.0 217896000000000.0 1510010000000.0 79849800000000.0 1720150000000000.0 1202220000000000.0 2031880000000000.0 353263000000.0 24090600000000.0 -4.26 [-4.26]
1.04716e+18 2.00399e+21 725557000000000.0 3.30252e+16 1.1022e+16 85369800000000.0 7524010000000000.0 585566000000000.0 598829000000.0 7.50808e+16 744910000000000.0 185046000000000.0 1534940000000.0 79501000000000.0 1679970000000000.0 1144160000000000.0 1934550000000000.0 376621000000.0 24309100000000.0 -4.24 [-4.24]
1.04723e+18 1.90388e+21 729951000000000.0 3.19044e+16 1.02604e+16 87270000000000.0 7306210000000000.0 534704000000000.0 647654000000.0 7.16949e+16 657297000000000.0 156943000000000.0 1560400000000.0 79180900000000.0 1641010000000000.0 1089130000000000.0 1841740000000000.0 401864000000.0 24514400000000.0 -4.22 [-4.22]
1.04716e+18 1.80853e+21 733837000000000.0 3.07993e+16 9546520000000000.0 89177300000000.0 7088700000000000.0 487850000000000.0 700256000000.0 6.84397e+16 579509000000000.0 132968000000000.0 1584410000000.0 78801700000000.0 1601420000000000.0 1037070000000000.0 1752930000000000.0 428791000000.0 24668100000000.0 -4.2 [-4.2]
1.04715e+18 1.71783e+21 737619000000000.0 2.9717e+16 8875060000000000.0 91135600000000.0 6872760000000000.0 444547000000000.0 757464000000.0 6.53229e+16 510354000000000.0 112497000000000.0 1608290000000.0 78428300000000.0 1562590000000000.0 987616000000000.0 1667800000000000.0 457795000000.0 24795700000000.0 -4.18 [-4.18]
1.04716e+18 1.63219e+21 741208000000000.0 2.8666e+16 8248970000000000.0 93126200000000.0 6660580000000000.0 404872000000000.0 819335000000.0 6.23563e+16 449201000000000.0 95110300000000.0 1631810000000.0 78059500000000.0 1524530000000000.0 940990000000000.0 1586620000000000.0 488896000000.0 24892400000000.0 -4.16 [-4.16]
1.04727e+18 1.55029e+21 744421000000000.0 2.76296e+16 7659340000000000.0 95145000000000.0 6448870000000000.0 368201000000000.0 886756000000.0 5.95001e+16 394872000000000.0 80286400000000.0 1654440000000.0 77676100000000.0 1486660000000000.0 896809000000000.0 1508040000000000.0 522455000000.0 24949600000000.0 -4.14 [-4.14]
1.04716e+18 1.47287e+21 747591000000000.0 2.66244e+16 7108700000000000.0 97216800000000.0 6241150000000000.0 334601000000000.0 959439000000.0 5.67827e+16 346794000000000.0 67672400000000.0 1677020000000.0 77308800000000.0 1449950000000000.0 854914000000000.0 1432840000000000.0 558396000000.0 24984800000000.0 -4.12 [-4.12]
1.04725e+18 1.39903e+21 750124000000000.0 2.56366e+16 6593680000000000.0 99295200000000.0 6035020000000000.0 303773000000000.0 1038160000000.0 5.41703e+16 304290000000000.0 56981200000000.0 1697870000000.0 76915600000000.0 1413090000000000.0 815508000000000.0 1360120000000000.0 596955000000.0 24963900000000.0 -4.1 [-4.1]
1.04713e+18 1.32876e+21 752506000000000.0 2.46718e+16 6110440000000000.0 101417000000000.0 5831470000000000.0 275441000000000.0 1123250000000.0 5.16688e+16 266671000000000.0 47907300000000.0 1718210000000.0 76527700000000.0 1377070000000000.0 778100000000000.0 1289760000000000.0 638341000000.0 24914600000000.0 -4.08 [-4.08]
1.04732e+18 1.26246e+21 754994000000000.0 2.374e+16 5660620000000000.0 103632000000000.0 5633060000000000.0 249596000000000.0 1216470000000.0 4.92948e+16 233539000000000.0 40246900000000.0 1738860000000.0 76187800000000.0 1342500000000000.0 742718000000000.0 1222130000000000.0 683309000000.0 24852600000000.0 -4.06 [-4.06]
1.04723e+18 1.19917e+21 756944000000000.0 2.28259e+16 5239970000000000.0 105853000000000.0 5436670000000000.0 225927000000000.0 1316660000000.0 4.70114e+16 204312000000000.0 33770600000000.0 1757610000000.0 75816700000000.0 1307900000000000.0 709338000000000.0 1156480000000000.0 731350000000.0 24740500000000.0 -4.04 [-4.04]
1.04732e+18 1.13909e+21 758718000000000.0 2.19377e+16 4847080000000000.0 108131000000000.0 5243870000000000.0 204309000000000.0 1425390000000.0 4.48285e+16 178539000000000.0 28293200000000.0 1775730000000.0 75464700000000.0 1274140000000000.0 677577000000000.0 1093100000000000.0 782983000000.0 24597000000000.0 -4.02 [-4.02]
1.04726e+18 1.0819e+21 759951000000000.0 2.10702e+16 4481320000000000.0 110418000000000.0 5053990000000000.0 184618000000000.0 1542260000000.0 4.27333e+16 155913000000000.0 23682600000000.0 1791950000000.0 75093500000000.0 1240530000000000.0 647555000000000.0 1031760000000000.0 838081000000.0 24405800000000.0 -4.0 [-4.0]
