Cloudy_runs/3c263/z=0.063397/logZ=-1/component_IV_PI_nH/component_IV_PI_nH_col_density_param.txt
# %ECSV 1.0
# ---
# datatype:
# - {name: H, datatype: float64}
# - {name: H+, datatype: float64}
# - {name: C+, datatype: float64}
# - {name: C+2, datatype: float64}
# - {name: C+3, datatype: float64}
# - {name: N+, datatype: float64}
# - {name: N+2, datatype: float64}
# - {name: N+4, datatype: float64}
# - {name: O, datatype: float64}
# - {name: O+2, datatype: float64}
# - {name: O+5, datatype: float64}
# - {name: O+6, datatype: float64}
# - {name: P+, datatype: float64}
# - {name: Si+, datatype: float64}
# - {name: Si+2, datatype: float64}
# - {name: Si+3, datatype: float64}
# - {name: Si+4, datatype: float64}
# - {name: Fe+, datatype: float64}
# - {name: Al+, datatype: float64}
# - {name: log_nH, datatype: float64}
# - {name: parameters, datatype: string, subtype: 'float64[1]'}
# schema: astropy-2.0
H H+ C+ C+2 C+3 N+ N+2 N+4 O O+2 O+5 O+6 P+ Si+ Si+2 Si+3 Si+4 Fe+ Al+ log_nH parameters
2.88402e+16 9.33121e+20 3467430000000.0 521040000000000.0 1588540000000000.0 224329000000.0 79782000000000.0 1106530000000000.0 18985100.0 281033000000000.0 1.07086e+16 1.29237e+16 159210000.0 3038700000.0 142599000000.0 638880000000.0 51969600000000.0 831817.0 113191000.0 -5.0 [-5.0]
2.88402e+16 8.83716e+20 3735340000000.0 546026000000000.0 1602120000000000.0 243435000000.0 84290400000000.0 1081190000000000.0 21176000.0 297496000000000.0 1.00528e+16 1.15828e+16 186083000.0 3572830000.0 164259000000.0 712200000000.0 54909000000000.0 1007870.0 134380000.0 -4.98 [-4.98]
2.88402e+16 8.37031e+20 4019010000000.0 571445000000000.0 1613740000000000.0 263849000000.0 88928400000000.0 1054530000000000.0 23610300.0 314458000000000.0 9417300000000000.0 1.03623e+16 217113000.0 4192640000.0 188906000000.0 792731000000.0 57929400000000.0 1219890.0 159167000.0 -4.96 [-4.96]
2.88402e+16 7.92862e+20 4318480000000.0 597205000000000.0 1623310000000000.0 285590000000.0 93677900000000.0 1026640000000000.0 26312300.0 331858000000000.0 8803370000000000.0 9253170000000000.0 252866000.0 4910310000.0 216900000000.0 881044000000.0 61024900000000.0 1475000.0 188108000.0 -4.94 [-4.94]
2.88402e+16 7.51124e+20 4634750000000.0 623301000000000.0 1630810000000000.0 308738000000.0 98540800000000.0 997648000000000.0 29313200.0 349715000000000.0 8212400000000000.0 8248240000000000.0 294018000.0 5739530000.0 248637000000.0 977679000000.0 64189800000000.0 1781240.0 221806000.0 -4.92 [-4.92]
2.88402e+16 7.11604e+20 4967290000000.0 649628000000000.0 1636250000000000.0 333262000000.0 103489000000000.0 967667000000000.0 32636500.0 367934000000000.0 7645250000000000.0 7338750000000000.0 341198000.0 6695570000.0 284569000000.0 1083390000000.0 67420200000000.0 2148820.0 261010000.0 -4.9 [-4.9]
2.88402e+16 6.74235e+20 5317380000000.0 676155000000000.0 1639540000000000.0 359280000000.0 108523000000000.0 936818000000000.0 36329700.0 386532000000000.0 7102400000000000.0 6518020000000000.0 395323000.0 7795810000.0 325169000000.0 1198660000000.0 70705500000000.0 2589220.0 306484000.0 -4.88 [-4.88]
2.88403e+16 6.38885e+20 5685500000000.0 702819000000000.0 1640710000000000.0 386843000000.0 113626000000000.0 905233000000000.0 40436900.0 405460000000000.0 6584730000000000.0 5778800000000000.0 457269000.0 9059770000.0 370985000000.0 1324190000000.0 74039200000000.0 3116870.0 359160000.0 -4.86 [-4.86]
2.88402e+16 6.05423e+20 6071060000000.0 729523000000000.0 1639740000000000.0 415907000000.0 118776000000000.0 873041000000000.0 44988900.0 424648000000000.0 6092530000000000.0 5114450000000000.0 527977000.0 10508000000.0 422580000000.0 1460720000000.0 77413300000000.0 3747480.0 420058000.0 -4.84 [-4.84]
2.88402e+16 5.73782e+20 6475250000000.0 756246000000000.0 1636610000000000.0 446562000000.0 123972000000000.0 840387000000000.0 50042600.0 444108000000000.0 5626030000000000.0 4518940000000000.0 608662000.0 12164300000.0 480573000000.0 1608830000000.0 80817100000000.0 4499500.0 490284000.0 -4.82 [-4.82]
2.88403e+16 5.438e+20 6896750000000.0 782824000000000.0 1631330000000000.0 478735000000.0 129177000000000.0 807389000000000.0 55643700.0 463728000000000.0 5184900000000000.0 3985710000000000.0 700345000.0 14053900000.0 545658000000.0 1769440000000.0 84242700000000.0 5396140.0 571193000.0 -4.8 [-4.8]
2.88402e+16 5.15428e+20 7337360000000.0 809231000000000.0 1623920000000000.0 512612000000.0 134387000000000.0 774211000000000.0 61884600.0 483502000000000.0 4769060000000000.0 3509510000000000.0 804496000.0 16207500000.0 618632000000.0 1943150000000.0 87679600000000.0 6466200.0 664274000.0 -4.78 [-4.78]
2.88402e+16 4.8856e+20 7794560000000.0 835348000000000.0 1614370000000000.0 547912000000.0 139577000000000.0 740950000000000.0 68771900.0 503367000000000.0 4378220000000000.0 3085110000000000.0 922407000.0 18651700000.0 700156000000.0 2130810000000.0 91115400000000.0 7733320.0 770954000.0 -4.76 [-4.76]
2.88403e+16 4.63105e+20 8270260000000.0 861068000000000.0 1602690000000000.0 584906000000.0 144724000000000.0 707726000000000.0 76451600.0 523261000000000.0 4011680000000000.0 2707430000000000.0 1055820000.0 21425300000.0 791230000000.0 2333100000000.0 94537700000000.0 9241240.0 893212000.0 -4.74 [-4.74]
2.88402e+16 4.39011e+20 8762980000000.0 886352000000000.0 1588960000000000.0 623392000000.0 149818000000000.0 674685000000000.0 84950300.0 543170000000000.0 3669000000000000.0 2372250000000000.0 1206350000.0 24561300000.0 892658000000.0 2550830000000.0 97935300000000.0 11023900.0 1032900000.0 -4.72 [-4.72]
2.88402e+16 4.16186e+20 9273280000000.0 911059000000000.0 1573160000000000.0 663517000000.0 154835000000000.0 641932000000000.0 94412800.0 563023000000000.0 3349360000000000.0 2075200000000000.0 1375990000.0 28103100000.0 1005510000000.0 2784670000000.0 101294000000000.0 13136000.0 1192370000.0 -4.7 [-4.7]
2.88402e+16 3.94568e+20 9800920000000.0 935108000000000.0 1555350000000000.0 705271000000.0 159757000000000.0 609580000000000.0 104948000.0 582783000000000.0 3051990000000000.0 1812400000000000.0 1566860000.0 32096400000.0 1130910000000.0 3035520000000.0 104604000000000.0 15634200.0 1374170000.0 -4.68 [-4.68]
2.88403e+16 3.74096e+20 10344600000000.0 958412000000000.0 1535580000000000.0 748523000000.0 164567000000000.0 577734000000000.0 116647000.0 602405000000000.0 2775950000000000.0 1580450000000000.0 1781100000.0 36582900000.0 1269780000000.0 3303820000000.0 107845000000000.0 18577400.0 1580810000.0 -4.66 [-4.66]
2.88402e+16 3.54703e+20 10904500000000.0 980866000000000.0 1513920000000000.0 793365000000.0 169247000000000.0 546499000000000.0 129678000.0 621837000000000.0 2520380000000000.0 1376040000000000.0 2021160000.0 41616600000.0 1423420000000.0 3590320000000.0 111004000000000.0 22046100.0 1815460000.0 -4.64 [-4.64]
2.88403e+16 3.36334e+20 11479400000000.0 1002370000000000.0 1490420000000000.0 839714000000.0 173778000000000.0 515960000000000.0 144184000.0 641029000000000.0 2284290000000000.0 1196240000000000.0 2289590000.0 47250300000.0 1593030000000.0 3895690000000.0 114067000000000.0 26124600.0 2081400000.0 -4.62 [-4.62]
2.88403e+16 3.18936e+20 12068900000000.0 1022850000000000.0 1465180000000000.0 887570000000.0 178145000000000.0 486197000000000.0 160341000.0 659948000000000.0 2066680000000000.0 1038370000000000.0 2589270000.0 53542500000.0 1779900000000.0 4220410000000.0 117018000000000.0 30911300.0 2382210000.0 -4.6 [-4.6]
2.88403e+16 3.02484e+20 12677000000000.0 1042320000000000.0 1438260000000000.0 937368000000.0 182352000000000.0 457286000000000.0 178458000.0 678594000000000.0 1866580000000000.0 900099000000000.0 2924670000.0 60567300000.0 1985600000000.0 4564390000000.0 119842000000000.0 36532000.0 2721950000.0 -4.58 [-4.58]
2.88403e+16 2.86849e+20 13290600000000.0 1060370000000000.0 1409730000000000.0 987978000000.0 186326000000000.0 429267000000000.0 198524000.0 696781000000000.0 1682860000000000.0 778853000000000.0 3295330000.0 68360200000.0 2211120000000.0 4929760000000.0 122526000000000.0 43098500.0 3105020000.0 -4.56 [-4.56]
2.88403e+16 2.72053e+20 13918000000000.0 1077190000000000.0 1379740000000000.0 1040180000000.0 190099000000000.0 402216000000000.0 220954000.0 714580000000000.0 1514620000000000.0 672932000000000.0 3707410000.0 77013400000.0 2458230000000.0 5315490000000.0 125053000000000.0 50771500.0 3536040000.0 -4.54 [-4.54]
2.88403e+16 2.58015e+20 14552800000000.0 1092520000000000.0 1348330000000000.0 1093560000000.0 193627000000000.0 376163000000000.0 245982000.0 731885000000000.0 1360820000000000.0 580430000000000.0 4162390000.0 86587100000.0 2728340000000.0 5722590000000.0 127409000000000.0 59729300.0 4020450000.0 -4.52 [-4.52]
2.88403e+16 2.44747e+20 15202700000000.0 1106550000000000.0 1315660000000000.0 1148750000000.0 196947000000000.0 351161000000000.0 274034000.0 748769000000000.0 1220570000000000.0 499967000000000.0 4667540000.0 97180400000.0 3023220000000.0 6149960000000.0 129580000000000.0 70161500.0 4563470000.0 -4.5 [-4.5]
2.88403e+16 2.32171e+20 15860500000000.0 1119050000000000.0 1281810000000000.0 1205270000000.0 200018000000000.0 327220000000000.0 305386000.0 765091000000000.0 1093010000000000.0 430007000000000.0 5224860000.0 108857000000.0 3344240000000.0 6598370000000.0 131551000000000.0 82287900.0 5171240000.0 -4.48 [-4.48]
2.88403e+16 2.20247e+20 16523500000000.0 1129910000000000.0 1246920000000000.0 1263010000000.0 202818000000000.0 304359000000000.0 340432000.0 780778000000000.0 977286000000000.0 369282000000000.0 5837720000.0 121695000000.0 3692970000000.0 7068000000000.0 133308000000000.0 96367600.0 5850430000.0 -4.46 [-4.46]
2.88403e+16 2.08962e+20 17195500000000.0 1139230000000000.0 1211090000000000.0 1322260000000.0 205371000000000.0 282594000000000.0 379662000.0 795880000000000.0 872531000000000.0 316700000000000.0 6512470000.0 135795000000.0 4071120000000.0 7557570000000.0 134840000000000.0 112671000.0 6607620000.0 -4.44 [-4.44]
2.88403e+16 1.98265e+20 17870400000000.0 1146840000000000.0 1174460000000000.0 1382650000000.0 207644000000000.0 261921000000000.0 423508000.0 810289000000000.0 777854000000000.0 271197000000000.0 7251780000.0 151227000000.0 4479970000000.0 8067250000000.0 136132000000000.0 131511000.0 7450240000.0 -4.42 [-4.42]
2.88403e+16 1.8811e+20 18543600000000.0 1152600000000000.0 1137120000000000.0 1444020000000.0 209615000000000.0 242327000000000.0 472560000.0 823915000000000.0 692419000000000.0 231853000000000.0 8058760000.0 168063000000.0 4920870000000.0 8596870000000.0 137171000000000.0 153269000.0 8386390000.0 -4.4 [-4.4]
2.88403e+16 1.785e+20 19222400000000.0 1156740000000000.0 1099260000000000.0 1506880000000.0 211319000000000.0 223818000000000.0 527531000.0 836855000000000.0 615516000000000.0 197955000000000.0 8941230000.0 186430000000.0 5395770000000.0 9144190000000.0 137952000000000.0 178340000.0 9424280000.0 -4.38 [-4.38]
2.88403e+16 1.69396e+20 19902100000000.0 1159160000000000.0 1060990000000000.0 1571010000000.0 212739000000000.0 206372000000000.0 589105000.0 849036000000000.0 546399000000000.0 168775000000000.0 9902090000.0 206402000000.0 5905810000000.0 9708590000000.0 138465000000000.0 207184000.0 10572800000.0 -4.36 [-4.36]
2.88403e+16 1.60755e+20 20574400000000.0 1159690000000000.0 1022440000000000.0 1635890000000.0 213853000000000.0 189963000000000.0 657911000.0 860373000000000.0 484361000000000.0 143671000000000.0 10942200000.0 228025000000.0 6451650000000.0 10289900000000.0 138700000000000.0 240276000.0 11841200000.0 -4.34 [-4.34]
2.88403e+16 1.52575e+20 21248100000000.0 1158590000000000.0 983739000000000.0 1702250000000.0 214692000000000.0 174571000000000.0 735095000.0 870927000000000.0 428798000000000.0 122140000000000.0 12070900000.0 251442000000.0 7035210000000.0 10884700000000.0 138653000000000.0 278227000.0 13239300000.0 -4.32 [-4.32]
2.88403e+16 1.44818e+20 21915300000000.0 1155700000000000.0 945020000000000.0 1769640000000.0 215238000000000.0 160163000000000.0 821463000.0 880616000000000.0 379101000000000.0 103687000000000.0 13289200000.0 276694000000.0 7656770000000.0 11492300000000.0 138318000000000.0 321626000.0 14777200000.0 -4.3 [-4.3]
2.88403e+16 1.37454e+20 22570100000000.0 1151030000000000.0 906413000000000.0 1837560000000.0 215481000000000.0 146703000000000.0 918022000.0 889406000000000.0 334709000000000.0 87884700000000.0 14594500000.0 303810000000.0 8316310000000.0 12111400000000.0 137688000000000.0 371163000.0 16464900000.0 -4.28 [-4.28]
2.88403e+16 1.30478e+20 23220500000000.0 1144730000000000.0 868037000000000.0 1906860000000.0 215445000000000.0 134162000000000.0 1026310000.0 897322000000000.0 295138000000000.0 74393500000000.0 15997900000.0 332928000000.0 9015280000000.0 12737700000000.0 136765000000000.0 427680000.0 18314000000.0 -4.26 [-4.26]
2.88403e+16 1.23871e+20 23865700000000.0 1136900000000000.0 829992000000000.0 1977450000000.0 215143000000000.0 122501000000000.0 1147490000.0 904373000000000.0 259920000000000.0 62897600000000.0 17503400000.0 364116000000.0 9753780000000.0 13368500000000.0 135551000000000.0 491929000.0 20334900000.0 -4.24 [-4.24]
2.88403e+16 1.1759e+20 24489600000000.0 1127270000000000.0 792375000000000.0 2048360000000.0 214535000000000.0 111675000000000.0 1283140000.0 910432000000000.0 228595000000000.0 53093900000000.0 19097800000.0 397284000000.0 10529600000000.0 14003400000000.0 134037000000000.0 564981000.0 22539000000.0 -4.22 [-4.22]
2.88403e+16 1.11639e+20 25103800000000.0 1116190000000000.0 755304000000000.0 2120380000000.0 213667000000000.0 101650000000000.0 1434800000.0 915589000000000.0 200798000000000.0 44763800000000.0 20794500000.0 432575000000.0 11343500000000.0 14636800000000.0 132237000000000.0 647714000.0 24937200000.0 -4.2 [-4.2]
2.88403e+16 1.05994e+20 25702500000000.0 1103620000000000.0 718869000000000.0 2193230000000.0 212533000000000.0 92384700000000.0 1604440000.0 919796000000000.0 176159000000000.0 37689900000000.0 22588200000.0 469958000000.0 12193700000000.0 15266100000000.0 130151000000000.0 741337000.0 27541100000.0 -4.18 [-4.18]
2.88403e+16 1.00643e+20 26289500000000.0 1089710000000000.0 683160000000000.0 2267340000000.0 211149000000000.0 83838800000000.0 1794410000.0 923067000000000.0 154355000000000.0 31694300000000.0 24482900000.0 509491000000.0 13079400000000.0 15886400000000.0 127790000000000.0 847195000.0 30362600000.0 -4.16 [-4.16]
2.88403e+16 9.55562e+19 26849700000000.0 1074340000000000.0 648243000000000.0 2341510000000.0 209500000000000.0 75967800000000.0 2006380000.0 925345000000000.0 135071000000000.0 26612500000000.0 26460100000.0 550974000000.0 13995600000000.0 16496600000000.0 125155000000000.0 966442000.0 33410600000.0 -4.14 [-4.14]
2.88403e+16 9.07377e+19 27399800000000.0 1057860000000000.0 614208000000000.0 2417210000000.0 207626000000000.0 68737100000000.0 2243640000.0 926696000000000.0 118058000000000.0 22322200000000.0 28536000000.0 594577000000.0 14942700000000.0 17088800000000.0 122268000000000.0 1100810000.0 36698200000.0 -4.12 [-4.12]
2.88403e+16 8.61607e+19 27925900000000.0 1040160000000000.0 581112000000000.0 2493350000000.0 205514000000000.0 62103200000000.0 2508570000.0 927066000000000.0 103056000000000.0 18698400000000.0 30689400000.0 640056000000.0 15914600000000.0 17661600000000.0 119135000000000.0 1251800000.0 40233700000.0 -4.1 [-4.1]
2.88403e+16 8.18143e+19 28428800000000.0 1021360000000000.0 548999000000000.0 2570130000000.0 203177000000000.0 56028200000000.0 2804460000.0 926460000000000.0 89845800000000.0 15642400000000.0 32916300000.0 687334000000.0 16907600000000.0 18209900000000.0 115770000000000.0 1421240000.0 44026800000.0 -4.08 [-4.08]
2.88403e+16 7.76854e+19 28906100000000.0 1001520000000000.0 517916000000000.0 2647420000000.0 200624000000000.0 50474500000000.0 3134870000.0 924877000000000.0 78228300000000.0 13067900000000.0 35205100000.0 736250000000.0 17916400000000.0 18729700000000.0 112190000000000.0 1611160000.0 48086000000.0 -4.06 [-4.06]
2.88402e+16 7.37701e+19 29365500000000.0 980886000000000.0 487903000000000.0 2725810000000.0 197882000000000.0 45408100000000.0 3503480000.0 922368000000000.0 68031000000000.0 10904300000000.0 37559100000.0 786789000000.0 18937600000000.0 19214600000000.0 108422000000000.0 1823510000.0 52420100000.0 -4.04 [-4.04]
2.88403e+16 7.00515e+19 29799700000000.0 959441000000000.0 458996000000000.0 2804800000000.0 194951000000000.0 40792900000000.0 3914620000.0 918909000000000.0 59087100000000.0 9086570000000.0 39957700000.0 838651000000.0 19963600000000.0 19661900000000.0 104480000000000.0 2060700000.0 57035200000.0 -4.02 [-4.02]
2.88403e+16 6.6522e+19 30211900000000.0 937324000000000.0 431205000000000.0 2884730000000.0 191848000000000.0 36596300000000.0 4373130000.0 914522000000000.0 51254800000000.0 7562010000000.0 42394900000.0 891702000000.0 20988900000000.0 20066000000000.0 100390000000000.0 2325260000.0 61937500000.0 -4.0 [-4.0]
