Cloudy_runs/3c263/z=0.063397/logZ=-1/component_IV_PI_nH/component_IV_PI_nH_col_density_param.txt
# %ECSV 1.0
# ---
# datatype:
# - {name: H, datatype: float64}
# - {name: H+, datatype: float64}
# - {name: C+, datatype: float64}
# - {name: C+2, datatype: float64}
# - {name: C+3, datatype: float64}
# - {name: N+, datatype: float64}
# - {name: N+2, datatype: float64}
# - {name: N+4, datatype: float64}
# - {name: O, datatype: float64}
# - {name: O+2, datatype: float64}
# - {name: O+5, datatype: float64}
# - {name: O+6, datatype: float64}
# - {name: P+, datatype: float64}
# - {name: Si+, datatype: float64}
# - {name: Si+2, datatype: float64}
# - {name: Si+3, datatype: float64}
# - {name: Si+4, datatype: float64}
# - {name: Fe+, datatype: float64}
# - {name: Al+, datatype: float64}
# - {name: log_nH, datatype: float64}
# - {name: parameters, datatype: string, subtype: 'float64[1]'}
# schema: astropy-2.0
H H+ C+ C+2 C+3 N+ N+2 N+4 O O+2 O+5 O+6 P+ Si+ Si+2 Si+3 Si+4 Fe+ Al+ log_nH parameters
[from data line 104]
2.88403e+16 4.1225e+18 27555300000000.0 81464300000000.0 2357080000000.0 9258370000000.0 18031900000000.0 18350600000.0 619049000000.0 119836000000000.0 2015680000.0 0.0 54513200000.0 2033650000000.0 9574130000000.0 1570420000000.0 268566000000.0 246094000000.0 351025000000.0 -2.92 [-2.92]
2.88403e+16 3.91872e+18 27205500000000.0 76655700000000.0 2068070000000.0 9322970000000.0 16689900000000.0 15466400000.0 655534000000.0 110545000000000.0 1574390000.0 0.0 53094900000.0 2035580000000.0 9091380000000.0 1428770000000.0 231417000000.0 257810000000.0 347810000000.0 -2.9 [-2.9]
2.88403e+16 3.72523e+18 26847200000000.0 72093800000000.0 1812360000000.0 9373740000000.0 15418200000000.0 13016700000.0 692771000000.0 101754000000000.0 1226520000.0 0.0 51681600000.0 2036980000000.0 8626220000000.0 1298240000000.0 199281000000.0 269587000000.0 344251000000.0 -2.88 [-2.88]
2.88403e+16 3.54151e+18 26481000000000.0 67768700000000.0 1586420000000.0 9409890000000.0 14215600000000.0 10938700000.0 730628000000.0 93459800000000.0 953039000.0 0.0 50275800000.0 2037760000000.0 8178440000000.0 1178130000000.0 171502000000.0 281385000000.0 340369000000.0 -2.86 [-2.86]
2.88402e+16 3.36699e+18 26106800000000.0 63668900000000.0 1387030000000.0 9430700000000.0 13080400000000.0 9178200000.0 768978000000.0 85652400000000.0 738597000.0 0.0 48879300000.0 2037830000000.0 7747630000000.0 1067760000000.0 147500000000.0 293170000000.0 336182000000.0 -2.84 [-2.84]
2.88402e+16 3.20135e+18 25725100000000.0 59788200000000.0 1211390000000.0 9435580000000.0 12012000000000.0 7689610000.0 807631000000.0 78330500000000.0 571002000.0 0.0 47494800000.0 2037170000000.0 7333730000000.0 966568000000.0 126786000000.0 304906000000.0 331708000000.0 -2.82 [-2.82]
2.88402e+16 3.04401e+18 25336300000000.0 56114300000000.0 1056800000000.0 9424190000000.0 11008100000000.0 6432070000.0 846479000000.0 71477100000000.0 440307000.0 0.0 46123600000.0 2035660000000.0 6936250000000.0 873855000000.0 108912000000.0 316556000000.0 326972000000.0 -2.8 [-2.8]
2.88402e+16 2.89459e+18 24940800000000.0 52639000000000.0 920943000000.0 9396230000000.0 10067300000000.0 5371560000.0 885353000000.0 65082400000000.0 338685000.0 0.0 44767700000.0 2033240000000.0 6554900000000.0 789059000000.0 93502300000.0 328088000000.0 321992000000.0 -2.78 [-2.78]
2.88402e+16 2.75268e+18 24538900000000.0 49353500000000.0 801695000000.0 9351600000000.0 9187900000000.0 4478640000.0 924096000000.0 59133000000000.0 259885000.0 0.0 43428700000.0 2029830000000.0 6189350000000.0 711623000000.0 80224600000.0 339470000000.0 316788000000.0 -2.76 [-2.76]
2.88402e+16 2.61789e+18 24130900000000.0 46249200000000.0 697158000000.0 9290350000000.0 8367890000000.0 3728050000.0 962553000000.0 53613800000000.0 198946000.0 0.0 42108000000.0 2025380000000.0 5839240000000.0 641010000000.0 68791100000.0 350673000000.0 311380000000.0 -2.74 [-2.74]
2.88402e+16 2.48987e+18 23717400000000.0 43317700000000.0 605626000000.0 9212750000000.0 7605290000000.0 3098150000.0 1000580000000.0 48508300000000.0 151943000.0 0.0 40806900000.0 2019820000000.0 5504190000000.0 576714000000.0 58951700000.0 361671000000.0 305789000000.0 -2.72 [-2.72]
2.88402e+16 2.36829e+18 23299000000000.0 40551900000000.0 525600000000.0 9119210000000.0 6898210000000.0 2570570000.0 1038010000000.0 43801400000000.0 115791000.0 0.0 39527100000.0 2013150000000.0 5183910000000.0 518272000000.0 50490800000.0 372445000000.0 300038000000.0 -2.7 [-2.7]
2.88402e+16 2.25296e+18 22877200000000.0 37946200000000.0 455768000000.0 9010620000000.0 6244910000000.0 2129700000.0 1074690000000.0 39477700000000.0 88070700.0 0.0 38271800000.0 2005260000000.0 4878450000000.0 465258000000.0 43225000000.0 382949000000.0 294164000000.0 -2.68 [-2.68]
2.88402e+16 2.14342e+18 22451200000000.0 35490300000000.0 394846000000.0 8887430000000.0 5642300000000.0 1761630000.0 1110530000000.0 35512600000000.0 66849800.0 0.0 37039700000.0 1996120000000.0 4587000000000.0 417199000000.0 36983700000.0 393177000000.0 288168000000.0 -2.66 [-2.66]
2.88402e+16 2.03936e+18 22021700000000.0 33176900000000.0 341757000000.0 8750490000000.0 5087950000000.0 1454900000.0 1145430000000.0 31886400000000.0 50643100.0 0.0 35831600000.0 1985690000000.0 4309160000000.0 373692000000.0 31625700000.0 403113000000.0 282068000000.0 -2.64 [-2.64]
2.88402e+16 1.9405e+18 21589200000000.0 30998800000000.0 295544000000.0 8600750000000.0 4579360000000.0 1199710000.0 1179300000000.0 28579000000000.0 38294000.0 0.0 34648100000.0 1973940000000.0 4044540000000.0 334361000000.0 27028500000.0 412742000000.0 275882000000.0 -2.62 [-2.62]
2.88402e+16 1.84658e+18 21154100000000.0 28949600000000.0 255362000000.0 8439290000000.0 4114020000000.0 987808000.0 1212030000000.0 25570600000000.0 28905600.0 0.0 33490200000.0 1960840000000.0 3792790000000.0 298857000000.0 23086800000.0 422047000000.0 269628000000.0 -2.6 [-2.6]
2.88402e+16 1.75735e+18 20716900000000.0 27022700000000.0 220461000000.0 8267250000000.0 3689400000000.0 812145000.0 1243570000000.0 22841100000000.0 21783100.0 0.0 32358300000.0 1946390000000.0 3553530000000.0 266850000000.0 19709100000.0 431017000000.0 263322000000.0 -2.58 [-2.58]
2.88402e+16 1.67257e+18 20278300000000.0 25212000000000.0 190177000000.0 8085790000000.0 3302920000000.0 666773000.0 1273860000000.0 20370800000000.0 16390400.0 0.0 31252800000.0 1930580000000.0 3326360000000.0 238035000000.0 16816400000.0 439641000000.0 256982000000.0 -2.56 [-2.56]
2.88402e+16 1.59199e+18 19838500000000.0 23511100000000.0 163922000000.0 7896090000000.0 2951990000000.0 546661000.0 1302870000000.0 18140000000000.0 0.0 0.0 30173800000.0 1913400000000.0 3110860000000.0 212124000000.0 14340200000.0 447909000000.0 250619000000.0 -2.54 [-2.54]
2.88402e+16 1.51542e+18 19398300000000.0 21914500000000.0 141186000000.0 7699420000000.0 2634180000000.0 447597000.0 1330550000000.0 16130400000000.0 0.0 0.0 29121800000.0 1894860000000.0 2906680000000.0 188858000000.0 12222200000.0 455815000000.0 244250000000.0 -2.52 [-2.52]
2.88402e+16 1.44267e+18 18958200000000.0 20417000000000.0 121517000000.0 7497030000000.0 2347070000000.0 366031000.0 1356890000000.0 14324400000000.0 0.0 0.0 28097300000.0 1874990000000.0 2713480000000.0 167995000000.0 10411700000.0 463348000000.0 237891000000.0 -2.5 [-2.5]
2.88402e+16 1.37352e+18 18518700000000.0 19013100000000.0 104516000000.0 7290100000000.0 2088280000000.0 298972000.0 1381900000000.0 12704500000000.0 0.0 0.0 27100200000.0 1853820000000.0 2530820000000.0 149309000000.0 8864970000.0 470509000000.0 231554000000.0 -2.48 [-2.48]
2.88402e+16 1.30782e+18 18080500000000.0 17698200000000.0 89836800000.0 7079860000000.0 1855580000000.0 243932000.0 1405560000000.0 11254700000000.0 0.0 0.0 26130900000.0 1831360000000.0 2358440000000.0 132596000000.0 7544650000.0 477275000000.0 225255000000.0 -2.46 [-2.46]
2.88402e+16 1.24536e+18 17643800000000.0 16466800000000.0 77169400000.0 6867310000000.0 1646710000000.0 198811000.0 1427900000000.0 9959300000000.0 0.0 0.0 25188900000.0 1807690000000.0 2195810000000.0 117661000000.0 6417860000.0 483666000000.0 219000000000.0 -2.44 [-2.44]
2.88402e+16 1.186e+18 17209400000000.0 15314400000000.0 66248700000.0 6653530000000.0 1459620000000.0 161875000.0 1448950000000.0 8803740000000.0 0.0 0.0 24274300000.0 1782850000000.0 2042590000000.0 104331000000.0 5456910000.0 489668000000.0 212801000000.0 -2.42 [-2.42]
2.88402e+16 1.12957e+18 16777700000000.0 14236800000000.0 56842300000.0 6439500000000.0 1292370000000.0 131681000.0 1468730000000.0 7774960000000.0 0.0 0.0 23386900000.0 1756880000000.0 1898430000000.0 92448000000.0 4637920000.0 495276000000.0 206669000000.0 -2.4 [-2.4]
2.88402e+16 1.07594e+18 16349100000000.0 13229600000000.0 48746100000.0 6226080000000.0 1143130000000.0 107028000.0 1487270000000.0 6860450000000.0 0.0 0.0 22526700000.0 1729850000000.0 1762940000000.0 81865500000.0 3940290000.0 500487000000.0 200613000000.0 -2.38 [-2.38]
2.88402e+16 1.02495e+18 15924000000000.0 12288800000000.0 41782700000.0 6014100000000.0 1010190000000.0 86923700.0 1504610000000.0 6048690000000.0 0.0 0.0 21693200000.0 1701830000000.0 1635740000000.0 72450700000.0 3346370000.0 505299000000.0 194640000000.0 -2.36 [-2.36]
2.88402e+16 9.76475e+17 15503100000000.0 11410600000000.0 35798100000.0 5804300000000.0 891945000000.0 70546200.0 1520800000000.0 5329150000000.0 0.0 0.0 20886300000.0 1672900000000.0 1516490000000.0 64083200000.0 2841030000.0 509707000000.0 188760000000.0 -2.34 [-2.34]
2.88402e+16 9.30354e+17 15086200000000.0 10590700000000.0 30655500000.0 5597130000000.0 786878000000.0 57213400.0 1535900000000.0 4691900000000.0 0.0 0.0 20104900000.0 1643180000000.0 1404620000000.0 56649600000.0 2410950000.0 513757000000.0 182969000000.0 -2.32 [-2.32]
2.88402e+16 8.8654e+17 14674700000000.0 9826790000000.0 26243900000.0 5393530000000.0 693751000000.0 46377700.0 1549930000000.0 4128620000000.0 0.0 0.0 19350000000.0 1612630000000.0 1300150000000.0 50058300000.0 2045690000.0 517354000000.0 177291000000.0 -2.3 [-2.3]
2.88402e+16 8.4488e+17 14268400000000.0 9114890000000.0 22459600000.0 5193810000000.0 611264000000.0 37575500.0 1562960000000.0 3631060000000.0 0.0 0.0 18620500000.0 1581400000000.0 1202540000000.0 44215700000.0 1735370000.0 520540000000.0 171722000000.0 -2.28 [-2.28]
2.88402e+16 8.05274e+17 13867900000000.0 8451900000000.0 19215400000.0 4998420000000.0 538291000000.0 30430800.0 1575030000000.0 3192000000000.0 0.0 0.0 17916200000.0 1549570000000.0 1111470000000.0 39041200000.0 1471870000.0 523304000000.0 166268000000.0 -2.26 [-2.26]
2.88402e+16 7.6751e+17 13472200000000.0 7833100000000.0 16430500000.0 4807090000000.0 473686000000.0 24627300.0 1586220000000.0 2804250000000.0 0.0 0.0 17234400000.0 1517160000000.0 1026330000000.0 34452200000.0 1247800000.0 525668000000.0 160918000000.0 -2.24 [-2.24]
2.88402e+16 7.31767e+17 13084600000000.0 7260160000000.0 14053700000.0 4621660000000.0 416828000000.0 19936300.0 1596520000000.0 2463740000000.0 0.0 0.0 16579700000.0 1484520000000.0 947379000000.0 30408100000.0 1058250000.0 527644000000.0 155712000000.0 -2.22 [-2.22]
2.88402e+16 6.97694e+17 12702800000000.0 6726080000000.0 12015200000.0 4440910000000.0 366589000000.0 16130000.0 1606020000000.0 2163490000000.0 0.0 0.0 15947000000.0 1451440000000.0 873796000000.0 26826700000.0 897227000.0 529186000000.0 150619000000.0 -2.2 [-2.2]
2.88402e+16 6.65216e+17 12327000000000.0 6228530000000.0 10268200000.0 4265040000000.0 322240000000.0 13043900.0 1614780000000.0 1898920000000.0 0.0 0.0 15336000000.0 1417970000000.0 805324000000.0 23657500000.0 760522000.0 530277000000.0 145642000000.0 -2.18 [-2.18]
2.88402e+16 6.3446e+17 11959900000000.0 5768450000000.0 8778790000.0 4095420000000.0 283293000000.0 10552800.0 1622800000000.0 1667030000000.0 0.0 0.0 14749800000.0 1384600000000.0 741942000000.0 20868800000.0 644926000.0 531036000000.0 140811000000.0 -2.16 [-2.16]
2.88402e+16 6.05143e+17 11599300000000.0 5340270000000.0 7502990000.0 3930910000000.0 248960000000.0 8534400.0 1630160000000.0 1462940000000.0 0.0 0.0 14184300000.0 1351000000000.0 683100000000.0 18403300000.0 546839000.0 531336000000.0 136101000000.0 -2.14 [-2.14]
2.88402e+16 5.77252e+17 11246200000000.0 4942850000000.0 6412320000.0 3771940000000.0 218755000000.0 6901780.0 1636900000000.0 1283670000000.0 0.0 0.0 13639900000.0 1317400000000.0 628584000000.0 16228300000.0 463723000.0 531231000000.0 131519000000.0 -2.12 [-2.12]
2.88402e+16 5.50741e+17 10901000000000.0 4574420000000.0 5480710000.0 3618640000000.0 192211000000.0 5582030.0 1643030000000.0 1126340000000.0 0.0 0.0 13116700000.0 1283850000000.0 578218000000.0 14311400000.0 393365000.0 530678000000.0 127073000000.0 -2.1 [-2.1]
2.88402e+16 5.25509e+17 10563400000000.0 4232660000000.0 4684530000.0 3470790000000.0 168875000000.0 4514800.0 1648620000000.0 988235000000.0 0.0 0.0 12613400000.0 1250450000000.0 531608000000.0 12620900000.0 333739000.0 529739000000.0 122753000000.0 -2.08 [-2.08]
2.88402e+16 5.01504e+17 10233800000000.0 3915890000000.0 4004440000.0 3328410000000.0 148373000000.0 3652100.0 1653690000000.0 867069000000.0 0.0 0.0 12129500000.0 1217250000000.0 488556000000.0 11131100000.0 283235000.0 528400000000.0 118562000000.0 -2.06 [-2.06]
2.88402e+16 4.78664e+17 9912090000000.0 3622390000000.0 3423570000.0 3191420000000.0 130364000000.0 2954730.0 1658280000000.0 760778000000.0 0.0 0.0 11664600000.0 1184340000000.0 448821000000.0 9818420000.0 240458000.0 526668000000.0 114500000000.0 -2.04 [-2.04]
2.88402e+16 4.5693e+17 9598450000000.0 3350540000000.0 2927470000.0 3059730000000.0 114551000000.0 2391020.0 1662420000000.0 667556000000.0 0.0 0.0 11218000000.0 1151750000000.0 412172000000.0 8661920000.0 204221000.0 524553000000.0 110565000000.0 -2.02 [-2.02]
2.88402e+16 4.36217e+17 9292410000000.0 3098500000000.0 2503440000.0 2933030000000.0 100654000000.0 1935070.0 1666140000000.0 585759000000.0 0.0 0.0 10788400000.0 1119540000000.0 378316000000.0 7642200000.0 173486000.0 522094000000.0 106749000000.0 -2.0 [-2.0]
2.88402e+16 4.16534e+17 8994930000000.0 2865550000000.0 2141700000.0 2811590000000.0 88468500000.0 1566760.0 1669460000000.0 514103000000.0 0.0 0.0 10376700000.0 1087790000000.0 347215000000.0 6744950000.0 147480000.0 519237000000.0 103063000000.0 -1.98 [-1.98]
2.88402e+16 3.97795e+17 8705440000000.0 2649950000000.0 1832720000.0 2695050000000.0 77770600000.0 1268950.0 1672410000000.0 451277000000.0 0.0 0.0 9981410000.0 1056520000000.0 318574000000.0 5954530000.0 125436000.0 516034000000.0 99497600000.0 -1.96 [-1.96]
2.88402e+16 3.79965e+17 8424170000000.0 2450590000000.0 1568920000.0 2583360000000.0 68383700000.0 1028180.0 1675010000000.0 396207000000.0 0.0 0.0 9602330000.0 1025770000000.0 292258000000.0 5258530000.0 106759000.0 512473000000.0 96054200000.0 -1.94 [-1.94]
2.88402e+16 3.62964e+17 8150430000000.0 2265960000000.0 1343390000.0 2476130000000.0 60135500000.0 833303.0 1677300000000.0 347895000000.0 0.0 0.0 9238070000.0 995594000000.0 267980000000.0 4644790000.0 90896400.0 508642000000.0 92721700000.0 -1.92 [-1.92]
2.88402e+16 3.46802e+17 7885100000000.0 2095480000000.0 1150900000.0 2373570000000.0 52903600000.0 675760.0 1679280000000.0 305572000000.0 0.0 0.0 8889270000.0 966010000000.0 245749000000.0 4104690000.0 77463800.0 504442000000.0 89510500000.0 -1.9 [-1.9]
2.88402e+16 3.31414e+17 7627670000000.0 1937890000000.0 986445000.0 2275350000000.0 46555600000.0 548268.0 1680980000000.0 268467000000.0 0.0 0.0 8554830000.0 937049000000.0 225336000000.0 3628830000.0 66065900.0 499939000000.0 86412000000.0 -1.88 [-1.88]
2.88402e+16 3.16765e+17 7378120000000.0 1792270000000.0 845919000.0 2181350000000.0 40983200000.0 445067.0 1682410000000.0 235933000000.0 0.0 0.0 8234310000.0 908737000000.0 206609000000.0 3209560000.0 56392200.0 495144000000.0 83424600000.0 -1.86 [-1.86]
2.88402e+16 3.02814e+17 7136280000000.0 1657730000000.0 725796000.0 2091400000000.0 36090600000.0 361493.0 1683600000000.0 207405000000.0 0.0 0.0 7927120000.0 881092000000.0 189429000000.0 2840030000.0 48175700.0 490080000000.0 80544600000.0 -1.84 [-1.84]
2.88402e+16 2.89558e+17 6902670000000.0 1533660000000.0 623210000.0 2005540000000.0 31800900000.0 0.0 1684540000000.0 182405000000.0 0.0 0.0 7633480000.0 854126000000.0 173776000000.0 2514710000.0 41212000.0 484664000000.0 77777700000.0 -1.82 [-1.82]
2.88402e+16 2.76903e+17 6675960000000.0 1418830000000.0 535342000.0 1923230000000.0 28026400000.0 0.0 1685270000000.0 160455000000.0 0.0 0.0 7351450000.0 827862000000.0 159328000000.0 2227400000.0 35272500.0 479112000000.0 75104600000.0 -1.8 [-1.8]
2.88402e+16 2.64863e+17 6456910000000.0 1312870000000.0 460202000.0 1844600000000.0 24713000000.0 0.0 1685800000000.0 141206000000.0 0.0 0.0 7081640000.0 802304000000.0 146134000000.0 1974140000.0 30225600.0 473295000000.0 72534800000.0 -1.78 [-1.78]
