Cloudy_runs/3c263/z=0.063397/logZ=-1/component_IV_PI_nH/component_IV_PI_nH_col_density_param.txt
# %ECSV 1.0
# ---
# datatype:
# - {name: H, datatype: float64}
# - {name: H+, datatype: float64}
# - {name: C+, datatype: float64}
# - {name: C+2, datatype: float64}
# - {name: C+3, datatype: float64}
# - {name: N+, datatype: float64}
# - {name: N+2, datatype: float64}
# - {name: N+4, datatype: float64}
# - {name: O, datatype: float64}
# - {name: O+2, datatype: float64}
# - {name: O+5, datatype: float64}
# - {name: O+6, datatype: float64}
# - {name: P+, datatype: float64}
# - {name: Si+, datatype: float64}
# - {name: Si+2, datatype: float64}
# - {name: Si+3, datatype: float64}
# - {name: Si+4, datatype: float64}
# - {name: Fe+, datatype: float64}
# - {name: Al+, datatype: float64}
# - {name: log_nH, datatype: float64}
# - {name: parameters, datatype: string, subtype: 'float64[1]'}
# schema: astropy-2.0
H H+ C+ C+2 C+3 N+ N+2 N+4 O O+2 O+5 O+6 P+ Si+ Si+2 Si+3 Si+4 Fe+ Al+ log_nH parameters
[from data line 52]
2.88403e+16 5.99842e+19 30958000000000.0 891330000000000.0 379028000000000.0 3046490000000.0 185157000000000.0 29331600000000.0 5452680000.0 902970000000000.0 38415700000000.0 5215180000000.0 47319200000.0 1000200000000.0 23005700000000.0 20731900000000.0 91851500000000.0 2947330000.0 72614400000.0 -3.96 [-3.96]
2.88402e+16 5.69615e+19 31296600000000.0 867695000000000.0 354651000000000.0 3128820000000.0 181602000000000.0 26206400000000.0 6086050000.0 895858000000000.0 33193900000000.0 4322120000000.0 49786900000.0 1055220000000.0 23983900000000.0 20984900000000.0 87458000000000.0 3311120000.0 78394500000.0 -3.94 [-3.94]
2.88401e+16 5.40908e+19 31610300000000.0 843740000000000.0 331411000000000.0 3211960000000.0 177922000000000.0 23382800000000.0 6790450000.0 887875000000000.0 28643900000000.0 3576840000000.0 52237200000.0 1110340000000.0 24930900000000.0 21181300000000.0 83015300000000.0 3714420000.0 84467400000.0 -3.92 [-3.92]
2.88403e+16 5.13625e+19 31895800000000.0 819507000000000.0 309301000000000.0 3295700000000.0 174124000000000.0 20835500000000.0 7573570000.0 879028000000000.0 24683500000000.0 2955480000000.0 54649100000.0 1165150000000.0 25837300000000.0 21319700000000.0 78547500000000.0 4161140000.0 90828400000.0 -3.9 [-3.9]
2.88401e+16 4.87733e+19 32161500000000.0 795168000000000.0 288293000000000.0 3380710000000.0 170232000000000.0 18541200000000.0 8443380000.0 869367000000000.0 21242500000000.0 2438670000000.0 57025400000.0 1219590000000.0 26699000000000.0 21395400000000.0 74085600000000.0 4654990000.0 97477400000.0 -3.88 [-3.88]
2.88402e+16 4.6314e+19 32404000000000.0 770751000000000.0 268378000000000.0 3466910000000.0 166252000000000.0 16478000000000.0 9410130000.0 858903000000000.0 18256100000000.0 2009180000000.0 59344600000.0 1273230000000.0 27507000000000.0 21408700000000.0 69652900000000.0 5201010000.0 104407000000.0 -3.86 [-3.86]
2.88401e+16 4.39785e+19 32623900000000.0 746339000000000.0 249529000000000.0 3554250000000.0 162196000000000.0 14625500000000.0 10482800000.0 847663000000000.0 15667700000000.0 1652820000000.0 61594700000.0 1325800000000.0 28254200000000.0 21358700000000.0 65274400000000.0 5803380000.0 111606000000.0 -3.84 [-3.84]
2.88403e+16 4.17608e+19 32821700000000.0 722005000000000.0 231721000000000.0 3642840000000.0 158080000000000.0 12964700000000.0 11672200000.0 835686000000000.0 13427500000000.0 1357580000000.0 63764700000.0 1377020000000.0 28934600000000.0 21246100000000.0 60974100000000.0 6467210000.0 119065000000.0 -3.82 [-3.82]
2.88403e+16 3.96546e+19 32998500000000.0 697804000000000.0 214920000000000.0 3732830000000.0 153911000000000.0 11477800000000.0 12990500000.0 822990000000000.0 11491100000000.0 1113320000000.0 65844200000.0 1426620000000.0 29542300000000.0 21071000000000.0 56773200000000.0 7198050000.0 126771000000.0 -3.8 [-3.8]
2.88403e+16 3.76553e+19 33155200000000.0 673816000000000.0 199098000000000.0 3824260000000.0 149706000000000.0 10148900000000.0 14449500000.0 809626000000000.0 9819960000000.0 911610000000.0 67825200000.0 1474390000000.0 30073300000000.0 20835300000000.0 52693200000000.0 8001230000.0 134710000000.0 -3.78 [-3.78]
2.88401e+16 3.57538e+19 33287700000000.0 650021000000000.0 184216000000000.0 3916950000000.0 145463000000000.0 8962040000000.0 16064900000.0 795574000000000.0 8378530000000.0 745097000000.0 69686600000.0 1519940000000.0 30519600000000.0 20542400000000.0 48746100000000.0 8884010000.0 142856000000.0 -3.76 [-3.76]
2.88401e+16 3.39507e+19 33406400000000.0 626584000000000.0 170245000000000.0 4011610000000.0 141211000000000.0 7904680000000.0 17850900000.0 780946000000000.0 7138730000000.0 608115000000.0 71444400000.0 1563420000000.0 30885100000000.0 20192900000000.0 44955500000000.0 9852400000.0 151206000000.0 -3.74 [-3.74]
2.88401e+16 3.22382e+19 33505800000000.0 603487000000000.0 157148000000000.0 4107770000000.0 136951000000000.0 6963590000000.0 19824000000.0 765743000000000.0 6073120000000.0 495487000000.0 73077800000.0 1604480000000.0 31163900000000.0 19791900000000.0 41330100000000.0 10913700000.0 159730000000.0 -3.72 [-3.72]
2.88401e+16 3.06114e+19 33586000000000.0 580756000000000.0 144886000000000.0 4205590000000.0 132691000000000.0 6127020000000.0 22002500000.0 749993000000000.0 5158400000000.0 403015000000.0 74579800000.0 1642970000000.0 31354500000000.0 19343500000000.0 37879100000000.0 12076000000.0 168403000000.0 -3.7 [-3.7]
2.88401e+16 2.90679e+19 33650200000000.0 558465000000000.0 133433000000000.0 4305310000000.0 128446000000000.0 5385000000000.0 24402500000.0 733762000000000.0 4375000000000.0 327285000000.0 75952800000.0 1678900000000.0 31459000000000.0 18852100000000.0 34613600000000.0 13346100000.0 177206000000.0 -3.68 [-3.68]
2.88401e+16 2.76042e+19 33702300000000.0 536665000000000.0 122744000000000.0 4407390000000.0 124228000000000.0 4727630000000.0 27045400000.0 717112000000000.0 3705110000000.0 265380000000.0 77203000000.0 1712360000000.0 31481200000000.0 18321200000000.0 31539100000000.0 14732500000.0 186123000000.0 -3.66 [-3.66]
2.88401e+16 2.62127e+19 33735000000000.0 515305000000000.0 112778000000000.0 4511330000000.0 120033000000000.0 4145460000000.0 29956200000.0 700017000000000.0 3132410000000.0 214777000000.0 78307400000.0 1743040000000.0 31416500000000.0 17757800000000.0 28652800000000.0 16246500000.0 195103000000.0 -3.64 [-3.64]
2.88401e+16 2.48916e+19 33753500000000.0 494449000000000.0 103500000000000.0 4617570000000.0 115874000000000.0 3630850000000.0 33157300000.0 682555000000000.0 2643940000000.0 173523000000.0 79277100000.0 1771140000000.0 31271400000000.0 17165800000000.0 25958100000000.0 17896700000.0 204131000000.0 -3.62 [-3.62]
2.88402e+16 2.36374e+19 33758200000000.0 474118000000000.0 94874600000000.0 4726170000000.0 111760000000000.0 3176570000000.0 36673600000.0 664768000000000.0 2227960000000.0 139949000000.0 80112200000.0 1796710000000.0 31049500000000.0 16550500000000.0 23453100000000.0 19693200000.0 213176000000.0 -3.6 [-3.6]
2.88401e+16 2.24461e+19 33748600000000.0 454309000000000.0 86866000000000.0 4837250000000.0 107693000000000.0 2775990000000.0 40535600000.0 646682000000000.0 1874200000000.0 112666000000.0 80809600000.0 1819780000000.0 30753700000000.0 15917100000000.0 21133700000000.0 21648400000.0 222202000000.0 -3.58 [-3.58]
2.88401e+16 2.13151e+19 33726400000000.0 435049000000000.0 79440100000000.0 4950930000000.0 103682000000000.0 2423270000000.0 44770700000.0 628354000000000.0 1573930000000.0 90541300000.0 81375000000.0 1840510000000.0 30390200000000.0 15270300000000.0 18995500000000.0 23772600000.0 231185000000.0 -3.56 [-3.56]
2.88401e+16 2.02412e+19 33691700000000.0 416341000000000.0 72563500000000.0 5067290000000.0 99732800000000.0 2113070000000.0 49411500000.0 609823000000000.0 1319450000000.0 72629600000.0 81809600000.0 1859030000000.0 29963700000000.0 14614900000000.0 17031800000000.0 26078600000.0 240089000000.0 -3.54 [-3.54]
2.88401e+16 1.92225e+19 33646700000000.0 398214000000000.0 66204700000000.0 5186380000000.0 95853500000000.0 1840710000000.0 54484300000.0 591157000000000.0 1104270000000.0 58163800000.0 82122800000.0 1875530000000.0 29482000000000.0 13955100000000.0 15236200000000.0 28575400000.0 248896000000.0 -3.52 [-3.52]
2.88401e+16 1.82544e+19 33588500000000.0 380627000000000.0 60330600000000.0 5308290000000.0 92040000000000.0 1601690000000.0 60037300000.0 572348000000000.0 922438000000.0 46488400000.0 82305300000.0 1890060000000.0 28946400000000.0 13295800000000.0 13598400000000.0 31282400000.0 257551000000.0 -3.5 [-3.5]
2.88402e+16 1.73352e+19 33518800000000.0 363602000000000.0 54912100000000.0 5433080000000.0 88300300000000.0 1392270000000.0 66102900000.0 553461000000000.0 769149000000.0 37088600000.0 82366600000.0 1902830000000.0 28364600000000.0 12640400000000.0 12110400000000.0 34210800000.0 266032000000.0 -3.48 [-3.48]
2.88402e+16 1.64625e+19 33438600000000.0 347138000000000.0 49919800000000.0 5560800000000.0 84638200000000.0 1208980000000.0 72720100000.0 534539000000000.0 640149000000.0 29535400000.0 82312800000.0 1914030000000.0 27742800000000.0 11992100000000.0 10763100000000.0 37373600000.0 274313000000.0 -3.46 [-3.46]
2.88402e+16 1.56339e+19 33347800000000.0 331232000000000.0 45326000000000.0 5691450000000.0 81056000000000.0 1048750000000.0 79931400000.0 515617000000000.0 531782000000.0 23476900000.0 82147500000.0 1923830000000.0 27086400000000.0 11354000000000.0 9546810000000.0 40785600000.0 282362000000.0 -3.44 [-3.44]
2.88402e+16 1.48473e+19 33246600000000.0 315879000000000.0 41104900000000.0 5825010000000.0 77556600000000.0 908858000000.0 87779900000.0 496738000000000.0 440923000000.0 18627000000.0 81875200000.0 1932390000000.0 26400700000000.0 10729100000000.0 8452140000000.0 44461100000.0 290148000000.0 -3.42 [-3.42]
2.88402e+16 1.41006e+19 33135400000000.0 301074000000000.0 37231000000000.0 5961480000000.0 74142300000000.0 786851000000.0 96311600000.0 477940000000000.0 364887000000.0 14752100000.0 81501500000.0 1939890000000.0 25691300000000.0 10119400000000.0 7469720000000.0 48414400000.0 297647000000.0 -3.4 [-3.4]
2.88402e+16 1.33916e+19 33014300000000.0 286809000000000.0 33680300000000.0 6100800000000.0 70814200000000.0 680555000000.0 105574000000.0 459256000000000.0 301374000000.0 11661700000.0 81031000000.0 1946460000000.0 24962800000000.0 9526940000000.0 6590320000000.0 52660000000.0 304831000000.0 -3.38 [-3.38]
2.88402e+16 1.27186e+19 32883500000000.0 273074000000000.0 30430100000000.0 6242880000000.0 67574000000000.0 588051000000.0 115616000000.0 440722000000000.0 248425000000.0 9201910000.0 80469000000.0 1952270000000.0 24220100000000.0 8953380000000.0 5805130000000.0 57212400000.0 311676000000.0 -3.36 [-3.36]
2.88402e+16 1.20796e+19 32742800000000.0 259859000000000.0 27458900000000.0 6387560000000.0 64421900000000.0 507631000000.0 126489000000.0 422369000000000.0 204366000000.0 7247590000.0 79819900000.0 1957440000000.0 23467000000000.0 8399980000000.0 5105670000000.0 62085400000.0 318157000000.0 -3.34 [-3.34]
2.88402e+16 1.1473e+19 32592500000000.0 247155000000000.0 24746400000000.0 6534700000000.0 61358800000000.0 437792000000.0 138244000000.0 404229000000000.0 167780000000.0 5697900000.0 79089200000.0 1962100000000.0 22707800000000.0 7867720000000.0 4483990000000.0 67292200000.0 324253000000.0 -3.32 [-3.32]
2.88402e+16 1.08972e+19 32432500000000.0 234950000000000.0 22273500000000.0 6684100000000.0 58385100000000.0 377205000000.0 150933000000.0 386332000000000.0 137459000000.0 4471420000.0 78281900000.0 1966370000000.0 21945900000000.0 7357330000000.0 3932620000000.0 72845200000.0 329945000000.0 -3.3 [-3.3]
2.88402e+16 1.03505e+19 32262800000000.0 223232000000000.0 20021900000000.0 6835460000000.0 55500400000000.0 324694000000.0 164607000000.0 368705000000000.0 112381000000.0 3502530000.0 77402800000.0 1970350000000.0 21184500000000.0 6869250000000.0 3444520000000.0 78755800000.0 335215000000.0 -3.28 [-3.28]
2.88402e+16 9.83064e+18 32081200000000.0 211973000000000.0 17973700000000.0 6988390000000.0 52700300000000.0 279200000000.0 179337000000.0 351346000000000.0 91665700000.0 2737930000.0 76448800000.0 1974200000000.0 20424100000000.0 6403930000000.0 3012920000000.0 85048500000.0 340016000000.0 -3.26 [-3.26]
2.88402e+16 9.33821e+18 31892700000000.0 201201000000000.0 16115600000000.0 7142610000000.0 49995100000000.0 239889000000.0 195124000000.0 334350000000000.0 74626800000.0 2137130000.0 75444300000.0 1977820000000.0 19673100000000.0 5961010000000.0 2632720000000.0 91696000000.0 344409000000.0 -3.24 [-3.24]
2.88402e+16 8.87059e+18 31693800000000.0 190877000000000.0 14430800000000.0 7297680000000.0 47377300000000.0 205916000000.0 212049000000.0 317693000000000.0 60620900000.0 1665130000.0 74380800000.0 1981390000000.0 18929700000000.0 5540740000000.0 2297900000000.0 98727800000.0 348330000000.0 -3.22 [-3.22]
2.88402e+16 8.42654e+18 31486100000000.0 180987000000000.0 12905000000000.0 7453530000000.0 44845900000000.0 176577000000.0 230183000000.0 301392000000000.0 49131600000.0 1294990000.0 73265800000.0 1984950000000.0 18196500000000.0 5142450000000.0 2003470000000.0 106152000000.0 351787000000.0 -3.2 [-3.2]
2.88402e+16 8.00494e+18 31267800000000.0 171522000000000.0 11525500000000.0 7608920000000.0 42401100000000.0 151272000000.0 249527000000.0 285478000000000.0 39729900000.0 1005340000.0 72101900000.0 1988520000000.0 17474900000000.0 4766180000000.0 1744980000000.0 113962000000.0 354761000000.0 -3.18 [-3.18]
2.88402e+16 7.60473e+18 31040000000000.0 162471000000000.0 10280000000000.0 7763680000000.0 40042200000000.0 129467000000.0 270140000000.0 269968000000000.0 32054100000.0 779120000.0 70895600000.0 1992130000000.0 16766800000000.0 4411270000000.0 1518390000000.0 122159000000.0 357258000000.0 -3.16 [-3.16]
2.88402e+16 7.22445e+18 30802200000000.0 153811000000000.0 9156610000000.0 7917330000000.0 37765600000000.0 110685000000.0 292089000000.0 254858000000000.0 25798000000.0 602665000.0 69647400000.0 1995860000000.0 16072200000000.0 4077100000000.0 1319900000000.0 130758000000.0 359252000000.0 -3.14 [-3.14]
2.88402e+16 6.86309e+18 30552300000000.0 145533000000000.0 8144960000000.0 8068050000000.0 35571400000000.0 94526500000.0 315330000000.0 240180000000000.0 20711800000.0 465303000.0 68359700000.0 1999760000000.0 15391900000000.0 3763310000000.0 1146240000000.0 139737000000.0 360740000000.0 -3.12 [-3.12]
2.88402e+16 6.5207e+18 30295400000000.0 137644000000000.0 7236410000000.0 8216230000000.0 33463800000000.0 80653600000.0 339907000000.0 225974000000000.0 16592600000.0 358752000.0 67050700000.0 2003530000000.0 14730300000000.0 3468860000000.0 994752000000.0 149062000000.0 361793000000.0 -3.1 [-3.1]
2.88402e+16 6.19551e+18 30028300000000.0 130113000000000.0 6420750000000.0 8360460000000.0 31436900000000.0 68741300000.0 365834000000.0 212224000000000.0 13259700000.0 276118000.0 65713500000.0 2007380000000.0 14085200000000.0 3193210000000.0 862546000000.0 158743000000.0 362360000000.0 -3.08 [-3.08]
2.88402e+16 5.8869e+18 29751900000000.0 122934000000000.0 5689790000000.0 8500010000000.0 29491100000000.0 58525600000.0 393110000000.0 198949000000000.0 10570800000.0 212180000.0 64355500000.0 2011180000000.0 13457900000000.0 2935540000000.0 747346000000.0 168756000000.0 362468000000.0 -3.06 [-3.06]
2.88402e+16 5.594e+18 29466300000000.0 116094000000000.0 5035700000000.0 8633870000000.0 27625100000000.0 49773100000.0 421716000000.0 186159000000000.0 8406610000.0 162792000.0 62979800000.0 2014910000000.0 12848800000000.0 2695100000000.0 647061000000.0 179077000000.0 362123000000.0 -3.04 [-3.04]
2.88402e+16 5.3158e+18 29170700000000.0 109577000000000.0 4451020000000.0 8760910000000.0 25836700000000.0 42278900000.0 451638000000.0 173852000000000.0 6668380000.0 124693000.0 61587200000.0 2018600000000.0 12257300000000.0 2471110000000.0 559800000000.0 189696000000.0 361317000000.0 -3.02 [-3.02]
2.88402e+16 5.05171e+18 28865700000000.0 103373000000000.0 3929290000000.0 8880160000000.0 24125600000000.0 35870400000.0 482828000000.0 162042000000000.0 5276240000.0 95363400.0 60183200000.0 2022150000000.0 11684100000000.0 2262790000000.0 483968000000.0 200576000000.0 360076000000.0 -3.0 [-3.0]
2.88402e+16 4.80099e+18 28551500000000.0 97471400000000.0 3464400000000.0 8990570000000.0 22490700000000.0 30395700000.0 515238000000.0 150733000000000.0 4164110000.0 72822900.0 58770600000.0 2025500000000.0 11129200000000.0 2069330000000.0 418121000000.0 211690000000.0 358410000000.0 -2.98 [-2.98]
2.88402e+16 4.56297e+18 28228200000000.0 91859900000000.0 3050730000000.0 9091090000000.0 20930800000000.0 25723700000.0 548800000000.0 139928000000000.0 3277970000.0 55528500.0 57352800000.0 2028590000000.0 10592700000000.0 1889950000000.0 360991000000.0 223005000000.0 356335000000.0 -2.96 [-2.96]
