Cloudy_runs/sbs1108/z=0.463207/component_I_PI_nH/component_I_PI_nH_col_density_param.txt
# %ECSV 1.0
# ---
# datatype:
# - {name: H, datatype: float64}
# - {name: H+, datatype: float64}
# - {name: C+, datatype: float64}
# - {name: C+2, datatype: float64}
# - {name: C+3, datatype: float64}
# - {name: N+2, datatype: float64}
# - {name: N+4, datatype: float64}
# - {name: O, datatype: float64}
# - {name: O+2, datatype: float64}
# - {name: O+5, datatype: float64}
# - {name: O+6, datatype: float64}
# - {name: Si+, datatype: float64}
# - {name: Si+2, datatype: float64}
# - {name: Si+3, datatype: float64}
# - {name: Si+4, datatype: float64}
# - {name: log_nH, datatype: float64}
# - {name: log_Te, datatype: float64}
# - {name: parameters, datatype: string, subtype: 'float64[1]'}
# schema: astropy-2.0
H H+ C+ C+2 C+3 N+2 N+4 O O+2 O+5 O+6 Si+ Si+2 Si+3 Si+4 log_nH log_Te parameters
[from data line 125]
5888430000000000.0 1.29134e+18 5475690000000.0 27802200000000.0 1448380000000.0 6750180000000.0 13663200000.0 67077000000.0 44885400000000.0 2451200000.0 45425900.0 408819000000.0 2966490000000.0 655065000000.0 169336000000.0 -2.5 4.194 [-2.5]
5888430000000000.0 1.22759e+18 5430480000000.0 26318200000000.0 1285200000000.0 6354910000000.0 11612200000.0 72147900000.0 42237100000000.0 1953360000.0 34820300.0 409289000000.0 2834940000000.0 602783000000.0 146782000000.0 -2.48 4.19 [-2.48]
5888430000000000.0 1.16703e+18 5383660000000.0 24901500000000.0 1139030000000.0 5974820000000.0 9860000000.0 77480100000.0 39673800000000.0 1553060000.0 26646800.0 409774000000.0 2707200000000.0 553973000000.0 127141000000.0 -2.46 4.187 [-2.46]
5888430000000000.0 1.1095e+18 5335230000000.0 23549700000000.0 1008250000000.0 5609680000000.0 8364340000.0 83072300000.0 37197800000000.0 1231920000.0 20359000.0 410264000000.0 2583310000000.0 508473000000.0 110051000000.0 -2.44 4.184 [-2.44]
5888430000000000.0 1.05487e+18 5285300000000.0 22261300000000.0 891447000000.0 5259450000000.0 7089010000.0 88919600000.0 34812200000000.0 974962000.0 15531600.0 410737000000.0 2463380000000.0 466122000000.0 95198100000.0 -2.42 4.181 [-2.42]
5888440000000000.0 1.00296e+18 5233750000000.0 21033000000000.0 787226000000.0 4923680000000.0 6002090000.0 95017400000.0 32517200000000.0 769756000.0 11830300.0 411201000000.0 2347260000000.0 426762000000.0 82293600000.0 -2.4 4.178 [-2.4]
5888440000000000.0 9.53651e+17 5180640000000.0 19862900000000.0 694368000000.0 4602230000000.0 5076630000.0 101357000000.0 30314800000000.0 606295000.0 8997530.0 411637000000.0 2234980000000.0 390234000000.0 71092200000.0 -2.38 4.175 [-2.38]
5888440000000000.0 9.06811e+17 5126030000000.0 18749200000000.0 611757000000.0 4294970000000.0 4289430000.0 107927000000.0 28206300000000.0 476418000.0 0.0 412026000000.0 2126570000000.0 356385000000.0 61377900000.0 -2.36 4.172 [-2.36]
5888420000000000.0 8.62317e+17 5069940000000.0 17689400000000.0 538358000000.0 4001630000000.0 3620390000.0 114713000000.0 26192200000000.0 373471000.0 0.0 412353000000.0 2021950000000.0 325062000000.0 52958900000.0 -2.34 4.169 [-2.34]
5888420000000000.0 8.2004e+17 5012340000000.0 16681500000000.0 473219000000.0 3721960000000.0 3052230000.0 121702000000.0 24272500000000.0 292058000.0 0.0 412617000000.0 1921050000000.0 296121000000.0 45666100000.0 -2.32 4.166 [-2.32]
5888420000000000.0 7.7989e+17 4953360000000.0 15723700000000.0 415503000000.0 3455870000000.0 2570330000.0 128872000000.0 22448000000000.0 227855000.0 0.0 412785000000.0 1823890000000.0 269422000000.0 39355500000.0 -2.3 4.163 [-2.3]
5888420000000000.0 7.41743e+17 4892970000000.0 14813800000000.0 364422000000.0 3203020000000.0 2161930000.0 136202000000.0 20717800000000.0 177338000.0 0.0 412857000000.0 1730350000000.0 244824000000.0 33896700000.0 -2.28 4.16 [-2.28]
5888420000000000.0 7.05501e+17 4831200000000.0 13949900000000.0 319274000000.0 2963210000000.0 1816180000.0 143669000000.0 19081300000000.0 137691000.0 0.0 412810000000.0 1640370000000.0 222197000000.0 29178200000.0 -2.26 4.157 [-2.26]
5888420000000000.0 6.71086e+17 4768180000000.0 13130400000000.0 279430000000.0 2736300000000.0 1523840000.0 151248000000.0 17537900000000.0 106661000.0 0.0 412614000000.0 1553960000000.0 201412000000.0 25103200000.0 -2.24 4.154 [-2.24]
5888420000000000.0 6.38359e+17 4703730000000.0 12352500000000.0 244287000000.0 2521780000000.0 1276820000.0 158913000000.0 16084900000000.0 82420800.0 0.0 412299000000.0 1470860000000.0 182346000000.0 21583300000.0 -2.22 4.151 [-2.22]
5888420000000000.0 6.07277e+17 4638100000000.0 11615400000000.0 213348000000.0 2319600000000.0 1068440000.0 166635000000.0 14721800000000.0 63543700.0 0.0 411807000000.0 1391170000000.0 164882000000.0 18547000000.0 -2.2 4.149 [-2.2]
5888420000000000.0 5.77655e+17 4571090000000.0 10914900000000.0 186077000000.0 2128960000000.0 892488000.0 174400000000.0 13443100000000.0 48851900.0 0.0 411136000000.0 1314520000000.0 148867000000.0 15923600000.0 -2.18 4.146 [-2.18]
5888420000000000.0 5.49679e+17 4503340000000.0 10255600000000.0 162236000000.0 1950930000000.0 745056000.0 182138000000.0 12255500000000.0 37510400.0 0.0 410279000000.0 1241550000000.0 134323000000.0 13672500000.0 -2.16 4.143 [-2.16]
5888420000000000.0 5.23012e+17 4434310000000.0 9629650000000.0 141265000000.0 1783810000000.0 620849000.0 189859000000.0 11147300000000.0 28723100.0 0.0 409216000000.0 1171470000000.0 121019000000.0 11729100000.0 -2.14 4.14 [-2.14]
5888420000000000.0 4.97671e+17 4364260000000.0 9037560000000.0 122886000000.0 1627730000000.0 516606000.0 197520000000.0 10118900000000.0 21946800.0 0.0 407937000000.0 1104440000000.0 108905000000.0 10056400000.0 -2.12 4.138 [-2.12]
5888420000000000.0 4.73588e+17 4293250000000.0 8477780000000.0 106798000000.0 1482320000000.0 429243000.0 205093000000.0 9167080000000.0 16733800.0 0.0 406431000000.0 1040380000000.0 97888900000.0 8617350000.0 -2.1 4.135 [-2.1]
5888420000000000.0 4.50705e+17 4221380000000.0 7948890000000.0 92730400000.0 1347220000000.0 356136000.0 212553000000.0 8288590000000.0 12733000.0 0.0 404685000000.0 979222000000.0 87886400000.0 7380230000.0 -2.08 4.132 [-2.08]
5888420000000000.0 4.28954e+17 4148690000000.0 7449360000000.0 80442300000.0 1221990000000.0 295047000.0 219875000000.0 7479870000000.0 9669480.0 0.0 402698000000.0 920871000000.0 78816000000.0 6317110000.0 -2.06 4.13 [-2.06]
5888420000000000.0 4.08282e+17 4075240000000.0 6977890000000.0 69721600000.0 1106240000000.0 244083000.0 227032000000.0 6737550000000.0 7329130.0 0.0 400457000000.0 865260000000.0 70603400000.0 5404170000.0 -2.04 4.127 [-2.04]
5888420000000000.0 3.88632e+17 4001130000000.0 6533120000000.0 60377600000.0 999533000000.0 201632000.0 234006000000.0 6057960000000.0 5545120.0 0.0 397960000000.0 812303000000.0 63177600000.0 4620610000.0 -2.02 4.124 [-2.02]
5888420000000000.0 3.69954e+17 3926410000000.0 6113740000000.0 52241900000.0 901411000000.0 166326000.0 240778000000.0 5437350000000.0 4188030.0 0.0 395204000000.0 761916000000.0 56472000000.0 3948470000.0 -2.0 4.122 [-2.0]
5888420000000000.0 3.522e+17 3851200000000.0 5718600000000.0 45166000000.0 811435000000.0 137012000.0 247330000000.0 4872130000000.0 3157930.0 0.0 392181000000.0 714038000000.0 50426000000.0 3372310000.0 -1.98 4.119 [-1.98]
5888420000000000.0 3.35324e+17 3775550000000.0 5346480000000.0 39017700000.0 729141000000.0 112711000.0 253650000000.0 4358630000000.0 0.0 0.0 388893000000.0 668581000000.0 44981700000.0 2878690000.0 -1.96 4.117 [-1.96]
5888420000000000.0 3.19276e+17 3699530000000.0 4996160000000.0 33679800000.0 654054000000.0 92595100.0 259727000000.0 3893160000000.0 0.0 0.0 385345000000.0 625453000000.0 40085100000.0 2455970000.0 -1.94 4.114 [-1.94]
5888420000000000.0 3.04023e+17 3623280000000.0 4666680000000.0 29051100000.0 585735000000.0 75973100.0 265551000000.0 3472310000000.0 0.0 0.0 381530000000.0 584602000000.0 35688000000.0 2094290000.0 -1.92 4.112 [-1.92]
5888420000000000.0 2.8952e+17 3546830000000.0 4356910000000.0 25040400000.0 523717000000.0 62257600.0 271116000000.0 3092620000000.0 0.0 0.0 377459000000.0 545934000000.0 31743900000.0 1784960000.0 -1.9 4.11 [-1.9]
5888420000000000.0 2.75733e+17 3470310000000.0 4065880000000.0 21568700000.0 467559000000.0 50958200.0 276420000000.0 2750800000000.0 0.0 0.0 373131000000.0 509385000000.0 28211000000.0 1520600000.0 -1.88 4.107 [-1.88]
5888420000000000.0 2.62625e+17 3393800000000.0 3792610000000.0 18566200000.0 416826000000.0 41662900.0 281461000000.0 2443730000000.0 0.0 0.0 368555000000.0 474874000000.0 25050200000.0 1294790000.0 -1.86 4.105 [-1.86]
5888420000000000.0 2.50167e+17 3317430000000.0 3536240000000.0 15972100000.0 371105000000.0 34027800.0 286238000000.0 2168430000000.0 0.0 0.0 363723000000.0 442354000000.0 22226300000.0 1102100000.0 -1.84 4.102 [-1.84]
5888420000000000.0 2.38291e+17 3240980000000.0 3295260000000.0 13728600000.0 329904000000.0 27756800.0 290759000000.0 1921710000000.0 0.0 0.0 358707000000.0 411578000000.0 19701600000.0 937349000.0 -1.82 4.1 [-1.82]
5888420000000000.0 2.27026e+17 3164990000000.0 3069880000000.0 11796300000.0 292984000000.0 22626300.0 295018000000.0 1701620000000.0 0.0 0.0 353457000000.0 382711000000.0 17454700000.0 797139000.0 -1.8 4.098 [-1.8]
5888420000000000.0 2.16307e+17 3089310000000.0 2858610000000.0 10129700000.0 259891000000.0 18426200.0 299028000000.0 1505220000000.0 0.0 0.0 347991000000.0 355565000000.0 15452600000.0 677603000.0 -1.78 4.095 [-1.78]
5888420000000000.0 2.0611e+17 3014020000000.0 2660750000000.0 8693850000.0 230289000000.0 14993100.0 302794000000.0 1330300000000.0 0.0 0.0 342339000000.0 330058000000.0 13671100000.0 575756000.0 -1.76 4.093 [-1.76]
5888420000000000.0 1.96371e+17 2938920000000.0 2474830000000.0 7454150000.0 203786000000.0 12183400.0 306329000000.0 1174300000000.0 0.0 0.0 336473000000.0 306044000000.0 12082600000.0 488820000.0 -1.74 4.091 [-1.74]
5888420000000000.0 1.87195e+17 2865090000000.0 2302580000000.0 6395160000.0 180318000000.0 9905600.0 309620000000.0 1036680000000.0 0.0 0.0 330511000000.0 283745000000.0 10682700000.0 415323000.0 -1.72 4.089 [-1.72]
5888420000000000.0 1.78424e+17 2791550000000.0 2140760000000.0 5481210000.0 159356000000.0 8043450.0 312698000000.0 914169000000.0 0.0 0.0 324367000000.0 262775000000.0 9435740000.0 352585000.0 -1.7 4.087 [-1.7]
5888420000000000.0 1.7008e+17 2718730000000.0 1989580000000.0 4695990000.0 140726000000.0 6527630.0 315565000000.0 805641000000.0 0.0 0.0 318092000000.0 243170000000.0 8330460000.0 299250000.0 -1.68 4.084 [-1.68]
5888420000000000.0 1.62142e+17 2646710000000.0 1848430000000.0 4021790000.0 124190000000.0 5294810.0 318231000000.0 709601000000.0 0.0 0.0 311702000000.0 224863000000.0 7351610000.0 253930000.0 -1.66 4.082 [-1.66]
5888420000000000.0 1.54593e+17 2575560000000.0 1716750000000.0 3443330000.0 109534000000.0 4293030.0 320704000000.0 624709000000.0 0.0 0.0 305213000000.0 207793000000.0 6485560000.0 215445000.0 -1.64 4.08 [-1.64]
5888420000000000.0 1.47409e+17 2505320000000.0 1593910000000.0 2947140000.0 96554900000.0 3479390.0 322995000000.0 549723000000.0 0.0 0.0 298644000000.0 191882000000.0 5719600000.0 182763000.0 -1.62 4.078 [-1.62]
5888420000000000.0 1.40575e+17 2436070000000.0 1479420000000.0 2521830000.0 85075100000.0 2819110.0 325113000000.0 483560000000.0 0.0 0.0 292009000000.0 177077000000.0 5042830000.0 155029000.0 -1.6 4.076 [-1.6]
5888420000000000.0 1.34073e+17 2367860000000.0 1372760000000.0 2157420000.0 74930600000.0 2283560.0 327068000000.0 425223000000.0 0.0 0.0 285326000000.0 163312000000.0 4445170000.0 131499000.0 -1.58 4.074 [-1.58]
5888420000000000.0 1.27845e+17 2300280000000.0 1272780000000.0 1843870000.0 65933700000.0 1847740.0 328872000000.0 373597000000.0 0.0 0.0 278564000000.0 150443000000.0 3915060000.0 111452000.0 -1.56 4.072 [-1.56]
5888420000000000.0 1.22002e+17 2234770000000.0 1181030000000.0 1578180000.0 58072000000.0 1497580.0 330521000000.0 328565000000.0 0.0 0.0 271882000000.0 138669000000.0 3452400000.0 94620200.0 -1.54 4.07 [-1.54]
5888420000000000.0 1.16401e+17 2169980000000.0 1095060000000.0 1349560000.0 51105300000.0 1212600.0 332039000000.0 288734000000.0 0.0 0.0 265151000000.0 127675000000.0 3042130000.0 80274200.0 -1.52 4.068 [-1.52]
5888420000000000.0 1.11069e+17 2106390000000.0 1015100000000.0 1153920000.0 44965300000.0 981781.0 333428000000.0 253691000000.0 0.0 0.0 258436000000.0 117488000000.0 2680450000.0 68110300.0 -1.5 4.066 [-1.5]
5888420000000000.0 1.06009e+17 2044220000000.0 940980000000.0 986889000.0 39567400000.0 795165.0 334695000000.0 222926000000.0 0.0 0.0 251760000000.0 108093000000.0 2362380000.0 57821300.0 -1.48 4.064 [-1.48]
5888420000000000.0 1.01184e+17 1983240000000.0 872003000000.0 843884000.0 34810300000.0 643932.0 335849000000.0 195852000000.0 0.0 0.0 245112000000.0 99397800000.0 2081860000.0 49091600.0 -1.46 4.062 [-1.46]
5888430000000000.0 9.65924e+16 1923560000000.0 807953000000.0 721633000.0 30624400000.0 521525.0 336898000000.0 172062000000.0 0.0 0.0 238520000000.0 91365100000.0 1834820000.0 41692700.0 -1.44 4.06 [-1.44]
5888420000000000.0 9.22222e+16 1865230000000.0 748509000000.0 617155000.0 26942600000.0 422464.0 337847000000.0 151166000000.0 0.0 0.0 231994000000.0 83953200000.0 1617350000.0 35422800.0 -1.42 4.058 [-1.42]
5888430000000000.0 8.80609e+16 1808240000000.0 693339000000.0 527851000.0 23704300000.0 342281.0 338704000000.0 132811000000.0 0.0 0.0 225546000000.0 77114000000.0 1425870000.0 30106900.0 -1.4 4.056 [-1.4]
5888430000000000.0 8.40835e+16 1752380000000.0 641968000000.0 451336000.0 20850000000.0 277247.0 339475000000.0 116654000000.0 0.0 0.0 219160000000.0 70785600000.0 1256860000.0 25588800.0 -1.38 4.054 [-1.38]
5888420000000000.0 8.02778e+16 1697620000000.0 594104000000.0 385753000.0 18333600000.0 224483.0 340164000000.0 102425000000.0 0.0 0.0 212830000000.0 64937800000.0 1107630000.0 21748700.0 -1.36 4.052 [-1.36]
5888430000000000.0 7.67235e+16 1645270000000.0 550591000000.0 330495000.0 16149900000.0 182262.0 340774000000.0 90093500000.0 0.0 0.0 206736000000.0 59646800000.0 978105000.0 18533600.0 -1.34 4.05 [-1.34]
5888430000000000.0 7.33055e+16 1593790000000.0 509866000000.0 282925000.0 14217700000.0 147860.0 341314000000.0 79194200000.0 0.0 0.0 200689000000.0 54736900000.0 863258000.0 15787500.0 -1.32 4.048 [-1.32]
5888420000000000.0 7.00512e+16 1543710000000.0 472147000000.0 242282000.0 12519800000.0 120003.0 341788000000.0 69627400000.0 0.0 0.0 194760000000.0 50224700000.0 762180000.0 13457800.0 -1.3 4.047 [-1.3]
5888420000000000.0 6.69526e+16 1495020000000.0 437223000000.0 207555000.0 11027700000.0 97440.9 342199000000.0 61230400000.0 0.0 0.0 188955000000.0 46080500000.0 673212000.0 11480500.0 -1.28 4.045 [-1.28]
5888420000000000.0 6.40013e+16 1447700000000.0 404888000000.0 177875000.0 9716370000.0 79159.5 342551000000.0 53858900000.0 0.0 0.0 183279000000.0 42274200000.0 594878000.0 9801380.0 -1.26 4.043 [-1.26]
5888420000000000.0 6.11908e+16 1401750000000.0 374963000000.0 152507000.0 8563810000.0 0.0 342848000000.0 47388000000.0 0.0 0.0 177736000000.0 38781500000.0 525905000.0 8374980.0 -1.24 4.041 [-1.24]
5888420000000000.0 5.85138e+16 1357160000000.0 347271000000.0 130820000.0 7550660000.0 0.0 343093000000.0 41706700000.0 0.0 0.0 172329000000.0 35577000000.0 465155000.0 7162510.0 -1.22 4.039 [-1.22]
5888420000000000.0 5.5964e+16 1313920000000.0 321654000000.0 112275000.0 6659960000.0 0.0 343290000000.0 36718200000.0 0.0 0.0 167060000000.0 32638700000.0 411638000.0 6131390.0 -1.2 4.038 [-1.2]
5888420000000000.0 5.35147e+16 1271660000000.0 297762000000.0 96323400.0 5872660000.0 0.0 343439000000.0 32314600000.0 0.0 0.0 161887000000.0 29924600000.0 364218000.0 5249280.0 -1.18 4.036 [-1.18]
5888430000000000.0 5.12202e+16 1231390000000.0 276036000000.0 82837000.0 5187710000.0 0.0 343549000000.0 28488800000.0 0.0 0.0 156945000000.0 27475300000.0 322897000.0 4506430.0 -1.16 4.034 [-1.16]
5888430000000000.0 4.90152e+16 1192080000000.0 255767000000.0 71219300.0 4581620000.0 0.0 343616000000.0 25108000000.0 0.0 0.0 152100000000.0 25213200000.0 286235000.0 3869560.0 -1.14 4.032 [-1.14]
5888420000000000.0 4.69142e+16 1154030000000.0 237027000000.0 61271700.0 4048280000.0 0.0 343645000000.0 22137200000.0 0.0 0.0 147398000000.0 23141300000.0 253894000.0 3326420.0 -1.12 4.031 [-1.12]
5888420000000000.0 4.4912e+16 1117230000000.0 219700000000.0 52750300.0 3578790000.0 0.0 343638000000.0 19526000000.0 0.0 0.0 142838000000.0 21243700000.0 225352000.0 2862810.0 -1.1 4.029 [-1.1]
5888420000000000.0 4.30036e+16 1081640000000.0 203679000000.0 45446700.0 3165340000.0 0.0 343597000000.0 17230100000.0 0.0 0.0 138419000000.0 19505800000.0 200149000.0 2466710.0 -1.08 4.027 [-1.08]
5888430000000000.0 4.11665e+16 1046910000000.0 188723000000.0 39142600.0 2798900000.0 0.0 343521000000.0 15198500000.0 0.0 0.0 134097000000.0 17899800000.0 177745000.0 2125910.0 -1.06 4.026 [-1.06]
