Cloudy_runs/sbs1108/z=0.463207/component_I_PI_nH/component_I_PI_nH_col_density_param.txt
# %ECSV 1.0
# ---
# datatype:
# - {name: H, datatype: float64}
# - {name: H+, datatype: float64}
# - {name: C+, datatype: float64}
# - {name: C+2, datatype: float64}
# - {name: C+3, datatype: float64}
# - {name: N+2, datatype: float64}
# - {name: N+4, datatype: float64}
# - {name: O, datatype: float64}
# - {name: O+2, datatype: float64}
# - {name: O+5, datatype: float64}
# - {name: O+6, datatype: float64}
# - {name: Si+, datatype: float64}
# - {name: Si+2, datatype: float64}
# - {name: Si+3, datatype: float64}
# - {name: Si+4, datatype: float64}
# - {name: log_nH, datatype: float64}
# - {name: log_Te, datatype: float64}
# - {name: parameters, datatype: string, subtype: 'float64[1]'}
# schema: astropy-2.0
H H+ C+ C+2 C+3 N+2 N+4 O O+2 O+5 O+6 Si+ Si+2 Si+3 Si+4 log_nH log_Te parameters
[from data line 286]
5888440000000000.0 1958580000000000.0 137300000000.0 905503000.0 0.0 454638.0 0.0 303697000000.0 2129680.0 0.0 0.0 25112400000.0 59295100.0 102436.0 0.0 0.72 3.895 [0.72]
5888440000000000.0 1904020000000000.0 135131000000.0 860391000.0 0.0 417668.0 0.0 303371000000.0 1966340.0 0.0 0.0 24937700000.0 56232900.0 96614.7 0.0 0.74 3.893 [0.74]
5888440000000000.0 1851060000000000.0 133000000000.0 817508000.0 0.0 383684.0 0.0 303052000000.0 1816020.0 0.0 0.0 24768000000.0 53312300.0 91152.7 0.0 0.76 3.891 [0.76]
5888440000000000.0 1799610000000000.0 130905000000.0 776726000.0 0.0 352426.0 0.0 302737000000.0 1677620.0 0.0 0.0 24603000000.0 50520900.0 86025.8 0.0 0.78 3.889 [0.78]
5888440000000000.0 1749620000000000.0 128844000000.0 737940000.0 0.0 323672.0 0.0 302429000000.0 1550170.0 0.0 0.0 24442500000.0 47851600.0 81211.2 0.0 0.8 3.886 [0.8]
5888440000000000.0 1701030000000000.0 126818000000.0 701049000.0 0.0 297214.0 0.0 302125000000.0 1432750.0 0.0 0.0 24286400000.0 45297200.0 76688.7 0.0 0.82 3.884 [0.82]
5888440000000000.0 1653800000000000.0 124825000000.0 665963000.0 0.0 272868.0 0.0 301827000000.0 1324550.0 0.0 0.0 24134600000.0 42852100.0 72438.8 0.0 0.84 3.882 [0.84]
5888440000000000.0 1607790000000000.0 122860000000.0 632543000.0 0.0 250440.0 0.0 301534000000.0 1224740.0 0.0 0.0 23986600000.0 40505800.0 68442.2 0.0 0.86 3.879 [0.86]
5888440000000000.0 1563300000000000.0 120938000000.0 600893000.0 0.0 229835.0 0.0 301248000000.0 1132960.0 0.0 0.0 23843300000.0 38260900.0 64689.0 0.0 0.88 3.877 [0.88]
5888440000000000.0 1519770000000000.0 119036000000.0 570662000.0 0.0 210813.0 0.0 300965000000.0 1048110.0 0.0 0.0 23703000000.0 36096600.0 61154.4 0.0 0.9 3.874 [0.9]
5888440000000000.0 1477470000000000.0 117163000000.0 541918000.0 0.0 193343.0 0.0 300687000000.0 969820.0 0.0 0.0 23566500000.0 34042700.0 57827.9 0.0 0.92 3.871 [0.92]
5888440000000000.0 1436310000000000.0 115323000000.0 514600000.0 0.0 177233.0 0.0 300415000000.0 897642.0 0.0 0.0 23433500000.0 32056000.0 54698.3 0.0 0.94 3.869 [0.94]
5888440000000000.0 1396220000000000.0 113510000000.0 488612000.0 0.0 162385.0 0.0 300148000000.0 831023.0 0.0 0.0 23303900000.0 30143600.0 51751.5 0.0 0.96 3.866 [0.96]
5888440000000000.0 1357190000000000.0 111725000000.0 463900000.0 0.0 148715.0 0.0 299885000000.0 769525.0 0.0 0.0 23177500000.0 28308600.0 48976.2 0.0 0.98 3.862 [0.98]
5888440000000000.0 1319090000000000.0 109970000000.0 440405000.0 0.0 136057.0 0.0 299627000000.0 712804.0 0.0 0.0 23054000000.0 26507400.0 46363.3 0.0 1.0 3.859 [1.0]
