Cloudy_runs/sbs1108/z=0.463207/component_I_PI_nH/component_I_PI_nH_col_density_param.txt
# %ECSV 1.0
# ---
# datatype:
# - {name: H, datatype: float64}
# - {name: H+, datatype: float64}
# - {name: C+, datatype: float64}
# - {name: C+2, datatype: float64}
# - {name: C+3, datatype: float64}
# - {name: N+2, datatype: float64}
# - {name: N+4, datatype: float64}
# - {name: O, datatype: float64}
# - {name: O+2, datatype: float64}
# - {name: O+5, datatype: float64}
# - {name: O+6, datatype: float64}
# - {name: Si+, datatype: float64}
# - {name: Si+2, datatype: float64}
# - {name: Si+3, datatype: float64}
# - {name: Si+4, datatype: float64}
# - {name: log_nH, datatype: float64}
# - {name: log_Te, datatype: float64}
# - {name: parameters, datatype: string, subtype: 'float64[1]'}
# schema: astropy-2.0
H H+ C+ C+2 C+3 N+2 N+4 O O+2 O+5 O+6 Si+ Si+2 Si+3 Si+4 log_nH log_Te parameters
5888390000000000.0 9.3394e+20 33569700000.0 12694100000000.0 142122000000000.0 1707110000000.0 247396000000000.0 87219.8 4598890000000.0 6125430000000000.0 2.85878e+16 3019130.0 313209000.0 3839870000.0 1496800000000.0 -5.0 4.667 [-5.0]
5888400000000000.0 8.79606e+20 37577400000.0 13848000000000.0 148685000000000.0 1857470000000.0 251826000000000.0 97711.1 5012680000000.0 6066890000000000.0 2.67736e+16 3774340.0 379494000.0 4485630000.0 1648780000000.0 -4.98 4.66 [-4.98]
5888390000000000.0 8.2872e+20 41973800000.0 15076900000000.0 155293000000000.0 2018600000000.0 255957000000000.0 109436.0 5459880000000.0 5998530000000000.0 2.5041e+16 4704290.0 458686000.0 5228940000.0 1812900000000.0 -4.96 4.653 [-4.96]
5888390000000000.0 7.81067e+20 46790700000.0 16383100000000.0 161925000000000.0 2191300000000.0 259775000000000.0 122575.0 5943560000000.0 5920670000000000.0 2.33897e+16 5846150.0 553066000.0 6082400000.0 1989760000000.0 -4.94 4.646 [-4.94]
5888430000000000.0 7.3641e+20 52059700000.0 17769300000000.0 168570000000000.0 2376250000000.0 263275000000000.0 137299.0 6466170000000.0 5833710000000000.0 2.18179e+16 7244730.0 665326000.0 7060680000.0 2180050000000.0 -4.92 4.639 [-4.92]
5888400000000000.0 6.94535e+20 57814900000.0 19237300000000.0 175207000000000.0 2574220000000.0 266443000000000.0 153820.0 7030640000000.0 5737880000000000.0 2.03239e+16 8953230.0 798553000.0 8179550000.0 2384380000000.0 -4.9 4.633 [-4.9]
5888410000000000.0 6.55264e+20 64094500000.0 20790100000000.0 181826000000000.0 2786090000000.0 269276000000000.0 172373.0 7640100000000.0 5633680000000000.0 1.89064e+16 11035400.0 956353000.0 9456870000.0 2603430000000.0 -4.88 4.626 [-4.88]
5888400000000000.0 6.18414e+20 70940000000.0 22430400000000.0 188407000000000.0 3012810000000.0 271765000000000.0 193230.0 8297650000000.0 5521510000000000.0 1.75633e+16 13566900.0 1142890000.0 10912300000.0 2837860000000.0 -4.86 4.62 [-4.86]
5888400000000000.0 5.83821e+20 78388400000.0 24158900000000.0 194935000000000.0 3255090000000.0 273905000000000.0 216691.0 9006540000000.0 5401830000000000.0 1.62927e+16 16637500.0 1362950000.0 12567200000.0 3088280000000.0 -4.84 4.614 [-4.84]
5888400000000000.0 5.51335e+20 86488000000.0 25978700000000.0 201395000000000.0 3513960000000.0 275691000000000.0 243103.0 9770160000000.0 5275190000000000.0 1.50924e+16 20353700.0 1622070000.0 14445700000.0 3355310000000.0 -4.82 4.608 [-4.82]
5888410000000000.0 5.2081e+20 95284700000.0 27891700000000.0 207772000000000.0 3790360000000.0 277118000000000.0 272837.0 10591500000000.0 5142030000000000.0 1.39603e+16 24841300.0 1926610000.0 16573900000.0 3639590000000.0 -4.8 4.602 [-4.8]
5888420000000000.0 4.92117e+20 104833000000.0 29899600000000.0 214045000000000.0 4085400000000.0 278176000000000.0 306396.0 11474800000000.0 5002830000000000.0 1.28942e+16 30248600.0 2283800000.0 18979500000.0 3941530000000.0 -4.78 4.597 [-4.78]
5888400000000000.0 4.65133e+20 115182000000.0 32004900000000.0 220210000000000.0 4399890000000.0 278874000000000.0 344152.0 12422200000000.0 4858350000000000.0 1.18916e+16 36751200.0 2702170000.0 21696000000.0 4261970000000.0 -4.76 4.591 [-4.76]
5888410000000000.0 4.39745e+20 126391000000.0 34209400000000.0 226250000000000.0 4734890000000.0 279204000000000.0 386691.0 13437600000000.0 4709110000000000.0 1.09503e+16 44554700.0 3191270000.0 24757500000.0 4601360000000.0 -4.74 4.586 [-4.74]
5888410000000000.0 4.15848e+20 138518000000.0 36514700000000.0 232151000000000.0 5091420000000.0 279164000000000.0 434630.0 14524300000000.0 4555790000000000.0 1.00678e+16 53899700.0 3762020000.0 28201200000.0 4960130000000.0 -4.72 4.58 [-4.72]
5888420000000000.0 3.93348e+20 151631000000.0 38922100000000.0 237898000000000.0 5470560000000.0 278753000000000.0 488658.0 15685300000000.0 4398840000000000.0 9242040000000000.0 65068400.0 4426890000.0 32067900000.0 5338710000000.0 -4.7 4.575 [-4.7]
5888420000000000.0 3.72153e+20 165795000000.0 41433200000000.0 243479000000000.0 5873240000000.0 277971000000000.0 549530.0 16923700000000.0 4239000000000000.0 8470520000000000.0 78390000.0 5200080000.0 36402200000.0 5737480000000.0 -4.68 4.57 [-4.68]
5888420000000000.0 3.52179e+20 181083000000.0 44049900000000.0 248885000000000.0 6300450000000.0 276819000000000.0 618108.0 18242600000000.0 4076920000000000.0 7750870000000000.0 94248900.0 6097760000.0 41252400000.0 6156800000000.0 -4.66 4.565 [-4.66]
5888410000000000.0 3.33347e+20 197568000000.0 46772500000000.0 254101000000000.0 6753050000000.0 275295000000000.0 695331.0 19644000000000.0 3913190000000000.0 7080730000000000.0 113091000.0 7138180000.0 46670500000.0 6596870000000.0 -4.64 4.561 [-4.64]
5888410000000000.0 3.15586e+20 215334000000.0 49602100000000.0 259119000000000.0 7231890000000.0 273405000000000.0 782257.0 21130700000000.0 3748500000000000.0 6457780000000000.0 135434000.0 8342110000.0 52713400000.0 7057960000000.0 -4.62 4.556 [-4.62]
5888410000000000.0 2.98827e+20 234454000000.0 52539300000000.0 263926000000000.0 7737750000000.0 271150000000000.0 880049.0 22704500000000.0 3583470000000000.0 5879740000000000.0 161878000.0 9732930000.0 59441800000.0 7540130000000.0 -4.6 4.551 [-4.6]
5888410000000000.0 2.83009e+20 255015000000.0 55584600000000.0 268514000000000.0 8271280000000.0 268535000000000.0 990010.0 24367100000000.0 3418740000000000.0 5344290000000000.0 193115000.0 11337100000.0 66921300000.0 8043450000000.0 -4.58 4.547 [-4.58]
5888420000000000.0 2.68073e+20 277103000000.0 58738400000000.0 272875000000000.0 8833080000000.0 265565000000000.0 1113560.0 26119300000000.0 3254880000000000.0 4849360000000000.0 229943000.0 13184200000.0 75222100000.0 8567830000000.0 -4.56 4.542 [-4.56]
5888420000000000.0 2.53964e+20 300810000000.0 61999800000000.0 276996000000000.0 9423490000000.0 262243000000000.0 1252300.0 27962300000000.0 3092470000000000.0 4392580000000000.0 273276000.0 15307400000.0 84418000000.0 9112990000000.0 -4.54 4.538 [-4.54]
5888420000000000.0 2.40636e+20 326237000000.0 65369500000000.0 280874000000000.0 10043100000000.0 258585000000000.0 1408070.0 29897000000000.0 2932130000000000.0 3971990000000000.0 324172000.0 17744700000.0 94591500000.0 9678910000000.0 -4.52 4.534 [-4.52]
5888420000000000.0 2.2804e+20 353479000000.0 68846400000000.0 284499000000000.0 10692100000000.0 254597000000000.0 1582800.0 31923400000000.0 2774390000000000.0 3585290000000000.0 383832000.0 20537600000.0 105827000000.0 10265100000000.0 -4.5 4.53 [-4.5]
5888410000000000.0 2.16131e+20 382635000000.0 72428800000000.0 287863000000000.0 11370400000000.0 250287000000000.0 1778690.0 34040600000000.0 2619680000000000.0 3230580000000000.0 453628000.0 23732700000.0 118216000000.0 10870900000000.0 -4.48 4.526 [-4.48]
5888420000000000.0 2.04867e+20 413790000000.0 76114000000000.0 290958000000000.0 12077300000000.0 245665000000000.0 1997990.0 36246900000000.0 2468490000000000.0 2905760000000000.0 535117000.0 27382100000.0 131855000000.0 11495900000000.0 -4.46 4.522 [-4.46]
5888420000000000.0 1.9421e+20 447046000000.0 79899500000000.0 293775000000000.0 12812500000000.0 240744000000000.0 2243320.0 38540600000000.0 2321200000000000.0 2608970000000000.0 630066000.0 31543200000.0 146847000000.0 12139200000000.0 -4.44 4.517 [-4.44]
5888420000000000.0 1.84123e+20 482490000000.0 83782800000000.0 296310000000000.0 13575100000000.0 235539000000000.0 2517360.0 40918800000000.0 2178200000000000.0 2338260000000000.0 740478000.0 36280600000.0 163305000000.0 12800000000000.0 -4.42 4.514 [-4.42]
5888420000000000.0 1.74576e+20 520244000000.0 87759300000000.0 298555000000000.0 14364400000000.0 230066000000000.0 2823750.0 43380700000000.0 2039790000000000.0 2091950000000000.0 868623000.0 41664800000.0 181335000000.0 13477200000000.0 -4.4 4.51 [-4.4]
5888420000000000.0 1.65538e+20 560392000000.0 91825100000000.0 300504000000000.0 15179000000000.0 224341000000000.0 3165830.0 45922600000000.0 1906280000000000.0 1868220000000000.0 1017040000.0 47774100000.0 201060000000.0 14169500000000.0 -4.38 4.506 [-4.38]
5888420000000000.0 1.56978e+20 603034000000.0 95975300000000.0 302153000000000.0 16017600000000.0 218384000000000.0 3547530.0 48540800000000.0 1777880000000000.0 1665430000000000.0 1188600000.0 54694800000.0 222606000000.0 14875700000000.0 -4.36 4.502 [-4.36]
5888420000000000.0 1.4887e+20 648262000000.0 100204000000000.0 303496000000000.0 16878200000000.0 212215000000000.0 3973200.0 51231500000000.0 1654770000000000.0 1481990000000000.0 1386490000.0 62521500000.0 246105000000.0 15594400000000.0 -4.34 4.498 [-4.34]
5888430000000000.0 1.41188e+20 696160000000.0 104505000000000.0 304527000000000.0 17759100000000.0 205856000000000.0 4447640.0 53989900000000.0 1537100000000000.0 1316400000000000.0 1614270000.0 71357800000.0 271691000000.0 16323800000000.0 -4.32 4.494 [-4.32]
5888420000000000.0 1.33908e+20 746819000000.0 108871000000000.0 305242000000000.0 18657800000000.0 199328000000000.0 4976290.0 56811800000000.0 1424950000000000.0 1167200000000000.0 1875940000.0 81317400000.0 299507000000.0 17062100000000.0 -4.3 4.49 [-4.3]
5888420000000000.0 1.27009e+20 800299000000.0 113293000000000.0 305638000000000.0 19571800000000.0 192655000000000.0 5564940.0 59691500000000.0 1318380000000000.0 1033040000000000.0 2175850000.0 92523000000.0 329699000000.0 17807400000000.0 -4.28 4.487 [-4.28]
5888430000000000.0 1.20471e+20 856716000000.0 117764000000000.0 305710000000000.0 20498900000000.0 185863000000000.0 6220730.0 62625200000000.0 1217410000000000.0 912663000000000.0 2518940000.0 105109000000.0 362410000000.0 18557500000000.0 -4.26 4.483 [-4.26]
5888420000000000.0 1.14272e+20 916111000000.0 122274000000000.0 305455000000000.0 21435800000000.0 178976000000000.0 6950870.0 65606100000000.0 1121990000000000.0 804882000000000.0 2910550000.0 119222000000.0 397797000000.0 19310300000000.0 -4.24 4.479 [-4.24]
5888420000000000.0 1.08396e+20 978553000000.0 126811000000000.0 304871000000000.0 22379800000000.0 172020000000000.0 7763850.0 68628700000000.0 1032080000000000.0 708571000000000.0 3356580000.0 135018000000.0 436012000000.0 20063100000000.0 -4.22 4.475 [-4.22]
5888420000000000.0 1.02825e+20 1044110000000.0 131366000000000.0 303956000000000.0 23327600000000.0 165020000000000.0 8669290.0 71687200000000.0 947579000000000.0 622689000000000.0 3863540000.0 152667000000.0 477208000000.0 20813600000000.0 -4.2 4.472 [-4.2]
5888420000000000.0 9.75437e+19 1112820000000.0 135927000000000.0 302709000000000.0 24275900000000.0 158003000000000.0 9677800.0 74775600000000.0 868372000000000.0 546256000000000.0 4438490000.0 172352000000.0 521540000000.0 21558800000000.0 -4.18 4.468 [-4.18]
5888420000000000.0 9.25353e+19 1184710000000.0 140480000000000.0 301128000000000.0 25221400000000.0 150993000000000.0 10801200.0 77887200000000.0 794318000000000.0 478363000000000.0 5089140000.0 194266000000.0 569166000000.0 22296200000000.0 -4.16 4.464 [-4.16]
5888420000000000.0 8.77867e+19 1259850000000.0 145014000000000.0 299213000000000.0 26160800000000.0 144016000000000.0 12053500.0 81016700000000.0 725259000000000.0 418180000000000.0 5823900000.0 218619000000.0 620231000000.0 23022600000000.0 -4.14 4.461 [-4.14]
5888420000000000.0 8.32839e+19 1338220000000.0 149513000000000.0 296966000000000.0 27090500000000.0 137096000000000.0 13449700.0 84157300000000.0 661017000000000.0 364927000000000.0 6651830000.0 245632000000.0 674885000000.0 23735100000000.0 -4.12 4.457 [-4.12]
5888420000000000.0 7.9014e+19 1419850000000.0 153964000000000.0 294388000000000.0 28007000000000.0 130253000000000.0 15007100.0 87302200000000.0 601395000000000.0 317914000000000.0 7582740000.0 275542000000.0 733271000000.0 24430700000000.0 -4.1 4.453 [-4.1]
5888420000000000.0 7.49654e+19 1504750000000.0 158352000000000.0 291482000000000.0 28906900000000.0 123512000000000.0 16745300.0 90445300000000.0 546195000000000.0 276494000000000.0 8627180000.0 308596000000.0 795515000000.0 25105900000000.0 -4.08 4.45 [-4.08]
5888420000000000.0 7.1126e+19 1592850000000.0 162659000000000.0 288253000000000.0 29786400000000.0 116891000000000.0 18686000.0 93579700000000.0 495207000000000.0 240062000000000.0 9796300000.0 345054000000.0 861749000000.0 25757700000000.0 -4.06 4.446 [-4.06]
5888420000000000.0 6.74852e+19 1684160000000.0 166872000000000.0 284705000000000.0 30642500000000.0 110411000000000.0 20854300.0 96698900000000.0 448216000000000.0 208087000000000.0 11102100000.0 385187000000.0 932075000000.0 26382700000000.0 -4.04 4.443 [-4.04]
5888420000000000.0 6.40325e+19 1778590000000.0 170972000000000.0 280845000000000.0 31472000000000.0 104089000000000.0 23277900.0 99796300000000.0 405004000000000.0 180075000000000.0 12557400000.0 429281000000.0 1006600000000.0 26977700000000.0 -4.02 4.439 [-4.02]
5888420000000000.0 6.0759e+19 1876150000000.0 174945000000000.0 276677000000000.0 32272400000000.0 97941500000000.0 25989500.0 102867000000000.0 365356000000000.0 155585000000000.0 14175900000.0 477634000000.0 1085380000000.0 27539300000000.0 -4.0 4.435 [-4.0]
5888420000000000.0 5.76553e+19 1976780000000.0 178775000000000.0 272212000000000.0 33041000000000.0 91981200000000.0 29025500.0 105903000000000.0 329055000000000.0 134213000000000.0 15972000000.0 530552000000.0 1168480000000.0 28064500000000.0 -3.98 4.432 [-3.98]
5888420000000000.0 5.47119e+19 2080270000000.0 182442000000000.0 267459000000000.0 33774400000000.0 86220700000000.0 32424600.0 108899000000000.0 295887000000000.0 115596000000000.0 17960400000.0 588346000000.0 1255960000000.0 28550100000000.0 -3.96 4.428 [-3.96]
5888420000000000.0 5.19205e+19 2186530000000.0 185930000000000.0 262432000000000.0 34470300000000.0 80669500000000.0 36232900.0 111848000000000.0 265642000000000.0 99410800000000.0 20156600000.0 651330000000.0 1347820000000.0 28993200000000.0 -3.94 4.425 [-3.94]
5888410000000000.0 4.92743e+19 2295580000000.0 189226000000000.0 257138000000000.0 35127200000000.0 75336000000000.0 40504000.0 114744000000000.0 238121000000000.0 85369100000000.0 22577800000.0 719836000000.0 1444020000000.0 29390500000000.0 -3.92 4.421 [-3.92]
5888410000000000.0 4.67646e+19 2407050000000.0 192309000000000.0 251595000000000.0 35742400000000.0 70226000000000.0 45294000.0 117582000000000.0 213125000000000.0 73203500000000.0 25239800000.0 794182000000.0 1544560000000.0 29739600000000.0 -3.9 4.418 [-3.9]
5888420000000000.0 4.43849e+19 2520890000000.0 195167000000000.0 245816000000000.0 36314400000000.0 65344100000000.0 50669700.0 120355000000000.0 190468000000000.0 62682700000000.0 28160500000.0 874690000000.0 1649340000000.0 30037800000000.0 -3.88 4.415 [-3.88]
5888420000000000.0 4.21283e+19 2636890000000.0 197785000000000.0 239818000000000.0 36841600000000.0 60692600000000.0 56705600.0 123059000000000.0 169968000000000.0 53599100000000.0 31357400000.0 961677000000.0 1758240000000.0 30282700000000.0 -3.86 4.411 [-3.86]
5888410000000000.0 3.99885e+19 2754860000000.0 200149000000000.0 233617000000000.0 37322600000000.0 56272300000000.0 63485000.0 125687000000000.0 151455000000000.0 45769000000000.0 34848600000.0 1055440000000.0 1871080000000.0 30471900000000.0 -3.84 4.408 [-3.84]
5888420000000000.0 3.79573e+19 2874040000000.0 202229000000000.0 227230000000000.0 37753800000000.0 52081900000000.0 71094900.0 128230000000000.0 134761000000000.0 39028300000000.0 38648300000.0 1156230000000.0 1987790000000.0 30603100000000.0 -3.82 4.404 [-3.82]
5888420000000000.0 3.60327e+19 2995170000000.0 204045000000000.0 220679000000000.0 38138900000000.0 48120600000000.0 79655600.0 130690000000000.0 119741000000000.0 33241700000000.0 42780800000.0 1264390000000.0 2107890000000.0 30675000000000.0 -3.8 4.401 [-3.8]
5888410000000000.0 3.42076e+19 3117510000000.0 205570000000000.0 213984000000000.0 38475100000000.0 44384900000000.0 89278900.0 133059000000000.0 106248000000000.0 28278900000000.0 47260600000.0 1380140000000.0 2231200000000.0 30686300000000.0 -3.78 4.398 [-3.78]
