Cloudy_runs/sbs1108/z=0.463207/component_I_PI_nH/component_I_PI_nH_col_density_param.txt
# %ECSV 1.0
# ---
# datatype:
# - {name: H, datatype: float64}
# - {name: H+, datatype: float64}
# - {name: C+, datatype: float64}
# - {name: C+2, datatype: float64}
# - {name: C+3, datatype: float64}
# - {name: N+2, datatype: float64}
# - {name: N+4, datatype: float64}
# - {name: O, datatype: float64}
# - {name: O+2, datatype: float64}
# - {name: O+5, datatype: float64}
# - {name: O+6, datatype: float64}
# - {name: Si+, datatype: float64}
# - {name: Si+2, datatype: float64}
# - {name: Si+3, datatype: float64}
# - {name: Si+4, datatype: float64}
# - {name: log_nH, datatype: float64}
# - {name: log_Te, datatype: float64}
# - {name: parameters, datatype: string, subtype: 'float64[1]'}
# schema: astropy-2.0
H H+ C+ C+2 C+3 N+2 N+4 O O+2 O+5 O+6 Si+ Si+2 Si+3 Si+4 log_nH log_Te parameters
[from data line 63]
5888420000000000.0 3.08352e+19 3364700000000.0 207719000000000.0 200245000000000.0 38999100000000.0 37571900000000.0 112265000.0 137508000000000.0 83313400000000.0 20393000000000.0 57328700000.0 1635170000000.0 2486020000000.0 30522500000000.0 -3.74 4.391 [-3.74]
5888410000000000.0 2.92783e+19 3488920000000.0 208328000000000.0 193245000000000.0 39186200000000.0 34482800000000.0 125946000.0 139578000000000.0 73628300000000.0 17287400000000.0 62947500000.0 1774740000000.0 2616670000000.0 30346200000000.0 -3.72 4.388 [-3.72]
5888410000000000.0 2.78016e+19 3613190000000.0 208623000000000.0 186188000000000.0 39323500000000.0 31596600000000.0 141331000.0 141540000000000.0 64984300000000.0 14638100000000.0 68975100000.0 1922470000000.0 2748810000000.0 30106700000000.0 -3.7 4.385 [-3.7]
5888420000000000.0 2.64009e+19 3737130000000.0 208600000000000.0 179098000000000.0 39411200000000.0 28905700000000.0 158632000.0 143390000000000.0 57281300000000.0 12380700000000.0 75421900000.0 2078350000000.0 2881900000000.0 29804200000000.0 -3.68 4.381 [-3.68]
5888420000000000.0 2.50721e+19 3860420000000.0 208258000000000.0 171996000000000.0 39449400000000.0 26402100000000.0 178085000.0 145123000000000.0 50426900000000.0 10459500000000.0 82297400000.0 2242290000000.0 3015280000000.0 29439300000000.0 -3.66 4.378 [-3.66]
5888420000000000.0 2.38114e+19 3982690000000.0 207599000000000.0 164905000000000.0 39438800000000.0 24077600000000.0 199955000.0 146736000000000.0 44336700000000.0 8826480000000.0 89607300000.0 2414140000000.0 3148320000000.0 29013100000000.0 -3.64 4.375 [-3.64]
5888420000000000.0 2.26152e+19 4103610000000.0 206627000000000.0 157847000000000.0 39379900000000.0 21923900000000.0 224539000.0 148225000000000.0 38933100000000.0 7439990000000.0 97354700000.0 2593640000000.0 3280270000000.0 28526800000000.0 -3.62 4.372 [-3.62]
5888420000000000.0 2.14801e+19 4222790000000.0 205347000000000.0 150843000000000.0 39273500000000.0 19932200000000.0 252166000.0 149588000000000.0 34145600000000.0 6264200000000.0 105539000000.0 2780450000000.0 3410370000000.0 27982400000000.0 -3.6 4.369 [-3.6]
5888430000000000.0 2.04029e+19 4339860000000.0 203762000000000.0 143911000000000.0 39120600000000.0 18094000000000.0 283204000.0 150821000000000.0 29909700000000.0 5268230000000.0 114154000000.0 2974070000000.0 3537810000000.0 27382000000000.0 -3.58 4.365 [-3.58]
5888420000000000.0 1.93805e+19 4454490000000.0 201882000000000.0 137071000000000.0 38922100000000.0 16400600000000.0 318066000.0 151920000000000.0 26166800000000.0 4425520000000.0 123191000000.0 3173950000000.0 3661710000000.0 26728200000000.0 -3.56 4.362 [-3.56]
5888420000000000.0 1.841e+19 4566350000000.0 199720000000000.0 130343000000000.0 38679200000000.0 14843500000000.0 357206000.0 152883000000000.0 22864200000000.0 3713310000000.0 132636000000.0 3379350000000.0 3781220000000.0 26024000000000.0 -3.54 4.359 [-3.54]
5888430000000000.0 1.74888e+19 4675170000000.0 197287000000000.0 123743000000000.0 38393400000000.0 13414400000000.0 401141000.0 153708000000000.0 19953800000000.0 3112080000000.0 142470000000.0 3589480000000.0 3895410000000.0 25272800000000.0 -3.52 4.356 [-3.52]
5888420000000000.0 1.66141e+19 4780620000000.0 194595000000000.0 117287000000000.0 38065600000000.0 12105100000000.0 450429000.0 154392000000000.0 17392300000000.0 2605090000000.0 152666000000.0 3803330000000.0 4003360000000.0 24478300000000.0 -3.5 4.353 [-3.5]
5888420000000000.0 1.57836e+19 4882480000000.0 191663000000000.0 110991000000000.0 37697800000000.0 10907600000000.0 505706000.0 154932000000000.0 15140900000000.0 2178080000000.0 163194000000.0 4019860000000.0 4104170000000.0 23644800000000.0 -3.48 4.35 [-3.48]
5888430000000000.0 1.4995e+19 4980450000000.0 188504000000000.0 104866000000000.0 37291200000000.0 9814370000000.0 567668000.0 155327000000000.0 13164400000000.0 1818810000000.0 174016000000.0 4237810000000.0 4196940000000.0 22776500000000.0 -3.46 4.347 [-3.46]
5888430000000000.0 1.42461e+19 5074350000000.0 185136000000000.0 98924400000000.0 36847600000000.0 8817940000000.0 637091000.0 155574000000000.0 11431500000000.0 1516900000000.0 185092000000.0 4455890000000.0 4280800000000.0 21878300000000.0 -3.44 4.344 [-3.44]
5888430000000000.0 1.35348e+19 5163970000000.0 181577000000000.0 93175100000000.0 36368600000000.0 7911280000000.0 714830000.0 155672000000000.0 9914150000000.0 1263490000000.0 196373000000.0 4672650000000.0 4354910000000.0 20955000000000.0 -3.42 4.341 [-3.42]
5888430000000000.0 1.28591e+19 5249160000000.0 177846000000000.0 87626600000000.0 35856100000000.0 7087750000000.0 801830000.0 155620000000000.0 8587170000000.0 1051030000000.0 207805000000.0 4886580000000.0 4418510000000.0 20012000000000.0 -3.4 4.338 [-3.4]
5888420000000000.0 1.22173e+19 5329810000000.0 173960000000000.0 82285200000000.0 35312000000000.0 6340920000000.0 899137000.0 155415000000000.0 7428180000000.0 873138000000.0 219333000000.0 5096100000000.0 4470910000000.0 19054500000000.0 -3.38 4.335 [-3.38]
5888420000000000.0 1.16077e+19 5405910000000.0 169940000000000.0 77155000000000.0 34738400000000.0 5664770000000.0 1007920000.0 155059000000000.0 6417180000000.0 724368000000.0 230900000000.0 5299650000000.0 4511470000000.0 18088100000000.0 -3.36 4.332 [-3.36]
5888430000000000.0 1.10285e+19 5477330000000.0 165805000000000.0 72239500000000.0 34137200000000.0 5053580000000.0 1129440000.0 154549000000000.0 5536390000000.0 600107000000.0 242439000000.0 5495550000000.0 4539720000000.0 17118200000000.0 -3.34 4.329 [-3.34]
5888420000000000.0 1.04783e+19 5544050000000.0 161571000000000.0 67540100000000.0 33510200000000.0 4502000000000.0 1265100000.0 153886000000000.0 4770010000000.0 496450000000.0 253887000000.0 5682160000000.0 4555240000000.0 16150100000000.0 -3.32 4.326 [-3.32]
5888420000000000.0 9.95546e+18 5605950000000.0 157255000000000.0 63059700000000.0 32858800000000.0 4005110000000.0 1416420000.0 153069000000000.0 4104070000000.0 410098000000.0 265177000000.0 5857910000000.0 4557830000000.0 15189300000000.0 -3.3 4.322 [-3.3]
5888430000000000.0 9.45877e+18 5663400000000.0 152882000000000.0 58793000000000.0 32187100000000.0 3558040000000.0 1585140000.0 152099000000000.0 3526190000000.0 338264000000.0 276252000000.0 6021400000000.0 4547310000000.0 14240800000000.0 -3.28 4.319 [-3.28]
5888430000000000.0 8.98684e+18 5716250000000.0 148464000000000.0 54740100000000.0 31495900000000.0 3156490000000.0 1773080000.0 150977000000000.0 3025370000000.0 278586000000.0 287046000000.0 6171170000000.0 4523740000000.0 13309400000000.0 -3.26 4.316 [-3.26]
5888430000000000.0 8.53844e+18 5764630000000.0 144017000000000.0 50898000000000.0 30787500000000.0 2796410000000.0 1982260000.0 149704000000000.0 2591930000000.0 229081000000.0 297502000000.0 6305980000000.0 4487280000000.0 12399700000000.0 -3.24 4.313 [-3.24]
5888420000000000.0 8.1124e+18 5808600000000.0 139558000000000.0 47263000000000.0 30063900000000.0 2474010000000.0 2214880000.0 148282000000000.0 2217320000000.0 188073000000.0 307565000000.0 6424740000000.0 4438240000000.0 11515900000000.0 -3.22 4.31 [-3.22]
5888430000000000.0 7.7077e+18 5848160000000.0 135100000000000.0 43831900000000.0 29327600000000.0 2185910000000.0 2473280000.0 146713000000000.0 1894120000000.0 154165000000.0 317176000000.0 6526450000000.0 4377220000000.0 10661800000000.0 -3.2 4.307 [-3.2]
5888420000000000.0 7.3231e+18 5883740000000.0 130657000000000.0 40596100000000.0 28580100000000.0 1928670000000.0 2760210000.0 145000000000000.0 1615500000000.0 126156000000.0 326315000000.0 6610610000000.0 4304570000000.0 9840250000000.0 -3.18 4.304 [-3.18]
5888420000000000.0 6.95759e+18 5915410000000.0 126240000000000.0 37550900000000.0 27823400000000.0 1699360000000.0 3078540000.0 143145000000000.0 1375650000000.0 103056000000.0 334948000000.0 6676680000000.0 4221010000000.0 9053910000000.0 -3.16 4.301 [-3.16]
5888430000000000.0 6.61042e+18 5943150000000.0 121863000000000.0 34691000000000.0 27060100000000.0 1495380000000.0 3431180000.0 141153000000000.0 1169630000000.0 84046600000.0 343027000000.0 6724270000000.0 4127560000000.0 8305380000000.0 -3.14 4.297 [-3.14]
5888420000000000.0 6.28055e+18 5967160000000.0 117535000000000.0 32009100000000.0 26291900000000.0 1314150000000.0 3821520000.0 139027000000000.0 992869000000.0 68424500000.0 350540000000.0 6753360000000.0 4025010000000.0 7596040000000.0 -3.12 4.294 [-3.12]
5888430000000000.0 5.96717e+18 5987610000000.0 113264000000000.0 29498400000000.0 25520500000000.0 1153390000000.0 4253180000.0 136772000000000.0 841456000000.0 55608200000.0 357477000000.0 6764130000000.0 3914360000000.0 6927060000000.0 -3.1 4.291 [-3.1]
5888420000000000.0 5.66942e+18 6004620000000.0 109059000000000.0 27151600000000.0 24747600000000.0 1010990000000.0 4729990000.0 134394000000000.0 711950000000.0 45111200000.0 363833000000.0 6756910000000.0 3796590000000.0 6298980000000.0 -3.08 4.288 [-3.08]
5888420000000000.0 5.38642e+18 6018140000000.0 104926000000000.0 24960800000000.0 23974800000000.0 885010000000.0 5256310000.0 131895000000000.0 601337000000.0 36526700000.0 369603000000.0 6732010000000.0 3672830000000.0 5711770000000.0 -3.06 4.285 [-3.06]
5888420000000000.0 5.11767e+18 6028750000000.0 100874000000000.0 22919600000000.0 23204400000000.0 773778000000.0 5836320000.0 129286000000000.0 507063000000.0 29523200000.0 374817000000.0 6690620000000.0 3544030000000.0 5165490000000.0 -3.04 4.281 [-3.04]
5888420000000000.0 4.86234e+18 6036390000000.0 96908200000000.0 21019800000000.0 22437700000000.0 675680000000.0 6475000000.0 126571000000000.0 426825000000.0 23817900000.0 379483000000.0 6633340000000.0 3411280000000.0 4659230000000.0 -3.02 4.278 [-3.02]
5888420000000000.0 4.61977e+18 6041160000000.0 93031600000000.0 19254600000000.0 21676000000000.0 589297000000.0 7177430000.0 123758000000000.0 358651000000.0 19178900000.0 383621000000.0 6561170000000.0 3275620000000.0 4191980000000.0 -3.0 4.275 [-3.0]
5888430000000000.0 4.38934e+18 6043220000000.0 89248700000000.0 17616500000000.0 20920800000000.0 513334000000.0 7949120000.0 120853000000000.0 300829000000.0 15414000000.0 387262000000.0 6475170000000.0 3138020000000.0 3762410000000.0 -2.98 4.272 [-2.98]
5888420000000000.0 4.1704e+18 6042660000000.0 85562300000000.0 16098500000000.0 20173300000000.0 446627000000.0 8795890000.0 117864000000000.0 251870000000.0 12364300000.0 390433000000.0 6376480000000.0 2999410000000.0 3368930000000.0 -2.96 4.268 [-2.96]
5888420000000000.0 3.96232e+18 6039260000000.0 81972900000000.0 14693800000000.0 19434400000000.0 388128000000.0 9723870000.0 114798000000000.0 210485000000.0 9898130000.0 393159000000.0 6265970000000.0 2860790000000.0 3009740000000.0 -2.94 4.265 [-2.94]
5888420000000000.0 3.76475e+18 6033830000000.0 78486700000000.0 13395600000000.0 18705900000000.0 336906000000.0 10739700000.0 111666000000000.0 175579000000.0 7908940000.0 395502000000.0 6145520000000.0 2722700000000.0 2683140000000.0 -2.92 4.262 [-2.92]
5888430000000000.0 3.57706e+18 6026110000000.0 75102900000000.0 12197600000000.0 17988500000000.0 292113000000.0 11850300000.0 108476000000000.0 146187000000.0 6307130000.0 397486000000.0 6016020000000.0 2586010000000.0 2387060000000.0 -2.9 4.259 [-2.9]
5888420000000000.0 3.3989e+18 6016140000000.0 71824500000000.0 11094300000000.0 17283600000000.0 253023000000.0 13062200000.0 105238000000000.0 121500000000.0 5020660000.0 399138000000.0 5878770000000.0 2451510000000.0 2119640000000.0 -2.88 4.255 [-2.88]
5888420000000000.0 3.22939e+18 6004110000000.0 68644200000000.0 10077000000000.0 16590200000000.0 218873000000.0 14385200000.0 101952000000000.0 100760000000.0 3987390000.0 400526000000.0 5734620000000.0 2319290000000.0 1878370000000.0 -2.86 4.252 [-2.86]
5888420000000000.0 3.06855e+18 5989760000000.0 65570700000000.0 9143350000000.0 15911100000000.0 189169000000.0 15824600000.0 98637900000000.0 83417600000.0 3161340000.0 401647000000.0 5584930000000.0 2190530000000.0 1661800000000.0 -2.84 4.249 [-2.84]
5888420000000000.0 2.91569e+18 5973630000000.0 62598900000000.0 8285540000000.0 15245900000000.0 163309000000.0 17390700000.0 95298000000000.0 68917800000.0 2501210000.0 402569000000.0 5430830000000.0 2065090000000.0 1467650000000.0 -2.82 4.246 [-2.82]
5888420000000000.0 2.7705e+18 5955580000000.0 59729000000000.0 7499070000000.0 14595300000000.0 140838000000.0 19091600000.0 91942600000000.0 56825500000.0 1975010000.0 403316000000.0 5273280000000.0 1943500000000.0 1294090000000.0 -2.8 4.242 [-2.8]
5888420000000000.0 2.63259e+18 5935700000000.0 56960600000000.0 6779000000000.0 13959900000000.0 121338000000.0 20936100000.0 88580700000000.0 46762000000.0 1556480000.0 403920000000.0 5113270000000.0 1826030000000.0 1139330000000.0 -2.78 4.239 [-2.78]
5888430000000000.0 2.50159e+18 5913960000000.0 54291800000000.0 6120570000000.0 13339900000000.0 104434000000.0 22933600000.0 85220100000000.0 38403100000.0 1224220000.0 404408000000.0 4951580000000.0 1712910000000.0 1001620000000.0 -2.76 4.236 [-2.76]
5888430000000000.0 2.37702e+18 5890510000000.0 51718200000000.0 5518590000000.0 12735100000000.0 89782700000.0 25095700000.0 81864900000000.0 31468200000.0 960789000.0 404818000000.0 4788890000000.0 1604110000000.0 879246000000.0 -2.74 4.232 [-2.74]
5888430000000000.0 2.25897e+18 5865190000000.0 49247200000000.0 4970890000000.0 12147700000000.0 77139100000.0 27425800000.0 78535300000000.0 25743200000.0 752935000.0 405147000000.0 4626420000000.0 1500300000000.0 771007000000.0 -2.72 4.229 [-2.72]
5888430000000000.0 2.14671e+18 5838180000000.0 46867800000000.0 4471460000000.0 11575800000000.0 66202800000.0 29939800000.0 75226400000000.0 21012000000.0 588769000.0 405442000000.0 4464270000000.0 1400970000000.0 675178000000.0 -2.7 4.226 [-2.7]
5888430000000000.0 2.04006e+18 5809440000000.0 44580900000000.0 4017210000000.0 11020100000000.0 56764600000.0 32645300000.0 71949100000000.0 17114500000.0 459509000.0 405714000000.0 4303190000000.0 1306340000000.0 590566000000.0 -2.68 4.223 [-2.68]
5888430000000000.0 1.93871e+18 5778840000000.0 42383300000000.0 3604550000000.0 10480600000000.0 48626000000.0 35552500000.0 68709000000000.0 13909800000.0 357914000.0 405982000000.0 4143540000000.0 1216400000000.0 515961000000.0 -2.66 4.219 [-2.66]
5888430000000000.0 1.84237e+18 5746760000000.0 40272500000000.0 3229850000000.0 9957040000000.0 41610700000.0 38673100000.0 65511500000000.0 11279400000.0 278206000.0 406257000000.0 3985900000000.0 1130920000000.0 450262000000.0 -2.64 4.216 [-2.64]
5888430000000000.0 1.7511e+18 5712940000000.0 38253600000000.0 2891330000000.0 9451220000000.0 35589500000.0 42007100000.0 62373800000000.0 9131030000.0 215961000.0 406536000000.0 3831060000000.0 1050300000000.0 392644000000.0 -2.62 4.213 [-2.62]
5888430000000000.0 1.6643e+18 5677490000000.0 36315700000000.0 2584700000000.0 8961010000000.0 30407200000.0 45572600000.0 59288800000000.0 7374270000.0 167289000.0 406844000000.0 3678770000000.0 973997000000.0 342024000000.0 -2.6 4.21 [-2.6]
5888430000000000.0 1.58183e+18 5640380000000.0 34459200000000.0 2307710000000.0 8486970000000.0 25956700000.0 49374800000.0 56265600000000.0 5942500000.0 129350000.0 407181000000.0 3529470000000.0 902046000000.0 297658000000.0 -2.58 4.206 [-2.58]
5888430000000000.0 1.50352e+18 5601650000000.0 32682100000000.0 2057860000000.0 8029060000000.0 22138500000.0 53420500000.0 53309700000000.0 4778300000.0 99836700.0 407546000000.0 3383450000000.0 834317000000.0 258824000000.0 -2.56 4.203 [-2.56]
5888430000000000.0 1.42913e+18 5561300000000.0 30981900000000.0 1832780000000.0 7587090000000.0 18865600000.0 57716100000.0 50425300000000.0 3833710000.0 76922100.0 407941000000.0 3240870000000.0 770676000000.0 224870000000.0 -2.54 4.2 [-2.54]
