Cloudy_runs/pg0003/z=0.347579/component_II_PI/component_II_nH_col_density_param.txt
# %ECSV 1.0
# ---
# datatype:
# - {name: H, datatype: float64}
# - {name: H+, datatype: float64}
# - {name: C+, datatype: float64}
# - {name: C+2, datatype: float64}
# - {name: C+3, datatype: float64}
# - {name: O+5, datatype: float64}
# - {name: O+6, datatype: float64}
# - {name: Si+, datatype: float64}
# - {name: Si+2, datatype: float64}
# - {name: Si+3, datatype: float64}
# - {name: log_nH, datatype: float64}
# - {name: parameters, datatype: string, subtype: 'float64[1]'}
# schema: astropy-2.0
H H+ C+ C+2 C+3 O+5 O+6 Si+ Si+2 Si+3 log_nH parameters
[from data line 209]
158489000000000.0 392230000000000.0 73752300000.0 4904460000.0 273833.0 0.0 0.0 9903950000.0 87083800.0 2465980.0 -0.82 [-0.82]
158489000000000.0 377253000000000.0 71766500000.0 4585360000.0 242367.0 0.0 0.0 9639190000.0 79136400.0 2238910.0 -0.8 [-0.8]
158489000000000.0 362910000000000.0 69853500000.0 4288780000.0 214766.0 0.0 0.0 9385220000.0 71899200.0 2034390.0 -0.78 [-0.78]
158489000000000.0 349175000000000.0 68011000000.0 4013100000.0 190532.0 0.0 0.0 9141660000.0 65314400.0 1850090.0 -0.76 [-0.76]
158489000000000.0 336018000000000.0 66236000000.0 3756700000.0 169230.0 0.0 0.0 8908000000.0 59317200.0 1683850.0 -0.74 [-0.74]
158489000000000.0 323410000000000.0 64525700000.0 3518150000.0 150485.0 0.0 0.0 8683790000.0 53855700.0 1533800.0 -0.72 [-0.72]
158489000000000.0 311326000000000.0 62877800000.0 3296120000.0 133972.0 0.0 0.0 8468640000.0 48881500.0 1398250.0 -0.7 [-0.7]
158489000000000.0 299744000000000.0 61289500000.0 3089380000.0 119409.0 0.0 0.0 8262130000.0 44350400.0 1275720.0 -0.68 [-0.68]
158489000000000.0 288638000000000.0 59758700000.0 2896810000.0 106552.0 0.0 0.0 8063870000.0 40223000.0 1164870.0 -0.66 [-0.66]
158489000000000.0 277986000000000.0 58282900000.0 2717350000.0 95189.5 0.0 0.0 7873520000.0 36463200.0 1064500.0 -0.64 [-0.64]
158489000000000.0 267769000000000.0 56860000000.0 2550060000.0 85136.0 0.0 0.0 7690720000.0 33038100.0 973566.0 -0.62 [-0.62]
158489000000000.0 257967000000000.0 55487800000.0 2394040000.0 76231.2 0.0 0.0 7515150000.0 29918100.0 891108.0 -0.6 [-0.6]
158489000000000.0 248560000000000.0 54164400000.0 2248470000.0 68335.3 0.0 0.0 7346490000.0 27076500.0 816281.0 -0.58 [-0.58]
158489000000000.0 239530000000000.0 52887700000.0 2112590000.0 61326.0 0.0 0.0 7184430000.0 24488800.0 748325.0 -0.56 [-0.56]
158489000000000.0 230860000000000.0 51655800000.0 1985720000.0 55097.2 0.0 0.0 7028670000.0 22132600.0 686562.0 -0.54 [-0.54]
158489000000000.0 222535000000000.0 50466900000.0 1867190000.0 49556.0 0.0 0.0 6878970000.0 19988100.0 630386.0 -0.52 [-0.52]
158489000000000.0 214539000000000.0 49319300000.0 1756430000.0 44621.2 0.0 0.0 6735050000.0 18037000.0 579254.0 -0.5 [-0.5]
158489000000000.0 206858000000000.0 48211300000.0 1652880000.0 40221.6 0.0 0.0 6596650000.0 16261900.0 532675.0 -0.48 [-0.48]
158489000000000.0 199476000000000.0 47141300000.0 1556020000.0 36294.8 0.0 0.0 6463540000.0 14647700.0 490212.0 -0.46 [-0.46]
158489000000000.0 192380000000000.0 46107600000.0 1465380000.0 32786.3 0.0 0.0 6335490000.0 13180500.0 451471.0 -0.44 [-0.44]
158489000000000.0 185560000000000.0 45108900000.0 1380540000.0 29648.3 0.0 0.0 6212280000.0 11847200.0 416100.0 -0.42 [-0.42]
158489000000000.0 179001000000000.0 44143700000.0 1301090000.0 26838.7 0.0 0.0 6093700000.0 10636500.0 383782.0 -0.4 [-0.4]
158489000000000.0 172692000000000.0 43210500000.0 1226650000.0 24320.3 0.0 0.0 5979550000.0 9537760.0 354231.0 -0.38 [-0.38]
158489000000000.0 166599000000000.0 42304400000.0 1156630000.0 22056.0 0.0 0.0 5869200000.0 8538850.0 327141.0 -0.36 [-0.36]
158489000000000.0 160761000000000.0 41431700000.0 1091240000.0 20027.0 0.0 0.0 5763390000.0 7636530.0 302383.0 -0.34 [-0.34]
158489000000000.0 155142000000000.0 40587300000.0 1029900000.0 18202.7 0.0 0.0 5661460000.0 6819240.0 279693.0 -0.32 [-0.32]
158489000000000.0 149755000000000.0 39773300000.0 972550000.0 16564.0 0.0 0.0 5563660000.0 6081960.0 258920.0 -0.3 [-0.3]
158489000000000.0 144546000000000.0 38981900000.0 918504000.0 15084.3 0.0 0.0 5469010000.0 5413720.0 239820.0 -0.28 [-0.28]
158489000000000.0 139529000000000.0 38215300000.0 867743000.0 13749.8 0.0 0.0 5377770000.0 4810130.0 222277.0 -0.26 [-0.26]
158489000000000.0 134697000000000.0 37472800000.0 820062000.0 12545.1 0.0 0.0 5289820000.0 4266220.0 206154.0 -0.24 [-0.24]
158489000000000.0 130042000000000.0 36753200000.0 775259000.0 11456.6 0.0 0.0 5205030000.0 3776560.0 191327.0 -0.22 [-0.22]
158489000000000.0 125556000000000.0 36055400000.0 733128000.0 10472.0 0.0 0.0 5123230000.0 3336050.0 177679.0 -0.2 [-0.2]
158489000000000.0 121230000000000.0 35379000000.0 692884000.0 9578.0 0.0 0.0 5044280000.0 2940000.0 165108.0 -0.18 [-0.18]
158489000000000.0 117060000000000.0 34722900000.0 654860000.0 8767.43 0.0 0.0 4968110000.0 2585130.0 153522.0 -0.16 [-0.16]
158489000000000.0 113040000000000.0 34086000000.0 619045000.0 8032.27 0.0 0.0 4894600000.0 2267670.0 142837.0 -0.14 [-0.14]
158489000000000.0 109161000000000.0 33467400000.0 585290000.0 7364.8 0.0 0.0 4823610000.0 1984100.0 132974.0 -0.12 [-0.12]
158489000000000.0 105421000000000.0 32866700000.0 553488000.0 6758.44 0.0 0.0 4755100000.0 1731520.0 123868.0 -0.1 [-0.1]
158489000000000.0 101811000000000.0 32282500000.0 523485000.0 6206.85 0.0 0.0 4688880000.0 1506690.0 115450.0 -0.08 [-0.08]
158489000000000.0 98316600000000.0 31712500000.0 495108000.0 5704.02 0.0 0.0 4624720000.0 1307150.0 107657.0 -0.06 [-0.06]
158489000000000.0 94954600000000.0 31159900000.0 468414000.0 5246.66 0.0 0.0 4562920000.0 1130710.0 100456.0 -0.04 [-0.04]
158489000000000.0 91718400000000.0 30623700000.0 443286000.0 0.0 0.0 0.0 4503370000.0 975016.0 93795.1 -0.02 [-0.02]
158489000000000.0 88583000000000.0 30099500000.0 419487000.0 0.0 0.0 0.0 4445590000.0 837883.0 87615.6 -0.0 [-0.0]
