Cloudy_runs/pg0003/z=0.347579/component_II_PI/component_II_nH_col_density_param.txt
# %ECSV 1.0
# ---
# datatype:
# - {name: H, datatype: float64}
# - {name: H+, datatype: float64}
# - {name: C+, datatype: float64}
# - {name: C+2, datatype: float64}
# - {name: C+3, datatype: float64}
# - {name: O+5, datatype: float64}
# - {name: O+6, datatype: float64}
# - {name: Si+, datatype: float64}
# - {name: Si+2, datatype: float64}
# - {name: Si+3, datatype: float64}
# - {name: log_nH, datatype: float64}
# - {name: parameters, datatype: string, subtype: 'float64[1]'}
# schema: astropy-2.0
H H+ C+ C+2 C+3 O+5 O+6 Si+ Si+2 Si+3 log_nH parameters
158489000000000.0 1.31196e+19 7356390000.0 3001600000000.0 26946500000000.0 719584000000000.0 2117380000000000.0 1866120.0 177354000.0 1994860000.0 -5.0 [-5.0]
158489000000000.0 1.2345e+19 7945410000.0 3203730000000.0 27858000000000.0 704642000000000.0 1957630000000000.0 2250650.0 210430000.0 2313770000.0 -4.98 [-4.98]
158489000000000.0 1.16213e+19 8571610000.0 3413570000000.0 28753700000000.0 688798000000000.0 1807620000000000.0 2707440.0 249097000.0 2677770000.0 -4.96 [-4.96]
158489000000000.0 1.09452e+19 9238260000.0 3631250000000.0 29631400000000.0 672117000000000.0 1667000000000000.0 3249080.0 294207000.0 3092170000.0 -4.94 [-4.94]
158489000000000.0 1.03123e+19 9946280000.0 3856650000000.0 30489800000000.0 654662000000000.0 1535200000000000.0 3889840.0 346738000.0 3563410000.0 -4.92 [-4.92]
158489000000000.0 9.72018e+18 10700300000.0 4089920000000.0 31326400000000.0 636507000000000.0 1411930000000000.0 4646770.0 407786000.0 4097680000.0 -4.9 [-4.9]
158489000000000.0 9.16556e+18 11503500000.0 4331200000000.0 32139500000000.0 617719000000000.0 1296750000000000.0 5539240.0 478599000.0 4702300000.0 -4.88 [-4.88]
158489000000000.0 8.64582e+18 12359000000.0 4580400000000.0 32927600000000.0 598371000000000.0 1189270000000000.0 6589680.0 560586000.0 5385090000.0 -4.86 [-4.86]
158489000000000.0 8.15817e+18 13269500000.0 4837600000000.0 33689600000000.0 578534000000000.0 1089060000000000.0 7823620.0 655344000.0 6155060000.0 -4.84 [-4.84]
158489000000000.0 7.70085e+18 14241200000.0 5102920000000.0 34423400000000.0 558290000000000.0 995820000000000.0 9271470.0 764658000.0 7020730000.0 -4.82 [-4.82]
158489000000000.0 7.27114e+18 15274900000.0 5376110000000.0 35128200000000.0 537705000000000.0 909109000000000.0 10966200.0 890545000.0 7993280000.0 -4.8 [-4.8]
158489000000000.0 6.86741e+18 16377100000.0 5657470000000.0 35802700000000.0 516870000000000.0 828606000000000.0 12947600.0 1035270000.0 9083250000.0 -4.78 [-4.78]
158489000000000.0 6.48786e+18 17551900000.0 5946870000000.0 36445600000000.0 495850000000000.0 753987000000000.0 15259900.0 1201360000.0 10302600000.0 -4.76 [-4.76]
158489000000000.0 6.13073e+18 18802200000.0 6243990000000.0 37056200000000.0 474720000000000.0 684911000000000.0 17953200.0 1391620000.0 11664500000.0 -4.74 [-4.74]
158489000000000.0 5.79458e+18 20133800000.0 6548910000000.0 37633200000000.0 453557000000000.0 621079000000000.0 21085300.0 1609190000.0 13182600000.0 -4.72 [-4.72]
158489000000000.0 5.47803e+18 21551300000.0 6861390000000.0 38175700000000.0 432436000000000.0 562190000000000.0 24721400.0 1857560000.0 14872000000.0 -4.7 [-4.7]
158489000000000.0 5.17974e+18 23060700000.0 7181690000000.0 38683100000000.0 411434000000000.0 507938000000000.0 28935200.0 2140630000.0 16749000000.0 -4.68 [-4.68]
158489000000000.0 4.89859e+18 24667300000.0 7509430000000.0 39154300000000.0 390617000000000.0 458063000000000.0 33810300.0 2462650000.0 18830400000.0 -4.66 [-4.66]
158489000000000.0 4.63344e+18 26375600000.0 7844160000000.0 39588700000000.0 370052000000000.0 412293000000000.0 39440000.0 2828340000.0 21134600000.0 -4.64 [-4.64]
158489000000000.0 4.38323e+18 28190200000.0 8185480000000.0 39985600000000.0 349805000000000.0 370358000000000.0 45928400.0 3242890000.0 23681800000.0 -4.62 [-4.62]
158489000000000.0 4.1471e+18 30119600000.0 8533630000000.0 40344400000000.0 329938000000000.0 332024000000000.0 53394400.0 3711990000.0 26492200000.0 -4.6 [-4.6]
158489000000000.0 3.92413e+18 32169400000.0 8888070000000.0 40664200000000.0 310505000000000.0 297051000000000.0 61969500.0 4241890000.0 29587800000.0 -4.58 [-4.58]
158489000000000.0 3.71355e+18 34345900000.0 9248420000000.0 40944500000000.0 291560000000000.0 265214000000000.0 71800500.0 4839360000.0 32991600000.0 -4.56 [-4.56]
158489000000000.0 3.51449e+18 36651600000.0 9613840000000.0 41185000000000.0 273147000000000.0 236284000000000.0 83043400.0 5511730000.0 36730600000.0 -4.54 [-4.54]
158489000000000.0 3.32637e+18 39097800000.0 9984290000000.0 41385000000000.0 255313000000000.0 210066000000000.0 95884300.0 6267070000.0 40828400000.0 -4.52 [-4.52]
158489000000000.0 3.14867e+18 41697200000.0 10359800000000.0 41543900000000.0 238100000000000.0 186368000000000.0 110534000.0 7114260000.0 45308600000.0 -4.5 [-4.5]
158489000000000.0 2.98069e+18 44455000000.0 10739800000000.0 41661400000000.0 221538000000000.0 164992000000000.0 127212000.0 8062660000.0 50200800000.0 -4.48 [-4.48]
158489000000000.0 2.82188e+18 47378200000.0 11123300000000.0 41737200000000.0 205654000000000.0 145753000000000.0 146163000.0 9122340000.0 55532700000.0 -4.46 [-4.46]
158489000000000.0 2.6717e+18 50476800000.0 11510000000000.0 41770800000000.0 190470000000000.0 128481000000000.0 167660000.0 10304200000.0 61333600000.0 -4.44 [-4.44]
158489000000000.0 2.52967e+18 53760500000.0 11899400000000.0 41762000000000.0 176000000000000.0 113010000000000.0 192006000.0 11620000000.0 67632700000.0 -4.42 [-4.42]
158489000000000.0 2.39536e+18 57242200000.0 12291000000000.0 41710500000000.0 162258000000000.0 99190400000000.0 219540000.0 13082200000.0 74458000000.0 -4.4 [-4.4]
158489000000000.0 2.26837e+18 60935100000.0 12684500000000.0 41616100000000.0 149248000000000.0 86876200000000.0 250639000.0 14704500000.0 81837300000.0 -4.38 [-4.38]
158489000000000.0 2.14822e+18 64845700000.0 13078700000000.0 41478700000000.0 136968000000000.0 75931200000000.0 285689000.0 16500600000.0 89803700000.0 -4.36 [-4.36]
158489000000000.0 2.03454e+18 68986000000.0 13473000000000.0 41298200000000.0 125412000000000.0 66228100000000.0 325132000.0 18485600000.0 98386100000.0 -4.34 [-4.34]
158489000000000.0 1.92698e+18 73368100000.0 13866700000000.0 41074400000000.0 114573000000000.0 57647200000000.0 369449000.0 20675100000.0 107614000000.0 -4.32 [-4.32]
158489000000000.0 1.8252e+18 78005400000.0 14258900000000.0 40807600000000.0 104436000000000.0 50077300000000.0 419172000.0 23086000000.0 117513000000.0 -4.3 [-4.3]
158489000000000.0 1.72887e+18 82908200000.0 14648700000000.0 40497800000000.0 94985900000000.0 43414200000000.0 474865000.0 25735300000.0 128114000000.0 -4.28 [-4.28]
158489000000000.0 1.63758e+18 88077400000.0 15034100000000.0 40144800000000.0 86195200000000.0 37558000000000.0 537086000.0 28640000000.0 139455000000.0 -4.26 [-4.26]
158489000000000.0 1.55123e+18 93536100000.0 15415100000000.0 39749500000000.0 78053800000000.0 32431800000000.0 606531000.0 31818100000.0 151540000000.0 -4.24 [-4.24]
158489000000000.0 1.46951e+18 99306400000.0 15791500000000.0 39312100000000.0 70529800000000.0 27951900000000.0 684035000.0 35292300000.0 164393000000.0 -4.22 [-4.22]
158489000000000.0 1.39219e+18 105400000000.0 16162100000000.0 38833000000000.0 63598300000000.0 24046600000000.0 770393000.0 39082200000.0 178026000000.0 -4.2 [-4.2]
158489000000000.0 1.31903e+18 111832000000.0 16526100000000.0 38313000000000.0 57230800000000.0 20650000000000.0 866504000.0 43208800000.0 192453000000.0 -4.18 [-4.18]
158489000000000.0 1.2498e+18 118617000000.0 16882500000000.0 37752900000000.0 51397700000000.0 17702300000000.0 973341000.0 47694100000.0 207680000000.0 -4.16 [-4.16]
158489000000000.0 1.18431e+18 125770000000.0 17230200000000.0 37153500000000.0 46068900000000.0 15149900000000.0 1091980000.0 52560600000.0 223709000000.0 -4.14 [-4.14]
158489000000000.0 1.12234e+18 133304000000.0 17568300000000.0 36516100000000.0 41213500000000.0 12944300000000.0 1223580000.0 57831200000.0 240536000000.0 -4.12 [-4.12]
158489000000000.0 1.06371e+18 141231000000.0 17895500000000.0 35841700000000.0 36801000000000.0 11042300000000.0 1369370000.0 63528900000.0 258154000000.0 -4.1 [-4.1]
158489000000000.0 1.00823e+18 149565000000.0 18210900000000.0 35131900000000.0 32801100000000.0 9405320000000.0 1530730000.0 69677200000.0 276548000000.0 -4.08 [-4.08]
158489000000000.0 9.55745e+17 158314000000.0 18513000000000.0 34388100000000.0 29184100000000.0 7999170000000.0 1709110000.0 76299400000.0 295694000000.0 -4.06 [-4.06]
158489000000000.0 9.06081e+17 167486000000.0 18800500000000.0 33612300000000.0 25921100000000.0 6793490000000.0 1906080000.0 83418700000.0 315564000000.0 -4.04 [-4.04]
158489000000000.0 8.59087e+17 177093000000.0 19072700000000.0 32805900000000.0 22984300000000.0 5761570000000.0 2123350000.0 91058500000.0 336122000000.0 -4.02 [-4.02]
158489000000000.0 8.14617e+17 187139000000.0 19328100000000.0 31971300000000.0 20347000000000.0 4879880000000.0 2362720000.0 99240900000.0 357323000000.0 -4.0 [-4.0]
158489000000000.0 7.72535e+17 197625000000.0 19565400000000.0 31110600000000.0 17983800000000.0 4127800000000.0 2626130000.0 107987000000.0 379112000000.0 -3.98 [-3.98]
158489000000000.0 7.3271e+17 208553000000.0 19783400000000.0 30226100000000.0 15870500000000.0 3487290000000.0 2915620000.0 117317000000.0 401430000000.0 -3.96 [-3.96]
158489000000000.0 6.95019e+17 219922000000.0 19981000000000.0 29320400000000.0 13984700000000.0 2942650000000.0 3233400000.0 127251000000.0 424201000000.0 -3.94 [-3.94]
158489000000000.0 6.5935e+17 231729000000.0 20157000000000.0 28396200000000.0 12305200000000.0 2480250000000.0 3581820000.0 137805000000.0 447344000000.0 -3.92 [-3.92]
158489000000000.0 6.25587e+17 243963000000.0 20310200000000.0 27456200000000.0 10812100000000.0 2088170000000.0 3963210000.0 148994000000.0 470775000000.0 -3.9 [-3.9]
158489000000000.0 5.93625e+17 256611000000.0 20439400000000.0 26503300000000.0 9487090000000.0 1756160000000.0 4380060000.0 160826000000.0 494397000000.0 -3.88 [-3.88]
158489000000000.0 5.63365e+17 269661000000.0 20543800000000.0 25540500000000.0 8313350000000.0 1475380000000.0 4835000000.0 173311000000.0 518105000000.0 -3.86 [-3.86]
158489000000000.0 5.34712e+17 283087000000.0 20622000000000.0 24570900000000.0 7275310000000.0 1238210000000.0 5330580000.0 186449000000.0 541785000000.0 -3.84 [-3.84]
158489000000000.0 5.07578e+17 296878000000.0 20673900000000.0 23597300000000.0 6358760000000.0 1038110000000.0 5869560000.0 200240000000.0 565317000000.0 -3.82 [-3.82]
158489000000000.0 4.81879e+17 311006000000.0 20698700000000.0 22622900000000.0 5550750000000.0 869494000000.0 6454690000.0 214677000000.0 588570000000.0 -3.8 [-3.8]
158489000000000.0 4.57537e+17 325442000000.0 20695600000000.0 21650700000000.0 4839510000000.0 727554000000.0 7088620000.0 229746000000.0 611410000000.0 -3.78 [-3.78]
158489000000000.0 4.3447e+17 340151000000.0 20664400000000.0 20683500000000.0 4214250000000.0 608178000000.0 7773950000.0 245422000000.0 633701000000.0 -3.76 [-3.76]
158489000000000.0 4.1261e+17 355098000000.0 20604400000000.0 19724500000000.0 3665360000000.0 507891000000.0 8513250000.0 261678000000.0 655293000000.0 -3.74 [-3.74]
158489000000000.0 3.91892e+17 370254000000.0 20516400000000.0 18776300000000.0 3184210000000.0 423724000000.0 9309040000.0 278477000000.0 676040000000.0 -3.72 [-3.72]
158489000000000.0 3.7225e+17 385577000000.0 20400100000000.0 17841700000000.0 2762950000000.0 353155000000.0 10163600000.0 295774000000.0 695791000000.0 -3.7 [-3.7]
158489000000000.0 3.53627e+17 401026000000.0 20255900000000.0 16923100000000.0 2394630000000.0 294047000000.0 11079000000.0 313515000000.0 714392000000.0 -3.68 [-3.68]
158489000000000.0 3.35965e+17 416555000000.0 20084100000000.0 16023200000000.0 2072980000000.0 244582000000.0 12056900000.0 331630000000.0 731696000000.0 -3.66 [-3.66]
158489000000000.0 3.19206e+17 432128000000.0 19885400000000.0 15143600000000.0 1792360000000.0 203218000000.0 13099000000.0 350046000000.0 747559000000.0 -3.64 [-3.64]
158489000000000.0 3.03301e+17 447722000000.0 19661100000000.0 14286000000000.0 1547770000000.0 168658000000.0 14208200000.0 368717000000.0 761808000000.0 -3.62 [-3.62]
158489000000000.0 2.8822e+17 463253000000.0 19412000000000.0 13453700000000.0 1335140000000.0 139843000000.0 15382100000.0 387494000000.0 774347000000.0 -3.6 [-3.6]
158489000000000.0 2.73908e+17 478695000000.0 19139100000000.0 12647500000000.0 1150360000000.0 115825000000.0 16622300000.0 406299000000.0 785033000000.0 -3.58 [-3.58]
158489000000000.0 2.60324e+17 494009000000.0 18843900000000.0 11868700000000.0 989957000000.0 95823300000.0 17929000000.0 425028000000.0 793757000000.0 -3.56 [-3.56]
158489000000000.0 2.47428e+17 509158000000.0 18527800000000.0 11118200000000.0 850887000000.0 79184200000.0 19301400000.0 443564000000.0 800419000000.0 -3.54 [-3.54]
158489000000000.0 2.35183e+17 524095000000.0 18192100000000.0 10397300000000.0 730453000000.0 65356400000.0 20738400000.0 461787000000.0 804935000000.0 -3.52 [-3.52]
158489000000000.0 2.23555e+17 538784000000.0 17838400000000.0 9706350000000.0 626281000000.0 53877200000.0 22238200000.0 479575000000.0 807241000000.0 -3.5 [-3.5]
158489000000000.0 2.12514e+17 553197000000.0 17468800000000.0 9045980000000.0 536296000000.0 44359700000.0 23799000000.0 496811000000.0 807290000000.0 -3.48 [-3.48]
158489000000000.0 2.02026e+17 567292000000.0 17084400000000.0 8416360000000.0 458646000000.0 36476100000.0 25417800000.0 513360000000.0 805061000000.0 -3.46 [-3.46]
158489000000000.0 1.92062e+17 581038000000.0 16687200000000.0 7817530000000.0 391723000000.0 29953500000.0 27091400000.0 529100000000.0 800558000000.0 -3.44 [-3.44]
158489000000000.0 1.82594e+17 594405000000.0 16278700000000.0 7249350000000.0 334116000000.0 24563400000.0 28816300000.0 543909000000.0 793800000000.0 -3.42 [-3.42]
158489000000000.0 1.73598e+17 607367000000.0 15860700000000.0 6711560000000.0 284591000000.0 20114800000.0 30588400000.0 557675000000.0 784837000000.0 -3.4 [-3.4]
158489000000000.0 1.65048e+17 619901000000.0 15434800000000.0 6203660000000.0 242069000000.0 16447900000.0 32403400000.0 570294000000.0 773738000000.0 -3.38 [-3.38]
158489000000000.0 1.56935e+17 631968000000.0 15003400000000.0 5725770000000.0 205655000000.0 13433200000.0 34253800000.0 581665000000.0 760639000000.0 -3.36 [-3.36]
158489000000000.0 1.49211e+17 643581000000.0 14566800000000.0 5275820000000.0 174427000000.0 10951400000.0 36140600000.0 591718000000.0 745568000000.0 -3.34 [-3.34]
158489000000000.0 1.4187e+17 654707000000.0 14127000000000.0 4853770000000.0 147723000000.0 8914290000.0 38056100000.0 600378000000.0 728697000000.0 -3.32 [-3.32]
158489000000000.0 1.34882e+17 665349000000.0 13684800000000.0 4458130000000.0 124889000000.0 7242510000.0 39998600000.0 607596000000.0 710123000000.0 -3.3 [-3.3]
158489000000000.0 1.28249e+17 675457000000.0 13243100000000.0 4089150000000.0 105448000000.0 5876370000.0 41956500000.0 613320000000.0 690110000000.0 -3.28 [-3.28]
158489000000000.0 1.21944e+17 685041000000.0 12802400000000.0 3745200000000.0 88895400000.0 4760060000.0 43928300000.0 617531000000.0 668780000000.0 -3.26 [-3.26]
158489000000000.0 1.1595e+17 694091000000.0 12363900000000.0 3425210000000.0 74822400000.0 3849350000.0 45909200000.0 620219000000.0 646314000000.0 -3.24 [-3.24]
158489000000000.0 1.10251e+17 702601000000.0 11928900000000.0 3128100000000.0 62875800000.0 3107540000.0 47894700000.0 621390000000.0 622895000000.0 -3.22 [-3.22]
158489000000000.0 1.04835e+17 710568000000.0 11498200000000.0 2852770000000.0 52750900000.0 2504400000.0 49880200000.0 621067000000.0 598712000000.0 -3.2 [-3.2]
158489000000000.0 9.96857e+16 717988000000.0 11072900000000.0 2598090000000.0 44183100000.0 2014800000.0 51861900000.0 619280000000.0 573947000000.0 -3.18 [-3.18]
158489000000000.0 9.47907e+16 724859000000.0 10653900000000.0 2362950000000.0 36944800000.0 1618050000.0 53835700000.0 616076000000.0 548781000000.0 -3.16 [-3.16]
158489000000000.0 9.01374e+16 731184000000.0 10241800000000.0 2146230000000.0 30839700000.0 1297110000.0 55798100000.0 611510000000.0 523389000000.0 -3.14 [-3.14]
158489000000000.0 8.57139e+16 736962000000.0 9837400000000.0 1946830000000.0 25699000000.0 1037970000.0 57745800000.0 605647000000.0 497933000000.0 -3.12 [-3.12]
158489000000000.0 8.1509e+16 742197000000.0 9441270000000.0 1763680000000.0 21377900000.0 829096000.0 59675700000.0 598561000000.0 472568000000.0 -3.1 [-3.1]
