Cloudy_runs/pg0003/z=0.347579/component_II_PI/component_II_nH_col_density_param.txt
# %ECSV 1.0
# ---
# datatype:
# - {name: H, datatype: float64}
# - {name: H+, datatype: float64}
# - {name: C+, datatype: float64}
# - {name: C+2, datatype: float64}
# - {name: C+3, datatype: float64}
# - {name: O+5, datatype: float64}
# - {name: O+6, datatype: float64}
# - {name: Si+, datatype: float64}
# - {name: Si+2, datatype: float64}
# - {name: Si+3, datatype: float64}
# - {name: log_nH, datatype: float64}
# - {name: parameters, datatype: string, subtype: 'float64[1]'}
# schema: astropy-2.0
H H+ C+ C+2 C+3 O+5 O+6 Si+ Si+2 Si+3 log_nH parameters
[from data line 97]
158489000000000.0 7.3712e+16 751052000000.0 8675810000000.0 1441980000000.0 14714600000.0 526110000.0 63470500000.0 581036000000.0 422663000000.0 -3.06 [-3.06]
158489000000000.0 7.01001e+16 754682000000.0 8307270000000.0 1301440000000.0 12174900000.0 417947000.0 65330400000.0 570768000000.0 398366000000.0 -3.04 [-3.04]
158489000000000.0 6.66667e+16 757788000000.0 7948620000000.0 1173190000000.0 10055200000.0 331414000.0 67161800000.0 559612000000.0 374647000000.0 -3.02 [-3.02]
158489000000000.0 6.34029e+16 760376000000.0 7600060000000.0 1056310000000.0 8289120000.0 262314000.0 68963100000.0 547655000000.0 351590000000.0 -3.0 [-3.0]
158489000000000.0 6.03021e+16 762462000000.0 7261990000000.0 950012000000.0 6820940000.0 207259000.0 70728200000.0 535011000000.0 329275000000.0 -2.98 [-2.98]
158489000000000.0 5.73622e+16 764050000000.0 6935220000000.0 853640000000.0 5604530000.0 163542000.0 72451600000.0 521796000000.0 307811000000.0 -2.96 [-2.96]
158489000000000.0 5.45604e+16 765144000000.0 6618060000000.0 765993000000.0 4594550000.0 128751000.0 74142300000.0 507998000000.0 287135000000.0 -2.94 [-2.94]
158489000000000.0 5.1897e+16 765754000000.0 6311380000000.0 686577000000.0 3759360000.0 101178000.0 75792700000.0 493744000000.0 267337000000.0 -2.92 [-2.92]
158489000000000.0 4.93652e+16 765888000000.0 6015190000000.0 614713000000.0 3070050000.0 79367300.0 77400400000.0 479114000000.0 248444000000.0 -2.9 [-2.9]
158489000000000.0 4.69585e+16 765555000000.0 5729420000000.0 549772000000.0 2502240000.0 62147000.0 78962900000.0 464182000000.0 230468000000.0 -2.88 [-2.88]
158489000000000.0 4.46647e+16 764757000000.0 5453250000000.0 491033000000.0 2034590000.0 48552000.0 80482900000.0 448970000000.0 213374000000.0 -2.86 [-2.86]
158489000000000.0 4.24958e+16 763526000000.0 5188780000000.0 438334000000.0 1652450000.0 37903000.0 81941700000.0 433695000000.0 197289000000.0 -2.84 [-2.84]
158489000000000.0 4.04283e+16 761848000000.0 4933660000000.0 390778000000.0 1338840000.0 29523400.0 83352300000.0 418271000000.0 182075000000.0 -2.82 [-2.82]
158489000000000.0 3.84628e+16 759742000000.0 4688450000000.0 348019000000.0 1082560000.0 22956900.0 84706300000.0 402807000000.0 167759000000.0 -2.8 [-2.8]
158489000000000.0 3.65898e+16 757204000000.0 4452380000000.0 309542000000.0 873204000.0 17812100.0 86004900000.0 387312000000.0 154291000000.0 -2.78 [-2.78]
158489000000000.0 3.48138e+16 754267000000.0 4226480000000.0 275110000000.0 703176000.0 13804000.0 87235200000.0 371929000000.0 141711000000.0 -2.76 [-2.76]
158489000000000.0 3.31254e+16 750929000000.0 4009900000000.0 244262000000.0 565088000.0 10680400.0 88398500000.0 356659000000.0 129959000000.0 -2.74 [-2.74]
158489000000000.0 3.15203e+16 747200000000.0 3802420000000.0 216657000000.0 453168000.0 8250230.0 89491700000.0 341543000000.0 119004000000.0 -2.72 [-2.72]
158489000000000.0 2.99942e+16 743090000000.0 3603790000000.0 191982000000.0 362650000.0 6362990.0 90511300000.0 326619000000.0 108812000000.0 -2.7 [-2.7]
158489000000000.0 2.85433e+16 738607000000.0 3413780000000.0 169951000000.0 289596000.0 4899860.0 91453400000.0 311923000000.0 99351400000.0 -2.68 [-2.68]
158489000000000.0 2.71637e+16 733762000000.0 3232140000000.0 150302000000.0 230762000.0 3767460.0 92314600000.0 297487000000.0 90585700000.0 -2.66 [-2.66]
158489000000000.0 2.5852e+16 728565000000.0 3058610000000.0 132796000000.0 183484000.0 2892500.0 93091200000.0 283339000000.0 82479900000.0 -2.64 [-2.64]
158489000000000.0 2.46079e+16 723043000000.0 2893360000000.0 117248000000.0 145634000.0 2218650.0 93777400000.0 269542000000.0 75014900000.0 -2.62 [-2.62]
158489000000000.0 2.34188e+16 717152000000.0 2734880000000.0 103367000000.0 115243000.0 1697740.0 94377600000.0 256004000000.0 68104600000.0 -2.6 [-2.6]
158489000000000.0 2.22911e+16 710956000000.0 2584170000000.0 91067500000.0 91029900.0 1298030.0 94880900000.0 242859000000.0 61764600000.0 -2.58 [-2.58]
158489000000000.0 2.12185e+16 704445000000.0 2440530000000.0 80155600000.0 71742900.0 991109.0 95287900000.0 230084000000.0 55943100000.0 -2.56 [-2.56]
158489000000000.0 2.01986e+16 697631000000.0 2303750000000.0 70486200000.0 56416800.0 755828.0 95594800000.0 217695000000.0 50607600000.0 -2.54 [-2.54]
158489000000000.0 1.92287e+16 690523000000.0 2173560000000.0 61926000000.0 44264900.0 0.0 95800200000.0 205703000000.0 45724900000.0 -2.52 [-2.52]
158489000000000.0 1.83061e+16 683131000000.0 2049710000000.0 54355100000.0 34652100.0 0.0 95902500000.0 194117000000.0 41263900000.0 -2.5 [-2.5]
158489000000000.0 1.74287e+16 675466000000.0 1931960000000.0 47666500000.0 27065800.0 0.0 95900000000.0 182945000000.0 37194500000.0 -2.48 [-2.48]
158489000000000.0 1.65939e+16 667535000000.0 1820060000000.0 41762000000.0 21091900.0 0.0 95793100000.0 172187000000.0 33487500000.0 -2.46 [-2.46]
158489000000000.0 1.57998e+16 659353000000.0 1713790000000.0 36556100000.0 16399600.0 0.0 95580000000.0 161852000000.0 30116300000.0 -2.44 [-2.44]
158489000000000.0 1.50464e+16 650953000000.0 1613190000000.0 31979600000.0 12728400.0 0.0 95261800000.0 151966000000.0 27061700000.0 -2.42 [-2.42]
158489000000000.0 1.43276e+16 642295000000.0 1517470000000.0 27942600000.0 9852290.0 0.0 94839600000.0 142471000000.0 24284400000.0 -2.4 [-2.4]
158489000000000.0 1.36436e+16 633416000000.0 1426710000000.0 24393200000.0 7609030.0 0.0 94314300000.0 133394000000.0 21769200000.0 -2.38 [-2.38]
158489000000000.0 1.29928e+16 624327000000.0 1340690000000.0 21275400000.0 5863510.0 0.0 93687600000.0 124731000000.0 19494300000.0 -2.36 [-2.36]
158489000000000.0 1.23733e+16 615037000000.0 1259200000000.0 18539500000.0 4508570.0 0.0 92961900000.0 116477000000.0 17439700000.0 -2.34 [-2.34]
158489000000000.0 1.17821e+16 605531000000.0 1181830000000.0 16135900000.0 3457500.0 0.0 92138000000.0 108602000000.0 15581800000.0 -2.32 [-2.32]
158489000000000.0 1.12211e+16 595876000000.0 1108850000000.0 14035900000.0 2647190.0 0.0 91222200000.0 101148000000.0 13912500000.0 -2.3 [-2.3]
158489000000000.0 1.06886e+16 586089000000.0 1040020000000.0 12202600000.0 2023660.0 0.0 90218800000.0 94103600000.0 12414400000.0 -2.28 [-2.28]
158489000000000.0 1.01803e+16 576121000000.0 974778000000.0 10596200000.0 1543120.0 0.0 89126000000.0 87416600000.0 11064500000.0 -2.26 [-2.26]
158489000000000.0 9696300000000000.0 566014000000.0 913141000000.0 9193230000.0 1174380.0 0.0 87951600000.0 81097700000.0 9852840000.0 -2.24 [-2.24]
158489000000000.0 9235530000000000.0 555779000000.0 854945000000.0 7969190000.0 892056.0 0.0 86700100000.0 75136200000.0 8766500000.0 -2.22 [-2.22]
158489000000000.0 8796820000000000.0 545431000000.0 800029000000.0 6902250000.0 676361.0 0.0 85376000000.0 69521200000.0 7793610000.0 -2.2 [-2.2]
158489000000000.0 8377730000000000.0 534945000000.0 748071000000.0 5970870000.0 511618.0 0.0 83980100000.0 64222900000.0 6920990000.0 -2.18 [-2.18]
158489000000000.0 7980030000000000.0 524408000000.0 699265000000.0 5162830000.0 386578.0 0.0 82525500000.0 59267200000.0 6143540000.0 -2.16 [-2.16]
158489000000000.0 7601340000000000.0 513797000000.0 653294000000.0 4460500000.0 291632.0 0.0 81013400000.0 54622600000.0 5449560000.0 -2.14 [-2.14]
158489000000000.0 7240740000000000.0 503127000000.0 610020000000.0 3850660000.0 0.0 0.0 79449300000.0 50277100000.0 4830730000.0 -2.12 [-2.12]
158489000000000.0 6897380000000000.0 492412000000.0 569310000000.0 3321610000.0 0.0 0.0 77838600000.0 46218100000.0 4279470000.0 -2.1 [-2.1]
158489000000000.0 6570420000000000.0 481665000000.0 531039000000.0 2863070000.0 0.0 0.0 76186700000.0 42433100000.0 3788860000.0 -2.08 [-2.08]
158489000000000.0 6259100000000000.0 470902000000.0 495082000000.0 2466010000.0 0.0 0.0 74499100000.0 38909600000.0 3352640000.0 -2.06 [-2.06]
158489000000000.0 5962670000000000.0 460136000000.0 461324000000.0 2122520000.0 0.0 0.0 72781200000.0 35635000000.0 2965130000.0 -2.04 [-2.04]
158489000000000.0 5680430000000000.0 449381000000.0 429651000000.0 1825610000.0 0.0 0.0 71038400000.0 32597000000.0 2621180000.0 -2.02 [-2.02]
158489000000000.0 5411710000000000.0 438651000000.0 399954000000.0 1569210000.0 0.0 0.0 69276000000.0 29782900000.0 2316140000.0 -2.0 [-2.0]
158489000000000.0 5155860000000000.0 427960000000.0 372129000000.0 1347980000.0 0.0 0.0 67499400000.0 27180600000.0 2045820000.0 -1.98 [-1.98]
158489000000000.0 4912280000000000.0 417321000000.0 346075000000.0 1157240000.0 0.0 0.0 65713600000.0 24778100000.0 1806430000.0 -1.96 [-1.96]
158489000000000.0 4680410000000000.0 406748000000.0 321698000000.0 992935000.0 0.0 0.0 63923600000.0 22563800000.0 1594580000.0 -1.94 [-1.94]
158489000000000.0 4459670000000000.0 396253000000.0 298904000000.0 851507000.0 0.0 0.0 62134100000.0 20526100000.0 1407220000.0 -1.92 [-1.92]
158489000000000.0 4249570000000000.0 385849000000.0 277605000000.0 729868000.0 0.0 0.0 60349700000.0 18654000000.0 1241620000.0 -1.9 [-1.9]
158489000000000.0 4049600000000000.0 375548000000.0 257720000000.0 625327000.0 0.0 0.0 58574600000.0 16937100000.0 1095330000.0 -1.88 [-1.88]
158489000000000.0 3859290000000000.0 365363000000.0 239164000000.0 535542000.0 0.0 0.0 56813000000.0 15364500000.0 966173000.0 -1.86 [-1.86]
158489000000000.0 3679180000000000.0 355360000000.0 221956000000.0 458785000.0 0.0 0.0 55078400000.0 13934300000.0 852650000.0 -1.84 [-1.84]
158489000000000.0 3506810000000000.0 345436000000.0 205829000000.0 392649000.0 0.0 0.0 53355300000.0 12620400000.0 752036000.0 -1.82 [-1.82]
158489000000000.0 3342800000000000.0 335658000000.0 190810000000.0 335954000.0 0.0 0.0 51656300000.0 11422100000.0 663301000.0 -1.8 [-1.8]
158489000000000.0 3186740000000000.0 326034000000.0 176832000000.0 287378000.0 0.0 0.0 49984500000.0 10330700000.0 585064000.0 -1.78 [-1.78]
158489000000000.0 3038260000000000.0 316573000000.0 163832000000.0 245780000.0 0.0 0.0 48342400000.0 9338040000.0 516101000.0 -1.76 [-1.76]
158489000000000.0 2897000000000000.0 307283000000.0 151748000000.0 210175000.0 0.0 0.0 46732600000.0 8436230000.0 455326000.0 -1.74 [-1.74]
158489000000000.0 2762900000000000.0 298189000000.0 140544000000.0 179756000.0 0.0 0.0 45160300000.0 7619810000.0 401854000.0 -1.72 [-1.72]
158489000000000.0 2635070000000000.0 289259000000.0 130120000000.0 153696000.0 0.0 0.0 43621000000.0 6877960000.0 354663000.0 -1.7 [-1.7]
158489000000000.0 2513460000000000.0 280518000000.0 120447000000.0 131415000.0 0.0 0.0 42119400000.0 6206250000.0 313088000.0 -1.68 [-1.68]
158489000000000.0 2397800000000000.0 271971000000.0 111476000000.0 112371000.0 0.0 0.0 40656900000.0 5598600000.0 276461000.0 -1.66 [-1.66]
158489000000000.0 2286610000000000.0 263530000000.0 103073000000.0 95976600.0 0.0 0.0 39219300000.0 5043340000.0 243950000.0 -1.64 [-1.64]
158489000000000.0 2183130000000000.0 255470000000.0 95452400000.0 82192800.0 0.0 0.0 37852400000.0 4553380000.0 215760000.0 -1.62 [-1.62]
158489000000000.0 2083150000000000.0 247488000000.0 88283800000.0 70278200.0 0.0 0.0 36506100000.0 4103530000.0 190630000.0 -1.6 [-1.6]
158489000000000.0 1988480000000000.0 239745000000.0 81676600000.0 60136200.0 0.0 0.0 35207200000.0 3699920000.0 168558000.0 -1.58 [-1.58]
158489000000000.0 1898430000000000.0 232207000000.0 75561700000.0 51473000.0 0.0 0.0 33949900000.0 3336080000.0 149103000.0 -1.56 [-1.56]
158489000000000.0 1812770000000000.0 224876000000.0 69904400000.0 44072900.0 0.0 0.0 32734400000.0 3008240000.0 131951000.0 -1.54 [-1.54]
158489000000000.0 1731280000000000.0 217750000000.0 64672000000.0 37751400.0 0.0 0.0 31560300000.0 2712940000.0 116825000.0 -1.52 [-1.52]
158489000000000.0 1652990000000000.0 210760000000.0 59786900000.0 32313700.0 0.0 0.0 30415700000.0 2444590000.0 103394000.0 -1.5 [-1.5]
158489000000000.0 1579250000000000.0 204043000000.0 55316500000.0 27703000.0 0.0 0.0 29323200000.0 2205370000.0 91629500.0 -1.48 [-1.48]
158489000000000.0 1509090000000000.0 197528000000.0 51185100000.0 23762400.0 0.0 0.0 28270700000.0 1990070000.0 81246400.0 -1.46 [-1.46]
158489000000000.0 1442960000000000.0 191274000000.0 47403600000.0 20416000.0 0.0 0.0 27267500000.0 1797580000.0 72137700.0 -1.44 [-1.44]
158489000000000.0 1379410000000000.0 185157000000.0 43874800000.0 17532500.0 0.0 0.0 26292300000.0 1623050000.0 64034600.0 -1.42 [-1.42]
158489000000000.0 1319010000000000.0 179243000000.0 40619200000.0 15068000.0 0.0 0.0 25355600000.0 1466490000.0 56880600.0 -1.4 [-1.4]
158489000000000.0 1261420000000000.0 173510000000.0 37607600000.0 12956600.0 0.0 0.0 24454300000.0 1324980000.0 50549800.0 -1.38 [-1.38]
158489000000000.0 1206510000000000.0 167956000000.0 34821700000.0 11147000.0 0.0 0.0 23587400000.0 1197050000.0 44945400.0 -1.36 [-1.36]
158489000000000.0 1154310000000000.0 162595000000.0 32252400000.0 9598610.0 0.0 0.0 22756000000.0 1082300000.0 39991600.0 -1.34 [-1.34]
158489000000000.0 1104590000000000.0 157414000000.0 29879100000.0 8271560.0 0.0 0.0 21957900000.0 978901000.0 35606100.0 -1.32 [-1.32]
158489000000000.0 1057220000000000.0 152409000000.0 27687000000.0 7133590.0 0.0 0.0 21192100000.0 885713000.0 31721900.0 -1.3 [-1.3]
158489000000000.0 1012100000000000.0 147575000000.0 25662200000.0 6157200.0 0.0 0.0 20457500000.0 801697000.0 28280000.0 -1.28 [-1.28]
158489000000000.0 968919000000000.0 142887000000.0 23783500000.0 5316380.0 0.0 0.0 19749700000.0 725753000.0 25219600.0 -1.26 [-1.26]
158489000000000.0 927791000000000.0 138366000000.0 22049400000.0 4594710.0 0.0 0.0 19071600000.0 657186000.0 22506800.0 -1.24 [-1.24]
158489000000000.0 888740000000000.0 134022000000.0 20453600000.0 3976130.0 0.0 0.0 18424300000.0 595510000.0 20105500.0 -1.22 [-1.22]
158489000000000.0 851658000000000.0 129848000000.0 18984800000.0 3445390.0 0.0 0.0 17806300000.0 540001000.0 17978400.0 -1.2 [-1.2]
158489000000000.0 816151000000000.0 125806000000.0 17621700000.0 2987100.0 0.0 0.0 17211600000.0 489668000.0 16082900.0 -1.18 [-1.18]
158489000000000.0 782104000000000.0 121888000000.0 16355100000.0 2590890.0 0.0 0.0 16638700000.0 443959000.0 14392200.0 -1.16 [-1.16]
158489000000000.0 749982000000000.0 118154000000.0 15197000000.0 2251860.0 0.0 0.0 16095900000.0 403048000.0 12898600.0 -1.14 [-1.14]
158489000000000.0 718985000000000.0 114514000000.0 14114100000.0 1957030.0 0.0 0.0 15569900000.0 365648000.0 11559500.0 -1.12 [-1.12]
158489000000000.0 689743000000000.0 111047000000.0 13124000000.0 1704420.0 0.0 0.0 15071800000.0 332160000.0 10375400.0 -1.1 [-1.1]
158489000000000.0 661666000000000.0 107686000000.0 12202600000.0 1485140.0 0.0 0.0 14591800000.0 301666000.0 9315930.0 -1.08 [-1.08]
158489000000000.0 634857000000000.0 104449000000.0 11350100000.0 1295430.0 0.0 0.0 14132000000.0 274035000.0 8371030.0 -1.06 [-1.06]
158489000000000.0 609260000000000.0 101331000000.0 10561100000.0 1131170.0 0.0 0.0 13691500000.0 249001000.0 7527810.0 -1.04 [-1.04]
158489000000000.0 584811000000000.0 98327700000.0 9830730000.0 988814.0 0.0 0.0 13269500000.0 226300000.0 6774790.0 -1.02 [-1.02]
158489000000000.0 561454000000000.0 95435400000.0 9154410000.0 865318.0 0.0 0.0 12865200000.0 205707000.0 6101880.0 -1.0 [-1.0]
158489000000000.0 539117000000000.0 92647800000.0 8527500000.0 758038.0 0.0 0.0 12477600000.0 186958000.0 5499910.0 -0.98 [-0.98]
158489000000000.0 517759000000000.0 89962000000.0 7946430000.0 664778.0 0.0 0.0 12106000000.0 169907000.0 4961140.0 -0.96 [-0.96]
158489000000000.0 497342000000000.0 87375800000.0 7407930000.0 583650.0 0.0 0.0 11750000000.0 154426000.0 4478740.0 -0.94 [-0.94]
158489000000000.0 477823000000000.0 84885600000.0 6908730000.0 513006.0 0.0 0.0 11408800000.0 140365000.0 4046510.0 -0.92 [-0.92]
158489000000000.0 459156000000000.0 82487700000.0 6445800000.0 451430.0 0.0 0.0 11081800000.0 127589000.0 3658940.0 -0.9 [-0.9]
158489000000000.0 441301000000000.0 80178800000.0 6016370000.0 397703.0 0.0 0.0 10768400000.0 115977000.0 3311180.0 -0.88 [-0.88]
158489000000000.0 424220000000000.0 77955400000.0 5617880000.0 350776.0 0.0 0.0 10468000000.0 105420000.0 2998920.0 -0.86 [-0.86]
