Cloudy_runs/uks0242/z=0.06385/logZ=1/component_I_PI_nH/component_I_PI_nH_col_density_param.txt
# %ECSV 1.0
# ---
# datatype:
# - {name: H, datatype: float64}
# - {name: H+, datatype: float64}
# - {name: C+, datatype: float64}
# - {name: C+2, datatype: float64}
# - {name: C+3, datatype: float64}
# - {name: N+, datatype: float64}
# - {name: N+2, datatype: float64}
# - {name: N+4, datatype: float64}
# - {name: O, datatype: float64}
# - {name: O+2, datatype: float64}
# - {name: O+5, datatype: float64}
# - {name: O+6, datatype: float64}
# - {name: P+, datatype: float64}
# - {name: Si+, datatype: float64}
# - {name: Si+2, datatype: float64}
# - {name: Si+3, datatype: float64}
# - {name: Si+4, datatype: float64}
# - {name: Fe+, datatype: float64}
# - {name: Al+, datatype: float64}
# - {name: log_nH, datatype: float64}
# - {name: parameters, datatype: string, subtype: 'float64[1]'}
# schema: astropy-2.0
H H+ C+ C+2 C+3 N+ N+2 N+4 O O+2 O+5 O+6 P+ Si+ Si+2 Si+3 Si+4 Fe+ Al+ log_nH parameters
[from data line 52]
407380000000000.0 8.61444e+16 18524900000000.0 177715000000000.0 32032200000000.0 4006420000000.0 37801800000000.0 1761380000000.0 105535000000.0 257366000000000.0 290797000000.0 5865850000.0 43044600000.0 5647880000000.0 5108630000000.0 11613300000000.0 5348700000000.0 25695000000.0 79871100000.0 -3.96 [-3.96]
407380000000000.0 8.13627e+16 18321300000000.0 168626000000000.0 29066900000000.0 4094290000000.0 36099000000000.0 1520740000000.0 116564000000.0 246791000000000.0 238058000000.0 4578550000.0 43111600000.0 5821820000000.0 4891860000000.0 10844600000000.0 4671240000000.0 28633600000.0 82980900000.0 -3.94 [-3.94]
407380000000000.0 7.68642e+16 18116900000000.0 159967000000000.0 26355000000000.0 4180050000000.0 34440000000000.0 1312250000000.0 128522000000.0 236293000000000.0 194669000000.0 3570500000.0 43095100000.0 5979730000000.0 4669210000000.0 10103200000000.0 4069350000000.0 31854600000.0 86092600000.0 -3.92 [-3.92]
407380000000000.0 7.26319e+16 17912500000000.0 151720000000000.0 23876300000000.0 4263510000000.0 32826400000000.0 1131750000000.0 141457000000.0 225905000000000.0 159014000000.0 2781920000.0 42999900000.0 6120420000000.0 4442670000000.0 9391340000000.0 3536370000000.0 35378700000.0 89197200000.0 -3.9 [-3.9]
407380000000000.0 6.86498e+16 17708800000000.0 143870000000000.0 21612200000000.0 4344520000000.0 31259700000000.0 975590000000.0 155418000000.0 215658000000000.0 129749000000.0 2165710000.0 42831700000.0 6242890000000.0 4214200000000.0 8710730000000.0 3065990000000.0 39227300000.0 92285500000.0 -3.88 [-3.88]
407380000000000.0 6.49032e+16 17506500000000.0 136403000000000.0 19545400000000.0 4422950000000.0 29741000000000.0 840586000000.0 170453000000.0 205580000000000.0 105756000000.0 1684670000.0 42596100000.0 6346440000000.0 3985650000000.0 8062650000000.0 2652210000000.0 43422700000.0 95347500000.0 -3.86 [-3.86]
407380000000000.0 6.13788e+16 17306200000000.0 129304000000000.0 17660600000000.0 4498650000000.0 28271600000000.0 723968000000.0 186605000000.0 195701000000000.0 86112900000.0 1309600000.0 42299100000.0 6430640000000.0 3758800000000.0 7448110000000.0 2289440000000.0 47987300000.0 98373000000.0 -3.84 [-3.84]
407380000000000.0 5.80652e+16 17108600000000.0 122561000000000.0 15943900000000.0 4571450000000.0 26852900000000.0 623343000000.0 203910000000.0 186049000000000.0 70056400000.0 1017530000.0 41946600000.0 6495330000000.0 3535390000000.0 6867950000000.0 1972510000000.0 52942100000.0 101350000000.0 -3.82 [-3.82]
407380000000000.0 5.49473e+16 16914200000000.0 116153000000000.0 14380300000000.0 4641240000000.0 25483900000000.0 536492000000.0 222416000000.0 176638000000000.0 56937200000.0 790134000.0 41544200000.0 6540650000000.0 3316660000000.0 6321760000000.0 1696260000000.0 58314500000.0 104271000000.0 -3.8 [-3.8]
407380000000000.0 5.20154e+16 16723500000000.0 110072000000000.0 12958200000000.0 4707890000000.0 24165700000000.0 461617000000.0 242151000000.0 167492000000000.0 46236200000.0 613328000.0 41097800000.0 6566970000000.0 3103990000000.0 5809720000000.0 1456290000000.0 64126100000.0 107124000000.0 -3.78 [-3.78]
407380000000000.0 4.92586e+16 16536800000000.0 104300000000000.0 11666200000000.0 4771250000000.0 22898300000000.0 397099000000.0 263143000000.0 158628000000000.0 37517400000.0 475958000.0 40612500000.0 6574900000000.0 2898430000000.0 5331310000000.0 1248390000000.0 70400900000.0 109898000000.0 -3.76 [-3.76]
407380000000000.0 4.66638e+16 16353700000000.0 98820500000000.0 10492900000000.0 4831190000000.0 21679900000000.0 341483000000.0 285438000000.0 150051000000000.0 30414900000.0 369208000.0 40091700000.0 6565230000000.0 2700600000000.0 4885300000000.0 1068600000000.0 77168500000.0 112585000000.0 -3.74 [-3.74]
407380000000000.0 4.4227e+16 16175700000000.0 93630600000000.0 9429980000000.0 4887630000000.0 20512900000000.0 293654000000.0 309016000000.0 141790000000000.0 24646300000.0 286456000.0 39543300000.0 6539040000000.0 2511700000000.0 4471650000000.0 913773000000.0 84442600000.0 115171000000.0 -3.72 [-3.72]
407380000000000.0 4.19362e+16 16002300000000.0 88711500000000.0 8467490000000.0 4940420000000.0 19395300000000.0 252497000000.0 333908000000.0 133844000000000.0 19960700000.0 222269000.0 38970300000.0 6497420000000.0 2331960000000.0 4088680000000.0 780617000000.0 92251700000.0 117648000000.0 -3.7 [-3.7]
407380000000000.0 3.97823e+16 15833400000000.0 84049500000000.0 7596880000000.0 4989510000000.0 18326100000000.0 217088000000.0 360125000000.0 126218000000000.0 16157500000.0 172491000.0 38376100000.0 6441620000000.0 2161650000000.0 3734980000000.0 666308000000.0 100621000000.0 120008000000.0 -3.68 [-3.68]
407380000000000.0 3.77568e+16 15668900000000.0 79632000000000.0 6810270000000.0 5034780000000.0 17304200000000.0 186631000000.0 387671000000.0 118915000000000.0 13072900000.0 133892000.0 37764500000.0 6372950000000.0 2000910000000.0 3409060000000.0 568349000000.0 109575000000.0 122244000000.0 -3.66 [-3.66]
407380000000000.0 3.58515e+16 15508400000000.0 75446400000000.0 6100310000000.0 5076140000000.0 16328400000000.0 160436000000.0 416546000000.0 111932000000000.0 10572600000.0 103963000.0 37138100000.0 6292720000000.0 1849740000000.0 3109350000000.0 484527000000.0 119137000000.0 124347000000.0 -3.64 [-3.64]
407380000000000.0 3.4059e+16 15351900000000.0 71480600000000.0 5460210000000.0 5113550000000.0 15397200000000.0 137909000000.0 446745000000.0 105270000000000.0 8547030000.0 80752800.0 36499900000.0 6202270000000.0 1708020000000.0 2834240000000.0 412892000000.0 129333000000.0 126313000000.0 -3.62 [-3.62]
407380000000000.0 3.23717e+16 15198800000000.0 67723000000000.0 4883690000000.0 5146900000000.0 14509400000000.0 118537000000.0 478259000000.0 98921600000000.0 6906910000.0 62750400.0 35852000000.0 6102870000000.0 1575520000000.0 2582090000000.0 351740000000.0 140186000000.0 128135000000.0 -3.6 [-3.6]
407380000000000.0 3.07792e+16 15048500000000.0 64153700000000.0 4363880000000.0 5176030000000.0 13661600000000.0 101843000000.0 511121000000.0 92868200000000.0 5577090000.0 48758400.0 35194900000.0 5995420000000.0 1451690000000.0 2350810000000.0 299489000000.0 151741000000.0 129815000000.0 -3.58 [-3.58]
407380000000000.0 2.92865e+16 14901900000000.0 60788500000000.0 3898650000000.0 5201160000000.0 12858000000000.0 87553000000.0 545164000000.0 87145600000000.0 4505420000.0 37943600.0 34535500000.0 5882180000000.0 1337000000000.0 2140360000000.0 255133000000.0 163962000000.0 131337000000.0 -3.56 [-3.56]
407380000000000.0 2.78763e+16 14757500000000.0 57591100000000.0 3479890000000.0 5222000000000.0 12091500000000.0 75234300000.0 580509000000.0 81703100000000.0 3636880000.0 29528200.0 33870400000.0 5763200000000.0 1230240000000.0 1947730000000.0 217274000000.0 176932000000.0 132711000000.0 -3.54 [-3.54]
407380000000000.0 2.6546e+16 14614800000000.0 54559700000000.0 3104080000000.0 5238510000000.0 11362200000000.0 64637900000.0 617088000000.0 76543500000000.0 2934510000.0 0.0 33202100000.0 5639800000000.0 1131240000000.0 1771920000000.0 185034000000.0 190653000000.0 133930000000.0 -3.52 [-3.52]
407380000000000.0 2.52907e+16 14473800000000.0 51685500000000.0 2767120000000.0 5250690000000.0 10668800000000.0 55523900000.0 654863000000.0 71658400000000.0 2366790000.0 0.0 32532200000.0 5512950000000.0 1039570000000.0 1611600000000.0 157590000000.0 205148000000.0 134996000000.0 -3.5 [-3.5]
407380000000000.0 2.41055e+16 14334000000000.0 48960000000000.0 2465240000000.0 5258470000000.0 10009900000000.0 47684400000.0 693798000000.0 67037200000000.0 1908030000.0 0.0 31861600000.0 5383490000000.0 954800000000.0 1465490000000.0 134235000000.0 220437000000.0 135907000000.0 -3.48 [-3.48]
407380000000000.0 2.29856e+16 14195100000000.0 46374900000000.0 2194970000000.0 5261830000000.0 9383990000000.0 40941200000.0 733850000000.0 62669700000000.0 1537460000.0 0.0 31191300000.0 5252180000000.0 876495000000.0 1332390000000.0 114360000000.0 236536000000.0 136666000000.0 -3.46 [-3.46]
407380000000000.0 2.19268e+16 14056700000000.0 43922600000000.0 1953190000000.0 5260710000000.0 8789810000000.0 35141000000.0 774974000000.0 58545300000000.0 1238200000.0 0.0 30522100000.0 5119700000000.0 804224000000.0 1211180000000.0 97447900000.0 253464000000.0 137273000000.0 -3.44 [-3.44]
407380000000000.0 2.09247e+16 13918300000000.0 41595000000000.0 1736990000000.0 5255070000000.0 8225860000000.0 30150900000.0 817129000000.0 54652100000000.0 996583000.0 0.0 29854600000.0 4986610000000.0 737554000000.0 1100810000000.0 83052600000.0 271235000000.0 137730000000.0 -3.42 [-3.42]
407380000000000.0 1.99759e+16 13779700000000.0 39386200000000.0 1543830000000.0 5244890000000.0 7691070000000.0 25859000000.0 860248000000.0 50981100000000.0 801619000.0 0.0 29189600000.0 4853470000000.0 676110000000.0 1000350000000.0 70801000000.0 289855000000.0 138039000000.0 -3.4 [-3.4]
407380000000000.0 1.90769e+16 13640500000000.0 37289300000000.0 1371350000000.0 5230180000000.0 7184140000000.0 22167800000.0 904285000000.0 47521000000000.0 644352000.0 0.0 28527700000.0 4720730000000.0 619510000000.0 908916000000.0 60371700000.0 309335000000.0 138205000000.0 -3.38 [-3.38]
407380000000000.0 1.82243e+16 13500500000000.0 35298200000000.0 1217420000000.0 5210900000000.0 6703910000000.0 18993400000.0 949175000000.0 44261700000000.0 517545000.0 0.0 27869400000.0 4588760000000.0 567390000000.0 825702000000.0 51491300000.0 329674000000.0 138229000000.0 -3.36 [-3.36]
407380000000000.0 1.74152e+16 13359400000000.0 33407300000000.0 1080130000000.0 5187040000000.0 6249290000000.0 16264200000.0 994854000000.0 41193500000000.0 415356000.0 0.0 27215200000.0 4457900000000.0 519417000000.0 749974000000.0 43928200000.0 350868000000.0 138116000000.0 -3.34 [-3.34]
407380000000000.0 1.66467e+16 13216700000000.0 31611200000000.0 957751000000.0 5158590000000.0 5819200000000.0 13918200000.0 1041250000000.0 38306700000000.0 333048000.0 0.0 26565400000.0 4328440000000.0 475274000000.0 681058000000.0 37485200000.0 372905000000.0 137868000000.0 -3.32 [-3.32]
407380000000000.0 1.59165e+16 13072500000000.0 29905300000000.0 848740000000.0 5125590000000.0 5412720000000.0 11902600000.0 1088300000000.0 35592800000000.0 266807000.0 0.0 25920700000.0 4200640000000.0 434678000000.0 618356000000.0 31996000000.0 395762000000.0 137490000000.0 -3.3 [-3.3]
407380000000000.0 1.52217e+16 12926100000000.0 28283900000000.0 751651000000.0 5088010000000.0 5028680000000.0 10170700000.0 1135930000000.0 33041400000000.0 213510000.0 0.0 25280900000.0 4074620000000.0 397332000000.0 561279000000.0 27315900000.0 419419000000.0 136986000000.0 -3.28 [-3.28]
407380000000000.0 1.45579e+16 12776900000000.0 26737700000000.0 665007000000.0 5045520000000.0 4665170000000.0 8679510000.0 1184150000000.0 30637300000000.0 170573000.0 0.0 24644400000.0 3950090000000.0 362891000000.0 509179000000.0 23315900000.0 443873000000.0 136356000000.0 -3.26 [-3.26]
407380000000000.0 1.39278e+16 12625900000000.0 25273500000000.0 588172000000.0 4998900000000.0 4323490000000.0 7403740000.0 1232710000000.0 28387600000000.0 136184000.0 0.0 24015900000.0 3828140000000.0 331334000000.0 461915000000.0 19913900000.0 468998000000.0 135610000000.0 -3.24 [-3.24]
407380000000000.0 1.3327e+16 12472200000000.0 23881700000000.0 519867000000.0 4947840000000.0 4001660000000.0 6309410000.0 1281610000000.0 26276900000000.0 108590000.0 0.0 23393600000.0 3708400000000.0 302333000000.0 418901000000.0 17011500000.0 494773000000.0 134749000000.0 -3.22 [-3.22]
407380000000000.0 1.27555e+16 12316200000000.0 22562800000000.0 459317000000.0 4892770000000.0 3699600000000.0 5373500000.0 1330710000000.0 24303000000000.0 86512100.0 0.0 22779500000.0 3591320000000.0 275756000000.0 379852000000.0 14539700000.0 521090000000.0 133782000000.0 -3.2 [-3.2]
407380000000000.0 1.22082e+16 12156600000000.0 21305300000000.0 405411000000.0 4833070000000.0 3414980000000.0 4569650000.0 1380060000000.0 22448400000000.0 68791200.0 0.0 22170000000.0 3476170000000.0 251279000000.0 344219000000.0 12424900000.0 547925000000.0 132705000000.0 -3.18 [-3.18]
407380000000000.0 1.16854e+16 11994000000000.0 20110400000000.0 357585000000.0 4769250000000.0 3147900000000.0 3881800000.0 1429510000000.0 20712300000000.0 54620900.0 0.0 21567700000.0 3363440000000.0 228815000000.0 311805000000.0 10619800000.0 575141000000.0 131526000000.0 -3.16 [-3.16]
407380000000000.0 1.11836e+16 11827300000000.0 18970500000000.0 315047000000.0 4700920000000.0 2896760000000.0 3291880000.0 1479060000000.0 19082600000000.0 43273700.0 0.0 20969800000.0 3252660000000.0 208131000000.0 282221000000.0 9074430000.0 602657000000.0 130243000000.0 -3.14 [-3.14]
407380000000000.0 1.07052e+16 11657900000000.0 17891100000000.0 277451000000.0 4629060000000.0 2662350000000.0 2789370000.0 1528450000000.0 17563900000000.0 34245400.0 0.0 20381400000.0 3144700000000.0 189215000000.0 255389000000.0 7757920000.0 630268000000.0 128871000000.0 -3.12 [-3.12]
407380000000000.0 1.02473e+16 11485100000000.0 16865500000000.0 244150000000.0 4553450000000.0 2443230000000.0 2360490000.0 1577700000000.0 16145600000000.0 27053500.0 0.0 19800500000.0 3039170000000.0 171871000000.0 230986000000.0 6633290000.0 657861000000.0 127409000000.0 -3.1 [-3.1]
407380000000000.0 9810790000000000.0 11309700000000.0 15896000000000.0 214783000000.0 4474880000000.0 2239520000000.0 1996180000.0 1626590000000.0 14827700000000.0 21350600.0 0.0 19230100000.0 2936620000000.0 156042000000.0 208884000000.0 5675520000.0 685233000000.0 125869000000.0 -3.08 [-3.08]
407380000000000.0 9390390000000000.0 11130000000000.0 14970700000000.0 188700000000.0 4392310000000.0 2048910000000.0 1684660000.0 1675270000000.0 13594000000000.0 16805100.0 0.0 18664800000.0 2835940000000.0 141484000000.0 188708000000.0 4854060000.0 712279000000.0 124240000000.0 -3.06 [-3.06]
407380000000000.0 8987350000000000.0 10946900000000.0 14092200000000.0 165647000000.0 4306590000000.0 1871600000000.0 1419740000.0 1723550000000.0 12445600000000.0 13202000.0 0.0 18107600000.0 2737690000000.0 128163000000.0 170374000000.0 4152100000.0 738769000000.0 122533000000.0 -3.04 [-3.04]
407380000000000.0 8600740000000000.0 10760400000000.0 13258400000000.0 145286000000.0 4217910000000.0 1706930000000.0 1194730000.0 1771340000000.0 11377600000000.0 10350700.0 0.0 17558900000.0 2641840000000.0 115983000000.0 153721000000.0 3552110000.0 764505000000.0 120753000000.0 -3.02 [-3.02]
407380000000000.0 8229970000000000.0 10570900000000.0 12467700000000.0 127322000000.0 4126610000000.0 1554340000000.0 1003950000.0 1818560000000.0 10386400000000.0 0.0 0.0 17019100000.0 2548430000000.0 104860000000.0 138608000000.0 3039460000.0 789277000000.0 118906000000.0 -3.0 [-3.0]
407380000000000.0 7874210000000000.0 10378400000000.0 11718200000000.0 111484000000.0 4032910000000.0 1413180000000.0 842400000.0 1865120000000.0 9467520000000.0 0.0 0.0 16488300000.0 2457440000000.0 94710300000.0 124897000000.0 2601300000.0 812874000000.0 116996000000.0 -2.98 [-2.98]
407380000000000.0 7532610000000000.0 10183000000000.0 11007600000000.0 97528500000.0 3937050000000.0 1282790000000.0 705765000.0 1910970000000.0 8616580000000.0 0.0 0.0 15966600000.0 2368800000000.0 85454500000.0 112461000000.0 2226700000.0 835089000000.0 115026000000.0 -2.96 [-2.96]
407380000000000.0 7204880000000000.0 9985260000000.0 10334900000000.0 85249300000.0 3839420000000.0 1162680000000.0 590454000.0 1956000000000.0 7830490000000.0 0.0 0.0 15454700000.0 2282600000000.0 77029700000.0 101197000000.0 1906620000.0 855717000000.0 113003000000.0 -2.94 [-2.94]
