Cloudy_runs/uks0242/z=0.06385/logZ=1/component_I_PI_nH/component_I_PI_nH_col_density_param.txt
# %ECSV 1.0
# ---
# datatype:
# - {name: H, datatype: float64}
# - {name: H+, datatype: float64}
# - {name: C+, datatype: float64}
# - {name: C+2, datatype: float64}
# - {name: C+3, datatype: float64}
# - {name: N+, datatype: float64}
# - {name: N+2, datatype: float64}
# - {name: N+4, datatype: float64}
# - {name: O, datatype: float64}
# - {name: O+2, datatype: float64}
# - {name: O+5, datatype: float64}
# - {name: O+6, datatype: float64}
# - {name: P+, datatype: float64}
# - {name: Si+, datatype: float64}
# - {name: Si+2, datatype: float64}
# - {name: Si+3, datatype: float64}
# - {name: Si+4, datatype: float64}
# - {name: Fe+, datatype: float64}
# - {name: Al+, datatype: float64}
# - {name: log_nH, datatype: float64}
# - {name: parameters, datatype: string, subtype: 'float64[1]'}
# schema: astropy-2.0
H H+ C+ C+2 C+3 N+ N+2 N+4 O O+2 O+5 O+6 P+ Si+ Si+2 Si+3 Si+4 Fe+ Al+ log_nH parameters
407380000000000.0 7.02051e+18 969865000000.0 308222000000000.0 1819300000000000.0 77986300000.0 55842100000000.0 1257850000000000.0 6356060.0 172946000000000.0 1.10862e+16 7871120000000000.0 43938500.0 1505030000.0 154422000000.0 2021630000000.0 94575800000000.0 1172860.0 161611000.0 -5.0 [-5.0]
407380000000000.0 6.57388e+18 1039970000000.0 317917000000000.0 1827870000000000.0 87176300000.0 59986100000000.0 1217390000000000.0 7799210.0 188007000000000.0 1.02517e+16 6860250000000000.0 50918700.0 1696240000.0 173030000000.0 2289290000000.0 99798300000000.0 1457290.0 184511000.0 -4.98 [-4.98]
407380000000000.0 6.15031e+18 1118210000000.0 327928000000000.0 1833670000000000.0 97680700000.0 64391800000000.0 1174690000000000.0 9592650.0 203972000000000.0 9443220000000000.0 5952900000000000.0 59103400.0 1911740000.0 193564000000.0 2590300000000.0 105118000000000.0 1810310.0 209685000.0 -4.96 [-4.96]
407380000000000.0 5.74779e+18 1206100000000.0 338357000000000.0 1836530000000000.0 109724000000.0 69068700000000.0 1129750000000000.0 11826200.0 220829000000000.0 8662510000000000.0 5140470000000000.0 68732800.0 2155830000.0 216246000000.0 2929160000000.0 110521000000000.0 2248790.0 237104000.0 -4.94 [-4.94]
407380000000000.0 5.36507e+18 1305770000000.0 349385000000000.0 1836190000000000.0 123577000000.0 74023700000000.0 1082630000000000.0 14611700.0 238540000000000.0 7911590000000000.0 4415890000000000.0 80124300.0 2435110000.0 241397000000.0 3310440000000.0 115981000000000.0 2793810.0 266711000.0 -4.92 [-4.92]
407379000000000.0 4.99831e+18 1419690000000.0 361161000000000.0 1832370000000000.0 139597000000.0 79275600000000.0 1033110000000000.0 18106100.0 257102000000000.0 7188750000000000.0 3768390000000000.0 93651000.0 2756590000.0 269386000000.0 3742450000000.0 121505000000000.0 3473840.0 298168000.0 -4.9 [-4.9]
407380000000000.0 4.64764e+18 1551790000000.0 374066000000000.0 1824700000000000.0 158185000000.0 84822600000000.0 981348000000000.0 22493200.0 276399000000000.0 6497400000000000.0 3194120000000000.0 109867000.0 3134220000.0 300885000000.0 4230900000000.0 127044000000000.0 4323020.0 331273000.0 -4.88 [-4.88]
407380000000000.0 4.31097e+18 1707010000000.0 388489000000000.0 1812620000000000.0 179850000000.0 90665500000000.0 927274000000000.0 28022400.0 296310000000000.0 5837640000000000.0 2686150000000000.0 129486000.0 3586710000.0 336827000000.0 4785100000000.0 132570000000000.0 5387040.0 365610000.0 -4.86 [-4.86]
407380000000000.0 3.98609e+18 1892440000000.0 404999000000000.0 1795400000000000.0 205250000000.0 96803500000000.0 870772000000000.0 35029600.0 316664000000000.0 5209090000000000.0 2237950000000000.0 153504000.0 4143070000.0 378664000000.0 5416990000000.0 138050000000000.0 6727460.0 400763000.0 -4.84 [-4.84]
407379000000000.0 3.66831e+18 2119600000000.0 424471000000000.0 1771830000000000.0 235400000000.0 103252000000000.0 811251000000000.0 44031000.0 337270000000000.0 4607930000000000.0 1840850000000000.0 183440000.0 4850660000.0 428814000000.0 6148220000000.0 143473000000000.0 8436420.0 436176000.0 -4.82 [-4.82]
407381000000000.0 3.35486e+18 2405230000000.0 448083000000000.0 1739860000000000.0 271434000000.0 109942000000000.0 748330000000000.0 55708300.0 357575000000000.0 4033650000000000.0 1490410000000000.0 221644000.0 5792020000.0 491288000000.0 7002540000000.0 148778000000000.0 10639000.0 472427000.0 -4.8 [-4.8]
407379000000000.0 3.0404e+18 2779050000000.0 477906000000000.0 1696800000000000.0 315156000000.0 116811000000000.0 681175000000000.0 71169100.0 376858000000000.0 3481590000000000.0 1180340000000000.0 272170000.0 7120470000.0 573287000000.0 8021700000000.0 153881000000000.0 13541100.0 512721000.0 -4.78 [-4.78]
407377000000000.0 2.71426e+18 3298670000000.0 517431000000000.0 1636800000000000.0 369564000000.0 123686000000000.0 607881000000000.0 92420600.0 393608000000000.0 2941840000000000.0 902826000000000.0 343126000.0 9162070000.0 689024000000.0 9288580000000.0 158666000000000.0 17525300.0 568133000.0 -4.76 [-4.76]
407380000000000.0 2.3543e+18 4100550000000.0 573512000000000.0 1546470000000000.0 440063000000.0 129962000000000.0 524362000000000.0 123902000.0 404270000000000.0 2389190000000000.0 646867000000000.0 454785000.0 12781300000.0 871139000000.0 10995900000000.0 162820000000000.0 23464200.0 678304000.0 -4.74 [-4.74]
407377000000000.0 2.04932e+18 5062100000000.0 630336000000000.0 1446370000000000.0 512737000000.0 134190000000000.0 451468000000000.0 163146000.0 409511000000000.0 1928030000000000.0 462797000000000.0 605705000.0 18095200000.0 1098010000000.0 12794000000000.0 164880000000000.0 31234700.0 879910000.0 -4.72 [-4.72]
407380000000000.0 1.80138e+18 6120570000000.0 680320000000000.0 1345010000000000.0 583466000000.0 136508000000000.0 391322000000000.0 210382000.0 411958000000000.0 1554040000000000.0 334479000000000.0 797792000.0 25271600000.0 1351530000000.0 14571000000000.0 164924000000000.0 41012200.0 1173670000.0 -4.7 [-4.7]
407380000000000.0 1.56685e+18 7444120000000.0 727877000000000.0 1228480000000000.0 657402000000.0 136467000000000.0 335520000000000.0 274027000.0 409982000000000.0 1210930000000000.0 232422000000000.0 1072390000.0 36198600000.0 1658200000000.0 16557100000000.0 162823000000000.0 54498300.0 1624380000.0 -4.68 [-4.68]
407380000000000.0 1.34587e+18 9095830000000.0 768000000000000.0 1097350000000000.0 732516000000.0 133531000000000.0 284730000000000.0 363321000.0 404810000000000.0 899367000000000.0 153118000000000.0 1481840000.0 53161300000.0 2016220000000.0 18745300000000.0 158039000000000.0 73568900.0 2306440000.0 -4.66 [-4.66]
407380000000000.0 1.14395e+18 11065100000000.0 793817000000000.0 957918000000000.0 806343000000.0 127634000000000.0 239796000000000.0 492737000.0 399624000000000.0 631936000000000.0 95145500000000.0 2104460000.0 79084000000.0 2408770000000.0 21034400000000.0 150258000000000.0 100799000.0 3299980000.0 -4.64 [-4.64]
407380000000000.0 9.76027e+17 13087700000000.0 800120000000000.0 827513000000000.0 877811000000.0 120346000000000.0 202195000000000.0 673091000.0 398827000000000.0 432405000000000.0 57889400000000.0 2974150000.0 114833000000.0 2797050000000.0 23129300000000.0 140395000000000.0 137645000.0 4578410000.0 -4.62 [-4.62]
407380000000000.0 8.47601e+17 14849800000000.0 790640000000000.0 719464000000000.0 949016000000.0 113738000000000.0 171887000000000.0 902907000.0 403004000000000.0 301375000000000.0 36352400000000.0 4026420000.0 158402000000.0 3155570000000.0 24800400000000.0 130184000000000.0 183514000.0 6000120000.0 -4.6 [-4.6]
407377000000000.0 7.49021e+17 16286100000000.0 772146000000000.0 632137000000000.0 1022390000000.0 108351000000000.0 147142000000000.0 1180930000.0 409637000000000.0 216702000000000.0 23824700000000.0 5199940000.0 208774000000.0 3487690000000.0 26068200000000.0 120459000000000.0 238444000.0 7481930000.0 -4.58 [-4.58]
407379000000000.0 6.70744e+17 17442300000000.0 748977000000000.0 560424000000000.0 1098820000000.0 103982000000000.0 126553000000000.0 1509520000.0 416743000000000.0 160192000000000.0 16213400000000.0 6465210000.0 266056000000.0 3800660000000.0 27017700000000.0 111405000000000.0 303378000.0 8999810000.0 -4.56 [-4.56]
407381000000000.0 6.06301e+17 18376900000000.0 723341000000000.0 500093000000000.0 1178520000000.0 100313000000000.0 109154000000000.0 1894590000.0 423304000000000.0 120910000000000.0 11345900000000.0 7812880000.0 330919000000.0 4098980000000.0 27719000000000.0 102977000000000.0 379909000.0 10554900000.0 -4.54 [-4.54]
407379000000000.0 5.51826e+17 19129000000000.0 696312000000000.0 448373000000000.0 1261300000000.0 97115900000000.0 94322500000000.0 2343000000.0 428851000000000.0 92724700000000.0 8108360000000.0 9236580000.0 404011000000.0 4384030000000.0 28216900000000.0 95114400000000.0 469835000.0 12150600000.0 -4.52 [-4.52]
407379000000000.0 5.04843e+17 19731900000000.0 668652000000000.0 403423000000000.0 1347080000000.0 94238400000000.0 81605000000000.0 2863260000.0 433208000000000.0 71976100000000.0 5887420000000.0 10731400000.0 486017000000.0 4656020000000.0 28542700000000.0 87763800000000.0 575273000.0 13791500000.0 -4.5 [-4.5]
407378000000000.0 4.63872e+17 20210900000000.0 641003000000000.0 364093000000000.0 1435510000000.0 91599500000000.0 70691000000000.0 3462570000.0 436307000000000.0 56454600000000.0 4333000000000.0 12286300000.0 577207000000.0 4914220000000.0 28718900000000.0 80907900000000.0 698180000.0 15477100000.0 -4.48 [-4.48]
407378000000000.0 4.27703e+17 20585900000000.0 613636000000000.0 329369000000000.0 1526460000000.0 89123800000000.0 61291300000000.0 4151070000.0 438172000000000.0 44647800000000.0 3223330000000.0 13894500000.0 678117000000.0 5158050000000.0 28763700000000.0 74504400000000.0 841083000.0 17211600000.0 -4.46 [-4.46]
407379000000000.0 3.95472e+17 20871600000000.0 586729000000000.0 298499000000000.0 1619740000000.0 86759200000000.0 53175500000000.0 4939840000.0 438853000000000.0 35547800000000.0 2418690000000.0 15547100000.0 789198000000.0 5386650000000.0 28691000000000.0 68520400000000.0 1006730000.0 18998000000.0 -4.44 [-4.44]
407379000000000.0 3.66505e+17 21080500000000.0 560395000000000.0 270898000000000.0 1715280000000.0 84465300000000.0 46149100000000.0 5842080000.0 438410000000000.0 28452800000000.0 1827350000000.0 17235300000.0 910956000000.0 5599060000000.0 28511600000000.0 62923400000000.0 1198340000.0 20839800000.0 -4.42 [-4.42]
407379000000000.0 3.40377e+17 21224800000000.0 534829000000000.0 246168000000000.0 1812730000000.0 82228100000000.0 40069100000000.0 6869020000.0 436910000000000.0 22885700000000.0 1389300000000.0 18945200000.0 1043400000000.0 5794320000000.0 28236000000000.0 57703600000000.0 1418920000.0 22737300000.0 -4.4 [-4.4]
407379000000000.0 3.16664e+17 21313000000000.0 510061000000000.0 223922000000000.0 1911950000000.0 80024300000000.0 34796900000000.0 8036260000.0 434424000000000.0 18479900000000.0 1061550000000.0 20666400000.0 1186870000000.0 5971530000000.0 27872700000000.0 52834200000000.0 1672270000.0 24693500000.0 -4.38 [-4.38]
407379000000000.0 2.95085e+17 21354900000000.0 486190000000000.0 203873000000000.0 2012670000000.0 77848300000000.0 30226400000000.0 9357700000.0 431024000000000.0 14976200000000.0 814883000000.0 22385400000.0 1341230000000.0 6130000000000.0 27430600000000.0 48302900000000.0 1962100000.0 26709700000.0 -4.36 [-4.36]
407379000000000.0 2.75376e+17 21357600000000.0 463242000000000.0 185760000000000.0 2113930000000.0 75691700000000.0 26261600000000.0 10850700000.0 426775000000000.0 12174800000000.0 628032000000.0 24090200000.0 1506390000000.0 6269050000000.0 26917100000000.0 44091700000000.0 2292620000.0 28787600000.0 -4.34 [-4.34]
407380000000000.0 2.57311e+17 21326700000000.0 441210000000000.0 169358000000000.0 2216040000000.0 73547000000000.0 22818500000000.0 12533200000.0 421742000000000.0 9923040000000.0 485637000000.0 25769300000.0 1682240000000.0 6388020000000.0 26339400000000.0 40181300000000.0 2668560000.0 30929100000.0 -4.32 [-4.32]
407379000000000.0 2.40746e+17 21270500000000.0 420160000000000.0 154497000000000.0 2318730000000.0 71419500000000.0 19833000000000.0 14419800000.0 415997000000000.0 8109710000000.0 376829000000.0 27410500000.0 1867980000000.0 6486750000000.0 25705700000000.0 36563500000000.0 3094140000.0 33134300000.0 -4.3 [-4.3]
407379000000000.0 2.25475e+17 21190300000000.0 400000000000000.0 140987000000000.0 2421980000000.0 69298500000000.0 17236800000000.0 16535600000.0 409595000000000.0 6639810000000.0 293088000000.0 29004500000.0 2063700000000.0 6564650000000.0 25020700000000.0 33212300000000.0 3575550000.0 35407300000.0 -4.28 [-4.28]
407379000000000.0 2.11382e+17 21091100000000.0 380738000000000.0 128697000000000.0 2525490000000.0 67186700000000.0 14980800000000.0 18900700000.0 402590000000000.0 5445790000000.0 228470000000.0 30541400000.0 2268500000000.0 6621270000000.0 24291800000000.0 30116000000000.0 4118110000.0 37745500000.0 -4.26 [-4.26]
407380000000000.0 1.98346e+17 20976000000000.0 362340000000000.0 117499000000000.0 2629100000000.0 65084600000000.0 13019100000000.0 21539300000.0 395039000000000.0 4472810000000.0 178428000000.0 32012400000.0 2481730000000.0 6656540000000.0 23524700000000.0 27259000000000.0 4728190000.0 40150800000.0 -4.24 [-4.24]
407380000000000.0 1.86264e+17 20847300000000.0 344777000000000.0 107285000000000.0 2732620000000.0 62993600000000.0 11313200000000.0 24476800000.0 386992000000000.0 3677920000000.0 139561000000.0 33409700000.0 2702490000000.0 6670320000000.0 22725000000000.0 24626900000000.0 5412430000.0 42622700000.0 -4.22 [-4.22]
407380000000000.0 1.75043e+17 20707100000000.0 328009000000000.0 97958700000000.0 2835930000000.0 60914500000000.0 9828870000000.0 27741900000.0 378497000000000.0 3026880000000.0 109289000000.0 34726500000.0 2929820000000.0 6662580000000.0 21898000000000.0 22205300000000.0 6178300000.0 45161100000.0 -4.2 [-4.2]
407380000000000.0 1.64606e+17 20557000000000.0 312008000000000.0 89436000000000.0 2938810000000.0 58850100000000.0 8537470000000.0 31363400000.0 369601000000000.0 2492730000000.0 85663800000.0 35956800000.0 3162530000000.0 6633500000000.0 21049300000000.0 19981600000000.0 7033350000.0 47764300000.0 -4.18 [-4.18]
407380000000000.0 1.54882e+17 20398400000000.0 296738000000000.0 81642000000000.0 3041130000000.0 56802500000000.0 7413760000000.0 35373000000.0 360349000000000.0 2053730000000.0 67190900000.0 37095700000.0 3399330000000.0 6583340000000.0 20183800000000.0 17943100000000.0 7985920000.0 50430700000.0 -4.16 [-4.16]
407380000000000.0 1.45814e+17 20232300000000.0 282169000000000.0 74512600000000.0 3142730000000.0 54774800000000.0 6436200000000.0 39803800000.0 350786000000000.0 1692520000000.0 52728100000.0 38138900000.0 3638740000000.0 6512550000000.0 19306700000000.0 16078400000000.0 9044580000.0 53157100000.0 -4.14 [-4.14]
407380000000000.0 1.37338e+17 20059600000000.0 268260000000000.0 67983800000000.0 3243550000000.0 52768200000000.0 5585240000000.0 44694100000.0 340946000000000.0 1394790000000.0 41383400000.0 39084000000.0 3879380000000.0 6421690000000.0 18422100000000.0 14375000000000.0 10219500000.0 55942900000.0 -4.12 [-4.12]
407380000000000.0 1.29411e+17 19880800000000.0 254985000000000.0 62005200000000.0 3343410000000.0 50785600000000.0 4844790000000.0 50081800000.0 330871000000000.0 1149250000000.0 32478800000.0 39928000000.0 4119570000000.0 6311490000000.0 17534800000000.0 12822600000000.0 11520500000.0 58783600000.0 -4.1 [-4.1]
407380000000000.0 1.21984e+17 19696200000000.0 242308000000000.0 56528100000000.0 3442230000000.0 48828600000000.0 4200410000000.0 56009600000.0 320597000000000.0 946559000000.0 25483100000.0 40669700000.0 4357660000000.0 6182780000000.0 16648800000000.0 11410500000000.0 12958700000.0 61676000000.0 -4.08 [-4.08]
407380000000000.0 1.15027e+17 19508200000000.0 230225000000000.0 51507100000000.0 3539910000000.0 46902800000000.0 3639670000000.0 62523500000.0 310205000000000.0 779194000000.0 19986100000.0 41311100000.0 4592360000000.0 6037840000000.0 15771600000000.0 10126600000000.0 14563800000.0 64617700000.0 -4.06 [-4.06]
407380000000000.0 1.08504e+17 19317400000000.0 218708000000000.0 46898900000000.0 3636400000000.0 45010200000000.0 3151300000000.0 69678600000.0 299753000000000.0 640841000000.0 15662400000.0 41853600000.0 4822560000000.0 5878350000000.0 14908200000000.0 8958780000000.0 16375500000.0 67606700000.0 -4.04 [-4.04]
407380000000000.0 1.02383e+17 19123600000000.0 207725000000000.0 42678400000000.0 3731400000000.0 43152400000000.0 2727150000000.0 77505600000.0 289212000000000.0 526706000000.0 12267500000.0 42296400000.0 5044940000000.0 5704160000000.0 14057600000000.0 7905780000000.0 18377000000.0 70632500000.0 -4.02 [-4.02]
407380000000000.0 9.66328e+16 18926600000000.0 197246000000000.0 38812700000000.0 3824830000000.0 41330400000000.0 2358730000000.0 86057000000.0 278610000000000.0 432520000000.0 9601200000.0 42640600000.0 5257810000000.0 5516650000000.0 13222700000000.0 6958440000000.0 20585600000.0 73689600000.0 -4.0 [-4.0]
