Cloudy_runs/s135712/component_I_PI_nH/component_I_PI_nH_col_density_param.txt
# %ECSV 1.0
# ---
# datatype:
# - {name: H, datatype: float64}
# - {name: H+, datatype: float64}
# - {name: C+, datatype: float64}
# - {name: C+2, datatype: float64}
# - {name: C+3, datatype: float64}
# - {name: N+2, datatype: float64}
# - {name: N+4, datatype: float64}
# - {name: O, datatype: float64}
# - {name: O+2, datatype: float64}
# - {name: O+5, datatype: float64}
# - {name: O+6, datatype: float64}
# - {name: Si+, datatype: float64}
# - {name: Si+2, datatype: float64}
# - {name: Si+3, datatype: float64}
# - {name: Si+4, datatype: float64}
# - {name: log_nH, datatype: float64}
# - {name: log_Te, datatype: float64}
# - {name: parameters, datatype: string, subtype: 'float64[1]'}
# schema: astropy-2.0
H H+ C+ C+2 C+3 N+2 N+4 O O+2 O+5 O+6 Si+ Si+2 Si+3 Si+4 log_nH log_Te parameters
22908700000000.0 7.77508e+17 1776640000.0 250306000000.0 882657000000.0 40075800000.0 800018000000.0 9975.94 104336000000.0 8955350000000.0 13622900000000.0 1406880.0 67762600.0 307848000.0 30809800000.0 -5.0 4.55 [-5.0]
22908700000000.0 7.36297e+17 1923430000.0 263785000000.0 895044000000.0 42619600000.0 788383000000.0 11160.0 111386000000.0 8495850000000.0 12302800000000.0 1666310.0 78552000.0 345214000.0 32723100000.0 -4.98 4.545 [-4.98]
22908700000000.0 6.97378e+17 2080200000.0 277659000000.0 906553000000.0 45273500000.0 775658000000.0 12483.3 118757000000.0 8042290000000.0 11089100000000.0 1969780.0 90914000.0 386512000.0 34704200000.0 -4.96 4.541 [-4.96]
22908700000000.0 6.60629e+17 2247550000.0 291920000000.0 917154000000.0 48037500000.0 761883000000.0 13963.2 126448000000.0 7596350000000.0 9976090000000.0 2324030.0 105053000.0 432065000.0 36750400000.0 -4.94 4.536 [-4.94]
22908700000000.0 6.25893e+17 2425760000.0 306549000000.0 926823000000.0 50906200000.0 747096000000.0 15613.6 134445000000.0 7159400000000.0 8957240000000.0 2736670.0 121198000.0 482255000.0 38860200000.0 -4.92 4.532 [-4.92]
22908700000000.0 5.93053e+17 2615310000.0 321532000000.0 935535000000.0 53876400000.0 731342000000.0 17453.8 142741000000.0 6732820000000.0 8026690000000.0 3216370.0 139603000.0 537464000.0 41030700000.0 -4.9 4.528 [-4.9]
22908700000000.0 5.62e+17 2816710000.0 336853000000.0 943263000000.0 56944300000.0 714674000000.0 19505.1 151326000000.0 6317850000000.0 7178780000000.0 3772890.0 160551000.0 598090000.0 43258500000.0 -4.88 4.523 [-4.88]
22908700000000.0 5.32622e+17 3030320000.0 352489000000.0 949987000000.0 60103300000.0 697148000000.0 21789.3 160188000000.0 5915540000000.0 6407800000000.0 4417200.0 184352000.0 664571000.0 45540000000.0 -4.86 4.519 [-4.86]
22908700000000.0 5.04825e+17 3256590000.0 368417000000.0 955684000000.0 63347400000.0 678824000000.0 24332.3 169314000000.0 5526830000000.0 5708440000000.0 5161610.0 211350000.0 737353000.0 47870800000.0 -4.84 4.515 [-4.84]
22908700000000.0 4.78518e+17 3495940000.0 384612000000.0 960335000000.0 66669000000.0 659771000000.0 27162.6 178689000000.0 5152550000000.0 5075510000000.0 6019880.0 241924000.0 816902000.0 50246200000.0 -4.82 4.511 [-4.82]
22908700000000.0 4.53615e+17 3748730000.0 401044000000.0 963919000000.0 70059700000.0 640057000000.0 30311.8 188298000000.0 4793340000000.0 4503990000000.0 7007370.0 276487000.0 903709000.0 52660700000.0 -4.8 4.507 [-4.8]
22908700000000.0 4.30037e+17 4015350000.0 417682000000.0 966421000000.0 73510200000.0 619759000000.0 33815.3 198123000000.0 4449690000000.0 3989120000000.0 8141180.0 315494000.0 998283000.0 55108400000.0 -4.78 4.502 [-4.78]
22908700000000.0 4.07706e+17 4295970000.0 434487000000.0 967824000000.0 77008900000.0 598953000000.0 37710.7 208143000000.0 4121990000000.0 3526300000000.0 9440140.0 359440000.0 1101160000.0 57583100000.0 -4.76 4.498 [-4.76]
22908700000000.0 3.86554e+17 4590940000.0 451422000000.0 968112000000.0 80545500000.0 577720000000.0 42043.4 218341000000.0 3810460000000.0 3111240000000.0 10925300.0 408867000.0 1212880000.0 60077500000.0 -4.74 4.494 [-4.74]
22908700000000.0 3.66519e+17 4900480000.0 468444000000.0 967276000000.0 84107800000.0 556148000000.0 46862.7 228697000000.0 3515220000000.0 2739890000000.0 12619500.0 464356000.0 1334000000.0 62583900000.0 -4.72 4.49 [-4.72]
22908700000000.0 3.47536e+17 5224680000.0 485507000000.0 965304000000.0 87682600000.0 534319000000.0 52223.0 239187000000.0 3236260000000.0 2408370000000.0 14548000.0 526541000.0 1465080000.0 65094300000.0 -4.7 4.486 [-4.7]
22908700000000.0 3.29554e+17 5564020000.0 502572000000.0 962192000000.0 91259900000.0 512322000000.0 58192.4 249798000000.0 2973460000000.0 2113110000000.0 16738900.0 596111000.0 1606670000.0 67599900000.0 -4.68 4.482 [-4.68]
22908700000000.0 3.12513e+17 5918360000.0 519584000000.0 957931000000.0 94824500000.0 490239000000.0 64838.9 260505000000.0 2726540000000.0 1850650000000.0 19222700.0 673808000.0 1759390000.0 70092000000.0 -4.66 4.478 [-4.66]
22908700000000.0 2.96367e+17 6287440000.0 536477000000.0 952524000000.0 98360400000.0 468165000000.0 72237.2 271278000000.0 2495310000000.0 1617970000000.0 22030800.0 760386000.0 1923760000.0 72560100000.0 -4.64 4.475 [-4.64]
22908700000000.0 2.81065e+17 6671470000.0 553204000000.0 945967000000.0 101856000000.0 446174000000.0 80482.5 282101000000.0 2279280000000.0 1412040000000.0 25200000.0 856717000.0 2100390000.0 74994700000.0 -4.62 4.471 [-4.62]
22908700000000.0 2.66561e+17 7070290000.0 569707000000.0 938267000000.0 105297000000.0 424350000000.0 89676.5 292954000000.0 2077990000000.0 1230180000000.0 28768800.0 963696000.0 2289840000.0 77385600000.0 -4.6 4.467 [-4.6]
22908700000000.0 2.52816e+17 7483820000.0 585925000000.0 929431000000.0 108672000000.0 402771000000.0 99936.6 303815000000.0 1890940000000.0 1069930000000.0 32778800.0 1082270000.0 2492610000.0 79721600000.0 -4.58 4.463 [-4.58]
22908700000000.0 2.39788e+17 7911630000.0 601793000000.0 919470000000.0 111964000000.0 381511000000.0 111391.0 314659000000.0 1717570000000.0 929003000000.0 37274200.0 1213440000.0 2709230000.0 81991700000.0 -4.56 4.459 [-4.56]
22908700000000.0 2.27439e+17 8353370000.0 617245000000.0 908401000000.0 115163000000.0 360637000000.0 124189.0 325466000000.0 1557280000000.0 805316000000.0 42302600.0 1358260000.0 2940180000.0 84184700000.0 -4.54 4.455 [-4.54]
22908700000000.0 2.15734e+17 8808700000.0 632218000000.0 896242000000.0 118254000000.0 340215000000.0 138499.0 336214000000.0 1409430000000.0 696974000000.0 47914900.0 1517850000.0 3185880000.0 86289200000.0 -4.52 4.451 [-4.52]
22908700000000.0 2.04641e+17 9277120000.0 646647000000.0 883019000000.0 121228000000.0 320302000000.0 154511.0 346882000000.0 1273400000000.0 602261000000.0 54164700.0 1693330000.0 3446680000.0 88293300000.0 -4.5 4.447 [-4.5]
22908700000000.0 1.94125e+17 9757930000.0 660462000000.0 868761000000.0 124071000000.0 300949000000.0 172440.0 357448000000.0 1148520000000.0 519612000000.0 61108400.0 1885910000.0 3722930000.0 90185900000.0 -4.48 4.444 [-4.48]
22908700000000.0 1.84157e+17 10250400000.0 673599000000.0 853502000000.0 126774000000.0 282202000000.0 192529.0 367892000000.0 1034140000000.0 447625000000.0 68805700.0 2096810000.0 4014870000.0 91955200000.0 -4.46 4.44 [-4.46]
22908700000000.0 1.7471e+17 10754100000.0 685997000000.0 837280000000.0 129328000000.0 264099000000.0 215056.0 378194000000.0 929610000000.0 385040000000.0 77319100.0 2327270000.0 4322610000.0 93590100000.0 -4.44 4.436 [-4.44]
22908700000000.0 1.65757e+17 11268100000.0 697598000000.0 820141000000.0 131725000000.0 246674000000.0 240337.0 388336000000.0 834288000000.0 330727000000.0 86714200.0 2578590000.0 4646170000.0 95079600000.0 -4.42 4.432 [-4.42]
22908700000000.0 1.57268e+17 11791100000.0 708326000000.0 802130000000.0 133954000000.0 229951000000.0 268713.0 398292000000.0 747537000000.0 283664000000.0 97055700.0 2852000000.0 4985600000.0 96413000000.0 -4.4 4.429 [-4.4]
22908700000000.0 1.49222e+17 12322100000.0 718130000000.0 783301000000.0 136010000000.0 213949000000.0 300587.0 408046000000.0 668754000000.0 242958000000.0 108413000.0 3148770000.0 5340680000.0 97580000000.0 -4.38 4.425 [-4.38]
22908700000000.0 1.41595e+17 12860100000.0 726955000000.0 763713000000.0 137886000000.0 198683000000.0 336407.0 417576000000.0 597348000000.0 207805000000.0 120856000.0 3470150000.0 5711080000.0 98570900000.0 -4.36 4.421 [-4.36]
22908700000000.0 1.34361e+17 13404200000.0 734757000000.0 743416000000.0 139578000000.0 184151000000.0 376700.0 426871000000.0 532724000000.0 177484000000.0 134462000.0 3817480000.0 6096470000.0 99376800000.0 -4.34 4.418 [-4.34]
22908700000000.0 1.27507e+17 13952500000.0 741481000000.0 722499000000.0 141080000000.0 170371000000.0 421999.0 435902000000.0 474407000000.0 151396000000.0 149288000.0 4191610000.0 6495970000.0 99989300000.0 -4.32 4.414 [-4.32]
22908700000000.0 1.2101e+17 14504000000.0 747091000000.0 701022000000.0 142390000000.0 157333000000.0 472964.0 444655000000.0 421851000000.0 128973000000.0 165410000.0 4593720000.0 6908900000.0 100401000000.0 -4.3 4.41 [-4.3]
22908700000000.0 1.14853e+17 15056700000.0 751552000000.0 679072000000.0 143505000000.0 145037000000.0 530286.0 453109000000.0 374600000000.0 109738000000.0 182883000.0 5024540000.0 7334130000.0 100606000000.0 -4.28 4.407 [-4.28]
22908700000000.0 1.09009e+17 15610300000.0 754841000000.0 656683000000.0 144424000000.0 133449000000.0 594871.0 461259000000.0 332121000000.0 93235900000.0 201806000.0 5485460000.0 7770910000.0 100597000000.0 -4.26 4.403 [-4.26]
22908700000000.0 1.03475e+17 16161900000.0 756931000000.0 633989000000.0 145145000000.0 122582000000.0 667497.0 469071000000.0 294086000000.0 79129300000.0 222191000.0 5976260000.0 8217280000.0 100371000000.0 -4.24 4.4 [-4.24]
22908700000000.0 9.82242e+16 16710700000.0 757811000000.0 611028000000.0 145668000000.0 112397000000.0 749296.0 476541000000.0 260026000000.0 67066400000.0 244128000.0 6497970000.0 8672070000.0 99925300000.0 -4.22 4.396 [-4.22]
22908700000000.0 9.32448e+16 17254900000.0 757473000000.0 587893000000.0 145995000000.0 102881000000.0 841381.0 483648000000.0 229594000000.0 56771300000.0 267653000.0 7050550000.0 9133300000.0 99256700000.0 -4.2 4.393 [-4.2]
22908700000000.0 8.85226e+16 17793000000.0 755921000000.0 564665000000.0 146126000000.0 94009400000.0 945043.0 490377000000.0 202448000000.0 47996900000.0 292804000.0 7633880000.0 9598910000.0 98365200000.0 -4.18 4.389 [-4.18]
22908700000000.0 8.40443e+16 18323400000.0 753167000000.0 541423000000.0 146064000000.0 85758300000.0 1061730.0 496714000000.0 178272000000.0 40528600000.0 319611000.0 8247550000.0 10066600000.0 97251800000.0 -4.16 4.386 [-4.16]
22908700000000.0 7.9793e+16 18844700000.0 749216000000.0 518227000000.0 145810000000.0 78095100000.0 1193140.0 502645000000.0 156756000000.0 34175300000.0 348108000.0 8891040000.0 10534100000.0 95917000000.0 -4.14 4.382 [-4.14]
22908700000000.0 7.5767e+16 19354600000.0 744116000000.0 495210000000.0 145370000000.0 71009900000.0 1340820.0 508151000000.0 137681000000.0 28789600000.0 378231000.0 9562200000.0 10998100000.0 94369500000.0 -4.12 4.379 [-4.12]
22908700000000.0 7.19442e+16 19852200000.0 737874000000.0 472387000000.0 144746000000.0 64457400000.0 1507040.0 513222000000.0 120755000000.0 24219100000.0 410029000.0 10260300000.0 11456300000.0 92610200000.0 -4.1 4.376 [-4.1]
22908700000000.0 6.83172e+16 20335900000.0 730536000000.0 449847000000.0 143943000000.0 58415000000.0 1693980.0 517843000000.0 105770000000.0 20348500000.0 443449000.0 10983100000.0 11905500000.0 90647600000.0 -4.08 4.372 [-4.08]
22908700000000.0 6.48755e+16 20804200000.0 722147000000.0 427657000000.0 142965000000.0 52854200000.0 1904140.0 522000000000.0 92522100000.0 17074700000.0 478435000.0 11727800000.0 12342400000.0 88490700000.0 -4.06 4.369 [-4.06]
22908700000000.0 6.16094e+16 21255900000.0 712757000000.0 405877000000.0 141819000000.0 47747000000.0 2140320.0 525683000000.0 80826100000.0 14309100000.0 514915000.0 12491400000.0 12763600000.0 86149800000.0 -4.04 4.365 [-4.04]
22908700000000.0 5.85065e+16 21690000000.0 702407000000.0 384543000000.0 140508000000.0 43061300000.0 2405840.0 528876000000.0 70505900000.0 11973800000.0 552828000.0 13270600000.0 13165900000.0 83634000000.0 -4.02 4.362 [-4.02]
22908700000000.0 5.55644e+16 22105400000.0 691190000000.0 363746000000.0 139042000000.0 38778500000.0 2703790.0 531571000000.0 61428900000.0 10008000000.0 591994000.0 14060800000.0 13545500000.0 80962600000.0 -4.0 4.359 [-4.0]
22908700000000.0 5.27715e+16 22501000000.0 679152000000.0 343512000000.0 137427000000.0 34867500000.0 3038180.0 533755000000.0 53448200000.0 8353520000.0 632302000.0 14857500000.0 13899000000.0 78147900000.0 -3.98 4.355 [-3.98]
22908700000000.0 5.01201e+16 22876200000.0 666363000000.0 323880000000.0 135669000000.0 31302800000.0 3413270.0 535418000000.0 46441400000.0 6962990000.0 673589000.0 15655900000.0 14223200000.0 75206400000.0 -3.96 4.352 [-3.96]
22908700000000.0 4.76027e+16 23230300000.0 652890000000.0 304883000000.0 133776000000.0 28059800000.0 3833780.0 536550000000.0 40297800000.0 5795770000.0 715672000.0 16450200000.0 14514700000.0 72155600000.0 -3.94 4.349 [-3.94]
22908700000000.0 4.52125e+16 23562800000.0 638805000000.0 286550000000.0 131755000000.0 25114600000.0 4304920.0 537142000000.0 34918400000.0 4817290000.0 758350000.0 17234900000.0 14770500000.0 69014400000.0 -3.92 4.345 [-3.92]
22908700000000.0 4.29428e+16 23873400000.0 624181000000.0 268903000000.0 129614000000.0 22444800000.0 4832460.0 537186000000.0 30214500000.0 3998130000.0 801407000.0 18003900000.0 14987700000.0 65802300000.0 -3.9 4.342 [-3.9]
22908700000000.0 4.07901e+16 24162000000.0 609113000000.0 251979000000.0 127365000000.0 20031600000.0 5422160.0 536680000000.0 26111500000.0 3314020000.0 844555000.0 18750600000.0 15164000000.0 62543300000.0 -3.88 4.339 [-3.88]
22908700000000.0 3.87432e+16 24428700000.0 593628000000.0 235748000000.0 125010000000.0 17849000000.0 6082110.0 535607000000.0 22529200000.0 2742180000.0 887662000.0 19469500000.0 15297100000.0 59250100000.0 -3.86 4.335 [-3.86]
22908700000000.0 3.67966e+16 24673600000.0 577792000000.0 220217000000.0 122556000000.0 15878400000.0 6820230.0 533958000000.0 19406100000.0 2264950000.0 930489000.0 20154000000.0 15384900000.0 55942800000.0 -3.84 4.332 [-3.84]
22908700000000.0 3.49502e+16 24896600000.0 561722000000.0 205428000000.0 120019000000.0 14106800000.0 7643510.0 531746000000.0 16693900000.0 1868190000.0 972671000.0 20797900000.0 15426900000.0 52649800000.0 -3.82 4.329 [-3.82]
22908700000000.0 3.31992e+16 25098400000.0 545488000000.0 191377000000.0 117409000000.0 12516700000.0 8560820.0 528970000000.0 14341700000.0 1538810000.0 1013960000.0 21395600000.0 15422600000.0 49391100000.0 -3.8 4.325 [-3.8]
22908700000000.0 3.15336e+16 25279500000.0 529099000000.0 178020000000.0 114726000000.0 11088100000.0 9584120.0 525610000000.0 12299500000.0 1265080000.0 1054260000.0 21942100000.0 15371100000.0 46176800000.0 -3.78 4.322 [-3.78]
22908700000000.0 2.99493e+16 25440300000.0 512614000000.0 165348000000.0 111977000000.0 9806810000.0 10724800.0 521664000000.0 10529100000.0 1037990000.0 1093340000.0 22432400000.0 15272400000.0 43024500000.0 -3.76 4.318 [-3.76]
22908700000000.0 2.84493e+16 25581700000.0 496174000000.0 153401000000.0 109186000000.0 8664400000.0 11990900.0 517173000000.0 9002930000.0 850656000.0 1130830000.0 22862900000.0 15129400000.0 39963200000.0 -3.74 4.315 [-3.74]
22908700000000.0 2.70223e+16 25704200000.0 479746000000.0 142110000000.0 106347000000.0 7643010000.0 13399200.0 512102000000.0 7683690000.0 695709000.0 1166720000.0 23229700000.0 14941800000.0 36994400000.0 -3.72 4.312 [-3.72]
22908700000000.0 2.5667e+16 25808500000.0 463405000000.0 131475000000.0 103472000000.0 6732690000.0 14962600.0 506471000000.0 6546800000.0 567960000.0 1200820000.0 23530700000.0 14712300000.0 34135100000.0 -3.7 4.308 [-3.7]
22908700000000.0 2.43797e+16 25895300000.0 447197000000.0 121476000000.0 100569000000.0 5922670000.0 16696000.0 500288000000.0 5568640000.0 462820000.0 1232990000.0 23764000000.0 14443200000.0 31396100000.0 -3.68 4.305 [-3.68]
22908700000000.0 2.3157e+16 25965500000.0 431160000000.0 112092000000.0 97646200000.0 5203050000.0 18616000.0 493564000000.0 4728410000.0 376440000.0 1263140000.0 23928700000.0 14137500000.0 28786000000.0 -3.66 4.301 [-3.66]
22908700000000.0 2.19959e+16 26020200000.0 415336000000.0 103299000000.0 94711900000.0 4564790000.0 20740000.0 486314000000.0 4007920000.0 305607000.0 1291230000.0 24025300000.0 13798200000.0 26311600000.0 -3.64 4.298 [-3.64]
22908700000000.0 2.08912e+16 26059500000.0 399720000000.0 95060400000.0 91766300000.0 3998660000.0 23090100.0 478529000000.0 3390190000.0 247542000.0 1317270000.0 24053300000.0 13428000000.0 23973900000.0 -3.62 4.294 [-3.62]
