Cloudy_runs/s135712/component_I_PI_nH/component_I_PI_nH_col_density_param.txt
# %ECSV 1.0
# ---
# datatype:
# - {name: H, datatype: float64}
# - {name: H+, datatype: float64}
# - {name: C+, datatype: float64}
# - {name: C+2, datatype: float64}
# - {name: C+3, datatype: float64}
# - {name: N+2, datatype: float64}
# - {name: N+4, datatype: float64}
# - {name: O, datatype: float64}
# - {name: O+2, datatype: float64}
# - {name: O+5, datatype: float64}
# - {name: O+6, datatype: float64}
# - {name: Si+, datatype: float64}
# - {name: Si+2, datatype: float64}
# - {name: Si+3, datatype: float64}
# - {name: Si+4, datatype: float64}
# - {name: log_nH, datatype: float64}
# - {name: log_Te, datatype: float64}
# - {name: parameters, datatype: string, subtype: 'float64[1]'}
# schema: astropy-2.0
H H+ C+ C+2 C+3 N+2 N+4 O O+2 O+5 O+6 Si+ Si+2 Si+3 Si+4 log_nH log_Te parameters
[from data line 71]
22908700000000.0 1.88493e+16 26096000000.0 369384000000.0 80219000000.0 85899000000.0 3057780000.0 28535500.0 461534000000.0 2413640000.0 161568000.0 1362910000.0 23914900000.0 12614500000.0 19735400000.0 -3.58 4.288 [-3.58]
22908700000000.0 1.79046e+16 26094500000.0 354678000000.0 73552200000.0 82983700000.0 2668860000.0 31678100.0 452345000000.0 2030820000.0 130140000.0 1382650000.0 23752900000.0 12177800000.0 17831000000.0 -3.56 4.284 [-3.56]
22908700000000.0 1.70075e+16 26080700000.0 340306000000.0 67355000000.0 80088800000.0 2326530000.0 35132700.0 442728000000.0 1705460000.0 104614000.0 1400430000.0 23533300000.0 11726200000.0 16067300000.0 -3.54 4.281 [-3.54]
22908700000000.0 1.61555e+16 26055100000.0 326282000000.0 61602800000.0 77219400000.0 2025640000.0 38924900.0 432707000000.0 1429440000.0 83923100.0 1416350000.0 23260100000.0 11263300000.0 14440800000.0 -3.52 4.277 [-3.52]
22908700000000.0 1.53464e+16 26018500000.0 312619000000.0 56271600000.0 74380700000.0 1761560000.0 43082000.0 422312000000.0 1195730000.0 67186500.0 1430520000.0 22937400000.0 10792800000.0 12946900000.0 -3.5 4.274 [-3.5]
22908700000000.0 1.45779e+16 25971300000.0 299326000000.0 51337500000.0 71577300000.0 1530110000.0 47632500.0 411573000000.0 998243000.0 53676500.0 1443050000.0 22569500000.0 10317900000.0 11580000000.0 -3.48 4.27 [-3.48]
22908700000000.0 1.38482e+16 25914100000.0 286410000000.0 46777500000.0 68813400000.0 1327540000.0 52606300.0 400521000000.0 831685000.0 42794100.0 1454090000.0 22161100000.0 9841770000.0 10333800000.0 -3.46 4.267 [-3.46]
22908700000000.0 1.31552e+16 25847300000.0 273878000000.0 42569300000.0 66092900000.0 1150500000.0 58034800.0 389188000000.0 691502000.0 34046900.0 1463770000.0 21716600000.0 9367330000.0 9201810000.0 -3.44 4.263 [-3.44]
22908700000000.0 1.24985e+16 25771700000.0 261760000000.0 38698700000.0 63425700000.0 996246000.0 63941500.0 377642000000.0 573961000.0 27042500.0 1472180000.0 21242300000.0 8898300000.0 8178570000.0 -3.42 4.26 [-3.42]
22908700000000.0 1.18735e+16 25687000000.0 250000000000.0 35129000000.0 60802000000.0 861505000.0 70377100.0 365853000000.0 475241000.0 21425300.0 1479560000.0 20739400000.0 8434680000.0 7253350000.0 -3.4 4.256 [-3.4]
22908700000000.0 1.12786e+16 25593200000.0 238599000000.0 31841800000.0 58224600000.0 743981000.0 77379300.0 353856000000.0 392525000.0 16931700.0 1486070000.0 20211900000.0 7978580000.0 6419340000.0 -3.38 4.253 [-3.38]
22908700000000.0 1.07149e+16 25491600000.0 227611000000.0 28831400000.0 55708500000.0 642008000.0 84963000.0 341751000000.0 323631000.0 13358300.0 1491710000.0 19667500000.0 7533990000.0 5672350000.0 -3.36 4.249 [-3.36]
22908700000000.0 1.0181e+16 25382700000.0 217031000000.0 26078100000.0 53255400000.0 553617000.0 93161500.0 329575000000.0 266357000.0 10522000.0 1496620000.0 19110200000.0 7102330000.0 5004990000.0 -3.34 4.246 [-3.34]
22908700000000.0 9672650000000000.0 25265600000.0 206804000000.0 23552800000.0 50855200000.0 476782000.0 102036000.0 317299000000.0 218664000.0 8267050.0 1501040000.0 18540100000.0 6682680000.0 4408120000.0 -3.32 4.242 [-3.32]
22908700000000.0 9190000000000000.0 25141200000.0 196951000000.0 21244800000.0 48515300000.0 410212000.0 111612000.0 304991000000.0 179121000.0 6482030.0 1505000000.0 17962400000.0 6277130000.0 3876600000.0 -3.3 4.239 [-3.3]
22908700000000.0 8730550000000000.0 25008800000.0 187442000000.0 19134200000.0 46231200000.0 352490000.0 121943000.0 292653000000.0 146348000.0 5069610.0 1508680000.0 17378200000.0 5885520000.0 3403470000.0 -3.28 4.235 [-3.28]
22908700000000.0 8296370000000000.0 24870200000.0 178341000000.0 17218900000.0 44020200000.0 302793000.0 133017000.0 280414000000.0 119400000.0 3960620.0 1511990000.0 16795600000.0 5511310000.0 2985450000.0 -3.26 4.232 [-3.26]
22908700000000.0 7882090000000000.0 24723600000.0 169550000000.0 15468400000.0 41861700000.0 259702000.0 144936000.0 268183000000.0 97121600.0 3085120.0 1515230000.0 16210300000.0 5151100000.0 2614180000.0 -3.24 4.228 [-3.24]
22908700000000.0 7489650000000000.0 24570500000.0 161128000000.0 13881100000.0 39771700000.0 222609000.0 157683000.0 256083000000.0 78853400.0 2399500.0 1518310000.0 15629600000.0 4807910000.0 2286840000.0 -3.22 4.225 [-3.22]
22908700000000.0 7116990000000000.0 24410500000.0 153045000000.0 12440700000.0 37745200000.0 190642000.0 171309000.0 244113000000.0 63876700.0 1862590.0 1521330000.0 15053700000.0 4480920000.0 1998190000.0 -3.2 4.221 [-3.2]
22908700000000.0 6763090000000000.0 24243500000.0 145293000000.0 11135300000.0 35782200000.0 163118000.0 185843000.0 232301000000.0 51626800.0 1443010.0 1524350000.0 14484400000.0 4170070000.0 1744070000.0 -3.18 4.218 [-3.18]
22908700000000.0 6427040000000000.0 24069800000.0 137863000000.0 9954150000.0 33882700000.0 139444000.0 201312000.0 220676000000.0 41630800.0 1115820.0 1527390000.0 13923100000.0 3875230000.0 1520690000.0 -3.16 4.214 [-3.16]
22908700000000.0 6108700000000000.0 23889900000.0 130764000000.0 8889030000.0 32050900000.0 119138000.0 217715000.0 209289000000.0 33506600.0 861626.0 1530440000.0 13372800000.0 3596820000.0 1324950000.0 -3.14 4.211 [-3.14]
22908700000000.0 5805600000000000.0 23702600000.0 123952000000.0 7925800000.0 30277400000.0 101665000.0 235120000.0 198108000000.0 26894300.0 663785.0 1533620000.0 12831200000.0 3333200000.0 1153030000.0 -3.12 4.207 [-3.12]
22908700000000.0 5517760000000000.0 23508600000.0 117435000000.0 7057900000.0 28566400000.0 86676000.0 253517000.0 187183000000.0 21536400.0 510446.0 1536870000.0 12300900000.0 3084630000.0 1002510000.0 -3.1 4.204 [-3.1]
22908700000000.0 5244420000000000.0 23308100000.0 111204000000.0 6277080000.0 26917400000.0 73829800.0 272915000.0 176533000000.0 17205500.0 391839.0 1540190000.0 11782700000.0 2850720000.0 870900000.0 -3.08 4.201 [-3.08]
22908700000000.0 4984850000000000.0 23100900000.0 105252000000.0 5575590000.0 25329900000.0 62829300.0 293316000.0 166178000000.0 13713100.0 300274.0 1543570000.0 11277200000.0 2630990000.0 755946000.0 -3.06 4.197 [-3.06]
22908700000000.0 4738350000000000.0 22887200000.0 99569100000.0 4946300000.0 23803200000.0 53417500.0 314713000.0 156133000000.0 10903700.0 229720.0 1546990000.0 10784800000.0 2424950000.0 655651000.0 -3.04 4.194 [-3.04]
22908700000000.0 4504240000000000.0 22667000000.0 94145800000.0 4382570000.0 22336700000.0 45371700.0 337093000.0 146413000000.0 8649130.0 175458.0 1550440000.0 10305900000.0 2232080000.0 568231000.0 -3.02 4.191 [-3.02]
22908700000000.0 4281920000000000.0 22440300000.0 88973600000.0 3878290000.0 20929600000.0 38499500.0 360435000.0 137029000000.0 6844300.0 133800.0 1553870000.0 9840690000.0 2051830000.0 492106000.0 -3.0 4.188 [-3.0]
22908700000000.0 4070770000000000.0 22207300000.0 84043700000.0 3427840000.0 19581300000.0 32635000.0 384707000.0 127992000000.0 5403060.0 101877.0 1557250000.0 9389340000.0 1883650000.0 425878000.0 -2.98 4.184 [-2.98]
22908700000000.0 3870220000000000.0 21967900000.0 79347500000.0 3026040000.0 18290900000.0 27634700.0 409870000.0 119311000000.0 4255000.0 77456.2 1560530000.0 8951930000.0 1726990000.0 368309000.0 -2.96 4.181 [-2.96]
22908700000000.0 3679280000000000.0 21721600000.0 74865100000.0 2667420000.0 17055000000.0 23367300.0 435912000.0 110975000000.0 3341310.0 58775.5 1563710000.0 8527350000.0 1580940000.0 318222000.0 -2.94 4.178 [-2.94]
22908700000000.0 3498410000000000.0 21470000000.0 70611500000.0 2349150000.0 15878600000.0 19743400.0 462699000.0 103026000000.0 2618630.0 44563.2 1566650000.0 8117920000.0 1445670000.0 274843000.0 -2.92 4.175 [-2.92]
22908700000000.0 3326620000000000.0 21212300000.0 66566600000.0 2066440000.0 14757700000.0 16662200.0 490198000.0 95448200000.0 2047300.0 33744.2 1569340000.0 7722370000.0 1320260000.0 237226000.0 -2.9 4.172 [-2.9]
22908700000000.0 3163860000000000.0 20949600000.0 62732200000.0 1816170000.0 13694100000.0 14049700.0 518292000.0 88259100000.0 1597480.0 0.0 1571700000.0 7341610000.0 1204450000.0 204687000.0 -2.88 4.168 [-2.88]
22908700000000.0 3008850000000000.0 20680400000.0 59079900000.0 1593950000.0 12681800000.0 11828200.0 546977000.0 81426300000.0 1242940.0 0.0 1573720000.0 6973340000.0 1097130000.0 176453000.0 -2.86 4.165 [-2.86]
22908700000000.0 2861590000000000.0 20405700000.0 55612600000.0 1397360000.0 11722500000.0 9945250.0 576121000.0 74964400000.0 964774.0 0.0 1575330000.0 6618480000.0 998087000.0 152021000.0 -2.84 4.162 [-2.84]
22908700000000.0 2721720000000000.0 20125600000.0 52322700000.0 1223670000.0 10815300000.0 8351080.0 605623000.0 68869900000.0 747092.0 0.0 1576440000.0 6276830000.0 906831000.0 130893000.0 -2.82 4.159 [-2.82]
22908700000000.0 2588830000000000.0 19840400000.0 49203000000.0 1070410000.0 9958950000.0 7002970.0 635380000.0 63137800000.0 577172.0 0.0 1577010000.0 5948170000.0 822874000.0 112635000.0 -2.8 4.156 [-2.8]
22908700000000.0 2462600000000000.0 19550200000.0 46246200000.0 935344000.0 9152500000.0 5864360.0 665283000.0 57761500000.0 444869.0 0.0 1576980000.0 5632270000.0 745748000.0 96866000.0 -2.78 4.153 [-2.78]
22908700000000.0 2342340000000000.0 19254400000.0 43437800000.0 816225000.0 8393060000.0 4902180.0 695267000.0 52722200000.0 341949.0 0.0 1576290000.0 5328010000.0 674839000.0 83230900.0 -2.76 4.15 [-2.76]
22908700000000.0 2228410000000000.0 18955000000.0 40786700000.0 711758000.0 7682780000.0 4093430.0 725133000.0 48032900000.0 262380.0 0.0 1574870000.0 5036910000.0 610065000.0 71494900.0 -2.74 4.148 [-2.74]
22908700000000.0 2120150000000000.0 18651300000.0 38278300000.0 620037000.0 7018530000.0 3413110.0 754815000.0 43671500000.0 200889.0 0.0 1572670000.0 4757810000.0 550832000.0 61378100.0 -2.72 4.145 [-2.72]
22908700000000.0 2017290000000000.0 18343700000.0 35906400000.0 539605000.0 6398890000.0 2841670.0 784206000.0 39626500000.0 153483.0 0.0 1569650000.0 4490440000.0 496747000.0 52662500.0 -2.7 4.142 [-2.7]
22908700000000.0 1919560000000000.0 18032500000.0 33664700000.0 469154000.0 5822310000.0 2362390.0 813203000.0 35885400000.0 117023.0 0.0 1565750000.0 4234530000.0 447436000.0 45158500.0 -2.68 4.139 [-2.68]
22908700000000.0 1826680000000000.0 17717900000.0 31547200000.0 407518000.0 5287190000.0 1961020.0 841708000.0 32434900000.0 89047.1 0.0 1560930000.0 3989820000.0 402545000.0 38701500.0 -2.66 4.136 [-2.66]
22908700000000.0 1738420000000000.0 17400200000.0 29548500000.0 353654000.0 4791850000.0 1625430.0 869630000.0 29261100000.0 67630.0 0.0 1555150000.0 3756020000.0 361739000.0 33149000.0 -2.64 4.134 [-2.64]
22908700000000.0 1654780000000000.0 17080800000.0 27668200000.0 306737000.0 4335560000.0 1345810.0 896845000.0 26356000000.0 51297.4 0.0 1548400000.0 3533530000.0 324790000.0 28386500.0 -2.62 4.131 [-2.62]
22908700000000.0 1575060000000000.0 16758000000.0 25889900000.0 265726000.0 3914400000.0 1112240.0 923361000.0 23691800000.0 38821.0 0.0 1540620000.0 3320690000.0 291210000.0 24286600.0 -2.6 4.128 [-2.6]
22908700000000.0 1499290000000000.0 16433100000.0 24214100000.0 230002000.0 3527630000.0 917883.0 949070000.0 21260600000.0 29330.5 0.0 1531800000.0 3117930000.0 260817000.0 20767200.0 -2.58 4.125 [-2.58]
22908700000000.0 1427040000000000.0 16105500000.0 22630900000.0 198845000.0 3172520000.0 756099.0 973957000.0 19042500000.0 22112.8 0.0 1521900000.0 2924310000.0 233276000.0 17741600.0 -2.56 4.123 [-2.56]
22908700000000.0 1358580000000000.0 15777600000.0 21145500000.0 171832000.0 2848900000.0 622233.0 997893000.0 17033300000.0 16656.2 0.0 1510950000.0 2740850000.0 208489000.0 15153900.0 -2.54 4.12 [-2.54]
22908700000000.0 1293510000000000.0 15448600000.0 19748100000.0 148372000.0 2553960000.0 511376.0 1020880000.0 15212900000.0 12528.7 0.0 1498930000.0 2566570000.0 186146000.0 12936400.0 -2.52 4.118 [-2.52]
22908700000000.0 1231650000000000.0 15119000000.0 18434500000.0 128020000.0 2285870000.0 419731.0 1042900000.0 13567800000.0 9412.36 0.0 1485850000.0 2401250000.0 166038000.0 11037800.0 -2.5 4.115 [-2.5]
22908700000000.0 1172840000000000.0 14789200000.0 17200200000.0 110380000.0 2042740000.0 344080.0 1063930000.0 12084000000.0 0.0 0.0 1471700000.0 2244560000.0 147962000.0 9412870.0 -2.48 4.113 [-2.48]
22908700000000.0 1116940000000000.0 14459500000.0 16041300000.0 95105200.0 1822780000.0 281729.0 1083950000.0 10748600000.0 0.0 0.0 1456500000.0 2096220000.0 131734000.0 8023140.0 -2.46 4.11 [-2.46]
22908700000000.0 1063780000000000.0 14130300000.0 14953600000.0 81889300.0 1624220000.0 230414.0 1102970000.0 9549160000.0 0.0 0.0 1440280000.0 1955950000.0 117185000.0 6835220.0 -2.44 4.108 [-2.44]
22908700000000.0 1013240000000000.0 13801900000.0 13933500000.0 70464700.0 1445360000.0 188241.0 1120990000.0 8473850000.0 0.0 0.0 1423070000.0 1823440000.0 104155000.0 5820410.0 -2.42 4.105 [-2.42]
22908700000000.0 965184000000000.0 13474700000.0 12977400000.0 60597200.0 1284600000.0 153631.0 1138030000.0 7511570000.0 0.0 0.0 1404900000.0 1698420000.0 92501400.0 4954010.0 -2.4 4.103 [-2.4]
22908700000000.0 919486000000000.0 13149100000.0 12081600000.0 52081300.0 1140370000.0 125264.0 1154090000.0 6651920000.0 0.0 0.0 1385800000.0 1580600000.0 82089800.0 4214730.0 -2.38 4.101 [-2.38]
22908700000000.0 876030000000000.0 12825400000.0 11243000000.0 44737500.0 1011230000.0 102044.0 1169210000.0 5885160000.0 0.0 0.0 1365830000.0 1469680000.0 72798300.0 3584280.0 -2.36 4.098 [-2.36]
22908700000000.0 834882000000000.0 12505400000.0 10461700000.0 38429200.0 896153000.0 83107.9 1183370000.0 5204310000.0 0.0 0.0 1345100000.0 1365870000.0 64543600.0 3048560.0 -2.34 4.096 [-2.34]
22908700000000.0 795576000000000.0 12186500000.0 9727780000.0 32978100.0 793128000.0 67595.2 1196670000.0 4596880000.0 0.0 0.0 1323530000.0 1267910000.0 57165400.0 2590660.0 -2.32 4.094 [-2.32]
22908700000000.0 758021000000000.0 11869100000.0 9038790000.0 28272000.0 701051000.0 54905.1 1209130000.0 4055730000.0 0.0 0.0 1301140000.0 1175590000.0 50578300.0 2199560.0 -2.3 4.091 [-2.3]
22908700000000.0 722637000000000.0 11557800000.0 8401270000.0 24253900.0 619689000.0 44625.3 1220710000.0 3578850000.0 0.0 0.0 1278280000.0 1089930000.0 44767800.0 1869060.0 -2.28 4.089 [-2.28]
22908700000000.0 688816000000000.0 11248600000.0 7803200000.0 20787500.0 547148000.0 36226.4 1231530000.0 3154830000.0 0.0 0.0 1254730000.0 1009360000.0 39587200.0 1586890.0 -2.26 4.087 [-2.26]
22908700000000.0 656645000000000.0 10943100000.0 7245210000.0 17810400.0 482787000.0 29393.3 1241590000.0 2779550000.0 0.0 0.0 1230650000.0 934030000.0 34990900.0 1347000.0 -2.24 4.085 [-2.24]
22908700000000.0 626042000000000.0 10641700000.0 6724900000.0 15254900.0 425751000.0 23838.4 1250930000.0 2447720000.0 0.0 0.0 1206100000.0 863694000.0 30916200.0 1143160.0 -2.22 4.082 [-2.22]
22908700000000.0 596928000000000.0 10344600000.0 6239980000.0 13062400.0 375260000.0 19325.8 1259580000.0 2154560000.0 0.0 0.0 1181150000.0 798090000.0 27306600.0 970017.0 -2.2 4.08 [-2.2]
22908700000000.0 569231000000000.0 10052100000.0 5788300000.0 11182400.0 330609000.0 15662.3 1267580000.0 1895800000.0 0.0 0.0 1155860000.0 736969000.0 24111300.0 823008.0 -2.18 4.078 [-2.18]
22908700000000.0 542881000000000.0 9764260000.0 5367800000.0 9571030.0 291158000.0 12689.9 1274970000.0 1667570000.0 0.0 0.0 1130310000.0 680086000.0 21284600.0 698232.0 -2.16 4.076 [-2.16]
22908700000000.0 517806000000000.0 9481380000.0 4976480000.0 8190430.0 256328000.0 10279.3 1281780000.0 1466390000.0 0.0 0.0 1104560000.0 627191000.0 18785200.0 592348.0 -2.14 4.074 [-2.14]
22908700000000.0 493798000000000.0 9201840000.0 4610280000.0 7002880.0 225474000.0 8318.24 1288070000.0 1288450000.0 0.0 0.0 1078510000.0 577751000.0 16566600.0 502144.0 -2.12 4.072 [-2.12]
22908700000000.0 471249000000000.0 8931210000.0 4274250000.0 5996000.0 198519000.0 6742.14 1293800000.0 1133170000.0 0.0 0.0 1052710000.0 532503000.0 14626500.0 426377.0 -2.1 4.07 [-2.1]
