Cloudy_runs/h1821/z=0.224981/component_I_PI_nH/component_I_PI_nH_col_density_param.txt
# %ECSV 1.0
# ---
# datatype:
# - {name: H, datatype: float64}
# - {name: H+, datatype: float64}
# - {name: C+, datatype: float64}
# - {name: C+2, datatype: float64}
# - {name: C+3, datatype: float64}
# - {name: N+, datatype: float64}
# - {name: N+2, datatype: float64}
# - {name: N+4, datatype: float64}
# - {name: O, datatype: float64}
# - {name: O+2, datatype: float64}
# - {name: O+5, datatype: float64}
# - {name: O+6, datatype: float64}
# - {name: P+, datatype: float64}
# - {name: Si+, datatype: float64}
# - {name: Si+2, datatype: float64}
# - {name: Si+3, datatype: float64}
# - {name: Si+4, datatype: float64}
# - {name: log_nH, datatype: float64}
# - {name: log_Te, datatype: float64}
# - {name: parameters, datatype: string, subtype: 'float64[1]'}
# schema: astropy-2.0
H H+ C+ C+2 C+3 N+ N+2 N+4 O O+2 O+5 O+6 P+ Si+ Si+2 Si+3 Si+4 log_nH log_Te parameters
[from data line 260]
1862090000000000.0 803752000000000.0 51656400000.0 446120000.0 0.0 6285220000.0 292046.0 0.0 97067600000.0 1332460.0 0.0 0.0 68265200.0 8530820000.0 29883100.0 61625.7 0.0 0.2 3.911 [0.2]
1862090000000000.0 780974000000000.0 50845600000.0 424105000.0 0.0 6089490000.0 268219.0 0.0 96947400000.0 1227100.0 0.0 0.0 67687500.0 8458240000.0 28372200.0 57945.0 0.0 0.22 3.909 [0.22]
1862090000000000.0 758955000000000.0 50053100000.0 403235000.0 0.0 5899750000.0 246375.0 0.0 96829500000.0 1130550.0 0.0 0.0 67128900.0 8388040000.0 26937800.0 54507.0 0.0 0.24 3.908 [0.24]
1862090000000000.0 737476000000000.0 49271000000.0 383310000.0 0.0 5714520000.0 226273.0 0.0 96712800000.0 1041680.0 0.0 0.0 66583800.0 8319500000.0 25568200.0 51286.4 0.0 0.26 3.906 [0.26]
1862090000000000.0 716708000000000.0 48506200000.0 364418000.0 0.0 5534950000.0 207839.0 0.0 96598400000.0 960190.0 0.0 0.0 66056700.0 8253190000.0 24267200.0 48275.8 0.0 0.28 3.904 [0.28]
1862090000000000.0 696599000000000.0 47757100000.0 346485000.0 0.0 5360620000.0 190920.0 0.0 96486000000.0 885406.0 0.0 0.0 65546200.0 8188940000.0 23028700.0 45459.1 0.0 0.3 3.902 [0.3]
1862090000000000.0 677058000000000.0 47020600000.0 329414000.0 0.0 5190990000.0 175370.0 0.0 96375400000.0 816630.0 0.0 0.0 65050000.0 8126470000.0 21848800.0 42820.3 0.0 0.32 3.9 [0.32]
1862090000000000.0 658086000000000.0 46297000000.0 313176000.0 0.0 5025950000.0 161078.0 0.0 96266600000.0 753403.0 0.0 0.0 64568200.0 8065770000.0 20722700.0 40348.0 0.0 0.34 3.898 [0.34]
1862090000000000.0 639670000000000.0 45586200000.0 297734000.0 0.0 4865470000.0 147945.0 0.0 96159600000.0 695264.0 0.0 0.0 64100400.0 8006810000.0 19649000.0 38030.9 0.0 0.36 3.896 [0.36]
1862090000000000.0 621779000000000.0 44887500000.0 283040000.0 0.0 4709200000.0 135867.0 0.0 96054400000.0 641780.0 0.0 0.0 63645800.0 7949480000.0 18622000.0 35858.3 0.0 0.38 3.894 [0.38]
1862090000000000.0 604395000000000.0 44200600000.0 269059000.0 0.0 4557020000.0 124757.0 0.0 95950900000.0 592565.0 0.0 0.0 63204100.0 7893740000.0 17639600.0 33820.3 0.0 0.4 3.892 [0.4]
1862090000000000.0 587502000000000.0 43524600000.0 255753000.0 0.0 4408990000.0 114546.0 0.0 95849200000.0 547248.0 0.0 0.0 62774700.0 7839520000.0 16703600.0 31907.7 0.0 0.42 3.89 [0.42]
1862090000000000.0 571110000000000.0 42861000000.0 243106000.0 0.0 4264920000.0 105155.0 0.0 95749300000.0 505558.0 0.0 0.0 62358000.0 7786880000.0 15807600.0 30113.0 0.0 0.44 3.888 [0.44]
1862090000000000.0 555178000000000.0 42208100000.0 231072000.0 0.0 4124560000.0 96516.1 0.0 95651200000.0 467165.0 0.0 0.0 61952900.0 7735670000.0 14949700.0 28427.8 0.0 0.46 3.885 [0.46]
1862090000000000.0 539686000000000.0 41565700000.0 219619000.0 0.0 3987760000.0 88565.7 0.0 95554800000.0 431794.0 0.0 0.0 61558900.0 7685840000.0 14127900.0 26844.8 0.0 0.48 3.883 [0.48]
1862090000000000.0 524622000000000.0 40933600000.0 208721000.0 0.0 3854360000.0 81247.8 0.0 95460000000.0 399202.0 0.0 0.0 61175700.0 7637340000.0 13339700.0 25357.3 0.0 0.5 3.88 [0.5]
1862090000000000.0 509944000000000.0 40310100000.0 198336000.0 0.0 3724110000.0 74508.1 0.0 95366800000.0 369138.0 0.0 0.0 60802200.0 7590030000.0 12583400.0 23958.5 0.0 0.52 3.878 [0.52]
1862090000000000.0 495685000000000.0 39697600000.0 188466000.0 0.0 3597080000.0 68304.7 0.0 95275300000.0 341445.0 0.0 0.0 60439400.0 7544030000.0 11856900.0 22643.8 0.0 0.54 3.875 [0.54]
1862090000000000.0 481799000000000.0 39094300000.0 179071000.0 0.0 3472880000.0 62587.9 0.0 95185300000.0 315906.0 0.0 0.0 60085900.0 7499180000.0 11156900.0 21407.2 0.0 0.56 3.872 [0.56]
1862090000000000.0 468285000000000.0 38500200000.0 170131000.0 0.0 3351660000.0 57326.4 0.0 95097000000.0 292347.0 0.0 0.0 59741800.0 7455490000.0 10486000.0 20243.6 0.0 0.58 3.869 [0.58]
1862090000000000.0 455110000000000.0 37914900000.0 161620000.0 0.0 3232890000.0 52473.7 0.0 95010200000.0 270609.0 0.0 0.0 59406300.0 7412830000.0 9837660.0 19148.5 0.0 0.6 3.866 [0.6]
1862090000000000.0 442298000000000.0 37340100000.0 153536000.0 0.0 3116580000.0 48000.4 0.0 94925100000.0 250578.0 0.0 0.0 59080000.0 7371310000.0 9210560.0 18118.2 0.0 0.62 3.863 [0.62]
1862090000000000.0 429719000000000.0 36769600000.0 145806000.0 0.0 3002020000.0 43866.0 0.0 94840800000.0 232029.0 0.0 0.0 58759400.0 7330460000.0 8603680.0 17146.6 0.0 0.64 3.859 [0.64]
1862090000000000.0 417471000000000.0 36209200000.0 138464000.0 0.0 2889560000.0 40052.7 0.0 94758200000.0 214928.0 0.0 0.0 58447300.0 7290620000.0 8015600.0 16232.0 0.0 0.66 3.855 [0.66]
1862090000000000.0 405498000000000.0 35656700000.0 131477000.0 0.0 2778700000.0 36529.4 0.0 94676900000.0 199138.0 0.0 0.0 58142100.0 7251610000.0 7443860.0 15370.4 0.0 0.68 3.851 [0.68]
1862090000000000.0 393762000000000.0 35111800000.0 124824000.0 0.0 2668820000.0 33265.6 0.0 94596800000.0 184551.0 0.0 0.0 57842800.0 7213280000.0 6883690.0 14558.4 0.0 0.7 3.847 [0.7]
1862090000000000.0 382260000000000.0 34574600000.0 118493000.0 0.0 2559840000.0 30243.8 0.0 94517800000.0 171078.0 0.0 0.0 57549300.0 7175620000.0 6336000.0 13793.1 0.0 0.72 3.842 [0.72]
1862090000000000.0 370946000000000.0 34045900000.0 112473000.0 0.0 2450610000.0 27430.9 0.0 94440000000.0 158644.0 0.0 0.0 57260500.0 7138470000.0 5791570.0 13072.1 0.0 0.74 3.836 [0.74]
1862090000000000.0 359707000000000.0 33521200000.0 106721000.0 0.0 2339920000.0 24799.4 0.0 94362500000.0 147131.0 0.0 0.0 56973400.0 7101400000.0 5246450.0 12392.0 0.0 0.76 3.83 [0.76]
1862090000000000.0 348594000000000.0 33005100000.0 101260000.0 0.0 2227610000.0 22339.9 0.0 94285800000.0 136509.0 0.0 0.0 56689400.0 7064570000.0 4701660.0 11751.4 0.0 0.78 3.823 [0.78]
1862090000000000.0 337399000000000.0 32493900000.0 96048400.0 0.0 2110170000.0 20002.8 0.0 94209000000.0 126691.0 0.0 0.0 56403100.0 7027210000.0 4138600.0 11147.8 0.0 0.8 3.814 [0.8]
1862080000000000.0 237724000000000.0 30035000000.0 72251800.0 0.0 547673000.0 4696.47 0.0 93880000000.0 114024.0 0.0 0.0 53841900.0 6611340000.0 11155.8 10660.6 0.0 0.82 3.426 [0.82]
1862090000000000.0 228480000000000.0 29402900000.0 67967000.0 0.0 503427000.0 4132.79 0.0 93820100000.0 105102.0 0.0 0.0 53605600.0 6574340000.0 9367.89 10113.2 0.0 0.84 3.407 [0.84]
1862090000000000.0 220015000000000.0 28796100000.0 64065300.0 0.0 466098000.0 3663.16 0.0 93762700000.0 96932.6 0.0 0.0 53388900.0 6540390000.0 8231.16 9596.5 0.0 0.86 3.39 [0.86]
1862090000000000.0 212086000000000.0 28203900000.0 60449800.0 0.0 433493000.0 3261.98 0.0 93707100000.0 89408.1 0.0 0.0 53185700.0 6508390000.0 7432.33 9107.76 0.0 0.88 3.375 [0.88]
1862090000000000.0 204585000000000.0 27622700000.0 57075000.0 0.0 404517000.0 2914.87 0.0 93653000000.0 82466.0 0.0 0.0 52993300.0 6477890000.0 6828.96 8645.14 0.0 0.9 3.361 [0.9]
1862090000000000.0 197506000000000.0 27055600000.0 53934100.0 0.0 378479000.0 2612.18 0.0 93601000000.0 76083.4 0.0 0.0 52811600.0 6448890000.0 6346.3 8207.71 0.0 0.92 3.347 [0.92]
1862090000000000.0 190734000000000.0 26495300000.0 50977700.0 0.0 354814000.0 2346.0 0.0 93550300000.0 70182.6 0.0 0.0 52637500.0 6420850000.0 5942.54 7793.21 0.0 0.94 3.334 [0.94]
1862090000000000.0 184266000000000.0 25943600000.0 48198900.0 0.0 333183000.0 2110.95 0.0 93501200000.0 64737.2 0.0 0.0 52471000.0 6393780000.0 5593.19 7400.6 0.0 0.96 3.321 [0.96]
1862090000000000.0 178065000000000.0 25399000000.0 45580300.0 0.0 313319000.0 1902.63 0.0 93453400000.0 59707.4 0.0 0.0 52311300.0 6367520000.0 5282.75 7028.54 0.0 0.98 3.308 [0.98]
1862090000000000.0 172107000000000.0 24861000000.0 43107600.0 0.0 294986000.0 1717.31 0.0 93406900000.0 55059.3 0.0 0.0 52157600.0 6341970000.0 5001.54 6675.8 0.0 1.0 3.296 [1.0]
