Cloudy_runs/h1821/z=0.224981/component_I_PI_nH/component_I_PI_nH_col_density_param.txt
# %ECSV 1.0
# ---
# datatype:
# - {name: H, datatype: float64}
# - {name: H+, datatype: float64}
# - {name: C+, datatype: float64}
# - {name: C+2, datatype: float64}
# - {name: C+3, datatype: float64}
# - {name: N+, datatype: float64}
# - {name: N+2, datatype: float64}
# - {name: N+4, datatype: float64}
# - {name: O, datatype: float64}
# - {name: O+2, datatype: float64}
# - {name: O+5, datatype: float64}
# - {name: O+6, datatype: float64}
# - {name: P+, datatype: float64}
# - {name: Si+, datatype: float64}
# - {name: Si+2, datatype: float64}
# - {name: Si+3, datatype: float64}
# - {name: Si+4, datatype: float64}
# - {name: log_nH, datatype: float64}
# - {name: log_Te, datatype: float64}
# - {name: parameters, datatype: string, subtype: 'float64[1]'}
# schema: astropy-2.0
H H+ C+ C+2 C+3 N+ N+2 N+4 O O+2 O+5 O+6 P+ Si+ Si+2 Si+3 Si+4 log_nH log_Te parameters
[from data line 58]
1862090000000000.0 5.31311e+18 1597090000000.0 60056900000000.0 36113300000000.0 150417000000.0 11812000000000.0 4169080000000.0 145719000.0 44988000000000.0 6765120000000.0 1153350000000.0 2051520000.0 42098500000.0 1042100000000.0 1100880000000.0 7471030000000.0 -3.84 4.362 [-3.84]
1862090000000000.0 5.04612e+18 1631610000000.0 59234900000000.0 34240800000000.0 155306000000.0 11711000000000.0 3762820000000.0 163739000.0 45245300000000.0 5901980000000.0 965644000000.0 2195130000.0 45193800000.0 1106760000000.0 1134860000000.0 7252770000000.0 -3.82 4.359 [-3.82]
1862090000000000.0 4.79304e+18 1665190000000.0 58343600000000.0 32412300000000.0 160283000000.0 11597900000000.0 3391080000000.0 183973000.0 45462100000000.0 5142640000000.0 807581000000.0 2343040000.0 48403700000.0 1172520000000.0 1166850000000.0 7021710000000.0 -3.8 4.356 [-3.8]
1862080000000000.0 4.55277e+18 1697370000000.0 57381800000000.0 30631700000000.0 165320000000.0 11472500000000.0 3051440000000.0 206677000.0 45635800000000.0 4475180000000.0 674519000000.0 2494050000.0 51711000000.0 1238930000000.0 1196650000000.0 6778770000000.0 -3.78 4.353 [-3.78]
1862080000000000.0 4.32464e+18 1728080000000.0 56354700000000.0 28902500000000.0 170416000000.0 11335200000000.0 2741700000000.0 232140000.0 45765700000000.0 3889250000000.0 562639000000.0 2647430000.0 55103300000.0 1305580000000.0 1223990000000.0 6525330000000.0 -3.76 4.349 [-3.76]
1862080000000000.0 4.10802e+18 1757270000000.0 55267900000000.0 27227700000000.0 175570000000.0 11186700000000.0 2459730000000.0 260682000.0 45851200000000.0 3375570000000.0 468686000000.0 2802400000.0 58565900000.0 1372040000000.0 1248590000000.0 6262850000000.0 -3.74 4.346 [-3.74]
1862080000000000.0 3.9023e+18 1784880000000.0 54127200000000.0 25610000000000.0 180782000000.0 11027400000000.0 2203480000000.0 292658000.0 45891500000000.0 2925810000000.0 389886000000.0 2958110000.0 62082900000.0 1437830000000.0 1270210000000.0 5992850000000.0 -3.72 4.343 [-3.72]
1862080000000000.0 3.70693e+18 1810900000000.0 52938500000000.0 24051300000000.0 186053000000.0 10858100000000.0 1971020000000.0 328459000.0 45886100000000.0 2532560000000.0 323881000000.0 3113710000.0 65637200000.0 1502490000000.0 1288600000000.0 5716970000000.0 -3.7 4.34 [-3.7]
1862090000000000.0 3.52138e+18 1835280000000.0 51707800000000.0 22553300000000.0 191382000000.0 10679300000000.0 1760500000000.0 368518000.0 45834400000000.0 2189160000000.0 268666000000.0 3268320000.0 69210200000.0 1565480000000.0 1303560000000.0 5436870000000.0 -3.68 4.337 [-3.68]
1862080000000000.0 3.34513e+18 1858020000000.0 50440700000000.0 21117000000000.0 196772000000.0 10491800000000.0 1570170000000.0 413309000.0 45736100000000.0 1889690000000.0 222538000000.0 3421060000.0 72782200000.0 1626320000000.0 1314920000000.0 5154220000000.0 -3.66 4.333 [-3.66]
1862080000000000.0 3.17773e+18 1879120000000.0 49143400000000.0 19743300000000.0 202225000000.0 10296100000000.0 1398400000000.0 463357000.0 45590800000000.0 1628880000000.0 184055000000.0 3571080000.0 76333600000.0 1684480000000.0 1322520000000.0 4870730000000.0 -3.64 4.33 [-3.64]
1862080000000000.0 3.01871e+18 1898580000000.0 47821300000000.0 18432200000000.0 207741000000.0 10092900000000.0 1243620000000.0 519239000.0 45398200000000.0 1402050000000.0 151994000000.0 3717480000.0 79843600000.0 1739460000000.0 1326260000000.0 4588040000000.0 -3.62 4.327 [-3.62]
1862080000000000.0 2.86765e+18 1916420000000.0 46479900000000.0 17183800000000.0 213323000000.0 9882980000000.0 1104390000000.0 581585000.0 45158300000000.0 1205050000000.0 125321000000.0 3859500000.0 83292300000.0 1790790000000.0 1326090000000.0 4307800000000.0 -3.6 4.324 [-3.6]
1862080000000000.0 2.72417e+18 1932680000000.0 45124900000000.0 15997500000000.0 218977000000.0 9666960000000.0 979357000000.0 651085000.0 44871200000000.0 1034190000000.0 103165000000.0 3996430000.0 86661100000.0 1838030000000.0 1321970000000.0 4031560000000.0 -3.58 4.32 [-3.58]
1862080000000000.0 2.58786e+18 1947370000000.0 43760800000000.0 14872700000000.0 224702000000.0 9445470000000.0 867259000000.0 728489000.0 44536800000000.0 886213000000.0 84787100000.0 4127520000.0 89930400000.0 1880760000000.0 1313950000000.0 3760790000000.0 -3.56 4.317 [-3.56]
1862080000000000.0 2.45837e+18 1960560000000.0 42393000000000.0 13808100000000.0 230507000000.0 9219310000000.0 766912000000.0 814630000.0 44155600000000.0 758240000000.0 69567500000.0 4252230000.0 93083900000.0 1918640000000.0 1302070000000.0 3496850000000.0 -3.54 4.314 [-3.54]
1862080000000000.0 2.33537e+18 1972280000000.0 41025800000000.0 12802600000000.0 236395000000.0 8989120000000.0 677234000000.0 910395000.0 43727900000000.0 647733000000.0 56983500000.0 4369980000.0 96105800000.0 1951360000000.0 1286480000000.0 3240960000000.0 -3.52 4.311 [-3.52]
1862080000000000.0 2.21869e+18 1982500000000.0 39665100000000.0 11856300000000.0 242361000000.0 8755900000000.0 597337000000.0 1016620000.0 43255400000000.0 552579000000.0 46608000000.0 4480000000.0 98973300000.0 1978670000000.0 1267410000000.0 2994510000000.0 -3.5 4.307 [-3.5]
1862090000000000.0 2.10753e+18 1991510000000.0 38309200000000.0 10962700000000.0 248440000000.0 8519200000000.0 525941000000.0 1134780000.0 42735600000000.0 470413000000.0 38033400000.0 4582840000.0 101703000000.0 2000460000000.0 1244790000000.0 2757470000000.0 -3.48 4.304 [-3.48]
1862080000000000.0 2.00208e+18 1999120000000.0 36967100000000.0 10124700000000.0 254606000000.0 8280750000000.0 462544000000.0 1265580000.0 42172600000000.0 399898000000.0 30989400000.0 4677260000.0 104258000000.0 2016560000000.0 1219130000000.0 2531550000000.0 -3.46 4.301 [-3.46]
1862080000000000.0 1.90193e+18 2005480000000.0 35640400000000.0 9338920000000.0 260856000000.0 8040840000000.0 406249000000.0 1410410000.0 41566500000000.0 339381000000.0 25204200000.0 4763400000.0 106642000000.0 2026980000000.0 1190590000000.0 2317040000000.0 -3.44 4.297 [-3.44]
1862080000000000.0 1.80679e+18 2010640000000.0 34331900000000.0 8603200000000.0 267205000000.0 7800080000000.0 356334000000.0 1570590000.0 40918600000000.0 287530000000.0 20461200000.0 4841100000.0 108850000000.0 2031750000000.0 1159460000000.0 2114350000000.0 -3.42 4.294 [-3.42]
1862080000000000.0 1.71641e+18 2014660000000.0 33044000000000.0 7915530000000.0 273664000000.0 7559000000000.0 312144000000.0 1747540000.0 40230200000000.0 243177000000.0 16579600000.0 4910230000.0 110882000000.0 2030950000000.0 1126040000000.0 1923740000000.0 -3.4 4.291 [-3.4]
1862080000000000.0 1.63057e+18 2017580000000.0 31778900000000.0 7273770000000.0 280239000000.0 7318160000000.0 273084000000.0 1942790000.0 39503000000000.0 205300000000.0 13408800000.0 4970790000.0 112737000000.0 2024760000000.0 1090660000000.0 1745330000000.0 -3.38 4.287 [-3.38]
1862080000000000.0 1.54902e+18 2019440000000.0 30538600000000.0 6675800000000.0 286935000000.0 7078040000000.0 238608000000.0 2157970000.0 38738600000000.0 173011000000.0 10823400000.0 5022790000.0 114419000000.0 2013380000000.0 1053620000000.0 1579070000000.0 -3.36 4.284 [-3.36]
1862080000000000.0 1.47157e+18 2020320000000.0 29324800000000.0 6119380000000.0 293759000000.0 6839210000000.0 208224000000.0 2394840000.0 37939100000000.0 145534000000.0 8719530000.0 5066360000.0 115933000000.0 1997070000000.0 1015250000000.0 1424830000000.0 -3.34 4.281 [-3.34]
1862080000000000.0 1.39796e+18 2020200000000.0 28138400000000.0 5602390000000.0 300712000000.0 6601970000000.0 181480000000.0 2655290000.0 37106000000000.0 122188000000.0 7010330000.0 5101440000.0 117285000000.0 1976070000000.0 975867000000.0 1282290000000.0 -3.32 4.277 [-3.32]
1862080000000000.0 1.32808e+18 2019230000000.0 26981600000000.0 5122840000000.0 307806000000.0 6366990000000.0 157984000000.0 2941200000.0 36242700000000.0 102397000000.0 5625290000.0 5128560000.0 118486000000.0 1950840000000.0 935754000000.0 1151160000000.0 -3.3 4.274 [-3.3]
1862080000000000.0 1.2617e+18 2017400000000.0 25854800000000.0 4678630000000.0 315041000000.0 6134540000000.0 137367000000.0 3254700000.0 35350900000000.0 85648600000.0 4504850000.0 5147750000.0 119544000000.0 1921660000000.0 895208000000.0 1030960000000.0 -3.28 4.271 [-3.28]
1862080000000000.0 1.19865e+18 2014750000000.0 24758700000000.0 4267700000000.0 322425000000.0 5905010000000.0 119301000000.0 3598020000.0 34433200000000.0 71500800000.0 3600290000.0 5159260000.0 120470000000.0 1888910000000.0 854497000000.0 921200000000.0 -3.26 4.267 [-3.26]
1862080000000000.0 1.13876e+18 2011330000000.0 23693900000000.0 3888070000000.0 329958000000.0 5678740000000.0 103492000000.0 3973460000.0 33492200000000.0 59573000000.0 2871520000.0 5163360000.0 121274000000.0 1852960000000.0 813871000000.0 821312000000.0 -3.24 4.264 [-3.24]
1862080000000000.0 1.08188e+18 2007150000000.0 22660800000000.0 3537880000000.0 337643000000.0 5456030000000.0 89677400000.0 4383440000.0 32530700000000.0 49536700000.0 2285610000.0 5160310000.0 121970000000.0 1814190000000.0 773555000000.0 730720000000.0 -3.22 4.26 [-3.22]
1862080000000000.0 1.02786e+18 2002250000000.0 21659600000000.0 3215270000000.0 345483000000.0 5237170000000.0 77621400000.0 4830520000.0 31551300000000.0 41108700000.0 1815530000.0 5150420000.0 122567000000.0 1772970000000.0 733753000000.0 648820000000.0 -3.2 4.257 [-3.2]
1862080000000000.0 9.76546e+17 1996670000000.0 20690300000000.0 2918470000000.0 353477000000.0 5022390000000.0 67113900000.0 5317340000.0 30556900000000.0 34045500000.0 1439180000.0 5133970000.0 123079000000.0 1729670000000.0 694644000000.0 575002000000.0 -3.18 4.254 [-3.18]
1862080000000000.0 9.27807e+17 1990410000000.0 19752900000000.0 2645780000000.0 361626000000.0 4811910000000.0 57967300000.0 5846650000.0 29550300000000.0 28138100000.0 1138500000.0 5111280000.0 123516000000.0 1684630000000.0 656385000000.0 508658000000.0 -3.16 4.25 [-3.16]
1862080000000000.0 8.81516e+17 1983500000000.0 18847200000000.0 2395590000000.0 369926000000.0 4605930000000.0 50015500000.0 6421290000.0 28534400000000.0 23207700000.0 898800000.0 5082680000.0 123890000000.0 1638190000000.0 619108000000.0 449195000000.0 -3.14 4.247 [-3.14]
1862080000000000.0 8.37643e+17 1975930000000.0 17975000000000.0 2166850000000.0 378369000000.0 4405050000000.0 43124200000.0 7043120000.0 27514400000000.0 19108300000.0 708424000.0 5048410000.0 124205000000.0 1590760000000.0 583038000000.0 396122000000.0 -3.12 4.243 [-3.12]
1862080000000000.0 7.95885e+17 1967810000000.0 17132000000000.0 1957050000000.0 386966000000.0 4208550000000.0 37134300000.0 7717180000.0 26488500000000.0 15694500000.0 557007000.0 5009010000.0 124482000000.0 1542450000000.0 548030000000.0 348708000000.0 -3.1 4.24 [-3.1]
1862080000000000.0 7.56219e+17 1959090000000.0 16319700000000.0 1765310000000.0 395702000000.0 4016920000000.0 31944400000.0 8445610000.0 25461500000000.0 12862800000.0 437052000.0 4964650000.0 124726000000.0 1493600000000.0 514270000000.0 306513000000.0 -3.08 4.237 [-3.08]
1862080000000000.0 7.18554e+17 1949870000000.0 15537800000000.0 1590310000000.0 404572000000.0 3830330000000.0 27453400000.0 9231380000.0 24436600000000.0 10519600000.0 342248000.0 4915900000.0 124944000000.0 1444520000000.0 481792000000.0 269051000000.0 -3.06 4.233 [-3.06]
1862080000000000.0 6.82788e+17 1939960000000.0 14785700000000.0 1430970000000.0 413547000000.0 3648840000000.0 23573700000.0 10077200000.0 23416200000000.0 8585390000.0 267492000.0 4862480000.0 125141000000.0 1395330000000.0 450718000000.0 235867000000.0 -3.04 4.23 [-3.04]
1862080000000000.0 6.48832e+17 1929600000000.0 14063000000000.0 1285950000000.0 422633000000.0 3472540000000.0 20223500000.0 10986300000.0 22403300000000.0 6991760000.0 208660000.0 4805380000.0 125326000000.0 1346360000000.0 420979000000.0 206521000000.0 -3.02 4.227 [-3.02]
1862080000000000.0 6.16531e+17 1918570000000.0 13367600000000.0 1154040000000.0 431795000000.0 3301110000000.0 17331200000.0 11962500000.0 21398100000000.0 5680260000.0 162403000.0 4744180000.0 125506000000.0 1297570000000.0 392613000000.0 180588000000.0 -3.0 4.223 [-3.0]
1862080000000000.0 5.8588e+17 1907030000000.0 12700800000000.0 1034410000000.0 441024000000.0 3134990000000.0 14840400000.0 13007600000.0 20405400000000.0 4605140000.0 126174000.0 4679700000.0 125682000000.0 1249310000000.0 365637000000.0 157746000000.0 -2.98 4.22 [-2.98]
1862080000000000.0 5.56734e+17 1894960000000.0 12060200000000.0 925870000000.0 450296000000.0 2973850000000.0 12694000000.0 14125600000.0 19425400000000.0 3724430000.0 97814700.0 4612080000.0 125861000000.0 1201610000000.0 339986000000.0 137628000000.0 -2.96 4.216 [-2.96]
1862080000000000.0 5.29095e+17 1882350000000.0 11447200000000.0 827807000000.0 459581000000.0 2818110000000.0 10850900000.0 15316800000.0 18462900000000.0 3006190000.0 75709500.0 4541600000.0 126042000000.0 1154710000000.0 315740000000.0 119973000000.0 -2.94 4.213 [-2.94]
1862080000000000.0 5.02924e+17 1869260000000.0 10861800000000.0 739406000000.0 468860000000.0 2667940000000.0 9270690000.0 16582300000.0 17521000000000.0 2422180000.0 58525200.0 4468810000.0 126223000000.0 1108800000000.0 292882000000.0 104514000000.0 -2.92 4.21 [-2.92]
1862080000000000.0 4.77989e+17 1855570000000.0 10299400000000.0 659421000000.0 478080000000.0 2522420000000.0 7910660000.0 17928800000.0 16595800000000.0 1946240000.0 45131700.0 4393370000.0 126417000000.0 1063620000000.0 271255000000.0 90935500000.0 -2.9 4.206 [-2.9]
1862080000000000.0 4.54307e+17 1841350000000.0 9761370000000.0 587342000000.0 487215000000.0 2381970000000.0 6744160000.0 19355500000.0 15691800000000.0 1560250000.0 34740800.0 4315840000.0 126619000000.0 1019420000000.0 250887000000.0 79051900000.0 -2.88 4.203 [-2.88]
1862080000000000.0 4.31816e+17 1826610000000.0 9246910000000.0 522486000000.0 496223000000.0 2246550000000.0 5744570000.0 20863600000.0 14810700000000.0 1247930000.0 26695200.0 4236470000.0 126829000000.0 976271000000.0 231740000000.0 68663800000.0 -2.86 4.2 [-2.86]
1862080000000000.0 4.10456e+17 1811340000000.0 8755280000000.0 464213000000.0 505058000000.0 2116110000000.0 4888750000.0 22453700000.0 13953700000000.0 995822000.0 20477600.0 4155480000.0 127045000000.0 934199000000.0 213772000000.0 59593000000.0 -2.84 4.197 [-2.84]
1862080000000000.0 3.90173e+17 1795570000000.0 8285830000000.0 411934000000.0 513675000000.0 1990610000000.0 4156700000.0 24126000000.0 13122300000000.0 792811000.0 15682300.0 4073130000.0 127264000000.0 893259000000.0 196939000000.0 51681500000.0 -2.82 4.193 [-2.82]
1862080000000000.0 3.70904e+17 1779260000000.0 7837640000000.0 365087000000.0 522017000000.0 1869960000000.0 3530910000.0 25880200000.0 12317100000000.0 629684000.0 11989700.0 3989540000.0 127488000000.0 853446000000.0 181195000000.0 44786200000.0 -2.8 4.19 [-2.8]
1862080000000000.0 3.52602e+17 1762440000000.0 7410060000000.0 323172000000.0 530033000000.0 1754110000000.0 2996450000.0 27714900000.0 11539300000000.0 498935000.0 9151810.0 3904960000.0 127713000000.0 814790000000.0 166494000000.0 38782800000.0 -2.78 4.187 [-2.78]
1862080000000000.0 3.3522e+17 1745110000000.0 7002420000000.0 285724000000.0 537665000000.0 1643000000000.0 2540410000.0 29628500000.0 10789700000000.0 394397000.0 6974850.0 3819590000.0 127935000000.0 777308000000.0 152788000000.0 33560900000.0 -2.76 4.184 [-2.76]
1862080000000000.0 3.18711e+17 1727280000000.0 6613980000000.0 252313000000.0 544856000000.0 1536590000000.0 2151610000.0 31618200000.0 10069000000000.0 311017000.0 5307780.0 3733620000.0 128151000000.0 741003000000.0 140029000000.0 29022600000.0 -2.74 4.181 [-2.74]
1862080000000000.0 3.03029e+17 1708940000000.0 6244030000000.0 222543000000.0 551545000000.0 1434780000000.0 1820400000.0 33680700000.0 9377670000000.0 244673000.0 4033260.0 3647220000.0 128357000000.0 705870000000.0 128171000000.0 25081300000.0 -2.72 4.177 [-2.72]
