Cloudy_runs/h1821/z=0.170006/component_III_PI_nH/component_III_PI_nH_col_density_param.txt
# %ECSV 1.0
# ---
# datatype:
# - {name: H, datatype: float64}
# - {name: H+, datatype: float64}
# - {name: C+, datatype: float64}
# - {name: C+2, datatype: float64}
# - {name: C+3, datatype: float64}
# - {name: N+, datatype: float64}
# - {name: N+2, datatype: float64}
# - {name: N+4, datatype: float64}
# - {name: O, datatype: float64}
# - {name: O+2, datatype: float64}
# - {name: O+5, datatype: float64}
# - {name: O+6, datatype: float64}
# - {name: P+, datatype: float64}
# - {name: Si+, datatype: float64}
# - {name: Si+2, datatype: float64}
# - {name: Si+3, datatype: float64}
# - {name: Si+4, datatype: float64}
# - {name: log_nH, datatype: float64}
# - {name: log_Te, datatype: float64}
# - {name: parameters, datatype: string, subtype: 'float64[1]'}
# schema: astropy-2.0
H H+ C+ C+2 C+3 N+ N+2 N+4 O O+2 O+5 O+6 P+ Si+ Si+2 Si+3 Si+4 log_nH log_Te parameters
[from data line 278]
22387200000000.0 1230760000000.0 12550900000.0 34753700.0 0.0 644329000.0 11871.6 0.0 114502000000.0 21496.1 0.0 0.0 57434300.0 5242860000.0 10665.9 13137.4 0.0 0.56 0.0 [0.56]
22387200000000.0 1199680000000.0 12219900000.0 32766400.0 0.0 623814000.0 10993.2 0.0 114395000000.0 19850.7 0.0 0.0 57340500.0 5199170000.0 10110.7 12438.0 0.0 0.58 0.0 [0.58]
22387200000000.0 1169400000000.0 11895100000.0 30884500.0 0.0 603923000.0 10180.0 0.0 114290000000.0 18333.8 0.0 0.0 57248500.0 5155340000.0 9584.02 11775.1 0.0 0.6 0.0 [0.6]
22387200000000.0 1139890000000.0 11576500000.0 29102900.0 0.0 584638000.0 9427.38 0.0 114187000000.0 16935.5 0.0 0.0 57158300.0 5111350000.0 9084.51 11147.0 0.0 0.62 0.0 [0.62]
22387200000000.0 1111130000000.0 11263900000.0 27416400.0 0.0 565938000.0 8730.68 0.0 114087000000.0 15646.1 0.0 0.0 57069700.0 5067190000.0 8610.73 10551.7 0.0 0.64 0.0 [0.64]
22387200000000.0 1083110000000.0 10957500000.0 25820400.0 0.0 547806000.0 8085.75 0.0 113988000000.0 14456.8 0.0 0.0 56982800.0 5022870000.0 8161.35 9987.5 0.0 0.66 0.0 [0.66]
22387200000000.0 1055790000000.0 10657000000.0 24310500.0 0.0 530226000.0 7488.73 0.0 113892000000.0 13359.8 0.0 0.0 56897600.0 4978370000.0 7735.1 9452.86 0.0 0.68 0.0 [0.68]
22387200000000.0 1029170000000.0 10362400000.0 22882200.0 0.0 513180000.0 6936.03 0.0 113798000000.0 12347.7 0.0 0.0 56813800.0 4933690000.0 7330.8 8946.19 0.0 0.7 0.0 [0.7]
22387200000000.0 1003220000000.0 10073600000.0 21531400.0 0.0 496652000.0 6424.35 0.0 113706000000.0 11413.8 0.0 0.0 56731400.0 4888840000.0 6947.32 8466.04 0.0 0.72 0.0 [0.72]
22387200000000.0 977854000000.0 9790090000.0 20252400.0 0.0 480606000.0 5950.39 0.0 113616000000.0 10551.3 0.0 0.0 56650000.0 4843640000.0 6583.42 8010.8 0.0 0.74 0.0 [0.74]
22387200000000.0 953188000000.0 9512770000.0 19045300.0 0.0 465068000.0 5511.82 0.0 113528000000.0 9755.72 0.0 0.0 56570300.0 4798410000.0 6238.42 7579.64 0.0 0.76 0.0 [0.76]
22387200000000.0 929191000000.0 9241570000.0 17906300.0 0.0 450022000.0 5105.97 0.0 113442000000.0 9021.72 0.0 0.0 56492500.0 4753130000.0 5911.34 7171.31 0.0 0.78 0.0 [0.78]
22387200000000.0 905741000000.0 8975420000.0 16828800.0 0.0 435415000.0 4729.99 0.0 113357000000.0 8343.49 0.0 0.0 56415400.0 4707520000.0 5600.97 6784.18 0.0 0.8 0.0 [0.8]
22387200000000.0 882870000000.0 8714740000.0 15810800.0 0.0 421252000.0 4381.86 0.0 113275000000.0 7717.12 0.0 0.0 56339400.0 4661720000.0 5306.6 6417.38 0.0 0.82 0.0 [0.82]
22387200000000.0 860568000000.0 8459510000.0 14849500.0 0.0 407522000.0 4059.52 0.0 113194000000.0 7138.61 0.0 0.0 56264500.0 4615730000.0 5027.41 6069.84 0.0 0.84 0.0 [0.84]
22387200000000.0 838817000000.0 8209630000.0 13942100.0 0.0 394210000.0 3761.05 0.0 113115000000.0 6604.19 0.0 0.0 56190600.0 4569550000.0 4762.62 5740.59 0.0 0.86 0.0 [0.86]
22387200000000.0 817603000000.0 7965050000.0 13085800.0 0.0 381305000.0 3484.68 0.0 113038000000.0 6110.43 0.0 0.0 56117700.0 4523200000.0 4511.51 5428.67 0.0 0.88 0.0 [0.88]
22387200000000.0 796911000000.0 7725710000.0 12277900.0 0.0 368794000.0 3228.75 0.0 112962000000.0 5654.19 0.0 0.0 56045800.0 4476660000.0 4273.38 5133.2 0.0 0.9 0.0 [0.9]
22387200000000.0 776727000000.0 7491530000.0 11515900.0 0.0 356667000.0 2991.77 0.0 112888000000.0 5232.54 0.0 0.0 55974700.0 4429950000.0 4047.56 4853.31 0.0 0.92 0.0 [0.92]
22387200000000.0 757037000000.0 7262490000.0 10797400.0 0.0 344911000.0 2772.31 0.0 112816000000.0 4842.83 0.0 0.0 55904400.0 4383080000.0 3833.43 4588.22 0.0 0.94 0.0 [0.94]
22387200000000.0 737828000000.0 7038510000.0 10120300.0 0.0 333517000.0 2569.09 0.0 112745000000.0 4482.6 0.0 0.0 55834800.0 4336040000.0 3630.39 4337.15 0.0 0.96 0.0 [0.96]
22387200000000.0 719087000000.0 6819540000.0 9482200.0 0.0 322472000.0 2380.89 0.0 112676000000.0 4149.54 0.0 0.0 55766000.0 4288860000.0 3437.88 4099.38 0.0 0.98 0.0 [0.98]
22387200000000.0 700802000000.0 6605530000.0 8881190.0 0.0 311768000.0 2206.61 0.0 112608000000.0 3841.6 0.0 0.0 55697800.0 4241520000.0 3255.36 3874.23 0.0 1.0 0.0 [1.0]
