Cloudy_runs/h1821/z=0.170006/component_III_PI_nH/component_III_PI_nH_col_density_param.txt
# %ECSV 1.0
# ---
# datatype:
# - {name: H, datatype: float64}
# - {name: H+, datatype: float64}
# - {name: C+, datatype: float64}
# - {name: C+2, datatype: float64}
# - {name: C+3, datatype: float64}
# - {name: N+, datatype: float64}
# - {name: N+2, datatype: float64}
# - {name: N+4, datatype: float64}
# - {name: O, datatype: float64}
# - {name: O+2, datatype: float64}
# - {name: O+5, datatype: float64}
# - {name: O+6, datatype: float64}
# - {name: P+, datatype: float64}
# - {name: Si+, datatype: float64}
# - {name: Si+2, datatype: float64}
# - {name: Si+3, datatype: float64}
# - {name: Si+4, datatype: float64}
# - {name: log_nH, datatype: float64}
# - {name: log_Te, datatype: float64}
# - {name: parameters, datatype: string, subtype: 'float64[1]'}
# schema: astropy-2.0
H H+ C+ C+2 C+3 N+ N+2 N+4 O O+2 O+5 O+6 P+ Si+ Si+2 Si+3 Si+4 log_nH log_Te parameters
[from data line 120]
22387200000000.0 281102000000000.0 456096000000.0 354136000000.0 1639060000.0 167873000000.0 30076400000.0 7644480.0 123459000000.0 204006000000.0 0.0 0.0 654375000.0 93875400000.0 1874310000.0 2325090000.0 30607600.0 -2.6 2.537 [-2.6]
22387200000000.0 268703000000000.0 445454000000.0 331549000000.0 1425400000.0 162566000000.0 26992900000.0 6339050.0 125425000000.0 183398000000.0 0.0 0.0 631847000.0 90297500000.0 1679360000.0 2083450000.0 26367400.0 -2.58 2.53 [-2.58]
22387200000000.0 256750000000000.0 434785000000.0 310154000000.0 1238040000.0 157270000000.0 24188000000.0 5247250.0 127324000000.0 164575000000.0 0.0 0.0 609816000.0 86821200000.0 1502980000.0 1865080000.0 22718100.0 -2.56 2.523 [-2.56]
22387200000000.0 245213000000000.0 424099000000.0 289875000000.0 1073770000.0 151990000000.0 21639400000.0 4335170.0 129153000000.0 147405000000.0 0.0 0.0 588264000.0 83441800000.0 1343490000.0 1667780000.0 19574900.0 -2.54 2.517 [-2.54]
22387200000000.0 234335000000000.0 413628000000.0 271127000000.0 932428000.0 146871000000.0 19365300000.0 3586120.0 130903000000.0 132035000000.0 0.0 0.0 567668000.0 80234900000.0 1201800000.0 1492710000.0 16906000.0 -2.52 2.51 [-2.52]
22387200000000.0 223840000000000.0 403190000000.0 253356000000.0 808564000.0 141791000000.0 17304300000.0 2961230.0 132582000000.0 118053000000.0 0.0 0.0 547557000.0 77121000000.0 1073860000.0 1334670000.0 14603000.0 -2.5 2.503 [-2.5]
22387200000000.0 213798000000000.0 392847000000.0 236694000000.0 700896000.0 136804000000.0 15450700000.0 2443720.0 134186000000.0 105438000000.0 0.0 0.0 528085000.0 74124100000.0 959155000.0 1193000000.0 12625700.0 -2.48 2.497 [-2.48]
22387200000000.0 204194000000000.0 382627000000.0 221069000000.0 607345000.0 131919000000.0 13786000000.0 2015550.0 135714000000.0 94074800000.0 0.0 0.0 509251000.0 71241900000.0 856410000.0 1066090000.0 10926800.0 -2.46 2.49 [-2.46]
22387200000000.0 194951000000000.0 372484000000.0 206325000000.0 525723000.0 127109000000.0 12286000000.0 1660150.0 137169000000.0 83805200000.0 0.0 0.0 490931000.0 68453300000.0 764027000.0 951940000.0 9460110.0 -2.44 2.483 [-2.44]
22387200000000.0 186176000000000.0 362554000000.0 192614000000.0 455284000.0 122449000000.0 10949000000.0 1368090.0 138548000000.0 74630300000.0 0.0 0.0 473359000.0 65793300000.0 681828000.0 850343000.0 8203990.0 -2.42 2.477 [-2.42]
22387200000000.0 177793000000000.0 352790000000.0 179780000000.0 394204000.0 117909000000.0 9752730000.0 1127090.0 139853000000.0 66403500000.0 0.0 0.0 456409000.0 63240500000.0 608378000.0 759506000.0 7122380.0 -2.4 2.47 [-2.4]
22387200000000.0 169786000000000.0 343201000000.0 167774000000.0 341268000.0 113494000000.0 8683550000.0 928356.0 141086000000.0 59036700000.0 0.0 0.0 440068000.0 60791800000.0 542785000.0 678328000.0 6190230.0 -2.38 2.464 [-2.38]
22387200000000.0 162140000000000.0 333794000000.0 156546000000.0 295410000.0 109206000000.0 7728790000.0 764551.0 142246000000.0 52447800000.0 0.0 0.0 424327000.0 58444100000.0 484236000.0 605808000.0 5386090.0 -2.36 2.457 [-2.36]
22387200000000.0 154906000000000.0 324660000000.0 146149000000.0 255960000.0 105087000000.0 6882250000.0 630365.0 143335000000.0 46600400000.0 0.0 0.0 409310000.0 56215200000.0 432334000.0 541465000.0 4695640.0 -2.34 2.451 [-2.34]
22387200000000.0 147883000000000.0 315575000000.0 136261000000.0 221366000.0 101026000000.0 6118450000.0 518593.0 144354000000.0 41317300000.0 0.0 0.0 394615000.0 54043000000.0 385481000.0 483310000.0 4092250.0 -2.32 2.444 [-2.32]
22387200000000.0 141236000000000.0 306763000000.0 127106000000.0 191628000.0 97128700000.0 5442070000.0 427116.0 145306000000.0 36637400000.0 0.0 0.0 380598000.0 51980500000.0 343967000.0 431732000.0 3573100.0 -2.3 2.438 [-2.3]
22387200000000.0 134894000000000.0 298158000000.0 118559000000.0 165903000.0 93362800000.0 4839930000.0 351831.0 146192000000.0 32470700000.0 0.0 0.0 367128000.0 50006900000.0 306974000.0 385720000.0 3123520.0 -2.28 2.432 [-2.28]
22387200000000.0 128897000000000.0 289832000000.0 110654000000.0 143790000.0 89758800000.0 4307230000.0 290198.0 147015000000.0 28786300000.0 0.0 0.0 354301000.0 48135200000.0 274207000.0 344920000.0 2735770.0 -2.26 2.425 [-2.26]
22387200000000.0 123119000000000.0 281639000000.0 103202000000.0 124521000.0 86245900000.0 3830090000.0 239134.0 147774000000.0 25487000000.0 0.0 0.0 341862000.0 46327000000.0 244808000.0 308266000.0 2397030.0 -2.24 2.419 [-2.24]
22387200000000.0 117592000000000.0 273640000000.0 96224800000.0 107818000.0 82849200000.0 3405010000.0 197036.0 148468000000.0 22551300000.0 0.0 0.0 329888000.0 44592700000.0 218572000.0 275512000.0 2102180.0 -2.22 2.413 [-2.22]
22387200000000.0 112362000000000.0 265913000000.0 89771200000.0 93461300.0 79602700000.0 3029240000.0 162568.0 149105000000.0 19960400000.0 0.0 0.0 318489000.0 42948000000.0 195332000.0 246464000.0 1846980.0 -2.2 2.407 [-2.2]
22387200000000.0 107333000000000.0 258341000000.0 83700100000.0 80970000.0 76451000000.0 2693470000.0 134049.0 149681000000.0 17649300000.0 0.0 0.0 307466000.0 41362900000.0 174516000.0 220411000.0 1623610.0 -2.18 2.4 [-2.18]
22387200000000.0 102582000000000.0 251044000000.0 78096300000.0 70243600.0 73446400000.0 2397050000.0 110709.0 150205000000.0 15613800000.0 0.0 0.0 296993000.0 39862300000.0 156092000.0 197327000.0 1430010.0 -2.16 2.394 [-2.16]
22387200000000.0 98040300000000.0 243943000000.0 72856000000.0 60945500.0 70549100000.0 2133220000.0 91451.5 150673000000.0 13807200000.0 0.0 0.0 286929000.0 38424800000.0 139650000.0 176699000.0 1260740.0 -2.14 2.389 [-2.14]
22387200000000.0 93729300000000.0 237083000000.0 67991900000.0 52925300.0 67777100000.0 1899550000.0 75626.1 151087000000.0 12212600000.0 0.0 0.0 277330000.0 37058000000.0 125015000.0 158351000.0 1113210.0 -2.12 2.383 [-2.12]
22387200000000.0 89617300000000.0 230430000000.0 63452400000.0 45979100.0 65112800000.0 1691850000.0 62572.7 151445000000.0 10800800000.0 0.0 0.0 268131000.0 35752000000.0 111917000.0 141973000.0 984083.0 -2.1 2.377 [-2.1]
22387200000000.0 85687000000000.0 223964000000.0 59210400000.0 39955500.0 62547100000.0 1507020000.0 51790.4 151753000000.0 9549290000.0 0.0 0.0 259299000.0 34501600000.0 100226000.0 127331000.0 870803.0 -2.08 2.372 [-2.08]
22387200000000.0 81954100000000.0 217722000000.0 55272600000.0 34754200.0 60092800000.0 1343210000.0 42914.2 152013000000.0 8445130000.0 0.0 0.0 250873000.0 33312200000.0 89833300.0 114293000.0 771703.0 -2.06 2.366 [-2.06]
22387200000000.0 78408800000000.0 211699000000.0 51616900000.0 30260200.0 57745600000.0 1198000000.0 35600.7 152229000000.0 7471030000.0 0.0 0.0 242837000.0 32180800000.0 80589600.0 102678000.0 684891.0 -2.04 2.36 [-2.04]
22387200000000.0 75008300000000.0 205833000000.0 48189000000.0 26348800.0 55479300000.0 1068420000.0 29535.9 152398000000.0 6606130000.0 0.0 0.0 235098000.0 31094000000.0 72312300.0 92260100.0 608307.0 -2.02 2.355 [-2.02]
22387200000000.0 71779200000000.0 200178000000.0 45007700000.0 22967700.0 53313000000.0 953524000.0 24534.4 152525000000.0 5843650000.0 0.0 0.0 227721000.0 30060600000.0 64946700.0 82975300.0 541084.0 -2.0 2.349 [-2.0]
22387200000000.0 68702400000000.0 194711000000.0 42044800000.0 20036100.0 51235700000.0 851394000.0 20397.8 152611000000.0 5169920000.0 0.0 0.0 220666000.0 29074600000.0 58374500.0 74677700.0 481884.0 -1.98 2.344 [-1.98]
22387200000000.0 65770500000000.0 189427000000.0 39285300000.0 17492900.0 49244000000.0 760582000.0 16974.1 152657000000.0 4574670000.0 0.0 0.0 213919000.0 28133900000.0 52507400.0 67259000.0 429688.0 -1.96 2.339 [-1.96]
22387200000000.0 62986200000000.0 184338000000.0 36724100000.0 15290600.0 47341000000.0 679981000.0 14143.5 152667000000.0 4049980000.0 0.0 0.0 207490000.0 27239400000.0 47278500.0 60637100.0 383707.0 -1.94 2.333 [-1.94]
22387200000000.0 60314100000000.0 179387000000.0 34321300000.0 13368400.0 45503900000.0 607938000.0 11787.4 152636000000.0 3584230000.0 0.0 0.0 201300000.0 26379800000.0 42584800.0 54684000.0 342905.0 -1.92 2.328 [-1.92]
22387200000000.0 57776600000000.0 174622000000.0 32091400000.0 11702300.0 43748900000.0 543964000.0 9836.95 152573000000.0 3173800000.0 0.0 0.0 195404000.0 25562600000.0 38397900.0 49366100.0 306887.0 -1.9 2.323 [-1.9]
22387200000000.0 55352200000000.0 170009000000.0 30008900000.0 10251100.0 42062400000.0 486909000.0 8215.26 152473000000.0 2810650000.0 0.0 0.0 189753000.0 24780900000.0 34646800.0 44594500.0 274944.0 -1.88 2.318 [-1.88]
22387200000000.0 53052800000000.0 165577000000.0 28078900000.0 8992550.0 40453200000.0 436240000.0 6871.32 152346000000.0 2490780000.0 0.0 0.0 184378000.0 24038700000.0 31299000.0 40330300.0 246701.0 -1.86 2.313 [-1.86]
22387200000000.0 50855300000000.0 161287000000.0 26275700000.0 7894500.0 38906600000.0 391002000.0 0.0 152186000000.0 2207650000.0 0.0 0.0 179227000.0 23328500000.0 28295300.0 36499000.0 221592.0 -1.84 2.308 [-1.84]
22387200000000.0 48760200000000.0 157145000000.0 24595500000.0 6937490.0 37423600000.0 350660000.0 0.0 151998000000.0 1957410000.0 0.0 0.0 174303000.0 22650600000.0 25602700.0 33059800.0 199276.0 -1.82 2.303 [-1.82]
22387200000000.0 46762500000000.0 153147000000.0 23029500000.0 6102770.0 36001600000.0 314668000.0 0.0 151781000000.0 1736200000.0 0.0 0.0 169596000.0 22003600000.0 23187400.0 29970800.0 179422.0 -1.8 2.298 [-1.8]
22387200000000.0 44857500000000.0 149287000000.0 21569900000.0 5374110.0 34637800000.0 282539000.0 0.0 151538000000.0 1540610000.0 0.0 0.0 165095000.0 21385800000.0 21019200.0 27194200.0 161737.0 -1.78 2.293 [-1.78]
22387200000000.0 43040700000000.0 145561000000.0 20209100000.0 4737490.0 33329700000.0 253842000.0 0.0 151270000000.0 1367640000.0 0.0 0.0 160793000.0 20795900000.0 19071500.0 24696800.0 145967.0 -1.76 2.288 [-1.76]
22387200000000.0 41307600000000.0 141963000000.0 18940400000.0 4180790.0 32074800000.0 228198000.0 0.0 150978000000.0 1214620000.0 0.0 0.0 156680000.0 20232600000.0 17320300.0 22448800.0 131888.0 -1.74 2.283 [-1.74]
22387200000000.0 39654300000000.0 138490000000.0 17757200000.0 3693540.0 30870900000.0 205267000.0 0.0 150665000000.0 1079210000.0 0.0 0.0 152746000.0 19694500000.0 15744700.0 20423700.0 119305.0 -1.72 2.279 [-1.72]
22387200000000.0 38076700000000.0 135136000000.0 16653500000.0 3266690.0 29715600000.0 184752000.0 0.0 150330000000.0 959350000.0 0.0 0.0 148985000.0 19180400000.0 14325900.0 18598000.0 108047.0 -1.7 2.274 [-1.7]
22387200000000.0 36571100000000.0 131897000000.0 15623700000.0 2892380.0 28606900000.0 166386000.0 0.0 149975000000.0 853215000.0 0.0 0.0 145388000.0 18689100000.0 13047200.0 16950800.0 97961.3 -1.68 2.27 [-1.68]
22387200000000.0 35130500000000.0 128760000000.0 14660400000.0 2563340.0 27540200000.0 149912000.0 0.0 149600000000.0 759071000.0 0.0 0.0 141939000.0 18218500000.0 11892400.0 15461400.0 88905.8 -1.66 2.265 [-1.66]
22387200000000.0 33767300000000.0 125756000000.0 13769200000.0 2275850.0 26524500000.0 135223000.0 0.0 149216000000.0 676081000.0 0.0 0.0 138669000.0 17772500000.0 10854900.0 14122100.0 80813.2 -1.64 2.261 [-1.64]
22387200000000.0 32452100000000.0 122824000000.0 12928500000.0 2021330.0 25539900000.0 121969000.0 0.0 148807000000.0 602041000.0 0.0 0.0 135508000.0 17341600000.0 9912000.0 12903600.0 73500.3 -1.62 2.256 [-1.62]
22387200000000.0 31200800000000.0 120001000000.0 12146400000.0 1797830.0 24597600000.0 110103000.0 0.0 148387000000.0 536540000.0 0.0 0.0 132495000.0 16931100000.0 9061260.0 11803200.0 66934.2 -1.6 2.252 [-1.6]
22387200000000.0 30002700000000.0 117265000000.0 11414100000.0 1600570.0 23690700000.0 99435100.0 0.0 147950000000.0 478348000.0 0.0 0.0 129605000.0 16537400000.0 8290290.0 10804900.0 61012.9 -1.58 2.247 [-1.58]
22387200000000.0 28860800000000.0 114626000000.0 10731500000.0 1426840.0 22821400000.0 89864700.0 0.0 147503000000.0 426770000.0 0.0 0.0 126845000.0 16161500000.0 7592820.0 9901020.0 55680.6 -1.56 2.243 [-1.56]
22387200000000.0 27772200000000.0 112080000000.0 10095000000.0 1273620.0 21987900000.0 81272400.0 0.0 147048000000.0 381024000.0 0.0 0.0 124210000.0 15802600000.0 6961180.0 9081740.0 50872.6 -1.54 2.239 [-1.54]
22387200000000.0 26728900000000.0 109609000000.0 9498270000.0 1137940.0 21185100000.0 73531900.0 0.0 146581000000.0 340319000.0 0.0 0.0 121680000.0 15458100000.0 6387160.0 8336540.0 46522.0 -1.52 2.235 [-1.52]
22387200000000.0 25731400000000.0 107218000000.0 8940170000.0 1017850.0 20413500000.0 66565000.0 0.0 146103000000.0 304134000.0 0.0 0.0 119257000.0 15128100000.0 5865740.0 7659090.0 42586.3 -1.5 2.231 [-1.5]
22387200000000.0 24777500000000.0 104903000000.0 8417950000.0 911456.0 19671800000.0 60290400.0 0.0 145618000000.0 271951000.0 0.0 0.0 116936000.0 14811900000.0 5391660.0 7042680.0 39022.1 -1.48 2.227 [-1.48]
22387200000000.0 23864900000000.0 102660000000.0 7929140000.0 817081.0 18958700000.0 54636200.0 0.0 145125000000.0 243312000.0 0.0 0.0 114712000.0 14508800000.0 4960250.0 6481310.0 35790.8 -1.46 2.223 [-1.46]
22387200000000.0 22991700000000.0 100486000000.0 7471440000.0 733280.0 18273000000.0 49538000.0 0.0 144626000000.0 217814000.0 0.0 0.0 112581000.0 14218200000.0 4567300.0 5969650.0 32858.4 -1.44 2.219 [-1.44]
22387200000000.0 22156100000000.0 98378800000.0 7042710000.0 658786.0 17613400000.0 44938100.0 0.0 144122000000.0 195103000.0 0.0 0.0 110538000.0 13939500000.0 4209090.0 5502890.0 30194.6 -1.42 2.215 [-1.42]
22387200000000.0 21356100000000.0 96335200000.0 6640940000.0 592493.0 16979100000.0 40786000.0 0.0 143613000000.0 174859000.0 0.0 0.0 108580000.0 13672100000.0 3882220.0 5076700.0 27772.0 -1.4 2.211 [-1.4]
22387200000000.0 20589900000000.0 94352000000.0 6264260000.0 533428.0 16368900000.0 37035500.0 0.0 143100000000.0 156805000.0 0.0 0.0 106701000.0 13415300000.0 3583670.0 4687200.0 25566.7 -1.38 2.207 [-1.38]
22387200000000.0 19854700000000.0 92423600000.0 5910400000.0 480701.0 15780900000.0 33643100.0 0.0 142583000000.0 140682000.0 0.0 0.0 104896000.0 13168400000.0 3310550.0 4330680.0 23555.7 -1.36 2.204 [-1.36]
22387200000000.0 19153300000000.0 90558200000.0 5579690000.0 433730.0 15217100000.0 30582100.0 0.0 142067000000.0 126319000.0 0.0 0.0 103172000.0 12932100000.0 3061140.0 4004920.0 21724.6 -1.34 2.2 [-1.34]
22387200000000.0 18479600000000.0 88742100000.0 5268650000.0 391696.0 14673700000.0 27809700.0 0.0 141548000000.0 113475000.0 0.0 0.0 101513000.0 12704600000.0 2832520.0 3706180.0 20051.4 -1.32 2.196 [-1.32]
22387200000000.0 17831800000000.0 86971200000.0 4975710000.0 354022.0 14149200000.0 25296100.0 0.0 141025000000.0 101976000.0 0.0 0.0 99915700.0 12485200000.0 2622700.0 3431860.0 18520.2 -1.3 2.193 [-1.3]
22387200000000.0 17212700000000.0 85254400000.0 4701390000.0 320340.0 13645900000.0 23023600.0 0.0 140505000000.0 91711500.0 0.0 0.0 98387200.0 12274900000.0 2430510.0 3180500.0 17121.6 -1.28 2.189 [-1.28]
22387200000000.0 16618900000000.0 83583900000.0 4443590000.0 290137.0 13161400000.0 20964500.0 0.0 139985000000.0 82527400.0 0.0 0.0 96919200.0 12072500000.0 2254080.0 2949630.0 15841.1 -1.26 2.186 [-1.26]
22387200000000.0 16050900000000.0 81962400000.0 4201860000.0 263066.0 12696200000.0 19100300.0 0.0 139469000000.0 74317200.0 0.0 0.0 95513400.0 11878300000.0 2092160.0 2737680.0 14668.9 -1.24 2.182 [-1.24]
22387200000000.0 15504200000000.0 80378500000.0 3973830000.0 238701.0 12247200000.0 17406800.0 0.0 138952000000.0 66950400.0 0.0 0.0 94158200.0 11690700000.0 1943050.0 2542430.0 13592.4 -1.22 2.179 [-1.22]
22387200000000.0 14979400000000.0 78835100000.0 3759250000.0 216785.0 11814900000.0 15870000.0 0.0 138437000000.0 60347400.0 0.0 0.0 92855500.0 11510000000.0 1805800.0 2362660.0 12604.1 -1.2 2.175 [-1.2]
22387200000000.0 14475500000000.0 77330300000.0 3557240000.0 197051.0 11398700000.0 14474600.0 0.0 137924000000.0 54425800.0 0.0 0.0 91603200.0 11335900000.0 1679390.0 2197030.0 11695.9 -1.18 2.172 [-1.18]
