Cloudy_runs/h1821/z=0.170006/component_III_PI_nH/component_III_PI_nH_col_density_param.txt
# %ECSV 1.0
# ---
# datatype:
# - {name: H, datatype: float64}
# - {name: H+, datatype: float64}
# - {name: C+, datatype: float64}
# - {name: C+2, datatype: float64}
# - {name: C+3, datatype: float64}
# - {name: N+, datatype: float64}
# - {name: N+2, datatype: float64}
# - {name: N+4, datatype: float64}
# - {name: O, datatype: float64}
# - {name: O+2, datatype: float64}
# - {name: O+5, datatype: float64}
# - {name: O+6, datatype: float64}
# - {name: P+, datatype: float64}
# - {name: Si+, datatype: float64}
# - {name: Si+2, datatype: float64}
# - {name: Si+3, datatype: float64}
# - {name: Si+4, datatype: float64}
# - {name: log_nH, datatype: float64}
# - {name: log_Te, datatype: float64}
# - {name: parameters, datatype: string, subtype: 'float64[1]'}
# schema: astropy-2.0
H H+ C+ C+2 C+3 N+ N+2 N+4 O O+2 O+5 O+6 P+ Si+ Si+2 Si+3 Si+4 log_nH log_Te parameters
[from data line 59]
22387200000000.0 5286010000000000.0 974987000000.0 10825500000000.0 2161820000000.0 201982000000.0 2273560000000.0 123255000000.0 4577940000.0 15405700000000.0 20929300000.0 439750000.0 2303270000.0 298602000000.0 307760000000.0 722450000000.0 366811000000.0 -3.82 3.064 [-3.82]
22387200000000.0 4991990000000000.0 965264000000.0 10282900000000.0 1965290000000.0 206766000000.0 2175960000000.0 106583000000.0 5069830000.0 14815700000000.0 17182200000.0 344295000.0 2315600000.0 309595000000.0 296431000000.0 676980000000.0 321773000000.0 -3.8 3.064 [-3.8]
22387200000000.0 4715340000000000.0 955446000000.0 9765110000000.0 1785250000000.0 211457000000.0 2080560000000.0 92113300000.0 5605170000.0 14226900000000.0 14091400000.0 269314000.0 2323170000.0 319833000000.0 284583000000.0 632847000000.0 281537000000.0 -3.78 3.052 [-3.78]
22387200000000.0 4454980000000000.0 945564000000.0 9271200000000.0 1620400000000.0 216050000000.0 1987460000000.0 79562500000.0 6186650000.0 13641200000000.0 11544300000.0 210467000.0 2326190000.0 329232000000.0 272323000000.0 590198000000.0 245706000000.0 -3.76 3.052 [-3.76]
22387200000000.0 4209290000000000.0 935618000000.0 8799000000000.0 1469190000000.0 220543000000.0 1896530000000.0 68658300000.0 6818240000.0 13058700000000.0 9442870000.0 164231000.0 2324870000.0 337731000000.0 259725000000.0 549049000000.0 213833000000.0 -3.74 3.042 [-3.74]
22387200000000.0 3979300000000000.0 925756000000.0 8351570000000.0 1331610000000.0 224911000000.0 1808590000000.0 59264100000.0 7498750000.0 12486300000000.0 7723120000.0 128194000.0 2319600000.0 345223000000.0 247010000000.0 509841000000.0 185772000000.0 -3.72 3.031 [-3.72]
22387200000000.0 3762220000000000.0 915903000000.0 7924220000000.0 1205550000000.0 229164000000.0 1722990000000.0 51111100000.0 8234660000.0 11920500000000.0 6306890000.0 99922900.0 2310530000.0 351701000000.0 234176000000.0 472327000000.0 160967000000.0 -3.7 3.021 [-3.7]
22387200000000.0 3557880000000000.0 906121000000.0 7517380000000.0 1090440000000.0 233290000000.0 1640020000000.0 44059700000.0 9027330000.0 11364500000000.0 5144930000.0 77825300.0 2297990000.0 357116000000.0 221358000000.0 436678000000.0 139166000000.0 -3.68 3.011 [-3.68]
22387200000000.0 3365650000000000.0 896463000000.0 7130450000000.0 985431000000.0 237280000000.0 1559760000000.0 37967500000.0 9878840000.0 10820000000000.0 4193140000.0 60577500.0 2282320000.0 361446000000.0 208662000000.0 402948000000.0 120074000000.0 -3.66 3.002 [-3.66]
22387200000000.0 3184780000000000.0 886948000000.0 6762580000000.0 889724000000.0 241128000000.0 1482250000000.0 32706500000.0 10791600000.0 10288100000000.0 3414280000.0 47125800.0 2263800000.0 364688000000.0 196171000000.0 371153000000.0 103403000000.0 -3.64 2.992 [-3.64]
22387200000000.0 3014660000000000.0 877610000000.0 6413070000000.0 802585000000.0 244827000000.0 1407520000000.0 28166900000.0 11767400000.0 9770230000000.0 2777820000.0 36645900.0 2242730000.0 366853000000.0 183970000000.0 341298000000.0 88892200000.0 -3.62 2.983 [-3.62]
22387200000000.0 2854580000000000.0 868442000000.0 6080970000000.0 723308000000.0 248371000000.0 1335530000000.0 24250200000.0 12808700000.0 9266970000000.0 2258040000.0 28484200.0 2219350000.0 367967000000.0 172115000000.0 313349000000.0 76292200000.0 -3.6 2.974 [-3.6]
22387200000000.0 2704060000000000.0 859488000000.0 5765760000000.0 651284000000.0 251752000000.0 1266330000000.0 20874500000.0 13916600000.0 8779600000000.0 1834290000.0 22136000.0 2193980000.0 368069000000.0 160674000000.0 287289000000.0 65386600000.0 -3.58 2.956 [-3.58]
22387200000000.0 2562510000000000.0 850754000000.0 5466640000000.0 585915000000.0 254965000000.0 1199880000000.0 17966000000.0 15092600000.0 8308690000000.0 1489100000.0 17200700.0 2166860000.0 367206000000.0 149691000000.0 263061000000.0 55970100000.0 -3.56 2.948 [-3.56]
22387200000000.0 2429420000000000.0 842245000000.0 5182890000000.0 526654000000.0 258004000000.0 1136160000000.0 15461100000.0 16337800000.0 7854830000000.0 1208180000.0 13365700.0 2138240000.0 365438000000.0 139202000000.0 240604000000.0 47858100000.0 -3.54 2.94 [-3.54]
22387200000000.0 2304260000000000.0 833960000000.0 4913790000000.0 472989000000.0 260863000000.0 1075130000000.0 13304300000.0 17653100000.0 7418380000000.0 979755000.0 10386600.0 2108310000.0 362830000000.0 129229000000.0 219842000000.0 40884100000.0 -3.52 2.931 [-3.52]
22387200000000.0 2186560000000000.0 825896000000.0 4658630000000.0 424448000000.0 263538000000.0 1016730000000.0 11447700000.0 19039300000.0 6999550000000.0 794151000.0 8072910.0 2077270000.0 359454000000.0 119787000000.0 200696000000.0 34899900000.0 -3.5 2.923 [-3.5]
22387200000000.0 2075850000000000.0 818045000000.0 4416720000000.0 380589000000.0 266025000000.0 960893000000.0 9849780000.0 20496800000.0 6598440000000.0 643443000.0 6276230.0 2045290000.0 355381000000.0 110883000000.0 183078000000.0 29773500000.0 -3.48 2.908 [-3.48]
22387200000000.0 1971420000000000.0 810371000000.0 4186770000000.0 340912000000.0 268315000000.0 907422000000.0 8471410000.0 22028300000.0 6213970000000.0 520895000.0 4878160.0 2012430000.0 350669000000.0 102493000000.0 166856000000.0 25378700000.0 -3.46 2.893 [-3.46]
22387200000000.0 1873700000000000.0 802935000000.0 3970050000000.0 305317000000.0 270413000000.0 856662000000.0 7291510000.0 23625700000.0 5849130000000.0 421946000.0 3797440.0 1979130000.0 345449000000.0 94673900000.0 152063000000.0 21641000000.0 -3.44 2.885 [-3.44]
22387200000000.0 1781400000000000.0 795635000000.0 3763910000000.0 273166000000.0 272307000000.0 808089000000.0 6273000000.0 25297300000.0 5500350000000.0 341494000.0 2955440.0 1945160000.0 339731000000.0 87344200000.0 138478000000.0 18441500000.0 -3.42 2.833 [-3.42]
22387200000000.0 1694490000000000.0 788489000000.0 3568530000000.0 244239000000.0 273995000000.0 761795000000.0 5396670000.0 27039200000.0 5168560000000.0 276301000.0 2301270.0 1910770000.0 333608000000.0 80513200000.0 126060000000.0 15713200000.0 -3.4 2.828 [-3.4]
22387200000000.0 1612600000000000.0 781474000000.0 3383280000000.0 218232000000.0 275475000000.0 717684000000.0 4642470000.0 28850800000.0 4853250000000.0 223480000.0 1792760.0 1876040000.0 327143000000.0 74158700000.0 114718000000.0 13387800000.0 -3.38 2.814 [-3.38]
22387200000000.0 1535400000000000.0 774570000000.0 3207600000000.0 194873000000.0 276744000000.0 675674000000.0 3993340000.0 30731100000.0 4553950000000.0 180695000.0 0.0 1841040000.0 320396000000.0 68258300000.0 104368000000.0 11406600000.0 -3.36 2.811 [-3.36]
22387200000000.0 1462580000000000.0 767758000000.0 3040990000000.0 173908000000.0 277796000000.0 635685000000.0 3434600000.0 32678900000.0 4270160000000.0 146050000.0 0.0 1805850000.0 313423000000.0 62788500000.0 94930900000.0 9719430000.0 -3.34 2.798 [-3.34]
22387200000000.0 1393860000000000.0 761017000000.0 2882940000000.0 155107000000.0 278631000000.0 597635000000.0 2953600000.0 34692600000.0 4001340000000.0 118002000.0 0.0 1770530000.0 306276000000.0 57724500000.0 86331400000.0 8282900000.0 -3.32 2.792 [-3.32]
22387200000000.0 1328950000000000.0 754328000000.0 2732980000000.0 138259000000.0 279245000000.0 561446000000.0 2539510000.0 36770600000.0 3746920000000.0 95301800.0 0.0 1735130000.0 299000000000.0 53041900000.0 78498900000.0 7059950000.0 -3.3 2.783 [-3.3]
22387200000000.0 1267610000000000.0 747672000000.0 2590670000000.0 123171000000.0 279635000000.0 527040000000.0 2182970000.0 38910700000.0 3506310000000.0 76933800.0 0.0 1699700000.0 291635000000.0 48716100000.0 71367600000.0 6018850000.0 -3.28 2.768 [-3.28]
22387200000000.0 1209600000000000.0 741030000000.0 2455590000000.0 109668000000.0 279799000000.0 494344000000.0 1875990000.0 41110900000.0 3278940000000.0 62075600.0 0.0 1664290000.0 284219000000.0 44723300000.0 64876600000.0 5132510000.0 -3.26 2.761 [-3.26]
22387200000000.0 1154700000000000.0 734385000000.0 2327340000000.0 97591900000.0 279733000000.0 463288000000.0 1611670000.0 43368700000.0 3064220000000.0 50060000.0 0.0 1628930000.0 276784000000.0 41040400000.0 58969600000.0 4377850000.0 -3.24 2.757 [-3.24]
22387200000000.0 1102710000000000.0 727720000000.0 2205550000000.0 86797700000.0 279437000000.0 433801000000.0 1384080000.0 45681500000.0 2861580000000.0 40346500.0 0.0 1593660000.0 269356000000.0 37645400000.0 53594700000.0 3735180000.0 -3.22 2.737 [-3.22]
22387200000000.0 1053440000000000.0 721019000000.0 2089870000000.0 77154900000.0 278908000000.0 405820000000.0 1188120000.0 48046200000.0 2670450000000.0 32496800.0 0.0 1558520000.0 261961000000.0 34517300000.0 48704400000.0 3187780000.0 -3.2 2.718 [-3.2]
22387200000000.0 1006540000000000.0 714236000000.0 1979580000000.0 68521500000.0 278128000000.0 379198000000.0 1018940000.0 50464400000.0 2489690000000.0 26141100.0 0.0 1523400000.0 254590000000.0 31627400000.0 44241500000.0 2720240000.0 -3.18 2.713 [-3.18]
22387200000000.0 962189000000000.0 707415000000.0 1875150000000.0 60840900000.0 277127000000.0 354045000000.0 873791000.0 52923900000.0 2319960000000.0 21023900.0 0.0 1488590000.0 247318000000.0 28975300000.0 40194200000.0 2322910000.0 -3.16 2.708 [-3.16]
22387200000000.0 920062000000000.0 700511000000.0 1775900000000.0 53990600000.0 275888000000.0 330217000000.0 748869000.0 55425600000.0 2160120000000.0 16894300.0 0.0 1453980000.0 240132000000.0 26534100000.0 36511700000.0 1984180000.0 -3.14 2.702 [-3.14]
22387200000000.0 880016000000000.0 693512000000.0 1681540000000.0 47883800000.0 274411000000.0 307660000000.0 641384000.0 57965700000.0 2009670000000.0 13563500.0 0.0 1419600000.0 233043000000.0 24287700000.0 33161000000.0 1695320000.0 -3.12 2.697 [-3.12]
22387200000000.0 841919000000000.0 686404000000.0 1591840000000.0 42442900000.0 272697000000.0 286323000000.0 548933000.0 60540500000.0 1868140000000.0 10878800.0 0.0 1385460000.0 226062000000.0 22220800000.0 30111800000.0 1448910000.0 -3.1 2.692 [-3.1]
22387200000000.0 805794000000000.0 679210000000.0 1506870000000.0 37612400000.0 270766000000.0 266223000000.0 469689000.0 63140700000.0 1735530000000.0 8721840.0 0.0 1351730000.0 219227000000.0 20326000000.0 27346300000.0 1239210000.0 -3.08 2.686 [-3.08]
22387200000000.0 771235000000000.0 671849000000.0 1425730000000.0 33298300000.0 268578000000.0 247173000000.0 401339000.0 65772500000.0 1610440000000.0 6980310.0 0.0 1318140000.0 212483000000.0 18577100000.0 24820300000.0 1059640000.0 -3.06 2.681 [-3.06]
22387200000000.0 738142000000000.0 664305000000.0 1348220000000.0 29447800000.0 266131000000.0 229136000000.0 342432000.0 68432300000.0 1492510000000.0 5575970.0 0.0 1284700000.0 205835000000.0 16963000000.0 22513100000.0 905856000.0 -3.04 2.675 [-3.04]
22387200000000.0 706701000000000.0 656643000000.0 1274820000000.0 26036200000.0 263474000000.0 212198000000.0 292047000.0 71104700000.0 1382230000000.0 4451340.0 0.0 1251720000.0 199348000000.0 15484900000.0 20421100000.0 774929000.0 -3.02 2.67 [-3.02]
22387200000000.0 676813000000000.0 648858000000.0 1205300000000.0 23014600000.0 260614000000.0 196308000000.0 248965000.0 73784700000.0 1279170000000.0 3551200.0 0.0 1219210000.0 193025000000.0 14131400000.0 18524000000.0 663394000.0 -3.0 2.664 [-3.0]
22387200000000.0 648122000000000.0 640859000000.0 1138860000000.0 20320700000.0 257503000000.0 181307000000.0 211884000.0 76479600000.0 1182150000000.0 2827000.0 0.0 1186890000.0 186806000000.0 12882800000.0 16790400000.0 567738000.0 -2.98 2.658 [-2.98]
22387200000000.0 620685000000000.0 632679000000.0 1075660000000.0 17929300000.0 254170000000.0 167216000000.0 180117000.0 79179000000.0 1091240000000.0 2247020.0 0.0 1154920000.0 180722000000.0 11735800000.0 15212600000.0 485958000.0 -2.96 2.652 [-2.96]
22387200000000.0 594302000000000.0 624263000000.0 1015260000000.0 15799900000.0 250591000000.0 153945000000.0 152829000.0 81884500000.0 1005780000000.0 1781740.0 0.0 1123150000.0 174741000000.0 10678400000.0 13771000000.0 415799000.0 -2.94 2.646 [-2.94]
22387200000000.0 569167000000000.0 615701000000.0 958089000000.0 13919400000.0 246833000000.0 141565000000.0 129592000.0 84579300000.0 926196000000.0 1411490.0 0.0 1091910000.0 168929000000.0 9712090000.0 12464900000.0 356013000.0 -2.92 2.64 [-2.92]
22387200000000.0 545086000000000.0 606943000000.0 903729000000.0 12253300000.0 242875000000.0 129983000000.0 109744000.0 87264800000.0 851815000000.0 1116200.0 0.0 1061050000.0 163251000000.0 8825640000.0 11276700000.0 304867000.0 -2.9 2.634 [-2.9]
22387200000000.0 522129000000000.0 598044000000.0 852324000000.0 10783800000.0 238761000000.0 119213000000.0 92874800.0 89929900000.0 782688000000.0 881845.0 0.0 1030760000.0 157740000000.0 8016500000.0 10200700000.0 261260000.0 -2.88 2.628 [-2.88]
22387200000000.0 499881000000000.0 588847000000.0 802957000000.0 9472990000.0 234398000000.0 109086000000.0 78382900.0 92588600000.0 717646000000.0 694230.0 0.0 1000570000.0 152302000000.0 7268810000.0 9213940000.0 223675000.0 -2.86 2.621 [-2.86]
22387200000000.0 478643000000000.0 579502000000.0 756290000000.0 8318740000.0 229897000000.0 99697700000.0 66099900.0 95218600000.0 657320000000.0 545891.0 0.0 970943000.0 147027000000.0 6587160000.0 8320900000.0 191625000.0 -2.84 2.615 [-2.84]
22387200000000.0 458261000000000.0 569968000000.0 711970000000.0 7299000000.0 225237000000.0 90974100000.0 55660700.0 97821000000.0 601200000000.0 428396.0 0.0 941761000.0 141883000000.0 5963650000.0 7509620000.0 164195000.0 -2.82 2.609 [-2.82]
22387200000000.0 438692000000000.0 560251000000.0 669896000000.0 6398800000.0 220433000000.0 82882700000.0 46800800.0 100392000000.0 549062000000.0 335509.0 0.0 913031000.0 136872000000.0 5393810000.0 6772950000.0 140717000.0 -2.8 2.602 [-2.8]
22387200000000.0 419901000000000.0 550361000000.0 629977000000.0 5604820000.0 215498000000.0 75392500000.0 39292900.0 102926000000.0 500696000000.0 0.0 0.0 884773000.0 131991000000.0 4873570000.0 6104440000.0 120620000.0 -2.78 2.596 [-2.78]
22387200000000.0 401856000000000.0 540311000000.0 592123000000.0 4905170000.0 210448000000.0 68472300000.0 32940700.0 105419000000.0 455902000000.0 0.0 0.0 857002000.0 127241000000.0 4399130000.0 5498170000.0 103417000.0 -2.76 2.589 [-2.76]
22387200000000.0 384525000000000.0 530112000000.0 556250000000.0 4289180000.0 205298000000.0 62091300000.0 27574700.0 107868000000.0 414481000000.0 0.0 0.0 829735000.0 122621000000.0 3966920000.0 4948700000.0 88691400.0 -2.74 2.583 [-2.74]
22387200000000.0 367880000000000.0 519782000000.0 522276000000.0 3747370000.0 200065000000.0 56219700000.0 23049400.0 110269000000.0 376248000000.0 0.0 0.0 802988000.0 118130000000.0 3573670000.0 4451100000.0 76085700.0 -2.72 2.576 [-2.72]
22387200000000.0 351897000000000.0 509337000000.0 490126000000.0 3271310000.0 194766000000.0 50828100000.0 19239600.0 112617000000.0 341023000000.0 0.0 0.0 776782000.0 113768000000.0 3216340000.0 4000850000.0 65294900.0 -2.7 2.57 [-2.7]
22387200000000.0 336549000000000.0 498797000000.0 459720000000.0 2853370000.0 189418000000.0 45887200000.0 16037200.0 114909000000.0 308625000000.0 0.0 0.0 751130000.0 109535000000.0 2892020000.0 3593740000.0 56056700.0 -2.68 2.563 [-2.68]
22387200000000.0 321938000000000.0 488265000000.0 431231000000.0 2489130000.0 184093000000.0 41396100000.0 13365200.0 117136000000.0 279078000000.0 0.0 0.0 726256000.0 105465000000.0 2599870000.0 3228290000.0 48188600.0 -2.66 2.557 [-2.66]
22387200000000.0 307677000000000.0 477511000000.0 403860000000.0 2165770000.0 178643000000.0 37245400000.0 11099100.0 119314000000.0 251645000000.0 0.0 0.0 701554000.0 101451000000.0 2331990000.0 2894060000.0 41374900.0 -2.64 2.55 [-2.64]
