Cloudy_runs/pg0832/z=0.017505/logZ=1/component_III_PI_nH/component_III_PI_nH_col_density_param.txt
# %ECSV 1.0
# ---
# datatype:
# - {name: H, datatype: float64}
# - {name: H+, datatype: float64}
# - {name: C+, datatype: float64}
# - {name: C+2, datatype: float64}
# - {name: C+3, datatype: float64}
# - {name: N+, datatype: float64}
# - {name: N+2, datatype: float64}
# - {name: N+4, datatype: float64}
# - {name: O, datatype: float64}
# - {name: O+2, datatype: float64}
# - {name: O+5, datatype: float64}
# - {name: O+6, datatype: float64}
# - {name: P+, datatype: float64}
# - {name: Si+, datatype: float64}
# - {name: Si+2, datatype: float64}
# - {name: Si+3, datatype: float64}
# - {name: Si+4, datatype: float64}
# - {name: Fe+, datatype: float64}
# - {name: Al+, datatype: float64}
# - {name: log_nH, datatype: float64}
# - {name: parameters, datatype: string, subtype: 'float64[1]'}
# schema: astropy-2.0
H H+ C+ C+2 C+3 N+ N+2 N+4 O O+2 O+5 O+6 P+ Si+ Si+2 Si+3 Si+4 Fe+ Al+ log_nH parameters
[from data line 56]
1.65978e+18 6.25491e+19 3.79657e+16 1.28151e+17 5860080000000000.0 1.48294e+16 2.53982e+16 192027000000000.0 4734960000000000.0 1.7818e+17 11627100000000.0 141770000000.0 74100700000000.0 1.29233e+16 2452510000000000.0 4790430000000000.0 619271000000000.0 1783890000000000.0 330773000000000.0 -3.88 [-3.88]
1.6596e+18 5.96379e+19 3.7564e+16 1.21329e+17 5332170000000000.0 1.47294e+16 2.37921e+16 169339000000000.0 4883970000000000.0 1.66698e+17 9687870000000.0 111902000000.0 72604900000000.0 1.26073e+16 2265710000000000.0 4431960000000000.0 540168000000000.0 1828630000000000.0 324854000000000.0 -3.86 [-3.86]
1.6597e+18 5.68426e+19 3.71567e+16 1.14785e+17 4836640000000000.0 1.46184e+16 2.22575e+16 148893000000000.0 5034500000000000.0 1.55749e+17 8037610000000.0 88267000000.0 71099600000000.0 1.22897e+16 2089820000000000.0 4093030000000000.0 469311000000000.0 1872090000000000.0 319039000000000.0 -3.84 [-3.84]
1.65989e+18 5.41888e+19 3.67407e+16 1.0858e+17 4383340000000000.0 1.44959e+16 2.08086e+16 130799000000000.0 5184820000000000.0 1.45453e+17 6659720000000.0 68736000000.0 69595400000000.0 1.19742e+16 1925910000000000.0 3776580000000000.0 407330000000000.0 1913710000000000.0 313454000000000.0 -3.82 [-3.82]
1.65967e+18 5.16689e+19 3.6309e+16 1.02703e+17 3970060000000000.0 1.43598e+16 1.94435e+16 114848000000000.0 5332530000000000.0 1.35784e+17 5516800000000.0 54271300000.0 68088500000000.0 1.16599e+16 1773820000000000.0 3481940000000000.0 353416000000000.0 1952420000000000.0 308062000000000.0 -3.8 [-3.8]
1.65963e+18 4.92937e+19 3.58642e+16 9.71791e+16 3598490000000000.0 1.42133e+16 1.81666e+16 100880000000000.0 5480200000000000.0 1.26771e+17 4572460000000.0 42194100000.0 66595500000000.0 1.13509e+16 1633510000000000.0 3209380000000000.0 306933000000000.0 1988960000000000.0 302945000000000.0 -3.78 [-3.78]
1.65975e+18 4.70186e+19 3.54179e+16 9.18941e+16 3253960000000000.0 1.4058e+16 1.6952e+16 88428700000000.0 5628210000000000.0 1.18222e+17 3781590000000.0 33007700000.0 65099100000000.0 1.10425e+16 1502260000000000.0 2953960000000000.0 265963000000000.0 2024450000000000.0 297950000000000.0 -3.76 [-3.76]
1.6596e+18 4.48505e+19 3.49584e+16 8.68742e+16 2939640000000000.0 1.38914e+16 1.58061e+16 77425300000000.0 5773940000000000.0 1.1018e+17 3122380000000.0 24522700000.0 63601300000000.0 1.07361e+16 1380310000000000.0 2716300000000000.0 230238000000000.0 2057240000000000.0 293081000000000.0 -3.74 [-3.74]
1.65967e+18 4.27848e+19 3.4491e+16 8.21059e+16 2652810000000000.0 1.37159e+16 1.47246e+16 67708200000000.0 5919960000000000.0 1.0261e+17 2575250000000.0 18806500000.0 62108600000000.0 1.04328e+16 1267140000000000.0 2495280000000000.0 199144000000000.0 2088490000000000.0 288363000000000.0 -3.72 [-3.72]
1.65983e+18 4.08211e+19 3.40192e+16 7.75869e+16 2391790000000000.0 1.35326e+16 1.37072e+16 59152300000000.0 6065430000000000.0 9.55076e+16 2121720000000.0 14202300000.0 60627900000000.0 1.01335e+16 1162520000000000.0 2290530000000000.0 172160000000000.0 2118020000000000.0 283788000000000.0 -3.7 [-3.7]
1.65961e+18 3.89519e+19 3.35383e+16 7.33026e+16 2154560000000000.0 1.33408e+16 1.27503e+16 51623900000000.0 6207450000000000.0 8.88439e+16 1746090000000.0 10227600000.0 59155100000000.0 9837940000000000.0 1065800000000000.0 2100970000000000.0 148749000000000.0 2145340000000000.0 279311000000000.0 -3.68 [-3.68]
1.65984e+18 3.71923e+19 3.30549e+16 6.92879e+16 1942640000000000.0 1.31451e+16 1.18593e+16 45067000000000.0 6350050000000000.0 8.26537e+16 1437990000000.0 7166040000.0 57712300000000.0 9550890000000000.0 977231000000000.0 1926910000000000.0 128714000000000.0 2171670000000000.0 275053000000000.0 -3.66 [-3.66]
1.65966e+18 3.54994e+19 3.25602e+16 6.54433e+16 1747660000000000.0 1.29391e+16 1.10149e+16 39252200000000.0 6489500000000000.0 7.67975e+16 1180730000000.0 4956970000.0 56264500000000.0 9264630000000000.0 894821000000000.0 1764860000000000.0 111153000000000.0 2195410000000000.0 270795000000000.0 -3.64 [-3.64]
1.65984e+18 3.38916e+19 3.20675e+16 6.18057e+16 1571040000000000.0 1.27296e+16 1.02226e+16 34149700000000.0 6629290000000000.0 7.13136e+16 968694000000.0 3337340000.0 54839000000000.0 8984600000000000.0 818871000000000.0 1615370000000000.0 95963200000000.0 2218450000000000.0 266666000000000.0 -3.62 [-3.62]
1.65967e+18 3.23589e+19 3.15669e+16 5.8358e+16 1411140000000000.0 1.25135e+16 9479120000000000.0 29674800000000.0 6765460000000000.0 6.61762e+16 793705000000.0 0.0 53425700000000.0 8709180000000000.0 748887000000000.0 1477420000000000.0 82821200000000.0 2239390000000000.0 262602000000000.0 -3.6 [-3.6]
1.65988e+18 3.08975e+19 3.10635e+16 5.5089e+16 1266340000000000.0 1.22925e+16 8781490000000000.0 25751700000000.0 6902270000000000.0 6.13615e+16 649017000000.0 0.0 52029500000000.0 8438980000000000.0 684407000000000.0 1350200000000000.0 71444000000000.0 2259030000000000.0 258615000000000.0 -3.58 [-3.58]
1.65967e+18 2.95038e+19 3.05553e+16 5.19901e+16 1135250000000000.0 1.20666e+16 8127250000000000.0 22315500000000.0 7034720000000000.0 5.68519e+16 530187000000.0 0.0 50648700000000.0 8173870000000000.0 625029000000000.0 1232980000000000.0 61598400000000.0 2277060000000000.0 254673000000000.0 -3.56 [-3.56]
1.6598e+18 2.81771e+19 3.00485e+16 4.90568e+16 1016810000000000.0 1.18381e+16 7514770000000000.0 19312200000000.0 7167150000000000.0 5.26346e+16 432520000000.0 0.0 49291300000000.0 7915030000000000.0 570453000000000.0 1125170000000000.0 53093300000000.0 2294230000000000.0 250811000000000.0 -3.54 [-3.54]
1.65963e+18 2.69105e+19 2.95354e+16 4.62776e+16 909974000000000.0 1.16047e+16 6941740000000000.0 16689900000000.0 7295800000000000.0 4.86909e+16 351917000000.0 0.0 47949700000000.0 7661300000000000.0 520287000000000.0 1026040000000000.0 45747500000000.0 2309340000000000.0 246976000000000.0 -3.52 [-3.52]
1.65981e+18 2.5704e+19 2.90232e+16 4.36485e+16 813685000000000.0 1.13693e+16 6406110000000000.0 14403200000000.0 7424290000000000.0 4.50061e+16 286103000000.0 0.0 46631900000000.0 7413980000000000.0 474209000000000.0 934979000000000.0 39406600000000.0 2323660000000000.0 243200000000000.0 -3.5 [-3.5]
1.65964e+18 2.45537e+19 2.85088e+16 4.11609e+16 726998000000000.0 1.11311e+16 5906200000000000.0 12413700000000.0 7548360000000000.0 4.15676e+16 232275000000.0 0.0 45335000000000.0 7172430000000000.0 431974000000000.0 851491000000000.0 33941600000000.0 2336500000000000.0 239453000000000.0 -3.48 [-3.48]
1.65974e+18 2.34542e+19 2.79924e+16 3.88033e+16 648884000000000.0 1.089e+16 5439270000000000.0 10682200000000.0 7671890000000000.0 3.8355e+16 187980000000.0 0.0 44058200000000.0 6936390000000000.0 393211000000000.0 774836000000000.0 29222800000000.0 2347800000000000.0 235735000000000.0 -3.46 [-3.46]
1.65964e+18 2.24064e+19 2.74753e+16 3.65761e+16 578774000000000.0 1.06474e+16 5004490000000000.0 9180040000000.0 7791560000000000.0 3.53621e+16 152038000000.0 0.0 42805100000000.0 6706600000000000.0 357715000000000.0 704674000000000.0 25157400000000.0 2357670000000000.0 232037000000000.0 -3.44 [-3.44]
1.65977e+18 2.14074e+19 2.6962e+16 3.44689e+16 515686000000000.0 1.04047e+16 4599220000000000.0 7876000000000.0 7909900000000000.0 3.2571e+16 122722000000.0 0.0 41578400000000.0 6483230000000000.0 325185000000000.0 640428000000000.0 21649600000000.0 2366770000000000.0 228380000000000.0 -3.42 [-3.42]
1.65964e+18 2.04508e+19 2.64448e+16 3.2472e+16 459023000000000.0 1.01594e+16 4221750000000000.0 6746100000000.0 8024260000000000.0 2.99682e+16 98588600000.0 0.0 40369800000000.0 6264930000000000.0 295379000000000.0 581576000000000.0 18626000000000.0 2374010000000000.0 224722000000000.0 -3.4 [-3.4]
1.6596e+18 1.95402e+19 2.59314e+16 3.05888e+16 408388000000000.0 9914770000000000.0 3871550000000000.0 5770680000000.0 8136320000000000.0 2.75496e+16 79256500000.0 0.0 39189600000000.0 6053420000000000.0 268152000000000.0 527846000000000.0 16027800000000.0 2380300000000000.0 221111000000000.0 -3.38 [-3.38]
1.65974e+18 1.86697e+19 2.54186e+16 2.88075e+16 363006000000000.0 9669570000000000.0 3546380000000000.0 4928550000000.0 8246780000000000.0 2.52999e+16 63569300000.0 0.0 38033000000000.0 5847640000000000.0 243264000000000.0 478749000000000.0 13789800000000.0 2385020000000000.0 217513000000000.0 -3.36 [-3.36]
1.65965e+18 1.78381e+19 2.49073e+16 2.71237e+16 322359000000000.0 9424560000000000.0 3244710000000000.0 4202330000000.0 8352820000000000.0 2.32092e+16 50605700000.0 0.0 36900500000000.0 5647660000000000.0 220517000000000.0 433928000000000.0 11862300000000.0 2388230000000000.0 213926000000000.0 -3.34 [-3.34]
1.65959e+18 1.70428e+19 2.43969e+16 2.55317e+16 286000000000000.0 9179590000000000.0 2965240000000000.0 3577410000000.0 8456130000000000.0 2.12681e+16 40350900000.0 0.0 35791500000000.0 5453250000000000.0 199754000000000.0 393037000000000.0 10202300000000.0 2389670000000000.0 210346000000000.0 -3.32 [-3.32]
1.65981e+18 1.62701e+19 2.38853e+16 2.39995e+16 252535000000000.0 8932870000000000.0 2701360000000000.0 3031040000000.0 8558080000000000.0 1.94357e+16 31859100000.0 0.0 34691400000000.0 5261440000000000.0 180463000000000.0 355315000000000.0 8739750000000.0 2390140000000000.0 206662000000000.0 -3.3 [-3.3]
1.65968e+18 1.55431e+19 2.33784e+16 2.25796e+16 223607000000000.0 8689580000000000.0 2462400000000000.0 2571280000000.0 8654850000000000.0 1.77668e+16 24977800000.0 0.0 33630600000000.0 5078270000000000.0 163193000000000.0 321367000000000.0 7513930000000.0 2388480000000000.0 203095000000000.0 -3.28 [-3.28]
1.65962e+18 1.48477e+19 2.28745e+16 2.12384e+16 197807000000000.0 8447600000000000.0 2241850000000000.0 2177650000000.0 8748770000000000.0 1.6222e+16 19648800000.0 0.0 32594600000000.0 4900610000000000.0 147461000000000.0 290467000000000.0 6459850000000.0 2385040000000000.0 199542000000000.0 -3.26 [-3.26]
1.65979e+18 1.41831e+19 2.23753e+16 1.99729e+16 174819000000000.0 8207760000000000.0 2038570000000000.0 1841190000000.0 8840820000000000.0 1.47935e+16 15389000000.0 0.0 31585000000000.0 4728640000000000.0 133141000000000.0 262370000000000.0 5553100000000.0 2380010000000000.0 196005000000000.0 -3.24 [-3.24]
1.6597e+18 1.35483e+19 2.18802e+16 1.878e+16 154375000000000.0 7970250000000000.0 1851600000000000.0 1554330000000.0 8928000000000000.0 1.34754e+16 11776700000.0 0.0 30601100000000.0 4562200000000000.0 120128000000000.0 236861000000000.0 4774120000000.0 2373120000000000.0 192481000000000.0 -3.22 [-3.22]
1.65963e+18 1.29415e+19 2.13902e+16 1.7655e+16 136200000000000.0 7735310000000000.0 1679810000000000.0 1310050000000.0 9011850000000000.0 1.22602e+16 9038420000.0 0.0 29643200000000.0 4401190000000000.0 108308000000000.0 213707000000000.0 4104680000000.0 2364320000000000.0 188975000000000.0 -3.2 [-3.2]
1.65959e+18 1.236e+19 2.09028e+16 1.65932e+16 120040000000000.0 7502530000000000.0 1521840000000000.0 1102090000000.0 9092740000000000.0 1.1138e+16 6720670000.0 0.0 28707900000000.0 4245110000000000.0 97553500000000.0 192664000000000.0 3528550000000.0 2353560000000000.0 185471000000000.0 -3.18 [-3.18]
1.65967e+18 1.18035e+19 2.04203e+16 1.55922e+16 105712000000000.0 7272470000000000.0 1377160000000000.0 925755000000.0 9170890000000000.0 1.01063e+16 4742850000.0 0.0 27797500000000.0 4094130000000000.0 87804900000000.0 173593000000000.0 3033830000000.0 2340610000000000.0 181987000000000.0 -3.16 [-3.16]
1.65962e+18 1.12734e+19 1.99463e+16 1.46514e+16 93020400000000.0 7046880000000000.0 1244870000000000.0 776458000000.0 9244740000000000.0 9159430000000000.0 3730180000.0 0.0 26915800000000.0 3948820000000000.0 78978000000000.0 156345000000000.0 2609160000000.0 2326090000000000.0 178535000000000.0 -3.14 [-3.14]
1.65959e+18 1.07649e+19 1.94749e+16 1.37646e+16 81800900000000.0 6823500000000000.0 1124140000000000.0 650447000000.0 9315310000000000.0 8291570000000000.0 2431060000.0 0.0 26055800000000.0 3807970000000000.0 70999400000000.0 140736000000000.0 2244950000000.0 2308810000000000.0 175092000000000.0 -3.12 [-3.12]
1.65969e+18 1.02802e+19 1.90136e+16 1.29308e+16 71860100000000.0 6605280000000000.0 1013770000000000.0 543835000000.0 9383300000000000.0 7494910000000000.0 1513570000.0 0.0 25224300000000.0 3672610000000000.0 63762600000000.0 126611000000000.0 1931490000000.0 2290300000000000.0 171691000000000.0 -3.1 [-3.1]
1.65963e+18 9.81615e+18 1.85572e+16 1.21459e+16 63084100000000.0 6390380000000000.0 913306000000000.0 454119000000.0 9446850000000000.0 6766760000000000.0 0.0 0.0 24415800000000.0 3541770000000000.0 57231200000000.0 113850000000000.0 1662650000000.0 2269370000000000.0 168309000000000.0 -3.08 [-3.08]
1.6596e+18 9.37283e+18 1.81083e+16 1.14082e+16 55341700000000.0 6179790000000000.0 821971000000000.0 378705000000.0 9507170000000000.0 6102030000000000.0 0.0 0.0 23632500000000.0 3415730000000000.0 51337800000000.0 102333000000000.0 1431960000000.0 2246450000000000.0 164960000000000.0 -3.06 [-3.06]
1.65973e+18 8.94917e+18 1.76674e+16 1.07149e+16 48513300000000.0 5973690000000000.0 738961000000000.0 315359000000.0 9565180000000000.0 5495240000000000.0 0.0 0.0 22873900000000.0 3294380000000000.0 46018700000000.0 91939000000000.0 1233830000000.0 2221790000000000.0 161645000000000.0 -3.04 [-3.04]
1.65968e+18 8.54408e+18 1.7233e+16 1.00635e+16 42504900000000.0 5771780000000000.0 663765000000000.0 262331000000.0 9618700000000000.0 4943340000000000.0 0.0 0.0 22138500000000.0 3177400000000000.0 41232700000000.0 82575100000000.0 1063940000000.0 2194970000000000.0 158363000000000.0 -3.02 [-3.02]
1.6596e+18 8.1636e+18 1.68136e+16 9462280000000000.0 37354000000000.0 5577420000000000.0 597043000000000.0 218644000000.0 9668610000000000.0 4449930000000000.0 0.0 0.0 21439100000000.0 3066770000000000.0 37003200000000.0 74234100000000.0 920695000000.0 2166670000000000.0 155220000000000.0 -3.0 [-3.0]
1.65969e+18 7.79493e+18 1.63981e+16 8888860000000000.0 32697500000000.0 5385740000000000.0 535479000000000.0 181537000000.0 9716340000000000.0 3994860000000000.0 0.0 0.0 20754000000000.0 2958900000000000.0 33132400000000.0 66649000000000.0 795347000000.0 2136710000000000.0 152033000000000.0 -2.98 [-2.98]
1.65966e+18 7.44217e+18 1.599e+16 8349980000000000.0 28604100000000.0 5198500000000000.0 479808000000000.0 150540000000.0 9760180000000000.0 3581720000000000.0 0.0 0.0 20090400000000.0 2854980000000000.0 29648300000000.0 59816800000000.0 687530000000.0 2105100000000000.0 148884000000000.0 -2.96 [-2.96]
1.65964e+18 7.10561e+18 1.5591e+16 7844880000000000.0 25014500000000.0 5016380000000000.0 429636000000000.0 124730000000.0 9800920000000000.0 3208070000000000.0 0.0 0.0 19450300000000.0 2755240000000000.0 26522600000000.0 53678400000000.0 594926000000.0 2072160000000000.0 145786000000000.0 -2.94 [-2.94]
1.65961e+18 6.7841e+18 1.5201e+16 7370860000000000.0 21865600000000.0 4839150000000000.0 384441000000000.0 103253000000.0 9838450000000000.0 2870340000000000.0 0.0 0.0 18832300000000.0 2659420000000000.0 23718600000000.0 48162900000000.0 515258000000.0 2038120000000000.0 142740000000000.0 -2.92 [-2.92]
1.65959e+18 6.47731e+18 1.48202e+16 6926690000000000.0 19107600000000.0 4667050000000000.0 343791000000000.0 85412100000.0 9873080000000000.0 2565630000000000.0 0.0 0.0 18236600000000.0 2567500000000000.0 21206000000000.0 43211900000000.0 446744000000.0 2003000000000000.0 139746000000000.0 -2.9 [-2.9]
1.65969e+18 6.18547e+18 1.4451e+16 6511070000000000.0 16695200000000.0 4500690000000000.0 307298000000000.0 70617300000.0 9905360000000000.0 2291370000000000.0 0.0 0.0 17665000000000.0 2479680000000000.0 18958000000000.0 38773900000000.0 387835000000.0 1967150000000000.0 136822000000000.0 -2.88 [-2.88]
1.65966e+18 5.90568e+18 1.40882e+16 6120740000000000.0 14583300000000.0 4338420000000000.0 274516000000000.0 58347400000.0 9934100000000000.0 2044290000000000.0 0.0 0.0 17111200000000.0 2395020000000000.0 16944200000000.0 34785900000000.0 337052000000.0 1930040000000000.0 133938000000000.0 -2.86 [-2.86]
