Cloudy_runs/pg0832/z=0.017505/logZ=1/component_III_PI_nH/component_III_PI_nH_col_density_param.txt
# %ECSV 1.0
# ---
# datatype:
# - {name: H, datatype: float64}
# - {name: H+, datatype: float64}
# - {name: C+, datatype: float64}
# - {name: C+2, datatype: float64}
# - {name: C+3, datatype: float64}
# - {name: N+, datatype: float64}
# - {name: N+2, datatype: float64}
# - {name: N+4, datatype: float64}
# - {name: O, datatype: float64}
# - {name: O+2, datatype: float64}
# - {name: O+5, datatype: float64}
# - {name: O+6, datatype: float64}
# - {name: P+, datatype: float64}
# - {name: Si+, datatype: float64}
# - {name: Si+2, datatype: float64}
# - {name: Si+3, datatype: float64}
# - {name: Si+4, datatype: float64}
# - {name: Fe+, datatype: float64}
# - {name: Al+, datatype: float64}
# - {name: log_nH, datatype: float64}
# - {name: parameters, datatype: string, subtype: 'float64[1]'}
# schema: astropy-2.0
H H+ C+ C+2 C+3 N+ N+2 N+4 O O+2 O+5 O+6 P+ Si+ Si+2 Si+3 Si+4 Fe+ Al+ log_nH parameters
1.65959e+18 1.27253e+21 3.67228e+16 2.11879e+18 5.76607e+17 8409010000000000.0 4.55953e+17 9.25098e+16 176971000000000.0 4.04774e+18 3.08158e+17 1.08775e+17 109647000000000.0 2.9756e+16 5.83156e+16 1.39028e+17 9.06514e+16 41468700000000.0 517759000000000.0 -5.0 [-5.0]
1.65961e+18 1.20716e+21 3.694e+16 2.04179e+18 5.48089e+17 8473760000000000.0 4.39674e+17 8.57005e+16 189900000000000.0 3.87432e+18 2.71379e+17 8.96075e+16 110521000000000.0 2.99335e+16 5.6556e+16 1.30999e+17 8.71098e+16 44064900000000.0 529703000000000.0 -4.98 [-4.98]
1.65994e+18 1.1444e+21 3.71849e+16 1.96809e+18 5.19281e+17 8534450000000000.0 4.23981e+17 7.90572e+16 203403000000000.0 3.70889e+18 2.37139e+17 7.29473e+16 111333000000000.0 3.00363e+16 5.47908e+16 1.23486e+17 8.36756e+16 46775200000000.0 541071000000000.0 -4.96 [-4.96]
1.65991e+18 1.08442e+21 3.74345e+16 1.89636e+18 4.91041e+17 8603680000000000.0 4.08629e+17 7.27634e+16 218217000000000.0 3.5473e+18 2.05814e+17 5.86269e+16 112066000000000.0 3.01278e+16 5.30105e+16 1.16274e+17 8.03843e+16 49766400000000.0 552559000000000.0 -4.94 [-4.94]
1.65959e+18 1.02701e+21 3.77026e+16 1.82716e+18 4.62801e+17 8675800000000000.0 3.93709e+17 6.67429e+16 234039000000000.0 3.39148e+18 1.77119e+17 4.64455e+16 112722000000000.0 3.01731e+16 5.12336e+16 1.09473e+17 7.71968e+16 52982600000000.0 563707000000000.0 -4.92 [-4.92]
1.65963e+18 9.71335e+20 3.80236e+16 1.75963e+18 4.34004e+17 8755350000000000.0 3.79042e+17 6.09239e+16 251526000000000.0 3.24059e+18 1.50585e+17 3.59946e+16 113374000000000.0 3.01788e+16 4.94545e+16 1.03025e+17 7.40189e+16 56562500000000.0 574928000000000.0 -4.9 [-4.9]
1.65962e+18 9.18804e+20 3.83465e+16 1.69432e+18 4.0599e+17 8834540000000000.0 3.64759e+17 5.55506e+16 269900000000000.0 3.09532e+18 1.27122e+17 2.76034e+16 113919000000000.0 3.01353e+16 4.76804e+16 9.69985e+16 7.09566e+16 60358100000000.0 585488000000000.0 -4.88 [-4.88]
1.65965e+18 8.6874e+20 3.86846e+16 1.63014e+18 3.78597e+17 8929280000000000.0 3.50667e+17 5.05798e+16 290701000000000.0 2.95305e+18 1.06339e+17 2.08438e+16 114417000000000.0 3.00818e+16 4.59148e+16 9.1228e+16 6.79588e+16 64693200000000.0 596160000000000.0 -4.86 [-4.86]
1.65959e+18 8.2116e+20 3.90518e+16 1.56819e+18 3.51507e+17 9020680000000000.0 3.37005e+17 4.59013e+16 312355000000000.0 2.81824e+18 8.77517e+16 1.54303e+16 114832000000000.0 2.99539e+16 4.41735e+16 8.59385e+16 6.49862e+16 69272100000000.0 605880000000000.0 -4.84 [-4.84]
1.65965e+18 7.75156e+20 3.9484e+16 1.50584e+18 3.24421e+17 9137850000000000.0 3.23194e+17 4.16183e+16 337843000000000.0 2.68432e+18 7.17016e+16 1.13352e+16 115290000000000.0 2.98253e+16 4.24519e+16 8.08389e+16 6.19513e+16 74732500000000.0 616294000000000.0 -4.82 [-4.82]
1.65963e+18 7.3148e+20 3.99313e+16 1.44488e+18 2.98221e+17 9249660000000000.0 3.09657e+17 3.76869e+16 364260000000000.0 2.55565e+18 5.77402e+16 8192910000000000.0 115610000000000.0 2.96298e+16 4.07314e+16 7.61587e+16 5.89224e+16 80515700000000.0 625577000000000.0 -4.8 [-4.8]
1.65963e+18 6.89787e+20 4.03956e+16 1.38439e+18 2.72884e+17 9356610000000000.0 2.96268e+17 3.40913e+16 391687000000000.0 2.43151e+18 4.60857e+16 5863840000000000.0 115814000000000.0 2.93655e+16 3.90218e+16 7.18542e+16 5.58624e+16 86647700000000.0 633628000000000.0 -4.78 [-4.78]
1.65986e+18 6.50794e+20 4.07984e+16 1.32429e+18 2.50028e+17 9469440000000000.0 2.83145e+17 3.08412e+16 421108000000000.0 2.31246e+18 3.66985e+16 4206100000000000.0 115870000000000.0 2.90919e+16 3.73085e+16 6.77496e+16 5.28893e+16 93370700000000.0 640756000000000.0 -4.76 [-4.76]
1.6598e+18 6.13053e+20 4.12526e+16 1.26429e+18 2.27836e+17 9589290000000000.0 2.70119e+17 2.77741e+16 452820000000000.0 2.19725e+18 2.88385e+16 2978100000000000.0 115900000000000.0 2.87617e+16 3.56261e+16 6.3937e+16 4.98077e+16 100808000000000.0 647085000000000.0 -4.74 [-4.74]
1.6596e+18 5.77841e+20 4.16794e+16 1.20542e+18 2.07862e+17 9711170000000000.0 2.57464e+17 2.50592e+16 486249000000000.0 2.0872e+18 2.28487e+16 2146860000000000.0 115834000000000.0 2.83964e+16 3.39849e+16 6.04099e+16 4.68012e+16 108856000000000.0 652189000000000.0 -4.72 [-4.72]
1.65964e+18 5.45728e+20 4.19663e+16 1.1487e+18 1.90901e+17 9837470000000000.0 2.45473e+17 2.26425e+16 521752000000000.0 1.9833e+18 1.84074e+16 1592200000000000.0 115576000000000.0 2.80427e+16 3.23645e+16 5.70356e+16 4.40273e+16 117528000000000.0 655869000000000.0 -4.7 [-4.7]
1.65984e+18 5.14078e+20 4.2338e+16 1.09141e+18 1.74268e+17 9972140000000000.0 2.3346e+17 2.03555e+16 559712000000000.0 1.88145e+18 1.48993e+16 1202910000000000.0 115396000000000.0 2.76182e+16 3.08018e+16 5.3936e+16 4.10604e+16 127203000000000.0 658574000000000.0 -4.68 [-4.68]
1.65984e+18 4.85478e+20 4.25531e+16 1.03762e+18 1.60274e+17 1.01111e+16 2.22281e+17 1.83444e+16 599874000000000.0 1.78575e+18 1.22332e+16 926184000000000.0 114980000000000.0 2.72279e+16 2.92582e+16 5.09654e+16 3.84206e+16 137613000000000.0 659958000000000.0 -4.66 [-4.66]
1.65982e+18 4.58104e+20 4.27646e+16 9.85015e+17 1.47257e+17 1.02559e+16 2.11432e+17 1.64918e+16 642283000000000.0 1.69337e+18 1.00869e+16 720404000000000.0 114558000000000.0 2.68007e+16 2.77724e+16 4.81972e+16 3.57921e+16 149036000000000.0 660023000000000.0 -4.64 [-4.64]
1.65961e+18 4.32857e+20 4.2916e+16 9.35625e+17 1.35643e+17 1.04071e+16 2.01261e+17 1.48275e+16 687558000000000.0 1.60646e+18 8340620000000000.0 561983000000000.0 114030000000000.0 2.63798e+16 2.63398e+16 4.56043e+16 3.33746e+16 161470000000000.0 659033000000000.0 -4.62 [-4.62]
1.65983e+18 4.08773e+20 4.30685e+16 8.87892e+17 1.24748e+17 1.05762e+16 1.91487e+17 1.32727e+16 737345000000000.0 1.52294e+18 6883040000000000.0 438395000000000.0 113513000000000.0 2.59589e+16 2.49565e+16 4.31545e+16 3.10053e+16 175621000000000.0 657347000000000.0 -4.6 [-4.6]
1.65959e+18 3.86075e+20 4.31834e+16 8.42225e+17 1.14758e+17 1.07469e+16 1.8216e+17 1.18637e+16 789463000000000.0 1.44326e+18 5693860000000000.0 343529000000000.0 112924000000000.0 2.55158e+16 2.36328e+16 4.08633e+16 2.87448e+16 190964000000000.0 654166000000000.0 -4.58 [-4.58]
1.65984e+18 3.64682e+20 4.32824e+16 7.98483e+17 1.05677e+17 1.09252e+16 1.73203e+17 1.06151e+16 844937000000000.0 1.36683e+18 4733270000000000.0 271130000000000.0 112321000000000.0 2.50746e+16 2.23611e+16 3.87054e+16 2.65912e+16 207853000000000.0 650022000000000.0 -4.56 [-4.56]
1.65961e+18 3.44422e+20 4.33221e+16 7.56527e+17 9.73448e+16 1.11032e+16 1.64589e+17 9489020000000000.0 902653000000000.0 1.29352e+18 3942290000000000.0 214744000000000.0 111587000000000.0 2.46229e+16 2.11318e+16 3.66729e+16 2.45401e+16 226062000000000.0 644371000000000.0 -4.54 [-4.54]
1.65966e+18 3.25629e+20 4.33643e+16 7.17235e+17 8.97596e+16 1.12908e+16 1.56481e+17 8490520000000000.0 964747000000000.0 1.22451e+18 3292890000000000.0 170669000000000.0 110875000000000.0 2.41817e+16 1.99697e+16 3.47695e+16 2.26429e+16 246222000000000.0 638203000000000.0 -4.52 [-4.52]
1.65973e+18 3.08009e+20 4.33776e+16 6.79978e+17 8.28714e+16 1.14759e+16 1.48759e+17 7604720000000000.0 1028950000000000.0 1.15907e+18 2758850000000000.0 136286000000000.0 110125000000000.0 2.37346e+16 1.88701e+16 3.29919e+16 2.08582e+16 267756000000000.0 630845000000000.0 -4.5 [-4.5]
1.65974e+18 2.9131e+20 4.33652e+16 6.44361e+17 7.64958e+16 1.16661e+16 1.41338e+17 6804660000000000.0 1096910000000000.0 1.09638e+18 2313290000000000.0 109008000000000.0 109319000000000.0 2.32916e+16 1.78142e+16 3.13005e+16 1.91665e+16 291329000000000.0 622591000000000.0 -4.48 [-4.48]
1.65977e+18 2.75667e+20 4.33287e+16 6.10721e+17 7.06618e+16 1.18579e+16 1.34276e+17 6092890000000000.0 1168490000000000.0 1.03692e+18 1945350000000000.0 87507000000000.0 108464000000000.0 2.28577e+16 1.68082e+16 2.96994e+16 1.75948e+16 316854000000000.0 613663000000000.0 -4.46 [-4.46]
1.6596e+18 2.6102e+20 4.33016e+16 5.79036e+17 6.52652e+16 1.20529e+16 1.27595e+17 5449800000000000.0 1243390000000000.0 9.80914e+17 1634740000000000.0 70194100000000.0 107641000000000.0 2.2427e+16 1.58697e+16 2.81965e+16 1.61215e+16 344453000000000.0 604135000000000.0 -4.44 [-4.44]
1.65962e+18 2.47105e+20 4.32505e+16 5.48729e+17 6.0245e+16 1.22521e+16 1.21158e+17 4867540000000000.0 1322740000000000.0 9.27206e+17 1373100000000000.0 56288300000000.0 106758000000000.0 2.20062e+16 1.49663e+16 2.67508e+16 1.47332e+16 374584000000000.0 593967000000000.0 -4.42 [-4.42]
1.65963e+18 2.34101e+20 4.31983e+16 5.20213e+17 5.56473e+16 1.24524e+16 1.15048e+17 4352130000000000.0 1406050000000000.0 8.76465e+17 1156930000000000.0 45302700000000.0 105870000000000.0 2.15983e+16 1.41113e+16 2.538e+16 1.34545e+16 407092000000000.0 583551000000000.0 -4.4 [-4.4]
1.65959e+18 2.21773e+20 4.31283e+16 4.93029e+17 5.13676e+16 1.26528e+16 1.09188e+17 3884210000000000.0 1493020000000000.0 8.28063e+17 973765000000000.0 36428800000000.0 104945000000000.0 2.11954e+16 1.33011e+16 2.40679e+16 1.225e+16 442047000000000.0 572514000000000.0 -4.38 [-4.38]
1.65964e+18 2.10234e+20 4.30647e+16 4.67451e+17 4.74187e+16 1.28536e+16 1.03636e+17 3465480000000000.0 1583990000000000.0 7.82463e+17 819538000000000.0 29277500000000.0 104038000000000.0 2.08042e+16 1.25426e+16 2.28247e+16 1.11339e+16 479508000000000.0 561294000000000.0 -4.36 [-4.36]
1.65965e+18 1.99152e+20 4.29974e+16 4.42773e+17 4.36721e+16 1.306e+16 9.82425e+16 3080750000000000.0 1680330000000000.0 7.38371e+17 687374000000000.0 23440200000000.0 103082000000000.0 2.04223e+16 1.18132e+16 2.1609e+16 1.00728e+16 520416000000000.0 549658000000000.0 -4.34 [-4.34]
1.6596e+18 1.88889e+20 4.29109e+16 4.19787e+17 4.02894e+16 1.32553e+16 9.31648e+16 2746830000000000.0 1779290000000000.0 6.97212e+17 578671000000000.0 18838100000000.0 102110000000000.0 2.0049e+16 1.11245e+16 2.0466e+16 9122440000000000.0 563075000000000.0 538058000000000.0 -4.32 [-4.32]
1.65959e+18 1.79135e+20 4.2821e+16 3.97831e+17 3.71355e+16 1.34509e+16 8.82819e+16 2445560000000000.0 1882700000000000.0 6.57813e+17 487114000000000.0 15154100000000.0 101105000000000.0 1.96882e+16 1.04721e+16 1.93601e+16 8229860000000000.0 608640000000000.0 526256000000000.0 -4.3 [-4.3]
1.65969e+18 1.69945e+20 4.27214e+16 3.77057e+17 3.4212e+16 1.36409e+16 8.36235e+16 2176310000000000.0 1990270000000000.0 6.20495e+17 409787000000000.0 12171600000000.0 100077000000000.0 1.93352e+16 9852130000000000.0 1.83003e+16 7412030000000000.0 656804000000000.0 514473000000000.0 -4.28 [-4.28]
1.65979e+18 1.61314e+20 4.26234e+16 3.57463e+17 3.15121e+16 1.3826e+16 7.91975e+16 1936350000000000.0 2102220000000000.0 5.85275e+17 344611000000000.0 9771250000000.0 99045300000000.0 1.89896e+16 9267930000000000.0 1.72905e+16 6664060000000000.0 707513000000000.0 502821000000000.0 -4.26 [-4.26]
1.65979e+18 1.53136e+20 4.25095e+16 3.38825e+17 2.90049e+16 1.40028e+16 7.49558e+16 1721750000000000.0 2217670000000000.0 5.51739e+17 289787000000000.0 7848990000000.0 97969400000000.0 1.86515e+16 8710820000000000.0 1.63176e+16 5975970000000000.0 760362000000000.0 491208000000000.0 -4.24 [-4.24]
1.65966e+18 1.45427e+20 4.23851e+16 3.2119e+17 2.66856e+16 1.41697e+16 7.09158e+16 1530020000000000.0 2336480000000000.0 5.20039e+17 243347000000000.0 6296040000000.0 96872500000000.0 1.83178e+16 8183430000000000.0 1.53885e+16 5348040000000000.0 815052000000000.0 479740000000000.0 -4.22 [-4.22]
1.65972e+18 1.38147e+20 4.22533e+16 3.04474e+17 2.45371e+16 1.4328e+16 6.70592e+16 1359510000000000.0 2459700000000000.0 4.89941e+17 204532000000000.0 5059070000000.0 95746700000000.0 1.79914e+16 7682160000000000.0 1.44959e+16 4776870000000000.0 871992000000000.0 468538000000000.0 -4.2 [-4.2]
1.6596e+18 1.31256e+20 4.21018e+16 2.886e+17 2.25494e+16 1.4473e+16 6.33758e+16 1207260000000000.0 2585610000000000.0 4.61389e+17 171722000000000.0 4061630000000.0 94582800000000.0 1.76675e+16 7205190000000000.0 1.36406e+16 4257540000000000.0 930086000000000.0 457496000000000.0 -4.18 [-4.18]
1.65973e+18 1.24752e+20 4.19399e+16 2.73571e+17 2.07135e+16 1.46066e+16 5.9868e+16 1071900000000000.0 2715490000000000.0 4.34361e+17 144193000000000.0 3263060000000.0 93397000000000.0 1.73486e+16 6752580000000000.0 1.28228e+16 3787950000000000.0 989724000000000.0 446783000000000.0 -4.16 [-4.16]
1.65987e+18 1.18599e+20 4.1766e+16 2.59314e+17 1.90136e+16 1.47274e+16 5.65248e+16 950971000000000.0 2848730000000000.0 4.08758e+17 120932000000000.0 2618960000000.0 92185000000000.0 1.70332e+16 6323140000000000.0 1.20404e+16 3362720000000000.0 1050540000000000.0 436403000000000.0 -4.14 [-4.14]
1.65962e+18 1.12709e+20 4.15746e+16 2.45633e+17 1.74184e+16 1.48316e+16 5.33078e+16 841941000000000.0 2983150000000000.0 3.84255e+17 101128000000000.0 2096430000000.0 90920100000000.0 1.67151e+16 5911970000000000.0 1.12846e+16 2974330000000000.0 1111490000000000.0 426068000000000.0 -4.12 [-4.12]
1.6596e+18 1.07301e+20 4.13518e+16 2.3304e+17 1.60135e+16 1.49167e+16 5.0327e+16 748914000000000.0 3120220000000000.0 3.61731e+17 85112900000000.0 1689730000000.0 89664200000000.0 1.64033e+16 5530020000000000.0 1.05867e+16 2641720000000000.0 1171880000000000.0 416579000000000.0 -4.1 [-4.1]
1.65974e+18 1.02065e+20 4.11275e+16 2.20821e+17 1.46683e+16 1.49914e+16 4.74305e+16 663411000000000.0 3260780000000000.0 3.39926e+17 71247900000000.0 1354820000000.0 88358200000000.0 1.60901e+16 5161990000000000.0 9904980000000000.0 2332100000000000.0 1233470000000000.0 407123000000000.0 -4.08 [-4.08]
1.65959e+18 9.71016e+19 4.08812e+16 2.09224e+17 1.34262e+16 1.5046e+16 4.46773e+16 587348000000000.0 3402370000000000.0 3.19316e+17 59585300000000.0 1085180000000.0 87021300000000.0 1.57751e+16 4814300000000000.0 9256860000000000.0 2055100000000000.0 1293690000000000.0 397960000000000.0 -4.06 [-4.06]
1.65967e+18 9.23886e+19 4.06279e+16 1.98188e+17 1.22743e+16 1.50884e+16 4.20515e+16 519508000000000.0 3546690000000000.0 2.99754e+17 49775200000000.0 868416000000.0 85662700000000.0 1.54611e+16 4484140000000000.0 8639070000000000.0 1806880000000000.0 1354390000000000.0 389150000000000.0 -4.04 [-4.04]
1.6599e+18 8.80026e+19 4.03413e+16 1.87909e+17 1.12493e+16 1.51109e+16 3.95989e+16 460856000000000.0 3692460000000000.0 2.81606e+17 41761400000000.0 698376000000.0 84294300000000.0 1.51498e+16 4176370000000000.0 8064650000000000.0 1593010000000000.0 1413260000000000.0 380959000000000.0 -4.02 [-4.02]
1.65962e+18 8.37673e+19 4.00488e+16 1.77975e+17 1.02702e+16 1.51162e+16 3.72334e+16 407338000000000.0 3838600000000000.0 2.64156e+17 34859000000000.0 558406000000.0 82888300000000.0 1.48322e+16 3883140000000000.0 7510550000000000.0 1397120000000000.0 1470600000000000.0 372826000000000.0 -4.0 [-4.0]
1.65964e+18 7.97755e+19 3.97299e+16 1.68605e+17 9386790000000000.0 1.51068e+16 3.49978e+16 360360000000000.0 3985700000000000.0 2.47763e+17 29139800000000.0 447152000000.0 81457800000000.0 1.45178e+16 3606120000000000.0 6989690000000000.0 1225550000000000.0 1527070000000000.0 365145000000000.0 -3.98 [-3.98]
1.65973e+18 7.59577e+19 3.94084e+16 1.59637e+17 8555080000000000.0 1.50821e+16 3.28628e+16 318056000000000.0 4135050000000000.0 2.32161e+17 24277700000000.0 356571000000.0 80012500000000.0 1.41999e+16 3345010000000000.0 6493920000000000.0 1071370000000000.0 1582300000000000.0 357670000000000.0 -3.96 [-3.96]
1.65966e+18 7.23662e+19 3.90655e+16 1.51202e+17 7803290000000000.0 1.50404e+16 3.08561e+16 281011000000000.0 4284090000000000.0 2.1757e+17 20262100000000.0 284228000000.0 78559800000000.0 1.38828e+16 3101540000000000.0 6031150000000000.0 937439000000000.0 1635180000000000.0 350607000000000.0 -3.94 [-3.94]
1.65974e+18 6.89129e+19 3.87153e+16 1.43089e+17 7094920000000000.0 1.49847e+16 2.89312e+16 247559000000000.0 4434510000000000.0 2.03621e+17 16838400000000.0 225994000000.0 77081500000000.0 1.35623e+16 2870400000000000.0 5589930000000000.0 816830000000000.0 1686850000000000.0 343686000000000.0 -3.92 [-3.92]
