Cloudy_runs/pg0832/z=0.017505/logZ=1/component_III_PI_nH/component_III_PI_nH_col_density_param.txt
# %ECSV 1.0
# ---
# datatype:
# - {name: H, datatype: float64}
# - {name: H+, datatype: float64}
# - {name: C+, datatype: float64}
# - {name: C+2, datatype: float64}
# - {name: C+3, datatype: float64}
# - {name: N+, datatype: float64}
# - {name: N+2, datatype: float64}
# - {name: N+4, datatype: float64}
# - {name: O, datatype: float64}
# - {name: O+2, datatype: float64}
# - {name: O+5, datatype: float64}
# - {name: O+6, datatype: float64}
# - {name: P+, datatype: float64}
# - {name: Si+, datatype: float64}
# - {name: Si+2, datatype: float64}
# - {name: Si+3, datatype: float64}
# - {name: Si+4, datatype: float64}
# - {name: Fe+, datatype: float64}
# - {name: Al+, datatype: float64}
# - {name: log_nH, datatype: float64}
# - {name: parameters, datatype: string, subtype: 'float64[1]'}
# schema: astropy-2.0
H H+ C+ C+2 C+3 N+ N+2 N+4 O O+2 O+5 O+6 P+ Si+ Si+2 Si+3 Si+4 Fe+ Al+ log_nH parameters
[from data line 223]
1.65959e+18 9.42158e+16 2687470000000000.0 20474900000000.0 0.0 68044000000000.0 5457680000.0 0.0 8493470000000000.0 10051600000.0 0.0 0.0 4220060000000.0 523197000000000.0 3009870000.0 9036020000.0 0.0 553063000000000.0 48815600000000.0 -0.54 [-0.54]
1.65959e+18 9.16521e+16 2649050000000000.0 19520000000000.0 0.0 65818500000000.0 5052340000.0 0.0 8485320000000000.0 9232280000.0 0.0 0.0 4210550000000.0 521562000000000.0 2861830000.0 8593440000.0 0.0 552248000000000.0 48758700000000.0 -0.52 [-0.52]
1.65959e+18 8.91683e+16 2610730000000000.0 18606300000000.0 0.0 63670500000000.0 4678140000.0 0.0 8477350000000000.0 8485170000.0 0.0 0.0 4201200000000.0 519944000000000.0 2721340000.0 8173070000.0 0.0 551458000000000.0 48703400000000.0 -0.5 [-0.5]
1.65959e+18 8.67502e+16 2572520000000000.0 17731900000000.0 0.0 61590900000000.0 4331820000.0 0.0 8469510000000000.0 7800450000.0 0.0 0.0 4192000000000.0 518332000000000.0 2587870000.0 7773560000.0 0.0 550688000000000.0 48649500000000.0 -0.48 [-0.48]
1.65959e+18 8.44025e+16 2534460000000000.0 16895500000000.0 0.0 59580700000000.0 4011690000.0 0.0 8461840000000000.0 7174000000.0 0.0 0.0 4182970000000.0 516734000000000.0 2461120000.0 7393970000.0 0.0 549941000000000.0 48597200000000.0 -0.46 [-0.46]
1.65959e+18 8.21219e+16 2496500000000000.0 16095300000000.0 0.0 57637300000000.0 3715700000.0 0.0 8454320000000000.0 6600990000.0 0.0 0.0 4174080000000.0 515145000000000.0 2340740000.0 7033230000.0 0.0 549215000000000.0 48546200000000.0 -0.44 [-0.44]
1.65959e+18 7.99091e+16 2458690000000000.0 15330400000000.0 0.0 55759700000000.0 3442060000.0 0.0 8446960000000000.0 6076830000.0 0.0 0.0 4165330000000.0 513567000000000.0 2226390000.0 6690390000.0 0.0 548510000000000.0 48496700000000.0 -0.42 [-0.42]
1.65959e+18 7.7756e+16 2421030000000000.0 14598500000000.0 0.0 53942400000000.0 3188870000.0 0.0 8439730000000000.0 5596580000.0 0.0 0.0 4156730000000.0 511995000000000.0 2117740000.0 6364490000.0 0.0 547823000000000.0 48448500000000.0 -0.4 [-0.4]
1.65959e+18 7.56662e+16 2383560000000000.0 13899200000000.0 0.0 52186100000000.0 2954730000.0 0.0 8432660000000000.0 5156610000.0 0.0 0.0 4148290000000.0 510432000000000.0 2014520000.0 6054720000.0 0.0 547157000000000.0 48401500000000.0 -0.38 [-0.38]
1.65959e+18 7.3635e+16 2346200000000000.0 13230300000000.0 0.0 50487400000000.0 2738140000.0 0.0 8425740000000000.0 4753520000.0 0.0 0.0 4139950000000.0 508875000000000.0 1916440000.0 5760240000.0 0.0 546508000000000.0 48355900000000.0 -0.36 [-0.36]
1.65959e+18 7.16602e+16 2309000000000000.0 12590800000000.0 0.0 48843900000000.0 2537710000.0 0.0 8418940000000000.0 4383840000.0 0.0 0.0 4131720000000.0 507321000000000.0 1823230000.0 5480230000.0 0.0 545877000000000.0 48311400000000.0 -0.34 [-0.34]
1.65959e+18 6.97428e+16 2272080000000000.0 11980600000000.0 0.0 47256000000000.0 2352300000.0 0.0 8412300000000000.0 4044920000.0 0.0 0.0 4123670000000.0 505777000000000.0 1734640000.0 5214030000.0 0.0 545264000000000.0 48268100000000.0 -0.32 [-0.32]
1.65959e+18 6.7878e+16 2235260000000000.0 11396700000000.0 0.0 45718300000000.0 2180660000.0 0.0 8405800000000000.0 3733820000.0 0.0 0.0 4115700000000.0 504233000000000.0 1650430000.0 4960870000.0 0.0 544668000000000.0 48226100000000.0 -0.3 [-0.3]
1.65959e+18 6.60673e+16 2198690000000000.0 10839400000000.0 0.0 44232000000000.0 2021820000.0 0.0 8399440000000000.0 3448360000.0 0.0 0.0 4107880000000.0 502696000000000.0 1570380000.0 4720140000.0 0.0 544089000000000.0 48185100000000.0 -0.28 [-0.28]
1.65959e+18 6.43051e+16 2162250000000000.0 10306500000000.0 0.0 42792900000000.0 1874740000.0 0.0 8393220000000000.0 3186100000.0 0.0 0.0 4100120000000.0 501158000000000.0 1494260000.0 4491160000.0 0.0 543524000000000.0 48145300000000.0 -0.26 [-0.26]
1.65959e+18 6.25929e+16 2126060000000000.0 9797790000000.0 0.0 41400900000000.0 1738590000.0 0.0 8387120000000000.0 2945160000.0 0.0 0.0 4092500000000.0 499623000000000.0 1421900000.0 4273390000.0 0.0 542976000000000.0 48106500000000.0 -0.24 [-0.24]
1.65959e+18 6.09299e+16 2090130000000000.0 9312550000000.0 0.0 40055000000000.0 1612550000.0 0.0 8381170000000000.0 2723810000.0 0.0 0.0 4085020000000.0 498091000000000.0 1353090000.0 4066270000.0 0.0 542443000000000.0 48068700000000.0 -0.22 [-0.22]
1.65959e+18 5.93104e+16 2054330000000000.0 8848650000000.0 0.0 38751500000000.0 1495800000.0 0.0 8375330000000000.0 2520170000.0 0.0 0.0 4077570000000.0 496555000000000.0 1287660000.0 3869230000.0 0.0 541924000000000.0 48031900000000.0 -0.2 [-0.2]
1.65959e+18 5.77366e+16 2018830000000000.0 8406290000000.0 0.0 37490700000000.0 1387690000.0 0.0 8369630000000000.0 2332860000.0 0.0 0.0 4070270000000.0 495021000000000.0 1225430000.0 3681810000.0 0.0 541419000000000.0 47996200000000.0 -0.18 [-0.18]
1.65959e+18 5.62062e+16 1983510000000000.0 7983900000000.0 0.0 36270400000000.0 1287550000.0 0.0 8364050000000000.0 2160520000.0 0.0 0.0 4063020000000.0 493485000000000.0 1166250000.0 3503500000.0 0.0 540927000000000.0 47961300000000.0 -0.16 [-0.16]
1.65959e+18 5.4717e+16 1948450000000000.0 7580880000000.0 0.0 35089100000000.0 1194780000.0 0.0 8358580000000000.0 2001770000.0 0.0 0.0 4055870000000.0 491945000000000.0 1109950000.0 3333850000.0 0.0 540449000000000.0 47927300000000.0 -0.14 [-0.14]
1.65959e+18 5.3269e+16 1913600000000000.0 7196430000000.0 0.0 33946000000000.0 1108840000.0 0.0 8353240000000000.0 1855620000.0 0.0 0.0 4048780000000.0 490403000000000.0 1056410000.0 3172450000.0 0.0 539983000000000.0 47894200000000.0 -0.12 [-0.12]
1.65959e+18 5.18613e+16 1879050000000000.0 6829910000000.0 0.0 32839800000000.0 1029200000.0 0.0 8348030000000000.0 1720920000.0 0.0 0.0 4041810000000.0 488858000000000.0 1005460000.0 3018850000.0 0.0 539530000000000.0 47862000000000.0 -0.1 [-0.1]
1.65959e+18 5.04896e+16 1844680000000000.0 6480110000000.0 0.0 31768300000000.0 955403000.0 0.0 8342910000000000.0 1596670000.0 0.0 0.0 4034860000000.0 487305000000000.0 957003000.0 2872720000.0 0.0 539088000000000.0 47830600000000.0 -0.08 [-0.08]
1.65959e+18 4.91601e+16 1810650000000000.0 6147200000000.0 0.0 30733400000000.0 887066000.0 0.0 8337930000000000.0 1482300000.0 0.0 0.0 4028030000000.0 485754000000000.0 910911000.0 2733690000.0 0.0 538660000000000.0 47800100000000.0 -0.06 [-0.06]
1.65959e+18 4.78618e+16 1776810000000000.0 5829370000000.0 0.0 29729300000000.0 823668000.0 0.0 8333050000000000.0 1376530000.0 0.0 0.0 4021220000000.0 484189000000000.0 867042000.0 2601350000.0 0.0 538241000000000.0 47770300000000.0 -0.04 [-0.04]
1.65959e+18 4.65986e+16 1743260000000000.0 5526590000000.0 0.0 28757400000000.0 764899000.0 0.0 8328260000000000.0 1278910000.0 0.0 0.0 4014490000000.0 482618000000000.0 825299000.0 2475410000.0 0.0 537832000000000.0 47741100000000.0 -0.02 [-0.02]
1.65959e+18 4.53691e+16 1709960000000000.0 5238090000000.0 0.0 27816400000000.0 710418000.0 0.0 8323580000000000.0 1188730000.0 0.0 0.0 4007810000000.0 481039000000000.0 785580000.0 2355550000.0 0.0 537434000000000.0 47712800000000.0 -0.0 [-0.0]
1.65959e+18 4.41723e+16 1676950000000000.0 4963310000000.0 0.0 26905400000000.0 659901000.0 0.0 8319020000000000.0 1105420000.0 0.0 0.0 4001180000000.0 479452000000000.0 747781000.0 2241480000.0 0.0 537047000000000.0 47685100000000.0 0.02 [0.02]
1.65959e+18 4.30071e+16 1644180000000000.0 4701500000000.0 0.0 26023100000000.0 613057000.0 0.0 8314550000000000.0 1028370000.0 0.0 0.0 3994570000000.0 477853000000000.0 711809000.0 2132900000.0 0.0 536670000000000.0 47658200000000.0 0.04 [0.04]
1.65959e+18 4.18725e+16 1611710000000000.0 4452300000000.0 0.0 25168800000000.0 569619000.0 0.0 8310180000000000.0 957123000.0 0.0 0.0 3988010000000.0 476245000000000.0 677577000.0 2029570000.0 0.0 536302000000000.0 47631900000000.0 0.06 [0.06]
1.65959e+18 4.0768e+16 1579520000000000.0 4215090000000.0 0.0 24341800000000.0 529330000.0 0.0 8305920000000000.0 891192000.0 0.0 0.0 3981500000000.0 474626000000000.0 644994000.0 1931200000.0 0.0 535943000000000.0 47606300000000.0 0.08 [0.08]
1.65959e+18 3.96921e+16 1547570000000000.0 3989200000000.0 0.0 23540700000000.0 491959000.0 0.0 8301730000000000.0 830159000.0 0.0 0.0 3974960000000.0 472992000000000.0 613982000.0 1837560000.0 0.0 535593000000000.0 47581200000000.0 0.1 [0.1]
1.65959e+18 3.86456e+16 1516000000000000.0 3774540000000.0 0.0 22765300000000.0 457292000.0 0.0 8297660000000000.0 773647000.0 0.0 0.0 3968540000000.0 471350000000000.0 584465000.0 1748440000.0 0.0 535252000000000.0 47556800000000.0 0.12 [0.12]
1.65959e+18 3.76258e+16 1484650000000000.0 3570190000000.0 0.0 22014300000000.0 425128000.0 0.0 8293670000000000.0 721286000.0 0.0 0.0 3962090000000.0 469692000000000.0 556368000.0 1663600000.0 0.0 534919000000000.0 47533000000000.0 0.14 [0.14]
1.65959e+18 3.66325e+16 1453600000000000.0 3375870000000.0 0.0 21287100000000.0 395284000.0 0.0 8289770000000000.0 672748000.0 0.0 0.0 3955650000000.0 468020000000000.0 529621000.0 1582830000.0 0.0 534595000000000.0 47509800000000.0 0.16 [0.16]
1.65959e+18 3.56646e+16 1422850000000000.0 3191150000000.0 0.0 20582900000000.0 367590000.0 0.0 8285960000000000.0 627730000.0 0.0 0.0 3949210000000.0 466333000000000.0 504159000.0 1505950000.0 0.0 534278000000000.0 47487100000000.0 0.18 [0.18]
1.65959e+18 3.47223e+16 1392390000000000.0 3015560000000.0 0.0 19901000000000.0 341888000.0 0.0 8282240000000000.0 585977000.0 0.0 0.0 3942790000000.0 464631000000000.0 479922000.0 1432760000.0 0.0 533969000000000.0 47465000000000.0 0.2 [0.2]
1.65959e+18 3.3804e+16 1362210000000000.0 2848670000000.0 0.0 19240600000000.0 318035000.0 0.0 8278590000000000.0 547225000.0 0.0 0.0 3936340000000.0 462912000000000.0 456851000.0 1363080000.0 0.0 533668000000000.0 47443400000000.0 0.22 [0.22]
1.65959e+18 3.291e+16 1332390000000000.0 2690250000000.0 0.0 18601400000000.0 295893000.0 0.0 8275030000000000.0 511247000.0 0.0 0.0 3929950000000.0 461177000000000.0 434886000.0 1296750000.0 0.0 533374000000000.0 47422300000000.0 0.24 [0.24]
1.65959e+18 3.20386e+16 1302830000000000.0 2539710000000.0 0.0 17982300000000.0 275338000.0 0.0 8271550000000000.0 477824000.0 0.0 0.0 3923500000000.0 459425000000000.0 413975000.0 1233610000.0 0.0 533086000000000.0 47401700000000.0 0.26 [0.26]
1.62777e+18 3.10218e+16 1242430000000000.0 2357820000000.0 0.0 17260200000000.0 254441000.0 0.0 8111430000000000.0 442278000.0 0.0 0.0 3847260000000.0 448249000000000.0 389190000.0 1150130000.0 0.0 522741000000000.0 46487400000000.0 0.28 [0.28]
1.6101e+18 3.01072e+16 1197270000000000.0 2203790000000.0 0.0 16617200000000.0 235862000.0 0.0 8021080000000000.0 411236000.0 0.0 0.0 3802220000000.0 441271000000000.0 367861000.0 1081630000.0 0.0 516879000000000.0 45971000000000.0 0.3 [0.3]
1.57591e+18 2.91309e+16 1137820000000000.0 2040380000000.0 0.0 15934000000000.0 217780000.0 0.0 7849480000000000.0 380299000.0 0.0 0.0 3721070000000.0 429449000000000.0 345321000.0 1005980000.0 0.0 505801000000000.0 44990800000000.0 0.32 [0.32]
1.54174e+18 2.81798e+16 1080280000000000.0 1887350000000.0 0.0 15274100000000.0 201036000.0 0.0 7678100000000000.0 351619000.0 0.0 0.0 3640100000000.0 417674000000000.0 324040000.0 935037000.0 0.0 494740000000000.0 44011700000000.0 0.34 [0.34]
1.50758e+18 2.72532e+16 1024600000000000.0 1744140000000.0 0.0 14636600000000.0 185528000.0 0.0 7506820000000000.0 325028000.0 0.0 0.0 3559270000000.0 405941000000000.0 303945000.0 868519000.0 0.0 483686000000000.0 43032900000000.0 0.36 [0.36]
1.48961e+18 2.64362e+16 984519000000000.0 1625840000000.0 0.0 14080400000000.0 171916000.0 0.0 7415390000000000.0 302189000.0 0.0 0.0 3514120000000.0 398952000000000.0 287014000.0 815495000.0 0.0 477762000000000.0 42509800000000.0 0.38 [0.38]
1.46953e+18 2.56304e+16 943727000000000.0 1512810000000.0 0.0 13535900000000.0 159209000.0 0.0 7313630000000000.0 280751000.0 0.0 0.0 3464440000000.0 391360000000000.0 270729000.0 764350000.0 0.0 471177000000000.0 41927700000000.0 0.4 [0.4]
1.42346e+18 2.47106e+16 883212000000000.0 1384220000000.0 0.0 12917700000000.0 146342000.0 0.0 7083970000000000.0 258184000.0 0.0 0.0 3357820000000.0 376295000000000.0 252307000.0 702617000.0 0.0 456379000000000.0 40614900000000.0 0.42 [0.42]
1.42198e+18 2.40458e+16 859739000000000.0 1301360000000.0 0.0 12477400000000.0 136231000.0 0.0 7074000000000000.0 241629000.0 0.0 0.0 3349190000000.0 374103000000000.0 239923000.0 667167000.0 0.0 455691000000000.0 40556900000000.0 0.44 [0.44]
1.39392e+18 2.32633e+16 816440000000000.0 1202400000000.0 0.0 11961000000000.0 125832000.0 0.0 6933230000000000.0 223740000.0 0.0 0.0 3282360000000.0 364289000000000.0 225316000.0 620886000.0 0.0 446605000000000.0 39751600000000.0 0.46 [0.46]
1.36246e+18 2.24836e+16 772093000000000.0 1107460000000.0 0.0 11450900000000.0 116077000.0 0.0 6775760000000000.0 206829000.0 0.0 0.0 3208130000000.0 353541000000000.0 211170000.0 575938000.0 0.0 436448000000000.0 38850800000000.0 0.48 [0.48]
1.32708e+18 2.17031e+16 726575000000000.0 1016200000000.0 0.0 10945000000000.0 106905000.0 0.0 6599060000000000.0 190801000.0 0.0 0.0 3125370000000.0 341733000000000.0 197431000.0 532164000.0 0.0 425056000000000.0 37839800000000.0 0.5 [0.5]
1.32472e+18 2.11117e+16 705493000000000.0 953241000000.0 0.0 10566300000000.0 99525700.0 0.0 6585060000000000.0 178615000.0 0.0 0.0 3115180000000.0 339299000000000.0 187609000.0 504707000.0 0.0 424116000000000.0 37758700000000.0 0.52 [0.52]
1.28488e+18 2.03469e+16 659734000000000.0 870420000000.0 0.0 10079000000000.0 91481100.0 0.0 6386550000000000.0 164358000.0 0.0 0.0 3022830000000.0 326318000000000.0 174870000.0 464082000.0 0.0 411327000000000.0 36622900000000.0 0.54 [0.54]
1.28225e+18 1.97889e+16 639849000000000.0 815622000000.0 0.0 9727970000000.0 85174200.0 0.0 6371360000000000.0 153890000.0 0.0 0.0 3012180000000.0 323814000000000.0 166122000.0 439914000.0 0.0 410312000000000.0 36534900000000.0 0.56 [0.56]
1.2374e+18 1.90351e+16 593941000000000.0 740444000000.0 0.0 9256140000000.0 78093200.0 0.0 6148360000000000.0 141152000.0 0.0 0.0 2909010000000.0 309550000000000.0 154274000.0 402145000.0 0.0 395952000000000.0 35258900000000.0 0.58 [0.58]
1.19004e+18 1.82829e+16 548684000000000.0 669528000000.0 0.0 8790850000000.0 71465200.0 0.0 5912990000000000.0 129171000.0 0.0 0.0 2800250000000.0 294701000000000.0 142907000.0 366159000.0 0.0 380798000000000.0 33911900000000.0 0.6 [0.6]
1.18725e+18 1.77772e+16 531246000000000.0 626414000000.0 0.0 8481960000000.0 66541100.0 0.0 5897210000000000.0 120950000.0 0.0 0.0 2789580000000.0 292199000000000.0 135698000.0 346830000.0 0.0 379750000000000.0 33820500000000.0 0.62 [0.62]
1.14102e+18 1.70632e+16 489946000000000.0 565367000000.0 0.0 8049110000000.0 60851800.0 0.0 5667570000000000.0 110608000.0 0.0 0.0 2683410000000.0 277828000000000.0 125594000.0 315411000.0 0.0 364966000000000.0 32506000000000.0 0.64 [0.64]
1.13833e+18 1.65893e+16 473946000000000.0 528509000000.0 0.0 7765200000000.0 56669200.0 0.0 5652420000000000.0 103592000.0 0.0 0.0 2673130000000.0 275379000000000.0 119240000.0 298678000.0 0.0 363960000000000.0 32418100000000.0 0.66 [0.66]
1.09442e+18 1.59175e+16 436982000000000.0 476604000000.0 0.0 7366290000000.0 51814900.0 0.0 5434350000000000.0 94731400.0 0.0 0.0 2572130000000.0 261808000000000.0 110348000.0 271601000.0 0.0 349920000000000.0 31169600000000.0 0.68 [0.68]
1.09165e+18 1.54728e+16 422245000000000.0 445091000000.0 0.0 7105020000000.0 48259500.0 0.0 5418910000000000.0 88732900.0 0.0 0.0 2561810000000.0 259368000000000.0 104736000.0 257074000.0 0.0 348898000000000.0 31080100000000.0 0.7 [0.7]
1.04951e+18 1.48386e+16 389003000000000.0 400900000000.0 0.0 6736350000000.0 44109300.0 0.0 5209640000000000.0 81118800.0 0.0 0.0 2464750000000.0 246442000000000.0 96883400.0 233645000.0 0.0 335425000000000.0 29881600000000.0 0.72 [0.72]
