Cloudy_runs/component_II_logT/component_II_logT_col_density_param.txt
# %ECSV 1.0
# ---
# datatype:
# - {name: H, datatype: float64}
# - {name: H+, datatype: float64}
# - {name: C+, datatype: float64}
# - {name: C+2, datatype: float64}
# - {name: C+3, datatype: float64}
# - {name: O+5, datatype: float64}
# - {name: O+6, datatype: float64}
# - {name: Si+, datatype: float64}
# - {name: Si+2, datatype: float64}
# - {name: Si+3, datatype: float64}
# - {name: log_T, datatype: float64}
# - {name: parameters, datatype: string, subtype: 'float64[1]'}
# schema: astropy-2.0
H H+ C+ C+2 C+3 O+5 O+6 Si+ Si+2 Si+3 log_T parameters
[from data line 98]
134896000000000.0 5.11446e+20 1370940.0 8812560000.0 15478900000000.0 1109840000000000.0 2.14268e+17 336.221 2887510.0 2812810000.0 5.96 [5.96]
134896000000000.0 5.42171e+20 1023350.0 7131800000.0 13921700000000.0 1065100000000000.0 2.25956e+17 170.688 1569800.0 1666260000.0 5.98 [5.98]
134896000000000.0 5.74724e+20 753885.0 5687200000.0 12317500000000.0 1021680000000000.0 2.3811e+17 81.8385 805415.0 929991000.0 6.0 [6.0]
134896000000000.0 6.08945e+20 549119.0 4476620000.0 10731500000000.0 996344000000000.0 2.50538e+17 40.1918 423166.0 530872000.0 6.02 [6.02]
134896000000000.0 6.44701e+20 395115.0 3476400000.0 9202450000000.0 978169000000000.0 2.63043e+17 19.2909 217156.0 295501000.0 6.04 [6.04]
134896000000000.0 6.81921e+20 281584.0 2671450000.0 7783360000000.0 968713000000000.0 2.75388e+17 9.18445 110485.0 162862000.0 6.06 [6.06]
134896000000000.0 7.20666e+20 199245.0 2038030000.0 6513670000000.0 964603000000000.0 2.87328e+17 4.30149 55265.4 88113700.0 6.08 [6.08]
134896000000000.0 7.61186e+20 140441.0 1549330000.0 5413310000000.0 960423000000000.0 2.98613e+17 1.88369 25809.4 44303700.0 6.1 [6.1]
134896000000000.0 8.03545e+20 98993.9 1178200000.0 4480750000000.0 962545000000000.0 3.08836e+17 0.837378 12234.6 22606800.0 6.12 [6.12]
134896000000000.0 8.48049e+20 70052.3 899761000.0 3704930000000.0 967748000000000.0 3.17619e+17 0.369473 5753.96 11429200.0 6.14 [6.14]
134896000000000.0 8.94644e+20 49892.3 691687000.0 3063790000000.0 973143000000000.0 3.24396e+17 0.159648 2648.29 5641250.0 6.16 [6.16]
134896000000000.0 9.43708e+20 35759.2 535121000.0 2530550000000.0 976564000000000.0 3.28744e+17 0.0669864 1182.86 2696370.0 6.18 [6.18]
134896000000000.0 9.95595e+20 25761.9 416172000.0 2083320000000.0 976131000000000.0 3.30241e+17 0.0271162 509.425 1240380.0 6.2 [6.2]
134896000000000.0 1.05045e+21 18584.3 324185000.0 1704060000000.0 970324000000000.0 3.28454e+17 0.0105743 211.273 548781.0 6.22 [6.22]
134896000000000.0 1.10834e+21 13340.1 251309000.0 1379240000000.0 956034000000000.0 3.23025e+17 0.0039478 83.8647 232258.0 6.24 [6.24]
134896000000000.0 1.16911e+21 9484.17 192750000.0 1102030000000.0 931128000000000.0 3.13677e+17 0.00141231 31.8932 94153.7 6.26 [6.26]
134896000000000.0 1.23269e+21 6656.82 145706000.0 869819000000.0 894512000000000.0 3.00365e+17 0.000486246 11.6707 36726.1 6.28 [6.28]
134896000000000.0 1.29896e+21 4612.75 108504000.0 680481000000.0 845480000000000.0 2.83242e+17 0.000162043 4.13328 13867.9 6.3 [6.3]
134896000000000.0 1.36791e+21 3190.93 80505500.0 533881000000.0 785242000000000.0 2.62741e+17 5.33141e-05 1.44515 5171.55 6.32 [6.32]
134896000000000.0 1.43961e+21 2212.66 59729700.0 420708000000.0 715672000000000.0 2.39537e+17 1.73945e-05 0.50092 1910.98 6.34 [6.34]
134896000000000.0 1.51427e+21 1540.14 44402400.0 333178000000.0 639856000000000.0 2.14515e+17 5.72905e-06 0.17526 712.738 6.36 [6.36]
134895000000000.0 1.59213e+21 1079.06 33191000.0 265692000000.0 560944000000000.0 1.88677e+17 1.90362e-06 0.0618533 268.096 6.38 [6.38]
134895000000000.0 1.67336e+21 761.623 24972200.0 213239000000.0 482288000000000.0 1.6303e+17 6.40278e-07 0.0220935 102.033 6.4 [6.4]
134895000000000.0 1.75816e+21 541.439 18909700.0 172178000000.0 406987000000000.0 1.38491e+17 2.18623e-07 0.00801008 39.4029 6.42 [6.42]
134895000000000.0 1.84667e+21 387.298 14394900.0 139598000000.0 337551000000000.0 1.15816e+17 7.60459e-08 0.00295795 15.4935 6.44 [6.44]
134895000000000.0 1.93888e+21 278.483 11003000.0 113533000000.0 275368000000000.0 9.5419e+16 2.69163e-08 0.00111128 6.19585 6.46 [6.46]
134895000000000.0 2.03484e+21 201.107 8439780.0 92562900000.0 221365000000000.0 7.75988e+16 9.68088e-09 0.000424168 2.51631 6.48 [6.48]
134895000000000.0 2.13491e+21 145.779 6492900.0 75611800000.0 175726000000000.0 6.24229e+16 3.53565e-09 0.000164367 1.03698 6.5 [6.5]
134895000000000.0 2.2394e+21 106.059 5010580.0 61913000000.0 139390000000000.0 5.02564e+16 1.31236e-09 6.47221e-05 0.434098 6.52 [6.52]
134895000000000.0 2.34854e+21 77.6022 3887320.0 50946800000.0 110482000000000.0 4.04924e+16 4.96589e-10 2.59774e-05 0.185182 6.54 [6.54]
134895000000000.0 2.46247e+21 56.8217 3016070.0 41910000000.0 87262100000000.0 3.25623e+16 1.90387e-10 1.05623e-05 0.0799917 6.56 [6.56]
134895000000000.0 2.5815e+21 41.6536 2341350.0 34483700000.0 68768400000000.0 2.61676e+16 7.39641e-11 4.351e-06 0.0349934 6.58 [6.58]
134895000000000.0 2.70591e+21 30.5684 1818520.0 28380500000.0 54133700000000.0 2.10374e+16 2.9109e-11 1.81541e-06 0.0154995 6.6 [6.6]
134896000000000.0 2.83601e+21 22.4616 1413550.0 23371100000.0 42608100000000.0 1.69362e+16 1.16019e-11 7.67001e-07 0.00694923 6.62 [6.62]
134896000000000.0 2.97212e+21 16.5305 1100070.0 19266000000.0 33600800000000.0 1.36798e+16 4.68854e-12 3.28528e-07 0.00315783 6.64 [6.64]
134896000000000.0 3.11462e+21 12.1891 857560.0 15908400000.0 26631600000000.0 1.11196e+16 1.92104e-12 1.4266e-07 0.00145447 6.66 [6.66]
134896000000000.0 3.26379e+21 9.00504 669622.0 13157700000.0 21192400000000.0 9085830000000000.0 7.97578e-13 6.27678e-08 0.00067863 6.68 [6.68]
134896000000000.0 3.41998e+21 6.66563 523772.0 10901100000.0 16913700000000.0 7454630000000000.0 1.20856e-13 2.79623e-08 0.000320534 6.7 [6.7]
134896000000000.0 3.58348e+21 4.94392 410458.0 9048350000.0 13541700000000.0 6142410000000000.0 0.0 1.26059e-08 0.00015318 6.72 [6.72]
134896000000000.0 3.75468e+21 3.67532 322356.0 7526480000.0 10901600000000.0 5094170000000000.0 0.0 5.74762e-09 7.40242e-05 6.74 [6.74]
134896000000000.0 3.93393e+21 2.73946 253805.0 6275830000.0 8791880000000.0 4236140000000000.0 0.0 2.64933e-09 3.61582e-05 6.76 [6.76]
134896000000000.0 4.12166e+21 2.04707 200330.0 5245720000.0 7117740000000.0 3539050000000000.0 0.0 1.23342e-09 1.78366e-05 6.78 [6.78]
134896000000000.0 4.31829e+21 1.5334 158509.0 4395460000.0 5787030000000.0 2971460000000000.0 7.93769e-17 5.79551e-10 8.87936e-06 6.8 [6.8]
134896000000000.0 4.52428e+21 1.15148 125739.0 3692570000.0 4729900000000.0 2509550000000000.0 3.58942e-17 2.74649e-10 4.4579e-06 6.82 [6.82]
134896000000000.0 4.7396e+21 0.866765 99988.1 3109650000.0 3884660000000.0 2130910000000000.0 8.22142e-18 1.3111e-10 2.25433e-06 6.84 [6.84]
134896000000000.0 4.96523e+21 0.653709 79679.8 2624550000.0 3206190000000.0 1819230000000000.0 3.78397e-18 6.30222e-11 1.14697e-06 6.86 [6.86]
134896000000000.0 5.20199e+21 0.494047 63641.9 2220290000.0 2659890000000.0 1561870000000000.0 0.0 3.04598e-11 5.86349e-07 6.88 [6.88]
134896000000000.0 5.45056e+21 0.374016 50933.9 1882390000.0 2217920000000.0 1348270000000000.0 0.0 1.47609e-11 3.00958e-07 6.9 [6.9]
134896000000000.0 5.71157e+21 0.283396 40813.6 1598330000.0 1858270000000.0 1169940000000000.0 3.77439e-19 7.1664e-12 1.54766e-07 6.92 [6.92]
134896000000000.0 5.9857e+21 0.214824 32731.1 1358790000.0 1563860000000.0 1020110000000000.0 1.53091e-18 3.48056e-12 7.96213e-08 6.94 [6.94]
134896000000000.0 6.27362e+21 0.162986 26281.4 1156840000.0 1321690000000.0 893589000000000.0 7.08865e-19 1.68894e-12 4.09262e-08 6.96 [6.96]
134896000000000.0 6.57603e+21 0.123694 21117.9 986007000.0 1121330000000.0 786049000000000.0 0.0 6.18394e-13 2.09911e-08 6.98 [6.98]
134896000000000.0 6.89361e+21 0.0938351 16969.4 840847000.0 953364000000.0 693222000000000.0 0.0 2.67305e-14 1.07247e-08 7.0 [7.0]
