Cloudy_runs/component_II_logT/component_II_logT_col_density_param.txt
# %ECSV 1.0
# ---
# datatype:
# - {name: H, datatype: float64}
# - {name: H+, datatype: float64}
# - {name: C+, datatype: float64}
# - {name: C+2, datatype: float64}
# - {name: C+3, datatype: float64}
# - {name: O+5, datatype: float64}
# - {name: O+6, datatype: float64}
# - {name: Si+, datatype: float64}
# - {name: Si+2, datatype: float64}
# - {name: Si+3, datatype: float64}
# - {name: log_T, datatype: float64}
# - {name: parameters, datatype: string, subtype: 'float64[1]'}
# schema: astropy-2.0
H H+ C+ C+2 C+3 O+5 O+6 Si+ Si+2 Si+3 log_T parameters
134896000000000.0 4.43392e+17 291526000000.0 25351200000000.0 38365200000000.0 16648700000000.0 2587490000000.0 3098880000.0 120797000000.0 795159000000.0 4.0 [4.0]
134896000000000.0 4.58235e+17 282077000000.0 25098900000000.0 39389500000000.0 17446200000000.0 2798570000000.0 2950140000.0 118197000000.0 780455000000.0 4.02 [4.02]
134896000000000.0 4.73617e+17 273309000000.0 24874400000000.0 40393900000000.0 18282400000000.0 3027330000000.0 2823050000.0 116086000000.0 765191000000.0 4.04 [4.04]
134896000000000.0 4.89561e+17 265357000000.0 24692400000000.0 41371400000000.0 19161200000000.0 3275500000000.0 2719360000.0 114566000000.0 749310000000.0 4.06 [4.06]
134896000000000.0 5.0609e+17 258383000000.0 24569300000000.0 42315000000000.0 20086200000000.0 3544920000000.0 2641030000.0 113744000000.0 732744000000.0 4.08 [4.08]
134896000000000.0 5.23229e+17 252567000000.0 24522800000000.0 43217100000000.0 21060000000000.0 3837450000000.0 2590350000.0 113724000000.0 715445000000.0 4.1 [4.1]
134896000000000.0 5.41003e+17 248117000000.0 24571400000000.0 44070700000000.0 22083900000000.0 4154960000000.0 2569740000.0 114596000000.0 697359000000.0 4.12 [4.12]
134896000000000.0 5.59439e+17 245261000000.0 24733500000000.0 44869200000000.0 23158000000000.0 4499210000000.0 2581830000.0 116438000000.0 678446000000.0 4.14 [4.14]
134896000000000.0 5.7857e+17 244257000000.0 25026900000000.0 45606800000000.0 24280000000000.0 4871830000000.0 2629430000.0 119301000000.0 658699000000.0 4.16 [4.16]
134896000000000.0 5.98427e+17 245398000000.0 25467900000000.0 46279300000000.0 25445300000000.0 5274200000000.0 2715460000.0 123207000000.0 638126000000.0 4.18 [4.18]
134896000000000.0 6.19049e+17 249023000000.0 26070400000000.0 46883700000000.0 26646800000000.0 5707370000000.0 2842940000.0 128138000000.0 616767000000.0 4.2 [4.2]
134896000000000.0 6.40479e+17 255528000000.0 26845100000000.0 47419300000000.0 27874300000000.0 6172020000000.0 3014800000.0 134039000000.0 594698000000.0 4.22 [4.22]
134896000000000.0 6.62766e+17 265393000000.0 27799400000000.0 47887400000000.0 29114600000000.0 6668330000000.0 3233750000.0 140810000000.0 572029000000.0 4.24 [4.24]
134896000000000.0 6.85969e+17 279193000000.0 28936300000000.0 48291300000000.0 30351800000000.0 7195970000000.0 3501840000.0 148317000000.0 548898000000.0 4.26 [4.26]
134896000000000.0 7.10158e+17 297624000000.0 30255400000000.0 48636900000000.0 31568100000000.0 7754200000000.0 3820170000.0 156391000000.0 525478000000.0 4.28 [4.28]
134896000000000.0 7.35487e+17 321483000000.0 31751600000000.0 48934600000000.0 32751500000000.0 8344110000000.0 4187370000.0 164820000000.0 501929000000.0 4.3 [4.3]
134896000000000.0 7.61933e+17 351825000000.0 33419900000000.0 49189600000000.0 33869000000000.0 8959900000000.0 4602980000.0 173455000000.0 478522000000.0 4.32 [4.32]
134896000000000.0 7.89703e+17 389729000000.0 35249600000000.0 49416800000000.0 34911500000000.0 9602810000000.0 5061140000.0 182071000000.0 455427000000.0 4.34 [4.34]
134896000000000.0 8.19004e+17 436426000000.0 37229300000000.0 49631300000000.0 35869800000000.0 10273800000000.0 5553430000.0 190466000000.0 432826000000.0 4.36 [4.36]
134896000000000.0 8.49971e+17 493341000000.0 39349300000000.0 49846000000000.0 36727100000000.0 10970200000000.0 6070660000.0 198508000000.0 410937000000.0 4.38 [4.38]
134896000000000.0 8.82901e+17 561900000000.0 41598400000000.0 50079500000000.0 37484900000000.0 11694800000000.0 6598780000.0 206050000000.0 389909000000.0 4.4 [4.4]
134896000000000.0 9.18119e+17 643608000000.0 43968300000000.0 50350300000000.0 38147300000000.0 12451000000000.0 7121850000.0 212993000000.0 369880000000.0 4.42 [4.42]
134896000000000.0 9.5601e+17 739987000000.0 46453900000000.0 50678400000000.0 38723900000000.0 13243300000000.0 7622420000.0 219278000000.0 350966000000.0 4.44 [4.44]
134896000000000.0 9.97044e+17 852532000000.0 49053800000000.0 51084900000000.0 39230500000000.0 14078600000000.0 8082080000.0 224881000000.0 333252000000.0 4.46 [4.46]
134896000000000.0 1.04179e+18 982675000000.0 51771400000000.0 51592800000000.0 39687900000000.0 14965900000000.0 8482780000.0 229811000000.0 316799000000.0 4.48 [4.48]
134896000000000.0 1.09091e+18 1131750000000.0 54614900000000.0 52226000000000.0 40121000000000.0 15916600000000.0 8807920000.0 234100000000.0 301644000000.0 4.5 [4.5]
134896000000000.0 1.14521e+18 1300980000000.0 57600300000000.0 53010400000000.0 40556700000000.0 16944300000000.0 9043860000.0 237806000000.0 287807000000.0 4.52 [4.52]
134896000000000.0 1.20565e+18 1491340000000.0 60745100000000.0 53976000000000.0 41024600000000.0 18065500000000.0 9180830000.0 240997000000.0 275295000000.0 4.54 [4.54]
134896000000000.0 1.27334e+18 1703610000000.0 64076200000000.0 55153000000000.0 41555200000000.0 19299300000000.0 9213960000.0 243751000000.0 264103000000.0 4.56 [4.56]
134896000000000.0 1.34956e+18 1938210000000.0 67624400000000.0 56574300000000.0 42179300000000.0 20667900000000.0 9143470000.0 246149000000.0 254222000000.0 4.58 [4.58]
134896000000000.0 1.4358e+18 2195080000000.0 71424800000000.0 58275600000000.0 42928400000000.0 22196700000000.0 8974640000.0 248264000000.0 245644000000.0 4.6 [4.6]
134896000000000.0 1.53374e+18 2473500000000.0 75516200000000.0 60295300000000.0 43834100000000.0 23914900000000.0 8717080000.0 250162000000.0 238365000000.0 4.62 [4.62]
134896000000000.0 1.64532e+18 2771860000000.0 79939600000000.0 62674700000000.0 44929100000000.0 25856300000000.0 8383640000.0 251898000000.0 232390000000.0 4.64 [4.64]
134896000000000.0 1.77272e+18 3087430000000.0 84736400000000.0 65458600000000.0 46246900000000.0 28059500000000.0 7989130000.0 253505000000.0 227739000000.0 4.66 [4.66]
134896000000000.0 1.9184e+18 3416050000000.0 89947100000000.0 68694400000000.0 47823000000000.0 30568900000000.0 7548920000.0 254998000000.0 224452000000.0 4.68 [4.68]
134896000000000.0 2.08513e+18 3751850000000.0 95606500000000.0 72434400000000.0 49695600000000.0 33435900000000.0 7076010000.0 256302000000.0 222539000000.0 4.7 [4.7]
134896000000000.0 2.27596e+18 4087090000000.0 101739000000000.0 76733900000000.0 51907400000000.0 36720400000000.0 6556290000.0 256295000000.0 221160000000.0 4.72 [4.72]
134896000000000.0 2.49434e+18 4412310000000.0 108360000000000.0 81654700000000.0 54504300000000.0 40491600000000.0 6036980000.0 256138000000.0 221501000000.0 4.74 [4.74]
134896000000000.0 2.74408e+18 4716460000000.0 115461000000000.0 87262300000000.0 57539100000000.0 44830200000000.0 5526900000.0 255753000000.0 223714000000.0 4.76 [4.76]
134896000000000.0 3.02913e+18 4986760000000.0 122997000000000.0 93621400000000.0 61067800000000.0 49827300000000.0 5032280000.0 255020000000.0 227987000000.0 4.78 [4.78]
134896000000000.0 3.35416e+18 5210400000000.0 130897000000000.0 100812000000000.0 65162700000000.0 55596300000000.0 4557810000.0 253814000000.0 234567000000.0 4.8 [4.8]
134896000000000.0 3.72426e+18 5374680000000.0 139036000000000.0 108920000000000.0 69907500000000.0 62271400000000.0 4106550000.0 251994000000.0 243739000000.0 4.82 [4.82]
134896000000000.0 4.14494e+18 5467970000000.0 147220000000000.0 118035000000000.0 75400600000000.0 70012200000000.0 3680420000.0 249414000000.0 255818000000.0 4.84 [4.84]
134896000000000.0 4.62224e+18 5480880000000.0 155186000000000.0 128258000000000.0 81760600000000.0 79012200000000.0 3280540000.0 245935000000.0 271136000000.0 4.86 [4.86]
134895000000000.0 5.16285e+18 5406950000000.0 162578000000000.0 139685000000000.0 89133500000000.0 89509600000000.0 2907640000.0 241443000000.0 290033000000.0 4.88 [4.88]
134896000000000.0 5.77418e+18 5243570000000.0 168965000000000.0 152406000000000.0 97699600000000.0 101799000000000.0 2562090000.0 235859000000.0 312819000000.0 4.9 [4.9]
134896000000000.0 6.46428e+18 4992110000000.0 173827000000000.0 166475000000000.0 107681000000000.0 116247000000000.0 2243900000.0 229137000000.0 339739000000.0 4.92 [4.92]
134896000000000.0 7.2419e+18 4654080000000.0 176435000000000.0 181927000000000.0 119353000000000.0 133313000000000.0 1952480000.0 221226000000.0 370884000000.0 4.94 [4.94]
134896000000000.0 8.11705e+18 4242550000000.0 176255000000000.0 198667000000000.0 133068000000000.0 153577000000000.0 1687440000.0 212161000000.0 406209000000.0 4.96 [4.96]
134896000000000.0 9.10079e+18 3784990000000.0 173283000000000.0 216376000000000.0 149267000000000.0 177782000000000.0 1448760000.0 202101000000.0 445575000000.0 4.98 [4.98]
134896000000000.0 1.02055e+19 3296460000000.0 167099000000000.0 234693000000000.0 168509000000000.0 206878000000000.0 1234970000.0 191093000000.0 488440000000.0 5.0 [5.0]
134896000000000.0 1.14444e+19 2797350000000.0 157618000000000.0 252747000000000.0 191492000000000.0 242071000000000.0 1046370000.0 179257000000.0 533996000000.0 5.02 [5.02]
134896000000000.0 1.28318e+19 2313940000000.0 145383000000000.0 269902000000000.0 219087000000000.0 284894000000000.0 879456000.0 166753000000.0 581155000000.0 5.04 [5.04]
134896000000000.0 1.43832e+19 1865480000000.0 131007000000000.0 285138000000000.0 252397000000000.0 337310000000000.0 733056000.0 153775000000.0 628613000000.0 5.06 [5.06]
134896000000000.0 1.61172e+19 1466370000000.0 115305000000000.0 297418000000000.0 292857000000000.0 401879000000000.0 606049000.0 140582000000.0 675076000000.0 5.08 [5.08]
134896000000000.0 1.80545e+19 1124780000000.0 99156500000000.0 305796000000000.0 342320000000000.0 481946000000000.0 497172000.0 127458000000.0 719394000000.0 5.1 [5.1]
134896000000000.0 2.02175e+19 843133000000.0 83398100000000.0 309602000000000.0 403186000000000.0 581874000000000.0 405033000.0 114692000000.0 760759000000.0 5.12 [5.12]
134896000000000.0 2.26349e+19 618848000000.0 68716200000000.0 308556000000000.0 478509000000000.0 707391000000000.0 328154000.0 102576000000.0 799013000000.0 5.14 [5.14]
134896000000000.0 2.53397e+19 445317000000.0 55519000000000.0 302512000000000.0 572538000000000.0 866249000000000.0 264863000.0 91339800000.0 834557000000.0 5.16 [5.16]
134895000000000.0 2.83729e+19 315721000000.0 44193400000000.0 292590000000000.0 691060000000000.0 1068790000000000.0 213483000.0 81176600000.0 868640000000.0 5.18 [5.18]
134895000000000.0 3.17852e+19 220984000000.0 34717800000000.0 279331000000000.0 842141000000000.0 1329100000000000.0 172262000.0 72188400000.0 902961000000.0 5.2 [5.2]
134896000000000.0 3.56379e+19 153369000000.0 27032900000000.0 264019000000000.0 1036690000000000.0 1665900000000000.0 139515000.0 64403600000.0 939747000000.0 5.22 [5.22]
134896000000000.0 4.00021e+19 105844000000.0 20920000000000.0 247487000000000.0 1289620000000000.0 2104330000000000.0 113679000.0 57784000000.0 981405000000.0 5.24 [5.24]
134896000000000.0 4.49569e+19 72468700000.0 16049400000000.0 229444000000000.0 1620900000000000.0 2677710000000000.0 93333100.0 52221300000.0 1030010000000.0 5.26 [5.26]
134896000000000.0 5.05766e+19 49781200000.0 12345000000000.0 212422000000000.0 2056030000000000.0 3429710000000000.0 77353600.0 47622900000.0 1088160000000.0 5.28 [5.28]
134896000000000.0 5.69231e+19 34127100000.0 9467200000000.0 195300000000000.0 2633680000000000.0 4430020000000000.0 64707300.0 43815800000.0 1156960000000.0 5.3 [5.3]
134896000000000.0 6.39347e+19 23447800000.0 7269080000000.0 178957000000000.0 3371470000000000.0 5723050000000000.0 54544800.0 40590400000.0 1235360000000.0 5.32 [5.32]
134896000000000.0 7.14899e+19 16087200000.0 5566390000000.0 162798000000000.0 4297850000000000.0 7395840000000000.0 46208100.0 37744400000.0 1320570000000.0 5.34 [5.34]
134896000000000.0 7.93117e+19 10988000000.0 4237620000000.0 146583000000000.0 5410410000000000.0 9525440000000000.0 39183600.0 35066500000.0 1406650000000.0 5.36 [5.36]
134896000000000.0 8.70496e+19 7401700000.0 3176590000000.0 129532000000000.0 6690910000000000.0 1.22244e+16 33101800.0 32377200000.0 1485270000000.0 5.38 [5.38]
134896000000000.0 9.41241e+19 4995210000.0 2382700000000.0 114020000000000.0 7976120000000000.0 1.54115e+16 27737500.0 29554100000.0 1546050000000.0 5.4 [5.4]
134896000000000.0 1.0019e+20 3338730000.0 1767640000000.0 99014600000000.0 9124320000000000.0 1.90672e+16 22951900.0 26550400000.0 1579770000000.0 5.42 [5.42]
134896000000000.0 1.05175e+20 2223310000.0 1305230000000.0 85378700000000.0 9965840000000000.0 2.30703e+16 18729000.0 23455300000.0 1583350000000.0 5.44 [5.44]
134896000000000.0 1.09398e+20 1482580000.0 964491000000.0 73505600000000.0 1.04075e+16 2.73242e+16 15082800.0 20411600000.0 1559480000000.0 5.46 [5.46]
134896000000000.0 1.13397e+20 994354000.0 716760000000.0 63504600000000.0 1.0442e+16 3.17615e+16 12008300.0 17546900000.0 1513870000000.0 5.48 [5.48]
134896000000000.0 1.17729e+20 674536000.0 538782000000.0 55355600000000.0 1.01309e+16 3.63494e+16 9467410.0 14937000000.0 1452050000000.0 5.5 [5.5]
134896000000000.0 1.22846e+20 463373000.0 410327000000.0 48771600000000.0 9571300000000000.0 4.10933e+16 7394520.0 12600800000.0 1377360000000.0 5.52 [5.52]
134896000000000.0 1.28998e+20 322945000.0 317255000000.0 43510300000000.0 8861190000000000.0 4.60021e+16 5717050.0 10526200000.0 1291120000000.0 5.54 [5.54]
134896000000000.0 1.36338e+20 227995000.0 248706000000.0 39262500000000.0 8084630000000000.0 5.11126e+16 4367260.0 8690270000.0 1193730000000.0 5.56 [5.56]
134896000000000.0 1.44986e+20 162966000.0 197611000000.0 35826100000000.0 7306800000000000.0 5.6477e+16 3290800.0 7077590000.0 1086680000000.0 5.58 [5.58]
134896000000000.0 1.54954e+20 117831000.0 159007000000.0 33029600000000.0 6565510000000000.0 6.2151e+16 2440740.0 5673740000.0 971861000000.0 5.6 [5.6]
134896000000000.0 1.66178e+20 86190700.0 129489000000.0 30747100000000.0 5867700000000000.0 6.8121e+16 1778030.0 4466090000.0 851919000000.0 5.62 [5.62]
134896000000000.0 1.78766e+20 63832900.0 106786000000.0 28917200000000.0 5244070000000000.0 7.44627e+16 1271880.0 3450880000.0 731681000000.0 5.64 [5.64]
134896000000000.0 1.92611e+20 47879000.0 89116200000.0 27456200000000.0 4685160000000000.0 8.11695e+16 891875.0 2612660000.0 614643000000.0 5.66 [5.66]
134896000000000.0 2.078e+20 36413500.0 75253400000.0 26319400000000.0 4188290000000000.0 8.83028e+16 612609.0 1936480000.0 504636000000.0 5.68 [5.68]
134896000000000.0 2.24376e+20 28101200.0 64249000000.0 25456100000000.0 3715540000000000.0 9.59313e+16 411499.0 1402750000.0 404553000000.0 5.7 [5.7]
134896000000000.0 2.42278e+20 22013300.0 55371100000.0 24808100000000.0 3319320000000000.0 1.03978e+17 271239.0 996265000.0 317448000000.0 5.72 [5.72]
134896000000000.0 2.61303e+20 17483300.0 48060700000.0 24310700000000.0 2961330000000000.0 1.12395e+17 174024.0 688117000.0 242023000000.0 5.74 [5.74]
134896000000000.0 2.81112e+20 14061300.0 41945900000.0 23914400000000.0 2642770000000000.0 1.2103e+17 109471.0 465594000.0 180593000000.0 5.76 [5.76]
134896000000000.0 3.01311e+20 11408200.0 36710900000.0 23552700000000.0 2367610000000000.0 1.29705e+17 67383.2 307993000.0 131574000000.0 5.78 [5.78]
134896000000000.0 3.21655e+20 9303880.0 32171100000.0 23186100000000.0 2128000000000000.0 1.3832e+17 40565.6 199124000.0 93570900000.0 5.8 [5.8]
134896000000000.0 3.42104e+20 7577360.0 28122800000.0 22740000000000.0 1914700000000000.0 1.46865e+17 23704.5 124895000.0 64499400000.0 5.82 [5.82]
134896000000000.0 3.62833e+20 6133950.0 24465500000.0 22171500000000.0 1731060000000000.0 1.55413e+17 13646.4 77152900.0 43747500000.0 5.84 [5.84]
134896000000000.0 3.84229e+20 4917910.0 21134700000.0 21447500000000.0 1573280000000000.0 1.64129e+17 7699.09 46698600.0 29052100000.0 5.86 [5.86]
134896000000000.0 4.06661e+20 3899300.0 18106700000.0 20557100000000.0 1439470000000000.0 1.73168e+17 4259.7 27713700.0 18901400000.0 5.88 [5.88]
134896000000000.0 4.30317e+20 3057340.0 15375400000.0 19504000000000.0 1328970000000000.0 1.826e+17 2312.75 16135400.0 12050900000.0 5.9 [5.9]
134896000000000.0 4.55615e+20 2369750.0 12929100000.0 18301800000000.0 1239510000000000.0 1.92588e+17 1236.96 9251920.0 7558330000.0 5.92 [5.92]
