Cloudy_runs/uks0242/z=0.06385/logZ=1/component_II_PI_nH/component_II_PI_nH_col_density_param.txt
# %ECSV 1.0
# ---
# datatype:
# - {name: H, datatype: float64}
# - {name: H+, datatype: float64}
# - {name: C+, datatype: float64}
# - {name: C+2, datatype: float64}
# - {name: C+3, datatype: float64}
# - {name: N+, datatype: float64}
# - {name: N+2, datatype: float64}
# - {name: N+4, datatype: float64}
# - {name: O, datatype: float64}
# - {name: O+2, datatype: float64}
# - {name: O+5, datatype: float64}
# - {name: O+6, datatype: float64}
# - {name: P+, datatype: float64}
# - {name: Si+, datatype: float64}
# - {name: Si+2, datatype: float64}
# - {name: Si+3, datatype: float64}
# - {name: Si+4, datatype: float64}
# - {name: Fe+, datatype: float64}
# - {name: Al+, datatype: float64}
# - {name: log_nH, datatype: float64}
# - {name: parameters, datatype: string, subtype: 'float64[1]'}
# schema: astropy-2.0
H H+ C+ C+2 C+3 N+ N+2 N+4 O O+2 O+5 O+6 P+ Si+ Si+2 Si+3 Si+4 Fe+ Al+ log_nH parameters
[from data line 224]
1479110000000000.0 262957000000000.0 2317830000000.0 25131300000.0 0.0 174715000000.0 24317900.0 0.0 8097640000000.0 57757600.0 0.0 0.0 4290680000.0 483434000000.0 7896940.0 10675600.0 0.0 549630000000.0 48724500000.0 -0.52 [-0.52]
1479110000000000.0 255771000000000.0 2272150000000.0 23874300000.0 0.0 169111000000.0 22438100.0 0.0 8080050000000.0 52805600.0 0.0 0.0 4271720000.0 479794000000.0 7466900.0 10086900.0 0.0 547367000000.0 48532700000.0 -0.5 [-0.5]
1479110000000000.0 248804000000000.0 2227150000000.0 22678700000.0 0.0 163697000000.0 20706800.0 0.0 8062760000000.0 48293700.0 0.0 0.0 4253290000.0 476209000000.0 7061460.0 9532110.0 0.0 545173000000.0 48346600000.0 -0.48 [-0.48]
1479110000000000.0 242045000000000.0 2182790000000.0 21541200000.0 0.0 158465000000.0 19112000.0 0.0 8045770000000.0 44179800.0 0.0 0.0 4235390000.0 472677000000.0 6679100.0 9009230.0 0.0 543044000000.0 48166000000.0 -0.46 [-0.46]
1479110000000000.0 235496000000000.0 2139090000000.0 20459800000.0 0.0 153410000000.0 17642900.0 0.0 8029080000000.0 40430400.0 0.0 0.0 4218020000.0 469198000000.0 6318450.0 8516340.0 0.0 540981000000.0 47991000000.0 -0.44 [-0.44]
1479110000000000.0 229141000000000.0 2095870000000.0 19429300000.0 0.0 148515000000.0 16288000.0 0.0 8012680000000.0 37010200.0 0.0 0.0 4201130000.0 465763000000.0 5978110.0 8051470.0 0.0 538978000000.0 47820900000.0 -0.42 [-0.42]
1479110000000000.0 222968000000000.0 2053390000000.0 18449400000.0 0.0 143786000000.0 15039600.0 0.0 7996580000000.0 33885100.0 0.0 0.0 4184680000.0 462372000000.0 5656850.0 7612920.0 0.0 537033000000.0 47655700000.0 -0.4 [-0.4]
1479110000000000.0 216985000000000.0 2011590000000.0 17518300000.0 0.0 139219000000.0 13889300.0 0.0 7980780000000.0 31035800.0 0.0 0.0 4168720000.0 459028000000.0 5353640.0 7199260.0 0.0 535147000000.0 47495500000.0 -0.38 [-0.38]
1479110000000000.0 211171000000000.0 1970360000000.0 16631700000.0 0.0 134798000000.0 12828200.0 0.0 7965260000000.0 28431300.0 0.0 0.0 4153180000.0 455720000000.0 5067270.0 6808830.0 0.0 533315000000.0 47339800000.0 -0.36 [-0.36]
1479110000000000.0 205560000000000.0 1929940000000.0 15792200000.0 0.0 130542000000.0 11851600.0 0.0 7950120000000.0 26058100.0 0.0 0.0 4138190000.0 452475000000.0 4797140.0 6440770.0 0.0 531546000000.0 47189400000.0 -0.34 [-0.34]
1479110000000000.0 200056000000000.0 1889760000000.0 14986800000.0 0.0 126393000000.0 10947500.0 0.0 7935080000000.0 23881900.0 0.0 0.0 4123380000.0 449223000000.0 4541380.0 6092480.0 0.0 529811000000.0 47041900000.0 -0.32 [-0.32]
1479110000000000.0 194768000000000.0 1850550000000.0 14227200000.0 0.0 122412000000.0 10116500.0 0.0 7920500000000.0 21900800.0 0.0 0.0 4109200000.0 446050000000.0 4300270.0 5764380.0 0.0 528143000000.0 46900000000.0 -0.3 [-0.3]
1479110000000000.0 189605000000000.0 1811730000000.0 13501500000.0 0.0 118545000000.0 9348350.0 0.0 7906100000000.0 20085900.0 0.0 0.0 4095280000.0 442887000000.0 4072150.0 5454130.0 0.0 526515000000.0 46761500000.0 -0.28 [-0.28]
1479110000000000.0 184591000000000.0 1773490000000.0 12811100000.0 0.0 114802000000.0 8639440.0 0.0 7892000000000.0 18425100.0 0.0 0.0 4081740000.0 439756000000.0 3856520.0 5161060.0 0.0 524933000000.0 46626800000.0 -0.26 [-0.26]
1479110000000000.0 179720000000000.0 1735840000000.0 12154600000.0 0.0 111182000000.0 7985200.0 0.0 7878150000000.0 16907000.0 0.0 0.0 4068550000.0 436654000000.0 3652670.0 4884180.0 0.0 523397000000.0 46496000000.0 -0.24 [-0.24]
1479110000000000.0 174966000000000.0 1698600000000.0 11528000000.0 0.0 107667000000.0 7380330.0 0.0 7864490000000.0 15515900.0 0.0 0.0 4055620000.0 433559000000.0 3459730.0 4622270.0 0.0 521897000000.0 46368200000.0 -0.22 [-0.22]
1479110000000000.0 170371000000000.0 1662110000000.0 10934500000.0 0.0 104278000000.0 6822920.0 0.0 7851180000000.0 14245200.0 0.0 0.0 4043130000.0 430511000000.0 3277460.0 4375020.0 0.0 520447000000.0 46244700000.0 -0.2 [-0.2]
1479110000000000.0 165907000000000.0 1626170000000.0 10370100000.0 0.0 100998000000.0 6308220.0 0.0 7838130000000.0 13081800.0 0.0 0.0 4030960000.0 427487000000.0 3105050.0 4141310.0 0.0 519038000000.0 46124700000.0 -0.18 [-0.18]
1479110000000000.0 161568000000000.0 1590790000000.0 9833430000.0 0.0 97823700000.0 5832910.0 0.0 7825350000000.0 12016400.0 0.0 0.0 4019110000.0 424485000000.0 2941940.0 3920340.0 0.0 517669000000.0 46007900000.0 -0.16 [-0.16]
1479110000000000.0 157352000000000.0 1555970000000.0 9323190000.0 0.0 94750400000.0 5393920.0 0.0 7812810000000.0 11040500.0 0.0 0.0 4007570000.0 421504000000.0 2787610.0 3711410.0 0.0 516337000000.0 45894500000.0 -0.14 [-0.14]
1479110000000000.0 153254000000000.0 1521690000000.0 8838110000.0 0.0 91775200000.0 4988420.0 0.0 7800530000000.0 10146400.0 0.0 0.0 3996320000.0 418543000000.0 2641550.0 3513820.0 0.0 515044000000.0 45784100000.0 -0.12 [-0.12]
1479110000000000.0 149270000000000.0 1487960000000.0 8377030000.0 0.0 88894800000.0 4613830.0 0.0 7788490000000.0 9327160.0 0.0 0.0 3985360000.0 415599000000.0 2503320.0 3326930.0 0.0 513786000000.0 45676800000.0 -0.1 [-0.1]
1479110000000000.0 145414000000000.0 1454900000000.0 7940340000.0 0.0 86115200000.0 4268220.0 0.0 7776740000000.0 8577660.0 0.0 0.0 3974750000.0 412690000000.0 2372580.0 3150320.0 0.0 512568000000.0 45572900000.0 -0.08 [-0.08]
1479110000000000.0 141647000000000.0 1422220000000.0 7523510000.0 0.0 83412700000.0 3948330.0 0.0 7765190000000.0 7888320.0 0.0 0.0 3964320000.0 409776000000.0 2248690.0 2983050.0 0.0 511378000000.0 45471400000.0 -0.06 [-0.06]
1479110000000000.0 137969000000000.0 1389960000000.0 7126280000.0 0.0 80789000000.0 3652360.0 0.0 7753810000000.0 7255550.0 0.0 0.0 3954090000.0 406860000000.0 2131280.0 2824640.0 0.0 510217000000.0 45372200000.0 -0.04 [-0.04]
1479110000000000.0 134408000000000.0 1358350000000.0 6750100000.0 0.0 78255700000.0 3379200.0 0.0 7742720000000.0 6675980.0 0.0 0.0 3944180000.0 403972000000.0 2020190.0 2674870.0 0.0 509092000000.0 45276100000.0 -0.02 [-0.02]
1479110000000000.0 130947000000000.0 1327270000000.0 6392870000.0 0.0 75803600000.0 3126730.0 0.0 7731860000000.0 6144640.0 0.0 0.0 3934530000.0 401098000000.0 1914990.0 2533130.0 0.0 507998000000.0 45182700000.0 -0.0 [-0.0]
1479110000000000.0 127577000000000.0 1296680000000.0 6053260000.0 0.0 73426300000.0 2893300.0 0.0 7721210000000.0 5656390.0 0.0 0.0 3925090000.0 398230000000.0 1815320.0 2398960.0 0.0 506933000000.0 45091700000.0 0.02 [0.02]
1479110000000000.0 124299000000000.0 1266610000000.0 5730670000.0 0.0 71123600000.0 2677480.0 0.0 7710790000000.0 5208110.0 0.0 0.0 3915880000.0 395370000000.0 1720920.0 2271950.0 0.0 505897000000.0 45003200000.0 0.04 [0.04]
1479110000000000.0 121124000000000.0 1237140000000.0 5425280000.0 0.0 68899300000.0 2478190.0 0.0 7700640000000.0 4797080.0 0.0 0.0 3906970000.0 392535000000.0 1631550.0 2151820.0 0.0 504893000000.0 44917400000.0 0.06 [0.06]
1479110000000000.0 118020000000000.0 1208050000000.0 5134200000.0 0.0 66737200000.0 2293640.0 0.0 7690650000000.0 4418820.0 0.0 0.0 3898190000.0 389687000000.0 1546790.0 2037960.0 0.0 503912000000.0 44833500000.0 0.08 [0.08]
1479110000000000.0 115000000000000.0 1179460000000.0 4857830000.0 0.0 64642500000.0 2122970.0 0.0 7680860000000.0 4071300.0 0.0 0.0 3889630000.0 386844000000.0 1466480.0 1930140.0 0.0 502958000000.0 44751900000.0 0.1 [0.1]
1479110000000000.0 112061000000000.0 1151360000000.0 4595410000.0 0.0 62612600000.0 1965120.0 0.0 7671290000000.0 3751880.0 0.0 0.0 3881260000.0 384004000000.0 1390360.0 1828030.0 0.0 502028000000.0 44672400000.0 0.12 [0.12]
1479110000000000.0 109200000000000.0 1123730000000.0 4346280000.0 0.0 60645400000.0 1819110.0 0.0 7661910000000.0 3458230.0 0.0 0.0 3873080000.0 381166000000.0 1318210.0 1731330.0 0.0 501123000000.0 44595000000.0 0.14 [0.14]
1479110000000000.0 106416000000000.0 1096580000000.0 4109830000.0 0.0 58739000000.0 1684050.0 0.0 7652730000000.0 3188250.0 0.0 0.0 3865090000.0 378329000000.0 1249830.0 1639740.0 0.0 500243000000.0 44519700000.0 0.16 [0.16]
1479110000000000.0 103705000000000.0 1069910000000.0 3885430000.0 0.0 56891400000.0 1559110.0 0.0 7643750000000.0 2939940.0 0.0 0.0 3857270000.0 375492000000.0 1185010.0 1552990.0 0.0 499385000000.0 44446300000.0 0.18 [0.18]
1479110000000000.0 101065000000000.0 1043690000000.0 3672400000.0 0.0 55099800000.0 1443500.0 0.0 7634950000000.0 2711420.0 0.0 0.0 3849630000.0 372651000000.0 1123550.0 1470790.0 0.0 498550000000.0 44374800000.0 0.2 [0.2]
1479110000000000.0 98495900000000.0 1017940000000.0 3470370000.0 0.0 53364100000.0 1336550.0 0.0 7626340000000.0 2501240.0 0.0 0.0 3842160000.0 369811000000.0 1065290.0 1392940.0 0.0 497737000000.0 44305200000.0 0.22 [0.22]
1479110000000000.0 95994100000000.0 992660000000.0 3278760000.0 0.0 51681800000.0 1237600.0 0.0 7617920000000.0 2307780.0 0.0 0.0 3834850000.0 366968000000.0 1010040.0 1319180.0 0.0 496945000000.0 44237400000.0 0.24 [0.24]
1479110000000000.0 93558200000000.0 967822000000.0 3097000000.0 0.0 50050900000.0 1146020.0 0.0 7609670000000.0 2129730.0 0.0 0.0 3827710000.0 364121000000.0 957665.0 1249290.0 0.0 496174000000.0 44171300000.0 0.26 [0.26]
1479110000000000.0 91185900000000.0 943424000000.0 2924610000.0 0.0 48469700000.0 1061270.0 0.0 7601600000000.0 1965740.0 0.0 0.0 3820710000.0 361269000000.0 907993.0 1183080.0 0.0 495422000000.0 44107000000.0 0.28 [0.28]
1479110000000000.0 88877300000000.0 919477000000.0 2761230000.0 0.0 46937600000.0 982846.0 0.0 7593720000000.0 1814800.0 0.0 0.0 3813870000.0 358414000000.0 860894.0 1120340.0 0.0 494691000000.0 44044300000.0 0.3 [0.3]
1479110000000000.0 86626600000000.0 895958000000.0 2606280000.0 0.0 45451500000.0 910250.0 0.0 7585990000000.0 1675700.0 0.0 0.0 3807170000.0 355550000000.0 816223.0 1060890.0 0.0 493978000000.0 43983200000.0 0.32 [0.32]
1479110000000000.0 84433800000000.0 872868000000.0 2459420000.0 0.0 44010600000.0 843056.0 0.0 7578430000000.0 1547530.0 0.0 0.0 3800590000.0 352678000000.0 773858.0 1004550.0 0.0 493284000000.0 43923700000.0 0.34 [0.34]
1479110000000000.0 82297900000000.0 850203000000.0 2320240000.0 0.0 42613600000.0 780857.0 0.0 7571030000000.0 1429420.0 0.0 0.0 3794150000.0 349799000000.0 733677.0 951162.0 0.0 492607000000.0 43865700000.0 0.36 [0.36]
1479110000000000.0 80216900000000.0 827960000000.0 2188380000.0 0.0 41259200000.0 723280.0 0.0 7563790000000.0 1320550.0 0.0 0.0 3787840000.0 346912000000.0 695567.0 900569.0 0.0 491947000000.0 43809100000.0 0.38 [0.38]
1479110000000000.0 78189100000000.0 806135000000.0 2063480000.0 0.0 39945900000.0 669981.0 0.0 7556710000000.0 1220180.0 0.0 0.0 3781640000.0 344015000000.0 659422.0 852626.0 0.0 491304000000.0 43754000000.0 0.4 [0.4]
1479110000000000.0 76213500000000.0 784715000000.0 1945170000.0 0.0 38672500000.0 620633.0 0.0 7549780000000.0 1127620.0 0.0 0.0 3775570000.0 341109000000.0 625133.0 807187.0 0.0 490678000000.0 43700300000.0 0.42 [0.42]
1479110000000000.0 74287900000000.0 763707000000.0 1833160000.0 0.0 37437900000.0 574949.0 0.0 7543000000000.0 1042260.0 0.0 0.0 3769610000.0 338193000000.0 592613.0 764130.0 0.0 490067000000.0 43647900000.0 0.44 [0.44]
1479110000000000.0 72411400000000.0 743096000000.0 1727110000.0 0.0 36240600000.0 532649.0 0.0 7536370000000.0 963512.0 0.0 0.0 3763760000.0 335266000000.0 561763.0 723322.0 0.0 489472000000.0 43596800000.0 0.46 [0.46]
1479110000000000.0 70582300000000.0 722880000000.0 1626730000.0 0.0 35079700000.0 493483.0 0.0 7529880000000.0 890848.0 0.0 0.0 3758010000.0 332327000000.0 532501.0 684649.0 0.0 488891000000.0 43547000000.0 0.48 [0.48]
1479110000000000.0 68795600000000.0 703020000000.0 1531600000.0 0.0 33952500000.0 457196.0 0.0 7523520000000.0 823755.0 0.0 0.0 3752330000.0 329368000000.0 504729.0 647978.0 0.0 488324000000.0 43498300000.0 0.5 [0.5]
1479110000000000.0 67057900000000.0 683585000000.0 1441750000.0 0.0 32861100000.0 423616.0 0.0 7517310000000.0 761866.0 0.0 0.0 3746780000.0 326407000000.0 478400.0 613248.0 0.0 487772000000.0 43450900000.0 0.52 [0.52]
1479110000000000.0 65363900000000.0 664532000000.0 1356790000.0 0.0 31802800000.0 392521.0 0.0 7511240000000.0 704728.0 0.0 0.0 3741330000.0 323435000000.0 453424.0 580336.0 0.0 487234000000.0 43404700000.0 0.54 [0.54]
1479110000000000.0 63715900000000.0 645891000000.0 1276540000.0 0.0 30777800000.0 363741.0 0.0 7505310000000.0 651996.0 0.0 0.0 3735990000.0 320460000000.0 429744.0 549165.0 0.0 486711000000.0 43359800000.0 0.56 [0.56]
1479110000000000.0 62105400000000.0 627589000000.0 1200560000.0 0.0 29782700000.0 337072.0 0.0 7499500000000.0 603271.0 0.0 0.0 3730700000.0 317463000000.0 407271.0 519610.0 0.0 486199000000.0 43315800000.0 0.58 [0.58]
1479110000000000.0 60535000000000.0 609654000000.0 1128740000.0 0.0 28817800000.0 312374.0 0.0 7493810000000.0 558262.0 0.0 0.0 3725490000.0 314454000000.0 385954.0 491604.0 0.0 485700000000.0 43272900000.0 0.6 [0.6]
1479110000000000.0 59003700000000.0 592084000000.0 1060880000.0 0.0 27882300000.0 289499.0 0.0 7488250000000.0 516679.0 0.0 0.0 3720360000.0 311433000000.0 365734.0 465068.0 0.0 485213000000.0 43231100000.0 0.62 [0.62]
1479110000000000.0 57510300000000.0 574875000000.0 996775000.0 0.0 26975200000.0 268313.0 0.0 7482810000000.0 478256.0 0.0 0.0 3715290000.0 308400000000.0 346554.0 439925.0 0.0 484737000000.0 43190300000.0 0.64 [0.64]
1479110000000000.0 56053800000000.0 558022000000.0 936235000.0 0.0 26095600000.0 248691.0 0.0 7477480000000.0 442747.0 0.0 0.0 3710300000.0 305355000000.0 328363.0 416103.0 0.0 484274000000.0 43150400000.0 0.66 [0.66]
1479110000000000.0 54633200000000.0 541520000000.0 879078000.0 0.0 25242900000.0 230516.0 0.0 7472280000000.0 409925.0 0.0 0.0 3705370000.0 302298000000.0 311109.0 393535.0 0.0 483821000000.0 43111500000.0 0.68 [0.68]
1479110000000000.0 53247500000000.0 525367000000.0 825130000.0 0.0 24416200000.0 213681.0 0.0 7467180000000.0 379583.0 0.0 0.0 3700500000.0 299230000000.0 294745.0 372154.0 0.0 483380000000.0 43073600000.0 0.7 [0.7]
1479110000000000.0 51895800000000.0 509559000000.0 774228000.0 0.0 23614700000.0 198088.0 0.0 7462200000000.0 351528.0 0.0 0.0 3695680000.0 296150000000.0 279225.0 351902.0 0.0 482949000000.0 43036600000.0 0.72 [0.72]
1479110000000000.0 50577000000000.0 494090000000.0 726212000.0 0.0 22837700000.0 183644.0 0.0 7457320000000.0 325585.0 0.0 0.0 3690910000.0 293059000000.0 264507.0 332718.0 0.0 482528000000.0 43000400000.0 0.74 [0.74]
1479110000000000.0 49290400000000.0 478958000000.0 680934000.0 0.0 22084500000.0 170264.0 0.0 7452550000000.0 301591.0 0.0 0.0 3686190000.0 289958000000.0 250550.0 314548.0 0.0 482118000000.0 42965100000.0 0.76 [0.76]
1479110000000000.0 48035000000000.0 464160000000.0 638253000.0 0.0 21354400000.0 157869.0 0.0 7447890000000.0 279397.0 0.0 0.0 3681520000.0 286846000000.0 237314.0 297340.0 0.0 481717000000.0 42930600000.0 0.78 [0.78]
1479110000000000.0 46810100000000.0 449692000000.0 598030000.0 0.0 20646700000.0 146387.0 0.0 7443330000000.0 258862.0 0.0 0.0 3676880000.0 283725000000.0 224763.0 281042.0 0.0 481326000000.0 42897000000.0 0.8 [0.8]
1479110000000000.0 45614700000000.0 435560000000.0 560277000.0 0.0 19960900000.0 135751.0 0.0 7438860000000.0 239861.0 0.0 0.0 3672270000.0 280595000000.0 212864.0 265613.0 0.0 480944000000.0 42864100000.0 0.82 [0.82]
1479110000000000.0 44447400000000.0 421813000000.0 525546000.0 0.0 19297000000.0 125904.0 0.0 7434500000000.0 222261.0 0.0 0.0 3667690000.0 277461000000.0 201584.0 251015.0 0.0 480571000000.0 42831900000.0 0.84 [0.84]
1479110000000000.0 43308200000000.0 408380000000.0 492798000.0 0.0 18653600000.0 116781.0 0.0 7430220000000.0 205974.0 0.0 0.0 3663140000.0 274319000000.0 190890.0 237193.0 0.0 480206000000.0 42800400000.0 0.86 [0.86]
1479110000000000.0 42196300000000.0 395258000000.0 461931000.0 0.0 18030000000.0 108327.0 0.0 7426040000000.0 190901.0 0.0 0.0 3658610000.0 271170000000.0 180752.0 224109.0 0.0 479850000000.0 42769700000.0 0.88 [0.88]
