Cloudy_runs/uks0242/z=0.06385/logZ=1/component_II_PI_nH/component_II_PI_nH_col_density_param.txt
# %ECSV 1.0
# ---
# datatype:
# - {name: H, datatype: float64}
# - {name: H+, datatype: float64}
# - {name: C+, datatype: float64}
# - {name: C+2, datatype: float64}
# - {name: C+3, datatype: float64}
# - {name: N+, datatype: float64}
# - {name: N+2, datatype: float64}
# - {name: N+4, datatype: float64}
# - {name: O, datatype: float64}
# - {name: O+2, datatype: float64}
# - {name: O+5, datatype: float64}
# - {name: O+6, datatype: float64}
# - {name: P+, datatype: float64}
# - {name: Si+, datatype: float64}
# - {name: Si+2, datatype: float64}
# - {name: Si+3, datatype: float64}
# - {name: Si+4, datatype: float64}
# - {name: Fe+, datatype: float64}
# - {name: Al+, datatype: float64}
# - {name: log_nH, datatype: float64}
# - {name: parameters, datatype: string, subtype: 'float64[1]'}
# schema: astropy-2.0
H H+ C+ C+2 C+3 N+ N+2 N+4 O O+2 O+5 O+6 P+ Si+ Si+2 Si+3 Si+4 Fe+ Al+ log_nH parameters
1479110000000000.0 2.5312e+19 3457330000000.0 1121700000000000.0 6878020000000000.0 278944000000.0 205990000000000.0 4717880000000000.0 22816100.0 643191000000000.0 3.97448e+16 2.70825e+16 159167000.0 5508550000.0 583368000000.0 7988950000000.0 361240000000000.0 4186470.0 609282000.0 -5.0 [-5.0]
1479110000000000.0 2.36809e+19 3722650000000.0 1158750000000000.0 6909070000000000.0 313307000000.0 221664000000000.0 4557420000000000.0 28128500.0 699734000000000.0 3.66495e+16 2.35257e+16 184736000.0 6204480000.0 652424000000.0 9037690000000.0 380609000000000.0 5218820.0 693407000.0 -4.98 [-4.98]
1479110000000000.0 2.21344e+19 4021390000000.0 1197490000000000.0 6929090000000000.0 352735000000.0 238321000000000.0 4388060000000000.0 34751200.0 759546000000000.0 3.3663e+16 2.03437e+16 214861000.0 6993670000.0 728741000000.0 10215400000000.0 400274000000000.0 6503630.0 785205000.0 -4.96 [-4.96]
1479110000000000.0 2.06583e+19 4359200000000.0 1238220000000000.0 6937350000000000.0 398171000000.0 256033000000000.0 4209220000000000.0 43044500.0 822710000000000.0 3.078e+16 1.74928e+16 250417000.0 7890260000.0 813117000000.0 11546100000000.0 420263000000000.0 8107130.0 884124000.0 -4.94 [-4.94]
1479100000000000.0 1.92514e+19 4746030000000.0 1281930000000000.0 6932690000000000.0 450715000000.0 274821000000000.0 4021500000000000.0 53443000.0 889025000000000.0 2.80115e+16 1.49538e+16 292709000.0 8926100000.0 907220000000.0 13046600000000.0 440434000000000.0 10110000.0 989795000.0 -4.92 [-4.92]
1479110000000000.0 1.79038e+19 5194060000000.0 1329570000000000.0 6913630000000000.0 511793000000.0 294723000000000.0 3824460000000000.0 66537900.0 958223000000000.0 2.53598e+16 1.26961e+16 343361000.0 10136400000.0 1012820000000.0 14746300000000.0 460755000000000.0 12619700.0 1100970000.0 -4.9 [-4.9]
1479110000000000.0 1.66131e+19 5719960000000.0 1382700000000000.0 6878160000000000.0 583025000000.0 315725000000000.0 3618470000000000.0 83060400.0 1029880000000000.0 2.28304e+16 1.06993e+16 404635000.0 11583600000.0 1133160000000.0 16671200000000.0 481062000000000.0 15769900.0 1216690000.0 -4.88 [-4.88]
1479110000000000.0 1.53658e+19 6348280000000.0 1443320000000000.0 6823760000000000.0 666765000000.0 337878000000000.0 3402440000000000.0 104076000.0 1103570000000000.0 2.04159e+16 8931720000000000.0 479613000.0 13354100000.0 1272870000000.0 18870200000000.0 501316000000000.0 19752500.0 1335030000.0 -4.86 [-4.86]
1479110000000000.0 1.41529e+19 7116150000000.0 1514680000000000.0 6747260000000000.0 766193000000.0 361286000000000.0 3175490000000000.0 131063000.0 1178790000000000.0 1.81135e+16 7370600000000000.0 572911000.0 15597600000.0 1439960000000.0 21406200000000.0 521373000000000.0 24839700.0 1455330000.0 -4.84 [-4.84]
1479100000000000.0 1.29621e+19 8075630000000.0 1600370000000000.0 6640770000000000.0 884645000000.0 385573000000000.0 2936230000000000.0 165976000.0 1253220000000000.0 1.59214e+16 5995150000000000.0 691432000.0 18551100000.0 1646290000000.0 24352700000000.0 541075000000000.0 31381900.0 1578330000.0 -4.82 [-4.82]
1479100000000000.0 1.1771e+19 9323210000000.0 1707660000000000.0 6494850000000000.0 1028340000000.0 410696000000000.0 2681030000000000.0 212171000.0 1324980000000000.0 1.38154e+16 4776840000000000.0 847260000.0 22666700000.0 1914500000000.0 27858500000000.0 560229000000000.0 39994000.0 1712360000.0 -4.8 [-4.8]
1479110000000000.0 1.05479e+19 11035100000000.0 1848150000000000.0 6291730000000000.0 1206530000000.0 436193000000000.0 2404300000000000.0 275291000.0 1389660000000000.0 1.1767e+16 3690510000000000.0 1063280000.0 28861100000.0 2286920000000.0 32174600000000.0 578467000000000.0 51747400.0 1888190000.0 -4.78 [-4.78]
1479110000000000.0 9.22405e+18 13599400000000.0 2042860000000000.0 5989220000000000.0 1434980000000.0 460320000000000.0 2093610000000000.0 367032000.0 1436700000000000.0 9698960000000000.0 2698710000000000.0 1392910000.0 39403300000.0 2855770000000.0 37862000000000.0 594942000000000.0 68911100.0 2208720000.0 -4.76 [-4.76]
1479110000000000.0 7.99778e+18 16954700000000.0 2262030000000000.0 5612960000000000.0 1688360000000.0 477995000000000.0 1797910000000000.0 488910000.0 1460980000000000.0 7842700000000000.0 1923470000000000.0 1866650000.0 56048500000.0 3625220000000.0 44404300000000.0 605278000000000.0 92588900.0 2835020000.0 -4.74 [-4.74]
1479110000000000.0 7.03809e+18 20566100000000.0 2453710000000000.0 5245410000000000.0 1931380000000.0 488882000000000.0 1561250000000000.0 632479000.0 1476440000000000.0 6373150000000000.0 1398710000000000.0 2456590000.0 77982800000.0 4471210000000.0 50699800000000.0 607986000000000.0 121861000.0 3746460000.0 -4.72 [-4.72]
1479110000000000.0 6.13884e+18 25048500000000.0 2638160000000000.0 4820530000000000.0 2186180000000.0 491725000000000.0 1342560000000000.0 824217000.0 1476270000000000.0 5028710000000000.0 984025000000000.0 3291120000.0 111097000000.0 5498820000000.0 57732500000000.0 603400000000000.0 161996000.0 5143860000.0 -4.7 [-4.7]
1479110000000000.0 5.28724e+18 30684200000000.0 2801470000000000.0 4335230000000000.0 2448150000000.0 484449000000000.0 1142060000000000.0 1092330000.0 1463370000000000.0 3790220000000000.0 658138000000000.0 4530800000.0 162694000000.0 6720350000000.0 65604700000000.0 589539000000000.0 218742000.0 7274390000.0 -4.68 [-4.68]
1479110000000000.0 4.49916e+18 37545900000000.0 2918570000000000.0 3806450000000000.0 2708770000000.0 466075000000000.0 962922000000000.0 1481650000.0 1447330000000000.0 2699680000000000.0 415020000000000.0 6429000000.0 242777000000.0 8095270000000.0 74070200000000.0 564678000000000.0 300300000.0 10431500000.0 -4.66 [-4.66]
1479110000000000.0 3.8335e+18 44836200000000.0 2965060000000000.0 3298330000000000.0 2960810000000.0 441236000000000.0 812168000000000.0 2029450000.0 1444310000000000.0 1860790000000000.0 255109000000000.0 9138830000.0 355774000000.0 9489250000000.0 82102000000000.0 531104000000000.0 412057000.0 14599700000.0 -4.64 [-4.64]
1479110000000000.0 3.31667e+18 51433700000000.0 2947590000000000.0 2866280000000000.0 3210930000000.0 417354000000000.0 690047000000000.0 2742270000.0 1459430000000000.0 1294370000000000.0 160483000000000.0 12529700000.0 497223000000.0 10800200000000.0 88763300000000.0 494594000000000.0 553903000.0 19380000000.0 -4.62 [-4.62]
1479110000000000.0 2.92055e+18 56905400000000.0 2890090000000000.0 2514520000000000.0 3467680000000.0 397551000000000.0 590593000000000.0 3615730000.0 1485150000000000.0 926658000000000.0 105290000000000.0 16390900000.0 662966000000.0 12020000000000.0 93937500000000.0 458979000000000.0 725422000.0 24436400000.0 -4.6 [-4.6]
1479110000000000.0 2.61026e+18 61297700000000.0 2810850000000000.0 2227510000000000.0 3734080000000.0 381740000000000.0 508594000000000.0 4647320000.0 1513500000000000.0 684106000000000.0 71926700000000.0 20573700000.0 851188000000.0 13165300000000.0 97849800000000.0 425729000000000.0 927935000.0 29617300000.0 -4.58 [-4.58]
1479110000000000.0 2.35644e+18 64863400000000.0 2720100000000000.0 1986650000000000.0 4012080000000.0 368603000000000.0 439431000000000.0 5858520000.0 1540310000000000.0 516248000000000.0 50500900000000.0 25060600000.0 1064750000000.0 14259000000000.0 100803000000000.0 394631000000000.0 1166970000.0 34941300000.0 -4.56 [-4.56]
1479110000000000.0 2.14216e+18 67768900000000.0 2622670000000000.0 1780020000000000.0 4302090000000.0 357186000000000.0 380317000000000.0 7276820000.0 1563710000000000.0 395713000000000.0 36148000000000.0 29848800000.0 1306880000000.0 15310200000000.0 102985000000000.0 365407000000000.0 1449140000.0 40434600000.0 -4.54 [-4.54]
1479110000000000.0 1.9584e+18 70119100000000.0 2522250000000000.0 1601030000000000.0 4602670000000.0 347039000000000.0 329681000000000.0 8921560000.0 1582750000000000.0 307343000000000.0 26285800000000.0 34901200000.0 1578720000000.0 16317400000000.0 104507000000000.0 338048000000000.0 1779890000.0 46088200000.0 -4.52 [-4.52]
1479100000000000.0 1.79785e+18 72009200000000.0 2420510000000000.0 1443980000000000.0 4914160000000.0 337693000000000.0 286012000000000.0 10828100000.0 1597210000000000.0 241024000000000.0 19336100000000.0 40211700000.0 1883280000000.0 17280700000000.0 105458000000000.0 312330000000000.0 2167530000.0 51925800000.0 -4.5 [-4.5]
1479100000000000.0 1.65645e+18 73513800000000.0 2319420000000000.0 1305570000000000.0 5235210000000.0 328959000000000.0 248351000000000.0 13022600000.0 1607060000000000.0 190637000000000.0 14381600000000.0 45742900000.0 2221540000000.0 18196600000000.0 105906000000000.0 288242000000000.0 2619210000.0 57946100000.0 -4.48 [-4.48]
1479110000000000.0 1.53092e+18 74690600000000.0 2219970000000000.0 1182900000000000.0 5564840000000.0 320662000000000.0 215839000000000.0 15536800000.0 1612420000000000.0 151900000000000.0 10798700000000.0 51459500000.0 2594440000000.0 19061200000000.0 105904000000000.0 265714000000000.0 3143150000.0 64152300000.0 -4.46 [-4.46]
1479110000000000.0 1.41802e+18 75580700000000.0 2122180000000000.0 1073190000000000.0 5903490000000.0 312580000000000.0 187593000000000.0 18422800000.0 1613560000000000.0 121636000000000.0 8160650000000.0 57350000000.0 3005500000000.0 19872400000000.0 105493000000000.0 244540000000000.0 3751330000.0 70570800000.0 -4.44 [-4.44]
1479100000000000.0 1.31626e+18 76229800000000.0 2026980000000000.0 974973000000000.0 6249650000000.0 304683000000000.0 163104000000000.0 21715200000.0 1610660000000000.0 97881600000000.0 6206150000000.0 63362200000.0 3454420000000.0 20625300000000.0 104709000000000.0 224731000000000.0 4453190000.0 77196300000.0 -4.42 [-4.42]
1479100000000000.0 1.22412e+18 76672400000000.0 1934730000000000.0 886804000000000.0 6602490000000.0 296912000000000.0 141863000000000.0 25458000000.0 1604000000000000.0 79106200000000.0 4745850000000.0 69454600000.0 3941690000000.0 21316000000000.0 103587000000000.0 206234000000000.0 5260150000.0 84035200000.0 -4.4 [-4.4]
1479100000000000.0 1.1403e+18 76938000000000.0 1845570000000000.0 807397000000000.0 6961560000000.0 289212000000000.0 123414000000000.0 29705300000.0 1593850000000000.0 64161200000000.0 3645790000000.0 75588000000.0 4467970000000.0 21941100000000.0 102155000000000.0 188973000000000.0 6185730000.0 91097500000.0 -4.38 [-4.38]
1479100000000000.0 1.06375e+18 77053000000000.0 1759670000000000.0 735685000000000.0 7324870000000.0 281555000000000.0 107376000000000.0 34512900000.0 1580440000000000.0 52198200000000.0 2811670000000.0 81719100000.0 5033500000000.0 22498700000000.0 100445000000000.0 172883000000000.0 7243870000.0 98388200000.0 -4.36 [-4.36]
1479100000000000.0 9.93646e+17 77041100000000.0 1677120000000000.0 670800000000000.0 7690830000000.0 273926000000000.0 93428700000000.0 39940400000.0 1564020000000000.0 42579500000000.0 2175850000000.0 87805100000.0 5637900000000.0 22986600000000.0 98485800000000.0 157908000000000.0 8449760000.0 105913000000.0 -4.34 [-4.34]
1479100000000000.0 9.29368e+17 76929500000000.0 1598090000000000.0 612020000000000.0 8060040000000.0 266334000000000.0 81310600000000.0 46041100000.0 1544850000000000.0 34824800000000.0 1689510000000.0 93802900000.0 6279380000000.0 23403900000000.0 96307300000000.0 144012000000000.0 9818720000.0 113675000000.0 -4.32 [-4.32]
1479100000000000.0 8.70048e+17 76713900000000.0 1522120000000000.0 558560000000000.0 8431940000000.0 258718000000000.0 70745200000000.0 52903700000.0 1523080000000000.0 28526900000000.0 1314560000000.0 99673900000.0 6959000000000.0 23746000000000.0 93921900000000.0 131090000000000.0 11371500000.0 121683000000.0 -4.3 [-4.3]
1479100000000000.0 8.15385e+17 76428500000000.0 1449540000000000.0 509967000000000.0 8805580000000.0 251130000000000.0 61557200000000.0 60583700000.0 1498980000000000.0 23413300000000.0 1025390000000.0 105381000000.0 7672970000000.0 24014000000000.0 91365000000000.0 119131000000000.0 13124800000.0 129935000000.0 -4.28 [-4.28]
1479100000000000.0 7.64831e+17 76077600000000.0 1380130000000000.0 465703000000000.0 9180480000000.0 243553000000000.0 53555800000000.0 69170800000.0 1472740000000000.0 19243100000000.0 801301000000.0 110888000000.0 8420060000000.0 24205900000000.0 88654200000000.0 108065000000000.0 15101000000.0 138435000000.0 -4.26 [-4.26]
1479100000000000.0 7.1803e+17 75673200000000.0 1313850000000000.0 425362000000000.0 9555470000000.0 236001000000000.0 46591900000000.0 78741500000.0 1444570000000000.0 15836500000000.0 627277000000.0 116162000000.0 9196790000000.0 24320800000000.0 85812700000000.0 97851900000000.0 17320600000.0 147178000000.0 -4.24 [-4.24]
1479100000000000.0 6.74577e+17 75222300000000.0 1250510000000000.0 388520000000000.0 9930470000000.0 228471000000000.0 40523800000000.0 89399400000.0 1414620000000000.0 13044300000000.0 491635000000.0 121178000000.0 10000600000000.0 24357800000000.0 82855700000000.0 88432400000000.0 19810500000.0 156172000000.0 -4.22 [-4.22]
1479100000000000.0 6.34179e+17 74730300000000.0 1190000000000000.0 354853000000000.0 10304700000000.0 220976000000000.0 35237500000000.0 101243000000.0 1383090000000000.0 10752000000000.0 385709000000.0 125910000000.0 10827500000000.0 24316900000000.0 79804400000000.0 79762400000000.0 22596200000.0 165409000000.0 -4.2 [-4.2]
1479100000000000.0 5.96535e+17 74198800000000.0 1132150000000000.0 324054000000000.0 10677900000000.0 213516000000000.0 30629400000000.0 114388000000.0 1350110000000000.0 8865680000000.0 302778000000.0 130332000000.0 11674000000000.0 24197900000000.0 76675500000000.0 71790800000000.0 25707700000.0 174886000000.0 -4.18 [-4.18]
1479110000000000.0 5.61475e+17 73642600000000.0 1076980000000000.0 295885000000000.0 11048900000000.0 206122000000000.0 26618800000000.0 128928000000.0 1315900000000000.0 7314010000000.0 237865000000.0 134433000000.0 12533700000000.0 24003800000000.0 73493400000000.0 64487800000000.0 29170800000.0 184594000000.0 -4.16 [-4.16]
1479100000000000.0 5.28743e+17 73060100000000.0 1024310000000000.0 270097000000000.0 11417400000000.0 198793000000000.0 23125300000000.0 144995000000.0 1280580000000000.0 6034780000000.0 186932000000.0 138196000000.0 13402300000000.0 23735300000000.0 70272600000000.0 57803700000000.0 33019400000.0 194525000000.0 -4.14 [-4.14]
1479110000000000.0 4.98166e+17 72457400000000.0 974060000000000.0 246486000000000.0 11782800000000.0 191545000000000.0 20084000000000.0 162708000000.0 1244350000000000.0 4979660000000.0 146945000000.0 141611000000.0 14273500000000.0 23395500000000.0 67032400000000.0 51701400000000.0 37285800000.0 204669000000.0 -4.12 [-4.12]
1479110000000000.0 4.69479e+17 71820900000000.0 925938000000000.0 224835000000000.0 12145400000000.0 184359000000000.0 17430200000000.0 182261000000.0 1207200000000000.0 4106280000000.0 115438000000.0 144655000000.0 15144400000000.0 22983200000000.0 63778700000000.0 46126600000000.0 42016300000.0 215016000000.0 -4.1 [-4.1]
1479110000000000.0 4.42652e+17 71174800000000.0 880095000000000.0 205011000000000.0 12503800000000.0 177283000000000.0 15122900000000.0 203732000000.0 1169450000000000.0 3385880000000.0 90699800000.0 147344000000.0 16005000000000.0 22507200000000.0 60540500000000.0 41064200000000.0 47237500000.0 225550000000.0 -4.08 [-4.08]
1479110000000000.0 4.17503e+17 70515100000000.0 836381000000000.0 186810000000000.0 12858600000000.0 170316000000000.0 13110300000000.0 227364000000.0 1131440000000000.0 2789440000000.0 71208600000.0 149676000000.0 16856000000000.0 21976000000000.0 57347200000000.0 36442600000000.0 53145100000.0 236272000000.0 -4.06 [-4.06]
1479110000000000.0 3.93904e+17 69842700000000.0 794671000000000.0 170120000000000.0 13208800000000.0 163463000000000.0 11358300000000.0 253287000000.0 1093080000000000.0 2296290000000.0 55868900000.0 151649000000.0 17686900000000.0 21388600000000.0 54195200000000.0 32252500000000.0 59728700000.0 247154000000.0 -4.04 [-4.04]
