Cloudy_runs/uks0242/z=0.06385/logZ=1/component_II_PI_nH/component_II_PI_nH_col_density_param.txt
# %ECSV 1.0
# ---
# datatype:
# - {name: H, datatype: float64}
# - {name: H+, datatype: float64}
# - {name: C+, datatype: float64}
# - {name: C+2, datatype: float64}
# - {name: C+3, datatype: float64}
# - {name: N+, datatype: float64}
# - {name: N+2, datatype: float64}
# - {name: N+4, datatype: float64}
# - {name: O, datatype: float64}
# - {name: O+2, datatype: float64}
# - {name: O+5, datatype: float64}
# - {name: O+6, datatype: float64}
# - {name: P+, datatype: float64}
# - {name: Si+, datatype: float64}
# - {name: Si+2, datatype: float64}
# - {name: Si+3, datatype: float64}
# - {name: Si+4, datatype: float64}
# - {name: Fe+, datatype: float64}
# - {name: Al+, datatype: float64}
# - {name: log_nH, datatype: float64}
# - {name: parameters, datatype: string, subtype: 'float64[1]'}
# schema: astropy-2.0
H H+ C+ C+2 C+3 N+ N+2 N+4 O O+2 O+5 O+6 P+ Si+ Si+2 Si+3 Si+4 Fe+ Al+ log_nH parameters
[from data line 50]
1479110000000000.0 3.50906e+17 68456900000000.0 716841000000000.0 140815000000000.0 13893400000000.0 150123000000000.0 8510190000000.0 312663000000.0 1015530000000000.0 1552110000000.0 34312600000.0 154517000000.0 19257000000000.0 20059600000000.0 48045300000000.0 25067200000000.0 75032900000.0 269302000000.0 -4.0 [-4.0]
1479110000000000.0 3.31317e+17 67747800000000.0 680574000000000.0 127983000000000.0 14226800000000.0 143652000000000.0 7359670000000.0 346473000000.0 976602000000000.0 1274190000000.0 26855500000.0 155429000000.0 19982900000000.0 19329900000000.0 45072300000000.0 22013300000000.0 83876100000.0 280522000000.0 -3.98 [-3.98]
1479100000000000.0 3.1289e+17 67029900000000.0 645975000000000.0 116233000000000.0 14553500000000.0 137324000000000.0 6360720000000.0 383280000000.0 937728000000000.0 1044910000000.0 20998900000.0 156006000000.0 20661200000000.0 18565400000000.0 42181600000000.0 19281200000000.0 93602000000.0 291805000000.0 -3.96 [-3.96]
1479100000000000.0 2.95553e+17 66306000000000.0 612987000000000.0 105481000000000.0 14873000000000.0 131146000000000.0 5494110000000.0 423269000000.0 899041000000000.0 855937000000.0 16403900000.0 156264000000.0 21286200000000.0 17773300000000.0 39383600000000.0 16845100000000.0 104280000000.0 303122000000.0 -3.94 [-3.94]
1479100000000000.0 2.79243e+17 65580300000000.0 581561000000000.0 95647800000000.0 15184800000000.0 125129000000000.0 4742990000000.0 466613000000.0 860672000000000.0 700392000000.0 12803200000.0 156223000000.0 21852600000000.0 16961000000000.0 36687400000000.0 14680500000000.0 115979000000.0 314444000000.0 -3.92 [-3.92]
1479110000000000.0 2.63891e+17 64852800000000.0 551620000000000.0 86658000000000.0 15488400000000.0 119274000000000.0 4092210000000.0 513512000000.0 822716000000000.0 572447000000.0 9983200000.0 155896000000.0 22356600000000.0 16135000000000.0 34099200000000.0 12762600000000.0 128781000000.0 325739000000.0 -3.9 [-3.9]
1479110000000000.0 2.49445e+17 64127500000000.0 523116000000000.0 78445800000000.0 15783200000000.0 113588000000000.0 3528910000000.0 564137000000.0 785294000000000.0 467357000000.0 7777650000.0 155305000000.0 22794500000000.0 15302700000000.0 31625600000000.0 11069300000000.0 142761000000.0 336972000000.0 -3.88 [-3.88]
1479110000000000.0 2.3585e+17 63406500000000.0 495996000000000.0 70949000000000.0 16068500000000.0 108076000000000.0 3041690000000.0 618656000000.0 748508000000000.0 381147000000.0 6054560000.0 154470000000.0 23163600000000.0 14470600000000.0 29271100000000.0 9579170000000.0 157999000000.0 348105000000.0 -3.86 [-3.86]
1479110000000000.0 2.2306e+17 62692700000000.0 470210000000000.0 64111600000000.0 16344000000000.0 102743000000000.0 2620630000000.0 677230000000.0 712461000000000.0 310520000000.0 4709920000.0 153412000000.0 23462700000000.0 13645400000000.0 27039300000000.0 8272220000000.0 174576000000.0 359105000000.0 -3.84 [-3.84]
1479110000000000.0 2.11033e+17 61988000000000.0 445714000000000.0 57883400000000.0 16609000000000.0 97592300000000.0 2257140000000.0 739990000000.0 677257000000000.0 252752000000.0 3662030000.0 152153000000.0 23691200000000.0 12833000000000.0 24932700000000.0 7129920000000.0 192570000000.0 369925000000.0 -3.82 [-3.82]
1479110000000000.0 1.99715e+17 61295000000000.0 422436000000000.0 52210400000000.0 16863100000000.0 92622700000000.0 1943300000000.0 807106000000.0 642946000000000.0 205527000000.0 2845600000.0 150714000000.0 23849600000000.0 12038100000000.0 22950100000000.0 6133870000000.0 212079000000.0 380540000000.0 -3.8 [-3.8]
1479110000000000.0 1.89071e+17 60614500000000.0 400338000000000.0 47050800000000.0 17105800000000.0 87837000000000.0 1672610000000.0 878683000000.0 609613000000000.0 166983000000.0 2210310000.0 149114000000.0 23939300000000.0 11265500000000.0 21091600000000.0 5268220000000.0 233182000000.0 390903000000.0 -3.78 [-3.78]
1479110000000000.0 1.79062e+17 59948100000000.0 379367000000000.0 42362900000000.0 17336500000000.0 83235200000000.0 1439270000000.0 954828000000.0 577317000000000.0 135562000000.0 1716370000.0 147373000000.0 23962500000000.0 10519100000000.0 19355500000000.0 4517980000000.0 255964000000.0 400977000000.0 -3.76 [-3.76]
1479110000000000.0 1.6965e+17 59296400000000.0 359473000000000.0 38108000000000.0 17554900000000.0 78815900000000.0 1238230000000.0 1035630000000.0 546104000000000.0 109972000000.0 1332560000.0 145507000000.0 23922400000000.0 9801760000000.0 17738800000000.0 3869390000000.0 280517000000.0 410723000000.0 -3.74 [-3.74]
1479110000000000.0 1.608e+17 58660300000000.0 340609000000000.0 34250500000000.0 17760500000000.0 74577900000000.0 1065100000000.0 1121160000000.0 516017000000000.0 89155700000.0 1034520000.0 143535000000.0 23822400000000.0 9116080000000.0 16237700000000.0 3310070000000.0 306925000000.0 420107000000.0 -3.72 [-3.72]
1479110000000000.0 1.52478e+17 58040300000000.0 322726000000000.0 30757300000000.0 17952900000000.0 70518700000000.0 916055000000.0 1211470000000.0 487083000000000.0 72238000000.0 803180000.0 141472000000.0 23666800000000.0 8463720000000.0 14848100000000.0 2828780000000.0 335275000000.0 429093000000.0 -3.7 [-3.7]
1479110000000000.0 1.44654e+17 57435700000000.0 305777000000000.0 27597400000000.0 18131700000000.0 66634900000000.0 787787000000.0 1306580000000.0 459317000000000.0 58499400000.0 623652000.0 139331000000.0 23460100000000.0 7845680000000.0 13564600000000.0 2415440000000.0 365657000000.0 437652000000.0 -3.68 [-3.68]
1479110000000000.0 1.37295e+17 56846300000000.0 289716000000000.0 24742200000000.0 18296700000000.0 62922600000000.0 677421000000.0 1406520000000.0 432728000000000.0 47350900000.0 484357000.0 137125000000.0 23206900000000.0 7262440000000.0 12381900000000.0 2061060000000.0 398159000000.0 445754000000.0 -3.66 [-3.66]
1479110000000000.0 1.30373e+17 56271500000000.0 274497000000000.0 22165000000000.0 18447500000000.0 59377400000000.0 582474000000.0 1511290000000.0 407313000000000.0 38310200000.0 376283000.0 134866000000.0 22912100000000.0 6713970000000.0 11294200000000.0 1757700000000.0 432869000000.0 453376000000.0 -3.64 [-3.64]
1479110000000000.0 1.23859e+17 55709800000000.0 260077000000000.0 19841300000000.0 18583700000000.0 55994600000000.0 500798000000.0 1620870000000.0 383062000000000.0 30982700000.0 292423000.0 132561000000.0 22580400000000.0 6199810000000.0 10295800000000.0 1498330000000.0 469874000000.0 460494000000.0 -3.62 [-3.62]
1479110000000000.0 1.17724e+17 55159200000000.0 246404000000000.0 17747600000000.0 18705300000000.0 52766800000000.0 430509000000.0 1735280000000.0 359945000000000.0 25044000000.0 227314000.0 130218000000.0 22216200000000.0 5718780000000.0 9380190000000.0 1276730000000.0 509287000000.0 467094000000.0 -3.6 [-3.6]
1479110000000000.0 1.11949e+17 54620200000000.0 233453000000000.0 15864000000000.0 18811800000000.0 49692100000000.0 370068000000.0 1854390000000.0 337962000000000.0 20236900000.0 176788000.0 127847000000.0 21824500000000.0 5270380000000.0 8542380000000.0 1087700000000.0 551165000000.0 473156000000.0 -3.58 [-3.58]
1479110000000000.0 1.06512e+17 54093400000000.0 221187000000000.0 14171200000000.0 18903300000000.0 46766300000000.0 318107000000.0 1978070000000.0 317097000000000.0 16348500000.0 137579000.0 125459000000.0 21409600000000.0 4853570000000.0 7776970000000.0 926636000000.0 595584000000.0 478673000000.0 -3.56 [-3.56]
1479110000000000.0 1.01388e+17 53574700000000.0 209561000000000.0 12650700000000.0 18979400000000.0 43981400000000.0 273407000000.0 2106330000000.0 297299000000000.0 13202000000.0 107116000.0 123055000000.0 20975300000000.0 4466420000000.0 7077840000000.0 789381000000.0 642648000000.0 483635000000.0 -3.54 [-3.54]
1479110000000000.0 9.65531e+16 53061300000000.0 198538000000000.0 11286200000000.0 19039800000000.0 41331300000000.0 234949000000.0 2239070000000.0 278530000000000.0 10656200000.0 0.0 120636000000.0 20525200000000.0 4107270000000.0 6439690000000.0 672443000000.0 692442000000.0 488036000000.0 -3.52 [-3.52]
1479110000000000.0 9.19895e+16 52553600000000.0 188082000000000.0 10062200000000.0 19084300000000.0 38810800000000.0 201852000000.0 2376190000000.0 260754000000000.0 8597240000.0 0.0 118210000000.0 20062500000000.0 3774650000000.0 5857530000000.0 572847000000.0 745054000000.0 491878000000.0 -3.5 [-3.5]
1479110000000000.0 8.76802e+16 52049900000000.0 178167000000000.0 8965530000000.0 19112900000000.0 36415400000000.0 173379000000.0 2517520000000.0 243939000000000.0 6932850000.0 0.0 115781000000.0 19590500000000.0 3467050000000.0 5326920000000.0 488059000000.0 800545000000.0 495160000000.0 -3.48 [-3.48]
1479110000000000.0 8.36082e+16 51549100000000.0 168763000000000.0 7983570000000.0 19125400000000.0 34139900000000.0 148882000000.0 2662930000000.0 228047000000000.0 5587890000.0 0.0 113352000000.0 19111900000000.0 3182880000000.0 4843480000000.0 415885000000.0 858986000000.0 497886000000.0 -3.46 [-3.46]
1479110000000000.0 7.97578e+16 51049500000000.0 159840000000000.0 7104950000000.0 19121500000000.0 31979500000000.0 127806000000.0 2812240000000.0 213039000000000.0 4501390000.0 0.0 110926000000.0 18629100000000.0 2920580000000.0 4403180000000.0 354448000000.0 920426000000.0 500059000000.0 -3.44 [-3.44]
1479110000000000.0 7.61142e+16 50550000000000.0 151373000000000.0 6319300000000.0 19101200000000.0 29929100000000.0 109672000000.0 2965280000000.0 198875000000000.0 3623980000.0 0.0 108506000000.0 18144200000000.0 2678630000000.0 4002260000000.0 302148000000.0 984926000000.0 501689000000.0 -3.42 [-3.42]
1479110000000000.0 7.26639e+16 50049400000000.0 143337000000000.0 5617230000000.0 19064500000000.0 27984400000000.0 94072500000.0 3121850000000.0 185517000000000.0 2915710000.0 0.0 106094000000.0 17659200000000.0 2455620000000.0 3637280000000.0 257622000000.0 1052520000000.0 502783000000.0 -3.4 [-3.4]
1479110000000000.0 6.93944e+16 49546700000000.0 135707000000000.0 4990240000000.0 19011200000000.0 26141000000000.0 80653500000.0 3281750000000.0 172927000000000.0 2344220000.0 0.0 103693000000.0 17175700000000.0 2250170000000.0 3305060000000.0 219709000000.0 1123230000000.0 503354000000.0 -3.38 [-3.38]
1479110000000000.0 6.62936e+16 49040400000000.0 128462000000000.0 4430630000000.0 18941300000000.0 24394600000000.0 69112000000.0 3444750000000.0 161068000000000.0 1883300000.0 0.0 101304000000.0 16695200000000.0 2060970000000.0 3002670000000.0 187419000000.0 1197060000000.0 503412000000.0 -3.36 [-3.36]
1479110000000000.0 6.33508e+16 48529700000000.0 121582000000000.0 3931430000000.0 18854600000000.0 22741200000000.0 59187500000.0 3610620000000.0 149904000000000.0 1511760000.0 0.0 98929500000.0 16218700000000.0 1886810000000.0 2727460000000.0 159913000000.0 1273980000000.0 502969000000.0 -3.34 [-3.34]
1479110000000000.0 6.05557e+16 48013500000000.0 115047000000000.0 3486390000000.0 18751300000000.0 21177000000000.0 50655400000.0 3779120000000.0 139400000000000.0 1212440000.0 0.0 96570700000.0 15747300000000.0 1726550000000.0 2476990000000.0 136477000000.0 1353970000000.0 502038000000.0 -3.32 [-3.32]
1479110000000000.0 5.78989e+16 47490800000000.0 108838000000000.0 3089840000000.0 18631400000000.0 19698300000000.0 43322600000.0 3949990000000.0 129523000000000.0 971438000.0 0.0 94229100000.0 15281900000000.0 1579120000000.0 2249030000000.0 116502000000.0 1436950000000.0 500635000000.0 -3.3 [-3.3]
1479110000000000.0 5.53722e+16 46961300000000.0 102939000000000.0 2736710000000.0 18494900000000.0 18301700000000.0 37023500000.0 4122930000000.0 120241000000000.0 777560000.0 0.0 91907000000.0 14823300000000.0 1443550000000.0 2041590000000.0 99476000000.0 1522810000000.0 498772000000.0 -3.28 [-3.28]
1479110000000000.0 5.29661e+16 46423000000000.0 97332100000000.0 2422370000000.0 18341900000000.0 16983400000000.0 31613200000.0 4297750000000.0 111521000000000.0 621655000.0 0.0 89603600000.0 14371700000000.0 1318860000000.0 1852740000000.0 84953600000.0 1611440000000.0 496465000000.0 -3.26 [-3.26]
1479110000000000.0 5.06738e+16 45875600000000.0 92003200000000.0 2142730000000.0 18172600000000.0 15740300000000.0 26969200000.0 4474110000000.0 103334000000000.0 496415000.0 0.0 87321000000.0 13927900000000.0 1204240000000.0 1680870000000.0 72565700000.0 1702650000000.0 493726000000.0 -3.24 [-3.24]
1479110000000000.0 4.84881e+16 45318500000000.0 86938100000000.0 1894090000000.0 17987200000000.0 14569300000000.0 22985200000.0 4651740000000.0 95652700000000.0 395898000.0 0.0 85060100000.0 13492000000000.0 1098890000000.0 1524430000000.0 61995600000.0 1796220000000.0 490572000000.0 -3.22 [-3.22]
1479110000000000.0 4.64031e+16 44751400000000.0 82124300000000.0 1673180000000.0 17786000000000.0 13467700000000.0 19570300000.0 4830310000000.0 88452000000000.0 315320000.0 0.0 82822700000.0 13064500000000.0 1002130000000.0 1382070000000.0 52976100000.0 1891870000000.0 487018000000.0 -3.2 [-3.2]
1479110000000000.0 4.44083e+16 44170100000000.0 77541000000000.0 1476760000000.0 17568400000000.0 12430700000000.0 16640600000.0 5009770000000.0 81691900000000.0 250695000.0 0.0 80602900000.0 12644700000000.0 913065000000.0 1252310000000.0 45265300000.0 1989370000000.0 483067000000.0 -3.18 [-3.18]
1479110000000000.0 4.25061e+16 43580200000000.0 73191800000000.0 1302640000000.0 17336400000000.0 11458800000000.0 14136500000.0 5189390000000.0 75374000000000.0 199076000.0 0.0 78413500000.0 12234400000000.0 831460000000.0 1134410000000.0 38691300000.0 2088190000000.0 478755000000.0 -3.16 [-3.16]
1479110000000000.0 4.06804e+16 42976000000000.0 69042500000000.0 1147740000000.0 17088000000000.0 10544900000000.0 11988800000.0 5369380000000.0 69444000000000.0 157738000.0 0.0 76241200000.0 11831100000000.0 756333000000.0 1026810000000.0 33062800000.0 2188120000000.0 474067000000.0 -3.14 [-3.14]
1479110000000000.0 3.89404e+16 42361600000000.0 65114600000000.0 1010860000000.0 16827000000000.0 9692080000000.0 10159600000.0 5548830000000.0 63918600000000.0 124848000.0 0.0 74103100000.0 11438300000000.0 687633000000.0 929236000000.0 28268400000.0 2288390000000.0 469055000000.0 -3.12 [-3.12]
1479110000000000.0 3.72746e+16 41734500000000.0 61382400000000.0 889605000000.0 16552200000000.0 8894810000000.0 8598220000.0 5727720000000.0 58758200000000.0 98642600.0 0.0 71991900000.0 11054400000000.0 624638000000.0 840485000000.0 24172200000.0 2388600000000.0 463716000000.0 -3.1 [-3.1]
1479110000000000.0 3.56856e+16 41097600000000.0 57851600000000.0 782598000000.0 16266400000000.0 8153050000000.0 7271000000.0 5905420000000.0 53959900000000.0 77848800.0 0.0 69917200000.0 10680900000000.0 567099000000.0 760047000000.0 20681500000.0 2488050000000.0 458091000000.0 -3.08 [-3.08]
1479110000000000.0 3.41564e+16 40445400000000.0 54484300000000.0 687612000000.0 15966400000000.0 7459520000000.0 6136830000.0 6082260000000.0 49471900000000.0 61283800.0 0.0 67862600000.0 10314600000000.0 514221000000.0 686664000000.0 17689300000.0 2586280000000.0 452145000000.0 -3.06 [-3.06]
1479110000000000.0 3.26904e+16 39781000000000.0 51287300000000.0 603649000000.0 15654900000000.0 6814300000000.0 5172190000.0 6257650000000.0 45293600000000.0 48150600.0 0.0 65837800000.0 9957170000000.0 465833000000.0 619982000000.0 15132000000.0 2682530000000.0 445921000000.0 -3.04 [-3.04]
1479110000000000.0 3.12853e+16 39105800000000.0 48254600000000.0 529508000000.0 15333100000000.0 6215400000000.0 4353180000.0 6431180000000.0 41411300000000.0 37761800.0 0.0 63845400000.0 9608760000000.0 421620000000.0 559444000000.0 12947300000.0 2776030000000.0 439438000000.0 -3.02 [-3.02]
1479110000000000.0 2.99293e+16 38413400000000.0 45362200000000.0 463815000000.0 14998800000000.0 5657750000000.0 3655700000.0 6603150000000.0 37788500000000.0 29526000.0 0.0 61872000000.0 9267000000000.0 381031000000.0 504232000000.0 11072800000.0 2866110000000.0 432663000000.0 -3.0 [-3.0]
