Cloudy_runs/p1103/z=0.003934/logZ=-1/component_I_PI_nH/component_I_PI_nH_col_density_param.txt
# %ECSV 1.0
# ---
# datatype:
# - {name: H, datatype: float64}
# - {name: H+, datatype: float64}
# - {name: C+, datatype: float64}
# - {name: C+2, datatype: float64}
# - {name: C+3, datatype: float64}
# - {name: N+, datatype: float64}
# - {name: N+2, datatype: float64}
# - {name: N+4, datatype: float64}
# - {name: O, datatype: float64}
# - {name: O+2, datatype: float64}
# - {name: O+5, datatype: float64}
# - {name: O+6, datatype: float64}
# - {name: P+, datatype: float64}
# - {name: Si+, datatype: float64}
# - {name: Si+2, datatype: float64}
# - {name: Si+3, datatype: float64}
# - {name: Si+4, datatype: float64}
# - {name: Fe+, datatype: float64}
# - {name: Al+, datatype: float64}
# - {name: log_nH, datatype: float64}
# - {name: parameters, datatype: string, subtype: 'float64[1]'}
# schema: astropy-2.0
H H+ C+ C+2 C+3 N+ N+2 N+4 O O+2 O+5 O+6 P+ Si+ Si+2 Si+3 Si+4 Fe+ Al+ log_nH parameters
[from data line 280]
23442300000000.0 2166670000000.0 319667000.0 511491.0 0.0 3712720.0 20.3669 0.0 1175890000.0 658.375 0.0 0.0 656591.0 79702500.0 63.3689 94.5629 0.0 81011700.0 7210440.0 0.6 [0.6]
23442300000000.0 2094470000000.0 312915000.0 483992.0 0.0 3500110.0 18.4417 0.0 1175320000.0 607.13 0.0 0.0 654725.0 79382700.0 60.1082 89.8187 0.0 80785800.0 7190700.0 0.62 [0.62]
23442300000000.0 2025230000000.0 306264000.0 458068.0 0.0 3302960.0 16.7205 0.0 1174770000.0 559.854 0.0 0.0 652933.0 79071600.0 57.078 85.3219 0.0 80569400.0 7171760.0 0.64 [0.64]
23442300000000.0 1958590000000.0 299694000.0 433552.0 0.0 3119430.0 15.1771 0.0 1174230000.0 516.181 0.0 0.0 651207.0 78767200.0 54.2417 81.0566 0.0 80361100.0 7153540.0 0.66 [0.66]
23442300000000.0 1894410000000.0 293203000.0 410355.0 0.0 2948210.0 13.7906 0.0 1173710000.0 475.84 0.0 0.0 649541.0 78469000.0 51.5745 77.0103 0.0 80160500.0 7136000.0 0.68 [0.68]
23442300000000.0 1832720000000.0 286808000.0 388441.0 0.0 2788360.0 12.5441 0.0 1173210000.0 438.62 0.0 0.0 647939.0 78177500.0 49.0588 73.1724 0.0 79967800.0 7119140.0 0.7 [0.7]
23442300000000.0 1773110000000.0 280476000.0 367644.0 0.0 2638450.0 11.4199 0.0 1172710000.0 404.208 0.0 0.0 646387.0 77890300.0 46.6788 69.5288 0.0 79781700.0 7102860.0 0.72 [0.72]
23442300000000.0 1715480000000.0 274209000.0 347906.0 0.0 2497700.0 10.4049 0.0 1172230000.0 372.404 0.0 0.0 644885.0 77606800.0 44.4237 66.0695 0.0 79601800.0 7087130.0 0.74 [0.74]
23442300000000.0 1660170000000.0 268052000.0 329272.0 0.0 2365810.0 9.48908 0.0 1171770000.0 343.106 0.0 0.0 643442.0 77329600.0 42.2864 62.7877 0.0 79429300.0 7072030.0 0.76 [0.76]
23442300000000.0 1606550000000.0 261948000.0 311544.0 0.0 2241490.0 8.65971 0.0 1171320000.0 316.013 0.0 0.0 642039.0 77054500.0 40.2567 59.6699 0.0 79262100.0 7057410.0 0.78 [0.78]
23442300000000.0 1554950000000.0 255941000.0 294767.0 0.0 2124560.0 7.90918 0.0 1170880000.0 291.045 0.0 0.0 640687.0 76784100.0 38.3297 56.7104 0.0 79101300.0 7043340.0 0.8 [0.8]
23442300000000.0 1505060000000.0 250007000.0 278851.0 0.0 2014440.0 7.24937 0.0 1170460000.0 267.518 0.0 0.0 639377.0 76516300.0 36.4989 53.8993 0.0 78945900.0 7029750.0 0.82 [0.82]
23442300000000.0 1456910000000.0 244157000.0 263755.0 0.0 1910550.0 6.64994 0.0 1170040000.0 245.931 0.0 0.0 638110.0 76251400.0 34.7587 51.2294 0.0 78796100.0 7016650.0 0.84 [0.84]
23442300000000.0 1410420000000.0 238390000.0 249431.0 0.0 1812460.0 6.10414 0.0 1169640000.0 226.123 0.0 0.0 636884.0 75989300.0 33.1043 48.6933 0.0 78651400.0 7004000.0 0.86 [0.86]
23442300000000.0 1365620000000.0 232718000.0 235858.0 0.0 1719850.0 5.60699 0.0 1169250000.0 207.961 0.0 0.0 635699.0 75730400.0 31.5315 46.2848 0.0 78512100.0 6991830.0 0.88 [0.88]
23442300000000.0 1322200000000.0 227111000.0 222940.0 0.0 1632080.0 5.15307 0.0 1168870000.0 191.267 0.0 0.0 634549.0 75472400.0 30.0348 43.9955 0.0 78377300.0 6980040.0 0.9 [0.9]
23442300000000.0 1280420000000.0 221609000.0 210712.0 0.0 1549200.0 4.73926 0.0 1168510000.0 175.963 0.0 0.0 633439.0 75217800.0 28.6116 41.8213 0.0 78247500.0 6968710.0 0.92 [0.92]
23442300000000.0 1240000000000.0 216185000.0 199088.0 0.0 1470630.0 4.36105 0.0 1168150000.0 161.904 0.0 0.0 632362.0 74964500.0 27.2572 39.7551 0.0 78122100.0 6957770.0 0.94 [0.94]
23442300000000.0 1200950000000.0 210846000.0 188052.0 0.0 1396220.0 4.0155 0.0 1167800000.0 148.99 0.0 0.0 631319.0 74712600.0 25.9684 37.7915 0.0 78001000.0 6947200.0 0.96 [0.96]
23442300000000.0 1163380000000.0 205620000.0 177589.0 0.0 1326070.0 3.70004 0.0 1167460000.0 137.16 0.0 0.0 630313.0 74464200.0 24.7416 35.9266 0.0 77884600.0 6937050.0 0.98 [0.98]
23442300000000.0 1127500000000.0 200550000.0 167701.0 0.0 1260840.0 3.41334 0.0 1167130000.0 126.365 0.0 0.0 629348.0 74223000.0 23.5736 34.1572 0.0 77773100.0 6927340.0 1.0 [1.0]
