Cloudy_runs/p1103/z=0.003934/logZ=-1/component_I_PI_nH/component_I_PI_nH_col_density_param.txt
# %ECSV 1.0
# ---
# datatype:
# - {name: H, datatype: float64}
# - {name: H+, datatype: float64}
# - {name: C+, datatype: float64}
# - {name: C+2, datatype: float64}
# - {name: C+3, datatype: float64}
# - {name: N+, datatype: float64}
# - {name: N+2, datatype: float64}
# - {name: N+4, datatype: float64}
# - {name: O, datatype: float64}
# - {name: O+2, datatype: float64}
# - {name: O+5, datatype: float64}
# - {name: O+6, datatype: float64}
# - {name: P+, datatype: float64}
# - {name: Si+, datatype: float64}
# - {name: Si+2, datatype: float64}
# - {name: Si+3, datatype: float64}
# - {name: Si+4, datatype: float64}
# - {name: Fe+, datatype: float64}
# - {name: Al+, datatype: float64}
# - {name: log_nH, datatype: float64}
# - {name: parameters, datatype: string, subtype: 'float64[1]'}
# schema: astropy-2.0
H H+ C+ C+2 C+3 N+ N+2 N+4 O O+2 O+5 O+6 P+ Si+ Si+2 Si+3 Si+4 Fe+ Al+ log_nH parameters
23442300000000.0 4.98895e+17 3466930000.0 361560000000.0 922971000000.0 273642000.0 61891800000.0 658098000000.0 26638.2 164196000000.0 5476120000000.0 5860050000000.0 318185.0 5022320.0 201061000.0 695004000.0 45502200000.0 1521.83 160402.0 -5.0 [-5.0]
23442300000000.0 4.72811e+17 3722440000.0 377658000000.0 928083000000.0 295985000.0 65177700000.0 640215000000.0 29735.3 173420000000.0 5111240000000.0 5215780000000.0 368927.0 5861710.0 230392000.0 770985000.0 47806500000.0 1834.75 188828.0 -4.98 [-4.98]
23442300000000.0 4.48127e+17 3992300000.0 393995000000.0 932143000000.0 319732000.0 68535700000.0 621650000000.0 33183.5 182886000000.0 4760350000000.0 4633210000000.0 427008.0 6828190.0 263589000.0 854018000.0 50152200000.0 2209.77 221838.0 -4.96 [-4.96]
23442300000000.0 4.24763e+17 4276860000.0 410538000000.0 935131000000.0 344917000.0 71956800000.0 602475000000.0 37021.9 192578000000.0 4424020000000.0 4107700000000.0 493354.0 7938650.0 301096000.0 944607000.0 52533700000.0 2658.64 260101.0 -4.94 [-4.94]
23442300000000.0 4.02642e+17 4576380000.0 427251000000.0 937032000000.0 371560000.0 75430200000.0 582764000000.0 41293.0 202475000000.0 4102690000000.0 3634700000000.0 568984.0 9211840.0 343401000.0 1043290000.0 54945100000.0 3195.29 304373.0 -4.92 [-4.92]
23442300000000.0 3.81693e+17 4891140000.0 444093000000.0 937828000000.0 399684000.0 78944900000.0 562594000000.0 46046.2 212560000000.0 3796640000000.0 3209940000000.0 655026.0 10668500.0 391035000.0 1150610000.0 57379500000.0 3836.11 355506.0 -4.9 [-4.9]
23442300000000.0 3.61853e+17 5221330000.0 461022000000.0 937509000000.0 429303000.0 82489200000.0 542049000000.0 51336.0 222811000000.0 3506100000000.0 2829420000000.0 752712.0 12331400.0 444572000.0 1267130000.0 59829700000.0 4600.33 414455.0 -4.88 [-4.88]
23442300000000.0 3.43063e+17 5567230000.0 477995000000.0 936064000000.0 460437000.0 86051300000.0 521211000000.0 57225.8 233210000000.0 3231110000000.0 2489320000000.0 863411.0 14225900.0 504639000.0 1393410000.0 62287800000.0 5510.64 482293.0 -4.86 [-4.86]
23442300000000.0 3.25268e+17 5929230000.0 494972000000.0 933487000000.0 493120000.0 89620400000.0 500165000000.0 63790.3 243742000000.0 2971610000000.0 2186040000000.0 988667.0 16379800.0 571918000.0 1530010000.0 64745400000.0 6593.67 560222.0 -4.84 [-4.84]
23442300000000.0 3.08409e+17 6307070000.0 511892000000.0 929769000000.0 527319000.0 93180500000.0 478995000000.0 71103.4 254379000000.0 2727460000000.0 1916180000000.0 1130040.0 18822900.0 647130000.0 1677540000.0 67193900000.0 7880.43 649590.0 -4.82 [-4.82]
23442300000000.0 2.92435e+17 6700720000.0 528700000000.0 924909000000.0 563028000.0 96717800000.0 457783000000.0 79253.8 265097000000.0 2498390000000.0 1676580000000.0 1289240.0 21588000.0 731061000.0 1836600000.0 69623900000.0 9406.42 751818.0 -4.8 [-4.8]
23442300000000.0 2.77301e+17 7110150000.0 545341000000.0 918908000000.0 600243000.0 100219000000.0 436615000000.0 88343.1 275875000000.0 2284100000000.0 1464330000000.0 1468180.0 24710700.0 824542000.0 2007750000.0 72025500000.0 11213.5 868536.0 -4.78 [-4.78]
23442300000000.0 2.6296e+17 7535310000.0 561758000000.0 911769000000.0 638959000.0 103670000000.0 415568000000.0 98487.9 286695000000.0 2084150000000.0 1276700000000.0 1668950.0 28229900.0 928475000.0 2191580000.0 74388700000.0 13351.7 1001650.0 -4.76 [-4.76]
23442300000000.0 2.4937e+17 7975960000.0 577889000000.0 903498000000.0 679156000.0 107058000000.0 394719000000.0 109817.0 297532000000.0 1898090000000.0 1111180000000.0 1893770.0 32187100.0 1043810000.0 2388650000.0 76702900000.0 15878.0 1153190.0 -4.74 [-4.74]
23442300000000.0 2.36492e+17 8431740000.0 593670000000.0 894108000000.0 720809000.0 110369000000.0 374144000000.0 122477.0 308364000000.0 1725410000000.0 965475000000.0 2144970.0 36626900.0 1171540000.0 2599490000.0 78957100000.0 18858.9 1325410.0 -4.72 [-4.72]
23442300000000.0 2.2429e+17 8902430000.0 609040000000.0 883615000000.0 763910000.0 113590000000.0 353911000000.0 136637.0 319171000000.0 1565570000000.0 837483000000.0 2425140.0 41597200.0 1312730000.0 2824580000.0 81140100000.0 22371.0 1520770.0 -4.7 [-4.7]
23442300000000.0 2.12724e+17 9387320000.0 623929000000.0 872037000000.0 808411000.0 116706000000.0 334084000000.0 152481.0 329929000000.0 1417960000000.0 725259000000.0 2736930.0 47148800.0 1468500000.0 3064420000.0 83240800000.0 26503.5 1742000.0 -4.68 [-4.68]
23442300000000.0 2.01764e+17 9885990000.0 638273000000.0 859398000000.0 854298000.0 119708000000.0 314723000000.0 170226.0 340616000000.0 1281990000000.0 627066000000.0 3083220.0 53335800.0 1639970000.0 3319390000.0 85247500000.0 31358.6 1992060.0 -4.66 [-4.66]
23442300000000.0 1.91374e+17 10398200000.0 652015000000.0 845721000000.0 901574000.0 122584000000.0 295875000000.0 190123.0 351217000000.0 1156980000000.0 541288000000.0 3467250.0 60218600.0 1828440000.0 3589900000.0 87149200000.0 37056.9 2274300.0 -4.64 [-4.64]
23442300000000.0 1.81532e+17 10921800000.0 665060000000.0 831057000000.0 950099000.0 125319000000.0 277603000000.0 212413.0 361692000000.0 1042460000000.0 466559000000.0 3891490.0 67847500.0 2034930000.0 3876110000.0 88933100000.0 43727.1 2591980.0 -4.62 [-4.62]
23442300000000.0 1.72205e+17 11457900000.0 677386000000.0 815428000000.0 1000000000.0 127909000000.0 259933000000.0 237449.0 372044000000.0 937650000000.0 401527000000.0 4360180.0 76296800.0 2260910000.0 4178240000.0 90589100000.0 51532.1 2949200.0 -4.6 [-4.6]
23442300000000.0 1.63363e+17 12004200000.0 688900000000.0 798881000000.0 1051140000.0 130341000000.0 242901000000.0 265557.0 382237000000.0 841976000000.0 345038000000.0 4876160.0 85626500.0 2507600000.0 4496490000.0 92105700000.0 60647.8 3350060.0 -4.58 [-4.58]
23442300000000.0 1.54983e+17 12560100000.0 699550000000.0 781464000000.0 1103520000.0 132607000000.0 226538000000.0 297137.0 392255000000.0 754833000000.0 296062000000.0 5443080.0 95905100.0 2776270000.0 4830800000.0 93472000000.0 71278.2 3799010.0 -4.56 [-4.56]
23442300000000.0 1.47041e+17 13124400000.0 709277000000.0 763231000000.0 1157110000.0 134700000000.0 210863000000.0 332639.0 402076000000.0 675625000000.0 253673000000.0 6064520.0 107202000.0 3068230000.0 5181020000.0 94677600000.0 83655.4 4300890.0 -4.54 [-4.54]
23442300000000.0 1.39513e+17 13696000000.0 718029000000.0 744238000000.0 1211870000.0 136614000000.0 195893000000.0 372568.0 411681000000.0 603776000000.0 217046000000.0 6744140.0 119589000.0 3384730000.0 5546890000.0 95712400000.0 98044.5 4860870.0 -4.52 [-4.52]
23442300000000.0 1.32374e+17 14273700000.0 725759000000.0 724537000000.0 1267830000.0 138343000000.0 181630000000.0 417517.0 421056000000.0 538701000000.0 185435000000.0 7485860.0 133145000.0 3727150000.0 5928120000.0 96567300000.0 114755.0 5484770.0 -4.5 [-4.5]
23442300000000.0 1.25611e+17 14855700000.0 732414000000.0 704214000000.0 1324870000.0 139881000000.0 168093000000.0 468087.0 430172000000.0 479934000000.0 158222000000.0 8292450.0 147926000.0 4096360000.0 6323880000.0 97233300000.0 134111.0 6177860.0 -4.48 [-4.48]
23442300000000.0 1.192e+17 15440800000.0 737959000000.0 683329000000.0 1383020000.0 141226000000.0 155274000000.0 525022.0 439014000000.0 426937000000.0 134822000000.0 9167610.0 164012000.0 4493590000.0 6733530000.0 97702700000.0 156506.0 6946640.0 -4.46 [-4.46]
23442300000000.0 1.13123e+17 16027300000.0 742360000000.0 661955000000.0 1442240000.0 142375000000.0 143167000000.0 589135.0 447566000000.0 379231000000.0 114729000000.0 10114500.0 181470000.0 4919780000.0 7156130000.0 97968700000.0 182375.0 7797640.0 -4.44 [-4.44]
23442300000000.0 1.07366e+17 16613400000.0 745588000000.0 640180000000.0 1502470000.0 143325000000.0 131770000000.0 661305.0 455803000000.0 336390000000.0 97511700000.0 11135200.0 200353000.0 5375540000.0 7590370000.0 98025400000.0 212188.0 8737160.0 -4.42 [-4.42]
23442300000000.0 1.01904e+17 17198000000.0 747626000000.0 618055000000.0 1563760000.0 144076000000.0 121056000000.0 742636.0 463718000000.0 297940000000.0 82762800000.0 12233500.0 220748000.0 5861940000.0 8035180000.0 97867600000.0 246532.0 9773460.0 -4.4 [-4.4]
23442300000000.0 9.67214e+16 17779400000.0 748454000000.0 595656000000.0 1626050000.0 144626000000.0 111008000000.0 834299.0 471290000000.0 263490000000.0 70146300000.0 13411200.0 242713000.0 6379410000.0 8489040000.0 97490800000.0 286037.0 10914200.0 -4.38 [-4.38]
23442300000000.0 9.18146e+16 18355100000.0 748077000000.0 573109000000.0 1689260000.0 144978000000.0 101627000000.0 937439.0 478496000000.0 232734000000.0 59389600000.0 14667900.0 266252000.0 6927470000.0 8949560000.0 96894900000.0 331311.0 12164900.0 -4.36 [-4.36]
23442300000000.0 8.71583e+16 18924200000.0 746490000000.0 550447000000.0 1753450000.0 145131000000.0 92871100000.0 1053670.0 485327000000.0 205266000000.0 50212800000.0 16006100.0 291450000.0 7506710000.0 9415230000.0 96076700000.0 383212.0 13535700.0 -4.34 [-4.34]
23442300000000.0 8.27429e+16 19484900000.0 743707000000.0 527765000000.0 1818580000.0 145089000000.0 84723900000.0 1184570.0 491767000000.0 180792000000.0 42400100000.0 17425300.0 318323000.0 8116490000.0 9883560000.0 95037400000.0 442575.0 15033900.0 -4.32 [-4.32]
23442300000000.0 7.85551e+16 20035400000.0 739741000000.0 505140000000.0 1884600000.0 144853000000.0 77159900000.0 1331960.0 497798000000.0 159018000000.0 35757300000.0 18924200.0 346885000.0 8756000000.0 10352100000.0 93778800000.0 510361.0 16667800.0 -4.3 [-4.3]
23442300000000.0 7.45828e+16 20573900000.0 734619000000.0 482646000000.0 1951500000.0 144426000000.0 70153100000.0 1497880.0 503405000000.0 139677000000.0 30116600000.0 20500700.0 377137000.0 9424030000.0 10818100000.0 92304200000.0 587638.0 18445500.0 -4.28 [-4.28]
23442300000000.0 7.08147e+16 21098900000.0 728370000000.0 460357000000.0 2019240000.0 143814000000.0 63676500000.0 1684620.0 508573000000.0 122523000000.0 25333100000.0 22151700.0 409065000.0 10118900000.0 11278600000.0 90618900000.0 675590.0 20375200.0 -4.26 [-4.26]
23442300000000.0 6.72398e+16 21608800000.0 721035000000.0 438341000000.0 2087810000.0 143019000000.0 57702500000.0 1894710.0 513290000000.0 107330000000.0 21281700000.0 23873200.0 442636000.0 10838600000.0 11730500000.0 88729500000.0 775530.0 22465200.0 -4.24 [-4.24]
23442300000000.0 6.38479e+16 22102100000.0 712657000000.0 416664000000.0 2157190000.0 142048000000.0 52203800000.0 2130990.0 517540000000.0 93894100000.0 17854800000.0 25659500.0 477795000.0 11580400000.0 12170500000.0 86644500000.0 888904.0 24723200.0 -4.22 [-4.22]
23442300000000.0 6.06262e+16 22577700000.0 703274000000.0 395366000000.0 2227370000.0 140904000000.0 47148500000.0 2396820.0 521310000000.0 82019400000.0 14957500000.0 27505300.0 514502000.0 12341600000.0 12595300000.0 84371500000.0 1017440.0 27159100.0 -4.2 [-4.2]
23442300000000.0 5.75718e+16 23034100000.0 692969000000.0 374542000000.0 2298310000.0 139596000000.0 42518300000.0 2695350.0 524587000000.0 71557800000.0 12515500000.0 29400900.0 552599000.0 13117800000.0 13001200000.0 81927400000.0 1162660.0 29776100.0 -4.18 [-4.18]
23442300000000.0 5.46729e+16 23470500000.0 681791000000.0 354222000000.0 2370010000.0 138130000000.0 38282000000.0 3030660.0 527361000000.0 62345200000.0 10457800000.0 31338900.0 591999000.0 13905300000.0 13384700000.0 79323200000.0 1326620.0 32582900.0 -4.16 [-4.16]
23442300000000.0 5.19214e+16 23885900000.0 669804000000.0 334452000000.0 2442460000.0 136512000000.0 34413600000.0 3407080.0 529619000000.0 54244300000.0 8726380000.0 33309600.0 632559000.0 14699300000.0 13742200000.0 76573900000.0 1511440.0 35585500.0 -4.14 [-4.14]
23442300000000.0 4.93095e+16 24279400000.0 657074000000.0 315271000000.0 2515650000.0 134749000000.0 30887800000.0 3829430.0 531349000000.0 47130600000.0 7271300000.0 35302300.0 674114000.0 15494800000.0 14070400000.0 73696000000.0 1719440.0 38789600.0 -4.12 [-4.12]
23442300000000.0 4.68298e+16 24650300000.0 643670000000.0 296712000000.0 2589570000.0 132850000000.0 27680200000.0 4303020.0 532541000000.0 40892400000.0 6050100000.0 37306000.0 716477000.0 16286100000.0 14365800000.0 70706900000.0 1953180.0 42199600.0 -4.1 [-4.1]
23442300000000.0 4.44755e+16 24998200000.0 629664000000.0 278802000000.0 2664240000.0 130821000000.0 24767700000.0 4833740.0 533186000000.0 35429600000.0 5026580000.0 39309100.0 759446000.0 17067400000.0 14625300000.0 67625500000.0 2215440.0 45819300.0 -4.08 [-4.08]
23442300000000.0 4.22401e+16 25322800000.0 615128000000.0 261563000000.0 2739660000.0 128672000000.0 22127800000.0 5428080.0 533274000000.0 30652400000.0 4169950000.0 41299900.0 802800000.0 17832600000.0 14846100000.0 64471500000.0 2509250.0 49651400.0 -4.06 [-4.06]
23442300000000.0 4.01203e+16 25624000000.0 600157000000.0 245033000000.0 2815830000.0 126414000000.0 19742000000.0 6092530.0 532805000000.0 26485300000.0 3454750000.0 43265100.0 846253000.0 18575300000.0 15025700000.0 61269200000.0 2837490.0 53692700.0 -4.04 [-4.04]
23442300000000.0 3.8102e+16 25901800000.0 584752000000.0 229161000000.0 2892870000.0 124044000000.0 17582200000.0 6836970.0 531752000000.0 22842800000.0 2856480000.0 45197400.0 889724000.0 19289700000.0 15161400000.0 58027200000.0 3205000.0 57957400.0 -4.02 [-4.02]
23442300000000.0 3.6188e+16 26156500000.0 569055000000.0 214015000000.0 2970700000.0 121582000000.0 15637500000.0 7668010.0 530130000000.0 19675100000.0 2358550000.0 47081200.0 932804000.0 19968900000.0 15252000000.0 54778100000.0 3614420.0 62430600.0 -4.0 [-4.0]
23442300000000.0 3.43701e+16 26387900000.0 553105000000.0 199576000000.0 3049390000.0 119034000000.0 13887300000.0 8595830.0 527926000000.0 16920600000.0 1944220000.0 48906400.0 975292000.0 20607100000.0 15296200000.0 51538100000.0 4070380.0 67114400.0 -3.98 [-3.98]
23442300000000.0 3.26463e+16 26596800000.0 536999000000.0 185861000000.0 3128960000.0 116412000000.0 12316900000.0 9629590.0 525151000000.0 14532000000.0 1600410000.0 50662300.0 1016890000.0 21198700000.0 15293700000.0 48331400000.0 4576710.0 71998600.0 -3.96 [-3.96]
23442300000000.0 3.10044e+16 26783700000.0 520717000000.0 172806000000.0 3209590000.0 113712000000.0 10904700000.0 10784100.0 521769000000.0 12455700000.0 1314480000.0 52343900.0 1057560000.0 21738400000.0 15243000000.0 45164100000.0 5140440.0 77096700.0 -3.94 [-3.94]
23442300000000.0 2.94474e+16 26949300000.0 504401000000.0 160459000000.0 3291210000.0 110957000000.0 9642060000.0 12068100.0 517815000000.0 10661000000.0 1078040000.0 53938700.0 1096890000.0 22221600000.0 15145900000.0 42066600000.0 5764710.0 82383000.0 -3.92 [-3.92]
23442300000000.0 2.79688e+16 27094100000.0 488078000000.0 148787000000.0 3373930000.0 108150000000.0 8513490000.0 13496200.0 513281000000.0 9109870000.0 882562000.0 55440800.0 1134740000.0 22644200000.0 15003000000.0 39050900000.0 6455880.0 87855300.0 -3.9 [-3.9]
23442300000000.0 2.65668e+16 27219000000.0 471829000000.0 137792000000.0 3457780000.0 105305000000.0 7507860000.0 15080900.0 508185000000.0 7773200000.0 721439000.0 56843200.0 1170880000.0 23003500000.0 14816600000.0 36135500000.0 7218830.0 93495400.0 -3.88 [-3.88]
23442300000000.0 2.5233e+16 27324600000.0 455642000000.0 127422000000.0 3542910000.0 102419000000.0 6610540000.0 16841600.0 502505000000.0 6619770000.0 588476000.0 58142800.0 1205290000.0 23296400000.0 14587300000.0 33324600000.0 8062270.0 99307500.0 -3.86 [-3.86]
23442300000000.0 2.39663e+16 27411600000.0 439591000000.0 117676000000.0 3629360000.0 99507100000.0 5812470000.0 18793400.0 496264000000.0 5627690000.0 479123000.0 59334700.0 1237780000.0 23521400000.0 14318300000.0 30633300000.0 8992020.0 105271000.0 -3.84 [-3.84]
23442300000000.0 2.27613e+16 27480900000.0 423685000000.0 108516000000.0 3717100000.0 96570100000.0 5102730000.0 20957400.0 489454000000.0 4774570000.0 389227000.0 60417100.0 1268330000.0 23677500000.0 14011700000.0 28066500000.0 10017100.0 111380000.0 -3.82 [-3.82]
