Cloudy_runs/p1103/z=0.003934/logZ=-1/component_I_PI_nH/component_I_PI_nH_col_density_param.txt
# %ECSV 1.0
# ---
# datatype:
# - {name: H, datatype: float64}
# - {name: H+, datatype: float64}
# - {name: C+, datatype: float64}
# - {name: C+2, datatype: float64}
# - {name: C+3, datatype: float64}
# - {name: N+, datatype: float64}
# - {name: N+2, datatype: float64}
# - {name: N+4, datatype: float64}
# - {name: O, datatype: float64}
# - {name: O+2, datatype: float64}
# - {name: O+5, datatype: float64}
# - {name: O+6, datatype: float64}
# - {name: P+, datatype: float64}
# - {name: Si+, datatype: float64}
# - {name: Si+2, datatype: float64}
# - {name: Si+3, datatype: float64}
# - {name: Si+4, datatype: float64}
# - {name: Fe+, datatype: float64}
# - {name: Al+, datatype: float64}
# - {name: log_nH, datatype: float64}
# - {name: parameters, datatype: string, subtype: 'float64[1]'}
# schema: astropy-2.0
H H+ C+ C+2 C+3 N+ N+2 N+4 O O+2 O+5 O+6 P+ Si+ Si+2 Si+3 Si+4 Fe+ Al+ log_nH parameters
[from data line 61]
23442300000000.0 2.05343e+16 27570400000.0 392601000000.0 91942300000.0 3896260000.0 90681700000.0 3918580000.0 25987800.0 474280000000.0 3419810000.0 255544000.0 62243200.0 1323090000.0 23786900000.0 13303300000.0 23349000000.0 12376600.0 123926000.0 -3.78 [-3.78]
23442300000000.0 1.95041e+16 27591800000.0 377450000000.0 84465900000.0 3988120000.0 87738000000.0 3427200000.0 28900200.0 465930000000.0 2886180000.0 206448000.0 62986300.0 1347330000.0 23742300000.0 12908000000.0 21201500000.0 13729400.0 130336000.0 -3.76 [-3.76]
23442300000000.0 1.85258e+16 27598700000.0 362594000000.0 77497600000.0 4081570000.0 84803600000.0 2993590000.0 32108500.0 457099000000.0 2431200000.0 166449000.0 63616900.0 1369510000.0 23634300000.0 12490400000.0 19196300000.0 15209600.0 136812000.0 -3.74 [-3.74]
23442300000000.0 1.75967e+16 27591600000.0 348052000000.0 71013100000.0 4176710000.0 81884600000.0 2611550000.0 35638100.0 447808000000.0 2043980000.0 133927000.0 64136400.0 1389690000.0 23466100000.0 12054200000.0 17332700000.0 16826600.0 143332000.0 -3.72 [-3.72]
23442300000000.0 1.67144e+16 27571400000.0 333844000000.0 64988000000.0 4273570000.0 78986900000.0 2275440000.0 39515700.0 438084000000.0 1715080000.0 107539000.0 64547000.0 1407930000.0 23241000000.0 11603300000.0 15608100000.0 18590200.0 149876000.0 -3.7 [-3.7]
23442300000000.0 1.58765e+16 27538700000.0 319983000000.0 59398300000.0 4372210000.0 76115900000.0 1980180000.0 43769500.0 427954000000.0 1436230000.0 86171000.0 64851400.0 1424350000.0 22963100000.0 11141500000.0 14018900000.0 20510800.0 156422000.0 -3.68 [-3.68]
23442300000000.0 1.50808e+16 27494100000.0 306482000000.0 54220200000.0 4472680000.0 73276600000.0 1721170000.0 48429400.0 417446000000.0 1200300000.0 68905200.0 65052400.0 1439040000.0 22636500000.0 10672200000.0 12560400000.0 22598800.0 162947000.0 -3.66 [-3.66]
23442300000000.0 1.43252e+16 27438100000.0 293350000000.0 49430400000.0 4575020000.0 70473500000.0 1494290000.0 53526200.0 406593000000.0 1001080000.0 54983500.0 65153800.0 1452140000.0 22265600000.0 10198900000.0 11227000000.0 24865100.0 169427000.0 -3.64 [-3.64]
23442300000000.0 1.36077e+16 27371300000.0 280593000000.0 45006200000.0 4679240000.0 67711000000.0 1295830000.0 59092800.0 395426000000.0 833193000.0 43782000.0 65159100.0 1463770000.0 21855000000.0 9724610000.0 10012400000.0 27320700.0 175841000.0 -3.62 [-3.62]
23442300000000.0 1.29278e+16 27294600000.0 268247000000.0 40933600000.0 4785350000.0 64999300000.0 1122780000.0 65153400.0 384012000000.0 692254000.0 34803800.0 65073700.0 1474020000.0 21410900000.0 9253390000.0 8911780000.0 29971700.0 182154000.0 -3.6 [-3.6]
23442300000000.0 1.22807e+16 27207500000.0 256255000000.0 37174900000.0 4893360000.0 62328900000.0 971505000.0 71760600.0 372323000000.0 573745000.0 27596700.0 64899300.0 1483140000.0 20934700000.0 8785480000.0 7914250000.0 32838900.0 188365000.0 -3.58 [-3.58]
23442300000000.0 1.16648e+16 27110300000.0 244619000000.0 33711100000.0 5003220000.0 59703000000.0 839457000.0 78953400.0 360394000000.0 474335000.0 21826000.0 64639700.0 1491280000.0 20430500000.0 8323240000.0 7013100000.0 35934900.0 194451000.0 -3.56 [-3.56]
23442300000000.0 1.10814e+16 27004300000.0 233397000000.0 30536800000.0 5114880000.0 57136800000.0 724798000.0 86747500.0 348325000000.0 391441000.0 17232900.0 64302000.0 1498460000.0 19906100000.0 7870970000.0 6204300000.0 39259300.0 200368000.0 -3.54 [-3.54]
23442300000000.0 1.05273e+16 26889400000.0 222557000000.0 27625600000.0 5228270000.0 54626500000.0 625151000.0 95190800.0 336121000000.0 322328000.0 13577700.0 63889300.0 1504850000.0 19363800000.0 7429230000.0 5479090000.0 42828300.0 206106000.0 -3.52 [-3.52]
23442300000000.0 1.00024e+16 26766400000.0 212123000000.0 24965100000.0 5343330000.0 52180000000.0 538820000.0 104307000.0 323853000000.0 264936000.0 10680200.0 63408300.0 1510540000.0 18809300000.0 7000570000.0 4831670000.0 46644600.0 211634000.0 -3.5 [-3.5]
23442300000000.0 9502860000000000.0 26634600000.0 202039000000.0 22526700000.0 5459900000.0 49787100000.0 463812000.0 114161000.0 311493000000.0 217201000.0 8379770.0 62859700.0 1515750000.0 18242800000.0 6584030000.0 4253090000.0 50731900.0 216953000.0 -3.48 [-3.48]
23442300000000.0 9027330000000000.0 26494000000.0 192302000000.0 20295500000.0 5577780000.0 47449500000.0 398733000.0 124796000.0 299077000000.0 177600000.0 6558080.0 62247100.0 1520590000.0 17667300000.0 6180700000.0 3737280000.0 55101300.0 222043000.0 -3.46 [-3.46]
23442300000000.0 8577960000000000.0 26346400000.0 182978000000.0 18269700000.0 5696880000.0 45185000000.0 342666000.0 136199000.0 286736000000.0 145005000.0 5126640.0 61580900.0 1524980000.0 17091100000.0 5794330000.0 3280920000.0 59735200.0 226859000.0 -3.44 [-3.44]
23442300000000.0 8150170000000000.0 26190300000.0 173988000000.0 16420800000.0 5816880000.0 42977700000.0 294111000.0 148457000.0 274408000000.0 118077000.0 3997540.0 60859300.0 1529190000.0 16511700000.0 5422450000.0 2875720000.0 64666100.0 231413000.0 -3.42 [-3.42]
23442300000000.0 7743080000000000.0 26026100000.0 165331000000.0 14736500000.0 5937510000.0 40829300000.0 252126000.0 161608000.0 262132000000.0 95895400.0 3109470.0 60086800.0 1533270000.0 15932000000.0 5065610000.0 2516800000.0 69899500.0 235689000.0 -3.4 [-3.4]
23442300000000.0 7357430000000000.0 25854700000.0 157038000000.0 13210700000.0 6058500000.0 38749800000.0 215999000.0 175647000.0 249998000000.0 77731000.0 2414950.0 59270600.0 1537200000.0 15357000000.0 4725780000.0 2200530000.0 75422300.0 239656000.0 -3.38 [-3.38]
23442300000000.0 6991230000000000.0 25675600000.0 149082000000.0 11827300000.0 6179480000.0 36734500000.0 184878000.0 190623000.0 238006000000.0 62861500.0 1871870.0 58412800.0 1541070000.0 14787000000.0 4402140000.0 1921810000.0 81245600.0 243311000.0 -3.36 [-3.36]
23442300000000.0 6643490000000000.0 25489000000.0 141455000000.0 10575000000.0 6300050000.0 34783300000.0 158096000.0 206565000.0 226185000000.0 50718300.0 1448110.0 57517200.0 1544930000.0 14223900000.0 4094620000.0 1676570000.0 87369900.0 246645000.0 -3.34 [-3.34]
23442300000000.0 6314130000000000.0 25295500000.0 134166000000.0 9445410000.0 6419830000.0 32901000000.0 135115000.0 223468000.0 214594000000.0 40842700.0 1118730.0 56590100.0 1548760000.0 13670600000.0 3803840000.0 1461510000.0 93781200.0 249642000.0 -3.32 [-3.32]
23442300000000.0 5999730000000000.0 25093400000.0 127150000000.0 8421130000.0 6538070000.0 31073200000.0 115290000.0 241433000.0 203167000000.0 32784100.0 861752.0 55626900.0 1552730000.0 13123500000.0 3527250000.0 1272110000.0 100514000.0 252314000.0 -3.3 [-3.3]
23442300000000.0 5702700000000000.0 24885200000.0 120471000000.0 7502050000.0 6654600000.0 29317900000.0 98347800.0 260364000.0 192045000000.0 26275500.0 663265.0 54641600.0 1556650000.0 12590000000.0 3267480000.0 1106810000.0 107512000.0 254633000.0 -3.28 [-3.28]
23442300000000.0 5419920000000000.0 24669100000.0 114069000000.0 6673000000.0 6768530000.0 27621600000.0 83789400.0 280351000.0 181166000000.0 21000100.0 509328.0 53629600.0 1560680000.0 12066300000.0 3022040000.0 961876000.0 114804000.0 256611000.0 -3.26 [-3.26]
23442300000000.0 5151380000000000.0 24445800000.0 107951000000.0 5927960000.0 6879330000.0 25988000000.0 71317900.0 301369000.0 170577000000.0 16743700.0 390434.0 52596400.0 1564750000.0 11554700000.0 2791190000.0 835212000.0 122368000.0 258241000.0 -3.24 [-3.24]
23442300000000.0 4896380000000000.0 24215400000.0 102109000000.0 5259410000.0 6986320000.0 24416700000.0 60643800.0 323409000.0 160297000000.0 13317800.0 298786.0 51545300.0 1568850000.0 11055700000.0 2574460000.0 724637000.0 130190000.0 259523000.0 -3.22 [-3.22]
23442300000000.0 4654230000000000.0 23977900000.0 96533400000.0 4660360000.0 7088790000.0 22907200000.0 51516000.0 346458000.0 150341000000.0 10567300.0 228272.0 50478900.0 1572960000.0 10569800000.0 2371340000.0 628208000.0 138256000.0 260458000.0 -3.2 [-3.2]
23442300000000.0 4424260000000000.0 23733300000.0 91215300000.0 4124370000.0 7186000000.0 21458700000.0 43717400.0 370491000.0 140723000000.0 8364450.0 174120.0 49399800.0 1577040000.0 10097200000.0 2181300000.0 544198000.0 146548000.0 261049000.0 -3.18 [-3.18]
23442300000000.0 4205860000000000.0 23481900000.0 86146000000.0 3645490000.0 7277180000.0 20070600000.0 37060400.0 395475000.0 131455000000.0 6604660.0 132608.0 48310800.0 1581070000.0 9638280000.0 2003800000.0 471078000.0 155048000.0 261299000.0 -3.16 [-3.16]
23442300000000.0 3998450000000000.0 23223700000.0 81316700000.0 3218250000.0 7361550000.0 18742200000.0 31383200.0 421368000.0 122547000000.0 5202370.0 100843.0 47214100.0 1585000000.0 9193090000.0 1838290000.0 407494000.0 163732000.0 261214000.0 -3.14 [-3.14]
23442300000000.0 3801470000000000.0 22958700000.0 76718800000.0 2837630000.0 7438340000.0 17472800000.0 26546000.0 448118000.0 114008000000.0 4087770.0 76576.6 46112200.0 1588780000.0 8761740000.0 1684210000.0 352248000.0 172578000.0 260800000.0 -3.12 [-3.12]
23442300000000.0 3614390000000000.0 22687200000.0 72344100000.0 2499020000.0 7506770000.0 16261700000.0 22428500.0 475662000.0 105843000000.0 3204130.0 58070.5 45007300.0 1592370000.0 8344250000.0 1541010000.0 304290000.0 181562000.0 260067000.0 -3.1 [-3.1]
23442300000000.0 3436720000000000.0 22409300000.0 68184100000.0 2198230000.0 7566080000.0 15108100000.0 18927300.0 503929000.0 98057900000.0 2505390.0 43980.0 43901700.0 1595700000.0 7940620000.0 1408120000.0 262690000.0 190657000.0 259023000.0 -3.08 [-3.08]
23442300000000.0 3267980000000000.0 22125200000.0 64230600000.0 1931380000.0 7615560000.0 14011100000.0 15953100.0 532838000.0 90653600000.0 1954250.0 33267.6 42797000.0 1598720000.0 7550710000.0 1285010000.0 226632000.0 199837000.0 257677000.0 -3.06 [-3.06]
23442300000000.0 3107690000000000.0 21835000000.0 60475400000.0 1694970000.0 7654530000.0 12969900000.0 13429200.0 562300000.0 83630900000.0 1520660.0 0.0 41695300.0 1601360000.0 7174400000.0 1171120000.0 195400000.0 209075000.0 256041000.0 -3.04 [-3.04]
23442300000000.0 2955450000000000.0 21538800000.0 56910700000.0 1485810000.0 7682370000.0 11983500000.0 11289800.0 592221000.0 76988300000.0 1180430.0 0.0 40598200.0 1603580000.0 6811550000.0 1065940000.0 168367000.0 218344000.0 254126000.0 -3.02 [-3.02]
23442300000000.0 2810830000000000.0 21237000000.0 53528800000.0 1301010000.0 7698550000.0 11050900000.0 9478580.0 622496000.0 70722700000.0 914133.0 0.0 39507400.0 1605310000.0 6461980000.0 968956000.0 144985000.0 227618000.0 251944000.0 -3.0 [-3.0]
23442300000000.0 2673100000000000.0 20928900000.0 50313700000.0 1137610000.0 7702190000.0 10169200000.0 7944200.0 653064000.0 64817000000.0 705914.0 0.0 38421500.0 1606500000.0 6124560000.0 879451000.0 124739000.0 236886000.0 249502000.0 -2.98 [-2.98]
23442300000000.0 2542960000000000.0 20617300000.0 47283700000.0 994249000.0 7694250000.0 9342860000.0 6653530.0 683678000.0 59302100000.0 544374.0 0.0 37351000.0 1607020000.0 5801920000.0 797579000.0 107319000.0 246069000.0 246835000.0 -2.96 [-2.96]
23442300000000.0 2418990000000000.0 20299800000.0 44405900000.0 867777000.0 7673160000.0 8564970000.0 5562580.0 714361000.0 54132100000.0 418642.0 0.0 36288000.0 1606900000.0 5490930000.0 722239000.0 92248400.0 255198000.0 243934000.0 -2.94 [-2.94]
23442300000000.0 2300890000000000.0 19976700000.0 41674700000.0 756381000.0 7638770000.0 7834560000.0 4642050.0 744998000.0 49300300000.0 321075.0 0.0 35234000.0 1606050000.0 5191520000.0 653030000.0 79223700.0 264247000.0 240812000.0 -2.92 [-2.92]
23442300000000.0 2189000000000000.0 19650100000.0 39098500000.0 658813000.0 7592040000.0 7153460000.0 3869530.0 775389000.0 44817100000.0 245829.0 0.0 34196200.0 1604380000.0 4905150000.0 589868000.0 68018500.0 273157000.0 237502000.0 -2.9 [-2.9]
23442300000000.0 2082990000000000.0 19320500000.0 36669800000.0 573443000.0 7533190000.0 6519860000.0 3221980.0 805421000.0 40668500000.0 187915.0 0.0 33175400.0 1601860000.0 4631490000.0 532302000.0 58382400.0 281907000.0 234021000.0 -2.88 [-2.88]
23442300000000.0 1981690000000000.0 18985100000.0 34361800000.0 498336000.0 7460790000.0 5927970000.0 2676770.0 835128000.0 36814900000.0 143203.0 0.0 32163900.0 1598450000.0 4367850000.0 479520000.0 50050700.0 290533000.0 230351000.0 -2.86 [-2.86]
23442300000000.0 1885710000000000.0 18647200000.0 32188900000.0 432792000.0 7376900000.0 5380300000.0 2221320.0 864273000.0 33269500000.0 108969.0 0.0 31171400.0 1594090000.0 4116400000.0 431571000.0 42896600.0 298961000.0 226539000.0 -2.84 [-2.84]
23442300000000.0 1794520000000000.0 18306300000.0 30138300000.0 375522000.0 7281440000.0 4873680000.0 1840610.0 892809000.0 30009000000.0 82761.5 0.0 30195700.0 1588740000.0 3876060000.0 387962000.0 36744100.0 307193000.0 222589000.0 -2.82 [-2.82]
23442300000000.0 1708100000000000.0 17963700000.0 28210000000.0 325647000.0 7175660000.0 4407310000.0 1523510.0 920608000.0 27025200000.0 62776.5 0.0 29240500.0 1582380000.0 3647270000.0 348458000.0 31466700.0 315196000.0 218529000.0 -2.8 [-2.8]
23442300000000.0 1625730000000000.0 17617700000.0 26386700000.0 282055000.0 7058960000.0 3977130000.0 1258690.0 947684000.0 24289300000.0 47509.3 0.0 28300700.0 1574960000.0 3428290000.0 312537000.0 26923000.0 322994000.0 214348000.0 -2.78 [-2.78]
23442300000000.0 1547450000000000.0 17269700000.0 24669200000.0 244090000.0 6932740000.0 3582340000.0 1038410.0 973925000.0 21793100000.0 35896.1 0.0 27379700.0 1566460000.0 3219590000.0 280011000.0 23022400.0 330554000.0 210072000.0 -2.76 [-2.76]
23442300000000.0 1472820000000000.0 16919000000.0 23047200000.0 210984000.0 6797110000.0 3220120000.0 855112.0 999317000.0 19516200000.0 27064.0 0.0 26475100.0 1556840000.0 3020240000.0 250523000.0 19668800.0 337885000.0 205700000.0 -2.74 [-2.74]
23442300000000.0 1402330000000000.0 16569300000.0 21530700000.0 182355000.0 6655120000.0 2891010000.0 703799.0 1023690000.0 17458900000.0 20398.9 0.0 25596000.0 1546160000.0 2831900000.0 224044000.0 16806600.0 344925000.0 201290000.0 -2.72 [-2.72]
23442300000000.0 1334880000000000.0 16216400000.0 20095300000.0 157369000.0 6504740000.0 2589790000.0 577976.0 1047170000.0 15586400000.0 15336.1 0.0 24731100.0 1534310000.0 2651690000.0 200033000.0 14342300.0 351737000.0 196794000.0 -2.7 [-2.7]
23442300000000.0 1270990000000000.0 15864300000.0 18751000000.0 135758000.0 6349180000.0 2316870000.0 474250.0 1069610000.0 13898700000.0 11522.5 0.0 23889600.0 1521370000.0 2481290000.0 178478000.0 12237500.0 358257000.0 192272000.0 -2.68 [-2.68]
23442300000000.0 1210260000000000.0 15512200000.0 17488400000.0 117030000.0 6188610000.0 2069530000.0 388656.0 1091030000.0 12376900000.0 8647.29 0.0 23068800.0 1507330000.0 2319730000.0 159095000.0 10436100.0 364497000.0 187720000.0 -2.66 [-2.66]
23442300000000.0 1152520000000000.0 15160400000.0 16303400000.0 100816000.0 6023970000.0 1845890000.0 318133.0 1111430000.0 11007600000.0 0.0 0.0 22268800.0 1492190000.0 2166740000.0 141687000.0 8895390.0 370453000.0 183149000.0 -2.64 [-2.64]
23442300000000.0 1097630000000000.0 14809400000.0 15191700000.0 86790200.0 5856170000.0 1644130000.0 260112.0 1130790000.0 9777870000.0 0.0 0.0 21489700.0 1475980000.0 2022020000.0 126074000.0 7578340.0 376119000.0 178571000.0 -2.62 [-2.62]
23442300000000.0 1045440000000000.0 14459500000.0 14149600000.0 74668800.0 5686080000.0 1462510000.0 212446.0 1149140000.0 8675660000.0 0.0 0.0 20731500.0 1458740000.0 1885270000.0 112088000.0 6453220.0 381490000.0 173995000.0 -2.6 [-2.6]
23442300000000.0 995818000000000.0 14111200000.0 13173100000.0 64201500.0 5514540000.0 1299340000.0 173339.0 1166470000.0 7689500000.0 0.0 0.0 19994400.0 1440480000.0 1756220000.0 99573700.0 5492610.0 386563000.0 169432000.0 -2.58 [-2.58]
