Cloudy_runs/pg1216/z=0.006328/logZ=-1/component_III_PI_nH/component_III_PI_nH_col_density_param.txt
# %ECSV 1.0
# ---
# datatype:
# - {name: H, datatype: float64}
# - {name: H+, datatype: float64}
# - {name: C+, datatype: float64}
# - {name: C+2, datatype: float64}
# - {name: C+3, datatype: float64}
# - {name: N+, datatype: float64}
# - {name: N+2, datatype: float64}
# - {name: N+4, datatype: float64}
# - {name: O, datatype: float64}
# - {name: O+2, datatype: float64}
# - {name: O+5, datatype: float64}
# - {name: O+6, datatype: float64}
# - {name: P+, datatype: float64}
# - {name: Si+, datatype: float64}
# - {name: Si+2, datatype: float64}
# - {name: Si+3, datatype: float64}
# - {name: Si+4, datatype: float64}
# - {name: Fe+, datatype: float64}
# - {name: Al+, datatype: float64}
# - {name: log_nH, datatype: float64}
# - {name: parameters, datatype: string, subtype: 'float64[1]'}
# schema: astropy-2.0
H H+ C+ C+2 C+3 N+ N+2 N+4 O O+2 O+5 O+6 P+ Si+ Si+2 Si+3 Si+4 Fe+ Al+ log_nH parameters
[from data line 178]
616595000000000.0 2091890000000000.0 64657800000.0 4923080000.0 384706.0 15588600000.0 32440700.0 0.0 35448600000.0 172111000.0 0.0 0.0 67878700.0 8305370000.0 443967000.0 3195320.0 26097.8 6696630000.0 721014000.0 -1.44 [-1.44]
616595000000000.0 2011770000000000.0 62803000000.0 4594650000.0 339083.0 15032200000.0 29046300.0 0.0 35401200000.0 153550000.0 0.0 0.0 65933900.0 8078980000.0 411119000.0 2885470.0 23117.1 6567200000.0 701111000.0 -1.42 [-1.42]
616595000000000.0 1935180000000000.0 61018600000.0 4290080000.0 299223.0 14499000000.0 26024300.0 0.0 35352700000.0 137076000.0 0.0 0.0 64071100.0 7861310000.0 380924000.0 2607900.0 20506.2 6440240000.0 682010000.0 -1.4 [-1.4]
616595000000000.0 1861930000000000.0 59301600000.0 4007520000.0 264359.0 13987800000.0 23332100.0 0.0 35303100000.0 122446000.0 0.0 0.0 62286300.0 7652030000.0 353148000.0 2359030.0 18216.0 6315810000.0 663674000.0 -1.38 [-1.38]
616595000000000.0 1791860000000000.0 57649500000.0 3745290000.0 233833.0 13497600000.0 20932000.0 0.0 35252500000.0 109446000.0 0.0 0.0 60576200.0 7450820000.0 327589000.0 2135740.0 16204.3 6193970000.0 646072000.0 -1.36 [-1.36]
616595000000000.0 1724820000000000.0 56059800000.0 3501830000.0 207076.0 13027400000.0 18791200.0 0.0 35200900000.0 97887800.0 0.0 0.0 58937500.0 7257390000.0 304059000.0 1935240.0 14435.0 6074780000.0 629176000.0 -1.34 [-1.34]
616595000000000.0 1660680000000000.0 54530000000.0 3275720000.0 183597.0 12576200000.0 16880300.0 0.0 35148400000.0 87605600.0 0.0 0.0 57367000.0 7071440000.0 282388000.0 1755070.0 12876.7 5958260000.0 612956000.0 -1.32 [-1.32]
616595000000000.0 1599290000000000.0 53057600000.0 3065620000.0 162972.0 12143200000.0 15173500.0 0.0 35095000000.0 78453000.0 0.0 0.0 55861500.0 6892690000.0 262417000.0 1593020.0 11502.4 5844440000.0 597382000.0 -1.3 [-1.3]
616595000000000.0 1540520000000000.0 51640400000.0 2870330000.0 144833.0 11727500000.0 13648100.0 0.0 35040900000.0 70301100.0 0.0 0.0 54418300.0 6720850000.0 244005000.0 1447170.0 10288.8 5733330000.0 582428000.0 -1.28 [-1.28]
616595000000000.0 1484240000000000.0 50276000000.0 2688720000.0 128864.0 11328200000.0 12283800.0 0.0 34986000000.0 63036000.0 0.0 0.0 53034300.0 6555650000.0 227017000.0 1315780.0 9215.58 5624950000.0 568068000.0 -1.26 [-1.26]
616595000000000.0 1430350000000000.0 48962400000.0 2519770000.0 114789.0 10944700000.0 11062900.0 0.0 34930500000.0 56557400.0 0.0 0.0 51707100.0 6396840000.0 211341000.0 1197330.0 8265.31 5519270000.0 554276000.0 -1.24 [-1.24]
616595000000000.0 1378720000000000.0 47697600000.0 2362520000.0 102370.0 10576200000.0 9969510.0 0.0 34874400000.0 50776800.0 0.0 0.0 50434200.0 6244160000.0 196866000.0 1090470.0 7422.79 5416310000.0 541030000.0 -1.22 [-1.22]
616595000000000.0 1329250000000000.0 46479300000.0 2216100000.0 91399.5 10222000000.0 8989760.0 0.0 34817800000.0 45615700.0 0.0 0.0 49213000.0 6097360000.0 183493000.0 993968.0 6674.79 5316030000.0 528305000.0 -1.2 [-1.2]
616595000000000.0 1281840000000000.0 45305800000.0 2079700000.0 81697.9 9881420000.0 8111230.0 0.0 34760600000.0 41004800.0 0.0 0.0 48041200.0 5956210000.0 171129000.0 906761.0 6009.84 5218410000.0 516080000.0 -1.18 [-1.18]
616595000000000.0 1236210000000000.0 44170500000.0 1952070000.0 73088.8 9552560000.0 7321160.0 0.0 34702800000.0 36873600.0 0.0 0.0 46912000.0 5819920000.0 159651000.0 827723.0 5416.67 5123020000.0 504284000.0 -1.16 [-1.16]
616595000000000.0 1192820000000000.0 43085600000.0 1834040000.0 65496.0 9238720000.0 6615220.0 0.0 34645000000.0 33196300.0 0.0 0.0 45837200.0 5689960000.0 149109000.0 756496.0 4890.44 5031070000.0 493043000.0 -1.14 [-1.14]
616595000000000.0 1151030000000000.0 42035400000.0 1723460000.0 58741.3 8935430000.0 5979360.0 0.0 34586700000.0 29896400.0 0.0 0.0 44800900.0 5564410000.0 139308000.0 691821.0 4419.68 4941270000.0 482193000.0 -1.12 [-1.12]
616595000000000.0 1110940000000000.0 41023000000.0 1620260000.0 52741.2 8643470000.0 5407750.0 0.0 34528100000.0 26941200.0 0.0 0.0 43805900.0 5443660000.0 130228000.0 633187.0 3999.06 4854000000.0 471763000.0 -1.1 [-1.1]
616595000000000.0 1072470000000000.0 40046700000.0 1523900000.0 47405.6 8362310000.0 4893560.0 0.0 34469300000.0 24293000.0 0.0 0.0 42850100.0 5327490000.0 121809000.0 579985.0 3622.77 4769210000.0 461734000.0 -1.08 [-1.08]
616595000000000.0 1035550000000000.0 39105100000.0 1433900000.0 42655.8 8091510000.0 4430750.0 0.0 34410300000.0 21918500.0 0.0 0.0 41932100.0 5215740000.0 114000000.0 531675.0 3285.72 4686860000.0 452091000.0 -1.06 [-1.06]
616595000000000.0 1000120000000000.0 38196500000.0 1349770000.0 38422.6 7830560000.0 4013900.0 0.0 34351200000.0 19788000.0 0.0 0.0 41050000.0 5108190000.0 106752000.0 487770.0 2983.44 4606900000.0 442817000.0 -1.04 [-1.04]
616595000000000.0 966083000000000.0 37319700000.0 1271100000.0 34645.6 7579020000.0 3638200.0 0.0 34291900000.0 17875200.0 0.0 0.0 40202200.0 5004690000.0 100020000.0 447837.0 2712.01 4529270000.0 433894000.0 -1.02 [-1.02]
616595000000000.0 933401000000000.0 36473300000.0 1197510000.0 31272.4 7336530000.0 3299430.0 0.0 34232600000.0 16156900.0 0.0 0.0 39387400.0 4905070000.0 93764600.0 411489.0 2468.02 4453940000.0 425311000.0 -1.0 [-1.0]
616595000000000.0 901868000000000.0 35652500000.0 1128360000.0 28249.7 7101710000.0 2993060.0 0.0 34173100000.0 14608900.0 0.0 0.0 38600600.0 4808750000.0 87925100.0 378312.0 2247.96 4380520000.0 417015000.0 -0.98 [-0.98]
616595000000000.0 871703000000000.0 34863200000.0 1063880000.0 25551.0 6876140000.0 2717150.0 0.0 34113800000.0 13220200.0 0.0 0.0 37847300.0 4716430000.0 82515300.0 348133.0 2050.14 4309610000.0 409067000.0 -0.96 [-0.96]
616595000000000.0 842838000000000.0 34104100000.0 1003720000.0 23138.4 6659360000.0 2468480.0 0.0 34054900000.0 11973300.0 0.0 0.0 37126000.0 4627930000.0 77499700.0 320652.0 1872.06 4241130000.0 401450000.0 -0.94 [-0.94]
616595000000000.0 814960000000000.0 33367000000.0 947092000.0 20969.0 6449230000.0 2243130.0 0.0 33995800000.0 10847500.0 0.0 0.0 36428900.0 4542300000.0 72807200.0 295505.0 1710.86 4174410000.0 394082000.0 -0.92 [-0.92]
616595000000000.0 788153000000000.0 32654400000.0 893988000.0 19021.3 6246340000.0 2039320.0 0.0 33936900000.0 9833190.0 0.0 0.0 35758100.0 4459810000.0 68433800.0 272527.0 1565.11 4109710000.0 386987000.0 -0.9 [-0.9]
616595000000000.0 762369000000000.0 31965300000.0 844167000.0 17270.7 6050400000.0 1854890.0 0.0 33878200000.0 8918690.0 0.0 0.0 35112500.0 4380330000.0 64355100.0 251514.0 1433.2 4046970000.0 380153000.0 -0.88 [-0.88]
616595000000000.0 737562000000000.0 31298700000.0 797405000.0 15695.7 5861130000.0 1687910.0 0.0 33819700000.0 8093730.0 0.0 0.0 34491000.0 4303750000.0 60549300.0 232284.0 1313.68 3986140000.0 373570000.0 -0.86 [-0.86]
616595000000000.0 713691000000000.0 30653500000.0 753493000.0 14277.3 5678230000.0 1536640.0 0.0 33761500000.0 7349080.0 0.0 0.0 33892500.0 4229940000.0 56995800.0 214672.0 1205.27 3927160000.0 367227000.0 -0.84 [-0.84]
616595000000000.0 690714000000000.0 30029000000.0 712239000.0 12998.7 5501470000.0 1399530.0 0.0 33703500000.0 6676560.0 0.0 0.0 33316200.0 4158790000.0 53676000.0 198531.0 1106.84 3869980000.0 361114000.0 -0.82 [-0.82]
616595000000000.0 668592000000000.0 29424200000.0 673465000.0 11844.9 5330590000.0 1275190.0 0.0 33645900000.0 6068810.0 0.0 0.0 32760900.0 4090190000.0 50572800.0 183727.0 1017.38 3814560000.0 355221000.0 -0.8 [-0.8]
616595000000000.0 647289000000000.0 28838300000.0 637004000.0 10802.8 5165350000.0 1162380.0 0.0 33588600000.0 5519290.0 0.0 0.0 32226000.0 4024030000.0 47670300.0 170139.0 935.984 3760830000.0 349540000.0 -0.78 [-0.78]
616595000000000.0 626762000000000.0 28270300000.0 602694000.0 9860.59 5005470000.0 1059940.0 0.0 33531600000.0 5022070.0 0.0 0.0 31710200.0 3960200000.0 44952100.0 157657.0 861.843 3708730000.0 344059000.0 -0.76 [-0.76]
616595000000000.0 606996000000000.0 27720000000.0 570417000.0 9008.13 4850900000.0 966942.0 0.0 33475100000.0 4572080.0 0.0 0.0 31213300.0 3898660000.0 42409300.0 146186.0 794.271 3658250000.0 338777000.0 -0.74 [-0.74]
616595000000000.0 587943000000000.0 27186200000.0 540020000.0 8235.94 4701290000.0 882421.0 0.0 33419000000.0 4164480.0 0.0 0.0 30734100.0 3839270000.0 40025700.0 135634.0 732.606 3609320000.0 333679000.0 -0.72 [-0.72]
616595000000000.0 569579000000000.0 26668300000.0 511389000.0 7535.93 4556530000.0 805590.0 0.0 33363300000.0 3795120.0 0.0 0.0 30272100.0 3781960000.0 37792100.0 125923.0 676.287 3561880000.0 328761000.0 -0.7 [-0.7]
616595000000000.0 551872000000000.0 26165600000.0 484404000.0 6900.7 4416370000.0 735704.0 0.0 33308100000.0 3460200.0 0.0 0.0 29826300.0 3726630000.0 35696000.0 116977.0 624.797 3515900000.0 324014000.0 -0.68 [-0.68]
616595000000000.0 534797000000000.0 25677600000.0 458965000.0 6323.82 4280690000.0 672117.0 0.0 33253400000.0 3156360.0 0.0 0.0 29396300.0 3673210000.0 33729800.0 108732.0 577.684 3471320000.0 319433000.0 -0.66 [-0.66]
616595000000000.0 518327000000000.0 25203700000.0 434972000.0 5799.46 4149300000.0 614230.0 0.0 33199200000.0 2880590.0 0.0 0.0 28981300.0 3621640000.0 31882800.0 101128.0 534.535 3428110000.0 315010000.0 -0.64 [-0.64]
616595000000000.0 502371000000000.0 24741200000.0 412253000.0 5321.56 4021570000.0 561405.0 0.0 33145200000.0 2629640.0 0.0 0.0 28579200.0 3571620000.0 30141400.0 94099.1 494.919 3386040000.0 310721000.0 -0.62 [-0.62]
616595000000000.0 487038000000000.0 24293600000.0 390888000.0 4887.3 3898300000.0 513379.0 0.0 33092100000.0 2402130.0 0.0 0.0 28192500.0 3523510000.0 28510200.0 87618.7 458.636 3345430000.0 306597000.0 -0.6 [-0.6]
616595000000000.0 472238000000000.0 23858300000.0 370713000.0 4491.56 3778870000.0 469602.0 0.0 33039500000.0 2195290.0 0.0 0.0 27819200.0 3477020000.0 26976000.0 81630.0 0.0 3306060000.0 302612000.0 -0.58 [-0.58]
616595000000000.0 457950000000000.0 23434900000.0 351654000.0 4130.66 3663140000.0 429684.0 0.0 32987400000.0 2007160.0 0.0 0.0 27458600.0 3432100000.0 25532200.0 76092.3 0.0 3267890000.0 298762000.0 -0.56 [-0.56]
616595000000000.0 444205000000000.0 23024500000.0 333704000.0 3801.79 3551360000.0 393337.0 0.0 32936200000.0 1836290.0 0.0 0.0 27111700.0 3388850000.0 24177200.0 70975.4 0.0 3231020000.0 295056000.0 -0.54 [-0.54]
616595000000000.0 430872000000000.0 22623200000.0 316670000.0 0.0 3442580000.0 360091.0 0.0 32885300000.0 1680370.0 0.0 0.0 26775000.0 3346850000.0 22894900.0 66230.5 0.0 3195110000.0 291458000.0 -0.52 [-0.52]
616595000000000.0 417993000000000.0 22232400000.0 300563000.0 0.0 3337150000.0 329745.0 0.0 32835000000.0 1538360.0 0.0 0.0 26449700.0 3306250000.0 21687000.0 61835.1 0.0 3160290000.0 287980000.0 -0.5 [-0.5]
616595000000000.0 405549000000000.0 21851600000.0 285326000.0 0.0 3234920000.0 302031.0 0.0 32785300000.0 1408940.0 0.0 0.0 26135200.0 3266990000.0 20547800.0 57760.7 0.0 3126520000.0 284618000.0 -0.48 [-0.48]
616595000000000.0 393520000000000.0 21480400000.0 270905000.0 0.0 3135780000.0 276711.0 0.0 32736200000.0 1290940.0 0.0 0.0 25831200.0 3229010000.0 19472600.0 53981.6 0.0 3093760000.0 281365000.0 -0.46 [-0.46]
616595000000000.0 381891000000000.0 21118500000.0 257254000.0 0.0 3039610000.0 253570.0 0.0 32687800000.0 1183300.0 0.0 0.0 25537100.0 3192250000.0 18457400.0 50474.4 0.0 3061990000.0 278219000.0 -0.44 [-0.44]
616595000000000.0 370648000000000.0 20765500000.0 244326000.0 0.0 2946340000.0 232414.0 0.0 32639900000.0 1085070.0 0.0 0.0 25252800.0 3156690000.0 17498400.0 47217.9 0.0 3031160000.0 275175000.0 -0.42 [-0.42]
616595000000000.0 359774000000000.0 20420900000.0 232080000.0 0.0 2855840000.0 213066.0 0.0 32592800000.0 995377.0 0.0 0.0 24977600.0 3122270000.0 16592100.0 44192.1 0.0 3001250000.0 272229000.0 -0.4 [-0.4]
616595000000000.0 349254000000000.0 20084500000.0 220475000.0 0.0 2768030000.0 195365.0 0.0 32546200000.0 913450.0 0.0 0.0 24711400.0 3088950000.0 15735000.0 41379.3 0.0 2972230000.0 269377000.0 -0.38 [-0.38]
616595000000000.0 339073000000000.0 19755900000.0 209474000.0 0.0 2682780000.0 179163.0 0.0 32500300000.0 838575.0 0.0 0.0 24453700.0 3056670000.0 14923400.0 38762.9 0.0 2944060000.0 266616000.0 -0.36 [-0.36]
616595000000000.0 329225000000000.0 19435000000.0 199046000.0 0.0 2600100000.0 164337.0 0.0 32455000000.0 770133.0 0.0 0.0 24204400.0 3025430000.0 14156300.0 36328.3 0.0 2916740000.0 263944000.0 -0.34 [-0.34]
616595000000000.0 319690000000000.0 19121200000.0 189155000.0 0.0 2519820000.0 150759.0 0.0 32410400000.0 707530.0 0.0 0.0 23962900.0 2995150000.0 13429100.0 34061.3 0.0 2890210000.0 261355000.0 -0.32 [-0.32]
616595000000000.0 310459000000000.0 18814400000.0 179772000.0 0.0 2441880000.0 138322.0 0.0 32366500000.0 650248.0 0.0 0.0 23729000.0 2965820000.0 12740200.0 31949.4 0.0 2864450000.0 258848000.0 -0.3 [-0.3]
616595000000000.0 301520000000000.0 18514300000.0 170869000.0 0.0 2366210000.0 126927.0 0.0 32323100000.0 597814.0 0.0 0.0 23502500.0 2937400000.0 12087000.0 29980.9 0.0 2839450000.0 256418000.0 -0.28 [-0.28]
616595000000000.0 292863000000000.0 18220700000.0 162419000.0 0.0 2292720000.0 116485.0 0.0 32280500000.0 549797.0 0.0 0.0 23283100.0 2909850000.0 11467500.0 28145.3 0.0 2815170000.0 254064000.0 -0.26 [-0.26]
616595000000000.0 284473000000000.0 17933100000.0 154395000.0 0.0 2221320000.0 106909.0 0.0 32238400000.0 505806.0 0.0 0.0 23070400.0 2883140000.0 10878700.0 26432.6 0.0 2791600000.0 251782000.0 -0.24 [-0.24]
616595000000000.0 276320000000000.0 17650700000.0 146758000.0 0.0 2151810000.0 98118.5 0.0 32196900000.0 465433.0 0.0 0.0 22863600.0 2857160000.0 10318900.0 24832.5 0.0 2768630000.0 249563000.0 -0.22 [-0.22]
616595000000000.0 268467000000000.0 17375800000.0 139540000.0 0.0 2084610000.0 90077.3 0.0 32156300000.0 428525.0 0.0 0.0 22664400.0 2832120000.0 9789220.0 23340.8 0.0 2746460000.0 247425000.0 -0.2 [-0.2]
616595000000000.0 260830000000000.0 17105500000.0 132666000.0 0.0 2019150000.0 82690.2 0.0 32116200000.0 394622.0 0.0 0.0 22470700.0 2807750000.0 9284730.0 21945.8 0.0 2724850000.0 245345000.0 -0.18 [-0.18]
616595000000000.0 253426000000000.0 16840600000.0 126135000.0 0.0 1955530000.0 75910.9 0.0 32076700000.0 363520.0 0.0 0.0 22282800.0 2784110000.0 8804510.0 20642.0 0.0 2703860000.0 243327000.0 -0.16 [-0.16]
616595000000000.0 246246000000000.0 16580800000.0 119928000.0 0.0 1893680000.0 69688.3 0.0 32037900000.0 334971.0 0.0 0.0 22100600.0 2761170000.0 8347540.0 19422.6 0.0 2683470000.0 241370000.0 -0.14 [-0.14]
616595000000000.0 239280000000000.0 16325900000.0 114027000.0 0.0 1833550000.0 63975.4 0.0 31999700000.0 308758.0 0.0 0.0 21923800.0 2738890000.0 7912400.0 18281.8 0.0 2663640000.0 239470000.0 -0.12 [-0.12]
616595000000000.0 232523000000000.0 16075700000.0 108418000.0 0.0 1775070000.0 58729.2 0.0 31962100000.0 284681.0 0.0 0.0 21752200.0 2717270000.0 7497760.0 17213.9 0.0 2644380000.0 237627000.0 -0.1 [-0.1]
616595000000000.0 225964000000000.0 15830200000.0 103084000.0 0.0 1718190000.0 53910.5 0.0 31925100000.0 262559.0 0.0 0.0 21585600.0 2696270000.0 7102420.0 16214.1 0.0 2625640000.0 235837000.0 -0.08 [-0.08]
616595000000000.0 219598000000000.0 15589100000.0 98012300.0 0.0 1662840000.0 49483.4 0.0 31888800000.0 242226.0 0.0 0.0 21423900.0 2675860000.0 6725240.0 15277.4 0.0 2607430000.0 234099000.0 -0.06 [-0.06]
616595000000000.0 213417000000000.0 15352200000.0 93187600.0 0.0 1608960000.0 45414.6 0.0 31853000000.0 223530.0 0.0 0.0 21266900.0 2656040000.0 6364950.0 14399.6 0.0 2589720000.0 232411000.0 -0.04 [-0.04]
616595000000000.0 207412000000000.0 15119500000.0 88597900.0 0.0 1556490000.0 41674.7 0.0 31817900000.0 206335.0 0.0 0.0 21114300.0 2636760000.0 6020690.0 13576.6 0.0 2572490000.0 230770000.0 -0.02 [-0.02]
616595000000000.0 201580000000000.0 14890700000.0 84231700.0 0.0 1505400000.0 38236.6 0.0 31783300000.0 190516.0 0.0 0.0 20966000.0 2618030000.0 5691570.0 12804.7 0.0 2555730000.0 229177000.0 -0.0 [-0.0]
