Cloudy_runs/pg1216/z=0.006328/logZ=-1/component_III_PI_nH/component_III_PI_nH_col_density_param.txt
# %ECSV 1.0
# ---
# datatype:
# - {name: H, datatype: float64}
# - {name: H+, datatype: float64}
# - {name: C+, datatype: float64}
# - {name: C+2, datatype: float64}
# - {name: C+3, datatype: float64}
# - {name: N+, datatype: float64}
# - {name: N+2, datatype: float64}
# - {name: N+4, datatype: float64}
# - {name: O, datatype: float64}
# - {name: O+2, datatype: float64}
# - {name: O+5, datatype: float64}
# - {name: O+6, datatype: float64}
# - {name: P+, datatype: float64}
# - {name: Si+, datatype: float64}
# - {name: Si+2, datatype: float64}
# - {name: Si+3, datatype: float64}
# - {name: Si+4, datatype: float64}
# - {name: Fe+, datatype: float64}
# - {name: Al+, datatype: float64}
# - {name: log_nH, datatype: float64}
# - {name: parameters, datatype: string, subtype: 'float64[1]'}
# schema: astropy-2.0
H H+ C+ C+2 C+3 N+ N+2 N+4 O O+2 O+5 O+6 P+ Si+ Si+2 Si+3 Si+4 Fe+ Al+ log_nH parameters
[from data line 113]
616595000000000.0 3.94922e+16 448878000000.0 622276000000.0 5860130000.0 180236000000.0 88268700000.0 24068100.0 26026400000.0 536249000000.0 783619.0 0.0 706175000.0 41097200000.0 81440900000.0 6851950000.0 546612000.0 8824210000.0 5472960000.0 -2.74 [-2.74]
616595000000000.0 3.7589e+16 439626000000.0 581170000000.0 5062280000.0 176540000000.0 79253600000.0 19801200.0 26680300000.0 479708000000.0 590248.0 0.0 682663000.0 40823800000.0 76354000000.0 6125900000.0 466821000.0 9012900000.0 5355910000.0 -2.72 [-2.72]
616595000000000.0 3.57857e+16 430375000000.0 542631000000.0 4371140000.0 172671000000.0 71056000000.0 16275400.0 27307800000.0 428580000000.0 444219.0 0.0 659748000.0 40522200000.0 71534100000.0 5472800000.0 398595000.0 9194400000.0 5237660000.0 -2.7 [-2.7]
616595000000000.0 3.40715e+16 421108000000.0 506406000000.0 3771510000.0 168635000000.0 63602300000.0 13360000.0 27909100000.0 382343000000.0 333887.0 0.0 637369000.0 40191300000.0 66957900000.0 4884480000.0 340157000.0 9368790000.0 5118210000.0 -2.68 [-2.68]
616595000000000.0 3.2442e+16 411834000000.0 472375000000.0 3251750000.0 164457000000.0 56841100000.0 10953000.0 28483700000.0 340620000000.0 250660.0 0.0 615529000.0 39831900000.0 62616600000.0 4355230000.0 290130000.0 9536130000.0 4997840000.0 -2.66 [-2.66]
616595000000000.0 3.0893e+16 402567000000.0 440429000000.0 2801670000.0 160163000000.0 50723400000.0 8968830.0 29031200000.0 303052000000.0 0.0 0.0 594240000.0 39442900000.0 58504900000.0 3879740000.0 247337000.0 9695770000.0 4876940000.0 -2.64 [-2.64]
616595000000000.0 2.94203e+16 393316000000.0 410455000000.0 2412250000.0 155776000000.0 45199800000.0 7335650.0 29551600000.0 269293000000.0 0.0 0.0 573501000.0 39025700000.0 54614000000.0 3453080000.0 210749000.0 9847810000.0 4755770000.0 -2.62 [-2.62]
616595000000000.0 2.80203e+16 384091000000.0 382350000000.0 2075620000.0 151320000000.0 40223800000.0 5993320.0 30045000000.0 239016000000.0 0.0 0.0 553316000.0 38580700000.0 50936200000.0 3070750000.0 179487000.0 9992120000.0 4634600000.0 -2.6 [-2.6]
616595000000000.0 2.66892e+16 374903000000.0 356012000000.0 1784860000.0 146817000000.0 35750500000.0 4891560.0 30511600000.0 211911000000.0 0.0 0.0 533686000.0 38108900000.0 47463900000.0 2728550000.0 152791000.0 10128600000.0 4513690000.0 -2.58 [-2.58]
616595000000000.0 2.54236e+16 365761000000.0 331347000000.0 1533950000.0 142290000000.0 31737000000.0 3988490.0 30951800000.0 187688000000.0 0.0 0.0 514608000.0 37611300000.0 44189400000.0 2422620000.0 130008000.0 10257200000.0 4393300000.0 -2.56 [-2.56]
616595000000000.0 2.42201e+16 356675000000.0 308260000000.0 1317580000.0 137756000000.0 28142900000.0 3249170.0 31366200000.0 166076000000.0 0.0 0.0 496082000.0 37088900000.0 41104800000.0 2149430000.0 110574000.0 10377700000.0 4273650000.0 -2.54 [-2.54]
616595000000000.0 2.30757e+16 347655000000.0 286663000000.0 1131140000.0 133235000000.0 24930100000.0 2644670.0 31755500000.0 146824000000.0 0.0 0.0 478104000.0 36543000000.0 38202800000.0 1905750000.0 94007700.0 10490100000.0 4154950000.0 -2.52 [-2.52]
616595000000000.0 2.19919e+16 338747000000.0 266555000000.0 971078000.0 128766000000.0 22071200000.0 2152170.0 32119800000.0 129745000000.0 0.0 0.0 460742000.0 35977300000.0 35487100000.0 1689300000.0 79932600.0 10593900000.0 4037900000.0 -2.5 [-2.5]
616595000000000.0 2.09525e+16 329849000000.0 247610000000.0 832489000.0 124298000000.0 19508800000.0 1748170.0 32461900000.0 114485000000.0 0.0 0.0 443775000.0 35386500000.0 32916100000.0 1495330000.0 67874600.0 10690200000.0 3921210000.0 -2.48 [-2.48]
616595000000000.0 1.99725e+16 321120000000.0 230071000000.0 714092000.0 119931000000.0 17243100000.0 1420730.0 32780100000.0 101027000000.0 0.0 0.0 427486000.0 34781600000.0 30527000000.0 1324020000.0 57676100.0 10777500000.0 3807030000.0 -2.46 [-2.46]
616595000000000.0 1.90363e+16 312453000000.0 213629000000.0 611994000.0 115612000000.0 15223700000.0 1153280.0 33077300000.0 89061700000.0 0.0 0.0 411651000.0 34156900000.0 28279400000.0 1171260000.0 48971100.0 10856700000.0 3694000000.0 -2.44 [-2.44]
616595000000000.0 1.81457e+16 303895000000.0 198294000000.0 524310000.0 111374000000.0 13431900000.0 935689.0 33353800000.0 78469800000.0 0.0 0.0 396334000.0 33516700000.0 26177000000.0 1035650000.0 41569400.0 10927600000.0 3582760000.0 -2.42 [-2.42]
616595000000000.0 1.72987e+16 295454000000.0 183998000000.0 449050000.0 107224000000.0 11844100000.0 758802.0 33610600000.0 69103100000.0 0.0 0.0 381529000.0 32862700000.0 24212900000.0 915373000.0 35279200.0 10989900000.0 3473440000.0 -2.4 [-2.4]
616595000000000.0 1.64931e+16 287137000000.0 170680000000.0 384492000.0 103171000000.0 10438600000.0 615115.0 33848700000.0 60827800000.0 0.0 0.0 367227000.0 32196500000.0 22380500000.0 808779000.0 29936200.0 11043500000.0 3366160000.0 -2.38 [-2.38]
616595000000000.0 1.57265e+16 278948000000.0 158277000000.0 329133000.0 99219300000.0 9195560000.0 498462.0 34069000000.0 53522000000.0 0.0 0.0 353415000.0 31520500000.0 20671600000.0 714366000.0 25398400.0 11088900000.0 3260980000.0 -2.36 [-2.36]
616595000000000.0 1.4993e+16 270846000000.0 146667000000.0 281490000.0 95350000000.0 8092960000.0 403494.0 34273000000.0 47052600000.0 0.0 0.0 340006000.0 30832000000.0 19071000000.0 630439000.0 21531000.0 11125800000.0 3157370000.0 -2.34 [-2.34]
616595000000000.0 1.43035e+16 262981000000.0 135994000000.0 241039000.0 91640700000.0 7127730000.0 327063.0 34460200000.0 41396400000.0 0.0 0.0 327228000.0 30144900000.0 17600500000.0 556890000.0 18277900.0 11153700000.0 3057280000.0 -2.32 [-2.32]
616595000000000.0 1.36395e+16 255169000000.0 125953000000.0 206092000.0 87997600000.0 6269210000.0 264649.0 34633300000.0 36373200000.0 0.0 0.0 314759000.0 29445100000.0 16217300000.0 491274000.0 15494200.0 11173300000.0 2958310000.0 -2.3 [-2.3]
616595000000000.0 1.30114e+16 247551000000.0 116676000000.0 176310000.0 84492000000.0 5515580000.0 214280.0 34791900000.0 31968700000.0 0.0 0.0 302813000.0 28746100000.0 14941100000.0 433567000.0 13144000.0 11184300000.0 2862290000.0 -2.28 [-2.28]
616595000000000.0 1.24138e+16 240090000000.0 108060000000.0 150826000.0 81103100000.0 4851730000.0 173489.0 34937300000.0 28093200000.0 0.0 0.0 291308000.0 28045700000.0 13758000000.0 382611000.0 11151600.0 11186600000.0 2768700000.0 -2.26 [-2.26]
616595000000000.0 1.18452e+16 232786000000.0 100061000000.0 129025000.0 77830600000.0 4267240000.0 140461.0 35070300000.0 24684500000.0 0.0 0.0 280232000.0 27345800000.0 12662100000.0 337630000.0 9462670.0 11180500000.0 2677550000.0 -2.24 [-2.24]
616595000000000.0 1.13042e+16 225645000000.0 92638300000.0 110381000.0 74674700000.0 3752920000.0 113728.0 35191500000.0 21687900000.0 0.0 0.0 269575000.0 26647500000.0 11648300000.0 297943000.0 8031430.0 11165600000.0 2588880000.0 -2.22 [-2.22]
616595000000000.0 1.07895e+16 218670000000.0 85755200000.0 94441800.0 71634900000.0 3300580000.0 92093.4 35301900000.0 19054600000.0 0.0 0.0 259328000.0 25952400000.0 10711700000.0 262941000.0 6818880.0 11142100000.0 2502720000.0 -2.2 [-2.2]
616595000000000.0 1.02996e+16 211861000000.0 79372700000.0 80813600.0 68708600000.0 2902780000.0 74584.5 35402000000.0 16740900000.0 0.0 0.0 249473000.0 25262200000.0 9846420000.0 232071000.0 5791190.0 11110300000.0 2419030000.0 -2.18 [-2.18]
616595000000000.0 9833300000000000.0 205217000000.0 73456600000.0 69162700.0 65893900000.0 2553040000.0 60415.2 35492400000.0 14708500000.0 0.0 0.0 240000000.0 24578200000.0 9047630000.0 204850000.0 4920170.0 11070500000.0 2337790000.0 -2.16 [-2.16]
616595000000000.0 9389450000000000.0 198742000000.0 67974900000.0 59203000.0 63188700000.0 2245630000.0 48948.6 35573900000.0 12923500000.0 0.0 0.0 230897000.0 23901500000.0 8310840000.0 180852000.0 4181880.0 11022700000.0 2259000000.0 -2.14 [-2.14]
616595000000000.0 8966920000000000.0 192435000000.0 62897400000.0 50689600.0 60590600000.0 1975470000.0 39668.8 35647000000.0 11356100000.0 0.0 0.0 222152000.0 23233200000.0 7631740000.0 159698000.0 3556050.0 10967200000.0 2182640000.0 -2.12 [-2.12]
616595000000000.0 8567490000000000.0 186340000000.0 58228100000.0 43447300.0 58114800000.0 1739160000.0 32187.2 35712100000.0 9986010000.0 0.0 0.0 213814000.0 22579100000.0 7010690000.0 141142000.0 3027970.0 10904700000.0 2109200000.0 -2.1 [-2.1]
616595000000000.0 8184490000000000.0 180370000000.0 53874800000.0 37222600.0 55722600000.0 1530500000.0 26103.0 35769900000.0 8777330000.0 0.0 0.0 205751000.0 21930800000.0 6434810000.0 124699000.0 2577730.0 10834400000.0 2037610000.0 -2.08 [-2.08]
616595000000000.0 7819840000000000.0 174568000000.0 49846400000.0 31901300.0 53429100000.0 1347180000.0 21177.1 35820800000.0 7716280000.0 0.0 0.0 198013000.0 21293800000.0 5905120000.0 110206000.0 2195830.0 10757100000.0 1968370000.0 -2.06 [-2.06]
616595000000000.0 7472620000000000.0 168933000000.0 46119500000.0 27351600.0 51231200000.0 1186120000.0 17188.2 35865200000.0 6784840000.0 0.0 0.0 190589000.0 20668700000.0 5418190000.0 97431000.0 1871790.0 10673000000.0 1901430000.0 -2.04 [-2.04]
616595000000000.0 7138750000000000.0 163410000000.0 42639500000.0 23435200.0 49104900000.0 1043720000.0 13939.8 35903600000.0 5962120000.0 0.0 0.0 183397000.0 20050200000.0 4966500000.0 86094400.0 1594960.0 10581400000.0 1836130000.0 -2.02 [-2.02]
616595000000000.0 6823920000000000.0 158105000000.0 39453400000.0 20110600.0 47089200000.0 919463000.0 11324.6 35936200000.0 5244740000.0 0.0 0.0 176567000.0 19450800000.0 4555910000.0 76172100.0 1361620.0 10484500000.0 1773680000.0 -2.0 [-2.0]
616595000000000.0 6527220000000000.0 153017000000.0 36538100000.0 17286800.0 45180300000.0 811002000.0 9217.06 35963400000.0 4619060000.0 0.0 0.0 170088000.0 18871300000.0 4182960000.0 67484500.0 1164780.0 10382900000.0 1714050000.0 -1.98 [-1.98]
616595000000000.0 6241590000000000.0 148034000000.0 33814200000.0 14850800.0 43333700000.0 714970000.0 7496.45 35985600000.0 4065670000.0 0.0 0.0 163810000.0 18299600000.0 3837030000.0 59762200.0 996127.0 10274600000.0 1655900000.0 -1.96 [-1.96]
616595000000000.0 5967420000000000.0 143172000000.0 31277900000.0 12754900.0 41553200000.0 630140000.0 6094.98 36003000000.0 3577390000.0 0.0 0.0 157746000.0 17738000000.0 3517230000.0 52914900.0 851943.0 10160500000.0 1599400000.0 -1.94 [-1.94]
616595000000000.0 5708260000000000.0 138503000000.0 28952500000.0 10970600.0 39863500000.0 555957000.0 0.0 36015900000.0 3150770000.0 0.0 0.0 151981000.0 17195200000.0 3226510000.0 46906600.0 729967.0 10042200000.0 1545370000.0 -1.92 [-1.92]
616595000000000.0 5461360000000000.0 133987000000.0 26803900000.0 9442240.0 38247600000.0 490720000.0 0.0 36024600000.0 2776010000.0 0.0 0.0 146457000.0 16667000000.0 2960080000.0 41603200.0 626096.0 9919510000.0 1493320000.0 -1.9 [-1.9]
616595000000000.0 5228110000000000.0 129658000000.0 24835300000.0 8139790.0 36715800000.0 433640000.0 0.0 36029500000.0 2448420000.0 0.0 0.0 141211000.0 16157900000.0 2718130000.0 36946100.0 538082.0 9793630000.0 1443610000.0 -1.88 [-1.88]
616595000000000.0 5001970000000000.0 125401000000.0 22985300000.0 7009510.0 35225400000.0 382840000.0 0.0 36030300000.0 2157350000.0 0.0 0.0 136098000.0 15655200000.0 2492360000.0 32784000.0 462088.0 9662280000.0 1394920000.0 -1.86 [-1.86]
616595000000000.0 4790250000000000.0 121362000000.0 21306100000.0 6051860.0 33826000000.0 338645000.0 0.0 36027900000.0 1904330000.0 0.0 0.0 131288000.0 15175800000.0 2289490000.0 29150000.0 398037.0 9529590000.0 1348890000.0 -1.84 [-1.84]
616595000000000.0 4584540000000000.0 117385000000.0 19725200000.0 5218810.0 32462000000.0 299235000.0 0.0 36021700000.0 1679120000.0 0.0 0.0 126591000.0 14702200000.0 2099850000.0 25895600.0 342568.0 9391790000.0 1303740000.0 -1.82 [-1.82]
616595000000000.0 4390530000000000.0 113588000000.0 18280300000.0 4509010.0 31172100000.0 264774000.0 0.0 36012600000.0 1482420000.0 0.0 0.0 122142000.0 14248100000.0 1928250000.0 23038700.0 295516.0 9252600000.0 1260770000.0 -1.8 [-1.8]
616595000000000.0 4207470000000000.0 109961000000.0 16958800000.0 3903180.0 29951700000.0 234601000.0 0.0 36000700000.0 1310430000.0 0.0 0.0 117926000.0 13813100000.0 1772720000.0 20527000.0 255510.0 9112800000.0 1219880000.0 -1.78 [-1.78]
616595000000000.0 4029120000000000.0 106387000000.0 15711800000.0 3374440.0 28759600000.0 207627000.0 0.0 35985300000.0 1156970000.0 0.0 0.0 113801000.0 13383200000.0 1627090000.0 18271600.0 220719.0 8968390000.0 1179700000.0 -1.76 [-1.76]
616595000000000.0 3860950000000000.0 102979000000.0 14572500000.0 2923200.0 27632800000.0 184018000.0 0.0 35967500000.0 1022860000.0 0.0 0.0 109897000.0 12972100000.0 1495360000.0 16289200.0 191127.0 8823990000.0 1141520000.0 -1.74 [-1.74]
616595000000000.0 3700580000000000.0 99693200000.0 13520000000.0 2534700.0 26555700000.0 163189000.0 0.0 35947100000.0 904738000.0 0.0 0.0 106159000.0 12574900000.0 1374760000.0 14532400.0 165722.0 8678560000.0 1104830000.0 -1.72 [-1.72]
616595000000000.0 3547620000000000.0 96527100000.0 12547500000.0 2199950.0 25526000000.0 144802000.0 0.0 35924300000.0 800662000.0 0.0 0.0 102581000.0 12191300000.0 1264330000.0 12974600.0 143887.0 8532450000.0 1069580000.0 -1.7 [-1.7]
616595000000000.0 3401720000000000.0 93476800000.0 11648800000.0 1911310.0 24541600000.0 128565000.0 0.0 35899000000.0 708929000.0 0.0 0.0 99155900.0 11821100000.0 1163230000.0 11592500.0 125100.0 8385980000.0 1035720000.0 -1.68 [-1.68]
616595000000000.0 3262530000000000.0 90538700000.0 10818200000.0 1662220.0 23600400000.0 114218000.0 0.0 35871600000.0 628041000.0 0.0 0.0 95877800.0 11464000000.0 1070640000.0 10365500.0 108918.0 8239460000.0 1003200000.0 -1.66 [-1.66]
616595000000000.0 3130500000000000.0 87726100000.0 10054800000.0 1447900.0 22705600000.0 101581000.0 0.0 35842200000.0 556933000.0 0.0 0.0 92758400.0 11121700000.0 986323000.0 9279540.0 95012.9 8094080000.0 972156000.0 -1.64 [-1.64]
616595000000000.0 3003000000000000.0 84985400000.0 9340660000.0 1261150.0 21839800000.0 90318700.0 0.0 35810300000.0 493708000.0 0.0 0.0 89736800.0 10787700000.0 908171000.0 8307000.0 82912.2 7947440000.0 941994000.0 -1.62 [-1.62]
616595000000000.0 2882770000000000.0 82378900000.0 8688110000.0 1100890.0 21021500000.0 80428000.0 0.0 35777000000.0 438300000.0 0.0 0.0 86879400.0 10469800000.0 837424000.0 7448500.0 72533.5 7803360000.0 913385000.0 -1.6 [-1.6]
616595000000000.0 2767290000000000.0 79854400000.0 8080810000.0 961503.0 20233800000.0 71634600.0 0.0 35741500000.0 389158000.0 0.0 0.0 84127100.0 10161700000.0 772169000.0 6681350.0 63511.1 7659430000.0 885751000.0 -1.58 [-1.58]
616595000000000.0 2657030000000000.0 77424800000.0 7518980000.0 840696.0 19480200000.0 63843800.0 0.0 35704300000.0 345727000.0 0.0 0.0 81492400.0 9865040000.0 712339000.0 5998110.0 55690.9 7516790000.0 859224000.0 -1.56 [-1.56]
616595000000000.0 2551750000000000.0 75086700000.0 6999080000.0 735890.0 18759000000.0 56937600.0 0.0 35665500000.0 307322000.0 0.0 0.0 78970100.0 9579430000.0 657484000.0 5389180.0 48904.5 7375580000.0 833762000.0 -1.54 [-1.54]
616595000000000.0 2451210000000000.0 72837100000.0 6517880000.0 644881.0 18068800000.0 50812000.0 0.0 35625000000.0 273346000.0 0.0 0.0 76555500.0 9304560000.0 607179000.0 4846100.0 43007.8 7236010000.0 809326000.0 -1.52 [-1.52]
616595000000000.0 2355160000000000.0 70672300000.0 6072310000.0 565767.0 17408000000.0 45374900.0 0.0 35583000000.0 243271000.0 0.0 0.0 74243200.0 9040040000.0 561003000.0 4361370.0 37876.3 7098270000.0 785869000.0 -1.5 [-1.5]
616595000000000.0 2263390000000000.0 68589600000.0 5659660000.0 496933.0 16775200000.0 40546500.0 0.0 35539500000.0 216636000.0 0.0 0.0 72029400.0 8785570000.0 518628000.0 3928430.0 33405.7 6962490000.0 763358000.0 -1.48 [-1.48]
