Cloudy_runs/pg1216/z=0.006328/logZ=-1/component_III_PI_nH/component_III_PI_nH_col_density_param.txt
# %ECSV 1.0
# ---
# datatype:
# - {name: H, datatype: float64}
# - {name: H+, datatype: float64}
# - {name: C+, datatype: float64}
# - {name: C+2, datatype: float64}
# - {name: C+3, datatype: float64}
# - {name: N+, datatype: float64}
# - {name: N+2, datatype: float64}
# - {name: N+4, datatype: float64}
# - {name: O, datatype: float64}
# - {name: O+2, datatype: float64}
# - {name: O+5, datatype: float64}
# - {name: O+6, datatype: float64}
# - {name: P+, datatype: float64}
# - {name: Si+, datatype: float64}
# - {name: Si+2, datatype: float64}
# - {name: Si+3, datatype: float64}
# - {name: Si+4, datatype: float64}
# - {name: Fe+, datatype: float64}
# - {name: Al+, datatype: float64}
# - {name: log_nH, datatype: float64}
# - {name: parameters, datatype: string, subtype: 'float64[1]'}
# schema: astropy-2.0
H H+ C+ C+2 C+3 N+ N+2 N+4 O O+2 O+5 O+6 P+ Si+ Si+2 Si+3 Si+4 Fe+ Al+ log_nH parameters
[from data line 56]
616595000000000.0 7.12647e+17 711386000000.0 12569000000000.0 3752170000000.0 89311900000.0 2796300000000.0 206365000000.0 377679000.0 13511600000000.0 214102000000.0 20077800000.0 1478710000.0 30527000000.0 603369000000.0 393996000000.0 978088000000.0 182215000.0 2432240000.0 -3.88 [-3.88]
616595000000000.0 6.76839e+17 714530000000.0 12142400000000.0 3470790000000.0 91550400000.0 2720900000000.0 181760000000.0 421929000.0 13363500000000.0 182399000000.0 16384500000.0 1514240000.0 31454100000.0 611679000000.0 388198000000.0 902855000000.0 203607000.0 2585080000.0 -3.86 [-3.86]
616595000000000.0 6.42911e+17 717102000000.0 11719800000000.0 3206980000000.0 93814100000.0 2644870000000.0 159923000000.0 470898000.0 13201000000000.0 155186000000.0 13352000000.0 1546720000.0 32325400000.0 618186000000.0 381396000000.0 830859000000.0 227137000.0 2741460000.0 -3.84 [-3.84]
616595000000000.0 6.10657e+17 719253000000.0 11301100000000.0 2958950000000.0 96117400000.0 2568190000000.0 140496000000.0 525193000.0 13023800000000.0 131778000000.0 10858200000.0 1576490000.0 33148100000.0 622920000000.0 373566000000.0 762116000000.0 253077000.0 2901840000.0 -3.82 [-3.82]
616595000000000.0 5.79999e+17 721018000000.0 10887300000000.0 2726130000000.0 98456900000.0 2491070000000.0 123242000000.0 585331000.0 12832300000000.0 111680000000.0 8811500000.0 1603530000.0 33921100000.0 625885000000.0 364782000000.0 696822000000.0 281635000.0 3065940000.0 -3.8 [-3.8]
616595000000000.0 5.5091e+17 722296000000.0 10479700000000.0 2508670000000.0 100829000000.0 2413820000000.0 107981000000.0 651726000.0 12627100000000.0 94493400000.0 7138210000.0 1627430000.0 34635600000.0 627042000000.0 355219000000.0 635230000000.0 312956000.0 3232560000.0 -3.78 [-3.78]
616594000000000.0 5.23283e+17 723162000000.0 10079000000000.0 2305550000000.0 103241000000.0 2336550000000.0 94485000000.0 725006000.0 12408600000000.0 79803600000.0 5771260000.0 1648350000.0 35294900000.0 626453000000.0 344935000000.0 577359000000.0 347295000.0 3401580000.0 -3.76 [-3.76]
616595000000000.0 4.97047e+17 723634000000.0 9685720000000.0 2116160000000.0 105695000000.0 2259450000000.0 82570300000.0 805778000.0 12177300000000.0 67271600000.0 4656850000.0 1666300000.0 35899600000.0 624175000000.0 334031000000.0 523247000000.0 384884000.0 3572480000.0 -3.74 [-3.74]
616595000000000.0 4.7213e+17 723732000000.0 9300470000000.0 1939830000000.0 108193000000.0 2182680000000.0 72066300000.0 894691000.0 11933900000000.0 56599100000.0 3750030000.0 1681310000.0 36450800000.0 620282000000.0 322607000000.0 472879000000.0 425970000.0 3744730000.0 -3.72 [-3.72]
616595000000000.0 4.48466e+17 723473000000.0 8923760000000.0 1775920000000.0 110736000000.0 2106400000000.0 62820100000.0 992432000.0 11678800000000.0 47527500000.0 3013650000.0 1693430000.0 36950400000.0 614861000000.0 310766000000.0 426204000000.0 470808000.0 3917760000.0 -3.7 [-3.7]
616595000000000.0 4.25994e+17 722877000000.0 8556020000000.0 1623780000000.0 113327000000.0 2030750000000.0 54693400000.0 1099730000.0 11413000000000.0 39831500000.0 2416910000.0 1702720000.0 37400700000.0 608013000000.0 298607000000.0 383137000000.0 519663000.0 4091010000.0 -3.68 [-3.68]
616595000000000.0 4.04651e+17 721956000000.0 8197560000000.0 1482780000000.0 115965000000.0 1955870000000.0 47560500000.0 1217340000.0 11137000000000.0 33314900000.0 1934310000.0 1709260000.0 37804600000.0 599843000000.0 286224000000.0 343558000000.0 572811000.0 4263870000.0 -3.66 [-3.66]
616595000000000.0 3.84383e+17 720726000000.0 7848670000000.0 1352300000000.0 118652000000.0 1881890000000.0 41309100000.0 1346080000.0 10851800000000.0 27808100000.0 1544840000.0 1713130000.0 38165100000.0 590466000000.0 273708000000.0 307328000000.0 630534000.0 4435750000.0 -3.64 [-3.64]
616595000000000.0 3.65135e+17 719203000000.0 7509560000000.0 1231730000000.0 121390000000.0 1808920000000.0 35837800000.0 1486790000.0 10558100000000.0 23163900000.0 1231210000.0 1714430000.0 38485700000.0 580002000000.0 261144000000.0 274288000000.0 693122000.0 4606030000.0 -3.62 [-3.62]
616595000000000.0 3.46856e+17 717397000000.0 7180380000000.0 1120470000000.0 124177000000.0 1737060000000.0 31055900000.0 1640340000.0 10256900000000.0 19255400000.0 979189000.0 1713250000.0 38770100000.0 568571000000.0 248610000000.0 244263000000.0 760865000.0 4774100000.0 -3.6 [-3.6]
616595000000000.0 3.29498e+17 715322000000.0 6861250000000.0 1017970000000.0 127015000000.0 1666420000000.0 26882300000.0 1807640000.0 9949120000000.0 15972800000.0 777115000.0 1709720000.0 39021800000.0 556293000000.0 236175000000.0 217069000000.0 834061000.0 4939360000.0 -3.58 [-3.58]
616595000000000.0 3.13015e+17 712987000000.0 6552190000000.0 923649000000.0 129902000000.0 1597070000000.0 23244200000.0 1989640000.0 9635630000000.0 13221700000.0 615441000.0 1703930000.0 39244600000.0 543286000000.0 223904000000.0 192520000000.0 913004000.0 5101200000.0 -3.56 [-3.56]
616595000000000.0 2.9736e+17 710398000000.0 6253210000000.0 836991000000.0 132837000000.0 1529090000000.0 20076900000.0 2187300000.0 9317390000000.0 10920900000.0 486369000.0 1695980000.0 39442000000.0 529659000000.0 211852000000.0 170423000000.0 997995000.0 5259000000.0 -3.54 [-3.54]
616595000000000.0 2.82491e+17 707561000000.0 5964230000000.0 757473000000.0 135819000000.0 1462530000000.0 17322700000.0 2401650000.0 8995300000000.0 9000780000.0 383544000.0 1686000000.0 39617500000.0 515518000000.0 200067000000.0 150590000000.0 1089330000.0 5412190000.0 -3.52 [-3.52]
616595000000000.0 2.68376e+17 704500000000.0 5685350000000.0 684633000000.0 138846000000.0 1397490000000.0 14931500000.0 2633620000.0 8670550000000.0 7402320000.0 301839000.0 1674130000.0 39774700000.0 500984000000.0 188589000000.0 132841000000.0 1187250000.0 5560290000.0 -3.5 [-3.5]
616595000000000.0 2.55005e+17 701221000000.0 5417060000000.0 618139000000.0 141915000000.0 1334140000000.0 12861500000.0 2883840000.0 8344880000000.0 6076740000.0 237157000.0 1660510000.0 39914900000.0 486189000000.0 177483000000.0 117023000000.0 1291820000.0 5702430000.0 -3.48 [-3.48]
616595000000000.0 2.42275e+17 697708000000.0 5157850000000.0 557251000000.0 145022000000.0 1272210000000.0 11064000000.0 3154130000.0 8017430000000.0 4975500000.0 185860000.0 1645170000.0 40044400000.0 471129000000.0 166716000000.0 102907000000.0 1403710000.0 5838700000.0 -3.46 [-3.46]
616595000000000.0 2.30187e+17 693977000000.0 4908290000000.0 501707000000.0 148162000000.0 1211900000000.0 9508560000.0 3445110000.0 7690070000000.0 4064730000.0 145359000.0 1628260000.0 40164100000.0 455932000000.0 156340000000.0 90363200000.0 1522930000.0 5968340000.0 -3.44 [-3.44]
616595000000000.0 2.18708e+17 690033000000.0 4668220000000.0 451110000000.0 151329000000.0 1153220000000.0 8163980000.0 3757780000.0 7363690000000.0 3313190000.0 113451000.0 1609900000.0 40276400000.0 440674000000.0 146371000000.0 79239900000.0 1649680000.0 6090910000.0 -3.42 [-3.42]
616595000000000.0 2.07778e+17 685860000000.0 4436810000000.0 404982000000.0 154514000000.0 1096050000000.0 7000490000.0 4093670000.0 7038260000000.0 2693280000.0 88321300.0 1590110000.0 40385000000.0 425368000000.0 136795000000.0 69376800000.0 1784420000.0 6206190000.0 -3.4 [-3.4]
616594000000000.0 1.97428e+17 681495000000.0 4215180000000.0 363187000000.0 157714000000.0 1040710000000.0 5999280000.0 4452550000.0 6716470000000.0 2185290000.0 68656100.0 1569140000.0 40488500000.0 410177000000.0 127672000000.0 60683000000.0 1926710000.0 6313400000.0 -3.38 [-3.38]
616595000000000.0 1.87601e+17 676928000000.0 4002490000000.0 325280000000.0 160917000000.0 987047000000.0 5136520000.0 4835840000.0 6398240000000.0 1769050000.0 53264600.0 1547040000.0 40589900000.0 395105000000.0 118977000000.0 53017100000.0 2076900000.0 6412470000.0 -3.36 [-3.36]
616595000000000.0 1.78267e+17 672152000000.0 3798470000000.0 290947000000.0 164114000000.0 935062000000.0 4393730000.0 5244310000.0 6084270000000.0 1428730000.0 41242100.0 1523870000.0 40690600000.0 380192000000.0 110711000000.0 46267900000.0 2235060000.0 6503030000.0 -3.34 [-3.34]
616595000000000.0 1.69405e+17 667183000000.0 3602970000000.0 259900000000.0 167293000000.0 884771000000.0 3754950000.0 5678610000.0 5775410000000.0 1151220000.0 31873000.0 1499790000.0 40791300000.0 365488000000.0 102868000000.0 40336300000.0 2401110000.0 6584980000.0 -3.32 [-3.32]
616595000000000.0 1.60989e+17 662007000000.0 3415730000000.0 231864000000.0 170441000000.0 836157000000.0 3206080000.0 6139330000.0 5472250000000.0 925428000.0 24585900.0 1474830000.0 40893000000.0 351017000000.0 95446400000.0 35129900000.0 2575050000.0 6657930000.0 -3.3 [-3.3]
616595000000000.0 1.53019e+17 656656000000.0 3237020000000.0 206640000000.0 173549000000.0 789339000000.0 2735860000.0 6626070000.0 5176230000000.0 742497000.0 18940000.0 1449190000.0 40994400000.0 336858000000.0 88452800000.0 30575200000.0 2756340000.0 6721800000.0 -3.28 [-3.28]
616595000000000.0 1.45429e+17 651089000000.0 3065580000000.0 183872000000.0 176594000000.0 744058000000.0 2331580000.0 7140730000.0 4886360000000.0 594036000.0 14556300.0 1422800000.0 41098600000.0 322944000000.0 81840500000.0 26579300000.0 2945540000.0 6776640000.0 -3.26 [-3.26]
616595000000000.0 1.38221e+17 645329000000.0 2901720000000.0 163402000000.0 179563000000.0 700432000000.0 1985160000.0 7682620000.0 4603970000000.0 474121000.0 11167500.0 1395820000.0 41204000000.0 309342000000.0 75618000000.0 23085600000.0 3142040000.0 6822280000.0 -3.24 [-3.24]
616595000000000.0 1.31376e+17 639377000000.0 2745200000000.0 145027000000.0 182439000000.0 658448000000.0 1688580000.0 8251640000.0 4329580000000.0 377504000.0 8552850.0 1368330000.0 41310300000.0 296068000000.0 69773100000.0 20034600000.0 3345510000.0 6858710000.0 -3.22 [-3.22]
616595000000000.0 1.24876e+17 633236000000.0 2595790000000.0 128555000000.0 185204000000.0 618091000000.0 1434890000.0 8847500000.0 4063600000000.0 299848000.0 6539440.0 1340400000.0 41417000000.0 283135000000.0 64292700000.0 17373000000.0 3555570000.0 6885930000.0 -3.2 [-3.2]
616595000000000.0 1.18704e+17 626909000000.0 2453260000000.0 113812000000.0 187838000000.0 579351000000.0 1218100000.0 9469640000.0 3806460000000.0 237593000.0 4992000.0 1312120000.0 41523100000.0 270554000000.0 59163000000.0 15053700000.0 3771740000.0 6904060000.0 -3.18 [-3.18]
616595000000000.0 1.12841e+17 620391000000.0 2317330000000.0 100632000000.0 190320000000.0 542198000000.0 1032970000.0 10117400000.0 3558400000000.0 187798000.0 3804590.0 1283520000.0 41628500000.0 258325000000.0 54369600000.0 13034000000.0 3993650000.0 6913050000.0 -3.16 [-3.16]
616595000000000.0 1.07274e+17 613690000000.0 2187810000000.0 88869200000.0 192630000000.0 506623000000.0 875035000.0 10789600000.0 3319760000000.0 148076000.0 2895220.0 1254700000.0 41731700000.0 246458000000.0 49897900000.0 11277300000.0 4220690000.0 6913130000.0 -3.14 [-3.14]
616595000000000.0 1.01986e+17 606809000000.0 2064480000000.0 78385500000.0 194749000000.0 472608000000.0 740433000.0 11485100000.0 3090770000000.0 116470000.0 2199990.0 1225720000.0 41831500000.0 234955000000.0 45733100000.0 9750500000.0 4452250000.0 6904470000.0 -3.12 [-3.12]
616595000000000.0 9.69499e+16 599730000000.0 1946760000000.0 69034200000.0 196646000000.0 440053000000.0 625589000.0 12203500000.0 2871080000000.0 91339700.0 1668420.0 1196540000.0 41927600000.0 223784000000.0 41850200000.0 8422160000.0 4688190000.0 6887180000.0 -3.1 [-3.1]
616595000000000.0 9.21951e+16 592526000000.0 1835460000000.0 60763000000.0 198328000000.0 409182000000.0 528335000.0 12939500000.0 2662440000000.0 71527900.0 1265090.0 1167500000.0 42015200000.0 213047000000.0 38265300000.0 7274520000.0 4926330000.0 6861800000.0 -3.08 [-3.08]
616595000000000.0 8.76648e+16 585128000000.0 1729310000000.0 53403000000.0 199749000000.0 379725000000.0 445482000.0 13694600000.0 2463270000000.0 55847000.0 957459.0 1138370000.0 42096500000.0 202637000000.0 34932600000.0 6277150000.0 5167520000.0 6828250000.0 -3.06 [-3.06]
616595000000000.0 8.33625e+16 577567000000.0 1628490000000.0 46880900000.0 200899000000.0 351748000000.0 375159000.0 14465300000.0 2274190000000.0 43498800.0 0.0 1109300000.0 42168500000.0 192589000000.0 31848900000.0 5413190000.0 5410490000.0 6786940000.0 -3.04 [-3.04]
616595000000000.0 7.92761e+16 569847000000.0 1532770000000.0 41108500000.0 201762000000.0 325224000000.0 315530000.0 15249100000.0 2095170000000.0 33798900.0 0.0 1080340000.0 42229700000.0 182898000000.0 28999600000.0 4665230000.0 5654550000.0 6738160000.0 -3.02 [-3.02]
616595000000000.0 7.53945e+16 561974000000.0 1441930000000.0 36006400000.0 202322000000.0 300127000000.0 265027000.0 16043400000.0 1926130000000.0 26198900.0 0.0 1051520000.0 42278600000.0 173558000000.0 26371000000.0 4018140000.0 5898990000.0 6682240000.0 -3.0 [-3.0]
616595000000000.0 7.17076e+16 553953000000.0 1355790000000.0 31503000000.0 202567000000.0 276432000000.0 222305000.0 16845400000.0 1766970000000.0 20259900.0 0.0 1022900000.0 42313300000.0 164566000000.0 23949900000.0 3458730000.0 6143050000.0 6619530000.0 -2.98 [-2.98]
616595000000000.0 6.82052e+16 545791000000.0 1274140000000.0 27532900000.0 202487000000.0 254106000000.0 186209000.0 17652300000.0 1617530000000.0 15630400.0 0.0 994508000.0 42332400000.0 155915000000.0 21723400000.0 2975400000.0 6386100000.0 6550360000.0 -2.96 [-2.96]
616595000000000.0 6.4869e+16 537471000000.0 1196590000000.0 24030400000.0 202061000000.0 233074000000.0 155697000.0 18462100000.0 1477320000000.0 12025200.0 0.0 966307000.0 42334400000.0 147576000000.0 19673800000.0 2557330000.0 6627870000.0 6474900000.0 -2.94 [-2.94]
616595000000000.0 6.17083e+16 529045000000.0 1123370000000.0 20957700000.0 201309000000.0 213395000000.0 130040000.0 19269600000.0 1346700000000.0 9235000.0 0.0 938482000.0 42317400000.0 139591000000.0 17799700000.0 2197330000.0 6866890000.0 6393920000.0 -2.92 [-2.92]
616595000000000.0 5.87054e+16 520499000000.0 1054100000000.0 18259200000.0 200218000000.0 194984000000.0 108452000.0 20072900000.0 1225110000000.0 7076520.0 0.0 910990000.0 42280100000.0 131928000000.0 16084000000.0 1886890000.0 7102960000.0 6307620000.0 -2.9 [-2.9]
616595000000000.0 5.58599e+16 511863000000.0 988776000000.0 15897000000.0 198804000000.0 177839000000.0 90345900.0 20867900000.0 1112460000000.0 5413470.0 0.0 883930000.0 42221400000.0 124601000000.0 14519600000.0 1619840000.0 7335190000.0 6216600000.0 -2.88 [-2.88]
616595000000000.0 5.31418e+16 503080000000.0 926706000000.0 13818500000.0 197033000000.0 161812000000.0 75096100.0 21655400000.0 1007740000000.0 4128670.0 0.0 857123000.0 42138500000.0 117545000000.0 13084600000.0 1388970000.0 7563940000.0 6120630000.0 -2.86 [-2.86]
616595000000000.0 5.05661e+16 494224000000.0 868244000000.0 12003900000.0 194952000000.0 146966000000.0 62349000.0 22429100000.0 911283000000.0 3143930.0 0.0 830800000.0 42031700000.0 110810000000.0 11780400000.0 1190650000.0 7787840000.0 6020730000.0 -2.84 [-2.84]
616595000000000.0 4.81253e+16 485307000000.0 813213000000.0 10421100000.0 192576000000.0 133247000000.0 51707600.0 23186500000.0 822674000000.0 2390620.0 0.0 804981000.0 41900100000.0 104389000000.0 10596600000.0 1020380000.0 8006450000.0 5917330000.0 -2.82 [-2.82]
616595000000000.0 4.57995e+16 476290000000.0 761153000000.0 9036030000.0 189890000000.0 120550000000.0 42803200.0 23927500000.0 741149000000.0 1813540.0 0.0 779553000.0 41741100000.0 98238000000.0 9518260000.0 873700000.0 8219880000.0 5810350000.0 -2.8 [-2.8]
616595000000000.0 4.35892e+16 467206000000.0 712070000000.0 7828100000.0 186924000000.0 108855000000.0 35379800.0 24649100000.0 666503000000.0 1373320.0 0.0 754598000.0 41554800000.0 92367700000.0 8539910000.0 747673000.0 8427560000.0 5700360000.0 -2.78 [-2.78]
