Cloudy_runs/pg0003/z=0.421923/logZ=-1/component_I_PI_nH/component_I_PI_nH_col_density_param.txt
# %ECSV 1.0
# ---
# datatype:
# - {name: H, datatype: float64}
# - {name: H+, datatype: float64}
# - {name: C+, datatype: float64}
# - {name: C+2, datatype: float64}
# - {name: C+3, datatype: float64}
# - {name: N+2, datatype: float64}
# - {name: N+4, datatype: float64}
# - {name: O, datatype: float64}
# - {name: O+2, datatype: float64}
# - {name: O+5, datatype: float64}
# - {name: O+6, datatype: float64}
# - {name: Si+, datatype: float64}
# - {name: Si+2, datatype: float64}
# - {name: Si+3, datatype: float64}
# - {name: Si+4, datatype: float64}
# - {name: log_nH, datatype: float64}
# - {name: log_Te, datatype: float64}
# - {name: parameters, datatype: string, subtype: 'float64[1]'}
# schema: astropy-2.0
H H+ C+ C+2 C+3 N+2 N+4 O O+2 O+5 O+6 Si+ Si+2 Si+3 Si+4 log_nH log_Te parameters
[from data line 72]
22908700000000.0 6.40879e+16 19092100000.0 746021000000.0 438853000000.0 146362000000.0 47985500000.0 1798220.0 553913000000.0 72239500000.0 11223400000.0 580124000.0 14314000000.0 14573700000.0 93090000000.0 -3.56 4.363 [-3.56]
22908700000000.0 6.08762e+16 19487800000.0 735077000000.0 415651000000.0 144968000000.0 43255900000.0 2019740.0 556757000000.0 62944100000.0 9388090000.0 620652000.0 15149000000.0 14969000000.0 90052200000.0 -3.54 4.36 [-3.54]
22908700000000.0 5.7827e+16 19867400000.0 723238000000.0 393042000000.0 143423000000.0 38934500000.0 2268320.0 559097000000.0 54774900000.0 7843170000.0 662351000.0 15991000000.0 15335900000.0 86870200000.0 -3.52 4.357 [-3.52]
22908700000000.0 5.49317e+16 20229600000.0 710565000000.0 371069000000.0 141734000000.0 34992900000.0 2547150.0 560922000000.0 47604500000.0 6544090000.0 705055000.0 16835000000.0 15671200000.0 83561500000.0 -3.5 4.354 [-3.5]
22908700000000.0 5.21822e+16 20573900000.0 697127000000.0 349774000000.0 139906000000.0 31403900000.0 2859760.0 562221000000.0 41318600000.0 5453030000.0 748575000.0 17675400000.0 15971500000.0 80144600000.0 -3.48 4.351 [-3.48]
22908700000000.0 4.9571e+16 20899700000.0 682997000000.0 329188000000.0 137947000000.0 28141700000.0 3210030.0 562987000000.0 35815700000.0 4537840000.0 792710000.0 18506400000.0 16233700000.0 76639600000.0 -3.46 4.347 [-3.46]
22908700000000.0 4.70911e+16 21206600000.0 668248000000.0 309341000000.0 135865000000.0 25181700000.0 3602300.0 563212000000.0 31004300000.0 3771110000.0 837241000.0 19321900000.0 16455000000.0 73066700000.0 -3.44 4.344 [-3.44]
22908700000000.0 4.47356e+16 21494300000.0 652955000000.0 290252000000.0 133667000000.0 22500300000.0 4041340.0 562888000000.0 26803000000.0 3129560000.0 881932000.0 20115400000.0 16632900000.0 69447000000.0 -3.42 4.341 [-3.42]
22908700000000.0 4.25011e+16 21762600000.0 637216000000.0 271959000000.0 131364000000.0 20078100000.0 4531910.0 562017000000.0 23143200000.0 2594020000.0 926482000.0 20880500000.0 16765600000.0 65806100000.0 -3.4 4.338 [-3.4]
22908700000000.0 4.0373e+16 22011600000.0 621030000000.0 254406000000.0 128954000000.0 17886000000.0 5081280.0 560572000000.0 19948400000.0 2146060000.0 970806000.0 21611300000.0 16850500000.0 62151900000.0 -3.38 4.334 [-3.38]
22908700000000.0 3.83542e+16 22241400000.0 604543000000.0 237664000000.0 126455000000.0 15912700000.0 5694350.0 558569000000.0 17173200000.0 1773190000.0 1014490000.0 22301100000.0 16887200000.0 58518700000.0 -3.36 4.331 [-3.36]
22908700000000.0 3.64362e+16 22451900000.0 587798000000.0 221710000000.0 123872000000.0 14136800000.0 6378600.0 555999000000.0 14762800000.0 1462860000.0 1057320000.0 22943900000.0 16874900000.0 54921900000.0 -3.34 4.328 [-3.34]
22908700000000.0 3.46168e+16 22643600000.0 570893000000.0 206561000000.0 121218000000.0 12543400000.0 7140830.0 552871000000.0 12674600000.0 1205260000.0 1099000000.0 23534300000.0 16813800000.0 51385900000.0 -3.32 4.324 [-3.32]
22908700000000.0 3.28859e+16 22817000000.0 553837000000.0 192166000000.0 118491000000.0 11112200000.0 7990990.0 549164000000.0 10863500000.0 991207000.0 1139430000.0 24067500000.0 16703400000.0 47919500000.0 -3.3 4.321 [-3.3]
22908700000000.0 3.1239e+16 22972500000.0 536688000000.0 178514000000.0 115700000000.0 9828830000.0 8938560.0 544876000000.0 9294980000.0 813623000.0 1178410000.0 24538700000.0 16544400000.0 44539600000.0 -3.28 4.318 [-3.28]
22908700000000.0 2.96794e+16 23110900000.0 519592000000.0 165649000000.0 112869000000.0 8684610000.0 9990220.0 540052000000.0 7944090000.0 667102000.0 1215540000.0 24944900000.0 16340400000.0 41274600000.0 -3.26 4.315 [-3.26]
22908700000000.0 2.81954e+16 23232400000.0 502513000000.0 153494000000.0 109988000000.0 7661680000.0 11160100.0 534655000000.0 6777360000.0 545893000.0 1250850000.0 25282500000.0 16091400000.0 38124400000.0 -3.24 4.311 [-3.24]
22908700000000.0 2.67856e+16 23337800000.0 485530000000.0 142047000000.0 107073000000.0 6749980000.0 12458700.0 528705000000.0 5772690000.0 445934000.0 1284140000.0 25549700000.0 15800600000.0 35104700000.0 -3.22 4.308 [-3.22]
22908700000000.0 2.54463e+16 23427800000.0 468688000000.0 131287000000.0 104130000000.0 5938700000.0 13899000.0 522213000000.0 4908920000.0 363637000.0 1315310000.0 25745300000.0 15470900000.0 32224600000.0 -3.2 4.305 [-3.2]
22908700000000.0 2.41741e+16 23503000000.0 452027000000.0 121189000000.0 101166000000.0 5217910000.0 15494500.0 515188000000.0 4167450000.0 295997000.0 1344270000.0 25868900000.0 15105600000.0 29491300000.0 -3.18 4.301 [-3.18]
22908700000000.0 2.29656e+16 23564300000.0 435588000000.0 111729000000.0 98191000000.0 4578530000.0 17260000.0 507646000000.0 3532010000.0 240502000.0 1371000000.0 25921200000.0 14708200000.0 26909900000.0 -3.16 4.298 [-3.16]
22908700000000.0 2.18155e+16 23612000000.0 419368000000.0 102865000000.0 95203900000.0 4011340000.0 19214200.0 499578000000.0 2987500000.0 194985000.0 1395540000.0 25902600000.0 14281500000.0 24479800000.0 -3.14 4.294 [-3.14]
22908700000000.0 2.0725e+16 23647100000.0 403460000000.0 94601300000.0 92223900000.0 3510590000.0 21369200.0 491045000000.0 2523160000.0 157836000.0 1417760000.0 25816700000.0 13831400000.0 22209400000.0 -3.12 4.291 [-3.12]
22908700000000.0 1.96892e+16 23670100000.0 387857000000.0 86895800000.0 89251600000.0 3068410000.0 23745600.0 482045000000.0 2127210000.0 127521000.0 1437790000.0 25665400000.0 13361100000.0 20094300000.0 -3.1 4.288 [-3.1]
22908700000000.0 1.87052e+16 23681500000.0 372581000000.0 79721200000.0 86292900000.0 2678530000.0 26363100.0 472601000000.0 1790160000.0 102830000.0 1455680000.0 25452100000.0 12874400000.0 18132400000.0 -3.08 4.284 [-3.08]
22908700000000.0 1.77705e+16 23682100000.0 357651000000.0 73050700000.0 83353700000.0 2335280000.0 29242500.0 462737000000.0 1503750000.0 82758300.0 1471540000.0 25180600000.0 12375200000.0 16320000000.0 -3.06 4.281 [-3.06]
22908700000000.0 1.68827e+16 23672200000.0 343081000000.0 66857700000.0 80439300000.0 2033520000.0 32406000.0 452478000000.0 1260810000.0 66472900.0 1485460000.0 24855000000.0 11867200000.0 14652500000.0 -3.04 4.277 [-3.04]
22908700000000.0 1.60394e+16 23652500000.0 328884000000.0 61116100000.0 77554900000.0 1768610000.0 35877100.0 441851000000.0 1055130000.0 53286000.0 1497590000.0 24479800000.0 11354100000.0 13124200000.0 -3.02 4.274 [-3.02]
22908700000000.0 1.52383e+16 23623500000.0 315070000000.0 55800400000.0 74705100000.0 1536380000.0 39680700.0 430887000000.0 881320000.0 42629500.0 1508040000.0 24059600000.0 10839100000.0 11728400000.0 -3.0 4.271 [-3.0]
22908700000000.0 1.44775e+16 23585600000.0 301647000000.0 50885800000.0 71894200000.0 1333100000.0 43843200.0 419616000000.0 734721000.0 34035500.0 1516970000.0 23599300000.0 10325400000.0 10458300000.0 -2.98 4.267 [-2.98]
22908700000000.0 1.37548e+16 23539300000.0 288618000000.0 46348000000.0 69126100000.0 1155380000.0 48392100.0 408070000000.0 611311000.0 27119000.0 1524530000.0 23103600000.0 9815820000.0 9306280000.0 -2.96 4.264 [-2.96]
22908700000000.0 1.30699e+16 23485200000.0 276017000000.0 42172200000.0 66410700000.0 1000520000.0 53348800.0 396315000000.0 507805000.0 21573200.0 1530810000.0 22579000000.0 9314000000.0 8266420000.0 -2.94 4.26 [-2.94]
22908700000000.0 1.24179e+16 23423000000.0 263786000000.0 38318900000.0 63738400000.0 865225000.0 58758100.0 384321000000.0 420841000.0 17119500.0 1536080000.0 22026600000.0 8819770000.0 7327410000.0 -2.92 4.257 [-2.92]
22908700000000.0 1.17972e+16 23353000000.0 251926000000.0 34768300000.0 61111900000.0 747200000.0 64653600.0 372120000000.0 347942000.0 13551500.0 1540470000.0 21450600000.0 8335130000.0 6481940000.0 -2.9 4.253 [-2.9]
22908700000000.0 1.12091e+16 23276100000.0 240491000000.0 31514400000.0 58546500000.0 644780000.0 71050800.0 359812000000.0 287190000.0 10709900.0 1544010000.0 20858900000.0 7864110000.0 5725460000.0 -2.88 4.25 [-2.88]
22908700000000.0 1.06517e+16 23192800000.0 229478000000.0 28536100000.0 56043900000.0 555991000.0 77981000.0 347434000000.0 236649000.0 8450740.0 1546850000.0 20255600000.0 7407970000.0 5050190000.0 -2.86 4.246 [-2.86]
22908700000000.0 1.01211e+16 23102300000.0 218828000000.0 25802200000.0 53593800000.0 478803000.0 85499600.0 334954000000.0 194530000.0 6651640.0 1549210000.0 19640600000.0 6965600000.0 4446730000.0 -2.84 4.243 [-2.84]
22908700000000.0 9617230000000000.0 23005400000.0 208564000000.0 23301600000.0 51204100000.0 411929000.0 93631700.0 322440000000.0 159578000.0 5225100.0 1551160000.0 19019400000.0 6539020000.0 3909720000.0 -2.82 4.24 [-2.82]
22908700000000.0 9137490000000000.0 22901700000.0 198655000000.0 21012600000.0 48869900000.0 353942000.0 102428000.0 309892000000.0 130583000.0 4094340.0 1552850000.0 18392800000.0 6127920000.0 3432000000.0 -2.8 4.236 [-2.8]
22908700000000.0 8684050000000000.0 22792500000.0 189166000000.0 18933400000.0 46609100000.0 304018000.0 111883000.0 297440000000.0 106714000.0 3204850.0 1554220000.0 17769400000.0 5735750000.0 3010130000.0 -2.78 4.233 [-2.78]
22908700000000.0 8252300000000000.0 22676700000.0 180018000000.0 17034800000.0 44405500000.0 260811000.0 122075000.0 285018000000.0 86989200.0 2502470.0 1555500000.0 17146100000.0 5359770000.0 2636210000.0 -2.76 4.229 [-2.76]
22908700000000.0 7841370000000000.0 22554600000.0 171209000000.0 15304200000.0 42260600000.0 223477000.0 133042000.0 272661000000.0 70734600.0 1949350.0 1556770000.0 16525500000.0 5000320000.0 2305530000.0 -2.74 4.226 [-2.74]
22908700000000.0 7452000000000000.0 22426800000.0 162770000000.0 13735400000.0 40184100000.0 191373000.0 144788000.0 260455000000.0 57415500.0 1516220.0 1557970000.0 15912700000.0 4659120000.0 2014540000.0 -2.72 4.223 [-2.72]
22908700000000.0 7082190000000000.0 22293000000.0 154672000000.0 12311900000.0 38171200000.0 163736000.0 157364000.0 248399000000.0 46504300.0 1177070.0 1559220000.0 15307700000.0 4335160000.0 1758420000.0 -2.7 4.219 [-2.7]
22908700000000.0 6730960000000000.0 22153200000.0 146906000000.0 11022200000.0 36221800000.0 139969000.0 170802000.0 236518000000.0 37585200.0 912050.0 1560550000.0 14712100000.0 4028190000.0 1533320000.0 -2.68 4.216 [-2.68]
22908700000000.0 6398200000000000.0 22008100000.0 139482000000.0 9857720000.0 34340100000.0 119587000.0 185111000.0 224866000000.0 30322900.0 705732.0 1561930000.0 14128800000.0 3738590000.0 1336100000.0 -2.66 4.213 [-2.66]
22908700000000.0 6080550000000000.0 21856000000.0 132334000000.0 8801020000.0 32512000000.0 102019000.0 200385000.0 213377000000.0 24390300.0 544544.0 1563540000.0 13553800000.0 3463920000.0 1162600000.0 -2.64 4.209 [-2.64]
22908700000000.0 5780370000000000.0 21699000000.0 125528000000.0 7851660000.0 30755000000.0 87014600.0 216557000.0 202188000000.0 19591200.0 419826.0 1565190000.0 12994500000.0 3206420000.0 1011260000.0 -2.62 4.206 [-2.62]
22908700000000.0 5494520000000000.0 21535700000.0 118998000000.0 6994300000.0 29055200000.0 74128900.0 233719000.0 191232000000.0 15694900.0 322937.0 1567010000.0 12446800000.0 2963620000.0 878670000.0 -2.6 4.203 [-2.6]
22908700000000.0 5223030000000000.0 21366600000.0 112756000000.0 6222910000.0 27416600000.0 63097400.0 251862000.0 180556000000.0 12545500.0 247978.0 1568960000.0 11913000000.0 2735660000.0 762858000.0 -2.58 4.199 [-2.58]
22908700000000.0 4965170000000000.0 21191600000.0 106791000000.0 5529800000.0 25838300000.0 53660900.0 270997000.0 170175000000.0 10005500.0 190094.0 1571010000.0 11393400000.0 2521980000.0 661805000.0 -2.56 4.196 [-2.56]
22908700000000.0 4720250000000000.0 21010900000.0 101095000000.0 4907910000.0 24319700000.0 45595700.0 291128000.0 160103000000.0 7961720.0 145479.0 1573140000.0 10888300000.0 2322010000.0 573718000.0 -2.54 4.193 [-2.54]
22908700000000.0 4487620000000000.0 20824400000.0 95657200000.0 4350690000.0 22859800000.0 38707900.0 312250000.0 150352000000.0 6320940.0 111154.0 1575320000.0 10398000000.0 2135180000.0 497001000.0 -2.52 4.19 [-2.52]
22908700000000.0 4266660000000000.0 20632100000.0 90469800000.0 3852090000.0 21457900000.0 32830600.0 334354000.0 140933000000.0 5006770.0 84793.7 1577530000.0 9922550000.0 1960880000.0 430247000.0 -2.5 4.186 [-2.5]
22908700000000.0 4056770000000000.0 20434200000.0 85523700000.0 3406580000.0 20113200000.0 27819500.0 357421000.0 131856000000.0 3956660.0 64585.1 1579710000.0 9462030000.0 1798530000.0 372211000.0 -2.48 4.183 [-2.48]
22908700000000.0 3857400000000000.0 20230500000.0 80810100000.0 3009040000.0 18824800000.0 23550600.0 381422000.0 123126000000.0 3119540.0 49119.6 1581820000.0 9016420000.0 1647530000.0 321794000.0 -2.46 4.18 [-2.46]
22908700000000.0 3667540000000000.0 20020700000.0 76309300000.0 2654080000.0 17589100000.0 19910400.0 406356000.0 114733000000.0 2452730.0 37284.8 1583850000.0 8584500000.0 1506970000.0 277954000.0 -2.44 4.177 [-2.44]
22908700000000.0 3487670000000000.0 19805900000.0 72036100000.0 2338920000.0 16411100000.0 16821100.0 432106000.0 106719000000.0 1924780.0 28276.9 1585660000.0 8168530000.0 1376960000.0 240004000.0 -2.42 4.174 [-2.42]
22908700000000.0 3316800000000000.0 19585600000.0 67970300000.0 2058840000.0 15286900000.0 14196100.0 458649000.0 99066400000.0 1506940.0 21417.1 1587250000.0 7767130000.0 1256580000.0 207110000.0 -2.4 4.171 [-2.4]
22908700000000.0 3154890000000000.0 19360600000.0 64113700000.0 1810740000.0 14218000000.0 11971600.0 485882000.0 91792800000.0 1177550.0 0.0 1588520000.0 7381160000.0 1145540000.0 178667000.0 -2.38 4.168 [-2.38]
22908700000000.0 3000660000000000.0 19129700000.0 60438200000.0 1590340000.0 13198700000.0 10080800.0 513809000.0 84865800000.0 917590.0 0.0 1589480000.0 7008260000.0 1042770000.0 153996000.0 -2.36 4.165 [-2.36]
22908700000000.0 2854130000000000.0 18893700000.0 56946500000.0 1395230000.0 12230500000.0 8478730.0 542306000.0 78300600000.0 713348.0 0.0 1590040000.0 6649300000.0 948032000.0 132655000.0 -2.34 4.162 [-2.34]
22908700000000.0 2714560000000000.0 18651900000.0 53622600000.0 1222400000.0 11310700000.0 7120150.0 571326000.0 72081300000.0 553022.0 0.0 1590160000.0 6303070000.0 860622000.0 114172000.0 -2.32 4.159 [-2.32]
22908700000000.0 2582300000000000.0 18405900000.0 50476700000.0 1070140000.0 10442300000.0 5973800.0 600688000.0 66230300000.0 427928.0 0.0 1589730000.0 5971230000.0 780482000.0 98236300.0 -2.3 4.156 [-2.3]
22908700000000.0 2456970000000000.0 18155900000.0 47500700000.0 936126000.0 9623930000.0 5007300.0 630286000.0 60739900000.0 330526.0 0.0 1588700000.0 5653420000.0 707100000.0 84501300.0 -2.28 4.153 [-2.28]
22908700000000.0 2337230000000000.0 17899900000.0 44664000000.0 817583000.0 8849280000.0 4188700.0 660145000.0 55568300000.0 254476.0 0.0 1587070000.0 5346710000.0 639518000.0 72602900.0 -2.26 4.15 [-2.26]
22908700000000.0 2223770000000000.0 17640200000.0 41983700000.0 713535000.0 8122530000.0 3500400.0 690024000.0 50742300000.0 195578.0 0.0 1584720000.0 5053440000.0 577831000.0 62362900.0 -2.24 4.147 [-2.24]
22908700000000.0 2116240000000000.0 17377100000.0 39452200000.0 622298000.0 7442190000.0 2922220.0 719813000.0 46250200000.0 150055.0 0.0 1581620000.0 4773260000.0 521595000.0 53553200.0 -2.22 4.145 [-2.22]
22908700000000.0 2013490000000000.0 17108500000.0 37042800000.0 541871000.0 6802570000.0 2434360.0 749532000.0 42053600000.0 114768.0 0.0 1577730000.0 4503450000.0 470026000.0 45934200.0 -2.2 4.142 [-2.2]
22908700000000.0 1916110000000000.0 16836900000.0 34769900000.0 471530000.0 6206750000.0 2025800.0 778941000.0 38169400000.0 87638.4 0.0 1573000000.0 4246130000.0 423162000.0 39389000.0 -2.18 4.139 [-2.18]
22908700000000.0 1823830000000000.0 16562600000.0 32626900000.0 410066000.0 5653080000.0 1684020.0 807939000.0 34583800000.0 66819.2 0.0 1567380000.0 4000920000.0 380628000.0 33768400.0 -2.16 4.136 [-2.16]
