Cloudy_runs/s135712/z=0.097869/logZ=1/component_II_PI_nH/component_II_PI_nH_col_density_param.txt
# %ECSV 1.0
# ---
# datatype:
# - {name: H, datatype: float64}
# - {name: H+, datatype: float64}
# - {name: C+, datatype: float64}
# - {name: C+2, datatype: float64}
# - {name: C+3, datatype: float64}
# - {name: N+, datatype: float64}
# - {name: N+2, datatype: float64}
# - {name: N+4, datatype: float64}
# - {name: O, datatype: float64}
# - {name: O+2, datatype: float64}
# - {name: O+5, datatype: float64}
# - {name: O+6, datatype: float64}
# - {name: P+, datatype: float64}
# - {name: Si+, datatype: float64}
# - {name: Si+2, datatype: float64}
# - {name: Si+3, datatype: float64}
# - {name: Si+4, datatype: float64}
# - {name: log_nH, datatype: float64}
# - {name: parameters, datatype: string, subtype: 'float64[1]'}
# schema: astropy-2.0
H H+ C+ C+2 C+3 N+ N+2 N+4 O O+2 O+5 O+6 P+ Si+ Si+2 Si+3 Si+4 log_nH parameters
[from data line 58]
3.01993e+16 5.25874e+18 1257120000000000.0 1.11381e+16 1649360000000000.0 319421000000000.0 2430470000000000.0 68020700000000.0 10900400000000.0 1.72736e+16 8641190000000.0 138568000000.0 3131080000000.0 501539000000000.0 326143000000000.0 661599000000000.0 214527000000000.0 -3.84 [-3.84]
3.01993e+16 4.96849e+18 1243950000000000.0 1.05508e+16 1492460000000000.0 325285000000000.0 2308590000000000.0 58868300000000.0 11969100000000.0 1.64031e+16 7079790000000.0 108547000000.0 3116120000000.0 507525000000000.0 307167000000000.0 610864000000000.0 186061000000000.0 -3.82 [-3.82]
3.01993e+16 4.69591e+18 1231050000000000.0 9994000000000000.0 1349280000000000.0 330964000000000.0 2191290000000000.0 50927800000000.0 13119700000000.0 1.55595e+16 5795250000000.0 84985700000.0 3096950000000.0 512035000000000.0 288576000000000.0 563105000000000.0 161089000000000.0 -3.8 [-3.8]
3.01993e+16 4.44026e+18 1218580000000000.0 9467040000000000.0 1218790000000000.0 336448000000000.0 2078710000000000.0 44049400000000.0 14354600000000.0 1.47447e+16 4740840000000.0 66528700000.0 3074170000000.0 515082000000000.0 270506000000000.0 518343000000000.0 139266000000000.0 -3.78 [-3.78]
3.01994e+16 4.19973e+18 1206250000000000.0 8966790000000000.0 1099840000000000.0 341710000000000.0 1970430000000000.0 38079900000000.0 15678300000000.0 1.39572e+16 3873750000000.0 52038600000.0 3047620000000.0 516701000000000.0 252962000000000.0 476405000000000.0 120190000000000.0 -3.76 [-3.76]
3.01994e+16 3.97398e+18 1194290000000000.0 8493160000000000.0 991630000000000.0 346756000000000.0 1866640000000000.0 32911600000000.0 17093000000000.0 1.3199e+16 3163060000000.0 40696600000.0 3018030000000.0 516938000000000.0 236075000000000.0 437307000000000.0 103593000000000.0 -3.74 [-3.74]
3.01994e+16 3.76183e+18 1182610000000000.0 8044330000000000.0 893245000000000.0 351571000000000.0 1767170000000000.0 28435000000000.0 18601700000000.0 1.24697e+16 2580520000000.0 31814400000.0 2985560000000.0 515860000000000.0 219880000000000.0 400925000000000.0 89161500000000.0 -3.72 [-3.72]
3.01994e+16 3.56278e+18 1171310000000000.0 7619700000000000.0 803943000000000.0 356142000000000.0 1672080000000000.0 24564000000000.0 20204600000000.0 1.17706e+16 2104190000000.0 24872300000.0 2950790000000.0 513540000000000.0 204451000000000.0 367202000000000.0 76660800000000.0 -3.7 [-3.7]
3.01994e+16 3.37588e+18 1160340000000000.0 7217760000000000.0 722959000000000.0 360459000000000.0 1581200000000000.0 21216200000000.0 21903800000000.0 1.11012e+16 1714780000000.0 19444700000.0 2913880000000.0 510061000000000.0 189800000000000.0 336000000000000.0 65853500000000.0 -3.68 [-3.68]
3.01995e+16 3.20032e+18 1149670000000000.0 6837240000000000.0 649594000000000.0 364518000000000.0 1494390000000000.0 18321300000000.0 23701400000000.0 1.04611e+16 1396620000000.0 15201900000.0 2875090000000.0 505519000000000.0 175941000000000.0 307189000000000.0 56518500000000.0 -3.66 [-3.66]
3.01995e+16 3.0354e+18 1139300000000000.0 6477070000000000.0 583209000000000.0 368309000000000.0 1411560000000000.0 15818900000000.0 25598000000000.0 9850240000000000.0 1136900000000.0 11886100000.0 2834660000000.0 500010000000000.0 162879000000000.0 280643000000000.0 48471200000000.0 -3.64 [-3.64]
3.01995e+16 2.88033e+18 1129160000000000.0 6135910000000000.0 523187000000000.0 371828000000000.0 1332510000000000.0 13655100000000.0 27595900000000.0 9267480000000000.0 924895000000.0 9293460000.0 2792730000000.0 493628000000000.0 150597000000000.0 256208000000000.0 41538700000000.0 -3.62 [-3.62]
3.01997e+16 2.73465e+18 1119300000000000.0 5813120000000000.0 469004000000000.0 375060000000000.0 1257210000000000.0 11786300000000.0 29692500000000.0 8713210000000000.0 752138000000.0 7268620000.0 2749660000000.0 486479000000000.0 139101000000000.0 233782000000000.0 35580800000000.0 -3.6 [-3.6]
3.01996e+16 2.59764e+18 1109640000000000.0 5507470000000000.0 420127000000000.0 378000000000000.0 1185480000000000.0 10171500000000.0 31888700000000.0 8186230000000000.0 611359000000.0 5686220000.0 2705520000000.0 478652000000000.0 128358000000000.0 213214000000000.0 30462300000000.0 -3.58 [-3.58]
3.01996e+16 2.46876e+18 1100190000000000.0 5218070000000000.0 376084000000000.0 380644000000000.0 1117180000000000.0 8776670000000.0 34183900000000.0 7685940000000000.0 496711000000.0 4449570000.0 2660510000000.0 470243000000000.0 118345000000000.0 194376000000000.0 26070800000000.0 -3.56 [-3.56]
3.01996e+16 2.34742e+18 1090880000000000.0 4943920000000000.0 336429000000000.0 382986000000000.0 1052170000000000.0 7571540000000.0 36578000000000.0 7211310000000000.0 403360000000.0 3482700000.0 2614710000000.0 461338000000000.0 109028000000000.0 177137000000000.0 22304400000000.0 -3.54 [-3.54]
3.01996e+16 2.23313e+18 1081690000000000.0 4684190000000000.0 300755000000000.0 385021000000000.0 990313000000000.0 6530400000000.0 39069800000000.0 6761480000000000.0 327386000000.0 2726610000.0 2568280000000.0 452020000000000.0 100374000000000.0 161375000000000.0 19076200000000.0 -3.52 [-3.52]
3.01995e+16 2.12545e+18 1072610000000000.0 4438130000000000.0 268696000000000.0 386746000000000.0 931492000000000.0 5631230000000.0 41657200000000.0 6335690000000000.0 265598000000.0 2135360000.0 2521340000000.0 442369000000000.0 92350500000000.0 146978000000000.0 16311600000000.0 -3.5 [-3.5]
3.01995e+16 2.0239e+18 1063590000000000.0 4204910000000000.0 239904000000000.0 388153000000000.0 875563000000000.0 4854530000000.0 44338700000000.0 5932850000000000.0 215355000000.0 1672790000.0 2473970000000.0 432451000000000.0 84919800000000.0 133833000000000.0 13944200000000.0 -3.48 [-3.48]
3.01995e+16 1.92811e+18 1054620000000000.0 3983870000000000.0 214072000000000.0 389241000000000.0 822421000000000.0 4183860000000.0 47111600000000.0 5552180000000000.0 174528000000.0 0.0 2426290000000.0 422335000000000.0 78048500000000.0 121843000000000.0 11918200000000.0 -3.46 [-3.46]
3.01995e+16 1.83765e+18 1045660000000000.0 3774240000000000.0 190904000000000.0 390002000000000.0 771922000000000.0 3604530000000.0 49974000000000.0 5192530000000000.0 141353000000.0 0.0 2378340000000.0 412073000000000.0 71697300000000.0 110904000000000.0 10184200000000.0 -3.44 [-3.44]
3.01995e+16 1.75217e+18 1036690000000000.0 3575420000000000.0 170143000000000.0 390435000000000.0 723963000000000.0 3104270000000.0 52922600000000.0 4853050000000000.0 114413000000.0 0.0 2330240000000.0 401719000000000.0 65833700000000.0 100930000000000.0 8701940000000.0 -3.42 [-3.42]
3.01995e+16 1.67136e+18 1027700000000000.0 3386820000000000.0 151553000000000.0 390538000000000.0 678438000000000.0 2672350000000.0 55954100000000.0 4532820000000000.0 92548200000.0 0.0 2282030000000.0 391318000000000.0 60424100000000.0 91839200000000.0 7436150000000.0 -3.4 [-3.4]
3.01994e+16 1.59489e+18 1018630000000000.0 3207840000000000.0 134921000000000.0 390304000000000.0 635229000000000.0 2299410000000.0 59065000000000.0 4230860000000000.0 74804600000.0 0.0 2233770000000.0 380911000000000.0 55433200000000.0 83552200000000.0 6355210000000.0 -3.38 [-3.38]
3.01995e+16 1.52261e+18 1009560000000000.0 3038200000000000.0 120057000000000.0 389750000000000.0 594304000000000.0 1977820000000.0 62249400000000.0 3946740000000000.0 60432000000.0 0.0 2185700000000.0 370554000000000.0 50841500000000.0 76010500000000.0 5433160000000.0 -3.36 [-3.36]
3.01995e+16 1.45405e+18 1000350000000000.0 2877050000000000.0 106766000000000.0 388850000000000.0 555477000000000.0 1700130000000.0 65506100000000.0 3678950000000000.0 48775700000.0 0.0 2137620000000.0 360247000000000.0 46607500000000.0 69134100000000.0 4645070000000.0 -3.34 [-3.34]
3.01995e+16 1.38893e+18 990947000000000.0 2723800000000000.0 94882200000000.0 387598000000000.0 518624000000000.0 1460240000000.0 68833800000000.0 3426400000000000.0 39321000000.0 0.0 2089500000000.0 350008000000000.0 42700100000000.0 62859500000000.0 3970940000000.0 -3.32 [-3.32]
3.01995e+16 1.32735e+18 981568000000000.0 2578680000000000.0 84287600000000.0 386028000000000.0 483844000000000.0 1253870000000.0 72214700000000.0 3189680000000000.0 31690400000.0 0.0 2041890000000.0 339913000000000.0 39119000000000.0 57160800000000.0 3396670000000.0 -3.3 [-3.3]
3.01995e+16 1.26876e+18 971956000000000.0 2440620000000000.0 74824600000000.0 384106000000000.0 450870000000000.0 1075680000000.0 75656800000000.0 2966620000000000.0 25507300000.0 0.0 1994320000000.0 329927000000000.0 35815500000000.0 51960600000000.0 2905200000000.0 -3.28 [-3.28]
3.01995e+16 1.21307e+18 962172000000000.0 2309440000000000.0 66383500000000.0 381842000000000.0 419683000000000.0 922095000000.0 79150900000000.0 2756930000000000.0 20508800000.0 0.0 1947010000000.0 320083000000000.0 32775500000000.0 47222500000000.0 2485170000000.0 -3.26 [-3.26]
3.01995e+16 1.1601e+18 952201000000000.0 2184760000000000.0 58857100000000.0 379236000000000.0 390207000000000.0 789768000000.0 82691500000000.0 2559890000000000.0 16471100000.0 0.0 1899970000000.0 310391000000000.0 29978700000000.0 42905600000000.0 2126110000000.0 -3.24 [-3.24]
3.01995e+16 1.10967e+18 942029000000000.0 2066260000000000.0 52150800000000.0 376291000000000.0 362372000000000.0 675825000000.0 86272600000000.0 2374850000000000.0 13212600000.0 0.0 1853250000000.0 300864000000000.0 27406100000000.0 38972400000000.0 1819150000000.0 -3.22 [-3.22]
3.01995e+16 1.06163e+18 931638000000000.0 1953620000000000.0 46178500000000.0 373010000000000.0 336112000000000.0 577770000000.0 89888600000000.0 2201170000000000.0 10585200000.0 0.0 1806880000000.0 291510000000000.0 25040300000000.0 35389000000000.0 1556690000000.0 -3.2 [-3.2]
3.01995e+16 1.01583e+18 921021000000000.0 1846540000000000.0 40862800000000.0 369397000000000.0 311361000000000.0 493444000000.0 93533300000000.0 2038250000000000.0 8469030000.0 0.0 1760880000000.0 282335000000000.0 22865200000000.0 32124300000000.0 1332240000000.0 -3.18 [-3.18]
3.01995e+16 9.72129e+17 910161000000000.0 1744730000000000.0 36133400000000.0 365455000000000.0 288052000000000.0 420961000000.0 97201300000000.0 1885460000000000.0 6766070000.0 0.0 1715280000000.0 273341000000000.0 20865500000000.0 29149600000000.0 1140230000000.0 -3.16 [-3.16]
3.01995e+16 9.30418e+17 899053000000000.0 1647950000000000.0 31929400000000.0 361192000000000.0 266133000000000.0 358732000000.0 100885000000000.0 1742340000000000.0 5397690000.0 0.0 1670110000000.0 264536000000000.0 19028300000000.0 26440200000000.0 976005000000.0 -3.14 [-3.14]
3.01995e+16 8.90569e+17 887683000000000.0 1555950000000000.0 28194000000000.0 356614000000000.0 245542000000000.0 305339000000.0 104580000000000.0 1608320000000000.0 4299300000.0 0.0 1625390000000.0 255920000000000.0 17340500000000.0 23972100000000.0 835496000000.0 -3.12 [-3.12]
3.01995e+16 8.52473e+17 876047000000000.0 1468480000000000.0 24876800000000.0 351729000000000.0 226222000000000.0 259571000000.0 108278000000000.0 1482920000000000.0 3418810000.0 0.0 1581140000000.0 247494000000000.0 15790500000000.0 21724300000000.0 715266000000.0 -3.1 [-3.1]
3.01995e+16 8.16031e+17 864136000000000.0 1385340000000000.0 21933100000000.0 346547000000000.0 208118000000000.0 220379000000.0 111974000000000.0 1365680000000000.0 2713980000.0 0.0 1537380000000.0 239257000000000.0 14367600000000.0 19677300000000.0 612375000000.0 -3.08 [-3.08]
3.01995e+16 7.81149e+17 851947000000000.0 1306330000000000.0 19322400000000.0 341079000000000.0 191180000000000.0 186854000000.0 115661000000000.0 1256160000000000.0 2150630000.0 0.0 1494130000000.0 231211000000000.0 13062100000000.0 17813700000000.0 524318000000.0 -3.06 [-3.06]
3.01995e+16 7.47799e+17 839533000000000.0 1231340000000000.0 17010500000000.0 335354000000000.0 175375000000000.0 158240000000.0 119329000000000.0 1154110000000000.0 1701560000.0 0.0 1451520000000.0 223368000000000.0 11867000000000.0 16119600000000.0 449035000000.0 -3.04 [-3.04]
3.01995e+16 7.15787e+17 826787000000000.0 1160010000000000.0 14961200000000.0 329353000000000.0 160611000000000.0 133791000000.0 122980000000000.0 1058810000000000.0 1343300000.0 0.0 1409350000000.0 215700000000000.0 10769600000000.0 14575900000000.0 384513000000.0 -3.02 [-3.02]
3.01995e+16 6.851e+17 813765000000000.0 1092260000000000.0 13147600000000.0 323108000000000.0 146862000000000.0 112955000000.0 126603000000000.0 970048000000000.0 1058380000.0 0.0 1367760000000.0 208220000000000.0 9764670000000.0 13171800000000.0 329284000000.0 -3.0 [-3.0]
3.01995e+16 6.55671e+17 800475000000000.0 1027950000000000.0 11544000000000.0 316635000000000.0 134080000000000.0 95222900000.0 130193000000000.0 887490000000000.0 832232000.0 0.0 1326770000000.0 200927000000000.0 8845040000000.0 11895200000000.0 282013000000.0 -2.98 [-2.98]
3.01995e+16 6.27439e+17 786926000000000.0 966916000000000.0 10127100000000.0 309953000000000.0 122217000000000.0 80153200000.0 133742000000000.0 810793000000000.0 653062000.0 0.0 1286390000000.0 193820000000000.0 8004190000000.0 10735100000000.0 241551000000.0 -2.96 [-2.96]
3.01995e+16 6.0035e+17 773129000000000.0 909027000000000.0 8876340000000.0 303082000000000.0 111229000000000.0 67366400000.0 137246000000000.0 739644000000000.0 0.0 0.0 1246660000000.0 186897000000000.0 7236130000000.0 9681500000000.0 206920000000.0 -2.94 [-2.94]
3.01995e+16 5.74352e+17 759102000000000.0 854150000000000.0 7773190000000.0 296042000000000.0 101071000000000.0 56533700000.0 140698000000000.0 673740000000000.0 0.0 0.0 1207590000000.0 180158000000000.0 6535270000000.0 8725240000000.0 177282000000.0 -2.92 [-2.92]
3.01995e+16 5.49398e+17 744861000000000.0 802154000000000.0 6801110000000.0 288855000000000.0 91697700000000.0 47371000000.0 144092000000000.0 612787000000000.0 0.0 0.0 1169220000000.0 173603000000000.0 5896400000000.0 7857870000000.0 151917000000.0 -2.9 [-2.9]
3.01995e+16 5.25445e+17 730428000000000.0 752923000000000.0 5945370000000.0 281543000000000.0 83066200000000.0 39634000000.0 147424000000000.0 556508000000000.0 0.0 0.0 1131560000000.0 167230000000000.0 5314740000000.0 7071730000000.0 130210000000.0 -2.88 [-2.88]
3.01995e+16 5.02379e+17 715756000000000.0 706206000000000.0 5191220000000.0 274100000000000.0 75114500000000.0 33097400000.0 150694000000000.0 504488000000000.0 0.0 0.0 1094500000000.0 161017000000000.0 4784270000000.0 6357970000000.0 111595000000.0 -2.86 [-2.86]
3.01995e+16 4.80317e+17 701012000000000.0 662165000000000.0 4530180000000.0 266611000000000.0 67841800000000.0 27611100000.0 153885000000000.0 456773000000000.0 0.0 0.0 1058350000000.0 155008000000000.0 4304010000000.0 5713900000000.0 95706800000.0 -2.84 [-2.84]
3.01995e+16 4.59148e+17 686153000000000.0 620554000000000.0 3950030000000.0 259069000000000.0 61185900000000.0 23002300000.0 156998000000000.0 412955000000000.0 0.0 0.0 1022980000000.0 149179000000000.0 3868400000000.0 5131610000000.0 82111600000.0 -2.82 [-2.82]
3.01995e+16 4.3884e+17 671208000000000.0 581270000000000.0 3441380000000.0 251498000000000.0 55107200000000.0 19137200000.0 160029000000000.0 372791000000000.0 0.0 0.0 988429000000.0 143529000000000.0 3473790000000.0 4605660000000.0 70478100000.0 -2.8 [-2.8]
3.01996e+16 4.19364e+17 656207000000000.0 544211000000000.0 2995880000000.0 243921000000000.0 49566700000000.0 15901200000.0 162974000000000.0 336047000000000.0 0.0 0.0 954703000000.0 138058000000000.0 3116810000000.0 4131010000000.0 60522800000.0 -2.78 [-2.78]
3.01995e+16 4.00691e+17 641179000000000.0 509280000000000.0 2606090000000.0 236361000000000.0 44527000000000.0 13196500000.0 165830000000000.0 302496000000000.0 0.0 0.0 921824000000.0 132765000000000.0 2794270000000.0 3703060000000.0 52002500000.0 -2.76 [-2.76]
3.01996e+16 3.82795e+17 626155000000000.0 476384000000000.0 2265430000000.0 228840000000000.0 39952100000000.0 10939500000.0 168593000000000.0 271923000000000.0 0.0 0.0 889810000000.0 127649000000000.0 2503260000000.0 3317590000000.0 44709600000.0 -2.74 [-2.74]
