Cloudy_runs/s135712/z=0.097869/logZ=1/component_II_PI_nH/component_II_PI_nH_col_density_param.txt
# %ECSV 1.0
# ---
# datatype:
# - {name: H, datatype: float64}
# - {name: H+, datatype: float64}
# - {name: C+, datatype: float64}
# - {name: C+2, datatype: float64}
# - {name: C+3, datatype: float64}
# - {name: N+, datatype: float64}
# - {name: N+2, datatype: float64}
# - {name: N+4, datatype: float64}
# - {name: O, datatype: float64}
# - {name: O+2, datatype: float64}
# - {name: O+5, datatype: float64}
# - {name: O+6, datatype: float64}
# - {name: P+, datatype: float64}
# - {name: Si+, datatype: float64}
# - {name: Si+2, datatype: float64}
# - {name: Si+3, datatype: float64}
# - {name: Si+4, datatype: float64}
# - {name: log_nH, datatype: float64}
# - {name: parameters, datatype: string, subtype: 'float64[1]'}
# schema: astropy-2.0
H H+ C+ C+2 C+3 N+ N+2 N+4 O O+2 O+5 O+6 P+ Si+ Si+2 Si+3 Si+4 log_nH parameters
[from data line 254]
3.01995e+16 2574180000000000.0 26193300000000.0 120610000000.0 0.0 1438330000000.0 56229800.0 0.0 157595000000000.0 110555000.0 0.0 0.0 80017100000.0 8104200000000.0 35673400.0 47645500.0 0.0 0.08 [0.08]
3.01995e+16 2508050000000000.0 25584600000000.0 114175000000.0 0.0 1393230000000.0 52037300.0 0.0 157383000000000.0 101796000.0 0.0 0.0 79831100000.0 8046120000000.0 33819500.0 45124700.0 0.0 0.1 [0.1]
3.01995e+16 2443680000000000.0 24985900000000.0 108061000000.0 0.0 1349510000000.0 48160100.0 0.0 157175000000000.0 93751100.0 0.0 0.0 79649400000.0 7988120000000.0 32062800.0 42737700.0 0.0 0.12 [0.12]
3.01995e+16 2381140000000000.0 24398300000000.0 102262000000.0 0.0 1307210000000.0 44576300.0 0.0 156971000000000.0 86368900.0 0.0 0.0 79472600000.0 7930350000000.0 30398700.0 40478100.0 0.0 0.14 [0.14]
3.01995e+16 2320160000000000.0 23819400000000.0 96746700000.0 0.0 1266160000000.0 41259900.0 0.0 156772000000000.0 79575000.0 0.0 0.0 79299200000.0 7872520000000.0 28821000.0 38337500.0 0.0 0.16 [0.16]
3.01995e+16 2260850000000000.0 23250700000000.0 91513100000.0 0.0 1226400000000.0 38193300.0 0.0 156576000000000.0 73332700.0 0.0 0.0 79130000000.0 7814790000000.0 27326000.0 36310600.0 0.0 0.18 [0.18]
3.01995e+16 2203160000000000.0 22692100000000.0 86547200000.0 0.0 1187880000000.0 35357200.0 0.0 156385000000000.0 67595800.0 0.0 0.0 78964900000.0 7757150000000.0 25909200.0 34391100.0 0.0 0.2 [0.2]
3.01995e+16 2146980000000000.0 22143000000000.0 81832700000.0 0.0 1150540000000.0 32733400.0 0.0 156198000000000.0 62319400.0 0.0 0.0 78803500000.0 7699490000000.0 24566100.0 32572800.0 0.0 0.22 [0.22]
3.01995e+16 2092280000000000.0 21603300000000.0 77357400000.0 0.0 1114350000000.0 30305800.0 0.0 156015000000000.0 57465600.0 0.0 0.0 78645500000.0 7641800000000.0 23292700.0 30850200.0 0.0 0.24 [0.24]
3.01995e+16 2039060000000000.0 21073500000000.0 73113400000.0 0.0 1079290000000.0 28060100.0 0.0 155836000000000.0 53002700.0 0.0 0.0 78491300000.0 7584130000000.0 22085500.0 29218600.0 0.0 0.26 [0.26]
3.01995e+16 1987210000000000.0 20552800000000.0 69085700000.0 0.0 1045290000000.0 25982100.0 0.0 155661000000000.0 48895000.0 0.0 0.0 78340300000.0 7526380000000.0 20941000.0 27672700.0 0.0 0.28 [0.28]
3.01995e+16 1936700000000000.0 20041200000000.0 65264500000.0 0.0 1012330000000.0 24058900.0 0.0 155489000000000.0 45113900.0 0.0 0.0 78192500000.0 7468530000000.0 19855600.0 26207900.0 0.0 0.3 [0.3]
3.01995e+16 1887550000000000.0 19538900000000.0 61641200000.0 0.0 980382000000.0 22279500.0 0.0 155322000000000.0 41633600.0 0.0 0.0 78048100000.0 7410640000000.0 18826500.0 24820100.0 0.0 0.32 [0.32]
3.01995e+16 1839670000000000.0 19045400000000.0 58204400000.0 0.0 949405000000.0 20632500.0 0.0 155157000000000.0 38428000.0 0.0 0.0 77906500000.0 7352620000000.0 17850600.0 23505000.0 0.0 0.34 [0.34]
3.01995e+16 1793080000000000.0 18561200000000.0 54948500000.0 0.0 919399000000.0 19108700.0 0.0 154997000000000.0 35477500.0 0.0 0.0 77768300000.0 7294570000000.0 16925200.0 22259200.0 0.0 0.36 [0.36]
3.01995e+16 1747650000000000.0 18085600000000.0 51860200000.0 0.0 890287000000.0 17697900.0 0.0 154839000000000.0 32758200.0 0.0 0.0 77632600000.0 7236300000000.0 16047500.0 21078500.0 0.0 0.38 [0.38]
3.01995e+16 1703410000000000.0 17618700000000.0 48933700000.0 0.0 862069000000.0 16392100.0 0.0 154686000000000.0 30253000.0 0.0 0.0 77499800000.0 7177910000000.0 15215000.0 19959600.0 0.0 0.4 [0.4]
3.01995e+16 1660300000000000.0 17160400000000.0 46160200000.0 0.0 834705000000.0 15183300.0 0.0 154535000000000.0 27944000.0 0.0 0.0 77369600000.0 7119340000000.0 14425500.0 18899200.0 0.0 0.42 [0.42]
3.01995e+16 1618300000000000.0 16710700000000.0 43532800000.0 0.0 808175000000.0 14064300.0 0.0 154388000000000.0 25815700.0 0.0 0.0 77241900000.0 7060600000000.0 13676600.0 17894300.0 0.0 0.44 [0.44]
3.01995e+16 1577380000000000.0 16269400000000.0 41044200000.0 0.0 782452000000.0 13028300.0 0.0 154244000000000.0 23853400.0 0.0 0.0 77116800000.0 7001670000000.0 12966200.0 16942000.0 0.0 0.46 [0.46]
3.01995e+16 1537500000000000.0 15836300000000.0 38687100000.0 0.0 757508000000.0 12069200.0 0.0 154103000000000.0 22043800.0 0.0 0.0 76993900000.0 6942530000000.0 12292400.0 16039400.0 0.0 0.48 [0.48]
3.01995e+16 1498640000000000.0 15411600000000.0 36455900000.0 0.0 733325000000.0 11181200.0 0.0 153965000000000.0 20375000.0 0.0 0.0 76873400000.0 6883210000000.0 11653200.0 15184100.0 0.0 0.5 [0.5]
3.01995e+16 1460760000000000.0 14995000000000.0 34343400000.0 0.0 709872000000.0 10359000.0 0.0 153830000000000.0 18835300.0 0.0 0.0 76755000000.0 6823640000000.0 11046900.0 14373400.0 0.0 0.52 [0.52]
3.01995e+16 1423840000000000.0 14586400000000.0 32344400000.0 0.0 687135000000.0 9597720.0 0.0 153698000000000.0 17414800.0 0.0 0.0 76638800000.0 6763870000000.0 10471800.0 13605200.0 0.0 0.54 [0.54]
3.01995e+16 1387860000000000.0 14185700000000.0 30452800000.0 0.0 665085000000.0 8892760.0 0.0 153569000000000.0 16103700.0 0.0 0.0 76524600000.0 6703860000000.0 9926280.0 12877100.0 0.0 0.56 [0.56]
3.01995e+16 1352760000000000.0 13792600000000.0 28662800000.0 0.0 643700000000.0 8239880.0 0.0 153443000000000.0 14893700.0 0.0 0.0 76412200000.0 6643570000000.0 9408700.0 12187000.0 0.0 0.58 [0.58]
3.01995e+16 1318580000000000.0 13407700000000.0 26971000000.0 0.0 622973000000.0 7635430.0 0.0 153319000000000.0 13776200.0 0.0 0.0 76301800000.0 6583130000000.0 8917820.0 11533200.0 0.0 0.6 [0.6]
3.01995e+16 1285250000000000.0 13030300000000.0 25370900000.0 0.0 602872000000.0 7075610.0 0.0 153199000000000.0 12744600.0 0.0 0.0 76193200000.0 6522410000000.0 8452140.0 10913600.0 0.0 0.62 [0.62]
3.01995e+16 1252720000000000.0 12660300000000.0 23857800000.0 0.0 583376000000.0 6557110.0 0.0 153080000000000.0 11791600.0 0.0 0.0 76086000000.0 6461410000000.0 8010390.0 10326400.0 0.0 0.64 [0.64]
3.01995e+16 1221030000000000.0 12297900000000.0 22428400000.0 0.0 564479000000.0 6076930.0 0.0 152965000000000.0 10911700.0 0.0 0.0 75980700000.0 6400200000000.0 7591350.0 9769930.0 0.0 0.66 [0.66]
3.01995e+16 1190120000000000.0 11942900000000.0 21077900000.0 0.0 546155000000.0 5632220.0 0.0 152852000000000.0 10098600.0 0.0 0.0 75876700000.0 6338740000000.0 7193910.0 9242740.0 0.0 0.68 [0.68]
3.01995e+16 1159980000000000.0 11595300000000.0 19802100000.0 0.0 528387000000.0 5220290.0 0.0 152741000000000.0 9347500.0 0.0 0.0 75774300000.0 6277020000000.0 6816870.0 8743150.0 0.0 0.7 [0.7]
3.01995e+16 1130570000000000.0 11254700000000.0 18597300000.0 0.0 511158000000.0 4838760.0 0.0 152633000000000.0 8653030.0 0.0 0.0 75673000000.0 6215060000000.0 6459270.0 8269850.0 0.0 0.72 [0.72]
3.01995e+16 1101890000000000.0 10921300000000.0 17460000000.0 0.0 494456000000.0 4485370.0 0.0 152527000000000.0 8011380.0 0.0 0.0 75573100000.0 6152860000000.0 6120090.0 7821430.0 0.0 0.74 [0.74]
3.01995e+16 1073920000000000.0 10595100000000.0 16386900000.0 0.0 478265000000.0 4158040.0 0.0 152424000000000.0 7418180.0 0.0 0.0 75474400000.0 6090440000000.0 5798410.0 7396630.0 0.0 0.76 [0.76]
3.01995e+16 1046620000000000.0 10275800000000.0 15374300000.0 0.0 462565000000.0 3854820.0 0.0 152322000000000.0 6869600.0 0.0 0.0 75376700000.0 6027780000000.0 5493300.0 6994210.0 0.0 0.78 [0.78]
3.01995e+16 1020000000000000.0 9963430000000.0 14419300000.0 0.0 447348000000.0 3573940.0 0.0 152223000000000.0 6362450.0 0.0 0.0 75280200000.0 5964910000000.0 5203960.0 6613030.0 0.0 0.8 [0.8]
3.01995e+16 994025000000000.0 9657860000000.0 13519500000.0 0.0 432596000000.0 3313760.0 0.0 152126000000000.0 5893230.0 0.0 0.0 75184400000.0 5901820000000.0 4929560.0 6252010.0 0.0 0.82 [0.82]
3.01995e+16 968679000000000.0 9359500000000.0 12676800000.0 0.0 418303000000.0 3072780.0 0.0 152032000000000.0 5459280.0 0.0 0.0 75089600000.0 5838570000000.0 4669380.0 5910170.0 0.0 0.84 [0.84]
3.01995e+16 943942000000000.0 9068190000000.0 11888200000.0 0.0 404452000000.0 2849560.0 0.0 151939000000000.0 5057620.0 0.0 0.0 74995400000.0 5775140000000.0 4422660.0 5586500.0 0.0 0.86 [0.86]
3.01995e+16 919796000000000.0 8783840000000.0 11149800000.0 0.0 391033000000.0 2642790.0 0.0 151848000000000.0 4686050.0 0.0 0.0 74902000000.0 5711540000000.0 4188740.0 5280070.0 0.0 0.88 [0.88]
3.01995e+16 896234000000000.0 8506160000000.0 10457400000.0 0.0 378029000000.0 2451250.0 0.0 151760000000000.0 4341960.0 0.0 0.0 74809100000.0 5647820000000.0 3966960.0 4989980.0 0.0 0.9 [0.9]
3.01995e+16 873236000000000.0 8234920000000.0 9805230000.0 0.0 365427000000.0 2273780.0 0.0 151673000000000.0 4023670.0 0.0 0.0 74716600000.0 5583930000000.0 3756700.0 4715320.0 0.0 0.92 [0.92]
3.01995e+16 850790000000000.0 7969960000000.0 9190520000.0 0.0 353214000000.0 2109340.0 0.0 151588000000000.0 3729100.0 0.0 0.0 74624700000.0 5519900000000.0 3557360.0 4455290.0 0.0 0.94 [0.94]
3.01995e+16 828881000000000.0 7711240000000.0 8611400000.0 0.0 341378000000.0 1956960.0 0.0 151505000000000.0 3456490.0 0.0 0.0 74533100000.0 5455750000000.0 3368400.0 4209150.0 0.0 0.96 [0.96]
3.01995e+16 807497000000000.0 7458630000000.0 8065950000.0 0.0 329910000000.0 1815770.0 0.0 151424000000000.0 3204150.0 0.0 0.0 74441700000.0 5391490000000.0 3189270.0 3976160.0 0.0 0.98 [0.98]
3.01995e+16 786622000000000.0 7212130000000.0 7552480000.0 0.0 318799000000.0 1684930.0 0.0 151344000000000.0 2970570.0 0.0 0.0 74350500000.0 5327150000000.0 3019500.0 3755670.0 0.0 1.0 [1.0]
