Cloudy_runs/s135712/z=0.097869/logZ=1/component_II_PI_nH/component_II_PI_nH_col_density_param.txt
# %ECSV 1.0
# ---
# datatype:
# - {name: H, datatype: float64}
# - {name: H+, datatype: float64}
# - {name: C+, datatype: float64}
# - {name: C+2, datatype: float64}
# - {name: C+3, datatype: float64}
# - {name: N+, datatype: float64}
# - {name: N+2, datatype: float64}
# - {name: N+4, datatype: float64}
# - {name: O, datatype: float64}
# - {name: O+2, datatype: float64}
# - {name: O+5, datatype: float64}
# - {name: O+6, datatype: float64}
# - {name: P+, datatype: float64}
# - {name: Si+, datatype: float64}
# - {name: Si+2, datatype: float64}
# - {name: Si+3, datatype: float64}
# - {name: Si+4, datatype: float64}
# - {name: log_nH, datatype: float64}
# - {name: parameters, datatype: string, subtype: 'float64[1]'}
# schema: astropy-2.0
H H+ C+ C+2 C+3 N+ N+2 N+4 O O+2 O+5 O+6 P+ Si+ Si+2 Si+3 Si+4 log_nH parameters
[from data line 115]
3.01996e+16 3.49237e+17 596253000000000.0 416319000000000.0 1708550000000.0 213999000000000.0 32058400000000.0 7494690000.0 173831000000000.0 218877000000000.0 0.0 0.0 828434000000.0 117940000000000.0 2005030000000.0 2658850000000.0 33119200000.0 -2.7 [-2.7]
3.01995e+16 3.33505e+17 581401000000000.0 388947000000000.0 1482320000000.0 206704000000000.0 28671500000000.0 6194120000.0 176303000000000.0 195984000000000.0 0.0 0.0 799047000000.0 113338000000000.0 1792650000000.0 2378450000000.0 28535000000.0 -2.68 [-2.68]
3.01995e+16 3.18468e+17 566694000000000.0 363271000000000.0 1285480000000.0 199532000000000.0 25621300000000.0 5115880000.0 178674000000000.0 175297000000000.0 0.0 0.0 770594000000.0 108910000000000.0 1602130000000.0 2126990000000.0 24609200000.0 -2.66 [-2.66]
3.01996e+16 3.0409e+17 552138000000000.0 339185000000000.0 1114280000000.0 192489000000000.0 22877100000000.0 4222510000.0 180941000000000.0 156625000000000.0 0.0 0.0 743050000000.0 104649000000000.0 1431260000000.0 1901490000000.0 21243200000.0 -2.64 [-2.64]
3.01996e+16 2.90336e+17 537738000000000.0 316598000000000.0 965440000000.0 185582000000000.0 20410600000000.0 3482800000.0 183108000000000.0 139786000000000.0 0.0 0.0 716387000000.0 100548000000000.0 1278060000000.0 1699340000000.0 18354300000.0 -2.62 [-2.62]
3.01996e+16 2.77191e+17 523527000000000.0 295439000000000.0 836189000000.0 178826000000000.0 18197800000000.0 2871220000.0 185172000000000.0 124635000000000.0 0.0 0.0 690618000000.0 96607400000000.0 1140900000000.0 1518310000000.0 15874200000.0 -2.6 [-2.6]
3.01995e+16 2.64628e+17 509520000000000.0 275622000000000.0 723991000000.0 172229000000000.0 16214600000000.0 2365890000.0 187135000000000.0 111018000000000.0 0.0 0.0 665725000000.0 92821500000000.0 1018170000000.0 1356260000000.0 13743000000.0 -2.58 [-2.58]
3.01995e+16 2.52639e+17 495748000000000.0 257095000000000.0 626745000000.0 165804000000000.0 14440800000000.0 1949030000.0 188996000000000.0 98808600000000.0 0.0 0.0 641724000000.0 89190600000000.0 908526000000.0 1211400000000.0 11911600000.0 -2.56 [-2.56]
3.01996e+16 2.41182e+17 482209000000000.0 239754000000000.0 542404000000.0 159548000000000.0 12854200000000.0 1605010000.0 190757000000000.0 87863600000000.0 0.0 0.0 618566000000.0 85705000000000.0 810518000000.0 1081830000000.0 10334900000.0 -2.54 [-2.54]
3.01995e+16 2.30248e+17 468927000000000.0 223549000000000.0 469359000000.0 153473000000000.0 11437700000000.0 1321520000.0 192418000000000.0 78073500000000.0 0.0 0.0 596263000000.0 82364400000000.0 723042000000.0 966089000000.0 8977170000.0 -2.52 [-2.52]
3.01995e+16 2.19809e+17 455904000000000.0 208402000000000.0 406092000000.0 147576000000000.0 10173300000000.0 1087900000.0 193982000000000.0 69321200000000.0 0.0 0.0 574777000000.0 79161800000000.0 644956000000.0 862679000000.0 7806390000.0 -2.5 [-2.5]
3.01995e+16 2.09851e+17 443160000000000.0 194262000000000.0 351348000000.0 141865000000000.0 9046540000000.0 895574000.0 195449000000000.0 61511200000000.0 0.0 0.0 554111000000.0 76095500000000.0 575331000000.0 770381000000.0 6796370000.0 -2.48 [-2.48]
3.01995e+16 2.00354e+17 430703000000000.0 181064000000000.0 303994000000.0 136339000000000.0 8042960000000.0 737292000.0 196822000000000.0 54549300000000.0 0.0 0.0 534243000000.0 73160800000000.0 513271000000.0 688023000000.0 5924140000.0 -2.46 [-2.46]
3.01996e+16 1.91288e+17 418524000000000.0 168739000000000.0 263014000000.0 130993000000000.0 7149060000000.0 606973000.0 198102000000000.0 48344700000000.0 0.0 0.0 515132000000.0 70350000000000.0 457927000000.0 614497000000.0 5169580000.0 -2.44 [-2.44]
3.01996e+16 1.8266e+17 406664000000000.0 157265000000000.0 227631000000.0 125842000000000.0 6354900000000.0 499896000.0 199291000000000.0 42831800000000.0 0.0 0.0 496810000000.0 67666700000000.0 408689000000.0 549004000000.0 4517320000.0 -2.42 [-2.42]
3.01996e+16 1.74425e+17 395091000000000.0 146555000000000.0 197020000000.0 120867000000000.0 5648240000000.0 411752000.0 200393000000000.0 37927100000000.0 0.0 0.0 479202000000.0 65098200000000.0 364797000000.0 490554000000.0 3951800000.0 -2.4 [-2.4]
3.01996e+16 1.6658e+17 383826000000000.0 136577000000000.0 170573000000.0 116074000000000.0 5020420000000.0 339274000.0 201407000000000.0 33572500000000.0 0.0 0.0 462315000000.0 62644500000000.0 325713000000.0 438457000000.0 3461470000.0 -2.38 [-2.38]
3.01996e+16 1.59106e+17 372871000000000.0 127281000000000.0 147721000000.0 111461000000000.0 4462780000000.0 279665000.0 202336000000000.0 29708900000000.0 0.0 0.0 446125000000.0 60300900000000.0 290881000000.0 392020000000.0 3035780000.0 -2.36 [-2.36]
3.01996e+16 1.5199e+17 362231000000000.0 118629000000000.0 127986000000.0 107026000000000.0 3967870000000.0 230658000.0 203183000000000.0 26285000000000.0 0.0 0.0 430619000000.0 58064600000000.0 259860000000.0 350650000000.0 2665970000.0 -2.34 [-2.34]
3.01996e+16 1.45206e+17 351892000000000.0 110565000000000.0 110922000000.0 102760000000000.0 3528220000000.0 190314000.0 203948000000000.0 23249100000000.0 0.0 0.0 415752000000.0 55927800000000.0 232208000000.0 313751000000.0 2344010000.0 -2.32 [-2.32]
3.01995e+16 1.3875e+17 341865000000000.0 103063000000000.0 96184300000.0 98663400000000.0 3138190000000.0 157132000.0 204635000000000.0 20562100000000.0 0.0 0.0 401525000000.0 53889800000000.0 207592000000.0 280878000000.0 2063690000.0 -2.3 [-2.3]
3.01996e+16 1.32601e+17 332140000000000.0 96079000000000.0 83447000000.0 94729400000000.0 2792010000000.0 129815000.0 205247000000000.0 18183400000000.0 0.0 0.0 387902000000.0 51944900000000.0 185666000000.0 251570000000.0 1819200000.0 -2.28 [-2.28]
3.01995e+16 1.26745e+17 322716000000000.0 89579900000000.0 72437000000.0 90953600000000.0 2484780000000.0 107320000.0 205786000000000.0 16078900000000.0 0.0 0.0 374865000000.0 50089300000000.0 166135000000.0 225439000000.0 1605740000.0 -2.26 [-2.26]
3.01996e+16 1.21168e+17 313586000000000.0 83532000000000.0 62917100000.0 87330500000000.0 2212100000000.0 88785500.0 206254000000000.0 14217400000000.0 0.0 0.0 362389000000.0 48319000000000.0 148744000000.0 202133000000.0 1419120000.0 -2.24 [-2.24]
3.01996e+16 1.15855e+17 304742000000000.0 77903200000000.0 54682200000.0 83854000000000.0 1970030000000.0 73504700.0 206654000000000.0 12571100000000.0 0.0 0.0 350449000000.0 46629600000000.0 133252000000.0 181339000000.0 1255770000.0 -2.22 [-2.22]
3.01996e+16 1.10795e+17 296181000000000.0 72665600000000.0 47556900000.0 80519600000000.0 1755120000000.0 60900500.0 206988000000000.0 11115700000000.0 0.0 0.0 339026000000.0 45018000000000.0 119449000000.0 162783000000.0 1112630000.0 -2.2 [-2.2]
3.01995e+16 1.05977e+17 287901000000000.0 67794400000000.0 41391200000.0 77323600000000.0 1564360000000.0 50500700.0 207259000000000.0 9829750000000.0 0.0 0.0 328103000000.0 43481200000000.0 107150000000.0 146222000000.0 987072000.0 -2.18 [-2.18]
3.01995e+16 1.01389e+17 279895000000000.0 63262600000000.0 36052400000.0 74260200000000.0 1394950000000.0 41912400.0 207469000000000.0 8693520000000.0 0.0 0.0 317660000000.0 42015600000000.0 96186100000.0 131435000000.0 876796000.0 -2.16 [-2.16]
3.01996e+16 9.70147e+16 272147000000000.0 59042500000000.0 31424200000.0 71321300000000.0 1244390000000.0 34811400.0 207621000000000.0 7689040000000.0 0.0 0.0 307664000000.0 40616300000000.0 86400600000.0 118218000000.0 779769000.0 -2.14 [-2.14]
3.01995e+16 9.28503e+16 264664000000000.0 55118200000000.0 27414100000.0 68506400000000.0 1110660000000.0 28941000.0 207714000000000.0 6802110000000.0 0.0 0.0 298113000000.0 39282400000000.0 77672600000.0 106411000000.0 694377000.0 -2.12 [-2.12]
3.01996e+16 8.88809e+16 257429000000000.0 51464900000000.0 23935000000.0 65807100000000.0 991759000000.0 24081000.0 207754000000000.0 6018280000000.0 0.0 0.0 288977000000.0 38009400000000.0 69877000000.0 95849400000.0 619081000.0 -2.1 [-2.1]
3.01995e+16 8.50976e+16 250437000000000.0 48063900000000.0 20914900000.0 63219300000000.0 886013000000.0 20054800.0 207741000000000.0 5325740000000.0 0.0 0.0 280239000000.0 36794400000000.0 62912000000.0 86399300000.0 552619000.0 -2.08 [-2.08]
3.01996e+16 8.14986e+16 243695000000000.0 44904300000000.0 18295300000.0 60743500000000.0 792054000000.0 16720500.0 207679000000000.0 4714680000000.0 0.0 0.0 271899000000.0 35637300000000.0 56693700000.0 77949800000.0 493955000.0 -2.06 [-2.06]
3.01996e+16 7.80637e+16 237174000000000.0 41959000000000.0 16016600000.0 58367200000000.0 708363000000.0 13951700.0 207567000000000.0 4174300000000.0 0.0 0.0 263915000000.0 34531600000000.0 51127100000.0 70375500000.0 442016000.0 -2.04 [-2.04]
3.01996e+16 7.47929e+16 230883000000000.0 39219900000000.0 14036200000.0 56091600000000.0 633900000000.0 11653700.0 207410000000000.0 3697170000000.0 0.0 0.0 256288000000.0 33477500000000.0 46148600000.0 63591800000.0 396041000.0 -2.02 [-2.02]
3.01996e+16 7.1676e+16 224810000000000.0 36670700000000.0 12313100000.0 53911200000000.0 567592000000.0 9744040.0 207209000000000.0 3275660000000.0 0.0 0.0 248999000000.0 32471900000000.0 41691600000.0 57510400000.0 355285000.0 -2.0 [-2.0]
3.01995e+16 6.87055e+16 218949000000000.0 34298000000000.0 10812700000.0 51821800000000.0 508517000000.0 0.0 206965000000000.0 2903250000000.0 0.0 0.0 242033000000.0 31512300000000.0 37698700000.0 52054900000.0 319112000.0 -1.98 [-1.98]
3.01996e+16 6.58751e+16 213296000000000.0 32089800000000.0 9505430000.0 49820300000000.0 455868000000.0 0.0 206682000000000.0 2574230000000.0 0.0 0.0 235378000000.0 30597100000000.0 34119700000.0 47158600000.0 286975000.0 -1.96 [-1.96]
3.01996e+16 6.31742e+16 207834000000000.0 30031900000000.0 8364470000.0 47899800000000.0 408887000000.0 0.0 206361000000000.0 2283180000000.0 0.0 0.0 229010000000.0 29722600000000.0 30906700000.0 42757600000.0 258371000.0 -1.94 [-1.94]
3.01996e+16 6.05997e+16 202564000000000.0 28115900000000.0 7368600000.0 46059500000000.0 366972000000.0 0.0 206004000000000.0 2025920000000.0 0.0 0.0 222925000000.0 28888200000000.0 28022600000.0 38802100000.0 232899000.0 -1.92 [-1.92]
3.01995e+16 5.8145e+16 197479000000000.0 26331600000000.0 6498570000.0 44295600000000.0 329555000000.0 0.0 205612000000000.0 1798450000000.0 0.0 0.0 217109000000.0 28091600000000.0 25431500000.0 35244300000.0 210189000.0 -1.9 [-1.9]
3.01996e+16 5.58057e+16 192575000000000.0 24670500000000.0 5738030000.0 42605500000000.0 296146000000.0 0.0 205190000000000.0 1597330000000.0 0.0 0.0 211554000000.0 27331700000000.0 23102600000.0 32042600000.0 189924000.0 -1.88 [-1.88]
3.01995e+16 5.35747e+16 187842000000000.0 23122900000000.0 5072310000.0 40985500000000.0 266287000000.0 0.0 204735000000000.0 1419400000000.0 0.0 0.0 206243000000.0 26606000000000.0 21007100000.0 29158400000.0 171816000.0 -1.86 [-1.86]
3.01995e+16 5.1444e+16 183269000000000.0 21679100000000.0 4488610000.0 39430000000000.0 239567000000.0 0.0 204253000000000.0 1261790000000.0 0.0 0.0 201161000000.0 25912100000000.0 19118400000.0 26556200000.0 155604000.0 -1.84 [-1.84]
3.01995e+16 4.94086e+16 178849000000000.0 20331700000000.0 3976320000.0 37936100000000.0 215642000000.0 0.0 203745000000000.0 1122110000000.0 0.0 0.0 196295000000.0 25248400000000.0 17414800000.0 24206700000.0 141075000.0 -1.82 [-1.82]
3.01995e+16 4.74661e+16 174582000000000.0 19075400000000.0 3526590000.0 36503400000000.0 194223000000.0 0.0 203210000000000.0 998422000000.0 0.0 0.0 191641000000.0 24614200000000.0 15878200000.0 22085200000.0 128048000.0 -1.8 [-1.8]
3.01996e+16 4.56155e+16 170469000000000.0 17905800000000.0 3131820000.0 35131300000000.0 175056000000.0 0.0 202655000000000.0 888952000000.0 0.0 0.0 187200000000.0 24009200000000.0 14492200000.0 20169700000.0 116365000.0 -1.78 [-1.78]
3.01995e+16 4.38462e+16 166490000000000.0 16813200000000.0 2784230000.0 33812800000000.0 157861000000.0 0.0 202076000000000.0 791830000000.0 0.0 0.0 182944000000.0 23430000000000.0 13238800000.0 18435800000.0 105858000.0 -1.76 [-1.76]
3.01995e+16 4.21558e+16 162644000000000.0 15792900000000.0 2478000000.0 32546700000000.0 142434000000.0 0.0 201478000000000.0 705666000000.0 0.0 0.0 178871000000.0 22875800000000.0 12104800000.0 16865600000.0 96401900.0 -1.74 [-1.74]
3.01995e+16 4.0546e+16 158940000000000.0 14843200000000.0 2208510000.0 31335700000000.0 128612000000.0 0.0 200859000000000.0 629396000000.0 0.0 0.0 174986000000.0 22347300000000.0 11080100000.0 15445200000.0 87897900.0 -1.72 [-1.72]
3.01995e+16 3.90039e+16 155348000000000.0 13954000000000.0 1970260000.0 30169300000000.0 116180000000.0 0.0 200227000000000.0 561542000000.0 0.0 0.0 171256000000.0 21840200000000.0 10150000000.0 14155200000.0 80218700.0 -1.7 [-1.7]
3.01995e+16 3.75296e+16 151873000000000.0 13122900000000.0 1759690000.0 29048800000000.0 105006000000.0 0.0 199579000000000.0 501269000000.0 0.0 0.0 167685000000.0 21354600000000.0 9306310000.0 12984100000.0 73285300.0 -1.68 [-1.68]
3.01996e+16 3.61194e+16 148510000000000.0 12345600000000.0 1573340000.0 27971900000000.0 94955400000.0 0.0 198917000000000.0 447693000000.0 0.0 0.0 164263000000.0 20889400000000.0 8540190000.0 11919700000.0 67017500.0 -1.66 [-1.66]
3.01996e+16 3.47715e+16 145257000000000.0 11619200000000.0 1408380000.0 26937900000000.0 85915500000.0 0.0 198243000000000.0 400079000000.0 0.0 0.0 160987000000.0 20443900000000.0 7844300000.0 10952300000.0 61348600.0 -1.64 [-1.64]
3.01995e+16 3.34829e+16 142108000000000.0 10940000000000.0 1262160000.0 25944700000000.0 77779600000.0 0.0 197559000000000.0 357741000000.0 0.0 0.0 157849000000.0 20017200000000.0 7211610000.0 10072000000.0 56215600.0 -1.62 [-1.62]
3.01995e+16 3.22497e+16 139058000000000.0 10304300000000.0 1132360000.0 24990000000000.0 70449700000.0 0.0 196866000000000.0 320053000000.0 0.0 0.0 154842000000.0 19608100000000.0 6635610000.0 9270110000.0 51561300.0 -1.6 [-1.6]
3.01996e+16 3.10705e+16 136105000000000.0 9709520000000.0 1017070000.0 24073200000000.0 63846000000.0 0.0 196164000000000.0 286517000000.0 0.0 0.0 151962000000.0 19216200000000.0 6111060000.0 8539320000.0 47338700.0 -1.58 [-1.58]
3.01995e+16 2.9942e+16 133243000000000.0 9152600000000.0 914521000.0 23192100000000.0 57891200000.0 0.0 195455000000000.0 256643000000.0 0.0 0.0 149202000000.0 18840200000000.0 5632770000.0 7872580000.0 43502600.0 -1.56 [-1.56]
3.01995e+16 2.88618e+16 130469000000000.0 8630960000000.0 823208000.0 22345500000000.0 52519000000.0 0.0 194741000000000.0 230020000000.0 0.0 0.0 146556000000.0 18479600000000.0 5196310000.0 7263770000.0 40014300.0 -1.54 [-1.54]
3.01995e+16 2.78268e+16 127776000000000.0 8141770000000.0 741773000.0 21531000000000.0 47667400000.0 0.0 194022000000000.0 206269000000.0 0.0 0.0 144017000000.0 18133300000000.0 4797490000.0 6707180000.0 36838000.0 -1.52 [-1.52]
3.01995e+16 2.6838e+16 125171000000000.0 7684230000000.0 669193000.0 20750400000000.0 43291000000.0 0.0 193298000000000.0 185117000000.0 0.0 0.0 141588000000.0 17801600000000.0 4433340000.0 6198640000.0 33946900.0 -1.5 [-1.5]
3.01995e+16 2.58862e+16 122628000000000.0 7253060000000.0 604174000.0 19995600000000.0 39325600000.0 0.0 192574000000000.0 166165000000.0 0.0 0.0 139246000000.0 17481500000000.0 4099300000.0 5732060000.0 31304400.0 -1.48 [-1.48]
3.01995e+16 2.4976e+16 120164000000000.0 6849280000000.0 546089000.0 19271600000000.0 35744100000.0 0.0 191847000000000.0 149266000000.0 0.0 0.0 137004000000.0 17174600000000.0 3793710000.0 5304970000.0 28894100.0 -1.46 [-1.46]
3.01995e+16 2.41036e+16 117770000000000.0 6470240000000.0 494081000.0 18575600000000.0 32504100000.0 0.0 191120000000000.0 134164000000.0 0.0 0.0 134851000000.0 16879600000000.0 3513610000.0 4913330000.0 26691500.0 -1.44 [-1.44]
3.01995e+16 2.3267e+16 115443000000000.0 6114190000000.0 447458000.0 17906000000000.0 29571100000.0 0.0 190393000000000.0 120658000000.0 0.0 0.0 132785000000.0 16595900000000.0 3256630000.0 4553870000.0 24676700.0 -1.42 [-1.42]
