Cloudy_runs/s135712/z=0.097869/logZ=1/component_IV_PI_nH/component_IV_PI_nH_col_density_param.txt
# %ECSV 1.0
# ---
# datatype:
# - {name: H, datatype: float64}
# - {name: H+, datatype: float64}
# - {name: C+, datatype: float64}
# - {name: C+2, datatype: float64}
# - {name: C+3, datatype: float64}
# - {name: N+, datatype: float64}
# - {name: N+2, datatype: float64}
# - {name: N+4, datatype: float64}
# - {name: O, datatype: float64}
# - {name: O+2, datatype: float64}
# - {name: O+5, datatype: float64}
# - {name: O+6, datatype: float64}
# - {name: P+, datatype: float64}
# - {name: Si+, datatype: float64}
# - {name: Si+2, datatype: float64}
# - {name: Si+3, datatype: float64}
# - {name: Si+4, datatype: float64}
# - {name: log_nH, datatype: float64}
# - {name: parameters, datatype: string, subtype: 'float64[1]'}
# schema: astropy-2.0
H H+ C+ C+2 C+3 N+ N+2 N+4 O O+2 O+5 O+6 P+ Si+ Si+2 Si+3 Si+4 log_nH parameters
[from data line 59]
33113100000000.0 5534900000000000.0 1415070000000.0 11621000000000.0 1739380000000.0 350529000000.0 2527830000000.0 76626400000.0 12684400000.0 17440900000000.0 9919330000.0 162171000.0 3465210000.0 511655000000.0 341475000000.0 698343000000.0 241716000000.0 -3.82 [-3.82]
33113100000000.0 5233280000000000.0 1399080000000.0 11019100000000.0 1572840000000.0 356790000000.0 2404900000000.0 66019900000.0 13906200000.0 16623000000000.0 8084190000.0 126149000.0 3445270000.0 519789000000.0 322787000000.0 645999000000.0 208974000000.0 -3.8 [-3.8]
33113100000000.0 4949530000000000.0 1383280000000.0 10446800000000.0 1420980000000.0 362833000000.0 2286000000000.0 56859100000.0 15218200000.0 15821600000000.0 6582040000.0 98064000.0 3420490000.0 526337000000.0 304264000000.0 596416000000.0 180293000000.0 -3.78 [-3.78]
33113100000000.0 4682640000000000.0 1367700000000.0 9903030000000.0 1282610000000.0 368646000000.0 2171200000000.0 48952500000.0 16623900000.0 15038800000000.0 5354010000.0 76189600.0 3391360000.0 531290000000.0 286037000000.0 549633000000.0 155248000000.0 -3.76 [-3.76]
33113100000000.0 4431650000000000.0 1352390000000.0 9386570000000.0 1156670000000.0 374220000000.0 2060510000000.0 42132800000.0 18126100000.0 14276400000000.0 4351300000.0 59167900.0 3358340000.0 534664000000.0 268224000000.0 505660000000.0 133445000000.0 -3.74 [-3.74]
33113100000000.0 4195630000000000.0 1337400000000.0 8896320000000.0 1042150000000.0 379543000000.0 1953980000000.0 36254200000.0 19727500000.0 13535800000000.0 3533550000.0 45933700.0 3321860000.0 536493000000.0 250924000000.0 464476000000.0 114520000000.0 -3.72 [-3.72]
33113100000000.0 3973720000000000.0 1322730000000.0 8431130000000.0 938118000000.0 384605000000.0 1851570000000.0 31189200000.0 21430400000.0 12818500000000.0 2867350000.0 35651400.0 3282350000.0 536833000000.0 234221000000.0 426034000000.0 98136000000.0 -3.7 [-3.7]
33113100000000.0 3765060000000000.0 1308410000000.0 7989850000000.0 843724000000.0 389397000000.0 1753260000000.0 26827200000.0 23236900000.0 12125300000000.0 2325170000.0 27667100.0 3240180000.0 535755000000.0 218183000000.0 390265000000.0 83988600000.0 -3.68 [-3.68]
33113100000000.0 3568900000000000.0 1294450000000.0 7571450000000.0 758170000000.0 393910000000.0 1659010000000.0 23072300000.0 25148300000.0 11457400000000.0 1884390000.0 21470900.0 3195760000.0 533342000000.0 202864000000.0 357084000000.0 71801400000.0 -3.66 [-3.66]
33113100000000.0 3384480000000000.0 1280860000000.0 7174830000000.0 680714000000.0 398136000000.0 1568770000000.0 19841000000.0 27165800000.0 10815100000000.0 1526350000.0 16664100.0 3149400000.0 529690000000.0 188299000000.0 326387000000.0 61325300000.0 -3.64 [-3.64]
33113100000000.0 3211070000000000.0 1267620000000.0 6798920000000.0 610666000000.0 402066000000.0 1482450000000.0 17061000000.0 29290200000.0 10199000000000.0 1235740000.0 12935600.0 3101400000.0 524902000000.0 174509000000.0 298057000000.0 52336400000.0 -3.62 [-3.62]
33113100000000.0 3047990000000000.0 1254730000000.0 6442700000000.0 547389000000.0 405695000000.0 1399960000000.0 14669700000.0 31521800000.0 9608970000000.0 1000020000.0 10044000.0 3052030000.0 519086000000.0 161503000000.0 271971000000.0 44636600000.0 -3.6 [-3.6]
33113100000000.0 2894590000000000.0 1242170000000.0 6105140000000.0 490290000000.0 409014000000.0 1321200000000.0 12613000000.0 33860600000.0 9045140000000.0 808943000.0 7801400.0 3001520000.0 512348000000.0 149279000000.0 247998000000.0 38050400000.0 -3.58 [-3.58]
33113100000000.0 2750250000000000.0 1229910000000.0 5785290000000.0 438820000000.0 412018000000.0 1246050000000.0 10844100000.0 36306300000.0 8507220000000.0 654128000.0 6061840.0 2950090000.0 504798000000.0 137826000000.0 226006000000.0 32423700000.0 -3.56 [-3.56]
33113100000000.0 2613990000000000.0 1217890000000.0 5481290000000.0 392356000000.0 414693000000.0 1174200000000.0 9318890000.0 38862900000.0 7993340000000.0 528480000.0 4709260.0 2897730000.0 496507000000.0 127095000000.0 205805000000.0 27610900000.0 -3.54 [-3.54]
33113100000000.0 2486430000000000.0 1206200000000.0 5194910000000.0 350769000000.0 417058000000.0 1106120000000.0 8014220000.0 41515300000.0 7507380000000.0 427240000.0 3664620.0 2845120000.0 487675000000.0 117147000000.0 187428000000.0 23526300000.0 -3.52 [-3.52]
33113100000000.0 2365900000000000.0 1194690000000.0 4922670000000.0 313292000000.0 419084000000.0 1041110000000.0 6888890000.0 44275600000.0 7044430000000.0 345106000.0 2851440.0 2791900000.0 478299000000.0 107868000000.0 170589000000.0 20036800000.0 -3.5 [-3.5]
33113100000000.0 2252280000000000.0 1183370000000.0 4664610000000.0 279637000000.0 420774000000.0 979233000000.0 5920940000.0 47137600000.0 6605190000000.0 278660000.0 2219840.0 2738340000.0 468501000000.0 99253300000.0 155216000000.0 17064800000.0 -3.48 [-3.48]
33113100000000.0 2145120000000000.0 1172200000000.0 4419950000000.0 249441000000.0 422123000000.0 920368000000.0 5088290000.0 50099000000.0 6188910000000.0 224921000.0 0.0 2684560000.0 458362000000.0 91267600000.0 141192000000.0 14534400000.0 -3.46 [-3.46]
33113100000000.0 2043990000000000.0 1161150000000.0 4187950000000.0 222369000000.0 423127000000.0 864394000000.0 4371980000.0 53157100000.0 5794770000000.0 181472000.0 0.0 2630650000.0 447957000000.0 83875300000.0 128409000000.0 12380500000.0 -3.44 [-3.44]
33113100000000.0 1948480000000000.0 1150200000000.0 3967910000000.0 198116000000.0 423782000000.0 811195000000.0 3755720000.0 56309200000.0 5421940000000.0 146352000.0 0.0 2576680000.0 437354000000.0 77040600000.0 116761000000.0 10547500000.0 -3.42 [-3.42]
33113100000000.0 1858230000000000.0 1139300000000.0 3759170000000.0 176405000000.0 424085000000.0 760656000000.0 3225500000.0 59552000000.0 5069560000000.0 117972000.0 0.0 2522730000.0 426613000000.0 70727600000.0 106152000000.0 8987540000.0 -3.4 [-3.4]
33113100000000.0 1772890000000000.0 1128440000000.0 3561110000000.0 156982000000.0 424033000000.0 712667000000.0 2769300000.0 62881800000.0 4736750000000.0 95045500.0 0.0 2468870000.0 415789000000.0 64901400000.0 96493000000.0 7659950000.0 -3.38 [-3.38]
33113100000000.0 1692120000000000.0 1117580000000.0 3373130000000.0 139617000000.0 423621000000.0 667120000000.0 2376780000.0 66294700000.0 4422650000000.0 76530700.0 0.0 2415150000.0 404927000000.0 59528300000.0 87700300000.0 6529990000.0 -3.36 [-3.36]
33113100000000.0 1615630000000000.0 1106700000000.0 3194680000000.0 124101000000.0 422849000000.0 623915000000.0 2039070000.0 69786400000.0 4126400000000.0 61584200.0 0.0 2361630000.0 394070000000.0 54576200000.0 79697800000.0 5568120000.0 -3.34 [-3.34]
33113100000000.0 1543150000000000.0 1095770000000.0 3025250000000.0 110247000000.0 421713000000.0 582952000000.0 1748550000.0 73352400000.0 3847150000000.0 49523000.0 0.0 2308340000.0 383253000000.0 50014200000.0 72415100000.0 4749160000.0 -3.32 [-3.32]
33113100000000.0 1474400000000000.0 1084770000000.0 2864340000000.0 97883000000.0 420212000000.0 544140000000.0 1498640000.0 76987800000.0 3584090000000.0 39794400.0 0.0 2255340000.0 372507000000.0 45813500000.0 65787800000.0 4051730000.0 -3.3 [-3.3]
33113100000000.0 1409140000000000.0 1073660000000.0 2711500000000.0 86854800000.0 418345000000.0 507388000000.0 1283710000.0 80687400000.0 3336400000000.0 31951000.0 0.0 2202650000.0 361858000000.0 41946700000.0 59757100000.0 3457620000.0 -3.28 [-3.28]
33113100000000.0 1347160000000000.0 1062430000000.0 2566300000000.0 77023600000.0 416112000000.0 472610000000.0 1098910000.0 84445700000.0 3103330000000.0 25631000.0 0.0 2150320000.0 351329000000.0 38388500000.0 54269200000.0 2951390000.0 -3.26 [-3.26]
33113100000000.0 1288230000000000.0 1051070000000.0 2428310000000.0 68264200000.0 413512000000.0 439725000000.0 940057000.0 88257300000.0 2884120000000.0 20541500.0 0.0 2098380000.0 340937000000.0 35114900000.0 49275100000.0 2519910000.0 -3.24 [-3.24]
33113100000000.0 1232170000000000.0 1039530000000.0 2297180000000.0 60463900000.0 410547000000.0 408654000000.0 803553000.0 92116100000.0 2678050000000.0 16445800.0 0.0 2046840000.0 330697000000.0 32104100000.0 44730300000.0 2152030000.0 -3.22 [-3.22]
33113100000000.0 1178800000000000.0 1027820000000.0 2172540000000.0 53521300000.0 407219000000.0 379322000000.0 686306000.0 96016100000.0 2484450000000.0 13152200.0 0.0 1995740000.0 320622000000.0 29335500000.0 40594200000.0 1838280000.0 -3.2 [-3.2]
33113100000000.0 1127940000000000.0 1015900000000.0 2054050000000.0 47345400000.0 403531000000.0 351658000000.0 585644000.0 99951100000.0 2302660000000.0 10505700.0 0.0 1945110000.0 310721000000.0 26790100000.0 36829900000.0 1570610000.0 -3.18 [-3.18]
33113100000000.0 1079240000000000.0 1003710000000.0 1940930000000.0 41836600000.0 399448000000.0 325500000000.0 498987000.0 103923000000.0 2131410000000.0 8375420.0 0.0 1894720000.0 300955000000.0 24442100000.0 33391800000.0 1341530000.0 -3.16 [-3.16]
33113100000000.0 1033170000000000.0 991401000000.0 1834320000000.0 36975300000.0 395090000000.0 301060000000.0 425206000.0 107900000000.0 1972050000000.0 6677330.0 0.0 1845300000.0 291469000000.0 22300900000.0 30286100000.0 1147210000.0 -3.14 [-3.14]
33113100000000.0 988983000000000.0 978787000000.0 1732500000000.0 32642000000.0 390350000000.0 277995000000.0 361737000.0 111901000000.0 1822080000000.0 5312240.0 0.0 1796160000.0 282128000000.0 20326100000.0 27448400000.0 980720000.0 -3.12 [-3.12]
33113100000000.0 946754000000000.0 965914000000.0 1635700000000.0 28795900000.0 385273000000.0 256337000000.0 307392000.0 115910000000.0 1681630000000.0 4219870.0 0.0 1747570000.0 272982000000.0 18512700000.0 24866200000.0 838531000.0 -3.1 [-3.1]
33113100000000.0 906178000000000.0 952699000000.0 1543240000000.0 25372000000.0 379821000000.0 235949000000.0 260734000.0 119930000000.0 1549640000000.0 3344210.0 0.0 1699300000.0 263986000000.0 16841400000.0 22507400000.0 716680000.0 -3.08 [-3.08]
33113100000000.0 867541000000000.0 939278000000.0 1455780000000.0 22348700000.0 374097000000.0 216932000000.0 221019000.0 123936000000.0 1426750000000.0 2647840.0 0.0 1651830000.0 255233000000.0 15314400000.0 20370400000.0 612945000.0 -3.06 [-3.06]
33113100000000.0 830548000000000.0 925575000000.0 1372660000000.0 19670300000.0 368068000000.0 199149000000.0 187109000.0 127930000000.0 1311940000000.0 2092840.0 0.0 1604960000.0 246678000000.0 13914100000.0 18426500000.0 524297000.0 -3.04 [-3.04]
33113100000000.0 795298000000000.0 911672000000.0 1294090000000.0 17308300000.0 361802000000.0 182614000000.0 158300000.0 131896000000.0 1205260000000.0 1652590.0 0.0 1558960000.0 238369000000.0 12636000000.0 16666300000.0 448790000.0 -3.02 [-3.02]
33113100000000.0 761166000000000.0 897334000000.0 1218690000000.0 15202100000.0 355160000000.0 167075000000.0 133564000.0 135854000000.0 1104940000000.0 1300430.0 0.0 1513120000.0 230167000000.0 11455600000.0 15052600000.0 383788000.0 -3.0 [-3.0]
33113100000000.0 728598000000000.0 882784000000.0 1147450000000.0 13347600000.0 348307000000.0 152670000000.0 112604000.0 139771000000.0 1011910000000.0 1022120.0 0.0 1468150000.0 222205000000.0 10379600000.0 13592300000.0 328417000.0 -2.98 [-2.98]
33113100000000.0 697358000000000.0 867962000000.0 1079820000000.0 11709500000.0 341215000000.0 139289000000.0 94795800.0 143649000000.0 925388000000.0 801791.0 0.0 1423850000.0 214439000000.0 9395550000.0 12265700000.0 281078000.0 -2.96 [-2.96]
33113100000000.0 667383000000000.0 852878000000.0 1015650000000.0 10263700000.0 333904000000.0 126880000000.0 79687400.0 147481000000.0 845029000000.0 627703.0 0.0 1380250000.0 206869000000.0 8496470000.0 11061400000.0 240604000.0 -2.94 [-2.94]
33113100000000.0 638615000000000.0 837545000000.0 954799000000.0 8988650000.0 326396000000.0 115396000000.0 66888100.0 151261000000.0 770502000000.0 490420.0 0.0 1337370000.0 199494000000.0 7675790000.0 9968600000.0 205997000.0 -2.92 [-2.92]
33113100000000.0 611001000000000.0 821981000000.0 897120000000.0 7865290000.0 318714000000.0 104788000000.0 56061900.0 154983000000.0 701491000000.0 0.0 0.0 1295240000.0 192314000000.0 6927490000.0 8977620000.0 176407000.0 -2.9 [-2.9]
33113100000000.0 584492000000000.0 806207000000.0 842483000000.0 6876420000.0 310881000000.0 95007500000.0 46919100.0 158639000000.0 637691000000.0 0.0 0.0 1253870000.0 185328000000.0 6245940000.0 8079600000.0 151106000.0 -2.88 [-2.88]
33113100000000.0 559045000000000.0 790247000000.0 790762000000.0 6006790000.0 302924000000.0 86009900000.0 39210700.0 162226000000.0 578813000000.0 0.0 0.0 1213300000.0 178536000000.0 5625940000.0 7266430000.0 129473000.0 -2.86 [-2.86]
33113100000000.0 534619000000000.0 774126000000.0 741834000000.0 5242760000.0 294867000000.0 77748800000.0 32722300.0 165736000000.0 524572000000.0 0.0 0.0 1173550000.0 171937000000.0 5062620000.0 6530660000.0 110975000.0 -2.84 [-2.84]
33113100000000.0 511360000000000.0 757997000000.0 695955000000.0 4576140000.0 286816000000.0 70223700000.0 27299500.0 169156000000.0 475003000000.0 0.0 0.0 1134960000.0 165584000000.0 4554470000.0 5869510000.0 95236700.0 -2.82 [-2.82]
33113100000000.0 488680000000000.0 741521000000.0 651895000000.0 3984180000.0 278558000000.0 63259000000.0 22696000.0 172507000000.0 428922000000.0 0.0 0.0 1096620000.0 159318000000.0 4088220000.0 5264670000.0 81631300.0 -2.8 [-2.8]
33113100000000.0 467100000000000.0 725099000000.0 610662000000.0 3469150000.0 270359000000.0 56944300000.0 18865200.0 175759000000.0 386993000000.0 0.0 0.0 1059490000.0 153297000000.0 3668980000.0 4722450000.0 70063300.0 -2.78 [-2.78]
33113100000000.0 446404000000000.0 708639000000.0 571774000000.0 3018460000.0 262162000000.0 51193800000.0 15662000.0 178915000000.0 348660000000.0 0.0 0.0 1023260000.0 147467000000.0 3290040000.0 4233540000.0 60168500.0 -2.76 [-2.76]
33113100000000.0 426736000000000.0 692312000000.0 535460000000.0 2627080000.0 254077000000.0 46000900000.0 13003700.0 181965000000.0 313917000000.0 0.0 0.0 988273000.0 141878000000.0 2950180000.0 3796010000.0 51750200.0 -2.74 [-2.74]
33113100000000.0 407657000000000.0 675830000000.0 500829000000.0 2281920000.0 245929000000.0 41247200000.0 10767500.0 184924000000.0 281973000000.0 0.0 0.0 953815000.0 136409000000.0 2640900000.0 3398420000.0 44486100.0 -2.72 [-2.72]
33113100000000.0 389438000000000.0 659458000000.0 468357000000.0 1981570000.0 237884000000.0 36954100000.0 8911020.0 187775000000.0 253014000000.0 0.0 0.0 920424000.0 131144000000.0 2363130000.0 3041810000.0 38282400.0 -2.7 [-2.7]
33113100000000.0 371992000000000.0 643177000000.0 437830000000.0 1719780000.0 229931000000.0 33074400000.0 7368020.0 190519000000.0 226743000000.0 0.0 0.0 888001000.0 126064000000.0 2113320000.0 2721410000.0 32970300.0 -2.68 [-2.68]
33113100000000.0 355292000000000.0 627018000000.0 409152000000.0 1491790000.0 222090000000.0 29574200000.0 6087250.0 193155000000.0 202955000000.0 0.0 0.0 856551000.0 121168000000.0 1888910000.0 2433790000.0 28419700.0 -2.66 [-2.66]
33113100000000.0 339311000000000.0 611028000000.0 382209000000.0 1293350000.0 214376000000.0 26421200000.0 5025370.0 195681000000.0 181450000000.0 0.0 0.0 826080000.0 116451000000.0 1687520000.0 2175780000.0 24519200.0 -2.64 [-2.64]
33113100000000.0 324026000000000.0 595191000000.0 356954000000.0 1120880000.0 206804000000.0 23586000000.0 4146130.0 198096000000.0 162049000000.0 0.0 0.0 796578000.0 111911000000.0 1506980000.0 1944510000.0 21174200.0 -2.62 [-2.62]
33113100000000.0 309411000000000.0 579553000000.0 333278000000.0 971058000.0 199388000000.0 21040100000.0 3418850.0 200400000000.0 144572000000.0 0.0 0.0 768046000.0 107545000000.0 1345290000.0 1737370000.0 18303800.0 -2.6 [-2.6]
33113100000000.0 295442000000000.0 564136000000.0 311097000000.0 840994000.0 192140000000.0 18757000000.0 2817840.0 202593000000.0 128855000000.0 0.0 0.0 740478000.0 103349000000.0 1200600000.0 1551960000.0 15838900.0 -2.58 [-2.58]
