Cloudy_runs/s135712/z=0.097869/logZ=1/component_IV_PI_nH/component_IV_PI_nH_col_density_param.txt
# %ECSV 1.0
# ---
# datatype:
# - {name: H, datatype: float64}
# - {name: H+, datatype: float64}
# - {name: C+, datatype: float64}
# - {name: C+2, datatype: float64}
# - {name: C+3, datatype: float64}
# - {name: N+, datatype: float64}
# - {name: N+2, datatype: float64}
# - {name: N+4, datatype: float64}
# - {name: O, datatype: float64}
# - {name: O+2, datatype: float64}
# - {name: O+5, datatype: float64}
# - {name: O+6, datatype: float64}
# - {name: P+, datatype: float64}
# - {name: Si+, datatype: float64}
# - {name: Si+2, datatype: float64}
# - {name: Si+3, datatype: float64}
# - {name: Si+4, datatype: float64}
# - {name: log_nH, datatype: float64}
# - {name: parameters, datatype: string, subtype: 'float64[1]'}
# schema: astropy-2.0
H H+ C+ C+2 C+3 N+ N+2 N+4 O O+2 O+5 O+6 P+ Si+ Si+2 Si+3 Si+4 log_nH parameters
[from data line 287]
33113100000000.0 1222510000000.0 12105900000.0 19802900.0 0.0 568471000.0 5214.58 0.0 167270000000.0 9207.63 0.0 0.0 82979500.0 6766490000.0 6945.05 8654.56 0.0 0.74 [0.74]
33113100000000.0 1191520000000.0 11744700000.0 18586500.0 0.0 549849000.0 4833.08 0.0 167156000000.0 8524.25 0.0 0.0 82871000.0 6697850000.0 6579.52 8184.42 0.0 0.76 [0.76]
33113100000000.0 1161300000000.0 11391200000.0 17439000.0 0.0 531797000.0 4479.73 0.0 167045000000.0 7892.51 0.0 0.0 82763800.0 6628950000.0 6232.85 7739.06 0.0 0.78 [0.78]
33113100000000.0 1131820000000.0 11045300000.0 16356500.0 0.0 514296000.0 4152.45 0.0 166937000000.0 7308.41 0.0 0.0 82657800.0 6559800000.0 5904.1 7317.19 0.0 0.8 [0.8]
33113100000000.0 1103050000000.0 10706900000.0 15335900.0 0.0 497332000.0 3849.31 0.0 166830000000.0 6768.28 0.0 0.0 82552900.0 6490410000.0 5592.33 6917.62 0.0 0.82 [0.82]
33113100000000.0 1074990000000.0 10376100000.0 14373900.0 0.0 480888000.0 3568.53 0.0 166726000000.0 6268.75 0.0 0.0 82448900.0 6420790000.0 5296.7 6539.19 0.0 0.84 [0.84]
33113100000000.0 1047600000000.0 10052600000.0 13467300.0 0.0 464950000.0 3308.45 0.0 166624000000.0 5806.7 0.0 0.0 82345900.0 6350960000.0 5016.38 6180.81 0.0 0.86 [0.86]
33113100000000.0 1020880000000.0 9736400000.0 12613400.0 0.0 449502000.0 3067.53 0.0 166525000000.0 5379.27 0.0 0.0 82243600.0 6280910000.0 4750.6 5841.46 0.0 0.88 [0.88]
33113100000000.0 994803000000.0 9427970000.0 11816000.0 0.0 434538000.0 2844.42 0.0 166427000000.0 4983.67 0.0 0.0 82142100.0 6210710000.0 4498.62 5520.22 0.0 0.9 [0.9]
33113100000000.0 969338000000.0 9127810000.0 11079600.0 0.0 420049000.0 2637.85 0.0 166332000000.0 4617.36 0.0 0.0 82041100.0 6140400000.0 4259.78 5216.28 0.0 0.92 [0.92]
33113100000000.0 944486000000.0 8834580000.0 10385500.0 0.0 406008000.0 2446.47 0.0 166239000000.0 4278.38 0.0 0.0 81940600.0 6069920000.0 4033.35 4928.53 0.0 0.94 [0.94]
33113100000000.0 920232000000.0 8548230000.0 9731550.0 0.0 392402000.0 2269.16 0.0 166148000000.0 3964.72 0.0 0.0 81840600.0 5999310000.0 3818.72 4656.14 0.0 0.96 [0.96]
33113100000000.0 896555000000.0 8268670000.0 9115610.0 0.0 379218000.0 2104.88 0.0 166058000000.0 3674.42 0.0 0.0 81740900.0 5928560000.0 3615.28 4398.32 0.0 0.98 [0.98]
33113100000000.0 873442000000.0 7995850000.0 8535710.0 0.0 366444000.0 1952.69 0.0 165971000000.0 3405.75 0.0 0.0 81641400.0 5857700000.0 3422.46 4154.32 0.0 1.0 [1.0]
