Cloudy_runs/pg1121/z=0.192393/component_I_PI_nH/component_I_PI_nH_col_density_param.txt
# %ECSV 1.0
# ---
# datatype:
# - {name: H, datatype: float64}
# - {name: H+, datatype: float64}
# - {name: C+, datatype: float64}
# - {name: C+2, datatype: float64}
# - {name: C+3, datatype: float64}
# - {name: N+, datatype: float64}
# - {name: N+2, datatype: float64}
# - {name: N+4, datatype: float64}
# - {name: O, datatype: float64}
# - {name: O+2, datatype: float64}
# - {name: O+5, datatype: float64}
# - {name: O+6, datatype: float64}
# - {name: P+, datatype: float64}
# - {name: Si+, datatype: float64}
# - {name: Si+2, datatype: float64}
# - {name: Si+3, datatype: float64}
# - {name: Si+4, datatype: float64}
# - {name: log_nH, datatype: float64}
# - {name: log_Te, datatype: float64}
# - {name: parameters, datatype: string, subtype: 'float64[1]'}
# schema: astropy-2.0
H H+ C+ C+2 C+3 N+ N+2 N+4 O O+2 O+5 O+6 P+ Si+ Si+2 Si+3 Si+4 log_nH log_Te parameters
[from data line 181]
218776000000000.0 214007000000000.0 954403000000.0 67853200000.0 6191040.0 170228000000.0 428335000.0 0.0 1406520000000.0 1849410000.0 0.0 0.0 1074080000.0 135339000000.0 40019500.0 51901700.0 284188.0 -1.38 2.382 [-1.38]
218776000000000.0 206296000000000.0 934635000000.0 63989200000.0 5569140.0 164105000000.0 388824000.0 0.0 1401540000000.0 1657840000.0 0.0 0.0 1055190000.0 132759000000.0 36920800.0 47893500.0 261460.0 -1.36 2.376 [-1.36]
218776000000000.0 198910000000000.0 915446000000.0 60365500000.0 5014880.0 158213000000.0 353126000.0 0.0 1396520000000.0 1486940000.0 0.0 0.0 1037080000.0 130282000000.0 34089800.0 44229200.0 240763.0 -1.34 2.37 [-1.34]
218776000000000.0 191814000000000.0 896761000000.0 56956900000.0 4519670.0 152529000000.0 320810000.0 0.0 1391460000000.0 1334190000.0 0.0 0.0 1019650000.0 127895000000.0 31497700.0 40872400.0 221873.0 -1.32 2.365 [-1.32]
218776000000000.0 185059000000000.0 878729000000.0 53778700000.0 4079040.0 147092000000.0 291686000.0 0.0 1386430000000.0 1198300000.0 0.0 0.0 1003030000.0 125618000000.0 29132900.0 37808200.0 204689.0 -1.3 2.359 [-1.3]
218776000000000.0 178565000000000.0 861150000000.0 50785900000.0 3684390.0 141845000000.0 265286000.0 0.0 1381360000000.0 1076670000.0 0.0 0.0 987039000.0 123422000000.0 26963400.0 34995900.0 188972.0 -1.28 2.354 [-1.28]
218776000000000.0 172317000000000.0 844000000000.0 47965800000.0 3330530.0 136780000000.0 241342000.0 0.0 1376250000000.0 967732000.0 0.0 0.0 971626000.0 121303000000.0 24971400.0 32412400.0 174583.0 -1.26 2.348 [-1.26]
218776000000000.0 166346000000000.0 827375000000.0 45325200000.0 3014130.0 131919000000.0 219694000.0 0.0 1371170000000.0 870491000.0 0.0 0.0 956880000.0 119272000000.0 23146700.0 30044800.0 161438.0 -1.24 2.343 [-1.24]
218776000000000.0 160632000000000.0 811230000000.0 42848300000.0 2730680.0 127249000000.0 200096000.0 0.0 1366120000000.0 783561000.0 0.0 0.0 942749000.0 117322000000.0 21472600.0 27871700.0 149410.0 -1.22 2.338 [-1.22]
218776000000000.0 155142000000000.0 795489000000.0 40516000000.0 2475980.0 122748000000.0 182312000.0 0.0 1361070000000.0 705662000.0 0.0 0.0 929154000.0 115442000000.0 19932900.0 25872400.0 138377.0 -1.2 2.332 [-1.2]
218776000000000.0 149868000000000.0 780141000000.0 38319800000.0 2246960.0 118411000000.0 166170000.0 0.0 1356030000000.0 635825000.0 0.0 0.0 916076000.0 113630000000.0 18516000.0 24031900.0 128250.0 -1.18 2.327 [-1.18]
218776000000000.0 144805000000000.0 765183000000.0 36253100000.0 2040920.0 114236000000.0 151520000.0 0.0 1351010000000.0 573223000.0 0.0 0.0 903506000.0 111885000000.0 17211600.0 22337000.0 118950.0 -1.16 2.322 [-1.16]
218776000000000.0 139944000000000.0 750599000000.0 34307300000.0 1855380.0 110216000000.0 138217000.0 0.0 1346010000000.0 517073000.0 0.0 0.0 891420000.0 110202000000.0 16009800.0 20775000.0 110403.0 -1.14 2.317 [-1.14]
218776000000000.0 135300000000000.0 736462000000.0 32484700000.0 1688600.0 106374000000.0 126166000.0 0.0 1341030000000.0 466905000.0 0.0 0.0 879868000.0 108589000000.0 14904300.0 19337400.0 102557.0 -1.12 2.312 [-1.12]
218776000000000.0 130843000000000.0 722686000000.0 30769200000.0 1538170.0 102679000000.0 115217000.0 0.0 1336070000000.0 421885000.0 0.0 0.0 868769000.0 107034000000.0 13884500.0 18010900.0 95334.5 -1.1 2.307 [-1.1]
218776000000000.0 126558000000000.0 709229000000.0 29151100000.0 1402230.0 99120000000.0 105257000.0 0.0 1331150000000.0 381406000.0 0.0 0.0 858086000.0 105534000000.0 12942300.0 16785100.0 88677.9 -1.08 2.302 [-1.08]
218776000000000.0 122438000000000.0 696079000000.0 27624300000.0 1279280.0 95690300000.0 96192400.0 0.0 1326280000000.0 344989000.0 0.0 0.0 847799000.0 104084000000.0 12071200.0 15651700.0 82537.4 -1.06 2.297 [-1.06]
218776000000000.0 118475000000000.0 683224000000.0 26183300000.0 1167980.0 92385800000.0 87939700.0 0.0 1321450000000.0 312213000.0 0.0 0.0 837894000.0 102683000000.0 11265200.0 14603000.0 76868.9 -1.04 2.292 [-1.04]
218776000000000.0 114661000000000.0 670646000000.0 24822200000.0 1067110.0 89200000000.0 80421600.0 0.0 1316670000000.0 282687000.0 0.0 0.0 828348000.0 101328000000.0 10518800.0 13631700.0 71631.5 -1.02 2.287 [-1.02]
218776000000000.0 110992000000000.0 658345000000.0 23537100000.0 975654.0 86131500000.0 73572500.0 0.0 1311950000000.0 256091000.0 0.0 0.0 819154000.0 100019000000.0 9827360.0 12732000.0 66790.0 -1.0 2.283 [-1.0]
218776000000000.0 107459000000000.0 646299000000.0 22322500000.0 892635.0 83173400000.0 67328400.0 0.0 1307270000000.0 232109000.0 0.0 0.0 810292000.0 98751000000.0 9186210.0 11897700.0 62310.3 -0.98 2.278 [-0.98]
218776000000000.0 104058000000000.0 634502000000.0 21174300000.0 817218.0 80322400000.0 61634200.0 0.0 1302660000000.0 210476000.0 0.0 0.0 801748000.0 97523800000.0 8591350.0 11123600.0 58162.6 -0.96 2.273 [-0.96]
218776000000000.0 100783000000000.0 622946000000.0 20088700000.0 748655.0 77574800000.0 56440000.0 0.0 1298100000000.0 190955000.0 0.0 0.0 793510000.0 96335400000.0 8039100.0 10405000.0 54320.0 -0.94 2.269 [-0.94]
218776000000000.0 97618800000000.0 611591000000.0 19059400000.0 686196.0 74920600000.0 51694000.0 0.0 1293580000000.0 173306000.0 0.0 0.0 785542000.0 95180600000.0 7525540.0 9736760.0 50754.1 -0.92 2.264 [-0.92]
218776000000000.0 94578800000000.0 600484000000.0 18087800000.0 629390.0 72367700000.0 47366700.0 0.0 1289140000000.0 157382000.0 0.0 0.0 777877000.0 94064200000.0 7048610.0 9116240.0 47448.9 -0.9 2.26 [-0.9]
218776000000000.0 91648600000000.0 589588000000.0 17168000000.0 577620.0 69906200000.0 43414300.0 0.0 1284760000000.0 142986000.0 0.0 0.0 770479000.0 92981400000.0 6604940.0 8539070.0 44380.3 -0.88 2.256 [-0.88]
218776000000000.0 88824100000000.0 578898000000.0 16297200000.0 530407.0 67533700000.0 39803700.0 0.0 1280440000000.0 129970000.0 0.0 0.0 763340000.0 91930800000.0 6192000.0 8001940.0 41529.8 -0.86 2.251 [-0.86]
218776000000000.0 86100700000000.0 568405000000.0 15472600000.0 487318.0 65246500000.0 36503900.0 0.0 1276190000000.0 118192000.0 0.0 0.0 756447000.0 90910900000.0 5807420.0 7501780.0 38880.2 -0.84 2.247 [-0.84]
218776000000000.0 83480800000000.0 558128000000.0 14693100000.0 448007.0 63046100000.0 33490500.0 0.0 1272010000000.0 107544000.0 0.0 0.0 749810000.0 89923100000.0 5449350.0 7036140.0 36417.6 -0.82 2.243 [-0.82]
218776000000000.0 80946800000000.0 548007000000.0 13952600000.0 412035.0 60919400000.0 30731200.0 0.0 1267880000000.0 97886200.0 0.0 0.0 743381000.0 88960500000.0 5115170.0 6601670.0 34123.9 -0.8 2.238 [-0.8]
218776000000000.0 78502000000000.0 538065000000.0 13250800000.0 379139.0 58869200000.0 28207100.0 0.0 1263820000000.0 89135900.0 0.0 0.0 737170000.0 88024900000.0 4803420.0 6196460.0 31988.0 -0.78 2.234 [-0.78]
218776000000000.0 76145000000000.0 528298000000.0 12585400000.0 349037.0 56892300000.0 25897500.0 0.0 1261670000000.0 80410000.0 0.0 0.0 731175000.0 87115500000.0 4512490.0 5818380.0 29998.5 -0.76 2.23 [-0.76]
218776000000000.0 73865500000000.0 518678000000.0 11953300000.0 321450.0 54982800000.0 23781500.0 0.0 1259880000000.0 72374800.0 0.0 0.0 725367000.0 86228800000.0 4240620.0 5465160.0 28142.7 -0.74 2.226 [-0.74]
218776000000000.0 71669700000000.0 509240000000.0 11354900000.0 296196.0 53144800000.0 21845800.0 0.0 1258010000000.0 65163400.0 0.0 0.0 719768000.0 85367700000.0 3986770.0 5135430.0 26412.9 -0.72 2.222 [-0.72]
218776000000000.0 69548900000000.0 499956000000.0 10787100000.0 273039.0 51371800000.0 20072600.0 0.0 1256050000000.0 58682900.0 0.0 0.0 714352000.0 84528800000.0 3749430.0 4827230.0 24798.5 -0.7 2.218 [-0.7]
218776000000000.0 67495700000000.0 490805000000.0 10247400000.0 251778.0 49658900000.0 18446500.0 0.0 1253830000000.0 52914100.0 0.0 0.0 709101000.0 83709400000.0 3527280.0 4538850.0 23290.2 -0.68 2.215 [-0.68]
218776000000000.0 65513900000000.0 481812000000.0 9735850000.0 232273.0 48008300000.0 16957000.0 0.0 1250450000000.0 48094900.0 0.0 0.0 704026000.0 82911600000.0 3319470.0 4269160.0 21881.6 -0.66 2.211 [-0.66]
218776000000000.0 63598700000000.0 472961000000.0 9250190000.0 214359.0 46415900000.0 15591500.0 0.0 1247100000000.0 43728900.0 0.0 0.0 699116000.0 82133400000.0 3124910.0 4016750.0 20565.1 -0.64 2.207 [-0.64]
218776000000000.0 61747700000000.0 464249000000.0 8789090000.0 197898.0 44879800000.0 14339200.0 0.0 1243800000000.0 39772700.0 0.0 0.0 694363000.0 81373900000.0 2942680.0 3780410.0 19334.0 -0.62 2.203 [-0.62]
218776000000000.0 59957900000000.0 455671000000.0 8351130000.0 182763.0 43397300000.0 13190500.0 0.0 1240540000000.0 36186000.0 0.0 0.0 689761000.0 80632300000.0 2771900.0 3559010.0 18182.4 -0.6 2.2 [-0.6]
218776000000000.0 58227500000000.0 447225000000.0 7935170000.0 168842.0 41966900000.0 12136400.0 0.0 1237310000000.0 32933500.0 0.0 0.0 685306000.0 79908000000.0 2611800.0 3351530.0 17104.5 -0.58 2.196 [-0.58]
218776000000000.0 56553900000000.0 438908000000.0 7540050000.0 156031.0 40586500000.0 11169000.0 0.0 1234130000000.0 29983100.0 0.0 0.0 680991000.0 79199900000.0 2461640.0 3157010.0 16095.3 -0.56 2.192 [-0.56]
218776000000000.0 54941000000000.0 430743000000.0 7165780000.0 144251.0 39258100000.0 10282200.0 0.0 1231010000000.0 27309500.0 0.0 0.0 676830000.0 78510600000.0 2320890.0 2974740.0 15150.8 -0.54 2.189 [-0.54]
218776000000000.0 53368600000000.0 422646000000.0 6807840000.0 133369.0 37968400000.0 9465350.0 0.0 1227900000000.0 24875400.0 0.0 0.0 672761000.0 77830400000.0 2188500.0 2803380.0 14263.9 -0.52 2.185 [-0.52]
218776000000000.0 51858300000000.0 414723000000.0 6469820000.0 123369.0 36730500000.0 8717240.0 0.0 1224860000000.0 22671500.0 0.0 0.0 668854000.0 77170200000.0 2064430.0 2642850.0 13434.1 -0.5 2.182 [-0.5]
218776000000000.0 50391300000000.0 406892000000.0 6147550000.0 114138.0 35532300000.0 8028930.0 0.0 1221850000000.0 20666800.0 0.0 0.0 665049000.0 76521000000.0 1947770.0 2491970.0 12655.1 -0.48 2.178 [-0.48]
218776000000000.0 48965600000000.0 399147000000.0 5840180000.0 105611.0 34371600000.0 7395450.0 0.0 1218870000000.0 18841900.0 0.0 0.0 661343000.0 75882200000.0 1838030.0 2350110.0 11923.5 -0.46 2.175 [-0.46]
218776000000000.0 47595100000000.0 391568000000.0 5549840000.0 0.0 33257600000.0 6814810.0 0.0 1215960000000.0 17188600.0 0.0 0.0 657781000.0 75261200000.0 1735060.0 2217060.0 0.0 -0.44 2.172 [-0.44]
218776000000000.0 46258900000000.0 384050000000.0 5272120000.0 0.0 32175600000.0 6279520.0 0.0 1213070000000.0 15680900.0 0.0 0.0 654297000.0 74647400000.0 1638060.0 2091780.0 0.0 -0.42 2.168 [-0.42]
218776000000000.0 44969200000000.0 376667000000.0 5008920000.0 0.0 31133900000.0 5787970.0 0.0 1210240000000.0 14311800.0 0.0 0.0 650932000.0 74047600000.0 1546900.0 1974100.0 0.0 -0.4 2.165 [-0.4]
218776000000000.0 43719900000000.0 369392000000.0 4758650000.0 0.0 30127800000.0 5335830.0 0.0 1207450000000.0 13066200.0 0.0 0.0 647668000.0 73458900000.0 1461120.0 1863410.0 0.0 -0.38 2.162 [-0.38]
218776000000000.0 42509400000000.0 362223000000.0 4520670000.0 0.0 29155900000.0 4919840.0 0.0 1204700000000.0 11932500.0 0.0 0.0 644500000.0 72880800000.0 1380370.0 1759270.0 0.0 -0.36 2.159 [-0.36]
218776000000000.0 41336500000000.0 355158000000.0 4294360000.0 0.0 28217000000.0 4537050.0 0.0 1202000000000.0 10900400.0 0.0 0.0 641425000.0 72312700000.0 1304330.0 1661260.0 0.0 -0.34 2.156 [-0.34]
218776000000000.0 40199600000000.0 348195000000.0 4079140000.0 0.0 27310000000.0 4184710.0 0.0 1199340000000.0 9960570.0 0.0 0.0 638441000.0 71754300000.0 1232720.0 1569000.0 0.0 -0.32 2.153 [-0.32]
218776000000000.0 39097600000000.0 341334000000.0 3874470000.0 0.0 26433600000.0 3860340.0 0.0 1196730000000.0 9104390.0 0.0 0.0 635543000.0 71205100000.0 1165240.0 1482110.0 0.0 -0.3 2.15 [-0.3]
218776000000000.0 38029200000000.0 334573000000.0 3679820000.0 0.0 25586700000.0 3561670.0 0.0 1194160000000.0 8324210.0 0.0 0.0 632728000.0 70664600000.0 1101650.0 1400270.0 0.0 -0.28 2.147 [-0.28]
218776000000000.0 36993200000000.0 327910000000.0 3494690000.0 0.0 24768200000.0 3286590.0 0.0 1191640000000.0 7612990.0 0.0 0.0 629994000.0 70132500000.0 1041710.0 1323160.0 0.0 -0.26 2.144 [-0.26]
218776000000000.0 35988600000000.0 321346000000.0 3318630000.0 0.0 23977200000.0 3033200.0 0.0 1189160000000.0 6964630.0 0.0 0.0 627339000.0 69608500000.0 985183.0 1250490.0 0.0 -0.24 2.141 [-0.24]
218776000000000.0 35014100000000.0 314876000000.0 3151160000.0 0.0 23212500000.0 2799740.0 0.0 1186720000000.0 6373160.0 0.0 0.0 624758000.0 69092000000.0 931867.0 1181980.0 0.0 -0.22 2.138 [-0.22]
218776000000000.0 34068800000000.0 308503000000.0 2991910000.0 0.0 22473300000.0 2584610.0 0.0 1184320000000.0 5833630.0 0.0 0.0 622251000.0 68582900000.0 881569.0 1117390.0 0.0 -0.2 2.135 [-0.2]
218776000000000.0 33151600000000.0 302223000000.0 2840440000.0 0.0 21758700000.0 2386330.0 0.0 1181970000000.0 5341230.0 0.0 0.0 619813000.0 68080600000.0 834104.0 1056470.0 0.0 -0.18 2.132 [-0.18]
218776000000000.0 32262100000000.0 296008000000.0 2696180000.0 0.0 21066500000.0 2203420.0 0.0 1179660000000.0 4892100.0 0.0 0.0 617445000.0 67584800000.0 789305.0 999004.0 0.0 -0.16 2.129 [-0.16]
218776000000000.0 31398300000000.0 289912000000.0 2559150000.0 0.0 20398100000.0 2034890.0 0.0 1177390000000.0 4481560.0 0.0 0.0 615141000.0 67095200000.0 747006.0 944777.0 0.0 -0.14 2.126 [-0.14]
218776000000000.0 30559900000000.0 283907000000.0 2428860000.0 0.0 19751900000.0 1879490.0 0.0 1175160000000.0 4106630.0 0.0 0.0 612901000.0 66611700000.0 707064.0 893600.0 0.0 -0.12 2.123 [-0.12]
218776000000000.0 29746000000000.0 277992000000.0 2304940000.0 0.0 19126800000.0 1736160.0 0.0 1172980000000.0 3764020.0 0.0 0.0 610721000.0 66133700000.0 669338.0 845290.0 0.0 -0.1 2.121 [-0.1]
218776000000000.0 28960000000000.0 272194000000.0 2187600000.0 0.0 18524500000.0 1604180.0 0.0 1170850000000.0 3451570.0 0.0 0.0 608618000.0 65664300000.0 633736.0 799731.0 0.0 -0.08 2.118 [-0.08]
218776000000000.0 28192400000000.0 266455000000.0 2075500000.0 0.0 17939300000.0 1482170.0 0.0 1168740000000.0 3165240.0 0.0 0.0 606555000.0 65196500000.0 600056.0 756654.0 0.0 -0.06 2.115 [-0.06]
218776000000000.0 27443400000000.0 260778000000.0 1968490000.0 0.0 17371200000.0 1369420.0 0.0 1166670000000.0 2902930.0 0.0 0.0 604532000.0 64730400000.0 568191.0 715921.0 0.0 -0.04 2.113 [-0.04]
218776000000000.0 26723100000000.0 255238000000.0 1867560000.0 0.0 16825400000.0 1265700.0 0.0 1164650000000.0 2663910.0 0.0 0.0 602592000.0 64274800000.0 538134.0 677526.0 0.0 -0.02 2.11 [-0.02]
218776000000000.0 26019900000000.0 249759000000.0 1771210000.0 0.0 16295400000.0 1169810.0 0.0 1162670000000.0 2444810.0 0.0 0.0 600691000.0 63820500000.0 509687.0 641208.0 0.0 -0.0 2.107 [-0.0]
218776000000000.0 25336600000000.0 244364000000.0 1679600000.0 0.0 15782400000.0 1081290.0 0.0 1160720000000.0 2244250.0 0.0 0.0 598838000.0 63369900000.0 482786.0 606885.0 0.0 0.02 2.105 [0.02]
218776000000000.0 24673000000000.0 239055000000.0 1592520000.0 0.0 15285900000.0 999568.0 0.0 1158810000000.0 2060680.0 0.0 0.0 597035000.0 62923200000.0 457344.0 574443.0 0.0 0.04 2.102 [0.04]
218776000000000.0 24025000000000.0 233806000000.0 1509470000.0 0.0 14803700000.0 923993.0 0.0 1156920000000.0 1892290.0 0.0 0.0 595265000.0 62476900000.0 433254.0 543743.0 0.0 0.06 2.099 [0.06]
218776000000000.0 23398300000000.0 228663000000.0 1430810000.0 0.0 14338600000.0 854314.0 0.0 1155090000000.0 1738350.0 0.0 0.0 593554000.0 62036800000.0 410486.0 514748.0 0.0 0.08 2.097 [0.08]
218776000000000.0 22789100000000.0 223601000000.0 1356040000.0 0.0 13888300000.0 789955.0 0.0 1153290000000.0 1597290.0 0.0 0.0 591887000.0 61599500000.0 388942.0 487328.0 0.0 0.1 2.094 [0.1]
218776000000000.0 22197000000000.0 218619000000.0 1284980000.0 0.0 13452200000.0 730504.0 0.0 1151530000000.0 1468020.0 0.0 0.0 590262000.0 61165000000.0 368553.0 461395.0 0.0 0.12 2.092 [0.12]
