Cloudy_runs/pg1121/z=0.192393/component_I_PI_nH/component_I_PI_nH_col_density_param.txt
# %ECSV 1.0
# ---
# datatype:
# - {name: H, datatype: float64}
# - {name: H+, datatype: float64}
# - {name: C+, datatype: float64}
# - {name: C+2, datatype: float64}
# - {name: C+3, datatype: float64}
# - {name: N+, datatype: float64}
# - {name: N+2, datatype: float64}
# - {name: N+4, datatype: float64}
# - {name: O, datatype: float64}
# - {name: O+2, datatype: float64}
# - {name: O+5, datatype: float64}
# - {name: O+6, datatype: float64}
# - {name: P+, datatype: float64}
# - {name: Si+, datatype: float64}
# - {name: Si+2, datatype: float64}
# - {name: Si+3, datatype: float64}
# - {name: Si+4, datatype: float64}
# - {name: log_nH, datatype: float64}
# - {name: log_Te, datatype: float64}
# - {name: parameters, datatype: string, subtype: 'float64[1]'}
# schema: astropy-2.0
H H+ C+ C+2 C+3 N+ N+2 N+4 O O+2 O+5 O+6 P+ Si+ Si+2 Si+3 Si+4 log_nH log_Te parameters
[from data line 56]
218776000000000.0 6.72804e+16 9820620000000.0 133397000000000.0 32470400000000.0 1738730000000.0 26817700000000.0 2304460000000.0 27283400000.0 177068000000000.0 487072000000.0 12598500000.0 21239900000.0 2381520000000.0 3434750000000.0 9220670000000.0 6266540000000.0 -3.88 3.143 [-3.88]
218776000000000.0 6.34755e+16 9736590000000.0 126880000000000.0 29613500000000.0 1788350000000.0 25784800000000.0 1998630000000.0 30446600000.0 171454000000000.0 401598000000.0 9904530000.0 21588300000.0 2510260000000.0 3358350000000.0 8736530000000.0 5563010000000.0 -3.86 3.144 [-3.86]
218776000000000.0 5.99024e+16 9650390000000.0 120651000000000.0 26992000000000.0 1837380000000.0 24767300000000.0 1732420000000.0 33916600000.0 165769000000000.0 330902000000.0 7781960000.0 21885800000.0 2636050000000.0 3272850000000.0 8257290000000.0 4925930000000.0 -3.84 3.129 [-3.84]
218776000000000.0 5.65449e+16 9562280000000.0 114699000000000.0 24586700000000.0 1885760000000.0 23766700000000.0 1500790000000.0 37716900000.0 160031000000000.0 272437000000.0 6109920000.0 22132700000.0 2757900000000.0 3179000000000.0 7785030000000.0 4350580000000.0 -3.82 3.13 [-3.82]
218776000000000.0 5.33881e+16 9472510000000.0 109011000000000.0 22380500000000.0 1933430000000.0 22784100000000.0 1299370000000.0 41871700000.0 154260000000000.0 224106000000.0 4793300000.0 22329800000.0 2874770000000.0 3077640000000.0 7321700000000.0 3832470000000.0 -3.8 3.115 [-3.8]
218776000000000.0 5.04201e+16 9381370000000.0 103582000000000.0 20358500000000.0 1980300000000.0 21821500000000.0 1124380000000.0 46404900000.0 148478000000000.0 184188000000.0 3757520000.0 22478200000.0 2985660000000.0 2969730000000.0 6869340000000.0 3367480000000.0 -3.78 3.116 [-3.78]
218776000000000.0 4.76254e+16 9288960000000.0 98395000000000.0 18504200000000.0 2026360000000.0 20878800000000.0 972300000000.0 51346000000.0 142696000000000.0 151209000000.0 2942440000.0 22579500000.0 3089700000000.0 2856110000000.0 6429100000000.0 2951010000000.0 -3.76 3.102 [-3.76]
218776000000000.0 4.4995e+16 9195700000000.0 93444400000000.0 16805600000000.0 2071510000000.0 19957800000000.0 840300000000.0 56719000000.0 136935000000000.0 124004000000.0 2302010000.0 22635500000.0 3185970000000.0 2737910000000.0 6002780000000.0 2579430000000.0 -3.74 3.102 [-3.74]
218776000000000.0 4.25191e+16 9101980000000.0 88722300000000.0 15250300000000.0 2115690000000.0 19059800000000.0 725810000000.0 62550800000.0 131215000000000.0 101583000000.0 1799290000.0 22648600000.0 3273660000000.0 2616190000000.0 5591740000000.0 2248970000000.0 -3.72 3.089 [-3.72]
218776000000000.0 4.01855e+16 9007510000000.0 84214500000000.0 13826400000000.0 2158850000000.0 18184300000000.0 626495000000.0 68872900000.0 125544000000000.0 83109100000.0 1404720000.0 22620100000.0 3352180000000.0 2491810000000.0 5196660000000.0 1955770000000.0 -3.7 3.09 [-3.7]
218776000000000.0 3.79917e+16 8913900000000.0 79925500000000.0 12525300000000.0 2200870000000.0 17334700000000.0 540586000000.0 75698600000.0 119955000000000.0 67937900000.0 1096040000.0 22554800000.0 3420770000000.0 2366290000000.0 4819440000000.0 1697060000000.0 -3.68 3.077 [-3.68]
218776000000000.0 3.59259e+16 8820780000000.0 75839400000000.0 11336100000000.0 2241700000000.0 16510300000000.0 466220000000.0 83060900000.0 114453000000000.0 55474900000.0 854456000.0 22454300000.0 3479120000000.0 2240390000000.0 4460170000000.0 1469190000000.0 -3.66 3.078 [-3.66]
218776000000000.0 3.3982e+16 8728540000000.0 71951500000000.0 10250800000000.0 2281260000000.0 15712000000000.0 401930000000.0 90981000000.0 109056000000000.0 45254700000.0 665675000.0 22321500000.0 3526940000000.0 2115180000000.0 4119600000000.0 1269250000000.0 -3.64 3.065 [-3.64]
218776000000000.0 3.21528e+16 8637460000000.0 68253400000000.0 9261050000000.0 2319490000000.0 14940200000000.0 346379000000.0 99482500000.0 103777000000000.0 36882500000.0 518282000.0 22159400000.0 3564130000000.0 1991520000000.0 3797950000000.0 1094340000000.0 -3.62 3.066 [-3.62]
218776000000000.0 3.04313e+16 8547780000000.0 64737000000000.0 8359040000000.0 2356330000000.0 14195000000000.0 298405000000.0 108586000000.0 98626800000000.0 30031700000.0 403305000.0 21970700000.0 3590690000000.0 1870240000000.0 3495280000000.0 941782000000.0 -3.6 3.054 [-3.6]
218776000000000.0 2.88119e+16 8459790000000.0 61396000000000.0 7538030000000.0 2391700000000.0 13476900000000.0 257007000000.0 118312000000.0 93617700000000.0 24433400000.0 313707000.0 21758400000.0 3606820000000.0 1752080000000.0 3211570000000.0 809130000000.0 -3.58 3.055 [-3.58]
218776000000000.0 2.72885e+16 8373640000000.0 58222700000000.0 6791480000000.0 2425560000000.0 12785800000000.0 221300000000.0 128679000000.0 88758100000000.0 19863400000.0 243936000.0 21525000000.0 3612820000000.0 1637640000000.0 2946510000000.0 694104000000.0 -3.56 3.043 [-3.56]
218776000000000.0 2.58556e+16 8289430000000.0 55209900000000.0 6113390000000.0 2457830000000.0 12121500000000.0 190518000000.0 139701000000.0 84055900000000.0 16136900000.0 189643000.0 21273100000.0 3609130000000.0 1527440000000.0 2699680000000.0 594620000000.0 -3.54 3.044 [-3.54]
218776000000000.0 2.45082e+16 8207380000000.0 52351300000000.0 5498270000000.0 2488460000000.0 11484000000000.0 163999000000.0 151388000000.0 79518300000000.0 13101800000.0 147427000.0 21005200000.0 3596250000000.0 1421920000000.0 2470580000000.0 508809000000.0 -3.52 3.033 [-3.52]
218776000000000.0 2.3241e+16 8127440000000.0 49639300000000.0 4940790000000.0 2517400000000.0 10872900000000.0 141155000000.0 163753000000.0 75149100000000.0 10631600000.0 114611000.0 20723500000.0 3574810000000.0 1321330000000.0 2258500000000.0 434941000000.0 -3.5 3.033 [-3.5]
218776000000000.0 2.20492e+16 8049570000000.0 47067000000000.0 4436130000000.0 2544590000000.0 10287700000000.0 121483000000.0 176805000000.0 70950800000000.0 8622810000.0 89107300.0 20429700000.0 3545460000000.0 1225870000000.0 2062660000000.0 371476000000.0 -3.48 3.023 [-3.48]
218776000000000.0 2.09284e+16 7973860000000.0 44628400000000.0 3979910000000.0 2570000000000.0 9728040000000.0 104550000000.0 190546000000.0 66926700000000.0 6990800000.0 69296600.0 20126000000.0 3508940000000.0 1135680000000.0 1882300000000.0 317063000000.0 -3.46 3.023 [-3.46]
218776000000000.0 1.98741e+16 7900060000000.0 42316300000000.0 3567860000000.0 2593570000000.0 9193120000000.0 89974900000.0 204982000000.0 63075800000000.0 5665430000.0 53905200.0 19813600000.0 3465950000000.0 1050750000000.0 1716500000000.0 270472000000.0 -3.44 3.013 [-3.44]
218776000000000.0 1.88816e+16 7828060000000.0 40123500000000.0 3196030000000.0 2615250000000.0 8682070000000.0 77426300000.0 220117000000.0 59395900000000.0 4589410000.0 41943600.0 19493800000.0 3417200000000.0 971005000000.0 1564310000000.0 230619000000.0 -3.42 3.013 [-3.42]
218776000000000.0 1.79477e+16 7757730000000.0 38045000000000.0 2860980000000.0 2635020000000.0 8194440000000.0 66627900000.0 235945000000.0 55887000000000.0 3716580000.0 32650100.0 19168100000.0 3363450000000.0 896391000000.0 1424910000000.0 196584000000.0 -3.4 3.003 [-3.4]
218776000000000.0 1.70682e+16 7688940000000.0 36074300000000.0 2559270000000.0 2652840000000.0 7729360000000.0 57333300000.0 252463000000.0 52545400000000.0 3008780000.0 25426700.0 18837600000.0 3305350000000.0 826747000000.0 1297380000000.0 167538000000.0 -3.38 3.003 [-3.38]
218776000000000.0 1.62395e+16 7621380000000.0 34205300000000.0 2287850000000.0 2668660000000.0 7285910000000.0 49331600000.0 269672000000.0 49366400000000.0 2434850000.0 19809400.0 18502800000.0 3243570000000.0 761862000000.0 1180820000000.0 142764000000.0 -3.36 2.994 [-3.36]
218776000000000.0 1.54582e+16 7554930000000.0 32432500000000.0 2043870000000.0 2682450000000.0 6863330000000.0 42442400000.0 287558000000.0 46346200000000.0 1969680000.0 15439700.0 18164800000.0 3178700000000.0 701542000000.0 1074390000000.0 121647000000.0 -3.34 2.994 [-3.34]
218776000000000.0 1.47218e+16 7489540000000.0 30751800000000.0 1824820000000.0 2694200000000.0 6461040000000.0 36513400000.0 306110000000.0 43481400000000.0 1592920000.0 0.0 17824700000.0 3111370000000.0 645593000000.0 977351000000.0 103663000000.0 -3.32 2.985 [-3.32]
218776000000000.0 1.40269e+16 7424900000000.0 29157400000000.0 1628270000000.0 2703860000000.0 6078100000000.0 31408800000.0 325315000000.0 40766000000000.0 1287760000.0 0.0 17482800000.0 3042070000000.0 593756000000.0 888899000000.0 88347000000.0 -3.3 2.985 [-3.3]
218776000000000.0 1.33709e+16 7360910000000.0 27644600000000.0 1452030000000.0 2711400000000.0 5713740000000.0 27013200000.0 345157000000.0 38194600000000.0 1040650000.0 0.0 17139800000.0 2971270000000.0 545793000000.0 808317000000.0 75305300000.0 -3.28 2.976 [-3.28]
218776000000000.0 1.27511e+16 7297260000000.0 26209100000000.0 1294160000000.0 2716800000000.0 5367210000000.0 23228600000.0 365623000000.0 35761400000000.0 840602000.0 0.0 16796100000.0 2899420000000.0 501459000000.0 734944000000.0 64201700000.0 -3.26 2.976 [-3.26]
218776000000000.0 1.21654e+16 7233850000000.0 24846900000000.0 1152830000000.0 2720040000000.0 5037830000000.0 19970000000.0 386686000000.0 33461500000000.0 678725000.0 0.0 16452200000.0 2826900000000.0 460526000000.0 668166000000.0 54749600000.0 -3.24 2.967 [-3.24]
218776000000000.0 1.16111e+16 7170430000000.0 23553300000000.0 1026340000000.0 2721080000000.0 4724740000000.0 17163100000.0 408333000000.0 31287900000000.0 547718000.0 0.0 16108500000.0 2754020000000.0 422745000000.0 607378000000.0 46699300000.0 -3.22 2.967 [-3.22]
218776000000000.0 1.10864e+16 7106880000000.0 22324900000000.0 913233000000.0 2719890000000.0 4427340000000.0 14745800000.0 430534000000.0 29235600000000.0 441753000.0 0.0 15765300000.0 2681080000000.0 387903000000.0 552064000000.0 39843500000.0 -3.2 2.959 [-3.2]
218776000000000.0 1.05894e+16 7043060000000.0 21158300000000.0 812161000000.0 2716470000000.0 4145030000000.0 12664300000.0 453263000000.0 27299200000000.0 356081000.0 0.0 15423100000.0 2608350000000.0 355795000000.0 501744000000.0 34004600000.0 -3.18 2.958 [-3.18]
218776000000000.0 1.01179e+16 6978750000000.0 20049200000000.0 721826000000.0 2710760000000.0 3876950000000.0 10870800000.0 476499000000.0 25471800000000.0 286799000.0 0.0 15081800000.0 2535990000000.0 326194000000.0 455932000000.0 29027300000.0 -3.16 2.95 [-3.16]
218776000000000.0 9670880000000000.0 6913940000000.0 18996200000000.0 641236000000.0 2702810000000.0 3622890000000.0 9327660000.0 500196000000.0 23750600000000.0 230861000.0 0.0 14742500000.0 2464310000000.0 298957000000.0 414285000000.0 24788400000.0 -3.14 2.95 [-3.14]
218776000000000.0 9246360000000000.0 6848350000000.0 17995200000000.0 569312000000.0 2692560000000.0 3382020000000.0 7998840000.0 524332000000.0 22128700000000.0 185677000.0 0.0 14404700000.0 2393370000000.0 273874000000.0 376382000000.0 21173900000.0 -3.12 2.942 [-3.12]
218776000000000.0 8842970000000000.0 6781910000000.0 17043500000000.0 505166000000.0 2680000000000.0 3153840000000.0 6855080000.0 548870000000.0 20601300000000.0 149208000.0 0.0 14069000000.0 2323340000000.0 250786000000.0 341895000000.0 18091600000.0 -3.1 2.941 [-3.1]
218776000000000.0 8459400000000000.0 6714490000000.0 16138700000000.0 447990000000.0 2665140000000.0 2937850000000.0 5870920000.0 573774000000.0 19163800000000.0 119790000.0 0.0 13735500000.0 2254310000000.0 229540000000.0 310514000000.0 15462400000.0 -3.08 2.933 [-3.08]
218776000000000.0 8094380000000000.0 6645940000000.0 15278300000000.0 397052000000.0 2647970000000.0 2733550000000.0 5024360000.0 599007000000.0 17811600000000.0 96076400.0 0.0 13404300000.0 2186390000000.0 209993000000.0 281958000000.0 13218900000.0 -3.06 2.933 [-3.06]
218776000000000.0 7746770000000000.0 6576160000000.0 14460000000000.0 351693000000.0 2628500000000.0 2540470000000.0 4296430000.0 624528000000.0 16540200000000.0 76974200.0 0.0 13075800000.0 2119640000000.0 192013000000.0 255971000000.0 11303800000.0 -3.04 2.925 [-3.04]
218776000000000.0 7415780000000000.0 6505110000000.0 13682400000000.0 311351000000.0 2606780000000.0 2358290000000.0 3671260000.0 650283000000.0 15346500000000.0 61608000.0 0.0 12750400000.0 2054180000000.0 175491000000.0 232337000000.0 9669640000.0 -3.02 2.925 [-3.02]
218776000000000.0 7098480000000000.0 6432150000000.0 12938900000000.0 275325000000.0 2582500000000.0 2185700000000.0 3132090000.0 676310000000.0 14220200000000.0 49209000.0 0.0 12426100000.0 1989630000000.0 160231000000.0 210735000000.0 8268870000.0 -3.0 2.917 [-3.0]
218776000000000.0 6798100000000000.0 6358320000000.0 12237300000000.0 243501000000.0 2556420000000.0 2024160000000.0 2672280000.0 702400000000.0 13170700000000.0 39303600.0 0.0 12107500000.0 1926940000000.0 146301000000.0 191209000000.0 7078980000.0 -2.98 2.909 [-2.98]
218776000000000.0 6510080000000000.0 6282590000000.0 11567300000000.0 215128000000.0 2527910000000.0 1871600000000.0 2276460000.0 728652000000.0 12182800000000.0 31330200.0 0.0 11791000000.0 1865300000000.0 133456000000.0 173376000000.0 6059030000.0 -2.96 2.902 [-2.96]
218776000000000.0 6234650000000000.0 6205040000000.0 10929500000000.0 189924000000.0 2497200000000.0 1728090000000.0 1937030000.0 754989000000.0 11256200000000.0 24935600.0 0.0 11477500000.0 1804970000000.0 121648000000.0 157139000000.0 5186750000.0 -2.94 2.894 [-2.94]
218776000000000.0 5971220000000000.0 6125710000000.0 10322900000000.0 167552000000.0 2464350000000.0 1593330000000.0 1646280000.0 781358000000.0 10388300000000.0 19815400.0 0.0 11167500000.0 1745970000000.0 110803000000.0 142362000000.0 4440850000.0 -2.92 2.887 [-2.92]
218776000000000.0 5717900000000000.0 6044110000000.0 9743080000000.0 147636000000.0 2429130000000.0 1466470000000.0 1396600000.0 807769000000.0 9572560000000.0 15709100.0 0.0 10859500000.0 1688020000000.0 100808000000.0 128864000000.0 3800870000.0 -2.9 2.88 [-2.9]
218776000000000.0 5476350000000000.0 5960960000000.0 9194060000000.0 130043000000.0 2392160000000.0 1348090000000.0 1183920000.0 834072000000.0 8812580000000.0 12440600.0 0.0 10556400000.0 1631660000000.0 91669100000.0 116628000000.0 3255120000.0 -2.88 2.866 [-2.88]
218776000000000.0 5245010000000000.0 5875920000000.0 8672260000000.0 114463000000.0 2353290000000.0 1237440000000.0 1002370000.0 860265000000.0 8102800000000.0 9835380.0 0.0 10257300000.0 1576670000000.0 83290100000.0 105502000000.0 2788310000.0 -2.86 2.86 [-2.86]
218776000000000.0 5024360000000000.0 5789510000000.0 8178620000000.0 100721000000.0 2312910000000.0 1134540000000.0 848063000.0 886248000000.0 7443130000000.0 7767810.0 0.0 9963750000.0 1523290000000.0 75641200000.0 95424200000.0 2390130000.0 -2.84 2.834 [-2.84]
218776000000000.0 4811590000000000.0 5700660000000.0 7707020000000.0 88511600000.0 2270470000000.0 1038220000000.0 716032000.0 912097000000.0 6825240000000.0 6118240.0 0.0 9672590000.0 1470920000000.0 68602800000.0 86221600000.0 2047990000.0 -2.82 2.833 [-2.82]
218776000000000.0 4607370000000000.0 5609890000000.0 7258850000000.0 77716100000.0 2226380000000.0 948574000000.0 603669000.0 937712000000.0 6249710000000.0 4809380.0 0.0 9385520000.0 1419840000000.0 62159000000.0 77856600000.0 1755070000.0 -2.8 2.829 [-2.8]
218776000000000.0 4410170000000000.0 5516670000000.0 6830710000000.0 68138100000.0 2180390000000.0 864924000000.0 507792000.0 963111000000.0 5711810000000.0 3769260.0 0.0 9101000000.0 1369740000000.0 56237800000.0 70222400000.0 1503330000.0 -2.78 2.825 [-2.78]
218776000000000.0 4221960000000000.0 5422260000000.0 6426720000000.0 59725000000.0 2133410000000.0 787740000000.0 426839000.0 988120000000.0 5214800000000.0 2950880.0 0.0 8822650000.0 1321240000000.0 50854700000.0 63325900000.0 1288750000.0 -2.76 2.821 [-2.76]
