Cloudy_runs/pg1121/z=0.192393/component_I_PI_nH/component_I_PI_nH_col_density_param.txt
# %ECSV 1.0
# ---
# datatype:
# - {name: H, datatype: float64}
# - {name: H+, datatype: float64}
# - {name: C+, datatype: float64}
# - {name: C+2, datatype: float64}
# - {name: C+3, datatype: float64}
# - {name: N+, datatype: float64}
# - {name: N+2, datatype: float64}
# - {name: N+4, datatype: float64}
# - {name: O, datatype: float64}
# - {name: O+2, datatype: float64}
# - {name: O+5, datatype: float64}
# - {name: O+6, datatype: float64}
# - {name: P+, datatype: float64}
# - {name: Si+, datatype: float64}
# - {name: Si+2, datatype: float64}
# - {name: Si+3, datatype: float64}
# - {name: Si+4, datatype: float64}
# - {name: log_nH, datatype: float64}
# - {name: log_Te, datatype: float64}
# - {name: parameters, datatype: string, subtype: 'float64[1]'}
# schema: astropy-2.0
H H+ C+ C+2 C+3 N+ N+2 N+4 O O+2 O+5 O+6 P+ Si+ Si+2 Si+3 Si+4 log_nH log_Te parameters
[from data line 123]
218776000000000.0 1.96154e+16 171910000000.0 355352000000.0 5410310000.0 67750000000.0 64569700000.0 27400100.0 7286990000.0 399515000000.0 1449620.0 0.0 309600000.0 15037800000.0 43887800000.0 4822520000.0 507170000.0 -2.54 4.143 [-2.54]
218776000000000.0 1.86625e+16 169084000000.0 333304000000.0 4705400000.0 67239600000.0 58835300000.0 22792100.0 7567080000.0 362209000000.0 1106040.0 0.0 300245000.0 15000600000.0 41389200000.0 4343800000.0 434862000.0 -2.52 4.14 [-2.52]
218776000000000.0 1.77622e+16 166242000000.0 312586000000.0 4091000000.0 66627600000.0 53526200000.0 18945100.0 7842320000.0 327889000000.0 843027.0 0.0 291088000.0 14954600000.0 39014200000.0 3910040000.0 372887000.0 -2.5 4.137 [-2.5]
218776000000000.0 1.69016e+16 163351000000.0 292903000000.0 3551270000.0 65896500000.0 48578800000.0 15712400.0 8113460000.0 296122000000.0 640640.0 0.0 282028000.0 14900000000.0 36730600000.0 3513620000.0 319357000.0 -2.48 4.134 [-2.48]
218776000000000.0 1.60885e+16 160450000000.0 274431000000.0 3081970000.0 65072100000.0 44022500000.0 13022200.0 8378000000.0 267058000000.0 486433.0 0.0 273181000.0 14836000000.0 34564300000.0 3155510000.0 273539000.0 -2.46 4.132 [-2.46]
218776000000000.0 1.53133e+16 157514000000.0 256950000000.0 2671460000.0 64143200000.0 39808000000.0 10772700.0 8636380000.0 240356000000.0 368486.0 0.0 264471000.0 14762500000.0 32491500000.0 2829950000.0 234085000.0 -2.44 4.129 [-2.44]
218776000000000.0 1.45766e+16 154556000000.0 240466000000.0 2313650000.0 63121100000.0 35929100000.0 8898860.0 8887510000.0 215947000000.0 278658.0 0.0 255931000.0 14679300000.0 30516300000.0 2535190000.0 200210000.0 -2.42 4.126 [-2.42]
218776000000000.0 1.38742e+16 151569000000.0 224884000000.0 2001380000.0 62006400000.0 32360400000.0 7337500.0 9131160000.0 193639000000.0 210266.0 0.0 247539000.0 14586200000.0 28629900000.0 2268010000.0 171082000.0 -2.4 4.124 [-2.4]
218776000000000.0 1.32086e+16 148576000000.0 210254000000.0 1730450000.0 60818900000.0 29101200000.0 6044130.0 9366050000.0 173398000000.0 158504.0 0.0 239353000.0 14483100000.0 26842000000.0 2027460000.0 146162000.0 -2.38 4.121 [-2.38]
218776000000000.0 1.25758e+16 145569000000.0 196482000000.0 1495010000.0 59560300000.0 26124900000.0 4971960.0 9592160000.0 155030000000.0 119312.0 0.0 231349000.0 14369800000.0 25143400000.0 1810580000.0 124805000.0 -2.36 4.119 [-2.36]
218776000000000.0 1.19744e+16 142554000000.0 183527000000.0 1290630000.0 58238800000.0 23413900000.0 4084610.0 9809130000.0 138403000000.0 89691.0 0.0 223531000.0 14246500000.0 23531400000.0 1615300000.0 106512000.0 -2.34 4.116 [-2.34]
218776000000000.0 1.14025e+16 139532000000.0 171345000000.0 1113360000.0 56862800000.0 20950500000.0 3351340.0 10016800000.0 123385000000.0 0.0 0.0 215901000.0 14113200000.0 22003100000.0 1439700000.0 90853500.0 -2.32 4.114 [-2.32]
218776000000000.0 1.08589e+16 136507000000.0 159899000000.0 959764000.0 55440800000.0 18717600000.0 2746350.0 10214900000.0 109848000000.0 0.0 0.0 208461000.0 13970000000.0 20555900000.0 1282010000.0 77457300.0 -2.3 4.111 [-2.3]
218776000000000.0 1.0342e+16 133482000000.0 149149000000.0 826789000.0 53980900000.0 16698200000.0 2247940.0 10403400000.0 97673300000.0 0.0 0.0 201212000.0 13817100000.0 19186800000.0 1140580000.0 66003600.0 -2.28 4.109 [-2.28]
218776000000000.0 9850470000000000.0 130462000000.0 139060000000.0 711769000.0 52491400000.0 14875900000.0 1837920.0 10582300000.0 86743800000.0 0.0 0.0 194155000.0 13654700000.0 17893100000.0 1013890000.0 56216400.0 -2.26 4.106 [-2.26]
218776000000000.0 9383130000000000.0 127449000000.0 129596000000.0 612365000.0 50980300000.0 13235200000.0 1501100.0 10751700000.0 76951100000.0 0.0 0.0 187291000.0 13483200000.0 16672100000.0 900545000.0 47858400.0 -2.24 4.104 [-2.24]
218776000000000.0 8938720000000000.0 124446000000.0 120724000000.0 526525000.0 49455000000.0 11760900000.0 1224780.0 10911800000.0 68192200000.0 0.0 0.0 180618000.0 13302800000.0 15520900000.0 799251000.0 40724900.0 -2.22 4.102 [-2.22]
218776000000000.0 8516100000000000.0 121457000000.0 112412000000.0 452460000.0 47922600000.0 10438800000.0 998386.0 11062600000.0 60371200000.0 0.0 0.0 174137000.0 13114000000.0 14436800000.0 708832000.0 34640000.0 -2.2 4.099 [-2.2]
218776000000000.0 8114190000000000.0 118485000000.0 104628000000.0 388604000.0 46389600000.0 9255320000.0 813133.0 11204400000.0 53398700000.0 0.0 0.0 167846000.0 12917200000.0 13417100000.0 628210000.0 29452500.0 -2.18 4.097 [-2.18]
218776000000000.0 7733570000000000.0 115546000000.0 97374800000.0 333757000.0 44870100000.0 8200920000.0 662102.0 11337100000.0 47209600000.0 0.0 0.0 161771000.0 12713700000.0 12463200000.0 556637000.0 25045400.0 -2.16 4.095 [-2.16]
218776000000000.0 7368410000000000.0 112604000000.0 90532100000.0 286229000.0 43346000000.0 7254480000.0 538101.0 11462000000.0 41674400000.0 0.0 0.0 155831000.0 12501700000.0 11559900000.0 492504000.0 21268600.0 -2.14 4.092 [-2.14]
218776000000000.0 7022620000000000.0 109702000000.0 84164300000.0 245482000.0 41845800000.0 6414240000.0 437278.0 11578400000.0 36775900000.0 0.0 0.0 150103000.0 12284100000.0 10717000000.0 435703000.0 18064800.0 -2.12 4.09 [-2.12]
218776000000000.0 6695250000000000.0 106842000000.0 78243000000.0 210566000.0 40374200000.0 5669340000.0 355354.0 11686800000.0 32445900000.0 0.0 0.0 144584000.0 12061600000.0 9931750000.0 385438000.0 15348200.0 -2.1 4.088 [-2.1]
218776000000000.0 6382350000000000.0 104000000000.0 72687800000.0 180451000.0 38918900000.0 5005400000.0 288441.0 11788000000.0 28597400000.0 0.0 0.0 139220000.0 11832900000.0 9193580000.0 340659000.0 13029600.0 -2.08 4.086 [-2.08]
218776000000000.0 6084700000000000.0 101193000000.0 67504100000.0 154591000.0 37491400000.0 4416440000.0 234015.0 11882000000.0 25192300000.0 0.0 0.0 134034000.0 11599700000.0 8503980000.0 300958000.0 11058900.0 -2.06 4.084 [-2.06]
218776000000000.0 5801540000000000.0 98422300000.0 62669400000.0 132396000.0 36094400000.0 3894580000.0 189777.0 11969200000.0 22182200000.0 0.0 0.0 129022000.0 11362500000.0 7860510000.0 265786000.0 9384690.0 -2.04 4.081 [-2.04]
218776000000000.0 5532150000000000.0 95690700000.0 58162800000.0 113357000.0 34730400000.0 3432690000.0 153845.0 12049900000.0 19523700000.0 0.0 0.0 124182000.0 11121900000.0 7260730000.0 234649000.0 7962880.0 -2.02 4.079 [-2.02]
218776000000000.0 5275870000000000.0 93000500000.0 53964500000.0 97033400.0 33401500000.0 3024280000.0 124679.0 12124600000.0 17177600000.0 0.0 0.0 119511000.0 10878600000.0 6702340000.0 207104000.0 6755960.0 -2.0 4.077 [-2.0]
218776000000000.0 5031990000000000.0 90353200000.0 50054800000.0 83043400.0 32108800000.0 2663440000.0 101016.0 12193500000.0 15108600000.0 0.0 0.0 115004000.0 10633200000.0 6182850000.0 182749000.0 5731600.0 -1.98 4.075 [-1.98]
218776000000000.0 4799950000000000.0 87751100000.0 46416300000.0 71059000.0 30853800000.0 2344930000.0 81828.6 12256900000.0 13285300000.0 0.0 0.0 110659000.0 10386300000.0 5700210000.0 161229000.0 4862600.0 -1.96 4.073 [-1.96]
218776000000000.0 4577770000000000.0 85179400000.0 43010800000.0 60752000.0 29629100000.0 2062810000.0 66221.1 12315300000.0 11672900000.0 0.0 0.0 106444000.0 10137000000.0 5249380000.0 142137000.0 4122390.0 -1.94 4.071 [-1.94]
218776000000000.0 4369050000000000.0 82688800000.0 39884800000.0 52012500.0 28459800000.0 1816310000.0 53676.3 12368700000.0 10265900000.0 0.0 0.0 102436000.0 9890470000.0 4836880000.0 125448000.0 3500600.0 -1.92 4.069 [-1.92]
218776000000000.0 4167750000000000.0 80214500000.0 36940800000.0 44459700.0 27313400000.0 1597150000.0 43430.9 12417700000.0 9016770000.0 0.0 0.0 98524600.0 9641030000.0 4449440000.0 110573000.0 2968290.0 -1.9 4.067 [-1.9]
218776000000000.0 3979200000000000.0 77830100000.0 34249200000.0 38073200.0 26225000000.0 1406250000.0 35214.7 12462300000.0 7929830000.0 0.0 0.0 94819800.0 9396140000.0 4096780000.0 97609500.0 2522260.0 -1.88 4.065 [-1.88]
218776000000000.0 3796470000000000.0 75454400000.0 31704400000.0 32537300.0 25155200000.0 1236140000.0 28487.6 12503100000.0 6962510000.0 0.0 0.0 91190000.0 9148150000.0 3764620000.0 86022200.0 2139210.0 -1.86 4.063 [-1.86]
218776000000000.0 3624200000000000.0 73153900000.0 29365000000.0 27838300.0 24134700000.0 1087480000.0 23076.2 12540000000.0 6117990000.0 0.0 0.0 87732300.0 8904150000.0 3460870000.0 75883600.0 1816930.0 -1.84 4.061 [-1.84]
218776000000000.0 3460220000000000.0 70906700000.0 27194700000.0 23820500.0 23152500000.0 956728000.0 18695.7 12573400000.0 5375960000.0 0.0 0.0 84408000.0 8662420000.0 3180450000.0 66948000.0 1543760.0 -1.82 4.059 [-1.82]
218776000000000.0 3304120000000000.0 68713500000.0 25181900000.0 20385800.0 22207800000.0 841754000.0 15150.0 12603600000.0 4724140000.0 0.0 0.0 81213200.0 8423390000.0 2921780000.0 59074400.0 1312200.0 -1.8 4.057 [-1.8]
218776000000000.0 3155520000000000.0 66574700000.0 23316000000.0 17449700.0 21299900000.0 740675000.0 12279.9 12630600000.0 4151670000.0 0.0 0.0 78143800.0 8187420000.0 2683350000.0 52137200.0 1115900.0 -1.78 4.055 [-1.78]
218776000000000.0 3014040000000000.0 64490600000.0 21586800000.0 14940000.0 20428000000.0 651828000.0 9956.45 12654800000.0 3648960000.0 0.0 0.0 75195900.0 7954890000.0 2463730000.0 46025700.0 949454.0 -1.76 4.053 [-1.76]
218776000000000.0 2880320000000000.0 62476300000.0 19996200000.0 12805400.0 19597500000.0 574107000.0 8082.92 12676200000.0 3209590000.0 0.0 0.0 72386200.0 7727780000.0 2263040000.0 40668900.0 808994.0 -1.74 4.051 [-1.74]
218776000000000.0 2752060000000000.0 60501900000.0 18512100000.0 10970400.0 18794800000.0 505448000.0 6558.48 12695200000.0 2821850000.0 0.0 0.0 69669300.0 7503050000.0 2077020000.0 35923400.0 689173.0 -1.72 4.049 [-1.72]
218776000000000.0 2629920000000000.0 58582100000.0 17137900000.0 9401660.0 18025200000.0 445109000.0 5323.78 12711700000.0 2481430000.0 0.0 0.0 67062200.0 7282590000.0 1905990000.0 31742600.0 587499.0 -1.7 4.048 [-1.7]
218776000000000.0 2513600000000000.0 56716800000.0 15866000000.0 8060430.0 17287700000.0 392080000.0 4323.49 12726100000.0 2182540000.0 0.0 0.0 64561000.0 7066620000.0 1748850000.0 28058900.0 501191.0 -1.68 4.046 [-1.68]
218776000000000.0 2401660000000000.0 54886200000.0 14676800000.0 6905300.0 16573600000.0 345160000.0 3508.23 12738300000.0 1918370000.0 0.0 0.0 62136600.0 6853080000.0 1603010000.0 24789700.0 427380.0 -1.66 4.044 [-1.66]
218776000000000.0 2296570000000000.0 53135100000.0 13592200000.0 5927810.0 15899700000.0 304320000.0 2853.21 12748600000.0 1688650000.0 0.0 0.0 59845100.0 6647410000.0 1471070000.0 21938100.0 365324.0 -1.64 4.042 [-1.64]
218776000000000.0 2196840000000000.0 51443500000.0 12592600000.0 5093490.0 15257100000.0 268498000.0 0.0 12757100000.0 1487350000.0 0.0 0.0 57656700.0 6447420000.0 1350500000.0 19430200.0 312697.0 -1.62 4.04 [-1.62]
218776000000000.0 2101120000000000.0 49791500000.0 11661000000.0 4375440.0 14637400000.0 236835000.0 0.0 12763800000.0 1309630000.0 0.0 0.0 55542900.0 6251020000.0 1239010000.0 17206600.0 267676.0 -1.6 4.039 [-1.6]
218776000000000.0 2009180000000000.0 48177800000.0 10792600000.0 3757440.0 14039500000.0 208847000.0 0.0 12768800000.0 1152750000.0 0.0 0.0 53500500.0 6058230000.0 1135920000.0 15234900.0 229150.0 -1.58 4.037 [-1.58]
218776000000000.0 1923040000000000.0 46641700000.0 10003000000.0 3234540.0 13477300000.0 184500000.0 0.0 12772400000.0 1016390000.0 0.0 0.0 51576300.0 5873730000.0 1043090000.0 13515300.0 196732.0 -1.56 4.035 [-1.56]
218776000000000.0 1840260000000000.0 45142400000.0 9266660000.0 2783740.0 12934800000.0 162952000.0 0.0 12774500000.0 895889000.0 0.0 0.0 49716800.0 5692920000.0 957231000.0 11988300.0 168923.0 -1.54 4.033 [-1.54]
218776000000000.0 1761380000000000.0 43692200000.0 8586010000.0 2397420.0 12416000000.0 143988000.0 0.0 12775200000.0 789976000.0 0.0 0.0 47935700.0 5517370000.0 878574000.0 10640300.0 145206.0 -1.52 4.032 [-1.52]
218776000000000.0 1685510000000000.0 42277300000.0 7951260000.0 2064210.0 11915400000.0 127198000.0 0.0 12774500000.0 696344000.0 0.0 0.0 46214100.0 5345510000.0 805846000.0 9442570.0 124838.0 -1.5 4.03 [-1.5]
218776000000000.0 1614550000000000.0 40935500000.0 7375380000.0 1782120.0 11445800000.0 112592000.0 0.0 12772800000.0 614987000.0 0.0 0.0 44596200.0 5181960000.0 740543000.0 8397620.0 107666.0 -1.48 4.028 [-1.48]
218776000000000.0 1545590000000000.0 39614000000.0 6832850000.0 1536730.0 10987900000.0 99561400.0 0.0 12769700000.0 542540000.0 0.0 0.0 43016500.0 5020520000.0 679511000.0 7461870.0 92781.0 -1.46 4.027 [-1.46]
218776000000000.0 1480490000000000.0 38350500000.0 6336350000.0 1327540.0 10554500000.0 88154400.0 0.0 12765700000.0 479211000.0 0.0 0.0 41518900.0 4865740000.0 624213000.0 6639950.0 80134.1 -1.44 4.025 [-1.44]
218776000000000.0 1418680000000000.0 37136000000.0 5879300000.0 1148290.0 10141900000.0 78123200.0 0.0 12760600000.0 423612000.0 0.0 0.0 40091000.0 4716660000.0 573784000.0 5914580.0 69327.8 -1.42 4.023 [-1.42]
218776000000000.0 1359250000000000.0 35954300000.0 5453340000.0 993290.0 9744140000.0 69228100.0 0.0 12754400000.0 374397000.0 0.0 0.0 38712600.0 4571310000.0 527240000.0 5268890.0 60008.5 -1.4 4.022 [-1.4]
218776000000000.0 1302820000000000.0 34819300000.0 5061290000.0 860352.0 9365470000.0 61401200.0 0.0 12747400000.0 331173000.0 0.0 0.0 37398600.0 4431500000.0 484798000.0 4698610.0 52031.7 -1.38 4.02 [-1.38]
218776000000000.0 1248990000000000.0 33724800000.0 4698860000.0 745904.0 9003440000.0 54491600.0 0.0 12739400000.0 293088000.0 0.0 0.0 36140800.0 4296500000.0 445935000.0 4193180.0 45176.1 -1.36 4.018 [-1.36]
218776000000000.0 1197650000000000.0 32669700000.0 4363800000.0 647302.0 8657280000.0 48388800.0 0.0 12730600000.0 259518000.0 0.0 0.0 34936800.0 4166210000.0 410344000.0 3744970.0 39277.5 -1.34 4.017 [-1.34]
218776000000000.0 1148670000000000.0 31652800000.0 4053980000.0 562287.0 8326270000.0 42995900.0 0.0 12721000000.0 229915000.0 0.0 0.0 33784300.0 4040530000.0 377749000.0 3347260.0 34196.5 -1.32 4.015 [-1.32]
218776000000000.0 1101930000000000.0 30672900000.0 3767460000.0 488929.0 8009710000.0 38227800.0 0.0 12710600000.0 203799000.0 0.0 0.0 32681100.0 3919340000.0 347889000.0 2994130.0 29814.5 -1.3 4.014 [-1.3]
218776000000000.0 1057330000000000.0 29728900000.0 3502460000.0 425580.0 7706950000.0 34010100.0 0.0 12699400000.0 180749000.0 0.0 0.0 31625100.0 3802530000.0 320534000.0 2680400.0 26030.9 -1.28 4.012 [-1.28]
218776000000000.0 1014970000000000.0 28824200000.0 3258470000.0 370998.0 7418750000.0 30288000.0 0.0 12687700000.0 160457000.0 0.0 0.0 30619200.0 3690540000.0 295579000.0 2402300.0 22769.7 -1.26 4.011 [-1.26]
218776000000000.0 974337000000000.0 27948500000.0 3031590000.0 323615.0 7141660000.0 26981200.0 0.0 12675200000.0 142472000.0 0.0 0.0 29651600.0 3582130000.0 272599000.0 2154090.0 19937.4 -1.24 4.009 [-1.24]
218776000000000.0 935536000000000.0 27105300000.0 2821600000.0 282588.0 6876490000.0 24050900.0 0.0 12662100000.0 126576000.0 0.0 0.0 28725100.0 3477740000.0 251525000.0 1933110.0 17482.3 -1.22 4.007 [-1.22]
218776000000000.0 898361000000000.0 26290700000.0 2626570000.0 246957.0 6621880000.0 21447700.0 0.0 12648300000.0 112491000.0 0.0 0.0 27835200.0 3376900000.0 232137000.0 1735860.0 15347.5 -1.2 4.006 [-1.2]
218776000000000.0 863099000000000.0 25511800000.0 2447200000.0 216190.0 6379790000.0 19148100.0 0.0 12634000000.0 100083000.0 0.0 0.0 26989000.0 3280520000.0 214467000.0 1560740.0 13500.5 -1.18 4.004 [-1.18]
218776000000000.0 829296000000000.0 24759400000.0 2280480000.0 189411.0 6147200000.0 17102300.0 0.0 12619200000.0 89074100.0 0.0 0.0 26175900.0 3187450000.0 198195000.0 1404160.0 11889.7 -1.16 4.003 [-1.16]
218776000000000.0 797004000000000.0 24035200000.0 2126040000.0 166139.0 5924490000.0 15285300.0 0.0 12603800000.0 79325100.0 0.0 0.0 25397400.0 3097920000.0 183260000.0 1264370.0 10486.3 -1.14 4.001 [-1.14]
