Cloudy_runs/pg1121/z=0.192393/component_I_PI_nH/component_I_PI_nH_col_density_param.txt
# %ECSV 1.0
# ---
# datatype:
# - {name: H, datatype: float64}
# - {name: H+, datatype: float64}
# - {name: C+, datatype: float64}
# - {name: C+2, datatype: float64}
# - {name: C+3, datatype: float64}
# - {name: N+, datatype: float64}
# - {name: N+2, datatype: float64}
# - {name: N+4, datatype: float64}
# - {name: O, datatype: float64}
# - {name: O+2, datatype: float64}
# - {name: O+5, datatype: float64}
# - {name: O+6, datatype: float64}
# - {name: P+, datatype: float64}
# - {name: Si+, datatype: float64}
# - {name: Si+2, datatype: float64}
# - {name: Si+3, datatype: float64}
# - {name: Si+4, datatype: float64}
# - {name: log_nH, datatype: float64}
# - {name: log_Te, datatype: float64}
# - {name: parameters, datatype: string, subtype: 'float64[1]'}
# schema: astropy-2.0
H H+ C+ C+2 C+3 N+ N+2 N+4 O O+2 O+5 O+6 P+ Si+ Si+2 Si+3 Si+4 log_nH log_Te parameters
218776000000000.0 1.16186e+19 8457810000.0 1587200000000.0 7760300000000.0 594519000.0 237980000000.0 8645580000000.0 36391.0 608631000000.0 124883000000000.0 268776000000000.0 241629.0 3642030.0 214416000.0 1281520000.0 192252000000.0 -5.0 4.584 [-5.0]
218776000000000.0 1.09895e+19 9230620000.0 1687510000000.0 7934830000000.0 652165000.0 254934000000.0 8610210000000.0 40756.7 655377000000.0 120264000000000.0 245915000000000.0 287497.0 4376770.0 251482000.0 1453140000.0 206320000000.0 -4.98 4.579 [-4.98]
218776000000000.0 1.03968e+19 10062200000.0 1791780000000.0 8103070000000.0 714982000.0 272852000000.0 8562720000000.0 45653.1 705002000000.0 115576000000000.0 224600000000000.0 341449.0 5248740.0 294443000.0 1644980000.0 221083000000.0 -4.96 4.574 [-4.96]
218776000000000.0 9.83828e+18 10956500000.0 1900030000000.0 8264600000000.0 783398000.0 291766000000.0 8503200000000.0 51146.4 757596000000.0 110840000000000.0 204769000000000.0 404815.0 6281460.0 344151000.0 1859020000.0 236548000000.0 -4.94 4.569 [-4.94]
218776000000000.0 9.31158e+18 11916800000.0 2012240000000.0 8419120000000.0 857768000.0 311691000000.0 8431740000000.0 57299.2 813186000000.0 106074000000000.0 186346000000000.0 479081.0 7502100.0 401574000.0 2097510000.0 252719000000.0 -4.92 4.564 [-4.92]
218776000000000.0 8.8149e+18 12947600000.0 2128440000000.0 8566260000000.0 938612000.0 332660000000.0 8348480000000.0 64198.4 871868000000.0 101299000000000.0 169272000000000.0 566017.0 8942040.0 467794000.0 2362700000.0 269593000000.0 -4.9 4.559 [-4.9]
218776000000000.0 8.3461e+18 14051900000.0 2248570000000.0 8705750000000.0 1026250000.0 354669000000.0 8253570000000.0 71915.0 933608000000.0 96531300000000.0 153473000000000.0 667542.0 10637100.0 544037000.0 2657220000.0 287172000000.0 -4.88 4.554 [-4.88]
218776000000000.0 7.90358e+18 15234400000.0 2372610000000.0 8837250000000.0 1121180000.0 377735000000.0 8147240000000.0 80549.0 998455000000.0 91790800000000.0 138887000000000.0 785930.0 12628700.0 631674000.0 2983720000.0 305447000000.0 -4.86 4.549 [-4.86]
218776000000000.0 7.48569e+18 16499100000.0 2500530000000.0 8960470000000.0 1223870000.0 401862000000.0 8029760000000.0 90203.5 1066410000000.0 87094700000000.0 125448000000000.0 923738.0 14964000.0 732244000.0 3345100000.0 324408000000.0 -4.84 4.545 [-4.84]
218776000000000.0 7.09098e+18 17850500000.0 2632260000000.0 9075150000000.0 1334790000.0 427047000000.0 7901440000000.0 100995.0 1137460000000.0 82460100000000.0 113093000000000.0 1083880.0 17696700.0 847462000.0 3744410000.0 344040000000.0 -4.82 4.54 [-4.82]
218776000000000.0 6.71822e+18 19294500000.0 2767780000000.0 9180990000000.0 1454580000.0 453303000000.0 7762650000000.0 113072.0 1211650000000.0 77903300000000.0 101763000000000.0 1269770.0 20888600.0 979244000.0 4184740000.0 364321000000.0 -4.8 4.536 [-4.8]
218776000000000.0 6.36583e+18 20833700000.0 2906910000000.0 9277780000000.0 1583500000.0 480582000000.0 7613730000000.0 126551.0 1288830000000.0 73438400000000.0 91389400000000.0 1484990.0 24609000.0 1129730000.0 4669760000.0 385233000000.0 -4.78 4.532 [-4.78]
218776000000000.0 6.03262e+18 22472400000.0 3049550000000.0 9365270000000.0 1722000000.0 508853000000.0 7455150000000.0 141585.0 1368940000000.0 69079100000000.0 81914400000000.0 1733720.0 28936400.0 1301290000.0 5203140000.0 406749000000.0 -4.76 4.527 [-4.76]
218776000000000.0 5.71746e+18 24214900000.0 3195530000000.0 9443220000000.0 1870540000.0 538082000000.0 7287400000000.0 158347.0 1451890000000.0 64837700000000.0 73278700000000.0 2020640.0 33960100.0 1496560000.0 5788770000.0 428839000000.0 -4.74 4.523 [-4.74]
218776000000000.0 5.41926e+18 26065800000.0 3344710000000.0 9511420000000.0 2029540000.0 568223000000.0 7111020000000.0 177028.0 1537580000000.0 60724800000000.0 65425200000000.0 2351060.0 39780800.0 1718460000.0 6430810000.0 451465000000.0 -4.72 4.519 [-4.72]
218776000000000.0 5.1371e+18 28028400000.0 3496840000000.0 9569670000000.0 2199320000.0 599208000000.0 6926640000000.0 197829.0 1625860000000.0 56750900000000.0 58300800000000.0 2730690.0 46509300.0 1970160000.0 7133430000.0 474583000000.0 -4.7 4.515 [-4.7]
218776000000000.0 4.87001e+18 30106700000.0 3651720000000.0 9617770000000.0 2380260000.0 630971000000.0 6734890000000.0 220984.0 1716600000000.0 52923600000000.0 51851600000000.0 3166090.0 54272100.0 2255200000.0 7901220000.0 498149000000.0 -4.68 4.511 [-4.68]
218776000000000.0 4.61715e+18 32304600000.0 3809100000000.0 9655540000000.0 2572690000.0 663436000000.0 6536450000000.0 246751.0 1809660000000.0 49249500000000.0 46027000000000.0 3664500.0 63209700.0 2577460000.0 8738830000.0 522108000000.0 -4.66 4.507 [-4.66]
218776000000000.0 4.3777e+18 34625600000.0 3968680000000.0 9682800000000.0 2776900000.0 696519000000.0 6332070000000.0 275417.0 1904870000000.0 45733800000000.0 40778400000000.0 4233910.0 73478200.0 2941180000.0 9651160000.0 546404000000.0 -4.64 4.503 [-4.64]
218776000000000.0 4.15092e+18 37072600000.0 4130140000000.0 9699410000000.0 2993120000.0 730119000000.0 6122510000000.0 307300.0 2002040000000.0 42380400000000.0 36059700000000.0 4883120.0 85251100.0 3350980000.0 10643300000.0 570974000000.0 -4.62 4.499 [-4.62]
218776000000000.0 3.93604e+18 39647200000.0 4293090000000.0 9705200000000.0 3221410000.0 764121000000.0 5908560000000.0 342740.0 2100950000000.0 39191300000000.0 31826500000000.0 5621650.0 98719100.0 3811900000.0 11720500000.0 595749000000.0 -4.6 4.495 [-4.6]
218776000000000.0 3.73247e+18 42353700000.0 4457260000000.0 9700060000000.0 3462110000.0 798437000000.0 5691050000000.0 382155.0 2201460000000.0 36168100000000.0 28037800000000.0 6460360.0 114095000.0 4329430000.0 12888000000.0 620656000000.0 -4.58 4.491 [-4.58]
218776000000000.0 3.53958e+18 45192800000.0 4622120000000.0 9683910000000.0 3715190000.0 832925000000.0 5470860000000.0 425989.0 2303350000000.0 33310600000000.0 24654500000000.0 7410860.0 131610000.0 4909470000.0 14151300000.0 645614000000.0 -4.56 4.487 [-4.56]
218776000000000.0 3.3568e+18 48166900000.0 4787290000000.0 9656660000000.0 3980790000.0 867475000000.0 5248820000000.0 474750.0 2406420000000.0 30617600000000.0 21640000000000.0 8485930.0 151520000.0 5558430000.0 15515900000.0 670540000000.0 -4.54 4.483 [-4.54]
218776000000000.0 3.18357e+18 51276900000.0 4952290000000.0 9618240000000.0 4258900000.0 901957000000.0 5025800000000.0 529008.0 2510460000000.0 28086800000000.0 18959900000000.0 9699490.0 174103000.0 6283190000.0 16987200000.0 695343000000.0 -4.52 4.479 [-4.52]
218776000000000.0 3.01939e+18 54523700000.0 5116640000000.0 9568620000000.0 4549530000.0 936246000000.0 4802640000000.0 589405.0 2615260000000.0 25715100000000.0 16582300000000.0 11066600.0 199663000.0 7091140000.0 18570800000.0 719929000000.0 -4.5 4.475 [-4.5]
218776000000000.0 2.86377e+18 57907400000.0 5279820000000.0 9507790000000.0 4852610000.0 970207000000.0 4580190000000.0 656665.0 2720590000000.0 23498600000000.0 14477500000000.0 12603300.0 228528000.0 7990160000.0 20272200000.0 744201000000.0 -4.48 4.471 [-4.48]
218776000000000.0 2.71629e+18 61425600000.0 5441160000000.0 9435790000000.0 5167860000.0 1003690000000.0 4359310000000.0 731579.0 2826230000000.0 21433100000000.0 12618600000000.0 14327000.0 261044000.0 8988400000.0 22096400000.0 768051000000.0 -4.46 4.468 [-4.46]
218776000000000.0 2.57646e+18 65080800000.0 5600300000000.0 9352650000000.0 5495490000.0 1036600000000.0 4140680000000.0 815126.0 2932010000000.0 19512500000000.0 10979500000000.0 16257700.0 297614000.0 10095300000.0 24049100000.0 791385000000.0 -4.44 4.464 [-4.44]
218776000000000.0 2.44391e+18 68869500000.0 5756540000000.0 9258450000000.0 5835180000.0 1068800000000.0 3925090000000.0 908332.0 3037710000000.0 17731500000000.0 9537500000000.0 18415400.0 338642000.0 11319900000.0 26135000000.0 814088000000.0 -4.42 4.46 [-4.42]
218776000000000.0 2.31826e+18 72788900000.0 5909240000000.0 9153360000000.0 6186700000.0 1100140000000.0 3713250000000.0 1012380.0 3143110000000.0 16084200000000.0 8271400000000.0 20821900.0 384568000.0 12672400000.0 28358800000.0 836051000000.0 -4.4 4.456 [-4.4]
218776000000000.0 2.19914e+18 76836800000.0 6057850000000.0 9037490000000.0 6549970000.0 1130530000000.0 3505800000000.0 1128620.0 3247990000000.0 14564000000000.0 7161920000000.0 23500600.0 435863000.0 14162900000.0 30724500000.0 857161000000.0 -4.38 4.452 [-4.38]
218776000000000.0 2.08619e+18 81011100000.0 6201780000000.0 8911040000000.0 6924920000.0 1159850000000.0 3303270000000.0 1258620.0 3352200000000.0 13164200000000.0 6191280000000.0 26477500.0 493050000.0 15802900000.0 33236400000.0 877310000000.0 -4.36 4.449 [-4.36]
218776000000000.0 1.97913e+18 85302600000.0 6340250000000.0 8774330000000.0 7310920000.0 1187970000000.0 3106310000000.0 1403990.0 3455440000000.0 11879000000000.0 5344170000000.0 29776400.0 556614000.0 17602800000.0 35896900000.0 896375000000.0 -4.34 4.445 [-4.34]
218776000000000.0 1.87764e+18 89708000000.0 6472680000000.0 8627630000000.0 7707940000.0 1214800000000.0 2915340000000.0 1566740.0 3557550000000.0 10701200000000.0 4606020000000.0 33425700.0 627129000.0 19574400000.0 38708600000.0 914250000000.0 -4.32 4.441 [-4.32]
218776000000000.0 1.78144e+18 94222100000.0 6598470000000.0 8471270000000.0 8115850000.0 1240250000000.0 2730750000000.0 1749080.0 3658340000000.0 9624360000000.0 3963980000000.0 37454900.0 705181000.0 21729700000.0 41673200000.0 930823000000.0 -4.3 4.437 [-4.3]
218776000000000.0 1.69023e+18 98837200000.0 6716980000000.0 8305650000000.0 8534350000.0 1264230000000.0 2552880000000.0 1953490.0 3757620000000.0 8641810000000.0 3406490000000.0 41893700.0 791376000.0 24080700000.0 44791400000.0 945987000000.0 -4.28 4.434 [-4.28]
218776000000000.0 1.60377e+18 103545000000.0 6827620000000.0 8131220000000.0 8963240000.0 1286660000000.0 2382010000000.0 2182780.0 3855190000000.0 7747210000000.0 2923250000000.0 46772800.0 886340000.0 26639700000.0 48063100000.0 959637000000.0 -4.26 4.43 [-4.26]
218776000000000.0 1.5218e+18 108338000000.0 6929800000000.0 7948440000000.0 9402310000.0 1307470000000.0 2218340000000.0 2440150.0 3950870000000.0 6934340000000.0 2505070000000.0 52124400.0 990725000.0 29418700000.0 51486800000.0 971673000000.0 -4.24 4.426 [-4.24]
218776000000000.0 1.44409e+18 113206000000.0 7022960000000.0 7757860000000.0 9851330000.0 1326590000000.0 2062030000000.0 2729160.0 4044450000000.0 6197210000000.0 2143780000000.0 57980200.0 1105190000.0 32429800000.0 55059900000.0 981999000000.0 -4.22 4.423 [-4.22]
218776000000000.0 1.37041e+18 118139000000.0 7106550000000.0 7560020000000.0 10310000000.0 1343980000000.0 1913150000000.0 3053880.0 4135750000000.0 5530020000000.0 1832120000000.0 64373200.0 1230390000.0 35684500000.0 58778100000.0 990521000000.0 -4.2 4.419 [-4.2]
218776000000000.0 1.30056e+18 123124000000.0 7180120000000.0 7355560000000.0 10778300000.0 1359580000000.0 1771760000000.0 3418870.0 4224600000000.0 4927320000000.0 1563700000000.0 71335100.0 1367020000.0 39193900000.0 62636100000.0 997161000000.0 -4.18 4.415 [-4.18]
218776000000000.0 1.23433e+18 128151000000.0 7243250000000.0 7145170000000.0 11255900000.0 1373370000000.0 1637830000000.0 3829270.0 4310830000000.0 4383880000000.0 1332880000000.0 78896500.0 1515740000.0 42968700000.0 66626700000.0 1001850000000.0 -4.16 4.412 [-4.16]
218776000000000.0 1.17154e+18 133208000000.0 7295570000000.0 6929530000000.0 11742700000.0 1385320000000.0 1511310000000.0 4290860.0 4394270000000.0 3894750000000.0 1134680000000.0 87087100.0 1677200000.0 47018300000.0 70741100000.0 1004510000000.0 -4.14 4.408 [-4.14]
218776000000000.0 1.11201e+18 138282000000.0 7336760000000.0 6709360000000.0 12238500000.0 1395410000000.0 1392090000000.0 4810140.0 4474750000000.0 3455290000000.0 964734000000.0 95933900.0 1852040000.0 51351000000.0 74968500000.0 1005100000000.0 -4.12 4.405 [-4.12]
218776000000000.0 1.05556e+18 143358000000.0 7366550000000.0 6485430000000.0 12743100000.0 1403620000000.0 1280030000000.0 5394450.0 4552130000000.0 3061140000000.0 819219000000.0 105462000.0 2040850000.0 55973700000.0 79296400000.0 1003570000000.0 -4.1 4.401 [-4.1]
218776000000000.0 1.00203e+18 148423000000.0 7384760000000.0 6258480000000.0 13256400000.0 1409950000000.0 1174950000000.0 6051980.0 4626220000000.0 2708200000000.0 694795000000.0 115691000.0 2244200000.0 60891300000.0 83710200000.0 999883000000.0 -4.08 4.398 [-4.08]
218776000000000.0 9.51264e+17 153461000000.0 7391220000000.0 6029310000000.0 13778000000.0 1414390000000.0 1076660000000.0 6791940.0 4696880000000.0 2392690000000.0 588546000000.0 126638000.0 2462550000.0 66106600000.0 88193500000.0 994019000000.0 -4.06 4.394 [-4.06]
218776000000000.0 9.03147e+17 158451000000.0 7385860000000.0 5798880000000.0 14307300000.0 1416960000000.0 984980000000.0 7624130.0 4763920000000.0 2111250000000.0 497986000000.0 138302000.0 2696130000.0 71617000000.0 92726200000.0 985978000000.0 -4.04 4.391 [-4.04]
218776000000000.0 8.57488e+17 163395000000.0 7368870000000.0 5567620000000.0 14845300000.0 1417690000000.0 899555000000.0 8561200.0 4827290000000.0 1860300000000.0 420814000000.0 150710000.0 2945670000.0 77426300000.0 97289300000.0 975751000000.0 -4.02 4.387 [-4.02]
218776000000000.0 8.14172e+17 168264000000.0 7340180000000.0 5336480000000.0 15391000000.0 1416580000000.0 820184000000.0 9615540.0 4886770000000.0 1637000000000.0 355167000000.0 163843000.0 3211120000.0 83524900000.0 101860000000.0 963359000000.0 -4.0 4.384 [-4.0]
218776000000000.0 7.73073e+17 173067000000.0 7300210000000.0 5106060000000.0 15945800000.0 1413680000000.0 746549000000.0 10802800.0 4942340000000.0 1438500000000.0 299376000000.0 177724000.0 3493100000.0 89910800000.0 106410000000.0 948834000000.0 -3.98 4.381 [-3.98]
218776000000000.0 7.34099e+17 177759000000.0 7248900000000.0 4877430000000.0 16507100000.0 1409000000000.0 678469000000.0 12137300.0 4993710000000.0 1262520000000.0 252063000000.0 192284000.0 3790770000.0 96559900000.0 110915000000.0 932234000000.0 -3.96 4.377 [-3.96]
218776000000000.0 6.9712e+17 182338000000.0 7186670000000.0 4651130000000.0 17075800000.0 1402580000000.0 615612000000.0 13638000.0 5040810000000.0 1106630000000.0 211969000000.0 207515000.0 4104250000.0 103460000000.0 115346000000.0 913617000000.0 -3.94 4.374 [-3.94]
218776000000000.0 6.62031e+17 186791000000.0 7113900000000.0 4427830000000.0 17651700000.0 1394470000000.0 557695000000.0 15325100.0 5083530000000.0 968727000000.0 178033000000.0 223378000.0 4433190000.0 110589000000.0 119673000000.0 893062000000.0 -3.92 4.371 [-3.92]
218776000000000.0 6.28758e+17 191097000000.0 7031020000000.0 4208400000000.0 18233700000.0 1384710000000.0 504479000000.0 17219600.0 5121710000000.0 847006000000.0 149365000000.0 239803000.0 4776550000.0 117914000000.0 123865000000.0 870684000000.0 -3.9 4.367 [-3.9]
218776000000000.0 5.97127e+17 195267000000.0 6938470000000.0 3992760000000.0 18824000000.0 1373350000000.0 455548000000.0 19351400.0 5155310000000.0 739445000000.0 125119000000.0 256789000.0 5134810000.0 125421000000.0 127888000000.0 846528000000.0 -3.88 4.364 [-3.88]
218776000000000.0 5.67129e+17 199270000000.0 6836900000000.0 3782100000000.0 19420300000.0 1360470000000.0 410765000000.0 21743600.0 5184140000000.0 644773000000.0 104690000000.0 274211000.0 5505770000.0 133058000000.0 131709000000.0 820784000000.0 -3.86 4.361 [-3.86]
218776000000000.0 5.38654e+17 203105000000.0 6726890000000.0 3576680000000.0 20023400000.0 1346110000000.0 369816000000.0 24429000.0 5208150000000.0 561485000000.0 87482700000.0 292014000.0 5888690000.0 140789000000.0 135296000000.0 793572000000.0 -3.84 4.357 [-3.84]
218776000000000.0 5.1162e+17 206758000000.0 6608960000000.0 3376980000000.0 20632700000.0 1330320000000.0 332446000000.0 27441600.0 5227200000000.0 488311000000.0 73007000000.0 310104000.0 6282050000.0 148568000000.0 138615000000.0 765043000000.0 -3.82 4.354 [-3.82]
