Cloudy_runs/pg1121/z=0.192393/component_I_PI_nH/component_I_PI_nH_col_density_param.txt
# %ECSV 1.0
# ---
# datatype:
# - {name: H, datatype: float64}
# - {name: H+, datatype: float64}
# - {name: C+, datatype: float64}
# - {name: C+2, datatype: float64}
# - {name: C+3, datatype: float64}
# - {name: N+, datatype: float64}
# - {name: N+2, datatype: float64}
# - {name: N+4, datatype: float64}
# - {name: O, datatype: float64}
# - {name: O+2, datatype: float64}
# - {name: O+5, datatype: float64}
# - {name: O+6, datatype: float64}
# - {name: P+, datatype: float64}
# - {name: Si+, datatype: float64}
# - {name: Si+2, datatype: float64}
# - {name: Si+3, datatype: float64}
# - {name: Si+4, datatype: float64}
# - {name: log_nH, datatype: float64}
# - {name: log_Te, datatype: float64}
# - {name: parameters, datatype: string, subtype: 'float64[1]'}
# schema: astropy-2.0
H H+ C+ C+2 C+3 N+ N+2 N+4 O O+2 O+5 O+6 P+ Si+ Si+2 Si+3 Si+4 log_nH log_Te parameters
[from data line 61]
218776000000000.0 4.61583e+17 213504000000.0 6352240000000.0 2996040000000.0 21870700000.0 1294800000000.0 267438000000.0 34606500.0 5250100000000.0 367846000000.0 50638100000.0 346779000.0 7093530000.0 164067000000.0 144323000000.0 704704000000.0 -3.78 4.348 [-3.78]
218776000000000.0 4.38439e+17 216584000000.0 6214740000000.0 2815400000000.0 22499200000.0 1275190000000.0 239332000000.0 38847700.0 5253770000000.0 318614000000.0 42084400000.0 365161000.0 7507840000.0 171677000000.0 146653000000.0 673254000000.0 -3.76 4.344 [-3.76]
218776000000000.0 4.1646e+17 219466000000.0 6072110000000.0 2641600000000.0 23134200000.0 1254460000000.0 213862000000.0 43595400.0 5252160000000.0 275588000000.0 34925200000.0 383434000.0 7925060000.0 179117000000.0 148598000000.0 641203000000.0 -3.74 4.341 [-3.74]
218776000000000.0 3.95587e+17 222148000000.0 5925030000000.0 2474800000000.0 23775800000.0 1232660000000.0 190821000000.0 48906400.0 5245200000000.0 238037000000.0 28941200000.0 401492000.0 8342940000.0 186325000000.0 150136000000.0 608749000000.0 -3.72 4.338 [-3.72]
218776000000000.0 3.75762e+17 224630000000.0 5774200000000.0 2315100000000.0 24424200000.0 1209900000000.0 170013000000.0 54843500.0 5232840000000.0 205310000000.0 23946500000.0 419234000.0 8759150000.0 193243000000.0 151247000000.0 576089000000.0 -3.7 4.334 [-3.7]
218776000000000.0 3.56933e+17 226912000000.0 5620280000000.0 2162540000000.0 25079700000.0 1186230000000.0 151253000000.0 61475300.0 5215030000000.0 176825000000.0 19783300000.0 436557000.0 9171300000.0 199810000000.0 151918000000.0 543422000000.0 -3.68 4.331 [-3.68]
218776000000000.0 3.39048e+17 228996000000.0 5463930000000.0 2017140000000.0 25742500000.0 1161750000000.0 134369000000.0 68877700.0 5191750000000.0 152068000000.0 16318100000.0 453362000.0 9576980000.0 205969000000.0 152139000000.0 510938000000.0 -3.66 4.328 [-3.66]
218776000000000.0 3.22059e+17 230887000000.0 5305770000000.0 1878860000000.0 26412900000.0 1136540000000.0 119199000000.0 77133200.0 5162960000000.0 130580000000.0 13438200000.0 469563000.0 9973920000.0 211666000000.0 151904000000.0 478826000000.0 -3.64 4.324 [-3.64]
218776000000000.0 3.05922e+17 232589000000.0 5146450000000.0 1747630000000.0 27091700000.0 1110670000000.0 105590000000.0 86332200.0 5128690000000.0 111957000000.0 11048500000.0 485079000.0 10359900000.0 216852000000.0 151214000000.0 447263000000.0 -3.62 4.321 [-3.62]
218776000000000.0 2.90594e+17 234107000000.0 4986510000000.0 1623340000000.0 27779100000.0 1084230000000.0 93402700000.0 96572900.0 5088940000000.0 95841200000.0 9068510000.0 499836000.0 10732900000.0 221483000000.0 150075000000.0 416415000000.0 -3.6 4.318 [-3.6]
218776000000000.0 2.76058e+17 235444000000.0 4826770000000.0 1506030000000.0 28475100000.0 1057340000000.0 82521800000.0 107949000.0 5043860000000.0 81933800000.0 7432710000.0 513747000.0 11090200000.0 225522000000.0 148507000000.0 386474000000.0 -3.58 4.314 [-3.58]
218776000000000.0 2.62228e+17 236612000000.0 4667200000000.0 1395180000000.0 29181600000.0 1029990000000.0 72793900000.0 120603000.0 4993260000000.0 69915900000.0 6079750000.0 526801000.0 11431800000.0 228939000000.0 146510000000.0 357491000000.0 -3.56 4.311 [-3.56]
218776000000000.0 2.49071e+17 237617000000.0 4508260000000.0 1290630000000.0 29899400000.0 1002260000000.0 64111600000.0 134666000.0 4937180000000.0 59548200000.0 4962780000.0 538950000.0 11756200000.0 231708000000.0 144102000000.0 329585000000.0 -3.54 4.308 [-3.54]
218776000000000.0 2.36614e+17 238458000000.0 4351170000000.0 1192670000000.0 30627000000.0 974369000000.0 56410500000.0 150221000.0 4876150000000.0 50657800000.0 4046090000.0 550098000.0 12059900000.0 233821000000.0 141339000000.0 302970000000.0 -3.52 4.304 [-3.52]
218776000000000.0 2.24762e+17 239149000000.0 4195510000000.0 1100590000000.0 31367000000.0 946236000000.0 49557600000.0 167469000.0 4809830000000.0 43010600000.0 3291680000.0 560276000.0 12344500000.0 235264000000.0 138219000000.0 277607000000.0 -3.5 4.301 [-3.5]
218776000000000.0 2.13486e+17 239701000000.0 4041640000000.0 1014180000000.0 32117000000.0 917939000000.0 43470000000.0 186577000.0 4738320000000.0 36445000000.0 2672120000.0 569474000.0 12609600000.0 236041000000.0 134773000000.0 253561000000.0 -3.48 4.297 [-3.48]
218776000000000.0 2.02795e+17 240112000000.0 3890410000000.0 933501000000.0 32878800000.0 889647000000.0 38088200000.0 207665000.0 4662120000000.0 30835200000.0 2165740000.0 577637000.0 12853300000.0 236166000000.0 131056000000.0 230940000000.0 -3.46 4.294 [-3.46]
218776000000000.0 1.9264e+17 240392000000.0 3741800000000.0 858170000000.0 33653800000.0 861371000000.0 33329400000.0 230940000.0 4581240000000.0 26042100000.0 1751950000.0 584783000.0 13076200000.0 235653000000.0 127096000000.0 209727000000.0 -3.44 4.291 [-3.44]
218776000000000.0 1.82995e+17 240547000000.0 3596050000000.0 787936000000.0 34442800000.0 833173000000.0 29128000000.0 256596000.0 4495850000000.0 21953900000.0 1414460000.0 590915000.0 13278800000.0 234523000000.0 122928000000.0 189927000000.0 -3.42 4.287 [-3.42]
218776000000000.0 1.73834e+17 240583000000.0 3453380000000.0 722552000000.0 35246500000.0 805113000000.0 25424100000.0 284840000.0 4406190000000.0 18473200000.0 1139730000.0 596046000.0 13461700000.0 232807000000.0 118589000000.0 171528000000.0 -3.4 4.284 [-3.4]
218776000000000.0 1.65133e+17 240507000000.0 3313940000000.0 661777000000.0 36065400000.0 777246000000.0 22163800000.0 315895000.0 4312470000000.0 15515100000.0 916530000.0 600192000.0 13625500000.0 230539000000.0 114116000000.0 154503000000.0 -3.38 4.28 [-3.38]
218776000000000.0 1.56869e+17 240325000000.0 3177890000000.0 605366000000.0 36900100000.0 749622000000.0 19298000000.0 349993000.0 4214950000000.0 13005700000.0 735558000.0 603374000.0 13771200000.0 227755000000.0 109544000000.0 138814000000.0 -3.36 4.277 [-3.36]
218776000000000.0 1.49021e+17 240041000000.0 3045330000000.0 553083000000.0 37751300000.0 722292000000.0 16782700000.0 387383000.0 4113910000000.0 10881200000.0 589124000.0 605619000.0 13900000000.0 224498000000.0 104907000000.0 124415000000.0 -3.34 4.273 [-3.34]
218776000000000.0 1.41566e+17 239658000000.0 2916360000000.0 504696000000.0 38619200000.0 695296000000.0 14578100000.0 428324000.0 4009610000000.0 9085820000.0 470876000.0 606948000.0 14013000000.0 220807000000.0 100239000000.0 111248000000.0 -3.32 4.27 [-3.32]
218776000000000.0 1.34487e+17 239186000000.0 2791060000000.0 459973000000.0 39504600000.0 668680000000.0 12648600000.0 473092000.0 3902390000000.0 7571660000.0 375593000.0 607408000.0 14111600000.0 216731000000.0 95565800000.0 99252000000.0 -3.3 4.267 [-3.3]
218776000000000.0 1.27762e+17 238626000000.0 2669460000000.0 418695000000.0 40407600000.0 642477000000.0 10961900000.0 521975000.0 3792540000000.0 6297100000.0 298968000.0 607023000.0 14197200000.0 212311000000.0 90916800000.0 88359800000.0 -3.28 4.263 [-3.28]
218776000000000.0 1.21377e+17 237983000000.0 2551630000000.0 380654000000.0 41328600000.0 616727000000.0 9489890000.0 575266000.0 3680410000000.0 5226590000.0 237492000.0 605836000.0 14271000000.0 207595000000.0 86316800000.0 78503900000.0 -3.26 4.26 [-3.26]
218776000000000.0 1.15312e+17 237260000000.0 2437510000000.0 345635000000.0 42267400000.0 591448000000.0 8206440000.0 633289000.0 3566280000000.0 4329040000.0 188260000.0 603876000.0 14334600000.0 202621000000.0 81786500000.0 69610700000.0 -3.24 4.256 [-3.24]
218776000000000.0 1.09553e+17 236458000000.0 2327150000000.0 313450000000.0 43224100000.0 566674000000.0 7089110000.0 696356000.0 3450510000000.0 3578230000.0 148925000.0 601180000.0 14389200000.0 197432000000.0 77346600000.0 61611400000.0 -3.22 4.253 [-3.22]
218776000000000.0 1.04084e+17 235582000000.0 2220540000000.0 283914000000.0 44198200000.0 542433000000.0 6117760000.0 764790000.0 3333490000000.0 2951570000.0 117571000.0 597788000.0 14436000000.0 192071000000.0 73014100000.0 54437000000.0 -3.2 4.249 [-3.2]
218776000000000.0 9.88888e+16 234633000000.0 2117610000000.0 256833000000.0 45189700000.0 518732000000.0 5273980000.0 838953000.0 3215480000000.0 2429440000.0 92622300.0 593741000.0 14476500000.0 186571000000.0 68800200000.0 48017100000.0 -3.18 4.246 [-3.18]
218776000000000.0 9.39672e+16 233621000000.0 2018600000000.0 232093000000.0 46198100000.0 495652000000.0 4543440000.0 919056000.0 3097170000000.0 1996200000.0 72852100.0 589099000.0 14511200000.0 180988000000.0 64727200000.0 42297500000.0 -3.16 4.242 [-3.16]
218776000000000.0 8.92822e+16 232536000000.0 1922950000000.0 209429000000.0 47222200000.0 473093000000.0 3909150000.0 1005690000.0 2978280000000.0 1636110000.0 57159600.0 583862000.0 14542300000.0 175318000000.0 60784600000.0 37195500000.0 -3.14 4.239 [-3.14]
218776000000000.0 8.48329e+16 231385000000.0 1830870000000.0 188739000000.0 48260900000.0 451121000000.0 3360190000.0 1099090000.0 2859430000000.0 1338080000.0 44756100.0 578082000.0 14570100000.0 169608000000.0 56989500000.0 32662600000.0 -3.12 4.235 [-3.12]
218776000000000.0 8.06076e+16 230168000000.0 1742280000000.0 169878000000.0 49312800000.0 429745000000.0 2885630000.0 1199610000.0 2740940000000.0 1091970000.0 34973700.0 571797000.0 14595600000.0 163884000000.0 53347300000.0 28643800000.0 -3.1 4.232 [-3.1]
218776000000000.0 7.65848e+16 228881000000.0 1656900000000.0 152672000000.0 50375800000.0 408918000000.0 2475010000.0 1307780000.0 2622810000000.0 888812000.0 27261400.0 565016000.0 14620000000.0 158152000000.0 49852900000.0 25081300000.0 -3.08 4.228 [-3.08]
218776000000000.0 7.27746e+16 227536000000.0 1575100000000.0 137065000000.0 51448600000.0 388751000000.0 2121580000.0 1423580000.0 2505950000000.0 722152000.0 21218200.0 557825000.0 14643000000.0 152470000000.0 46525200000.0 21941000000.0 -3.06 4.225 [-3.06]
218776000000000.0 6.91561e+16 226127000000.0 1496580000000.0 122898000000.0 52528400000.0 369193000000.0 1816990000.0 1547520000.0 2390350000000.0 585443000.0 16482500.0 550234000.0 14665600000.0 146839000000.0 43356100000.0 19172100000.0 -3.04 4.222 [-3.04]
218776000000000.0 6.57197e+16 224656000000.0 1421260000000.0 110055000000.0 53612500000.0 350242000000.0 1554760000.0 1679890000.0 2276250000000.0 473554000.0 12779000.0 542276000.0 14688200000.0 141275000000.0 40344900000.0 16734500000.0 -3.02 4.218 [-3.02]
218776000000000.0 6.24563e+16 223124000000.0 1349050000000.0 98428500000.0 54697700000.0 331900000000.0 1329200000.0 1820980000.0 2163930000000.0 382190000.0 9888860.0 533984000.0 14711300000.0 135792000000.0 37489900000.0 14591800000.0 -3.0 4.215 [-3.0]
218776000000000.0 5.93571e+16 221529000000.0 1279880000000.0 87918800000.0 55780400000.0 314162000000.0 1135370000.0 1971040000.0 2053600000000.0 307757000.0 7638080.0 525388000.0 14735100000.0 130403000000.0 34788600000.0 12711100000.0 -2.98 4.211 [-2.98]
218776000000000.0 5.64138e+16 219873000000.0 1213650000000.0 78431700000.0 56856700000.0 297026000000.0 968957000.0 2130290000.0 1945500000000.0 247254000.0 5888720.0 516519000.0 14759700000.0 125117000000.0 32237800000.0 11062500000.0 -2.96 4.208 [-2.96]
218776000000000.0 5.36259e+16 218163000000.0 1150460000000.0 69897700000.0 57923400000.0 280528000000.0 826482000.0 2298630000.0 1840090000000.0 198279000.0 4534230.0 507437000.0 14784700000.0 119959000000.0 29839200000.0 9621820000.0 -2.94 4.205 [-2.94]
218776000000000.0 5.09709e+16 216385000000.0 1089860000000.0 62198200000.0 58973200000.0 264580000000.0 704097000.0 2476720000.0 1737010000000.0 158568000.0 3483280.0 498108000.0 14811100000.0 114904000000.0 27577100000.0 8359380000.0 -2.92 4.201 [-2.92]
218776000000000.0 4.84494e+16 214547000000.0 1031950000000.0 55277500000.0 60002100000.0 249217000000.0 599295000.0 2664350000.0 1636710000000.0 126516000.0 2671300.0 488591000.0 14838300000.0 109974000000.0 25452500000.0 7256670000.0 -2.9 4.198 [-2.9]
218776000000000.0 4.60548e+16 212649000000.0 976635000000.0 49065900000.0 61004300000.0 234435000000.0 509629000.0 2861530000.0 1539350000000.0 100708000.0 2045150.0 478911000.0 14866100000.0 105173000000.0 23460700000.0 6294540000.0 -2.88 4.195 [-2.88]
218776000000000.0 4.37805e+16 210691000000.0 923838000000.0 43498500000.0 61973900000.0 220227000000.0 432975000.0 3068190000.0 1445050000000.0 79975600.0 1563190.0 469094000.0 14894300000.0 100505000000.0 21596400000.0 5455870000.0 -2.86 4.191 [-2.86]
218776000000000.0 4.16209e+16 208675000000.0 873478000000.0 38516000000.0 62904700000.0 206586000000.0 367505000.0 3284180000.0 1353950000000.0 63362900.0 1192940.0 459166000.0 14922500000.0 95972300000.0 19854300000.0 4725590000.0 -2.84 4.188 [-2.84]
218776000000000.0 3.95694e+16 206598000000.0 825456000000.0 34062700000.0 63789500000.0 193504000000.0 311628000.0 3509260000.0 1266120000000.0 50081300.0 908963.0 449142000.0 14950600000.0 91574400000.0 18229100000.0 4090150000.0 -2.82 4.185 [-2.82]
218776000000000.0 3.76211e+16 204464000000.0 779698000000.0 30088100000.0 64622000000.0 180975000000.0 263981000.0 3743150000.0 1181670000000.0 39489600.0 691557.0 439052000.0 14977900000.0 87314100000.0 16715300000.0 3537770000.0 -2.8 4.182 [-2.8]
218776000000000.0 3.57652e+16 202264000000.0 735991000000.0 26537700000.0 65392300000.0 168958000000.0 223304000.0 3985810000.0 1100440000000.0 31048000.0 525083.0 428877000.0 15004700000.0 83176800000.0 15303800000.0 3057000000.0 -2.78 4.179 [-2.78]
218776000000000.0 3.40077e+16 200015000000.0 694512000000.0 23385500000.0 66098400000.0 157511000000.0 188760000.0 4235990000.0 1022920000000.0 24364300.0 398361.0 418706000.0 15029400000.0 79189600000.0 13996600000.0 2640670000.0 -2.76 4.175 [-2.76]
218776000000000.0 3.23425e+16 197718000000.0 655155000000.0 20589400000.0 66733500000.0 146617000000.0 159436000.0 4493090000.0 949076000000.0 19082000.0 301982.0 408553000.0 15051500000.0 75348700000.0 12787400000.0 2280230000.0 -2.74 4.172 [-2.74]
218776000000000.0 3.07567e+16 195359000000.0 617633000000.0 18101900000.0 67285900000.0 136219000000.0 134469000.0 4757200000.0 878609000000.0 14902700.0 0.0 398380000.0 15071400000.0 71631200000.0 11665300000.0 1967230000.0 -2.72 4.169 [-2.72]
218776000000000.0 2.92502e+16 192947000000.0 581977000000.0 15896900000.0 67751300000.0 126333000000.0 113276000.0 5027180000.0 811687000000.0 11610800.0 0.0 388230000.0 15088000000.0 68046200000.0 10628000000.0 1696160000.0 -2.7 4.166 [-2.7]
218776000000000.0 2.78192e+16 190482000000.0 548111000000.0 13944900000.0 68123600000.0 116951000000.0 95306400.0 5302190000.0 748299000000.0 9024580.0 0.0 378120000.0 15100900000.0 64592000000.0 9670670000.0 1461560000.0 -2.68 4.163 [-2.68]
218776000000000.0 2.64597e+16 187967000000.0 515964000000.0 12219200000.0 68397300000.0 108065000000.0 80085500.0 5581350000.0 688418000000.0 6997800.0 0.0 368064000.0 15109500000.0 61266600000.0 8788410000.0 1258660000.0 -2.66 4.16 [-2.66]
218776000000000.0 2.51648e+16 185395000000.0 485385000000.0 10692400000.0 68563700000.0 99645900000.0 67184800.0 5864090000.0 631884000000.0 5410980.0 0.0 358049000.0 15113300000.0 58058900000.0 7974720000.0 1082980000.0 -2.64 4.157 [-2.64]
218776000000000.0 2.39412e+16 182791000000.0 456546000000.0 9351840000.0 68629500000.0 91739000000.0 56325500.0 6148190000.0 578999000000.0 4178160.0 0.0 348171000.0 15111200000.0 54993400000.0 7230720000.0 931815000.0 -2.62 4.154 [-2.62]
218776000000000.0 2.27754e+16 180133000000.0 429137000000.0 8168400000.0 68580700000.0 84278600000.0 47140000.0 6433830000.0 529334000000.0 3217340.0 0.0 338359000.0 15103300000.0 52040600000.0 6546400000.0 801050000.0 -2.6 4.151 [-2.6]
218776000000000.0 2.16649e+16 177425000000.0 403108000000.0 7125310000.0 68414100000.0 77256600000.0 39383400.0 6719960000.0 482832000000.0 2470720.0 0.0 328625000.0 15088900000.0 49199000000.0 5918090000.0 688033000.0 -2.58 4.148 [-2.58]
