Cloudy_runs/pg1121/z=0.192393/component_I_PI_nH/component_I_PI_nH_col_density_param.txt
# %ECSV 1.0
# ---
# datatype:
# - {name: H, datatype: float64}
# - {name: H+, datatype: float64}
# - {name: C+, datatype: float64}
# - {name: C+2, datatype: float64}
# - {name: C+3, datatype: float64}
# - {name: N+, datatype: float64}
# - {name: N+2, datatype: float64}
# - {name: N+4, datatype: float64}
# - {name: O, datatype: float64}
# - {name: O+2, datatype: float64}
# - {name: O+5, datatype: float64}
# - {name: O+6, datatype: float64}
# - {name: P+, datatype: float64}
# - {name: Si+, datatype: float64}
# - {name: Si+2, datatype: float64}
# - {name: Si+3, datatype: float64}
# - {name: Si+4, datatype: float64}
# - {name: log_nH, datatype: float64}
# - {name: log_Te, datatype: float64}
# - {name: parameters, datatype: string, subtype: 'float64[1]'}
# schema: astropy-2.0
H H+ C+ C+2 C+3 N+ N+2 N+4 O O+2 O+5 O+6 P+ Si+ Si+2 Si+3 Si+4 log_nH log_Te parameters
218776000000000.0 7.30132e+18 252254000000.0 117143000000000.0 908564000000000.0 13984400000.0 14662400000000.0 867072000000000.0 465407.0 38965700000000.0 1.14308e+16 1.39975e+16 5317750.0 220679000.0 24819000000.0 329340000000.0 29611000000000.0 -5.0 4.35 [-5.0]
218776000000000.0 6.86096e+18 266989000000.0 121739000000000.0 924234000000000.0 15358900000.0 15822500000000.0 856957000000000.0 553895.0 42952200000000.0 1.08846e+16 1.2577e+16 6128940.0 252585000.0 28396100000.0 377129000000.0 31763600000000.0 -4.98 4.34 [-4.98]
218776000000000.0 6.44693e+18 282856000000.0 126376000000000.0 938927000000000.0 16901600000.0 17071200000000.0 845462000000000.0 662097.0 47302800000000.0 1.03377e+16 1.12732e+16 7067620.0 288524000.0 32413500000.0 431158000000.0 34011700000000.0 -4.96 4.331 [-4.96]
218776000000000.0 6.05607e+18 299822000000.0 131021000000000.0 952632000000000.0 18629300000.0 18413300000000.0 832570000000000.0 794590.0 52041000000000.0 9791180000000000.0 1.00756e+16 8149610.0 328737000.0 36908200000.0 492382000000.0 36361200000000.0 -4.94 4.321 [-4.94]
218776000000000.0 5.68763e+18 318136000000.0 135690000000000.0 965271000000000.0 20573100000.0 19854700000000.0 818297000000000.0 957315.0 57185500000000.0 9247380000000000.0 8980070000000000.0 9401630.0 373782000.0 41927000000.0 561542000000.0 38805900000000.0 -4.92 4.311 [-4.92]
218776000000000.0 5.34003e+18 337978000000.0 140387000000000.0 976780000000000.0 22765200000.0 21401400000000.0 802653000000000.0 1157610.0 62756900000000.0 8708230000000000.0 7979850000000000.0 10851800.0 424178000.0 47516800000.0 639583000000.0 41343100000000.0 -4.9 4.301 [-4.9]
218776000000000.0 5.01204e+18 359568000000.0 145123000000000.0 987133000000000.0 25243000000.0 23060300000000.0 785670000000000.0 1404660.0 68777400000000.0 8175720000000000.0 7069030000000000.0 12534500.0 480541000.0 53730300000.0 727573000000.0 43970100000000.0 -4.88 4.29 [-4.88]
218776000000000.0 4.70297e+18 383252000000.0 149933000000000.0 996281000000000.0 28051300000.0 24836800000000.0 767383000000000.0 1709590.0 75257700000000.0 7652270000000000.0 6243210000000000.0 14493700.0 543756000.0 60628200000.0 826487000000.0 46677900000000.0 -4.86 4.28 [-4.86]
218776000000000.0 4.41038e+18 409166000000.0 154794000000000.0 1004190000000000.0 31236000000.0 26736800000000.0 747753000000000.0 2086960.0 82219100000000.0 7138650000000000.0 5493520000000000.0 16770700.0 614303000.0 68258600000.0 938002000000.0 49470300000000.0 -4.84 4.269 [-4.84]
218776000000000.0 4.13236e+18 437566000000.0 159703000000000.0 1010820000000000.0 34857100000.0 28768600000000.0 726754000000000.0 2555530.0 89683200000000.0 6635200000000000.0 4813440000000000.0 19416500.0 692774000.0 76673200000.0 1064080000000.0 52349900000000.0 -4.82 4.257 [-4.82]
218776000000000.0 3.86987e+18 469215000000.0 164770000000000.0 1016060000000000.0 38993000000.0 30937300000000.0 704505000000000.0 3136820.0 97641200000000.0 6145600000000000.0 4202010000000000.0 22518700.0 781198000.0 85978900000.0 1205590000000.0 55291300000000.0 -4.8 4.246 [-4.8]
218776000000000.0 3.62086e+18 504540000000.0 170007000000000.0 1019860000000000.0 43727800000.0 33250000000000.0 680964000000000.0 3860140.0 106104000000000.0 5670000000000000.0 3652100000000000.0 26157500.0 880781000.0 96256500000.0 1364930000000.0 58295500000000.0 -4.78 4.234 [-4.78]
218776000000000.0 3.38441e+18 544254000000.0 175476000000000.0 1022110000000000.0 49163400000.0 35712400000000.0 656145000000000.0 4761610.0 115066000000000.0 5209740000000000.0 3159130000000000.0 30443600.0 993615000.0 107623000000.0 1544330000000.0 61352300000000.0 -4.76 4.221 [-4.76]
218776000000000.0 3.15875e+18 589200000000.0 181235000000000.0 1022680000000000.0 55430500000.0 38333300000000.0 629973000000000.0 5889680.0 124530000000000.0 4764650000000000.0 2717260000000000.0 35508700.0 1122040000.0 120213000000.0 1747150000000.0 64460700000000.0 -4.74 4.207 [-4.74]
218776000000000.0 2.94321e+18 640676000000.0 187417000000000.0 1021410000000000.0 62688400000.0 41119800000000.0 602464000000000.0 7304570.0 134470000000000.0 4336000000000000.0 2322940000000000.0 41535200.0 1270140000.0 134252000000.0 1976580000000.0 67606800000000.0 -4.72 4.192 [-4.72]
218776000000000.0 2.73625e+18 700382000000.0 194174000000000.0 1018080000000000.0 71145100000.0 44081600000000.0 573528000000000.0 9088120.0 144853000000000.0 3923960000000000.0 1971410000000000.0 48760400.0 1443300000.0 150038000000.0 2237390000000.0 70784500000000.0 -4.7 4.176 [-4.7]
218776000000000.0 2.53765e+18 770708000000.0 201758000000000.0 1012430000000000.0 81035500000.0 47218400000000.0 543196000000000.0 11340800.0 155608000000000.0 3530100000000000.0 1659980000000000.0 57515200.0 1650710000.0 168074000000.0 2533860000000.0 73969200000000.0 -4.68 4.158 [-4.68]
218776000000000.0 2.34566e+18 855025000000.0 210475000000000.0 1004040000000000.0 92686900000.0 50535200000000.0 511311000000000.0 14206300.0 166651000000000.0 3153780000000000.0 1384260000000000.0 68257600.0 1905560000.0 189103000000.0 2873340000000.0 77149200000000.0 -4.66 4.138 [-4.66]
218776000000000.0 2.15858e+18 958480000000.0 220803000000000.0 992372000000000.0 106536000000.0 54036200000000.0 477689000000000.0 17884000.0 177850000000000.0 2794240000000000.0 1140610000000000.0 81667400.0 2229720000.0 214348000000.0 3265780000000.0 80307400000000.0 -4.64 4.116 [-4.64]
218776000000000.0 1.97387e+18 1089250000000.0 233432000000000.0 976382000000000.0 123186000000.0 57708600000000.0 441955000000000.0 22670100.0 188962000000000.0 2449900000000000.0 924902000000000.0 98827500.0 2661010000.0 245880000000.0 3726250000000.0 83426200000000.0 -4.62 4.089 [-4.62]
218776000000000.0 1.78856e+18 1260950000000.0 249442000000000.0 954456000000000.0 143479000000.0 61518500000000.0 403614000000000.0 29016600.0 199571000000000.0 2118660000000000.0 733821000000000.0 121588000.0 3269960000.0 287394000000.0 4277860000000.0 86466400000000.0 -4.6 4.057 [-4.6]
218775000000000.0 1.59703e+18 1500000000000.0 270725000000000.0 923665000000000.0 168798000000.0 65381200000000.0 361646000000000.0 37736100.0 208905000000000.0 1794920000000000.0 562881000000000.0 153581000.0 4204370000.0 346076000000.0 4964750000000.0 89369200000000.0 -4.58 4.018 [-4.58]
218776000000000.0 1.38586e+18 1870770000000.0 301204000000000.0 877001000000000.0 201785000000.0 69012900000000.0 313506000000000.0 50661700.0 215144000000000.0 1462620000000000.0 404754000000000.0 204018000.0 5859360000.0 438707000000.0 5895190000000.0 92002000000000.0 -4.56 4.016 [-4.56]
218775000000000.0 1.20423e+18 2326670000000.0 333114000000000.0 823857000000000.0 236361000000.0 71565000000000.0 270583000000000.0 67002100.0 218378000000000.0 1180910000000000.0 289086000000000.0 273367000.0 8336830000.0 556403000000.0 6896520000000.0 93484800000000.0 -4.54 3.957 [-4.54]
218775000000000.0 1.05749e+18 2830860000000.0 361528000000000.0 769716000000000.0 269985000000.0 73050000000000.0 235149000000000.0 86658700.0 220113000000000.0 952914000000000.0 208780000000000.0 361826000.0 11690700000.0 688098000000.0 7887040000000.0 93790800000000.0 -4.52 3.899 [-4.52]
218774000000000.0 9.18298e+17 3471270000000.0 389387000000000.0 706626000000000.0 305352000000.0 73243100000000.0 202026000000000.0 113347000.0 219479000000000.0 742335000000000.0 144598000000000.0 489689000.0 16856500000.0 848973000000.0 9006450000000.0 92883800000000.0 -4.5 3.9 [-4.5]
218776000000000.0 7.86963e+17 4283500000000.0 413941000000000.0 634649000000000.0 341347000000.0 71802700000000.0 171663000000000.0 151155000.0 217205000000000.0 549998000000000.0 94577500000000.0 682928000.0 24980200000.0 1038520000000.0 10253100000000.0 90425600000000.0 -4.48 3.848 [-4.48]
218776000000000.0 6.67274e+17 5263490000000.0 431063000000000.0 557217000000000.0 376721000000.0 68690800000000.0 144699000000000.0 206488000.0 215135000000000.0 384794000000000.0 58150400000000.0 980312000.0 37521800000.0 1247670000000.0 11566600000000.0 86208700000000.0 -4.46 3.789 [-4.46]
218774000000000.0 5.68666e+17 6273380000000.0 437405000000000.0 484576000000000.0 411007000000.0 64842500000000.0 122165000000000.0 283804000.0 215657000000000.0 262576000000000.0 35097600000000.0 1396640000.0 54843200000.0 1454870000000.0 12768000000000.0 80768400000000.0 -4.44 3.724 [-4.44]
218775000000000.0 4.93733e+17 7155930000000.0 434673000000000.0 424055000000000.0 445362000000.0 61400300000000.0 104003000000000.0 382344000.0 218848000000000.0 182863000000000.0 21940200000000.0 1900330000.0 75975500000.0 1646980000000.0 13728800000000.0 75095100000000.0 -4.42 3.651 [-4.42]
218776000000000.0 4.36523e+17 7877840000000.0 426577000000000.0 374884000000000.0 480899000000.0 58646300000000.0 89196200000000.0 501197000.0 223229000000000.0 131629000000000.0 14388300000000.0 2461150000.0 100390000000.0 1825580000000.0 14461900000000.0 69680700000000.0 -4.4 3.579 [-4.4]
218775000000000.0 3.91055e+17 8464290000000.0 415511000000000.0 334118000000000.0 518030000000.0 56430300000000.0 76852600000000.0 641709000.0 227737000000000.0 97398700000000.0 9800890000000.0 3067860000.0 128241000000.0 1994850000000.0 15018500000000.0 64611000000000.0 -4.38 3.517 [-4.38]
218775000000000.0 3.53763e+17 8940710000000.0 402792000000000.0 299665000000000.0 556732000000.0 54598600000000.0 66445400000000.0 805624000.0 231847000000000.0 73679500000000.0 6876660000000.0 3714110000.0 159715000000.0 2156690000000.0 15435800000000.0 59893600000000.0 -4.36 3.415 [-4.36]
218775000000000.0 3.22072e+17 9329800000000.0 388979000000000.0 269764000000000.0 597118000000.0 52994500000000.0 57525600000000.0 997348000.0 235370000000000.0 56550000000000.0 4919290000000.0 4402760000.0 195435000000.0 2312690000000.0 15742700000000.0 55455900000000.0 -4.34 3.423 [-4.34]
218775000000000.0 2.94773e+17 9645270000000.0 374625000000000.0 243630000000000.0 639006000000.0 51558700000000.0 49874700000000.0 1219550000.0 238201000000000.0 43947300000000.0 3577380000000.0 5128530000.0 235566000000.0 2462450000000.0 15954100000000.0 51299600000000.0 -4.32 3.38 [-4.32]
218775000000000.0 2.70901e+17 9899210000000.0 360033000000000.0 220572000000000.0 682337000000.0 50235900000000.0 43284500000000.0 1476230000.0 240326000000000.0 34489400000000.0 2635180000000.0 5889020000.0 280430000000.0 2605800000000.0 16082700000000.0 47402000000000.0 -4.3 3.386 [-4.3]
218776000000000.0 2.49815e+17 10101200000000.0 345440000000000.0 200102000000000.0 727001000000.0 48992700000000.0 37597200000000.0 1771430000.0 241755000000000.0 27289500000000.0 1961980000000.0 6680220000.0 330260000000.0 2742300000000.0 16137900000000.0 43749900000000.0 -4.28 3.348 [-4.28]
218776000000000.0 2.31024e+17 10259100000000.0 330994000000000.0 181832000000000.0 772904000000.0 47802900000000.0 32678800000000.0 2109820000.0 242520000000000.0 21739600000000.0 1473690000000.0 7498050000.0 385291000000.0 2871470000000.0 16127200000000.0 40328700000000.0 -4.26 3.354 [-4.26]
218776000000000.0 2.14125e+17 10378500000000.0 316763000000000.0 165428000000000.0 820011000000.0 46643000000000.0 28411200000000.0 2497390000.0 242658000000000.0 17409000000000.0 1114450000000.0 8338890000.0 445858000000.0 2992810000000.0 16056400000000.0 37118900000000.0 -4.24 3.32 [-4.24]
218776000000000.0 1.98868e+17 10465400000000.0 302859000000000.0 150671000000000.0 868192000000.0 45505200000000.0 24709300000000.0 2939380000.0 242207000000000.0 14007700000000.0 848002000000.0 9196580000.0 512056000000.0 3105760000000.0 15931000000000.0 34115700000000.0 -4.22 3.325 [-4.22]
218776000000000.0 1.85029e+17 10524400000000.0 289341000000000.0 137358000000000.0 917339000000.0 44380600000000.0 21495000000000.0 3442080000.0 241204000000000.0 11317300000000.0 648670000000.0 10065500000.0 584017000000.0 3209870000000.0 15755900000000.0 31309000000000.0 -4.2 3.294 [-4.2]
218776000000000.0 1.72427e+17 10559600000000.0 276250000000000.0 125319000000000.0 967310000000.0 43263400000000.0 18702300000000.0 4012130000.0 239688000000000.0 9176310000000.0 498474000000.0 10939700000.0 661808000000.0 3304630000000.0 15535500000000.0 28689700000000.0 -4.18 3.298 [-4.18]
218776000000000.0 1.60916e+17 10575000000000.0 263621000000000.0 114412000000000.0 1017660000000.0 42150500000000.0 16275300000000.0 4657040000.0 237696000000000.0 7464090000000.0 384624000000.0 11813000000.0 745424000000.0 3389670000000.0 15274000000000.0 26249600000000.0 -4.16 3.27 [-4.16]
218776000000000.0 1.50371e+17 10573600000000.0 251468000000000.0 104513000000000.0 1068580000000.0 41039400000000.0 14165100000000.0 5384200000.0 235264000000000.0 6088380000000.0 297842000000.0 12679600000.0 834813000000.0 3464600000000.0 14975300000000.0 23979700000000.0 -4.14 3.274 [-4.14]
218776000000000.0 1.40686e+17 10558300000000.0 239800000000000.0 95512200000000.0 1119960000000.0 39929300000000.0 12329600000000.0 6201980000.0 232428000000000.0 4978560000000.0 231374000000.0 13533800000.0 929872000000.0 3529220000000.0 14643300000000.0 21871700000000.0 -4.12 3.249 [-4.12]
218776000000000.0 1.31765e+17 10531100000000.0 228606000000000.0 87315000000000.0 1171690000000.0 38817900000000.0 10732000000000.0 7119800000.0 229216000000000.0 4079440000000.0 180215000000.0 14370300000.0 1030440000000.0 3583010000000.0 14281400000000.0 19915700000000.0 -4.1 3.252 [-4.1]
218776000000000.0 1.23533e+17 10493900000000.0 217886000000000.0 79843100000000.0 1223640000000.0 37706600000000.0 9341680000000.0 8147050000.0 225662000000000.0 3348980000000.0 140708000000.0 15183500000.0 1136250000000.0 3625810000000.0 13893200000000.0 18104600000000.0 -4.08 3.229 [-4.08]
218776000000000.0 1.15919e+17 10448700000000.0 207628000000000.0 73019600000000.0 1275750000000.0 36595900000000.0 8130800000000.0 9294660000.0 221794000000000.0 2753530000000.0 110080000000.0 15969600000.0 1247000000000.0 3657490000000.0 13481800000000.0 16429500000000.0 -4.06 3.231 [-4.06]
218776000000000.0 1.08862e+17 10396600000000.0 197815000000000.0 66782800000000.0 1327930000000.0 35486200000000.0 7075970000000.0 10574400000.0 217640000000000.0 2266790000000.0 86259200000.0 16723900000.0 1362360000000.0 3677820000000.0 13050400000000.0 14882300000000.0 -4.04 3.209 [-4.04]
218776000000000.0 1.02308e+17 10338200000000.0 188427000000000.0 61076100000000.0 1380100000000.0 34378300000000.0 6156650000000.0 11999200000.0 213224000000000.0 1867840000000.0 67678400000.0 17442300000.0 1481900000000.0 3686640000000.0 12601800000000.0 13455100000000.0 -4.02 3.212 [-4.02]
218776000000000.0 9.62143e+16 10275100000000.0 179459000000000.0 55852400000000.0 1432160000000.0 33274800000000.0 5355890000000.0 13581400000.0 208576000000000.0 1540450000000.0 53162500000.0 18121700000.0 1605000000000.0 3684030000000.0 12139200000000.0 12141700000000.0 -4.0 3.191 [-4.0]
218776000000000.0 9.05387e+16 10207700000000.0 170887000000000.0 51066900000000.0 1484050000000.0 32176600000000.0 4658080000000.0 15335800000.0 203717000000000.0 1271180000000.0 41794400000.0 18759000000.0 1731090000000.0 3669940000000.0 11665400000000.0 10934700000000.0 -3.98 3.193 [-3.98]
218776000000000.0 8.52443e+16 10136400000000.0 162695000000000.0 46680300000000.0 1535690000000.0 31085300000000.0 4049950000000.0 17277900000.0 198671000000000.0 1049360000000.0 32876000000.0 19351600000.0 1859520000000.0 3644500000000.0 11183000000000.0 9827180000000.0 -3.96 3.174 [-3.96]
218776000000000.0 8.02987e+16 10061800000000.0 154866000000000.0 42657700000000.0 1587030000000.0 30002100000000.0 3519970000000.0 19424700000.0 193458000000000.0 866396000000.0 25869400000.0 19897400000.0 1989530000000.0 3607860000000.0 10694600000000.0 8812940000000.0 -3.94 3.176 [-3.94]
218776000000000.0 7.5671e+16 9983740000000.0 147378000000000.0 38967200000000.0 1638020000000.0 28928200000000.0 3057990000000.0 21794800000.0 188098000000000.0 715264000000.0 20356500000.0 20394500000.0 2120390000000.0 3560220000000.0 10202500000000.0 7885540000000.0 -3.92 3.158 [-3.92]
