Cloudy_runs/pg1216/z=0.006328/logZ=-1/component_IV_PI_nH/component_IV_PI_nH_col_density_param.txt
# %ECSV 1.0
# ---
# datatype:
# - {name: H, datatype: float64}
# - {name: H+, datatype: float64}
# - {name: C+, datatype: float64}
# - {name: C+2, datatype: float64}
# - {name: C+3, datatype: float64}
# - {name: N+, datatype: float64}
# - {name: N+2, datatype: float64}
# - {name: N+4, datatype: float64}
# - {name: O, datatype: float64}
# - {name: O+2, datatype: float64}
# - {name: O+5, datatype: float64}
# - {name: O+6, datatype: float64}
# - {name: P+, datatype: float64}
# - {name: Si+, datatype: float64}
# - {name: Si+2, datatype: float64}
# - {name: Si+3, datatype: float64}
# - {name: Si+4, datatype: float64}
# - {name: Fe+, datatype: float64}
# - {name: Al+, datatype: float64}
# - {name: log_nH, datatype: float64}
# - {name: parameters, datatype: string, subtype: 'float64[1]'}
# schema: astropy-2.0
H H+ C+ C+2 C+3 N+ N+2 N+4 O O+2 O+5 O+6 P+ Si+ Si+2 Si+3 Si+4 Fe+ Al+ log_nH parameters
[from data line 214]
1.23027e+19 1.03648e+18 343707000000000.0 1790770000000.0 23348500.0 7896200000000.0 632741000.0 0.0 611045000000000.0 3417040000.0 0.0 0.0 339800000000.0 43117400000000.0 38985100000.0 905658000.0 535506.0 41949800000000.0 3376690000000.0 -0.72 [-0.72]
1.23027e+19 1.00524e+18 342705000000000.0 1715450000000.0 13762300.0 7592630000000.0 580864000.0 0.0 610848000000000.0 3144840000.0 0.0 0.0 338968000000.0 43017300000000.0 36822200000.0 862894000.0 428226.0 41861900000000.0 3378190000000.0 -0.7 [-0.7]
1.23027e+19 9.74798e+17 341717000000000.0 1643300000000.0 9992320.0 7296140000000.0 533328000.0 0.0 610655000000000.0 2895830000.0 0.0 0.0 338155000000.0 42919500000000.0 34768000000.0 822422000.0 347198.0 41776000000000.0 3379900000000.0 -0.68 [-0.68]
1.23027e+19 9.45116e+17 340742000000000.0 1574210000000.0 7702240.0 7007240000000.0 489762000.0 0.0 610465000000000.0 2667940000.0 0.0 0.0 337362000000.0 42824000000000.0 32820900000.0 784066000.0 272419.0 41692000000000.0 3381790000000.0 -0.66 [-0.66]
1.23027e+19 9.16066e+17 339779000000000.0 1507930000000.0 5803590.0 6725060000000.0 449804000.0 0.0 610277000000000.0 2459170000.0 0.0 0.0 336586000000.0 42730300000000.0 30970100000.0 747691000.0 219422.0 41609500000000.0 3383760000000.0 -0.64 [-0.64]
1.23026e+19 8.87795e+17 338825000000000.0 1444430000000.0 4403450.0 6450830000000.0 413154000.0 0.0 610088000000000.0 2267910000.0 0.0 0.0 335832000000.0 42638700000000.0 29216000000.0 713176000.0 144814.0 41528800000000.0 3385900000000.0 -0.62 [-0.62]
1.23027e+19 8.60236e+17 337888000000000.0 1383530000000.0 3210320.0 6184300000000.0 379528000.0 0.0 609912000000000.0 2092550000.0 0.0 0.0 335104000000.0 42549900000000.0 27552300000.0 680405000.0 0.0 41450400000000.0 3388120000000.0 -0.6 [-0.6]
1.23027e+19 8.33361e+17 336958000000000.0 1325120000000.0 2429990.0 5925490000000.0 348652000.0 0.0 609735000000000.0 1931660000.0 0.0 0.0 334396000000.0 42462700000000.0 25975000000.0 649266000.0 0.0 41373600000000.0 3390480000000.0 -0.58 [-0.58]
1.23027e+19 8.07181e+17 336037000000000.0 1269170000000.0 1708100.0 5674100000000.0 320306000.0 0.0 609562000000000.0 1784040000.0 0.0 0.0 333711000000.0 42377600000000.0 24477000000.0 619673000.0 0.0 41298500000000.0 3392880000000.0 -0.56 [-0.56]
1.23027e+19 7.8165e+17 335124000000000.0 1215420000000.0 855013.0 5430720000000.0 294254000.0 0.0 609393000000000.0 1648360000.0 0.0 0.0 333049000000.0 42294500000000.0 23058300000.0 591514000.0 0.0 41225100000000.0 3395300000000.0 -0.54 [-0.54]
1.23027e+19 7.56789e+17 334219000000000.0 1163890000000.0 0.0 5195370000000.0 270341000.0 0.0 609226000000000.0 1523810000.0 0.0 0.0 332409000000.0 42213200000000.0 21715600000.0 564706000.0 0.0 41153400000000.0 3397640000000.0 -0.52 [-0.52]
1.23027e+19 7.32518e+17 333319000000000.0 1114430000000.0 0.0 4967240000000.0 248381000.0 0.0 609064000000000.0 1409400000.0 0.0 0.0 331791000000.0 42133800000000.0 20442400000.0 539185000.0 0.0 41083300000000.0 3399930000000.0 -0.5 [-0.5]
1.23027e+19 7.08925e+17 332424000000000.0 1066930000000.0 0.0 4747330000000.0 228172000.0 0.0 608905000000000.0 1304050000.0 0.0 0.0 331194000000.0 42056200000000.0 19235700000.0 514864000.0 0.0 41015000000000.0 3402110000000.0 -0.48 [-0.48]
1.23027e+19 6.85867e+17 331530000000000.0 1021290000000.0 0.0 4534540000000.0 209570000.0 0.0 608750000000000.0 1207030000.0 0.0 0.0 330617000000.0 41980300000000.0 18087600000.0 491677000.0 0.0 40948100000000.0 3404110000000.0 -0.46 [-0.46]
1.23027e+19 6.63492e+17 330638000000000.0 977500000000.0 0.0 4329490000000.0 192486000.0 0.0 608600000000000.0 1117780000.0 0.0 0.0 330062000000.0 41906300000000.0 17003200000.0 469578000.0 0.0 40883100000000.0 3406000000000.0 -0.44 [-0.44]
1.23027e+19 6.417e+17 329743000000000.0 935376000000.0 0.0 4132030000000.0 176762000.0 0.0 608454000000000.0 1035470000.0 0.0 0.0 329526000000.0 41833900000000.0 15975100000.0 448485000.0 0.0 40819700000000.0 3407700000000.0 -0.42 [-0.42]
1.23027e+19 6.20487e+17 328848000000000.0 894954000000.0 0.0 3941830000000.0 162303000.0 0.0 608312000000000.0 959598000.0 0.0 0.0 329006000000.0 41763200000000.0 15002400000.0 428347000.0 0.0 40757800000000.0 3409090000000.0 -0.4 [-0.4]
1.23027e+19 5.9991e+17 327950000000000.0 856123000000.0 0.0 3759220000000.0 149006000.0 0.0 608175000000000.0 889616000.0 0.0 0.0 328505000000.0 41694300000000.0 14082000000.0 409110000.0 0.0 40697700000000.0 3410260000000.0 -0.38 [-0.38]
1.23027e+19 5.79863e+17 327050000000000.0 818848000000.0 0.0 3583330000000.0 136763000.0 0.0 608041000000000.0 824979000.0 0.0 0.0 328017000000.0 41626900000000.0 13208200000.0 390726000.0 0.0 40639100000000.0 3411050000000.0 -0.36 [-0.36]
1.23027e+19 5.60406e+17 326143000000000.0 783055000000.0 0.0 3414550000000.0 125500000.0 0.0 607912000000000.0 765263000.0 0.0 0.0 327544000000.0 41561200000000.0 12381800000.0 373157000.0 0.0 40582200000000.0 3411580000000.0 -0.34 [-0.34]
1.23027e+19 5.41412e+17 325228000000000.0 748684000000.0 0.0 3252460000000.0 115147000.0 0.0 607787000000000.0 710041000.0 0.0 0.0 327080000000.0 41496700000000.0 11600600000.0 356354000.0 0.0 40526500000000.0 3411690000000.0 -0.32 [-0.32]
1.23027e+19 5.22924e+17 324300000000000.0 715658000000.0 0.0 3096790000000.0 105612000.0 0.0 607667000000000.0 658894000.0 0.0 0.0 326625000000.0 41433500000000.0 10858800000.0 340284000.0 0.0 40472300000000.0 3411510000000.0 -0.3 [-0.3]
1.23685e+19 5.05228e+17 325092000000000.0 685163000000.0 0.0 2946810000000.0 96883800.0 0.0 610781000000000.0 612004000.0 0.0 0.0 327851000000.0 41585100000000.0 10153900000.0 326473000.0 0.0 40628400000000.0 3427970000000.0 -0.28 [-0.28]
1.23027e+19 4.87331e+17 322401000000000.0 653673000000.0 0.0 2801800000000.0 88764400.0 0.0 607440000000000.0 567774000.0 0.0 0.0 325734000000.0 41310500000000.0 9485270000.0 310216000.0 0.0 40368000000000.0 3410250000000.0 -0.26 [-0.26]
1.23027e+19 4.70252e+17 321427000000000.0 624545000000.0 0.0 2663640000000.0 81361100.0 0.0 607334000000000.0 527200000.0 0.0 0.0 325296000000.0 41250700000000.0 8856970000.0 296145000.0 0.0 40317800000000.0 3409320000000.0 -0.24 [-0.24]
1.23027e+19 4.53645e+17 320430000000000.0 596621000000.0 0.0 2529850000000.0 74521800.0 0.0 607234000000000.0 489557000.0 0.0 0.0 324865000000.0 41192000000000.0 8255660000.0 282728000.0 0.0 40269200000000.0 3408480000000.0 -0.22 [-0.22]
1.23027e+19 4.37481e+17 319412000000000.0 569804000000.0 0.0 2400910000000.0 68228500.0 0.0 607140000000000.0 454679000.0 0.0 0.0 324438000000.0 41134300000000.0 7684750000.0 269928000.0 0.0 40222000000000.0 3407670000000.0 -0.2 [-0.2]
1.23027e+19 4.21723e+17 318370000000000.0 544072000000.0 0.0 2276280000000.0 62429600.0 0.0 607052000000000.0 422334000.0 0.0 0.0 324013000000.0 41077500000000.0 7140960000.0 257715000.0 0.0 40176200000000.0 3406970000000.0 -0.18 [-0.18]
1.23027e+19 4.06477e+17 317304000000000.0 519400000000.0 0.0 2157010000000.0 57110700.0 0.0 606973000000000.0 392370000.0 0.0 0.0 323595000000.0 41021900000000.0 6628080000.0 246062000.0 0.0 40132100000000.0 3406470000000.0 -0.16 [-0.16]
1.23027e+19 3.91512e+17 316206000000000.0 495624000000.0 0.0 2040960000000.0 52194000.0 0.0 606901000000000.0 364476000.0 0.0 0.0 323177000000.0 40966800000000.0 6138100000.0 234940000.0 0.0 40089000000000.0 3406140000000.0 -0.14 [-0.14]
1.23027e+19 3.77074e+17 315080000000000.0 472826000000.0 0.0 1929970000000.0 47689200.0 0.0 606840000000000.0 338643000.0 0.0 0.0 322766000000.0 40913100000000.0 5677120000.0 224331000.0 0.0 40048000000000.0 3406100000000.0 -0.12 [-0.12]
1.23027e+19 3.62967e+17 313923000000000.0 450851000000.0 0.0 1822130000000.0 43534300.0 0.0 606790000000000.0 314638000.0 0.0 0.0 322358000000.0 40860000000000.0 5237920000.0 214207000.0 0.0 40008400000000.0 3406290000000.0 -0.1 [-0.1]
1.23027e+19 3.49202e+17 312727000000000.0 429672000000.0 0.0 1717530000000.0 39699600.0 0.0 606754000000000.0 292337000.0 0.0 0.0 321955000000.0 40807800000000.0 4814950000.0 204547000.0 0.0 39970500000000.0 3406770000000.0 -0.08 [-0.08]
1.23027e+19 3.35738e+17 311497000000000.0 409260000000.0 0.0 1615820000000.0 36164400.0 0.0 606731000000000.0 271574000.0 0.0 0.0 321557000000.0 40756400000000.0 4414610000.0 195330000.0 0.0 39934100000000.0 3407480000000.0 -0.06 [-0.06]
1.23027e+19 3.22717e+17 310231000000000.0 389608000000.0 0.0 1517850000000.0 32915400.0 0.0 606725000000000.0 252340000.0 0.0 0.0 321168000000.0 40706300000000.0 4033000000.0 186535000.0 0.0 39899900000000.0 3408480000000.0 -0.04 [-0.04]
1.23027e+19 3.10084e+17 308929000000000.0 370688000000.0 0.0 1423610000000.0 29938100.0 0.0 606737000000000.0 234466000.0 0.0 0.0 320789000000.0 40657300000000.0 3675990000.0 178144000.0 0.0 39867700000000.0 3409730000000.0 -0.02 [-0.02]
1.23027e+19 2.97765e+17 307593000000000.0 352452000000.0 0.0 1332380000000.0 27196200.0 0.0 606763000000000.0 217843000.0 0.0 0.0 320417000000.0 40609400000000.0 3335410000.0 170132000.0 0.0 39837200000000.0 3411140000000.0 -0.0 [-0.0]
1.23027e+19 2.86177e+17 306228000000000.0 335049000000.0 0.0 1249720000000.0 24761900.0 0.0 606803000000000.0 202442000.0 0.0 0.0 320066000000.0 40563700000000.0 3042220000.0 162479000.0 0.0 39809500000000.0 3412840000000.0 0.02 [0.02]
1.23027e+19 2.74471e+17 304821000000000.0 318147000000.0 0.0 1162520000000.0 22428500.0 0.0 606859000000000.0 188159000.0 0.0 0.0 319711000000.0 40517600000000.0 2734320000.0 155183000.0 0.0 39782400000000.0 3414520000000.0 0.04 [0.04]
1.23027e+19 2.63567e+17 303393000000000.0 302098000000.0 0.0 1084280000000.0 20343400.0 0.0 606921000000000.0 174955000.0 0.0 0.0 319378000000.0 40473700000000.0 2451910000.0 148205000.0 0.0 39757800000000.0 3416420000000.0 0.06 [0.06]
1.23027e+19 2.52738e+17 301924000000000.0 286594000000.0 0.0 1004820000000.0 18391800.0 0.0 606996000000000.0 162700000.0 0.0 0.0 319046000000.0 40429900000000.0 2179970000.0 141548000.0 0.0 39734200000000.0 3418330000000.0 0.08 [0.08]
1.23027e+19 2.42043e+17 300416000000000.0 271784000000.0 0.0 927533000000.0 16577200.0 0.0 607076000000000.0 151065000.0 0.0 0.0 318718000000.0 40386100000000.0 1922190000.0 135184000.0 0.0 39711200000000.0 3420240000000.0 0.1 [0.1]
1.23027e+19 2.31703e+17 298879000000000.0 257640000000.0 0.0 853853000000.0 14921900.0 0.0 607161000000000.0 140238000.0 0.0 0.0 318397000000.0 40343100000000.0 1683140000.0 129102000.0 0.0 39689300000000.0 3422180000000.0 0.12 [0.12]
1.23027e+19 2.21649e+17 297304000000000.0 244115000000.0 0.0 782467000000.0 13402000.0 0.0 607250000000000.0 130174000.0 0.0 0.0 318081000000.0 40300400000000.0 1459800000.0 123292000.0 0.0 39668500000000.0 3424110000000.0 0.14 [0.14]
1.23027e+19 2.11346e+17 295672000000000.0 230984000000.0 0.0 706775000000.0 11942700.0 0.0 607347000000000.0 120726000.0 0.0 0.0 317758000000.0 40256200000000.0 1244630000.0 117746000.0 0.0 39647400000000.0 3425940000000.0 0.16 [0.16]
1.23027e+19 2.02426e+17 294044000000000.0 218911000000.0 0.0 647971000000.0 10745600.0 0.0 607434000000000.0 112056000.0 0.0 0.0 317468000000.0 40215900000000.0 1066740000.0 112436000.0 0.0 39629300000000.0 3427980000000.0 0.18 [0.18]
1.23027e+19 1.93145e+17 292367000000000.0 207151000000.0 0.0 584034000000.0 9584450.0 0.0 607525000000000.0 103912000.0 0.0 0.0 317162000000.0 40173700000000.0 895912000.0 107366000.0 0.0 39610500000000.0 3429800000000.0 0.2 [0.2]
1.23027e+19 1.84459e+17 290655000000000.0 196071000000.0 0.0 526579000000.0 8561080.0 0.0 607614000000000.0 96351500.0 0.0 0.0 316870000000.0 40132500000000.0 745025000.0 102519000.0 0.0 39593000000000.0 3431700000000.0 0.22 [0.22]
1.23027e+19 1.7593e+17 288909000000000.0 185483000000.0 0.0 470807000000.0 7625470.0 0.0 607702000000000.0 89291200.0 0.0 0.0 316576000000.0 40091100000000.0 610465000.0 97888200.0 0.0 39575900000000.0 3433490000000.0 0.24 [0.24]
1.23027e+19 1.67723e+17 287119000000000.0 175439000000.0 0.0 417948000000.0 6778260.0 0.0 607788000000000.0 82720700.0 0.0 0.0 316287000000.0 40049800000000.0 488684000.0 93463800.0 0.0 39559400000000.0 3435290000000.0 0.26 [0.26]
1.23027e+19 1.5983e+17 285294000000000.0 165896000000.0 0.0 368796000000.0 6023960.0 0.0 607872000000000.0 76595700.0 0.0 0.0 316001000000.0 40008700000000.0 385277000.0 89236100.0 0.0 39543600000000.0 3437040000000.0 0.28 [0.28]
1.23027e+19 1.52332e+17 283450000000000.0 156871000000.0 0.0 324134000000.0 5359600.0 0.0 607952000000000.0 70907200.0 0.0 0.0 315718000000.0 39968400000000.0 295632000.0 85195900.0 0.0 39528600000000.0 3438740000000.0 0.3 [0.3]
1.23027e+19 1.45298e+17 281553000000000.0 148329000000.0 0.0 283639000000.0 4779370.0 0.0 608031000000000.0 65677600.0 0.0 0.0 315443000000.0 39928400000000.0 221358000.0 81338000.0 0.0 39514600000000.0 3440490000000.0 0.32 [0.32]
1.23027e+19 1.38532e+17 279623000000000.0 140244000000.0 0.0 246202000000.0 4263470.0 0.0 608106000000000.0 60786800.0 0.0 0.0 315169000000.0 39888400000000.0 157967000.0 77651900.0 0.0 39501200000000.0 3442190000000.0 0.34 [0.34]
1.23027e+19 1.32196e+17 277675000000000.0 132606000000.0 0.0 213920000000.0 3826840.0 0.0 608178000000000.0 56256500.0 0.0 0.0 314899000000.0 39849400000000.0 109444000.0 74130300.0 0.0 39488600000000.0 3443860000000.0 0.36 [0.36]
1.23027e+19 1.2631e+17 275677000000000.0 125380000000.0 0.0 184997000000.0 3446470.0 0.0 608251000000000.0 52114500.0 0.0 0.0 314635000000.0 39811100000000.0 67727600.0 70769100.0 0.0 39477300000000.0 3445580000000.0 0.38 [0.38]
1.23027e+19 1.19496e+17 273600000000000.0 118275000000.0 0.0 144937000000.0 2998330.0 0.0 608329000000000.0 48060500.0 0.0 0.0 314343000000.0 39768600000000.0 12404400.0 67559000.0 0.0 39463700000000.0 3446990000000.0 0.4 [0.4]
1.23027e+19 1.1523e+17 271575000000000.0 112036000000.0 0.0 135563000000.0 2825860.0 0.0 608394000000000.0 44613600.0 0.0 0.0 314107000000.0 39735000000000.0 11788100.0 64492300.0 0.0 39456200000000.0 3448890000000.0 0.42 [0.42]
1.23027e+19 1.11127e+17 269514000000000.0 106114000000.0 0.0 127013000000.0 2667090.0 0.0 608458000000000.0 41404900.0 0.0 0.0 313869000000.0 39701400000000.0 11226300.0 61563900.0 0.0 39449200000000.0 3450740000000.0 0.44 [0.44]
1.23027e+19 1.07238e+17 267415000000000.0 100487000000.0 0.0 119216000000.0 2520830.0 0.0 608522000000000.0 38453700.0 0.0 0.0 313631000000.0 39667800000000.0 10703100.0 58768200.0 0.0 39442700000000.0 3452570000000.0 0.46 [0.46]
1.23027e+19 1.03518e+17 265274000000000.0 95133500000.0 0.0 112059000000.0 2385470.0 0.0 608586000000000.0 35725500.0 0.0 0.0 313390000000.0 39634200000000.0 10211600.0 56099100.0 0.0 39436700000000.0 3454360000000.0 0.48 [0.48]
1.23027e+19 9.99328e+16 263106000000000.0 90040700000.0 0.0 105426000000.0 2259500.0 0.0 608650000000000.0 33196000.0 0.0 0.0 313145000000.0 39600700000000.0 9746100.0 53550600.0 0.0 39431000000000.0 3456090000000.0 0.5 [0.5]
1.23027e+19 9.65043e+16 260887000000000.0 85200000000.0 0.0 99273700000.0 2142060.0 0.0 608715000000000.0 30853400.0 0.0 0.0 312899000000.0 39566900000000.0 9304480.0 51117500.0 0.0 39425800000000.0 3457800000000.0 0.52 [0.52]
1.23027e+19 9.32079e+16 258630000000000.0 80598200000.0 0.0 93552600000.0 2032320.0 0.0 608780000000000.0 28683200.0 0.0 0.0 312649000000.0 39532900000000.0 8884200.0 48794500.0 0.0 39420900000000.0 3459470000000.0 0.54 [0.54]
1.23027e+19 9.00564e+16 256327000000000.0 76225300000.0 0.0 88226100000.0 1929610.0 0.0 608846000000000.0 26675200.0 0.0 0.0 312397000000.0 39498700000000.0 8484000.0 46577000.0 0.0 39416400000000.0 3461120000000.0 0.56 [0.56]
1.23027e+19 8.702e+16 253986000000000.0 72066900000.0 0.0 83245400000.0 1833270.0 0.0 608912000000000.0 24812400.0 0.0 0.0 312141000000.0 39464400000000.0 8102270.0 44459800.0 0.0 39412300000000.0 3462730000000.0 0.58 [0.58]
1.23027e+19 8.4083e+16 251619000000000.0 68111300000.0 0.0 78583300000.0 1742790.0 0.0 608979000000000.0 23084200.0 0.0 0.0 311880000000.0 39430100000000.0 7737860.0 42438600.0 0.0 39408500000000.0 3464300000000.0 0.6 [0.6]
