Cloudy_runs/sbs1108/z=0.463207/logZ=1/component_I_PI_nH/component_I_PI_nH_col_density_param.txt
# %ECSV 1.0
# ---
# datatype:
# - {name: H, datatype: float64}
# - {name: H+, datatype: float64}
# - {name: C+, datatype: float64}
# - {name: C+2, datatype: float64}
# - {name: C+3, datatype: float64}
# - {name: N+, datatype: float64}
# - {name: N+2, datatype: float64}
# - {name: N+4, datatype: float64}
# - {name: O, datatype: float64}
# - {name: O+2, datatype: float64}
# - {name: O+5, datatype: float64}
# - {name: O+6, datatype: float64}
# - {name: P+, datatype: float64}
# - {name: Si+, datatype: float64}
# - {name: Si+2, datatype: float64}
# - {name: Si+3, datatype: float64}
# - {name: Si+4, datatype: float64}
# - {name: log_nH, datatype: float64}
# - {name: parameters, datatype: string, subtype: 'float64[1]'}
# schema: astropy-2.0
H H+ C+ C+2 C+3 N+ N+2 N+4 O O+2 O+5 O+6 P+ Si+ Si+2 Si+3 Si+4 log_nH parameters
[from data line 242]
5888440000000000.0 1516080000000000.0 11315300000000.0 202995000000.0 3554170.0 1093090000000.0 318549000.0 0.0 33113200000000.0 870994000.0 0.0 0.0 18327000000.0 2098200000000.0 62808400.0 73525100.0 368722.0 -0.16 [-0.16]
5888440000000000.0 1472890000000000.0 11096300000000.0 192737000000.0 3279580.0 1057410000000.0 293247000.0 0.0 33030600000000.0 793899000.0 0.0 0.0 18215800000.0 2079580000000.0 59205900.0 69270200.0 347032.0 -0.14 [-0.14]
5888440000000000.0 1430850000000000.0 10879500000000.0 182943000000.0 3026530.0 1022780000000.0 269954000.0 0.0 32948900000000.0 723602000.0 0.0 0.0 18107300000.0 2061230000000.0 55819300.0 65272000.0 326677.0 -0.12 [-0.12]
5888440000000000.0 1390450000000000.0 10667600000000.0 173705000000.0 2794490.0 989562000000.0 248620000.0 0.0 32868600000000.0 660016000.0 0.0 0.0 18003200000.0 2043430000000.0 52646000.0 61526800.0 307631.0 -0.1 [-0.1]
5888440000000000.0 1351470000000000.0 10459600000000.0 164956000000.0 0.0 957577000000.0 229038000.0 0.0 32789800000000.0 602292000.0 0.0 0.0 17902600000.0 2026060000000.0 49667500.0 58013200.0 0.0 -0.08 [-0.08]
5888440000000000.0 1313560000000000.0 10253900000000.0 156609000000.0 0.0 926558000000.0 211006000.0 0.0 32711900000000.0 549660000.0 0.0 0.0 17804500000.0 2008960000000.0 46865600.0 54709200.0 0.0 -0.06 [-0.06]
5888440000000000.0 1276840000000000.0 10051400000000.0 148681000000.0 0.0 896597000000.0 194429000.0 0.0 32635100000000.0 501778000.0 0.0 0.0 17709400000.0 1992190000000.0 44231900.0 51604800.0 0.0 -0.04 [-0.04]
5888440000000000.0 1241280000000000.0 9851950000000.0 141148000000.0 0.0 867653000000.0 179185000.0 0.0 32559500000000.0 458199000.0 0.0 0.0 17617200000.0 1975750000000.0 41755400.0 48687100.0 0.0 -0.02 [-0.02]
5888440000000000.0 1206650000000000.0 9654570000000.0 133958000000.0 0.0 839561000000.0 165137000.0 0.0 32484800000000.0 418408000.0 0.0 0.0 17527100000.0 1959520000000.0 39422900.0 45940200.0 0.0 -0.0 [-0.0]
5888440000000000.0 1173270000000000.0 9461210000000.0 127159000000.0 0.0 812546000000.0 152240000.0 0.0 32411600000000.0 382289000.0 0.0 0.0 17440300000.0 1943680000000.0 37231300.0 43360400.0 0.0 0.02 [0.02]
5888440000000000.0 1140940000000000.0 9270840000000.0 120700000000.0 0.0 786446000000.0 140373000.0 0.0 32339600000000.0 349390000.0 0.0 0.0 17356000000.0 1928140000000.0 35168600.0 40933400.0 0.0 0.04 [0.04]
5888440000000000.0 1109590000000000.0 9083370000000.0 114562000000.0 0.0 761223000000.0 129452000.0 0.0 32268700000000.0 319415000.0 0.0 0.0 17274300000.0 1912860000000.0 33226600.0 38649600.0 0.0 0.06 [0.06]
5888440000000000.0 1079210000000000.0 8898800000000.0 108729000000.0 0.0 736848000000.0 119398000.0 0.0 32199000000000.0 292093000.0 0.0 0.0 17194900000.0 1897850000000.0 31397600.0 36499700.0 0.0 0.08 [0.08]
5888440000000000.0 1049750000000000.0 8717100000000.0 103187000000.0 0.0 713291000000.0 110142000.0 0.0 32130500000000.0 267183000.0 0.0 0.0 17117900000.0 1883090000000.0 29674600.0 34475300.0 0.0 0.1 [0.1]
5888440000000000.0 1021190000000000.0 8538210000000.0 97921000000.0 0.0 690521000000.0 101618000.0 0.0 32063100000000.0 244463000.0 0.0 0.0 17043000000.0 1868560000000.0 28051100.0 32568800.0 0.0 0.12 [0.12]
5888440000000000.0 993503000000000.0 8362150000000.0 92917900000.0 0.0 668516000000.0 93768200.0 0.0 31996900000000.0 223745000.0 0.0 0.0 16970400000.0 1854270000000.0 26520800.0 30772600.0 0.0 0.14 [0.14]
5888440000000000.0 966631000000000.0 8188720000000.0 88161300000.0 0.0 647230000000.0 86535000.0 0.0 31931900000000.0 204829000.0 0.0 0.0 16899800000.0 1840180000000.0 25077800.0 29079800.0 0.0 0.16 [0.16]
5888440000000000.0 940570000000000.0 8018040000000.0 83642100000.0 0.0 626654000000.0 79870600.0 0.0 31868000000000.0 187565000.0 0.0 0.0 16831200000.0 1826300000000.0 23717100.0 27484300.0 0.0 0.18 [0.18]
5888440000000000.0 915284000000000.0 7850030000000.0 79347600000.0 0.0 606758000000.0 73729200.0 0.0 31805200000000.0 171801000.0 0.0 0.0 16764600000.0 1812620000000.0 22433500.0 25980000.0 0.0 0.2 [0.2]
5888440000000000.0 890803000000000.0 7685080000000.0 75275800000.0 0.0 587561000000.0 68073400.0 0.0 31743600000000.0 157431000.0 0.0 0.0 16700000000.0 1799180000000.0 21223000.0 24562100.0 0.0 0.22 [0.22]
5888440000000000.0 867135000000000.0 7523290000000.0 71418200000.0 0.0 569047000000.0 62865600.0 0.0 31683300000000.0 144321000.0 0.0 0.0 16637700000.0 1785970000000.0 20081600.0 23225800.0 0.0 0.24 [0.24]
5888440000000000.0 843836000000000.0 7361860000000.0 67707300000.0 0.0 550924000000.0 58039700.0 0.0 31623500000000.0 132244000.0 0.0 0.0 16575700000.0 1772680000000.0 19000500.0 21960800.0 0.0 0.26 [0.26]
5888440000000000.0 821418000000000.0 7204390000000.0 64209300000.0 0.0 533529000000.0 53604000.0 0.0 31565100000000.0 121265000.0 0.0 0.0 16516300000.0 1759710000000.0 17982000.0 20769600.0 0.0 0.28 [0.28]
5888440000000000.0 799626000000000.0 7049190000000.0 60881200000.0 0.0 516675000000.0 49510700.0 0.0 31507900000000.0 111212000.0 0.0 0.0 16458400000.0 1746870000000.0 17019700.0 19644900.0 0.0 0.3 [0.3]
5888440000000000.0 778448000000000.0 6896390000000.0 57717200000.0 0.0 500360000000.0 45733900.0 0.0 31451600000000.0 102015000.0 0.0 0.0 16402000000.0 1734170000000.0 16110700.0 18582900.0 0.0 0.32 [0.32]
5888440000000000.0 757900000000000.0 6745510000000.0 54708200000.0 0.0 484554000000.0 42247900.0 0.0 31396500000000.0 93606000.0 0.0 0.0 16347200000.0 1721590000000.0 15251900.0 17580200.0 0.0 0.34 [0.34]
5888440000000000.0 737952000000000.0 6597410000000.0 51852900000.0 0.0 469278000000.0 39032900.0 0.0 31342400000000.0 85912200.0 0.0 0.0 16293900000.0 1709170000000.0 14440500.0 16633300.0 0.0 0.36 [0.36]
5888440000000000.0 718560000000000.0 6451940000000.0 49141100000.0 0.0 454497000000.0 36066400.0 0.0 31289300000000.0 78864200.0 0.0 0.0 16242000000.0 1696850000000.0 13673500.0 15738800.0 0.0 0.38 [0.38]
5888440000000000.0 699721000000000.0 6308860000000.0 46565100000.0 0.0 440191000000.0 33328500.0 0.0 31237300000000.0 72411200.0 0.0 0.0 16191500000.0 1684640000000.0 12948500.0 14893600.0 0.0 0.4 [0.4]
5888440000000000.0 681419000000000.0 6168140000000.0 44118500000.0 0.0 426345000000.0 30801200.0 0.0 31186300000000.0 66501600.0 0.0 0.0 16142400000.0 1672550000000.0 12263000.0 14095000.0 0.0 0.42 [0.42]
5888440000000000.0 663632000000000.0 6029720000000.0 41794500000.0 0.0 412939000000.0 28467900.0 0.0 31136300000000.0 61087300.0 0.0 0.0 16094500000.0 1660540000000.0 11614700.0 13340100.0 0.0 0.44 [0.44]
5888440000000000.0 646456000000000.0 5894360000000.0 39598200000.0 0.0 400020000000.0 26317700.0 0.0 31087600000000.0 56139100.0 0.0 0.0 16048400000.0 1648750000000.0 11002400.0 12627600.0 0.0 0.46 [0.46]
5888440000000000.0 629647000000000.0 5760480000000.0 37501100000.0 0.0 387449000000.0 24327700.0 0.0 31039500000000.0 51590300.0 0.0 0.0 16002900000.0 1636920000000.0 10422300.0 11953000.0 0.0 0.48 [0.48]
5888440000000000.0 613309000000000.0 5628860000000.0 35509900000.0 0.0 375276000000.0 22489900.0 0.0 30992300000000.0 47420100.0 0.0 0.0 15958700000.0 1625170000000.0 9873440.0 11315000.0 0.0 0.5 [0.5]
5888440000000000.0 597425000000000.0 5499470000000.0 33619400000.0 0.0 363489000000.0 20792500.0 0.0 30946100000000.0 43596300.0 0.0 0.0 15915600000.0 1613490000000.0 9354120.0 10711700.0 0.0 0.52 [0.52]
5888440000000000.0 581980000000000.0 5372290000000.0 31824400000.0 0.0 352073000000.0 19224500.0 0.0 30900900000000.0 40088800.0 0.0 0.0 15873600000.0 1601880000000.0 8862630.0 10141100.0 0.0 0.54 [0.54]
5888440000000000.0 566961000000000.0 5247260000000.0 30120300000.0 0.0 341015000000.0 17775900.0 0.0 30856500000000.0 36870800.0 0.0 0.0 15832600000.0 1590320000000.0 8397410.0 9601270.0 0.0 0.56 [0.56]
5888440000000000.0 552355000000000.0 5124400000000.0 28503200000.0 0.0 330305000000.0 16437500.0 0.0 30813000000000.0 33917700.0 0.0 0.0 15792700000.0 1578820000000.0 7957010.0 9090550.0 0.0 0.58 [0.58]
5888440000000000.0 538151000000000.0 5003670000000.0 26968500000.0 0.0 319931000000.0 15200800.0 0.0 30770500000000.0 31207400.0 0.0 0.0 15753800000.0 1567360000000.0 7540060.0 8607310.0 0.0 0.6 [0.6]
5888440000000000.0 524254000000000.0 4884420000000.0 25504900000.0 0.0 309837000000.0 14055900.0 0.0 30728500000000.0 28712100.0 0.0 0.0 15715500000.0 1555850000000.0 7144730.0 8149360.0 0.0 0.62 [0.62]
5888440000000000.0 510813000000000.0 4767860000000.0 24122500000.0 0.0 300100000000.0 12999800.0 0.0 30687700000000.0 26427200.0 0.0 0.0 15678500000.0 1544470000000.0 6770840.0 7716550.0 0.0 0.64 [0.64]
5888440000000000.0 497813000000000.0 4653970000000.0 22817000000.0 0.0 290708000000.0 12025400.0 0.0 30647800000000.0 24334900.0 0.0 0.0 15642800000.0 1533220000000.0 6417200.0 7307450.0 0.0 0.66 [0.66]
5888440000000000.0 485089000000000.0 4541500000000.0 21572600000.0 0.0 281567000000.0 11123100.0 0.0 30608700000000.0 22406700.0 0.0 0.0 15607600000.0 1521900000000.0 6081770.0 6919620.0 0.0 0.68 [0.68]
5888440000000000.0 472707000000000.0 4431040000000.0 20392000000.0 0.0 272709000000.0 10288900.0 0.0 30570300000000.0 20634900.0 0.0 0.0 15573200000.0 1510600000000.0 5764000.0 6552440.0 0.0 0.7 [0.7]
5888440000000000.0 460658000000000.0 4322570000000.0 19272400000.0 0.0 264126000000.0 9517680.0 0.0 30532700000000.0 19006400.0 0.0 0.0 15539700000.0 1499310000000.0 5462950.0 6204790.0 0.0 0.72 [0.72]
5888440000000000.0 448931000000000.0 4216060000000.0 18210700000.0 0.0 255808000000.0 8804680.0 0.0 30495800000000.0 17509500.0 0.0 0.0 15507000000.0 1488030000000.0 5177700.0 5875580.0 0.0 0.74 [0.74]
5888440000000000.0 437518000000000.0 4111490000000.0 17203900000.0 0.0 247746000000.0 8145380.0 0.0 30459800000000.0 16133000.0 0.0 0.0 15475000000.0 1476750000000.0 4907380.0 5563810.0 0.0 0.76 [0.76]
5888440000000000.0 426406000000000.0 4008830000000.0 16249500000.0 0.0 239934000000.0 7535780.0 0.0 30424500000000.0 14867200.0 0.0 0.0 15443800000.0 1465480000000.0 4651230.0 5268570.0 0.0 0.78 [0.78]
5888440000000000.0 415589000000000.0 3908070000000.0 15344800000.0 0.0 232361000000.0 6972050.0 0.0 30389900000000.0 13702900.0 0.0 0.0 15413300000.0 1454200000000.0 4408460.0 4988920.0 0.0 0.8 [0.8]
5888440000000000.0 405058000000000.0 3809180000000.0 14487300000.0 0.0 225022000000.0 6450720.0 0.0 30356100000000.0 12631800.0 0.0 0.0 15383600000.0 1442920000000.0 4178360.0 4724040.0 0.0 0.82 [0.82]
5888440000000000.0 394805000000000.0 3712140000000.0 13674800000.0 0.0 217908000000.0 5968580.0 0.0 30323000000000.0 11646200.0 0.0 0.0 15354500000.0 1431620000000.0 3960260.0 4473140.0 0.0 0.84 [0.84]
5888440000000000.0 384822000000000.0 3616930000000.0 12905000000.0 0.0 211012000000.0 5522640.0 0.0 30290600000000.0 10739100.0 0.0 0.0 15326000000.0 1420310000000.0 3753510.0 4235440.0 0.0 0.86 [0.86]
5888440000000000.0 375098000000000.0 3523510000000.0 12175800000.0 0.0 204327000000.0 5110170.0 0.0 30258900000000.0 9904080.0 0.0 0.0 15298200000.0 1408970000000.0 3557520.0 4010260.0 0.0 0.88 [0.88]
5888440000000000.0 365629000000000.0 3431880000000.0 11485100000.0 0.0 197847000000.0 4728650.0 0.0 30227800000000.0 9135300.0 0.0 0.0 15271100000.0 1397610000000.0 3371700.0 3796930.0 0.0 0.9 [0.9]
5888440000000000.0 356406000000000.0 3342000000000.0 10831000000.0 0.0 191566000000.0 4375730.0 0.0 30197400000000.0 8427390.0 0.0 0.0 15244500000.0 1386230000000.0 3195540.0 3594810.0 0.0 0.92 [0.92]
5888440000000000.0 347422000000000.0 3253860000000.0 10211800000.0 0.0 185476000000.0 4049260.0 0.0 30167700000000.0 7775400.0 0.0 0.0 15218500000.0 1374810000000.0 3028510.0 3403300.0 0.0 0.94 [0.94]
5888440000000000.0 338671000000000.0 3167440000000.0 9625570000.0 0.0 179573000000.0 3747230.0 0.0 30138500000000.0 7174830.0 0.0 0.0 15193100000.0 1363360000000.0 2870140.0 3221850.0 0.0 0.96 [0.96]
5888440000000000.0 330146000000000.0 3082700000000.0 9070760000.0 0.0 173850000000.0 3467820.0 0.0 30110000000000.0 6621500.0 0.0 0.0 15168200000.0 1351880000000.0 2719970.0 3049910.0 0.0 0.98 [0.98]
5888440000000000.0 321840000000000.0 2999640000000.0 8545760000.0 0.0 168301000000.0 3209310.0 0.0 30082100000000.0 6111620.0 0.0 0.0 15143800000.0 1340360000000.0 2577570.0 2886990.0 0.0 1.0 [1.0]
