Cloudy_runs/sbs1108/z=0.463207/logZ=1/component_I_PI_nH/component_I_PI_nH_col_density_param.txt
# %ECSV 1.0
# ---
# datatype:
# - {name: H, datatype: float64}
# - {name: H+, datatype: float64}
# - {name: C+, datatype: float64}
# - {name: C+2, datatype: float64}
# - {name: C+3, datatype: float64}
# - {name: N+, datatype: float64}
# - {name: N+2, datatype: float64}
# - {name: N+4, datatype: float64}
# - {name: O, datatype: float64}
# - {name: O+2, datatype: float64}
# - {name: O+5, datatype: float64}
# - {name: O+6, datatype: float64}
# - {name: P+, datatype: float64}
# - {name: Si+, datatype: float64}
# - {name: Si+2, datatype: float64}
# - {name: Si+3, datatype: float64}
# - {name: Si+4, datatype: float64}
# - {name: log_nH, datatype: float64}
# - {name: parameters, datatype: string, subtype: 'float64[1]'}
# schema: astropy-2.0
H H+ C+ C+2 C+3 N+ N+2 N+4 O O+2 O+5 O+6 P+ Si+ Si+2 Si+3 Si+4 log_nH parameters
5888450000000000.0 6.04365e+20 1411980000000.0 1216500000000000.0 2.03609e+16 38987100000.0 77794000000000.0 2.93017e+16 447311.0 173955000000000.0 7.06988e+17 1.70969e+18 14743800.0 724903000.0 124360000000.0 2503450000000.0 519153000000000.0 -5.0 [-5.0]
5888420000000000.0 5.66283e+20 1503660000000.0 1287540000000000.0 2.0942e+16 42671900000.0 85039700000000.0 2.96246e+16 506131.0 194013000000000.0 6.87587e+17 1.57005e+18 16727500.0 840487000.0 142675000000.0 2826610000000.0 551646000000000.0 -4.98 [-4.98]
5888430000000000.0 5.3089e+20 1600410000000.0 1361600000000000.0 2.15378e+16 46796400000.0 93061300000000.0 2.99337e+16 576501.0 216744000000000.0 6.6804e+17 1.44027e+18 18999000.0 973758000.0 163746000000.0 3196760000000.0 586930000000000.0 -4.96 [-4.96]
5888480000000000.0 4.98111e+20 1704060000000.0 1438210000000000.0 2.21331e+16 51451900000.0 101881000000000.0 3.02112e+16 661764.0 242315000000000.0 6.48189e+17 1.32039e+18 21611200.0 1126660000.0 187752000000.0 3615070000000.0 624493000000000.0 -4.94 [-4.94]
5888440000000000.0 4.6759e+20 1813730000000.0 1517530000000000.0 2.27345e+16 56660100000.0 111596000000000.0 3.04633e+16 763794.0 271101000000000.0 6.28121e+17 1.20915e+18 24597200.0 1301380000.0 215096000000.0 4089630000000.0 664636000000000.0 -4.92 [-4.92]
5888420000000000.0 4.38959e+20 1929800000000.0 1599560000000000.0 2.33386e+16 62505100000.0 122327000000000.0 3.06829e+16 886647.0 303541000000000.0 6.0763e+17 1.10542e+18 28013500.0 1500630000.0 246150000000.0 4626020000000.0 707198000000000.0 -4.9 [-4.9]
5888420000000000.0 4.12303e+20 2052900000000.0 1684100000000000.0 2.39457e+16 69057400000.0 134117000000000.0 3.0872e+16 1034540.0 339933000000000.0 5.87009e+17 1.00943e+18 31920700.0 1727290000.0 281395000000.0 5233620000000.0 752565000000000.0 -4.88 [-4.88]
5888420000000000.0 3.87357e+20 2183980000000.0 1770810000000000.0 2.45458e+16 76415700000.0 147037000000000.0 3.10179e+16 1213500.0 380596000000000.0 5.66058e+17 9.2048e+17 36394900.0 1984350000.0 321162000000.0 5916610000000.0 800313000000000.0 -4.86 [-4.86]
5888420000000000.0 3.64006e+20 2323740000000.0 1859850000000000.0 2.51405e+16 84688900000.0 161203000000000.0 3.112e+16 1430140.0 425933000000000.0 5.44862e+17 8.38187e+17 41507400.0 2273780000.0 365735000000.0 6680880000000.0 850265000000000.0 -4.84 [-4.84]
5888420000000000.0 3.42181e+20 2474190000000.0 1951490000000000.0 2.57276e+16 94035000000.0 176732000000000.0 3.11774e+16 1693470.0 476402000000000.0 5.23515e+17 7.62262e+17 47373100.0 2599690000.0 415648000000.0 7535360000000.0 902474000000000.0 -4.82 [-4.82]
5888420000000000.0 3.21721e+20 2635980000000.0 2045670000000000.0 2.63064e+16 104598000000.0 193761000000000.0 3.11893e+16 2014570.0 532600000000000.0 5.02059e+17 6.92077e+17 54114100.0 2967010000.0 471610000000.0 8492970000000.0 957190000000000.0 -4.8 [-4.8]
5888420000000000.0 3.02507e+20 2809920000000.0 2142260000000000.0 2.68753e+16 116540000000.0 212417000000000.0 3.11536e+16 2406860.0 595064000000000.0 4.80531e+17 6.27219e+17 61859600.0 3379890000.0 534214000000.0 9565680000000.0 1014450000000000.0 -4.78 [-4.78]
5888430000000000.0 2.84447e+20 2997610000000.0 2241420000000000.0 2.74332e+16 130071000000.0 232852000000000.0 3.10683e+16 2887700.0 664402000000000.0 4.58979e+17 5.67344e+17 70774100.0 3843240000.0 604126000000.0 10766800000000.0 1074260000000000.0 -4.76 [-4.76]
5888440000000000.0 2.67447e+20 3200330000000.0 2342980000000000.0 2.79778e+16 145417000000.0 255200000000000.0 3.09304e+16 3478710.0 741195000000000.0 4.3744e+17 5.12119e+17 81038900.0 4361690000.0 681979000000.0 12110500000000.0 1136590000000000.0 -4.74 [-4.74]
5888450000000000.0 2.5144e+20 3419410000000.0 2446910000000000.0 2.85079e+16 162827000000.0 279611000000000.0 3.07398e+16 4205810.0 826070000000000.0 4.15993e+17 4.61257e+17 92848700.0 4940280000.0 768488000000.0 13614400000000.0 1201540000000000.0 -4.72 [-4.72]
5888450000000000.0 2.36349e+20 3656710000000.0 2553180000000000.0 2.90212e+16 182598000000.0 306238000000000.0 3.04932e+16 5102440.0 919610000000000.0 3.94672e+17 4.14496e+17 106397000.0 5584160000.0 864279000000.0 15294100000000.0 1268990000000000.0 -4.7 [-4.7]
5888450000000000.0 2.22116e+20 3914520000000.0 2661910000000000.0 2.95162e+16 205093000000.0 335259000000000.0 3.01901e+16 6210840.0 1022540000000000.0 3.73544e+17 3.71562e+17 121996000.0 6300290000.0 970204000000.0 17169900000000.0 1338920000000000.0 -4.68 [-4.68]
5888420000000000.0 2.0868e+20 4194640000000.0 2772840000000000.0 2.99899e+16 230678000000.0 366798000000000.0 2.98286e+16 7582580.0 1135390000000000.0 3.52661e+17 3.32215e+17 139923000.0 7094230000.0 1086920000000.0 19262000000000.0 1411230000000000.0 -4.66 [-4.66]
5888430000000000.0 1.95985e+20 4501300000000.0 2886850000000000.0 3.04442e+16 259952000000.0 401203000000000.0 2.94108e+16 9288970.0 1259420000000000.0 3.3207e+17 2.96148e+17 160622000.0 7976130000.0 1215630000000.0 21599300000000.0 1486020000000000.0 -4.64 [-4.64]
5888440000000000.0 1.83979e+20 4838370000000.0 3004220000000000.0 3.08768e+16 293521000000.0 438678000000000.0 2.8935e+16 11417600.0 1395410000000000.0 3.11816e+17 2.63156e+17 184574000.0 8955650000.0 1357350000000.0 24209400000000.0 1563160000000000.0 -4.62 [-4.62]
5888450000000000.0 1.72625e+20 5209660000000.0 3124850000000000.0 3.12814e+16 331983000000.0 479294000000000.0 2.83975e+16 14070100.0 1543380000000000.0 2.91959e+17 2.33132e+17 212299000.0 10041100000.0 1512730000000.0 27119600000000.0 1642470000000000.0 -4.6 [-4.6]
5888420000000000.0 1.61871e+20 5620680000000.0 3249440000000000.0 3.1656e+16 376167000000.0 523271000000000.0 2.77966e+16 17381900.0 1703760000000000.0 2.72539e+17 2.05894e+17 244487000.0 11244100000.0 1682800000000.0 30366100000000.0 1723840000000000.0 -4.58 [-4.58]
5888430000000000.0 1.51679e+20 6078090000000.0 3378790000000000.0 3.19993e+16 427079000000.0 570889000000000.0 2.71347e+16 21527500.0 1877510000000000.0 2.53602e+17 1.81201e+17 281971000.0 12582200000.0 1869120000000.0 33990900000000.0 1807210000000000.0 -4.56 [-4.56]
5888430000000000.0 1.42011e+20 6590380000000.0 3513840000000000.0 3.23076e+16 485870000000.0 622372000000000.0 2.64121e+16 26724600.0 2065100000000000.0 2.35187e+17 1.58863e+17 325745000.0 14076000000.0 2073300000000.0 38039000000000.0 1892370000000000.0 -4.54 [-4.54]
5888470000000000.0 1.32817e+20 7168170000000.0 3656250000000000.0 3.25798e+16 554146000000.0 678108000000000.0 2.56283e+16 33272700.0 2267490000000000.0 2.1732e+17 1.38667e+17 377119000.0 15752600000.0 2297760000000.0 42575200000000.0 1979380000000000.0 -4.52 [-4.52]
5888430000000000.0 1.24042e+20 7825510000000.0 3807700000000000.0 3.28093e+16 633652000000.0 738332000000000.0 2.47796e+16 41539800.0 2484800000000000.0 2.00017e+17 1.20439e+17 437667000.0 17645300000.0 2545030000000.0 47664500000000.0 2067940000000000.0 -4.5 [-4.5]
5888500000000000.0 1.1566e+20 8581890000000.0 3971410000000000.0 3.29948e+16 726827000000.0 803550000000000.0 2.38684e+16 52032800.0 2717980000000000.0 1.83292e+17 1.04023e+17 509526000.0 19814400000.0 2820440000000.0 53407100000000.0 2158110000000000.0 -4.48 [-4.48]
5888450000000000.0 1.07638e+20 9462300000000.0 4151430000000000.0 3.31298e+16 836517000000.0 874106000000000.0 2.28938e+16 65381700.0 2966880000000000.0 1.67184e+17 8.92888e+16 595462000.0 22335200000.0 3129780000000.0 59903700000000.0 2249650000000000.0 -4.46 [-4.46]
5888480000000000.0 9.99113e+19 10504200000000.0 4353280000000000.0 3.32051e+16 966727000000.0 950535000000000.0 2.18497e+16 82521300.0 3231590000000000.0 1.51668e+17 7.60639e+16 699409000.0 25321100000.0 3482040000000.0 67295700000000.0 2342300000000000.0 -4.44 [-4.44]
5888400000000000.0 9.24649e+19 11752000000000.0 4582700000000000.0 3.32055e+16 1121220000000.0 1032550000000000.0 2.07362e+16 104491000.0 3509170000000000.0 1.36804e+17 6.42792e+16 826411000.0 28952500000.0 3891560000000.0 75751900000000.0 2435570000000000.0 -4.42 [-4.42]
5888380000000000.0 8.52176e+19 13293600000000.0 4854730000000000.0 3.3125e+16 1308000000000.0 1121780000000000.0 1.95447e+16 133154000.0 3801480000000000.0 1.22505e+17 5.37426e+16 985142000.0 33548800000.0 4385170000000.0 85576700000000.0 2529540000000000.0 -4.4 [-4.4]
5888480000000000.0 7.80816e+19 15252200000000.0 5185920000000000.0 3.29313e+16 1535830000000.0 1218050000000000.0 1.8261e+16 171001000.0 4103140000000000.0 1.08726e+17 4.43204e+16 1188310000.0 39621400000.0 5002870000000.0 97157400000000.0 2624110000000000.0 -4.38 [-4.38]
5888440000000000.0 7.09181e+19 17860600000000.0 5608640000000000.0 3.25822e+16 1819620000000.0 1322080000000000.0 1.68597e+16 222252000.0 4408300000000000.0 9.53253e+16 3.58445e+16 1459620000.0 48187500000.0 5822310000000.0 111198000000000.0 2719170000000000.0 -4.36 [-4.36]
5888440000000000.0 6.33234e+19 21692400000000.0 6199860000000000.0 3.19872e+16 2194080000000.0 1437230000000000.0 1.52581e+16 296542000.0 4710040000000000.0 8.17568e+16 2.79488e+16 1855310000.0 61706400000.0 7019090000000.0 129456000000000.0 2815980000000000.0 -4.34 [-4.34]
5888460000000000.0 5.56955e+19 27179100000000.0 6967970000000000.0 3.10483e+16 2656240000000.0 1548320000000000.0 1.35511e+16 401014000.0 4960040000000000.0 6.87176e+16 2.111e+16 2436480000.0 83675900000.0 8751060000000.0 152290000000000.0 2904510000000000.0 -4.32 [-4.32]
5888440000000000.0 4.8887e+19 34033300000000.0 7807090000000000.0 2.98818e+16 3165000000000.0 1642990000000000.0 1.1958e+16 535584000.0 5154600000000000.0 5.7231e+16 1.57316e+16 3210980000.0 114964000000.0 10890700000000.0 177095000000000.0 2970210000000000.0 -4.3 [-4.3]
5888580000000000.0 4.26556e+19 42853300000000.0 8732210000000000.0 2.84575e+16 3732230000000.0 1720440000000000.0 1.04501e+16 715533000.0 5303620000000000.0 4.67926e+16 1.14359e+16 4297410000.0 161660000000.0 13585200000000.0 205219000000000.0 3011340000000000.0 -4.28 [-4.28]
5888440000000000.0 3.71044e+19 53963400000000.0 9675610000000000.0 2.67765e+16 4331890000000.0 1769630000000000.0 9081680000000000.0 956591000.0 5407050000000000.0 3.7481e+16 8158260000000000.0 5847370000.0 232406000000.0 16872600000000.0 236657000000000.0 3020620000000000.0 -4.26 [-4.26]
5888440000000000.0 3.21698e+19 67644700000000.0 1.0561e+16 2.48635e+16 4941960000000.0 1783670000000000.0 7865820000000000.0 1285010000.0 5478350000000000.0 2.92798e+16 5692210000000000.0 8088810000.0 338764000000.0 20688500000000.0 270843000000000.0 2993140000000000.0 -4.24 [-4.24]
5888440000000000.0 2.76723e+19 84437300000000.0 1.13626e+16 2.27234e+16 5572230000000.0 1764240000000000.0 6761830000000000.0 1752000000.0 5545700000000000.0 2.20049e+16 3803160000000000.0 11394900000.0 497160000000.0 25028400000000.0 307787000000000.0 2924650000000000.0 -4.22 [-4.22]
5888510000000000.0 2.38115e+19 103258000000000.0 1.19728e+16 2.05204e+16 6202540000000.0 1718080000000000.0 5805830000000000.0 2400810000.0 5640660000000000.0 1.60793e+16 2476370000000000.0 16043600000.0 718551000000.0 29646400000000.0 344649000000000.0 2818080000000000.0 -4.2 [-4.2]
5888440000000000.0 2.05356e+19 123180000000000.0 1.23692e+16 1.83527e+16 6849110000000.0 1656520000000000.0 4973470000000000.0 3294290000.0 5780820000000000.0 1.14503e+16 1573830000000000.0 22315100000.0 1015900000000.0 34447000000000.0 379958000000000.0 2679810000000000.0 -4.18 [-4.18]
5888440000000000.0 1.7907e+19 142118000000000.0 1.25334e+16 1.63887e+16 7517530000000.0 1595100000000000.0 4271730000000000.0 4462400000.0 5965890000000000.0 8158280000000000.0 1010640000000000.0 30129800000.0 1390100000000.0 39221700000000.0 411028000000000.0 2525250000000000.0 -4.16 [-4.16]
5888440000000000.0 1.58552e+19 158612000000000.0 1.25114e+16 1.47087e+16 8212770000000.0 1544090000000000.0 3691220000000000.0 5897610000.0 6169220000000000.0 5947290000000000.0 672951000000000.0 39105900000.0 1832660000000.0 43838300000000.0 436544000000000.0 2370180000000000.0 -4.14 [-4.14]
5888440000000000.0 1.42445e+19 172376000000000.0 1.2365e+16 1.32957e+16 8934970000000.0 1504950000000000.0 3212170000000000.0 7587190000.0 6365180000000000.0 4473870000000000.0 468707000000000.0 48923900000.0 2337160000000.0 48252100000000.0 456570000000000.0 2223100000000000.0 -4.12 [-4.12]
5888440000000000.0 1.2891e+19 184281000000000.0 1.2138e+16 1.20476e+16 9703610000000.0 1472000000000000.0 2798070000000000.0 9616220000.0 6549220000000000.0 3412520000000000.0 333291000000000.0 59833800000.0 2927080000000.0 52649300000000.0 473149000000000.0 2079930000000000.0 -4.1 [-4.1]
5888440000000000.0 1.17587e+19 194284000000000.0 1.18576e+16 1.09618e+16 10502600000000.0 1444650000000000.0 2446750000000000.0 11967200000.0 6709020000000000.0 2652830000000000.0 243292000000000.0 71550500000.0 3591480000000.0 56893700000000.0 485899000000000.0 1945500000000000.0 -4.08 [-4.08]
5888480000000000.0 1.07715e+19 202891000000000.0 1.15396e+16 9987720000000000.0 11344200000000.0 1419990000000000.0 2140220000000000.0 14732600000.0 6848000000000000.0 2081050000000000.0 179796000000000.0 84292800000.0 4352880000000.0 61100000000000.0 496004000000000.0 1816310000000000.0 -4.06 [-4.06]
5888440000000000.0 9.90813e+18 210210000000000.0 1.11971e+16 9117160000000000.0 12220300000000.0 1397270000000000.0 1874640000000000.0 17937600000.0 6963210000000000.0 1648510000000000.0 134574000000000.0 97938500000.0 5210020000000.0 65201000000000.0 503485000000000.0 1693740000000000.0 -4.04 [-4.04]
5888440000000000.0 9.14425e+18 216436000000000.0 1.08394e+16 8334230000000000.0 13130700000000.0 1375700000000000.0 1643490000000000.0 21640100000.0 7055940000000000.0 1315970000000000.0 101735000000000.0 112486000000.0 6170360000000.0 69191100000000.0 508635000000000.0 1577480000000000.0 -4.02 [-4.02]
5888440000000000.0 8.45994e+18 221700000000000.0 1.04711e+16 7624580000000000.0 14078100000000.0 1354530000000000.0 1441060000000000.0 25923100000.0 7127840000000000.0 1056290000000000.0 77440100000000.0 127959000000.0 7247200000000.0 73085500000000.0 511759000000000.0 1466770000000000.0 -4.0 [-4.0]
5888440000000000.0 7.8441e+18 226098000000000.0 1.00975e+16 6980890000000000.0 15059000000000.0 1333400000000000.0 1263900000000000.0 30852200000.0 7179490000000000.0 852151000000000.0 59312300000000.0 144290000000.0 8445460000000.0 76852800000000.0 512958000000000.0 1361770000000000.0 -3.98 [-3.98]
5888440000000000.0 7.28735e+18 229739000000000.0 9722940000000000.0 6396020000000000.0 16072200000000.0 1312090000000000.0 1108800000000000.0 36504200000.0 7212000000000000.0 690554000000000.0 45660800000000.0 161413000000.0 9769900000000.0 80467600000000.0 512320000000000.0 1262470000000000.0 -3.96 [-3.96]
5888440000000000.0 6.781e+18 232705000000000.0 9350130000000000.0 5862790000000000.0 17117200000000.0 1290380000000000.0 972662000000000.0 42978000000.0 7226650000000000.0 561567000000000.0 35291700000000.0 179278000000.0 11230700000000.0 83932000000000.0 510040000000000.0 1168500000000000.0 -3.94 [-3.94]
5888440000000000.0 6.31909e+18 235071000000000.0 8981560000000000.0 5376290000000000.0 18190900000000.0 1268120000000000.0 853194000000000.0 50367400000.0 7224370000000000.0 458136000000000.0 27377000000000.0 197791000000.0 12831600000000.0 87216900000000.0 506178000000000.0 1079860000000000.0 -3.92 [-3.92]
5888440000000000.0 5.89837e+18 236935000000000.0 8620820000000000.0 4933640000000000.0 19282100000000.0 1245370000000000.0 748847000000000.0 58737100000.0 7206010000000000.0 375221000000000.0 21328900000000.0 216801000000.0 14561500000000.0 90255100000000.0 500729000000000.0 996959000000000.0 -3.9 [-3.9]
5888440000000000.0 5.51199e+18 238344000000000.0 8267650000000000.0 4528560000000000.0 20398000000000.0 1221930000000000.0 657133000000000.0 68243900000.0 7172980000000000.0 308027000000000.0 16653800000000.0 236273000000.0 16438300000000.0 93084700000000.0 493965000000000.0 918980000000000.0 -3.88 [-3.88]
