Cloudy_runs/sbs1108/z=0.463207/logZ=1/component_I_PI_nH/component_I_PI_nH_col_density_param.txt
# %ECSV 1.0
# ---
# datatype:
# - {name: H, datatype: float64}
# - {name: H+, datatype: float64}
# - {name: C+, datatype: float64}
# - {name: C+2, datatype: float64}
# - {name: C+3, datatype: float64}
# - {name: N+, datatype: float64}
# - {name: N+2, datatype: float64}
# - {name: N+4, datatype: float64}
# - {name: O, datatype: float64}
# - {name: O+2, datatype: float64}
# - {name: O+5, datatype: float64}
# - {name: O+6, datatype: float64}
# - {name: P+, datatype: float64}
# - {name: Si+, datatype: float64}
# - {name: Si+2, datatype: float64}
# - {name: Si+3, datatype: float64}
# - {name: Si+4, datatype: float64}
# - {name: log_nH, datatype: float64}
# - {name: parameters, datatype: string, subtype: 'float64[1]'}
# schema: astropy-2.0
H H+ C+ C+2 C+3 N+ N+2 N+4 O O+2 O+5 O+6 P+ Si+ Si+2 Si+3 Si+4 log_nH parameters
[from data line 58]
5888390000000000.0 4.82956e+18 240080000000000.0 7590600000000000.0 3818240000000000.0 22691600000000.0 1173210000000000.0 505890000000000.0 91136400000.0 7066730000000000.0 208999000000000.0 10238800000000.0 276118000000.0 20635000000000.0 98075800000000.0 476976000000000.0 777401000000000.0 -3.84 [-3.84]
5888390000000000.0 4.52743e+18 240498000000000.0 7267690000000000.0 3506860000000000.0 23864800000000.0 1147930000000000.0 443785000000000.0 104804000000.0 6995360000000000.0 172649000000000.0 8057770000000.0 296270000000.0 22954800000000.0 100203000000000.0 466941000000000.0 713440000000000.0 -3.82 [-3.82]
5888400000000000.0 4.24784e+18 240668000000000.0 6955600000000000.0 3221000000000000.0 25053300000000.0 1122080000000000.0 389209000000000.0 120169000000.0 6913030000000000.0 142837000000000.0 6353770000000.0 316424000000.0 25424600000000.0 102082000000000.0 456039000000000.0 653705000000000.0 -3.8 [-3.8]
5888410000000000.0 3.9887e+18 240627000000000.0 6654450000000000.0 2958400000000000.0 26254500000000.0 1095710000000000.0 341258000000000.0 137402000000.0 6820540000000000.0 118331000000000.0 5018790000000.0 336466000000.0 28040100000000.0 103696000000000.0 444347000000000.0 598032000000000.0 -3.78 [-3.78]
5888420000000000.0 3.74817e+18 240407000000000.0 6364330000000000.0 2717100000000000.0 27465800000000.0 1068860000000000.0 299142000000000.0 156690000000.0 6718700000000000.0 98145900000000.0 3970500000000.0 356277000000.0 30796400000000.0 105034000000000.0 431958000000000.0 546238000000000.0 -3.76 [-3.76]
5888440000000000.0 3.52449e+18 240022000000000.0 6084930000000000.0 2495180000000000.0 28686100000000.0 1041600000000000.0 262137000000000.0 178250000000.0 6608260000000000.0 81479400000000.0 3145030000000.0 375748000000.0 33689400000000.0 106089000000000.0 418961000000000.0 498104000000000.0 -3.74 [-3.74]
5888430000000000.0 3.3162e+18 239497000000000.0 5816130000000000.0 2290990000000000.0 29912500000000.0 1013980000000000.0 229632000000000.0 202297000000.0 6489920000000000.0 67696200000000.0 2493810000000.0 394771000000.0 36710400000000.0 106853000000000.0 405440000000000.0 453447000000000.0 -3.72 [-3.72]
5888400000000000.0 3.12198e+18 238852000000000.0 5557730000000000.0 2103050000000000.0 31143800000000.0 986078000000000.0 201082000000000.0 229078000000.0 6364390000000000.0 56278200000000.0 1979090000000.0 413244000000.0 39851000000000.0 107321000000000.0 391482000000000.0 412073000000000.0 -3.7 [-3.7]
5888400000000000.0 2.94067e+18 238097000000000.0 5309430000000000.0 1930020000000000.0 32378500000000.0 957967000000000.0 176012000000000.0 258860000000.0 6232430000000000.0 46806500000000.0 1571600000000.0 431074000000.0 43100600000000.0 107490000000000.0 377170000000000.0 373807000000000.0 -3.68 [-3.68]
5888390000000000.0 2.77116e+18 237240000000000.0 5070810000000000.0 1770640000000000.0 33615200000000.0 929697000000000.0 153995000000000.0 291937000000.0 6094570000000000.0 38938100000000.0 1248510000000.0 448168000000.0 46446700000000.0 107353000000000.0 362569000000000.0 338463000000000.0 -3.66 [-3.66]
5888390000000000.0 2.61247e+18 236288000000000.0 4841540000000000.0 1623800000000000.0 34852500000000.0 901333000000000.0 134663000000000.0 328627000000.0 5951440000000000.0 32394100000000.0 992016000000.0 464444000000.0 49875700000000.0 106913000000000.0 347757000000000.0 305864000000000.0 -3.64 [-3.64]
5888390000000000.0 2.46387e+18 235265000000000.0 4621600000000000.0 1488480000000000.0 36089000000000.0 872974000000000.0 117694000000000.0 369274000000.0 5804130000000000.0 26948800000000.0 788281000000.0 479847000000.0 53374500000000.0 106183000000000.0 332851000000000.0 275821000000000.0 -3.62 [-3.62]
5888390000000000.0 2.32456e+18 234182000000000.0 4410740000000000.0 1363640000000000.0 37325700000000.0 844689000000000.0 102786000000000.0 414329000000.0 5653900000000000.0 22410200000000.0 626206000000.0 494322000000.0 56939600000000.0 105187000000000.0 317975000000000.0 248086000000000.0 -3.6 [-3.6]
5888390000000000.0 2.19381e+18 233025000000000.0 4208320000000000.0 1248630000000000.0 38558300000000.0 816496000000000.0 89715100000000.0 464102000000.0 5500070000000000.0 18629700000000.0 497320000000.0 507791000000.0 60531000000000.0 103891000000000.0 303078000000000.0 222654000000000.0 -3.58 [-3.58]
5888390000000000.0 2.07108e+18 231802000000000.0 4014150000000000.0 1142780000000000.0 39784300000000.0 788468000000000.0 78269800000000.0 518972000000.0 5343210000000000.0 15482100000000.0 394866000000.0 520210000000.0 64116800000000.0 102292000000000.0 288220000000000.0 199427000000000.0 -3.56 [-3.56]
5888400000000000.0 1.95565e+18 230507000000000.0 3827720000000000.0 1045290000000000.0 41004500000000.0 760629000000000.0 68238900000000.0 579444000000.0 5183680000000000.0 12858000000000.0 313325000000.0 531520000000.0 67683900000000.0 100411000000000.0 273457000000000.0 178214000000000.0 -3.54 [-3.54]
5888400000000000.0 1.84704e+18 229149000000000.0 3648810000000000.0 955497000000000.0 42217100000000.0 733038000000000.0 59453000000000.0 645993000000.0 5022010000000000.0 10670800000000.0 248445000000.0 541696000000.0 71207700000000.0 98263600000000.0 258853000000000.0 158880000000000.0 -3.52 [-3.52]
5888420000000000.0 1.74481e+18 227726000000000.0 3477190000000000.0 872858000000000.0 43420700000000.0 705748000000000.0 51763800000000.0 719132000000.0 4858730000000000.0 8848730000000.0 196849000000.0 550712000000.0 74663500000000.0 95867000000000.0 244469000000000.0 141298000000000.0 -3.5 [-3.5]
5888400000000000.0 1.64848e+18 226244000000000.0 3312530000000000.0 796780000000000.0 44614100000000.0 678790000000000.0 45035100000000.0 799416000000.0 4694220000000000.0 7330680000000.0 155818000000.0 558561000000.0 78023300000000.0 93235300000000.0 230343000000000.0 125351000000000.0 -3.48 [-3.48]
5888410000000000.0 1.5577e+18 224708000000000.0 3154650000000000.0 726796000000000.0 45796200000000.0 652222000000000.0 39152900000000.0 887420000000.0 4529050000000000.0 6067010000000.0 123218000000.0 565238000000.0 81262200000000.0 90392800000000.0 216531000000000.0 110922000000000.0 -3.46 [-3.46]
5888410000000000.0 1.47215e+18 223127000000000.0 3003350000000000.0 662445000000000.0 46965500000000.0 626088000000000.0 34014800000000.0 983727000000.0 4363690000000000.0 5015970000000.0 97340300000.0 570757000000.0 84352100000000.0 87362400000000.0 203079000000000.0 97907600000000.0 -3.44 [-3.44]
5888410000000000.0 1.39149e+18 221504000000000.0 2858420000000000.0 603304000000000.0 48120500000000.0 600425000000000.0 29529800000000.0 1088960000000.0 4198600000000000.0 4142440000000.0 76814600000.0 575133000000.0 87268900000000.0 84169100000000.0 190027000000000.0 86196800000000.0 -3.42 [-3.42]
5888410000000000.0 1.31544e+18 219849000000000.0 2719670000000000.0 548986000000000.0 49259800000000.0 575273000000000.0 25618500000000.0 1203770000000.0 4034250000000000.0 3417220000000.0 60552600000.0 578398000000.0 89986800000000.0 80839500000000.0 177412000000000.0 75694800000000.0 -3.4 [-3.4]
5888410000000000.0 1.24372e+18 218164000000000.0 2586890000000000.0 499126000000000.0 50381700000000.0 550663000000000.0 22209900000000.0 1328800000000.0 3871060000000000.0 2815680000000.0 47681100000.0 580582000000.0 92483900000000.0 77400600000000.0 165265000000000.0 66303400000000.0 -3.38 [-3.38]
5888420000000000.0 1.17609e+18 216458000000000.0 2459900000000000.0 453391000000000.0 51484700000000.0 526628000000000.0 19242100000000.0 1464720000000.0 3709480000000000.0 2317340000000.0 37505300000.0 581731000000.0 94740200000000.0 73881700000000.0 153614000000000.0 57930400000000.0 -3.36 [-3.36]
5888420000000000.0 1.11234e+18 214741000000000.0 2338580000000000.0 411475000000000.0 52566900000000.0 503205000000000.0 16660900000000.0 1612180000000.0 3549980000000000.0 1905100000000.0 29472500000.0 581904000000.0 96737700000000.0 70312900000000.0 142486000000000.0 50490900000000.0 -3.34 [-3.34]
5888420000000000.0 1.05224e+18 213018000000000.0 2222690000000000.0 373087000000000.0 53626700000000.0 480412000000000.0 14417500000000.0 1771860000000.0 3392920000000000.0 1564440000000.0 23137600000.0 581149000000.0 98463200000000.0 66721000000000.0 131894000000000.0 43900100000000.0 -3.32 [-3.32]
5888420000000000.0 9.9559e+17 211297000000000.0 2112090000000000.0 337966000000000.0 54662600000000.0 458273000000000.0 12469500000000.0 1944430000000.0 3238690000000000.0 1283310000000.0 18148100000.0 579526000000.0 99906500000000.0 63133600000000.0 121852000000000.0 38079900000000.0 -3.3 [-3.3]
5888420000000000.0 9.4221e+17 209585000000000.0 2006600000000000.0 305863000000000.0 55672700000000.0 436807000000000.0 10779500000000.0 2130500000000.0 3087630000000000.0 1051630000000.0 14223200000.0 577099000000.0 101061000000000.0 59576500000000.0 112367000000000.0 32956600000000.0 -3.28 [-3.28]
5888430000000000.0 8.91918e+17 207889000000000.0 1906050000000000.0 276548000000000.0 56655300000000.0 416027000000000.0 9314410000000.0 2330710000000.0 2940090000000000.0 860937000000.0 11139200000.0 573932000000.0 101924000000000.0 56073500000000.0 103439000000000.0 28460300000000.0 -3.26 [-3.26]
5888430000000000.0 8.44557e+17 206217000000000.0 1810280000000000.0 249811000000000.0 57608700000000.0 395948000000000.0 8045550000000.0 2545620000000.0 2796360000000000.0 704207000000.0 8718810000.0 570093000000.0 102496000000000.0 52646100000000.0 95066300000000.0 24531300000000.0 -3.24 [-3.24]
5888430000000000.0 7.99965e+17 204572000000000.0 1719130000000000.0 225453000000000.0 58531500000000.0 376577000000000.0 6947350000000.0 2775780000000.0 2656720000000000.0 575543000000.0 6821090000.0 565644000000.0 102782000000000.0 49312700000000.0 87238800000000.0 21109900000000.0 -3.22 [-3.22]
5888430000000000.0 7.57989e+17 202960000000000.0 1632420000000000.0 203287000000000.0 59421600000000.0 357916000000000.0 5997460000000.0 3021690000000.0 2521380000000000.0 470040000000.0 5334450000.0 560644000000.0 102791000000000.0 46089700000000.0 79945400000000.0 18138800000000.0 -3.2 [-3.2]
5888430000000000.0 7.18481e+17 201382000000000.0 1549970000000000.0 183139000000000.0 60278400000000.0 339963000000000.0 5176320000000.0 3283860000000.0 2390500000000000.0 383619000000.0 4170690000.0 555154000000.0 102537000000000.0 42990200000000.0 73170300000000.0 15565200000000.0 -3.18 [-3.18]
5888440000000000.0 6.813e+17 199842000000000.0 1471610000000000.0 164847000000000.0 61100300000000.0 322712000000000.0 4466810000000.0 3562700000000.0 2264220000000000.0 312898000000.0 3260260000.0 549226000000.0 102034000000000.0 40024600000000.0 66894700000000.0 13341400000000.0 -3.16 [-3.16]
5888430000000000.0 6.4631e+17 198337000000000.0 1397150000000000.0 148260000000000.0 61885400000000.0 306155000000000.0 3854040000000.0 3858570000000.0 2142640000000000.0 255078000000.0 2548380000.0 542907000000.0 101299000000000.0 37200200000000.0 61097100000000.0 11423900000000.0 -3.14 [-3.14]
5888440000000000.0 6.13381e+17 196867000000000.0 1326430000000000.0 133237000000000.0 62632700000000.0 290281000000000.0 3324980000000.0 4171830000000.0 2025810000000000.0 207840000000.0 1991950000.0 536243000000.0 100352000000000.0 34521600000000.0 55753900000000.0 9773670000000.0 -3.12 [-3.12]
5888440000000000.0 5.82398e+17 195433000000000.0 1259280000000000.0 119646000000000.0 63340700000000.0 275078000000000.0 2868410000000.0 4502640000000.0 1913800000000000.0 169284000000.0 1557230000.0 529282000000.0 99212800000000.0 31992100000000.0 50841200000000.0 8356330000000.0 -3.1 [-3.1]
5888430000000000.0 5.53227e+17 194030000000000.0 1195520000000000.0 107363000000000.0 64008800000000.0 260524000000000.0 2474310000000.0 4851410000000.0 1806520000000000.0 137820000000.0 1217500000.0 522048000000.0 97900700000000.0 29610200000000.0 46331100000000.0 7140390000000.0 -3.08 [-3.08]
5888430000000000.0 5.25766e+17 192656000000000.0 1134990000000000.0 96276000000000.0 64635900000000.0 246605000000000.0 2134290000000.0 5218210000000.0 1703980000000000.0 112164000000.0 952101000.0 514584000000.0 96436700000000.0 27375400000000.0 42199000000000.0 6098900000000.0 -3.06 [-3.06]
5888440000000000.0 4.99905e+17 191309000000000.0 1077530000000000.0 86276500000000.0 65220800000000.0 233302000000000.0 1840910000000.0 5603170000000.0 1606100000000000.0 91252400000.0 744739000.0 506918000000.0 94840200000000.0 25284100000000.0 38418500000000.0 5207700000000.0 -3.04 [-3.04]
5888440000000000.0 4.75555e+17 189986000000000.0 1023010000000000.0 77271000000000.0 65762500000000.0 220600000000000.0 1587920000000.0 6006210000000.0 1512850000000000.0 74222100000.0 582776000.0 499079000000.0 93131400000000.0 23333200000000.0 34965800000000.0 4446140000000.0 -3.02 [-3.02]
5888440000000000.0 4.52598e+17 188683000000000.0 971237000000000.0 69159800000000.0 66259900000000.0 208467000000000.0 1369530000000.0 6427540000000.0 1424040000000000.0 60346700000.0 456141000.0 491089000000.0 91326100000000.0 21515700000000.0 31813100000000.0 3795320000000.0 -3.0 [-3.0]
5888440000000000.0 4.30949e+17 187393000000000.0 922077000000000.0 61864300000000.0 66712000000000.0 196886000000000.0 1181090000000.0 6867130000000.0 1339560000000000.0 49047900000.0 0.0 482964000000.0 89442200000000.0 19825800000000.0 28937800000000.0 3239610000000.0 -2.98 [-2.98]
5888440000000000.0 4.10528e+17 186115000000000.0 875402000000000.0 55307500000000.0 67118300000000.0 185838000000000.0 1018490000000.0 7324780000000.0 1259300000000000.0 39851400000.0 0.0 474728000000.0 87495300000000.0 18257700000000.0 26317800000000.0 2765380000000.0 -2.96 [-2.96]
5888440000000000.0 3.91255e+17 184845000000000.0 831081000000000.0 49419100000000.0 67477800000000.0 175301000000000.0 878186000000.0 7800330000000.0 1183130000000000.0 32367900000.0 0.0 466400000000.0 85499800000000.0 16804700000000.0 23932000000000.0 2360840000000.0 -2.94 [-2.94]
5888430000000000.0 3.73055e+17 183580000000000.0 788986000000000.0 44134300000000.0 67789700000000.0 165256000000000.0 757105000000.0 8293560000000.0 1110880000000000.0 26279900000.0 0.0 457997000000.0 83468700000000.0 15459900000000.0 21760400000000.0 2015790000000.0 -2.92 [-2.92]
5888430000000000.0 3.5586e+17 182318000000000.0 749004000000000.0 39394800000000.0 68053500000000.0 155684000000000.0 652617000000.0 8804170000000.0 1042430000000000.0 21328800000.0 0.0 449535000000.0 81413700000000.0 14216800000000.0 19784700000000.0 1721540000000.0 -2.9 [-2.9]
5888440000000000.0 3.39603e+17 181051000000000.0 711019000000000.0 35146700000000.0 68267400000000.0 146565000000000.0 562436000000.0 9331780000000.0 977603000000000.0 17303000000.0 0.0 441024000000.0 79344900000000.0 13068600000000.0 17987500000000.0 1470600000000.0 -2.88 [-2.88]
5888430000000000.0 3.24222e+17 179778000000000.0 674922000000000.0 31341300000000.0 68430900000000.0 137879000000000.0 484600000000.0 9875970000000.0 916255000000000.0 14030400000.0 0.0 432478000000.0 77271400000000.0 12008800000000.0 16353000000000.0 1256570000000.0 -2.86 [-2.86]
5888430000000000.0 3.09662e+17 178495000000000.0 640617000000000.0 27934400000000.0 68543400000000.0 129610000000000.0 417420000000.0 10436200000000.0 858236000000000.0 11371100000.0 0.0 423910000000.0 75201500000000.0 11031200000000.0 14866800000000.0 1074020000000.0 -2.84 [-2.84]
5888440000000000.0 2.95868e+17 177199000000000.0 608005000000000.0 24885700000000.0 68603800000000.0 121741000000000.0 359437000000.0 11012100000000.0 803392000000000.0 9210740000.0 0.0 415329000000.0 73141800000000.0 10130000000000.0 13515300000000.0 918268000000.0 -2.82 [-2.82]
5888440000000000.0 2.82794e+17 175886000000000.0 576999000000000.0 22159000000000.0 68610900000000.0 114255000000000.0 309396000000.0 11602800000000.0 751581000000000.0 7456400000.0 0.0 406746000000.0 71098300000000.0 9299450000000.0 12286500000000.0 785365000000.0 -2.8 [-2.8]
