Cloudy_runs/he0056/z=0.043265/logZ=-1/component_II_PI_nH/component_II_PI_nH_col_density_param.txt
# %ECSV 1.0
# ---
# datatype:
# - {name: H, datatype: float64}
# - {name: H+, datatype: float64}
# - {name: C+, datatype: float64}
# - {name: C+2, datatype: float64}
# - {name: C+3, datatype: float64}
# - {name: N+, datatype: float64}
# - {name: N+2, datatype: float64}
# - {name: N+4, datatype: float64}
# - {name: O, datatype: float64}
# - {name: O+2, datatype: float64}
# - {name: O+5, datatype: float64}
# - {name: O+6, datatype: float64}
# - {name: P+, datatype: float64}
# - {name: Si+, datatype: float64}
# - {name: Si+2, datatype: float64}
# - {name: Si+3, datatype: float64}
# - {name: Si+4, datatype: float64}
# - {name: Fe+, datatype: float64}
# - {name: Al+, datatype: float64}
# - {name: log_nH, datatype: float64}
# - {name: parameters, datatype: string, subtype: 'float64[1]'}
# schema: astropy-2.0
H H+ C+ C+2 C+3 N+ N+2 N+4 O O+2 O+5 O+6 P+ Si+ Si+2 Si+3 Si+4 Fe+ Al+ log_nH parameters
[from data line 54]
1995260000000000.0 3.14653e+18 2163270000000.0 49415600000000.0 18937400000000.0 240899000000.0 10512400000000.0 1346860000000.0 610450000.0 46849500000000.0 1638660000000.0 191831000000.0 3956600000.0 80548500000.0 1737240000000.0 1342720000000.0 4775380000000.0 297532000.0 5569000000.0 -3.92 [-3.92]
1995260000000000.0 2.98876e+18 2183760000000.0 48039300000000.0 17658600000000.0 247433000000.0 10294700000000.0 1196320000000.0 684131000.0 46625900000000.0 1409180000000.0 158171000000.0 4112960000.0 84202400000.0 1792210000000.0 1345640000000.0 4491750000000.0 334820000.0 5983640000.0 -3.9 [-3.9]
1995260000000000.0 2.83892e+18 2202420000000.0 46647100000000.0 16442500000000.0 254049000000.0 10070300000000.0 1061080000000.0 766299000.0 46351800000000.0 1209990000000.0 130205000000.0 4263900000.0 87786000000.0 1843180000000.0 1344460000000.0 4210980000000.0 376254000.0 6416360000.0 -3.88 [-3.88]
1995260000000000.0 2.69659e+18 2219260000000.0 45244000000000.0 15288500000000.0 260750000000.0 9839890000000.0 939770000000.0 857848000.0 46027200000000.0 1037350000000.0 107005000000.0 4408590000.0 91279100000.0 1889690000000.0 1339180000000.0 3934680000000.0 422232000.0 6866660000.0 -3.86 [-3.86]
1995260000000000.0 2.56142e+18 2234350000000.0 43835300000000.0 14195800000000.0 267543000000.0 9604230000000.0 831148000000.0 959759000.0 45652400000000.0 887935000000.0 87788500000.0 4546340000.0 94663300000.0 1931340000000.0 1329840000000.0 3664340000000.0 473180000.0 7333910000.0 -3.84 [-3.84]
1995260000000000.0 2.43302e+18 2247730000000.0 42425600000000.0 13163000000000.0 274430000000.0 9364020000000.0 734044000000.0 1073090000.0 45227600000000.0 758824000000.0 71898300000.0 4676520000.0 97921300000.0 1967800000000.0 1316540000000.0 3401320000000.0 529554000.0 7817340000.0 -3.82 [-3.82]
1995260000000000.0 2.31125e+18 2259380000000.0 41021500000000.0 12190400000000.0 281409000000.0 9120430000000.0 647509000000.0 1198840000.0 44754500000000.0 647580000000.0 58796900000.0 4798260000.0 101029000000.0 1998770000000.0 1299520000000.0 3147190000000.0 591746000.0 8315180000.0 -3.8 [-3.8]
1995260000000000.0 2.19523e+18 2269570000000.0 39620900000000.0 11271600000000.0 288514000000.0 8872930000000.0 570162000000.0 1338730000.0 44230600000000.0 551460000000.0 47969300000.0 4912040000.0 104001000000.0 2024090000000.0 1278670000000.0 2902000000000.0 660576000.0 8829060000.0 -3.78 [-3.78]
1995260000000000.0 2.08521e+18 2278150000000.0 38233600000000.0 10409600000000.0 295722000000.0 8623430000000.0 501466000000.0 1493630000.0 43660100000000.0 468922000000.0 39074800000.0 5016570000.0 106799000000.0 2043570000000.0 1254510000000.0 2667650000000.0 736308000.0 9355120000.0 -3.76 [-3.76]
1995260000000000.0 1.98072e+18 2285280000000.0 36861200000000.0 9600900000000.0 303026000000.0 8372220000000.0 440455000000.0 1665160000.0 43042900000000.0 398051000000.0 31770700000.0 5111940000.0 109425000000.0 2057170000000.0 1227180000000.0 2444540000000.0 819634000.0 9893030000.0 -3.74 [-3.74]
1995260000000000.0 1.88148e+18 2290990000000.0 35506800000000.0 8843530000000.0 310443000000.0 8119940000000.0 386353000000.0 1854890000.0 42380500000000.0 337297000000.0 25783100000.0 5197940000.0 111873000000.0 2064910000000.0 1196990000000.0 2233200000000.0 911189000.0 10441300000.0 -3.72 [-3.72]
1995260000000000.0 1.78721e+18 2295360000000.0 34172900000000.0 8135380000000.0 317985000000.0 7867200000000.0 338450000000.0 2064500000.0 41674200000000.0 285305000000.0 20883900000.0 5274430000.0 114141000000.0 2066850000000.0 1164230000000.0 2034000000000.0 1011640000.0 10998500000.0 -3.7 [-3.7]
1995260000000000.0 1.69768e+18 2298440000000.0 32861900000000.0 7474330000000.0 325659000000.0 7614580000000.0 296102000000.0 2295780000.0 40925600000000.0 240888000000.0 16882700000.0 5341380000.0 116228000000.0 2063120000000.0 1129240000000.0 1847150000000.0 1121700000.0 11562900000.0 -3.68 [-3.68]
1995260000000000.0 1.61264e+18 2300290000000.0 31576000000000.0 6858250000000.0 333470000000.0 7362650000000.0 258723000000.0 2550660000.0 40136700000000.0 203009000000.0 13621200000.0 5398830000.0 118137000000.0 2053940000000.0 1092350000000.0 1672690000000.0 1242110000.0 12132800000.0 -3.66 [-3.66]
1995260000000000.0 1.53188e+18 2300970000000.0 30317100000000.0 6284960000000.0 341425000000.0 7111940000000.0 225778000000.0 2831180000.0 39309500000000.0 170765000000.0 10967900000.0 5446890000.0 119871000000.0 2039550000000.0 1053890000000.0 1510540000000.0 1373640000.0 12706400000.0 -3.64 [-3.64]
1995260000000000.0 1.45514e+18 2300460000000.0 29086000000000.0 5752240000000.0 349524000000.0 6862810000000.0 196781000000.0 3139590000.0 38445700000000.0 143362000000.0 8813170000.0 5485500000.0 121437000000.0 2020200000000.0 1014190000000.0 1360450000000.0 1517160000.0 13281600000.0 -3.62 [-3.62]
1995260000000000.0 1.38229e+18 2298950000000.0 27885200000000.0 5258090000000.0 357780000000.0 6615990000000.0 171304000000.0 3478050000.0 37548700000000.0 120128000000.0 7067800000.0 5515230000.0 122844000000.0 1996320000000.0 973571000000.0 1222160000000.0 1673430000.0 13856800000.0 -3.6 [-3.6]
1995260000000000.0 1.3131e+18 2296410000000.0 26715200000000.0 4800330000000.0 366193000000.0 6371780000000.0 148948000000.0 3849050000.0 36620500000000.0 100462000000.0 5656490000.0 5536130000.0 124101000000.0 1968220000000.0 932339000000.0 1095230000000.0 1843370000.0 14429900000.0 -3.58 [-3.58]
1995260000000000.0 1.24738e+18 2292910000000.0 25576800000000.0 4376900000000.0 374767000000.0 6130590000000.0 129358000000.0 4255160000.0 35663900000000.0 83847300000.0 4517680000.0 5548490000.0 125219000000.0 1936280000000.0 890784000000.0 979163000000.0 2027880000.0 14998900000.0 -3.56 [-3.56]
1995260000000000.0 1.18497e+18 2288470000000.0 24470700000000.0 3985780000000.0 383505000000.0 5892790000000.0 112216000000.0 4699040000.0 34681600000000.0 69839600000.0 3600680000.0 5552590000.0 126208000000.0 1900900000000.0 849178000000.0 873422000000.0 2227890000.0 15561600000.0 -3.54 [-3.54]
1995260000000000.0 1.1257e+18 2283140000000.0 23397200000000.0 3625020000000.0 392407000000.0 5658700000000.0 97236200000.0 5183500000.0 33676500000000.0 58053100000.0 2863860000.0 5548760000.0 127081000000.0 1862450000000.0 807768000000.0 777422000000.0 2444340000.0 16116200000.0 -3.52 [-3.52]
1995260000000000.0 1.06941e+18 2276960000000.0 22356700000000.0 3292740000000.0 401477000000.0 5428630000000.0 84163300000.0 5711500000.0 32651700000000.0 48156100000.0 2273080000.0 5537350000.0 127850000000.0 1821330000000.0 766776000000.0 690552000000.0 2678210000.0 16660600000.0 -3.5 [-3.5]
1995260000000000.0 1.01605e+18 2269890000000.0 21351400000000.0 2987760000000.0 410699000000.0 5203300000000.0 72790600000.0 6285090000.0 31612400000000.0 39876600000.0 1801130000.0 5518520000.0 128518000000.0 1778000000000.0 726533000000.0 612310000000.0 2930000000.0 17191000000.0 -3.48 [-3.48]
1995260000000000.0 9.65274e+17 2262080000000.0 20377000000000.0 2707010000000.0 420094000000.0 4982010000000.0 62870000000.0 6909170000.0 30557200000000.0 32939600000.0 1423630000.0 5492970000.0 129113000000.0 1732670000000.0 686948000000.0 541818000000.0 3201520000.0 17709000000.0 -3.46 [-3.46]
1995260000000000.0 9.16954e+17 2253560000000.0 19433600000000.0 2448930000000.0 429656000000.0 4765000000000.0 54228700000.0 7587210000.0 29488900000000.0 27141700000.0 1122440000.0 5461040000.0 129646000000.0 1685680000000.0 648175000000.0 478495000000.0 3493790000.0 18212600000.0 -3.44 [-3.44]
1995260000000000.0 8.71258e+17 2244190000000.0 18526900000000.0 2213620000000.0 439350000000.0 4553810000000.0 46755800000.0 8319090000.0 28418200000000.0 22332300000.0 883890000.0 5422720000.0 130107000000.0 1637640000000.0 610719000000.0 422045000000.0 3806210000.0 18695000000.0 -3.42 [-3.42]
1995260000000000.0 8.27789e+17 2234210000000.0 17651200000000.0 1997920000000.0 449200000000.0 4347330000000.0 40261800000.0 9111310000.0 27341200000000.0 18329600000.0 694363000.0 5378950000.0 130527000000.0 1588640000000.0 574298000000.0 371599000000.0 4141000000.0 19160100000.0 -3.4 [-3.4]
1995260000000000.0 7.86379e+17 2223420000000.0 16804600000000.0 1800430000000.0 459174000000.0 4145360000000.0 34622700000.0 9968000000.0 26259100000000.0 15004100000.0 544030000.0 5329390000.0 130913000000.0 1538770000000.0 539038000000.0 326594000000.0 4499570000.0 19604500000.0 -3.38 [-3.38]
1995260000000000.0 7.47219e+17 2211930000000.0 15993100000000.0 1621050000000.0 469259000000.0 3949520000000.0 29761600000.0 10888200000.0 25183600000000.0 12263300000.0 425727000.0 5274860000.0 131259000000.0 1488750000000.0 505278000000.0 286750000000.0 4880560000.0 20024000000.0 -3.36 [-3.36]
1995260000000000.0 7.09998e+17 2199800000000.0 15211900000000.0 1457500000000.0 479447000000.0 3758860000000.0 25555500000.0 11878200000.0 24111500000000.0 9999330000.0 332420000.0 5215710000.0 131585000000.0 1438560000000.0 472829000000.0 251407000000.0 5286040000.0 20420200000.0 -3.34 [-3.34]
1995260000000000.0 6.74633e+17 2187010000000.0 14460600000000.0 1308690000000.0 489714000000.0 3573520000000.0 21921700000.0 12941000000.0 23046100000000.0 8134310000.0 259017000.0 5152230000.0 131896000000.0 1388410000000.0 441748000000.0 220126000000.0 5716450000.0 20791500000.0 -3.32 [-3.32]
1995260000000000.0 6.41013e+17 2173500000000.0 13738300000000.0 1173440000000.0 500029000000.0 3393440000000.0 18785100000.0 14080000000.0 21989600000000.0 6601180000.0 201385000.0 5084510000.0 132199000000.0 1338440000000.0 412066000000.0 192487000000.0 6172560000.0 21136000000.0 -3.3 [-3.3]
1995260000000000.0 6.09109e+17 2159350000000.0 13045600000000.0 1050880000000.0 510370000000.0 3218960000000.0 16083900000.0 15296800000.0 20946300000000.0 5345370000.0 156290000.0 5013180000.0 132494000000.0 1288950000000.0 383820000000.0 168135000000.0 6654010000.0 21452800000.0 -3.28 [-3.28]
1995260000000000.0 5.7877e+17 2144570000000.0 12380300000000.0 939741000000.0 520708000000.0 3049730000000.0 13755800000.0 16596200000.0 19916400000000.0 4317450000.0 121024000.0 4938470000.0 132790000000.0 1239970000000.0 356935000000.0 146683000000.0 7161720000.0 21742100000.0 -3.26 [-3.26]
1995260000000000.0 5.50094e+17 2129210000000.0 11745800000000.0 839660000000.0 531014000000.0 2886740000000.0 11761000000.0 17974900000.0 18908400000000.0 3481830000.0 93624000.0 4861050000.0 133078000000.0 1191940000000.0 331576000000.0 127896000000.0 7693290000.0 22001200000.0 -3.24 [-3.24]
1995260000000000.0 5.22769e+17 2113120000000.0 11136100000000.0 749038000000.0 541227000000.0 2728670000000.0 10042400000.0 19441500000.0 17916400000000.0 2799940000.0 72246800.0 4780460000.0 133377000000.0 1144520000000.0 307522000000.0 111370000000.0 8251910000.0 22230400000.0 -3.22 [-3.22]
1995260000000000.0 4.96818e+17 2096400000000.0 10552500000000.0 667331000000.0 551316000000.0 2576040000000.0 8566920000.0 20995300000.0 16945600000000.0 2246290000.0 55647600.0 4697370000.0 133680000000.0 1098000000000.0 284815000000.0 96888100000.0 8835860000.0 22429200000.0 -3.2 [-3.2]
1995260000000000.0 4.72178e+17 2079060000000.0 9994380000000.0 593780000000.0 561236000000.0 2428840000000.0 7301580000.0 22637200000.0 15998000000000.0 1797900000.0 42786400.0 4612150000.0 133987000000.0 1052470000000.0 263419000000.0 84215000000.0 9444350000.0 22597800000.0 -3.18 [-3.18]
1995260000000000.0 4.48776e+17 2061090000000.0 9460870000000.0 527658000000.0 570929000000.0 2286990000000.0 6217230000.0 24367800000.0 15075100000000.0 1435560000.0 32839200.0 4524950000.0 134300000000.0 1007970000000.0 243299000000.0 73136300000.0 10076900000.0 22735500000.0 -3.16 [-3.16]
1995260000000000.0 4.26557e+17 2042520000000.0 8951360000000.0 468311000000.0 580346000000.0 2150500000000.0 5288960000.0 26186900000.0 14178700000000.0 1143540000.0 25162300.0 4436130000.0 134615000000.0 964573000000.0 224411000000.0 63464300000.0 10732100000.0 22842900000.0 -3.14 [-3.14]
1995260000000000.0 4.05451e+17 2023320000000.0 8464860000000.0 415109000000.0 589423000000.0 2019250000000.0 4494810000.0 28094100000.0 13309700000000.0 908700000.0 19247000.0 4345830000.0 134933000000.0 922291000000.0 206711000000.0 55026800000.0 11409300000.0 22919400000.0 -3.12 [-3.12]
1995260000000000.0 3.85408e+17 2003520000000.0 8000710000000.0 367492000000.0 598100000000.0 1893210000000.0 3816080000.0 30087700000.0 12469400000000.0 720337000.0 14698400.0 4254340000.0 135250000000.0 881168000000.0 190153000000.0 47674900000.0 12106900000.0 22965600000.0 -3.1 [-3.1]
1995260000000000.0 3.66373e+17 1983120000000.0 7558160000000.0 324934000000.0 606313000000.0 1772350000000.0 3236530000.0 32165600000.0 11659100000000.0 569630000.0 11207100.0 4161880000.0 135563000000.0 841227000000.0 174688000000.0 41275200000.0 12823200000.0 22981900000.0 -3.08 [-3.08]
1995260000000000.0 3.48296e+17 1962130000000.0 7136470000000.0 286953000000.0 613997000000.0 1656600000000.0 2742090000.0 34324600000.0 10879500000000.0 449354000.0 8532080.0 4068660000.0 135870000000.0 802480000000.0 160269000000.0 35709200000.0 13556600000.0 22968700000.0 -3.06 [-3.06]
1995260000000000.0 3.31126e+17 1940550000000.0 6734840000000.0 253102000000.0 621082000000.0 1545880000000.0 2320630000.0 36561000000.0 10131200000000.0 353600000.0 6485950.0 3974880000.0 136167000000.0 764929000000.0 146847000000.0 30872300000.0 14305300000.0 22926600000.0 -3.04 [-3.04]
1995260000000000.0 3.14819e+17 1918400000000.0 6352570000000.0 222976000000.0 627504000000.0 1440150000000.0 1961730000.0 38870000000.0 9414950000000.0 277566000.0 4923550.0 3880740000.0 136448000000.0 728580000000.0 134371000000.0 26672600000.0 15067000000.0 22856300000.0 -3.02 [-3.02]
1995260000000000.0 2.99332e+17 1895710000000.0 5988990000000.0 196202000000.0 633198000000.0 1339340000000.0 1656400000.0 41246000000.0 8731100000000.0 217347000.0 3732520.0 3786450000.0 136710000000.0 693434000000.0 122795000000.0 23029200000.0 15839700000.0 22758900000.0 -3.0 [-3.0]
1995260000000000.0 2.84623e+17 1872460000000.0 5643340000000.0 172440000000.0 638098000000.0 1243370000000.0 1396910000.0 43682500000.0 8079890000000.0 169776000.0 2825990.0 3692160000.0 136948000000.0 659482000000.0 112070000000.0 19870800000.0 16620900000.0 22635000000.0 -2.98 [-2.98]
1995260000000000.0 2.70651e+17 1848680000000.0 5314920000000.0 151381000000.0 642143000000.0 1152180000000.0 1176610000.0 46172300000.0 7461390000000.0 132290000.0 0.0 3598020000.0 137156000000.0 626709000000.0 102148000000.0 17134700000.0 17408600000.0 22485600000.0 -2.96 [-2.96]
1995260000000000.0 2.5738e+17 1824380000000.0 5003080000000.0 132743000000.0 645276000000.0 1065690000000.0 989772000.0 48707500000.0 6875580000000.0 102830000.0 0.0 3504210000.0 137330000000.0 595107000000.0 92984900000.0 14766200000.0 18200300000.0 22311800000.0 -2.94 [-2.94]
1995260000000000.0 2.44774e+17 1799580000000.0 4707130000000.0 116269000000.0 647447000000.0 983818000000.0 831505000.0 51279600000.0 6322240000000.0 79737100.0 0.0 3410860000.0 137465000000.0 564658000000.0 84534300000.0 12717200000.0 18993600000.0 22114700000.0 -2.92 [-2.92]
1995260000000000.0 2.32799e+17 1774300000000.0 4426430000000.0 101727000000.0 648612000000.0 906472000000.0 697593000.0 53879500000.0 5801000000000.0 61681500.0 0.0 3318110000.0 137555000000.0 535345000000.0 76753200000.0 10945900000.0 19786300000.0 21895400000.0 -2.9 [-2.9]
1995260000000000.0 2.21423e+17 1748560000000.0 4160340000000.0 88907800000.0 648735000000.0 833565000000.0 584428000.0 56497900000.0 5311390000000.0 47601100.0 0.0 3226100000.0 137594000000.0 507152000000.0 69599200000.0 9415690000.0 20575800000.0 21655300000.0 -2.88 [-2.88]
1995260000000000.0 2.10615e+17 1722360000000.0 3908250000000.0 77621000000.0 647788000000.0 764992000000.0 488922000.0 59124800000.0 4852780000000.0 36649000.0 0.0 3134920000.0 137579000000.0 480053000000.0 63032600000.0 8094490000.0 21360500000.0 21395200000.0 -2.86 [-2.86]
