Cloudy_runs/he0056/z=0.043265/logZ=-1/component_II_PI_nH/component_II_PI_nH_col_density_param.txt
# %ECSV 1.0
# ---
# datatype:
# - {name: H, datatype: float64}
# - {name: H+, datatype: float64}
# - {name: C+, datatype: float64}
# - {name: C+2, datatype: float64}
# - {name: C+3, datatype: float64}
# - {name: N+, datatype: float64}
# - {name: N+2, datatype: float64}
# - {name: N+4, datatype: float64}
# - {name: O, datatype: float64}
# - {name: O+2, datatype: float64}
# - {name: O+5, datatype: float64}
# - {name: O+6, datatype: float64}
# - {name: P+, datatype: float64}
# - {name: Si+, datatype: float64}
# - {name: Si+2, datatype: float64}
# - {name: Si+3, datatype: float64}
# - {name: Si+4, datatype: float64}
# - {name: Fe+, datatype: float64}
# - {name: Al+, datatype: float64}
# - {name: log_nH, datatype: float64}
# - {name: parameters, datatype: string, subtype: 'float64[1]'}
# schema: astropy-2.0
H H+ C+ C+2 C+3 N+ N+2 N+4 O O+2 O+5 O+6 P+ Si+ Si+2 Si+3 Si+4 Fe+ Al+ log_nH parameters
[from data line 241]
1995260000000000.0 948685000000000.0 58897500000.0 533152000.0 0.0 7428200000.0 383394.0 0.0 104462000000.0 1794110.0 0.0 0.0 75368100.0 9419230000.0 37264600.0 88585.6 0.0 9112110000.0 822567000.0 -0.18 [-0.18]
1995260000000000.0 921511000000000.0 57966400000.0 506803000.0 0.0 7197110000.0 351891.0 0.0 104326000000.0 1650510.0 0.0 0.0 74679200.0 9332730000.0 35355700.0 83192.3 0.0 9035750000.0 815169000.0 -0.16 [-0.16]
1995260000000000.0 895103000000000.0 57051700000.0 481724000.0 0.0 6972140000.0 322972.0 0.0 104191000000.0 1518720.0 0.0 0.0 74009500.0 9248600000.0 33540900.0 78153.8 0.0 8961360000.0 807976000.0 -0.14 [-0.14]
1995260000000000.0 869593000000000.0 56158700000.0 457967000.0 0.0 6754140000.0 296485.0 0.0 104059000000.0 1398080.0 0.0 0.0 73362500.0 9167280000.0 31820000.0 73453.1 0.0 8889350000.0 801025000.0 -0.12 [-0.12]
1995260000000000.0 844936000000000.0 55286300000.0 435452000.0 0.0 6542780000.0 272211.0 0.0 103930000000.0 1287600.0 0.0 0.0 72737000.0 9088630000.0 30186100.0 69065.0 0.0 8819610000.0 794304000.0 -0.1 [-0.1]
1995260000000000.0 820886000000000.0 54425600000.0 413955000.0 0.0 6336430000.0 249882.0 0.0 103802000000.0 1185930.0 0.0 0.0 72126700.0 9011850000.0 28627300.0 64956.3 0.0 8751420000.0 787746000.0 -0.08 [-0.08]
1995260000000000.0 797632000000000.0 53584200000.0 393576000.0 0.0 6136320000.0 229412.0 0.0 103676000000.0 1092760.0 0.0 0.0 71536500.0 8937560000.0 27146000.0 61117.4 0.0 8685370000.0 781402000.0 -0.06 [-0.06]
1995260000000000.0 775079000000000.0 52758900000.0 374207000.0 0.0 5941790000.0 210621.0 0.0 103553000000.0 1007220.0 0.0 0.0 70964000.0 8865470000.0 25735900.0 57526.0 0.0 8621200000.0 775247000.0 -0.04 [-0.04]
1995260000000000.0 753248000000000.0 51950900000.0 355825000.0 0.0 5753010000.0 193383.0 0.0 103431000000.0 928725.0 0.0 0.0 70409700.0 8795630000.0 24395400.0 54166.5 0.0 8558960000.0 769287000.0 -0.02 [-0.02]
1995260000000000.0 732018000000000.0 51156100000.0 338318000.0 0.0 5569050000.0 177532.0 0.0 103312000000.0 856537.0 0.0 0.0 69870500.0 8727660000.0 23114700.0 51019.0 0.0 8498330000.0 763489000.0 -0.0 [-0.0]
1995260000000000.0 711430000000000.0 50375600000.0 321675000.0 0.0 5390530000.0 162993.0 0.0 103194000000.0 790172.0 0.0 0.0 69347500.0 8661700000.0 21902600.0 48070.4 0.0 8439390000.0 757865000.0 0.02 [0.02]
1995260000000000.0 691378000000000.0 49607200000.0 305814000.0 0.0 5216050000.0 149598.0 0.0 103078000000.0 729112.0 0.0 0.0 68838100.0 8597400000.0 20734100.0 45306.0 0.0 8381930000.0 752385000.0 0.04 [0.04]
1995260000000000.0 671946000000000.0 48853800000.0 290750000.0 0.0 5046490000.0 137298.0 0.0 102964000000.0 673005.0 0.0 0.0 68344300.0 8535050000.0 19620100.0 42715.6 0.0 8326160000.0 747072000.0 0.06 [0.06]
1995260000000000.0 653068000000000.0 48113200000.0 276418000.0 0.0 4881350000.0 125989.0 0.0 102852000000.0 621385.0 0.0 0.0 67864500.0 8474420000.0 18554900.0 40286.1 0.0 8271900000.0 741910000.0 0.08 [0.08]
1995260000000000.0 634726000000000.0 47385200000.0 262783000.0 0.0 4720470000.0 115590.0 0.0 102742000000.0 573880.0 0.0 0.0 67398100.0 8415470000.0 17535900.0 38006.7 0.0 8219110000.0 736892000.0 0.1 [0.1]
1995260000000000.0 616897000000000.0 46669300000.0 249807000.0 0.0 4563650000.0 106024.0 0.0 102634000000.0 530148.0 0.0 0.0 66944800.0 8358120000.0 16560000.0 35867.3 0.0 8167730000.0 732013000.0 0.12 [0.12]
1995260000000000.0 599563000000000.0 45965000000.0 237459000.0 0.0 4410710000.0 97223.5 0.0 102528000000.0 489878.0 0.0 0.0 66503900.0 8302310000.0 15624600.0 33858.6 0.0 8117720000.0 727269000.0 0.14 [0.14]
1995260000000000.0 582696000000000.0 45271800000.0 225704000.0 0.0 4261410000.0 89122.6 0.0 102424000000.0 452781.0 0.0 0.0 66074900.0 8247940000.0 14726600.0 31971.8 0.0 8068990000.0 722651000.0 0.16 [0.16]
1995260000000000.0 566290000000000.0 44589800000.0 214519000.0 0.0 4115660000.0 81666.9 0.0 102321000000.0 418603.0 0.0 0.0 65657500.0 8195020000.0 13864500.0 30199.1 0.0 8021550000.0 718158000.0 0.18 [0.18]
1995260000000000.0 550352000000000.0 43919700000.0 203886000.0 0.0 3973440000.0 74807.3 0.0 102220000000.0 387131.0 0.0 0.0 65251800.0 8143550000.0 13036900.0 28533.6 0.0 7975410000.0 713791000.0 0.2 [0.2]
1995260000000000.0 534743000000000.0 43255900000.0 193723000.0 0.0 3833790000.0 68476.0 0.0 102121000000.0 358041.0 0.0 0.0 64854500.0 8093060000.0 12238400.0 26965.8 0.0 7930170000.0 709514000.0 0.22 [0.22]
1995260000000000.0 519591000000000.0 42604800000.0 184075000.0 0.0 3697380000.0 62650.0 0.0 102023000000.0 331266.0 0.0 0.0 64468700.0 8044010000.0 11469500.0 25492.5 0.0 7886230000.0 705361000.0 0.24 [0.24]
1995260000000000.0 504856000000000.0 41965800000.0 174910000.0 0.0 3563730000.0 57280.4 0.0 101927000000.0 306609.0 0.0 0.0 64093400.0 7996250000.0 10725500.0 24107.5 0.0 7843490000.0 701322000.0 0.26 [0.26]
1995260000000000.0 490382000000000.0 41331200000.0 166141000.0 0.0 3431920000.0 52317.2 0.0 101832000000.0 283786.0 0.0 0.0 63724700.0 7949240000.0 10004900.0 22802.2 0.0 7801450000.0 697353000.0 0.28 [0.28]
1995260000000000.0 476305000000000.0 40708300000.0 157817000.0 0.0 3302720000.0 47746.6 0.0 101740000000.0 262760.0 0.0 0.0 63366000.0 7903450000.0 9309560.0 21574.4 0.0 7760550000.0 693491000.0 0.3 [0.3]
1995260000000000.0 462512000000000.0 40093900000.0 149884000.0 0.0 3174710000.0 43513.0 0.0 101648000000.0 243353.0 0.0 0.0 63014400.0 7858500000.0 8627460.0 20418.5 0.0 7720480000.0 689707000.0 0.32 [0.32]
1995260000000000.0 449014000000000.0 39488200000.0 142334000.0 0.0 3048190000.0 39600.9 0.0 101558000000.0 225438.0 0.0 0.0 62670200.0 7814420000.0 7963920.0 19329.9 0.0 7681250000.0 686003000.0 0.34 [0.34]
1995260000000000.0 435775000000000.0 38891200000.0 135146000.0 0.0 2922470000.0 35977.4 0.0 101469000000.0 208900.0 0.0 0.0 62332400.0 7771060000.0 7314040.0 18304.6 0.0 7642780000.0 682369000.0 0.36 [0.36]
1995260000000000.0 422741000000000.0 38303400000.0 128307000.0 0.0 2796130000.0 32601.6 0.0 101381000000.0 193647.0 0.0 0.0 61999800.0 7728260000.0 6666060.0 17339.4 0.0 7604960000.0 678791000.0 0.38 [0.38]
1995260000000000.0 409827000000000.0 37721400000.0 121781000.0 0.0 2668540000.0 29452.7 0.0 101293000000.0 179540.0 0.0 0.0 61670000.0 7685670000.0 6022070.0 16429.6 0.0 7567510000.0 675246000.0 0.4 [0.4]
1995260000000000.0 396983000000000.0 37145600000.0 115558000.0 0.0 2538410000.0 26503.2 0.0 101207000000.0 166504.0 0.0 0.0 61341800.0 7643090000.0 5376510.0 15572.3 0.0 7530290000.0 671718000.0 0.42 [0.42]
1995260000000000.0 384230000000000.0 36583800000.0 109676000.0 0.0 2403970000.0 23723.8 0.0 101121000000.0 154531.0 0.0 0.0 61015700.0 7600570000.0 4719300.0 14766.8 0.0 7493430000.0 668215000.0 0.44 [0.44]
1995260000000000.0 370975000000000.0 36015200000.0 103990000.0 0.0 2258100000.0 21030.4 0.0 101032000000.0 143386.0 0.0 0.0 60676300.0 7555880000.0 4023350.0 14006.4 0.0 7455210000.0 664572000.0 0.46 [0.46]
1995260000000000.0 269478000000000.0 33636900000.0 80029400.0 0.0 660000000.0 5638.14 0.0 100687000000.0 130020.0 0.0 0.0 58068800.0 7136330000.0 16316.0 13369.2 0.0 7161200000.0 636994000.0 0.48 [0.48]
1995260000000000.0 258048000000000.0 32910600000.0 75023300.0 0.0 598162000.0 4897.78 0.0 100618000000.0 119747.0 0.0 0.0 57776600.0 7090290000.0 12453.4 12676.8 0.0 7125570000.0 633878000.0 0.5 [0.5]
1995260000000000.0 247954000000000.0 32228400000.0 70588800.0 0.0 549336000.0 4310.28 0.0 100552000000.0 110395.0 0.0 0.0 57518400.0 7049670000.0 10372.4 12024.7 0.0 7094060000.0 631123000.0 0.52 [0.52]
1995260000000000.0 238662000000000.0 31568800000.0 66533400.0 0.0 508139000.0 3820.66 0.0 100490000000.0 101805.0 0.0 0.0 57280500.0 7012130000.0 9062.11 11408.6 0.0 7065020000.0 628585000.0 0.54 [0.54]
1995260000000000.0 229964000000000.0 30925000000.0 62777500.0 0.0 472287000.0 3403.26 0.0 100429000000.0 93890.2 0.0 0.0 57057400.0 6976760000.0 8153.64 10825.9 0.0 7037820000.0 626208000.0 0.56 [0.56]
1995260000000000.0 221862000000000.0 30302100000.0 59312100.0 0.0 440663000.0 3043.71 0.0 100371000000.0 86638.2 0.0 0.0 56849500.0 6943630000.0 7477.25 10275.8 0.0 7012470000.0 623992000.0 0.58 [0.58]
1995260000000000.0 214121000000000.0 29685800000.0 56053400.0 0.0 412142000.0 2729.25 0.0 100314000000.0 79928.0 0.0 0.0 56650600.0 6911640000.0 6938.83 9754.52 0.0 6988250000.0 621875000.0 0.6 [0.6]
1995260000000000.0 206745000000000.0 29079100000.0 52996100.0 0.0 386295000.0 2453.11 0.0 100259000000.0 73735.5 0.0 0.0 56461000.0 6880850000.0 6491.5 9260.95 0.0 6965170000.0 619856000.0 0.62 [0.62]
1995260000000000.0 199699000000000.0 28481200000.0 50122000.0 0.0 362705000.0 2209.33 0.0 100205000000.0 68019.1 0.0 0.0 56279600.0 6851090000.0 6106.13 8793.47 0.0 6943120000.0 617929000.0 0.64 [0.64]
1995260000000000.0 192930000000000.0 27889500000.0 47409000.0 0.0 341034000.0 1993.11 0.0 100153000000.0 62733.2 0.0 0.0 56105100.0 6822120000.0 5764.73 8350.33 0.0 6921940000.0 616076000.0 0.66 [0.66]
1995260000000000.0 186453000000000.0 27306500000.0 44854600.0 0.0 321076000.0 1800.9 0.0 100103000000.0 57856.4 0.0 0.0 55937900.0 6794050000.0 5456.4 7930.49 0.0 6901680000.0 614303000.0 0.68 [0.68]
1995260000000000.0 180272000000000.0 26734100000.0 42452500.0 0.0 302644000.0 1629.63 0.0 100054000000.0 53363.9 0.0 0.0 55778300.0 6766950000.0 5173.87 7532.83 0.0 6882340000.0 612612000.0 0.7 [0.7]
1995260000000000.0 174289000000000.0 26165100000.0 40171700.0 0.0 285502000.0 1476.29 0.0 100006000000.0 49201.8 0.0 0.0 55623600.0 6740280000.0 4911.55 7155.39 0.0 6863630000.0 610975000.0 0.72 [0.72]
1995260000000000.0 168547000000000.0 25604400000.0 38019400.0 0.0 269569000.0 1338.98 0.0 99960100000.0 45362.0 0.0 0.0 55474900.0 6714300000.0 4666.53 6797.57 0.0 6845690000.0 609405000.0 0.74 [0.74]
1995260000000000.0 163021000000000.0 25050800000.0 35984100.0 0.0 254714000.0 1215.74 0.0 99915300000.0 41816.0 0.0 0.0 55331600.0 6688870000.0 4436.41 6458.17 0.0 6828420000.0 607894000.0 0.76 [0.76]
1995260000000000.0 157708000000000.0 24505200000.0 34060900.0 0.0 240843000.0 1104.98 0.0 99871900000.0 38543.9 0.0 0.0 55193700.0 6664020000.0 4219.53 6136.24 0.0 6811820000.0 606441000.0 0.78 [0.78]
1995260000000000.0 152577000000000.0 23965300000.0 32237000.0 0.0 227849000.0 1005.18 0.0 99829700000.0 35519.9 0.0 0.0 55060200.0 6639570000.0 4014.5 5830.67 0.0 6795800000.0 605039000.0 0.8 [0.8]
1995260000000000.0 147627000000000.0 23432000000.0 30508300.0 0.0 215664000.0 915.186 0.0 99788500000.0 32727.0 0.0 0.0 54931300.0 6615520000.0 3820.35 5540.63 0.0 6780350000.0 603687000.0 0.82 [0.82]
1995260000000000.0 142852000000000.0 22905400000.0 28870200.0 0.0 204223000.0 833.932 0.0 99748600000.0 30148.6 0.0 0.0 54806700.0 6591840000.0 3636.29 5265.3 0.0 6765450000.0 602383000.0 0.84 [0.84]
1995260000000000.0 138237000000000.0 22385000000.0 27315900.0 0.0 193470000.0 760.493 0.0 99709800000.0 27767.5 0.0 0.0 54686100.0 6568470000.0 3461.61 5003.86 0.0 6751070000.0 601125000.0 0.86 [0.86]
1995260000000000.0 133795000000000.0 21872700000.0 25845000.0 0.0 183354000.0 694.061 0.0 99672200000.0 25572.8 0.0 0.0 54569800.0 6545490000.0 3295.8 4755.7 0.0 6737220000.0 599913000.0 0.88 [0.88]
1995260000000000.0 129504000000000.0 21366800000.0 24449000.0 0.0 173807000.0 635.005 0.0 99635600000.0 23518.8 0.0 0.0 54457300.0 6522800000.0 3138.26 4520.02 0.0 6723860000.0 598744000.0 0.9 [0.9]
1995260000000000.0 125361000000000.0 20868000000.0 23125500.0 0.0 164820000.0 582.031 0.0 99600100000.0 21618.5 0.0 0.0 54348400.0 6500360000.0 2988.57 4296.18 0.0 6710960000.0 597615000.0 0.92 [0.92]
1995260000000000.0 121360000000000.0 20376300000.0 21869700.0 0.0 156333000.0 533.815 0.0 99565600000.0 19875.1 0.0 0.0 54243000.0 6478160000.0 2846.27 4083.57 0.0 6698520000.0 596527000.0 0.94 [0.94]
1995260000000000.0 117504000000000.0 19892600000.0 20679600.0 0.0 148322000.0 489.924 0.0 99532100000.0 18276.4 0.0 0.0 54141200.0 6456260000.0 2710.98 3881.66 0.0 6686530000.0 595478000.0 0.96 [0.96]
1995260000000000.0 113777000000000.0 19415600000.0 19549100.0 0.0 140742000.0 449.903 0.0 99499600000.0 16808.8 0.0 0.0 54042500.0 6434540000.0 2582.3 3689.81 0.0 6674950000.0 594466000.0 0.98 [0.98]
1995260000000000.0 110170000000000.0 18945000000.0 18474500.0 0.0 133562000.0 413.376 0.0 99468000000.0 15460.5 0.0 0.0 53946800.0 6412940000.0 2459.85 3507.49 0.0 6663750000.0 593488000.0 1.0 [1.0]
