Cloudy_runs/pks1302/z=0.094839/logZ=-1/component_II_PI_nH/component_II_PI_nH_col_density_param.txt
# %ECSV 1.0
# ---
# datatype:
# - {name: H, datatype: float64}
# - {name: H+, datatype: float64}
# - {name: C+, datatype: float64}
# - {name: C+2, datatype: float64}
# - {name: C+3, datatype: float64}
# - {name: N+, datatype: float64}
# - {name: N+2, datatype: float64}
# - {name: N+4, datatype: float64}
# - {name: O, datatype: float64}
# - {name: O+2, datatype: float64}
# - {name: O+5, datatype: float64}
# - {name: O+6, datatype: float64}
# - {name: P+, datatype: float64}
# - {name: Si+, datatype: float64}
# - {name: Si+2, datatype: float64}
# - {name: Si+3, datatype: float64}
# - {name: Si+4, datatype: float64}
# - {name: Fe+, datatype: float64}
# - {name: Al+, datatype: float64}
# - {name: log_nH, datatype: float64}
# - {name: parameters, datatype: string, subtype: 'float64[1]'}
# schema: astropy-2.0
H H+ C+ C+2 C+3 N+ N+2 N+4 O O+2 O+5 O+6 P+ Si+ Si+2 Si+3 Si+4 Fe+ Al+ log_nH parameters
[from data line 56]
912010000000000.0 1.62547e+18 954995000000.0 24222800000000.0 10124100000000.0 102770000000.0 5061100000000.0 797212000000.0 213261000.0 21600300000000.0 1029420000000.0 130084000000.0 1658770000.0 33616300000.0 747259000000.0 609313000000.0 2494390000000.0 102721000.0 2191450000.0 -3.88 [-3.88]
912010000000000.0 1.54396e+18 965895000000.0 23609800000000.0 9471320000000.0 105614000000.0 4968240000000.0 710367000000.0 239220000.0 21551300000000.0 888109000000.0 107637000000.0 1733840000.0 35333900000.0 775845000000.0 614495000000.0 2362680000000.0 115925000.0 2364690000.0 -3.86 [-3.86]
912010000000000.0 1.46654e+18 975936000000.0 22983700000000.0 8847560000000.0 108490000000.0 4871580000000.0 632053000000.0 268221000.0 21479500000000.0 765076000000.0 88924800000.0 1807250000.0 37038600000.0 803064000000.0 617874000000.0 2230640000000.0 130642000.0 2546580000.0 -3.84 [-3.84]
912010000000000.0 1.39301e+18 985119000000.0 22347100000000.0 8252860000000.0 111398000000.0 4771450000000.0 561551000000.0 300597000.0 21384700000000.0 658104000000.0 73348400000.0 1878570000.0 38720200000.0 828673000000.0 619407000000.0 2099060000000.0 147021000.0 2737010000.0 -3.82 [-3.82]
912010000000000.0 1.32317e+18 993467000000.0 21702800000000.0 7687120000000.0 114342000000.0 4668200000000.0 498192000000.0 336710000.0 21266900000000.0 565232000000.0 60402300000.0 1947420000.0 40369600000.0 852453000000.0 619066000000.0 1968730000000.0 165225000.0 2935830000.0 -3.8 [-3.8]
912010000000000.0 1.25683e+18 1001000000000.0 21053200000000.0 7150070000000.0 117322000000.0 4562170000000.0 441347000000.0 376955000.0 21126100000000.0 484718000000.0 49658800000.0 2013450000.0 41977500000.0 874193000000.0 616845000000.0 1840390000000.0 185426000.0 3142820000.0 -3.78 [-3.78]
912010000000000.0 1.19383e+18 1007730000000.0 20400800000000.0 6641320000000.0 120341000000.0 4453690000000.0 390432000000.0 421764000.0 20962400000000.0 415021000000.0 40757300000.0 2076330000.0 43535200000.0 893707000000.0 612764000000.0 1714750000000.0 207814000.0 3357700000.0 -3.76 [-3.76]
912010000000000.0 1.13404e+18 1013580000000.0 19747900000000.0 6161080000000.0 123391000000.0 4343190000000.0 344962000000.0 471550000.0 20775900000000.0 354844000000.0 33400200000.0 2135460000.0 45028200000.0 910777000000.0 606921000000.0 1592530000000.0 232555000.0 3579660000.0 -3.74 [-3.74]
912010000000000.0 1.07719e+18 1018790000000.0 19096300000000.0 5707190000000.0 126495000000.0 4230840000000.0 304311000000.0 526930000.0 20566800000000.0 302844000000.0 27317900000.0 2191220000.0 46462400000.0 925387000000.0 599265000000.0 1474100000000.0 259932000.0 3809200000.0 -3.72 [-3.72]
912010000000000.0 1.02316e+18 1023380000000.0 18447700000000.0 5279030000000.0 129656000000.0 4116970000000.0 268038000000.0 588471000.0 20335200000000.0 257989000000.0 22299100000.0 2243400000.0 47831800000.0 937431000000.0 589869000000.0 1359980000000.0 290181000.0 4045930000.0 -3.7 [-3.7]
912010000000000.0 9.71879e+17 1027180000000.0 17804400000000.0 4877140000000.0 132856000000.0 4002020000000.0 235801000000.0 656649000.0 20081800000000.0 219444000000.0 18172300000.0 2291220000.0 49118700000.0 946733000000.0 578956000000.0 1250760000000.0 323480000.0 4288330000.0 -3.68 [-3.68]
912010000000000.0 9.23223e+17 1030230000000.0 17168300000000.0 4500570000000.0 136097000000.0 3886360000000.0 207198000000.0 732081000.0 19807200000000.0 186376000000.0 14785200000.0 2334610000.0 50320000000.0 953279000000.0 566642000000.0 1146810000000.0 360078000.0 4535760000.0 -3.66 [-3.66]
912010000000000.0 8.76914e+17 1032810000000.0 16539400000000.0 4146610000000.0 139397000000.0 3769960000000.0 181757000000.0 815716000.0 19511100000000.0 157950000000.0 12001500000.0 2374280000.0 51450600000.0 957182000000.0 552873000000.0 1048080000000.0 400398000.0 4789210000.0 -3.64 [-3.64]
912010000000000.0 8.32977e+17 1034710000000.0 15920400000000.0 3816100000000.0 142743000000.0 3653430000000.0 159258000000.0 908045000.0 19195000000000.0 133647000000.0 9725480000.0 2409370000.0 52491700000.0 958361000000.0 537973000000.0 955057000000.0 444593000.0 5046340000.0 -3.62 [-3.62]
912010000000000.0 7.91247e+17 1036020000000.0 15312000000000.0 3507470000000.0 146148000000.0 3536930000000.0 139363000000.0 1009950000.0 18859300000000.0 112879000000.0 7865800000.0 2440140000.0 53448800000.0 956911000000.0 522027000000.0 867737000000.0 493025000.0 5306940000.0 -3.6 [-3.6]
912010000000000.0 7.51612e+17 1036790000000.0 14715100000000.0 3219710000000.0 149614000000.0 3420720000000.0 121798000000.0 1122290000.0 18504900000000.0 95163100000.0 6349240000.0 2466600000.0 54323000000.0 952925000000.0 505189000000.0 786154000000.0 546024000.0 5570220000.0 -3.58 [-3.58]
912010000000000.0 7.13967e+17 1037040000000.0 14130600000000.0 2951830000000.0 153143000000.0 3305050000000.0 106312000000.0 1245970000.0 18132500000000.0 80077200000.0 5114900000.0 2488790000.0 55116200000.0 946514000000.0 487609000000.0 710275000000.0 603937000.0 5835350000.0 -3.56 [-3.56]
912010000000000.0 6.78213e+17 1036780000000.0 13559100000000.0 2702850000000.0 156738000000.0 3190130000000.0 92679600000.0 1381950000.0 17743300000000.0 67254600000.0 4112250000.0 2506770000.0 55831300000.0 937813000000.0 469441000000.0 640008000000.0 667126000.0 6101470000.0 -3.54 [-3.54]
912010000000000.0 6.44256e+17 1036050000000.0 13001500000000.0 2471770000000.0 160401000000.0 3076200000000.0 80697200000.0 1531260000.0 17338300000000.0 56376200000.0 3299440000.0 2520650000.0 56472100000.0 926976000000.0 450830000000.0 575210000000.0 735970000.0 6367690000.0 -3.52 [-3.52]
912010000000000.0 6.12005e+17 1034870000000.0 12458000000000.0 2257610000000.0 164135000000.0 2963450000000.0 70179900000.0 1694970000.0 16918600000000.0 47164900000.0 2641880000.0 2530520000.0 57042700000.0 914164000000.0 431920000000.0 515694000000.0 810860000.0 6633080000.0 -3.5 [-3.5]
912010000000000.0 5.81376e+17 1033260000000.0 11929200000000.0 2059440000000.0 167941000000.0 2852080000000.0 60961800000.0 1874240000.0 16485300000000.0 39380400000.0 2111020000.0 2536500000.0 57548200000.0 899554000000.0 412843000000.0 461241000000.0 892201000.0 6896720000.0 -3.48 [-3.48]
912010000000000.0 5.52286e+17 1031240000000.0 11415200000000.0 1876300000000.0 171821000000.0 2742230000000.0 52893300000.0 2070250000.0 16039900000000.0 32814600000.0 1683330000.0 2538740000.0 57993700000.0 883324000000.0 393726000000.0 411601000000.0 980412000.0 7157680000.0 -3.46 [-3.46]
912010000000000.0 5.24659e+17 1028820000000.0 10916500000000.0 1707320000000.0 175776000000.0 2634090000000.0 45841200000.0 2284240000.0 15583600000000.0 27288000000.0 1339520000.0 2537370000.0 58384700000.0 865658000000.0 374682000000.0 366509000000.0 1075910000.0 7415000000.0 -3.44 [-3.44]
912010000000000.0 4.98422e+17 1026030000000.0 10432900000000.0 1551600000000.0 179806000000.0 2527790000000.0 39685400000.0 2517520000.0 15117800000000.0 22645500000.0 1063710000.0 2532550000.0 58726800000.0 846734000000.0 355816000000.0 325683000000.0 1179130000.0 7667750000.0 -3.42 [-3.42]
912010000000000.0 4.73506e+17 1022880000000.0 9964740000000.0 1408310000000.0 183911000000.0 2423440000000.0 34319100000.0 2771430000.0 14643800000000.0 18753900000.0 842929000.0 2524440000.0 59025700000.0 826730000000.0 337220000000.0 288836000000.0 1290510000.0 7915030000.0 -3.4 [-3.4]
912010000000000.0 4.49835e+17 1019360000000.0 9511730000000.0 1276620000000.0 188089000000.0 2321130000000.0 29646100000.0 3047410000.0 14162800000000.0 15497700000.0 666545000.0 2513140000.0 59286700000.0 805802000000.0 318975000000.0 255672000000.0 1410500000.0 8155850000.0 -3.38 [-3.38]
912010000000000.0 4.27361e+17 1015520000000.0 9074100000000.0 1155790000000.0 192340000000.0 2221010000000.0 25583400000.0 3346820000.0 13676700000000.0 12780200000.0 525994000.0 2498910000.0 59515200000.0 784140000000.0 301153000000.0 225918000000.0 1539480000.0 8389440000.0 -3.36 [-3.36]
912010000000000.0 4.06019e+17 1011350000000.0 8651650000000.0 1045060000000.0 196662000000.0 2123150000000.0 22054900000.0 3671160000.0 13186700000000.0 10516600000.0 414220000.0 2481880000.0 59716500000.0 761889000000.0 283810000000.0 199291000000.0 1677900000.0 8614930000.0 -3.34 [-3.34]
912010000000000.0 3.85804e+17 1006890000000.0 8245330000000.0 943960000000.0 201051000000.0 2027860000000.0 19000400000.0 4021270000.0 12695700000000.0 8638920000.0 325688000.0 2462300000.0 59892700000.0 739270000000.0 267043000000.0 175567000000.0 1825820000.0 8831090000.0 -3.32 [-3.32]
912010000000000.0 3.66506e+17 1002080000000.0 7851690000000.0 851149000000.0 205501000000.0 1934450000000.0 16342300000.0 4400510000.0 12200800000000.0 7075250000.0 255299000.0 2440100000.0 60055600000.0 716192000000.0 250753000000.0 154356000000.0 1984590000.0 9038470000.0 -3.3 [-3.3]
912010000000000.0 3.48276e+17 997005000000.0 7474720000000.0 766847000000.0 210008000000.0 1843950000000.0 14051800000.0 4807810000.0 11708900000000.0 5786690000.0 199915000.0 2415740000.0 60199400000.0 693070000000.0 235153000000.0 135582000000.0 2153250000.0 9234600000.0 -3.28 [-3.28]
912010000000000.0 3.30917e+17 991614000000.0 7111090000000.0 689844000000.0 214564000000.0 1755670000000.0 12067000000.0 5246630000.0 11217300000000.0 4720410000.0 156150000.0 2389150000.0 60335000000.0 669797000000.0 220132000000.0 118900000000.0 2333120000.0 9420130000.0 -3.26 [-3.26]
912010000000000.0 3.14392e+17 985917000000.0 6760650000000.0 619624000000.0 219160000000.0 1669660000000.0 10349600000.0 5718570000.0 10727300000000.0 3840460000.0 121662000.0 2360490000.0 60465400000.0 646480000000.0 205710000000.0 104111000000.0 2524520000.0 9594420000.0 -3.24 [-3.24]
912010000000000.0 2.98738e+17 979938000000.0 6424880000000.0 555966000000.0 223787000000.0 1586380000000.0 8871250000.0 6223480000.0 10242700000000.0 3118780000.0 94647900.0 2330030000.0 60588800000.0 623336000000.0 191976000000.0 91072600000.0 2726970000.0 9756020000.0 -3.22 [-3.22]
912010000000000.0 2.83874e+17 973676000000.0 6102620000000.0 498207000000.0 228432000000.0 1505610000000.0 7597220000.0 6763430000.0 9763490000000.0 2527000000.0 73488100.0 2297890000.0 60709900000.0 600384000000.0 178893000000.0 79575400000.0 2940960000.0 9904960000.0 -3.2 [-3.2]
912010000000000.0 2.69759e+17 967137000000.0 5793560000000.0 445877000000.0 233085000000.0 1427380000000.0 6500360000.0 7339630000.0 9290780000000.0 2042890000.0 56949800.0 2264210000.0 60830200000.0 577697000000.0 166458000000.0 69454500000.0 3166590000.0 10040900000.0 -3.18 [-3.18]
912010000000000.0 2.56354e+17 960312000000.0 5497270000000.0 398528000000.0 237727000000.0 1351660000000.0 5556830000.0 7953230000.0 8825520000000.0 1647720000.0 44048300.0 2229100000.0 60951500000.0 555324000000.0 154666000000.0 60557300000.0 3403930000.0 10163300000.0 -3.16 [-3.16]
912010000000000.0 2.43657e+17 953230000000.0 5214230000000.0 355842000000.0 242348000000.0 1278630000000.0 4747610000.0 8604080000.0 8369940000000.0 1326510000.0 34023500.0 2192820000.0 61072700000.0 533385000000.0 143537000000.0 52762000000.0 3652430000.0 10271700000.0 -3.14 [-3.14]
912010000000000.0 2.31565e+17 945851000000.0 4942530000000.0 317235000000.0 246921000000.0 1207910000000.0 4051170000.0 9295170000.0 7922580000000.0 1064960000.0 26218000.0 2155280000.0 61198600000.0 511792000000.0 132997000000.0 45914400000.0 3912960000.0 10366400000.0 -3.12 [-3.12]
912010000000000.0 2.20083e+17 938198000000.0 4682620000000.0 282457000000.0 251429000000.0 1139680000000.0 3453780000.0 10026000000.0 7485520000000.0 852994000.0 20166800.0 2116730000.0 61327200000.0 490650000000.0 123061000000.0 39919800000.0 4184790000.0 10447000000.0 -3.1 [-3.1]
912010000000000.0 2.09179e+17 930271000000.0 4434120000000.0 251172000000.0 255851000000.0 1073910000000.0 2941770000.0 10796900000.0 7059510000000.0 681605000.0 15484800.0 2077270000.0 61458700000.0 469986000000.0 113713000000.0 34678000000.0 4467640000.0 10513400000.0 -3.08 [-3.08]
912010000000000.0 1.98824e+17 922074000000.0 4196710000000.0 223070000000.0 260161000000.0 1010580000000.0 2503340000.0 11608000000.0 6645300000000.0 543365000.0 11869200.0 2037030000.0 61592400000.0 449826000000.0 104934000000.0 30099800000.0 4761100000.0 10565700000.0 -3.06 [-3.06]
912010000000000.0 1.8899e+17 913609000000.0 3970020000000.0 197864000000.0 264335000000.0 949676000000.0 2128240000.0 12459100000.0 6243510000000.0 432132000.0 9082620.0 1996120000.0 61727600000.0 430188000000.0 96703000000.0 26105500000.0 5064670000.0 10603700000.0 -3.04 [-3.04]
912010000000000.0 1.79652e+17 904882000000.0 3753710000000.0 175290000000.0 268346000000.0 891174000000.0 1807610000.0 13349600000.0 5854740000000.0 342854000.0 6939030.0 1954660000.0 61863000000.0 411090000000.0 88999600000.0 22624300000.0 5377710000.0 10627800000.0 -3.02 [-3.02]
912010000000000.0 1.70781e+17 895883000000.0 3547380000000.0 155097000000.0 272163000000.0 835027000000.0 1533730000.0 14278800000.0 5479370000000.0 271358000.0 5292740.0 1912710000.0 61998400000.0 392531000000.0 81801500000.0 19592600000.0 5699720000.0 10637900000.0 -3.0 [-3.0]
912010000000000.0 1.62357e+17 886624000000.0 3350700000000.0 137063000000.0 275760000000.0 781221000000.0 1300020000.0 15245500000.0 5117900000000.0 214252000.0 4030830.0 1870390000.0 62131600000.0 374525000000.0 75086900000.0 16955200000.0 6029850000.0 10634200000.0 -2.98 [-2.98]
912010000000000.0 1.54356e+17 877107000000.0 3163350000000.0 120978000000.0 279106000000.0 729725000000.0 1100760000.0 16247900000.0 4770650000000.0 168753000.0 3065240.0 1827800000.0 62261000000.0 357074000000.0 68833000000.0 14662600000.0 6367260000.0 10617200000.0 -2.96 [-2.96]
912010000000000.0 1.46736e+17 867308000000.0 2984480000000.0 106622000000.0 282160000000.0 680390000000.0 930681000.0 17285900000.0 4437110000000.0 132530000.0 2326320.0 1784900000.0 62386200000.0 340130000000.0 63002400000.0 12667800000.0 6711760000.0 10586900000.0 -2.94 [-2.94]
912010000000000.0 1.39541e+17 857325000000.0 2815300000000.0 93915100000.0 284925000000.0 633556000000.0 786584000.0 18351900000.0 4119950000000.0 103932000.0 1765190.0 1742160000.0 62500000000.0 323847000000.0 57618700000.0 10943900000.0 7060160000.0 10544300000.0 -2.92 [-2.92]
912010000000000.0 1.32667e+17 847032000000.0 2653440000000.0 82574200000.0 287327000000.0 588703000000.0 663521000.0 19450300000.0 3816050000000.0 81225200.0 1336090.0 1699130000.0 62607300000.0 308014000000.0 52600600000.0 9442730000.0 7414540000.0 10488900000.0 -2.9 [-2.9]
912010000000000.0 1.26175e+17 836567000000.0 2500520000000.0 72563900000.0 289385000000.0 546259000000.0 559461000.0 20570600000.0 3528540000000.0 63389000.0 0.0 1656420000.0 62699400000.0 292827000000.0 47981600000.0 8147430000.0 7770790000.0 10422200000.0 -2.88 [-2.88]
912010000000000.0 1.19991e+17 825837000000.0 2354830000000.0 63675300000.0 291035000000.0 505856000000.0 470959000.0 21715100000.0 3255210000000.0 49325300.0 0.0 1613700000.0 62778400000.0 278134000000.0 43701000000.0 7023300000.0 8130080000.0 10343800000.0 -2.86 [-2.86]
912010000000000.0 1.14116e+17 814881000000.0 2216510000000.0 55812800000.0 292266000000.0 467566000000.0 395948000.0 22878000000.0 2996700000000.0 38289600.0 0.0 1571170000.0 62840500000.0 263975000000.0 39751200000.0 6050560000.0 8490660000.0 10254500000.0 -2.84 [-2.84]
912010000000000.0 1.08536e+17 803709000000.0 2085280000000.0 48867500000.0 293056000000.0 431353000000.0 332447000.0 24055500000.0 2752900000000.0 29652300.0 0.0 1528890000.0 62883300000.0 250344000000.0 36112400000.0 5209440000.0 8851410000.0 10154900000.0 -2.82 [-2.82]
