Cloudy_runs/pks1302/z=0.094839/logZ=-1/component_II_PI_nH/component_II_PI_nH_col_density_param.txt
# %ECSV 1.0
# ---
# datatype:
# - {name: H, datatype: float64}
# - {name: H+, datatype: float64}
# - {name: C+, datatype: float64}
# - {name: C+2, datatype: float64}
# - {name: C+3, datatype: float64}
# - {name: N+, datatype: float64}
# - {name: N+2, datatype: float64}
# - {name: N+4, datatype: float64}
# - {name: O, datatype: float64}
# - {name: O+2, datatype: float64}
# - {name: O+5, datatype: float64}
# - {name: O+6, datatype: float64}
# - {name: P+, datatype: float64}
# - {name: Si+, datatype: float64}
# - {name: Si+2, datatype: float64}
# - {name: Si+3, datatype: float64}
# - {name: Si+4, datatype: float64}
# - {name: Fe+, datatype: float64}
# - {name: Al+, datatype: float64}
# - {name: log_nH, datatype: float64}
# - {name: parameters, datatype: string, subtype: 'float64[1]'}
# schema: astropy-2.0
H H+ C+ C+2 C+3 N+ N+2 N+4 O O+2 O+5 O+6 P+ Si+ Si+2 Si+3 Si+4 Fe+ Al+ log_nH parameters
912010000000000.0 3.09352e+19 69650500000.0 9964850000000.0 35682200000000.0 5103730000.0 1584110000000.0 32076300000000.0 383219.0 4226940000000.0 358048000000000.0 537004000000000.0 3571230.0 56648300.0 2737880000.0 12563800000.0 1246060000000.0 12242.5 1719040.0 -5.0 [-5.0]
912010000000000.0 2.92957e+19 75392200000.0 10499700000000.0 36177400000000.0 5567630000.0 1684710000000.0 31602800000000.0 428769.0 4511610000000.0 339473000000000.0 484984000000000.0 4194330.0 67068900.0 3172890000.0 14086000000.0 1323170000000.0 14868.0 2057580.0 -4.98 [-4.98]
912010000000000.0 2.77493e+19 81538000000.0 11050700000000.0 36637000000000.0 6070010000.0 1789870000000.0 31086200000000.0 479903.0 4809890000000.0 321177000000000.0 437193000000000.0 4918990.0 79255400.0 3671100000.0 15766600000.0 1402940000000.0 18042.8 2456420.0 -4.96 [-4.96]
912011000000000.0 2.62883e+19 88092900000.0 11616900000000.0 37059900000000.0 6611410000.0 1899310000000.0 30527600000000.0 537037.0 5120900000000.0 303212000000000.0 393351000000000.0 5759110.0 93475000.0 4240750000.0 17620400000.0 1485330000000.0 21876.5 2925490.0 -4.94 [-4.94]
912011000000000.0 2.4907e+19 95072200000.0 12197500000000.0 37445100000000.0 7193450000.0 2012890000000.0 29928600000000.0 600795.0 5444310000000.0 285634000000000.0 353208000000000.0 6730970.0 110033000.0 4891020000.0 19662300000.0 1570240000000.0 26500.6 3476020.0 -4.92 [-4.92]
912011000000000.0 2.36011e+19 102496000000.0 12792100000000.0 37791600000000.0 7818170000.0 2130480000000.0 29291000000000.0 671923.0 5779810000000.0 268494000000000.0 316541000000000.0 7853320.0 129275000.0 5632120000.0 21907900000.0 1657560000000.0 32072.2 4120820.0 -4.9 [-4.9]
912010000000000.0 2.23659e+19 110380000000.0 13399900000000.0 38098300000000.0 8487380000.0 2251910000000.0 28617000000000.0 751232.0 6127030000000.0 251838000000000.0 283123000000000.0 9146940.0 151590000.0 6475310000.0 24373500000.0 1747160000000.0 38777.9 4874480.0 -4.88 [-4.88]
912010000000000.0 2.11974e+19 118744000000.0 14020200000000.0 38364400000000.0 9202800000.0 2376960000000.0 27908900000000.0 839621.0 6485490000000.0 235707000000000.0 252734000000000.0 10635100.0 177416000.0 7433070000.0 27076300000.0 1838880000000.0 46839.6 5753660.0 -4.86 [-4.86]
912010000000000.0 2.00916e+19 127602000000.0 14652000000000.0 38589000000000.0 9966030000.0 2505370000000.0 27169100000000.0 938089.0 6854690000000.0 220137000000000.0 225162000000000.0 12343900.0 207244000.0 8519150000.0 30034500000.0 1932540000000.0 56520.5 6777310.0 -4.84 [-4.84]
912010000000000.0 1.9045e+19 136976000000.0 15294400000000.0 38771300000000.0 10778900000.0 2636890000000.0 26400300000000.0 1047800.0 7234140000000.0 205155000000000.0 200200000000000.0 14302600.0 241630000.0 9748860000.0 33267200000.0 2027970000000.0 68134.5 7967060.0 -4.82 [-4.82]
912010000000000.0 1.80543e+19 146873000000.0 15946000000000.0 38910500000000.0 11642200000.0 2771110000000.0 25605600000000.0 1169910.0 7622990000000.0 190789000000000.0 177658000000000.0 16542400.0 281173000.0 11138400000.0 36793700000.0 2124920000000.0 82046.4 9346940.0 -4.8 [-4.8]
912010000000000.0 1.71162e+19 157310000000.0 16605600000000.0 39006100000000.0 12557200000.0 2907680000000.0 24787800000000.0 1305840.0 8020650000000.0 177056000000000.0 157345000000000.0 19099200.0 326559000.0 12706100000.0 40634700000.0 2223160000000.0 98693.6 10944700.0 -4.78 [-4.78]
912010000000000.0 1.62276e+19 168294000000.0 17271700000000.0 39057200000000.0 13524700000.0 3046160000000.0 23950100000000.0 1457090.0 8426250000000.0 163969000000000.0 139082000000000.0 22011300.0 378537000.0 14471800000.0 44811800000.0 2322420000000.0 118588.0 12791300.0 -4.76 [-4.76]
912010000000000.0 1.5386e+19 179841000000.0 17942900000000.0 39063400000000.0 14545600000.0 3186140000000.0 23095800000000.0 1625440.0 8839100000000.0 151535000000000.0 122699000000000.0 25322200.0 437943000.0 16456900000.0 49346600000.0 2422430000000.0 142337.0 14922000.0 -4.74 [-4.74]
912010000000000.0 1.45887e+19 191959000000.0 18617500000000.0 39024300000000.0 15620600000.0 3327160000000.0 22228300000000.0 1812840.0 9258390000000.0 139758000000000.0 108038000000000.0 29079000.0 505691000.0 18684800000.0 54261300000.0 2522870000000.0 170649.0 17375900.0 -4.72 [-4.72]
912010000000000.0 1.38335e+19 204657000000.0 19293800000000.0 38939500000000.0 16750200000.0 3468730000000.0 21351000000000.0 2021490.0 9683230000000.0 128635000000000.0 94951500000000.0 33333700.0 582789000.0 21180900000.0 59578400000.0 2623420000000.0 204361.0 20197200.0 -4.7 [-4.7]
912010000000000.0 1.31178e+19 217940000000.0 19969800000000.0 38808700000000.0 17934700000.0 3610340000000.0 20467500000000.0 2253860.0 10112700000000.0 118159000000000.0 83297200000000.0 38142600.0 670338000.0 23972300000.0 65320900000.0 2723710000000.0 244450.0 23435200.0 -4.68 [-4.68]
912010000000000.0 1.24397e+19 231811000000.0 20643700000000.0 38631700000000.0 19174000000.0 3751450000000.0 19581100000000.0 2512740.0 10546000000000.0 108322000000000.0 72941300000000.0 43566800.0 769541000.0 27088400000.0 71511900000.0 2823390000000.0 292048.0 27143900.0 -4.66 [-4.66]
912010000000000.0 1.17972e+19 246273000000.0 21313100000000.0 38408400000000.0 20468100000.0 3891550000000.0 18695200000000.0 2801290.0 10982100000000.0 99109600000000.0 63759400000000.0 49672400.0 881705000.0 30560600000.0 78174000000.0 2922060000000.0 348462.0 31381300.0 -4.64 [-4.64]
912010000000000.0 1.11882e+19 261322000000.0 21975900000000.0 38139000000000.0 21816700000.0 4030070000000.0 17813300000000.0 3123060.0 11420200000000.0 90506700000000.0 55635500000000.0 56531900.0 1008250000.0 34422500000.0 85330100000.0 3019320000000.0 415266.0 36218100.0 -4.62 [-4.62]
912010000000000.0 1.06111e+19 276955000000.0 22629700000000.0 37823600000000.0 23219200000.0 4166470000000.0 16938500000000.0 3482090.0 11859400000000.0 82494000000000.0 48463000000000.0 64223400.0 1150700000.0 38709600000.0 93002400000.0 3114760000000.0 494268.0 41729800.0 -4.6 [-4.6]
912010000000000.0 1.00641e+19 293164000000.0 23272200000000.0 37462500000000.0 24675300000.0 4300220000000.0 16073900000000.0 3882940.0 12298700000000.0 75050500000000.0 42143700000000.0 72830900.0 1310710000.0 43459900000.0 101212000000.0 3207930000000.0 587566.0 47999400.0 -4.58 [-4.58]
912010000000000.0 9.54569e+18 309942000000.0 23900900000000.0 37056300000000.0 26184200000.0 4430800000000.0 15222500000000.0 4330800.0 12737300000000.0 68153300000000.0 36587300000000.0 82444800.0 1490040000.0 48713200000.0 109978000000.0 3298400000000.0 697593.0 55118700.0 -4.56 [-4.56]
912010000000000.0 9.05431e+18 327274000000.0 24513100000000.0 36605500000000.0 27745100000.0 4557690000000.0 14386900000000.0 4831520.0 13174300000000.0 61778300000000.0 31711500000000.0 93160800.0 1690590000.0 54511500000.0 119321000000.0 3385700000000.0 827167.0 63188900.0 -4.54 [-4.54]
912010000000000.0 8.58857e+18 345145000000.0 25106400000000.0 36111100000000.0 29357200000.0 4680400000000.0 13569800000000.0 5391700.0 13608800000000.0 55900200000000.0 27441400000000.0 105081000.0 1914370000.0 60898600000.0 129256000000.0 3469380000000.0 979538.0 72320800.0 -4.52 [-4.52]
912010000000000.0 8.1471e+18 363534000000.0 25678100000000.0 35574000000000.0 31019500000.0 4798460000000.0 12773300000000.0 6018820.0 14039900000000.0 50493200000000.0 23708900000000.0 118314000.0 2163490000.0 67920000000.0 139798000000.0 3548980000000.0 1158460.0 82635700.0 -4.5 [-4.5]
912011000000000.0 7.72865e+18 382419000000.0 26225600000000.0 34995400000000.0 32731200000.0 4911420000000.0 11999500000000.0 6721410.0 14466700000000.0 45531000000000.0 20452400000000.0 132975000.0 2440220000.0 75623100000.0 150961000000.0 3624050000000.0 1368240.0 94266000.0 -4.48 [-4.48]
912010000000000.0 7.33202e+18 401777000000.0 26746300000000.0 34376600000000.0 34491500000.0 5018890000000.0 11250200000000.0 7509100.0 14888400000000.0 40987100000000.0 17616600000000.0 149185000.0 2746930000.0 84056300000.0 162751000000.0 3694120000000.0 1613850.0 107356000.0 -4.46 [-4.46]
912010000000000.0 6.95607e+18 421578000000.0 27237800000000.0 33719300000000.0 36299500000.0 5120480000000.0 10527000000000.0 8392740.0 15304200000000.0 36835800000000.0 15151400000000.0 167069000.0 3086070000.0 93269200000.0 175175000000.0 3758750000000.0 1900960.0 122061000.0 -4.44 [-4.44]
912011000000000.0 6.59972e+18 441787000000.0 27697400000000.0 33025300000000.0 38153900000.0 5215830000000.0 9830950000000.0 9384600.0 15713100000000.0 33051000000000.0 13012300000000.0 186757000.0 3460210000.0 103312000000.0 188234000000.0 3817490000000.0 2236070.0 138552000.0 -4.42 [-4.42]
912010000000000.0 6.26192e+18 462369000000.0 28122900000000.0 32296400000000.0 40054100000.0 5304640000000.0 9163190000000.0 10498600.0 16114500000000.0 29607700000000.0 11159100000000.0 208383000.0 3872020000.0 114235000000.0 201926000000.0 3869940000000.0 2626610.0 157010000.0 -4.4 [-4.4]
912011000000000.0 5.94173e+18 483284000000.0 28511900000000.0 31534900000000.0 41999100000.0 5386630000000.0 8524450000000.0 11750300.0 16507400000000.0 26481500000000.0 9556530000000.0 232083000.0 4324200000.0 126089000000.0 216242000000.0 3915680000000.0 3081040.0 177631000.0 -4.38 [-4.38]
912010000000000.0 5.63816e+18 504483000000.0 28862000000000.0 30742800000000.0 43987500000.0 5461500000000.0 7915150000000.0 13157600.0 16891000000000.0 23648500000000.0 8172720000000.0 257998000.0 4819500000.0 138920000000.0 231168000000.0 3954310000000.0 3608950.0 200623000.0 -4.36 [-4.36]
912010000000000.0 5.35038e+18 525923000000.0 29171500000000.0 29922900000000.0 46018800000.0 5529080000000.0 7335630000000.0 14740200.0 17264600000000.0 21086600000000.0 6979830000000.0 286264000.0 5360740000.0 152779000000.0 246686000000.0 3985490000000.0 4221250.0 226213000.0 -4.34 [-4.34]
912010000000000.0 5.07758e+18 547554000000.0 29438600000000.0 29078000000000.0 48092300000.0 5589220000000.0 6785970000000.0 16520700.0 17627500000000.0 18774100000000.0 5953140000000.0 317013000.0 5950700000.0 167708000000.0 262770000000.0 4008900000000.0 4930310.0 254636000.0 -4.32 [-4.32]
912010000000000.0 4.81897e+18 569325000000.0 29661700000000.0 28210700000000.0 50207000000.0 5641770000000.0 6266020000000.0 18524400.0 17978900000000.0 16690700000000.0 5070800000000.0 350374000.0 6592130000.0 183749000000.0 279386000000.0 4024260000000.0 5750090.0 286145000.0 -4.3 [-4.3]
912010000000000.0 4.57378e+18 591179000000.0 29839400000000.0 27324200000000.0 52362200000.0 5686630000000.0 5775450000000.0 20779700.0 18318100000000.0 14817000000000.0 4313660000000.0 386468000.0 7287710000.0 200939000000.0 296495000000.0 4031310000000.0 6696310.0 321005000.0 -4.28 [-4.28]
912010000000000.0 4.34132e+18 613057000000.0 29970700000000.0 26421300000000.0 54557100000.0 5723730000000.0 5313810000000.0 23318600.0 18644500000000.0 13135000000000.0 3664890000000.0 425405000.0 8039990000.0 219309000000.0 314047000000.0 4029840000000.0 7786690.0 359494000.0 -4.26 [-4.26]
912010000000000.0 4.12091e+18 634900000000.0 30054700000000.0 25505300000000.0 56790700000.0 5753030000000.0 4880440000000.0 26177100.0 18957200000000.0 11627400000000.0 3109740000000.0 467280000.0 8851360000.0 238884000000.0 331988000000.0 4019680000000.0 9041170.0 401905000.0 -4.24 [-4.24]
912010000000000.0 3.9119e+18 656638000000.0 30090700000000.0 24579300000000.0 59061900000.0 5774500000000.0 4474610000000.0 29395400.0 19255700000000.0 10278700000000.0 2635380000000.0 512166000.0 9723920000.0 259677000000.0 350251000000.0 4000700000000.0 10482000.0 448535000.0 -4.22 [-4.22]
912010000000000.0 3.7138e+18 678182000000.0 30078400000000.0 23647300000000.0 61367300000.0 5788140000000.0 4095730000000.0 33016100.0 19539100000000.0 9074620000000.0 2230820000000.0 560071000.0 10658700000.0 281681000000.0 368760000000.0 3972870000000.0 12132800.0 499663000.0 -4.2 [-4.2]
912010000000000.0 3.52585e+18 699542000000.0 30018500000000.0 22711200000000.0 63712400000.0 5794110000000.0 3742340000000.0 37095100.0 19807200000000.0 8000150000000.0 1885850000000.0 611129000.0 11658900000.0 304919000000.0 387435000000.0 3936140000000.0 14023800.0 555675000.0 -4.18 [-4.18]
912010000000000.0 3.34759e+18 720620000000.0 29910900000000.0 21774700000000.0 66093400000.0 5792430000000.0 3413710000000.0 41686700.0 20059200000000.0 7043430000000.0 1592270000000.0 665294000.0 12725000000.0 329360000000.0 406183000000.0 3890550000000.0 16184900.0 616867000.0 -4.16 [-4.16]
912010000000000.0 3.1784e+18 741387000000.0 29756600000000.0 20840300000000.0 68512800000.0 5783210000000.0 3108540000000.0 46858500.0 20294700000000.0 6192260000000.0 1342570000000.0 722597000.0 13858600000.0 354990000000.0 424906000000.0 3836180000000.0 18652700.0 683623000.0 -4.14 [-4.14]
912010000000000.0 3.018e+18 761703000000.0 29555800000000.0 19912400000000.0 70962600000.0 5766530000000.0 2826200000000.0 52674000.0 20512700000000.0 5437230000000.0 1130750000000.0 782835000.0 15057600000.0 381724000000.0 443491000000.0 3773260000000.0 21461700.0 756176000.0 -4.12 [-4.12]
912011000000000.0 2.86583e+18 781546000000.0 29310100000000.0 18993300000000.0 73445500000.0 5742580000000.0 2565320000000.0 59216100.0 20712900000000.0 4767950000000.0 951164000000.0 845961000.0 16322300000.0 409516000000.0 461824000000.0 3701990000000.0 24656100.0 834905000.0 -4.1 [-4.1]
912010000000000.0 2.72144e+18 800858000000.0 29021100000000.0 18085800000000.0 75960700000.0 5711510000000.0 2324770000000.0 66573400.0 20894600000000.0 4175540000000.0 799092000000.0 911824000.0 17651500000.0 438281000000.0 479782000000.0 3622650000000.0 28282900.0 920136000.0 -4.08 [-4.08]
912010000000000.0 2.58443e+18 819583000000.0 28690300000000.0 17192500000000.0 78507300000.0 5673520000000.0 2103420000000.0 74844400.0 21057600000000.0 3651940000000.0 670482000000.0 980228000.0 19043200000.0 467917000000.0 497234000000.0 3535610000000.0 32393700.0 1012190000.0 -4.06 [-4.06]
912010000000000.0 2.4544e+18 837672000000.0 28319900000000.0 16315800000000.0 81084700000.0 5628840000000.0 1900140000000.0 84139200.0 21201100000000.0 3189770000000.0 561846000000.0 1050940000.0 20494300000.0 498300000000.0 514048000000.0 3441270000000.0 37045900.0 1111370000.0 -4.04 [-4.04]
912010000000000.0 2.33099e+18 855081000000.0 27912000000000.0 15458000000000.0 83692600000.0 5577690000000.0 1713810000000.0 94580300.0 21324700000000.0 2782420000000.0 470199000000.0 1123670000.0 22001300000.0 529290000000.0 530084000000.0 3340140000000.0 42302200.0 1217980000.0 -4.02 [-4.02]
912010000000000.0 2.21386e+18 871772000000.0 27469100000000.0 14621200000000.0 86330700000.0 5520330000000.0 1543360000000.0 106304000.0 21428200000000.0 2423860000000.0 392984000000.0 1198120000.0 23559600000.0 560723000000.0 545204000000.0 3232770000000.0 48231600.0 1332280000.0 -4.0 [-4.0]
912010000000000.0 2.10266e+18 887700000000.0 26993700000000.0 13807000000000.0 88998100000.0 5457020000000.0 1387710000000.0 119460000.0 21510800000000.0 2108680000000.0 328006000000.0 1273920000.0 25163500000.0 592415000000.0 559271000000.0 3119740000000.0 54909900.0 1454540000.0 -3.98 [-3.98]
912010000000000.0 1.99709e+18 902833000000.0 26488300000000.0 13017100000000.0 91694300000.0 5388010000000.0 1245850000000.0 134217000.0 21572400000000.0 1832010000000.0 273396000000.0 1350680000.0 26806700000.0 624169000000.0 572148000000.0 3001720000000.0 62420100.0 1584960000.0 -3.96 [-3.96]
912010000000000.0 1.89686e+18 917144000000.0 25955600000000.0 12252900000000.0 94419200000.0 5313610000000.0 1116790000000.0 150759000.0 21612400000000.0 1589470000000.0 227559000000.0 1427980000.0 28481800000.0 655763000000.0 583709000000.0 2879410000000.0 70852800.0 1723730000.0 -3.94 [-3.94]
912010000000000.0 1.80168e+18 930616000000.0 25398600000000.0 11515400000000.0 97173300000.0 5234110000000.0 999594000000.0 169293000.0 21630600000000.0 1377130000000.0 189137000000.0 1505390000.0 30180900000.0 686970000000.0 593830000000.0 2753560000000.0 80306900.0 1871000000.0 -3.92 [-3.92]
