Cloudy_runs/pg0832/z=0.017505/logZ=-1/component_II_PI_nH/component_II_PI_nH_col_density_param.txt
# %ECSV 1.0
# ---
# datatype:
# - {name: H, datatype: float64}
# - {name: H+, datatype: float64}
# - {name: C+, datatype: float64}
# - {name: C+2, datatype: float64}
# - {name: C+3, datatype: float64}
# - {name: N+, datatype: float64}
# - {name: N+2, datatype: float64}
# - {name: N+4, datatype: float64}
# - {name: O, datatype: float64}
# - {name: O+2, datatype: float64}
# - {name: O+5, datatype: float64}
# - {name: O+6, datatype: float64}
# - {name: P+, datatype: float64}
# - {name: Si+, datatype: float64}
# - {name: Si+2, datatype: float64}
# - {name: Si+3, datatype: float64}
# - {name: Si+4, datatype: float64}
# - {name: Fe+, datatype: float64}
# - {name: Al+, datatype: float64}
# - {name: log_nH, datatype: float64}
# - {name: parameters, datatype: string, subtype: 'float64[1]'}
# schema: astropy-2.0
H H+ C+ C+2 C+3 N+ N+2 N+4 O O+2 O+5 O+6 P+ Si+ Si+2 Si+3 Si+4 Fe+ Al+ log_nH parameters
[from data line 251]
616595000000000.0 203154000000000.0 14946100000.0 85916300.0 0.0 1520830000.0 39446.4 0.0 31792500000.0 195245.0 0.0 0.0 21006000.0 2623140000.0 5802430.0 12893.5 0.0 2560140000.0 229615000.0 0.02 [0.02]
616595000000000.0 197441000000000.0 14720000000.0 81677500.0 0.0 1470700000.0 36189.0 0.0 31758300000.0 180305.0 0.0 0.0 20860800.0 2604780000.0 5483650.0 12163.1 0.0 2543700000.0 228053000.0 0.04 [0.04]
616595000000000.0 191886000000000.0 14497600000.0 77643000.0 0.0 1421820000.0 33192.6 0.0 31724700000.0 166550.0 0.0 0.0 20719500.0 2586910000.0 5178360.0 11477.5 0.0 2527700000.0 226534000.0 0.06 [0.06]
616595000000000.0 186493000000000.0 14279100000.0 73807500.0 0.0 1374200000.0 30437.5 0.0 31691800000.0 153893.0 0.0 0.0 20582400.0 2569540000.0 4886000.0 10834.1 0.0 2512150000.0 225059000.0 0.08 [0.08]
616595000000000.0 181248000000000.0 14064200000.0 70157000.0 0.0 1327730000.0 27902.1 0.0 31659300000.0 142234.0 0.0 0.0 20449000.0 2552640000.0 4605490.0 10229.7 0.0 2497000000.0 223623000.0 0.1 [0.1]
616595000000000.0 176144000000000.0 13852600000.0 66682300.0 0.0 1282350000.0 25568.0 0.0 31627500000.0 131493.0 0.0 0.0 20319100.0 2536170000.0 4336050.0 9661.98 0.0 2482250000.0 222226000.0 0.12 [0.12]
616595000000000.0 171185000000000.0 13644800000.0 63379400.0 0.0 1238050000.0 23420.1 0.0 31596200000.0 121603.0 0.0 0.0 20192900.0 2520160000.0 4077060.0 9128.62 0.0 2467900000.0 220868000.0 0.14 [0.14]
616595000000000.0 166328000000000.0 13438900000.0 60221500.0 0.0 1194540000.0 21437.5 0.0 31565300000.0 112461.0 0.0 0.0 20069300.0 2504450000.0 3827160.0 8626.52 0.0 2453830000.0 219538000.0 0.16 [0.16]
616595000000000.0 161614000000000.0 13237000000.0 57224500.0 0.0 1152080000.0 19613.9 0.0 31535000000.0 104048.0 0.0 0.0 19949300.0 2489190000.0 3586940.0 8154.77 0.0 2440160000.0 218247000.0 0.18 [0.18]
616595000000000.0 157035000000000.0 13038800000.0 54378500.0 0.0 1110530000.0 17934.9 0.0 31505300000.0 96301.1 0.0 0.0 19832700.0 2474350000.0 3355220.0 7711.33 0.0 2426880000.0 216992000.0 0.2 [0.2]
616595000000000.0 152532000000000.0 12842000000.0 51653800.0 0.0 1069500000.0 16381.3 0.0 31475900000.0 89129.3 0.0 0.0 19718000.0 2459720000.0 3130060.0 7293.38 0.0 2413810000.0 215758000.0 0.22 [0.22]
616595000000000.0 148150000000000.0 12648800000.0 49066400.0 0.0 1029200000.0 14949.0 0.0 31447000000.0 82523.5 0.0 0.0 19606300.0 2445470000.0 2911840.0 6900.32 0.0 2401080000.0 214556000.0 0.24 [0.24]
616595000000000.0 143865000000000.0 12458300000.0 46603100.0 0.0 989451000.0 13626.0 0.0 31418600000.0 76426.8 0.0 0.0 19497100.0 2431510000.0 2699770.0 6530.27 0.0 2388640000.0 213382000.0 0.26 [0.26]
616595000000000.0 139668000000000.0 12270500000.0 44257100.0 0.0 950091000.0 12402.0 0.0 31390600000.0 70798.7 0.0 0.0 19390100.0 2417800000.0 2492660.0 6181.79 0.0 2376450000.0 212230000.0 0.28 [0.28]
616595000000000.0 135548000000000.0 12085200000.0 42022900.0 0.0 910921000.0 11267.2 0.0 31363000000.0 65602.7 0.0 0.0 19285000.0 2404310000.0 2289180.0 5853.6 0.0 2364480000.0 211100000.0 0.3 [0.3]
616595000000000.0 131502000000000.0 11903100000.0 39899200.0 0.0 871728000.0 10212.8 0.0 31335800000.0 60812.3 0.0 0.0 19181700.0 2391020000.0 2087770.0 5544.67 0.0 2352740000.0 209990000.0 0.32 [0.32]
616595000000000.0 127487000000000.0 11722500000.0 37870500.0 0.0 832049000.0 9227.61 0.0 31308700000.0 56380.8 0.0 0.0 19079200.0 2377780000.0 1886690.0 5253.45 0.0 2341100000.0 208888000.0 0.34 [0.34]
616595000000000.0 123490000000000.0 11543700000.0 35934900.0 0.0 791560000.0 8304.45 0.0 31281700000.0 52284.5 0.0 0.0 18977100.0 2364540000.0 1684910.0 4979.03 0.0 2329520000.0 207791000.0 0.36 [0.36]
616595000000000.0 119530000000000.0 11369400000.0 34106100.0 0.0 749875000.0 7436.4 0.0 31255100000.0 48522.8 0.0 0.0 18875800.0 2351340000.0 1480480.0 4721.19 0.0 2318080000.0 206703000.0 0.38 [0.38]
616594000000000.0 115441000000000.0 11194000000.0 32345300.0 0.0 704937000.0 6598.6 0.0 31227800000.0 45029.9 0.0 0.0 18771100.0 2337570000.0 1265210.0 4478.02 0.0 2306290000.0 205581000.0 0.4 [0.4]
616596000000000.0 111139000000000.0 11020200000.0 30667300.0 0.0 654074000.0 5766.89 0.0 31199800000.0 41816.3 0.0 0.0 18660800.0 2322870000.0 1028920.0 4249.9 0.0 2293950000.0 204399000.0 0.42 [0.42]
616594000000000.0 80707600000000.0 10252800000.0 23440100.0 0.0 190365000.0 1565.82 0.0 31099300000.0 37720.6 0.0 0.0 17879300.0 2194890000.0 4147.63 4053.52 0.0 2205000000.0 196141000.0 0.44 [0.44]
616595000000000.0 77483700000000.0 10038400000.0 22034400.0 0.0 174251000.0 1373.82 0.0 31078900000.0 34768.3 0.0 0.0 17796800.0 2181900000.0 3379.92 3844.65 0.0 2194940000.0 195262000.0 0.46 [0.46]
616595000000000.0 74551900000000.0 9833100000.0 20760900.0 0.0 160884000.0 1215.75 0.0 31059300000.0 32064.5 0.0 0.0 17721800.0 2170060000.0 2916.62 3647.52 0.0 2185780000.0 194461000.0 0.48 [0.48]
616595000000000.0 71812400000000.0 9632530000.0 19582800.0 0.0 149330000.0 1081.65 0.0 31040200000.0 29572.1 0.0 0.0 17651500.0 2158930000.0 2603.77 3461.06 0.0 2177210000.0 193713000.0 0.5 [0.5]
616595000000000.0 69255100000000.0 9437890000.0 18494300.0 0.0 139174000.0 966.433 0.0 31022000000.0 27284.3 0.0 0.0 17585900.0 2148470000.0 2375.49 3284.9 0.0 2169220000.0 193014000.0 0.52 [0.52]
616595000000000.0 66827600000000.0 9246440000.0 17475800.0 0.0 130072000.0 866.082 0.0 31004300000.0 25172.6 0.0 0.0 17523600.0 2138450000.0 2197.22 3118.14 0.0 2161620000.0 192350000.0 0.54 [0.54]
616595000000000.0 64524400000000.0 9058670000.0 16523500.0 0.0 121851000.0 778.166 0.0 30987200000.0 23226.8 0.0 0.0 17464400.0 2128850000.0 2051.1 2960.34 0.0 2154410000.0 191720000.0 0.56 [0.56]
616595000000000.0 62317600000000.0 8872920000.0 15626000.0 0.0 114350000.0 700.569 0.0 30970600000.0 21427.5 0.0 0.0 17407600.0 2119550000.0 1926.47 2810.8 0.0 2147510000.0 191116000.0 0.58 [0.58]
616595000000000.0 60206300000000.0 8689720000.0 14781300.0 0.0 107480000.0 631.876 0.0 30954400000.0 19766.1 0.0 0.0 17353200.0 2110530000.0 1817.01 2669.13 0.0 2140900000.0 190539000.0 0.6 [0.6]
616595000000000.0 58175700000000.0 8508280000.0 13983000.0 0.0 101147000.0 570.78 0.0 30938700000.0 18229.4 0.0 0.0 17300800.0 2101750000.0 1718.61 2534.8 0.0 2134550000.0 189983000.0 0.62 [0.62]
616595000000000.0 56241100000000.0 8330410000.0 13233600.0 0.0 95311000.0 516.414 0.0 30923500000.0 16814.8 0.0 0.0 17250800.0 2093280000.0 1628.86 2407.6 0.0 2128490000.0 189454000.0 0.64 [0.64]
616595000000000.0 54371600000000.0 8153770000.0 12522500.0 0.0 89888200.0 467.766 0.0 30908600000.0 15504.8 0.0 0.0 17202500.0 2084960000.0 1545.78 2286.9 0.0 2122650000.0 188943000.0 0.66 [0.66]
616595000000000.0 52577800000000.0 7979720000.0 11851800.0 0.0 84853000.0 424.231 0.0 30894200000.0 14296.2 0.0 0.0 17156000.0 2076860000.0 1468.34 2172.49 0.0 2117040000.0 188452000.0 0.68 [0.68]
616595000000000.0 50851100000000.0 7807800000.0 11217500.0 0.0 80161200.0 385.169 0.0 30880300000.0 13179.8 0.0 0.0 17111300.0 2068940000.0 1395.71 2063.96 0.0 2111640000.0 187980000.0 0.7 [0.7]
616595000000000.0 49191600000000.0 7638360000.0 10618300.0 0.0 75784600.0 350.079 0.0 30866800000.0 12149.7 0.0 0.0 17068200.0 2061190000.0 1327.33 1961.02 0.0 2106460000.0 187526000.0 0.72 [0.72]
616595000000000.0 47588300000000.0 7470600000.0 10049800.0 0.0 71685400.0 318.469 0.0 30853600000.0 11197.2 0.0 0.0 17026500.0 2053570000.0 1262.72 1863.31 0.0 2101450000.0 187088000.0 0.74 [0.74]
616595000000000.0 46042200000000.0 7304920000.0 9511360.0 0.0 67845100.0 289.976 0.0 30840800000.0 10317.7 0.0 0.0 16986300.0 2046070000.0 1201.58 1770.58 0.0 2096630000.0 186666000.0 0.76 [0.76]
616595000000000.0 44551700000000.0 7141390000.0 9001270.0 0.0 64240900.0 264.254 0.0 30828400000.0 9505.82 0.0 0.0 16947400.0 2038710000.0 1143.64 1682.56 0.0 2091970000.0 186259000.0 0.78 [0.78]
616595000000000.0 43113900000000.0 6979990000.0 8517800.0 0.0 60853000.0 241.005 0.0 30816300000.0 8756.47 0.0 0.0 16909900.0 2031450000.0 1088.67 1599.0 0.0 2087490000.0 185867000.0 0.8 [0.8]
616595000000000.0 41723600000000.0 6820400000.0 8058740.0 0.0 57662400.0 219.959 0.0 30804500000.0 8064.38 0.0 0.0 16873500.0 2024270000.0 1036.47 1519.64 0.0 2083160000.0 185488000.0 0.82 [0.82]
616595000000000.0 40384500000000.0 6663280000.0 7624180.0 0.0 54660500.0 201.115 0.0 30793100000.0 7421.17 0.0 0.0 16838400.0 2017210000.0 986.896 1444.3 0.0 2078990000.0 185123000.0 0.84 [0.84]
616595000000000.0 39090700000000.0 6508170000.0 7211930.0 0.0 51831800.0 184.366 0.0 30782100000.0 6821.41 0.0 0.0 16804400.0 2010210000.0 939.791 1372.74 0.0 2074960000.0 184770000.0 0.86 [0.86]
616595000000000.0 37841800000000.0 6355280000.0 6820880.0 0.0 49162300.0 169.125 0.0 30771300000.0 6271.24 0.0 0.0 16771500.0 2003300000.0 895.017 1304.77 0.0 2071070000.0 184430000.0 0.88 [0.88]
616595000000000.0 36638000000000.0 6204840000.0 6450320.0 0.0 46642300.0 155.25 0.0 30760900000.0 5766.74 0.0 0.0 16739700.0 1996470000.0 852.455 1240.22 0.0 2067330000.0 184103000.0 0.9 [0.9]
616595000000000.0 35473900000000.0 6056420000.0 6098210.0 0.0 44259100.0 142.599 0.0 30750800000.0 5303.49 0.0 0.0 16708900.0 1989690000.0 811.969 1178.89 0.0 2063710000.0 183787000.0 0.92 [0.92]
616595000000000.0 34349300000000.0 5910180000.0 5763940.0 0.0 42003700.0 131.058 0.0 30740900000.0 4878.19 0.0 0.0 16679100.0 1982970000.0 773.458 1120.62 0.0 2060220000.0 183482000.0 0.94 [0.94]
616595000000000.0 33263700000000.0 5766280000.0 5446720.0 0.0 39868600.0 120.522 0.0 30731300000.0 4487.86 0.0 0.0 16650200.0 1976310000.0 736.821 1065.25 0.0 2056850000.0 183187000.0 0.96 [0.96]
616595000000000.0 32215300000000.0 5624670000.0 5145600.0 0.0 37847500.0 110.901 0.0 30722100000.0 4129.46 0.0 0.0 16622300.0 1969690000.0 701.96 1012.64 0.0 2053600000.0 182904000.0 0.98 [0.98]
616595000000000.0 31202300000000.0 5485330000.0 4859720.0 0.0 35932200.0 102.107 0.0 30713000000.0 3800.3 0.0 0.0 16595200.0 1963110000.0 668.784 962.65 0.0 2050460000.0 182630000.0 1.0 [1.0]
