Cloudy_runs/pg0832/z=0.017505/logZ=-1/component_II_PI_nH/component_II_PI_nH_col_density_param.txt
# %ECSV 1.0
# ---
# datatype:
# - {name: H, datatype: float64}
# - {name: H+, datatype: float64}
# - {name: C+, datatype: float64}
# - {name: C+2, datatype: float64}
# - {name: C+3, datatype: float64}
# - {name: N+, datatype: float64}
# - {name: N+2, datatype: float64}
# - {name: N+4, datatype: float64}
# - {name: O, datatype: float64}
# - {name: O+2, datatype: float64}
# - {name: O+5, datatype: float64}
# - {name: O+6, datatype: float64}
# - {name: P+, datatype: float64}
# - {name: Si+, datatype: float64}
# - {name: Si+2, datatype: float64}
# - {name: Si+3, datatype: float64}
# - {name: Si+4, datatype: float64}
# - {name: Fe+, datatype: float64}
# - {name: Al+, datatype: float64}
# - {name: log_nH, datatype: float64}
# - {name: parameters, datatype: string, subtype: 'float64[1]'}
# schema: astropy-2.0
H H+ C+ C+2 C+3 N+ N+2 N+4 O O+2 O+5 O+6 P+ Si+ Si+2 Si+3 Si+4 Fe+ Al+ log_nH parameters
[from data line 56]
616595000000000.0 7.60199e+17 703157000000.0 13136100000000.0 4125440000000.0 86098500000.0 2895310000000.0 239245000000.0 327927000.0 13729100000000.0 256405000000.0 25137100000.0 1434340000.0 29525900000.0 595103000000.0 401167000000.0 1074170000000.0 158582000.0 2278900000.0 -3.88 [-3.88]
616595000000000.0 7.22105e+17 706825000000.0 12706300000000.0 3823130000000.0 88272100000.0 2821050000000.0 211146000000.0 366542000.0 13598200000000.0 218966000000.0 20568300000.0 1472720000.0 30501200000.0 605403000000.0 396688000000.0 995503000000.0 177404000.0 2427070000.0 -3.86 [-3.86]
616595000000000.0 6.85877e+17 710009000000.0 12277700000000.0 3537770000000.0 90481300000.0 2745640000000.0 186055000000.0 409466000.0 13452000000000.0 186642000000.0 16795600000.0 1508560000.0 31433500000.0 613997000000.0 391042000000.0 919494000000.0 198219000.0 2579990000.0 -3.84 [-3.84]
616594000000000.0 6.51424e+17 712737000000.0 11851600000000.0 3268870000000.0 92729100000.0 2669290000000.0 163687000000.0 457137000.0 13290500000000.0 158781000000.0 13686000000.0 1541770000.0 32320000000.0 620832000000.0 384279000000.0 846451000000.0 221213000.0 2737390000.0 -3.82 [-3.82]
616595000000000.0 6.18778e+17 714897000000.0 11430200000000.0 3017190000000.0 95001200000.0 2592480000000.0 143863000000.0 509841000.0 13115000000000.0 134900000000.0 11136400000.0 1571820000.0 33147400000.0 625825000000.0 376582000000.0 776868000000.0 246472000.0 2897950000.0 -3.8 [-3.8]
616595000000000.0 5.87715e+17 716733000000.0 11013500000000.0 2780500000000.0 97314200000.0 2515150000000.0 126227000000.0 568284000.0 12924800000000.0 114364000000.0 9040890000.0 1599340000.0 33929000000.0 629070000000.0 367878000000.0 710664000000.0 274318000.0 3062640000.0 -3.78 [-3.78]
616595000000000.0 5.58243e+17 718080000000.0 10602900000000.0 2559360000000.0 99658600000.0 2437650000000.0 110624000000.0 632821000.0 12721000000000.0 96797900000.0 7327060000.0 1623740000.0 34651700000.0 630494000000.0 358379000000.0 648168000000.0 304862000.0 3229930000.0 -3.76 [-3.76]
616594000000000.0 5.30251e+17 719015000000.0 10199000000000.0 2352750000000.0 102043000000.0 2360110000000.0 96822200000.0 704069000.0 12503700000000.0 81779000000.0 5926450000.0 1645160000.0 35319000000.0 630159000000.0 348143000000.0 589402000000.0 338357000.0 3399720000.0 -3.74 [-3.74]
616595000000000.0 5.03668e+17 719557000000.0 9802530000000.0 2160050000000.0 104468000000.0 2282710000000.0 84633500000.0 782619000.0 12273600000000.0 68962000000.0 4784100000.0 1663610000.0 35931200000.0 628118000000.0 337271000000.0 534414000000.0 375029000.0 3571460000.0 -3.72 [-3.72]
616595000000000.0 4.78422e+17 719726000000.0 9414070000000.0 1980590000000.0 106937000000.0 2205620000000.0 73885400000.0 869108000.0 12031100000000.0 58043600000.0 3854220000.0 1679140000.0 36489500000.0 624444000000.0 325864000000.0 483196000000.0 415122000.0 3744630000.0 -3.7 [-3.7]
616595000000000.0 4.54445e+17 719538000000.0 9034100000000.0 1813720000000.0 109451000000.0 2129000000000.0 64421500000.0 964212000.0 11777000000000.0 48759500000.0 3098770000.0 1691770000.0 36995600000.0 619221000000.0 314024000000.0 435699000000.0 458887000.0 3918690000.0 -3.68 [-3.68]
616595000000000.0 4.31675e+17 719012000000.0 8663090000000.0 1658800000000.0 112011000000.0 2052990000000.0 56101100000.0 1068640000.0 11512000000000.0 40880500000.0 2486300000.0 1701560000.0 37451700000.0 612547000000.0 301851000000.0 391844000000.0 506586000.0 4093040000.0 -3.66 [-3.66]
616595000000000.0 4.10049e+17 718163000000.0 8301360000000.0 1515180000000.0 114619000000.0 1977720000000.0 48796200000.0 1183150000.0 11236700000000.0 34206500000.0 1990760000.0 1708600000.0 37860700000.0 604529000000.0 289440000000.0 351515000000.0 558492000.0 4267090000.0 -3.64 [-3.64]
616595000000000.0 3.89512e+17 717006000000.0 7949200000000.0 1382240000000.0 117276000000.0 1903340000000.0 42392300000.0 1308530000.0 10952000000000.0 28564400000.0 1590670000.0 1712960000.0 38225700000.0 595282000000.0 276883000000.0 314575000000.0 614883000.0 4440240000.0 -3.62 [-3.62]
616595000000000.0 3.70009e+17 715556000000.0 7606850000000.0 1259360000000.0 119983000000.0 1829950000000.0 36786100000.0 1445600000.0 10658800000000.0 23804400000.0 1268340000.0 1714740000.0 38549900000.0 584923000000.0 264266000000.0 280867000000.0 676045000.0 4611870000.0 -3.6 [-3.6]
616595000000000.0 3.51488e+17 713825000000.0 7274470000000.0 1145950000000.0 122740000000.0 1757670000000.0 31885100000.0 1595240000.0 10357900000000.0 19796700000.0 1009200000.0 1714040000.0 38837200000.0 573575000000.0 251668000000.0 250218000000.0 742269000.0 4781380000.0 -3.58 [-3.58]
616595000000000.0 3.33899e+17 711825000000.0 6952150000000.0 1041410000000.0 125546000000.0 1686590000000.0 27606200000.0 1758340000.0 10050200000000.0 16429300000.0 801321000.0 1710950000.0 39091000000.0 561356000000.0 239161000000.0 222443000000.0 813851000.0 4948130000.0 -3.56 [-3.56]
616595000000000.0 3.17196e+17 709567000000.0 6639970000000.0 945210000000.0 128403000000.0 1616790000000.0 23875500000.0 1935830000.0 9736650000000.0 13606000000.0 634923000.0 1705600000.0 39315100000.0 548387000000.0 226808000000.0 197356000000.0 891084000.0 5111530000.0 -3.54 [-3.54]
616595000000000.0 3.01333e+17 707056000000.0 6337900000000.0 856792000000.0 131309000000.0 1548350000000.0 20626800000.0 2128680000.0 9418210000000.0 11243800000.0 502012000.0 1698090000.0 39513200000.0 534778000000.0 214668000000.0 174763000000.0 974269000.0 5270960000.0 -3.52 [-3.52]
616595000000000.0 2.86266e+17 704299000000.0 6045890000000.0 775636000000.0 134262000000.0 1481330000000.0 17801100000.0 2337880000.0 9095770000000.0 9271410000.0 396077000.0 1688510000.0 39688900000.0 520636000000.0 202790000000.0 154475000000.0 1063710000.0 5425830000.0 -3.5 [-3.5]
616595000000000.0 2.71963e+17 701319000000.0 5764030000000.0 701270000000.0 137261000000.0 1415820000000.0 15347100000.0 2564390000.0 8770510000000.0 7628730000.0 311857000.0 1677030000.0 39845500000.0 506084000000.0 191214000000.0 136310000000.0 1159630000.0 5575660000.0 -3.48 [-3.48]
616595000000000.0 2.58412e+17 698121000000.0 5492820000000.0 633361000000.0 140303000000.0 1352010000000.0 13222300000.0 2808830000.0 8444130000000.0 6265790000.0 245149000.0 1663780000.0 39984600000.0 491252000000.0 180007000000.0 120115000000.0 1262140000.0 5719550000.0 -3.46 [-3.46]
616595000000000.0 2.45481e+17 694683000000.0 5230090000000.0 571023000000.0 143384000000.0 1289450000000.0 11373100000.0 3073450000.0 8114960000000.0 5130910000.0 192126000.0 1648750000.0 40114100000.0 476095000000.0 169107000000.0 105630000000.0 1372090000.0 5857910000.0 -3.44 [-3.44]
616595000000000.0 2.33231e+17 691035000000.0 4977750000000.0 514271000000.0 146500000000.0 1228660000000.0 9776200000.0 3358020000.0 7786560000000.0 4193870000.0 150331000.0 1632170000.0 40231800000.0 460833000000.0 158627000000.0 92778500000.0 1489100000.0 5989330000.0 -3.42 [-3.42]
616595000000000.0 2.21631e+17 687194000000.0 4735640000000.0 462674000000.0 149646000000.0 1169670000000.0 8398360000.0 3663420000.0 7459950000000.0 3421760000.0 117451000.0 1614180000.0 40340100000.0 445550000000.0 148581000000.0 81400000000.0 1613300000.0 6113490000.0 -3.4 [-3.4]
616595000000000.0 2.10557e+17 683120000000.0 4501640000000.0 415507000000.0 152814000000.0 1112040000000.0 7203140000.0 3992170000.0 7133280000000.0 2783170000.0 91484100.0 1594710000.0 40445900000.0 430167000000.0 138900000000.0 71287200000.0 1745650000.0 6230700000.0 -3.38 [-3.38]
616595000000000.0 2.00066e+17 678841000000.0 4277380000000.0 372748000000.0 155997000000.0 1056210000000.0 6174150000.0 4343710000.0 6809960000000.0 2259440000.0 71147200.0 1574000000.0 40546600000.0 414876000000.0 129672000000.0 62367700000.0 1885580000.0 6339690000.0 -3.36 [-3.36]
616595000000000.0 1.90107e+17 674368000000.0 4062190000000.0 333958000000.0 159188000000.0 1002080000000.0 5287400000.0 4719320000.0 6490140000000.0 1830140000.0 55224800.0 1552160000.0 40644800000.0 399704000000.0 120875000000.0 54501700000.0 2033330000.0 6440600000.0 -3.34 [-3.34]
616595000000000.0 1.80648e+17 669690000000.0 3855740000000.0 298812000000.0 162376000000.0 949633000000.0 4523790000.0 5119870000.0 6174440000000.0 1478950000.0 42780900.0 1529250000.0 40742300000.0 384684000000.0 112507000000.0 47574000000.0 2189040000.0 6532990000.0 -3.32 [-3.32]
616595000000000.0 1.71668e+17 664819000000.0 3657880000000.0 267020000000.0 165551000000.0 898882000000.0 3866980000.0 5546020000.0 5863710000000.0 1192400000.0 33078400.0 1505390000.0 40839600000.0 369869000000.0 104566000000.0 41483800000.0 2352640000.0 6616740000.0 -3.3 [-3.3]
616595000000000.0 1.63139e+17 659743000000.0 3468350000000.0 238299000000.0 168699000000.0 849810000000.0 3302490000.0 5998410000.0 5558550000000.0 959111000.0 25527800.0 1480630000.0 40938000000.0 355283000000.0 97048300000.0 36136600000.0 2524170000.0 6691450000.0 -3.28 [-3.28]
616595000000000.0 1.55062e+17 654494000000.0 3287430000000.0 212450000000.0 171812000000.0 802542000000.0 2818800000.0 6476690000.0 5260440000000.0 770002000.0 19675100.0 1455190000.0 41036100000.0 341007000000.0 89961900000.0 31457600000.0 2703060000.0 6757060000.0 -3.26 [-3.26]
616595000000000.0 1.4737e+17 649032000000.0 3113850000000.0 189108000000.0 174869000000.0 756812000000.0 2402860000.0 6982790000.0 4968350000000.0 616431000.0 15128400.0 1428970000.0 41137100000.0 326974000000.0 83259500000.0 27351700000.0 2889930000.0 6813590000.0 -3.24 [-3.24]
616595000000000.0 1.40065e+17 643378000000.0 2947910000000.0 168115000000.0 177855000000.0 712741000000.0 2046360000.0 7516090000.0 4683660000000.0 492312000.0 11611700.0 1402140000.0 41239500000.0 313251000000.0 76950400000.0 23760900000.0 3084170000.0 6860860000.0 -3.22 [-3.22]
616595000000000.0 1.33128e+17 637534000000.0 2789370000000.0 149263000000.0 180755000000.0 670317000000.0 1741100000.0 8076550000.0 4406850000000.0 392244000.0 8897120.0 1374790000.0 41342900000.0 299855000000.0 71022200000.0 20624400000.0 3285470000.0 6898850000.0 -3.2 [-3.2]
616595000000000.0 1.26541e+17 631500000000.0 2638010000000.0 132356000000.0 183551000000.0 629523000000.0 1479930000.0 8663940000.0 4138370000000.0 311761000.0 6805650.0 1346980000.0 41447100000.0 286800000000.0 65462000000.0 17887600000.0 3493490000.0 6927560000.0 -3.18 [-3.18]
616595000000000.0 1.20285e+17 625280000000.0 2493580000000.0 117217000000.0 186222000000.0 590345000000.0 1256670000.0 9277810000.0 3878630000000.0 247193000.0 5197320.0 1318800000.0 41551100000.0 274095000000.0 60255800000.0 15502000000.0 3707800000.0 6947060000.0 -3.16 [-3.16]
616595000000000.0 1.14345e+17 618879000000.0 2355870000000.0 103682000000.0 188751000000.0 552771000000.0 1066020000.0 9917440000.0 3627980000000.0 195524000.0 3962880.0 1290310000.0 41654000000.0 261750000000.0 55389600000.0 13424700000.0 3927870000.0 6957480000.0 -3.14 [-3.14]
616595000000000.0 1.08702e+17 612290000000.0 2224600000000.0 91595000000.0 191115000000.0 516771000000.0 903320000.0 10582000000.0 3386650000000.0 154273000.0 3016900.0 1261560000.0 41755500000.0 249764000000.0 50848400000.0 11617200000.0 4153310000.0 6958830000.0 -3.12 [-3.12]
616595000000000.0 1.03343e+17 605522000000.0 2099580000000.0 80818500000.0 193295000000.0 482335000000.0 764621000.0 11270200000.0 3154920000000.0 121428000.0 2293360.0 1232640000.0 41853900000.0 238145000000.0 46617700000.0 10046100000.0 4383450000.0 6951350000.0 -3.1 [-3.1]
616595000000000.0 9.82396e+16 598557000000.0 1980230000000.0 71202200000.0 195262000000.0 449361000000.0 646252000.0 11981800000.0 2932450000000.0 95294600.0 1739880.0 1203510000.0 41949100000.0 226858000000.0 42672200000.0 8678890000.0 4618160000.0 6935140000.0 -3.08 [-3.08]
616595000000000.0 9.3407e+16 591442000000.0 1867030000000.0 62673900000.0 197012000000.0 417999000000.0 545776000.0 12712700000.0 2720490000000.0 74639500.0 1318980.0 1174420000.0 42037300000.0 215974000000.0 39018500000.0 7495120000.0 4855790000.0 6910630000.0 -3.06 [-3.06]
616595000000000.0 8.88184e+16 584164000000.0 1759450000000.0 55103800000.0 198518000000.0 388148000000.0 460385000.0 13462100000.0 2518610000000.0 58321400.0 998673.0 1145330000.0 42117800000.0 205460000000.0 35631400000.0 6468830000.0 5096040000.0 6878050000.0 -3.04 [-3.04]
616595000000000.0 8.44694e+16 576734000000.0 1657440000000.0 48403700000.0 199768000000.0 359828000000.0 387990000.0 14226800000.0 2327140000000.0 45477500.0 0.0 1116340000.0 42189700000.0 195330000000.0 32502900000.0 5580840000.0 5338050000.0 6837600000.0 -3.02 [-3.02]
616595000000000.0 8.0328e+16 569128000000.0 1560310000000.0 42458400000.0 200729000000.0 332903000000.0 326456000.0 15006600000.0 2145310000000.0 35361100.0 0.0 1087370000.0 42251700000.0 185532000000.0 29603800000.0 4810480000.0 5581720000.0 6789530000.0 -3.0 [-3.0]
616595000000000.0 7.63943e+16 561367000000.0 1468130000000.0 37201500000.0 201394000000.0 307411000000.0 274321000.0 15797700000.0 1973490000000.0 27428900.0 0.0 1058540000.0 42301900000.0 176089000000.0 26928500000.0 4143900000.0 5825990000.0 6734210000.0 -2.98 [-2.98]
616595000000000.0 7.26483e+16 553438000000.0 1380470000000.0 32550300000.0 201738000000.0 283274000000.0 230123000.0 16598500000.0 1811240000000.0 21216000.0 0.0 1029820000.0 42338500000.0 166972000000.0 24457600000.0 3566530000.0 6070470000.0 6671870000.0 -2.96 [-2.96]
616595000000000.0 6.90983e+16 545381000000.0 1297580000000.0 28457100000.0 201770000000.0 260562000000.0 192841000.0 17404000000.0 1659080000000.0 16378600.0 0.0 1001380000.0 42360500000.0 158220000000.0 22190200000.0 3068540000.0 6313940000.0 6603000000.0 -2.94 [-2.94]
616595000000000.0 6.57358e+16 537216000000.0 1219270000000.0 24860000000.0 201485000000.0 239248000000.0 161431000.0 18211000000.0 1516830000000.0 12621300.0 0.0 973285000.0 42364400000.0 149833000000.0 20112500000.0 2639350000.0 6555260000.0 6528290000.0 -2.92 [-2.92]
616595000000000.0 6.25242e+16 528878000000.0 1144710000000.0 21682100000.0 200842000000.0 219155000000.0 134848000.0 19020100000.0 1383340000000.0 9694760.0 0.0 945334000.0 42350500000.0 141732000000.0 18197500000.0 2267530000.0 6795250000.0 6447360000.0 -2.9 [-2.9]
616595000000000.0 5.94887e+16 520459000000.0 1074530000000.0 18901900000.0 199885000000.0 200422000000.0 112556000.0 19823700000.0 1259480000000.0 7437100.0 0.0 917846000.0 42317100000.0 133998000000.0 16452500000.0 1948050000.0 7031820000.0 6361380000.0 -2.88 [-2.88]
616595000000000.0 5.65897e+16 511883000000.0 1007800000000.0 16452100000.0 198566000000.0 182852000000.0 93744000.0 20623400000.0 1143910000000.0 5687520.0 0.0 890577000.0 42261400000.0 126543000000.0 14849000000.0 1671640000.0 7265620000.0 6270000000.0 -2.86 [-2.86]
616595000000000.0 5.38425e+16 503223000000.0 944894000000.0 14309800000.0 196928000000.0 166519000000.0 77987000.0 21412800000.0 1037070000000.0 4342380.0 0.0 863758000.0 42183500000.0 119421000000.0 13388800000.0 1434030000.0 7495210000.0 6174190000.0 -2.84 [-2.84]
616595000000000.0 5.12323e+16 494466000000.0 885470000000.0 12434400000.0 194966000000.0 151343000000.0 64781400.0 22190500000.0 938370000000.0 3308620.0 0.0 837347000.0 42081400000.0 112603000000.0 12057800000.0 1229480000.0 7720380000.0 6074150000.0 -2.82 [-2.82]
616595000000000.0 4.87521e+16 485621000000.0 829368000000.0 10794700000.0 192690000000.0 137278000000.0 53731600.0 22953900000.0 847433000000.0 2516010.0 0.0 811366000.0 41954100000.0 106082000000.0 10846300000.0 1053500000.0 7940660000.0 5970280000.0 -2.8 [-2.8]
616595000000000.0 4.64016e+16 476721000000.0 776578000000.0 9365680000.0 190129000000.0 124304000000.0 44517000.0 23699300000.0 764054000000.0 1910640.0 0.0 785906000.0 41801400000.0 99870200000.0 9747800000.0 902473000.0 8155330000.0 5863240000.0 -2.78 [-2.78]
