Cloudy_runs/pg0832/z=0.017505/logZ=-1/component_II_PI_nH/component_II_PI_nH_col_density_param.txt
# %ECSV 1.0
# ---
# datatype:
# - {name: H, datatype: float64}
# - {name: H+, datatype: float64}
# - {name: C+, datatype: float64}
# - {name: C+2, datatype: float64}
# - {name: C+3, datatype: float64}
# - {name: N+, datatype: float64}
# - {name: N+2, datatype: float64}
# - {name: N+4, datatype: float64}
# - {name: O, datatype: float64}
# - {name: O+2, datatype: float64}
# - {name: O+5, datatype: float64}
# - {name: O+6, datatype: float64}
# - {name: P+, datatype: float64}
# - {name: Si+, datatype: float64}
# - {name: Si+2, datatype: float64}
# - {name: Si+3, datatype: float64}
# - {name: Si+4, datatype: float64}
# - {name: Fe+, datatype: float64}
# - {name: Al+, datatype: float64}
# - {name: log_nH, datatype: float64}
# - {name: parameters, datatype: string, subtype: 'float64[1]'}
# schema: astropy-2.0
H H+ C+ C+2 C+3 N+ N+2 N+4 O O+2 O+5 O+6 P+ Si+ Si+2 Si+3 Si+4 Fe+ Al+ log_nH parameters
[from data line 178]
616595000000000.0 2198520000000000.0 67073900000.0 5408530000.0 450147.0 16330400000.0 37594000.0 0.0 35506000000.0 199761000.0 0.0 0.0 70458900.0 8604120000.0 490143000.0 3613480.0 30213.6 6862080000.0 747651000.0 -1.44 [-1.44]
616595000000000.0 2113700000000000.0 65128300000.0 5044920000.0 396124.0 15743200000.0 33632400.0 0.0 35460300000.0 178078000.0 0.0 0.0 68405300.0 8366280000.0 453562000.0 3259450.0 26713.7 6729740000.0 726671000.0 -1.42 [-1.42]
616595000000000.0 2032620000000000.0 63256200000.0 4707850000.0 348991.0 15180600000.0 30108100.0 0.0 35413300000.0 158846000.0 0.0 0.0 66438200.0 8137550000.0 419938000.0 2942590.0 23653.0 6599750000.0 706533000.0 -1.4 [-1.4]
616595000000000.0 1955110000000000.0 61455100000.0 4395300000.0 307828.0 14641300000.0 26971100.0 0.0 35365100000.0 141779000.0 0.0 0.0 64554100.0 7917620000.0 389039000.0 2658820.0 20973.2 6472200000.0 687207000.0 -1.38 [-1.38]
616595000000000.0 1880980000000000.0 59722100000.0 4105360000.0 271839.0 14124400000.0 24176800.0 0.0 35315800000.0 126625000.0 0.0 0.0 62749100.0 7706160000.0 360619000.0 2404460.0 18623.3 6347160000.0 668657000.0 -1.36 [-1.36]
616595000000000.0 1809800000000000.0 58048000000.0 3835280000.0 240267.0 13626800000.0 21680600.0 0.0 35265200000.0 113132000.0 0.0 0.0 61012700.0 7502050000.0 334367000.0 2175800.0 16555.4 6224200000.0 650780000.0 -1.34 [-1.34]
616595000000000.0 1742260000000000.0 56450000000.0 3586530000.0 212743.0 13153200000.0 19465100.0 0.0 35214100000.0 101194000.0 0.0 0.0 59362400.0 7307410000.0 310400000.0 1971470.0 14746.2 6104850000.0 633759000.0 -1.32 [-1.32]
616595000000000.0 1677360000000000.0 54905900000.0 3354570000.0 188537.0 12697100000.0 17482800.0 0.0 35161800000.0 90548500.0 0.0 0.0 57774200.0 7119530000.0 288233000.0 1787450.0 13149.2 5987680000.0 617351000.0 -1.3 [-1.3]
616595000000000.0 1615260000000000.0 53419700000.0 3139060000.0 167281.0 12259300000.0 15712500.0 0.0 35108700000.0 81074400.0 0.0 0.0 56251800.0 6938910000.0 267809000.0 1622000.0 11741.4 5873190000.0 601598000.0 -1.28 [-1.28]
616595000000000.0 1555800000000000.0 51989200000.0 2938760000.0 148597.0 11839100000.0 14130600.0 0.0 35054800000.0 72637500.0 0.0 0.0 54792500.0 6765280000.0 248981000.0 1473110.0 10498.6 5761420000.0 586473000.0 -1.26 [-1.26]
616595000000000.0 1498880000000000.0 50612100000.0 2752500000.0 132153.0 11435500000.0 12716000.0 0.0 35000100000.0 65119600.0 0.0 0.0 53393100.0 6598370000.0 231612000.0 1339020.0 9399.92 5652360000.0 571948000.0 -1.24 [-1.24]
616595000000000.0 1444360000000000.0 49286300000.0 2579250000.0 117667.0 11047900000.0 11450300.0 0.0 34944800000.0 58416800.0 0.0 0.0 52051200.0 6437900000.0 215587000.0 1218170.0 8427.53 5546010000.0 558000000.0 -1.22 [-1.22]
616595000000000.0 1392140000000000.0 48009600000.0 2418020000.0 104890.0 10675500000.0 10317100.0 0.0 34888900000.0 52437100.0 0.0 0.0 50764200.0 6283640000.0 200791000.0 1109160.0 7565.71 5442380000.0 544604000.0 -1.2 [-1.2]
616595000000000.0 1342110000000000.0 46780100000.0 2267900000.0 93608.2 10317500000.0 9301760.0 0.0 34832400000.0 47099000.0 0.0 0.0 49529600.0 6135320000.0 187123000.0 1010760.0 6800.85 5341430000.0 531736000.0 -1.18 [-1.18]
616595000000000.0 1294170000000000.0 45595700000.0 2128070000.0 83635.6 9973360000.0 8391480.0 0.0 34775300000.0 42331000.0 0.0 0.0 48345000.0 5992710000.0 174489000.0 921846.0 6121.17 5243160000.0 519374000.0 -1.16 [-1.16]
616595000000000.0 1248210000000000.0 44454700000.0 1997760000.0 74810.4 9642390000.0 7574850.0 0.0 34717900000.0 38069500.0 0.0 0.0 47208300.0 5855590000.0 162805000.0 841453.0 5516.4 5147530000.0 507496000.0 -1.14 [-1.14]
616595000000000.0 1204150000000000.0 43355100000.0 1876270000.0 66991.5 9323990000.0 6841750.0 0.0 34660000000.0 34258200.0 0.0 0.0 46117100.0 5723710000.0 151992000.0 768701.0 4977.57 5054500000.0 496081000.0 -1.12 [-1.12]
616595000000000.0 1161890000000000.0 42295300000.0 1762960000.0 60057.0 9017590000.0 6183250.0 0.0 34601800000.0 30847600.0 0.0 0.0 45069700.0 5596880000.0 141982000.0 702814.0 4496.91 4964060000.0 485111000.0 -1.1 [-1.1]
616595000000000.0 1121360000000000.0 41273600000.0 1657210000.0 53899.8 8722660000.0 5591360.0 0.0 34543300000.0 27793800.0 0.0 0.0 44063900.0 5474890000.0 132708000.0 643094.0 4067.59 4876160000.0 474566000.0 -1.08 [-1.08]
616595000000000.0 1082470000000000.0 40288400000.0 1558490000.0 48426.7 8438660000.0 5059000.0 0.0 34484500000.0 25057500.0 0.0 0.0 43098000.0 5357540000.0 124111000.0 588919.0 3683.63 4790750000.0 464428000.0 -1.06 [-1.06]
616595000000000.0 1045150000000000.0 39338300000.0 1466280000.0 43556.6 8165150000.0 4579920.0 0.0 34425600000.0 22604500.0 0.0 0.0 42170300.0 5244650000.0 116139000.0 539739.0 3339.85 4707790000.0 454681000.0 -1.04 [-1.04]
616595000000000.0 1009330000000000.0 38421600000.0 1380100000.0 39217.8 7901580000.0 4148460.0 0.0 34366400000.0 20403900.0 0.0 0.0 41278800.0 5136010000.0 108739000.0 495052.0 3031.62 4627230000.0 445305000.0 -1.02 [-1.02]
616595000000000.0 974931000000000.0 37536900000.0 1299530000.0 35348.5 7647560000.0 3759690.0 0.0 34307200000.0 18428600.0 0.0 0.0 40422100.0 5031460000.0 101867000.0 454418.0 2754.95 4549010000.0 436287000.0 -1.0 [-1.0]
616595000000000.0 941758000000000.0 36679400000.0 1223870000.0 31886.4 7401700000.0 3408380.0 0.0 34247700000.0 16650400.0 0.0 0.0 39595200.0 4930410000.0 95459200.0 417369.0 2505.82 4472770000.0 427575000.0 -0.98 [-0.98]
616595000000000.0 910168000000000.0 35858600000.0 1153640000.0 28806.9 7166560000.0 3092950.0 0.0 34188700000.0 15060100.0 0.0 0.0 38807200.0 4833990000.0 89549600.0 383767.0 2282.65 4399450000.0 419265000.0 -0.96 [-0.96]
616595000000000.0 879549000000000.0 35059000000.0 1087350000.0 26038.7 6937850000.0 2806840.0 0.0 34129100000.0 13623000.0 0.0 0.0 38042800.0 4740330000.0 84007200.0 353013.0 2080.74 4327660000.0 411197000.0 -0.94 [-0.94]
616595000000000.0 850378000000000.0 34293200000.0 1025760000.0 23571.0 6718980000.0 2549650.0 0.0 34070200000.0 12336100.0 0.0 0.0 37314000.0 4650940000.0 78890600.0 325076.0 1899.45 4258650000.0 403499000.0 -0.92 [-0.92]
616595000000000.0 822212000000000.0 33549800000.0 967796000.0 21353.1 6506860000.0 2316630.0 0.0 34011100000.0 11174500.0 0.0 0.0 36609900.0 4564470000.0 74105200.0 299519.0 1735.4 4191410000.0 396055000.0 -0.9 [-0.9]
616595000000000.0 795127000000000.0 32831200000.0 913445000.0 19362.5 6302050000.0 2105910.0 0.0 33952200000.0 10128100.0 0.0 0.0 35932300.0 4481170000.0 69645400.0 276170.0 1587.13 4126200000.0 388886000.0 -0.88 [-0.88]
616595000000000.0 769078000000000.0 32136200000.0 862460000.0 17574.1 6104270000.0 1915250.0 0.0 33893400000.0 9184760.0 0.0 0.0 35280100.0 4400920000.0 65486900.0 254824.0 1452.97 4062960000.0 381982000.0 -0.86 [-0.86]
616595000000000.0 744018000000000.0 31464000000.0 814612000.0 15965.7 5913230000.0 1742650.0 0.0 33834900000.0 8333930.0 0.0 0.0 34652400.0 4323590000.0 61607100.0 235293.0 1331.45 4001650000.0 375332000.0 -0.84 [-0.84]
616595000000000.0 719904000000000.0 30813500000.0 769685000.0 14517.8 5728640000.0 1586310.0 0.0 33776600000.0 7566070.0 0.0 0.0 34048000.0 4249060000.0 57985200.0 217410.0 1221.26 3942210000.0 368924000.0 -0.82 [-0.82]
616595000000000.0 696695000000000.0 30183800000.0 727483000.0 13213.1 5550250000.0 1444620.0 0.0 33718500000.0 6872680.0 0.0 0.0 33465900.0 4177230000.0 54602000.0 201023.0 1121.24 3884580000.0 362749000.0 -0.8 [-0.8]
616595000000000.0 674351000000000.0 29574100000.0 687821000.0 12036.2 5377800000.0 1316150.0 0.0 33660800000.0 6246180.0 0.0 0.0 32905200.0 4107970000.0 51439900.0 185997.0 1030.35 3828710000.0 356797000.0 -0.78 [-0.78]
616595000000000.0 652836000000000.0 28983500000.0 650531000.0 10973.6 5211060000.0 1199600.0 0.0 33603400000.0 5679790.0 0.0 0.0 32365000.0 4041190000.0 48482800.0 172208.0 947.687 3774550000.0 351059000.0 -0.76 [-0.76]
616595000000000.0 632023000000000.0 28408700000.0 615318000.0 10011.4 5049150000.0 1093580.0 0.0 33546100000.0 5166340.0 0.0 0.0 31842100.0 3976490000.0 45704600.0 159524.0 872.282 3721820000.0 345502000.0 -0.74 [-0.74]
616595000000000.0 612143000000000.0 27856300000.0 582436000.0 9144.58 4893750000.0 997724.0 0.0 33489700000.0 4703700.0 0.0 0.0 31342500.0 3914630000.0 43123600.0 147908.0 803.82 3671150000.0 340188000.0 -0.72 [-0.72]
616595000000000.0 592906000000000.0 27318400000.0 551361000.0 8358.1 4742830000.0 910441.0 0.0 33433500000.0 4283800.0 0.0 0.0 30858700.0 3854680000.0 40696700.0 137208.0 741.247 3621830000.0 335042000.0 -0.7 [-0.7]
616595000000000.0 574365000000000.0 26796500000.0 522091000.0 7645.35 4596780000.0 831103.0 0.0 33377800000.0 3903330.0 0.0 0.0 30392300.0 3796840000.0 38422400.0 127361.0 684.111 3574020000.0 330076000.0 -0.68 [-0.68]
616595000000000.0 556488000000000.0 26290100000.0 494509000.0 6998.81 4455390000.0 758948.0 0.0 33322400000.0 3558400.0 0.0 0.0 29942300.0 3741000000.0 36289000.0 118293.0 631.889 3527670000.0 325284000.0 -0.66 [-0.66]
616595000000000.0 539252000000000.0 25798500000.0 468510000.0 6411.84 4318530000.0 693304.0 0.0 33267600000.0 3245530.0 0.0 0.0 29508300.0 3687100000.0 34287800.0 109936.0 584.118 3482740000.0 320658000.0 -0.64 [-0.64]
616595000000000.0 522621000000000.0 25320900000.0 443985000.0 5878.43 4185940000.0 633535.0 0.0 33213200000.0 2961560.0 0.0 0.0 29089300.0 3635050000.0 32406700.0 102230.0 540.371 3439170000.0 316192000.0 -0.62 [-0.62]
616595000000000.0 506586000000000.0 24857100000.0 420856000.0 5393.41 4057640000.0 579134.0 0.0 33159400000.0 2703750.0 0.0 0.0 28685200.0 3584800000.0 30643400.0 95120.5 500.29 3396950000.0 311882000.0 -0.6 [-0.6]
616595000000000.0 491039000000000.0 24404200000.0 398940000.0 4951.07 3932780000.0 529446.0 0.0 33105900000.0 2469030.0 0.0 0.0 28293200.0 3536030000.0 28975500.0 88544.9 463.458 3355840000.0 307699000.0 -0.58 [-0.58]
616595000000000.0 476101000000000.0 23965800000.0 378327000.0 4548.94 3812320000.0 484270.0 0.0 33053100000.0 2256160.0 0.0 0.0 27916500.0 3489120000.0 27414700.0 82479.9 0.0 3316150000.0 303677000.0 -0.56 [-0.56]
616595000000000.0 461680000000000.0 23539400000.0 358858000.0 4182.31 3695600000.0 443078.0 0.0 33000900000.0 2062560.0 0.0 0.0 27552600.0 3443800000.0 25946100.0 76872.7 0.0 3277680000.0 299791000.0 -0.54 [-0.54]
616595000000000.0 447755000000000.0 23124500000.0 340460000.0 3847.78 3582470000.0 405504.0 0.0 32949300000.0 1886420.0 0.0 0.0 27201100.0 3399990000.0 24563200.0 71685.2 0.0 3240370000.0 296036000.0 -0.52 [-0.52]
616595000000000.0 434355000000000.0 22722100000.0 323124000.0 0.0 3473160000.0 371276.0 0.0 32898500000.0 1726350.0 0.0 0.0 26862800.0 3357800000.0 23264100.0 66889.5 0.0 3204330000.0 292420000.0 -0.5 [-0.5]
616595000000000.0 421359000000000.0 22328600000.0 306674000.0 0.0 3366830000.0 339970.0 0.0 32848000000.0 1580270.0 0.0 0.0 26534500.0 3316850000.0 22036000.0 62441.2 0.0 3169230000.0 288911000.0 -0.48 [-0.48]
616595000000000.0 408803000000000.0 21945300000.0 291114000.0 0.0 3263740000.0 311383.0 0.0 32798200000.0 1447160.0 0.0 0.0 26217300.0 3277240000.0 20877900.0 58318.5 0.0 3135200000.0 285517000.0 -0.46 [-0.46]
616595000000000.0 396667000000000.0 21571700000.0 276390000.0 0.0 3163770000.0 285267.0 0.0 32749000000.0 1325810.0 0.0 0.0 25910600.0 3238930000.0 19785200.0 54495.3 0.0 3102180000.0 282236000.0 -0.44 [-0.44]
616595000000000.0 384935000000000.0 21207500000.0 262451000.0 0.0 3066800000.0 261400.0 0.0 32700400000.0 1215130.0 0.0 0.0 25614000.0 3201870000.0 18753400.0 50947.7 0.0 3070160000.0 279061000.0 -0.42 [-0.42]
616595000000000.0 373595000000000.0 20852200000.0 249256000.0 0.0 2972770000.0 239586.0 0.0 32652400000.0 1114140.0 0.0 0.0 25327200.0 3166010000.0 17779500.0 47654.3 0.0 3039100000.0 275991000.0 -0.4 [-0.4]
616595000000000.0 362622000000000.0 20505500000.0 236752000.0 0.0 2881490000.0 219630.0 0.0 32605000000.0 1021930.0 0.0 0.0 25049600.0 3131290000.0 16857900.0 44594.5 0.0 3008950000.0 273018000.0 -0.38 [-0.38]
616595000000000.0 352011000000000.0 20167000000.0 224907000.0 0.0 2792960000.0 201378.0 0.0 32558300000.0 937720.0 0.0 0.0 24781100.0 3097680000.0 15987200.0 41750.7 0.0 2979710000.0 270142000.0 -0.36 [-0.36]
616595000000000.0 341744000000000.0 19836400000.0 213679000.0 0.0 2707030000.0 184675.0 0.0 32512200000.0 860772.0 0.0 0.0 24521200.0 3065140000.0 15163200.0 39105.9 0.0 2951320000.0 267357000.0 -0.34 [-0.34]
616595000000000.0 331812000000000.0 19513600000.0 203037000.0 0.0 2623680000.0 169391.0 0.0 32466800000.0 790439.0 0.0 0.0 24269800.0 3033640000.0 14384400.0 36645.2 0.0 2923790000.0 264661000.0 -0.32 [-0.32]
616595000000000.0 322194000000000.0 19198000000.0 192941000.0 0.0 2542720000.0 155391.0 0.0 32422000000.0 726110.0 0.0 0.0 24026200.0 3003120000.0 13645500.0 34354.2 0.0 2897050000.0 262050000.0 -0.3 [-0.3]
616595000000000.0 312884000000000.0 18889400000.0 183366000.0 0.0 2464140000.0 142569.0 0.0 32377900000.0 667257.0 0.0 0.0 23790300.0 2973540000.0 12945700.0 32220.2 0.0 2871100000.0 259521000.0 -0.28 [-0.28]
616595000000000.0 303870000000000.0 18587600000.0 174281000.0 0.0 2387860000.0 130824.0 0.0 32334400000.0 613392.0 0.0 0.0 23562000.0 2944890000.0 12282800.0 30231.5 0.0 2845910000.0 257071000.0 -0.26 [-0.26]
616595000000000.0 295140000000000.0 18292300000.0 165659000.0 0.0 2313790000.0 120060.0 0.0 32291600000.0 564070.0 0.0 0.0 23340700.0 2917120000.0 11653900.0 28377.3 0.0 2821450000.0 254697000.0 -0.24 [-0.24]
616595000000000.0 286682000000000.0 18003200000.0 157474000.0 0.0 2241830000.0 110192.0 0.0 32249400000.0 518890.0 0.0 0.0 23126300.0 2890200000.0 11056600.0 26647.5 0.0 2797690000.0 252396000.0 -0.22 [-0.22]
616595000000000.0 278462000000000.0 17719200000.0 149682000.0 0.0 2171770000.0 101132.0 0.0 32207700000.0 477427.0 0.0 0.0 22917900.0 2864010000.0 10488500.0 25031.6 0.0 2774550000.0 250158000.0 -0.2 [-0.2]
616595000000000.0 270522000000000.0 17442000000.0 142302000.0 0.0 2103880000.0 92835.4 0.0 32166800000.0 439479.0 0.0 0.0 22716500.0 2838700000.0 9950090.0 23524.2 0.0 2752150000.0 247996000.0 -0.18 [-0.18]
616595000000000.0 262849000000000.0 17171300000.0 135308000.0 0.0 2038090000.0 85233.9 0.0 32126700000.0 404726.0 0.0 0.0 22521900.0 2814230000.0 9439360.0 22117.2 0.0 2730460000.0 245906000.0 -0.16 [-0.16]
616595000000000.0 255383000000000.0 16904900000.0 128645000.0 0.0 1973970000.0 78248.0 0.0 32087000000.0 372789.0 0.0 0.0 22332400.0 2790400000.0 8952530.0 20800.9 0.0 2709310000.0 243872000.0 -0.14 [-0.14]
616595000000000.0 248147000000000.0 16643800000.0 122315000.0 0.0 1911660000.0 71837.1 0.0 32048100000.0 343484.0 0.0 0.0 22148800.0 2767280000.0 8489320.0 19570.2 0.0 2688760000.0 241899000.0 -0.12 [-0.12]
616595000000000.0 241126000000000.0 16387600000.0 116296000.0 0.0 1851070000.0 65950.7 0.0 32009700000.0 316577.0 0.0 0.0 21970600.0 2744840000.0 8048070.0 18418.8 0.0 2668800000.0 239984000.0 -0.1 [-0.1]
616595000000000.0 234316000000000.0 16136300000.0 110576000.0 0.0 1792160000.0 60545.8 0.0 31971900000.0 291866.0 0.0 0.0 21797700.0 2723050000.0 7627810.0 17341.3 0.0 2649390000.0 238126000.0 -0.08 [-0.08]
616595000000000.0 227707000000000.0 15889600000.0 105136000.0 0.0 1734860000.0 55581.5 0.0 31934800000.0 269163.0 0.0 0.0 21629800.0 2701890000.0 7227200.0 16332.4 0.0 2630530000.0 236322000.0 -0.06 [-0.06]
616595000000000.0 221292000000000.0 15647300000.0 99963800.0 0.0 1679110000.0 51020.9 0.0 31898300000.0 248298.0 0.0 0.0 21466900.0 2681340000.0 6845050.0 15387.5 0.0 2612180000.0 234571000.0 -0.04 [-0.04]
616595000000000.0 215065000000000.0 15409400000.0 95044300.0 0.0 1624870000.0 46830.3 0.0 31862400000.0 229116.0 0.0 0.0 21308700.0 2661380000.0 6480310.0 14502.0 0.0 2594350000.0 232870000.0 -0.02 [-0.02]
