Cloudy_runs/h1821/z=0.224981/component_III_PI_nH/component_III_PI_nH_col_density_param.txt
# %ECSV 1.0
# ---
# datatype:
# - {name: H, datatype: float64}
# - {name: H+, datatype: float64}
# - {name: C+, datatype: float64}
# - {name: C+2, datatype: float64}
# - {name: C+3, datatype: float64}
# - {name: N+, datatype: float64}
# - {name: N+2, datatype: float64}
# - {name: N+4, datatype: float64}
# - {name: O, datatype: float64}
# - {name: O+2, datatype: float64}
# - {name: O+5, datatype: float64}
# - {name: O+6, datatype: float64}
# - {name: P+, datatype: float64}
# - {name: Si+, datatype: float64}
# - {name: Si+2, datatype: float64}
# - {name: Si+3, datatype: float64}
# - {name: Si+4, datatype: float64}
# - {name: log_nH, datatype: float64}
# - {name: log_Te, datatype: float64}
# - {name: parameters, datatype: string, subtype: 'float64[1]'}
# schema: astropy-2.0
H H+ C+ C+2 C+3 N+ N+2 N+4 O O+2 O+5 O+6 P+ Si+ Si+2 Si+3 Si+4 log_nH log_Te parameters
30199500000000.0 1.86878e+18 915380000.0 188091000000.0 1021560000000.0 63695500.0 27767000000.0 1220820000000.0 3655.92 69787700000.0 19102600000000.0 46513000000000.0 21287.5 314641.0 19902300.0 130364000.0 22502900000.0 -5.0 4.598 [-5.0]
30199500000000.0 1.76666e+18 1001990000.0 200629000000.0 1047680000000.0 69971700.0 29806600000.0 1219860000000.0 4093.63 75320100000.0 18485700000000.0 42732400000000.0 25446.7 380121.0 23442800.0 148416000.0 24236700000.0 -4.98 4.593 [-4.98]
30199500000000.0 1.67053e+18 1095390000.0 213701000000.0 1073070000000.0 76821700.0 31968100000.0 1217220000000.0 4584.45 81216400000.0 17853000000000.0 39192400000000.0 30358.7 458223.0 27563200.0 168677000.0 26064400000.0 -4.96 4.587 [-4.96]
30199500000000.0 1.58001e+18 1196060000.0 227314000000.0 1097650000000.0 84297200.0 34257100000.0 1212880000000.0 5135.32 87493300000.0 17206900000000.0 35883800000000.0 36151.9 551198.0 32350600.0 191378000.0 27987500000.0 -4.94 4.582 [-4.94]
30199500000000.0 1.49474e+18 1304450000.0 241472000000.0 1121370000000.0 92447800.0 36678000000.0 1206850000000.0 5753.33 94162300000.0 16550300000000.0 32797000000000.0 42971.8 661647.0 37903100.0 216767000.0 30007200000.0 -4.92 4.577 [-4.92]
30199500000000.0 1.41438e+18 1421040000.0 256177000000.0 1144200000000.0 101326000.0 39234600000.0 1199130000000.0 6446.42 101234000000.0 15885800000000.0 29922400000000.0 50986.9 792589.0 44332400.0 245116000.0 32124600000.0 -4.9 4.572 [-4.9]
30199500000000.0 1.33861e+18 1546330000.0 271432000000.0 1166070000000.0 110988000.0 41930600000.0 1189750000000.0 7223.44 108718000000.0 15216200000000.0 27250700000000.0 60390.4 947513.0 51764200.0 276716000.0 34340200000.0 -4.88 4.567 [-4.88]
30199500000000.0 1.26716e+18 1680840000.0 287236000000.0 1186930000000.0 121489000.0 44769000000.0 1178710000000.0 8094.06 116621000000.0 14544000000000.0 24772200000000.0 71403.7 1130440.0 60340800.0 311883000.0 36654200000.0 -4.86 4.562 [-4.86]
30199500000000.0 1.19974e+18 1825100000.0 303589000000.0 1206760000000.0 132888000.0 47752000000.0 1166040000000.0 9069.06 124949000000.0 13872100000000.0 22477300000000.0 84280.2 1346020.0 70222200.0 350955000.0 39066500000.0 -4.84 4.557 [-4.84]
30199500000000.0 1.1361e+18 1979710000.0 320490000000.0 1225490000000.0 145252000.0 50882300000.0 1151770000000.0 10160.9 133707000000.0 13202800000000.0 20356900000000.0 99312.4 1599580.0 81589000.0 394294000.0 41576300000.0 -4.82 4.553 [-4.82]
30199500000000.0 1.07602e+18 2145110000.0 337925000000.0 1243100000000.0 158627000.0 54158100000.0 1135930000000.0 11381.1 142889000000.0 12539000000000.0 18401900000000.0 116818.0 1897130.0 94639900.0 442287000.0 44182400000.0 -4.8 4.548 [-4.8]
30199500000000.0 1.01926e+18 2321960000.0 355895000000.0 1259540000000.0 173087000.0 57581400000.0 1118550000000.0 12745.4 152500000000.0 11882800000000.0 16602700000000.0 137181.0 2245720.0 109604000.0 495354000.0 46883300000.0 -4.78 4.544 [-4.78]
30199500000000.0 9.65653e+17 2510990000.0 374393000000.0 1274780000000.0 188710000.0 61153100000.0 1099690000000.0 14271.6 162542000000.0 11236700000000.0 14951200000000.0 160832.0 2653270.0 126730000.0 553913000.0 49675900000.0 -4.76 4.539 [-4.76]
30199500000000.0 9.14998e+17 2712760000.0 393407000000.0 1288780000000.0 205555000.0 64870400000.0 1079390000000.0 15977.2 173007000000.0 10602600000000.0 13438200000000.0 188253.0 3128820.0 146301000.0 618438000.0 52557800000.0 -4.74 4.535 [-4.74]
30199500000000.0 8.671e+17 2927720000.0 412915000000.0 1301510000000.0 223667000.0 68727400000.0 1057720000000.0 17879.8 183879000000.0 9982730000000.0 12054900000000.0 219969.0 3682550.0 168629000.0 689438000.0 55525700000.0 -4.72 4.531 [-4.72]
30199500000000.0 8.218e+17 3156500000.0 432901000000.0 1312930000000.0 243110000.0 72720000000.0 1034740000000.0 20001.4 195149000000.0 9378720000000.0 10793000000000.0 256590.0 4326020.0 194059000.0 767437000.0 58575400000.0 -4.7 4.526 [-4.7]
30199500000000.0 7.78945e+17 3399650000.0 453341000000.0 1323030000000.0 263941000.0 76842100000.0 1010520000000.0 22365.7 206802000000.0 8792240000000.0 9644510000000.0 298795.0 5072260.0 222975000.0 852988000.0 61702300000.0 -4.68 4.522 [-4.68]
30199500000000.0 7.38392e+17 3657750000.0 474212000000.0 1331760000000.0 286214000.0 81086300000.0 985148000000.0 24999.1 218822000000.0 8224720000000.0 8601500000000.0 347341.0 5935920.0 255800000.0 946674000.0 64900700000.0 -4.66 4.518 [-4.66]
30199500000000.0 7.00007e+17 3931310000.0 495483000000.0 1339100000000.0 309977000.0 85443400000.0 958701000000.0 27930.4 231190000000.0 7677350000000.0 7656450000000.0 403072.0 6933420.0 293001000.0 1049110000.0 68164500000.0 -4.64 4.514 [-4.64]
30199500000000.0 6.63667e+17 4220870000.0 517122000000.0 1345020000000.0 335277000.0 89903700000.0 931276000000.0 31192.4 243887000000.0 7151180000000.0 6802110000000.0 466929.0 8083100.0 335090000.0 1160930000.0 71486600000.0 -4.62 4.51 [-4.62]
30199500000000.0 6.29258e+17 4526950000.0 539092000000.0 1349510000000.0 362157000.0 94455700000.0 902974000000.0 34821.2 256891000000.0 6647010000000.0 6031530000000.0 539956.0 9405450.0 382629000.0 1282790000.0 74859500000.0 -4.6 4.506 [-4.6]
30199500000000.0 5.96672e+17 4850060000.0 561355000000.0 1352530000000.0 390660000.0 99087700000.0 873899000000.0 38858.1 270180000000.0 6165460000000.0 5338120000000.0 623318.0 10923300.0 436232000.0 1415370000.0 78274500000.0 -4.58 4.502 [-4.58]
30199500000000.0 5.65798e+17 5190370000.0 583856000000.0 1354070000000.0 420789000.0 103783000000.0 844159000000.0 43344.0 283722000000.0 5706920000000.0 4715450000000.0 718239.0 12661500.0 496567000.0 1559420000.0 81722700000.0 -4.56 4.498 [-4.56]
30199500000000.0 5.36544e+17 5548280000.0 606546000000.0 1354110000000.0 452572000.0 108526000000.0 813867000000.0 48329.9 297492000000.0 5271640000000.0 4157580000000.0 826120.0 14648100.0 564362000.0 1715650000.0 85194100000.0 -4.54 4.494 [-4.54]
30199500000000.0 5.08825e+17 5924200000.0 629376000000.0 1352630000000.0 486037000.0 113304000000.0 783142000000.0 53873.0 311466000000.0 4859680000000.0 3658950000000.0 948503.0 16913700.0 640407000.0 1884810000.0 88677900000.0 -4.52 4.49 [-4.52]
30199500000000.0 4.82557e+17 6318380000.0 652286000000.0 1349620000000.0 521191000.0 118098000000.0 752105000000.0 60036.2 325615000000.0 4470940000000.0 3214230000000.0 1087060.0 19491900.0 725553000.0 2067650000.0 92162600000.0 -4.5 4.486 [-4.5]
30199500000000.0 4.57663e+17 6731040000.0 675215000000.0 1345070000000.0 558043000.0 122892000000.0 720872000000.0 66890.8 339911000000.0 4105170000000.0 2818460000000.0 1243610.0 22419500.0 820720000.0 2264940000.0 95636100000.0 -4.48 4.482 [-4.48]
30199500000000.0 4.34063e+17 7162510000.0 698105000000.0 1338970000000.0 596611000.0 127670000000.0 689558000000.0 74520.0 354332000000.0 3761890000000.0 2466960000000.0 1420210.0 25737800.0 926921000.0 2477460000.0 99086200000.0 -4.46 4.478 [-4.46]
30199500000000.0 4.11697e+17 7612010000.0 720852000000.0 1331320000000.0 636809000.0 132406000000.0 658299000000.0 83000.6 368826000000.0 3440810000000.0 2155590000000.0 1618730.0 29487000.0 1045140000.0 2705930000.0 102498000000.0 -4.44 4.475 [-4.44]
30199500000000.0 3.90495e+17 8080510000.0 743421000000.0 1322130000000.0 678719000.0 137091000000.0 627194000000.0 92449.8 383388000000.0 3141130000000.0 1880260000000.0 1841770.0 33717900.0 1176570000.0 2951120000.0 105859000000.0 -4.42 4.471 [-4.42]
30199500000000.0 3.70402e+17 8568010000.0 765734000000.0 1311380000000.0 722332000.0 141706000000.0 596360000000.0 102984.0 397989000000.0 2862210000000.0 1637340000000.0 2091900.0 38481200.0 1322410000.0 3213690000.0 109154000000.0 -4.4 4.467 [-4.4]
30199500000000.0 3.51352e+17 9073740000.0 787692000000.0 1299100000000.0 767572000.0 146229000000.0 565904000000.0 114725.0 412588000000.0 2603270000000.0 1423420000000.0 2371640.0 43830700.0 1483900000.0 3494410000.0 112368000000.0 -4.38 4.463 [-4.38]
30199500000000.0 3.33291e+17 9597460000.0 809214000000.0 1285300000000.0 814422000.0 150643000000.0 535925000000.0 127820.0 427158000000.0 2363490000000.0 1235420000000.0 2683890.0 49825600.0 1662390000.0 3793960000.0 115486000000.0 -4.36 4.459 [-4.36]
30199500000000.0 3.16169e+17 10138800000.0 830213000000.0 1270000000000.0 862852000.0 154931000000.0 506520000000.0 142434.0 441669000000.0 2141990000000.0 1070540000000.0 3031720.0 56528000.0 1859260000.0 4112910000.0 118492000000.0 -4.34 4.455 [-4.34]
30199500000000.0 2.99936e+17 10697500000.0 850611000000.0 1253220000000.0 912859000.0 159078000000.0 477772000000.0 158763.0 456099000000.0 1937850000000.0 926200000000.0 3418520.0 64006500.0 2076030000.0 4451810000.0 121372000000.0 -4.32 4.452 [-4.32]
30199500000000.0 2.84546e+17 11272900000.0 870315000000.0 1234990000000.0 964397000.0 163067000000.0 449761000000.0 177016.0 470415000000.0 1750160000000.0 800080000000.0 3847700.0 72331200.0 2314190000.0 4811150000.0 124109000000.0 -4.3 4.448 [-4.3]
30199500000000.0 2.69956e+17 11864300000.0 889239000000.0 1215350000000.0 1017450000.0 166885000000.0 422557000000.0 197436.0 484592000000.0 1577980000000.0 690091000000.0 4322960.0 81576900.0 2575330000.0 5191290000.0 126687000000.0 -4.28 4.444 [-4.28]
30199500000000.0 2.5612e+17 12471500000.0 907304000000.0 1194330000000.0 1072000000.0 170520000000.0 396211000000.0 220307.0 498608000000.0 1420330000000.0 594309000000.0 4848420.0 91827200.0 2861180000.0 5592630000.0 129092000000.0 -4.26 4.44 [-4.26]
30199500000000.0 2.43009e+17 13092100000.0 924390000000.0 1172020000000.0 1127930000.0 173952000000.0 370802000000.0 245906.0 512417000000.0 1276430000000.0 511121000000.0 5427270.0 103150000.0 3173110000.0 6015090000.0 131306000000.0 -4.24 4.437 [-4.24]
30199500000000.0 2.30577e+17 13726700000.0 940450000000.0 1148440000000.0 1185320000.0 177178000000.0 346347000000.0 274617.0 526014000000.0 1145240000000.0 438934000000.0 6064570.0 115645000.0 3513070000.0 6458890000.0 133317000000.0 -4.22 4.433 [-4.22]
30199500000000.0 2.1879e+17 14373300000.0 955379000000.0 1123660000000.0 1244070000.0 180184000000.0 322887000000.0 306818.0 539361000000.0 1025920000000.0 376412000000.0 6764120.0 129394000.0 3882630000.0 6923910000.0 135110000000.0 -4.2 4.429 [-4.2]
30199500000000.0 2.07619e+17 15031900000.0 969127000000.0 1097750000000.0 1304250000.0 182965000000.0 300451000000.0 342973.0 552444000000.0 917614000000.0 322364000000.0 7530950.0 144493000.0 4283540000.0 7409660000.0 136671000000.0 -4.18 4.426 [-4.18]
30199500000000.0 1.97021e+17 15699900000.0 981586000000.0 1070780000000.0 1365740000.0 185507000000.0 279041000000.0 383582.0 565230000000.0 819450000000.0 275679000000.0 8369020.0 161035000.0 4717520000.0 7916130000.0 137988000000.0 -4.16 4.422 [-4.16]
30199500000000.0 1.86981e+17 16375500000.0 992685000000.0 1042870000000.0 1428470000.0 187805000000.0 258696000000.0 429166.0 577683000000.0 730767000000.0 235476000000.0 9281960.0 179091000.0 5185690000.0 8442050000.0 139047000000.0 -4.14 4.419 [-4.14]
30199500000000.0 1.77454e+17 17058600000.0 1002380000000.0 1014050000000.0 1492540000.0 189855000000.0 239380000000.0 480444.0 589800000000.0 650650000000.0 200845000000.0 10275700.0 198790000.0 5690260000.0 8987210000.0 139839000000.0 -4.12 4.415 [-4.12]
30199500000000.0 1.68426e+17 17746400000.0 1010600000000.0 984452000000.0 1557830000.0 191652000000.0 221115000000.0 538074.0 601544000000.0 578511000000.0 171100000000.0 11353000.0 220195000.0 6232070000.0 9550020000.0 140354000000.0 -4.1 4.411 [-4.1]
30199500000000.0 1.5987e+17 18437300000.0 1017310000000.0 954185000000.0 1624310000.0 193192000000.0 203890000000.0 602854.0 612891000000.0 513671000000.0 145589000000.0 12517700.0 243390000.0 6812290000.0 10129100000.0 140584000000.0 -4.08 4.408 [-4.08]
30199500000000.0 1.51748e+17 19130500000.0 1022450000000.0 923293000000.0 1692060000.0 194474000000.0 187660000000.0 675796.0 623832000000.0 455399000000.0 123707000000.0 13775200.0 268504000.0 7432740000.0 10723400000.0 140521000000.0 -4.06 4.404 [-4.06]
30199500000000.0 1.44056e+17 19822500000.0 1026000000000.0 891957000000.0 1760920000.0 195496000000.0 172439000000.0 757779.0 634328000000.0 403234000000.0 105002000000.0 15126100.0 295556000.0 8093200000.0 11330300000.0 140161000000.0 -4.04 4.401 [-4.04]
30199500000000.0 1.36757e+17 20512700000.0 1027930000000.0 860224000000.0 1830960000.0 196258000000.0 158173000000.0 850069.0 644370000000.0 356532000000.0 89009500000.0 16574900.0 324666000.0 8795060000.0 11948200000.0 139498000000.0 -4.02 4.397 [-4.02]
30199500000000.0 1.29834e+17 21198400000.0 1028230000000.0 828225000000.0 1902120000.0 196760000000.0 144842000000.0 953916.0 653931000000.0 314814000000.0 75360900000.0 18122700.0 355881000.0 9538280000.0 12574500000.0 138532000000.0 -4.0 4.394 [-4.0]
30199500000000.0 1.23268e+17 21877800000.0 1026900000000.0 796068000000.0 1974380000.0 197005000000.0 132413000000.0 1070770.0 662995000000.0 277606000000.0 63728500000.0 19770900.0 389254000.0 10322800000.0 13206500000.0 137262000000.0 -3.98 4.39 [-3.98]
30199500000000.0 1.17041e+17 22549200000.0 1023940000000.0 763861000000.0 2047740000.0 196995000000.0 120851000000.0 1202260.0 671540000000.0 244472000000.0 53827100000.0 21519800.0 424826000.0 11148100000.0 13841000000.0 135689000000.0 -3.96 4.387 [-3.96]
30199500000000.0 1.11134e+17 23210500000.0 1019370000000.0 731711000000.0 2122160000.0 196734000000.0 110118000000.0 1350190.0 679548000000.0 215011000000.0 45409600000.0 23368600.0 462621000.0 12013100000.0 14474900000.0 133817000000.0 -3.94 4.384 [-3.94]
30199500000000.0 1.05531e+17 23859400000.0 1013230000000.0 699723000000.0 2197600000.0 196224000000.0 100175000000.0 1516590.0 686999000000.0 188853000000.0 38262400000.0 25315000.0 502641000.0 12916500000.0 15104500000.0 131652000000.0 -3.92 4.38 [-3.92]
30199500000000.0 1.00214e+17 24494100000.0 1005530000000.0 667999000000.0 2274050000.0 195472000000.0 90985100000.0 1703740.0 693875000000.0 165663000000.0 32201100000.0 27355900.0 544869000.0 13856100000.0 15726100000.0 129201000000.0 -3.9 4.377 [-3.9]
30199500000000.0 9.5169e+16 25112700000.0 996338000000.0 636635000000.0 2351470000.0 194482000000.0 82506900000.0 1914160.0 700160000000.0 145132000000.0 27067100000.0 29486700.0 589266000.0 14829200000.0 16335500000.0 126474000000.0 -3.88 4.374 [-3.88]
30199500000000.0 9.03816e+16 25713400000.0 985699000000.0 605722000000.0 2429850000.0 193261000000.0 74701200000.0 2150680.0 705835000000.0 126981000000.0 22723600000.0 31701500.0 635769000.0 15832600000.0 16928500000.0 123484000000.0 -3.86 4.37 [-3.86]
30199500000000.0 8.58381e+16 26294500000.0 973679000000.0 575347000000.0 2509150000.0 191815000000.0 67528700000.0 2416450.0 710884000000.0 110957000000.0 19053500000.0 33993000.0 684283000.0 16862300000.0 17500700000.0 120244000000.0 -3.84 4.367 [-3.84]
30199500000000.0 8.15214e+16 26854800000.0 960331000000.0 545560000000.0 2589400000.0 190150000000.0 60944700000.0 2715210.0 715291000000.0 96816300000.0 15953400000.0 36354100.0 734739000.0 17914200000.0 18047600000.0 116766000000.0 -3.82 4.364 [-3.82]
30199500000000.0 7.74278e+16 27392200000.0 945767000000.0 516491000000.0 2670490000.0 188277000000.0 54923300000.0 3050420.0 719042000000.0 84378000000.0 13342600000.0 38771700.0 786894000.0 18982000000.0 18564500000.0 113077000000.0 -3.8 4.36 [-3.8]
30199500000000.0 7.35419e+16 27906200000.0 930061000000.0 488176000000.0 2752480000.0 186205000000.0 49421700000.0 3426630.0 722123000000.0 73441800000.0 11144700000.0 41236800.0 840619000.0 20060300000.0 19046700000.0 109193000000.0 -3.78 4.357 [-3.78]
30199500000000.0 6.98526e+16 28395500000.0 913295000000.0 460672000000.0 2835330000.0 183941000000.0 44403900000.0 3848640.0 724520000000.0 63838400000.0 9296540000.0 43736800.0 895704000.0 21142600000.0 19489900000.0 105136000000.0 -3.76 4.354 [-3.76]
