Cloudy_runs/h1821/z=0.224981/component_III_PI_nH/component_III_PI_nH_col_density_param.txt
# %ECSV 1.0
# ---
# datatype:
# - {name: H, datatype: float64}
# - {name: H+, datatype: float64}
# - {name: C+, datatype: float64}
# - {name: C+2, datatype: float64}
# - {name: C+3, datatype: float64}
# - {name: N+, datatype: float64}
# - {name: N+2, datatype: float64}
# - {name: N+4, datatype: float64}
# - {name: O, datatype: float64}
# - {name: O+2, datatype: float64}
# - {name: O+5, datatype: float64}
# - {name: O+6, datatype: float64}
# - {name: P+, datatype: float64}
# - {name: Si+, datatype: float64}
# - {name: Si+2, datatype: float64}
# - {name: Si+3, datatype: float64}
# - {name: Si+4, datatype: float64}
# - {name: log_nH, datatype: float64}
# - {name: log_Te, datatype: float64}
# - {name: parameters, datatype: string, subtype: 'float64[1]'}
# schema: astropy-2.0
H H+ C+ C+2 C+3 N+ N+2 N+4 O O+2 O+5 O+6 P+ Si+ Si+2 Si+3 Si+4 log_nH log_Te parameters
[from data line 64]
30199500000000.0 6.30233e+16 29295700000.0 876951000000.0 408290000000.0 3003560000.0 178875000000.0 35684600000.0 4851890.0 727209000000.0 48041800000.0 6442500000.0 48787200.0 1008960000.0 23289500000.0 20242100000.0 96598800000.0 -3.72 4.347 [-3.72]
30199500000000.0 5.98642e+16 29705700000.0 857563000000.0 383484000000.0 3088960000.0 176094000000.0 31918300000.0 5445600.0 727478000000.0 41590800000.0 5351840000.0 51310200.0 1066590000.0 24338700000.0 20543000000.0 92169400000.0 -3.7 4.344 [-3.7]
30199500000000.0 5.68678e+16 30088500000.0 837528000000.0 359666000000.0 3175200000.0 173165000000.0 28511200000.0 6109410.0 727026000000.0 35962200000.0 4440340000.0 53810900.0 1124420000.0 25360500000.0 20789500000.0 87674000000.0 -3.68 4.341 [-3.68]
30199500000000.0 5.40183e+16 30443900000.0 816880000000.0 336799000000.0 3262370000.0 170090000000.0 25427300000.0 6852450.0 725829000000.0 31046600000.0 3677920000.0 56278400.0 1182270000.0 26347300000.0 20978200000.0 83129300000.0 -3.66 4.337 [-3.66]
30199500000000.0 5.13084e+16 30772000000.0 795708000000.0 314896000000.0 3350500000.0 166878000000.0 22640600000.0 7683720.0 723876000000.0 26759700000.0 3041110000.0 58698600.0 1239810000.0 27290600000.0 21106500000.0 78562200000.0 -3.64 4.334 [-3.64]
30199500000000.0 4.87379e+16 31073200000.0 774177000000.0 294016000000.0 3439560000.0 163553000000.0 20132900000.0 8611240.0 721182000000.0 23035300000.0 2511250000.0 61054800.0 1296590000.0 28181800000.0 21173300000.0 74011400000.0 -3.62 4.331 [-3.62]
30199500000000.0 4.62961e+16 31347300000.0 752337000000.0 274130000000.0 3529600000.0 160119000000.0 17877300000.0 9646250.0 717732000000.0 19799900000.0 2070420000.0 63334800.0 1352320000.0 29013100000.0 21177400000.0 69497500000.0 -3.6 4.327 [-3.6]
30199500000000.0 4.39802e+16 31595400000.0 730319000000.0 255258000000.0 3620670000.0 156594000000.0 15854200000.0 10798900.0 713541000000.0 16996800000.0 1704670000.0 65526200.0 1406620000.0 29777600000.0 21119000000.0 65052000000.0 -3.58 4.324 [-3.58]
30199500000000.0 4.17771e+16 31817800000.0 708129000000.0 237335000000.0 3712900000.0 152977000000.0 14038000000.0 12084300.0 708580000000.0 14565300000.0 1400880000.0 67621400.0 1459360000.0 30468700000.0 20997100000.0 60687200000.0 -3.56 4.321 [-3.56]
30199500000000.0 3.96812e+16 32015400000.0 685843000000.0 220347000000.0 3806380000.0 149278000000.0 12410100000.0 13516500.0 702847000000.0 12459400000.0 1148980000.0 69610600.0 1510260000.0 31080200000.0 20812700000.0 56425100000.0 -3.54 4.317 [-3.54]
30199500000000.0 3.76935e+16 32189000000.0 663612000000.0 204324000000.0 3901080000.0 145521000000.0 10957600000.0 15107300.0 696382000000.0 10643400000.0 941014000.0 71482200.0 1558910000.0 31607800000.0 20569100000.0 52297600000.0 -3.52 4.314 [-3.52]
30199500000000.0 3.58085e+16 32339800000.0 641506000000.0 189238000000.0 3997110000.0 141719000000.0 9663550000.0 16872200.0 689197000000.0 9079470000.0 769571000.0 73229700.0 1605080000.0 32048200000.0 20269300000.0 48322000000.0 -3.5 4.311 [-3.5]
30199500000000.0 3.40119e+16 32467900000.0 619464000000.0 174996000000.0 4094660000.0 137859000000.0 8507390000.0 18835200.0 681236000000.0 7728910000.0 627874000.0 74850700.0 1648860000.0 32396700000.0 19913100000.0 44496500000.0 -3.48 4.307 [-3.48]
30199500000000.0 3.23113e+16 32575100000.0 597707000000.0 161659000000.0 4193670000.0 133982000000.0 7482370000.0 21005900.0 672604000000.0 6571430000.0 511650000.0 76336400.0 1689750000.0 32654500000.0 19508700000.0 40855700000.0 -3.46 4.304 [-3.46]
30199500000000.0 3.06931e+16 32661900000.0 576165000000.0 149129000000.0 4294280000.0 130076000000.0 6570730000.0 23412000.0 663244000000.0 5576380000.0 416047000.0 77686800.0 1727930000.0 32818900000.0 19056800000.0 37393100000.0 -3.44 4.3 [-3.44]
30199500000000.0 2.91534e+16 32729300000.0 554884000000.0 137378000000.0 4396240000.0 126149000000.0 5761300000.0 26076600.0 653173000000.0 4722550000.0 337569000.0 78900300.0 1763340000.0 32890500000.0 18561700000.0 34116200000.0 -3.42 4.297 [-3.42]
30199500000000.0 2.76937e+16 32778600000.0 533987000000.0 126411000000.0 4499900000.0 122227000000.0 5046050000.0 29016600.0 642465000000.0 3993420000.0 273462000.0 79973600.0 1795780000.0 32872800000.0 18030900000.0 31039300000.0 -3.4 4.294 [-3.4]
30199500000000.0 2.63072e+16 32810300000.0 513468000000.0 116176000000.0 4605410000.0 118310000000.0 4413890000.0 32260300.0 631117000000.0 3370790000.0 221103000.0 80907600.0 1825360000.0 32767500000.0 17468200000.0 28159100000.0 -3.38 4.29 [-3.38]
30199500000000.0 2.49903e+16 32825500000.0 493357000000.0 106637000000.0 4712840000.0 114407000000.0 3856020000.0 35834700.0 619157000000.0 2840030000.0 178420000.0 81703300.0 1852140000.0 32578100000.0 16878700000.0 25475300000.0 -3.36 4.287 [-3.36]
30199500000000.0 2.37395e+16 32824900000.0 473682000000.0 97761200000.0 4822290000.0 110527000000.0 3364440000.0 39768500.0 606616000000.0 2388410000.0 143693000.0 82362400.0 1876200000.0 32308900000.0 16267600000.0 22985400000.0 -3.34 4.283 [-3.34]
30199500000000.0 2.25515e+16 32809300000.0 454465000000.0 89514100000.0 4933860000.0 106675000000.0 2931920000.0 44092100.0 593525000000.0 2004820000.0 115495000.0 82887700.0 1897660000.0 31964900000.0 15639700000.0 20685000000.0 -3.32 4.28 [-3.32]
30199500000000.0 2.14232e+16 32779600000.0 435725000000.0 81862400000.0 5047620000.0 102860000000.0 2551910000.0 48838000.0 579921000000.0 1679630000.0 92643300.0 83282100.0 1916660000.0 31551300000.0 15000000000.0 18568400000.0 -3.3 4.276 [-3.3]
30199500000000.0 2.03515e+16 32736400000.0 417477000000.0 74773200000.0 5163640000.0 99087300000.0 2218510000.0 54040200.0 565841000000.0 1404460000.0 74162600.0 83549400.0 1933370000.0 31074200000.0 14353000000.0 16628400000.0 -3.28 4.273 [-3.28]
30199500000000.0 1.93337e+16 32680400000.0 399732000000.0 68214300000.0 5282010000.0 95363600000.0 1926420000.0 59734700.0 551326000000.0 1172070000.0 59247500.0 83693800.0 1947960000.0 30539400000.0 13703100000.0 14856900000.0 -3.26 4.269 [-3.26]
30199500000000.0 1.8367e+16 32612300000.0 382498000000.0 62154500000.0 5402770000.0 91694100000.0 1670880000.0 65959400.0 536417000000.0 976193000.0 47234900.0 83719600.0 1960610000.0 29953100000.0 13054300000.0 13245000000.0 -3.24 4.266 [-3.24]
30199500000000.0 1.7449e+16 32532600000.0 365782000000.0 56563600000.0 5525960000.0 88083700000.0 1447600000.0 72753900.0 521158000000.0 811420000.0 37580400.0 83631500.0 1971510000.0 29321500000.0 12410200000.0 11783200000.0 -3.22 4.262 [-3.22]
30199500000000.0 1.65791e+16 32442300000.0 349625000000.0 51422300000.0 5651620000.0 84545400000.0 1253150000.0 80147900.0 505637000000.0 673330000.0 29850400.0 83436300.0 1980790000.0 28653000000.0 11775500000.0 10463900000.0 -3.2 4.259 [-3.2]
30199500000000.0 1.57491e+16 32340300000.0 333912000000.0 46672300000.0 5779780000.0 81057600000.0 1083030000.0 88218500.0 489772000000.0 557206000.0 23641200.0 83133900.0 1988860000.0 27946600000.0 11148700000.0 9270810000.0 -3.18 4.255 [-3.18]
30199500000000.0 1.49626e+16 32228500000.0 318757000000.0 42317000000.0 5910380000.0 77649000000.0 935282000.0 96976100.0 473735000000.0 460315000.0 18692700.0 82734100.0 1995680000.0 27214700000.0 10536800000.0 8200590000.0 -3.16 4.252 [-3.16]
30199500000000.0 1.42158e+16 32106800000.0 304119000000.0 38320300000.0 6043420000.0 74314300000.0 806859000.0 106478000.0 457532000000.0 379479000.0 14749600.0 82240900.0 2001500000.0 26460600000.0 9940330000.0 7241470000.0 -3.14 4.248 [-3.14]
30199500000000.0 1.35081e+16 31976100000.0 290027000000.0 34665200000.0 6178850000.0 71064000000.0 695577000.0 116754000.0 441253000000.0 312299000.0 11619600.0 81661800.0 2006420000.0 25691700000.0 9362600000.0 6385560000.0 -3.12 4.245 [-3.12]
30199500000000.0 1.28345e+16 31835600000.0 276408000000.0 31313000000.0 6316570000.0 67884500000.0 598875000.0 127884000.0 424858000000.0 256374000.0 9131010.0 80997700.0 2010740000.0 24908000000.0 8802170000.0 5620900000.0 -3.1 4.242 [-3.1]
30199500000000.0 1.21948e+16 31686200000.0 263289000000.0 28249600000.0 6456490000.0 64785500000.0 515122000.0 139900000.0 408437000000.0 210017000.0 7160910.0 80256300.0 2014530000.0 24116400000.0 8261640000.0 4940610000.0 -3.08 4.238 [-3.08]
30199500000000.0 1.15858e+16 31527100000.0 250629000000.0 25448000000.0 6598380000.0 61760900000.0 442523000.0 152871000.0 391990000000.0 171605000.0 5601830.0 79438800.0 2018000000.0 23318100000.0 7740670000.0 4335590000.0 -3.06 4.235 [-3.06]
30199500000000.0 1.10102e+16 31360600000.0 238514000000.0 22905500000.0 6742170000.0 58833600000.0 380036000.0 166786000.0 375688000000.0 140023000.0 4377500.0 78559200.0 2021050000.0 22524000000.0 7243600000.0 3801480000.0 -3.04 4.231 [-3.04]
30199500000000.0 1.04624e+16 31185100000.0 226843000000.0 20586700000.0 6887540000.0 55983200000.0 325982000.0 181750000.0 359450000000.0 113964000.0 3412510.0 77614800.0 2023990000.0 21730400000.0 6767120000.0 3328310000.0 -3.02 4.228 [-3.02]
30199500000000.0 9940780000000000.0 31000200000.0 215604000000.0 18474700000.0 7034140000.0 53209500000.0 279271000.0 197818000.0 343311000000.0 92512300.0 2653640.0 76608100.0 2026900000.0 20939700000.0 6311510000.0 2909840000.0 -3.0 4.224 [-3.0]
30199500000000.0 9446690000000000.0 30807500000.0 204846000000.0 16562200000.0 7181780000.0 50527000000.0 239118000.0 214985000.0 327394000000.0 74963100.0 2060530.0 75551100.0 2029730000.0 20159300000.0 5879070000.0 2541790000.0 -2.98 4.221 [-2.98]
30199500000000.0 8977460000000000.0 30606500000.0 194528000000.0 14828900000.0 7330020000.0 47928600000.0 204557000.0 233315000.0 311695000000.0 60607800.0 1596910.0 74445000.0 2032590000.0 19389000000.0 5468470000.0 2217930000.0 -2.96 4.217 [-2.96]
30199500000000.0 8532970000000000.0 30397900000.0 184664000000.0 13263400000.0 7478520000.0 45420400000.0 174896000.0 252818000.0 296286000000.0 48912700.0 1235900.0 73297900.0 2035460000.0 18633000000.0 5080400000.0 1933900000.0 -2.94 4.214 [-2.94]
30199500000000.0 8109730000000000.0 30180400000.0 175190000000.0 11845400000.0 7626620000.0 42989300000.0 149358000.0 273586000.0 281121000000.0 39369200.0 954239.0 72106800.0 2038520000.0 17888300000.0 4712520000.0 1684190000.0 -2.92 4.211 [-2.92]
30199500000000.0 7707720000000000.0 29954400000.0 166119000000.0 10565500000.0 7773830000.0 40640800000.0 127436000.0 295622000.0 266266000000.0 31615500.0 735409.0 70878600.0 2041720000.0 17158300000.0 4365360000.0 1465370000.0 -2.9 4.207 [-2.9]
30199500000000.0 7325990000000000.0 29720400000.0 157443000000.0 9412130000.0 7919590000.0 38374900000.0 108639000.0 318948000.0 251753000000.0 25331500.0 565759.0 69618700.0 2045040000.0 16444500000.0 4038340000.0 1273890000.0 -2.88 4.204 [-2.88]
30199500000000.0 6963440000000000.0 29478200000.0 149148000000.0 8374170000.0 8063200000.0 36190600000.0 92531700.0 343580000.0 237604000000.0 20249800.0 434479.0 68330000.0 2048500000.0 15747500000.0 3730850000.0 1106500000.0 -2.86 4.201 [-2.86]
30199500000000.0 6619140000000000.0 29227900000.0 141221000000.0 7441410000.0 8203970000.0 34086900000.0 78742800.0 369527000.0 223843000000.0 16150300.0 333090.0 67016400.0 2052060000.0 15068300000.0 3442220000.0 960342000.0 -2.84 4.197 [-2.84]
30199500000000.0 6292140000000000.0 28969500000.0 133651000000.0 6604380000.0 8341100000.0 32063100000.0 66948200.0 396790000.0 210490000000.0 12850800.0 254934.0 65681400.0 2055720000.0 14407200000.0 3171760000.0 832854000.0 -2.82 4.194 [-2.82]
30199500000000.0 5981580000000000.0 28703000000.0 126427000000.0 5854300000.0 8473780000.0 30118100000.0 56867600.0 425357000.0 197562000000.0 10201600.0 194798.0 64328200.0 2059420000.0 13764600000.0 2918750000.0 721755000.0 -2.8 4.191 [-2.8]
30199500000000.0 5686620000000000.0 28428600000.0 119534000000.0 5183080000.0 8601120000.0 28250800000.0 48259100.0 455210000.0 185075000000.0 8079390.0 148611.0 62959900.0 2063140000.0 13140900000.0 2682430000.0 625029000.0 -2.78 4.188 [-2.78]
30199500000000.0 5406470000000000.0 28146200000.0 112964000000.0 4583280000.0 8722220000.0 26460400000.0 40913900.0 486315000.0 173042000000.0 6383590.0 113202.0 61579800.0 2066820000.0 12536100000.0 2462060000.0 540892000.0 -2.76 4.184 [-2.76]
30199500000000.0 5140370000000000.0 27855900000.0 106703000000.0 4048040000.0 8836140000.0 24745800000.0 34651900.0 518629000.0 161474000000.0 5031760.0 86101.0 60190700.0 2070400000.0 11950400000.0 2256880000.0 467767000.0 -2.74 4.181 [-2.74]
30199500000000.0 4887000000000000.0 27557000000.0 100725000000.0 3570120000.0 8941640000.0 23102200000.0 29308300.0 552145000.0 150357000000.0 3955040.0 65361.0 58791700.0 2073870000.0 11382100000.0 2065690000.0 404153000.0 -2.72 4.178 [-2.72]
30199500000000.0 4646980000000000.0 27251300000.0 95051000000.0 3145780000.0 9038300000.0 21536100000.0 24770500.0 586697000.0 139745000000.0 3102670.0 49574.6 57393000.0 2077050000.0 10834400000.0 1888680000.0 349062000.0 -2.7 4.175 [-2.7]
30199500000000.0 4419560000000000.0 26939000000.0 89667100000.0 2769430000.0 9125240000.0 20045800000.0 20919200.0 622199000.0 129640000000.0 2429270.0 0.0 55997100.0 2079890000.0 10307000000.0 1725010000.0 301377000.0 -2.68 4.172 [-2.68]
30199500000000.0 4202970000000000.0 26618400000.0 84534400000.0 2434660000.0 9200880000.0 18623500000.0 17640500.0 658662000.0 120000000000.0 1896660.0 0.0 54598800.0 2082400000.0 9796610000.0 1573170000.0 259974000.0 -2.66 4.169 [-2.66]
30199500000000.0 3997220000000000.0 26290600000.0 79657000000.0 2137950000.0 9264630000.0 17271400000.0 14858200.0 695930000.0 110847000000.0 1477290.0 0.0 53204200.0 2084450000.0 9304620000.0 1432880000.0 224124000.0 -2.64 4.166 [-2.64]
30199500000000.0 3801760000000000.0 25955700000.0 75024700000.0 1875320000.0 9315650000.0 15988300000.0 12499300.0 733889000.0 102179000000.0 1147920.0 0.0 51815400.0 2085980000.0 8830690000.0 1303440000.0 193102000.0 -2.62 4.163 [-2.62]
30199500000000.0 3616070000000000.0 25613900000.0 70627500000.0 1643150000.0 9353170000.0 14773000000.0 10501700.0 772412000.0 93992300000.0 889886.0 0.0 50434300.0 2086890000.0 8374580000.0 1184200000.0 166276000.0 -2.6 4.16 [-2.6]
30199500000000.0 3439660000000000.0 25265400000.0 66455700000.0 1438180000.0 9376520000.0 13624300000.0 8811890.0 811367000.0 86281100000.0 688243.0 0.0 49063000.0 2087110000.0 7935930000.0 1074510000.0 143092000.0 -2.58 4.157 [-2.58]
30199500000000.0 3272070000000000.0 24910600000.0 62500200000.0 1257450000.0 9385140000.0 12540600000.0 7384130.0 850617000.0 79037500000.0 531065.0 0.0 47703300.0 2086560000.0 7514460000.0 973772000.0 123071000.0 -2.56 4.154 [-2.56]
30199500000000.0 3112820000000000.0 24549500000.0 58751200000.0 1098280000.0 9378550000.0 11520600000.0 6179200.0 890017000.0 72251400000.0 408845.0 0.0 46356600.0 2085170000.0 7109730000.0 881381000.0 105788000.0 -2.54 4.151 [-2.54]
30199500000000.0 2961120000000000.0 24181600000.0 55190800000.0 957996000.0 9355870000.0 10560500000.0 5161840.0 929480000.0 65898700000.0 313900.0 0.0 45020900.0 2082870000.0 6720380000.0 796576000.0 90853800.0 -2.52 4.148 [-2.52]
30199500000000.0 2817380000000000.0 23809000000.0 51829800000.0 835041000.0 9318080000.0 9663060000.0 4307370.0 968746000.0 59993600000.0 240589.0 0.0 43705200.0 2079560000.0 6348250000.0 719231000.0 78006200.0 -2.5 4.145 [-2.5]
30199500000000.0 2680780000000000.0 23431200000.0 48649600000.0 727150000.0 9264590000.0 8824210000.0 3589150.0 1007730000.0 54507500000.0 184004.0 0.0 42407000.0 2075200000.0 5991820000.0 648611000.0 66937100.0 -2.48 4.142 [-2.48]
30199500000000.0 2550980000000000.0 23048400000.0 45642400000.0 632592000.0 9195550000.0 8042110000.0 2986340.0 1046280000.0 49424900000.0 140435.0 0.0 41127500.0 2069710000.0 5650720000.0 584230000.0 57406100.0 -2.46 4.14 [-2.46]
30199500000000.0 2427630000000000.0 22661000000.0 42800300000.0 549811000.0 9111220000.0 7314760000.0 2481120.0 1084280000.0 44729000000.0 106966.0 0.0 39868000.0 2063040000.0 5324590000.0 525619000.0 49204400.0 -2.44 4.137 [-2.44]
