Cloudy_runs/Data/component_III_nH_Z=0/component_III_nH_Z0_col_density_param.txt
# %ECSV 1.0
# ---
# datatype:
# - {name: H, datatype: float64}
# - {name: H+, datatype: float64}
# - {name: C+, datatype: float64}
# - {name: C+2, datatype: float64}
# - {name: C+3, datatype: float64}
# - {name: O+5, datatype: float64}
# - {name: O+6, datatype: float64}
# - {name: Si+, datatype: float64}
# - {name: Si+2, datatype: float64}
# - {name: Si+3, datatype: float64}
# - {name: log_nH, datatype: float64}
# - {name: log_Te, datatype: float64}
# - {name: parameters, datatype: string, subtype: 'float64[1]'}
# schema: astropy-2.0
H H+ C+ C+2 C+3 O+5 O+6 Si+ Si+2 Si+3 log_nH log_Te parameters
[from data line 194]
1.25892e+16 4.76072e+16 14214100000000.0 1455460000000.0 193524000.0 0.0 0.0 1934830000000.0 7366420000.0 1296390000.0 -1.12 3.699 [-1.12]
1.25892e+16 4.56586e+16 13788100000000.0 1353140000000.0 169052000.0 0.0 0.0 1872610000000.0 6564930000.0 1166730000.0 -1.1 3.696 [-1.1]
1.25892e+16 4.37972e+16 13378000000000.0 1258440000000.0 147831000.0 0.0 0.0 1813120000000.0 5848760000.0 1050800000.0 -1.08 3.693 [-1.08]
1.25892e+16 4.20187e+16 12983000000000.0 1170760000000.0 129414000.0 0.0 0.0 1756220000000.0 5208820000.0 947068000.0 -1.06 3.69 [-1.06]
1.25892e+16 4.03194e+16 12602800000000.0 1089590000000.0 113417000.0 0.0 0.0 1701810000000.0 4637200000.0 854215000.0 -1.04 3.686 [-1.04]
1.25892e+16 3.8696e+16 12237000000000.0 1014440000000.0 99511500.0 0.0 0.0 1649780000000.0 4126770000.0 771063000.0 -1.02 3.683 [-1.02]
1.25892e+16 3.71436e+16 11884700000000.0 944806000000.0 87406700.0 0.0 0.0 1600000000000.0 3670660000.0 696516000.0 -1.0 3.68 [-1.0]
1.25893e+16 3.56589e+16 11545400000000.0 880274000000.0 76860800.0 0.0 0.0 1552340000000.0 3263110000.0 629646000.0 -0.98 3.676 [-0.98]
1.25893e+16 3.42396e+16 11219000000000.0 820487000000.0 67667000.0 0.0 0.0 1506760000000.0 2899390000.0 569643000.0 -0.96 3.673 [-0.96]
1.25893e+16 3.28815e+16 10904500000000.0 765045000000.0 59640900.0 0.0 0.0 1463110000000.0 2574210000.0 515748000.0 -0.94 3.669 [-0.94]
1.25893e+16 3.15828e+16 10602000000000.0 713653000000.0 52629800.0 0.0 0.0 1421340000000.0 2284600000.0 467325000.0 -0.92 3.665 [-0.92]
1.25893e+16 3.03397e+16 10310600000000.0 665967000000.0 46496800.0 0.0 0.0 1381340000000.0 2025810000.0 423774000.0 -0.9 3.661 [-0.9]
1.25893e+16 2.91501e+16 10030100000000.0 621716000000.0 41127100.0 0.0 0.0 1343030000000.0 1795020000.0 384584000.0 -0.88 3.658 [-0.88]
1.25893e+16 2.80115e+16 9760000000000.0 580643000000.0 36420900.0 0.0 0.0 1306340000000.0 1589380000.0 349296000.0 -0.86 3.654 [-0.86]
1.25892e+16 2.69188e+16 9499330000000.0 542418000000.0 32286000.0 0.0 0.0 1271120000000.0 1405890000.0 317457000.0 -0.84 3.65 [-0.84]
1.25893e+16 2.58773e+16 9249520000000.0 507071000000.0 28664700.0 0.0 0.0 1237530000000.0 1242910000.0 288821000.0 -0.82 3.645 [-0.82]
1.25893e+16 2.48773e+16 9008300000000.0 474142000000.0 25475300.0 0.0 0.0 1205260000000.0 1097650000.0 262943000.0 -0.8 3.641 [-0.8]
1.25893e+16 2.39195e+16 8776010000000.0 443535000000.0 22668000.0 0.0 0.0 1174330000000.0 968485000.0 239575000.0 -0.78 3.637 [-0.78]
1.25893e+16 2.30016e+16 8552210000000.0 415068000000.0 20194000.0 0.0 0.0 1144680000000.0 853675000.0 218457000.0 -0.76 3.632 [-0.76]
1.25892e+16 2.21197e+16 8336040000000.0 388521000000.0 18008300.0 0.0 0.0 1116180000000.0 751579000.0 199334000.0 -0.74 3.628 [-0.74]
1.25892e+16 2.12765e+16 8128280000000.0 363874000000.0 16081000.0 0.0 0.0 1088920000000.0 661145000.0 182051000.0 -0.72 3.623 [-0.72]
1.25892e+16 2.0468e+16 7928030000000.0 340926000000.0 14376900.0 0.0 0.0 1062760000000.0 580993000.0 166397000.0 -0.7 3.619 [-0.7]
1.25892e+16 1.96929e+16 7735030000000.0 319556000000.0 12868600.0 0.0 0.0 1037680000000.0 510113000.0 152210000.0 -0.68 3.614 [-0.68]
1.25893e+16 1.89487e+16 7548770000000.0 299623000000.0 11531500.0 0.0 0.0 1013580000000.0 447191000.0 139337000.0 -0.66 3.609 [-0.66]
1.25892e+16 1.82357e+16 7369390000000.0 281069000000.0 10346100.0 0.0 0.0 990481000000.0 391855000.0 127659000.0 -0.64 3.604 [-0.64]
1.25892e+16 1.75511e+16 7196250000000.0 263753000000.0 9293020.0 0.0 0.0 968293000000.0 342917000.0 117047000.0 -0.62 3.598 [-0.62]
1.25893e+16 1.68941e+16 7029210000000.0 247600000000.0 8356690.0 0.0 0.0 946990000000.0 299825000.0 107400000.0 -0.6 3.593 [-0.6]
1.25893e+16 1.62632e+16 6867950000000.0 232520000000.0 7523170.0 0.0 0.0 926523000000.0 261864000.0 98622400.0 -0.58 3.587 [-0.58]
1.25893e+16 1.56578e+16 6712360000000.0 218449000000.0 6780750.0 0.0 0.0 906872000000.0 228436000.0 90633900.0 -0.56 3.582 [-0.56]
1.25893e+16 1.5076e+16 6561990000000.0 205295000000.0 6118100.0 0.0 0.0 887977000000.0 199185000.0 83351900.0 -0.54 3.576 [-0.54]
1.25893e+16 1.45159e+16 6416390000000.0 192978000000.0 5525590.0 0.0 0.0 869776000000.0 173565000.0 76704900.0 -0.52 3.57 [-0.52]
1.25893e+16 1.398e+16 6276300000000.0 181509000000.0 4997140.0 0.0 0.0 852351000000.0 151141000.0 70652100.0 -0.5 3.564 [-0.5]
1.25893e+16 1.34638e+16 6140560000000.0 170761000000.0 4523550.0 0.0 0.0 835562000000.0 131573000.0 65118700.0 -0.48 3.558 [-0.48]
1.25893e+16 1.29678e+16 6009280000000.0 160706000000.0 4099220.0 0.0 0.0 819413000000.0 114528000.0 60061900.0 -0.46 3.551 [-0.46]
1.25892e+16 1.24906e+16 5882200000000.0 151291000000.0 3718530.0 0.0 0.0 803870000000.0 99670900.0 55436500.0 -0.44 3.545 [-0.44]
1.25892e+16 1.20317e+16 5759170000000.0 142475000000.0 3376670.0 0.0 0.0 788910000000.0 86769500.0 51202900.0 -0.42 3.538 [-0.42]
1.25893e+16 1.15899e+16 5639910000000.0 134210000000.0 3069240.0 0.0 0.0 774499000000.0 75567700.0 47324000.0 -0.4 3.531 [-0.4]
1.25893e+16 1.11649e+16 5524380000000.0 126468000000.0 2792640.0 0.0 0.0 760628000000.0 65880900.0 43769200.0 -0.38 3.524 [-0.38]
1.25893e+16 1.0756e+16 5412380000000.0 119212000000.0 2543490.0 0.0 0.0 747270000000.0 57511600.0 40508700.0 -0.36 3.517 [-0.36]
1.25893e+16 1.03623e+16 5303670000000.0 112404000000.0 2318770.0 0.0 0.0 734395000000.0 50287600.0 37515300.0 -0.34 3.509 [-0.34]
1.25892e+16 9983050000000000.0 5198100000000.0 106017000000.0 2115880.0 0.0 0.0 721982000000.0 44061800.0 34765300.0 -0.32 3.501 [-0.32]
1.25892e+16 9617700000000000.0 5095510000000.0 100021000000.0 1932520.0 0.0 0.0 710012000000.0 38701800.0 32237100.0 -0.3 3.494 [-0.3]
1.25892e+16 9266820000000000.0 4996060000000.0 94406500000.0 1766850.0 0.0 0.0 698505000000.0 34118400.0 29913700.0 -0.28 3.485 [-0.28]
1.25892e+16 8926840000000000.0 4898780000000.0 89107700000.0 1616470.0 0.0 0.0 687342000000.0 30148800.0 27770600.0 -0.26 3.477 [-0.26]
1.25893e+16 8599920000000000.0 4804290000000.0 84140600000.0 1480310.0 0.0 0.0 676596000000.0 26748800.0 25798100.0 -0.24 3.468 [-0.24]
1.25893e+16 8283410000000000.0 4711810000000.0 79455700000.0 1356570.0 0.0 0.0 666175000000.0 23815300.0 23977000.0 -0.22 3.459 [-0.22]
1.25893e+16 7979010000000000.0 4621840000000.0 75063000000.0 1244320.0 0.0 0.0 656139000000.0 21302600.0 22298900.0 -0.2 3.45 [-0.2]
1.25892e+16 7685560000000000.0 4534030000000.0 70934000000.0 1142280.0 0.0 0.0 646448000000.0 19143000.0 20749900.0 -0.18 3.441 [-0.18]
1.25892e+16 7402400000000000.0 4448220000000.0 67051400000.0 1049440.0 0.0 0.0 637082000000.0 17279200.0 19319100.0 -0.16 3.431 [-0.16]
1.25892e+16 7128470000000000.0 4364070000000.0 63391700000.0 964797.0 0.0 0.0 628004000000.0 15664100.0 17995400.0 -0.14 3.421 [-0.14]
1.25892e+16 6866610000000000.0 4282440000000.0 59976300000.0 887913.0 0.0 0.0 619311000000.0 14272100.0 16775000.0 -0.12 3.411 [-0.12]
1.25892e+16 6611560000000000.0 4201730000000.0 56738700000.0 817520.0 0.0 0.0 610822000000.0 13049300.0 15642000.0 -0.1 3.4 [-0.1]
1.25892e+16 6364470000000000.0 4122270000000.0 53684700000.0 753160.0 0.0 0.0 602577000000.0 11976400.0 14591700.0 -0.08 3.388 [-0.08]
1.25893e+16 6126940000000000.0 4044560000000.0 50819300000.0 694394.0 0.0 0.0 594635000000.0 11034900.0 13619500.0 -0.06 3.377 [-0.06]
1.25893e+16 5898630000000000.0 3968490000000.0 48132400000.0 0.0 0.0 0.0 586978000000.0 10202200.0 12719300.0 -0.04 0.0 [-0.04]
1.25893e+16 5679560000000000.0 3894140000000.0 45620200000.0 0.0 0.0 0.0 579613000000.0 9459470.0 11885900.0 -0.02 0.0 [-0.02]
1.25893e+16 5463670000000000.0 3819390000000.0 43211300000.0 0.0 0.0 0.0 572321000000.0 8787020.0 11106800.0 -0.0 0.0 [-0.0]
