Cloudy_runs/Data/component_III_nH_Z=0/component_III_nH_Z0_col_density_param.txt
# %ECSV 1.0
# ---
# datatype:
# - {name: H, datatype: float64}
# - {name: H+, datatype: float64}
# - {name: C+, datatype: float64}
# - {name: C+2, datatype: float64}
# - {name: C+3, datatype: float64}
# - {name: O+5, datatype: float64}
# - {name: O+6, datatype: float64}
# - {name: Si+, datatype: float64}
# - {name: Si+2, datatype: float64}
# - {name: Si+3, datatype: float64}
# - {name: log_nH, datatype: float64}
# - {name: log_Te, datatype: float64}
# - {name: parameters, datatype: string, subtype: 'float64[1]'}
# schema: astropy-2.0
H H+ C+ C+2 C+3 O+5 O+6 Si+ Si+2 Si+3 log_nH log_Te parameters
[from data line 91]
1.25893e+16 6.8277e+18 99808600000000.0 1393100000000000.0 280358000000000.0 4189470000000.0 159295000000.0 10012100000000.0 72673500000000.0 76007400000000.0 -3.18 3.998 [-3.18]
1.25893e+16 6.49807e+18 100645000000000.0 1338200000000000.0 254268000000000.0 3505770000000.0 128235000000.0 10485400000000.0 72239300000000.0 72222000000000.0 -3.16 3.995 [-3.16]
1.25892e+16 6.18479e+18 101407000000000.0 1284510000000000.0 230381000000000.0 2929360000000.0 103083000000.0 10958400000000.0 71636000000000.0 68464000000000.0 -3.14 3.993 [-3.14]
1.25892e+16 5.88665e+18 102098000000000.0 1232030000000000.0 208510000000000.0 2443600000000.0 82723800000.0 11430900000000.0 70868100000000.0 64747800000000.0 -3.12 3.99 [-3.12]
1.25892e+16 5.60315e+18 102715000000000.0 1180850000000000.0 188530000000000.0 2035170000000.0 66282800000.0 11900300000000.0 69945600000000.0 61094200000000.0 -3.1 3.988 [-3.1]
1.25892e+16 5.33347e+18 103262000000000.0 1130990000000000.0 170292000000000.0 1692220000000.0 53023300000.0 12365500000000.0 68876600000000.0 57517400000000.0 -3.08 3.986 [-3.08]
1.25892e+16 5.077e+18 103738000000000.0 1082500000000000.0 153670000000000.0 1404760000000.0 42348900000.0 12824900000000.0 67671600000000.0 54032200000000.0 -3.06 3.983 [-3.06]
1.25892e+16 4.83293e+18 104145000000000.0 1035380000000000.0 138528000000000.0 1164110000000.0 33766000000.0 13277500000000.0 66338800000000.0 50648400000000.0 -3.04 3.981 [-3.04]
1.25892e+16 4.60054e+18 104482000000000.0 989628000000000.0 124746000000000.0 962914000000.0 26874000000.0 13722200000000.0 64888100000000.0 47374600000000.0 -3.02 3.979 [-3.02]
1.25892e+16 4.37969e+18 104752000000000.0 945343000000000.0 112238000000000.0 795241000000.0 21357800000.0 14156600000000.0 63334400000000.0 44224900000000.0 -3.0 3.976 [-3.0]
1.25892e+16 4.16938e+18 104956000000000.0 902441000000000.0 100878000000000.0 655524000000.0 16942900000.0 14580200000000.0 61684800000000.0 41199700000000.0 -2.98 3.974 [-2.98]
1.25892e+16 3.96924e+18 105093000000000.0 860953000000000.0 90579200000000.0 539369000000.0 13417500000.0 14991500000000.0 59952000000000.0 38305800000000.0 -2.96 3.972 [-2.96]
1.25892e+16 3.77875e+18 105166000000000.0 820871000000000.0 81251900000000.0 442975000000.0 10607300000.0 15389100000000.0 58147100000000.0 35546800000000.0 -2.94 3.969 [-2.94]
1.25892e+16 3.59744e+18 105175000000000.0 782182000000000.0 72813900000000.0 363122000000.0 8371190000.0 15772000000000.0 56281200000000.0 32924300000000.0 -2.92 3.967 [-2.92]
1.25892e+16 3.4249e+18 105122000000000.0 744886000000000.0 65189100000000.0 297103000000.0 6595210000.0 16138500000000.0 54366400000000.0 30439800000000.0 -2.9 3.965 [-2.9]
1.25892e+16 3.26062e+18 105007000000000.0 708947000000000.0 58304300000000.0 242612000000.0 5186850000.0 16488200000000.0 52411100000000.0 28091900000000.0 -2.88 3.962 [-2.88]
1.25892e+16 3.10431e+18 104832000000000.0 674364000000000.0 52098300000000.0 197735000000.0 4072360000.0 16819800000000.0 50427000000000.0 25880400000000.0 -2.86 3.96 [-2.86]
1.25892e+16 2.95553e+18 104598000000000.0 641108000000000.0 46508100000000.0 160841000000.0 3191870000.0 17132000000000.0 48423600000000.0 23802500000000.0 -2.84 3.958 [-2.84]
1.25892e+16 2.8139e+18 104306000000000.0 609150000000000.0 41477000000000.0 130570000000.0 2497480000.0 17423900000000.0 46409900000000.0 21854700000000.0 -2.82 3.956 [-2.82]
1.25892e+16 2.679e+18 103957000000000.0 578446000000000.0 36951900000000.0 105770000000.0 1950610000.0 17694500000000.0 44393500000000.0 20032600000000.0 -2.8 3.953 [-2.8]
1.25892e+16 2.55065e+18 103552000000000.0 549000000000000.0 32889800000000.0 85510500000.0 1521060000.0 17942600000000.0 42384700000000.0 18333700000000.0 -2.78 3.951 [-2.78]
1.25892e+16 2.42845e+18 103091000000000.0 520766000000000.0 29245700000000.0 68987300000.0 1184110000.0 18167300000000.0 40390200000000.0 16752700000000.0 -2.76 3.949 [-2.76]
1.25892e+16 2.31212e+18 102576000000000.0 493715000000000.0 25979600000000.0 55539100000.0 920274000.0 18368000000000.0 38417000000000.0 15284500000000.0 -2.74 3.946 [-2.74]
1.25892e+16 2.20137e+18 102009000000000.0 467813000000000.0 23055400000000.0 44616500000.0 714047000.0 18543500000000.0 36471800000000.0 13924200000000.0 -2.72 3.944 [-2.72]
1.25892e+16 2.09594e+18 101389000000000.0 443030000000000.0 20440100000000.0 35764200000.0 553136000.0 18693400000000.0 34560500000000.0 12666400000000.0 -2.7 3.942 [-2.7]
1.25892e+16 1.99556e+18 100719000000000.0 419332000000000.0 18103600000000.0 28605400000.0 427803000.0 18816900000000.0 32688500000000.0 11505700000000.0 -2.68 3.939 [-2.68]
1.25892e+16 1.89999e+18 99998900000000.0 396687000000000.0 16018300000000.0 22828700000.0 330349000.0 18913500000000.0 30860600000000.0 10436800000000.0 -2.66 3.937 [-2.66]
1.25892e+16 1.809e+18 99230100000000.0 375062000000000.0 14159200000000.0 18177600000.0 254703000.0 18982800000000.0 29081300000000.0 9454370000000.0 -2.64 3.935 [-2.64]
1.25892e+16 1.72238e+18 98413700000000.0 354422000000000.0 12503400000000.0 14441200000.0 196082000.0 19024500000000.0 27354000000000.0 8553020000000.0 -2.62 3.932 [-2.62]
1.25892e+16 1.63991e+18 97551100000000.0 334739000000000.0 11030400000000.0 11446700000.0 150734000.0 19038400000000.0 25682500000000.0 7727680000000.0 -2.6 3.93 [-2.6]
1.25892e+16 1.5614e+18 96643600000000.0 315977000000000.0 9721250000000.0 9052230000.0 115708000.0 19024300000000.0 24069400000000.0 6973250000000.0 -2.58 3.928 [-2.58]
1.25892e+16 1.48664e+18 95692000000000.0 298104000000000.0 8558940000000.0 7141860000.0 0.0 18982600000000.0 22516600000000.0 6284770000000.0 -2.56 3.925 [-2.56]
1.25892e+16 1.41546e+18 94697500000000.0 281085000000000.0 7527990000000.0 5621310000.0 0.0 18913700000000.0 21025400000000.0 5657480000000.0 -2.54 3.923 [-2.54]
1.25892e+16 1.34769e+18 93661600000000.0 264892000000000.0 6614630000000.0 4414040000.0 0.0 18817800000000.0 19597600000000.0 5086960000000.0 -2.52 3.921 [-2.52]
1.25892e+16 1.28312e+18 92584800000000.0 249487000000000.0 5805960000000.0 3457560000.0 0.0 18696100000000.0 18232600000000.0 4568660000000.0 -2.5 3.918 [-2.5]
1.25892e+16 1.22163e+18 91468300000000.0 234840000000000.0 5090810000000.0 2701720000.0 0.0 18549100000000.0 16931100000000.0 4098570000000.0 -2.48 3.916 [-2.48]
1.25892e+16 1.16304e+18 90313900000000.0 220923000000000.0 4459050000000.0 2105910000.0 0.0 18377600000000.0 15693300000000.0 3672860000000.0 -2.46 3.914 [-2.46]
1.25892e+16 1.10724e+18 89122800000000.0 207706000000000.0 3901540000000.0 1637440000.0 0.0 18182700000000.0 14518700000000.0 3287880000000.0 -2.44 3.911 [-2.44]
1.25892e+16 1.05407e+18 87896100000000.0 195161000000000.0 3410060000000.0 1270020000.0 0.0 17965200000000.0 13406500000000.0 2940210000000.0 -2.42 3.909 [-2.42]
1.25892e+16 1.00348e+18 86637200000000.0 183278000000000.0 2977780000000.0 982845000.0 0.0 17727100000000.0 12357400000000.0 2627060000000.0 -2.4 3.906 [-2.4]
1.25892e+16 9.55212e+17 85343900000000.0 171995000000000.0 2597070000000.0 758543000.0 0.0 17468300000000.0 11367300000000.0 2344650000000.0 -2.38 3.904 [-2.38]
1.25892e+16 9.09214e+17 84019700000000.0 161303000000000.0 2262560000000.0 583979000.0 0.0 17190700000000.0 10436100000000.0 2090620000000.0 -2.36 3.901 [-2.36]
1.25892e+16 8.65378e+17 82665800000000.0 151177000000000.0 1968960000000.0 448481000.0 0.0 16895600000000.0 9562420000000.0 1862400000000.0 -2.34 3.899 [-2.34]
1.25892e+16 8.23601e+17 81284000000000.0 141594000000000.0 1711550000000.0 343582000.0 0.0 16584400000000.0 8744420000000.0 1657610000000.0 -2.32 3.896 [-2.32]
1.25892e+16 7.83704e+17 79873200000000.0 132510000000000.0 1485800000000.0 262490000.0 0.0 16257600000000.0 7978980000000.0 1473760000000.0 -2.3 3.893 [-2.3]
1.25893e+16 7.45807e+17 78443400000000.0 123952000000000.0 1288860000000.0 200166000.0 0.0 15917500000000.0 7269170000000.0 1309670000000.0 -2.28 3.89 [-2.28]
1.25892e+16 7.09577e+17 76985100000000.0 115844000000000.0 1116410000000.0 152220000.0 0.0 15567200000000.0 6604390000000.0 1162560000000.0 -2.26 3.887 [-2.26]
1.25892e+16 6.75097e+17 75509000000000.0 108201000000000.0 966101000000.0 115515000.0 0.0 15205700000000.0 5989710000000.0 1031330000000.0 -2.24 3.884 [-2.24]
1.25893e+16 6.42276e+17 74017000000000.0 100998000000000.0 835207000000.0 87482800.0 0.0 14835300000000.0 5421870000000.0 914354000000.0 -2.22 3.881 [-2.22]
1.25892e+16 6.10959e+17 72506200000000.0 94201000000000.0 721159000000.0 66098800.0 0.0 14457300000000.0 4896370000000.0 809988000000.0 -2.2 3.878 [-2.2]
1.25892e+16 5.81114e+17 70981000000000.0 87798000000000.0 621996000000.0 49837300.0 0.0 14073100000000.0 4412230000000.0 717058000000.0 -2.18 3.875 [-2.18]
1.25892e+16 5.52675e+17 69443500000000.0 81771100000000.0 535882000000.0 37500700.0 0.0 13684000000000.0 3967320000000.0 634394000000.0 -2.16 3.872 [-2.16]
1.25892e+16 5.25575e+17 67895900000000.0 76102600000000.0 461191000000.0 0.0 0.0 13291100000000.0 3559530000000.0 560930000000.0 -2.14 3.869 [-2.14]
1.25893e+16 4.99762e+17 66341200000000.0 70776300000000.0 396490000000.0 0.0 0.0 12896100000000.0 3186740000000.0 495707000000.0 -2.12 3.865 [-2.12]
1.25892e+16 4.75174e+17 64780800000000.0 65775900000000.0 340518000000.0 0.0 0.0 12499800000000.0 2846910000000.0 437854000000.0 -2.1 3.861 [-2.1]
1.25892e+16 4.51759e+17 63217900000000.0 61085500000000.0 292155000000.0 0.0 0.0 12103700000000.0 2537910000000.0 386580000000.0 -2.08 3.858 [-2.08]
1.25892e+16 4.29473e+17 61655000000000.0 56691600000000.0 250431000000.0 0.0 0.0 11708800000000.0 2257970000000.0 341187000000.0 -2.06 3.854 [-2.06]
1.25892e+16 4.08265e+17 60094800000000.0 52579200000000.0 214475000000.0 0.0 0.0 11316300000000.0 2004970000000.0 301028000000.0 -2.04 3.85 [-2.04]
1.25893e+16 3.88097e+17 58540500000000.0 48735000000000.0 183534000000.0 0.0 0.0 10927400000000.0 1777150000000.0 265533000000.0 -2.02 3.846 [-2.02]
1.25892e+16 3.68909e+17 56992900000000.0 45143300000000.0 156929000000.0 0.0 0.0 10542900000000.0 1572340000000.0 234168000000.0 -2.0 3.842 [-2.0]
1.25892e+16 3.5066e+17 55455000000000.0 41790500000000.0 134077000000.0 0.0 0.0 10164000000000.0 1388560000000.0 206465000000.0 -1.98 3.838 [-1.98]
1.25893e+16 3.33367e+17 53934000000000.0 38674500000000.0 114520000000.0 0.0 0.0 9792700000000.0 1224610000000.0 182077000000.0 -1.96 3.834 [-1.96]
1.25892e+16 3.16847e+17 52420000000000.0 35756700000000.0 97691600000.0 0.0 0.0 9425950000000.0 1078280000000.0 160472000000.0 -1.94 3.83 [-1.94]
1.25892e+16 3.01204e+17 50927300000000.0 33050800000000.0 83323200000.0 0.0 0.0 9068450000000.0 948379000000.0 141472000000.0 -1.92 3.826 [-1.92]
1.25892e+16 2.86365e+17 49455600000000.0 30538300000000.0 71044200000.0 0.0 0.0 8719710000000.0 833456000000.0 124739000000.0 -1.9 3.822 [-1.9]
1.25893e+16 2.72287e+17 48005800000000.0 28206600000000.0 60555700000.0 0.0 0.0 8380180000000.0 731878000000.0 110000000000.0 -1.88 3.817 [-1.88]
1.25892e+16 2.58943e+17 46580700000000.0 26046100000000.0 51607800000.0 0.0 0.0 8050470000000.0 642448000000.0 97025900000.0 -1.86 3.814 [-1.86]
1.25892e+16 2.46298e+17 45182200000000.0 24045700000000.0 43978700000.0 0.0 0.0 7730980000000.0 563847000000.0 85606300000.0 -1.84 3.81 [-1.84]
1.25892e+16 2.34315e+17 43811400000000.0 22194900000000.0 37476600000.0 0.0 0.0 7421980000000.0 494817000000.0 75553600000.0 -1.82 3.805 [-1.82]
1.25893e+16 2.22964e+17 42469700000000.0 20483800000000.0 31938100000.0 0.0 0.0 7123710000000.0 434298000000.0 66704700000.0 -1.8 3.801 [-1.8]
1.25892e+16 2.12207e+17 41157400000000.0 18902300000000.0 27220700000.0 0.0 0.0 6836110000000.0 381253000000.0 58912000000.0 -1.78 3.798 [-1.78]
1.25892e+16 2.02023e+17 39876700000000.0 17442800000000.0 23206000000.0 0.0 0.0 6559480000000.0 334876000000.0 52052800000.0 -1.76 3.794 [-1.76]
1.25892e+16 1.92377e+17 38627700000000.0 16095700000000.0 19788600000.0 0.0 0.0 6293620000000.0 294308000000.0 46011500000.0 -1.74 3.79 [-1.74]
1.25892e+16 1.83239e+17 37410600000000.0 14852900000000.0 16879800000.0 0.0 0.0 6038410000000.0 258818000000.0 40688900000.0 -1.72 3.787 [-1.72]
1.25892e+16 1.74582e+17 36225700000000.0 13706700000000.0 14403900000.0 0.0 0.0 5793680000000.0 227772000000.0 35998200000.0 -1.7 3.783 [-1.7]
1.25892e+16 1.66378e+17 35073200000000.0 12649900000000.0 12296200000.0 0.0 0.0 5559210000000.0 200610000000.0 31862800000.0 -1.68 3.78 [-1.68]
1.25892e+16 1.58603e+17 33953000000000.0 11675700000000.0 10501600000.0 0.0 0.0 5334730000000.0 176830000000.0 28215700000.0 -1.66 3.776 [-1.66]
1.25893e+16 1.51222e+17 32863700000000.0 10776600000000.0 8971910000.0 0.0 0.0 5119680000000.0 155977000000.0 24994900000.0 -1.64 3.773 [-1.64]
1.25892e+16 1.44238e+17 31808600000000.0 9949820000000.0 7671030000.0 0.0 0.0 4914480000000.0 137750000000.0 22156700000.0 -1.62 3.77 [-1.62]
1.25893e+16 1.37607e+17 30784300000000.0 9187190000000.0 6561670000.0 0.0 0.0 4718190000000.0 121734000000.0 19648700000.0 -1.6 3.767 [-1.6]
1.25893e+16 1.31315e+17 29791200000000.0 8484360000000.0 5615970000.0 0.0 0.0 4530620000000.0 107669000000.0 17433200000.0 -1.58 3.764 [-1.58]
1.25893e+16 1.25343e+17 28828800000000.0 7836630000000.0 4809420000.0 0.0 0.0 4351430000000.0 95307500000.0 15475000000.0 -1.56 3.761 [-1.56]
1.25893e+16 1.19682e+17 27898300000000.0 7240740000000.0 4122140000.0 0.0 0.0 4180620000000.0 84441100000.0 13745800000.0 -1.54 3.758 [-1.54]
1.25892e+16 1.14295e+17 26995900000000.0 6690530000000.0 3534660000.0 0.0 0.0 4017210000000.0 74862600000.0 12214100000.0 -1.52 3.755 [-1.52]
1.25892e+16 1.09178e+17 26122700000000.0 6183390000000.0 3032930000.0 0.0 0.0 3861200000000.0 66416900000.0 10858700000.0 -1.5 3.752 [-1.5]
1.25892e+16 1.04314e+17 25278000000000.0 5715910000000.0 2604220000.0 0.0 0.0 3712260000000.0 58964100000.0 9658620000.0 -1.48 3.749 [-1.48]
1.25892e+16 9.96893e+16 24461200000000.0 5284960000000.0 2237710000.0 0.0 0.0 3570080000000.0 52380400000.0 8595720000.0 -1.46 3.747 [-1.46]
1.25892e+16 9.52913e+16 23671700000000.0 4887620000000.0 1924200000.0 0.0 0.0 3434350000000.0 46558500000.0 7653840000.0 -1.44 3.744 [-1.44]
1.25892e+16 9.11078e+16 22908900000000.0 4521270000000.0 1655870000.0 0.0 0.0 3304790000000.0 41406900000.0 6818900000.0 -1.42 3.741 [-1.42]
1.25892e+16 8.71268e+16 22172000000000.0 4183420000000.0 1426080000.0 0.0 0.0 3181100000000.0 36843200000.0 6078380000.0 -1.4 3.738 [-1.4]
1.25892e+16 8.33373e+16 21460400000000.0 3871810000000.0 1229150000.0 0.0 0.0 3063030000000.0 32796600000.0 5421310000.0 -1.38 3.736 [-1.38]
1.25893e+16 7.97298e+16 20773600000000.0 3584390000000.0 1060310000.0 0.0 0.0 2950320000000.0 29206600000.0 4838070000.0 -1.36 3.733 [-1.36]
1.25893e+16 7.6294e+16 20110600000000.0 3319220000000.0 915426000.0 0.0 0.0 2842700000000.0 26018300000.0 4320080000.0 -1.34 3.73 [-1.34]
1.25892e+16 7.30206e+16 19470900000000.0 3074530000000.0 791024000.0 0.0 0.0 2739930000000.0 23184900000.0 3859820000.0 -1.32 3.728 [-1.32]
1.25892e+16 6.99018e+16 18853900000000.0 2848720000000.0 684139000.0 0.0 0.0 2641800000000.0 20665400000.0 3450700000.0 -1.3 3.725 [-1.3]
1.25892e+16 6.69296e+16 18258800000000.0 2640310000000.0 592232000.0 0.0 0.0 2548100000000.0 18423500000.0 3086850000.0 -1.28 3.722 [-1.28]
1.25892e+16 6.40962e+16 17685200000000.0 2447910000000.0 513151000.0 0.0 0.0 2458620000000.0 16427400000.0 2763110000.0 -1.26 3.719 [-1.26]
1.25892e+16 6.13943e+16 17132100000000.0 2270250000000.0 445050000.0 0.0 0.0 2373130000000.0 14648900000.0 2474890000.0 -1.24 3.716 [-1.24]
1.25892e+16 5.88176e+16 16599100000000.0 2106190000000.0 386366000.0 0.0 0.0 2291480000000.0 13064100000.0 2218190000.0 -1.22 3.714 [-1.22]
1.25892e+16 5.63593e+16 16085400000000.0 1954620000000.0 335750000.0 0.0 0.0 2213460000000.0 11650300000.0 1989420000.0 -1.2 3.711 [-1.2]
1.25892e+16 5.4014e+16 15590500000000.0 1814600000000.0 292063000.0 0.0 0.0 2138930000000.0 10389600000.0 1785460000.0 -1.18 3.708 [-1.18]
1.25893e+16 5.17759e+16 15113800000000.0 1685220000000.0 254324000.0 0.0 0.0 2067710000000.0 9265560000.0 1603510000.0 -1.16 3.705 [-1.16]
