Cloudy_runs/component_II_T1/component_II_T1_col_density_param.txt
# %ECSV 1.0
# ---
# datatype:
# - {name: H, datatype: float64}
# - {name: H+, datatype: float64}
# - {name: C+, datatype: float64}
# - {name: C+2, datatype: float64}
# - {name: C+3, datatype: float64}
# - {name: O+5, datatype: float64}
# - {name: O+6, datatype: float64}
# - {name: Si+, datatype: float64}
# - {name: Si+2, datatype: float64}
# - {name: Si+3, datatype: float64}
# - {name: log_T, datatype: float64}
# - {name: parameters, datatype: string, subtype: 'float64[1]'}
# schema: astropy-2.0
H H+ C+ C+2 C+3 O+5 O+6 Si+ Si+2 Si+3 log_T parameters
[from data line 99]
134896000000000.0 5.20616e+20 1375900.0 9394660000.0 18131800000000.0 1173460000000000.0 2.48728e+17 180.69 1651480.0 1730430000.0 5.98 [5.98]
134896000000000.0 5.52011e+20 987738.0 7304520000.0 15639000000000.0 1138700000000000.0 2.63008e+17 89.2333 872911.0 995079000.0 6.0 [6.0]
134896000000000.0 5.85091e+20 701114.0 5604950000.0 13282200000000.0 1113080000000000.0 2.77627e+17 43.3223 453345.0 561369000.0 6.02 [6.02]
134896000000000.0 6.1963e+20 492125.0 4245920000.0 11108700000000.0 1094970000000000.0 2.92265e+17 20.6451 230968.0 310185000.0 6.04 [6.04]
134896000000000.0 6.55552e+20 342230.0 3183770000.0 9172430000000.0 1085160000000000.0 3.06596e+17 9.7219 116220.0 169048000.0 6.06 [6.06]
134896000000000.0 6.92882e+20 236690.0 2373600000.0 7504250000000.0 1080800000000000.0 3.20267e+17 4.51423 57631.3 90654500.0 6.08 [6.08]
134896000000000.0 7.31773e+20 163234.0 1765060000.0 6101920000000.0 1080360000000000.0 3.32894e+17 2.06118 28085.5 47700400.0 6.1 [6.1]
134896000000000.0 7.72524e+20 112628.0 1313720000.0 4946310000000.0 1082860000000000.0 3.4408e+17 0.923614 13423.3 24563900.0 6.12 [6.12]
134896000000000.0 8.15305e+20 78130.5 983428000.0 4012510000000.0 1085980000000000.0 3.53307e+17 0.405465 6281.09 12357300.0 6.14 [6.14]
134896000000000.0 8.60058e+20 54636.8 742339000.0 3262790000000.0 1088420000000000.0 3.59932e+17 0.174443 2878.44 6074360.0 6.16 [6.16]
134896000000000.0 9.07133e+20 38514.1 564885000.0 2655540000000.0 1087570000000000.0 3.63512e+17 0.0728374 1279.38 2889700.0 6.18 [6.18]
134896000000000.0 9.56916e+20 27368.3 433340000.0 2160440000000.0 1081720000000000.0 3.6367e+17 0.0293213 547.915 1321920.0 6.2 [6.2]
134896000000000.0 1.00955e+21 19530.3 333928000.0 1751020000000.0 1069290000000000.0 3.60025e+17 0.0113448 225.44 580182.0 6.22 [6.22]
134896000000000.0 1.06517e+21 13908.2 256885000.0 1407950000000.0 1047340000000000.0 3.52335e+17 0.00419679 88.6632 243252.0 6.24 [6.24]
134896000000000.0 1.12355e+21 9830.73 195972000.0 1119200000000.0 1014100000000000.0 3.40392e+17 0.00148684 33.3887 97635.9 6.26 [6.26]
134896000000000.0 1.18468e+21 6859.34 147329000.0 877942000000.0 968751000000000.0 3.2426e+17 0.000506983 12.0998 37715.9 6.28 [6.28]
134896000000000.0 1.24838e+21 4724.0 109057000.0 681996000000.0 910728000000000.0 3.04174e+17 0.000168029 4.26168 14163.5 6.3 [6.3]
134896000000000.0 1.31461e+21 3244.51 80370700.0 531056000000.0 841290000000000.0 2.80658e+17 5.47926e-05 1.47681 5235.67 6.32 [6.32]
134896000000000.0 1.38337e+21 2239.99 59377500.0 416502000000.0 762663000000000.0 2.5447e+17 1.78702e-05 0.511739 1934.7 6.34 [6.34]
134896000000000.0 1.45492e+21 1552.73 43962100.0 328436000000.0 678079000000000.0 2.26604e+17 5.87136e-06 0.178617 720.06 6.36 [6.36]
134895000000000.0 1.52941e+21 1084.05 32743400.0 260940000000.0 591017000000000.0 1.98141e+17 1.94843e-06 0.0629607 270.576 6.38 [6.38]
134895000000000.0 1.60707e+21 763.092 24569200.0 208859000000.0 505146000000000.0 1.70182e+17 6.55327e-07 0.0224894 103.004 6.4 [6.4]
134895000000000.0 1.68809e+21 541.105 18556500.0 168218000000.0 423729000000000.0 1.4369e+17 2.23813e-07 0.00815581 39.7966 6.42 [6.42]
134895000000000.0 1.77256e+21 386.226 14094600.0 136099000000.0 349226000000000.0 1.19399e+17 7.78452e-08 0.00301157 15.649 6.44 [6.44]
134895000000000.0 1.86053e+21 277.263 10755400.0 110507000000.0 283241000000000.0 9.77964e+16 2.7566e-08 0.00113196 6.2614 6.46 [6.46]
134895000000000.0 1.95204e+21 199.966 8238730.0 89979300000.0 226443000000000.0 7.90921e+16 9.91965e-09 0.000432279 2.54431 6.48 [6.48]
134895000000000.0 2.04729e+21 144.805 6331640.0 73430500000.0 178751000000000.0 6.3267e+16 3.6237e-09 0.000167549 1.04886 6.5 [6.5]
134895000000000.0 2.14662e+21 105.277 4882310.0 60079800000.0 140780000000000.0 5.05744e+16 1.34489e-09 6.59657e-05 0.439005 6.52 [6.52]
134895000000000.0 2.25029e+21 76.9346 3782750.0 49372100000.0 111030000000000.0 4.05467e+16 5.08613e-10 2.64609e-05 0.187163 6.54 [6.54]
134895000000000.0 2.35842e+21 56.3261 2934390.0 40607200000.0 87323000000000.0 3.2468e+16 1.95055e-10 1.07618e-05 0.0808693 6.56 [6.56]
134895000000000.0 2.47133e+21 41.2816 2277350.0 33403400000.0 68542600000000.0 2.59882e+16 7.57797e-11 4.43318e-06 0.0353773 6.58 [6.58]
134895000000000.0 2.58925e+21 30.2906 1768460.0 27486400000.0 53772900000000.0 2.08224e+16 2.98226e-11 1.84958e-06 0.0156684 6.6 [6.6]
134895000000000.0 2.71248e+21 22.2525 1374260.0 22628700000.0 42195600000000.0 1.67121e+16 1.18873e-11 7.81473e-07 0.0070252 6.62 [6.62]
134896000000000.0 2.84133e+21 16.3698 1068980.0 18645400000.0 33165500000000.0 1.34544e+16 4.79989e-12 3.34439e-07 0.00318956 6.64 [6.64]
134896000000000.0 2.97609e+21 12.066 832952.0 15389000000.0 26210900000000.0 1.0905e+16 1.96509e-12 1.45104e-07 0.00146782 6.66 [6.66]
134896000000000.0 3.11707e+21 8.91045 650105.0 12722200000.0 20788200000000.0 8880870000000000.0 8.15226e-13 6.379e-08 0.000684283 6.68 [6.68]
134896000000000.0 3.26455e+21 6.5928 508257.0 10535000000.0 16540000000000.0 7264030000000000.0 3.4241e-13 2.83919e-08 0.000322906 6.7 [6.7]
134896000000000.0 3.41881e+21 4.88763 398088.0 8739830000.0 13204000000000.0 5967970000000000.0 1.45563e-13 1.27874e-08 0.000154164 6.72 [6.72]
134896000000000.0 3.5802e+21 3.63176 312477.0 7266000000.0 10580800000000.0 4926650000000000.0 6.25892e-14 5.8252e-09 7.44326e-05 6.74 [6.74]
134896000000000.0 3.74904e+21 2.70524 245854.0 6054330000.0 8510240000000.0 4085820000000000.0 6.14225e-16 2.682e-09 3.63153e-05 6.76 [6.76]
134896000000000.0 3.92567e+21 2.02019 193912.0 5056780000.0 6870680000000.0 3404050000000000.0 0.0 1.24718e-09 1.78928e-05 6.78 [6.78]
134896000000000.0 4.1105e+21 1.51213 153302.0 4233450000.0 5569720000000.0 2849740000000000.0 8.14298e-17 5.85221e-10 8.89492e-06 6.8 [6.8]
134896000000000.0 4.30395e+21 1.13452 121490.0 3552940000.0 4538130000000.0 2399340000000000.0 3.6752e-17 2.76933e-10 4.45905e-06 6.82 [6.82]
134896000000000.0 4.50584e+21 0.853213 96512.0 2988900000.0 3715170000000.0 2030860000000000.0 1.67148e-17 1.31983e-10 2.2511e-06 6.84 [6.84]
134896000000000.0 4.7173e+21 0.64277 76815.2 2519450000.0 3048690000000.0 1724000000000000.0 3.8397e-18 6.32566e-11 1.14284e-06 6.86 [6.86]
134896000000000.0 4.93898e+21 0.485236 61277.7 2128620000.0 2514990000000.0 1471940000000000.0 1.76601e-18 3.04662e-11 5.83007e-07 6.88 [6.88]
134896000000000.0 5.17147e+21 0.367015 48991.6 1802700000.0 2091470000000.0 1267320000000000.0 8.16834e-19 1.47387e-11 2.98726e-07 6.9 [6.9]
134896000000000.0 5.41536e+21 0.277863 39219.2 1529060000.0 1748100000000.0 1097130000000000.0 3.7889e-19 7.14589e-12 1.5336e-07 6.92 [6.92]
134896000000000.0 5.67122e+21 0.210486 31425.6 1298620000.0 1468130000000.0 954743000000000.0 0.0 3.46723e-12 7.87718e-08 6.94 [6.94]
134896000000000.0 5.93967e+21 0.159586 25211.7 1104530000.0 1238430000000.0 834795000000000.0 0.0 1.68005e-12 4.04282e-08 6.96 [6.96]
134896000000000.0 6.22133e+21 0.121046 20243.4 940582000.0 1048910000000.0 733150000000000.0 2.91393e-19 8.1234e-13 2.07056e-08 6.98 [6.98]
134896000000000.0 6.51678e+21 0.0917825 16255.4 801396000.0 890282000000.0 645529000000000.0 1.34017e-19 3.91199e-13 1.05622e-08 7.0 [7.0]
