Cloudy_runs/component_II_T1/component_II_T1_col_density_param.txt
# %ECSV 1.0
# ---
# datatype:
# - {name: H, datatype: float64}
# - {name: H+, datatype: float64}
# - {name: C+, datatype: float64}
# - {name: C+2, datatype: float64}
# - {name: C+3, datatype: float64}
# - {name: O+5, datatype: float64}
# - {name: O+6, datatype: float64}
# - {name: Si+, datatype: float64}
# - {name: Si+2, datatype: float64}
# - {name: Si+3, datatype: float64}
# - {name: log_T, datatype: float64}
# - {name: parameters, datatype: string, subtype: 'float64[1]'}
# schema: astropy-2.0
H H+ C+ C+2 C+3 O+5 O+6 Si+ Si+2 Si+3 log_T parameters
134896000000000.0 4.61067e+16 1104930000000.0 9925970000000.0 1199260000000.0 8832950000.0 243105000.0 141467000000.0 674560000000.0 465378000000.0 4.0 [4.0]
134896000000000.0 4.76371e+16 1113790000000.0 10233500000000.0 1277900000000.0 9492970000.0 268709000.0 132224000000.0 703008000000.0 482025000000.0 4.02 [4.02]
134896000000000.0 4.92232e+16 1123210000000.0 10551400000000.0 1359500000000.0 10205400000.0 297193000.0 123798000000.0 732836000000.0 497755000000.0 4.04 [4.04]
134896000000000.0 5.08674e+16 1133350000000.0 10880800000000.0 1443290000000.0 10975500000.0 328913000.0 116259000000.0 764541000000.0 512086000000.0 4.06 [4.06]
134896000000000.0 5.25724e+16 1144490000000.0 11223200000000.0 1528280000000.0 11809000000.0 364268000.0 109649000000.0 798701000000.0 524493000000.0 4.08 [4.08]
134896000000000.0 5.43415e+16 1157020000000.0 11580300000000.0 1613230000000.0 12711600000.0 403704000.0 103988000000.0 835940000000.0 534429000000.0 4.1 [4.1]
134896000000000.0 5.61783e+16 1171510000000.0 11954200000000.0 1696670000000.0 13689500000.0 447716000.0 99279700000.0 876878000000.0 541385000000.0 4.12 [4.12]
134896000000000.0 5.80875e+16 1188750000000.0 12346900000000.0 1776990000000.0 14748500000.0 496862000.0 95510600000.0 922061000000.0 544950000000.0 4.14 [4.14]
134896000000000.0 6.00751e+16 1209770000000.0 12760900000000.0 1852530000000.0 15894800000.0 551773000.0 92657000000.0 971913000000.0 544867000000.0 4.16 [4.16]
134896000000000.0 6.21493e+16 1235890000000.0 13198600000000.0 1921750000000.0 17134300000.0 613171000.0 90688200000.0 1026680000000.0 541091000000.0 4.18 [4.18]
134896000000000.0 6.43212e+16 1268810000000.0 13662800000000.0 1983390000000.0 18472800000.0 681903000.0 89570700000.0 1086430000000.0 533815000000.0 4.2 [4.2]
134896000000000.0 6.6606e+16 1310620000000.0 14156200000000.0 2036590000000.0 19916500000.0 758982000.0 89272000000.0 1151060000000.0 523469000000.0 4.22 [4.22]
134896000000000.0 6.90251e+16 1363920000000.0 14682200000000.0 2081110000000.0 21472300000.0 845654000.0 89764200000.0 1220360000000.0 510682000000.0 4.24 [4.24]
134896000000000.0 7.16075e+16 1431900000000.0 15244900000000.0 2117320000000.0 23148500000.0 943494000.0 91025500000.0 1294150000000.0 496220000000.0 4.26 [4.26]
134896000000000.0 7.43936e+16 1518420000000.0 15849800000000.0 2146340000000.0 24956500000.0 1054550000.0 93041900000.0 1372350000000.0 480927000000.0 4.28 [4.28]
134896000000000.0 7.74387e+16 1628170000000.0 16504600000000.0 2169990000000.0 26912700000.0 1181570000.0 95807500000.0 1455180000000.0 465659000000.0 4.3 [4.3]
134896000000000.0 8.08217e+16 1766830000000.0 17221400000000.0 2190970000000.0 29046000000.0 1328530000.0 99321900000.0 1543260000000.0 451274000000.0 4.32 [4.32]
134896000000000.0 8.46266e+16 1941350000000.0 18012600000000.0 2211590000000.0 31372900000.0 1499580000.0 103602000000.0 1637520000000.0 438401000000.0 4.34 [4.34]
134896000000000.0 8.89935e+16 2160230000000.0 18901400000000.0 2235970000000.0 33951300000.0 1702190000.0 108662000000.0 1739760000000.0 427820000000.0 4.36 [4.36]
134896000000000.0 9.40889e+16 2434010000000.0 19916100000000.0 2268120000000.0 36842000000.0 1945660000.0 114530000000.0 1852280000000.0 420147000000.0 4.38 [4.38]
134896000000000.0 1.0013e+17 2775880000000.0 21094600000000.0 2312700000000.0 40127800000.0 2242940000.0 121241000000.0 1978180000000.0 415984000000.0 4.4 [4.4]
134896000000000.0 1.0738e+17 3202430000000.0 22483000000000.0 2374310000000.0 43893600000.0 2610190000.0 128842000000.0 2121110000000.0 415838000000.0 4.42 [4.42]
134896000000000.0 1.16178e+17 3734380000000.0 24141800000000.0 2458610000000.0 48253000000.0 3069780000.0 137373000000.0 2285540000000.0 420301000000.0 4.44 [4.44]
134896000000000.0 1.2694e+17 4397430000000.0 26145200000000.0 2571800000000.0 53325800000.0 3650250000.0 146862000000.0 2476510000000.0 429974000000.0 4.46 [4.46]
134896000000000.0 1.40173e+17 5222660000000.0 28584000000000.0 2720920000000.0 59236200000.0 4387770000.0 157306000000.0 2699500000000.0 445511000000.0 4.48 [4.48]
134896000000000.0 1.56485e+17 6246350000000.0 31568400000000.0 2914110000000.0 66105500000.0 5327350000.0 168645000000.0 2960150000000.0 467637000000.0 4.5 [4.5]
134896000000000.0 1.76612e+17 7509150000000.0 35233700000000.0 3161130000000.0 74025200000.0 6520170000.0 180747000000.0 3264120000000.0 497202000000.0 4.52 [4.52]
134896000000000.0 2.01425e+17 9053110000000.0 39745100000000.0 3473800000000.0 83069900000.0 8025640000.0 193392000000.0 3616680000000.0 535200000000.0 4.54 [4.54]
134896000000000.0 2.3195e+17 10916900000000.0 45305200000000.0 3866570000000.0 93284500000.0 9908370000.0 206262000000.0 4022320000000.0 582838000000.0 4.56 [4.56]
134896000000000.0 2.69379e+17 13128800000000.0 52163500000000.0 4357630000000.0 104688000000.0 12235700000.0 218961000000.0 4484540000000.0 641644000000.0 4.58 [4.58]
134896000000000.0 3.15099e+17 15698300000000.0 60627800000000.0 4970070000000.0 117283000000.0 15075100000.0 231039000000.0 5005600000000.0 713629000000.0 4.6 [4.6]
134896000000000.0 3.70709e+17 18607300000000.0 71074800000000.0 5733100000000.0 131071000000.0 18492400000.0 242035000000.0 5586390000000.0 801512000000.0 4.62 [4.62]
134896000000000.0 4.38044e+17 21804000000000.0 83959000000000.0 6683620000000.0 146075000000.0 22551700000.0 251517000000.0 6226310000000.0 909027000000.0 4.64 [4.64]
134896000000000.0 5.19158e+17 25199400000000.0 99807500000000.0 7867970000000.0 162346000000.0 27314900000.0 259096000000.0 6922670000000.0 1041270000000.0 4.66 [4.66]
134896000000000.0 6.16339e+17 28673000000000.0 119214000000000.0 9344290000000.0 179988000000.0 32847200000.0 264462000000.0 7670460000000.0 1205170000000.0 4.68 [4.68]
134896000000000.0 7.32303e+17 32092600000000.0 142854000000000.0 11190400000000.0 199250000000.0 39239600000.0 267343000000.0 8460800000000.0 1409920000000.0 4.7 [4.7]
134896000000000.0 8.70072e+17 35322700000000.0 171438000000000.0 13509100000000.0 220564000000.0 46624500000.0 266387000000.0 9240590000000.0 1660310000000.0 4.72 [4.72]
134896000000000.0 1.03311e+18 38244400000000.0 205701000000000.0 16444300000000.0 244377000000.0 55153700000.0 262890000000.0 10034300000000.0 1977850000000.0 4.74 [4.74]
134896000000000.0 1.22536e+18 40763400000000.0 246363000000000.0 20204500000000.0 271466000000.0 65072400000.0 256889000000.0 10824400000000.0 2381990000000.0 4.76 [4.76]
134896000000000.0 1.4509e+18 42801000000000.0 294004000000000.0 25095000000000.0 302831000000.0 76710900000.0 248402000000.0 11585600000000.0 2895350000000.0 4.78 [4.78]
134896000000000.0 1.71503e+18 44321300000000.0 349184000000000.0 31594200000000.0 340019000000.0 90588400000.0 237544000000.0 12289900000000.0 3543950000000.0 4.8 [4.8]
134896000000000.0 2.0236e+18 45299900000000.0 412197000000000.0 40407400000000.0 385103000000.0 107430000000.0 224415000000.0 12901200000000.0 4353760000000.0 4.82 [4.82]
134896000000000.0 2.38312e+18 45711900000000.0 482868000000000.0 52606100000000.0 440959000000.0 128272000000.0 209121000000.0 13374900000000.0 5345900000000.0 4.84 [4.84]
134895000000000.0 2.79991e+18 45515800000000.0 560131000000000.0 69718500000000.0 511448000000.0 154548000000.0 191762000000.0 13656700000000.0 6527400000000.0 4.86 [4.86]
134895000000000.0 3.28059e+18 44665300000000.0 641767000000000.0 93863100000000.0 602230000000.0 188405000000.0 172503000000.0 13686500000000.0 7879940000000.0 4.88 [4.88]
134896000000000.0 3.83223e+18 43132800000000.0 724065000000000.0 127781000000000.0 721201000000.0 232935000000.0 151688000000.0 13410400000000.0 9348590000000.0 4.9 [4.9]
134896000000000.0 4.46109e+18 40877600000000.0 801360000000000.0 174654000000000.0 879223000000.0 292578000000.0 129830000000.0 12788100000000.0 10830400000000.0 4.92 [4.92]
134896000000000.0 5.17316e+18 37877900000000.0 866105000000000.0 237488000000000.0 1090950000000.0 373673000000.0 107711000000.0 11815900000000.0 12180200000000.0 4.94 [4.94]
134896000000000.0 5.97548e+18 34161500000000.0 909409000000000.0 318105000000000.0 1375920000000.0 485296000000.0 86344600000.0 10542900000000.0 13238000000000.0 4.96 [4.96]
134896000000000.0 6.87557e+18 29823000000000.0 922172000000000.0 415399000000000.0 1759430000000.0 640361000000.0 66794800000.0 9071340000000.0 13871900000000.0 4.98 [4.98]
134896000000000.0 7.88018e+18 25042000000000.0 897172000000000.0 523376000000000.0 2273780000000.0 857336000000.0 49917800000.0 7534040000000.0 14019100000000.0 5.0 [5.0]
134896000000000.0 9.00411e+18 20108700000000.0 832605000000000.0 630631000000000.0 2963650000000.0 1164330000000.0 36254700000.0 6066670000000.0 13715900000000.0 5.02 [5.02]
134896000000000.0 1.02649e+19 15388700000000.0 734642000000000.0 722627000000000.0 3891560000000.0 1604420000000.0 25706000000.0 4765900000000.0 13065700000000.0 5.04 [5.04]
134896000000000.0 1.16826e+19 11214600000000.0 615913000000000.0 785620000000000.0 5149280000000.0 2244740000000.0 17921100000.0 3678790000000.0 12199300000000.0 5.06 [5.06]
134896000000000.0 1.32807e+19 7810040000000.0 492336000000000.0 812131000000000.0 6878460000000.0 3190830000000.0 12370400000.0 2809640000000.0 11238400000000.0 5.08 [5.08]
134896000000000.0 1.50853e+19 5231840000000.0 377828000000000.0 803093000000000.0 9307420000000.0 4609260000000.0 8506870000.0 2136290000000.0 10275500000000.0 5.1 [5.1]
134896000000000.0 1.7122e+19 3401690000000.0 280886000000000.0 765973000000000.0 12807400000000.0 6754050000000.0 5857650000.0 1625330000000.0 9370020000000.0 5.12 [5.12]
134896000000000.0 1.94185e+19 2166860000000.0 204184000000000.0 710842000000000.0 18007500000000.0 10012000000000.0 4054960000.0 1242330000000.0 8555050000000.0 5.14 [5.14]
134895000000000.0 2.20073e+19 1363480000000.0 146348000000000.0 647049000000000.0 26002900000000.0 14966200000000.0 2831250000.0 957175000000.0 7845700000000.0 5.16 [5.16]
134895000000000.0 2.4924e+19 853342000000.0 104153000000000.0 581567000000000.0 38717500000000.0 22473100000000.0 1998730000.0 745257000000.0 7245860000000.0 5.18 [5.18]
134896000000000.0 2.8208e+19 534011000000.0 74001400000000.0 518764000000000.0 59586200000000.0 33802600000000.0 1429310000.0 587555000000.0 6753290000000.0 5.2 [5.2]
134896000000000.0 3.1909e+19 335635000000.0 52718400000000.0 461067000000000.0 94667000000000.0 50858800000000.0 1037290000.0 469984000000.0 6363650000000.0 5.22 [5.22]
134896000000000.0 3.61065e+19 212624000000.0 37788200000000.0 409722000000000.0 154652000000000.0 76654400000000.0 765228000.0 382129000000.0 6073750000000.0 5.24 [5.24]
134896000000000.0 4.09418e+19 136213000000.0 27349900000000.0 365353000000000.0 258536000000000.0 116383000000000.0 574933000.0 316475000000.0 5885200000000.0 5.26 [5.26]
134896000000000.0 4.66492e+19 88571000000.0 20064000000000.0 328161000000000.0 439316000000000.0 179788000000000.0 440951000.0 267676000000.0 5805070000000.0 5.28 [5.28]
134896000000000.0 5.35296e+19 58624200000.0 14964600000000.0 297825000000000.0 752624000000000.0 286149000000000.0 345678000.0 231583000000.0 5838860000000.0 5.3 [5.3]
134896000000000.0 6.18797e+19 39494300000.0 11346500000000.0 273095000000000.0 1287380000000000.0 474553000000000.0 276690000.0 204754000000.0 5983610000000.0 5.32 [5.32]
134896000000000.0 7.18749e+19 27003400000.0 8719240000000.0 252170000000000.0 2173170000000000.0 823918000000000.0 225219000.0 184234000000.0 6221500000000.0 5.34 [5.34]
134896000000000.0 8.30842e+19 18582700000.0 6728870000000.0 232071000000000.0 3562430000000000.0 1483610000000000.0 184656000.0 166857000000.0 6489560000000.0 5.36 [5.36]
134896000000000.0 9.52317e+19 12799200000.0 5186720000000.0 211818000000000.0 5580610000000000.0 2721090000000000.0 151561000.0 151037000000.0 6744020000000.0 5.38 [5.38]
134896000000000.0 1.06744e+20 8746230000.0 3955550000000.0 189855000000000.0 8172060000000000.0 4899040000000000.0 122932000.0 134461000000.0 6867730000000.0 5.4 [5.4]
134896000000000.0 1.16018e+20 5919160000.0 2979580000000.0 166948000000000.0 1.09876e+16 8377410000000000.0 97545200.0 116287000000.0 6769450000000.0 5.42 [5.42]
134896000000000.0 1.21531e+20 3925740000.0 2193200000000.0 142836000000000.0 1.33572e+16 1.32075e+16 75020600.0 96652300000.0 6390400000000.0 5.44 [5.44]
134896000000000.0 1.23602e+20 2570960000.0 1591770000000.0 120270000000000.0 1.47044e+16 1.90399e+16 55936400.0 77410300000.0 5796070000000.0 5.46 [5.46]
134896000000000.0 1.23054e+20 1681200000.0 1152170000000.0 100788000000000.0 1.48059e+16 2.51664e+16 40551900.0 60086600000.0 5080330000000.0 5.48 [5.48]
134896000000000.0 1.22566e+20 1111740000.0 843640000000.0 85350100000000.0 1.40405e+16 3.12794e+16 28977600.0 46020000000.0 4384610000000.0 5.5 [5.5]
134896000000000.0 1.23533e+20 749243000.0 630129000000.0 73637800000000.0 1.28155e+16 3.72686e+16 20574500.0 35106100000.0 3762000000000.0 5.52 [5.52]
134895000000000.0 1.26517e+20 515606000.0 481144000000.0 64854900000000.0 1.14398e+16 4.31842e+16 14560000.0 26753600000.0 3218710000000.0 5.54 [5.54]
134896000000000.0 1.31504e+20 361854000.0 375251000000.0 58234500000000.0 1.00864e+16 4.91074e+16 10256200.0 20327800000.0 2740600000000.0 5.56 [5.56]
134896000000000.0 1.38366e+20 258530000.0 298393000000.0 53198400000000.0 8843500000000000.0 5.5148e+16 7175680.0 15355500000.0 2315540000000.0 5.58 [5.58]
134896000000000.0 1.46913e+20 187416000.0 241175000000.0 49289600000000.0 7741090000000000.0 6.1392e+16 4971230.0 11490900000.0 1934500000000.0 5.6 [5.6]
134896000000000.0 1.56994e+20 137613000.0 197731000000.0 46221700000000.0 6781470000000000.0 6.79132e+16 3401640.0 8494060000.0 1593540000000.0 5.62 [5.62]
134896000000000.0 1.6865e+20 102333000.0 164331000000.0 43843000000000.0 5959080000000000.0 7.48407e+16 2296730.0 6194690000.0 1292780000000.0 5.64 [5.64]
134896000000000.0 1.81738e+20 77081500.0 138352000000.0 42029400000000.0 5253010000000000.0 8.21968e+16 1527530.0 4448840000.0 1030910000000.0 5.66 [5.66]
134896000000000.0 1.96366e+20 58871800.0 117965000000.0 40710500000000.0 4649010000000000.0 9.00943e+16 1000440.0 3144890000.0 807821000000.0 5.68 [5.68]
134896000000000.0 2.12464e+20 45606300.0 101708000000.0 39785300000000.0 4125490000000000.0 9.85505e+16 638465.0 2164790000.0 615383000000.0 5.7 [5.7]
134896000000000.0 2.30096e+20 35858900.0 88527200000.0 39172400000000.0 3673370000000000.0 1.07626e+17 403831.0 1475760000.0 463644000000.0 5.72 [5.72]
134896000000000.0 2.4909e+20 28575200.0 77513800000.0 38732800000000.0 3275290000000000.0 1.17269e+17 250671.0 986428000.0 342155000000.0 5.74 [5.74]
134896000000000.0 2.69045e+20 23023200.0 68014400000.0 38320300000000.0 2919310000000000.0 1.27305e+17 152391.0 645126000.0 246855000000.0 5.76 [5.76]
134896000000000.0 2.8938e+20 18680500.0 59580700000.0 37789800000000.0 2612960000000000.0 1.37449e+17 90798.8 413101000.0 174159000000.0 5.78 [5.78]
134896000000000.0 3.09621e+20 15187800.0 51982100000.0 37050100000000.0 2346320000000000.0 1.47487e+17 52977.1 258814000.0 120061000000.0 5.8 [5.8]
134896000000000.0 3.29633e+20 12290900.0 45022600000.0 36003000000000.0 2112100000000000.0 1.57361e+17 30245.7 158575000.0 80850900000.0 5.82 [5.82]
134896000000000.0 3.49577e+20 9834680.0 38593100000.0 34585000000000.0 1906940000000000.0 1.67153e+17 16899.7 95052600.0 53217100000.0 5.84 [5.84]
134896000000000.0 3.69925e+20 7755020.0 32702400000.0 32810100000000.0 1729920000000000.0 1.7709e+17 9249.93 55802200.0 34278100000.0 5.86 [5.86]
134896000000000.0 3.91141e+20 6014950.0 27358200000.0 30705900000000.0 1579580000000000.0 1.87393e+17 4967.87 32140200.0 21646100000.0 5.88 [5.88]
134896000000000.0 4.13635e+20 4594370.0 22612500000.0 28361400000000.0 1457970000000000.0 1.98246e+17 2643.56 18338500.0 13527200000.0 5.9 [5.9]
134896000000000.0 4.37647e+20 3464860.0 18494200000.0 25882200000000.0 1360300000000000.0 2.09753e+17 1386.51 10310200.0 8318790000.0 5.92 [5.92]
134896000000000.0 4.63432e+20 2579680.0 14950100000.0 23316500000000.0 1282110000000000.0 2.22013e+17 715.677 5702920.0 5027350000.0 5.94 [5.94]
