Cloudy_runs/pg0003/z=0.347586/nH_Z=-1/component_III_nH_col_density_param.txt
# %ECSV 1.0
# ---
# datatype:
# - {name: H, datatype: float64}
# - {name: H+, datatype: float64}
# - {name: C+, datatype: float64}
# - {name: C+2, datatype: float64}
# - {name: C+3, datatype: float64}
# - {name: O+5, datatype: float64}
# - {name: O+6, datatype: float64}
# - {name: Si+, datatype: float64}
# - {name: Si+2, datatype: float64}
# - {name: Si+3, datatype: float64}
# - {name: log_nH, datatype: float64}
# - {name: log_Te, datatype: float64}
# - {name: parameters, datatype: string, subtype: 'float64[1]'}
# schema: astropy-2.0
H H+ C+ C+2 C+3 O+5 O+6 Si+ Si+2 Si+3 log_nH log_Te parameters
1.17489e+16 1.24294e+21 154157000000.0 47343800000000.0 385708000000000.0 1.09354e+16 3.51236e+16 26489600.0 2207690000.0 21034300000.0 -5.0 4.621 [-5.0]
1.1749e+16 1.17288e+21 170525000000.0 51065500000000.0 399649000000000.0 1.07024e+16 3.25867e+16 32514100.0 2635300000.0 24251400000.0 -4.98 4.615 [-4.98]
1.17489e+16 1.10709e+21 188324000000.0 54982800000000.0 413430000000000.0 1.04546e+16 3.01883e+16 39807600.0 3138870000.0 27903300000.0 -4.96 4.609 [-4.96]
1.17489e+16 1.04535e+21 207663000000.0 59106600000000.0 427077000000000.0 1.0194e+16 2.79262e+16 48620100.0 3731310000.0 32046900000.0 -4.94 4.603 [-4.94]
1.17489e+16 9.87354e+20 228647000000.0 63437800000000.0 440526000000000.0 9921250000000000.0 2.5795e+16 59242800.0 4426690000.0 36736500000.0 -4.92 4.597 [-4.92]
1.17489e+16 9.32839e+20 251397000000.0 67980500000000.0 453747000000000.0 9637430000000000.0 2.37901e+16 72021200.0 5241460000.0 42034600000.0 -4.9 4.592 [-4.9]
1.1749e+16 8.81593e+20 276038000000.0 72738800000000.0 466708000000000.0 9343850000000000.0 2.19076e+16 87358600.0 6194330000.0 48008700000.0 -4.88 4.586 [-4.88]
1.17489e+16 8.33383e+20 302697000000.0 77714800000000.0 479372000000000.0 9041630000000000.0 2.01424e+16 105729000.0 7306650000.0 54732800000.0 -4.86 4.581 [-4.86]
1.17489e+16 7.88015e+20 331517000000.0 82913500000000.0 491721000000000.0 8732220000000000.0 1.849e+16 127688000.0 8602970000.0 62288700000.0 -4.84 4.575 [-4.84]
1.17489e+16 7.45307e+20 362649000000.0 88338100000000.0 503723000000000.0 8416700000000000.0 1.69462e+16 153885000.0 10111000000.0 70763700000.0 -4.82 4.57 [-4.82]
1.17489e+16 7.05073e+20 396229000000.0 93987400000000.0 515342000000000.0 8096420000000000.0 1.55057e+16 185072000.0 11862400000.0 80253200000.0 -4.8 4.565 [-4.8]
1.17489e+16 6.67155e+20 432427000000.0 99864200000000.0 526552000000000.0 7772630000000000.0 1.41642e+16 222131000.0 13893100000.0 90860600000.0 -4.78 4.56 [-4.78]
1.1749e+16 6.3142e+20 471427000000.0 105971000000000.0 537332000000000.0 7446760000000000.0 1.29173e+16 266078000.0 16243400000.0 102697000000.0 -4.76 4.555 [-4.76]
1.17489e+16 5.97718e+20 513388000000.0 112309000000000.0 547657000000000.0 7120040000000000.0 1.17603e+16 318092000.0 18959300000.0 115883000000.0 -4.74 4.551 [-4.74]
1.17489e+16 5.65943e+20 558513000000.0 118882000000000.0 557528000000000.0 6794000000000000.0 1.0689e+16 379540000.0 22093500000.0 130553000000.0 -4.72 4.546 [-4.72]
1.17489e+16 5.35897e+20 606872000000.0 125670000000000.0 566843000000000.0 6468970000000000.0 9697540000000000.0 451965000.0 25701100000.0 146835000000.0 -4.7 4.542 [-4.7]
1.17489e+16 5.07558e+20 658785000000.0 132694000000000.0 575663000000000.0 6147110000000000.0 8783210000000000.0 537198000.0 29850700000.0 164890000000.0 -4.68 4.537 [-4.68]
1.17489e+16 4.80801e+20 714435000000.0 139944000000000.0 583940000000000.0 5829110000000000.0 7941310000000000.0 637306000.0 34614700000.0 184870000000.0 -4.66 4.533 [-4.66]
1.17489e+16 4.55521e+20 774013000000.0 147418000000000.0 591660000000000.0 5516150000000000.0 7167450000000000.0 754648000.0 40075000000.0 206947000000.0 -4.64 4.528 [-4.64]
1.17489e+16 4.31624e+20 837684000000.0 155108000000000.0 598802000000000.0 5209180000000000.0 6457400000000000.0 891903000.0 46322600000.0 231304000000.0 -4.62 4.524 [-4.62]
1.17489e+16 4.09032e+20 905675000000.0 163011000000000.0 605343000000000.0 4909020000000000.0 5807540000000000.0 1052150000.0 53460000000.0 258133000000.0 -4.6 4.52 [-4.6]
1.17489e+16 3.87666e+20 978188000000.0 171118000000000.0 611269000000000.0 4616520000000000.0 5213760000000000.0 1238850000.0 61599400000.0 287631000000.0 -4.58 4.516 [-4.58]
1.17489e+16 3.6745e+20 1055380000000.0 179421000000000.0 616565000000000.0 4332490000000000.0 4672380000000000.0 1455940000.0 70867100000.0 320024000000.0 -4.56 4.512 [-4.56]
1.17489e+16 3.4832e+20 1137500000000.0 187910000000000.0 621216000000000.0 4057480000000000.0 4179740000000000.0 1707880000.0 81402300000.0 355533000000.0 -4.54 4.508 [-4.54]
1.17489e+16 3.30214e+20 1224720000000.0 196575000000000.0 625208000000000.0 3792150000000000.0 3732370000000000.0 1999640000.0 93358100000.0 394398000000.0 -4.52 4.504 [-4.52]
1.17489e+16 3.13073e+20 1317240000000.0 205403000000000.0 628529000000000.0 3536870000000000.0 3327060000000000.0 2336850000.0 106903000000.0 436864000000.0 -4.5 4.5 [-4.5]
1.17489e+16 2.96841e+20 1415230000000.0 214380000000000.0 631168000000000.0 3292040000000000.0 2960520000000000.0 2725790000.0 122224000000.0 483199000000.0 -4.48 4.496 [-4.48]
1.17489e+16 2.81466e+20 1518850000000.0 223489000000000.0 633115000000000.0 3057950000000000.0 2629680000000000.0 3173440000.0 139524000000.0 533673000000.0 -4.46 4.492 [-4.46]
1.17489e+16 2.66902e+20 1628270000000.0 232713000000000.0 634359000000000.0 2834760000000000.0 2331760000000000.0 3687600000.0 159024000000.0 588564000000.0 -4.44 4.488 [-4.44]
1.17489e+16 2.53102e+20 1743620000000.0 242033000000000.0 634893000000000.0 2622600000000000.0 2063910000000000.0 4276900000.0 180967000000.0 648164000000.0 -4.42 4.484 [-4.42]
1.17489e+16 2.40028e+20 1865150000000.0 251431000000000.0 634706000000000.0 2421490000000000.0 1823640000000000.0 4951010000.0 205617000000.0 712742000000.0 -4.4 4.481 [-4.4]
1.17489e+16 2.27637e+20 1992830000000.0 260882000000000.0 633802000000000.0 2231380000000000.0 1608530000000000.0 5720350000.0 233259000000.0 782641000000.0 -4.38 4.477 [-4.38]
1.17489e+16 2.15894e+20 2126830000000.0 270362000000000.0 632173000000000.0 2052150000000000.0 1416340000000000.0 6596560000.0 264204000000.0 858156000000.0 -4.36 4.473 [-4.36]
1.17489e+16 2.04762e+20 2267180000000.0 279845000000000.0 629816000000000.0 1883600000000000.0 1244940000000000.0 7592300000.0 298782000000.0 939597000000.0 -4.34 4.469 [-4.34]
1.17489e+16 1.94213e+20 2414090000000.0 289310000000000.0 626732000000000.0 1725590000000000.0 1092440000000000.0 8721640000.0 337353000000.0 1027260000000.0 -4.32 4.466 [-4.32]
1.17489e+16 1.84212e+20 2567500000000.0 298722000000000.0 622920000000000.0 1577890000000000.0 957030000000000.0 9999590000.0 380300000000.0 1121450000000.0 -4.3 4.462 [-4.3]
1.17489e+16 1.74732e+20 2727520000000.0 308057000000000.0 618387000000000.0 1440200000000000.0 837021000000000.0 11442800000.0 428034000000.0 1222490000000.0 -4.28 4.458 [-4.28]
1.17489e+16 1.65745e+20 2894050000000.0 317279000000000.0 613133000000000.0 1312160000000000.0 730858000000000.0 13069000000.0 480991000000.0 1330660000000.0 -4.26 4.454 [-4.26]
1.17489e+16 1.57226e+20 3067170000000.0 326362000000000.0 607171000000000.0 1193370000000000.0 637111000000000.0 14897500000.0 539637000000.0 1446260000000.0 -4.24 4.451 [-4.24]
1.17489e+16 1.4915e+20 3246860000000.0 335274000000000.0 600509000000000.0 1083440000000000.0 554500000000000.0 16949000000.0 604455000000.0 1569500000000.0 -4.22 4.447 [-4.22]
1.17489e+16 1.41494e+20 3432950000000.0 343977000000000.0 593163000000000.0 981942000000000.0 481820000000000.0 19245600000.0 675962000000.0 1700690000000.0 -4.2 4.444 [-4.2]
1.17489e+16 1.34236e+20 3625340000000.0 352439000000000.0 585143000000000.0 888447000000000.0 417968000000000.0 21810700000.0 754688000000.0 1840020000000.0 -4.18 4.44 [-4.18]
1.17489e+16 1.27355e+20 3824010000000.0 360629000000000.0 576470000000000.0 802515000000000.0 362005000000000.0 24670200000.0 841208000000.0 1987680000000.0 -4.16 4.436 [-4.16]
1.17489e+16 1.20833e+20 4028690000000.0 368508000000000.0 567159000000000.0 723699000000000.0 313039000000000.0 27850400000.0 936097000000.0 2143830000000.0 -4.14 4.433 [-4.14]
1.17489e+16 1.14649e+20 4239230000000.0 376045000000000.0 557237000000000.0 651569000000000.0 270274000000000.0 31379800000.0 1039970000000.0 2308610000000.0 -4.12 4.429 [-4.12]
1.17489e+16 1.08787e+20 4455350000000.0 383204000000000.0 546727000000000.0 585695000000000.0 232980000000000.0 35287900000.0 1153440000000.0 2482090000000.0 -4.1 4.426 [-4.1]
1.17489e+16 1.03229e+20 4676810000000.0 389953000000000.0 535657000000000.0 525655000000000.0 200525000000000.0 39606000000.0 1277140000000.0 2664300000000.0 -4.08 4.422 [-4.08]
1.17489e+16 9.79601e+19 4903310000000.0 396260000000000.0 524059000000000.0 471043000000000.0 172331000000000.0 44366400000.0 1411710000000.0 2855200000000.0 -4.06 4.419 [-4.06]
1.17489e+16 9.29651e+19 5134660000000.0 402104000000000.0 511979000000000.0 421465000000000.0 147877000000000.0 49602800000.0 1557800000000.0 3054700000000.0 -4.04 4.415 [-4.04]
1.17489e+16 8.82298e+19 5370380000000.0 407449000000000.0 499439000000000.0 376542000000000.0 126707000000000.0 55349800000.0 1716050000000.0 3262630000000.0 -4.02 4.412 [-4.02]
1.17489e+16 8.37399e+19 5609920000000.0 412262000000000.0 486477000000000.0 335913000000000.0 108409000000000.0 61641600000.0 1887070000000.0 3478800000000.0 -4.0 4.408 [-4.0]
1.17489e+16 7.94814e+19 5852440000000.0 416507000000000.0 473133000000000.0 299232000000000.0 92617300000000.0 68512100000.0 2071450000000.0 3702970000000.0 -3.98 4.405 [-3.98]
1.17489e+16 7.5444e+19 6098260000000.0 420182000000000.0 459444000000000.0 266175000000000.0 79018500000000.0 76001000000.0 2269800000000.0 3934530000000.0 -3.96 4.402 [-3.96]
1.17489e+16 7.16161e+19 6346640000000.0 423264000000000.0 445462000000000.0 236440000000000.0 67326700000000.0 84142900000.0 2482660000000.0 4173060000000.0 -3.94 4.398 [-3.94]
1.17489e+16 6.79865e+19 6596850000000.0 425732000000000.0 431231000000000.0 209737000000000.0 57288700000000.0 92971800000.0 2710520000000.0 4418070000000.0 -3.92 4.395 [-3.92]
1.17489e+16 6.45445e+19 6848370000000.0 427577000000000.0 416806000000000.0 185798000000000.0 48683400000000.0 102520000000.0 2953780000000.0 4668860000000.0 -3.9 4.392 [-3.9]
1.17489e+16 6.12805e+19 7100730000000.0 428788000000000.0 402225000000000.0 164370000000000.0 41317200000000.0 112823000000.0 3212820000000.0 4924580000000.0 -3.88 4.389 [-3.88]
1.17489e+16 5.8185e+19 7353110000000.0 429354000000000.0 387535000000000.0 145222000000000.0 35020600000000.0 123908000000.0 3487870000000.0 5184400000000.0 -3.86 4.385 [-3.86]
1.17489e+16 5.52492e+19 7605050000000.0 429275000000000.0 372783000000000.0 128138000000000.0 29648700000000.0 135805000000.0 3779090000000.0 5447240000000.0 -3.84 4.382 [-3.84]
1.17489e+16 5.24645e+19 7855810000000.0 428552000000000.0 358021000000000.0 112918000000000.0 25071700000000.0 148533000000.0 4086460000000.0 5712020000000.0 -3.82 4.379 [-3.82]
1.17489e+16 4.98229e+19 8104760000000.0 427188000000000.0 343290000000000.0 99379400000000.0 21177100000000.0 162112000000.0 4409860000000.0 5977500000000.0 -3.8 4.376 [-3.8]
1.17489e+16 4.73164e+19 8350950000000.0 425183000000000.0 328635000000000.0 87353100000000.0 17866800000000.0 176553000000.0 4748940000000.0 6242420000000.0 -3.78 4.373 [-3.78]
1.17489e+16 4.49385e+19 8594080000000.0 422560000000000.0 314102000000000.0 76686300000000.0 15056800000000.0 191866000000.0 5103260000000.0 6505230000000.0 -3.76 4.369 [-3.76]
1.1749e+16 4.26819e+19 8833140000000.0 419324000000000.0 299729000000000.0 67238000000000.0 12674000000000.0 208045000000.0 5472070000000.0 6764510000000.0 -3.74 4.366 [-3.74]
1.17489e+16 4.05402e+19 9067630000000.0 415499000000000.0 285558000000000.0 58880700000000.0 10655900000000.0 225083000000.0 5854480000000.0 7018570000000.0 -3.72 4.363 [-3.72]
1.17489e+16 3.85075e+19 9296920000000.0 411103000000000.0 271623000000000.0 51498600000000.0 8948770000000.0 242962000000.0 6249340000000.0 7265710000000.0 -3.7 4.36 [-3.7]
1.17489e+16 3.6578e+19 9520350000000.0 406163000000000.0 257961000000000.0 44986500000000.0 7506250000000.0 261654000000.0 6655240000000.0 7504200000000.0 -3.68 4.357 [-3.68]
1.17489e+16 3.47463e+19 9737440000000.0 400705000000000.0 244601000000000.0 39249300000000.0 6288770000000.0 281120000000.0 7070570000000.0 7732180000000.0 -3.66 4.354 [-3.66]
1.1749e+16 3.30078e+19 9948020000000.0 394768000000000.0 231573000000000.0 34202100000000.0 5262600000000.0 301321000000.0 7493560000000.0 7947740000000.0 -3.64 4.351 [-3.64]
1.17489e+16 3.13563e+19 10150500000000.0 388361000000000.0 218899000000000.0 29766300000000.0 4398270000000.0 322175000000.0 7921720000000.0 8149330000000.0 -3.62 4.348 [-3.62]
1.1749e+16 2.97882e+19 10345100000000.0 381528000000000.0 206602000000000.0 25873600000000.0 3671320000000.0 343622000000.0 8352860000000.0 8334970000000.0 -3.6 4.345 [-3.6]
1.1749e+16 2.82989e+19 10531400000000.0 374305000000000.0 194700000000000.0 22461700000000.0 3060630000000.0 365579000000.0 8784340000000.0 8502920000000.0 -3.58 4.342 [-3.58]
1.1749e+16 2.68844e+19 10708900000000.0 366726000000000.0 183210000000000.0 19474900000000.0 2548200000000.0 387949000000.0 9213290000000.0 8651540000000.0 -3.56 4.339 [-3.56]
1.1749e+16 2.55408e+19 10877500000000.0 358831000000000.0 172144000000000.0 16863800000000.0 2118770000000.0 410635000000.0 9636800000000.0 8779230000000.0 -3.54 4.336 [-3.54]
1.1749e+16 2.42646e+19 11037000000000.0 350658000000000.0 161511000000000.0 14583800000000.0 1759330000000.0 433522000000.0 10051700000000.0 8884620000000.0 -3.52 4.332 [-3.52]
1.1749e+16 2.30522e+19 11187200000000.0 342239000000000.0 151317000000000.0 12595500000000.0 1458850000000.0 456492000000.0 10454800000000.0 8966460000000.0 -3.5 4.329 [-3.5]
1.1749e+16 2.19004e+19 11327800000000.0 333610000000000.0 141564000000000.0 10863900000000.0 1207990000000.0 479422000000.0 10842900000000.0 9023760000000.0 -3.48 4.326 [-3.48]
1.1749e+16 2.08062e+19 11458900000000.0 324811000000000.0 132254000000000.0 9357670000000.0 998830000000.0 502186000000.0 11212800000000.0 9055710000000.0 -3.46 4.323 [-3.46]
1.1749e+16 1.97675e+19 11581700000000.0 315895000000000.0 123387000000000.0 8049780000000.0 824766000000.0 524695000000.0 11562000000000.0 9061490000000.0 -3.44 4.32 [-3.44]
1.1749e+16 1.87797e+19 11694100000000.0 306859000000000.0 114957000000000.0 6914640000000.0 679938000000.0 546747000000.0 11886300000000.0 9041480000000.0 -3.42 4.317 [-3.42]
1.1749e+16 1.78413e+19 11797300000000.0 297758000000000.0 106961000000000.0 5931250000000.0 559693000000.0 568262000000.0 12183500000000.0 8995380000000.0 -3.4 4.314 [-3.4]
1.1749e+16 1.69498e+19 11891600000000.0 288623000000000.0 99389300000000.0 5080430000000.0 459997000000.0 589121000000.0 12451300000000.0 8923540000000.0 -3.38 4.311 [-3.38]
1.1749e+16 1.61027e+19 11977100000000.0 279482000000000.0 92234100000000.0 4345320000000.0 377459000000.0 609218000000.0 12687300000000.0 8826600000000.0 -3.36 4.308 [-3.36]
1.1749e+16 1.5298e+19 12053900000000.0 270364000000000.0 85485800000000.0 3711150000000.0 309237000000.0 628444000000.0 12889700000000.0 8705580000000.0 -3.34 4.304 [-3.34]
1.1749e+16 1.45334e+19 12122600000000.0 261296000000000.0 79130200000000.0 3164700000000.0 252925000000.0 646740000000.0 13057300000000.0 8561420000000.0 -3.32 4.301 [-3.32]
1.1749e+16 1.3807e+19 12183600000000.0 252301000000000.0 73154800000000.0 2694560000000.0 206520000000.0 664041000000.0 13189200000000.0 8395490000000.0 -3.3 4.298 [-3.3]
1.1749e+16 1.31169e+19 12236800000000.0 243400000000000.0 67548100000000.0 2290740000000.0 168347000000.0 680265000000.0 13284600000000.0 8209670000000.0 -3.28 4.295 [-3.28]
1.1749e+16 1.24613e+19 12282600000000.0 234612000000000.0 62294900000000.0 1944360000000.0 136993000000.0 695382000000.0 13343400000000.0 8005660000000.0 -3.26 4.292 [-3.26]
1.1749e+16 1.18385e+19 12321400000000.0 225955000000000.0 57380600000000.0 1647710000000.0 111284000000.0 709370000000.0 13365900000000.0 7785380000000.0 -3.24 4.289 [-3.24]
1.1749e+16 1.12467e+19 12353300000000.0 217443000000000.0 52790800000000.0 1394040000000.0 90239100000.0 722217000000.0 13352800000000.0 7550900000000.0 -3.22 4.285 [-3.22]
1.1749e+16 1.06847e+19 12378700000000.0 209092000000000.0 48510600000000.0 1177490000000.0 73044400000.0 733927000000.0 13305200000000.0 7304350000000.0 -3.2 4.282 [-3.2]
1.1749e+16 1.01507e+19 12397900000000.0 200912000000000.0 44523300000000.0 992877000000.0 59017200000.0 744530000000.0 13224400000000.0 7047710000000.0 -3.18 4.279 [-3.18]
