Cloudy_runs/pg0003/z=0.347586/nH_Z=-1/component_III_nH_col_density_param.txt
# %ECSV 1.0
# ---
# datatype:
# - {name: H, datatype: float64}
# - {name: H+, datatype: float64}
# - {name: C+, datatype: float64}
# - {name: C+2, datatype: float64}
# - {name: C+3, datatype: float64}
# - {name: O+5, datatype: float64}
# - {name: O+6, datatype: float64}
# - {name: Si+, datatype: float64}
# - {name: Si+2, datatype: float64}
# - {name: Si+3, datatype: float64}
# - {name: log_nH, datatype: float64}
# - {name: log_Te, datatype: float64}
# - {name: parameters, datatype: string, subtype: 'float64[1]'}
# schema: astropy-2.0
H H+ C+ C+2 C+3 O+5 O+6 Si+ Si+2 Si+3 log_nH log_Te parameters
[from data line 93]
1.1749e+16 9.16139e+18 12418900000000.0 185102000000000.0 37371500000000.0 702316000000.0 38313700000.0 762532000000.0 12970400000000.0 6512740000000.0 -3.14 4.272 [-3.14]
1.1749e+16 8.70356e+18 12421100000000.0 177487000000000.0 34177600000000.0 589125000000.0 30783800000.0 770031000000.0 12801200000000.0 6238420000000.0 -3.12 4.269 [-3.12]
1.1749e+16 8.26772e+18 12416200000000.0 170054000000000.0 31217700000000.0 493183000000.0 24678900000.0 776543000000.0 12604700000000.0 5962440000000.0 -3.1 4.266 [-3.1]
1.1749e+16 7.85471e+18 12408400000000.0 162849000000000.0 28482200000000.0 412217000000.0 19754100000.0 782271000000.0 12387700000000.0 5685720000000.0 -3.08 4.263 [-3.08]
1.1749e+16 7.46237e+18 12395900000000.0 155853000000000.0 25955300000000.0 343910000000.0 15781700000.0 787211000000.0 12150200000000.0 5410320000000.0 -3.06 4.259 [-3.06]
1.1749e+16 7.08986e+18 12378900000000.0 149070000000000.0 23624900000000.0 286405000000.0 12585000000.0 791443000000.0 11895200000000.0 5137660000000.0 -3.04 4.256 [-3.04]
1.1749e+16 6.7361e+18 12357500000000.0 142500000000000.0 21478500000000.0 238078000000.0 10016900000.0 795025000000.0 11624600000000.0 4869200000000.0 -3.02 4.253 [-3.02]
1.17489e+16 6.39954e+18 12330800000000.0 136130000000000.0 19502400000000.0 197494000000.0 7955540000.0 798026000000.0 11339500000000.0 4605940000000.0 -3.0 4.25 [-3.0]
1.17489e+16 6.08008e+18 12300500000000.0 129975000000000.0 17687000000000.0 163523000000.0 6306750000.0 800550000000.0 11043900000000.0 4348790000000.0 -2.98 4.246 [-2.98]
1.17489e+16 5.77664e+18 12266100000000.0 124030000000000.0 16021100000000.0 135132000000.0 4989970000.0 802652000000.0 10739400000000.0 4098660000000.0 -2.96 4.243 [-2.96]
1.17489e+16 5.48843e+18 12227800000000.0 118293000000000.0 14494400000000.0 111452000000.0 3940530000.0 804398000000.0 10428000000000.0 3856240000000.0 -2.94 4.24 [-2.94]
1.17489e+16 5.21468e+18 12185700000000.0 112761000000000.0 13097100000000.0 91738300000.0 3105780000.0 805851000000.0 10111500000000.0 3622080000000.0 -2.92 4.237 [-2.92]
1.17489e+16 4.9547e+18 12139800000000.0 107431000000000.0 11820000000000.0 75361100000.0 2443200000.0 807067000000.0 9791830000000.0 3396600000000.0 -2.9 4.233 [-2.9]
1.17489e+16 4.70748e+18 12089400000000.0 102294000000000.0 10653800000000.0 61774300000.0 1917940000.0 808107000000.0 9469420000000.0 3180340000000.0 -2.88 4.23 [-2.88]
1.17489e+16 4.47293e+18 12036100000000.0 97358200000000.0 9590970000000.0 50538500000.0 1502960000.0 809011000000.0 9147510000000.0 2973140000000.0 -2.86 4.227 [-2.86]
1.17489e+16 4.25009e+18 11979000000000.0 92611600000000.0 8623300000000.0 41259500000.0 1175490000.0 809824000000.0 8826380000000.0 2775310000000.0 -2.84 4.223 [-2.84]
1.17489e+16 4.03849e+18 11918400000000.0 88053200000000.0 7743640000000.0 33614600000.0 917669000.0 810579000000.0 8507500000000.0 2586860000000.0 -2.82 4.22 [-2.82]
1.17489e+16 3.8375e+18 11854300000000.0 83676900000000.0 6944960000000.0 27328100000.0 715048000.0 811307000000.0 8191670000000.0 2407760000000.0 -2.8 4.217 [-2.8]
1.17489e+16 3.6466e+18 11786600000000.0 79478500000000.0 6220820000000.0 22169600000.0 556126000.0 812038000000.0 7879810000000.0 2237940000000.0 -2.78 4.214 [-2.78]
1.17489e+16 3.46529e+18 11715300000000.0 75453400000000.0 5565190000000.0 17946100000.0 431729000.0 812790000000.0 7572650000000.0 2077260000000.0 -2.76 4.211 [-2.76]
1.17489e+16 3.29317e+18 11640700000000.0 71598900000000.0 4972680000000.0 14496500000.0 334574000.0 813583000000.0 7271060000000.0 1925580000000.0 -2.74 4.207 [-2.74]
1.17489e+16 3.12971e+18 11562600000000.0 67908300000000.0 4437690000000.0 11684300000.0 258819000.0 814418000000.0 6975430000000.0 1782590000000.0 -2.72 4.204 [-2.72]
1.17489e+16 2.97446e+18 11481100000000.0 64376700000000.0 3955300000000.0 9396690000.0 199862000.0 815305000000.0 6686190000000.0 1648060000000.0 -2.7 4.201 [-2.7]
1.17489e+16 2.82701e+18 11396100000000.0 60999200000000.0 3520920000000.0 7539990000.0 154066000.0 816242000000.0 6403720000000.0 1521690000000.0 -2.68 4.198 [-2.68]
1.17489e+16 2.68697e+18 11307800000000.0 57771100000000.0 3130330000000.0 6036460000.0 118560000.0 817224000000.0 6128340000000.0 1403190000000.0 -2.66 4.195 [-2.66]
1.17489e+16 2.55397e+18 11216000000000.0 54687400000000.0 2779630000000.0 4821630000.0 91082200.0 818247000000.0 5860230000000.0 1292260000000.0 -2.64 4.191 [-2.64]
1.17489e+16 2.42765e+18 11120900000000.0 51743600000000.0 2465180000000.0 3842420000.0 69858000.0 819291000000.0 5599620000000.0 1188580000000.0 -2.62 4.188 [-2.62]
1.17489e+16 2.30767e+18 11022300000000.0 48934300000000.0 2183620000000.0 3054840000.0 53491300.0 820356000000.0 5346530000000.0 1091830000000.0 -2.6 4.185 [-2.6]
1.17489e+16 2.19371e+18 10920400000000.0 46255500000000.0 1931870000000.0 2422990000.0 40894500.0 821413000000.0 5101130000000.0 1001680000000.0 -2.58 4.182 [-2.58]
1.17489e+16 2.08543e+18 10815000000000.0 43701000000000.0 1707030000000.0 1917110000.0 31213000.0 822472000000.0 4863210000000.0 917811000000.0 -2.56 4.179 [-2.56]
1.17489e+16 1.98262e+18 10706500000000.0 41268600000000.0 1506600000000.0 1513290000.0 23789300.0 823463000000.0 4633130000000.0 839904000000.0 -2.54 4.176 [-2.54]
1.17489e+16 1.88502e+18 10595000000000.0 38954000000000.0 1328170000000.0 1191730000.0 18106400.0 824350000000.0 4410920000000.0 767640000000.0 -2.52 4.173 [-2.52]
1.17489e+16 1.79228e+18 10480100000000.0 36750600000000.0 1169470000000.0 936161000.0 0.0 825163000000.0 4196130000000.0 700712000000.0 -2.5 4.17 [-2.5]
1.17489e+16 1.70419e+18 10362100000000.0 34655100000000.0 1028550000000.0 733610000.0 0.0 825844000000.0 3988890000000.0 638815000000.0 -2.48 4.167 [-2.48]
1.17489e+16 1.62052e+18 10241100000000.0 32663400000000.0 903567000000.0 573480000.0 0.0 826367000000.0 3789100000000.0 581657000000.0 -2.46 4.164 [-2.46]
1.17489e+16 1.54103e+18 10117000000000.0 30771000000000.0 792866000000.0 447195000.0 0.0 826710000000.0 3596590000000.0 528949000000.0 -2.44 4.161 [-2.44]
1.17489e+16 1.46554e+18 9990140000000.0 28974600000000.0 694967000000.0 347876000.0 0.0 826820000000.0 3411370000000.0 480418000000.0 -2.42 4.158 [-2.42]
1.1749e+16 1.39382e+18 9860330000000.0 27269300000000.0 608479000000.0 269947000.0 0.0 826698000000.0 3233160000000.0 435797000000.0 -2.4 4.155 [-2.4]
1.1749e+16 1.32571e+18 9727950000000.0 25652800000000.0 532204000000.0 208985000.0 0.0 826259000000.0 3062060000000.0 394837000000.0 -2.38 4.152 [-2.38]
1.1749e+16 1.26095e+18 9592600000000.0 24119000000000.0 464961000000.0 161380000.0 0.0 825575000000.0 2897500000000.0 357279000000.0 -2.36 4.15 [-2.36]
1.1749e+16 1.19945e+18 9454830000000.0 22666300000000.0 405802000000.0 124330000.0 0.0 824531000000.0 2739710000000.0 322902000000.0 -2.34 4.147 [-2.34]
1.1749e+16 1.14104e+18 9314780000000.0 21291300000000.0 353823000000.0 95569400.0 0.0 823085000000.0 2588560000000.0 291483000000.0 -2.32 4.144 [-2.32]
1.1749e+16 1.08554e+18 9172340000000.0 19989600000000.0 308185000000.0 73290800.0 0.0 821266000000.0 2443720000000.0 262804000000.0 -2.3 4.141 [-2.3]
1.1749e+16 1.03279e+18 9027650000000.0 18758100000000.0 268165000000.0 56078100.0 0.0 819041000000.0 2305040000000.0 236663000000.0 -2.28 4.138 [-2.28]
1.1749e+16 9.82667e+17 8880940000000.0 17594000000000.0 233118000000.0 42814500.0 0.0 816370000000.0 2172440000000.0 212873000000.0 -2.26 4.136 [-2.26]
1.1749e+16 9.35044e+17 8732340000000.0 16494000000000.0 202459000000.0 32618900.0 0.0 813233000000.0 2045750000000.0 191253000000.0 -2.24 4.133 [-2.24]
1.1749e+16 8.89788e+17 8581980000000.0 15455300000000.0 175668000000.0 24800100.0 0.0 809618000000.0 1924810000000.0 171632000000.0 -2.22 4.13 [-2.22]
1.1749e+16 8.46779e+17 8430000000000.0 14474900000000.0 152284000000.0 18818200.0 0.0 805506000000.0 1809460000000.0 153850000000.0 -2.2 4.128 [-2.2]
1.1749e+16 8.05918e+17 8276670000000.0 13550400000000.0 131901000000.0 14252800.0 0.0 800863000000.0 1699610000000.0 137762000000.0 -2.18 4.125 [-2.18]
1.1749e+16 7.67068e+17 8121940000000.0 12678400000000.0 114143000000.0 10774900.0 0.0 795724000000.0 1594960000000.0 123220000000.0 -2.16 4.123 [-2.16]
1.1749e+16 7.30145e+17 7966110000000.0 11856900000000.0 98694600000.0 8131730.0 0.0 790052000000.0 1495450000000.0 110098000000.0 -2.14 4.12 [-2.14]
1.17489e+16 6.95051e+17 7809340000000.0 11083400000000.0 85268000000.0 0.0 0.0 783835000000.0 1400920000000.0 98272100000.0 -2.12 4.118 [-2.12]
1.17489e+16 6.61702e+17 7651880000000.0 10355500000000.0 73611800000.0 0.0 0.0 777078000000.0 1311240000000.0 87630700000.0 -2.1 4.115 [-2.1]
1.17489e+16 6.30005e+17 7493900000000.0 9671000000000.0 63501300000.0 0.0 0.0 769798000000.0 1226210000000.0 78066400000.0 -2.08 4.113 [-2.08]
1.17489e+16 5.99865e+17 7335480000000.0 9027340000000.0 54737800000.0 0.0 0.0 762007000000.0 1145650000000.0 69479900000.0 -2.06 4.11 [-2.06]
1.17489e+16 5.71223e+17 7176900000000.0 8422820000000.0 47151900000.0 0.0 0.0 753682000000.0 1069470000000.0 61783600000.0 -2.04 4.108 [-2.04]
1.17489e+16 5.43993e+17 7018300000000.0 7855240000000.0 40589700000.0 0.0 0.0 744850000000.0 997482000000.0 54892700000.0 -2.02 4.105 [-2.02]
1.17489e+16 5.18103e+17 6859820000000.0 7322610000000.0 34917800000.0 0.0 0.0 735531000000.0 929517000000.0 48729900000.0 -2.0 4.103 [-2.0]
1.17489e+16 4.93489e+17 6701690000000.0 6823130000000.0 30019800000.0 0.0 0.0 725737000000.0 865439000000.0 43225400000.0 -1.98 4.101 [-1.98]
1.17489e+16 4.70088e+17 6544080000000.0 6355010000000.0 25793300000.0 0.0 0.0 715485000000.0 805097000000.0 38314400000.0 -1.96 4.098 [-1.96]
1.17489e+16 4.47827e+17 6387090000000.0 5916360000000.0 22148600000.0 0.0 0.0 704818000000.0 748287000000.0 33936200000.0 -1.94 4.096 [-1.94]
1.17489e+16 4.26666e+17 6231010000000.0 5505830000000.0 19009300000.0 0.0 0.0 693733000000.0 694936000000.0 30039400000.0 -1.92 4.094 [-1.92]
1.17489e+16 4.06545e+17 6075970000000.0 5121760000000.0 16306900000.0 0.0 0.0 682268000000.0 644866000000.0 26573900000.0 -1.9 4.091 [-1.9]
1.17489e+16 3.87406e+17 5922080000000.0 4762580000000.0 13981800000.0 0.0 0.0 670460000000.0 597907000000.0 23494500000.0 -1.88 4.089 [-1.88]
1.17489e+16 3.69206e+17 5769560000000.0 4426930000000.0 11983200000.0 0.0 0.0 658331000000.0 553939000000.0 20761200000.0 -1.86 4.087 [-1.86]
1.17489e+16 3.51895e+17 5618520000000.0 4113400000000.0 10265900000.0 0.0 0.0 645917000000.0 512805000000.0 18337000000.0 -1.84 4.085 [-1.84]
1.17489e+16 3.35431e+17 5469140000000.0 3820750000000.0 8791600000.0 0.0 0.0 633249000000.0 474375000000.0 16188900000.0 -1.82 4.083 [-1.82]
1.17489e+16 3.19766e+17 5321490000000.0 3547660000000.0 7526260000.0 0.0 0.0 620364000000.0 438491000000.0 14286700000.0 -1.8 4.08 [-1.8]
1.17489e+16 3.04868e+17 5175800000000.0 3293040000000.0 6441190000.0 0.0 0.0 607289000000.0 405048000000.0 12603900000.0 -1.78 4.078 [-1.78]
1.17489e+16 2.90699e+17 5032190000000.0 3055820000000.0 5511230000.0 0.0 0.0 594057000000.0 373920000000.0 11116400000.0 -1.76 4.076 [-1.76]
1.17489e+16 2.77214e+17 4890690000000.0 2834720000000.0 4714130000.0 0.0 0.0 580675000000.0 344973000000.0 9801550000.0 -1.74 4.074 [-1.74]
1.17489e+16 2.6439e+17 4751450000000.0 2629030000000.0 4031890000.0 0.0 0.0 567281000000.0 318019000000.0 8641010000.0 -1.72 4.072 [-1.72]
1.17489e+16 2.52186e+17 4614580000000.0 2437570000000.0 3447690000.0 0.0 0.0 553796000000.0 293021000000.0 7616520000.0 -1.7 4.07 [-1.7]
1.17489e+16 2.40578e+17 4480200000000.0 2259540000000.0 2947870000.0 0.0 0.0 540285000000.0 269852000000.0 6712980000.0 -1.68 4.068 [-1.68]
1.17489e+16 2.2953e+17 4348330000000.0 2094010000000.0 2520250000.0 0.0 0.0 526787000000.0 248375000000.0 5916170000.0 -1.66 4.066 [-1.66]
1.17489e+16 2.1904e+17 4219370000000.0 1940540000000.0 2155070000.0 0.0 0.0 513350000000.0 228546000000.0 5214970000.0 -1.64 4.064 [-1.64]
1.17489e+16 2.09042e+17 4092890000000.0 1797770000000.0 1842500000.0 0.0 0.0 499951000000.0 210188000000.0 4596390000.0 -1.62 4.062 [-1.62]
1.17489e+16 1.99528e+17 3969140000000.0 1665230000000.0 1575320000.0 0.0 0.0 486645000000.0 193225000000.0 4051490000.0 -1.6 4.06 [-1.6]
1.17489e+16 1.90473e+17 3848170000000.0 1542250000000.0 1347010000.0 0.0 0.0 473458000000.0 177567000000.0 3571630000.0 -1.58 4.058 [-1.58]
1.17489e+16 1.81854e+17 3729980000000.0 1428140000000.0 1151900000.0 0.0 0.0 460414000000.0 163114000000.0 3149050000.0 -1.56 4.056 [-1.56]
1.17489e+16 1.73558e+17 3613340000000.0 1321180000000.0 983953000.0 0.0 0.0 447377000000.0 149655000000.0 2774150000.0 -1.54 4.054 [-1.54]
1.17489e+16 1.65805e+17 3501660000000.0 1223860000000.0 842399000.0 0.0 0.0 434783000000.0 137462000000.0 2448540000.0 -1.52 4.052 [-1.52]
1.17489e+16 1.58371e+17 3392070000000.0 1133020000000.0 720809000.0 0.0 0.0 422282000000.0 126172000000.0 2160360000.0 -1.5 4.05 [-1.5]
1.17489e+16 1.51294e+17 3285360000000.0 1048870000000.0 616943000.0 0.0 0.0 409998000000.0 115785000000.0 1906690000.0 -1.48 4.048 [-1.48]
1.17489e+16 1.44555e+17 3181510000000.0 970934000000.0 528197000.0 0.0 0.0 397943000000.0 106230000000.0 1683340000.0 -1.46 4.046 [-1.46]
1.17489e+16 1.38138e+17 3080560000000.0 898793000000.0 452386000.0 0.0 0.0 386131000000.0 97453300000.0 1486740000.0 -1.44 4.045 [-1.44]
1.17489e+16 1.32036e+17 2982600000000.0 832097000000.0 387656000.0 0.0 0.0 374573000000.0 89416100000.0 1313780000.0 -1.42 4.043 [-1.42]
1.17489e+16 1.26212e+17 2887250000000.0 770263000000.0 332263000.0 0.0 0.0 363274000000.0 81998000000.0 1161220000.0 -1.4 4.041 [-1.4]
1.17489e+16 1.20671e+17 2794840000000.0 713126000000.0 284953000.0 0.0 0.0 352247000000.0 75211300000.0 1026970000.0 -1.38 4.039 [-1.38]
1.17489e+16 1.15389e+17 2705130000000.0 660222000000.0 244475000.0 0.0 0.0 341482000000.0 68981200000.0 908611000.0 -1.36 4.037 [-1.36]
1.17489e+16 1.10369e+17 2618400000000.0 611410000000.0 209913000.0 0.0 0.0 331014000000.0 63290600000.0 804472000.0 -1.34 4.036 [-1.34]
1.17489e+16 1.0558e+17 2534260000000.0 566221000000.0 180320000.0 0.0 0.0 320824000000.0 58058900000.0 712582000.0 -1.32 4.034 [-1.32]
1.17489e+16 1.01009e+17 2452630000000.0 524362000000.0 154962000.0 0.0 0.0 310898000000.0 53256800000.0 631445000.0 -1.3 4.032 [-1.3]
1.17489e+16 9.66599e+16 2373760000000.0 485736000000.0 133282000.0 0.0 0.0 301280000000.0 48857800000.0 559955000.0 -1.28 4.03 [-1.28]
1.17489e+16 9.25253e+16 2297650000000.0 450105000000.0 114738000.0 0.0 0.0 291960000000.0 44845600000.0 496955000.0 -1.26 4.029 [-1.26]
1.17489e+16 8.85811e+16 2224010000000.0 417140000000.0 98836700.0 0.0 0.0 282917000000.0 41167300000.0 441294000.0 -1.24 4.027 [-1.24]
1.17489e+16 8.48236e+16 2152870000000.0 386682000000.0 85206000.0 0.0 0.0 274156000000.0 37804800000.0 392140000.0 -1.22 4.025 [-1.22]
1.17489e+16 8.12045e+16 2083430000000.0 358246000000.0 73434200.0 0.0 0.0 265589000000.0 34691600000.0 348414000.0 -1.2 4.024 [-1.2]
1.17489e+16 7.7805e+16 2017370000000.0 332351000000.0 63435200.0 0.0 0.0 257424000000.0 31882400000.0 310133000.0 -1.18 4.022 [-1.18]
1.17489e+16 7.45306e+16 1952950000000.0 308173000000.0 54788300.0 0.0 0.0 249448000000.0 29284900000.0 276042000.0 -1.16 4.02 [-1.16]
1.17489e+16 7.14236e+16 1891090000000.0 285937000000.0 47384900.0 0.0 0.0 241781000000.0 26917500000.0 245969000.0 -1.14 4.019 [-1.14]
1.17489e+16 6.84624e+16 1831450000000.0 265395000000.0 41021200.0 0.0 0.0 234380000000.0 24752900000.0 219346000.0 -1.12 4.017 [-1.12]
1.17489e+16 6.56409e+16 1774010000000.0 246422000000.0 35548600.0 0.0 0.0 227242000000.0 22774300000.0 195768000.0 -1.1 4.016 [-1.1]
1.17489e+16 6.29461e+16 1718550000000.0 228860000000.0 30832300.0 0.0 0.0 220350000000.0 20958200000.0 174846000.0 -1.08 4.014 [-1.08]
1.1749e+16 6.03752e+16 1665110000000.0 212622000000.0 26768100.0 0.0 0.0 213704000000.0 19295100000.0 156283000.0 -1.06 4.012 [-1.06]
1.1749e+16 5.79223e+16 1613610000000.0 197605000000.0 23263000.0 0.0 0.0 207298000000.0 17771700000.0 139803000.0 -1.04 4.011 [-1.04]
