Cloudy_runs/pg0003/z=0.347586/nH_Z=-1/component_III_nH_col_density_param.txt
# %ECSV 1.0
# ---
# datatype:
# - {name: H, datatype: float64}
# - {name: H+, datatype: float64}
# - {name: C+, datatype: float64}
# - {name: C+2, datatype: float64}
# - {name: C+3, datatype: float64}
# - {name: O+5, datatype: float64}
# - {name: O+6, datatype: float64}
# - {name: Si+, datatype: float64}
# - {name: Si+2, datatype: float64}
# - {name: Si+3, datatype: float64}
# - {name: log_nH, datatype: float64}
# - {name: log_Te, datatype: float64}
# - {name: parameters, datatype: string, subtype: 'float64[1]'}
# schema: astropy-2.0
H H+ C+ C+2 C+3 O+5 O+6 Si+ Si+2 Si+3 log_nH log_Te parameters
[from data line 200]
1.17489e+16 5.33575e+16 1516430000000.0 170926000000.0 17632100.0 0.0 0.0 195211000000.0 15101200000.0 112185000.0 -1.0 4.008 [-1.0]
1.1749e+16 5.12233e+16 1470380000000.0 159028000000.0 15370900.0 0.0 0.0 189483000000.0 13927100000.0 100600000.0 -0.98 4.006 [-0.98]
1.1749e+16 4.91879e+16 1426080000000.0 148026000000.0 13415400.0 0.0 0.0 183974000000.0 12853900000.0 90293800.0 -0.96 4.005 [-0.96]
1.1749e+16 4.72433e+16 1383400000000.0 137838000000.0 11721100.0 0.0 0.0 178671000000.0 11867700000.0 81109700.0 -0.94 4.003 [-0.94]
1.17489e+16 4.53859e+16 1342320000000.0 128402000000.0 10252100.0 0.0 0.0 173568000000.0 10963300000.0 72921300.0 -0.92 4.002 [-0.92]
1.1749e+16 4.36131e+16 1302790000000.0 119669000000.0 8977720.0 0.0 0.0 168661000000.0 10135200000.0 65618800.0 -0.9 4.0 [-0.9]
1.17489e+16 4.19164e+16 1264690000000.0 111565000000.0 7869760.0 0.0 0.0 163937000000.0 9371300000.0 59093000.0 -0.88 3.999 [-0.88]
1.17489e+16 4.02964e+16 1228030000000.0 104060000000.0 6906820.0 0.0 0.0 159395000000.0 8671380000.0 53264600.0 -0.86 3.997 [-0.86]
1.1749e+16 3.87458e+16 1192700000000.0 97094100000.0 6068030.0 0.0 0.0 155024000000.0 8026560000.0 48048900.0 -0.84 3.996 [-0.84]
1.1749e+16 3.72678e+16 1158790000000.0 90650500000.0 5338440.0 0.0 0.0 150831000000.0 7437200000.0 43388800.0 -0.82 3.994 [-0.82]
1.1749e+16 3.58525e+16 1126100000000.0 84664500000.0 4701530.0 0.0 0.0 146795000000.0 6893650000.0 39211600.0 -0.8 3.993 [-0.8]
1.1749e+16 3.44989e+16 1094630000000.0 79109200000.0 4145430.0 0.0 0.0 142915000000.0 6393550000.0 35467400.0 -0.78 3.991 [-0.78]
1.1749e+16 3.32041e+16 1064340000000.0 73951700000.0 3659390.0 0.0 0.0 139185000000.0 5933270000.0 32108800.0 -0.76 3.99 [-0.76]
1.1749e+16 3.19654e+16 1035180000000.0 69161800000.0 3234130.0 0.0 0.0 135600000000.0 5509430000.0 29093500.0 -0.74 3.989 [-0.74]
1.1749e+16 3.07799e+16 1007100000000.0 64711400000.0 2861640.0 0.0 0.0 132154000000.0 5118900000.0 26384300.0 -0.72 3.987 [-0.72]
1.1749e+16 2.96453e+16 980059000000.0 60574800000.0 2535010.0 0.0 0.0 128842000000.0 4758930000.0 23948200.0 -0.7 3.986 [-0.7]
1.1749e+16 2.8559e+16 954021000000.0 56728400000.0 2248290.0 0.0 0.0 125658000000.0 4426930000.0 21755800.0 -0.68 3.984 [-0.68]
1.1749e+16 2.75187e+16 928943000000.0 53150300000.0 1996330.0 0.0 0.0 122598000000.0 4120580000.0 19781100.0 -0.66 3.983 [-0.66]
1.1749e+16 2.65224e+16 904788000000.0 49820400000.0 1774670.0 0.0 0.0 119656000000.0 3837770000.0 18001100.0 -0.64 3.982 [-0.64]
1.1749e+16 2.55679e+16 881515000000.0 46720100000.0 1579440.0 0.0 0.0 116828000000.0 3576490000.0 16395200.0 -0.62 3.98 [-0.62]
1.1749e+16 2.46533e+16 859091000000.0 43832300000.0 1407310.0 0.0 0.0 114109000000.0 3335010000.0 14945300.0 -0.6 3.979 [-0.6]
1.1749e+16 2.37766e+16 837479000000.0 41141200000.0 1255370.0 0.0 0.0 111494000000.0 3111700000.0 13635100.0 -0.58 3.977 [-0.58]
1.1749e+16 2.29362e+16 816648000000.0 38632400000.0 1121110.0 0.0 0.0 108980000000.0 2905060000.0 12450100.0 -0.56 3.976 [-0.56]
1.1749e+16 2.21303e+16 796563000000.0 36292400000.0 1002330.0 0.0 0.0 106563000000.0 2713760000.0 11377500.0 -0.54 3.975 [-0.54]
1.1749e+16 2.13573e+16 777193000000.0 34108800000.0 897140.0 0.0 0.0 104238000000.0 2536510000.0 10405900.0 -0.52 3.973 [-0.52]
1.1749e+16 2.06156e+16 758510000000.0 32070100000.0 803874.0 0.0 0.0 102001000000.0 2372220000.0 9524980.0 -0.5 3.972 [-0.5]
1.1749e+16 1.9904e+16 740485000000.0 30166100000.0 721093.0 0.0 0.0 99849300000.0 2219850000.0 8725690.0 -0.48 3.971 [-0.48]
1.1749e+16 1.92209e+16 723091000000.0 28387000000.0 647541.0 0.0 0.0 97779200000.0 2078480000.0 7999880.0 -0.46 3.969 [-0.46]
1.1749e+16 1.85652e+16 706301000000.0 26723800000.0 582114.0 0.0 0.0 95787400000.0 1947220000.0 7340240.0 -0.44 3.968 [-0.44]
1.1749e+16 1.79355e+16 690092000000.0 25168400000.0 523856.0 0.0 0.0 93870700000.0 1825290000.0 6740310.0 -0.42 3.967 [-0.42]
1.1749e+16 1.73306e+16 674435000000.0 23712800000.0 471918.0 0.0 0.0 92025500000.0 1711900000.0 6194160.0 -0.4 3.965 [-0.4]
1.1749e+16 1.67495e+16 659310000000.0 22350100000.0 425568.0 0.0 0.0 90249300000.0 1606440000.0 5696620.0 -0.38 3.964 [-0.38]
1.1749e+16 1.6191e+16 644693000000.0 21073800000.0 384160.0 0.0 0.0 88539000000.0 1508280000.0 5243000.0 -0.36 3.963 [-0.36]
1.1749e+16 1.56542e+16 630564000000.0 19877900000.0 347129.0 0.0 0.0 86892100000.0 1416860000.0 4829100.0 -0.34 3.961 [-0.34]
1.1749e+16 1.5138e+16 616902000000.0 18756700000.0 313977.0 0.0 0.0 85305800000.0 1331670000.0 4451150.0 -0.32 3.96 [-0.32]
1.1749e+16 1.46416e+16 603686000000.0 17705100000.0 284267.0 0.0 0.0 83777700000.0 1252250000.0 4105750.0 -0.3 3.959 [-0.3]
1.1749e+16 1.41641e+16 590900000000.0 16718300000.0 257614.0 0.0 0.0 82305300000.0 1178140000.0 3789860.0 -0.28 3.957 [-0.28]
1.1749e+16 1.37047e+16 578523000000.0 15791900000.0 233680.0 0.0 0.0 80886500000.0 1108970000.0 3500740.0 -0.26 3.956 [-0.26]
1.1749e+16 1.32625e+16 566540000000.0 14921800000.0 212165.0 0.0 0.0 79519000000.0 1044360000.0 3235920.0 -0.24 3.955 [-0.24]
1.1749e+16 1.28368e+16 554934000000.0 14104200000.0 192805.0 0.0 0.0 78200600000.0 983972000.0 2993190.0 -0.22 3.953 [-0.22]
1.1749e+16 1.2427e+16 543689000000.0 13335600000.0 175368.0 0.0 0.0 76929500000.0 927501000.0 2770520.0 -0.2 3.952 [-0.2]
1.1749e+16 1.20322e+16 532789000000.0 12612800000.0 159647.0 0.0 0.0 75703700000.0 874663000.0 2566120.0 -0.18 3.951 [-0.18]
1.1749e+16 1.1652e+16 522221000000.0 11932600000.0 145460.0 0.0 0.0 74521200000.0 825194000.0 2378350.0 -0.16 3.949 [-0.16]
1.1749e+16 1.12855e+16 511971000000.0 11292400000.0 132645.0 0.0 0.0 73380500000.0 778849000.0 2205740.0 -0.14 3.948 [-0.14]
1.1749e+16 1.09324e+16 502024000000.0 10689500000.0 121059.0 0.0 0.0 72279700000.0 735414000.0 2046940.0 -0.12 3.947 [-0.12]
1.1749e+16 1.05919e+16 492370000000.0 10121500000.0 110574.0 0.0 0.0 71217400000.0 694680000.0 1900760.0 -0.1 3.945 [-0.1]
1.1749e+16 1.02637e+16 482995000000.0 9586200000.0 101076.0 0.0 0.0 70191900000.0 656457000.0 1766090.0 -0.08 3.944 [-0.08]
1.1749e+16 9947060000000000.0 473889000000.0 9081440000.0 92465.8 0.0 0.0 69201800000.0 620570000.0 1641940.0 -0.06 3.942 [-0.06]
1.1749e+16 9641620000000000.0 465039000000.0 8605320000.0 84652.9 0.0 0.0 68245600000.0 586858000.0 1527420.0 -0.04 3.941 [-0.04]
1.1749e+16 9346920000000000.0 456437000000.0 8156060000.0 77557.6 0.0 0.0 67322200000.0 555179000.0 1421710.0 -0.02 3.94 [-0.02]
1.1749e+16 9062440000000000.0 448069000000.0 7731890000.0 0.0 0.0 0.0 66429900000.0 525367000.0 1324070.0 -0.0 3.938 [-0.0]
