Cloudy_runs/pks0637/component_II_PI_nH/component_II_PI_nH_col_density_param.txt
# %ECSV 1.0
# ---
# datatype:
# - {name: H, datatype: float64}
# - {name: H+, datatype: float64}
# - {name: C+, datatype: float64}
# - {name: C+2, datatype: float64}
# - {name: C+3, datatype: float64}
# - {name: N+2, datatype: float64}
# - {name: N+4, datatype: float64}
# - {name: O, datatype: float64}
# - {name: O+2, datatype: float64}
# - {name: O+5, datatype: float64}
# - {name: O+6, datatype: float64}
# - {name: Si+, datatype: float64}
# - {name: Si+2, datatype: float64}
# - {name: Si+3, datatype: float64}
# - {name: Si+4, datatype: float64}
# - {name: log_nH, datatype: float64}
# - {name: log_Te, datatype: float64}
# - {name: parameters, datatype: string, subtype: 'float64[1]'}
# schema: astropy-2.0
H H+ C+ C+2 C+3 N+2 N+4 O O+2 O+5 O+6 Si+ Si+2 Si+3 Si+4 log_nH log_Te parameters
[from data line 64]
1023290000000000.0 1.64425e+18 1068270000000.0 25995200000000.0 9948580000000.0 5500870000000.0 687191000000.0 296548000.0 24473700000000.0 799607000000.0 89195500000.0 43026000000.0 933984000000.0 710850000000.0 2497960000000.0 -3.72 4.329 [-3.72]
1023290000000000.0 1.56189e+18 1078110000000.0 25266700000000.0 9275940000000.0 5386320000000.0 610288000000.0 332233000.0 24353600000000.0 687415000000.0 73544100000.0 44914100000.0 962264000000.0 711429000000.0 2347060000000.0 -3.7 4.325 [-3.7]
1023290000000000.0 1.48365e+18 1087050000000.0 24530400000000.0 8636570000000.0 5268410000000.0 541215000000.0 372022000.0 24207700000000.0 590076000000.0 60541300000.0 46760300000.0 988355000000.0 709874000000.0 2198070000000.0 -3.68 4.322 [-3.68]
1023290000000000.0 1.40934e+18 1095110000000.0 23789100000000.0 8030110000000.0 5147510000000.0 479278000000.0 416349000.0 24036100000000.0 505745000000.0 49755500000.0 48554600000.0 1012030000000.0 706191000000.0 2051790000000.0 -3.66 4.319 [-3.66]
1023290000000000.0 1.33875e+18 1102310000000.0 23045400000000.0 7456010000000.0 5023990000000.0 423829000000.0 465685000.0 23838600000000.0 432791000000.0 40822600000.0 50287200000.0 1033100000000.0 700413000000.0 1909000000000.0 -3.64 4.315 [-3.64]
1023290000000000.0 1.27169e+18 1108680000000.0 22301900000000.0 6913620000000.0 4898220000000.0 374272000000.0 520545000.0 23615700000000.0 369772000000.0 33435900000.0 51949700000.0 1051380000000.0 692599000000.0 1770360000000.0 -3.62 4.312 [-3.62]
1023290000000000.0 1.20806e+18 1114130000000.0 21561000000000.0 6402990000000.0 4770670000000.0 330110000000.0 581416000.0 23367700000000.0 315481000000.0 27343800000.0 53527000000.0 1066690000000.0 682902000000.0 1636620000000.0 -3.6 4.309 [-3.6]
1023290000000000.0 1.1475e+18 1119030000000.0 20824000000000.0 5920740000000.0 4641400000000.0 290656000000.0 649115000.0 23094400000000.0 268611000000.0 22312500000.0 55035200000.0 1079090000000.0 671209000000.0 1507920000000.0 -3.58 4.305 [-3.58]
1023290000000000.0 1.09003e+18 1123070000000.0 20093700000000.0 5468400000000.0 4511060000000.0 255616000000.0 724085000.0 22796800000000.0 228366000000.0 18177700000.0 56446800000.0 1088360000000.0 657858000000.0 1385070000000.0 -3.56 4.302 [-3.56]
1023290000000000.0 1.03551e+18 1126310000000.0 19372100000000.0 5044880000000.0 4380040000000.0 224542000000.0 806997000.0 22475800000000.0 193863000000.0 14785500000.0 57758400000.0 1094490000000.0 642991000000.0 1268420000000.0 -3.54 4.299 [-3.54]
1023290000000000.0 9.83607e+17 1129080000000.0 18659400000000.0 4646870000000.0 4248280000000.0 196909000000.0 898913000.0 22130900000000.0 164216000000.0 11998300000.0 58990200000.0 1097640000000.0 626525000000.0 1157860000000.0 -3.52 4.295 [-3.52]
1023290000000000.0 9.34363e+17 1131090000000.0 17958300000000.0 4275480000000.0 4116470000000.0 172483000000.0 1000350000.0 21763900000000.0 138887000000.0 9720280000.0 60118400000.0 1097700000000.0 608861000000.0 1053910000000.0 -3.5 4.292 [-3.5]
1023290000000000.0 8.87588e+17 1132490000000.0 17269600000000.0 3928830000000.0 3984770000000.0 150893000000.0 1112280000.0 21375200000000.0 117253000000.0 7859610000.0 61150900000.0 1094800000000.0 590089000000.0 956534000000.0 -3.48 4.289 [-3.48]
1023290000000000.0 8.4316e+17 1133300000000.0 16594400000000.0 3605770000000.0 3853490000000.0 131837000000.0 1235630000.0 20965900000000.0 98808600000.0 6342700000.0 62089300000.0 1089070000000.0 570382000000.0 865720000000.0 -3.46 4.285 [-3.46]
1023290000000000.0 8.00962e+17 1133550000000.0 15933500000000.0 3305160000000.0 3722890000000.0 115043000000.0 1371410000.0 20536900000000.0 83110900000.0 5108470000.0 62936400000.0 1080630000000.0 549913000000.0 781407000000.0 -3.44 4.282 [-3.44]
1023290000000000.0 7.60889e+17 1133270000000.0 15288000000000.0 3025900000000.0 3593260000000.0 100267000000.0 1520640000.0 20089500000000.0 69777400000.0 4106360000.0 63695400000.0 1069660000000.0 528859000000.0 703471000000.0 -3.42 4.278 [-3.42]
1023290000000000.0 7.22821e+17 1132480000000.0 14658100000000.0 2766770000000.0 3464770000000.0 87280600000.0 1684490000.0 19624800000000.0 58469300000.0 3294060000.0 64371600000.0 1056330000000.0 507371000000.0 631703000000.0 -3.4 4.275 [-3.4]
1023290000000000.0 6.86663e+17 1131210000000.0 14044500000000.0 2526700000000.0 3337670000000.0 75886000000.0 1864130000.0 19144000000000.0 48898700000.0 2637090000.0 64969700000.0 1040820000000.0 485614000000.0 565883000000.0 -3.38 4.271 [-3.38]
1023290000000000.0 6.52322e+17 1129490000000.0 13447700000000.0 2304610000000.0 3212170000000.0 65901800000.0 2060800000.0 18648700000000.0 40814300000.0 2106830000.0 65495600000.0 1023340000000.0 463735000000.0 505744000000.0 -3.36 4.268 [-3.36]
1023290000000000.0 6.19705e+17 1127320000000.0 12867900000000.0 2099440000000.0 3088450000000.0 57165700000.0 2275820000.0 18140100000000.0 33998800000.0 1679740000.0 65955300000.0 1004100000000.0 441870000000.0 450993000000.0 -3.34 4.265 [-3.34]
1023290000000000.0 5.88728e+17 1124740000000.0 12305400000000.0 1910170000000.0 2966700000000.0 49532200000.0 2510550000.0 17619900000000.0 28264600000.0 1336480000.0 66355100000.0 983305000000.0 420146000000.0 401318000000.0 -3.32 4.261 [-3.32]
1023290000000000.0 5.59308e+17 1121750000000.0 11760300000000.0 1735800000000.0 2847050000000.0 42870800000.0 2766440000.0 17089500000000.0 23449600000.0 1061170000.0 66701400000.0 961151000000.0 398674000000.0 356392000000.0 -3.3 4.258 [-3.3]
1023290000000000.0 5.31367e+17 1118380000000.0 11232600000000.0 1575390000000.0 2729650000000.0 37065400000.0 3044960000.0 16550500000000.0 19415000000.0 840829000.0 67000700000.0 937843000000.0 377556000000.0 315888000000.0 -3.28 4.254 [-3.28]
1023290000000000.0 5.0482e+17 1114620000000.0 10722100000000.0 1427980000000.0 2614560000000.0 32011200000.0 3347730000.0 16004200000000.0 16040400000.0 664817000.0 67258900000.0 913548000000.0 356875000000.0 279466000000.0 -3.26 4.251 [-3.26]
1023290000000000.0 4.79618e+17 1110520000000.0 10229100000000.0 1292780000000.0 2501980000000.0 27618600000.0 3676210000.0 15452700000000.0 13225200000.0 524600000.0 67482500000.0 888496000000.0 336707000000.0 246822000000.0 -3.24 4.247 [-3.24]
1023290000000000.0 4.55681e+17 1106060000000.0 9753220000000.0 1168890000000.0 2391960000000.0 23804500000.0 4032100000.0 14897300000000.0 10880900000.0 413098000.0 67676800000.0 862829000000.0 317116000000.0 217631000000.0 -3.22 4.244 [-3.22]
1023290000000000.0 4.33009e+17 1101300000000.0 9295670000000.0 1055790000000.0 2284870000000.0 20503600000.0 4416350000.0 14341200000000.0 8936910000.0 324798000.0 67844600000.0 836810000000.0 298201000000.0 191643000000.0 -3.2 4.241 [-3.2]
1023290000000000.0 4.11418e+17 1096180000000.0 8853550000000.0 952202000000.0 2180170000000.0 17637400000.0 4831970000.0 13782700000000.0 7321350000.0 254719000.0 67996200000.0 810394000000.0 279902000000.0 168465000000.0 -3.18 4.237 [-3.18]
1023290000000000.0 3.90915e+17 1090740000000.0 8428000000000.0 857692000000.0 2078230000000.0 15157600000.0 5279950000.0 13225000000000.0 5984950000.0 199360000.0 68133200000.0 783818000000.0 262301000000.0 147885000000.0 -3.16 4.234 [-3.16]
1023290000000000.0 3.71444e+17 1084990000000.0 8018680000000.0 771580000000.0 1979080000000.0 13014300000.0 5761970000.0 12669600000000.0 4881830000.0 155720000.0 68259600000.0 757200000000.0 245420000000.0 129647000000.0 -3.14 4.23 [-3.14]
1023290000000000.0 3.52952e+17 1078910000000.0 7625230000000.0 693229000000.0 1882720000000.0 11163700000.0 6279680000.0 12117800000000.0 3973260000.0 121390000.0 68378900000.0 730645000000.0 229275000000.0 113515000000.0 -3.12 4.227 [-3.12]
1023290000000000.0 3.35348e+17 1072520000000.0 7246360000000.0 621886000000.0 1788970000000.0 9564440000.0 6835570000.0 11569500000000.0 3225300000.0 94394400.0 68496500000.0 704176000000.0 213830000000.0 99247400000.0 -3.1 4.223 [-3.1]
1023290000000000.0 3.18672e+17 1065830000000.0 6883700000000.0 557309000000.0 1698290000000.0 8189610000.0 7429350000.0 11029000000000.0 2613370000.0 73295800.0 68609900000.0 678031000000.0 199172000000.0 86696700000.0 -3.08 4.22 [-3.08]
1023290000000000.0 3.02835e+17 1058830000000.0 6535860000000.0 498801000000.0 1610440000000.0 7006180000.0 8063320000.0 10496000000000.0 2112790000.0 56803700.0 68723600000.0 652209000000.0 185254000000.0 75652200000.0 -3.06 4.217 [-3.06]
1023290000000000.0 2.87794e+17 1051530000000.0 6202420000000.0 445864000000.0 1525430000000.0 5988410000.0 8738800000.0 9971650000000.0 1704210000.0 43938300.0 68839400000.0 626770000000.0 172065000000.0 65946800000.0 -3.04 4.213 [-3.04]
1023290000000000.0 2.73511e+17 1043930000000.0 5883070000000.0 398039000000.0 1443240000000.0 5114000000.0 9456880000.0 9457110000000.0 1371530000.0 33924000.0 68958100000.0 601778000000.0 159594000000.0 57431400000.0 -3.02 4.21 [-3.02]
1023290000000000.0 2.59983e+17 1036070000000.0 5578230000000.0 354987000000.0 1364060000000.0 4364920000.0 10217300000.0 8954650000000.0 1101760000.0 26158200.0 69078100000.0 577351000000.0 147855000000.0 49983400000.0 -3.0 4.207 [-3.0]
1023290000000000.0 2.47099e+17 1027880000000.0 5285750000000.0 316105000000.0 1287460000000.0 3720950000.0 11023200000.0 8462510000000.0 882608000.0 20123200.0 69204300000.0 553374000000.0 136765000000.0 43450900000.0 -2.98 4.203 [-2.98]
1023290000000000.0 2.34863e+17 1019390000000.0 5006130000000.0 281127000000.0 1213620000000.0 3169120000.0 11874000000.0 7982890000000.0 705403000.0 15453100.0 69334200000.0 529956000000.0 126338000000.0 37740300000.0 -2.96 4.2 [-2.96]
1023290000000000.0 2.23243e+17 1010620000000.0 4738960000000.0 249707000000.0 1142510000000.0 2696690000.0 12769800000.0 7516600000000.0 562462000.0 11846600.0 69467100000.0 507124000000.0 116551000000.0 32753900000.0 -2.94 4.197 [-2.94]
1023290000000000.0 2.12207e+17 1001550000000.0 4483850000000.0 221523000000.0 1074120000000.0 2292550000.0 13710500000.0 7064290000000.0 447430000.0 9066550.0 69602300000.0 484895000000.0 107380000000.0 28404400000.0 -2.92 4.193 [-2.92]
1023290000000000.0 2.01728e+17 992200000000.0 4240410000000.0 196280000000.0 1008410000000.0 1947160000.0 14695600000.0 6626640000000.0 355088000.0 6927730.0 69738100000.0 463288000000.0 98800900000.0 24614300000.0 -2.9 4.19 [-2.9]
1023290000000000.0 1.91773e+17 982556000000.0 4008180000000.0 173697000000.0 945333000000.0 1652170000.0 15724400000.0 6204030000000.0 281125000.0 5284890.0 69874300000.0 442302000000.0 90788500000.0 21314200000.0 -2.88 4.187 [-2.88]
1023290000000000.0 1.82319e+17 972628000000.0 3786800000000.0 153526000000.0 884869000000.0 1400470000.0 16795600000.0 5796990000000.0 222035000.0 4025430.0 70008500000.0 421949000000.0 83317300000.0 18443700000.0 -2.86 4.184 [-2.86]
1023290000000000.0 1.73339e+17 962419000000.0 3575880000000.0 135535000000.0 826983000000.0 1185890000.0 17907500000.0 5405890000000.0 174943000.0 3061560.0 70138800000.0 402232000000.0 76361800000.0 15948900000.0 -2.84 4.18 [-2.84]
1023290000000000.0 1.6481e+17 951936000000.0 3375070000000.0 119509000000.0 771644000000.0 1003120000.0 19058100000.0 5031050000000.0 137508000.0 2325180.0 70263000000.0 383153000000.0 69896600000.0 13782500000.0 -2.82 4.177 [-2.82]
1023290000000000.0 1.5671e+17 941182000000.0 3183980000000.0 105256000000.0 718818000000.0 847598000.0 20244800000.0 4672680000000.0 107823000.0 1763530.0 70378400000.0 364710000000.0 63896200000.0 11902700000.0 -2.8 4.174 [-2.8]
1023290000000000.0 1.48994e+17 930130000000.0 3001720000000.0 92565800000.0 668342000000.0 715105000.0 21466900000.0 4330110000000.0 84301600.0 1335040.0 70484400000.0 346844000000.0 58321500000.0 10269800000.0 -2.78 4.171 [-2.78]
1023290000000000.0 1.41708e+17 918885000000.0 2829470000000.0 81361500000.0 620547000000.0 603058000.0 22714800000.0 4005840000000.0 65816600.0 0.0 70574200000.0 329708000000.0 53191400000.0 8860770000.0 -2.76 4.168 [-2.76]
1023290000000000.0 1.34765e+17 907349000000.0 2665340000000.0 71410800000.0 575025000000.0 507761000.0 23990900000.0 3697410000000.0 51235900.0 0.0 70649600000.0 313134000000.0 48438500000.0 7638050000.0 -2.74 4.165 [-2.74]
1023290000000000.0 1.28171e+17 895567000000.0 2509490000000.0 62607700000.0 531860000000.0 426989000.0 25289000000.0 3405570000000.0 39790200.0 0.0 70706200000.0 297169000000.0 44054300000.0 6580120000.0 -2.72 4.162 [-2.72]
1023290000000000.0 1.21906e+17 883542000000.0 2361590000000.0 54829600000.0 491006000000.0 358600000.0 26605000000.0 3130170000000.0 30827700.0 0.0 70741600000.0 281800000000.0 40016200000.0 5665320000.0 -2.7 4.159 [-2.7]
1023290000000000.0 1.15956e+17 871294000000.0 2221330000000.0 47966700000.0 452428000000.0 300768000.0 27933900000.0 2871020000000.0 23828600.0 0.0 70751100000.0 267026000000.0 36302400000.0 4874950000.0 -2.68 4.156 [-2.68]
1023290000000000.0 1.103e+17 858803000000.0 2088310000000.0 41916600000.0 416049000000.0 251908000.0 29271300000.0 2627720000000.0 18374200.0 0.0 70737900000.0 252814000000.0 32891900000.0 4192120000.0 -2.66 4.153 [-2.66]
1023290000000000.0 1.04913e+17 846072000000.0 1961970000000.0 36581200000.0 381774000000.0 210619000.0 30614000000.0 2399570000000.0 14129700.0 0.0 70693700000.0 239136000000.0 29757300000.0 3601870000.0 -2.64 4.15 [-2.64]
1023290000000000.0 9.981e+16 833176000000.0 1842690000000.0 31902200000.0 349696000000.0 175912000.0 31952900000.0 2187140000000.0 10846700.0 0.0 70616900000.0 226054000000.0 26895200000.0 3093890000.0 -2.62 4.147 [-2.62]
1023290000000000.0 9.49616e+16 820087000000.0 1729810000000.0 27794000000.0 319672000000.0 146713000.0 33285200000.0 1989450000000.0 8308210.0 0.0 70505800000.0 213513000000.0 24278800000.0 2656030000.0 -2.6 4.144 [-2.6]
1023290000000000.0 9.03545e+16 806818000000.0 1623050000000.0 24191000000.0 291640000000.0 122181000.0 34605900000.0 1805980000000.0 6350190.0 0.0 70358400000.0 201502000000.0 21890500000.0 2278820000.0 -2.58 4.142 [-2.58]
1023290000000000.0 8.59767e+16 793380000000.0 1522120000000.0 21034800000.0 265534000000.0 101601000.0 35910400000.0 1636180000000.0 4843520.0 0.0 70172200000.0 190008000000.0 19713600000.0 1954070000.0 -2.56 4.139 [-2.56]
1023290000000000.0 8.18166e+16 779788000000.0 1426770000000.0 18273000000.0 241284000000.0 84362300.0 37194300000.0 1479470000000.0 3686900.0 0.0 69945600000.0 179018000000.0 17732400000.0 1674650000.0 -2.54 4.136 [-2.54]
1023290000000000.0 7.78751e+16 766096000000.0 1337010000000.0 15864600000.0 218869000000.0 69973100.0 38451200000.0 1335560000000.0 2802550.0 0.0 69677200000.0 168553000000.0 15936500000.0 1434860000.0 -2.52 4.133 [-2.52]
1023290000000000.0 7.41175e+16 752233000000.0 1252030000000.0 13756800000.0 198105000000.0 57929700.0 39681300000.0 1203140000000.0 2125230.0 0.0 69364800000.0 158533000000.0 14302100000.0 1228290000.0 -2.5 4.131 [-2.5]
1023290000000000.0 7.05464e+16 738257000000.0 1171890000000.0 11918600000.0 178969000000.0 47889400.0 40879200000.0 1081910000000.0 1608750.0 0.0 69007200000.0 148979000000.0 12821100000.0 1050880000.0 -2.48 4.128 [-2.48]
1023290000000000.0 6.71523e+16 724182000000.0 1096350000000.0 10317300000.0 161381000000.0 39532300.0 42041600000.0 971223000000.0 1215730.0 0.0 68603600000.0 139878000000.0 11481000000.0 898600000.0 -2.46 4.125 [-2.46]
1023290000000000.0 6.39156e+16 709973000000.0 1024940000000.0 8920410000.0 145216000000.0 32573100.0 43168000000.0 870170000000.0 916713.0 0.0 68152400000.0 131188000000.0 10266700000.0 767668000.0 -2.44 4.123 [-2.44]
1023290000000000.0 6.08493e+16 695743000000.0 957945000000.0 7709290000.0 130475000000.0 26813400.0 44252100000.0 778594000000.0 690606.0 0.0 67654700000.0 122955000000.0 9174190000.0 655698000.0 -2.42 4.12 [-2.42]
1023290000000000.0 5.79346e+16 681460000000.0 894902000000.0 6657460000.0 117030000000.0 22042600.0 45294200000.0 695593000000.0 519542.0 0.0 67109600000.0 115137000000.0 8189720000.0 559762000.0 -2.4 4.118 [-2.4]
