Cloudy_runs/pks0637/component_II_PI_nH/component_II_PI_nH_col_density_param.txt
# %ECSV 1.0
# ---
# datatype:
# - {name: H, datatype: float64}
# - {name: H+, datatype: float64}
# - {name: C+, datatype: float64}
# - {name: C+2, datatype: float64}
# - {name: C+3, datatype: float64}
# - {name: N+2, datatype: float64}
# - {name: N+4, datatype: float64}
# - {name: O, datatype: float64}
# - {name: O+2, datatype: float64}
# - {name: O+5, datatype: float64}
# - {name: O+6, datatype: float64}
# - {name: Si+, datatype: float64}
# - {name: Si+2, datatype: float64}
# - {name: Si+3, datatype: float64}
# - {name: Si+4, datatype: float64}
# - {name: log_nH, datatype: float64}
# - {name: log_Te, datatype: float64}
# - {name: parameters, datatype: string, subtype: 'float64[1]'}
# schema: astropy-2.0
H H+ C+ C+2 C+3 N+2 N+4 O O+2 O+5 O+6 Si+ Si+2 Si+3 Si+4 log_nH log_Te parameters
1023290000000000.0 4.7868e+19 47803700000.0 8422330000000.0 38008900000000.0 1275160000000.0 39711000000000.0 215721.0 3360400000000.0 535811000000000.0 1023230000000000.0 25220800.0 1405130000.0 7844910000.0 1039930000000.0 -5.0 4.569 [-5.0]
1023290000000000.0 4.52989e+19 52047500000.0 8930130000000.0 38762600000000.0 1363680000000.0 39428500000000.0 241686.0 3609760000000.0 513440000000000.0 932944000000000.0 30169400.0 1641860000.0 8863650000.0 1112440000000.0 -4.98 4.564 [-4.98]
1023290000000000.0 4.2876e+19 56604600000.0 9456480000000.0 39483200000000.0 1456940000000.0 39090300000000.0 270787.0 3873350000000.0 490987000000000.0 849085000000000.0 36016000.0 1915240000.0 9998400000.0 1188240000000.0 -4.96 4.559 [-4.96]
1023290000000000.0 4.05904e+19 61493400000.0 10001300000000.0 40169000000000.0 1555020000000.0 38697100000000.0 303386.0 4151330000000.0 468530000000000.0 771358000000000.0 42909800.0 2230430000.0 11260200000.0 1267330000000.0 -4.94 4.555 [-4.94]
1023290000000000.0 3.84332e+19 66732400000.0 10564500000000.0 40818500000000.0 1657990000000.0 38249700000000.0 339884.0 4443840000000.0 446157000000000.0 699453000000000.0 51021900.0 2593230000.0 12661100000.0 1349690000000.0 -4.92 4.55 [-4.92]
1023290000000000.0 3.63966e+19 72340800000.0 11146000000000.0 41430400000000.0 1765890000000.0 37749200000000.0 380725.0 4751000000000.0 423952000000000.0 633067000000000.0 60549000.0 3010140000.0 14213900000.0 1435290000000.0 -4.9 4.545 [-4.9]
1023290000000000.0 3.44732e+19 78337600000.0 11745400000000.0 42003100000000.0 1878710000000.0 37196800000000.0 426400.0 5072780000000.0 401995000000000.0 571897000000000.0 71714900.0 3488420000.0 15932200000.0 1524070000000.0 -4.88 4.541 [-4.88]
1023290000000000.0 3.26567e+19 84748300000.0 12362700000000.0 42535500000000.0 1996520000000.0 36594100000000.0 477522.0 5409410000000.0 380367000000000.0 515659000000000.0 84777200.0 4036240000.0 17830200000.0 1615960000000.0 -4.86 4.536 [-4.86]
1023290000000000.0 3.09404e+19 91591400000.0 12997300000000.0 43026200000000.0 2119230000000.0 35942800000000.0 534676.0 5760590000000.0 359132000000000.0 464065000000000.0 100027000.0 4662670000.0 19923400000.0 1710880000000.0 -4.84 4.532 [-4.84]
1023290000000000.0 2.93177e+19 98882900000.0 13648700000000.0 43474200000000.0 2246670000000.0 35244400000000.0 598475.0 6125890000000.0 338357000000000.0 416822000000000.0 117793000.0 5377810000.0 22228700000.0 1808720000000.0 -4.82 4.528 [-4.82]
1023290000000000.0 2.77832e+19 106643000000.0 14316200000000.0 43878100000000.0 2378700000000.0 34501400000000.0 669665.0 6505040000000.0 318104000000000.0 373653000000000.0 138450000.0 6192870000.0 24763500000.0 1909350000000.0 -4.8 4.524 [-4.8]
1023290000000000.0 2.63316e+19 114893000000.0 14999000000000.0 44236900000000.0 2515150000000.0 33715900000000.0 749062.0 6897590000000.0 298422000000000.0 334300000000000.0 162418000.0 7120310000.0 27546200000.0 2012630000000.0 -4.78 4.519 [-4.78]
1023290000000000.0 2.49583e+19 123650000000.0 15696400000000.0 44549600000000.0 2655770000000.0 32890600000000.0 837563.0 7303040000000.0 279362000000000.0 298504000000000.0 190173000.0 8173820000.0 30596200000.0 2118370000000.0 -4.76 4.515 [-4.76]
1023290000000000.0 2.36585e+19 132933000000.0 16407300000000.0 44815200000000.0 2800300000000.0 32028300000000.0 936165.0 7720790000000.0 260963000000000.0 266019000000000.0 222246000.0 9368610000.0 33933900000.0 2226380000000.0 -4.74 4.511 [-4.74]
1023290000000000.0 2.24282e+19 142760000000.0 17130700000000.0 45032900000000.0 2948400000000.0 31132200000000.0 1045980.0 8150180000000.0 243259000000000.0 236607000000000.0 259232000.0 10721300000.0 37580400000.0 2336430000000.0 -4.72 4.507 [-4.72]
1023290000000000.0 2.12632e+19 153152000000.0 17865600000000.0 45201700000000.0 3099760000000.0 30205300000000.0 1168280.0 8590610000000.0 226276000000000.0 210033000000000.0 301804000.0 12250300000.0 41558400000.0 2448290000000.0 -4.7 4.503 [-4.7]
1023290000000000.0 2.01602e+19 164119000000.0 18610200000000.0 45321000000000.0 3253890000000.0 29251400000000.0 1304380.0 9041090000000.0 210042000000000.0 186085000000000.0 350686000.0 13975400000.0 45890100000.0 2561650000000.0 -4.68 4.499 [-4.68]
1023290000000000.0 1.91153e+19 175673000000.0 19363000000000.0 45389800000000.0 3410340000000.0 28273900000000.0 1455790.0 9500770000000.0 194568000000000.0 164546000000000.0 406701000.0 15918500000.0 50600300000.0 2676240000000.0 -4.66 4.495 [-4.66]
1023290000000000.0 1.81254e+19 187828000000.0 20122400000000.0 45407700000000.0 3568620000000.0 27276700000000.0 1624260.0 9968800000000.0 179863000000000.0 145220000000000.0 470754000.0 18103300000.0 55713100000.0 2791730000000.0 -4.64 4.491 [-4.64]
1023290000000000.0 1.71876e+19 200599000000.0 20886700000000.0 45374100000000.0 3728250000000.0 26263600000000.0 1811730.0 10444300000000.0 165932000000000.0 127919000000000.0 543845000.0 20555600000.0 61253600000.0 2907770000000.0 -4.62 4.487 [-4.62]
1023290000000000.0 1.62991e+19 213993000000.0 21654100000000.0 45288500000000.0 3888680000000.0 25238500000000.0 2020390.0 10926400000000.0 152772000000000.0 112466000000000.0 627070000.0 23303500000.0 67247300000.0 3023980000000.0 -4.6 4.483 [-4.6]
1023290000000000.0 1.54559e+19 227962000000.0 22420300000000.0 45150200000000.0 4048840000000.0 24205100000000.0 2251830.0 11412900000000.0 140374000000000.0 98683700000000.0 721567000.0 26376300000.0 73727700000.0 3140010000000.0 -4.58 4.479 [-4.58]
1023290000000000.0 1.4658e+19 242622000000.0 23187200000000.0 44959700000000.0 4209120000000.0 23168300000000.0 2510440.0 11905000000000.0 128730000000000.0 86442400000000.0 828765000.0 29807400000.0 80705900000.0 3255340000000.0 -4.56 4.475 [-4.56]
1023290000000000.0 1.39019e+19 257923000000.0 23950500000000.0 44716600000000.0 4368450000000.0 22131600000000.0 2798510.0 12400600000000.0 117823000000000.0 75585300000000.0 950041000.0 33631300000.0 88214900000.0 3369590000000.0 -4.54 4.472 [-4.54]
1023290000000000.0 1.31852e+19 273864000000.0 24707700000000.0 44420700000000.0 4526210000000.0 21098800000000.0 3119570.0 12898700000000.0 107633000000000.0 65976500000000.0 1086940000.0 37884800000.0 96280200000.0 3482280000000.0 -4.52 4.468 [-4.52]
1023290000000000.0 1.25059e+19 290445000000.0 25456300000000.0 44072300000000.0 4681780000000.0 20073600000000.0 3477600.0 13398200000000.0 98139500000000.0 57490400000000.0 1241140000.0 42607600000.0 104926000000.0 3592940000000.0 -4.5 4.464 [-4.5]
1023290000000000.0 1.1862e+19 307657000000.0 26193500000000.0 43671700000000.0 4834550000000.0 19059800000000.0 3877030.0 13898000000000.0 89316900000000.0 50011100000000.0 1414450000.0 47841400000.0 114178000000.0 3701080000000.0 -4.48 4.46 [-4.48]
1023290000000000.0 1.12516e+19 325495000000.0 26916700000000.0 43219300000000.0 4983950000000.0 18060800000000.0 4323000.0 14397300000000.0 81138700000000.0 43432800000000.0 1608800000.0 53630600000.0 124058000000.0 3806190000000.0 -4.46 4.456 [-4.46]
1023290000000000.0 1.06731e+19 343947000000.0 27622900000000.0 42715800000000.0 5129380000000.0 17079700000000.0 4821220.0 14894900000000.0 73577000000000.0 37658400000000.0 1826270000.0 60021600000.0 134587000000.0 3907750000000.0 -4.44 4.452 [-4.44]
1023290000000000.0 1.01246e+19 362998000000.0 28309400000000.0 42162100000000.0 5270280000000.0 16119500000000.0 5378230.0 15390000000000.0 66601900000000.0 32599400000000.0 2069070000.0 67063100000.0 145785000000.0 4005240000000.0 -4.42 4.449 [-4.42]
1023290000000000.0 9.6047e+18 382627000000.0 28973100000000.0 41559000000000.0 5406120000000.0 15182900000000.0 6001350.0 15881400000000.0 60183200000000.0 28175900000000.0 2339540000.0 74805800000.0 157668000000.0 4098140000000.0 -4.4 4.445 [-4.4]
1023290000000000.0 9.11184e+18 402815000000.0 29611000000000.0 40908100000000.0 5536390000000.0 14272400000000.0 6698910.0 16368200000000.0 54290300000000.0 24315100000000.0 2640150000.0 83302200000.0 170252000000.0 4185910000000.0 -4.38 4.441 [-4.38]
1023290000000000.0 8.64463e+18 423538000000.0 30220400000000.0 40210500000000.0 5660640000000.0 13390000000000.0 7480400.0 16849400000000.0 48892000000000.0 20951800000000.0 2973520000.0 92606600000.0 183545000000.0 4268040000000.0 -4.36 4.437 [-4.36]
1023290000000000.0 8.20174e+18 444767000000.0 30798200000000.0 39468200000000.0 5778410000000.0 12537600000000.0 8356490.0 17324200000000.0 43957900000000.0 18027000000000.0 3342380000.0 102775000000.0 197556000000.0 4344010000000.0 -4.34 4.434 [-4.34]
1023290000000000.0 7.78189e+18 466467000000.0 31341600000000.0 38682800000000.0 5889320000000.0 11716700000000.0 9339200.0 17791500000000.0 39457700000000.0 15488100000000.0 3749570000.0 113862000000.0 212287000000.0 4413320000000.0 -4.32 4.43 [-4.32]
1023290000000000.0 7.38388e+18 488603000000.0 31847800000000.0 37856700000000.0 5992990000000.0 10928500000000.0 10442200.0 18250400000000.0 35361800000000.0 13287900000000.0 4198040000.0 125926000000.0 227735000000.0 4475500000000.0 -4.3 4.426 [-4.3]
1023290000000000.0 7.00658e+18 511134000000.0 32314200000000.0 36992000000000.0 6089090000000.0 10174000000000.0 11680800.0 18700100000000.0 31641400000000.0 11384400000000.0 4690810000.0 139022000000.0 243894000000.0 4530070000000.0 -4.28 4.423 [-4.28]
1023290000000000.0 6.64889e+18 534015000000.0 32738300000000.0 36091400000000.0 6177350000000.0 9453690000000.0 13072500.0 19139600000000.0 28268900000000.0 9740210000000.0 5230960000.0 153207000000.0 260749000000.0 4576600000000.0 -4.26 4.419 [-4.26]
1023290000000000.0 6.30973e+18 557192000000.0 33117200000000.0 35157400000000.0 6257470000000.0 8767990000000.0 14636800.0 19567800000000.0 25217300000000.0 8322180000000.0 5821630000.0 168534000000.0 278280000000.0 4614640000000.0 -4.24 4.416 [-4.24]
1023290000000000.0 5.98819e+18 580618000000.0 33449300000000.0 34193200000000.0 6329280000000.0 8117090000000.0 16395800.0 19984200000000.0 22461800000000.0 7101250000000.0 6465940000.0 185054000000.0 296460000000.0 4643850000000.0 -4.22 4.412 [-4.22]
1023290000000000.0 5.68336e+18 604239000000.0 33732400000000.0 33201900000000.0 6392630000000.0 7500880000000.0 18374300.0 20387900000000.0 19978100000000.0 6051560000000.0 7167010000.0 202815000000.0 315253000000.0 4663900000000.0 -4.2 4.408 [-4.2]
1023290000000000.0 5.39435e+18 627998000000.0 33965100000000.0 32186900000000.0 6447390000000.0 6919020000000.0 20600300.0 20778000000000.0 17743400000000.0 5150460000000.0 7927900000.0 221862000000.0 334617000000.0 4674490000000.0 -4.18 4.405 [-4.18]
1023290000000000.0 5.12034e+18 651831000000.0 34145800000000.0 31151500000000.0 6493460000000.0 6371000000000.0 23105300.0 21153800000000.0 15736400000000.0 4378000000000.0 8751550000.0 242232000000.0 354500000000.0 4675380000000.0 -4.16 4.401 [-4.16]
1023290000000000.0 4.86051e+18 675675000000.0 34273400000000.0 30099300000000.0 6530790000000.0 5856120000000.0 25924700.0 21514500000000.0 13936900000000.0 3716750000000.0 9640710000.0 263955000000.0 374841000000.0 4666350000000.0 -4.14 4.398 [-4.14]
1023290000000000.0 4.61411e+18 699459000000.0 34346900000000.0 29034000000000.0 6559340000000.0 5373550000000.0 29098000.0 21859400000000.0 12326100000000.0 3151470000000.0 10597900000.0 287052000000.0 395570000000.0 4647260000000.0 -4.12 4.395 [-4.12]
1023290000000000.0 4.38046e+18 723120000000.0 34365900000000.0 27959100000000.0 6579130000000.0 4922320000000.0 32669800.0 22187700000000.0 10886600000000.0 2668890000000.0 11625400000.0 311536000000.0 416608000000.0 4618030000000.0 -4.1 4.391 [-4.1]
1023290000000000.0 4.15897e+18 746549000000.0 34330000000000.0 26879100000000.0 6590160000000.0 4501660000000.0 36687100.0 22498500000000.0 9603100000000.0 2257660000000.0 12724000000.0 337390000000.0 437860000000.0 4578650000000.0 -4.08 4.388 [-4.08]
1023290000000000.0 3.94881e+18 769767000000.0 34240300000000.0 25796200000000.0 6592630000000.0 4109860000000.0 41211600.0 22791600000000.0 8458980000000.0 1907330000000.0 13897400000.0 364633000000.0 459231000000.0 4529110000000.0 -4.06 4.384 [-4.06]
1023290000000000.0 3.74946e+18 792657000000.0 34096700000000.0 24714800000000.0 6586560000000.0 3745970000000.0 46303000.0 23066100000000.0 7441310000000.0 1609400000000.0 15145400000.0 393221000000.0 480609000000.0 4469530000000.0 -4.04 4.381 [-4.04]
1023290000000000.0 3.56024e+18 815195000000.0 33900200000000.0 23637500000000.0 6572110000000.0 3408490000000.0 52036100.0 23321600000000.0 6536860000000.0 1356210000000.0 16469900000.0 423129000000.0 501877000000.0 4400020000000.0 -4.02 4.378 [-4.02]
1023290000000000.0 3.38083e+18 837224000000.0 33651500000000.0 22569400000000.0 6549360000000.0 3096620000000.0 58480400.0 23556900000000.0 5735370000000.0 1141570000000.0 17867800000.0 454252000000.0 522904000000.0 4320920000000.0 -4.0 4.374 [-4.0]
1023290000000000.0 3.21059e+18 858722000000.0 33352500000000.0 21513100000000.0 6518540000000.0 2808800000000.0 65727400.0 23771800000000.0 5025590000000.0 959728000000.0 19339200000.0 486525000000.0 543557000000.0 4232490000000.0 -3.98 4.371 [-3.98]
1023290000000000.0 3.04905e+18 879630000000.0 33004900000000.0 20471500000000.0 6479840000000.0 2543700000000.0 73874600.0 23965600000000.0 4397930000000.0 805853000000.0 20882400000.0 519844000000.0 563694000000.0 4135110000000.0 -3.96 4.368 [-3.96]
1023290000000000.0 2.89575e+18 899886000000.0 32610700000000.0 19447700000000.0 6433490000000.0 2300000000000.0 83030600.0 24137800000000.0 3843660000000.0 675801000000.0 22494500000.0 554082000000.0 583162000000.0 4029250000000.0 -3.94 4.364 [-3.94]
1023290000000000.0 2.75025e+18 919437000000.0 32172400000000.0 18444300000000.0 6379720000000.0 2076420000000.0 93316300.0 24287800000000.0 3354880000000.0 566016000000.0 24171700000.0 589086000000.0 601810000000.0 3915420000000.0 -3.92 4.361 [-3.92]
1023290000000000.0 2.61214e+18 938241000000.0 31692600000000.0 17463900000000.0 6318830000000.0 1871680000000.0 104866000.0 24415200000000.0 2924420000000.0 473458000000.0 25909500000.0 624687000000.0 619483000000.0 3794220000000.0 -3.9 4.358 [-3.9]
1023290000000000.0 2.48104e+18 956252000000.0 31174000000000.0 16508500000000.0 6251090000000.0 1684550000000.0 117830000.0 24519500000000.0 2545850000000.0 395519000000.0 27702000000.0 660692000000.0 636022000000.0 3666320000000.0 -3.88 4.355 [-3.88]
1023290000000000.0 2.35657e+18 973425000000.0 30619400000000.0 15580100000000.0 6176790000000.0 1513830000000.0 132373000.0 24600200000000.0 2213340000000.0 329968000000.0 29542500000.0 696881000000.0 651277000000.0 3532420000000.0 -3.86 4.351 [-3.86]
1023290000000000.0 2.23838e+18 989726000000.0 30032000000000.0 14680500000000.0 6096250000000.0 1358350000000.0 148679000.0 24656900000000.0 1921700000000.0 274907000000.0 31423300000.0 733019000000.0 665099000000.0 3393330000000.0 -3.84 4.348 [-3.84]
1023290000000000.0 2.12616e+18 1005130000000.0 29414700000000.0 13811200000000.0 6009770000000.0 1217010000000.0 166952000.0 24689200000000.0 1666220000000.0 228717000000.0 33335700000.0 768855000000.0 677347000000.0 3249850000000.0 -3.82 4.345 [-3.82]
1023290000000000.0 2.01959e+18 1019620000000.0 28771000000000.0 12973100000000.0 5917720000000.0 1088760000000.0 187417000.0 24696700000000.0 1442730000000.0 190017000000.0 35270600000.0 804126000000.0 687885000000.0 3102860000000.0 -3.8 4.342 [-3.8]
1023290000000000.0 1.91838e+18 1033180000000.0 28104000000000.0 12167300000000.0 5820440000000.0 972574000000.0 210321000.0 24679200000000.0 1247480000000.0 157637000000.0 37217800000.0 838552000000.0 696599000000.0 2953250000000.0 -3.78 4.338 [-3.78]
1023290000000000.0 1.82226e+18 1045810000000.0 27416900000000.0 11394300000000.0 5718290000000.0 867511000000.0 235939000.0 24636300000000.0 1077140000000.0 130582000000.0 39166600000.0 871856000000.0 703384000000.0 2801950000000.0 -3.76 4.335 [-3.76]
