Cloudy_runs/Data/sys_0,347_PG0003+158/component_II_nH/component_II_nH_col_density_param.txt
# %ECSV 1.0
# ---
# datatype:
# - {name: H, datatype: float64}
# - {name: H+, datatype: float64}
# - {name: C+, datatype: float64}
# - {name: C+2, datatype: float64}
# - {name: C+3, datatype: float64}
# - {name: O+5, datatype: float64}
# - {name: O+6, datatype: float64}
# - {name: Si+, datatype: float64}
# - {name: Si+2, datatype: float64}
# - {name: Si+3, datatype: float64}
# - {name: log_nH, datatype: float64}
# - {name: parameters, datatype: string, subtype: 'float64[1]'}
# schema: astropy-2.0
H H+ C+ C+2 C+3 O+5 O+6 Si+ Si+2 Si+3 log_nH parameters
[from data line 233]
134896000000000.0 142709000000000.0 31342800000.0 853335000.0 15452.3 0.0 0.0 4363790000.0 9636470.0 230326.0 -0.34 [-0.34]
134896000000000.0 137757000000000.0 30696100000.0 805207000.0 14031.9 0.0 0.0 4285930000.0 8695910.0 212930.0 -0.32 [-0.32]
134896000000000.0 132989000000000.0 30070100000.0 760042000.0 12754.5 0.0 0.0 4210910000.0 7837670.0 196985.0 -0.3 [-0.3]
134896000000000.0 128398000000000.0 29464100000.0 717647000.0 11604.5 0.0 0.0 4138600000.0 7055260.0 182359.0 -0.28 [-0.28]
134896000000000.0 123977000000000.0 28877300000.0 677834000.0 10568.2 0.0 0.0 4068900000.0 6342520.0 168933.0 -0.26 [-0.26]
134896000000000.0 119719000000000.0 28309000000.0 640436000.0 9633.5 0.0 0.0 4001710000.0 5693500.0 156601.0 -0.24 [-0.24]
0.0 0.0 0.0 0.0 0.0 0.0 0.0 0.0 0.0 0.0 -0.0 [-0.0]
0.0 0.0 0.0 0.0 0.0 0.0 0.0 0.0 0.0 0.0 -0.0 [-0.0]
134896000000000.0 107850000000000.0 26706700000.0 541173000.0 7336.71 0.0 0.0 3814090000.0 4079540.0 125237.0 -0.18 [-0.18]
134896000000000.0 104176000000000.0 26204600000.0 511938000.0 6711.87 0.0 0.0 3755890000.0 3637720.0 116394.0 -0.16 [-0.16]
134896000000000.0 100632000000000.0 25717300000.0 484417000.0 6145.49 0.0 0.0 3699700000.0 3237170.0 108242.0 -0.14 [-0.14]
134896000000000.0 97214700000000.0 25244500000.0 458516000.0 5631.74 0.0 0.0 3645480000.0 2875320.0 100723.0 -0.12 [-0.12]
134896000000000.0 93917300000000.0 24785300000.0 434117000.0 5165.2 0.0 0.0 3593100000.0 2548040.0 93782.5 -0.1 [-0.1]
134896000000000.0 90735600000000.0 24339200000.0 411131000.0 4741.17 0.0 0.0 3542500000.0 2252740.0 87371.6 -0.08 [-0.08]
134896000000000.0 87664300000000.0 23905600000.0 389465000.0 4355.43 0.0 0.0 3493610000.0 1986610.0 81446.0 -0.06 [-0.06]
0.0 0.0 0.0 0.0 0.0 0.0 0.0 0.0 0.0 0.0 -0.0 [-0.0]
134896000000000.0 81835700000000.0 23074300000.0 349289000.0 0.0 0.0 0.0 3400680000.0 1532390.0 70893.1 -0.02 [-0.02]
0.0 0.0 0.0 0.0 0.0 0.0 0.0 0.0 0.0 0.0 -0.0 [-0.0]
