Cloudy_runs/Data/sys_0,347_PG0003+158/component_II_nH/component_II_nH_col_density_param.txt
# %ECSV 1.0
# ---
# datatype:
# - {name: H, datatype: float64}
# - {name: H+, datatype: float64}
# - {name: C+, datatype: float64}
# - {name: C+2, datatype: float64}
# - {name: C+3, datatype: float64}
# - {name: O+5, datatype: float64}
# - {name: O+6, datatype: float64}
# - {name: Si+, datatype: float64}
# - {name: Si+2, datatype: float64}
# - {name: Si+3, datatype: float64}
# - {name: log_nH, datatype: float64}
# - {name: parameters, datatype: string, subtype: 'float64[1]'}
# schema: astropy-2.0
H H+ C+ C+2 C+3 O+5 O+6 Si+ Si+2 Si+3 log_nH parameters
[from data line 105]
134896000000000.0 4.34273e+16 574540000000.0 4607130000000.0 481482000000.0 2458210000.0 65397400.0 54110600000.0 372910000000.0 187786000000.0 -2.9 [-2.9]
134896000000000.0 4.13058e+16 574308000000.0 4388830000000.0 430890000000.0 2004230000.0 51206400.0 55120600000.0 361376000000.0 174426000000.0 -2.88 [-2.88]
134896000000000.0 3.92888e+16 573739000000.0 4178350000000.0 385175000000.0 1630790000.0 40020900.0 56101800000.0 349682000000.0 161730000000.0 -2.86 [-2.86]
134896000000000.0 3.73773e+16 572852000000.0 3976270000000.0 344031000000.0 1324900000.0 31240900.0 57046500000.0 337931000000.0 149732000000.0 -2.84 [-2.84]
134896000000000.0 3.55556e+16 571634000000.0 3781330000000.0 306874000000.0 1073810000.0 24332800.0 57962600000.0 326084000000.0 138367000000.0 -2.82 [-2.82]
0.0 0.0 0.0 0.0 0.0 0.0 0.0 0.0 0.0 0.0 -0.0 [-0.0]
134896000000000.0 3.21737e+16 568243000000.0 3413480000000.0 243321000000.0 700786000.0 14677800.0 59695300000.0 302342000000.0 117564000000.0 -2.78 [-2.78]
134896000000000.0 3.06089e+16 566090000000.0 3240730000000.0 216347000000.0 564489000.0 11373300.0 60505600000.0 290558000000.0 108121000000.0 -2.76 [-2.76]
134896000000000.0 2.91253e+16 563649000000.0 3075530000000.0 192216000000.0 453949000.0 8802650.0 61273300000.0 278904000000.0 99306400000.0 -2.74 [-2.74]
0.0 0.0 0.0 0.0 0.0 0.0 0.0 0.0 0.0 0.0 -0.0 [-0.0]
0.0 0.0 0.0 0.0 0.0 0.0 0.0 0.0 0.0 0.0 -0.0 [-0.0]
134896000000000.0 2.50887e+16 554581000000.0 2619410000000.0 133875000000.0 232822000.0 4035950.0 63329300000.0 244687000000.0 76218900000.0 -2.68 [-2.68]
0.0 0.0 0.0 0.0 0.0 0.0 0.0 0.0 0.0 0.0 -0.0 [-0.0]
134896000000000.0 2.27157e+16 547161000000.0 2347210000000.0 104636000000.0 147522000.0 2380120.0 64465400000.0 222799000000.0 63426700000.0 -2.64 [-2.64]
134896000000000.0 2.16178e+16 543069000000.0 2220390000000.0 92382600000.0 117071000.0 1824250.0 64953300000.0 212221000000.0 57748000000.0 -2.62 [-2.62]
134896000000000.0 2.05739e+16 538730000000.0 2099390000000.0 81485400000.0 92701300.0 1396250.0 65386000000.0 201895000000.0 52507800000.0 -2.6 [-2.6]
134896000000000.0 1.95815e+16 534148000000.0 1983990000000.0 71804500000.0 73241800.0 1067200.0 65761200000.0 191835000000.0 47680600000.0 -2.58 [-2.58]
134896000000000.0 1.86378e+16 529332000000.0 1874010000000.0 63213200000.0 57737900.0 814626.0 66077100000.0 182052000000.0 43241500000.0 -2.56 [-2.56]
134896000000000.0 1.77404e+16 524288000000.0 1769260000000.0 55597300000.0 45414000.0 621039.0 66331600000.0 172556000000.0 39166300000.0 -2.54 [-2.54]
134896000000000.0 1.68871e+16 519024000000.0 1669540000000.0 48853100000.0 35640100.0 0.0 66523000000.0 163355000000.0 35431300000.0 -2.52 [-2.52]
134896000000000.0 1.60757e+16 513547000000.0 1574670000000.0 42886800000.0 27906400.0 0.0 66649600000.0 154456000000.0 32013400000.0 -2.5 [-2.5]
134896000000000.0 1.5304e+16 507865000000.0 1484450000000.0 37614400000.0 21801400.0 0.0 66710300000.0 145862000000.0 28890700000.0 -2.48 [-2.48]
134896000000000.0 1.457e+16 501985000000.0 1398720000000.0 32959800000.0 16993400.0 0.0 66704000000.0 137578000000.0 26042200000.0 -2.46 [-2.46]
0.0 0.0 0.0 0.0 0.0 0.0 0.0 0.0 0.0 0.0 -0.0 [-0.0]
134896000000000.0 1.32079e+16 489662000000.0 1239980000000.0 25238000000.0 10254600.0 0.0 66487800000.0 121945000000.0 21087600000.0 -2.42 [-2.42]
134896000000000.0 1.25763e+16 483235000000.0 1166630000000.0 22054700000.0 7939140.0 0.0 66277400000.0 114597000000.0 18944300000.0 -2.4 [-2.4]
134896000000000.0 1.19754e+16 476642000000.0 1097070000000.0 19255600000.0 6132790.0 0.0 65999000000.0 107559000000.0 17000500000.0 -2.38 [-2.38]
134896000000000.0 1.14036e+16 469891000000.0 1031140000000.0 16796600000.0 4726950.0 0.0 65653200000.0 100829000000.0 15240100000.0 -2.36 [-2.36]
134896000000000.0 1.08597e+16 462990000000.0 968680000000.0 14638700000.0 3635460.0 0.0 65240700000.0 94404200000.0 13647800000.0 -2.34 [-2.34]
134896000000000.0 1.03421e+16 455947000000.0 909544000000.0 12746800000.0 2790000.0 0.0 64762700000.0 88279300000.0 12209600000.0 -2.32 [-2.32]
0.0 0.0 0.0 0.0 0.0 0.0 0.0 0.0 0.0 0.0 -0.0 [-0.0]
134896000000000.0 9380770000000000.0 441474000000.0 800659000000.0 9639700000.0 1632960.0 0.0 63616400000.0 76910800000.0 9743530000.0 -2.28 [-2.28]
134896000000000.0 8935980000000000.0 434085000000.0 750776000000.0 8374920000.0 1246150.0 0.0 62953400000.0 71671600000.0 8694490000.0 -2.26 [-2.26]
134896000000000.0 8511330000000000.0 426568000000.0 703503000000.0 7267510000.0 948632.0 0.0 62231100000.0 66692100000.0 7749150000.0 -2.24 [-2.24]
134896000000000.0 8105880000000000.0 418931000000.0 658730000000.0 6299020000.0 720388.0 0.0 61451300000.0 61966700000.0 6898420000.0 -2.22 [-2.22]
0.0 0.0 0.0 0.0 0.0 0.0 0.0 0.0 0.0 0.0 -0.0 [-0.0]
134896000000000.0 7354930000000000.0 403456000000.0 576886000000.0 4723580000.0 413659.0 0.0 59740000000.0 53325500000.0 5456690000.0 -2.18 [-2.18]
134896000000000.0 7006290000000000.0 395615000000.0 539442000000.0 4085500000.0 312669.0 0.0 58812700000.0 49377400000.0 4847380000.0 -2.16 [-2.16]
134896000000000.0 6675510000000000.0 387746000000.0 504286000000.0 3532210000.0 0.0 0.0 57844800000.0 45679400000.0 4304420000.0 -2.14 [-2.14]
134896000000000.0 6359500000000000.0 379804000000.0 471072000000.0 3050330000.0 0.0 0.0 56834000000.0 42195900000.0 3818300000.0 -2.12 [-2.12]
134896000000000.0 6058660000000000.0 371827000000.0 439824000000.0 2632230000.0 0.0 0.0 55786100000.0 38932200000.0 3384840000.0 -2.1 [-2.1]
134896000000000.0 5771200000000000.0 363794000000.0 410334000000.0 2268810000.0 0.0 0.0 54701200000.0 35867200000.0 2997570000.0 -2.08 [-2.08]
0.0 0.0 0.0 0.0 0.0 0.0 0.0 0.0 0.0 0.0 -0.0 [-0.0]
134896000000000.0 5239950000000000.0 347787000000.0 356897000000.0 1684160000.0 0.0 0.0 52457500000.0 30366800000.0 2349490000.0 -2.04 [-2.04]
134896000000000.0 4991780000000000.0 339738000000.0 332463000000.0 1448560000.0 0.0 0.0 51293900000.0 27879200000.0 2077180000.0 -2.02 [-2.02]
134896000000000.0 4756480000000000.0 331738000000.0 309640000000.0 1245700000.0 0.0 0.0 50115800000.0 25576600000.0 1836300000.0 -2.0 [-2.0]
134896000000000.0 4532460000000000.0 323764000000.0 288249000000.0 1070590000.0 0.0 0.0 48922400000.0 23439100000.0 1622670000.0 -1.98 [-1.98]
134896000000000.0 4319190000000000.0 315826000000.0 268211000000.0 919562000.0 0.0 0.0 47717300000.0 21457800000.0 1433340000.0 -1.96 [-1.96]
0.0 0.0 0.0 0.0 0.0 0.0 0.0 0.0 0.0 0.0 -0.0 [-0.0]
134896000000000.0 3922880000000000.0 300096000000.0 231910000000.0 677322000.0 0.0 0.0 45285700000.0 17929800000.0 1117290000.0 -1.92 [-1.92]
134896000000000.0 3738880000000000.0 292322000000.0 215508000000.0 580871000.0 0.0 0.0 44065800000.0 16366300000.0 986047000.0 -1.9 [-1.9]
134896000000000.0 3563740000000000.0 284622000000.0 200184000000.0 497932000.0 0.0 0.0 42847300000.0 14925700000.0 870042000.0 -1.88 [-1.88]
0.0 0.0 0.0 0.0 0.0 0.0 0.0 0.0 0.0 0.0 -0.0 [-0.0]
134896000000000.0 3238360000000000.0 269473000000.0 172531000000.0 365459000.0 0.0 0.0 40426200000.0 12382800000.0 677067000.0 -1.84 [-1.84]
0.0 0.0 0.0 0.0 0.0 0.0 0.0 0.0 0.0 0.0 -0.0 [-0.0]
134896000000000.0 2944420000000000.0 254756000000.0 148554000000.0 268062000.0 0.0 0.0 38051200000.0 10247800000.0 527027000.0 -1.8 [-1.8]
134896000000000.0 2806780000000000.0 247494000000.0 137686000000.0 229248000.0 0.0 0.0 36874200000.0 9304710000.0 464566000.0 -1.78 [-1.78]
0.0 0.0 0.0 0.0 0.0 0.0 0.0 0.0 0.0 0.0 -0.0 [-0.0]
134896000000000.0 2552680000000000.0 233416000000.0 118283000000.0 167808000.0 0.0 0.0 34585900000.0 7666410000.0 361454000.0 -1.74 [-1.74]
134896000000000.0 2435580000000000.0 226614000000.0 109649000000.0 143659000.0 0.0 0.0 33478900000.0 6958360000.0 319089000.0 -1.72 [-1.72]
134896000000000.0 2323610000000000.0 219913000000.0 101587000000.0 122912000.0 0.0 0.0 32388600000.0 6310170000.0 281611000.0 -1.7 [-1.7]
134896000000000.0 2216840000000000.0 213334000000.0 94084300000.0 105133000.0 0.0 0.0 31319300000.0 5718770000.0 248534000.0 -1.68 [-1.68]
134896000000000.0 2115230000000000.0 206895000000.0 87120100000.0 89927400.0 0.0 0.0 30274400000.0 5181030000.0 219391000.0 -1.66 [-1.66]
134896000000000.0 2018550000000000.0 200600000000.0 80659000000.0 76926700.0 0.0 0.0 29254800000.0 4692520000.0 193716000.0 -1.64 [-1.64]
134896000000000.0 1926550000000000.0 194451000000.0 74667600000.0 65813100.0 0.0 0.0 28261200000.0 4249090000.0 171094000.0 -1.62 [-1.62]
134896000000000.0 1839010000000000.0 188450000000.0 69113900000.0 56314100.0 0.0 0.0 27294500000.0 3846880000.0 151163000.0 -1.6 [-1.6]
0.0 0.0 0.0 0.0 0.0 0.0 0.0 0.0 0.0 0.0 -0.0 [-0.0]
134896000000000.0 1676060000000000.0 176869000000.0 59180600000.0 41236300.0 0.0 0.0 25438800000.0 3150320000.0 118072000.0 -1.56 [-1.56]
134896000000000.0 1600630000000000.0 171319000000.0 54769000000.0 35310600.0 0.0 0.0 24554500000.0 2851400000.0 104434000.0 -1.54 [-1.54]
0.0 0.0 0.0 0.0 0.0 0.0 0.0 0.0 0.0 0.0 -0.0 [-0.0]
134896000000000.0 1460530000000000.0 160673000000.0 46907700000.0 25918900.0 0.0 0.0 22869300000.0 2336170000.0 81808600.0 -1.5 [-1.5]
134896000000000.0 1394850000000000.0 155524000000.0 43378500000.0 22194300.0 0.0 0.0 22060000000.0 2112810000.0 72393800.0 -1.48 [-1.48]
134896000000000.0 1332970000000000.0 150577000000.0 40148000000.0 19035000.0 0.0 0.0 21286300000.0 1912880000.0 64149100.0 -1.46 [-1.46]
0.0 0.0 0.0 0.0 0.0 0.0 0.0 0.0 0.0 0.0 -0.0 [-0.0]
134896000000000.0 1218180000000000.0 141141000000.0 34409100000.0 14028700.0 0.0 0.0 19822100000.0 1569240000.0 50463300.0 -1.42 [-1.42]
134896000000000.0 1164790000000000.0 136634000000.0 31856700000.0 12051700.0 0.0 0.0 19128300000.0 1421630000.0 44788700.0 -1.4 [-1.4]
134896000000000.0 1114370000000000.0 132306000000.0 29516800000.0 10369100.0 0.0 0.0 18465500000.0 1289340000.0 39802100.0 -1.38 [-1.38]
134896000000000.0 1065960000000000.0 128082000000.0 27336100000.0 8919310.0 0.0 0.0 17822300000.0 1168710000.0 35367900.0 -1.36 [-1.36]
134896000000000.0 1019770000000000.0 123990000000.0 25318400000.0 7676410.0 0.0 0.0 17202800000.0 1059290000.0 31443300.0 -1.34 [-1.34]
134896000000000.0 975851000000000.0 120039000000.0 23456800000.0 6612460.0 0.0 0.0 16607900000.0 960765000.0 27974700.0 -1.32 [-1.32]
134896000000000.0 933689000000000.0 116191000000.0 21723800000.0 5695550.0 0.0 0.0 16031500000.0 871214000.0 24889400.0 -1.3 [-1.3]
134896000000000.0 893826000000000.0 112502000000.0 20135200000.0 4913640.0 0.0 0.0 15482200000.0 790701000.0 22172100.0 -1.28 [-1.28]
134896000000000.0 855840000000000.0 108940000000.0 18667400000.0 4242530.0 0.0 0.0 14954600000.0 717883000.0 19764700.0 -1.26 [-1.26]
134896000000000.0 819771000000000.0 105513000000.0 17316000000.0 3667600.0 0.0 0.0 14450100000.0 652208000.0 17635700.0 -1.24 [-1.24]
134896000000000.0 785260000000000.0 102194000000.0 16062500000.0 3172150.0 0.0 0.0 13964000000.0 592589000.0 15742500.0 -1.22 [-1.22]
134896000000000.0 752356000000000.0 98991900000.0 14904100000.0 2746090.0 0.0 0.0 13497600000.0 538610000.0 14062400.0 -1.2 [-1.2]
134896000000000.0 720979000000000.0 95902900000.0 13833400000.0 2379440.0 0.0 0.0 13050100000.0 489722000.0 12570600.0 -1.18 [-1.18]
134896000000000.0 691052000000000.0 92923900000.0 12843600000.0 2063690.0 0.0 0.0 12620800000.0 445421000.0 11245100.0 -1.16 [-1.16]
134896000000000.0 662504000000000.0 90051900000.0 11928400000.0 1791570.0 0.0 0.0 12209100000.0 405272000.0 10066800.0 -1.14 [-1.14]
0.0 0.0 0.0 0.0 0.0 0.0 0.0 0.0 0.0 0.0 -0.0 [-0.0]
134896000000000.0 609277000000000.0 84615600000.0 10299700000.0 1354290.0 0.0 0.0 11436000000.0 335854000.0 8085800.0 -1.1 [-1.1]
134896000000000.0 584466000000000.0 82044400000.0 9575640000.0 1179260.0 0.0 0.0 11073100000.0 305878000.0 7254860.0 -1.08 [-1.08]
134896000000000.0 560620000000000.0 79550300000.0 8901320000.0 1027260.0 0.0 0.0 10722800000.0 278516000.0 6511310.0 -1.06 [-1.06]
134896000000000.0 538175000000000.0 77181900000.0 8286010000.0 896979.0 0.0 0.0 10391800000.0 253980000.0 5854070.0 -1.04 [-1.04]
0.0 0.0 0.0 0.0 0.0 0.0 0.0 0.0 0.0 0.0 -0.0 [-0.0]
134896000000000.0 495951000000000.0 72670000000.0 7180830000.0 685196.0 0.0 0.0 9765830000.0 211120000.0 4738540.0 -1.0 [-1.0]
134896000000000.0 476243000000000.0 70538200000.0 6688730000.0 599854.0 0.0 0.0 9472140000.0 192561000.0 4268300.0 -0.98 [-0.98]
134896000000000.0 457410000000000.0 68485200000.0 6232820000.0 525724.0 0.0 0.0 9190610000.0 175675000.0 3847820.0 -0.96 [-0.96]
0.0 0.0 0.0 0.0 0.0 0.0 0.0 0.0 0.0 0.0 -0.0 [-0.0]
134896000000000.0 422202000000000.0 64604400000.0 5418650000.0 405180.0 0.0 0.0 8661990000.0 146309000.0 3134620.0 -0.92 [-0.92]
134896000000000.0 405747000000000.0 62771100000.0 5055440000.0 356313.0 0.0 0.0 8413930000.0 133558000.0 2832690.0 -0.9 [-0.9]
134896000000000.0 390009000000000.0 61005600000.0 4718520000.0 313698.0 0.0 0.0 8176080000.0 121936000.0 2561930.0 -0.88 [-0.88]
134896000000000.0 374953000000000.0 59305500000.0 4405870000.0 276496.0 0.0 0.0 7948010000.0 111339000.0 2318940.0 -0.86 [-0.86]
134896000000000.0 360548000000000.0 57668200000.0 4115670000.0 243989.0 0.0 0.0 7729290000.0 101674000.0 2100730.0 -0.84 [-0.84]
134896000000000.0 346762000000000.0 56091400000.0 3846170000.0 215552.0 0.0 0.0 7519520000.0 92854500.0 1904610.0 -0.82 [-0.82]
134896000000000.0 333565000000000.0 54572700000.0 3595830000.0 190650.0 0.0 0.0 7318310000.0 84804200.0 1728220.0 -0.8 [-0.8]
134896000000000.0 320929000000000.0 53109800000.0 3363190000.0 168821.0 0.0 0.0 7125280000.0 77453300.0 1569460.0 -0.78 [-0.78]
134896000000000.0 308829000000000.0 51700600000.0 3146930000.0 149665.0 0.0 0.0 6940090000.0 70738800.0 1426450.0 -0.76 [-0.76]
134896000000000.0 297220000000000.0 50341100000.0 2945550000.0 132826.0 0.0 0.0 6762150000.0 64568600.0 1297460.0 -0.74 [-0.74]
134896000000000.0 286098000000000.0 49031100000.0 2758210000.0 118017.0 0.0 0.0 6591360000.0 58929000.0 1181110.0 -0.72 [-0.72]
134896000000000.0 275440000000000.0 47768800000.0 2583850000.0 104981.0 0.0 0.0 6427430000.0 53774700.0 1076060.0 -0.7 [-0.7]
0.0 0.0 0.0 0.0 0.0 0.0 0.0 0.0 0.0 0.0 -0.0 [-0.0]
134896000000000.0 255429000000000.0 45379700000.0 2270300000.0 83357.6 0.0 0.0 6118960000.0 44754500.0 895358.0 -0.66 [-0.66]
134896000000000.0 246036000000000.0 44249300000.0 2129410000.0 74406.2 0.0 0.0 5973850000.0 40814600.0 817718.0 -0.64 [-0.64]
134896000000000.0 236990000000000.0 43154900000.0 1997570000.0 66473.6 0.0 0.0 5833910000.0 37198400.0 747268.0 -0.62 [-0.62]
134896000000000.0 228383000000000.0 42108300000.0 1875600000.0 59487.0 0.0 0.0 5700600000.0 33913700.0 683701.0 -0.6 [-0.6]
134896000000000.0 220089000000000.0 41094500000.0 1761330000.0 53279.9 0.0 0.0 5571950000.0 30897300.0 625917.0 -0.58 [-0.58]
134896000000000.0 212128000000000.0 40116500000.0 1654680000.0 47773.9 0.0 0.0 5448330000.0 28137400.0 573471.0 -0.56 [-0.56]
134896000000000.0 204485000000000.0 39172800000.0 1555100000.0 42884.6 0.0 0.0 5329500000.0 25612200.0 525832.0 -0.54 [-0.54]
134896000000000.0 197145000000000.0 38262000000.0 1462070000.0 38538.1 0.0 0.0 5215270000.0 23301600.0 482527.0 -0.52 [-0.52]
134896000000000.0 190096000000000.0 37382800000.0 1375140000.0 34670.0 0.0 0.0 5105420000.0 21187500.0 443130.0 -0.5 [-0.5]
134896000000000.0 183324000000000.0 36534000000.0 1293870000.0 31224.0 0.0 0.0 4999790000.0 19253300.0 407263.0 -0.48 [-0.48]
134896000000000.0 176790000000000.0 35710700000.0 1217560000.0 28143.8 0.0 0.0 4897750000.0 17478900.0 374521.0 -0.46 [-0.46]
134896000000000.0 170536000000000.0 34918900000.0 1146460000.0 25400.7 0.0 0.0 4800000000.0 15860900.0 344729.0 -0.44 [-0.44]
134896000000000.0 164524000000000.0 34153900000.0 1079900000.0 22949.0 0.0 0.0 4705930000.0 14381700.0 317544.0 -0.42 [-0.42]
134896000000000.0 158767000000000.0 33417600000.0 1017810000.0 20760.3 0.0 0.0 4615770000.0 13033400.0 292765.0 -0.4 [-0.4]
134896000000000.0 153206000000000.0 32702700000.0 959401000.0 18795.3 0.0 0.0 4528590000.0 11797100.0 270074.0 -0.38 [-0.38]
