Cloudy_runs/Data/sys_0,347_PG0003+158/component_II_nH/component_II_nH_col_density_param.txt
# %ECSV 1.0
# ---
# datatype:
# - {name: H, datatype: float64}
# - {name: H+, datatype: float64}
# - {name: C+, datatype: float64}
# - {name: C+2, datatype: float64}
# - {name: C+3, datatype: float64}
# - {name: O+5, datatype: float64}
# - {name: O+6, datatype: float64}
# - {name: Si+, datatype: float64}
# - {name: Si+2, datatype: float64}
# - {name: Si+3, datatype: float64}
# - {name: log_nH, datatype: float64}
# - {name: parameters, datatype: string, subtype: 'float64[1]'}
# schema: astropy-2.0
H H+ C+ C+2 C+3 O+5 O+6 Si+ Si+2 Si+3 log_nH parameters
134896000000000.0 1.13315e+19 5672510000.0 2240310000000.0 19843000000000.0 531955000000000.0 1598350000000000.0 1397170.0 130317000.0 1434600000.0 -5.0 [-5.0]
134896000000000.0 1.06648e+19 6138830000.0 2393400000000.0 20517400000000.0 521087000000000.0 1478550000000000.0 1688170.0 154726000.0 1663150000.0 -4.98 [-4.98]
134896000000000.0 1.00418e+19 6635250000.0 2552520000000.0 21180800000000.0 509556000000000.0 1365960000000000.0 2034520.0 183286000.0 1923940000.0 -4.96 [-4.96]
134896000000000.0 9.45929e+18 7163790000.0 2717720000000.0 21831400000000.0 497400000000000.0 1260300000000000.0 2445900.0 216636000.0 2220870000.0 -4.94 [-4.94]
134896000000000.0 8.91426e+18 7726740000.0 2889060000000.0 22467800000000.0 484667000000000.0 1161250000000000.0 2933610.0 255504000.0 2558230000.0 -4.92 [-4.92]
134896000000000.0 8.40385e+18 8326060000.0 3066530000000.0 23088700000000.0 471407000000000.0 1068500000000000.0 3510620.0 300715000.0 2940800000.0 -4.9 [-4.9]
134896000000000.0 7.92572e+18 8964790000.0 3250240000000.0 23692700000000.0 457671000000000.0 981784000000000.0 4192130.0 353205000.0 3373640000.0 -4.88 [-4.88]
0.0 0.0 0.0 0.0 0.0 0.0 0.0 0.0 0.0 0.0 -0.0 [-0.0]
134896000000000.0 7.05724e+18 10372400000.0 3636600000000.0 24845000000000.0 428981000000000.0 825304000000000.0 5941530.0 484396000.0 4412950000.0 -4.84 [-4.84]
134896000000000.0 6.66267e+18 11146500000.0 3839210000000.0 25391200000000.0 414137000000000.0 754964000000000.0 7052730.0 565645000.0 5032310000.0 -4.82 [-4.82]
134896000000000.0 6.2921e+18 11971900000.0 4048210000000.0 25916100000000.0 399038000000000.0 689531000000000.0 8356090.0 659302000.0 5727620000.0 -4.8 [-4.8]
134896000000000.0 5.9438e+18 12851600000.0 4263490000000.0 26418900000000.0 383734000000000.0 628749000000000.0 9882080.0 767070000.0 6506820000.0 -4.78 [-4.78]
0.0 0.0 0.0 0.0 0.0 0.0 0.0 0.0 0.0 0.0 -0.0 [-0.0]
134896000000000.0 5.30817e+18 14788900000.0 4713080000000.0 27354700000000.0 352740000000000.0 520171000000000.0 13747300.0 1032820000.0 8351420000.0 -4.74 [-4.74]
134896000000000.0 5.01808e+18 15853900000.0 4947360000000.0 27786000000000.0 337164000000000.0 471892000000000.0 16171700.0 1195330000.0 9436040000.0 -4.72 [-4.72]
134896000000000.0 4.74484e+18 16987400000.0 5187580000000.0 28192100000000.0 321607000000000.0 427326000000000.0 18990700.0 1381020000.0 10642700000.0 -4.7 [-4.7]
134896000000000.0 4.48734e+18 18193300000.0 5433680000000.0 28572400000000.0 306124000000000.0 386255000000000.0 22262400.0 1592850000.0 11983100000.0 -4.68 [-4.68]
134896000000000.0 4.24463e+18 19477800000.0 5685860000000.0 28926100000000.0 290767000000000.0 348481000000000.0 26053900.0 1834100000.0 13469000000.0 -4.66 [-4.66]
134896000000000.0 4.01571e+18 20844400000.0 5943910000000.0 29252600000000.0 275586000000000.0 313802000000000.0 30439600.0 2108380000.0 15113800000.0 -4.64 [-4.64]
134896000000000.0 3.79971e+18 22297200000.0 6207420000000.0 29551600000000.0 260630000000000.0 282026000000000.0 35503200.0 2419650000.0 16931200000.0 -4.62 [-4.62]
0.0 0.0 0.0 0.0 0.0 0.0 0.0 0.0 0.0 0.0 -0.0 [-0.0]
134896000000000.0 3.40335e+18 25481400000.0 6750340000000.0 30064700000000.0 231572000000000.0 226445000000000.0 48053200.0 3171130000.0 21143700000.0 -4.58 [-4.58]
0.0 0.0 0.0 0.0 0.0 0.0 0.0 0.0 0.0 0.0 -0.0 [-0.0]
134896000000000.0 3.04973e+18 29071200000.0 7312700000000.0 30461700000000.0 203924000000000.0 180343000000000.0 64600600.0 4128780000.0 26234300000.0 -4.54 [-4.54]
0.0 0.0 0.0 0.0 0.0 0.0 0.0 0.0 0.0 0.0 -0.0 [-0.0]
134896000000000.0 2.73382e+18 33108700000.0 7891900000000.0 30739400000000.0 177960000000000.0 142429000000000.0 86255700.0 5340500000.0 32345800000.0 -4.5 [-4.5]
134896000000000.0 2.58861e+18 35307000000.0 8186580000000.0 30832700000000.0 165677000000000.0 126171000000000.0 99410400.0 6058810000.0 35833100000.0 -4.48 [-4.48]
134896000000000.0 2.45136e+18 37638600000.0 8484610000000.0 30895000000000.0 153893000000000.0 111534000000000.0 114386000.0 6862580000.0 39632000000.0 -4.46 [-4.46]
134896000000000.0 2.32156e+18 40108600000.0 8785400000000.0 30926200000000.0 142622000000000.0 98387200000000.0 131399000.0 7760310000.0 43764000000.0 -4.44 [-4.44]
134896000000000.0 2.19878e+18 42723700000.0 9088450000000.0 30926100000000.0 131874000000000.0 86610100000000.0 150694000.0 8761150000.0 48250600000.0 -4.42 [-4.42]
134896000000000.0 2.08264e+18 45491600000.0 9393310000000.0 30894400000000.0 121659000000000.0 76085300000000.0 172537000.0 9874920000.0 53112800000.0 -4.4 [-4.4]
134896000000000.0 1.97275e+18 48419800000.0 9699420000000.0 30831100000000.0 111981000000000.0 66702200000000.0 197223000.0 11112100000.0 58372300000.0 -4.38 [-4.38]
134896000000000.0 1.86878e+18 51516700000.0 10006300000000.0 30735900000000.0 102841000000000.0 58356800000000.0 225075000.0 12483800000.0 64050400000.0 -4.36 [-4.36]
134896000000000.0 1.77044e+18 54796000000.0 10313700000000.0 30608900000000.0 94237200000000.0 50955000000000.0 256471000.0 14002300000.0 70164400000.0 -4.34 [-4.34]
134896000000000.0 1.67738e+18 58262500000.0 10620800000000.0 30450000000000.0 86162100000000.0 44403600000000.0 291786000.0 15680000000.0 76737600000.0 -4.32 [-4.32]
134896000000000.0 1.5893e+18 61924100000.0 10926900000000.0 30259200000000.0 78606000000000.0 38618100000000.0 331441000.0 17530000000.0 83791000000.0 -4.3 [-4.3]
134896000000000.0 1.50594e+18 65790200000.0 11231200000000.0 30036600000000.0 71556800000000.0 33521100000000.0 375899000.0 19566300000.0 91343400000.0 -4.28 [-4.28]
134896000000000.0 1.42703e+18 69870400000.0 11533000000000.0 29782400000000.0 65000300000000.0 29041200000000.0 425669000.0 21803400000.0 99412600000.0 -4.26 [-4.26]
134896000000000.0 1.35234e+18 74174600000.0 11831800000000.0 29496800000000.0 58919600000000.0 25112700000000.0 481303000.0 24256900000.0 108015000000.0 -4.24 [-4.24]
134896000000000.0 1.28161e+18 78708700000.0 12126500000000.0 29180000000000.0 53296100000000.0 21675100000000.0 543376000.0 26942000000.0 117168000000.0 -4.22 [-4.22]
134896000000000.0 1.21458e+18 83475700000.0 12415600000000.0 28832200000000.0 48107000000000.0 18671700000000.0 612497000.0 29874700000.0 126895000000.0 -4.2 [-4.2]
134896000000000.0 1.15118e+18 88489800000.0 12699000000000.0 28454400000000.0 43338700000000.0 16057700000000.0 689347000.0 33070400000.0 137188000000.0 -4.18 [-4.18]
134896000000000.0 1.09114e+18 93768900000.0 12976200000000.0 28046800000000.0 38964600000000.0 13785300000000.0 774794000.0 36549900000.0 148061000000.0 -4.16 [-4.16]
134896000000000.0 1.03432e+18 99319700000.0 13246400000000.0 27610100000000.0 34964300000000.0 11814800000000.0 869634000.0 40330300000.0 159515000000.0 -4.14 [-4.14]
134896000000000.0 9.80536e+17 105151000000.0 13508600000000.0 27145200000000.0 31315400000000.0 10109600000000.0 974760000.0 44429800000.0 171549000000.0 -4.12 [-4.12]
134896000000000.0 9.29628e+17 111272000000.0 13762000000000.0 26652900000000.0 27995400000000.0 8636850000000.0 1091140000.0 48867200000.0 184160000000.0 -4.1 [-4.1]
134896000000000.0 8.81444e+17 117690000000.0 14005700000000.0 26134300000000.0 24982300000000.0 7367470000000.0 1219830000.0 53661500000.0 197338000000.0 -4.08 [-4.08]
0.0 0.0 0.0 0.0 0.0 0.0 0.0 0.0 0.0 0.0 -0.0 [-0.0]
134896000000000.0 7.92663e+17 131441000000.0 14460000000000.0 25022700000000.0 19790300000000.0 5337610000000.0 1518650000.0 64395800000.0 225334000000.0 -4.04 [-4.04]
134896000000000.0 7.51797e+17 138787000000.0 14668900000000.0 24432400000000.0 17569700000000.0 4533700000000.0 1691260000.0 70373400000.0 240110000000.0 -4.02 [-4.02]
0.0 0.0 0.0 0.0 0.0 0.0 0.0 0.0 0.0 0.0 -0.0 [-0.0]
134896000000000.0 6.76483e+17 154428000000.0 15045300000000.0 23189900000000.0 13781200000000.0 3257930000000.0 2089670000.0 83638200000.0 271072000000.0 -3.98 [-3.98]
134896000000000.0 6.41806e+17 162725000000.0 15210900000000.0 22541100000000.0 12176900000000.0 2756540000000.0 2318430000.0 90958800000.0 287180000000.0 -3.96 [-3.96]
0.0 0.0 0.0 0.0 0.0 0.0 0.0 0.0 0.0 0.0 -0.0 [-0.0]
134896000000000.0 5.77884e+17 180255000000.0 15492300000000.0 21197800000000.0 9464530000000.0 1966280000000.0 2843000000.0 107050000000.0 320411000000.0 -3.92 [-3.92]
134896000000000.0 5.48443e+17 189478000000.0 15606400000000.0 20507100000000.0 8326180000000.0 1657820000000.0 3142200000.0 115844000000.0 337418000000.0 -3.9 [-3.9]
134896000000000.0 5.20558e+17 198991000000.0 15701500000000.0 19806600000000.0 7314580000000.0 1396190000000.0 3468370000.0 125148000000.0 354598000000.0 -3.88 [-3.88]
134896000000000.0 4.94147e+17 208788000000.0 15777400000000.0 19098300000000.0 6417200000000.0 1174580000000.0 3823350000.0 134970000000.0 371879000000.0 -3.86 [-3.86]
134896000000000.0 4.69118e+17 218867000000.0 15833500000000.0 18383900000000.0 5622060000000.0 987012000000.0 4209480000.0 145321000000.0 389178000000.0 -3.84 [-3.84]
134896000000000.0 4.45439e+17 229179000000.0 15868900000000.0 17667400000000.0 4920030000000.0 828738000000.0 4627430000.0 156175000000.0 406398000000.0 -3.82 [-3.82]
134896000000000.0 4.22984e+17 239730000000.0 15883000000000.0 16949200000000.0 4299780000000.0 695045000000.0 5080120000.0 167547000000.0 423465000000.0 -3.8 [-3.8]
134896000000000.0 4.01705e+17 250496000000.0 15876000000000.0 16232000000000.0 3753050000000.0 582335000000.0 5569070000.0 179419000000.0 440274000000.0 -3.78 [-3.78]
134896000000000.0 3.81522e+17 261464000000.0 15847500000000.0 15517500000000.0 3271480000000.0 487349000000.0 6096640000.0 191785000000.0 456727000000.0 -3.76 [-3.76]
134896000000000.0 3.62403e+17 272581000000.0 15797100000000.0 14809200000000.0 2848530000000.0 407498000000.0 6663270000.0 204599000000.0 472714000000.0 -3.74 [-3.74]
134896000000000.0 3.44285e+17 283820000000.0 15724900000000.0 14108800000000.0 2477530000000.0 340424000000.0 7270250000.0 217827000000.0 488135000000.0 -3.72 [-3.72]
134896000000000.0 3.27096e+17 295184000000.0 15631500000000.0 13417500000000.0 2152110000000.0 284079000000.0 7920620000.0 231464000000.0 502866000000.0 -3.7 [-3.7]
134896000000000.0 3.10792e+17 306630000000.0 15517000000000.0 12737400000000.0 1867210000000.0 236817000000.0 8614760000.0 245450000000.0 516803000000.0 -3.68 [-3.68]
134896000000000.0 2.95315e+17 318140000000.0 15381800000000.0 12069900000000.0 1617920000000.0 197188000000.0 9354670000.0 259750000000.0 529828000000.0 -3.66 [-3.66]
134896000000000.0 2.80648e+17 329634000000.0 15226200000000.0 11418200000000.0 1400550000000.0 164058000000.0 10138000000.0 274255000000.0 541847000000.0 -3.64 [-3.64]
0.0 0.0 0.0 0.0 0.0 0.0 0.0 0.0 0.0 0.0 -0.0 [-0.0]
134896000000000.0 2.53487e+17 352595000000.0 14857000000000.0 10163100000000.0 1045390000000.0 113146000000.0 11845000000.0 303741000000.0 562406000000.0 -3.6 [-3.6]
0.0 0.0 0.0 0.0 0.0 0.0 0.0 0.0 0.0 0.0 -0.0 [-0.0]
134896000000000.0 2.29023e+17 375222000000.0 14416600000000.0 8983900000000.0 776689000000.0 77699800000.0 13731600000.0 333241000000.0 577720000000.0 -3.56 [-3.56]
134896000000000.0 2.177e+17 386377000000.0 14172400000000.0 8424160000000.0 668141000000.0 64265800000.0 14743500000.0 347830000000.0 583164000000.0 -3.54 [-3.54]
134896000000000.0 2.0695e+17 397348000000.0 13913400000000.0 7886110000000.0 574095000000.0 53093900000.0 15796400000.0 362129000000.0 587078000000.0 -3.52 [-3.52]
134896000000000.0 1.96748e+17 408118000000.0 13641300000000.0 7370390000000.0 492727000000.0 43816400000.0 16889000000.0 376062000000.0 589401000000.0 -3.5 [-3.5]
134896000000000.0 1.87039e+17 418698000000.0 13356600000000.0 6875940000000.0 422237000000.0 36102100000.0 18022500000.0 389558000000.0 590058000000.0 -3.48 [-3.48]
134896000000000.0 1.77822e+17 429027000000.0 13061200000000.0 6404330000000.0 361403000000.0 29711000000.0 19191000000.0 402484000000.0 589065000000.0 -3.46 [-3.46]
134896000000000.0 1.69063e+17 439096000000.0 12756300000000.0 5955210000000.0 308920000000.0 24417900000.0 20392800000.0 414754000000.0 586404000000.0 -3.44 [-3.44]
134896000000000.0 1.60739e+17 448881000000.0 12443000000000.0 5528550000000.0 263699000000.0 20039500000.0 21624800000.0 426273000000.0 582086000000.0 -3.42 [-3.42]
134896000000000.0 1.52827e+17 458366000000.0 12122700000000.0 5124190000000.0 224786000000.0 16422500000.0 22883600000.0 436952000000.0 576140000000.0 -3.4 [-3.4]
134896000000000.0 1.45307e+17 467532000000.0 11796600000000.0 4741830000000.0 191344000000.0 13438500000.0 24165800000.0 446711000000.0 568613000000.0 -3.38 [-3.38]
134896000000000.0 1.38159e+17 476368000000.0 11466100000000.0 4381120000000.0 162645000000.0 10980200000.0 25467800000.0 455482000000.0 559564000000.0 -3.36 [-3.36]
134896000000000.0 1.31365e+17 484860000000.0 11132200000000.0 4041600000000.0 138051000000.0 8957870000.0 26785900000.0 463203000000.0 549074000000.0 -3.34 [-3.34]
134896000000000.0 1.24907e+17 492993000000.0 10796200000000.0 3722670000000.0 117001000000.0 7296480000.0 28116200000.0 469816000000.0 537236000000.0 -3.32 [-3.32]
134896000000000.0 1.18767e+17 500759000000.0 10459100000000.0 3423730000000.0 99009700000.0 5933610000.0 29455200000.0 475281000000.0 524156000000.0 -3.3 [-3.3]
134896000000000.0 1.12929e+17 508148000000.0 10121800000000.0 3144090000000.0 83655700000.0 4817340000.0 30799300000.0 479568000000.0 509948000000.0 -3.28 [-3.28]
134896000000000.0 1.07378e+17 515154000000.0 9785490000000.0 2883040000000.0 70571100000.0 3904480000.0 32145100000.0 482662000000.0 494737000000.0 -3.26 [-3.26]
134896000000000.0 1.02109e+17 521755000000.0 9451440000000.0 2640180000000.0 59452700000.0 3160110000.0 33486900000.0 484551000000.0 478698000000.0 -3.24 [-3.24]
134896000000000.0 9.70918e+16 527981000000.0 9119600000000.0 2414020000000.0 49993200000.0 2552540000.0 34826700000.0 485265000000.0 461877000000.0 -3.22 [-3.22]
134896000000000.0 9.23218e+16 533812000000.0 8791190000000.0 2204110000000.0 41969500000.0 2058170000.0 36159300000.0 484810000000.0 444453000000.0 -3.2 [-3.2]
134896000000000.0 8.77868e+16 539246000000.0 8466910000000.0 2009660000000.0 35174600000.0 1656610000.0 37482300000.0 483218000000.0 426560000000.0 -3.18 [-3.18]
134896000000000.0 8.34681e+16 544295000000.0 8146850000000.0 1829550000000.0 29421700000.0 1330570000.0 38795800000.0 480524000000.0 408285000000.0 -3.16 [-3.16]
134896000000000.0 7.93694e+16 548933000000.0 7832700000000.0 1663610000000.0 24574100000.0 1067110000.0 40092800000.0 476781000000.0 389849000000.0 -3.14 [-3.14]
134896000000000.0 7.54724e+16 553173000000.0 7524370000000.0 1510690000000.0 20489300000.0 854239000.0 41374400000.0 472039000000.0 371326000000.0 -3.12 [-3.12]
134896000000000.0 7.17676e+16 557019000000.0 7222340000000.0 1370020000000.0 17053400000.0 682580000.0 42638800000.0 466360000000.0 352831000000.0 -3.1 [-3.1]
134896000000000.0 6.82456e+16 560472000000.0 6926990000000.0 1240840000000.0 14168300000.0 544408000.0 43884700000.0 459808000000.0 334469000000.0 -3.08 [-3.08]
134896000000000.0 6.48971e+16 563534000000.0 6638610000000.0 1122410000000.0 11750100000.0 433396000.0 45111400000.0 452447000000.0 316337000000.0 -3.06 [-3.06]
134896000000000.0 6.17141e+16 566211000000.0 6357550000000.0 1014010000000.0 9726800000.0 344383000.0 46317300000.0 444354000000.0 298520000000.0 -3.04 [-3.04]
134896000000000.0 5.86956e+16 568506000000.0 6084670000000.0 915144000000.0 8040130000.0 273267000.0 47498200000.0 435628000000.0 281138000000.0 -3.02 [-3.02]
134896000000000.0 5.58121e+16 570426000000.0 5818110000000.0 824538000000.0 6628570000.0 216237000.0 48663800000.0 426241000000.0 264126000000.0 -3.0 [-3.0]
134896000000000.0 5.30781e+16 571973000000.0 5560060000000.0 742179000000.0 5456680000.0 170871000.0 49802400000.0 416365000000.0 247672000000.0 -2.98 [-2.98]
0.0 0.0 0.0 0.0 0.0 0.0 0.0 0.0 0.0 0.0 -0.0 [-0.0]
134896000000000.0 4.80083e+16 573968000000.0 5067660000000.0 599175000000.0 3676670000.0 106100000.0 52007900000.0 395296000000.0 216482000000.0 -2.94 [-2.94]
