Cloudy_runs/pks0405/z=0.167125/component_V_PI_nH/component_V_PI_nH_col_density_param.txt
# %ECSV 1.0
# ---
# datatype:
# - {name: H, datatype: float64}
# - {name: H+, datatype: float64}
# - {name: C+, datatype: float64}
# - {name: C+2, datatype: float64}
# - {name: C+3, datatype: float64}
# - {name: N+, datatype: float64}
# - {name: N+2, datatype: float64}
# - {name: N+4, datatype: float64}
# - {name: O, datatype: float64}
# - {name: O+2, datatype: float64}
# - {name: O+5, datatype: float64}
# - {name: O+6, datatype: float64}
# - {name: P+, datatype: float64}
# - {name: Si+, datatype: float64}
# - {name: Si+2, datatype: float64}
# - {name: Si+3, datatype: float64}
# - {name: Si+4, datatype: float64}
# - {name: log_nH, datatype: float64}
# - {name: log_Te, datatype: float64}
# - {name: parameters, datatype: string, subtype: 'float64[1]'}
# schema: astropy-2.0
H H+ C+ C+2 C+3 N+ N+2 N+4 O O+2 O+5 O+6 P+ Si+ Si+2 Si+3 Si+4 log_nH log_Te parameters
3.38856e+17 1.422e+22 150114000000000.0 5.14787e+16 1.05567e+17 11115600000000.0 7671580000000000.0 8114620000000000.0 8423840000.0 3.14485e+17 5.20448e+16 8.04367e+16 109771000000.0 8000130000000.0 584409000000000.0 2247680000000000.0 1.36429e+16 -5.0 4.318 [-5.0]
3.38845e+17 1.34913e+22 155259000000000.0 5.07758e+16 9.99383e+16 11601000000000.0 7669560000000000.0 7821410000000000.0 8773570000.0 3.02047e+17 4.88214e+16 7.23469e+16 114727000000.0 8471950000000.0 600435000000000.0 2214210000000000.0 1.29501e+16 -4.98 4.318 [-4.98]
3.38876e+17 1.28013e+22 160517000000000.0 5.00902e+16 9.46392e+16 12093600000000.0 7666260000000000.0 7532090000000000.0 9124020000.0 2.90109e+17 4.57279e+16 6.49647e+16 119834000000.0 8959620000000.0 616331000000000.0 2179870000000000.0 1.22918e+16 -4.96 4.317 [-4.96]
3.38869e+17 1.21462e+22 165882000000000.0 4.94087e+16 8.96186e+16 12594600000000.0 7659360000000000.0 7245760000000000.0 9483460000.0 2.78581e+17 4.27627e+16 5.82436e+16 125083000000.0 9461420000000.0 631886000000000.0 2143650000000000.0 1.16628e+16 -4.94 4.316 [-4.94]
3.38852e+17 1.15234e+22 171281000000000.0 4.87188e+16 8.48629e+16 13101900000000.0 7648540000000000.0 6962880000000000.0 9853290000.0 2.67433e+17 3.99256e+16 5.21334e+16 130384000000.0 9968000000000.0 646734000000000.0 2105950000000000.0 1.10613e+16 -4.92 4.316 [-4.92]
3.38878e+17 1.09338e+22 176829000000000.0 4.80478e+16 8.03839e+16 13621700000000.0 7636320000000000.0 6684030000000000.0 10232800000.0 2.56755e+17 3.72168e+16 4.65899e+16 135882000000.0 10490300000000.0 661430000000000.0 2067640000000000.0 1.04916e+16 -4.9 4.315 [-4.9]
3.38868e+17 1.03741e+22 182436000000000.0 4.7377e+16 7.61367e+16 14145500000000.0 7619940000000000.0 6409550000000000.0 10624000000.0 2.4644e+17 3.46379e+16 4.1572e+16 141502000000.0 11021400000000.0 675534000000000.0 2027590000000000.0 9948340000000000.0 -4.88 4.314 [-4.88]
3.38853e+17 9.84165e+21 188043000000000.0 4.66979e+16 7.21126e+16 14671200000000.0 7599200000000000.0 6139450000000000.0 11025000000.0 2.36472e+17 3.21859e+16 3.70298e+16 147176000000.0 11552800000000.0 688783000000000.0 1986310000000000.0 9430230000000000.0 -4.86 4.314 [-4.86]
3.38844e+17 9.33699e+21 193715000000000.0 4.60279e+16 6.83083e+16 15199400000000.0 7575430000000000.0 5874210000000000.0 11435800000.0 2.26893e+17 2.98599e+16 3.29329e+16 153028000000.0 12094200000000.0 701587000000000.0 1944100000000000.0 8939090000000000.0 -4.84 4.313 [-4.84]
3.38871e+17 8.85975e+21 199502000000000.0 4.5371e+16 6.47209e+16 15741500000000.0 7549780000000000.0 5614640000000000.0 11868500000.0 2.17714e+17 2.76594e+16 2.92464e+16 159068000000.0 12644000000000.0 713952000000000.0 1901480000000000.0 8475160000000000.0 -4.82 4.312 [-4.82]
3.38856e+17 8.40561e+21 205266000000000.0 4.4703e+16 6.13129e+16 16285100000000.0 7519130000000000.0 5360050000000000.0 12317700000.0 2.08838e+17 2.55796e+16 2.59299e+16 165165000000.0 13188800000000.0 725282000000000.0 1857590000000000.0 8033180000000000.0 -4.8 4.311 [-4.8]
3.3885e+17 7.97509e+21 211055000000000.0 4.40389e+16 5.80875e+16 16831400000000.0 7485040000000000.0 5111270000000000.0 12785300000.0 2.00303e+17 2.36195e+16 2.2955e+16 171428000000.0 13736500000000.0 735959000000000.0 1813050000000000.0 7614890000000000.0 -4.78 4.31 [-4.78]
3.38874e+17 7.56694e+21 216879000000000.0 4.3381e+16 5.50329e+16 17380100000000.0 7447760000000000.0 4867940000000000.0 13276000000.0 1.92112e+17 2.17738e+16 2.02874e+16 177889000000.0 14288100000000.0 746020000000000.0 1767910000000000.0 7219620000000000.0 -4.76 4.309 [-4.76]
3.38865e+17 7.18003e+21 222686000000000.0 4.27195e+16 5.21419e+16 17935200000000.0 7406780000000000.0 4631860000000000.0 13792200000.0 1.84229e+17 2.00449e+16 1.79072e+16 184469000000.0 14833400000000.0 755190000000000.0 1722430000000000.0 6845830000000000.0 -4.74 4.309 [-4.74]
3.38854e+17 6.8126e+21 228479000000000.0 4.20534e+16 4.93965e+16 18494600000000.0 7361870000000000.0 4401390000000000.0 14338700000.0 1.7664e+17 1.84229e+16 1.57816e+16 191166000000.0 15369600000000.0 763351000000000.0 1676410000000000.0 6491800000000000.0 -4.72 4.308 [-4.72]
3.38846e+17 6.46456e+21 234334000000000.0 4.13915e+16 4.67943e+16 19066400000000.0 7313960000000000.0 4177400000000000.0 14923800000.0 1.6936e+17 1.69065e+16 1.38885e+16 198088000000.0 15905100000000.0 770851000000000.0 1630160000000000.0 6158000000000000.0 -4.7 4.307 [-4.7]
3.38877e+17 6.13506e+21 240188000000000.0 4.07335e+16 4.43299e+16 19642500000000.0 7263280000000000.0 3960320000000000.0 15546800000.0 1.62381e+17 1.54921e+16 1.22049e+16 205233000000.0 16436500000000.0 777630000000000.0 1583950000000000.0 5843790000000000.0 -4.68 4.306 [-4.68]
3.3887e+17 5.82153e+21 245883000000000.0 4.00643e+16 4.1985e+16 20206800000000.0 7207280000000000.0 3749900000000000.0 16192800000.0 1.55639e+17 1.41749e+16 1.07091e+16 212480000000.0 16952100000000.0 783262000000000.0 1537270000000000.0 5546260000000000.0 -4.66 4.305 [-4.66]
3.3885e+17 5.52417e+21 251617000000000.0 3.93913e+16 3.97569e+16 20788900000000.0 7148000000000000.0 3546020000000000.0 16896100000.0 1.49164e+17 1.29502e+16 9384150000000000.0 219894000000.0 17453000000000.0 787908000000000.0 1490670000000000.0 5265510000000000.0 -4.64 4.304 [-4.64]
3.38851e+17 5.24261e+21 257270000000000.0 3.87201e+16 3.76452e+16 21367900000000.0 7085660000000000.0 3349580000000000.0 17637300000.0 1.42955e+17 1.18152e+16 8212300000000000.0 227545000000.0 17945400000000.0 791815000000000.0 1444360000000000.0 5001680000000000.0 -4.62 4.303 [-4.62]
3.38847e+17 4.97554e+21 262929000000000.0 3.80462e+16 3.56378e+16 21959700000000.0 7019840000000000.0 3159980000000000.0 18435800000.0 1.36992e+17 1.07641e+16 7177470000000000.0 235419000000.0 18424800000000.0 794859000000000.0 1398280000000000.0 4753190000000000.0 -4.6 4.302 [-4.6]
3.38845e+17 4.72242e+21 268522000000000.0 3.7371e+16 3.37308e+16 22553800000000.0 6950840000000000.0 2977520000000000.0 19291200000.0 1.31273e+17 9792450000000000.0 6264510000000000.0 243533000000.0 18890600000000.0 797072000000000.0 1352540000000000.0 4519510000000000.0 -4.58 4.301 [-4.58]
3.38874e+17 4.48226e+21 273970000000000.0 3.66928e+16 3.19201e+16 23140600000000.0 6878500000000000.0 2802080000000000.0 20196200000.0 1.25783e+17 8895620000000000.0 5459790000000000.0 251870000000.0 19339300000000.0 798439000000000.0 1307480000000000.0 4299780000000000.0 -4.56 4.299 [-4.56]
3.38845e+17 4.25437e+21 279376000000000.0 3.60073e+16 3.01956e+16 23738700000000.0 6802320000000000.0 2633860000000000.0 21170800000.0 1.20498e+17 8070590000000000.0 4753430000000000.0 260388000000.0 19765300000000.0 798752000000000.0 1262650000000000.0 4092440000000000.0 -4.54 4.299 [-4.54]
3.38865e+17 4.03825e+21 284750000000000.0 3.53204e+16 2.85571e+16 24348500000000.0 6723380000000000.0 2472380000000000.0 22225800000.0 1.15437e+17 7311690000000000.0 4133020000000000.0 269186000000.0 20174500000000.0 798339000000000.0 1218740000000000.0 3897750000000000.0 -4.52 4.297 [-4.52]
3.3886e+17 3.83332e+21 290003000000000.0 3.46304e+16 2.69988e+16 24956300000000.0 6641310000000000.0 2317970000000000.0 23350200000.0 1.10579e+17 6615510000000000.0 3589340000000000.0 278235000000.0 20564000000000.0 797102000000000.0 1175500000000000.0 3714590000000000.0 -4.5 4.296 [-4.5]
3.38872e+17 3.63923e+21 295194000000000.0 3.39413e+16 2.55184e+16 25569100000000.0 6556660000000000.0 2170670000000000.0 24557300000.0 1.05926e+17 5978300000000000.0 3113600000000000.0 287632000000.0 20940400000000.0 795293000000000.0 1133150000000000.0 3542630000000000.0 -4.48 4.295 [-4.48]
3.38868e+17 3.4545e+21 300164000000000.0 3.32417e+16 2.41076e+16 26175100000000.0 6467790000000000.0 2029900000000000.0 25844600000.0 1.01441e+17 5395370000000000.0 2697650000000000.0 297174000000.0 21286400000000.0 792434000000000.0 1091520000000000.0 3380270000000000.0 -4.46 4.293 [-4.46]
3.38847e+17 3.27965e+21 305033000000000.0 3.25444e+16 2.27677e+16 26780100000000.0 6376840000000000.0 1896050000000000.0 27218100000.0 9.71486e+16 4862860000000000.0 2334580000000000.0 307079000000.0 21618400000000.0 789078000000000.0 1050940000000000.0 3227840000000000.0 -4.44 4.292 [-4.44]
3.38845e+17 3.11376e+21 309933000000000.0 3.18446e+16 2.14925e+16 27409600000000.0 6283350000000000.0 1768580000000000.0 28718000000.0 9.30327e+16 4377440000000000.0 2018230000000000.0 317295000000.0 21928300000000.0 785029000000000.0 1011410000000000.0 3084200000000000.0 -4.42 4.291 [-4.42]
3.38871e+17 2.95619e+21 314588000000000.0 3.11412e+16 2.02802e+16 28025800000000.0 6186950000000000.0 1647500000000000.0 30314400000.0 8.90802e+16 3935700000000000.0 1742760000000000.0 327782000000.0 22216000000000.0 780339000000000.0 973049000000000.0 2948870000000000.0 -4.4 4.29 [-4.4]
3.38844e+17 2.80682e+21 319160000000000.0 3.04375e+16 1.91272e+16 28647300000000.0 6088110000000000.0 1532870000000000.0 32025600000.0 8.52891e+16 3534610000000000.0 1503360000000000.0 338609000000.0 22485100000000.0 775096000000000.0 935648000000000.0 2821230000000000.0 -4.38 4.289 [-4.38]
3.38848e+17 2.66516e+21 323583000000000.0 2.97334e+16 1.80324e+16 29269000000000.0 5987100000000000.0 1424460000000000.0 33863300000.0 8.16546e+16 3170670000000000.0 1295500000000000.0 349777000000.0 22734700000000.0 769366000000000.0 899559000000000.0 2700870000000000.0 -4.36 4.287 [-4.36]
3.38853e+17 2.53043e+21 327741000000000.0 2.90259e+16 1.69913e+16 29876100000000.0 5883460000000000.0 1321840000000000.0 35824600000.0 7.81642e+16 2840440000000000.0 1114850000000000.0 361198000000.0 22961500000000.0 763093000000000.0 864707000000000.0 2587020000000000.0 -4.34 4.286 [-4.34]
3.38854e+17 2.40269e+21 331920000000000.0 2.83196e+16 1.60014e+16 30507000000000.0 5777840000000000.0 1225020000000000.0 37952100000.0 7.48164e+16 2541980000000000.0 958591000000000.0 373016000000.0 23171000000000.0 756408000000000.0 830988000000000.0 2479220000000000.0 -4.32 4.284 [-4.32]
3.38877e+17 2.28119e+21 335868000000000.0 2.761e+16 1.506e+16 31125600000000.0 5669380000000000.0 1133730000000000.0 40215000000.0 7.15915e+16 2271230000000000.0 823010000000000.0 385101000000.0 23357200000000.0 749123000000000.0 798214000000000.0 2376860000000000.0 -4.3 4.283 [-4.3]
3.38853e+17 2.16605e+21 339614000000000.0 2.69036e+16 1.41681e+16 31740200000000.0 5559850000000000.0 1048000000000000.0 42648500000.0 6.85113e+16 2028020000000000.0 706226000000000.0 397531000000.0 23528500000000.0 741690000000000.0 767062000000000.0 2279940000000000.0 -4.28 4.282 [-4.28]
3.38871e+17 2.05714e+21 343297000000000.0 2.62054e+16 1.33239e+16 32362900000000.0 5449850000000000.0 967670000000000.0 45270000000.0 6.5573e+16 1808910000000000.0 605337000000000.0 410455000000.0 23691700000000.0 734204000000000.0 737318000000000.0 2188250000000000.0 -4.26 4.28 [-4.26]
3.38845e+17 1.95347e+21 346793000000000.0 2.55062e+16 1.25205e+16 32981600000000.0 5337640000000000.0 892145000000000.0 48081600000.0 6.27476e+16 1611590000000000.0 518279000000000.0 423726000000.0 23839600000000.0 726448000000000.0 708670000000000.0 2100630000000000.0 -4.24 4.279 [-4.24]
3.38858e+17 1.85504e+21 350045000000000.0 2.48098e+16 1.17599e+16 33589400000000.0 5224320000000000.0 821427000000000.0 51097300000.0 6.00393e+16 1434120000000000.0 443184000000000.0 437268000000.0 23969500000000.0 718452000000000.0 681467000000000.0 2016950000000000.0 -4.22 4.277 [-4.22]
3.38873e+17 1.76163e+21 353209000000000.0 2.41179e+16 1.10388e+16 34209100000000.0 5109820000000000.0 755360000000000.0 54352700000.0 5.74433e+16 1274950000000000.0 378618000000000.0 451240000000.0 24091000000000.0 710384000000000.0 655392000000000.0 1936980000000000.0 -4.2 4.276 [-4.2]
3.38847e+17 1.67294e+21 356141000000000.0 2.34306e+16 1.03557e+16 34814100000000.0 4994360000000000.0 693695000000000.0 57824500000.0 5.49549e+16 1132120000000000.0 323078000000000.0 465512000000.0 24199500000000.0 702190000000000.0 630487000000000.0 1860290000000000.0 -4.18 4.275 [-4.18]
3.38864e+17 1.58879e+21 359003000000000.0 2.27498e+16 9709350000000000.0 35430300000000.0 4878480000000000.0 636337000000000.0 61581600000.0 5.25736e+16 1004070000000000.0 275323000000000.0 480187000000.0 24298600000000.0 693978000000000.0 606929000000000.0 1786580000000000.0 -4.16 4.273 [-4.16]
3.38868e+17 1.50869e+21 361634000000000.0 2.20721e+16 9096790000000000.0 36040800000000.0 4761200000000000.0 583073000000000.0 65617600000.0 5.0285e+16 889198000000000.0 234320000000000.0 495126000000.0 24386800000000.0 685662000000000.0 584377000000000.0 1715500000000000.0 -4.14 4.272 [-4.14]
3.38851e+17 1.43281e+21 364111000000000.0 2.14036e+16 8518490000000000.0 36646600000000.0 4643910000000000.0 533779000000000.0 69943400000.0 4.80976e+16 786536000000000.0 199215000000000.0 510475000000.0 24471700000000.0 677478000000000.0 562977000000000.0 1647030000000000.0 -4.12 4.27 [-4.12]
3.38864e+17 1.36057e+21 366350000000000.0 2.074e+16 7971470000000000.0 37244200000000.0 4525920000000000.0 488078000000000.0 74600800000.0 4.59968e+16 694931000000000.0 169122000000000.0 526004000000.0 24544700000000.0 669202000000000.0 542721000000000.0 1580610000000000.0 -4.1 4.269 [-4.1]
3.38849e+17 1.29204e+21 368433000000000.0 2.00858e+16 7454810000000000.0 37837100000000.0 4407960000000000.0 445835000000000.0 79594900000.0 4.39871e+16 613392000000000.0 143404000000000.0 541885000000.0 24615200000000.0 661055000000000.0 523451000000000.0 1516330000000000.0 -4.08 4.267 [-4.08]
3.38854e+17 1.22707e+21 370416000000000.0 1.94421e+16 6967960000000000.0 38436800000000.0 4290520000000000.0 406882000000000.0 84980500000.0 4.20659e+16 540969000000000.0 121477000000000.0 558147000000.0 24686800000000.0 653128000000000.0 505223000000000.0 1453960000000000.0 -4.06 4.266 [-4.06]
3.38866e+17 1.16524e+21 372272000000000.0 1.88055e+16 6507800000000000.0 39041800000000.0 4172820000000000.0 370919000000000.0 90795100000.0 4.02199e+16 476625000000000.0 102779000000000.0 574596000000.0 24750000000000.0 645154000000000.0 487878000000000.0 1393100000000000.0 -4.04 4.264 [-4.04]
3.38851e+17 1.10664e+21 373908000000000.0 1.81801e+16 6075260000000000.0 39634600000000.0 4055820000000000.0 337870000000000.0 97008500000.0 3.8454e+16 419624000000000.0 86881100000000.0 591243000000.0 24811100000000.0 637320000000000.0 471431000000000.0 1333920000000000.0 -4.02 4.262 [-4.02]
3.38867e+17 1.05086e+21 375369000000000.0 1.75635e+16 5667110000000000.0 40226400000000.0 3939130000000000.0 307405000000000.0 103725000000.0 3.67607e+16 369012000000000.0 73329100000000.0 608048000000.0 24870300000000.0 629586000000000.0 455855000000000.0 1276010000000000.0 -4.0 4.261 [-4.0]
3.38845e+17 9.97842e+20 376646000000000.0 1.69568e+16 5282810000000000.0 40814800000000.0 3822920000000000.0 279421000000000.0 110923000000.0 3.51361e+16 324194000000000.0 61809000000000.0 624890000000.0 24923000000000.0 621847000000000.0 440972000000000.0 1219420000000000.0 -3.98 4.259 [-3.98]
3.38859e+17 9.47511e+20 377797000000000.0 1.63623e+16 4921350000000000.0 41406000000000.0 3707880000000000.0 253717000000000.0 118707000000.0 3.35838e+16 284518000000000.0 52032400000000.0 642001000000.0 24983200000000.0 614407000000000.0 426881000000000.0 1164030000000000.0 -3.96 4.258 [-3.96]
3.38866e+17 8.99702e+20 378802000000000.0 1.57793e+16 4581520000000000.0 41998700000000.0 3593790000000000.0 230163000000000.0 127077000000.0 3.20961e+16 249464000000000.0 43755100000000.0 659120000000.0 25039500000000.0 606993000000000.0 413418000000000.0 1109860000000000.0 -3.94 4.256 [-3.94]
3.38853e+17 8.54396e+20 379692000000000.0 1.52102e+16 4262840000000000.0 42595600000000.0 3481330000000000.0 208618000000000.0 136091000000.0 3.06766e+16 218541000000000.0 36758200000000.0 676369000000.0 25100700000000.0 599802000000000.0 400605000000000.0 1056860000000000.0 -3.92 4.254 [-3.92]
