Cloudy_runs/pks0405/z=0.167125/component_V_PI_nH/component_V_PI_nH_col_density_param.txt
# %ECSV 1.0
# ---
# datatype:
# - {name: H, datatype: float64}
# - {name: H+, datatype: float64}
# - {name: C+, datatype: float64}
# - {name: C+2, datatype: float64}
# - {name: C+3, datatype: float64}
# - {name: N+, datatype: float64}
# - {name: N+2, datatype: float64}
# - {name: N+4, datatype: float64}
# - {name: O, datatype: float64}
# - {name: O+2, datatype: float64}
# - {name: O+5, datatype: float64}
# - {name: O+6, datatype: float64}
# - {name: P+, datatype: float64}
# - {name: Si+, datatype: float64}
# - {name: Si+2, datatype: float64}
# - {name: Si+3, datatype: float64}
# - {name: Si+4, datatype: float64}
# - {name: log_nH, datatype: float64}
# - {name: log_Te, datatype: float64}
# - {name: parameters, datatype: string, subtype: 'float64[1]'}
# schema: astropy-2.0
H H+ C+ C+2 C+3 N+ N+2 N+4 O O+2 O+5 O+6 P+ Si+ Si+2 Si+3 Si+4 log_nH log_Te parameters
[from data line 243]
3.38848e+17 1.81087e+17 10996700000000.0 131282000000.0 0.0 1383420000000.0 104637000.0 0.0 17832300000000.0 521051000.0 0.0 0.0 13300500000.0 1664690000000.0 7773750000.0 23126200.0 0.0 -0.14 3.916 [-0.14]
3.38847e+17 1.75782e+17 10825800000000.0 124845000000.0 0.0 1340320000000.0 95953100.0 0.0 17807600000000.0 478392000.0 0.0 0.0 13166300000.0 1647860000000.0 7368610000.0 21674100.0 0.0 -0.12 3.914 [-0.12]
3.38847e+17 1.70654e+17 10659100000000.0 118743000000.0 0.0 1298580000000.0 88011900.0 0.0 17783400000000.0 439408000.0 0.0 0.0 13036600000.0 1631590000000.0 6986380000.0 20322600.0 0.0 -0.1 3.912 [-0.1]
3.38848e+17 1.65683e+17 10495800000000.0 112943000000.0 0.0 1258010000000.0 80733300.0 0.0 17759400000000.0 403723000.0 0.0 0.0 12910800000.0 1615800000000.0 6623430000.0 19063000.0 0.0 -0.08 3.911 [-0.08]
3.38847e+17 1.60872e+17 10336100000000.0 107438000000.0 0.0 1218650000000.0 74067700.0 0.0 17735800000000.0 371076000.0 0.0 0.0 12789000000.0 1600510000000.0 6279520000.0 17889300.0 0.0 -0.06 3.909 [-0.06]
3.38846e+17 1.56209e+17 10179800000000.0 102206000000.0 0.0 1180410000000.0 67957300.0 0.0 17712500000000.0 341182000.0 0.0 0.0 12670900000.0 1585670000000.0 5952800000.0 16794700.0 0.0 -0.04 3.908 [-0.04]
3.38846e+17 1.51693e+17 10026800000000.0 97236900000.0 0.0 1143290000000.0 62358300.0 0.0 17689700000000.0 313802000.0 0.0 0.0 12556600000.0 1571300000000.0 5643220000.0 15773400.0 0.0 -0.02 3.906 [-0.02]
3.38846e+17 1.47318e+17 9876950000000.0 92514500000.0 0.0 1107240000000.0 57225300.0 0.0 17667200000000.0 288715000.0 0.0 0.0 12445700000.0 1557370000000.0 5349310000.0 14820200.0 0.0 -0.0 3.904 [-0.0]
3.38847e+17 1.43086e+17 9730360000000.0 88031000000.0 0.0 1072330000000.0 52525100.0 0.0 17645100000000.0 265730000.0 0.0 0.0 12338500000.0 1543890000000.0 5071840000.0 13930300.0 0.0 0.02 3.902 [0.02]
3.38846e+17 1.38978e+17 9586560000000.0 83765500000.0 0.0 1038330000000.0 48207900.0 0.0 17623200000000.0 244651000.0 0.0 0.0 12234400000.0 1530780000000.0 4806530000.0 13098700.0 0.0 0.04 3.9 [0.04]
3.38846e+17 1.34983e+17 9445180000000.0 79700900000.0 0.0 1005180000000.0 44240600.0 0.0 17601700000000.0 225295000.0 0.0 0.0 12133100000.0 1518040000000.0 4553140000.0 12320800.0 0.0 0.06 3.898 [0.06]
3.38846e+17 1.31117e+17 9306790000000.0 75840700000.0 0.0 973043000000.0 40604000.0 0.0 17580600000000.0 207545000.0 0.0 0.0 12035100000.0 1505690000000.0 4312930000.0 11593700.0 0.0 0.08 3.896 [0.08]
3.38847e+17 1.27375e+17 9171230000000.0 72173400000.0 0.0 941874000000.0 37269900.0 0.0 17559900000000.0 191260000.0 0.0 0.0 11940200000.0 1493740000000.0 4085270000.0 10913700.0 0.0 0.1 3.893 [0.1]
3.38846e+17 1.23736e+17 9037930000000.0 68679500000.0 0.0 911470000000.0 34203800.0 0.0 17539400000000.0 176300000.0 0.0 0.0 11847900000.0 1482100000000.0 3867070000.0 10277000.0 0.0 0.12 3.892 [0.12]
3.38847e+17 1.20205e+17 8907100000000.0 65355100000.0 0.0 881900000000.0 31388200.0 0.0 17519300000000.0 162556000.0 0.0 0.0 11758300000.0 1470810000000.0 3659250000.0 9680820.0 0.0 0.14 3.889 [0.14]
3.38847e+17 1.16774e+17 8778420000000.0 62188700000.0 0.0 853125000000.0 28802000.0 0.0 17499500000000.0 149918000.0 0.0 0.0 11671200000.0 1459820000000.0 3461450000.0 9122120.0 0.0 0.16 3.887 [0.16]
3.38847e+17 1.13443e+17 8652050000000.0 59175400000.0 0.0 825091000000.0 26424400.0 0.0 17480100000000.0 138306000.0 0.0 0.0 11586700000.0 1449150000000.0 3272030000.0 8598620.0 0.0 0.18 3.884 [0.18]
3.38846e+17 1.10206e+17 8527750000000.0 56305800000.0 0.0 797779000000.0 24238400.0 0.0 17460900000000.0 127623000.0 0.0 0.0 11504400000.0 1438770000000.0 3091040000.0 8107700.0 0.0 0.2 3.882 [0.2]
3.38846e+17 1.07082e+17 8406400000000.0 53586300000.0 0.0 771325000000.0 22235700.0 0.0 17442200000000.0 117827000.0 0.0 0.0 11425100000.0 1428750000000.0 2919160000.0 7648010.0 0.0 0.22 3.879 [0.22]
3.38847e+17 1.04028e+17 8286400000000.0 50986300000.0 0.0 745383000000.0 20387900.0 0.0 17423700000000.0 108791000.0 0.0 0.0 11347500000.0 1418940000000.0 2753380000.0 7216140.0 0.0 0.24 3.876 [0.24]
3.38847e+17 1.0106e+17 8168400000000.0 48511200000.0 0.0 720093000000.0 18688700.0 0.0 17405600000000.0 100476000.0 0.0 0.0 11272100000.0 1409410000000.0 2594780000.0 6810810.0 0.0 0.26 3.873 [0.26]
3.38846e+17 9.81701e+16 8052180000000.0 46152400000.0 0.0 695357000000.0 17123800.0 0.0 17387700000000.0 92818400.0 0.0 0.0 11198600000.0 1400110000000.0 2442190000.0 6430150.0 0.0 0.28 3.87 [0.28]
3.38847e+17 9.53633e+16 7937990000000.0 43908200000.0 0.0 671250000000.0 15685700.0 0.0 17370100000000.0 85770200.0 0.0 0.0 11127300000.0 1391080000000.0 2296400000.0 6072730.0 0.0 0.3 3.866 [0.3]
3.38846e+17 9.26303e+16 7825500000000.0 41770100000.0 0.0 647683000000.0 14361600.0 0.0 17352800000000.0 79275500.0 0.0 0.0 11057800000.0 1382270000000.0 2156410000.0 5736820.0 0.0 0.32 3.863 [0.32]
3.38846e+17 8.99604e+16 7714560000000.0 39730700000.0 0.0 624490000000.0 13138900.0 0.0 17335800000000.0 73288800.0 0.0 0.0 10989900000.0 1373660000000.0 2020390000.0 5421050.0 0.0 0.34 3.859 [0.34]
3.38844e+17 8.73789e+16 7605500000000.0 37791000000.0 0.0 601913000000.0 12016700.0 0.0 17319100000000.0 67790600.0 0.0 0.0 10924200000.0 1365310000000.0 1890380000.0 5124540.0 0.0 0.36 3.854 [0.36]
3.38844e+17 8.4901e+16 7498270000000.0 35941200000.0 0.0 579908000000.0 10986900.0 0.0 17303100000000.0 62767600.0 0.0 0.0 10861100000.0 1357290000000.0 1765050000.0 4846550.0 0.0 0.38 3.85 [0.38]
3.38845e+17 8.24845e+16 7391840000000.0 34167600000.0 0.0 558191000000.0 10034700.0 0.0 17287300000000.0 58139900.0 0.0 0.0 10799600000.0 1349440000000.0 1643070000.0 4585010.0 0.0 0.4 3.844 [0.4]
3.38844e+17 8.01459e+16 7287950000000.0 32486200000.0 0.0 536841000000.0 9157160.0 0.0 17271900000000.0 53892200.0 0.0 0.0 10740100000.0 1341830000000.0 1524670000.0 4339420.0 0.0 0.42 3.838 [0.42]
3.38845e+17 7.7771e+16 7184820000000.0 30886500000.0 0.0 515258000000.0 8335720.0 0.0 17256200000000.0 49892200.0 0.0 0.0 10679600000.0 1334120000000.0 1407970000.0 4106700.0 0.0 0.44 3.831 [0.44]
3.38847e+17 7.54366e+16 7083000000000.0 29360000000.0 0.0 493587000000.0 7571520.0 0.0 17240800000000.0 46208200.0 0.0 0.0 10620100000.0 1326520000000.0 1292020000.0 3887820.0 0.0 0.46 3.821 [0.46]
3.38846e+17 7.31383e+16 6982120000000.0 27901600000.0 0.0 471756000000.0 6860160.0 0.0 17225400000000.0 42815300.0 0.0 0.0 10561500000.0 1319000000000.0 1177010000.0 3681850.0 0.0 0.48 3.811 [0.48]
3.38846e+17 7.08138e+16 6882000000000.0 26510700000.0 0.0 449125000000.0 6189370.0 0.0 17209800000000.0 39659100.0 0.0 0.0 10502100000.0 1311370000000.0 1060730000.0 3487570.0 0.0 0.5 3.793 [0.5]
3.38844e+17 6.84611e+16 6783890000000.0 25194700000.0 0.0 424758000000.0 5547320.0 0.0 17194200000000.0 36766200.0 0.0 0.0 10441900000.0 1303600000000.0 938924000.0 3305570.0 0.0 0.52 3.755 [0.52]
3.38845e+17 6.49116e+16 6659630000000.0 23588400000.0 0.0 382461000000.0 4771810.0 0.0 17174600000000.0 33980200.0 0.0 0.0 10351000000.0 1291060000000.0 789606000.0 3136790.0 0.0 0.54 3.439 [0.54]
3.38844e+17 6.11364e+16 6527030000000.0 21970000000.0 0.0 338011000000.0 4037160.0 0.0 17154500000000.0 31344800.0 0.0 0.0 10254200000.0 1277420000000.0 651312000.0 2976830.0 0.0 0.56 3.418 [0.56]
3.38844e+17 5.689e+16 6380330000000.0 20286700000.0 0.0 287958000000.0 3302210.0 0.0 17133300000000.0 28817400.0 0.0 0.0 10145400000.0 1261670000000.0 514925000.0 2824710.0 0.0 0.58 3.4 [0.58]
3.38844e+17 5.38358e+16 6257100000000.0 18988200000.0 0.0 255294000000.0 2790060.0 0.0 17116400000000.0 26579600.0 0.0 0.0 10067100000.0 1250470000000.0 416403000.0 2679970.0 0.0 0.6 3.383 [0.6]
3.38845e+17 5.0412e+16 6121320000000.0 17634500000.0 0.0 218777000000.0 2284300.0 0.0 17098500000000.0 24423100.0 0.0 0.0 9979340000.0 1237580000000.0 324185000.0 2542110.0 0.0 0.62 3.367 [0.62]
3.38845e+17 4.72136e+16 5987410000000.0 16385900000.0 0.0 185589000000.0 1848810.0 0.0 17081800000000.0 22443400.0 0.0 0.0 9897320000.0 1225360000000.0 244531000.0 2411800.0 0.0 0.64 3.35 [0.64]
3.38845e+17 4.41294e+16 5853960000000.0 15228100000.0 0.0 155006000000.0 1470920.0 0.0 17065500000000.0 20579300.0 0.0 0.0 9818220000.0 1213450000000.0 176436000.0 2287740.0 0.0 0.66 3.334 [0.66]
3.38845e+17 4.10451e+16 5714950000000.0 14090600000.0 0.0 124498000000.0 1124180.0 0.0 17049800000000.0 18854200.0 0.0 0.0 9739060000.0 1201230000000.0 115426000.0 2170540.0 0.0 0.68 3.32 [0.68]
3.38844e+17 3.87074e+16 5592710000000.0 13175200000.0 0.0 104637000000.0 897091.0 0.0 17036600000000.0 17311100.0 0.0 0.0 9679050000.0 1192010000000.0 77129000.0 2059900.0 0.0 0.7 3.305 [0.7]
3.38845e+17 3.47777e+16 5431380000000.0 11982200000.0 0.0 63283700000.0 502758.0 0.0 17018200000000.0 15689000.0 0.0 0.0 9578120000.0 1176050000000.0 1192910.0 1954110.0 0.0 0.72 3.289 [0.72]
3.38844e+17 3.34934e+16 5328720000000.0 11348300000.0 0.0 59021600000.0 449590.0 0.0 17008500000000.0 14435800.0 0.0 0.0 9545120000.0 1170990000000.0 1097300.0 1855350.0 0.0 0.74 3.276 [0.74]
3.38845e+17 3.23131e+16 5226480000000.0 10746800000.0 0.0 55245200000.0 403790.0 0.0 16999700000000.0 13304400.0 0.0 0.0 9514760000.0 1166180000000.0 1022200.0 1762130.0 0.0 0.76 3.263 [0.76]
3.38844e+17 3.11732e+16 5126070000000.0 10182300000.0 0.0 51794900000.0 363310.0 0.0 16990900000000.0 12253400.0 0.0 0.0 9485370000.0 1161540000000.0 959094.0 1673700.0 0.0 0.78 3.25 [0.78]
3.38844e+17 3.00902e+16 5026470000000.0 9648150000.0 0.0 48648400000.0 327613.0 0.0 16982500000000.0 11287800.0 0.0 0.0 9457440000.0 1157050000000.0 904327.0 1589940.0 0.0 0.8 3.238 [0.8]
3.38844e+17 2.90551e+16 4928130000000.0 9144160000.0 0.0 45761100000.0 295964.0 0.0 16974400000000.0 10398100.0 0.0 0.0 9430710000.0 1152710000000.0 855461.0 1510560.0 0.0 0.82 3.225 [0.82]
3.38844e+17 2.80629e+16 4830860000000.0 8667410000.0 0.0 43094700000.0 267771.0 0.0 16966500000000.0 9577520.0 0.0 0.0 9405050000.0 1148500000000.0 810919.0 1435280.0 0.0 0.84 3.213 [0.84]
3.38844e+17 2.71106e+16 4734560000000.0 8215900000.0 0.0 40625300000.0 242598.0 0.0 16958900000000.0 8820630.0 0.0 0.0 9380390000.0 1144390000000.0 769821.0 1363880.0 0.0 0.86 3.2 [0.86]
3.38844e+17 2.61987e+16 4639560000000.0 7789350000.0 0.0 38334900000.0 220086.0 0.0 16951500000000.0 8123530.0 0.0 0.0 9356740000.0 1140410000000.0 731543.0 1296180.0 0.0 0.88 3.188 [0.88]
3.38844e+17 2.53191e+16 4545280000000.0 7383800000.0 0.0 36197100000.0 199867.0 0.0 16944400000000.0 7479640.0 0.0 0.0 9333900000.0 1136500000000.0 695634.0 1231900.0 0.0 0.9 3.176 [0.9]
3.38844e+17 2.4471e+16 4451750000000.0 6998740000.0 0.0 34200500000.0 181720.0 0.0 16937400000000.0 6884370.0 0.0 0.0 9311830000.0 1132670000000.0 661814.0 1170890.0 0.0 0.92 3.163 [0.92]
3.38844e+17 2.36565e+16 4359350000000.0 6633640000.0 0.0 32332600000.0 165430.0 0.0 16930700000000.0 6335100.0 0.0 0.0 9290610000.0 1128930000000.0 629876.0 1112990.0 0.0 0.94 3.151 [0.94]
3.38844e+17 2.28717e+16 4267950000000.0 6287120000.0 0.0 30582300000.0 150779.0 0.0 16924200000000.0 5827830.0 0.0 0.0 9270120000.0 1125260000000.0 599642.0 1058010.0 0.0 0.96 3.139 [0.96]
3.38844e+17 2.21082e+16 4176620000000.0 5956020000.0 0.0 28934000000.0 137563.0 0.0 16917900000000.0 5357830.0 0.0 0.0 9250140000.0 1121600000000.0 570962.0 1005750.0 0.0 0.98 3.126 [0.98]
3.38844e+17 2.13797e+16 4087170000000.0 5643400000.0 0.0 27389700000.0 125663.0 0.0 16911700000000.0 4926440.0 0.0 0.0 9231050000.0 1118060000000.0 543768.0 956184.0 0.0 1.0 3.115 [1.0]
