Cloudy_runs/pks0405/z=0.167125/component_V_PI_nH/component_V_PI_nH_col_density_param.txt
# %ECSV 1.0
# ---
# datatype:
# - {name: H, datatype: float64}
# - {name: H+, datatype: float64}
# - {name: C+, datatype: float64}
# - {name: C+2, datatype: float64}
# - {name: C+3, datatype: float64}
# - {name: N+, datatype: float64}
# - {name: N+2, datatype: float64}
# - {name: N+4, datatype: float64}
# - {name: O, datatype: float64}
# - {name: O+2, datatype: float64}
# - {name: O+5, datatype: float64}
# - {name: O+6, datatype: float64}
# - {name: P+, datatype: float64}
# - {name: Si+, datatype: float64}
# - {name: Si+2, datatype: float64}
# - {name: Si+3, datatype: float64}
# - {name: Si+4, datatype: float64}
# - {name: log_nH, datatype: float64}
# - {name: log_Te, datatype: float64}
# - {name: parameters, datatype: string, subtype: 'float64[1]'}
# schema: astropy-2.0
H H+ C+ C+2 C+3 N+ N+2 N+4 O O+2 O+5 O+6 P+ Si+ Si+2 Si+3 Si+4 log_nH log_Te parameters
[from data line 56]
3.3885e+17 7.70308e+20 380973000000000.0 1.41057e+16 3682490000000000.0 43787100000000.0 3259680000000000.0 170875000000000.0 156270000000.0 2.8007e+16 167209000000000.0 25846700000000.0 710362000000.0 25212100000000.0 585374000000000.0 376559000000000.0 953945000000000.0 -3.88 4.251 [-3.88]
3.38857e+17 7.31377e+20 381410000000000.0 1.35723e+16 3419100000000000.0 44388100000000.0 3150930000000000.0 154438000000000.0 167538000000.0 2.67548e+16 146052000000000.0 21633800000000.0 727113000000.0 25265100000000.0 578183000000000.0 365180000000000.0 904142000000000.0 -3.86 4.249 [-3.86]
3.38845e+17 6.94468e+20 381739000000000.0 1.3053e+16 3172940000000000.0 44995600000000.0 3044120000000000.0 139472000000000.0 179650000000.0 2.55579e+16 127458000000000.0 18090200000000.0 743689000000.0 25316900000000.0 570999000000000.0 354211000000000.0 855561000000000.0 -3.84 4.248 [-3.84]
3.38858e+17 6.5938e+20 381910000000000.0 1.25463e+16 2942490000000000.0 45605200000000.0 2938960000000000.0 125837000000000.0 192716000000.0 2.44109e+16 111115000000000.0 15108900000000.0 759914000000.0 25366700000000.0 563792000000000.0 343607000000000.0 808072000000000.0 -3.82 4.246 [-3.82]
3.38871e+17 6.26005e+20 382017000000000.0 1.20524e+16 2726310000000000.0 46226500000000.0 2835430000000000.0 113417000000000.0 206844000000.0 2.33108e+16 96768400000000.0 12606900000000.0 775868000000.0 25416500000000.0 556561000000000.0 333257000000000.0 761656000000000.0 -3.8 4.244 [-3.8]
3.3885e+17 5.94335e+20 381952000000000.0 1.15722e+16 2524800000000000.0 46848500000000.0 2733910000000000.0 102146000000000.0 221981000000.0 2.22578e+16 84196600000000.0 10507700000000.0 791252000000.0 25457900000000.0 549155000000000.0 323185000000000.0 716577000000000.0 -3.78 4.242 [-3.78]
3.38863e+17 5.64266e+20 381843000000000.0 1.11061e+16 2336340000000000.0 47487900000000.0 2634510000000000.0 91905900000000.0 238374000000.0 2.12509e+16 73174700000000.0 8747230000000.0 806361000000.0 25503000000000.0 541785000000000.0 313323000000000.0 672730000000000.0 -3.76 4.24 [-3.76]
3.38848e+17 5.35683e+20 381576000000000.0 1.06526e+16 2160590000000000.0 48131400000000.0 2537040000000000.0 82623400000000.0 256008000000.0 2.02852e+16 63535600000000.0 7274430000000.0 820755000000.0 25539000000000.0 534173000000000.0 303658000000000.0 630216000000000.0 -3.74 4.239 [-3.74]
3.3887e+17 5.0862e+20 381275000000000.0 1.02145e+16 1997000000000000.0 48795000000000.0 2442130000000000.0 74218000000000.0 275045000000.0 1.93646e+16 55103000000000.0 6041310000000.0 834765000000.0 25576900000000.0 526545000000000.0 294177000000000.0 589173000000000.0 -3.72 4.237 [-3.72]
3.38849e+17 4.82791e+20 380782000000000.0 9787220000000000.0 1844060000000000.0 49459900000000.0 2348760000000000.0 66599600000000.0 295554000000.0 1.84776e+16 47737000000000.0 5011550000000.0 847825000000.0 25602100000000.0 518582000000000.0 284780000000000.0 549420000000000.0 -3.7 4.235 [-3.7]
3.38877e+17 4.58397e+20 380254000000000.0 9375920000000000.0 1702330000000000.0 50146200000000.0 2258270000000000.0 59732700000000.0 317675000000.0 1.76339e+16 41324000000000.0 4153730000000.0 860352000000.0 25627300000000.0 510555000000000.0 275563000000000.0 511329000000000.0 -3.68 4.233 [-3.68]
3.3885e+17 4.35097e+20 379629000000000.0 8975390000000000.0 1569570000000000.0 50846000000000.0 2169390000000000.0 53503300000000.0 341544000000.0 1.6821e+16 35715200000000.0 3436880000000.0 872007000000.0 25642800000000.0 502211000000000.0 266339000000000.0 474604000000000.0 -3.66 4.231 [-3.66]
3.3888e+17 4.13081e+20 378956000000000.0 8590110000000000.0 1446760000000000.0 51568800000000.0 2083340000000000.0 47898900000000.0 367314000000.0 1.60468e+16 30844100000000.0 2841530000000.0 882966000000.0 25655700000000.0 493726000000000.0 257279000000000.0 439603000000000.0 -3.64 4.229 [-3.64]
3.3886e+17 3.92119e+20 378150000000000.0 8216650000000000.0 1332390000000000.0 52301600000000.0 1999290000000000.0 42840300000000.0 395034000000.0 1.53034e+16 26603300000000.0 2346010000000.0 892939000000.0 25658300000000.0 484940000000000.0 248253000000000.0 406155000000000.0 -3.62 4.227 [-3.62]
3.38876e+17 3.72134e+20 377288000000000.0 7854570000000000.0 1225620000000000.0 53058600000000.0 1917170000000000.0 38272100000000.0 425147000000.0 1.45885e+16 22913000000000.0 1934120000000.0 901987000000.0 25655900000000.0 475903000000000.0 239235000000000.0 374203000000000.0 -3.6 4.225 [-3.6]
3.38855e+17 3.53241e+20 376392000000000.0 7506770000000000.0 1126900000000000.0 53836100000000.0 1837750000000000.0 34174400000000.0 457460000000.0 1.39069e+16 19721600000000.0 1593770000000.0 910250000000.0 25646800000000.0 466673000000000.0 230298000000000.0 344062000000000.0 -3.58 4.224 [-3.58]
3.38845e+17 3.35281e+20 375362000000000.0 7170850000000000.0 1035390000000000.0 54631000000000.0 1760590000000000.0 30486600000000.0 492330000000.0 1.32541e+16 16947800000000.0 1310740000000.0 917404000000.0 25629200000000.0 457166000000000.0 221457000000000.0 315552000000000.0 -3.56 4.222 [-3.56]
3.38868e+17 3.18305e+20 374343000000000.0 6848710000000000.0 950830000000000.0 55458100000000.0 1686120000000000.0 27180300000000.0 529967000000.0 1.26318e+16 14550900000000.0 1077210000000.0 923786000000.0 25609400000000.0 447505000000000.0 212729000000000.0 288798000000000.0 -3.54 4.22 [-3.54]
3.38854e+17 3.02153e+20 373206000000000.0 6537670000000000.0 872437000000000.0 56302500000000.0 1613750000000000.0 24212200000000.0 570483000000.0 1.20347e+16 12476800000000.0 884000000000.0 929005000000.0 25578600000000.0 437573000000000.0 204060000000000.0 263660000000000.0 -3.52 4.218 [-3.52]
3.38845e+17 2.86773e+20 372006000000000.0 6237380000000000.0 799666000000000.0 57173900000000.0 1543430000000000.0 21544900000000.0 614302000000.0 1.14612e+16 10681800000000.0 724341000000.0 933179000000.0 25542200000000.0 427399000000000.0 195451000000000.0 240084000000000.0 -3.5 4.216 [-3.5]
3.38849e+17 2.71998e+20 370654000000000.0 5944730000000000.0 731804000000000.0 58063600000000.0 1474410000000000.0 19138900000000.0 661559000000.0 1.09043e+16 9123850000000.0 591868000000.0 936102000000.0 25491300000000.0 416851000000000.0 186834000000000.0 217901000000000.0 -3.48 4.214 [-3.48]
3.38866e+17 2.58231e+20 369364000000000.0 5668810000000000.0 670075000000000.0 58994800000000.0 1409060000000000.0 17010300000000.0 712482000000.0 1.03824e+16 7794820000000.0 484040000000.0 938385000000.0 25447200000000.0 406421000000000.0 178504000000000.0 197584000000000.0 -3.46 4.212 [-3.46]
3.38865e+17 2.45121e+20 368007000000000.0 5402820000000000.0 612907000000000.0 59953300000000.0 1345710000000000.0 15100600000000.0 767374000000.0 9881140000000000.0 6647250000000.0 395116000000.0 939659000000.0 25398200000000.0 395817000000000.0 170266000000000.0 178715000000000.0 -3.44 4.21 [-3.44]
3.38852e+17 2.3266e+20 366579000000000.0 5146950000000000.0 560140000000000.0 60942800000000.0 1284430000000000.0 13392800000000.0 826581000000.0 9400500000000000.0 5659710000000.0 322025000000.0 939838000000.0 25343900000000.0 385068000000000.0 162161000000000.0 161279000000000.0 -3.42 4.207 [-3.42]
3.38847e+17 2.20838e+20 365059000000000.0 4901390000000000.0 511610000000000.0 61958000000000.0 1225300000000000.0 11869400000000.0 890316000000.0 8940500000000000.0 4812650000000.0 262131000000.0 938972000000.0 25286100000000.0 374203000000000.0 154251000000000.0 145237000000000.0 -3.4 4.205 [-3.4]
3.38878e+17 2.09647e+20 363564000000000.0 4666460000000000.0 466909000000000.0 63017300000000.0 1168420000000000.0 10512400000000.0 959201000000.0 8501090000000000.0 4087960000000.0 213223000000.0 937342000000.0 25230500000000.0 363360000000000.0 146493000000000.0 130539000000000.0 -3.38 4.203 [-3.38]
3.3886e+17 1.99025e+20 361974000000000.0 4441160000000000.0 425782000000000.0 64097600000000.0 1113540000000000.0 9304840000000.0 1033090000000.0 8080170000000000.0 3468990000000.0 173334000000.0 934686000000.0 25168800000000.0 352483000000000.0 138904000000000.0 117104000000000.0 -3.36 4.201 [-3.36]
3.38851e+17 1.88895e+20 360308000000000.0 4224120000000000.0 387827000000000.0 65211300000000.0 1060440000000000.0 8223100000000.0 1112810000000.0 7675470000000000.0 2935780000000.0 140489000000.0 931026000000.0 25107300000000.0 341517000000000.0 131504000000000.0 104791000000000.0 -3.34 4.199 [-3.34]
3.38846e+17 1.79313e+20 358577000000000.0 4016830000000000.0 353092000000000.0 66356700000000.0 1009450000000000.0 7264480000000.0 1198510000000.0 7289060000000000.0 2482580000000.0 113821000000.0 926436000000.0 25045200000000.0 330598000000000.0 124345000000000.0 93625900000000.0 -3.32 4.197 [-3.32]
3.38878e+17 1.70282e+20 356868000000000.0 3819750000000000.0 321338000000000.0 67544500000000.0 960715000000000.0 6415490000000.0 1290650000000.0 6921690000000000.0 2097590000000.0 92176300000.0 921273000000.0 24987300000000.0 319846000000000.0 117432000000000.0 83543600000000.0 -3.3 4.195 [-3.3]
3.38868e+17 1.61659e+20 355013000000000.0 3629870000000000.0 292111000000000.0 68752200000000.0 913521000000000.0 5658550000000.0 1389570000000.0 6567680000000000.0 1768570000000.0 74496200000.0 914962000000.0 24926300000000.0 309052000000000.0 110729000000000.0 74381400000000.0 -3.28 4.193 [-3.28]
3.38858e+17 1.53461e+20 353088000000000.0 3447870000000000.0 265276000000000.0 69990600000000.0 868051000000000.0 4985730000000.0 1495920000000.0 6228130000000000.0 1488460000000.0 60113900000.0 907789000000.0 24867000000000.0 298332000000000.0 104248000000000.0 66099100000000.0 -3.26 4.19 [-3.26]
3.38851e+17 1.45682e+20 351136000000000.0 3273820000000000.0 240647000000000.0 71261900000000.0 824344000000000.0 4388080000000.0 1610090000000.0 5903070000000000.0 1250300000000.0 48429100000.0 899959000000.0 24809600000000.0 287761000000000.0 97983100000000.0 58634900000000.0 -3.24 4.188 [-3.24]
3.38846e+17 1.38307e+20 349095000000000.0 3107570000000000.0 218190000000000.0 72563400000000.0 782369000000000.0 3860240000000.0 1732700000000.0 5591960000000000.0 1049260000000.0 38998100000.0 891247000000.0 24755300000000.0 277308000000000.0 91992000000000.0 51942100000000.0 -3.22 4.186 [-3.22]
3.3888e+17 1.31318e+20 347015000000000.0 2948890000000000.0 197653000000000.0 73896900000000.0 742104000000000.0 3392340000000.0 1864250000000.0 5294570000000000.0 878776000000.0 31348300000.0 881912000000.0 24707600000000.0 267025000000000.0 86257200000000.0 45941900000000.0 -3.2 4.184 [-3.2]
3.38868e+17 1.24656e+20 344818000000000.0 2796680000000000.0 178820000000000.0 75241600000000.0 703285000000000.0 2976950000000.0 2004680000000.0 5008780000000000.0 734181000000.0 25142900000.0 871786000000.0 24658700000000.0 256869000000000.0 80743600000000.0 40558500000000.0 -3.18 4.182 [-3.18]
3.3886e+17 1.18351e+20 342589000000000.0 2651640000000000.0 161683000000000.0 76622100000000.0 666086000000000.0 2611160000000.0 2155350000000.0 4735520000000000.0 612896000000.0 20165200000.0 861041000000.0 24614600000000.0 246927000000000.0 75486900000000.0 35766200000000.0 -3.16 4.179 [-3.16]
3.38849e+17 1.12304e+20 340184000000000.0 2511790000000000.0 145915000000000.0 78004200000000.0 630034000000000.0 2285580000000.0 2316520000000.0 4471450000000000.0 509895000000.0 16119800000.0 849376000000.0 24569600000000.0 237070000000000.0 70432000000000.0 31459600000000.0 -3.14 4.177 [-3.14]
3.38847e+17 1.06651e+20 337856000000000.0 2380280000000000.0 131705000000000.0 79419500000000.0 595957000000000.0 2000640000000.0 2487910000000.0 4222410000000000.0 423998000000.0 12889000000.0 837681000000.0 24535500000000.0 227588000000000.0 65682000000000.0 27675300000000.0 -3.12 4.175 [-3.12]
3.38845e+17 1.01286e+20 335463000000000.0 2254810000000000.0 118775000000000.0 80850400000000.0 563266000000000.0 1749590000000.0 2670730000000.0 3983960000000000.0 351996000000.0 10295200000.0 825429000000.0 24505000000000.0 218321000000000.0 61173200000000.0 24316100000000.0 -3.1 4.173 [-3.1]
3.3888e+17 9.61911e+19 332998000000000.0 2135100000000000.0 107001000000000.0 82292400000000.0 531907000000000.0 1528140000000.0 2865710000000.0 3755690000000000.0 291575000000.0 8209140000.0 812683000000.0 24481300000000.0 209268000000000.0 56900500000000.0 21335200000000.0 -3.08 4.17 [-3.08]
3.38874e+17 9.135e+19 330440000000000.0 2020860000000000.0 96293500000000.0 83729800000000.0 501823000000000.0 1333120000000.0 3072460000000.0 3537100000000000.0 241036000000.0 6536460000.0 799450000000.0 24457300000000.0 200440000000000.0 52850500000000.0 18696600000000.0 -3.06 4.168 [-3.06]
3.38867e+17 8.67512e+19 327797000000000.0 1911910000000000.0 86565800000000.0 85162100000000.0 472979000000000.0 1161530000000.0 3291830000000.0 3327880000000000.0 198829000000.0 5196640000.0 785778000000.0 24436500000000.0 191840000000000.0 49023200000000.0 16363900000000.0 -3.04 4.166 [-3.04]
3.38863e+17 8.24018e+19 325125000000000.0 1808460000000000.0 77766100000000.0 86596700000000.0 445441000000000.0 1011170000000.0 3524500000000.0 3128400000000000.0 163775000000.0 4128810000.0 771851000000.0 24418700000000.0 183517000000000.0 45419300000000.0 14311900000000.0 -3.02 4.164 [-3.02]
3.38859e+17 7.82674e+19 322363000000000.0 1709820000000000.0 69779100000000.0 88009200000000.0 419052000000000.0 878937000000.0 3770310000000.0 2937600000000000.0 134549000000.0 3273620000.0 757553000000.0 24405000000000.0 175417000000000.0 42026100000000.0 12501500000000.0 -3.0 4.161 [-3.0]
3.38856e+17 7.43494e+19 319537000000000.0 1616060000000000.0 62555000000000.0 89399300000000.0 393840000000000.0 763121000000.0 4029650000000.0 2755590000000000.0 110341000000.0 2593170000.0 743033000000.0 24392100000000.0 167581000000000.0 38835000000000.0 10910700000000.0 -2.98 4.159 [-2.98]
3.38852e+17 7.06215e+19 316615000000000.0 1526630000000000.0 56010900000000.0 90757500000000.0 369678000000000.0 661510000000.0 4303080000000.0 2581430000000000.0 90243500000.0 2049920000.0 728168000000.0 24381300000000.0 159961000000000.0 35839000000000.0 9510350000000.0 -2.96 4.157 [-2.96]
3.3885e+17 6.70807e+19 313613000000000.0 1441520000000000.0 50094800000000.0 92077000000000.0 346571000000000.0 572566000000.0 4590740000000.0 2415140000000000.0 73627700000.0 1606790000.0 713069000000.0 24371400000000.0 152579000000000.0 33029800000000.0 8280910000000.0 -2.94 4.155 [-2.94]
3.38847e+17 6.37174e+19 310527000000000.0 1360530000000000.0 44752000000000.0 93348900000000.0 324487000000000.0 494802000000.0 4892720000000.0 2256460000000000.0 59920700000.0 1240980000.0 697771000000.0 24361700000000.0 145434000000000.0 30399600000000.0 7202860000000.0 -2.92 4.152 [-2.92]
3.38845e+17 6.05197e+19 307358000000000.0 1283420000000000.0 39929100000000.0 94562300000000.0 303379000000000.0 426862000000.0 5209100000000.0 2105050000000000.0 48635100000.0 948949000.0 682283000000.0 24351900000000.0 138515000000000.0 27939700000000.0 6258120000000.0 -2.9 4.15 [-2.9]
3.38878e+17 5.74848e+19 304126000000000.0 1210150000000000.0 35584000000000.0 95717600000000.0 283245000000000.0 367624000000.0 5540610000000.0 1960870000000000.0 39369200000.0 729273000.0 666697000000.0 24343700000000.0 131833000000000.0 25644800000000.0 5431760000000.0 -2.88 4.148 [-2.88]
3.38871e+17 5.46017e+19 300801000000000.0 1140520000000000.0 31676400000000.0 96793000000000.0 264049000000000.0 316078000000.0 5885730000000.0 1823610000000000.0 31787300000.0 539870000.0 650987000000.0 24329700000000.0 125383000000000.0 23506600000000.0 4710330000000.0 -2.86 4.146 [-2.86]
3.38866e+17 5.18739e+19 297413000000000.0 1074630000000000.0 28175100000000.0 97772200000000.0 245843000000000.0 271391000000.0 6242620000000.0 1693800000000000.0 25613700000.0 409248000.0 635292000000.0 24315800000000.0 119182000000000.0 21525000000000.0 4082720000000.0 -2.84 4.143 [-2.84]
