Cloudy_runs/pg1222/z=0.378389/component_III_PI_nH/component_III_PI_nH_col_density_param.txt
# %ECSV 1.0
# ---
# datatype:
# - {name: H, datatype: float64}
# - {name: H+, datatype: float64}
# - {name: C+, datatype: float64}
# - {name: C+2, datatype: float64}
# - {name: C+3, datatype: float64}
# - {name: N+2, datatype: float64}
# - {name: N+4, datatype: float64}
# - {name: O, datatype: float64}
# - {name: O+2, datatype: float64}
# - {name: O+5, datatype: float64}
# - {name: O+6, datatype: float64}
# - {name: Si+, datatype: float64}
# - {name: Si+2, datatype: float64}
# - {name: Si+3, datatype: float64}
# - {name: Si+4, datatype: float64}
# - {name: log_nH, datatype: float64}
# - {name: log_Te, datatype: float64}
# - {name: parameters, datatype: string, subtype: 'float64[1]'}
# schema: astropy-2.0
H H+ C+ C+2 C+3 N+2 N+4 O O+2 O+5 O+6 Si+ Si+2 Si+3 Si+4 log_nH log_Te parameters
50118700000000.0 5.69764e+18 528810000.0 155367000000.0 1319240000000.0 22007100000.0 2062020000000.0 1664.81 53219500000.0 42764300000000.0 170669000000000.0 73171.0 6296180.0 60258500.0 18116400000.0 -5.0 4.654 [-5.0]
50118700000000.0 5.37284e+18 587201000.0 168167000000.0 1370730000000.0 23820700000.0 2086200000000.0 1863.0 57848400000.0 42103800000000.0 159048000000000.0 90439.5 7554780.0 69772000.0 19802800000.0 -4.98 4.648 [-4.98]
50118700000000.0 5.06818e+18 650843000.0 181694000000.0 1422000000000.0 25757700000.0 2107720000000.0 2084.89 62839700000.0 41380800000000.0 148007000000000.0 111482.0 9045200.0 80630400.0 21610000000.0 -4.96 4.641 [-4.96]
50118700000000.0 4.7823e+18 720114000.0 195965000000.0 1472930000000.0 27825600000.0 2126540000000.0 2333.51 68218300000.0 40598100000000.0 137535000000000.0 137061.0 10806500.0 92999900.0 23543200000.0 -4.94 4.635 [-4.94]
50118700000000.0 4.51392e+18 795424000.0 210999000000.0 1523380000000.0 30031900000.0 2142610000000.0 2612.29 74010000000.0 39758900000000.0 127616000000000.0 168079.0 12884000.0 107064000.0 25607600000.0 -4.92 4.628 [-4.92]
50118700000000.0 4.26189e+18 877205000.0 226811000000.0 1573250000000.0 32384800000.0 2155900000000.0 2925.07 80241300000.0 38866300000000.0 118237000000000.0 205607.0 15329700.0 123026000.0 27808300000.0 -4.9 4.622 [-4.9]
50118700000000.0 4.02511e+18 965917000.0 243418000000.0 1622410000000.0 34892400000.0 2166350000000.0 3276.21 86938900000.0 37924100000000.0 109381000000000.0 250907.0 18203200.0 141106000.0 30150000000.0 -4.88 4.616 [-4.88]
50118700000000.0 3.80258e+18 1062050000.0 260837000000.0 1670750000000.0 37563200000.0 2173960000000.0 3670.55 94129900000.0 36935800000000.0 101032000000000.0 305466.0 21573500.0 161551000.0 32637600000.0 -4.86 4.611 [-4.86]
50118700000000.0 3.59332e+18 1166120000.0 279081000000.0 1718160000000.0 40405300000.0 2178680000000.0 4113.54 101840000000.0 35905500000000.0 93174700000000.0 371038.0 25519000.0 184627000.0 35275400000.0 -4.84 4.605 [-4.84]
50118700000000.0 3.3965e+18 1278680000.0 298165000000.0 1764530000000.0 43427700000.0 2180510000000.0 4611.35 110098000000.0 34837200000000.0 85791000000000.0 449673.0 30129700.0 210625000.0 38067400000.0 -4.82 4.599 [-4.82]
50118700000000.0 3.21128e+18 1400290000.0 318101000000.0 1809760000000.0 46638400000.0 2179430000000.0 5170.66 118927000000.0 33735200000000.0 78863800000000.0 543779.0 35508400.0 239865000.0 41017700000.0 -4.8 4.594 [-4.8]
50118700000000.0 3.03692e+18 1531600000.0 338902000000.0 1853760000000.0 50046100000.0 2175440000000.0 5799.23 128354000000.0 32604100000000.0 72375900000000.0 656167.0 41772000.0 272694000.0 44129400000.0 -4.78 4.589 [-4.78]
50118700000000.0 2.87271e+18 1673220000.0 360580000000.0 1896430000000.0 53658900000.0 2168520000000.0 6505.49 138401000000.0 31448400000000.0 66309800000000.0 790113.0 49053600.0 309487000.0 47405700000.0 -4.76 4.583 [-4.76]
50118700000000.0 2.71799e+18 1825870000.0 383143000000.0 1937680000000.0 57484600000.0 2158680000000.0 7298.95 149091000000.0 30272600000000.0 60647900000000.0 949437.0 57504500.0 350654000.0 50848900000.0 -4.74 4.578 [-4.74]
50118700000000.0 2.57217e+18 1990230000.0 406599000000.0 1977430000000.0 61530500000.0 2145940000000.0 8190.06 160443000000.0 29081600000000.0 55373000000000.0 1138560.0 67295500.0 396635000.0 54460900000.0 -4.72 4.573 [-4.72]
50118700000000.0 2.43468e+18 2167060000.0 430955000000.0 2015590000000.0 65803300000.0 2130310000000.0 9190.52 172475000000.0 27880200000000.0 50467400000000.0 1362610.0 78620600.0 447906000.0 58243000000.0 -4.7 4.569 [-4.7]
50118700000000.0 2.30501e+18 2357130000.0 456215000000.0 2052100000000.0 70309200000.0 2111820000000.0 10313.4 185202000000.0 26673100000000.0 45914100000000.0 1627520.0 91698300.0 504979000.0 62195700000.0 -4.68 4.564 [-4.68]
50118700000000.0 2.18262e+18 2561210000.0 482379000000.0 2086880000000.0 75052000000.0 2090490000000.0 11572.1 198631000000.0 25464900000000.0 41695300000000.0 1940120.0 106775000.0 568414000.0 66319400000.0 -4.66 4.559 [-4.66]
50118700000000.0 2.06711e+18 2780180000.0 509449000000.0 2119850000000.0 80037300000.0 2066380000000.0 12983.5 212777000000.0 24260200000000.0 37794800000000.0 2308270.0 124128000.0 638796000.0 70612800000.0 -4.64 4.555 [-4.64]
50118700000000.0 1.95804e+18 3014880000.0 537420000000.0 2150960000000.0 85267200000.0 2039520000000.0 14564.6 227640000000.0 23063600000000.0 34195500000000.0 2741000.0 144069000.0 716759000.0 75074300000.0 -4.62 4.55 [-4.62]
50118700000000.0 1.85499e+18 3266130000.0 566283000000.0 2180140000000.0 90741600000.0 2009970000000.0 16333.7 243219000000.0 21879400000000.0 30880700000000.0 3248620.0 166945000.0 802992000.0 79701800000.0 -4.6 4.546 [-4.6]
50118700000000.0 1.75762e+18 3534880000.0 596030000000.0 2207330000000.0 96461500000.0 1977820000000.0 18312.7 259513000000.0 20711700000000.0 27834600000000.0 3842930.0 193146000.0 898211000.0 84491500000.0 -4.58 4.541 [-4.58]
50118700000000.0 1.66564e+18 3822350000.0 626661000000.0 2232460000000.0 102430000000.0 1943150000000.0 20529.1 276532000000.0 19564400000000.0 25042100000000.0 4537440.0 223106000.0 1003130000.0 89437400000.0 -4.56 4.537 [-4.56]
50118700000000.0 1.57866e+18 4129160000.0 658143000000.0 2255500000000.0 108639000000.0 1906040000000.0 23004.6 294246000000.0 18441000000000.0 22486700000000.0 5347350.0 257310000.0 1118620000.0 94535700000.0 -4.54 4.533 [-4.54]
50118700000000.0 1.49638e+18 4456210000.0 690452000000.0 2276380000000.0 115080000000.0 1866600000000.0 25767.4 312637000000.0 17345000000000.0 20153300000000.0 6289960.0 296294000.0 1245540000.0 99779700000.0 -4.52 4.529 [-4.52]
50118700000000.0 1.41853e+18 4804450000.0 723562000000.0 2295070000000.0 121747000000.0 1824940000000.0 28849.2 331687000000.0 16279100000000.0 18027300000000.0 7384790.0 340654000.0 1384790000.0 105161000000.0 -4.5 4.524 [-4.5]
50118700000000.0 1.34486e+18 5174790000.0 757437000000.0 2311490000000.0 128629000000.0 1781190000000.0 32284.6 351372000000.0 15246200000000.0 16094600000000.0 8653880.0 391047000.0 1537330000.0 110672000000.0 -4.48 4.52 [-4.48]
50118700000000.0 1.27512e+18 5568120000.0 792041000000.0 2325620000000.0 135714000000.0 1735490000000.0 36111.8 371664000000.0 14248500000000.0 14341600000000.0 10122000.0 448200000.0 1704170000.0 116302000000.0 -4.46 4.516 [-4.46]
50118700000000.0 1.20909e+18 5985290000.0 827324000000.0 2337410000000.0 142986000000.0 1688000000000.0 40372.7 392531000000.0 13287900000000.0 12755100000000.0 11816700.0 512911000.0 1886350000.0 122039000000.0 -4.44 4.512 [-4.44]
50118700000000.0 1.14656e+18 6427170000.0 863239000000.0 2346820000000.0 150430000000.0 1638880000000.0 45114.7 413939000000.0 12366100000000.0 11322600000000.0 13769200.0 586057000.0 2084970000.0 127870000000.0 -4.42 4.508 [-4.42]
50118700000000.0 1.08732e+18 6894540000.0 899725000000.0 2353810000000.0 158026000000.0 1588300000000.0 50389.9 435850000000.0 11484300000000.0 10031900000000.0 16013800.0 668597000.0 2301170000.0 133783000000.0 -4.4 4.505 [-4.4]
50118700000000.0 1.03121e+18 7388150000.0 936718000000.0 2358340000000.0 165753000000.0 1536450000000.0 56256.2 458225000000.0 10643400000000.0 8871670000000.0 18588800.0 761577000.0 2536100000.0 139761000000.0 -4.38 4.501 [-4.38]
50118700000000.0 9.78025e+17 7908470000.0 974135000000.0 2360380000000.0 173585000000.0 1483510000000.0 62775.4 481013000000.0 9843910000000.0 7830950000000.0 21536600.0 866139000.0 2791030000.0 145789000000.0 -4.36 4.497 [-4.36]
50118700000000.0 9.27623e+17 8456250000.0 1011900000000.0 2359890000000.0 181498000000.0 1429680000000.0 70021.3 504175000000.0 9086050000000.0 6899570000000.0 24904000.0 983519000.0 3067160000.0 151848000000.0 -4.34 4.493 [-4.34]
50118700000000.0 8.79852e+17 9032070000.0 1049940000000.0 2356860000000.0 189468000000.0 1375170000000.0 78075.5 527668000000.0 8369790000000.0 6067890000000.0 28742400.0 1115060000.0 3365760000.0 157920000000.0 -4.32 4.489 [-4.32]
50118700000000.0 8.34569e+17 9636420000.0 1088150000000.0 2351260000000.0 197465000000.0 1320190000000.0 87028.9 551445000000.0 7694790000000.0 5326850000000.0 33108500.0 1262210000.0 3688100000.0 163983000000.0 -4.3 4.485 [-4.3]
50118700000000.0 7.91637e+17 10269400000.0 1126420000000.0 2343070000000.0 205460000000.0 1264940000000.0 96980.3 575453000000.0 7060470000000.0 4667980000000.0 38063600.0 1426510000.0 4035490000.0 170018000000.0 -4.28 4.481 [-4.28]
50118700000000.0 7.50939e+17 10931800000.0 1164670000000.0 2332290000000.0 213427000000.0 1209620000000.0 108050.0 599654000000.0 6466010000000.0 4083480000000.0 43675600.0 1609650000.0 4409170000.0 176000000000.0 -4.26 4.478 [-4.26]
50118700000000.0 7.1235e+17 11624100000.0 1202800000000.0 2318890000000.0 221340000000.0 1154430000000.0 120376.0 624007000000.0 5910280000000.0 3565940000000.0 50020100.0 1813470000.0 4810430000.0 181908000000.0 -4.24 4.474 [-4.24]
50118700000000.0 6.75769e+17 12344900000.0 1240620000000.0 2302890000000.0 229153000000.0 1099610000000.0 134077.0 648428000000.0 5392490000000.0 3108870000000.0 57169000.0 2039710000.0 5240450000.0 187714000000.0 -4.22 4.47 [-4.22]
50118700000000.0 6.41084e+17 13095800000.0 1278070000000.0 2284280000000.0 236853000000.0 1045310000000.0 149348.0 672909000000.0 4910940000000.0 2705840000000.0 65215300.0 2290540000.0 5700450000.0 193396000000.0 -4.2 4.466 [-4.2]
50118700000000.0 6.0819e+17 13875600000.0 1315000000000.0 2263090000000.0 244402000000.0 991723000000.0 166359.0 697379000000.0 4464320000000.0 2351180000000.0 74247300.0 2568040000.0 6191670000.0 198927000000.0 -4.18 4.463 [-4.18]
50118700000000.0 5.76999e+17 14684300000.0 1351260000000.0 2239320000000.0 251772000000.0 939020000000.0 185324.0 721798000000.0 4051110000000.0 2039720000000.0 84364100.0 2874470000.0 6715120000.0 204281000000.0 -4.16 4.459 [-4.16]
50118700000000.0 5.47423e+17 15521500000.0 1386730000000.0 2213020000000.0 258937000000.0 887364000000.0 206485.0 746118000000.0 3669730000000.0 1766730000000.0 95670800.0 3212180000.0 7271790000.0 209431000000.0 -4.14 4.455 [-4.14]
50118700000000.0 5.19378e+17 16386400000.0 1421250000000.0 2184220000000.0 265869000000.0 836902000000.0 230110.0 770291000000.0 3318550000000.0 1527920000000.0 108279000.0 3583640000.0 7862540000.0 214350000000.0 -4.12 4.451 [-4.12]
50118700000000.0 4.92778e+17 17279000000.0 1454720000000.0 2152950000000.0 272547000000.0 787750000000.0 256520.0 794285000000.0 2995810000000.0 1319330000000.0 122313000.0 3991520000.0 8488230000.0 219013000000.0 -4.1 4.448 [-4.1]
50118700000000.0 4.67564e+17 18196100000.0 1486890000000.0 2119310000000.0 278934000000.0 740073000000.0 286014.0 818015000000.0 2700140000000.0 1137600000000.0 137878000.0 4438070000.0 9149200000.0 223390000000.0 -4.08 4.444 [-4.08]
50118700000000.0 4.4365e+17 19140300000.0 1517750000000.0 2083320000000.0 285028000000.0 693913000000.0 319057.0 841494000000.0 2429530000000.0 979421000000.0 155134000.0 4926570000.0 9846050000.0 227457000000.0 -4.06 4.44 [-4.06]
50118700000000.0 4.20973e+17 20105100000.0 1547000000000.0 2045100000000.0 290782000000.0 649411000000.0 355993.0 864607000000.0 2182660000000.0 842066000000.0 174179000.0 5459090000.0 10579100000.0 231186000000.0 -4.04 4.437 [-4.04]
50118700000000.0 3.99481e+17 21095700000.0 1574670000000.0 2004730000000.0 296211000000.0 606605000000.0 397439.0 887391000000.0 1957750000000.0 722974000000.0 195197000.0 6039100000.0 11347700000.0 234555000000.0 -4.02 4.433 [-4.02]
50118700000000.0 3.79101e+17 22106700000.0 1600530000000.0 1962300000000.0 301278000000.0 565558000000.0 443897.0 909759000000.0 1753290000000.0 619873000000.0 218313000.0 6669080000.0 12152100000.0 237539000000.0 -4.0 4.429 [-4.0]
50118700000000.0 3.59773e+17 23136100000.0 1624430000000.0 1917940000000.0 305968000000.0 526310000000.0 496003.0 931669000000.0 1567800000000.0 530755000000.0 243676000.0 7351800000.0 12991700000.0 240115000000.0 -3.98 4.426 [-3.98]
50118700000000.0 3.41447e+17 24182000000.0 1646250000000.0 1871760000000.0 310270000000.0 488892000000.0 554473.0 953080000000.0 1399850000000.0 453857000000.0 271435000.0 8089910000.0 13865700000.0 242262000000.0 -3.96 4.422 [-3.96]
50118700000000.0 3.2407e+17 25243200000.0 1665890000000.0 1823900000000.0 314176000000.0 453308000000.0 620143.0 973961000000.0 1248040000000.0 387595000000.0 301755000.0 8886220000.0 14772700000.0 243961000000.0 -3.94 4.419 [-3.94]
50118700000000.0 3.07584e+17 26317800000.0 1683240000000.0 1774470000000.0 317676000000.0 419544000000.0 693959.0 994279000000.0 1111020000000.0 330564000000.0 334806000.0 9743490000.0 15711500000.0 245194000000.0 -3.92 4.415 [-3.92]
50118700000000.0 2.91964e+17 27400500000.0 1698140000000.0 1723700000000.0 320757000000.0 387638000000.0 776830.0 1013960000000.0 987738000000.0 281608000000.0 370678000.0 10662900000.0 16679500000.0 245945000000.0 -3.9 4.412 [-3.9]
50118700000000.0 2.77141e+17 28493100000.0 1710600000000.0 1671670000000.0 323425000000.0 357505000000.0 870099.0 1033020000000.0 876809000000.0 239576000000.0 409610000.0 11648200000.0 17675100000.0 246201000000.0 -3.88 4.408 [-3.88]
50118700000000.0 2.63089e+17 29589300000.0 1720470000000.0 1618610000000.0 325667000000.0 329159000000.0 974925.0 1051390000000.0 777305000000.0 203584000000.0 451671000.0 12699800000.0 18695000000.0 245951000000.0 -3.86 4.405 [-3.86]
50118700000000.0 2.49768e+17 30685500000.0 1727670000000.0 1564710000000.0 327478000000.0 302558000000.0 1092740.0 1069010000000.0 688199000000.0 172803000000.0 496979000.0 13818900000.0 19736100000.0 245189000000.0 -3.84 4.401 [-3.84]
50118700000000.0 2.37131e+17 31782700000.0 1732230000000.0 1510080000000.0 328870000000.0 277628000000.0 1225360.0 1085900000000.0 608456000000.0 146494000000.0 545734000.0 15007700000.0 20794700000.0 243908000000.0 -3.82 4.398 [-3.82]
50118700000000.0 2.25139e+17 32876600000.0 1734090000000.0 1454910000000.0 329836000000.0 254315000000.0 1374630.0 1102010000000.0 537196000000.0 124033000000.0 598042000.0 16266600000.0 21866900000.0 242103000000.0 -3.8 4.394 [-3.8]
50118700000000.0 2.13777e+17 33960900000.0 1733210000000.0 1399470000000.0 330378000000.0 232603000000.0 1542360.0 1117280000000.0 473732000000.0 104912000000.0 653872000.0 17593700000.0 22947400000.0 239781000000.0 -3.78 4.391 [-3.78]
50118700000000.0 2.02992e+17 35035600000.0 1729600000000.0 1343860000000.0 330501000000.0 212388000000.0 1731150.0 1131700000000.0 417189000000.0 88627200000.0 713411000.0 18989900000.0 24031900000.0 236940000000.0 -3.76 4.388 [-3.76]
50118700000000.0 1.92761e+17 36096800000.0 1723290000000.0 1288290000000.0 330211000000.0 193618000000.0 1943520.0 1145240000000.0 366921000000.0 74783100000.0 776662000.0 20453100000.0 25114400000.0 233589000000.0 -3.74 4.384 [-3.74]
50118700000000.0 1.83055e+17 37141100000.0 1714320000000.0 1232940000000.0 329512000000.0 176227000000.0 2182360.0 1157860000000.0 322297000000.0 63027900000.0 843635000.0 21980800000.0 26188900000.0 229738000000.0 -3.72 4.381 [-3.72]
50118700000000.0 1.73845e+17 38165400000.0 1702730000000.0 1177970000000.0 328412000000.0 160146000000.0 2450950.0 1169540000000.0 282739000000.0 53058600000.0 914305000.0 23569800000.0 27249100000.0 225402000000.0 -3.7 4.378 [-3.7]
50118700000000.0 1.65105e+17 39166600000.0 1688580000000.0 1123570000000.0 326921000000.0 145305000000.0 2752900.0 1180240000000.0 247722000000.0 44613500000.0 988611000.0 25215600000.0 28288100000.0 220598000000.0 -3.68 4.374 [-3.68]
50118700000000.0 1.56812e+17 40141800000.0 1671970000000.0 1069890000000.0 325046000000.0 131637000000.0 3092290.0 1189940000000.0 216766000000.0 37468100000.0 1066450000.0 26913000000.0 29298800000.0 215347000000.0 -3.66 4.371 [-3.66]
50118700000000.0 1.4894e+17 41088200000.0 1653000000000.0 1017080000000.0 322799000000.0 119071000000.0 3473630.0 1198620000000.0 189439000000.0 31429400000.0 1147680000.0 28655400000.0 30273800000.0 209674000000.0 -3.64 4.368 [-3.64]
