Cloudy_runs/pg1222/z=0.378389/component_III_PI_nH/component_III_PI_nH_col_density_param.txt
# %ECSV 1.0
# ---
# datatype:
# - {name: H, datatype: float64}
# - {name: H+, datatype: float64}
# - {name: C+, datatype: float64}
# - {name: C+2, datatype: float64}
# - {name: C+3, datatype: float64}
# - {name: N+2, datatype: float64}
# - {name: N+4, datatype: float64}
# - {name: O, datatype: float64}
# - {name: O+2, datatype: float64}
# - {name: O+5, datatype: float64}
# - {name: O+6, datatype: float64}
# - {name: Si+, datatype: float64}
# - {name: Si+2, datatype: float64}
# - {name: Si+3, datatype: float64}
# - {name: Si+4, datatype: float64}
# - {name: log_nH, datatype: float64}
# - {name: log_Te, datatype: float64}
# - {name: parameters, datatype: string, subtype: 'float64[1]'}
# schema: astropy-2.0
H H+ C+ C+2 C+3 N+2 N+4 O O+2 O+5 O+6 Si+ Si+2 Si+3 Si+4 log_nH log_Te parameters
[from data line 70]
50118700000000.0 1.34368e+17 42885300000.0 1608380000000.0 914574000000.0 317232000000.0 96972100000.0 4383310.0 1212780000000.0 144114000000.0 22030300000.0 1319580000.0 32245100000.0 32086500000.0 197167000000.0 -3.6 4.361 [-3.6]
50118700000000.0 1.27634e+17 43731100000.0 1583020000000.0 865168000000.0 313941000000.0 87318800000.0 4923150.0 1218220000000.0 125464000000.0 18411200000.0 1409630000.0 34073100000.0 32908500000.0 190407000000.0 -3.58 4.358 [-3.58]
50118700000000.0 1.2124e+17 44539200000.0 1555810000000.0 817120000000.0 310329000000.0 78509400000.0 5528760.0 1222540000000.0 109086000000.0 15367000000.0 1502010000.0 35909400000.0 33664400000.0 183356000000.0 -3.56 4.355 [-3.56]
50118700000000.0 1.15169e+17 45307900000.0 1526890000000.0 770518000000.0 306410000000.0 70484300000.0 6207820.0 1225710000000.0 94722900000.0 12809400000.0 1596330000.0 37742300000.0 34346900000.0 176052000000.0 -3.54 4.351 [-3.54]
50118700000000.0 1.09404e+17 46035700000.0 1496420000000.0 725440000000.0 302200000000.0 63186200000.0 6968850.0 1227720000000.0 82142100000.0 10663300000.0 1692150000.0 39559100000.0 34949100000.0 168540000000.0 -3.52 4.348 [-3.52]
50118700000000.0 1.03928e+17 46721900000.0 1464560000000.0 681948000000.0 297714000000.0 56560800000.0 7821260.0 1228540000000.0 71137300000.0 8864590000.0 1789010000.0 41346700000.0 35464600000.0 160861000000.0 -3.5 4.345 [-3.5]
50118700000000.0 9.87273e+16 47365000000.0 1431460000000.0 640093000000.0 292970000000.0 50556400000.0 8775440.0 1228160000000.0 61523500000.0 7359010000.0 1886370000.0 43090900000.0 35887700000.0 153062000000.0 -3.48 4.342 [-3.48]
50118700000000.0 9.3794e+16 47965700000.0 1397360000000.0 599959000000.0 287992000000.0 45130000000.0 9841790.0 1226590000000.0 53145400000.0 6101820000.0 1983640000.0 44778100000.0 36213800000.0 145199000000.0 -3.46 4.338 [-3.46]
50118700000000.0 8.9102e+16 48523700000.0 1362300000000.0 561472000000.0 282783000000.0 40222600000.0 11035000.0 1223780000000.0 45836500000.0 5050960000.0 2080480000.0 46395000000.0 36438000000.0 137299000000.0 -3.44 4.335 [-3.44]
50118700000000.0 8.46392e+16 49039500000.0 1326440000000.0 524648000000.0 277358000000.0 35792000000.0 12369300.0 1219710000000.0 39469400000.0 4173890000.0 2176380000.0 47927900000.0 36556700000.0 129408000000.0 -3.42 4.332 [-3.42]
50118700000000.0 8.04051e+16 49511800000.0 1290030000000.0 489585000000.0 271751000000.0 31808400000.0 13857500.0 1214420000000.0 33943800000.0 3444590000.0 2270470000.0 49362000000.0 36569900000.0 121588000000.0 -3.4 4.329 [-3.4]
50118700000000.0 7.63887e+16 49942500000.0 1253230000000.0 456272000000.0 265985000000.0 28232600000.0 15515600.0 1207900000000.0 29155000000.0 2839010000.0 2362240000.0 50686000000.0 36477000000.0 113884000000.0 -3.38 4.325 [-3.38]
50118700000000.0 7.25678e+16 50332500000.0 1216070000000.0 424602000000.0 260056000000.0 25019500000.0 17365400.0 1200110000000.0 24999500000.0 2335600000.0 2451470000.0 51888600000.0 36276400000.0 106317000000.0 -3.36 4.322 [-3.36]
50118700000000.0 6.89327e+16 50682600000.0 1178680000000.0 394554000000.0 253981000000.0 22137200000.0 19427500.0 1191050000000.0 21399200000.0 1917830000.0 2537660000.0 52959300000.0 35969300000.0 98923900000.0 -3.34 4.319 [-3.34]
50118700000000.0 6.54845e+16 50994100000.0 1141310000000.0 366180000000.0 247801000000.0 19562800000.0 21719300.0 1180780000000.0 18292800000.0 1572560000.0 2620120000.0 53890000000.0 35561300000.0 91758800000.0 -3.32 4.315 [-3.32]
50118700000000.0 6.22143e+16 51268800000.0 1104080000000.0 339440000000.0 241534000000.0 17267100000.0 24263600.0 1169310000000.0 15616400000.0 1287640000.0 2698460000.0 54674700000.0 35056800000.0 84852000000.0 -3.3 4.312 [-3.3]
50118700000000.0 5.91025e+16 51507200000.0 1066970000000.0 314210000000.0 235174000000.0 15217200000.0 27091500.0 1156600000000.0 13307100000.0 1052220000.0 2772640000.0 55306600000.0 34457900000.0 78210000000.0 -3.28 4.309 [-3.28]
50118700000000.0 5.61464e+16 51711000000.0 1030150000000.0 290484000000.0 228749000000.0 13392300000.0 30228500.0 1142690000000.0 11320900000.0 858335000.0 2842260000.0 55783000000.0 33772100000.0 71864200000.0 -3.26 4.305 [-3.26]
50118700000000.0 5.33382e+16 51881700000.0 993701000000.0 268209000000.0 222277000000.0 11770500000.0 33704300.0 1127600000000.0 9615040000.0 698918000.0 2907150000.0 56102800000.0 33006300000.0 65831600000.0 -3.24 4.302 [-3.24]
50118700000000.0 5.0666e+16 52020800000.0 957644000000.0 247299000000.0 215761000000.0 10329100000.0 37556600.0 1111330000000.0 8150310000.0 567893000.0 2967320000.0 56264900000.0 32165800000.0 60116800000.0 -3.22 4.299 [-3.22]
50118700000000.0 4.81325e+16 52130500000.0 922193000000.0 227766000000.0 209243000000.0 9054130000.0 41810600.0 1093990000000.0 6898630000.0 460724000.0 3022460000.0 56275000000.0 31263100000.0 54744800000.0 -3.2 4.295 [-3.2]
50118700000000.0 4.57257e+16 52211600000.0 887339000000.0 209518000000.0 202724000000.0 7926220000.0 46508300.0 1075570000000.0 5828950000.0 373077000.0 3072700000.0 56135400000.0 30304600000.0 49710500000.0 -3.18 4.292 [-3.18]
50118700000000.0 4.34396e+16 52265500000.0 853139000000.0 192496000000.0 196219000000.0 6929900000.0 51690000.0 1056120000000.0 4916370000.0 301528000.0 3118130000.0 55851500000.0 29298900000.0 45014000000.0 -3.16 4.288 [-3.16]
50118700000000.0 4.1268e+16 52293600000.0 819642000000.0 176642000000.0 189741000000.0 6051130000.0 57398400.0 1035690000000.0 4139170000.0 243230000.0 3158870000.0 55430000000.0 28254600000.0 40651500000.0 -3.14 4.285 [-3.14]
50118700000000.0 3.92052e+16 52297300000.0 786891000000.0 161897000000.0 183303000000.0 5277200000.0 63679500.0 1014320000000.0 3478430000.0 195819000.0 3195110000.0 54879100000.0 27180400000.0 36616400000.0 -3.12 4.282 [-3.12]
50118700000000.0 3.72458e+16 52277800000.0 754919000000.0 148203000000.0 176917000000.0 4596580000.0 70581600.0 992070000000.0 2917740000.0 157340000.0 3227080000.0 54207700000.0 26084400000.0 32899200000.0 -3.1 4.278 [-3.1]
50118700000000.0 3.53847e+16 52236200000.0 723756000000.0 135504000000.0 170594000000.0 3998910000.0 78156600.0 969002000000.0 2442800000.0 126170000.0 3255040000.0 53425100000.0 24974700000.0 29488100000.0 -3.08 4.275 [-3.08]
50118700000000.0 3.3617e+16 52173800000.0 693425000000.0 123744000000.0 164344000000.0 3474810000.0 86458800.0 945179000000.0 2041270000.0 100972000.0 3279280000.0 52541600000.0 23858500000.0 26369600000.0 -3.06 4.271 [-3.06]
50118700000000.0 3.19379e+16 52091400000.0 663942000000.0 112868000000.0 158178000000.0 3015870000.0 95546000.0 920668000000.0 1702450000.0 80643200.0 3300120000.0 51567400000.0 22742900000.0 23528600000.0 -3.04 4.268 [-3.04]
50118700000000.0 3.03432e+16 51990200000.0 635319000000.0 102823000000.0 152104000000.0 2614550000.0 105479000.0 895540000000.0 1417080000.0 64276600.0 3317870000.0 50513000000.0 21634100000.0 20949300000.0 -3.02 4.264 [-3.02]
50118700000000.0 2.88318e+16 51871800000.0 607631000000.0 93577300000.0 146144000000.0 2264730000.0 116304000.0 869936000000.0 1177640000.0 51149100.0 3332730000.0 49392600000.0 20540500000.0 18619000000.0 -3.0 4.261 [-3.0]
50118700000000.0 2.7393e+16 51735200000.0 580748000000.0 85043400000.0 140277000000.0 1959010000.0 128120000.0 843792000000.0 976365000.0 40602800.0 3345290000.0 48208700000.0 19461800000.0 16512700000.0 -2.98 4.258 [-2.98]
50118700000000.0 2.60233e+16 51581100000.0 554675000000.0 77177900000.0 134509000000.0 1692240000.0 141000000.0 817178000000.0 807566000.0 32150800.0 3355860000.0 46970400000.0 18402600000.0 14614700000.0 -2.96 4.254 [-2.96]
50118700000000.0 2.47255e+16 51411700000.0 529533000000.0 69968100000.0 128874000000.0 1460670000.0 154978000.0 790314000000.0 666829000.0 25417200.0 3364500000.0 45695400000.0 17371800000.0 12915200000.0 -2.94 4.251 [-2.94]
50118700000000.0 2.34928e+16 51226900000.0 505254000000.0 63353900000.0 123362000000.0 1259490000.0 170147000.0 763207000000.0 549491000.0 20052800.0 3371630000.0 44388300000.0 16370000000.0 11394400000.0 -2.92 4.247 [-2.92]
50118700000000.0 2.23248e+16 51028000000.0 481886000000.0 57306500000.0 117990000000.0 1085250000.0 186556000.0 736005000000.0 452036000.0 15795600.0 3377420000.0 43061600000.0 15402200000.0 10039300000.0 -2.9 4.244 [-2.9]
50118700000000.0 2.12129e+16 50814000000.0 459306000000.0 51761700000.0 112737000000.0 933916000.0 204333000.0 708642000000.0 370958000.0 12411700.0 3382340000.0 41714900000.0 14465600000.0 8830300000.0 -2.88 4.24 [-2.88]
50118700000000.0 2.01569e+16 50585800000.0 437558000000.0 46695400000.0 107618000000.0 802908000.0 223534000.0 681261000000.0 303786000.0 9733050.0 3386520000.0 40359100000.0 13564400000.0 7756020000.0 -2.86 4.237 [-2.86]
50118700000000.0 1.91539e+16 50343500000.0 416625000000.0 42072600000.0 102634000000.0 689621000.0 244238000.0 653933000000.0 248252000.0 7617190.0 3390170000.0 39000000000.0 12699600000.0 6803350000.0 -2.84 4.234 [-2.84]
50118700000000.0 1.82014e+16 50087800000.0 396496000000.0 37860300000.0 97788000000.0 591775000.0 266524000.0 626732000000.0 202443000.0 5949610.0 3393460000.0 37644000000.0 11872000000.0 5960240000.0 -2.82 4.23 [-2.82]
50118700000000.0 1.72945e+16 49817400000.0 377102000000.0 34019300000.0 93068600000.0 507184000.0 290511000.0 599650000000.0 164668000.0 4635670.0 3396670000.0 36291500000.0 11080200000.0 5214060000.0 -2.8 4.227 [-2.8]
50118700000000.0 1.64354e+16 49534600000.0 358525000000.0 30536700000.0 88500100000.0 434433000.0 316203000.0 572894000000.0 133707000.0 3606600.0 3399710000.0 34955200000.0 10328000000.0 4557250000.0 -2.78 4.223 [-2.78]
50118700000000.0 1.56195e+16 49238500000.0 340696000000.0 27376400000.0 84070900000.0 371789000.0 343711000.0 546455000000.0 108333000.0 2800590.0 3402810000.0 33635000000.0 9613350000.0 3978910000.0 -2.76 4.22 [-2.76]
50118700000000.0 1.48446e+16 48929300000.0 323598000000.0 24512400000.0 79780700000.0 317901000.0 373107000.0 520390000000.0 87583800.0 2170580.0 3406040000.0 32334100000.0 8935790000.0 3470420000.0 -2.74 4.217 [-2.74]
50118700000000.0 1.41086e+16 48606900000.0 307209000000.0 21920600000.0 75628900000.0 271588000.0 404459000.0 494753000000.0 70653700.0 1679140.0 3409490000.0 31055500000.0 8294680000.0 3023970000.0 -2.72 4.213 [-2.72]
50118700000000.0 1.34096e+16 48271600000.0 291511000000.0 19578300000.0 71615000000.0 231824000.0 437827000.0 469595000000.0 56870900.0 1296580.0 3413180000.0 29801700000.0 7689240000.0 2632530000.0 -2.7 4.21 [-2.7]
50118700000000.0 1.27474e+16 47924300000.0 276521000000.0 17468900000.0 67747000000.0 197776000.0 473210000.0 445021000000.0 45694500.0 999863.0 3417040000.0 28577900000.0 7119910000.0 2290330000.0 -2.68 4.207 [-2.68]
50118700000000.0 1.21168e+16 47563000000.0 262142000000.0 15563600000.0 64004700000.0 168529000.0 510761000.0 420953000000.0 36617200.0 769288.0 3421290000.0 27378900000.0 6582820000.0 1990420000.0 -2.66 4.203 [-2.66]
50118700000000.0 1.15178e+16 47188700000.0 248393000000.0 13848900000.0 60396400000.0 143484000.0 550461000.0 397492000000.0 29277300.0 590850.0 3425800000.0 26209500000.0 6078330000.0 1728390000.0 -2.64 4.2 [-2.64]
50118700000000.0 1.0949e+16 46801500000.0 235254000000.0 12308000000.0 56921000000.0 122055000.0 592330000.0 374674000000.0 23355900.0 453031.0 3430540000.0 25070900000.0 5605280000.0 1499700000.0 -2.62 4.197 [-2.62]
50118700000000.0 1.04087e+16 46401600000.0 222705000000.0 10925100000.0 53576300000.0 103733000.0 636382000.0 352528000000.0 18589600.0 346774.0 3435440000.0 23963700000.0 5162330000.0 1300290000.0 -2.6 4.193 [-2.6]
50118700000000.0 9895500000000000.0 45988800000.0 210726000000.0 9685830000.0 50360900000.0 88083000.0 682604000.0 331084000000.0 14762000.0 265007.0 3440480000.0 22888400000.0 4748310000.0 1126590000.0 -2.58 4.19 [-2.58]
50118700000000.0 9408040000000000.0 45563300000.0 199297000000.0 8576760000.0 47273000000.0 74725100.0 730977000.0 310365000000.0 11695500.0 202197.0 3445560000.0 21845300000.0 4361920000.0 975409000.0 -2.56 4.187 [-2.56]
50118700000000.0 8945050000000000.0 45125200000.0 188400000000.0 7585640000.0 44311000000.0 63333600.0 781454000.0 290394000000.0 9244580.0 154038.0 3450590000.0 20834700000.0 4001880000.0 843953000.0 -2.54 4.184 [-2.54]
50118700000000.0 8505270000000000.0 44674500000.0 178016000000.0 6701130000.0 41473000000.0 53627000.0 833976000.0 271186000000.0 7290260.0 117175.0 3455480000.0 19856600000.0 3666900000.0 729735000.0 -2.52 4.181 [-2.52]
50118700000000.0 8086490000000000.0 44210200000.0 168099000000.0 5911240000.0 38751000000.0 45347600.0 888541000.0 252714000000.0 5733120.0 88959.7 3460190000.0 18908300000.0 3354970000.0 630401000.0 -2.5 4.177 [-2.5]
50118700000000.0 7690720000000000.0 43736200000.0 158707000000.0 5211180000.0 36161500000.0 38332200.0 944809000.0 235111000000.0 4501900.0 0.0 3464390000.0 17997100000.0 3067010000.0 544544000.0 -2.48 4.174 [-2.48]
50118700000000.0 7312840000000000.0 43247500000.0 149725000000.0 4586330000.0 33679100000.0 32346400.0 1002980000.0 218226000000.0 3523710.0 51118.6 3468240000.0 17112900000.0 2799000000.0 469838000.0 -2.46 4.171 [-2.46]
50118700000000.0 6955710000000000.0 42749600000.0 141227000000.0 4034010000.0 31324100000.0 27283300.0 1062570000.0 202212000000.0 2753990.0 0.0 3471350000.0 16264900000.0 2552320000.0 405359000.0 -2.44 4.168 [-2.44]
50118700000000.0 6615530000000000.0 42238800000.0 133128000000.0 3543280000.0 29078400000.0 22978700.0 1123680000.0 186959000000.0 2146380.0 0.0 3473790000.0 15445400000.0 2323930000.0 349425000.0 -2.42 4.165 [-2.42]
50118700000000.0 6292350000000000.0 41716400000.0 125434000000.0 3108830000.0 26945400000.0 19330500.0 1186040000.0 172501000000.0 1668900.0 0.0 3475360000.0 14656300000.0 2113330000.0 301032000.0 -2.4 4.162 [-2.4]
50118700000000.0 5984530000000000.0 41181500000.0 118110000000.0 2723930000.0 24918800000.0 16236200.0 1249550000.0 158804000000.0 1294020.0 0.0 3475980000.0 13895100000.0 1918960000.0 259118000.0 -2.38 4.159 [-2.38]
50118700000000.0 5692840000000000.0 40637300000.0 111178000000.0 2384780000.0 23005400000.0 13624600.0 1313800000.0 145917000000.0 1001460.0 0.0 3475420000.0 13165400000.0 1740690000.0 222972000.0 -2.36 4.156 [-2.36]
50118700000000.0 5416430000000000.0 40084100000.0 104620000000.0 2086280000.0 21202400000.0 11422300.0 1378570000.0 133823000000.0 773631.0 0.0 3473560000.0 12466400000.0 1577420000.0 191816000.0 -2.34 4.153 [-2.34]
50118700000000.0 5153050000000000.0 39519300000.0 98386000000.0 1822730000.0 19499300000.0 9559880.0 1443810000.0 122455000000.0 595989.0 0.0 3470360000.0 11793500000.0 1427350000.0 164871000.0 -2.32 4.151 [-2.32]
50118700000000.0 4902140000000000.0 38943200000.0 92463400000.0 1590390000.0 17894400000.0 7987500.0 1509290000.0 111800000000.0 457895.0 0.0 3465680000.0 11146400000.0 1289660000.0 141589000.0 -2.3 4.148 [-2.3]
50118700000000.0 4664370000000000.0 38359500000.0 86870200000.0 1386690000.0 16392100000.0 6666810.0 1574560000.0 101883000000.0 351189.0 0.0 3459340000.0 10528100000.0 1164130000.0 121562000.0 -2.28 4.145 [-2.28]
50118700000000.0 4438410000000000.0 37767000000.0 81576200000.0 1207900000.0 14986100000.0 5556650.0 1639500000.0 92657900000.0 268768.0 0.0 3451260000.0 9936010000.0 1049550000.0 104308000.0 -2.26 4.142 [-2.26]
50118700000000.0 4223680000000000.0 37166300000.0 76567900000.0 1051140000.0 13673400000.0 4624730.0 1703850000.0 84100300000.0 205259.0 0.0 3441350000.0 9369540000.0 945122000.0 89453300.0 -2.24 4.139 [-2.24]
50118700000000.0 4019600000000000.0 36557800000.0 71832700000.0 913877000.0 12450800000.0 3843580.0 1767400000.0 76183700000.0 156436.0 0.0 3429510000.0 8828060000.0 850088000.0 76671000.0 -2.22 4.137 [-2.22]
50118700000000.0 3825640000000000.0 35942100000.0 67358000000.0 793802000.0 11315100000.0 3189740.0 1829920000.0 68879700000.0 118991.0 0.0 3415650000.0 8310880000.0 763724000.0 65678300.0 -2.2 4.134 [-2.2]
