Cloudy_runs/pg0832/z=0.017505/logZ=1/component_II_PI_nH/component_II_PI_nH_col_density_param.txt
# %ECSV 1.0
# ---
# datatype:
# - {name: H, datatype: float64}
# - {name: H+, datatype: float64}
# - {name: C+, datatype: float64}
# - {name: C+2, datatype: float64}
# - {name: C+3, datatype: float64}
# - {name: N+, datatype: float64}
# - {name: N+2, datatype: float64}
# - {name: N+4, datatype: float64}
# - {name: O, datatype: float64}
# - {name: O+2, datatype: float64}
# - {name: O+5, datatype: float64}
# - {name: O+6, datatype: float64}
# - {name: P+, datatype: float64}
# - {name: Si+, datatype: float64}
# - {name: Si+2, datatype: float64}
# - {name: Si+3, datatype: float64}
# - {name: Si+4, datatype: float64}
# - {name: Fe+, datatype: float64}
# - {name: Al+, datatype: float64}
# - {name: log_nH, datatype: float64}
# - {name: parameters, datatype: string, subtype: 'float64[1]'}
# schema: astropy-2.0
H H+ C+ C+2 C+3 N+ N+2 N+4 O O+2 O+5 O+6 P+ Si+ Si+2 Si+3 Si+4 Fe+ Al+ log_nH parameters
[from data line 51]
616595000000000.0 1.07988e+17 27847300000000.0 225148000000000.0 34754700000000.0 6612360000000.0 48756900000000.0 1676290000000.0 224419000000.0 335419000000000.0 240080000000.0 4250790000.0 65553100000.0 9194940000000.0 6561200000000.0 13949800000000.0 5224410000000.0 56426500000.0 134257000000.0 -3.98 [-3.98]
616595000000000.0 1.02059e+17 27519700000000.0 213422000000000.0 31446300000000.0 6736540000000.0 46407200000000.0 1444390000000.0 246504000000.0 320062000000000.0 195737000000.0 3306120000.0 65262400000.0 9374560000000.0 6219390000000.0 12937600000000.0 4527270000000.0 62571300000.0 138866000000.0 -3.96 [-3.96]
616595000000000.0 9.64832e+16 27194400000000.0 202272000000000.0 28428000000000.0 6856530000000.0 44130500000000.0 1244000000000.0 270270000000.0 304966000000000.0 159413000000.0 2569430000.0 64869100000.0 9525630000000.0 5878040000000.0 11974200000000.0 3914420000000.0 69268900000.0 143433000000.0 -3.94 [-3.94]
616595000000000.0 9.12383e+16 26872600000000.0 191675000000000.0 25676300000000.0 6972120000000.0 41928600000000.0 1070950000000.0 295784000000.0 290173000000000.0 129696000000.0 1995530000.0 64382800000.0 9647610000000.0 5539750000000.0 11060700000000.0 3377420000000.0 76555600000.0 147944000000.0 -3.92 [-3.92]
616595000000000.0 8.63028e+16 26553800000000.0 181604000000000.0 23169800000000.0 7083040000000.0 39800800000000.0 921576000000.0 323120000000.0 275711000000000.0 105404000000.0 1548720000.0 63809700000.0 9740340000000.0 5206570000000.0 10197600000000.0 2908150000000.0 84470500000.0 152382000000.0 -3.9 [-3.9]
616595000000000.0 8.16649e+16 26241400000000.0 172050000000000.0 20889400000000.0 7189060000000.0 37751100000000.0 792831000000.0 352303000000.0 261633000000000.0 85593200000.0 1201550000.0 63163900000.0 9803970000000.0 4881300000000.0 9386220000000.0 2499780000000.0 93043700000.0 156731000000.0 -3.88 [-3.88]
616595000000000.0 7.73044e+16 25935000000000.0 162984000000000.0 18816300000000.0 7290010000000.0 35778300000000.0 681880000000.0 383398000000.0 247960000000000.0 69447200000.0 931877000.0 62451800000.0 9839210000000.0 4565460000000.0 8625650000000.0 2145230000000.0 102316000000.0 160976000000.0 -3.86 [-3.86]
616595000000000.0 7.3205e+16 25635000000000.0 154385000000000.0 16933700000000.0 7385670000000.0 33882200000000.0 586318000000.0 416443000000.0 234716000000000.0 56303200000.0 722550000.0 61681700000.0 9847040000000.0 4260590000000.0 7915180000000.0 1838250000000.0 112325000000.0 165101000000.0 -3.84 [-3.84]
616595000000000.0 6.93512e+16 25341900000000.0 146232000000000.0 15225800000000.0 7475840000000.0 32062200000000.0 504047000000.0 451474000000.0 221920000000000.0 45614200000.0 560166000.0 60861100000.0 9828760000000.0 3967890000000.0 7253610000000.0 1573140000000.0 123109000000.0 169090000000.0 -3.82 [-3.82]
616595000000000.0 6.57313e+16 25056500000000.0 138510000000000.0 13678900000000.0 7560360000000.0 30319200000000.0 433297000000.0 488491000000.0 209600000000000.0 36936100000.0 434341000.0 59999000000.0 9785970000000.0 3688580000000.0 6639880000000.0 1344880000000.0 134698000000.0 172928000000.0 -3.8 [-3.8]
616595000000000.0 6.23265e+16 24778000000000.0 131189000000000.0 12278100000000.0 7639060000000.0 28649700000000.0 372403000000.0 527546000000.0 197749000000000.0 29889000000.0 336768000.0 59099600000.0 9720310000000.0 3422910000000.0 6071380000000.0 1148540000000.0 147141000000.0 176603000000.0 -3.78 [-3.78]
616595000000000.0 5.91243e+16 24506000000000.0 124251000000000.0 11011300000000.0 7711740000000.0 27052500000000.0 320022000000.0 568647000000.0 186377000000000.0 24172200000.0 261141000.0 58168300000.0 9633660000000.0 3171290000000.0 5546200000000.0 980013000000.0 160473000000.0 180103000000.0 -3.76 [-3.76]
616595000000000.0 5.61132e+16 24241000000000.0 117679000000000.0 9867170000000.0 7778350000000.0 25526500000000.0 274981000000.0 611786000000.0 175491000000000.0 19539500000.0 202547000.0 57211800000.0 9528000000000.0 2934030000000.0 5062270000000.0 835653000000.0 174733000000.0 183415000000.0 -3.74 [-3.74]
616595000000000.0 5.32809e+16 23982400000000.0 111453000000000.0 8834920000000.0 7838710000000.0 24069900000000.0 236260000000.0 656959000000.0 165090000000000.0 15787400000.0 157149000.0 56234200000.0 9405320000000.0 2711050000000.0 4617240000000.0 712170000000.0 189956000000.0 186529000000.0 -3.72 [-3.72]
616595000000000.0 5.06163e+16 23730000000000.0 105556000000000.0 7904620000000.0 7892720000000.0 22680800000000.0 202976000000.0 704149000000.0 155170000000000.0 12750700000.0 121974000.0 55239900000.0 9267590000000.0 2502180000000.0 4208750000000.0 606688000000.0 206181000000.0 189436000000.0 -3.7 [-3.7]
616595000000000.0 4.81084e+16 23483200000000.0 99970300000000.0 7067020000000.0 7940250000000.0 21356900000000.0 174365000000.0 753337000000.0 145724000000000.0 10293900000.0 94712900.0 54232400000.0 9116750000000.0 2307040000000.0 3834350000000.0 516672000000.0 223444000000.0 192128000000.0 -3.68 [-3.68]
616595000000000.0 4.57436e+16 23240000000000.0 94671800000000.0 6313060000000.0 7981130000000.0 20094300000000.0 149745000000.0 804549000000.0 136729000000000.0 8305140000.0 73556800.0 53211600000.0 8954370000000.0 2124870000000.0 3491220000000.0 439837000000.0 241801000000.0 194602000000.0 -3.66 [-3.66]
616595000000000.0 4.35193e+16 23002700000000.0 89659400000000.0 5636170000000.0 8015410000000.0 18894400000000.0 128610000000.0 857640000000.0 128203000000000.0 6699760000.0 57172400.0 52186700000.0 8782740000000.0 1955780000000.0 3177990000000.0 374461000000.0 261252000000.0 196849000000.0 -3.64 [-3.64]
616595000000000.0 4.14226e+16 22769100000000.0 84909300000000.0 5028450000000.0 8042970000000.0 17752900000000.0 110441000000.0 912629000000.0 120116000000000.0 5402400000.0 44459200.0 51156300000.0 8603220000000.0 1798790000000.0 2891860000000.0 318784000000.0 281851000000.0 198869000000.0 -3.62 [-3.62]
616595000000000.0 3.94452e+16 22538700000000.0 80407700000000.0 4483330000000.0 8063710000000.0 16667600000000.0 94821500000.0 969461000000.0 112455000000000.0 4354450000.0 0.0 50122900000.0 8417330000000.0 1653310000000.0 2630750000000.0 271393000000.0 303631000000.0 200659000000.0 -3.6 [-3.6]
616595000000000.0 3.7579e+16 22310800000000.0 76140400000000.0 3994740000000.0 8077540000000.0 15636300000000.0 81393500000.0 1028080000000.0 105206000000000.0 3508170000.0 0.0 49087900000.0 8226430000000.0 1518660000000.0 2392610000000.0 231064000000.0 326623000000.0 202218000000.0 -3.58 [-3.58]
616595000000000.0 3.58166e+16 22084700000000.0 72094600000000.0 3557170000000.0 8084400000000.0 14656800000000.0 69849100000.0 1088430000000.0 98351200000000.0 2824970000.0 0.0 48053000000.0 8031770000000.0 1394180000000.0 2175540000000.0 196750000000.0 350856000000.0 203547000000.0 -3.56 [-3.56]
616595000000000.0 3.4152e+16 21860400000000.0 68259400000000.0 3165640000000.0 8084320000000.0 13727400000000.0 59927000000.0 1150420000000.0 91879100000000.0 2273810000.0 0.0 47020600000.0 7834560000000.0 1279290000000.0 1977850000000.0 167568000000.0 376351000000.0 204646000000.0 -3.54 [-3.54]
616595000000000.0 3.25771e+16 21636400000000.0 64620500000000.0 2815440000000.0 8077110000000.0 12845200000000.0 51394200000.0 1214020000000.0 85767400000000.0 1829020000.0 0.0 45990000000.0 7635610000000.0 1173240000000.0 1797720000000.0 142732000000.0 403138000000.0 205519000000.0 -3.52 [-3.52]
616595000000000.0 3.10868e+16 21412500000000.0 61168200000000.0 2502470000000.0 8062820000000.0 12008700000000.0 44058800000.0 1279120000000.0 80002600000000.0 1470320000.0 0.0 44963200000.0 7435890000000.0 1075460000000.0 1633710000000.0 121602000000.0 431233000000.0 206168000000.0 -3.5 [-3.5]
616595000000000.0 2.96755e+16 21188300000000.0 57892500000000.0 2222960000000.0 8041410000000.0 11215900000000.0 37753300000.0 1345640000000.0 74569000000000.0 1181170000.0 0.0 43941100000.0 7236150000000.0 985359000000.0 1484390000000.0 103623000000.0 460643000000.0 206596000000.0 -3.48 [-3.48]
616595000000000.0 2.83379e+16 20963100000000.0 54783500000000.0 1973480000000.0 8012850000000.0 10465100000000.0 32333900000.0 1413490000000.0 69450700000000.0 948193000.0 0.0 42924500000.0 7037070000000.0 902388000000.0 1348480000000.0 88322200000.0 491373000000.0 206809000000.0 -3.46 [-3.46]
616595000000000.0 2.70692e+16 20736600000000.0 51832100000000.0 1750920000000.0 7977140000000.0 9754410000000.0 27676500000.0 1482570000000.0 64632100000000.0 760555000.0 0.0 41914300000.0 6839190000000.0 826007000000.0 1224770000000.0 75297300000.0 523419000000.0 206810000000.0 -3.44 [-3.44]
616595000000000.0 2.58651e+16 20508300000000.0 49030200000000.0 1552540000000.0 7934290000000.0 9082290000000.0 23675500000.0 1552760000000.0 60099300000000.0 609536000.0 0.0 40911200000.0 6643040000000.0 755734000000.0 1112200000000.0 64209000000.0 556762000000.0 206605000000.0 -3.42 [-3.42]
616595000000000.0 2.47212e+16 20277700000000.0 46369500000000.0 1375780000000.0 7884310000000.0 8447020000000.0 20239000000.0 1623990000000.0 55836800000000.0 488046000.0 0.0 39915600000.0 6449000000000.0 691088000000.0 1009740000000.0 54765700000.0 591380000000.0 206199000000.0 -3.4 [-3.4]
616595000000000.0 2.36335e+16 20044300000000.0 43841800000000.0 1218350000000.0 7827200000000.0 7846990000000.0 17287800000.0 1696130000000.0 51830300000000.0 390362000.0 0.0 38928000000.0 6257360000000.0 631629000000.0 916482000000.0 46720300000.0 627238000000.0 205597000000.0 -3.38 [-3.38]
616595000000000.0 2.25988e+16 19807900000000.0 41441300000000.0 1078260000000.0 7763060000000.0 7280890000000.0 14755200000.0 1769070000000.0 48067800000000.0 311897000.0 0.0 37949100000.0 6068490000000.0 576972000000.0 831619000000.0 39865700000.0 664273000000.0 204806000000.0 -3.36 [-3.36]
616595000000000.0 2.16136e+16 19567900000000.0 39160700000000.0 953644000000.0 7691940000000.0 6747220000000.0 12582500000.0 1842680000000.0 44535800000000.0 248914000.0 0.0 36979200000.0 5882570000000.0 526736000000.0 754386000000.0 34023400000.0 702418000000.0 203830000000.0 -3.34 [-3.34]
616595000000000.0 2.06748e+16 19324200000000.0 36994100000000.0 842867000000.0 7613940000000.0 6244660000000.0 10719700000.0 1916860000000.0 41222600000000.0 198403000.0 0.0 36019000000.0 5699810000000.0 480578000000.0 684103000000.0 29042800000.0 741586000000.0 202677000000.0 -3.32 [-3.32]
616595000000000.0 1.97795e+16 19076300000000.0 34935500000000.0 744443000000.0 7529140000000.0 5771870000000.0 9123540000.0 1991460000000.0 38116500000000.0 157933000.0 0.0 35068500000.0 5520330000000.0 438177000000.0 620142000000.0 24795500000.0 781663000000.0 201352000000.0 -3.3 [-3.3]
616595000000000.0 1.89255e+16 18824200000000.0 32980200000000.0 657068000000.0 7437790000000.0 5327720000000.0 7757060000.0 2066370000000.0 35207000000000.0 125547000.0 0.0 34128600000.0 5344320000000.0 399252000000.0 561956000000.0 21173500000.0 822523000000.0 199861000000.0 -3.28 [-3.28]
616595000000000.0 1.8109e+16 18566900000000.0 31120600000000.0 579474000000.0 7339760000000.0 4910480000000.0 6586910000.0 2141520000000.0 32480300000000.0 99635500.0 0.0 33198000000.0 5171600000000.0 363481000000.0 508964000000.0 18081000000.0 864034000000.0 198208000000.0 -3.26 [-3.26]
616595000000000.0 1.73267e+16 18304700000000.0 29349100000000.0 510507000000.0 7234980000000.0 4518630000000.0 5584660000.0 2216800000000.0 29924500000000.0 78916900.0 0.0 32276500000.0 5001960000000.0 330601000000.0 460656000000.0 15438000000.0 906034000000.0 196396000000.0 -3.24 [-3.24]
616595000000000.0 1.65813e+16 18038100000000.0 27672300000000.0 449563000000.0 7124710000000.0 4152870000000.0 4731140000.0 2291890000000.0 27542500000000.0 62435900.0 0.0 31369100000.0 4836530000000.0 300526000000.0 416841000000.0 13187800000.0 948239000000.0 194443000000.0 -3.22 [-3.22]
616595000000000.0 1.58679e+16 17766400000000.0 26079500000000.0 395582000000.0 7008610000000.0 3810990000000.0 4002900000.0 2366790000000.0 25318100000000.0 49311900.0 0.0 30473200000.0 4674710000000.0 272956000000.0 376994000000.0 11267000000.0 990474000000.0 192347000000.0 -3.2 [-3.2]
616595000000000.0 1.5185e+16 17489700000000.0 24567200000000.0 347804000000.0 6886960000000.0 3491950000000.0 3382230000.0 2441360000000.0 23243000000000.0 38877200.0 0.0 29589300000.0 4516540000000.0 247697000000.0 340764000000.0 9627170000.0 1032490000000.0 190117000000.0 -3.18 [-3.18]
616595000000000.0 1.45343e+16 17209500000000.0 23138700000000.0 305707000000.0 6761090000000.0 3195870000000.0 2855850000.0 2515300000000.0 21317500000000.0 30619900.0 0.0 28722500000.0 4362880000000.0 224667000000.0 307970000000.0 8231730000.0 1073970000000.0 187771000000.0 -3.16 [-3.16]
616595000000000.0 1.39075e+16 16922800000000.0 21776300000000.0 268351000000.0 6629380000000.0 2919350000000.0 2406440000.0 2588810000000.0 19517300000000.0 24051800.0 0.0 27864000000.0 4212060000000.0 203506000000.0 278047000000.0 7035740000.0 1114720000000.0 185291000000.0 -3.14 [-3.14]
616595000000000.0 1.33063e+16 16630900000000.0 20483200000000.0 235350000000.0 6493010000000.0 2662450000000.0 2024710000.0 2661650000000.0 17842800000000.0 18853800.0 0.0 27017800000.0 4064790000000.0 184151000000.0 250859000000.0 6013970000.0 1154400000000.0 182693000000.0 -3.12 [-3.12]
616595000000000.0 1.27269e+16 16332900000000.0 19250600000000.0 206118000000.0 6351490000000.0 2423420000000.0 1699870000.0 2733800000000.0 16281800000000.0 14737700.0 0.0 26181100000.0 3920410000000.0 166404000000.0 226080000000.0 5138570000.0 1192700000000.0 179973000000.0 -3.1 [-3.1]
616595000000000.0 1.21771e+16 16033700000000.0 18095300000000.0 180568000000.0 6208390000000.0 2204180000000.0 1427140000.0 2804670000000.0 14847800000000.0 0.0 0.0 25367400000.0 3781330000000.0 150353000000.0 203801000000.0 4396590000.0 1229240000000.0 177182000000.0 -3.08 [-3.08]
616595000000000.0 1.16467e+16 15728800000000.0 16994500000000.0 157957000000.0 6060900000000.0 2000810000000.0 1195510000.0 2874650000000.0 13513900000000.0 0.0 0.0 24563300000.0 3645050000000.0 135653000000.0 183504000000.0 3760270000.0 1263750000000.0 174281000000.0 -3.06 [-3.06]
616595000000000.0 1.11379e+16 15420400000000.0 15952700000000.0 138062000000.0 5910680000000.0 1813460000000.0 1000070000.0 2943400000000.0 12281700000000.0 0.0 0.0 23774600000.0 3512490000000.0 122274000000.0 165120000000.0 3217000000.0 1295910000000.0 171295000000.0 -3.04 [-3.04]
616595000000000.0 1.06498e+16 15108800000000.0 14966900000000.0 120570000000.0 5758120000000.0 1641170000000.0 835372000.0 3010860000000.0 11144900000000.0 0.0 0.0 23001200000.0 3383560000000.0 110107000000.0 148475000000.0 2753010000.0 1325420000000.0 168231000000.0 -3.02 [-3.02]
616595000000000.0 1.01821e+16 14794800000000.0 14036400000000.0 105225000000.0 5604000000000.0 1483210000000.0 696960000.0 3076890000000.0 10099200000000.0 0.0 0.0 22244700000.0 3258470000000.0 99067200000.0 133434000000.0 2357110000.0 1352010000000.0 165102000000.0 -3.0 [-3.0]
616595000000000.0 9732800000000000.0 14478300000000.0 13155800000000.0 91741200000.0 5448260000000.0 1338370000000.0 580566000.0 3141440000000.0 9136750000000.0 0.0 0.0 21503500000.0 3136840000000.0 89041100000.0 119822000000.0 2018630000.0 1375410000000.0 161908000000.0 -2.98 [-2.98]
616595000000000.0 9301870000000000.0 14160200000000.0 12324400000000.0 79921600000.0 5291680000000.0 1205990000000.0 482971000.0 3204380000000.0 8253710000000.0 0.0 0.0 20779000000.0 3018840000000.0 79957900000.0 107529000000.0 1729530000.0 1395440000000.0 158661000000.0 -2.96 [-2.96]
616595000000000.0 8888660000000000.0 13841100000000.0 11540100000000.0 69571100000.0 5134740000000.0 1085240000000.0 401274000.0 3265640000000.0 7445110000000.0 0.0 0.0 20071700000.0 2904480000000.0 71739700000.0 96436100000.0 1482590000.0 1411920000000.0 155370000000.0 -2.94 [-2.94]
