Cloudy_runs/pg0832/z=0.017505/logZ=1/component_II_PI_nH/component_II_PI_nH_col_density_param.txt
# %ECSV 1.0
# ---
# datatype:
# - {name: H, datatype: float64}
# - {name: H+, datatype: float64}
# - {name: C+, datatype: float64}
# - {name: C+2, datatype: float64}
# - {name: C+3, datatype: float64}
# - {name: N+, datatype: float64}
# - {name: N+2, datatype: float64}
# - {name: N+4, datatype: float64}
# - {name: O, datatype: float64}
# - {name: O+2, datatype: float64}
# - {name: O+5, datatype: float64}
# - {name: O+6, datatype: float64}
# - {name: P+, datatype: float64}
# - {name: Si+, datatype: float64}
# - {name: Si+2, datatype: float64}
# - {name: Si+3, datatype: float64}
# - {name: Si+4, datatype: float64}
# - {name: Fe+, datatype: float64}
# - {name: Al+, datatype: float64}
# - {name: log_nH, datatype: float64}
# - {name: parameters, datatype: string, subtype: 'float64[1]'}
# schema: astropy-2.0
H H+ C+ C+2 C+3 N+ N+2 N+4 O O+2 O+5 O+6 P+ Si+ Si+2 Si+3 Si+4 Fe+ Al+ log_nH parameters
616593000000000.0 7.97931e+18 2057460000000.0 527685000000000.0 2739910000000000.0 192321000000.0 110652000000000.0 1610610000000000.0 23065200.0 354921000000000.0 1.1727e+16 6602660000000000.0 123993000.0 3754420000.0 362474000000.0 4864930000000.0 170583000000000.0 4396480.0 407623000.0 -5.0 [-5.0]
616594000000000.0 7.4374e+18 2234990000000.0 545354000000000.0 2735110000000000.0 217064000000.0 118485000000000.0 1537480000000000.0 28560400.0 382593000000000.0 1.06636e+16 5640910000000000.0 144799000.0 4247660000.0 404412000000.0 5497680000000.0 178712000000000.0 5467150.0 456253000.0 -4.98 [-4.98]
616594000000000.0 6.91899e+18 2440060000000.0 564578000000000.0 2724540000000000.0 245731000000.0 126753000000000.0 1461010000000000.0 35454400.0 411384000000000.0 9645860000000000.0 4787030000000000.0 169677000.0 4824240000.0 451439000000.0 6212930000000.0 186870000000000.0 6804060.0 507515000.0 -4.96 [-4.96]
616594000000000.0 6.42239e+18 2680080000000.0 585941000000000.0 2707500000000000.0 279056000000.0 135447000000000.0 1381280000000000.0 44124200.0 441089000000000.0 8676280000000000.0 4032470000000000.0 199698000.0 5512330000.0 504898000000.0 7022230000000.0 195000000000000.0 8477470.0 560915000.0 -4.94 [-4.94]
616594000000000.0 5.9442e+18 2965200000000.0 610198000000000.0 2682960000000000.0 318009000000.0 144561000000000.0 1298110000000000.0 55086200.0 471479000000000.0 7754060000000000.0 3366860000000000.0 236320000.0 6352940000.0 566761000000.0 7942250000000.0 203055000000000.0 10582700.0 615785000.0 -4.92 [-4.92]
616594000000000.0 5.47899e+18 3311260000000.0 638471000000000.0 2649350000000000.0 363966000000.0 154105000000000.0 1210930000000000.0 69088600.0 502278000000000.0 6875640000000000.0 2779290000000000.0 281676000.0 7412110000.0 640245000000.0 9000070000000.0 211004000000000.0 13257800.0 671402000.0 -4.9 [-4.9]
616595000000000.0 5.02287e+18 3740830000000.0 672282000000000.0 2604170000000000.0 418481000000.0 163975000000000.0 1119350000000000.0 87121100.0 532723000000000.0 6040030000000000.0 2262150000000000.0 339003000.0 8799650000.0 730451000000.0 10225200000000.0 218756000000000.0 16684900.0 728131000.0 -4.88 [-4.88]
616593000000000.0 4.56787e+18 4294510000000.0 714297000000000.0 2543690000000000.0 484207000000.0 174124000000000.0 1022220000000000.0 110807000.0 561968000000000.0 5239370000000000.0 1805280000000000.0 413788000.0 10717800000.0 846611000000.0 11673300000000.0 226220000000000.0 21167600.0 789181000.0 -4.86 [-4.86]
616590000000000.0 4.10087e+18 5046880000000.0 768939000000000.0 2460840000000000.0 565186000000.0 184344000000000.0 917236000000000.0 142941000.0 588241000000000.0 4460690000000000.0 1397730000000000.0 516468000.0 13578000000.0 1006300000000.0 13444900000000.0 233242000000000.0 27235800.0 866587000.0 -4.84 [-4.84]
616595000000000.0 3.59416e+18 6167830000000.0 844764000000000.0 2339200000000000.0 668769000000.0 193972000000000.0 799191000000000.0 189423000.0 607396000000000.0 3672760000000000.0 1024360000000000.0 671717000.0 18412100000.0 1248860000000.0 15768500000000.0 239483000000000.0 36034800.0 1003130000.0 -4.82 [-4.82]
616589000000000.0 3.09914e+18 7718160000000.0 935676000000000.0 2180620000000000.0 788389000000.0 200982000000000.0 681386000000000.0 253565000.0 615706000000000.0 2936910000000000.0 719429000000000.0 904304000.0 26460600000.0 1594390000000.0 18572000000000.0 243296000000000.0 48577500.0 1287120000.0 -4.8 [-4.8]
616595000000000.0 2.73125e+18 9300900000000.0 1009890000000000.0 2032760000000000.0 898348000000.0 205038000000000.0 591522000000000.0 326331000.0 620995000000000.0 2383030000000000.0 524235000000000.0 1184060000.0 36676300000.0 1959860000000.0 21137900000000.0 243864000000000.0 63610400.0 1693330000.0 -4.78 [-4.78]
616595000000000.0 2.38382e+18 11267300000000.0 1081290000000000.0 1862860000000000.0 1013900000000.0 205796000000000.0 508064000000000.0 423335000.0 619423000000000.0 1876270000000000.0 368870000000000.0 1578810000.0 52080400000.0 2403970000000.0 24000100000000.0 241447000000000.0 84185000.0 2317630000.0 -4.76 [-4.76]
616595000000000.0 2.056e+18 13715900000000.0 1143250000000000.0 1671330000000000.0 1132330000000.0 202475000000000.0 431954000000000.0 557539000.0 612259000000000.0 1414600000000000.0 247325000000000.0 2158200000.0 75812800000.0 2926890000000.0 27161200000000.0 235301000000000.0 113034000.0 3263240000.0 -4.74 [-4.74]
616595000000000.0 1.75221e+18 16683000000000.0 1186220000000000.0 1464090000000000.0 1249620000000.0 194616000000000.0 364058000000000.0 750505000.0 603226000000000.0 1009450000000000.0 156443000000000.0 3037010000.0 112359000000.0 3511180000000.0 30528800000000.0 224784000000000.0 154187000.0 4660040000.0 -4.72 [-4.72]
616595000000000.0 1.49184e+18 19868100000000.0 1200770000000000.0 1263110000000000.0 1363060000000.0 183835000000000.0 306460000000000.0 1023650000.0 599031000000000.0 693686000000000.0 95681400000000.0 4302210000.0 164378000000.0 4104590000000.0 33737500000000.0 210675000000000.0 210913000.0 6528890000.0 -4.7 [-4.7]
616595000000000.0 1.28901e+18 22747000000000.0 1189420000000000.0 1092580000000000.0 1474830000000.0 173371000000000.0 259810000000000.0 1379930000.0 602715000000000.0 480252000000000.0 59642900000000.0 5890030000.0 229596000000.0 4658140000000.0 36377100000000.0 195437000000000.0 282978000.0 8681890000.0 -4.68 [-4.68]
616595000000000.0 1.13422e+18 25110400000000.0 1162440000000000.0 955066000000000.0 1589050000000.0 164694000000000.0 221972000000000.0 1815280000.0 611273000000000.0 342631000000000.0 38778700000000.0 7688120000.0 305584000000.0 5167760000000.0 38390900000000.0 180753000000000.0 369831000.0 10951000000.0 -4.66 [-4.66]
616595000000000.0 1.01255e+18 27006300000000.0 1127440000000000.0 843152000000000.0 1707640000000.0 157668000000000.0 190667000000000.0 2331670000.0 621300000000000.0 251721000000000.0 26190200000000.0 9636110000.0 392055000000.0 5644820000000.0 39896400000000.0 167071000000000.0 472619000.0 13278900000.0 -4.64 [-4.64]
616591000000000.0 9.13157e+17 28532500000000.0 1088330000000000.0 749756000000000.0 1831210000000.0 151796000000000.0 164287000000000.0 2938260000.0 630911000000000.0 189083000000000.0 18210000000000.0 11715900000.0 490027000000.0 6097770000000.0 41008500000000.0 154341000000000.0 593862000.0 15663900000.0 -4.62 [-4.62]
616593000000000.0 8.29618e+17 29761000000000.0 1047140000000000.0 670252000000000.0 1959680000000.0 146715000000000.0 141834000000000.0 3646340000.0 639227000000000.0 144436000000000.0 12945900000000.0 13916700000.0 600572000000.0 6530070000000.0 41803900000000.0 142477000000000.0 736487000.0 18110400000.0 -4.6 [-4.6]
616597000000000.0 7.57887e+17 30745400000000.0 1005030000000000.0 601544000000000.0 2092890000000.0 142170000000000.0 122601000000000.0 4469430000.0 645858000000000.0 111752000000000.0 9359370000000.0 16229300000.0 724740000000.0 6942240000000.0 42332400000000.0 131393000000000.0 903868000.0 20624200000.0 -4.58 [-4.58]
616592000000000.0 6.95513e+17 31525400000000.0 962895000000000.0 541650000000000.0 2230300000000.0 138020000000000.0 106102000000000.0 5419230000.0 650641000000000.0 87402600000000.0 6862190000000.0 18636400000.0 863024000000.0 7333280000000.0 42630100000000.0 121056000000000.0 1099200000.0 23203900000.0 -4.56 [-4.56]
616592000000000.0 6.40672e+17 32133000000000.0 921216000000000.0 489055000000000.0 2371530000000.0 134153000000000.0 91926200000000.0 6510240000.0 653575000000000.0 68979600000000.0 5090250000000.0 21123900000.0 1015920000000.0 7701520000000.0 42722800000000.0 111424000000000.0 1326290000.0 25854000000.0 -4.54 [-4.54]
616593000000000.0 5.91961e+17 32597500000000.0 880378000000000.0 442519000000000.0 2516350000000.0 130485000000000.0 79708000000000.0 7759840000.0 654728000000000.0 54836000000000.0 3811300000000.0 23678300000.0 1184130000000.0 8046240000000.0 42635800000000.0 102438000000000.0 1589480000.0 28578900000.0 -4.52 [-4.52]
616593000000000.0 5.48293e+17 32939900000000.0 840531000000000.0 401072000000000.0 2664570000000.0 126946000000000.0 69144000000000.0 9188800000.0 654184000000000.0 43841100000000.0 2874660000000.0 26286400000.0 1368380000000.0 8366140000000.0 42386200000000.0 94043500000000.0 1893870000.0 31384700000.0 -4.5 [-4.5]
616592000000000.0 5.08906e+17 33177700000000.0 801838000000000.0 364002000000000.0 2815890000000.0 123497000000000.0 59998300000000.0 10817900000.0 652040000000000.0 35217800000000.0 2181490000000.0 28930100000.0 1569090000000.0 8659730000000.0 41989500000000.0 86207900000000.0 2244750000.0 34274000000.0 -4.48 [-4.48]
616593000000000.0 4.73201e+17 33324400000000.0 764372000000000.0 330724000000000.0 2970010000000.0 120110000000000.0 52072700000000.0 12670800000.0 648401000000000.0 28404200000000.0 1663990000000.0 31590400000.0 1786560000000.0 8925570000000.0 41459300000000.0 78900700000000.0 2648030000.0 37249700000.0 -4.46 [-4.46]
616592000000000.0 4.40695e+17 33392300000000.0 728204000000000.0 300759000000000.0 3126570000000.0 116765000000000.0 45198800000000.0 14772100000.0 643360000000000.0 22987100000000.0 1274810000000.0 34247700000.0 2020860000000.0 9162370000000.0 40807600000000.0 72094100000000.0 3110030000.0 40314100000.0 -4.44 [-4.44]
616594000000000.0 4.1114e+17 33402400000000.0 693609000000000.0 273800000000000.0 3284220000000.0 113479000000000.0 39256800000000.0 17139600000.0 637051000000000.0 18675900000000.0 981526000000.0 36878300000.0 2270720000000.0 9370000000000.0 40050900000000.0 65792300000000.0 3636010000.0 43466800000.0 -4.42 [-4.42]
616593000000000.0 3.84043e+17 33356000000000.0 660366000000000.0 249404000000000.0 3442720000000.0 110212000000000.0 34095400000000.0 19810500000.0 629543000000000.0 15210800000000.0 758114000000.0 39468500000.0 2536880000000.0 9546750000000.0 39195800000000.0 59937100000000.0 4234710000.0 46713100000.0 -4.4 [-4.4]
616594000000000.0 3.59149e+17 33262900000000.0 628508000000000.0 227299000000000.0 3602410000000.0 106963000000000.0 29613000000000.0 22813900000.0 620936000000000.0 12416200000000.0 587238000000.0 41999500000.0 2818660000000.0 9691990000000.0 38253300000000.0 54508600000000.0 4914030000.0 50054500000.0 -4.38 [-4.38]
616594000000000.0 3.3629e+17 33136800000000.0 598138000000000.0 207270000000000.0 3762670000000.0 103746000000000.0 25727900000000.0 26174000000.0 611356000000000.0 10160200000000.0 456323000000.0 44454000000.0 3114580000000.0 9806190000000.0 37236700000000.0 49497400000000.0 5681190000.0 53492800000.0 -4.36 [-4.36]
616594000000000.0 3.15176e+17 32977000000000.0 569081000000000.0 189056000000000.0 3923480000000.0 100540000000000.0 22349600000000.0 29934800000.0 600848000000000.0 8326610000000.0 355293000000.0 46818200000.0 3424470000000.0 9887680000000.0 36152000000000.0 44863100000000.0 6546830000.0 57027900000.0 -4.34 [-4.34]
616593000000000.0 2.95644e+17 32789700000000.0 541321000000000.0 172476000000000.0 4084480000000.0 97350100000000.0 19412400000000.0 34133500000.0 589503000000000.0 6832950000000.0 277113000000.0 49077800000.0 3747110000000.0 9936480000000.0 35008800000000.0 40586400000000.0 7520930000.0 60661500000.0 -4.32 [-4.32]
616594000000000.0 2.77583e+17 32583900000000.0 514893000000000.0 157383000000000.0 4245160000000.0 94188300000000.0 16862900000000.0 38801500000.0 577430000000000.0 5615590000000.0 216561000000.0 51221300000.0 4080390000000.0 9953320000000.0 33818600000000.0 36654200000000.0 8612540000.0 64392000000.0 -4.3 [-4.3]
616594000000000.0 2.60804e+17 32357800000000.0 489652000000000.0 143610000000000.0 4405510000000.0 91044400000000.0 14644500000000.0 43992800000.0 564670000000000.0 4618570000000.0 169417000000.0 53237600000.0 4423540000000.0 9937400000000.0 32586500000000.0 33035800000000.0 9835080000.0 68219800000.0 -4.28 [-4.28]
616594000000000.0 2.452e+17 32114900000000.0 465567000000000.0 131035000000000.0 4565210000000.0 87924200000000.0 12714900000000.0 49752200000.0 551300000000000.0 3800890000000.0 132655000000.0 55117300000.0 4774620000000.0 9889150000000.0 31321300000000.0 29713600000000.0 11200600000.0 72142500000.0 -4.26 [-4.26]
616594000000000.0 2.30669e+17 31858300000000.0 442596000000000.0 119545000000000.0 4723990000000.0 84831800000000.0 11036600000000.0 56128700000.0 537391000000000.0 3129350000000.0 103942000000.0 56853600000.0 5131540000000.0 9809190000000.0 30030800000000.0 26669600000000.0 12722100000.0 76157600000.0 -4.24 [-4.24]
616594000000000.0 2.17117e+17 31589800000000.0 420686000000000.0 109042000000000.0 4881640000000.0 81770800000000.0 9576930000000.0 63176000000.0 523010000000000.0 2577060000000.0 81480100000.0 58440100000.0 5492130000000.0 9698250000000.0 28722600000000.0 23885800000000.0 14413900000.0 80261700000.0 -4.22 [-4.22]
616594000000000.0 2.04461e+17 31310600000000.0 399785000000000.0 99433600000000.0 5037960000000.0 78744300000000.0 8307260000000.0 70951700000.0 508216000000000.0 2122270000000.0 63885100000.0 59872200000.0 5854110000000.0 9557270000000.0 27403700000000.0 21344700000000.0 16291200000.0 84450900000.0 -4.2 [-4.2]
616594000000000.0 1.92627e+17 31021800000000.0 379848000000000.0 90641800000000.0 5192710000000.0 75756100000000.0 7202990000000.0 79516000000.0 493071000000000.0 1747470000000.0 50089700000.0 61146700000.0 6214950000000.0 9387470000000.0 26080700000000.0 19030200000000.0 18370200000.0 88720200000.0 -4.18 [-4.18]
616594000000000.0 1.81544e+17 30723600000000.0 360818000000000.0 82593600000000.0 5345800000000.0 72807800000000.0 6242410000000.0 88937800000.0 477626000000000.0 1438260000000.0 39261800000.0 62261000000.0 6572210000000.0 9190090000000.0 24759800000000.0 16925900000000.0 20668800000.0 93063900000.0 -4.16 [-4.16]
616594000000000.0 1.71158e+17 30417700000000.0 342666000000000.0 75226400000000.0 5496890000000.0 69905000000000.0 5407350000000.0 99281200000.0 461945000000000.0 1183200000000.0 30763800000.0 63215800000.0 6923020000000.0 8967090000000.0 23447700000000.0 15018000000000.0 23204400000.0 97475300000.0 -4.14 [-4.14]
616594000000000.0 1.61439e+17 30110600000000.0 325414000000000.0 68471000000000.0 5646010000000.0 67060100000000.0 4680810000000.0 110632000000.0 446244000000000.0 972667000000.0 24092400000.0 64020300000.0 7266810000000.0 8724420000000.0 22161800000000.0 13282500000000.0 26083900000.0 101954000000.0 -4.12 [-4.12]
616594000000000.0 1.52313e+17 29797900000000.0 308952000000000.0 62281000000000.0 5792860000000.0 64265900000000.0 4049160000000.0 123060000000.0 430412000000000.0 798859000000.0 18852200000.0 64669800000.0 7599080000000.0 8460120000000.0 20894800000000.0 11715300000000.0 29279300000.0 106490000000.0 -4.1 [-4.1]
616594000000000.0 1.43741e+17 29480100000000.0 293253000000000.0 56614500000000.0 5937150000000.0 61526400000000.0 3500720000000.0 136632000000.0 414492000000000.0 655523000000.0 14740400000.0 65166600000.0 7916580000000.0 8176310000000.0 19651600000000.0 10306100000000.0 32805800000.0 111069000000.0 -4.08 [-4.08]
616595000000000.0 1.35685e+17 29158100000000.0 278285000000000.0 51428700000000.0 6078670000000.0 58845000000000.0 3024800000000.0 151428000000.0 398538000000000.0 537380000000.0 11515700000.0 65515300000.0 8216620000000.0 7875620000000.0 18437000000000.0 9042830000000.0 36691100000.0 115683000000.0 -4.06 [-4.06]
616594000000000.0 1.28112e+17 28832800000000.0 264017000000000.0 46684000000000.0 6217170000000.0 56224700000000.0 2612050000000.0 167525000000.0 382604000000000.0 440071000000.0 8988450000.0 65721300000.0 8496650000000.0 7560860000000.0 17255700000000.0 7913810000000.0 40964400000.0 120321000000.0 -4.04 [-4.04]
616594000000000.0 1.20989e+17 28505000000000.0 250421000000000.0 42344800000000.0 6352460000000.0 53667900000000.0 2254290000000.0 185004000000.0 366738000000000.0 359985000000.0 7009250000.0 65791000000.0 8754390000000.0 7234860000000.0 16111600000000.0 6907940000000.0 45656800000.0 124971000000.0 -4.02 [-4.02]
