Cloudy_runs/pg1216/z=0.006328/logZ=1/component_I_PI_nH/component_I_PI_nH_col_density_param.txt
# %ECSV 1.0
# ---
# datatype:
# - {name: H, datatype: float64}
# - {name: H+, datatype: float64}
# - {name: C+, datatype: float64}
# - {name: C+2, datatype: float64}
# - {name: C+3, datatype: float64}
# - {name: N+, datatype: float64}
# - {name: N+2, datatype: float64}
# - {name: N+4, datatype: float64}
# - {name: O, datatype: float64}
# - {name: O+2, datatype: float64}
# - {name: O+5, datatype: float64}
# - {name: O+6, datatype: float64}
# - {name: P+, datatype: float64}
# - {name: Si+, datatype: float64}
# - {name: Si+2, datatype: float64}
# - {name: Si+3, datatype: float64}
# - {name: Si+4, datatype: float64}
# - {name: Fe+, datatype: float64}
# - {name: Al+, datatype: float64}
# - {name: log_nH, datatype: float64}
# - {name: parameters, datatype: string, subtype: 'float64[1]'}
# schema: astropy-2.0
H H+ C+ C+2 C+3 N+ N+2 N+4 O O+2 O+5 O+6 P+ Si+ Si+2 Si+3 Si+4 Fe+ Al+ log_nH parameters
[from data line 54]
36307800000000.0 5003610000000000.0 1576700000000.0 10514200000000.0 1324110000000.0 421319000000.0 2306420000000.0 52657600000.0 19604300000.0 15958800000000.0 6019040000.0 88301800.0 3760800000.0 570590000000.0 300879000000.0 589043000000.0 166239000000.0 5137520000.0 8959110000.0 -3.92 [-3.92]
36307800000000.0 4734580000000000.0 1557720000000.0 9959130000000.0 1193320000000.0 427505000000.0 2186790000000.0 45281000000.0 21366400000.0 15138800000000.0 4883600000.0 68444900.0 3720920000.0 574077000000.0 281916000000.0 542009000000.0 142790000000.0 5658110000.0 9212580000.0 -3.9 [-3.9]
36307800000000.0 4481710000000000.0 1539120000000.0 9432640000000.0 1074480000000.0 433382000000.0 2071700000000.0 38927700000.0 23242300000.0 14342700000000.0 3959110000.0 53037100.0 3677250000.0 575902000000.0 263526000000.0 497949000000.0 122453000000.0 6220930000.0 9459820000.0 -3.88 [-3.88]
36307800000000.0 4244020000000000.0 1520920000000.0 8933420000000.0 966608000000.0 438938000000.0 1961140000000.0 33458300000.0 25234200000.0 13572000000000.0 3207200000.0 41089400.0 3630260000.0 576126000000.0 245794000000.0 456812000000.0 104862000000.0 6828200000.0 9699900000.0 -3.86 [-3.86]
36307800000000.0 4020610000000000.0 1503150000000.0 8460240000000.0 868791000000.0 444165000000.0 1855090000000.0 28752200000.0 27344200000.0 12827700000000.0 2596320000.0 31830400.0 3580430000.0 574830000000.0 228791000000.0 418528000000.0 89684900000.0 7482260000.0 9931940000.0 -3.84 [-3.84]
36307800000000.0 3810620000000000.0 1485810000000.0 8011820000000.0 780187000000.0 449051000000.0 1753460000000.0 24704100000.0 29573600000.0 12110800000000.0 2100440000.0 24657700.0 3528150000.0 572106000000.0 212566000000.0 383000000000.0 76619000000.0 8185350000.0 10155100000.0 -3.82 [-3.82]
36307800000000.0 3613240000000000.0 1468920000000.0 7587010000000.0 700019000000.0 453585000000.0 1656220000000.0 21223400000.0 31922900000.0 11421900000000.0 1698330000.0 19103700.0 3473810000.0 568058000000.0 197157000000.0 350123000000.0 65395700000.0 8939670000.0 10368600000.0 -3.8 [-3.8]
36307800000000.0 3427690000000000.0 1452460000000.0 7184640000000.0 627563000000.0 457761000000.0 1563260000000.0 18231300000.0 34392800000.0 10761300000000.0 1372500000.0 14803700.0 3417770000.0 562797000000.0 182584000000.0 319774000000.0 55772800000.0 9747520000.0 10571600000.0 -3.78 [-3.78]
36307800000000.0 3253230000000000.0 1436430000000.0 6803550000000.0 562150000000.0 461568000000.0 1474490000000.0 15659700000.0 36982900000.0 10129300000000.0 1108670000.0 11475000.0 3360330000.0 556441000000.0 168854000000.0 291820000000.0 47535900000.0 10611100000.0 10763600000.0 -3.76 [-3.76]
36307800000000.0 3089150000000000.0 1420790000000.0 6442640000000.0 503159000000.0 465000000000.0 1389790000000.0 13449800000.0 39692900000.0 9525740000000.0 895166000.0 8897860.0 3301750000.0 549105000000.0 155961000000.0 266123000000.0 40494900000.0 11532700000.0 10943900000.0 -3.74 [-3.74]
36307800000000.0 2934780000000000.0 1405520000000.0 6100840000000.0 450013000000.0 468051000000.0 1309030000000.0 11550800000.0 42521800000.0 8950280000000.0 722481000.0 6902320.0 3242260000.0 540906000000.0 143892000000.0 242541000000.0 34483500000.0 12514500000.0 11112000000.0 -3.72 [-3.72]
36307800000000.0 2789490000000000.0 1390590000000.0 5777110000000.0 402183000000.0 470713000000.0 1232100000000.0 9919050000.0 45468100000.0 8402550000000.0 582880000.0 5356780.0 3182070000.0 531956000000.0 132623000000.0 220934000000.0 29356500000.0 13558800000.0 11267500000.0 -3.7 [-3.7]
36307800000000.0 2652680000000000.0 1375960000000.0 5470480000000.0 359180000000.0 472981000000.0 1158860000000.0 8516900000.0 48529700000.0 7881970000000.0 470072000.0 4159340.0 3121350000.0 522363000000.0 122128000000.0 201161000000.0 24987300000.0 14667600000.0 11410100000.0 -3.68 [-3.68]
36307800000000.0 2523390000000000.0 1361550000000.0 5179090000000.0 320454000000.0 474837000000.0 1088960000000.0 7308830000.0 51711000000.0 7386360000000.0 378744000.0 3229140.0 3060050000.0 512188000000.0 112344000000.0 183037000000.0 21257800000.0 15845600000.0 11539800000.0 -3.66 [-3.66]
36307800000000.0 2402310000000000.0 1347470000000.0 4904790000000.0 285887000000.0 476315000000.0 1022900000000.0 6276630000.0 54990500000.0 6919410000000.0 305363000.0 2511550.0 2998940000.0 501648000000.0 103320000000.0 166584000000.0 18099200000.0 17087500000.0 11655500000.0 -3.64 [-3.64]
36307800000000.0 2287720000000000.0 1333540000000.0 4643980000000.0 254803000000.0 477373000000.0 959912000000.0 5386830000.0 58383900000.0 6475800000000.0 245962000.0 0.0 2937490000.0 490707000000.0 94935200000.0 151525000000.0 15404300000.0 18402600000.0 11758100000.0 -3.62 [-3.62]
36307800000000.0 2179230000000000.0 1319700000000.0 4395970000000.0 226880000000.0 477999000000.0 899905000000.0 4620050000.0 61888100000.0 6054840000000.0 197918000.0 1518800.0 2875790000.0 479441000000.0 87154900000.0 137753000000.0 13106300000.0 19792900000.0 11847400000.0 -3.6 [-3.6]
36307800000000.0 2077430000000000.0 1306070000000.0 4162400000000.0 202019000000.0 478245000000.0 843273000000.0 3964850000.0 65479500000.0 5659450000000.0 159351000.0 0.0 2814580000.0 468054000000.0 80008700000.0 125275000000.0 11161700000.0 21251800000.0 11922800000.0 -3.58 [-3.58]
36307800000000.0 1980920000000000.0 1292480000000.0 3940200000000.0 179714000000.0 478056000000.0 789374000000.0 3400030000.0 69173300000.0 5284900000000.0 128164000.0 0.0 2753300000.0 456480000000.0 73391600000.0 113874000000.0 9503390000.0 22789000000.0 11984900000.0 -3.56 [-3.56]
36307800000000.0 1889640000000000.0 1278930000000.0 3729460000000.0 159775000000.0 477445000000.0 738256000000.0 2914620000.0 72958700000.0 4931470000000.0 103021000.0 0.0 2692240000.0 444817000000.0 67288200000.0 103491000000.0 8093030000.0 24402900000.0 12033900000.0 -3.54 [-3.54]
36307800000000.0 1803240000000000.0 1265400000000.0 3529550000000.0 141962000000.0 476412000000.0 689803000000.0 2497470000.0 76830800000.0 4598210000000.0 82758700.0 0.0 2631430000.0 433117000000.0 61662500000.0 94037100000.0 6893400000.0 26094400000.0 12069700000.0 -3.52 [-3.52]
36307800000000.0 1721420000000000.0 1251840000000.0 3339860000000.0 126058000000.0 474954000000.0 643904000000.0 2139020000.0 80784500000.0 4284180000000.0 66435700.0 0.0 2570950000.0 421423000000.0 56480200000.0 85431100000.0 5872900000.0 27864000000.0 12092700000.0 -3.5 [-3.5]
36307800000000.0 1643860000000000.0 1238230000000.0 3159850000000.0 111869000000.0 473071000000.0 600450000000.0 1831050000.0 84814000000.0 3988460000000.0 53292200.0 0.0 2510830000.0 409772000000.0 51708900000.0 77598100000.0 5004610000.0 29711600000.0 12103000000.0 -3.48 [-3.48]
36307800000000.0 1570280000000000.0 1224530000000.0 2988990000000.0 99215800000.0 470763000000.0 559341000000.0 1566500000.0 88913500000.0 3710160000000.0 42714200.0 0.0 2451120000.0 398197000000.0 47317700000.0 70469000000.0 4265670000.0 31636700000.0 12101000000.0 -3.46 [-3.46]
36307800000000.0 1500440000000000.0 1210730000000.0 2826780000000.0 87939800000.0 468031000000.0 520477000000.0 1339300000.0 93076900000.0 3448400000000.0 34205600.0 0.0 2391850000.0 386726000000.0 43277900000.0 63981100000.0 3636680000.0 33638200000.0 12086900000.0 -3.44 [-3.44]
36307800000000.0 1434080000000000.0 1196780000000.0 2672750000000.0 77896500000.0 464875000000.0 483763000000.0 1144240000.0 97297800000.0 3202340000000.0 27365700.0 0.0 2333060000.0 375381000000.0 39562600000.0 58076700000.0 3101110000.0 35714100000.0 12061100000.0 -3.42 [-3.42]
36307800000000.0 1370980000000000.0 1182680000000.0 2526480000000.0 68956400000.0 461300000000.0 449111000000.0 976837000.0 101570000000.0 2971180000000.0 21871000.0 0.0 2274770000.0 364182000000.0 36146700000.0 52703600000.0 2644990000.0 37861900000.0 12023900000.0 -3.4 [-3.4]
36307800000000.0 1310930000000000.0 1168390000000.0 2387550000000.0 61002700000.0 457308000000.0 416432000000.0 833227000.0 105886000000.0 2754130000000.0 17460100.0 0.0 2217020000.0 353146000000.0 33007000000.0 47814000000.0 2256420000.0 40077800000.0 11975600000.0 -3.38 [-3.38]
36307800000000.0 1253750000000000.0 1153900000000.0 2255580000000.0 53930500000.0 452904000000.0 385645000000.0 710086000.0 110239000000.0 2550460000000.0 13922200.0 0.0 2159830000.0 342284000000.0 30121800000.0 43364300000.0 1925300000.0 42357400000.0 11916600000.0 -3.36 [-3.36]
36307800000000.0 1199250000000000.0 1139180000000.0 2130220000000.0 47645900000.0 448095000000.0 356669000000.0 604564000.0 114622000000.0 2359470000000.0 11087100.0 0.0 2103220000.0 331607000000.0 27471500000.0 39315300000.0 1643070000.0 44694900000.0 11847100000.0 -3.34 [-3.34]
36307800000000.0 1147270000000000.0 1124220000000.0 2011140000000.0 42064400000.0 442887000000.0 329429000000.0 514195000.0 119027000000.0 2180480000000.0 8817450.0 0.0 2047210000.0 321124000000.0 25037500000.0 35631000000.0 1402450000.0 47083300000.0 11767600000.0 -3.32 [-3.32]
36307800000000.0 1097670000000000.0 1109000000000.0 1898010000000.0 37110100000.0 437291000000.0 303849000000.0 436858000.0 123448000000.0 2012850000000.0 7002370.0 0.0 1991830000.0 310841000000.0 22803000000.0 32278700000.0 1197250000.0 49514400000.0 11678400000.0 -3.3 [-3.3]
36307800000000.0 1050280000000000.0 1093500000000.0 1790550000000.0 32715400000.0 431316000000.0 279859000000.0 370728000.0 127876000000.0 1855980000000.0 5552510.0 0.0 1937080000.0 300763000000.0 20752400000.0 29228800000.0 1022230000.0 51978600000.0 11579900000.0 -3.28 [-3.28]
36307800000000.0 1004780000000000.0 1077640000000.0 1687990000000.0 28805400000.0 424921000000.0 257304000000.0 314028000.0 132315000000.0 1708690000000.0 4392410.0 0.0 1882730000.0 290841000000.0 18863900000.0 26443700000.0 872436000.0 54468800000.0 11471800000.0 -3.26 [-3.26]
36307800000000.0 961470000000000.0 1061570000000.0 1591060000000.0 25355000000.0 418223000000.0 236292000000.0 265832000.0 136737000000.0 1571680000000.0 3471520.0 0.0 1829330000.0 281181000000.0 17139600000.0 23921200000.0 745082000.0 56964400000.0 11355600000.0 -3.24 [-3.24]
36307800000000.0 920026000000000.0 1045210000000.0 1499020000000.0 22300300000.0 411189000000.0 216670000000.0 224738000.0 141143000000.0 1443810000000.0 2738930.0 0.0 1776640000.0 271734000000.0 15559500000.0 21627600000.0 636398000.0 59455700000.0 11231100000.0 -3.22 [-3.22]
36307800000000.0 880554000000000.0 1028650000000.0 1412090000000.0 19608300000.0 403895000000.0 198448000000.0 189875000.0 145517000000.0 1325100000000.0 2158900.0 0.0 1724950000.0 262552000000.0 14118600000.0 19551400000.0 543952000.0 61924200000.0 11099500000.0 -3.2 [-3.2]
36307800000000.0 842540000000000.0 1011700000000.0 1329160000000.0 17218200000.0 396242000000.0 181411000000.0 160088000.0 149870000000.0 1214030000000.0 1697120.0 0.0 1673720000.0 253532000000.0 12793900000.0 17656200000.0 464731000.0 64360300000.0 10959700000.0 -3.18 [-3.18]
36307800000000.0 806110000000000.0 994460000000.0 1250470000000.0 15106800000.0 388309000000.0 165579000000.0 134783000.0 154187000000.0 1110710000000.0 1331570.0 0.0 1623260000.0 244727000000.0 11582600000.0 15934800000.0 397102000.0 66742800000.0 10812800000.0 -3.16 [-3.16]
36307800000000.0 771008000000000.0 976858000000.0 1175470000000.0 13235900000.0 380059000000.0 150834000000.0 113236000.0 158467000000.0 1014320000000.0 1041840.0 0.0 1573340000.0 236090000000.0 10471400000.0 14365600000.0 339178000.0 69055100000.0 10658300000.0 -3.14 [-3.14]
36307800000000.0 737518000000000.0 959076000000.0 1104740000000.0 11592900000.0 371634000000.0 137236000000.0 95058900.0 162686000000.0 925288000000.0 814188.0 0.0 1524490000.0 227714000000.0 9461310000.0 12947700000.0 289910000.0 71274600000.0 10498300000.0 -3.12 [-3.12]
36307800000000.0 705397000000000.0 941049000000.0 1037740000000.0 10145100000.0 363000000000.0 124669000000.0 79683100.0 166846000000.0 842814000000.0 635012.0 0.0 1476470000.0 219554000000.0 8540230000.0 11661900000.0 247849000.0 73384100000.0 10332500000.0 -3.1 [-3.1]
36307800000000.0 674753000000000.0 922895000000.0 974642000000.0 8875810000.0 354252000000.0 113126000000.0 66747400.0 170931000000.0 766872000000.0 0.0 0.0 1429590000.0 211654000000.0 7704720000.0 10501600000.0 212066000.0 75365200000.0 10162200000.0 -3.08 [-3.08]
36307800000000.0 645021000000000.0 904345000000.0 914242000000.0 7749420000.0 345220000000.0 102408000000.0 55746400.0 174960000000.0 696104000000.0 0.0 0.0 1383090000.0 203877000000.0 6937750000.0 9441230000.0 181282000.0 77198300000.0 9985050000.0 -3.06 [-3.06]
36307800000000.0 616661000000000.0 885722000000.0 857459000000.0 6764330000.0 336131000000.0 92605200000.0 46527800.0 178901000000.0 631187000000.0 0.0 0.0 1337770000.0 196361000000.0 6243980000.0 8486180000.0 155108000.0 78867900000.0 9804390000.0 -3.04 [-3.04]
36307800000000.0 589458000000000.0 866959000000.0 803797000000.0 5899580000.0 326947000000.0 83618600000.0 38779700.0 182757000000.0 571459000000.0 0.0 0.0 1293410000.0 189060000000.0 5614280000.0 7622590000.0 132763000.0 80357700000.0 9619750000.0 -3.02 [-3.02]
36307800000000.0 563366000000000.0 848089000000.0 753120000000.0 5141200000.0 317698000000.0 75396700000.0 32278400.0 186521000000.0 516608000000.0 0.0 0.0 1250030000.0 181974000000.0 5043460000.0 6842360000.0 113684000.0 81654400000.0 9431660000.0 -3.0 [-3.0]
36307800000000.0 538548000000000.0 829291000000.0 705696000000.0 4480850000.0 308505000000.0 67934400000.0 26862400.0 190179000000.0 466645000000.0 0.0 0.0 1207990000.0 175161000000.0 4529800000.0 6142420000.0 97476700.0 82753600000.0 9242190000.0 -2.98 [-2.98]
36307800000000.0 514560000000000.0 810316000000.0 660594000000.0 3898950000.0 299215000000.0 61091500000.0 22303200.0 193746000000.0 420630000000.0 0.0 0.0 1166640000.0 168503000000.0 4062340000.0 5506900000.0 83555200.0 83634500000.0 9048770000.0 -2.96 [-2.96]
36307800000000.0 491571000000000.0 791342000000.0 618101000000.0 3390180000.0 289947000000.0 54869100000.0 18496300.0 197207000000.0 378618000000.0 0.0 0.0 1126340000.0 162059000000.0 3640260000.0 4934280000.0 71665400.0 84296900000.0 8853430000.0 -2.94 [-2.94]
36307800000000.0 469547000000000.0 772406000000.0 578096000000.0 2945800000.0 280726000000.0 49221900000.0 15322500.0 200558000000.0 340332000000.0 0.0 0.0 1087110000.0 155827000000.0 3259640000.0 4418780000.0 61508400.0 84738400000.0 8656710000.0 -2.92 [-2.92]
36307800000000.0 448386000000000.0 753486000000.0 540339000000.0 2557080000.0 271546000000.0 44094500000.0 12674700.0 203799000000.0 305426000000.0 0.0 0.0 1048840000.0 149785000000.0 2916010000.0 3954000000.0 52811700.0 84954700000.0 8458450000.0 -2.9 [-2.9]
36307800000000.0 428194000000000.0 734731000000.0 504968000000.0 2219120000.0 262496000000.0 39470100000.0 10479300.0 206921000000.0 273822000000.0 0.0 0.0 1011790000.0 143973000000.0 2607680000.0 3537410000.0 45395200.0 84958300000.0 8260410000.0 -2.88 [-2.88]
36307800000000.0 408870000000000.0 716116000000.0 471745000000.0 1924760000.0 253564000000.0 35296000000.0 8656750.0 209924000000.0 245185000000.0 0.0 0.0 975834000.0 138366000000.0 2330630000.0 3163350000.0 39053000.0 84751300000.0 8062430000.0 -2.86 [-2.86]
36307800000000.0 390247000000000.0 697573000000.0 440294000000.0 1667100000.0 244699000000.0 31514600000.0 7138250.0 212811000000.0 219140000000.0 0.0 0.0 940737000.0 132923000000.0 2080650000.0 2825910000.0 33602000.0 84328900000.0 7863800000.0 -2.84 [-2.84]
36307800000000.0 372708000000000.0 679459000000.0 411294000000.0 1445850000.0 236135000000.0 28151000000.0 5894430.0 215570000000.0 195898000000.0 0.0 0.0 907249000.0 127763000000.0 1859010000.0 2526930000.0 28982800.0 83743500000.0 7668850000.0 -2.82 [-2.82]
36307800000000.0 355812000000000.0 661453000000.0 383881000000.0 1252370000.0 227670000000.0 25111600000.0 4859450.0 218209000000.0 174822000000.0 0.0 0.0 874609000.0 122758000000.0 1659310000.0 2257450000.0 25004800.0 82966200000.0 7473760000.0 -2.8 [-2.8]
