Cloudy_runs/pg1216/z=0.006328/logZ=1/component_I_PI_nH/component_I_PI_nH_col_density_param.txt
# %ECSV 1.0
# ---
# datatype:
# - {name: H, datatype: float64}
# - {name: H+, datatype: float64}
# - {name: C+, datatype: float64}
# - {name: C+2, datatype: float64}
# - {name: C+3, datatype: float64}
# - {name: N+, datatype: float64}
# - {name: N+2, datatype: float64}
# - {name: N+4, datatype: float64}
# - {name: O, datatype: float64}
# - {name: O+2, datatype: float64}
# - {name: O+5, datatype: float64}
# - {name: O+6, datatype: float64}
# - {name: P+, datatype: float64}
# - {name: Si+, datatype: float64}
# - {name: Si+2, datatype: float64}
# - {name: Si+3, datatype: float64}
# - {name: Si+4, datatype: float64}
# - {name: Fe+, datatype: float64}
# - {name: Al+, datatype: float64}
# - {name: log_nH, datatype: float64}
# - {name: parameters, datatype: string, subtype: 'float64[1]'}
# schema: astropy-2.0
H H+ C+ C+2 C+3 N+ N+2 N+4 O O+2 O+5 O+6 P+ Si+ Si+2 Si+3 Si+4 Fe+ Al+ log_nH parameters
36307800000000.0 4.40557e+17 130371000000.0 30930900000000.0 149312000000000.0 12891600000.0 6804600000000.0 87668100000000.0 1689340.0 21771900000000.0 629762000000000.0 368227000000000.0 8953010.0 263812000.0 24036700000.0 302786000000.0 10125500000000.0 333833.0 27785500.0 -5.0 [-5.0]
36307800000000.0 4.10512e+17 141339000000.0 31917700000000.0 148988000000000.0 14527700000.0 7278290000000.0 83672300000000.0 2090750.0 23445700000000.0 571775000000000.0 314026000000000.0 10425500.0 297783000.0 26771100000.0 342065000000.0 10595900000000.0 414223.0 31051000.0 -4.98 [-4.98]
36307800000000.0 3.81723e+17 154040000000.0 32994400000000.0 148358000000000.0 16424600000.0 7777880000000.0 79481900000000.0 2594920.0 25184800000000.0 516248000000000.0 265833000000000.0 12182600.0 337421000.0 29829000000.0 386511000000.0 11066800000000.0 514498.0 34475000.0 -4.96 [-4.96]
36307800000000.0 3.54075e+17 168964000000.0 34197800000000.0 147378000000000.0 18633800000.0 8303010000000.0 75095400000000.0 3230190.0 26977000000000.0 463279000000000.0 223161000000000.0 14300200.0 384696000.0 33297500000.0 436884000000.0 11534500000000.0 639961.0 38013800.0 -4.94 [-4.94]
36307800000000.0 3.27369e+17 186803000000.0 35577100000000.0 145988000000000.0 21222400000.0 8853090000000.0 70498200000000.0 4035480.0 28805900000000.0 412831000000000.0 185465000000000.0 16883400.0 442569000.0 37309600000.0 494288000000.0 11996000000000.0 797823.0 41609300.0 -4.92 [-4.92]
36307800000000.0 3.01349e+17 208613000000.0 37205000000000.0 144096000000000.0 24281000000.0 9426950000000.0 65663600000000.0 5065560.0 30647500000000.0 364790000000000.0 152200000000000.0 20088000.0 515903000.0 42084600000.0 560280000000.0 12447900000000.0 998233.0 45212800.0 -4.9 [-4.9]
36307800000000.0 2.75736e+17 236023000000.0 39188300000000.0 141562000000000.0 27928200000.0 10020500000000.0 60556000000000.0 6398400.0 32460100000000.0 319011000000000.0 122908000000000.0 24155900.0 613043000.0 47990600000.0 636994000000.0 12884600000000.0 1255780.0 48852400.0 -4.88 [-4.88]
36307800000000.0 2.50019e+17 271878000000.0 41700300000000.0 138139000000000.0 32345400000.0 10626800000000.0 55093800000000.0 8159950.0 34175200000000.0 275078000000000.0 97017400000000.0 29507000.0 749646000.0 55695800000.0 728196000000.0 13299300000000.0 1594220.0 52775800.0 -4.86 [-4.86]
36307800000000.0 2.23494e+17 321385000000.0 45021700000000.0 133391000000000.0 37798400000.0 11226300000000.0 49155700000000.0 10563400.0 35660000000000.0 232378000000000.0 73999000000000.0 36943800.0 957916000.0 66467100000.0 840240000000.0 13677800000000.0 2055160.0 57997500.0 -4.84 [-4.84]
36307700000000.0 1.94403e+17 396948000000.0 49715800000000.0 126281000000000.0 44798600000.0 11766100000000.0 42420900000000.0 14083600.0 36611200000000.0 189020000000000.0 52940100000000.0 48449300.0 1321860000.0 83205700000.0 988741000000.0 13989500000000.0 2733560.0 68086600.0 -4.82 [-4.82]
36307800000000.0 1.68159e+17 493789000000.0 54836200000000.0 117748000000000.0 52328600000.0 12117300000000.0 36194900000000.0 18671200.0 36962200000000.0 151082000000000.0 37049000000000.0 64770500.0 1890250000.0 105359000000.0 1153970000000.0 14125200000000.0 3655880.0 88151000.0 -4.8 [-4.8]
36307800000000.0 1.47675e+17 596896000000.0 59158100000000.0 109392000000000.0 59413100000.0 12289100000000.0 31251100000000.0 24047000.0 37090100000000.0 121388000000000.0 26490200000000.0 85022800.0 2637720000.0 129393000000.0 1310700000000.0 14079500000000.0 4791060.0 117222000.0 -4.78 [-4.78]
36307700000000.0 1.28206e+17 726446000000.0 63261300000000.0 99700000000000.0 66792800000.0 12240200000000.0 26662600000000.0 31302800.0 36783900000000.0 94097800000000.0 18142300000000.0 114028000.0 3781290000.0 158475000000.0 1485460000000.0 13840400000000.0 6359830.0 162309000.0 -4.76 [-4.76]
36307800000000.0 1.09782e+17 888878000000.0 66669900000000.0 88707300000000.0 74229500000.0 11918400000000.0 22491400000000.0 41517200.0 36153900000000.0 69276400000000.0 11717200000000.0 157468000.0 5567430000.0 192314000000.0 1677270000000.0 13358700000000.0 8584960.0 231198000.0 -4.74 [-4.74]
36307800000000.0 9.29418e+16 1082340000000.0 68713400000000.0 76972100000000.0 81458700000.0 11321700000000.0 18820900000000.0 56393900.0 35513700000000.0 48049000000000.0 7105550000000.0 223837000.0 8307290000.0 229019000000.0 1875970000000.0 12610500000000.0 11772200.0 332080000.0 -4.72 [-4.72]
36307800000000.0 7.91285e+16 1277010000000.0 68954500000000.0 66146700000000.0 88382100000.0 10618200000000.0 15794600000000.0 77015200.0 35309600000000.0 32535400000000.0 4247040000000.0 315538000.0 12041700000.0 264492000000.0 2052810000000.0 11700000000000.0 16054400.0 460305000.0 -4.7 [-4.7]
36307700000000.0 6.86858e+16 1442400000000.0 67834300000000.0 57298700000000.0 95263100000.0 9997740000000.0 13380400000000.0 103072000.0 35575700000000.0 22544900000000.0 2643320000000.0 424653000.0 16530700000.0 296658000000.0 2189590000000.0 10786600000000.0 21337700.0 600663000.0 -4.68 [-4.68]
36307700000000.0 6.07229e+16 1574190000000.0 65988400000000.0 50213000000000.0 102343000000.0 9498720000000.0 11423000000000.0 134336000.0 36064200000000.0 16169400000000.0 1728050000000.0 544398000.0 21661200000.0 326102000000.0 2290310000000.0 9935440000000.0 27615400.0 745049000.0 -4.66 [-4.66]
36307800000000.0 5.44078e+16 1678390000000.0 63788000000000.0 44417900000000.0 109703000000.0 9094480000000.0 9800660000000.0 171089000.0 36594000000000.0 11936700000000.0 1174830000000.0 671967000.0 27450200000.0 353619000000.0 2363430000000.0 9153220000000.0 35000200.0 891756000.0 -4.64 [-4.64]
36307800000000.0 4.92054e+16 1761080000000.0 61409500000000.0 39552300000000.0 117355000000.0 8753770000000.0 8433490000000.0 213999000.0 37076500000000.0 9000800000000.0 821564000000.0 806532000.0 33965900000.0 379638000000.0 2415290000000.0 8431140000000.0 43672500.0 1041220000.0 -4.62 [-4.62]
36307800000000.0 4.47996e+16 1826620000000.0 58946900000000.0 35387500000000.0 125290000000.0 8455490000000.0 7270040000000.0 263888000.0 37473000000000.0 6894430000000.0 586503000000.0 947576000.0 41278400000.0 404319000000.0 2449970000000.0 7761250000000.0 53842000.0 1194000000.0 -4.6 [-4.6]
36307800000000.0 4.09979e+16 1878100000000.0 56459200000000.0 31776200000000.0 133490000000.0 8186560000000.0 6275160000000.0 321627000.0 37767200000000.0 5345990000000.0 425425000000.0 1094350000.0 49440300000.0 427658000000.0 2470050000000.0 7138440000000.0 65731000.0 1350400000.0 -4.58 [-4.58]
36307800000000.0 3.76773e+16 1917940000000.0 53991000000000.0 28620000000000.0 141927000000.0 7939210000000.0 5422870000000.0 388070000.0 37954500000000.0 4187830000000.0 312685000000.0 1245810000.0 58482000000.0 449601000000.0 2477540000000.0 6559730000000.0 79566900.0 1510510000.0 -4.56 [-4.56]
36307800000000.0 3.47491e+16 1948200000000.0 51572200000000.0 25843400000000.0 150576000000.0 7708020000000.0 4691690000000.0 464136000.0 38036300000000.0 3309170000000.0 232399000000.0 1400900000.0 68423500000.0 470089000000.0 2474000000000.0 6022410000000.0 95596600.0 1674520000.0 -4.54 [-4.54]
36307800000000.0 3.21377e+16 1970340000000.0 49211000000000.0 23380700000000.0 159425000000.0 7487400000000.0 4061780000000.0 551120000.0 38017400000000.0 2632290000000.0 174206000000.0 1558890000.0 79314500000.0 489054000000.0 2460620000000.0 5522140000000.0 114135000.0 1842860000.0 -4.52 [-4.52]
36307800000000.0 2.97912e+16 1985570000000.0 46917100000000.0 21185200000000.0 168459000000.0 7274200000000.0 3518040000000.0 650338000.0 37903300000000.0 2105280000000.0 131496000000.0 1718720000.0 91183200000.0 506417000000.0 2438380000000.0 5056280000000.0 135513000.0 2015770000.0 -4.5 [-4.5]
36307800000000.0 2.76743e+16 1995060000000.0 44702600000000.0 19222600000000.0 177649000000.0 7066960000000.0 3048680000000.0 763026000.0 37700200000000.0 1692070000000.0 99880800000.0 1879120000.0 104025000000.0 522110000000.0 2408220000000.0 4623420000000.0 160059000.0 2193350000.0 -4.48 [-4.48]
36307800000000.0 2.57525e+16 1999560000000.0 42567500000000.0 17460600000000.0 186981000000.0 6863600000000.0 2642620000000.0 890823000.0 37414200000000.0 1365270000000.0 76243900000.0 2039020000.0 117858000000.0 536059000000.0 2370860000000.0 4221020000000.0 188178000.0 2375820000.0 -4.46 [-4.46]
36307800000000.0 2.40026e+16 2000010000000.0 40517800000000.0 15875100000000.0 196430000000.0 6663570000000.0 2291300000000.0 1035230000.0 37051400000000.0 1105490000000.0 58463300000.0 2197230000.0 132663000000.0 548224000000.0 2327060000000.0 3847750000000.0 220275000.0 2563410000.0 -4.44 [-4.44]
36307800000000.0 2.24043e+16 1997060000000.0 38554700000000.0 14445400000000.0 205884000000.0 6466190000000.0 1987230000000.0 1198040000.0 36618000000000.0 897928000000.0 45006600000.0 2352570000.0 148410000000.0 558554000000.0 2277520000000.0 3502010000000.0 256784000.0 2756170000.0 -4.42 [-4.42]
36307800000000.0 2.09399e+16 1991290000000.0 36677700000000.0 13153200000000.0 215399000000.0 6270980000000.0 1723880000000.0 1380970000.0 36119700000000.0 731302000000.0 34766400000.0 2503990000.0 165066000000.0 567013000000.0 2222870000000.0 3182200000000.0 298185000.0 2954240000.0 -4.4 [-4.4]
36307800000000.0 1.95946e+16 1983210000000.0 34885800000000.0 11983000000000.0 224955000000.0 6077720000000.0 1495670000000.0 1585960000.0 35562500000000.0 596986000000.0 26936300000.0 2650540000.0 182584000000.0 573589000000.0 2163710000000.0 2886830000000.0 345001000.0 3157850000.0 -4.38 [-4.38]
36307800000000.0 1.83548e+16 1973120000000.0 33175000000000.0 10921100000000.0 234534000000.0 5885950000000.0 1297720000000.0 1815260000.0 34950900000000.0 488243000000.0 20919500000.0 2791310000.0 200913000000.0 578233000000.0 2100590000000.0 2614200000000.0 397807000.0 3366920000.0 -4.36 [-4.36]
36307800000000.0 1.721e+16 1961410000000.0 31543400000000.0 9956190000000.0 244117000000.0 5695790000000.0 1125990000000.0 2071120000.0 34290100000000.0 399950000000.0 16280800000.0 2925510000.0 219978000000.0 580948000000.0 2034060000000.0 2363050000000.0 457204000.0 3581540000.0 -4.34 [-4.34]
36307800000000.0 1.6151e+16 1948370000000.0 29988400000000.0 9078280000000.0 253682000000.0 5507300000000.0 976966000000.0 2355900000.0 33585100000000.0 328070000000.0 12693300000.0 3052430000.0 239691000000.0 581737000000.0 1964660000000.0 2132070000000.0 523829000.0 3801710000.0 -4.32 [-4.32]
36307800000000.0 1.51689e+16 1934180000000.0 28506200000000.0 8278430000000.0 263219000000.0 5320470000000.0 847577000000.0 2672360000.0 32840100000000.0 269382000000.0 9910010000.0 3171470000.0 259963000000.0 580604000000.0 1892850000000.0 1919910000000.0 598406000.0 4027410000.0 -4.3 [-4.3]
36307800000000.0 1.42564e+16 1918980000000.0 27093000000000.0 7548870000000.0 272712000000.0 5135330000000.0 735177000000.0 3023420000.0 32059100000000.0 221348000000.0 7744730000.0 3282080000.0 280692000000.0 577562000000.0 1819070000000.0 1725310000000.0 681703000.0 4258520000.0 -4.28 [-4.28]
36307800000000.0 1.34069e+16 1902920000000.0 25745500000000.0 6882770000000.0 282147000000.0 4952050000000.0 637514000000.0 3412160000.0 31245900000000.0 181962000000.0 6056860000.0 3383880000.0 301759000000.0 572643000000.0 1743790000000.0 1547120000000.0 774538000.0 4494950000.0 -4.26 [-4.26]
36307800000000.0 1.26156e+16 1886180000000.0 24461800000000.0 6274510000000.0 291506000000.0 4770970000000.0 552704000000.0 3841570000.0 30405100000000.0 149641000000.0 4739790000.0 3476530000.0 323021000000.0 565911000000.0 1667500000000.0 1384380000000.0 877729000.0 4736420000.0 -4.24 [-4.24]
36307800000000.0 1.18772e+16 1868810000000.0 23238200000000.0 5718660000000.0 300779000000.0 4592180000000.0 479031000000.0 4315170000.0 29540300000000.0 123074000000.0 3710300000.0 3559770000.0 344341000000.0 557417000000.0 1590580000000.0 1236010000000.0 992205000.0 4982710000.0 -4.22 [-4.22]
36307800000000.0 1.11869e+16 1850870000000.0 22071600000000.0 5210330000000.0 309956000000.0 4415800000000.0 415010000000.0 4836780000.0 28654600000000.0 101208000000.0 2904440000.0 3633470000.0 365579000000.0 547231000000.0 1513420000000.0 1100970000000.0 1118980000.0 5233600000.0 -4.2 [-4.2]
36307800000000.0 1.0541e+16 1832390000000.0 20959000000000.0 4745430000000.0 319024000000.0 4242020000000.0 359392000000.0 5410270000.0 27751500000000.0 83201000000.0 2273230000.0 3697500000.0 386579000000.0 535439000000.0 1436400000000.0 978345000000.0 1259090000.0 5488660000.0 -4.18 [-4.18]
36307800000000.0 9935990000000000.0 1813460000000.0 19898300000000.0 4320120000000.0 327969000000.0 4071040000000.0 311084000000.0 6039690000.0 26834600000000.0 68365800000.0 1778600000.0 3751900000.0 407177000000.0 522150000000.0 1359900000000.0 867270000000.0 1413630000.0 5747560000.0 -4.16 [-4.16]
36307800000000.0 9369830000000000.0 1794390000000.0 18889700000000.0 3930680000000.0 336784000000.0 3903520000000.0 269122000000.0 6729510000.0 25913500000000.0 56143100000.0 1391070000.0 3797150000.0 427281000000.0 507648000000.0 1284720000000.0 766583000000.0 1587120000.0 6010130000.0 -4.14 [-4.14]
36307800000000.0 8838670000000000.0 1775090000000.0 17929000000000.0 3573750000000.0 345465000000.0 3739250000000.0 232644000000.0 7485060000.0 24988200000000.0 46059800000.0 1087030000.0 3833290000.0 446737000000.0 491977000000.0 1210910000000.0 675505000000.0 1781700000.0 6276060000.0 -4.12 [-4.12]
36307800000000.0 8339950000000000.0 1755520000000.0 17013100000000.0 3247190000000.0 353988000000.0 3578320000000.0 201000000000.0 8309850000.0 24057800000000.0 37754600000.0 848817000.0 3860330000.0 465297000000.0 475182000000.0 1138500000000.0 593697000000.0 1996410000.0 6544440000.0 -4.1 [-4.1]
36307800000000.0 7871490000000000.0 1735720000000.0 16140400000000.0 2948490000000.0 362339000000.0 3420940000000.0 173564000000.0 9208450000.0 23125700000000.0 30917900000.0 662287000.0 3878600000.0 482801000000.0 457422000000.0 1067790000000.0 520442000000.0 2232900000.0 6814690000.0 -4.08 [-4.08]
36307800000000.0 7431360000000000.0 1715780000000.0 15309100000000.0 2675410000000.0 370504000000.0 3267300000000.0 149795000000.0 10185400000.0 22195100000000.0 25294700000.0 516339000.0 3888460000.0 499100000000.0 438869000000.0 999059000000.0 455061000000.0 2492920000.0 7086150000.0 -4.06 [-4.06]
36307800000000.0 7017360000000000.0 1695690000000.0 14517000000000.0 2425690000000.0 378471000000.0 3117420000000.0 129199000000.0 11245900000.0 21268400000000.0 20670200000.0 402152000.0 3890260000.0 514068000000.0 419673000000.0 932496000000.0 396853000000.0 2778450000.0 7358250000.0 -4.04 [-4.04]
36307800000000.0 6628120000000000.0 1675560000000.0 13763100000000.0 2197570000000.0 386227000000.0 2971560000000.0 111377000000.0 12394200000.0 20349100000000.0 16873000000.0 312949000.0 3884500000.0 527579000000.0 400025000000.0 868355000000.0 345232000000.0 3091320000.0 7630190000.0 -4.02 [-4.02]
36307800000000.0 6261050000000000.0 1655380000000.0 13043600000000.0 1988760000000.0 393765000000.0 2829430000000.0 95925100000.0 13637600000.0 19437300000000.0 13751200000.0 243171000.0 3871570000.0 539554000000.0 380036000000.0 806637000000.0 299491000000.0 3434350000.0 7901900000.0 -4.0 [-4.0]
36307800000000.0 5917850000000000.0 1635460000000.0 12363500000000.0 1799180000000.0 401043000000.0 2692370000000.0 82644900000.0 14972400000.0 18543900000000.0 11206400000.0 189044000.0 3852350000.0 549855000000.0 360063000000.0 748012000000.0 259396000000.0 3807130000.0 8170460000.0 -3.98 [-3.98]
36307800000000.0 5594150000000000.0 1615630000000.0 11715000000000.0 1625840000000.0 408075000000.0 2559260000000.0 71142600000.0 16410600000.0 17663500000000.0 9118330000.0 146766000.0 3827060000.0 558486000000.0 340083000000.0 692072000000.0 224094000000.0 4214240000.0 8437130000.0 -3.96 [-3.96]
