Cloudy_runs/pg1216/z=0.006328/logZ=1/component_I_PI_nH/component_I_PI_nH_col_density_param.txt
# %ECSV 1.0
# ---
# datatype:
# - {name: H, datatype: float64}
# - {name: H+, datatype: float64}
# - {name: C+, datatype: float64}
# - {name: C+2, datatype: float64}
# - {name: C+3, datatype: float64}
# - {name: N+, datatype: float64}
# - {name: N+2, datatype: float64}
# - {name: N+4, datatype: float64}
# - {name: O, datatype: float64}
# - {name: O+2, datatype: float64}
# - {name: O+5, datatype: float64}
# - {name: O+6, datatype: float64}
# - {name: P+, datatype: float64}
# - {name: Si+, datatype: float64}
# - {name: Si+2, datatype: float64}
# - {name: Si+3, datatype: float64}
# - {name: Si+4, datatype: float64}
# - {name: Fe+, datatype: float64}
# - {name: Al+, datatype: float64}
# - {name: log_nH, datatype: float64}
# - {name: parameters, datatype: string, subtype: 'float64[1]'}
# schema: astropy-2.0
H H+ C+ C+2 C+3 N+ N+2 N+4 O O+2 O+5 O+6 P+ Si+ Si+2 Si+3 Si+4 Fe+ Al+ log_nH parameters
[from data line 252]
36307800000000.0 2608100000000.0 26991600000.0 99295000.0 0.0 1433200000.0 40338.4 0.0 187873000000.0 77126.9 0.0 0.0 94834700.0 9311120000.0 30955.7 42021.0 0.0 12278100000.0 1092640000.0 0.04 [0.04]
36307800000000.0 2541660000000.0 26336000000.0 93884400.0 0.0 1388140000.0 37351.5 0.0 187651000000.0 71141.8 0.0 0.0 94642900.0 9241350000.0 29351.9 39798.0 0.0 12257100000.0 1090840000.0 0.06 [0.06]
36307800000000.0 2476960000000.0 25691800000.0 88749100.0 0.0 1344460000.0 34587.7 0.0 187435000000.0 65634.6 0.0 0.0 94455300.0 9171530000.0 27831.3 37692.2 0.0 12236600000.0 1089090000.0 0.08 [0.08]
36307800000000.0 2413980000000.0 25059200000.0 83877300.0 0.0 1302130000.0 32030.5 0.0 187223000000.0 60566.0 0.0 0.0 94271900.0 9101680000.0 26389.7 35697.2 0.0 12216700000.0 1087390000.0 0.1 [0.1]
36307800000000.0 2352660000000.0 24437500000.0 79254600.0 0.0 1261090000.0 29663.8 0.0 187015000000.0 55901.0 0.0 0.0 94092500.0 9031740000.0 25022.7 33807.0 0.0 12197300000.0 1085730000.0 0.12 [0.12]
36307800000000.0 2292930000000.0 23826800000.0 74869500.0 0.0 1221300000.0 27473.6 0.0 186812000000.0 51605.0 0.0 0.0 93916800.0 8961710000.0 23726.6 32016.3 0.0 12178400000.0 1084110000.0 0.14 [0.14]
36307800000000.0 2234770000000.0 23227100000.0 70710600.0 0.0 1182740000.0 25446.5 0.0 186614000000.0 47649.5 0.0 0.0 93744900.0 8891560000.0 22497.4 30319.6 0.0 12160000000.0 1082530000.0 0.16 [0.16]
36307800000000.0 2178130000000.0 22638200000.0 66766700.0 0.0 1145350000.0 23570.2 0.0 186419000000.0 44005.2 0.0 0.0 93576600.0 8821280000.0 21331.7 28711.8 0.0 12142000000.0 1081000000.0 0.18 [0.18]
36307800000000.0 2122950000000.0 22059900000.0 63027600.0 0.0 1109100000.0 21833.4 0.0 186229000000.0 40647.9 0.0 0.0 93411700.0 8750830000.0 20226.2 27188.4 0.0 12124600000.0 1079500000.0 0.2 [0.2]
36307800000000.0 2069200000000.0 21492200000.0 59483100.0 0.0 1073950000.0 20225.5 0.0 186043000000.0 37553.5 0.0 0.0 93250200.0 8680220000.0 19177.6 25744.7 0.0 12107500000.0 1078040000.0 0.22 [0.22]
36307800000000.0 2016830000000.0 20934900000.0 56123800.0 0.0 1039870000.0 18737.1 0.0 185861000000.0 34701.4 0.0 0.0 93091800.0 8609410000.0 18183.1 24376.7 0.0 12090900000.0 1076620000.0 0.24 [0.24]
36307800000000.0 1965810000000.0 20387900000.0 52940400.0 0.0 1006830000.0 17359.1 0.0 185683000000.0 32071.4 0.0 0.0 92936600.0 8538400000.0 17239.8 23080.2 0.0 12074800000.0 1075240000.0 0.26 [0.26]
36307800000000.0 1916110000000.0 19851100000.0 49924600.0 0.0 974797000.0 16083.1 0.0 185509000000.0 29646.5 0.0 0.0 92784400.0 8467160000.0 16345.0 21851.6 0.0 12059000000.0 1073890000.0 0.28 [0.28]
36307800000000.0 1867540000000.0 19323200000.0 47062900.0 0.0 943684000.0 14901.1 0.0 185337000000.0 27407.8 0.0 0.0 92633900.0 8395430000.0 15495.9 20686.7 0.0 12043600000.0 1072570000.0 0.3 [0.3]
36307800000000.0 1820450000000.0 18807500000.0 44362800.0 0.0 913613000.0 13807.9 0.0 185171000000.0 25346.0 0.0 0.0 92488300.0 8323980000.0 14691.2 19583.9 0.0 12028700000.0 1071290000.0 0.32 [0.32]
36307800000000.0 1774440000000.0 18300500000.0 41801400.0 0.0 884405000.0 12795.0 0.0 185008000000.0 23441.7 0.0 0.0 92344200.0 8252010000.0 13927.5 18538.2 0.0 12014100000.0 1070040000.0 0.34 [0.34]
36307800000000.0 1729490000000.0 17802300000.0 39372800.0 0.0 856043000.0 11856.4 0.0 184848000000.0 21682.8 0.0 0.0 92201800.0 8179520000.0 13202.7 17546.7 0.0 11999800000.0 1068810000.0 0.36 [0.36]
36307800000000.0 1685780000000.0 17314700000.0 37078300.0 0.0 828582000.0 10987.7 0.0 184692000000.0 20060.3 0.0 0.0 92062700.0 8107020000.0 12515.5 16607.6 0.0 11985900000.0 1067620000.0 0.38 [0.38]
36307800000000.0 1643280000000.0 16837400000.0 34911100.0 0.0 801991000.0 10183.7 0.0 184539000000.0 18563.3 0.0 0.0 91926800.0 8034470000.0 11863.9 15718.1 0.0 11972400000.0 1066470000.0 0.4 [0.4]
36307800000000.0 1601740000000.0 16368600000.0 32857100.0 0.0 776168000.0 9438.55 0.0 184390000000.0 17179.8 0.0 0.0 91792200.0 7961390000.0 11245.4 14874.7 0.0 11959200000.0 1065340000.0 0.42 [0.42]
36307800000000.0 1561230000000.0 15909000000.0 30914600.0 0.0 751128000.0 8748.4 0.0 184243000000.0 15901.9 0.0 0.0 91659700.0 7888030000.0 10658.8 14075.5 0.0 11946400000.0 1064230000.0 0.44 [0.44]
36307800000000.0 1521740000000.0 15458600000.0 29078000.0 0.0 726848000.0 8109.15 0.0 184100000000.0 14721.2 0.0 0.0 91529100.0 7814360000.0 10102.3 13318.1 0.0 11933800000.0 1063150000.0 0.46 [0.46]
36307800000000.0 1483230000000.0 15017300000.0 27341800.0 0.0 703305000.0 7517.04 0.0 183960000000.0 13630.3 0.0 0.0 91400500.0 7740400000.0 9574.34 12600.5 0.0 11921600000.0 1062100000.0 0.48 [0.48]
36307800000000.0 1445680000000.0 14584800000.0 25701100.0 0.0 680476000.0 6968.55 0.0 183823000000.0 12622.0 0.0 0.0 91273700.0 7666150000.0 9073.57 11920.5 0.0 11909600000.0 1061080000.0 0.5 [0.5]
36307800000000.0 1409050000000.0 14161300000.0 24151000.0 0.0 658341000.0 6460.46 0.0 183689000000.0 11690.0 0.0 0.0 91148600.0 7591610000.0 8598.55 11276.2 0.0 11898000000.0 1060080000.0 0.52 [0.52]
36307800000000.0 1373330000000.0 13746400000.0 22686900.0 0.0 636879000.0 5989.78 0.0 183558000000.0 10828.3 0.0 0.0 91025000.0 7516770000.0 8147.97 10665.8 0.0 11886600000.0 1059100000.0 0.54 [0.54]
36307800000000.0 1338490000000.0 13340200000.0 21304300.0 0.0 616069000.0 5553.74 0.0 183430000000.0 10031.5 0.0 0.0 90903000.0 7441640000.0 7720.59 10087.5 0.0 11875500000.0 1058150000.0 0.56 [0.56]
36307800000000.0 1304500000000.0 12942500000.0 19999300.0 0.0 595894000.0 5149.78 0.0 183305000000.0 9294.58 0.0 0.0 90782300.0 7366240000.0 7315.23 9539.61 0.0 11864700000.0 1057220000.0 0.58 [0.58]
36307800000000.0 1271340000000.0 12553200000.0 18767800.0 0.0 576334000.0 4775.52 0.0 183182000000.0 8612.93 0.0 0.0 90663000.0 7290560000.0 6930.75 9020.62 0.0 11854100000.0 1056310000.0 0.6 [0.6]
36307800000000.0 1239000000000.0 12172300000.0 17605900.0 0.0 557372000.0 4428.78 0.0 183062000000.0 7982.31 0.0 0.0 90544900.0 7214620000.0 6566.11 8529.02 0.0 11843800000.0 1055430000.0 0.62 [0.62]
36307800000000.0 1207430000000.0 11799700000.0 16510200.0 0.0 538989000.0 4107.51 0.0 182945000000.0 7398.79 0.0 0.0 90427800.0 7138420000.0 6220.3 8063.41 0.0 11833700000.0 1054560000.0 0.64 [0.64]
36307800000000.0 1176640000000.0 11435300000.0 15477100.0 0.0 521170000.0 3809.84 0.0 182830000000.0 6858.79 0.0 0.0 90311800.0 7061970000.0 5892.35 7622.43 0.0 11823900000.0 1053720000.0 0.66 [0.66]
36307800000000.0 1146580000000.0 11079700000.0 14514300.0 0.0 503906000.0 3534.11 0.0 182718000000.0 6358.74 0.0 0.0 90196500.0 6985340000.0 5581.38 7204.98 0.0 11814300000.0 1052890000.0 0.68 [0.68]
36307800000000.0 1117230000000.0 10733000000.0 13619600.0 0.0 487184000.0 3278.7 0.0 182608000000.0 5895.55 0.0 0.0 90082000.0 6908540000.0 5286.54 6809.84 0.0 11804900000.0 1052080000.0 0.7 [0.7]
36307800000000.0 1088590000000.0 10394200000.0 12775700.0 0.0 470976000.0 3042.02 0.0 182501000000.0 5466.76 0.0 0.0 89968100.0 6831540000.0 5006.97 6435.7 0.0 11795700000.0 1051290000.0 0.72 [0.72]
36307800000000.0 1060640000000.0 10063000000.0 11980000.0 0.0 455266000.0 2822.67 0.0 182395000000.0 5069.76 0.0 0.0 89854700.0 6754340000.0 4741.91 6081.46 0.0 11786800000.0 1050520000.0 0.74 [0.74]
36307800000000.0 1033350000000.0 9739400000.0 11229900.0 0.0 440040000.0 2619.39 0.0 182293000000.0 4702.16 0.0 0.0 89741800.0 6676980000.0 4490.6 5746.1 0.0 11778000000.0 1049770000.0 0.76 [0.76]
36307800000000.0 1006720000000.0 9423350000.0 10523100.0 0.0 425284000.0 2430.99 0.0 182192000000.0 4361.73 0.0 0.0 89629200.0 6599460000.0 4252.36 5428.64 0.0 11769500000.0 1049030000.0 0.78 [0.78]
36307800000000.0 980718000000.0 9114750000.0 9857360.0 0.0 410986000.0 2256.37 0.0 182093000000.0 4046.44 0.0 0.0 89516900.0 6521800000.0 4026.51 5128.15 0.0 11761200000.0 1048310000.0 0.8 [0.8]
36307800000000.0 955337000000.0 8813520000.0 9230500.0 0.0 397131000.0 2094.53 0.0 181997000000.0 3754.41 0.0 0.0 89404600.0 6444030000.0 3812.43 4843.77 0.0 11753000000.0 1047610000.0 0.82 [0.82]
36307800000000.0 930555000000.0 8519570000.0 8640470.0 0.0 383707000.0 1944.51 0.0 181903000000.0 3483.89 0.0 0.0 89292300.0 6366160000.0 3609.52 4574.65 0.0 11745000000.0 1046920000.0 0.84 [0.84]
36307800000000.0 906360000000.0 8232850000.0 8085350.0 0.0 370703000.0 1805.45 0.0 181810000000.0 3233.28 0.0 0.0 89179900.0 6288220000.0 3417.21 4320.01 0.0 11737300000.0 1046250000.0 0.86 [0.86]
36307800000000.0 882735000000.0 7953210000.0 7563210.0 0.0 358104000.0 1676.55 0.0 181720000000.0 3001.1 0.0 0.0 89067300.0 6210230000.0 3234.96 4079.08 0.0 11729600000.0 1045590000.0 0.88 [0.88]
36307800000000.0 859665000000.0 7680610000.0 7072310.0 0.0 345902000.0 1557.06 0.0 181631000000.0 2785.97 0.0 0.0 88954200.0 6132200000.0 3062.25 3851.17 0.0 11722200000.0 1044950000.0 0.9 [0.9]
36307800000000.0 837137000000.0 7414970000.0 6610990.0 0.0 334083000.0 1446.28 0.0 181545000000.0 2586.63 0.0 0.0 88840700.0 6054160000.0 2898.6 3635.59 0.0 11714900000.0 1044320000.0 0.92 [0.92]
36307800000000.0 815137000000.0 7156200000.0 6177630.0 0.0 322637000.0 1343.57 0.0 181460000000.0 2401.93 0.0 0.0 88726600.0 5976150000.0 2743.54 3431.71 0.0 11707800000.0 1043710000.0 0.94 [0.94]
36307800000000.0 793650000000.0 6904240000.0 5770700.0 0.0 311552000.0 1248.34 0.0 181377000000.0 2230.76 0.0 0.0 88611600.0 5898180000.0 2596.64 3238.9 0.0 11700900000.0 1043110000.0 0.96 [0.96]
36307800000000.0 772665000000.0 6658980000.0 5388750.0 0.0 300819000.0 1160.05 0.0 181296000000.0 2072.14 0.0 0.0 88495800.0 5820280000.0 2457.47 3056.6 0.0 11694100000.0 1042520000.0 0.98 [0.98]
36307800000000.0 752167000000.0 6420350000.0 5030400.0 0.0 290428000.0 1078.17 0.0 181216000000.0 1925.15 0.0 0.0 88378900.0 5742480000.0 2325.65 2884.25 0.0 11687400000.0 1041950000.0 1.0 [1.0]
