Cloudy_runs/pg0003/z=0.386089/logZ=-1/component_II_PI_nH/component_II_PI_nH_col_density_param.txt
# %ECSV 1.0
# ---
# datatype:
# - {name: H, datatype: float64}
# - {name: H+, datatype: float64}
# - {name: C+, datatype: float64}
# - {name: C+2, datatype: float64}
# - {name: C+3, datatype: float64}
# - {name: N+2, datatype: float64}
# - {name: N+4, datatype: float64}
# - {name: O, datatype: float64}
# - {name: O+2, datatype: float64}
# - {name: O+5, datatype: float64}
# - {name: O+6, datatype: float64}
# - {name: Si+, datatype: float64}
# - {name: Si+2, datatype: float64}
# - {name: Si+3, datatype: float64}
# - {name: Si+4, datatype: float64}
# - {name: log_nH, datatype: float64}
# - {name: log_Te, datatype: float64}
# - {name: parameters, datatype: string, subtype: 'float64[1]'}
# schema: astropy-2.0
H H+ C+ C+2 C+3 N+2 N+4 O O+2 O+5 O+6 Si+ Si+2 Si+3 Si+4 log_nH log_Te parameters
125893000000000.0 1.47963e+19 1246520000.0 373789000000.0 3261930000000.0 52842000000.0 5170760000000.0 3880.27 127972000000.0 108757000000000.0 445710000000000.0 164385.0 14400500.0 140880000.0 43641700000.0 -5.0 4.657 [-5.0]
125893000000000.0 1.39507e+19 1385420000.0 404943000000.0 3391830000000.0 57226800000.0 5234910000000.0 4342.52 139152000000.0 107167000000000.0 415645000000000.0 203450.0 17297900.0 163280000.0 47744100000.0 -4.98 4.65 [-4.98]
125893000000000.0 1.31578e+19 1536920000.0 437892000000.0 3521320000000.0 61911400000.0 5292430000000.0 4859.99 151213000000.0 105417000000000.0 387061000000000.0 251112.0 20732400.0 188871000.0 52144200000.0 -4.96 4.644 [-4.96]
125893000000000.0 1.24138e+19 1701930000.0 472682000000.0 3650100000000.0 66913900000.0 5343210000000.0 5439.63 164215000000.0 103513000000000.0 359928000000000.0 309116.0 24795300.0 218050000.0 56855200000.0 -4.94 4.637 [-4.94]
125893000000000.0 1.17155e+19 1881440000.0 509360000000.0 3777860000000.0 72253200000.0 5387120000000.0 6089.48 178222000000.0 101462000000000.0 334211000000000.0 379539.0 29591800.0 251259000.0 61890400000.0 -4.92 4.631 [-4.92]
125893000000000.0 1.10599e+19 2076460000.0 547965000000.0 3904280000000.0 77948600000.0 5424050000000.0 6818.3 193299000000.0 99272200000000.0 309874000000000.0 464837.0 35243900.0 288983000.0 67262700000.0 -4.9 4.625 [-4.9]
125893000000000.0 1.0444e+19 2288150000.0 588541000000.0 4029070000000.0 84021400000.0 5453910000000.0 7636.6 209515000000.0 96953000000000.0 286879000000000.0 567915.0 41891000.0 331754000.0 72984300000.0 -4.88 4.619 [-4.88]
125893000000000.0 9.86533e+18 2517660000.0 631128000000.0 4151930000000.0 90491600000.0 5476620000000.0 8555.55 226937000000.0 94513000000000.0 265187000000000.0 692199.0 49693900.0 380159000.0 79067300000.0 -4.86 4.613 [-4.86]
125893000000000.0 9.32132e+18 2766250000.0 675763000000.0 4272570000000.0 97380600000.0 5492100000000.0 9587.98 245633000000.0 91962200000000.0 244754000000000.0 841727.0 58836900.0 434841000.0 85523400000.0 -4.84 4.607 [-4.84]
125893000000000.0 8.80976e+18 3035290000.0 722486000000.0 4390740000000.0 104711000000.0 5500300000000.0 10748.6 265675000000.0 89310700000000.0 225540000000000.0 1021240.0 69530500.0 496499000.0 92362800000.0 -4.82 4.601 [-4.82]
125893000000000.0 8.32839e+18 3326100000.0 771326000000.0 4506160000000.0 112501000000.0 5501190000000.0 12052.4 287117000000.0 86568800000000.0 207498000000000.0 1236290.0 82016300.0 565911000.0 99596400000.0 -4.8 4.596 [-4.8]
125893000000000.0 7.87531e+18 3640200000.0 822317000000.0 4618590000000.0 120774000000.0 5494740000000.0 13517.7 310029000000.0 83747800000000.0 190586000000000.0 1493380.0 96568900.0 643909000.0 107233000000.0 -4.78 4.591 [-4.78]
125893000000000.0 7.44869e+18 3979170000.0 875487000000.0 4727790000000.0 129551000000.0 5480940000000.0 15164.6 334473000000.0 80859100000000.0 174761000000000.0 1800110.0 113501000.0 731400000.0 115280000000.0 -4.76 4.585 [-4.76]
125893000000000.0 7.04682e+18 4344670000.0 930868000000.0 4833550000000.0 138851000000.0 5459790000000.0 17015.2 360506000000.0 77914300000000.0 159978000000000.0 2165310.0 133168000.0 829374000.0 123745000000.0 -4.74 4.58 [-4.74]
125893000000000.0 6.66812e+18 4738460000.0 988472000000.0 4935600000000.0 148693000000.0 5431290000000.0 19094.2 388180000000.0 74925100000000.0 146192000000000.0 2599260.0 155974000.0 938895000.0 132633000000.0 -4.72 4.575 [-4.72]
125893000000000.0 6.31112e+18 5162310000.0 1048320000000.0 5033780000000.0 159095000000.0 5395500000000.0 21429.1 417542000000.0 71903700000000.0 133360000000000.0 3113870.0 182374000.0 1061120000.0 141949000000.0 -4.7 4.57 [-4.7]
125893000000000.0 5.97444e+18 5618100000.0 1110440000000.0 5127880000000.0 170074000000.0 5352460000000.0 24050.2 448633000000.0 68862000000000.0 121438000000000.0 3722940.0 212884000.0 1197290000.0 151693000000.0 -4.68 4.566 [-4.68]
125893000000000.0 5.6568e+18 6107810000.0 1174820000000.0 5217720000000.0 181642000000.0 5302240000000.0 26991.0 481485000000.0 65811900000000.0 110382000000000.0 4442370.0 248088000.0 1348750000.0 161869000000.0 -4.66 4.561 [-4.66]
125893000000000.0 5.35706e+18 6633640000.0 1241480000000.0 5303100000000.0 193816000000.0 5244940000000.0 30290.7 516136000000.0 62765300000000.0 100151000000000.0 5290540.0 288638000.0 1516920000.0 172473000000.0 -4.64 4.556 [-4.64]
125893000000000.0 5.07402e+18 7197330000.0 1310390000000.0 5383870000000.0 206595000000.0 5180670000000.0 33986.2 552575000000.0 59733300000000.0 90698700000000.0 6288440.0 335273000.0 1703390000.0 183504000000.0 -4.62 4.552 [-4.62]
125893000000000.0 4.80668e+18 7801190000.0 1381550000000.0 5459860000000.0 219989000000.0 5109560000000.0 38124.4 590821000000.0 56727200000000.0 81985200000000.0 7460240.0 388818000.0 1909780000.0 194956000000.0 -4.6 4.547 [-4.6]
125893000000000.0 4.5541e+18 8447430000.0 1454950000000.0 5530920000000.0 233998000000.0 5031770000000.0 42755.2 630870000000.0 53757600000000.0 73969300000000.0 8833530.0 450195000.0 2137870000.0 206821000000.0 -4.58 4.543 [-4.58]
125893000000000.0 4.31548e+18 9138860000.0 1530570000000.0 5596910000000.0 248629000000.0 4947530000000.0 47940.5 672739000000.0 50834800000000.0 66612400000000.0 10439900.0 520435000.0 2389440000.0 219088000000.0 -4.56 4.539 [-4.56]
125893000000000.0 4.08992e+18 9877630000.0 1608360000000.0 5657670000000.0 263874000000.0 4857040000000.0 53739.9 716395000000.0 47968100000000.0 59873600000000.0 12315300.0 600687000.0 2666510000.0 231744000000.0 -4.54 4.534 [-4.54]
125893000000000.0 3.87659e+18 10665600000.0 1688260000000.0 5713080000000.0 279711000000.0 4760520000000.0 60214.8 761777000000.0 45166100000000.0 53713300000000.0 14500000.0 692230000.0 2971240000.0 244775000000.0 -4.52 4.53 [-4.52]
125893000000000.0 3.67477e+18 11505200000.0 1770210000000.0 5763010000000.0 296126000000.0 4658270000000.0 67440.6 808845000000.0 42436800000000.0 48094600000000.0 17040300.0 796482000.0 3305830000.0 258164000000.0 -4.5 4.526 [-4.5]
125893000000000.0 3.48381e+18 12398700000.0 1854140000000.0 5807330000000.0 313095000000.0 4550600000000.0 75499.2 857547000000.0 39787300000000.0 42980800000000.0 19988000.0 915011000.0 3672650000.0 271890000000.0 -4.48 4.522 [-4.48]
125893000000000.0 3.30305e+18 13348500000.0 1939940000000.0 5845940000000.0 330591000000.0 4437820000000.0 84480.7 907815000000.0 37223900000000.0 38337200000000.0 23401400.0 1049550000.0 4074150000.0 285928000000.0 -4.46 4.518 [-4.46]
125893000000000.0 3.13191e+18 14356700000.0 2027530000000.0 5878710000000.0 348582000000.0 4320310000000.0 94486.2 959583000000.0 34751600000000.0 34129300000000.0 27346700.0 1202030000.0 4512970000.0 300253000000.0 -4.44 4.514 [-4.44]
125893000000000.0 2.96986e+18 15425300000.0 2116760000000.0 5905550000000.0 367024000000.0 4198500000000.0 105623.0 1012750000000.0 32375500000000.0 30325800000000.0 31896100.0 1374510000.0 4991720000.0 314832000000.0 -4.42 4.51 [-4.42]
125893000000000.0 2.81638e+18 16556600000.0 2207520000000.0 5926340000000.0 385875000000.0 4072790000000.0 118015.0 1067240000000.0 30098900000000.0 26895000000000.0 37132000.0 1569300000.0 5513230000.0 329632000000.0 -4.4 4.506 [-4.4]
125893000000000.0 2.67098e+18 17752400000.0 2299640000000.0 5941010000000.0 405083000000.0 3943630000000.0 131800.0 1122950000000.0 27924400000000.0 23807500000000.0 43145200.0 1788930000.0 6080420000.0 344618000000.0 -4.38 4.502 [-4.38]
125893000000000.0 2.53321e+18 19014300000.0 2392950000000.0 5949440000000.0 424591000000.0 3811490000000.0 147126.0 1179760000000.0 25853800000000.0 21035000000000.0 50036600.0 2036120000.0 6696300000.0 359748000000.0 -4.36 4.498 [-4.36]
125893000000000.0 2.40263e+18 20343700000.0 2487230000000.0 5951570000000.0 444337000000.0 3676850000000.0 164159.0 1237570000000.0 23888100000000.0 18550800000000.0 57917300.0 2313860000.0 7364010000.0 374982000000.0 -4.34 4.494 [-4.34]
125893000000000.0 2.27888e+18 21742500000.0 2582320000000.0 5947320000000.0 464259000000.0 3540230000000.0 183094.0 1296280000000.0 22027500000000.0 16330000000000.0 66910600.0 2625370000.0 8086620000.0 390270000000.0 -4.32 4.491 [-4.32]
125893000000000.0 2.16158e+18 23211900000.0 2677980000000.0 5936640000000.0 484292000000.0 3402140000000.0 204143.0 1355760000000.0 20271600000000.0 14349000000000.0 77151500.0 2974160000.0 8867350000.0 405565000000.0 -4.3 4.487 [-4.3]
125893000000000.0 2.05038e+18 24753100000.0 2773970000000.0 5919470000000.0 504364000000.0 3263110000000.0 227546.0 1415900000000.0 18619100000000.0 12585900000000.0 88788000.0 3363980000.0 9709400000.0 420813000000.0 -4.28 4.483 [-4.28]
125893000000000.0 1.94497e+18 26367000000.0 2870030000000.0 5895780000000.0 524402000000.0 3123660000000.0 253571.0 1476580000000.0 17068200000000.0 11019900000000.0 101981000.0 3798880000.0 10616000000.0 435959000000.0 -4.26 4.479 [-4.26]
125893000000000.0 1.84502e+18 28054000000.0 2965890000000.0 5865530000000.0 544332000000.0 2984290000000.0 282521.0 1537680000000.0 15616700000000.0 9631990000000.0 116908000.0 4283190000.0 11590400000.0 450946000000.0 -4.24 4.475 [-4.24]
125893000000000.0 1.75025e+18 29814800000.0 3061260000000.0 5828730000000.0 564080000000.0 2845520000000.0 314738.0 1599070000000.0 14261900000000.0 8404550000000.0 133758000.0 4821530000.0 12635700000.0 465712000000.0 -4.22 4.472 [-4.22]
125893000000000.0 1.66042e+18 31648500000.0 3155800000000.0 5785380000000.0 583563000000.0 2707880000000.0 350594.0 1660610000000.0 13000900000000.0 7321440000000.0 152731000.0 5418680000.0 13754800000.0 480193000000.0 -4.2 4.468 [-4.2]
125893000000000.0 1.57522e+18 33556200000.0 3249250000000.0 5735490000000.0 602720000000.0 2571770000000.0 390547.0 1722230000000.0 11829500000000.0 6367210000000.0 174061000.0 6080100000.0 14951000000.0 494330000000.0 -4.18 4.464 [-4.18]
125893000000000.0 1.49443e+18 35536700000.0 3341240000000.0 5679100000000.0 621471000000.0 2437670000000.0 435082.0 1783780000000.0 10744500000000.0 5528370000000.0 197980000.0 6811170000.0 16226900000.0 508055000000.0 -4.16 4.46 [-4.16]
125893000000000.0 1.41782e+18 37589200000.0 3431440000000.0 5616270000000.0 639745000000.0 2306010000000.0 484754.0 1845140000000.0 9741760000000.0 4792430000000.0 224744000.0 7617670000.0 17585200000.0 521300000000.0 -4.14 4.457 [-4.14]
125893000000000.0 1.34517e+18 39712400000.0 3519490000000.0 5547110000000.0 657473000000.0 2177160000000.0 540194.0 1906200000000.0 8817330000000.0 4147970000000.0 254622000.0 8505630000.0 19028200000.0 533997000000.0 -4.12 4.453 [-4.12]
125893000000000.0 1.27627e+18 41905600000.0 3605070000000.0 5471670000000.0 674599000000.0 2051450000000.0 602140.0 1966860000000.0 7966780000000.0 3584530000000.0 287918000.0 9481650000.0 20558100000.0 546083000000.0 -4.1 4.449 [-4.1]
125893000000000.0 1.21095e+18 44164600000.0 3687720000000.0 5390150000000.0 691043000000.0 1929270000000.0 671351.0 2026960000000.0 7186450000000.0 3093100000000.0 324909000.0 10551700000.0 22176200000.0 557484000000.0 -4.08 4.445 [-4.08]
125893000000000.0 1.14901e+18 46487800000.0 3767130000000.0 5302680000000.0 706757000000.0 1810850000000.0 748761.0 2086410000000.0 6471880000000.0 2665120000000.0 365929000.0 11722700000.0 23884000000.0 568135000000.0 -4.06 4.442 [-4.06]
125893000000000.0 1.09028e+18 48873000000.0 3842940000000.0 5209450000000.0 721689000000.0 1696440000000.0 835411.0 2145100000000.0 5818950000000.0 2293060000000.0 411312000.0 13001600000.0 25682100000.0 577972000000.0 -4.04 4.438 [-4.04]
125893000000000.0 1.03459e+18 51316700000.0 3914780000000.0 5110660000000.0 735788000000.0 1586240000000.0 932465.0 2202930000000.0 5223570000000.0 1970150000000.0 461407000.0 14395300000.0 27570900000.0 586931000000.0 -4.02 4.435 [-4.02]
125893000000000.0 9.81782e+17 53814800000.0 3982280000000.0 5006560000000.0 749010000000.0 1480400000000.0 1041240.0 2259770000000.0 4681790000000.0 1690390000000.0 516576000.0 15910800000.0 29549900000.0 594950000000.0 -4.0 4.431 [-4.0]
125893000000000.0 9.31711e+17 56363400000.0 4045120000000.0 4897410000000.0 761317000000.0 1379050000000.0 1163230.0 2315530000000.0 4189770000000.0 1448380000000.0 577190000.0 17555300000.0 31618200000.0 601971000000.0 -3.98 4.427 [-3.98]
125893000000000.0 8.84232e+17 58957900000.0 4102950000000.0 4783530000000.0 772672000000.0 1282270000000.0 1300110.0 2370100000000.0 3743790000000.0 1239370000000.0 643630000.0 19335500000.0 33774000000.0 607939000000.0 -3.96 4.424 [-3.96]
125893000000000.0 8.39213e+17 61593100000.0 4155460000000.0 4665220000000.0 783045000000.0 1190120000000.0 1453790.0 2423380000000.0 3340330000000.0 1059140000000.0 716281000.0 21258200000.0 36014700000.0 612802000000.0 -3.94 4.42 [-3.94]
125893000000000.0 7.9652e+17 64263100000.0 4202330000000.0 4542820000000.0 792408000000.0 1102590000000.0 1626410.0 2475250000000.0 2975980000000.0 903950000000.0 795528000.0 23329800000.0 38336800000.0 616512000000.0 -3.92 4.417 [-3.92]
125893000000000.0 7.56036e+17 66962300000.0 4243310000000.0 4416710000000.0 800743000000.0 1019680000000.0 1820370.0 2525640000000.0 2647560000000.0 770529000000.0 881759000.0 25556400000.0 40736000000.0 619029000000.0 -3.9 4.413 [-3.9]
125893000000000.0 7.17647e+17 69684400000.0 4278170000000.0 4287310000000.0 808035000000.0 941353000000.0 2038390.0 2574440000000.0 2352070000000.0 655990000000.0 975351000.0 27943500000.0 43206800000.0 620317000000.0 -3.88 4.41 [-3.88]
125893000000000.0 6.81244e+17 72423100000.0 4306690000000.0 4155020000000.0 814272000000.0 867534000000.0 2283530.0 2621570000000.0 2086640000000.0 557794000000.0 1076670000.0 30496100000.0 45743000000.0 620345000000.0 -3.86 4.406 [-3.86]
125893000000000.0 6.46722e+17 75171000000.0 4328710000000.0 4020290000000.0 819446000000.0 798137000000.0 2559210.0 2666940000000.0 1848630000000.0 473727000000.0 1186070000.0 33218000000.0 48337000000.0 619092000000.0 -3.84 4.403 [-3.84]
125893000000000.0 6.13983e+17 77920700000.0 4344060000000.0 3883550000000.0 823553000000.0 733049000000.0 2869300.0 2710440000000.0 1635560000000.0 401851000000.0 1303870000.0 36112400000.0 50980100000.0 616538000000.0 -3.82 4.399 [-3.82]
125893000000000.0 5.82931e+17 80664200000.0 4352640000000.0 3745260000000.0 826591000000.0 672145000000.0 3218120.0 2752010000000.0 1445110000000.0 340478000000.0 1430340000.0 39180900000.0 53662600000.0 612673000000.0 -3.8 4.396 [-3.8]
125893000000000.0 5.53479e+17 83394000000.0 4354400000000.0 3605890000000.0 828566000000.0 615285000000.0 3610530.0 2791540000000.0 1275150000000.0 288140000000.0 1565760000.0 42424000000.0 56373400000.0 607495000000.0 -3.78 4.392 [-3.78]
125893000000000.0 5.25558e+17 86098900000.0 4349290000000.0 3466000000000.0 829482000000.0 562351000000.0 4051680.0 2828940000000.0 1123810000000.0 243588000000.0 1710170000.0 45838700000.0 59099800000.0 601016000000.0 -3.76 4.389 [-3.76]
125893000000000.0 4.99059e+17 88778700000.0 4337410000000.0 3325850000000.0 829359000000.0 513114000000.0 4548230.0 2864190000000.0 989075000000.0 205667000000.0 1863970000.0 49425900000.0 61829200000.0 593239000000.0 -3.74 4.386 [-3.74]
125893000000000.0 4.73904e+17 91426600000.0 4318820000000.0 3185900000000.0 828209000000.0 467408000000.0 5107190.0 2897200000000.0 869291000000.0 173429000000.0 2027310000.0 53181600000.0 64546800000.0 584184000000.0 -3.72 4.382 [-3.72]
125893000000000.0 4.50052e+17 94024500000.0 4293540000000.0 3046790000000.0 826040000000.0 425129000000.0 5735400.0 2927850000000.0 763109000000.0 146090000000.0 2199830000.0 57093600000.0 67236500000.0 573895000000.0 -3.7 4.379 [-3.7]
125893000000000.0 4.2742e+17 96569700000.0 4261770000000.0 2908860000000.0 822874000000.0 386070000000.0 6441740.0 2956080000000.0 669046000000.0 122916000000.0 2381570000.0 61154600000.0 69882200000.0 562404000000.0 -3.68 4.376 [-3.68]
125893000000000.0 4.05942e+17 99041800000.0 4223510000000.0 2772610000000.0 818715000000.0 350075000000.0 7235180.0 2981770000000.0 585871000000.0 103301000000.0 2572020000.0 65348200000.0 72468700000.0 549760000000.0 -3.66 4.372 [-3.66]
