Cloudy_runs/pg0003/z=0.386089/logZ=-1/component_II_PI_nH/component_II_PI_nH_col_density_param.txt
# %ECSV 1.0
# ---
# datatype:
# - {name: H, datatype: float64}
# - {name: H+, datatype: float64}
# - {name: C+, datatype: float64}
# - {name: C+2, datatype: float64}
# - {name: C+3, datatype: float64}
# - {name: N+2, datatype: float64}
# - {name: N+4, datatype: float64}
# - {name: O, datatype: float64}
# - {name: O+2, datatype: float64}
# - {name: O+5, datatype: float64}
# - {name: O+6, datatype: float64}
# - {name: Si+, datatype: float64}
# - {name: Si+2, datatype: float64}
# - {name: Si+3, datatype: float64}
# - {name: Si+4, datatype: float64}
# - {name: log_nH, datatype: float64}
# - {name: log_Te, datatype: float64}
# - {name: parameters, datatype: string, subtype: 'float64[1]'}
# schema: astropy-2.0
H H+ C+ C+2 C+3 N+2 N+4 O O+2 O+5 O+6 Si+ Si+2 Si+3 Si+4 log_nH log_Te parameters
[from data line 139]
125893000000000.0 1.03979e+16 92650100000.0 187501000000.0 2496010000.0 33108800000.0 10738200.0 4340930000.0 203267000000.0 458678.0 0.0 8635180000.0 22976200000.0 2271140000.0 210365000.0 -2.22 4.138 [-2.22]
125893000000000.0 9895730000000000.0 91117200000.0 175873000000.0 2169220000.0 30125400000.0 8919100.0 4499660000.0 183995000000.0 349303.0 0.0 8603280000.0 21640800000.0 2041760000.0 180262000.0 -2.2 4.136 [-2.2]
125893000000000.0 9419850000000000.0 89571500000.0 164919000000.0 1884100000.0 27362900000.0 7400280.0 4655370000.0 166271000000.0 265628.0 0.0 8566270000.0 20369700000.0 1833940000.0 154432000.0 -2.18 4.133 [-2.18]
125893000000000.0 8966200000000000.0 88005200000.0 154544000000.0 1634490000.0 24799800000.0 6128960.0 4808050000.0 149942000000.0 201515.0 0.0 8523950000.0 19153500000.0 1644960000.0 132187000.0 -2.16 4.13 [-2.16]
125893000000000.0 8535000000000000.0 86424400000.0 144753000000.0 1416710000.0 22433600000.0 5068760.0 4957010000.0 134973000000.0 152601.0 0.0 8476180000.0 17994400000.0 1473830000.0 113084000.0 -2.14 4.128 [-2.14]
125893000000000.0 8125110000000000.0 84830700000.0 135518000000.0 1226910000.0 20254900000.0 4186020.0 5101830000.0 121287000000.0 115362.0 0.0 8422860000.0 16890800000.0 1319060000.0 96688400.0 -2.12 4.125 [-2.12]
125893000000000.0 7734270000000000.0 83220500000.0 126785000000.0 1061290000.0 18249600000.0 3450750.0 5242390000.0 108777000000.0 87019.5 0.0 8363810000.0 15837800000.0 1178940000.0 82595700.0 -2.1 4.122 [-2.1]
125893000000000.0 7363880000000000.0 81605800000.0 118583000000.0 917605000.0 16417300000.0 2841880.0 5377940000.0 97422600000.0 65575.0 0.0 8299160000.0 14840400000.0 1052920000.0 70543400.0 -2.08 4.12 [-2.08]
125893000000000.0 7011750000000000.0 79983300000.0 110860000000.0 792754000.0 14743300000.0 2337320.0 5508450000.0 87118000000.0 49343.9 0.0 8228820000.0 13893600000.0 939421000.0 60218000.0 -2.06 4.117 [-2.06]
125893000000000.0 6676970000000000.0 78354700000.0 103591000000.0 684375000.0 13217900000.0 1919850.0 5633740000.0 77787700000.0 0.0 0.0 8152810000.0 12995800000.0 837343000.0 51377200.0 -2.04 4.115 [-2.04]
125893000000000.0 6358650000000000.0 76721700000.0 96754700000.0 590378000.0 11831100000.0 1574960.0 5753650000.0 69358200000.0 0.0 0.0 8071190000.0 12145300000.0 745649000.0 43811800.0 -2.02 4.113 [-2.02]
125893000000000.0 6055990000000000.0 75086100000.0 90328100000.0 508932000.0 10573500000.0 1290470.0 5868100000.0 61759200000.0 0.0 0.0 7984060000.0 11340400000.0 663393000.0 37341800.0 -2.0 4.11 [-2.0]
125893000000000.0 5768200000000000.0 73449900000.0 84290400000.0 438425000.0 9435740000.0 1056150.0 5977020000.0 54923000000.0 0.0 0.0 7891540000.0 10579700000.0 589695000.0 31811900.0 -1.98 4.108 [-1.98]
125893000000000.0 5494520000000000.0 71814700000.0 78621200000.0 377437000.0 8408630000.0 863421.0 6080430000.0 48784900000.0 0.0 0.0 7793780000.0 9861310000.0 523743000.0 27088000.0 -1.96 4.105 [-1.96]
125893000000000.0 5234270000000000.0 70182400000.0 73301300000.0 324731000.0 7483460000.0 705129.0 6178350000.0 43284200000.0 0.0 0.0 7690970000.0 9183810000.0 464797000.0 23055400.0 -1.94 4.103 [-1.94]
125893000000000.0 4986770000000000.0 68554800000.0 68311900000.0 279215000.0 6651810000.0 575289.0 6270850000.0 38363300000.0 0.0 0.0 7583330000.0 8545530000.0 412172000.0 19614500.0 -1.92 4.101 [-1.92]
125893000000000.0 4751380000000000.0 66933600000.0 63635300000.0 239943000.0 5905710000.0 468925.0 6358040000.0 33968500000.0 0.0 0.0 7471090000.0 7944880000.0 365243000.0 16680400.0 -1.9 4.098 [-1.9]
125893000000000.0 4527500000000000.0 65320600000.0 59254400000.0 206083000.0 5237630000.0 381898.0 6440020000.0 30049800000.0 0.0 0.0 7354530000.0 7380310000.0 323439000.0 14179700.0 -1.88 4.096 [-1.88]
125893000000000.0 4315490000000000.0 63724700000.0 55170300000.0 177001000.0 4642230000.0 310959.0 6516790000.0 26571000000.0 0.0 0.0 7234420000.0 6852600000.0 286364000.0 12056000.0 -1.86 4.094 [-1.86]
125893000000000.0 4112930000000000.0 62133300000.0 51332100000.0 151875000.0 4109190000.0 252869.0 6588840000.0 23468200000.0 0.0 0.0 7110130000.0 6355440000.0 253284000.0 10241800.0 -1.84 4.092 [-1.84]
125893000000000.0 3920260000000000.0 60555200000.0 47742600000.0 130258000.0 3634250000.0 205493.0 6656180000.0 20713000000.0 0.0 0.0 6982430000.0 5889710000.0 223904000.0 8697980.0 -1.82 4.089 [-1.82]
125893000000000.0 3736970000000000.0 58991800000.0 44387800000.0 111672000.0 3211720000.0 166893.0 6718990000.0 18269500000.0 0.0 0.0 6851670000.0 5453940000.0 197835000.0 7384960.0 -1.8 4.087 [-1.8]
125893000000000.0 3562610000000000.0 57444600000.0 41254000000.0 95700900.0 2836310000.0 135471.0 6777470000.0 16104800000.0 0.0 0.0 6718180000.0 5046650000.0 174723000.0 6268700.0 -1.78 4.085 [-1.78]
125893000000000.0 3396730000000000.0 55915100000.0 38328400000.0 81985600.0 2503190000.0 109912.0 6831820000.0 14189200000.0 0.0 0.0 6582320000.0 4666410000.0 154249000.0 5320160.0 -1.76 4.083 [-1.76]
125893000000000.0 3238910000000000.0 54404700000.0 35598600000.0 70213900.0 2207950000.0 89139.0 6882230000.0 12495600000.0 0.0 0.0 6444450000.0 4311820000.0 136127000.0 4514470.0 -1.74 4.081 [-1.74]
125893000000000.0 3087940000000000.0 52906300000.0 33039100000.0 60076600.0 1945600000.0 72212.5 6929030000.0 10994100000.0 0.0 0.0 6304180000.0 3979640000.0 120031000.0 3827780.0 -1.72 4.079 [-1.72]
125893000000000.0 2945050000000000.0 51437200000.0 30666200000.0 51421300.0 1714450000.0 58523.4 6972170000.0 9674000000.0 0.0 0.0 6163340000.0 3672200000.0 105865000.0 3247330.0 -1.7 4.076 [-1.7]
125893000000000.0 2809950000000000.0 50000400000.0 28469500000.0 44036800.0 1511070000.0 47458.3 7011860000.0 8514510000.0 0.0 0.0 6022340000.0 3388370000.0 93410200.0 2757030.0 -1.68 4.074 [-1.68]
125893000000000.0 2679770000000000.0 48569200000.0 26398400000.0 37651900.0 1329930000.0 38415.3 7048610000.0 7483860000.0 0.0 0.0 5879110000.0 3121290000.0 82307100.0 2337260.0 -1.66 4.072 [-1.66]
125893000000000.0 2556710000000000.0 47172000000.0 24483800000.0 32212400.0 1170860000.0 31117.8 7082270000.0 6580220000.0 0.0 0.0 5736440000.0 2875280000.0 72560800.0 1983120.0 -1.64 4.07 [-1.64]
125893000000000.0 2440340000000000.0 45809500000.0 22714000000.0 27577100.0 1031200000.0 25226.5 7113070000.0 5787980000.0 0.0 0.0 5594760000.0 2648740000.0 64004300.0 1684160.0 -1.62 4.068 [-1.62]
125893000000000.0 2328090000000000.0 44454800000.0 21046200000.0 23570500.0 906985000.0 20414.0 7141390000.0 5084450000.0 0.0 0.0 5451590000.0 2436030000.0 56382100.0 1428190.0 -1.6 4.066 [-1.6]
125893000000000.0 2221990000000000.0 43136600000.0 19507100000.0 20161600.0 798130000.0 16535.0 7167170000.0 4468670000.0 0.0 0.0 5310000000.0 2240730000.0 49701300.0 1212410.0 -1.58 4.064 [-1.58]
125893000000000.0 2121040000000000.0 41846500000.0 18077700000.0 17246400.0 702314000.0 13394.3 7190630000.0 3927280000.0 0.0 0.0 5169310000.0 2060360000.0 43815700.0 1029570.0 -1.56 4.062 [-1.56]
125893000000000.0 2024960000000000.0 40584900000.0 16750800000.0 14754000.0 618006000.0 10851.9 7211910000.0 3451470000.0 0.0 0.0 5029860000.0 1893830000.0 38631900.0 874626.0 -1.54 4.06 [-1.54]
125893000000000.0 1933500000000000.0 39352000000.0 15519100000.0 12623000.0 543835000.0 8793.7 7231170000.0 3033360000.0 0.0 0.0 4891870000.0 1740160000.0 34066300.0 743284.0 -1.52 4.058 [-1.52]
125893000000000.0 1846440000000000.0 38147900000.0 14376400000.0 10801300.0 478600000.0 7127.42 7248520000.0 2666020000.0 0.0 0.0 4755580000.0 1598450000.0 30045900.0 631941.0 -1.5 4.057 [-1.5]
125893000000000.0 1763550000000000.0 36973100000.0 13316500000.0 9244190.0 421238000.0 5778.43 7264080000.0 2343360000.0 0.0 0.0 4621200000.0 1467880000.0 26505800.0 537543.0 -1.48 4.055 [-1.48]
125893000000000.0 1684490000000000.0 35825800000.0 12332200000.0 7911720.0 370750000.0 4685.18 7277970000.0 2059670000.0 0.0 0.0 4488660000.0 1347460000.0 23385300.0 457407.0 -1.46 4.053 [-1.46]
125893000000000.0 1610060000000000.0 34720600000.0 11429900000.0 6781690.0 326689000.0 3805.52 7290270000.0 1812320000.0 0.0 0.0 4359860000.0 1237870000.0 20659300.0 389955.0 -1.44 4.051 [-1.44]
125893000000000.0 1538500000000000.0 33634500000.0 10585800000.0 5808700.0 287697000.0 3088.61 7301130000.0 1593680000.0 0.0 0.0 4232240000.0 1136090000.0 18241800.0 332311.0 -1.42 4.049 [-1.42]
125893000000000.0 1470350000000000.0 32577900000.0 9803950000.0 4977000.0 253423000.0 2507.85 7310620000.0 1401690000.0 0.0 0.0 4107170000.0 1042540000.0 16113200.0 283388.0 -1.4 4.047 [-1.4]
125893000000000.0 1405460000000000.0 31550800000.0 9079910000.0 4265990.0 223294000.0 2037.26 7318810000.0 1233110000.0 0.0 0.0 3984750000.0 956596000.0 14238600.0 241850.0 -1.38 4.045 [-1.38]
125893000000000.0 1342980000000000.0 30542100000.0 8402510000.0 3653620.0 196625000.0 1653.57 7325790000.0 1084060000.0 0.0 0.0 3863780000.0 876838000.0 12575400.0 206313.0 -1.36 4.044 [-1.36]
125893000000000.0 1284330000000000.0 29576900000.0 7784580000.0 3135570.0 173410000.0 1345.25 7331630000.0 954437000.0 0.0 0.0 3747360000.0 804702000.0 11125600.0 176430.0 -1.34 4.042 [-1.34]
125893000000000.0 1228700000000000.0 28644500000.0 7215010000.0 2693580.0 153047000.0 0.0 7336420000.0 840858000.0 0.0 0.0 3634290000.0 738827000.0 9851500.0 151089.0 -1.32 4.04 [-1.32]
125893000000000.0 1175280000000000.0 27733100000.0 6683790000.0 2313160.0 135040000.0 0.0 7340190000.0 740553000.0 0.0 0.0 3523290000.0 677896000.0 8721980.0 129398.0 -1.3 4.038 [-1.3]
125893000000000.0 1123960000000000.0 26842400000.0 6188400000.0 1985770.0 119118000.0 0.0 7343000000.0 651980000.0 0.0 0.0 3414380000.0 621556000.0 7720690.0 110828.0 -1.28 4.037 [-1.28]
125893000000000.0 1075890000000000.0 25994400000.0 5737860000.0 1708880.0 105266000.0 0.0 7344950000.0 575000000.0 0.0 0.0 3310240000.0 570842000.0 6847990.0 95200.3 -1.26 4.035 [-1.26]
125893000000000.0 1029690000000000.0 25166200000.0 5317490000.0 1470190.0 93002200.0 0.0 7346050000.0 506947000.0 0.0 0.0 3208240000.0 523933000.0 6073230.0 81787.9 -1.24 4.033 [-1.24]
125893000000000.0 985653000000000.0 24364900000.0 4928750000.0 1265700.0 82206200.0 0.0 7346350000.0 447124000.0 0.0 0.0 3109240000.0 480959000.0 5389450.0 70343.9 -1.22 4.031 [-1.22]
125893000000000.0 943295000000000.0 23582600000.0 4566040000.0 1089330.0 72644000.0 0.0 7345860000.0 394222000.0 0.0 0.0 3012370000.0 441220000.0 4782080.0 60510.8 -1.2 4.03 [-1.2]
125893000000000.0 903302000000000.0 22833400000.0 4233830000.0 939153.0 64275000.0 0.0 7344700000.0 347986000.0 0.0 0.0 2919370000.0 405193000.0 4249140.0 52165.7 -1.18 4.028 [-1.18]
125893000000000.0 865179000000000.0 22109400000.0 3926670000.0 810300.0 56900200.0 0.0 7342870000.0 307308000.0 0.0 0.0 2829330000.0 372201000.0 3778170.0 45026.7 -1.16 4.026 [-1.16]
125893000000000.0 829200000000000.0 21417300000.0 3645450000.0 700424.0 50440000.0 0.0 7340450000.0 271728000.0 0.0 0.0 2743090000.0 342308000.0 3364430.0 38954.4 -1.14 4.025 [-1.14]
125893000000000.0 794320000000000.0 20737700000.0 3381130000.0 604939.0 44680400.0 0.0 7337350000.0 240074000.0 0.0 0.0 2658340000.0 314437000.0 2994330.0 33687.4 -1.12 4.023 [-1.12]
125893000000000.0 761133000000000.0 20083200000.0 3137280000.0 523029.0 39607700.0 0.0 7333680000.0 212241000.0 0.0 0.0 2576590000.0 289005000.0 2667320.0 29178.1 -1.1 4.021 [-1.1]
125893000000000.0 729618000000000.0 19454300000.0 2912760000.0 452805.0 35142900.0 0.0 7329490000.0 187791000.0 0.0 0.0 2497980000.0 265812000.0 2378570.0 25316.3 -1.08 4.02 [-1.08]
125893000000000.0 699557000000000.0 18847600000.0 2705140000.0 392369.0 31200100.0 0.0 7324780000.0 166243000.0 0.0 0.0 2422100000.0 244573000.0 2122690.0 21995.5 -1.06 4.018 [-1.06]
125893000000000.0 670880000000000.0 18262500000.0 2513100000.0 340320.0 27716600.0 0.0 7319590000.0 147245000.0 0.0 0.0 2348890000.0 225120000.0 1895820.0 19136.6 -1.04 4.017 [-1.04]
125893000000000.0 643520000000000.0 17698500000.0 2335480000.0 295462.0 24637200.0 0.0 7313930000.0 130488000.0 0.0 0.0 2278290000.0 207300000.0 1694520.0 16672.6 -1.02 4.015 [-1.02]
125893000000000.0 617413000000000.0 17154800000.0 2171150000.0 256770.0 21913800.0 0.0 7307820000.0 115701000.0 0.0 0.0 2210230000.0 190976000.0 1515820.0 14546.4 -1.0 4.014 [-1.0]
125893000000000.0 592472000000000.0 16630200000.0 2018960000.0 223350.0 19502400.0 0.0 7301280000.0 102639000.0 0.0 0.0 2144570000.0 176003000.0 1356970.0 12708.2 -0.98 4.012 [-0.98]
125893000000000.0 568833000000000.0 16128400000.0 1879090000.0 194609.0 17376500.0 0.0 7294410000.0 91152200.0 0.0 0.0 2081780000.0 162370000.0 1216360.0 11125.1 -0.96 4.01 [-0.96]
125893000000000.0 546126000000000.0 15642000000.0 1748810000.0 169649.0 15485600.0 0.0 7287090000.0 80960800.0 0.0 0.0 2020930000.0 149796000.0 1090780.0 9748.14 -0.94 4.009 [-0.94]
125893000000000.0 524446000000000.0 15173500000.0 1628200000.0 148049.0 13809600.0 0.0 7279420000.0 71951100.0 0.0 0.0 1962350000.0 138267000.0 978982.0 8554.02 -0.92 4.007 [-0.92]
125893000000000.0 503740000000000.0 14722200000.0 1516510000.0 129338.0 12323000.0 0.0 7271400000.0 63981500.0 0.0 0.0 1905960000.0 127689000.0 879382.0 7517.01 -0.9 4.006 [-0.9]
125893000000000.0 483964000000000.0 14287600000.0 1413050000.0 113116.0 11003700.0 0.0 7263050000.0 56928900.0 0.0 0.0 1851710000.0 117984000.0 790592.0 6615.36 -0.88 4.004 [-0.88]
125893000000000.0 465071000000000.0 13869100000.0 1317190000.0 99037.6 9832230.0 0.0 7254390000.0 50684000.0 0.0 0.0 1799500000.0 109074000.0 711373.0 5830.28 -0.86 4.003 [-0.86]
125893000000000.0 447019000000000.0 13466200000.0 1228360000.0 86809.4 8791370.0 0.0 7245440000.0 45152000.0 0.0 0.0 1749290000.0 100894000.0 640647.0 5145.88 -0.84 4.001 [-0.84]
125893000000000.0 429767000000000.0 13078200000.0 1145990000.0 76176.6 7865880.0 0.0 7236200000.0 40248300.0 0.0 0.0 1700990000.0 93378400.0 577450.0 4548.36 -0.82 4.0 [-0.82]
125893000000000.0 413278000000000.0 12704700000.0 1069620000.0 66922.6 7042560.0 0.0 7226700000.0 35899500.0 0.0 0.0 1654550000.0 86472400.0 520940.0 4026.04 -0.8 3.999 [-0.8]
125893000000000.0 397513000000000.0 12345000000.0 998769000.0 58860.0 6309600.0 0.0 7216950000.0 32040400.0 0.0 0.0 1609890000.0 80122700.0 470369.0 3568.82 -0.78 3.997 [-0.78]
125893000000000.0 382381000000000.0 11997400000.0 932786000.0 51812.6 5655280.0 0.0 7206930000.0 28606700.0 0.0 0.0 1566800000.0 74262100.0 424983.0 3167.18 -0.76 3.996 [-0.76]
125893000000000.0 368020000000000.0 11665300000.0 871987000.0 45689.7 5074690.0 0.0 7196770000.0 25570300.0 0.0 0.0 1525680000.0 68908300.0 384482.0 2816.26 -0.74 3.994 [-0.74]
125893000000000.0 354227000000000.0 11344200000.0 815308000.0 40324.9 4555590.0 0.0 7186360000.0 22864700.0 0.0 0.0 1486000000.0 63960700.0 348067.0 2507.07 -0.72 3.993 [-0.72]
125893000000000.0 340980000000000.0 11033900000.0 762464000.0 35620.6 4091270.0 0.0 7175710000.0 20453000.0 0.0 0.0 1447700000.0 59387900.0 315308.0 2234.37 -0.7 3.991 [-0.7]
125893000000000.0 328402000000000.0 10737400000.0 713728000.0 31521.0 3678510.0 0.0 7164970000.0 18316800.0 0.0 0.0 1411180000.0 55205600.0 286005.0 1995.15 -0.68 3.99 [-0.68]
125893000000000.0 316314000000000.0 10450600000.0 668237000.0 27917.0 3308710.0 0.0 7154020000.0 16409900.0 0.0 0.0 1375930000.0 51334200.0 259594.0 1783.51 -0.66 3.989 [-0.66]
125893000000000.0 304739000000000.0 10174500000.0 625925000.0 24753.9 2977990.0 0.0 7142910000.0 14710800.0 0.0 0.0 1342040000.0 47763000.0 235825.0 1596.48 -0.64 3.987 [-0.64]
125893000000000.0 293656000000000.0 9908400000.0 586557000.0 21974.6 2682040.0 0.0 7131670000.0 13196000.0 0.0 0.0 1309470000.0 44467200.0 214418.0 1430.98 -0.62 3.986 [-0.62]
125893000000000.0 283040000000000.0 9652090000.0 549912000.0 19530.0 2417040.0 0.0 7120290000.0 11844700.0 0.0 0.0 1278150000.0 41424000.0 195122.0 1284.35 -0.6 3.984 [-0.6]
