Cloudy_runs/pg0003/z=0.386089/logZ=-1/component_II_PI_nH/component_II_PI_nH_col_density_param.txt
# %ECSV 1.0
# ---
# datatype:
# - {name: H, datatype: float64}
# - {name: H+, datatype: float64}
# - {name: C+, datatype: float64}
# - {name: C+2, datatype: float64}
# - {name: C+3, datatype: float64}
# - {name: N+2, datatype: float64}
# - {name: N+4, datatype: float64}
# - {name: O, datatype: float64}
# - {name: O+2, datatype: float64}
# - {name: O+5, datatype: float64}
# - {name: O+6, datatype: float64}
# - {name: Si+, datatype: float64}
# - {name: Si+2, datatype: float64}
# - {name: Si+3, datatype: float64}
# - {name: Si+4, datatype: float64}
# - {name: log_nH, datatype: float64}
# - {name: log_Te, datatype: float64}
# - {name: parameters, datatype: string, subtype: 'float64[1]'}
# schema: astropy-2.0
H H+ C+ C+2 C+3 N+2 N+4 O O+2 O+5 O+6 Si+ Si+2 Si+3 Si+4 log_nH log_Te parameters
[from data line 69]
125893000000000.0 3.66215e+17 103805000000.0 4129400000000.0 2506250000000.0 807629000000.0 286489000000.0 9129980.0 3025580000000.0 447497000000.0 72695400000.0 2979400000.0 74095300000.0 77377800000.0 521253000000.0 -3.62 4.366 [-3.62]
125893000000000.0 3.47846e+17 106076000000.0 4073950000000.0 2376860000000.0 800738000000.0 258565000000.0 10256400.0 3043520000000.0 390328000000.0 60867800000.0 3195290000.0 78609700000.0 79663700000.0 505523000000.0 -3.6 4.363 [-3.6]
125893000000000.0 3.30411e+17 108251000000.0 4013200000000.0 2250550000000.0 792978000000.0 233025000000.0 11520300.0 3058690000000.0 340049000000.0 50904400000.0 3418000000.0 83181900000.0 81814000000.0 488924000000.0 -3.58 4.359 [-3.58]
125893000000000.0 3.13858e+17 110337000000.0 3947600000000.0 2127510000000.0 784393000000.0 209694000000.0 12938500.0 3071060000000.0 295867000000.0 42518300000.0 3647070000.0 87790600000.0 83807800000.0 471541000000.0 -3.56 4.356 [-3.56]
125893000000000.0 2.98141e+17 112325000000.0 3877490000000.0 2008000000000.0 775018000000.0 188419000000.0 14529100.0 3080590000000.0 257092000000.0 35468000000.0 3881550000.0 92407000000.0 85626600000.0 453472000000.0 -3.54 4.353 [-3.54]
125893000000000.0 2.83216e+17 114214000000.0 3803260000000.0 1892210000000.0 764889000000.0 169053000000.0 16312300.0 3087210000000.0 223106000000.0 29547800000.0 4120430000.0 97000900000.0 87252500000.0 434820000000.0 -3.52 4.35 [-3.52]
125893000000000.0 2.69042e+17 116000000000.0 3725300000000.0 1780340000000.0 754045000000.0 151455000000.0 18310100.0 3090880000000.0 193357000000.0 24582700000.0 4362580000.0 101540000000.0 88668800000.0 415691000000.0 -3.5 4.346 [-3.5]
125893000000000.0 2.5558e+17 117681000000.0 3644020000000.0 1672520000000.0 742529000000.0 135490000000.0 20547200.0 3091560000000.0 167350000000.0 20423900000.0 4606780000.0 105990000000.0 89859800000.0 396199000000.0 -3.48 4.343 [-3.48]
125893000000000.0 2.42802e+17 119246000000.0 3559820000000.0 1568980000000.0 730384000000.0 121046000000.0 23048500.0 3089200000000.0 144664000000.0 16947300000.0 4851190000.0 110311000000.0 90816100000.0 376474000000.0 -3.46 4.34 [-3.46]
125893000000000.0 2.30648e+17 120723000000.0 3473110000000.0 1469450000000.0 717643000000.0 107960000000.0 25850600.0 3083780000000.0 124847000000.0 14038200000.0 5096110000.0 114484000000.0 91514500000.0 356588000000.0 -3.44 4.337 [-3.44]
125893000000000.0 2.19112e+17 122083000000.0 3384280000000.0 1374330000000.0 704361000000.0 96162000000.0 28979700.0 3075270000000.0 107608000000.0 11613100000.0 5338510000.0 118459000000.0 91957500000.0 336701000000.0 -3.42 4.333 [-3.42]
125893000000000.0 2.08153e+17 123336000000.0 3293740000000.0 1283530000000.0 690579000000.0 85530300000.0 32474100.0 3063640000000.0 92618200000.0 9592460000.0 5577550000.0 122205000000.0 92134800000.0 316912000000.0 -3.4 4.33 [-3.4]
125893000000000.0 1.97742e+17 124483000000.0 3201840000000.0 1197030000000.0 676339000000.0 75965400000.0 36373700.0 3048880000000.0 79600300000.0 7911180000.0 5811820000.0 125692000000.0 92043400000.0 297330000000.0 -3.38 4.327 [-3.38]
125893000000000.0 1.87852e+17 125526000000.0 3108980000000.0 1114820000000.0 661689000000.0 67374500000.0 40721900.0 3030990000000.0 68311300000.0 6514330000.0 6040040000.0 128888000000.0 91682300000.0 278064000000.0 -3.36 4.324 [-3.36]
125893000000000.0 1.78457e+17 126469000000.0 3015490000000.0 1036830000000.0 646675000000.0 59671100000.0 45565900.0 3009960000000.0 58535400000.0 5355520000.0 6260960000.0 131768000000.0 91054100000.0 259210000000.0 -3.34 4.32 [-3.34]
125893000000000.0 1.69532e+17 127313000000.0 2921700000000.0 963005000000.0 631341000000.0 52774600000.0 50957800.0 2985810000000.0 50081900000.0 4395640000.0 6473430000.0 134306000000.0 90164600000.0 240861000000.0 -3.32 4.317 [-3.32]
125893000000000.0 1.61067e+17 128060000000.0 2828090000000.0 893360000000.0 615761000000.0 46619000000.0 56946400.0 2958640000000.0 42792500000.0 3602770000.0 6675960000.0 136485000000.0 89027300000.0 223122000000.0 -3.3 4.314 [-3.3]
125893000000000.0 1.53012e+17 128717000000.0 2734640000000.0 827572000000.0 599924000000.0 41117200000.0 63607000.0 2928320000000.0 36497900000.0 2947080000.0 6868570000.0 138289000000.0 87644100000.0 206015000000.0 -3.28 4.31 [-3.28]
125893000000000.0 1.4536e+17 129285000000.0 2641750000000.0 765641000000.0 583900000000.0 36215000000.0 70999500.0 2894970000000.0 31079000000.0 2406520000.0 7050070000.0 139705000000.0 86033700000.0 189625000000.0 -3.26 4.307 [-3.26]
125893000000000.0 1.38091e+17 129768000000.0 2549660000000.0 707443000000.0 567730000000.0 31854100000.0 79195800.0 2858640000000.0 26421100000.0 1961630000.0 7219900000.0 140729000000.0 84212200000.0 174001000000.0 -3.24 4.304 [-3.24]
125893000000000.0 1.31186e+17 130170000000.0 2458610000000.0 652847000000.0 551458000000.0 27980800000.0 88273400.0 2819390000000.0 22423800000.0 1596110000.0 7377660000.0 141360000000.0 82198000000.0 159182000000.0 -3.22 4.3 [-3.22]
125893000000000.0 1.24614e+17 130494000000.0 2368620000000.0 601627000000.0 535090000000.0 24540500000.0 98329700.0 2777190000000.0 18993700000.0 1295890000.0 7523550000.0 141596000000.0 80004200000.0 145173000000.0 -3.2 4.297 [-3.2]
125893000000000.0 1.18384e+17 130746000000.0 2280220000000.0 553817000000.0 518732000000.0 21499600000.0 109429000.0 2732360000000.0 16064800000.0 1050530000.0 7656730000.0 141455000000.0 77664100000.0 132032000000.0 -3.18 4.294 [-3.18]
125893000000000.0 1.12466e+17 130927000000.0 2193370000000.0 509181000000.0 502386000000.0 18811100000.0 121680000.0 2684860000000.0 13563600000.0 850019000.0 7777660000.0 140942000000.0 75193300000.0 119743000000.0 -3.16 4.29 [-3.16]
125893000000000.0 1.06844e+17 131041000000.0 2108210000000.0 467569000000.0 486085000000.0 16437600000.0 135187000.0 2634820000000.0 11431200000.0 686451000.0 7886590000.0 140073000000.0 72613600000.0 108299000000.0 -3.14 4.287 [-3.14]
125893000000000.0 1.01503e+17 131092000000.0 2024860000000.0 428838000000.0 469867000000.0 14345600000.0 150058000.0 2582360000000.0 9616670000.0 553288000.0 7983930000.0 138867000000.0 69946900000.0 97690600000.0 -3.12 4.283 [-3.12]
125893000000000.0 9.64304e+16 131082000000.0 1943410000000.0 392838000000.0 453759000000.0 12504200000.0 166414000.0 2527620000000.0 8075170000.0 445079000.0 8070210000.0 137345000000.0 67214000000.0 87895200000.0 -3.1 4.28 [-3.1]
125893000000000.0 9.16124e+16 131017000000.0 1863960000000.0 359426000000.0 437795000000.0 10885900000.0 184377000.0 2470740000000.0 6768200000.0 357331000.0 8146050000.0 135532000000.0 64435500000.0 78888000000.0 -3.08 4.277 [-3.08]
125893000000000.0 8.70364e+16 130896000000.0 1786580000000.0 328465000000.0 422002000000.0 9465840000.0 204077000.0 2411880000000.0 5662150000.0 286318000.0 8212020000.0 133449000000.0 61632000000.0 70637100000.0 -3.06 4.273 [-3.06]
125893000000000.0 8.26893e+16 130724000000.0 1711280000000.0 299804000000.0 406401000000.0 8221150000.0 225661000.0 2351200000000.0 4727650000.0 228950000.0 8269050000.0 131125000000.0 58819500000.0 63104900000.0 -3.04 4.27 [-3.04]
125893000000000.0 7.85603e+16 130503000000.0 1638140000000.0 273314000000.0 391017000000.0 7131840000.0 249271000.0 2288860000000.0 3939730000.0 182706000.0 8317840000.0 128583000000.0 56015700000.0 56253600000.0 -3.02 4.266 [-3.02]
125893000000000.0 7.46382e+16 130235000000.0 1567150000000.0 248862000000.0 375871000000.0 6179780000.0 275066000.0 2225050000000.0 3276650000.0 145505000.0 8359220000.0 125851000000.0 53235900000.0 50041700000.0 -3.0 4.263 [-3.0]
125893000000000.0 7.09218e+16 129926000000.0 1498520000000.0 226368000000.0 361020000000.0 5350420000.0 303160000.0 2160130000000.0 2720780000.0 115694000.0 8393730000.0 122965000000.0 50500200000.0 44437800000.0 -2.98 4.259 [-2.98]
125893000000000.0 6.73835e+16 129571000000.0 1431900000000.0 205617000000.0 346406000000.0 4626000000.0 333809000.0 2093940000000.0 2253890000.0 91763800.0 8422770000.0 119930000000.0 47807400000.0 39378900000.0 -2.96 4.256 [-2.96]
125893000000000.0 6.40149e+16 129172000000.0 1367320000000.0 186503000000.0 332046000000.0 3994200000.0 367201000.0 2026640000000.0 1862660000.0 72601800.0 8447110000.0 116767000000.0 45168400000.0 34825700000.0 -2.94 4.253 [-2.94]
125893000000000.0 6.08232e+16 128736000000.0 1305070000000.0 168993000000.0 318025000000.0 3446080000.0 403417000.0 1958820000000.0 1536760000.0 57349400.0 8466950000.0 113523000000.0 42604600000.0 30753400000.0 -2.92 4.249 [-2.92]
125893000000000.0 5.77989e+16 128263000000.0 1245120000000.0 152970000000.0 304351000000.0 2971020000.0 442634000.0 1890650000000.0 1265760000.0 45229600.0 8483000000.0 110218000000.0 40122900000.0 27119700000.0 -2.9 4.246 [-2.9]
125893000000000.0 5.49195e+16 127752000000.0 1187160000000.0 138268000000.0 290966000000.0 2558130000.0 485161000.0 1821950000000.0 1040010000.0 35582800.0 8496530000.0 106851000000.0 37717200000.0 23873500000.0 -2.88 4.242 [-2.88]
125893000000000.0 5.21851e+16 127204000000.0 1131310000000.0 124824000000.0 277914000000.0 2200470000.0 531138000.0 1753120000000.0 852751000.0 27937500.0 8507870000.0 103452000000.0 35398200000.0 20985600000.0 -2.86 4.239 [-2.86]
125893000000000.0 4.9588e+16 126622000000.0 1077530000000.0 112548000000.0 265200000000.0 1891000000.0 580766000.0 1684330000000.0 697744000.0 21890800.0 8517550000.0 100037000000.0 33169700000.0 18421800000.0 -2.84 4.235 [-2.84]
125893000000000.0 4.71214e+16 126004000000.0 1025790000000.0 101352000000.0 252828000000.0 1623520000.0 634244000.0 1615740000000.0 569710000.0 17118700.0 8526090000.0 96620300000.0 31034000000.0 16150200000.0 -2.82 4.232 [-2.82]
125893000000000.0 4.4773e+16 125349000000.0 975915000000.0 91136100000.0 240772000000.0 1392150000.0 691866000.0 1547360000000.0 463996000.0 13354000.0 8534220000.0 93206000000.0 28987700000.0 14137800000.0 -2.8 4.229 [-2.8]
125893000000000.0 4.25484e+16 124663000000.0 928122000000.0 81865700000.0 229094000000.0 1193050000.0 753655000.0 1479720000000.0 377241000.0 10401800.0 8541720000.0 89826600000.0 27041400000.0 12364700000.0 -2.78 4.225 [-2.78]
125893000000000.0 4.04355e+16 123943000000.0 882237000000.0 73446500000.0 217766000000.0 1021510000.0 819887000.0 1412780000000.0 306048000.0 8086590.0 8549200000.0 86482200000.0 25189900000.0 10802100000.0 -2.76 4.222 [-2.76]
125893000000000.0 3.84289e+16 123190000000.0 838211000000.0 65810700000.0 206786000000.0 873873000.0 890752000.0 1346710000000.0 247754000.0 6274680.0 8556920000.0 83181800000.0 23432500000.0 9427060000.0 -2.74 4.218 [-2.74]
125893000000000.0 3.6523e+16 122404000000.0 795998000000.0 58895000000.0 196155000000.0 746919000.0 966425000.0 1281630000000.0 200127000.0 4859560.0 8565070000.0 79933500000.0 21767800000.0 8218830000.0 -2.72 4.215 [-2.72]
125893000000000.0 3.47174e+16 121588000000.0 755651000000.0 52653100000.0 185896000000.0 638068000.0 1046940000.0 1217840000000.0 161369000.0 3758480.0 8573520000.0 76753200000.0 20197800000.0 7160530000.0 -2.7 4.212 [-2.7]
125893000000000.0 3.29937e+16 120733000000.0 716809000000.0 46990900000.0 175931000000.0 544257000.0 1132830000.0 1154980000000.0 129721000.0 2898640.0 8583190000.0 73618700000.0 18709100000.0 6229610000.0 -2.68 4.208 [-2.68]
125893000000000.0 3.1365e+16 119852000000.0 679828000000.0 41906300000.0 166356000000.0 464143000.0 1223700000.0 1093800000000.0 104136000.0 2233740.0 8593000000.0 70571300000.0 17313800000.0 5417870000.0 -2.66 4.205 [-2.66]
125893000000000.0 2.98139e+16 118935000000.0 644361000000.0 37316200000.0 157096000000.0 395353000.0 1320060000.0 1033940000000.0 83375900.0 1717450.0 8603790000.0 67587600000.0 15998600000.0 4706780000.0 -2.64 4.202 [-2.64]
125893000000000.0 2.83408e+16 117985000000.0 610455000000.0 33187800000.0 148170000000.0 336466000.0 1421840000.0 975632000000.0 66603800.0 1318200.0 8615190000.0 64679700000.0 14764200000.0 4085780000.0 -2.62 4.198 [-2.62]
125893000000000.0 2.69416e+16 117004000000.0 578061000000.0 29480000000.0 139576000000.0 286101000.0 1529090000.0 918977000000.0 53085400.0 1010050.0 8627130000.0 61850000000.0 13607400000.0 3544030000.0 -2.6 4.195 [-2.6]
125893000000000.0 2.56129e+16 115990000000.0 547134000000.0 26154900000.0 131310000000.0 243063000.0 1641800000.0 864051000000.0 42215500.0 772684.0 8639420000.0 59100500000.0 12525300000.0 3071910000.0 -2.58 4.192 [-2.58]
125893000000000.0 2.43506e+16 114943000000.0 517612000000.0 23176300000.0 123365000000.0 206308000.0 1759960000.0 810902000000.0 33493100.0 590118.0 8651990000.0 56430800000.0 11514400000.0 2660740000.0 -2.56 4.189 [-2.56]
125893000000000.0 2.31514e+16 113865000000.0 489447000000.0 20512000000.0 115737000000.0 174945000.0 1883510000.0 759590000000.0 26510700.0 449967.0 8664600000.0 53842100000.0 10571400000.0 2302980000.0 -2.54 4.186 [-2.54]
125893000000000.0 2.20126e+16 112755000000.0 462604000000.0 18132800000.0 108424000000.0 148213000.0 2012270000.0 710184000000.0 20936200.0 342597.0 8676970000.0 51335900000.0 9693520000.0 1992060000.0 -2.52 4.182 [-2.52]
125893000000000.0 2.09308e+16 111614000000.0 437025000000.0 16010500000.0 101421000000.0 125442000.0 2146110000.0 662705000000.0 16494900.0 260457.0 8688910000.0 48910700000.0 8877220000.0 1721980000.0 -2.5 4.179 [-2.5]
125893000000000.0 1.99007e+16 110438000000.0 412607000000.0 14116500000.0 94707100000.0 106028000.0 2284990000.0 617094000000.0 12959900.0 197632.0 8700280000.0 46560700000.0 8117630000.0 1487180000.0 -2.48 4.176 [-2.48]
125893000000000.0 1.89271e+16 109239000000.0 389486000000.0 12438800000.0 88323700000.0 89584100.0 2428040000.0 573667000000.0 10167400.0 0.0 8710200000.0 44303800000.0 7416850000.0 1284310000.0 -2.46 4.173 [-2.46]
125893000000000.0 1.8e+16 108006000000.0 367433000000.0 10945100000.0 82221200000.0 75584500.0 2575520000.0 532142000000.0 7954380.0 0.0 8718950000.0 42120300000.0 6766560000.0 1108140000.0 -2.44 4.17 [-2.44]
125893000000000.0 1.71191e+16 106744000000.0 346464000000.0 9619910000.0 76409100000.0 63701000.0 2726860000.0 492619000000.0 6208350.0 0.0 8726070000.0 40015000000.0 6165500000.0 955555000.0 -2.42 4.167 [-2.42]
125893000000000.0 1.62823e+16 105452000000.0 326537000000.0 8445790000.0 70882900000.0 53623900.0 2881630000.0 455099000000.0 4834180.0 0.0 8731210000.0 37987200000.0 5610780000.0 823497000.0 -2.4 4.164 [-2.4]
125893000000000.0 1.54872e+16 104132000000.0 307610000000.0 7406880000.0 65637700000.0 45087100.0 3039360000.0 419571000000.0 3755350.0 0.0 8734050000.0 36035300000.0 5099570000.0 709276000.0 -2.38 4.161 [-2.38]
125893000000000.0 1.47319e+16 102784000000.0 289642000000.0 6488750000.0 60668300000.0 37862500.0 3199540000.0 386015000000.0 2910450.0 0.0 8734230000.0 34158000000.0 4629140000.0 610542000.0 -2.36 4.158 [-2.36]
125893000000000.0 1.40143e+16 101410000000.0 272595000000.0 5678430000.0 55969500000.0 31755400.0 3361600000.0 354408000000.0 2250450.0 0.0 8731470000.0 32354000000.0 4196920000.0 525254000.0 -2.34 4.155 [-2.34]
125893000000000.0 1.33306e+16 100005000000.0 256384000000.0 4962650000.0 51525700000.0 26589100.0 3525230000.0 324650000000.0 1735290.0 0.0 8725500000.0 30616800000.0 3799400000.0 451486000.0 -2.32 4.152 [-2.32]
125893000000000.0 1.26827e+16 98579400000.0 241063000000.0 4333900000.0 47351100000.0 22241200.0 3689340000.0 296833000000.0 1335660.0 0.0 8715810000.0 28954700000.0 3436130000.0 387972000.0 -2.3 4.149 [-2.3]
125893000000000.0 1.20671e+16 97130000000.0 226548000000.0 3781010000.0 43429000000.0 18578900.0 3853570000.0 270843000000.0 1025770.0 0.0 8702220000.0 27361300000.0 3103820000.0 333204000.0 -2.28 4.147 [-2.28]
125893000000000.0 1.14837e+16 95662100000.0 212843000000.0 3296370000.0 39760700000.0 15503500.0 4017070000.0 246675000000.0 786443.0 0.0 8684350000.0 25839200000.0 2800960000.0 286094000.0 -2.26 4.144 [-2.26]
