Cloudy_runs/rxj0439/z=0.005568/logZ=-1/component_II_PI_nH/component_II_PI_nH_col_density_param.txt
# %ECSV 1.0
# ---
# datatype:
# - {name: H, datatype: float64}
# - {name: H+, datatype: float64}
# - {name: C+, datatype: float64}
# - {name: C+2, datatype: float64}
# - {name: C+3, datatype: float64}
# - {name: N+, datatype: float64}
# - {name: N+2, datatype: float64}
# - {name: N+4, datatype: float64}
# - {name: O, datatype: float64}
# - {name: O+2, datatype: float64}
# - {name: O+5, datatype: float64}
# - {name: O+6, datatype: float64}
# - {name: P+, datatype: float64}
# - {name: Si+, datatype: float64}
# - {name: Si+2, datatype: float64}
# - {name: Si+3, datatype: float64}
# - {name: Si+4, datatype: float64}
# - {name: Fe+, datatype: float64}
# - {name: Al+, datatype: float64}
# - {name: log_nH, datatype: float64}
# - {name: parameters, datatype: string, subtype: 'float64[1]'}
# schema: astropy-2.0
H H+ C+ C+2 C+3 N+ N+2 N+4 O O+2 O+5 O+6 P+ Si+ Si+2 Si+3 Si+4 Fe+ Al+ log_nH parameters
1.28824e+16 2.90228e+20 1878670000000.0 220579000000000.0 591712000000000.0 133536000000.0 35994500000000.0 389728000000000.0 12766300.0 111856000000000.0 3222270000000000.0 3194660000000000.0 150867000.0 2763420000.0 114489000000.0 426313000000.0 27104600000000.0 829671.0 99926800.0 -5.0 [-5.0]
1.28824e+16 2.75042e+20 2016080000000.0 230179000000000.0 594358000000000.0 144467000000.0 37885500000000.0 378507000000000.0 14268800.0 117969000000000.0 3000480000000000.0 2844360000000000.0 175007000.0 3221490000.0 131027000000.0 472389000000.0 28453400000000.0 1001190.0 117451000.0 -4.98 [-4.98]
1.28825e+16 2.6067e+20 2161030000000.0 239892000000000.0 596286000000000.0 156089000000.0 39816100000000.0 366925000000000.0 15944500.0 124232000000000.0 2788110000000000.0 2527870000000000.0 202657000.0 3748330000.0 149719000000.0 522675000000.0 29824400000000.0 1206890.0 137772000.0 -4.96 [-4.96]
1.28825e+16 2.47065e+20 2313640000000.0 249695000000000.0 597484000000000.0 168413000000.0 41780300000000.0 355022000000000.0 17812800.0 130636000000000.0 2585410000000000.0 2242460000000000.0 234264000.0 4352900000.0 170808000000.0 577462000000.0 31214300000000.0 1453220.0 161289000.0 -4.94 [-4.94]
1.28825e+16 2.34184e+20 2474100000000.0 259563000000000.0 597938000000000.0 181457000000.0 43772400000000.0 342844000000000.0 19896100.0 137165000000000.0 2392440000000000.0 1985720000000000.0 270338000.0 5045240000.0 194559000000.0 637046000000.0 32618800000000.0 1747840.0 188454000.0 -4.92 [-4.92]
1.28825e+16 2.21987e+20 2642440000000.0 269472000000000.0 597655000000000.0 195227000000.0 45786000000000.0 330445000000000.0 22218000.0 143810000000000.0 2209320000000000.0 1755180000000000.0 311398000.0 5836390000.0 221265000000.0 701767000000.0 34034900000000.0 2099800.0 219785000.0 -4.9 [-4.9]
1.28824e+16 2.10436e+20 2818850000000.0 279396000000000.0 596623000000000.0 209745000000.0 47815300000000.0 317875000000000.0 24808100.0 150559000000000.0 2036030000000000.0 1548600000000000.0 358066000.0 6738600000.0 251240000000.0 771928000000.0 35457700000000.0 2519710.0 255846000.0 -4.88 [-4.88]
1.28824e+16 1.99496e+20 3003370000000.0 289305000000000.0 594841000000000.0 225013000000.0 49853200000000.0 305183000000000.0 27696800.0 157394000000000.0 1872560000000000.0 1363910000000000.0 410996000.0 7765220000.0 284824000000.0 847859000000.0 36882700000000.0 3019840.0 297262000.0 -4.86 [-4.86]
1.28825e+16 1.89134e+20 3196090000000.0 299172000000000.0 592309000000000.0 241041000000.0 51892600000000.0 292418000000000.0 30919500.0 164300000000000.0 1718850000000000.0 1199160000000000.0 470922000.0 8930970000.0 322384000000.0 929887000000.0 38304900000000.0 3614780.0 344750000.0 -4.84 [-4.84]
1.28825e+16 1.79319e+20 3396990000000.0 308963000000000.0 589029000000000.0 257833000000.0 53926200000000.0 279631000000000.0 34516300.0 171262000000000.0 1574700000000000.0 1052480000000000.0 538633000.0 10251800000.0 364315000000.0 1018340000000.0 39719100000000.0 4321570.0 399109000.0 -4.82 [-4.82]
1.28825e+16 1.70021e+20 3606080000000.0 318647000000000.0 585002000000000.0 275392000000.0 55946600000000.0 266870000000000.0 38531900.0 178264000000000.0 1439900000000000.0 922160000000000.0 614998000.0 11745200000.0 411040000000.0 1113550000000.0 41119800000000.0 5159980.0 461218000.0 -4.8 [-4.8]
1.28825e+16 1.61213e+20 3823380000000.0 328191000000000.0 580238000000000.0 293725000000.0 57946300000000.0 254184000000000.0 43019200.0 185292000000000.0 1314170000000000.0 806587000000000.0 700975000.0 13430500000.0 463023000000.0 1215860000000.0 42501800000000.0 6153450.0 532075000.0 -4.78 [-4.78]
1.28825e+16 1.52869e+20 4048770000000.0 337559000000000.0 574743000000000.0 312826000000.0 59917200000000.0 241614000000000.0 48035500.0 192331000000000.0 1197200000000000.0 704290000000000.0 797579000.0 15327800000.0 520737000000.0 1325560000000.0 43858600000000.0 7328890.0 612765000.0 -4.76 [-4.76]
1.28825e+16 1.44963e+20 4282070000000.0 346715000000000.0 568529000000000.0 332686000000.0 61851600000000.0 229205000000000.0 53643900.0 199364000000000.0 1088640000000000.0 613926000000000.0 905907000.0 17459100000.0 584694000000.0 1442970000000.0 45184400000000.0 8717360.0 704493000.0 -4.74 [-4.74]
1.28825e+16 1.37473e+20 4523170000000.0 355623000000000.0 561609000000000.0 353304000000.0 63741800000000.0 216998000000000.0 59919800.0 206375000000000.0 988156000000000.0 534248000000000.0 1027160000.0 19848300000.0 655435000000.0 1568370000000.0 46472800000000.0 10355300.0 808583000.0 -4.72 [-4.72]
1.28825e+16 1.30376e+20 4771910000000.0 364247000000000.0 554002000000000.0 374677000000.0 65580800000000.0 205030000000000.0 66947500.0 213350000000000.0 895362000000000.0 464105000000000.0 1162610000.0 22520600000.0 733525000000.0 1702010000000.0 47717100000000.0 12284700.0 926494000.0 -4.7 [-4.7]
1.28825e+16 1.23652e+20 5028060000000.0 372552000000000.0 545725000000000.0 396798000000.0 67361400000000.0 193337000000000.0 74820900.0 220272000000000.0 809868000000000.0 402498000000000.0 1313660000.0 25503400000.0 819564000000.0 1844150000000.0 48911200000000.0 14553900.0 1059820000.0 -4.68 [-4.68]
1.28825e+16 1.17282e+20 5291370000000.0 380502000000000.0 536802000000000.0 419663000000.0 69077000000000.0 181949000000000.0 83647300.0 227125000000000.0 731281000000000.0 348490000000000.0 1481770000.0 28825400000.0 914176000000.0 1995000000000.0 50048600000000.0 17218900.0 1210330000.0 -4.66 [-4.66]
1.28825e+16 1.11245e+20 5561440000000.0 388058000000000.0 527256000000000.0 443255000000.0 70720500000000.0 170894000000000.0 93546100.0 233893000000000.0 659202000000000.0 301231000000000.0 1668490000.0 32516900000.0 1018000000000.0 2154740000000.0 51122900000000.0 20343600.0 1379910000.0 -4.64 [-4.64]
1.28825e+16 1.05525e+20 5838110000000.0 395195000000000.0 517127000000000.0 467574000000.0 72286300000000.0 160196000000000.0 104656000.0 240561000000000.0 593243000000000.0 259946000000000.0 1875490000.0 36610500000.0 1131710000000.0 2323500000000.0 52127800000000.0 24002000.0 1570660000.0 -4.62 [-4.62]
1.28825e+16 1.00105e+20 6120820000000.0 401873000000000.0 506437000000000.0 492602000000.0 73768300000000.0 149876000000000.0 117126000.0 247112000000000.0 533007000000000.0 223955000000000.0 2104490000.0 41139200000.0 1255980000000.0 2501360000000.0 53056800000000.0 28277800.0 1784810000.0 -4.6 [-4.6]
1.28825e+16 9.49684e+19 6409050000000.0 408055000000000.0 495218000000000.0 518328000000.0 75161100000000.0 139951000000000.0 131133000.0 253531000000000.0 478115000000000.0 192639000000000.0 2357260000.0 46138200000.0 1391490000000.0 2688360000000.0 53904000000000.0 33267800.0 2024810000.0 -4.58 [-4.58]
1.28825e+16 9.01012e+19 6702460000000.0 413715000000000.0 483504000000000.0 544746000000.0 76459600000000.0 130432000000000.0 146874000.0 259804000000000.0 428198000000000.0 165437000000000.0 2635760000.0 51644500000.0 1538960000000.0 2884450000000.0 54663300000000.0 39081600.0 2293270000.0 -4.56 [-4.56]
1.28824e+16 8.5487e+19 6999930000000.0 418810000000000.0 471333000000000.0 571799000000.0 77657400000000.0 121328000000000.0 164557000.0 265912000000000.0 382890000000000.0 141849000000000.0 2941640000.0 57693200000.0 1699050000000.0 3089610000000.0 55329000000000.0 45843800.0 2593030000.0 -4.54 [-4.54]
1.28825e+16 8.11141e+19 7301670000000.0 423329000000000.0 458744000000000.0 599542000000.0 78752600000000.0 112647000000000.0 184450000.0 271843000000000.0 341848000000000.0 121437000000000.0 3277440000.0 64325600000.0 1872460000000.0 3303490000000.0 55894900000000.0 53696600.0 2927050000.0 -4.52 [-4.52]
1.28825e+16 7.69698e+19 7606830000000.0 427247000000000.0 445784000000000.0 627941000000.0 79742100000000.0 104392000000000.0 206824000.0 277585000000000.0 304744000000000.0 103803000000000.0 3644910000.0 71579600000.0 2059850000000.0 3525900000000.0 56356800000000.0 62800000.0 3298550000.0 -4.5 [-4.5]
1.28825e+16 7.30422e+19 7914600000000.0 430540000000000.0 432498000000000.0 656978000000.0 80623100000000.0 96564500000000.0 231988000.0 283124000000000.0 271264000000000.0 88600200000000.0 4045920000.0 79493500000.0 2261860000000.0 3756490000000.0 56710200000000.0 73335300.0 3710950000.0 -4.48 [-4.48]
1.28825e+16 6.93193e+19 8224500000000.0 433198000000000.0 418938000000000.0 686650000000.0 81393300000000.0 89162100000000.0 260298000.0 288448000000000.0 241108000000000.0 75515000000000.0 4482430000.0 88106600000.0 2479070000000.0 3994830000000.0 56950900000000.0 85508400.0 4167880000.0 -4.46 [-4.46]
1.28825e+16 6.57903e+19 8535610000000.0 435201000000000.0 405146000000000.0 716937000000.0 82051100000000.0 82179900000000.0 292147000.0 293544000000000.0 213995000000000.0 64270900000000.0 4956270000.0 97456300000.0 2712020000000.0 4240350000000.0 57075400000000.0 99548800.0 4673140000.0 -4.44 [-4.44]
1.28825e+16 6.2445e+19 8847190000000.0 436536000000000.0 391167000000000.0 747836000000.0 82595400000000.0 75610700000000.0 327981000.0 298401000000000.0 189662000000000.0 54624100000000.0 5469240000.0 107580000000.0 2961170000000.0 4492370000000.0 57080600000000.0 115716000.0 5230720000.0 -4.42 [-4.42]
1.28824e+16 5.92737e+19 9158510000000.0 437199000000000.0 377051000000000.0 779335000000.0 83025700000000.0 69445300000000.0 368295000.0 303007000000000.0 167860000000000.0 46360800000000.0 6022960000.0 118512000000.0 3226890000000.0 4750090000000.0 56964000000000.0 134299000.0 5844760000.0 -4.4 [-4.4]
1.28825e+16 5.6267e+19 9468780000000.0 437188000000000.0 362848000000000.0 811426000000.0 83341700000000.0 63672900000000.0 413650000.0 307353000000000.0 148359000000000.0 39293100000000.0 6618780000.0 130285000000.0 3509460000000.0 5012620000000.0 56723900000000.0 155622000.0 6519590000.0 -4.38 [-4.38]
1.28825e+16 5.3416e+19 9777170000000.0 436503000000000.0 348604000000000.0 844093000000.0 83543700000000.0 58281000000000.0 464665000.0 311428000000000.0 130944000000000.0 33259600000000.0 7257850000.0 142927000000.0 3809010000000.0 5278900000000.0 56359000000000.0 180048000.0 7259670000.0 -4.36 [-4.36]
1.28825e+16 5.07123e+19 10082700000000.0 435144000000000.0 334365000000000.0 877323000000.0 83632000000000.0 53256000000000.0 522037000.0 315220000000000.0 115417000000000.0 28117200000000.0 7940900000.0 156462000000.0 4125520000000.0 5547800000000.0 55869100000000.0 207979000.0 8069560000.0 -4.34 [-4.34]
1.28825e+16 4.81482e+19 10384700000000.0 433123000000000.0 320178000000000.0 911107000000.0 83608200000000.0 48583700000000.0 586545000.0 318723000000000.0 101595000000000.0 23740300000000.0 8668440000.0 170909000000.0 4458820000000.0 5818010000000.0 55254600000000.0 239863000.0 8953920000.0 -4.32 [-4.32]
1.28825e+16 4.5716e+19 10682200000000.0 430453000000000.0 306087000000000.0 945433000000.0 83473500000000.0 44248500000000.0 659060000.0 321927000000000.0 89309700000000.0 20019600000000.0 9440410000.0 186280000000.0 4808540000000.0 6088150000000.0 54516700000000.0 276197000.0 9917490000.0 -4.3 [-4.3]
1.28825e+16 4.34088e+19 10974400000000.0 427144000000000.0 292133000000000.0 980288000000.0 83229600000000.0 40234800000000.0 740556000.0 324825000000000.0 78405900000000.0 16860800000000.0 10256300000.0 202580000000.0 5174100000000.0 6356670000000.0 53657400000000.0 317534000.0 10965000000.0 -4.28 [-4.28]
1.28825e+16 4.12199e+19 11260500000000.0 423222000000000.0 278359000000000.0 1015660000000.0 82879200000000.0 36526700000000.0 832103000.0 327409000000000.0 68743300000000.0 14182700000000.0 11115100000.0 219806000000.0 5554710000000.0 6621940000000.0 52679900000000.0 364477000.0 12101200000.0 -4.26 [-4.26]
1.28825e+16 3.9143e+19 11539700000000.0 418706000000000.0 264800000000000.0 1051540000000.0 82424700000000.0 33107600000000.0 934909000.0 329673000000000.0 60192300000000.0 11914800000000.0 12015200000.0 237945000000.0 5949290000000.0 6882200000000.0 51587900000000.0 417699000.0 13330600000.0 -4.24 [-4.24]
1.28825e+16 3.71722e+19 11811200000000.0 413623000000000.0 251492000000000.0 1087910000000.0 81869000000000.0 29961500000000.0 1050310000.0 331610000000000.0 52636300000000.0 9996740000000.0 12954500000.0 256975000000.0 6356530000000.0 7135610000000.0 50386200000000.0 477938000.0 14657900000.0 -4.22 [-4.22]
1.28825e+16 3.53019e+19 12074600000000.0 408003000000000.0 238468000000000.0 1124780000000.0 81215500000000.0 27072300000000.0 1179800000.0 333215000000000.0 45968800000000.0 8376690000000.0 13930200000.0 276862000000.0 6774860000000.0 7380270000000.0 49080500000000.0 546007000.0 16087300000.0 -4.2 [-4.2]
1.28825e+16 3.35267e+19 12328900000000.0 401874000000000.0 225757000000000.0 1162130000000.0 80467500000000.0 24424000000000.0 1325030000.0 334483000000000.0 40093500000000.0 7010020000000.0 14938900000.0 297561000000.0 7202410000000.0 7614210000000.0 47677400000000.0 622797000.0 17623000000.0 -4.18 [-4.18]
1.28825e+16 3.18421e+19 12574100000000.0 395277000000000.0 213383000000000.0 1199980000000.0 79629900000000.0 22001400000000.0 1487810000.0 335413000000000.0 34923700000000.0 5858760000000.0 15977300000.0 319023000000.0 7637170000000.0 7835320000000.0 46184800000000.0 709270000.0 19269000000.0 -4.16 [-4.16]
1.28825e+16 3.02424e+19 12808500000000.0 388229000000000.0 201369000000000.0 1238270000000.0 78704300000000.0 19788900000000.0 1670210000.0 335994000000000.0 30379900000000.0 4889790000000.0 17039200000.0 341160000000.0 8076440000000.0 8041890000000.0 44609900000000.0 806524000.0 21028500000.0 -4.14 [-4.14]
1.28825e+16 2.87236e+19 13032300000000.0 380776000000000.0 189736000000000.0 1277030000000.0 77696100000000.0 17772300000000.0 1874480000.0 336226000000000.0 26392200000000.0 4075500000000.0 18120500000.0 363900000000.0 8517680000000.0 8231830000000.0 42962200000000.0 915714000.0 22904600000.0 -4.12 [-4.12]
1.28825e+16 2.72815e+19 13245100000000.0 372958000000000.0 178499000000000.0 1316260000000.0 76609600000000.0 15937400000000.0 2103080000.0 336107000000000.0 22897100000000.0 3392080000000.0 19215400000.0 387149000000.0 8958010000000.0 8403240000000.0 41251400000000.0 1038120000.0 24900000000.0 -4.1 [-4.1]
1.28825e+16 2.59121e+19 13446600000000.0 364813000000000.0 167673000000000.0 1355960000000.0 75449500000000.0 14271000000000.0 2358790000.0 335636000000000.0 19838100000000.0 2819260000000.0 20318400000.0 410805000000.0 9394330000000.0 8554320000000.0 39488000000000.0 1175120000.0 27016800000.0 -4.08 [-4.08]
1.28825e+16 2.46117e+19 13636500000000.0 356380000000000.0 157268000000000.0 1396140000000.0 74220400000000.0 12760000000000.0 2644600000.0 334810000000000.0 17164300000000.0 2339800000000.0 21423100000.0 434752000000.0 9823360000000.0 8683420000000.0 37682600000000.0 1328220000.0 29256200000.0 -4.06 [-4.06]
1.28825e+16 2.33768e+19 13814700000000.0 347694000000000.0 147288000000000.0 1436810000000.0 72927000000000.0 11392500000000.0 2963900000.0 333630000000000.0 14830300000000.0 1939020000000.0 22523200000.0 458869000000.0 10241700000000.0 8789060000000.0 35846400000000.0 1499090000.0 31619200000.0 -4.04 [-4.04]
1.28825e+16 2.22039e+19 13980800000000.0 338794000000000.0 137739000000000.0 1478000000000.0 71574100000000.0 10156900000000.0 3320360000.0 332096000000000.0 12795700000000.0 1604460000000.0 23612500000.0 483027000000.0 10646000000000.0 8869980000000.0 33990700000000.0 1689490000.0 34105700000.0 -4.02 [-4.02]
1.28825e+16 2.109e+19 14135200000000.0 329719000000000.0 128622000000000.0 1519700000000.0 70166800000000.0 9042340000000.0 3718000000.0 330210000000000.0 11024500000000.0 1325610000000.0 24684500000.0 507095000000.0 11032900000000.0 8925130000000.0 32127000000000.0 1901360000.0 36715000000.0 -4.0 [-4.0]
1.28825e+16 2.00328e+19 14279000000000.0 320525000000000.0 119939000000000.0 1562020000000.0 68712500000000.0 8038970000000.0 4160960000.0 327982000000000.0 9485300000000.0 1093620000000.0 25735800000.0 530974000000.0 11399500000000.0 8953450000000.0 30267900000000.0 2136640000.0 39446500000.0 -3.98 [-3.98]
