Cloudy_runs/rxj0439/z=0.005568/logZ=-1/component_II_PI_nH/component_II_PI_nH_col_density_param.txt
# %ECSV 1.0
# ---
# datatype:
# - {name: H, datatype: float64}
# - {name: H+, datatype: float64}
# - {name: C+, datatype: float64}
# - {name: C+2, datatype: float64}
# - {name: C+3, datatype: float64}
# - {name: N+, datatype: float64}
# - {name: N+2, datatype: float64}
# - {name: N+4, datatype: float64}
# - {name: O, datatype: float64}
# - {name: O+2, datatype: float64}
# - {name: O+5, datatype: float64}
# - {name: O+6, datatype: float64}
# - {name: P+, datatype: float64}
# - {name: Si+, datatype: float64}
# - {name: Si+2, datatype: float64}
# - {name: Si+3, datatype: float64}
# - {name: Si+4, datatype: float64}
# - {name: Fe+, datatype: float64}
# - {name: Al+, datatype: float64}
# - {name: log_nH, datatype: float64}
# - {name: parameters, datatype: string, subtype: 'float64[1]'}
# schema: astropy-2.0
H H+ C+ C+2 C+3 N+ N+2 N+4 O O+2 O+5 O+6 P+ Si+ Si+2 Si+3 Si+4 Fe+ Al+ log_nH parameters
[from data line 53]
1.28825e+16 1.80733e+19 14529300000000.0 301836000000000.0 103853000000000.0 1648250000000.0 65670900000000.0 6326830000000.0 5203940000.0 322475000000000.0 6989880000000.0 740631000000.0 27740000000.0 577462000000.0 12056600000000.0 8929600000000.0 26600500000000.0 2687260000.0 45261700000.0 -3.94 [-3.94]
1.28825e+16 1.71667e+19 14637500000000.0 292426000000000.0 96439200000000.0 1692300000000.0 64096000000000.0 5601150000000.0 5814780000.0 319214000000000.0 5986840000000.0 607999000000.0 28684800000.0 599851000000.0 12341800000000.0 8877120000000.0 24814100000000.0 3007520000.0 48338800000.0 -3.92 [-3.92]
1.28825e+16 1.63056e+19 14734900000000.0 283015000000000.0 89434200000000.0 1737010000000.0 62491500000000.0 4951940000000.0 6493400000.0 315622000000000.0 5119850000000.0 498283000000.0 29585100000.0 621514000000.0 12595100000000.0 8798150000000.0 23071700000000.0 3361430000.0 51522500000.0 -3.9 [-3.9]
1.28825e+16 1.54876e+19 14821300000000.0 273629000000000.0 82828700000000.0 1782390000000.0 60862100000000.0 4372120000000.0 7246560000.0 311706000000000.0 4371630000000.0 407674000000.0 30435900000.0 642334000000.0 12814000000000.0 8693610000000.0 21381700000000.0 3751950000.0 54806000000.0 -3.88 [-3.88]
1.28825e+16 1.47107e+19 14898100000000.0 264300000000000.0 76608500000000.0 1828560000000.0 59212900000000.0 3854920000000.0 8081940000.0 307476000000000.0 3726710000000.0 332957000000.0 31236000000.0 662259000000.0 12997600000000.0 8564220000000.0 19751400000000.0 4182460000.0 58185200000.0 -3.86 [-3.86]
1.28825e+16 1.39728e+19 14964700000000.0 255048000000000.0 70764000000000.0 1875390000000.0 57548300000000.0 3394470000000.0 9007280000.0 302941000000000.0 3171850000000.0 271461000000.0 31980200000.0 681173000000.0 13144200000000.0 8411690000000.0 18187100000000.0 4656240000.0 61649900000.0 -3.84 [-3.84]
1.28825e+16 1.3272e+19 15021600000000.0 245897000000000.0 65282000000000.0 1922930000000.0 55872700000000.0 2985160000000.0 10031200000.0 298112000000000.0 2695210000000.0 220932000000.0 32666100000.0 699013000000.0 13253200000000.0 8237660000000.0 16694100000000.0 5176960000.0 65191300000.0 -3.82 [-3.82]
1.28825e+16 1.26064e+19 15069900000000.0 236867000000000.0 60146200000000.0 1971340000000.0 54190600000000.0 2621750000000.0 11163600000.0 293000000000000.0 2286290000000.0 179479000000.0 33294100000.0 715776000000.0 13324800000000.0 8043530000000.0 15276200000000.0 5748740000.0 68803500000.0 -3.8 [-3.8]
1.28825e+16 1.19741e+19 15109000000000.0 227974000000000.0 55344700000000.0 2020590000000.0 52505800000000.0 2299670000000.0 12414100000.0 287617000000000.0 1936140000000.0 145537000000.0 33860400000.0 731388000000.0 13358700000000.0 7831720000000.0 13936400000000.0 6375560000.0 72472900000.0 -3.78 [-3.78]
1.28825e+16 1.13737e+19 15139600000000.0 219237000000000.0 50862800000000.0 2070730000000.0 50822600000000.0 2014670000000.0 13793100000.0 281980000000000.0 1636820000000.0 117799000000.0 34364800000.0 745845000000.0 13355800000000.0 7604250000000.0 12676700000000.0 7061610000.0 76189400000.0 -3.76 [-3.76]
1.28825e+16 1.08033e+19 15162100000000.0 210665000000000.0 46684500000000.0 2121850000000.0 49144100000000.0 1762770000000.0 15313400000.0 276099000000000.0 1381310000000.0 95165600000.0 34807300000.0 759161000000.0 13317000000000.0 7363140000000.0 11497500000000.0 7812060000.0 79942600000.0 -3.74 [-3.74]
1.28825e+16 1.02616e+19 15176900000000.0 202273000000000.0 42795700000000.0 2173970000000.0 47474100000000.0 1540480000000.0 16986900000.0 269992000000000.0 1163600000000.0 76734800000.0 35187900000.0 771349000000.0 13243900000000.0 7110660000000.0 10398900000000.0 8631580000.0 83720300000.0 -3.72 [-3.72]
1.28825e+16 9.74708e+18 15184200000000.0 194070000000000.0 39181800000000.0 2227120000000.0 45815800000000.0 1344600000000.0 18827000000.0 263675000000000.0 978421000000.0 61755000000.0 35507100000.0 782439000000.0 13138100000000.0 6849030000000.0 9379800000000.0 9525290000.0 87509900000.0 -3.7 [-3.7]
1.28825e+16 9.25657e+18 15180200000000.0 186026000000000.0 35825100000000.0 2281020000000.0 44164700000000.0 1171960000000.0 20852600000.0 257128000000000.0 820881000000.0 49574800000.0 35753300000.0 792353000000.0 12997700000000.0 6581190000000.0 8436310000000.0 10501700000.0 91283500000.0 -3.68 [-3.68]
1.28825e+16 8.79325e+18 15175200000000.0 178241000000000.0 32719000000000.0 2336470000000.0 42542000000000.0 1020630000000.0 23067700000.0 250458000000000.0 687784000000.0 39751300000.0 35957600000.0 801440000000.0 12834300000000.0 6307310000000.0 7571410000000.0 11559300000.0 95064000000.0 -3.66 [-3.66]
1.28825e+16 8.3526e+18 15162200000000.0 170652000000000.0 29844000000000.0 2392930000000.0 40936900000000.0 887758000000.0 25495900000.0 243618000000000.0 575097000000.0 31805500000.0 36099500000.0 809541000000.0 12643300000000.0 6030810000000.0 6778160000000.0 12708900000.0 98812000000.0 -3.64 [-3.64]
1.28825e+16 7.93408e+18 15142800000000.0 163278000000000.0 27187500000000.0 2450530000000.0 39354300000000.0 771310000000.0 28152700000.0 236639000000000.0 479944000000.0 25397600000.0 36185000000.0 816765000000.0 12428600000000.0 5753240000000.0 6053950000000.0 13955500000.0 102519000000.0 -3.62 [-3.62]
1.28825e+16 7.53667e+18 15116800000000.0 156121000000000.0 24737300000000.0 2509240000000.0 37796800000000.0 669425000000.0 31054700000.0 229543000000000.0 399773000000.0 20241600000.0 36215000000.0 823169000000.0 12192500000000.0 5476560000000.0 5395280000000.0 15304900000.0 106169000000.0 -3.6 [-3.6]
1.28825e+16 7.15931e+18 15085600000000.0 149184000000000.0 22479000000000.0 2569170000000.0 36266500000000.0 580356000000.0 34221200000.0 222350000000000.0 332332000000.0 16100400000.0 36194500000.0 828864000000.0 11938100000000.0 5201820000000.0 4798130000000.0 16763400000.0 109757000000.0 -3.58 [-3.58]
1.28825e+16 6.80073e+18 15048500000000.0 142463000000000.0 20400300000000.0 2630280000000.0 34763600000000.0 502569000000.0 37673600000.0 215072000000000.0 275692000000.0 12779600000.0 36123400000.0 833909000000.0 11667100000000.0 4930550000000.0 4258260000000.0 18338600000.0 113265000000.0 -3.56 [-3.56]
1.28825e+16 6.46025e+18 15005200000000.0 135963000000000.0 18491400000000.0 2692460000000.0 33291100000000.0 434781000000.0 41428600000.0 207734000000000.0 228258000000.0 10124300000.0 36002100000.0 838349000000.0 11381900000000.0 4664520000000.0 3772000000000.0 20035600000.0 116673000000.0 -3.54 [-3.54]
1.28825e+16 6.13686e+18 14956700000000.0 129680000000000.0 16739200000000.0 2755800000000.0 31849700000000.0 375733000000.0 45509700000.0 200353000000000.0 188590000000.0 8004390000.0 35836000000.0 842295000000.0 11085300000000.0 4404180000000.0 3335120000000.0 21861300000.0 119979000000.0 -3.52 [-3.52]
1.28824e+16 5.82972e+18 14903000000000.0 123615000000000.0 15133400000000.0 2820240000000.0 30440700000000.0 324371000000.0 49937900000.0 192949000000000.0 155491000000.0 6315760000.0 35626400000.0 845804000000.0 10779300000000.0 4150640000000.0 2943710000000.0 23822000000.0 123166000000.0 -3.5 [-3.5]
1.28824e+16 5.53775e+18 14843000000000.0 117758000000000.0 13663900000000.0 2885600000000.0 29063800000000.0 279735000000.0 54735800000.0 185534000000000.0 127918000000.0 4972710000.0 35372400000.0 848943000000.0 10465100000000.0 3904890000000.0 2593770000000.0 25925600000.0 126215000000.0 -3.48 [-3.48]
1.28824e+16 5.26082e+18 14779100000000.0 112122000000000.0 12321400000000.0 2952030000000.0 27722800000000.0 241018000000.0 59923100000.0 178142000000000.0 105023000000.0 3908190000.0 35083400000.0 851786000000.0 10146600000000.0 3667120000000.0 2282050000000.0 28173700000.0 129135000000.0 -3.46 [-3.46]
1.28824e+16 4.99783e+18 14710200000000.0 106695000000000.0 11096500000000.0 3019340000000.0 26416800000000.0 207458000000.0 65523800000.0 170783000000000.0 86040300000.0 3065510000.0 34758100000.0 854381000000.0 9824500000000.0 3438020000000.0 2004830000000.0 30573700000.0 131904000000.0 -3.44 [-3.44]
1.28824e+16 4.74801e+18 14636200000000.0 101473000000000.0 9980240000000.0 3087380000000.0 25145800000000.0 178395000000.0 71560400000.0 163471000000000.0 70333200000.0 2399720000.0 34398100000.0 856782000000.0 9500230000000.0 3217990000000.0 1758780000000.0 33131400000.0 134512000000.0 -3.42 [-3.42]
1.28824e+16 4.51083e+18 14557500000000.0 96453500000000.0 8964640000000.0 3156080000000.0 23910900000000.0 153260000000.0 78055600000.0 156226000000000.0 57368400000.0 1874940000.0 34007100000.0 859035000000.0 9175620000000.0 3007220000000.0 1540900000000.0 35850100000.0 136953000000.0 -3.4 [-3.4]
1.28824e+16 4.28559e+18 14474000000000.0 91632100000000.0 8041860000000.0 3225280000000.0 22711900000000.0 131540000000.0 85031100000.0 149063000000000.0 46689300000.0 1462090000.0 33586800000.0 861179000000.0 8851830000000.0 2805880000000.0 1348300000000.0 38733900000.0 139219000000.0 -3.38 [-3.38]
1.28825e+16 4.07168e+18 14385600000000.0 87003800000000.0 7204580000000.0 3294770000000.0 21549000000000.0 112791000000.0 92508100000.0 141995000000000.0 37912000000.0 1137950000.0 33139100000.0 863253000000.0 8529960000000.0 2614060000000.0 1178350000000.0 41786100000.0 141302000000.0 -3.36 [-3.36]
1.28824e+16 3.86855e+18 14292600000000.0 82564800000000.0 6446030000000.0 3364370000000.0 20422400000000.0 96623400000.0 100505000000.0 135038000000000.0 30715100000.0 883997000.0 32666700000.0 865281000000.0 8211160000000.0 2431730000000.0 1028660000000.0 45007900000.0 143197000000.0 -3.34 [-3.34]
1.28825e+16 3.67563e+18 14194800000000.0 78309400000000.0 5759730000000.0 3433830000000.0 19331800000000.0 82693700000.0 109043000000.0 128203000000000.0 24826700000.0 685417000.0 32171300000.0 867293000000.0 7896210000000.0 2258820000000.0 897007000000.0 48401200000.0 144898000000.0 -3.32 [-3.32]
1.28824e+16 3.49245e+18 14092400000000.0 74234100000000.0 5139750000000.0 3502920000000.0 18277400000000.0 70705200000.0 118135000000.0 121506000000000.0 20020800000.0 530472000.0 31655600000.0 869298000000.0 7586050000000.0 2095190000000.0 781404000000.0 51964600000.0 146403000000.0 -3.3 [-3.3]
1.28825e+16 3.31854e+18 13985500000000.0 70334300000000.0 4580610000000.0 3571300000000.0 17259300000000.0 60398000000.0 127791000000.0 114959000000000.0 16107800000.0 409820000.0 31121400000.0 871317000000.0 7281350000000.0 1940710000000.0 680049000000.0 55696200000.0 147709000000.0 -3.28 [-3.28]
1.28825e+16 3.15349e+18 13874200000000.0 66605800000000.0 4077180000000.0 3638680000000.0 16277400000000.0 51545900000.0 138019000000.0 108574000000000.0 12929900000.0 316067000.0 30571400000.0 873348000000.0 6982810000000.0 1795150000000.0 591317000000.0 59591200000.0 148818000000.0 -3.26 [-3.26]
1.28825e+16 2.99672e+18 13758300000000.0 63041000000000.0 3624340000000.0 3704720000000.0 15330800000000.0 43947400000.0 148834000000.0 102357000000000.0 10353800000.0 243324000.0 30006200000.0 875405000000.0 6690560000000.0 1658230000000.0 513695000000.0 63649200000.0 149723000000.0 -3.24 [-3.24]
1.28825e+16 2.84787e+18 13638000000000.0 59635900000000.0 3217650000000.0 3769070000000.0 14419400000000.0 37431700000.0 160237000000.0 96317100000000.0 8271120000.0 187003000.0 29428300000.0 877470000000.0 6405170000000.0 1529670000000.0 445887000000.0 67862800000.0 150426000000.0 -3.22 [-3.22]
1.28825e+16 2.70652e+18 13513300000000.0 56385100000000.0 2852940000000.0 3831330000000.0 13542900000000.0 31849300000.0 172228000000.0 90462800000000.0 6591270000.0 143475000.0 28839400000.0 879540000000.0 6126880000000.0 1409160000000.0 386713000000.0 72225300000.0 150928000000.0 -3.2 [-3.2]
1.28825e+16 2.57229e+18 13384100000000.0 53283500000000.0 2526340000000.0 3891100000000.0 12700900000000.0 27071000000.0 184802000000.0 84800900000000.0 5239670000.0 109897000.0 28240900000.0 881605000000.0 5855910000000.0 1296410000000.0 335127000000.0 76728800000.0 151229000000.0 -3.18 [-3.18]
1.28825e+16 2.44484e+18 13250700000000.0 50326300000000.0 2234310000000.0 3947940000000.0 11893100000000.0 22984800000.0 197949000000.0 79338000000000.0 4154950000.0 84041900.0 27634800000.0 883645000000.0 5592490000000.0 1191080000000.0 290203000000.0 81362800000.0 151334000000.0 -3.16 [-3.16]
1.28825e+16 2.32374e+18 13112700000000.0 47507100000000.0 1973500000000.0 4001350000000.0 11118800000000.0 19492900000.0 211653000000.0 74077100000000.0 3286360000.0 64163600.0 27021500000.0 885669000000.0 5336490000000.0 1092870000000.0 251105000000.0 86120900000.0 151240000000.0 -3.14 [-3.14]
1.28825e+16 2.20879e+18 12970700000000.0 44823200000000.0 1741010000000.0 4050980000000.0 10378100000000.0 16513000000.0 225890000000.0 69026400000000.0 2592950000.0 48915500.0 26404100000.0 887609000000.0 5088390000000.0 1001420000000.0 217128000000.0 90983600000.0 150959000000.0 -3.12 [-3.12]
1.28825e+16 2.09967e+18 12824900000000.0 42270000000000.0 1534060000000.0 4096350000000.0 9670750000000.0 13972600000.0 240632000000.0 64189600000000.0 2040820000.0 37239000.0 25784000000.0 889433000000.0 4848230000000.0 916412000000.0 187625000000.0 95936200000.0 150498000000.0 -3.1 [-3.1]
1.28825e+16 1.99602e+18 12674900000000.0 39840800000000.0 1350040000000.0 4136980000000.0 8995790000000.0 11808200000.0 255850000000.0 59566400000000.0 1602130000.0 28308100.0 25161300000.0 891156000000.0 4615720000000.0 837525000000.0 162018000000.0 100972000000.0 149854000000.0 -3.08 [-3.08]
1.28825e+16 1.89758e+18 12520900000000.0 37531500000000.0 1186660000000.0 4172420000000.0 8352980000000.0 9966520000.0 271501000000.0 55159500000000.0 1254550000.0 21489700.0 24537700000.0 892732000000.0 4390950000000.0 764426000000.0 139813000000.0 106073000000.0 149036000000.0 -3.06 [-3.06]
1.28825e+16 1.80409e+18 12363100000000.0 35337600000000.0 1041810000000.0 4202250000000.0 7741850000000.0 8401080000.0 287541000000.0 50969800000000.0 979892000.0 0.0 23914400000.0 894133000000.0 4173860000000.0 696799000000.0 120572000000.0 111225000000.0 148050000000.0 -3.04 [-3.04]
1.28825e+16 1.71531e+18 12201600000000.0 33254700000000.0 913586000000.0 4226090000000.0 7161990000000.0 7072070000.0 303918000000.0 46997500000000.0 763438000.0 0.0 23292600000.0 895317000000.0 3964420000000.0 634333000000.0 103914000000.0 116410000000.0 146904000000.0 -3.02 [-3.02]
1.28825e+16 1.631e+18 12036500000000.0 31278500000000.0 800229000000.0 4243590000000.0 6612880000000.0 5945140000.0 320579000000.0 43241700000000.0 593311000.0 0.0 22673500000.0 896249000000.0 3762560000000.0 576722000000.0 89502400000.0 121611000000.0 145605000000.0 -3.0 [-3.0]
1.28825e+16 1.55091e+18 11867900000000.0 29404100000000.0 700138000000.0 4254410000000.0 6093870000000.0 4990650000.0 337464000000.0 39699600000000.0 459938000.0 0.0 22057600000.0 896913000000.0 3568100000000.0 523671000000.0 77040700000.0 126818000000.0 144160000000.0 -2.98 [-2.98]
1.28825e+16 1.4749e+18 11696400000000.0 27628900000000.0 611921000000.0 4258390000000.0 5604720000000.0 4183570000.0 354511000000.0 36370300000000.0 355699000.0 0.0 21447200000.0 897207000000.0 3381210000000.0 474899000000.0 66278500000.0 131999000000.0 142584000000.0 -2.96 [-2.96]
1.28825e+16 1.4026e+18 11521100000000.0 25945200000000.0 534177000000.0 4255090000000.0 5143930000000.0 3501400000.0 371663000000.0 33245400000000.0 274362000.0 0.0 20840200000.0 897259000000.0 3201100000000.0 430112000000.0 56977000000.0 137175000000.0 140865000000.0 -2.94 [-2.94]
1.28825e+16 1.33401e+18 11343200000000.0 24353300000000.0 465859000000.0 4244670000000.0 4711870000000.0 2926370000.0 388839000000.0 30326200000000.0 211153000.0 0.0 20240900000.0 896837000000.0 3028450000000.0 389072000000.0 48958000000.0 142287000000.0 139037000000.0 -2.92 [-2.92]
