Cloudy_runs/rxj0439/z=0.005568/logZ=-1/component_II_PI_nH/component_II_PI_nH_col_density_param.txt
# %ECSV 1.0
# ---
# datatype:
# - {name: H, datatype: float64}
# - {name: H+, datatype: float64}
# - {name: C+, datatype: float64}
# - {name: C+2, datatype: float64}
# - {name: C+3, datatype: float64}
# - {name: N+, datatype: float64}
# - {name: N+2, datatype: float64}
# - {name: N+4, datatype: float64}
# - {name: O, datatype: float64}
# - {name: O+2, datatype: float64}
# - {name: O+5, datatype: float64}
# - {name: O+6, datatype: float64}
# - {name: P+, datatype: float64}
# - {name: Si+, datatype: float64}
# - {name: Si+2, datatype: float64}
# - {name: Si+3, datatype: float64}
# - {name: Si+4, datatype: float64}
# - {name: Fe+, datatype: float64}
# - {name: Al+, datatype: float64}
# - {name: log_nH, datatype: float64}
# - {name: parameters, datatype: string, subtype: 'float64[1]'}
# schema: astropy-2.0
H H+ C+ C+2 C+3 N+ N+2 N+4 O O+2 O+5 O+6 P+ Si+ Si+2 Si+3 Si+4 Fe+ Al+ log_nH parameters
[from data line 238]
1.28825e+16 6017650000000000.0 375682000000.0 3191730000.0 0.0 46433900000.0 2216930.0 0.0 673971000000.0 10696100.0 0.0 0.0 483923000.0 60465200000.0 226772000.0 554287.0 0.0 58560800000.0 5281830000.0 -0.24 [-0.24]
1.28825e+16 5845020000000000.0 369727000000.0 3033700000.0 0.0 44977000000.0 2034180.0 0.0 673098000000.0 9841620.0 0.0 0.0 479544000.0 59915000000.0 214985000.0 520673.0 0.0 58074100000.0 5234810000.0 -0.22 [-0.22]
1.28825e+16 5677870000000000.0 363899000000.0 2883730000.0 0.0 43563800000.0 1866770.0 0.0 672239000000.0 9058490.0 0.0 0.0 475303000.0 59381800000.0 203835000.0 489291.0 0.0 57601700000.0 5189270000.0 -0.2 [-0.2]
1.28825e+16 5515060000000000.0 358164000000.0 2740800000.0 0.0 42182700000.0 1712710.0 0.0 671390000000.0 8339290.0 0.0 0.0 471172000.0 58862100000.0 193116000.0 459947.0 0.0 57140900000.0 5144890000.0 -0.18 [-0.18]
1.28825e+16 5357840000000000.0 352564000000.0 2605430000.0 0.0 40846000000.0 1571720.0 0.0 670556000000.0 7680560.0 0.0 0.0 467181000.0 58359900000.0 182994000.0 432549.0 0.0 56694900000.0 5102010000.0 -0.16 [-0.16]
1.28825e+16 5205300000000000.0 347072000000.0 2476770000.0 0.0 39545800000.0 1442310.0 0.0 669736000000.0 7076020.0 0.0 0.0 463309000.0 57872400000.0 173349000.0 406932.0 0.0 56261300000.0 5060400000.0 -0.14 [-0.14]
1.28825e+16 5057410000000000.0 341687000000.0 2354540000.0 0.0 38282400000.0 1323560.0 0.0 668929000000.0 6521120.0 0.0 0.0 459553000.0 57399200000.0 164178000.0 382970.0 0.0 55840100000.0 5020030000.0 -0.12 [-0.12]
1.28825e+16 4914450000000000.0 336419000000.0 2238630000.0 0.0 37059600000.0 1214860.0 0.0 668138000000.0 6012020.0 0.0 0.0 455922000.0 56941600000.0 155532000.0 360561.0 0.0 55431900000.0 4981010000.0 -0.1 [-0.1]
1.28825e+16 4775220000000000.0 331234000000.0 2128180000.0 0.0 35864600000.0 1114760.0 0.0 667357000000.0 5543870.0 0.0 0.0 452385000.0 56495500000.0 147210000.0 339567.0 0.0 55033900000.0 4942980000.0 -0.08 [-0.08]
1.28825e+16 4640070000000000.0 326144000000.0 2023170000.0 0.0 34701600000.0 1022800.0 0.0 666590000000.0 5113680.0 0.0 0.0 448951000.0 56062200000.0 139266000.0 319905.0 0.0 54647000000.0 4906060000.0 -0.06 [-0.06]
1.28825e+16 4508820000000000.0 321146000000.0 1923290000.0 0.0 33569000000.0 938303.0 0.0 665834000000.0 4718220.0 0.0 0.0 445616000.0 55641000000.0 131675000.0 301482.0 0.0 54270700000.0 4870190000.0 -0.04 [-0.04]
1.28825e+16 4381350000000000.0 316235000000.0 1828310000.0 0.0 32466000000.0 860648.0 0.0 665091000000.0 4354570.0 0.0 0.0 442375000.0 55231600000.0 124421000.0 284213.0 0.0 53904600000.0 4835340000.0 -0.02 [-0.02]
1.28825e+16 4257500000000000.0 311409000000.0 1737950000.0 0.0 31391200000.0 789267.0 0.0 664361000000.0 4020070.0 0.0 0.0 439227000.0 54833600000.0 117484000.0 268019.0 0.0 53548400000.0 4801470000.0 -0.0 [-0.0]
1.28825e+16 4137760000000000.0 306684000000.0 1652270000.0 0.0 30351000000.0 723906.0 0.0 663646000000.0 3712660.0 0.0 0.0 436182000.0 54448400000.0 110940000.0 252839.0 0.0 53203300000.0 4768710000.0 0.02 [0.02]
1.28825e+16 4020760000000000.0 302020000000.0 1570480000.0 0.0 29329500000.0 663545.0 0.0 662940000000.0 3429330.0 0.0 0.0 433206000.0 54071700000.0 104583000.0 238582.0 0.0 52865900000.0 4736700000.0 0.04 [0.04]
1.28825e+16 3906820000000000.0 297429000000.0 1492590000.0 0.0 28330500000.0 607949.0 0.0 662245000000.0 3168390.0 0.0 0.0 430307000.0 53704400000.0 98460900.0 225196.0 0.0 52537100000.0 4705510000.0 0.06 [0.06]
1.28825e+16 3796090000000000.0 292916000000.0 1418530000.0 0.0 27356400000.0 556845.0 0.0 661562000000.0 2928120.0 0.0 0.0 427490000.0 53347200000.0 92605700.0 212627.0 0.0 52217000000.0 4675190000.0 0.08 [0.08]
1.28825e+16 3688520000000000.0 288481000000.0 1348120000.0 0.0 26407100000.0 509882.0 0.0 660891000000.0 2706880.0 0.0 0.0 424752000.0 52999700000.0 87010400.0 200821.0 0.0 51905700000.0 4645730000.0 0.1 [0.1]
1.28825e+16 3583330000000000.0 284098000000.0 1280910000.0 0.0 25474500000.0 466538.0 0.0 660229000000.0 2502680.0 0.0 0.0 422074000.0 52659500000.0 81596800.0 189718.0 0.0 51600900000.0 4616910000.0 0.12 [0.12]
1.28825e+16 3480920000000000.0 279788000000.0 1216990000.0 0.0 24561200000.0 426618.0 0.0 659579000000.0 2314560.0 0.0 0.0 419466000.0 52327800000.0 76377100.0 179284.0 0.0 51304100000.0 4588840000.0 0.14 [0.14]
1.28825e+16 3381600000000000.0 275569000000.0 1156390000.0 0.0 23668700000.0 389899.0 0.0 658942000000.0 2141570.0 0.0 0.0 416937000.0 52005900000.0 71348000.0 169484.0 0.0 51016100000.0 4561620000.0 0.16 [0.16]
1.28825e+16 3284330000000000.0 271396000000.0 1098540000.0 0.0 22789700000.0 355998.0 0.0 658313000000.0 1981720.0 0.0 0.0 414458000.0 51690000000.0 66482100.0 160257.0 0.0 50733700000.0 4534950000.0 0.18 [0.18]
1.28825e+16 3189120000000000.0 267273000000.0 1043370000.0 0.0 21923700000.0 324702.0 0.0 657693000000.0 1834110.0 0.0 0.0 412032000.0 51380200000.0 61768900.0 151571.0 0.0 50457100000.0 4508840000.0 0.2 [0.2]
1.28825e+16 3096640000000000.0 263242000000.0 991120000.0 0.0 21072500000.0 295866.0 0.0 657086000000.0 1698350.0 0.0 0.0 409675000.0 51078800000.0 57198700.0 143409.0 0.0 50188400000.0 4483470000.0 0.22 [0.22]
1.28825e+16 3005630000000000.0 259250000000.0 941209000.0 0.0 20225800000.0 269129.0 0.0 656485000000.0 1572830.0 0.0 0.0 407354000.0 50781500000.0 52716300.0 135718.0 0.0 49924000000.0 4458500000.0 0.24 [0.24]
1.28825e+16 2915950000000000.0 255297000000.0 893548000.0 0.0 19381300000.0 244325.0 0.0 655889000000.0 1456770.0 0.0 0.0 405066000.0 50487700000.0 48317400.0 128472.0 0.0 49663400000.0 4433890000.0 0.26 [0.26]
1.28825e+16 2827770000000000.0 251416000000.0 848277000.0 0.0 18531800000.0 221218.0 0.0 655302000000.0 1349900.0 0.0 0.0 402815000.0 50197900000.0 43924200.0 121656.0 0.0 49407600000.0 4409680000.0 0.28 [0.28]
1.28825e+16 2740820000000000.0 247589000000.0 805192000.0 0.0 17678900000.0 199758.0 0.0 654721000000.0 1251210.0 0.0 0.0 400595000.0 49911100000.0 39607400.0 115237.0 0.0 49155300000.0 4385810000.0 0.3 [0.3]
1.28825e+16 2653970000000000.0 243791000000.0 764026000.0 0.0 16804700000.0 179608.0 0.0 654141000000.0 1159920.0 0.0 0.0 398376000.0 49623000000.0 35260400.0 109187.0 0.0 48903600000.0 4361960000.0 0.32 [0.32]
1.28825e+16 2566820000000000.0 240043000000.0 724830000.0 0.0 15894900000.0 160551.0 0.0 653561000000.0 1075710.0 0.0 0.0 396148000.0 49332100000.0 30823600.0 103494.0 0.0 48651600000.0 4338030000.0 0.34 [0.34]
1.28825e+16 2478300000000000.0 236346000000.0 687568000.0 0.0 14925900000.0 142320.0 0.0 652977000000.0 998119.0 0.0 0.0 393882000.0 49033800000.0 26228600.0 98141.3 0.0 48396000000.0 4313710000.0 0.36 [0.36]
1.28825e+16 2385780000000000.0 232709000000.0 652260000.0 0.0 13837600000.0 124341.0 0.0 652380000000.0 926884.0 0.0 0.0 391510000.0 48717600000.0 21270500.0 93122.6 0.0 48130100000.0 4288290000.0 0.38 [0.38]
1.28825e+16 1738440000000000.0 216788000000.0 499884000.0 0.0 4113920000.0 34549.6 0.0 650194000000.0 832533.0 0.0 0.0 374885000.0 46014500000.0 93752.0 88563.8 0.0 46232700000.0 4112370000.0 0.4 [0.4]
1.28825e+16 1667550000000000.0 212227000000.0 469643000.0 0.0 3753290000.0 30216.1 0.0 649751000000.0 767069.0 0.0 0.0 373072000.0 45729500000.0 74753.5 83978.3 0.0 46011400000.0 4093020000.0 0.42 [0.42]
1.28825e+16 1603070000000000.0 207838000000.0 442211000.0 0.0 3457470000.0 26679.2 0.0 649324000000.0 706959.0 0.0 0.0 371420000.0 45469500000.0 63707.5 79647.7 0.0 45809900000.0 4075400000.0 0.44 [0.44]
1.28825e+16 1543820000000000.0 203619000000.0 417173000.0 0.0 3205340000.0 23708.5 0.0 648917000000.0 651969.0 0.0 0.0 369902000.0 45229700000.0 56461.2 75563.6 0.0 45624600000.0 4059210000.0 0.46 [0.46]
1.28825e+16 1487900000000000.0 199470000000.0 393813000.0 0.0 2983560000.0 21156.1 0.0 648520000000.0 601181.0 0.0 0.0 368467000.0 45001500000.0 51265.2 71697.7 0.0 45449600000.0 4043910000.0 0.48 [0.48]
1.28825e+16 1435660000000000.0 195455000000.0 372242000.0 0.0 2786740000.0 18948.0 0.0 648142000000.0 554661.0 0.0 0.0 367125000.0 44787000000.0 47277.6 68048.9 0.0 45286100000.0 4029620000.0 0.5 [0.5]
1.28825e+16 1385650000000000.0 191475000000.0 351905000.0 0.0 2608680000.0 17011.6 0.0 647772000000.0 511596.0 0.0 0.0 365840000.0 44579300000.0 44043.9 64591.0 0.0 45129500000.0 4015930000.0 0.52 [0.52]
1.28825e+16 1337890000000000.0 187550000000.0 332796000.0 0.0 2446730000.0 15306.7 0.0 647413000000.0 471844.0 0.0 0.0 364611000.0 44378700000.0 41309.5 61316.8 0.0 44980100000.0 4002860000.0 0.54 [0.54]
1.28825e+16 1292270000000000.0 183683000000.0 314825000.0 0.0 2298670000.0 13799.3 0.0 647065000000.0 435164.0 0.0 0.0 363436000.0 44184800000.0 38924.4 58216.2 0.0 44837300000.0 3990370000.0 0.56 [0.56]
1.28825e+16 1248550000000000.0 179866000000.0 297888000.0 0.0 2162550000.0 12461.1 0.0 646727000000.0 401296.0 0.0 0.0 362308000.0 43996600000.0 36791.8 55278.6 0.0 44700400000.0 3978400000.0 0.58 [0.58]
1.28825e+16 1206620000000000.0 176098000000.0 281903000.0 0.0 2036910000.0 11269.4 0.0 646399000000.0 370026.0 0.0 0.0 361225000.0 43813700000.0 34851.3 52494.8 0.0 44569200000.0 3966920000.0 0.6 [0.6]
1.28825e+16 1166360000000000.0 172377000000.0 266808000.0 0.0 1920480000.0 10204.9 0.0 646080000000.0 341157.0 0.0 0.0 360185000.0 43635600000.0 33061.8 49856.2 0.0 44443300000.0 3955900000.0 0.62 [0.62]
1.28825e+16 1127580000000000.0 168697000000.0 252529000.0 0.0 1812380000.0 9252.51 0.0 645770000000.0 314476.0 0.0 0.0 359181000.0 43461100000.0 31395.7 47353.9 0.0 44322000000.0 3945290000.0 0.64 [0.64]
1.28825e+16 1090360000000000.0 165070000000.0 239047000.0 0.0 1711790000.0 8398.77 0.0 645469000000.0 289866.0 0.0 0.0 358216000.0 43291100000.0 29835.5 44981.9 0.0 44205600000.0 3935110000.0 0.66 [0.66]
1.28825e+16 1054410000000000.0 161478000000.0 226268000.0 0.0 1617880000.0 7631.57 0.0 645177000000.0 267113.0 0.0 0.0 357283000.0 43123900000.0 28367.2 42731.0 0.0 44093200000.0 3925270000.0 0.68 [0.68]
1.28825e+16 1020210000000000.0 157972000000.0 214258000.0 0.0 1530300000.0 6942.16 0.0 644896000000.0 246217.0 0.0 0.0 356395000.0 42962900000.0 26983.0 40599.2 0.0 43986400000.0 3915920000.0 0.7 [0.7]
1.28825e+16 986793000000000.0 154467000000.0 202794000.0 0.0 1448070000.0 6320.05 0.0 644619000000.0 226811.0 0.0 0.0 355525000.0 42801600000.0 25672.1 38572.7 0.0 43882000000.0 3906790000.0 0.72 [0.72]
1.28825e+16 954667000000000.0 151014000000.0 191948000.0 0.0 1370960000.0 5758.73 0.0 644352000000.0 208922.0 0.0 0.0 354688000.0 42643600000.0 24430.5 36650.3 0.0 43781700000.0 3898010000.0 0.74 [0.74]
1.28825e+16 923725000000000.0 147610000000.0 181678000.0 0.0 1298530000.0 5251.66 0.0 644092000000.0 192422.0 0.0 0.0 353880000.0 42488400000.0 23253.3 34826.0 0.0 43685200000.0 3889560000.0 0.76 [0.76]
1.28825e+16 893733000000000.0 144236000000.0 171907000.0 0.0 1230280000.0 4792.53 0.0 643839000000.0 177169.0 0.0 0.0 353095000.0 42334300000.0 22135.4 33093.0 0.0 43591600000.0 3881370000.0 0.78 [0.78]
1.28825e+16 864925000000000.0 140921000000.0 162672000.0 0.0 1166140000.0 4380.32 0.0 643594000000.0 163047.0 0.0 0.0 352340000.0 42183200000.0 21074.3 31448.6 0.0 43501800000.0 3873510000.0 0.8 [0.8]
1.28825e+16 837090000000000.0 137649000000.0 153910000.0 0.0 1105720000.0 4014.99 0.0 643356000000.0 149845.0 0.0 0.0 351609000.0 42033700000.0 20066.2 29887.0 0.0 43415100000.0 3865930000.0 0.82 [0.82]
1.28825e+16 810192000000000.0 134419000000.0 145594000.0 0.0 1048740000.0 3683.17 0.0 643124000000.0 137722.0 0.0 0.0 350901000.0 41885500000.0 19108.1 28403.7 0.0 43331400000.0 3858600000.0 0.84 [0.84]
1.28825e+16 784234000000000.0 131236000000.0 137704000.0 0.0 994919000.0 3380.95 0.0 642900000000.0 126602.0 0.0 0.0 350216000.0 41738900000.0 18197.4 26995.0 0.0 43250600000.0 3851530000.0 0.86 [0.86]
1.28825e+16 759389000000000.0 128126000000.0 130246000.0 0.0 944056000.0 3105.39 0.0 642683000000.0 116442.0 0.0 0.0 349560000.0 41595800000.0 17331.9 25658.6 0.0 43173300000.0 3844780000.0 0.88 [0.88]
1.28825e+16 735206000000000.0 125040000000.0 123136000.0 0.0 895922000.0 2854.11 0.0 642471000000.0 107082.0 0.0 0.0 348919000.0 41452200000.0 16508.3 24387.6 0.0 43098200000.0 3838210000.0 0.9 [0.9]
1.28825e+16 711617000000000.0 121970000000.0 116349000.0 0.0 850293000.0 2624.67 0.0 642263000000.0 98451.7 0.0 0.0 348292000.0 41307100000.0 15724.2 23178.5 0.0 43024900000.0 3831810000.0 0.92 [0.92]
1.28825e+16 689322000000000.0 119011000000.0 109980000.0 0.0 807220000.0 2415.26 0.0 642065000000.0 90608.0 0.0 0.0 347699000.0 41168300000.0 14979.5 22033.1 0.0 42955700000.0 3825770000.0 0.94 [0.94]
1.28825e+16 667552000000000.0 116069000000.0 103897000.0 0.0 766352000.0 2223.82 0.0 641872000000.0 83368.7 0.0 0.0 347117000.0 41027800000.0 14270.3 20943.2 0.0 42888200000.0 3819880000.0 0.96 [0.96]
1.28825e+16 646668000000000.0 113199000000.0 98131100.0 0.0 728061000.0 2049.45 0.0 641681000000.0 76749.8 0.0 0.0 346558000.0 40890100000.0 13595.1 19908.6 0.0 42823400000.0 3814220000.0 0.98 [0.98]
1.28825e+16 626683000000000.0 110408000000.0 92680000.0 0.0 692234000.0 1890.62 0.0 641494000000.0 70700.8 0.0 0.0 346021000.0 40755700000.0 12952.6 18926.7 0.0 42761300000.0 3808810000.0 1.0 [1.0]
