Cloudy_runs/rxj0439/z=0.005568/logZ=-1/component_II_PI_nH/component_II_PI_nH_col_density_param.txt
# %ECSV 1.0
# ---
# datatype:
# - {name: H, datatype: float64}
# - {name: H+, datatype: float64}
# - {name: C+, datatype: float64}
# - {name: C+2, datatype: float64}
# - {name: C+3, datatype: float64}
# - {name: N+, datatype: float64}
# - {name: N+2, datatype: float64}
# - {name: N+4, datatype: float64}
# - {name: O, datatype: float64}
# - {name: O+2, datatype: float64}
# - {name: O+5, datatype: float64}
# - {name: O+6, datatype: float64}
# - {name: P+, datatype: float64}
# - {name: Si+, datatype: float64}
# - {name: Si+2, datatype: float64}
# - {name: Si+3, datatype: float64}
# - {name: Si+4, datatype: float64}
# - {name: Fe+, datatype: float64}
# - {name: Al+, datatype: float64}
# - {name: log_nH, datatype: float64}
# - {name: parameters, datatype: string, subtype: 'float64[1]'}
# schema: astropy-2.0
H H+ C+ C+2 C+3 N+ N+2 N+4 O O+2 O+5 O+6 P+ Si+ Si+2 Si+3 Si+4 Fe+ Al+ log_nH parameters
[from data line 168]
1.28825e+16 6.68565e+16 1868160000000.0 212652000000.0 31147900.0 482537000000.0 2179180000.0 0.0 749408000000.0 12082000000.0 0.0 0.0 1974520000.0 236404000000.0 21252400000.0 198863000.0 2064700.0 171498000000.0 20699800000.0 -1.64 [-1.64]
1.28825e+16 6.41303e+16 1809460000000.0 197498000000.0 27121200.0 464045000000.0 1936750000.0 0.0 748755000000.0 10706100000.0 0.0 0.0 1909860000.0 229277000000.0 19568600000.0 177984000.0 1801020.0 168382000000.0 20053900000.0 -1.62 [-1.62]
1.28825e+16 6.15445e+16 1753300000000.0 183582000000.0 23654600.0 446466000000.0 1723110000.0 0.0 748069000000.0 9497320000.0 0.0 0.0 1848350000.0 222460000000.0 18026800000.0 159495000.0 1573820.0 165326000000.0 19437400000.0 -1.6 [-1.6]
1.28825e+16 5.90728e+16 1699170000000.0 170690000000.0 20650200.0 429630000000.0 1533900000.0 0.0 747340000000.0 8428410000.0 0.0 0.0 1789390000.0 215876000000.0 16619400000.0 143024000.0 1377290.0 162264000000.0 18845000000.0 -1.58 [-1.58]
1.28825e+16 5.671e+16 1647010000000.0 158753000000.0 18045400.0 413502000000.0 1366210000.0 0.0 746573000000.0 7483670000.0 0.0 0.0 1732880000.0 209531000000.0 15325200000.0 128349000.0 1206830.0 159232000000.0 18275600000.0 -1.56 [-1.56]
1.28825e+16 5.44542e+16 1596830000000.0 147712000000.0 15786900.0 398072000000.0 1217650000.0 0.0 745770000000.0 6648780000.0 0.0 0.0 1678790000.0 203422000000.0 14138900000.0 115274000.0 1059010.0 156229000000.0 17729100000.0 -1.54 [-1.54]
1.28825e+16 5.23002e+16 1548560000000.0 137498000000.0 13826900.0 383308000000.0 1085960000.0 0.0 744934000000.0 5910660000.0 0.0 0.0 1627020000.0 197544000000.0 13050700000.0 103618000.0 930639.0 153263000000.0 17204800000.0 -1.52 [-1.52]
1.28825e+16 5.02429e+16 1502120000000.0 128044000000.0 12124000.0 369176000000.0 969157000.0 0.0 744066000000.0 5257610000.0 0.0 0.0 1577460000.0 191887000000.0 12053000000.0 93217300.0 819024.0 150331000000.0 16701600000.0 -1.5 [-1.5]
1.28825e+16 4.82775e+16 1457440000000.0 119291000000.0 10643100.0 355646000000.0 865485000.0 0.0 743166000000.0 4679570000.0 0.0 0.0 1530000000.0 186445000000.0 11137500000.0 83931300.0 721841.0 147434000000.0 16218700000.0 -1.48 [-1.48]
1.28825e+16 4.63997e+16 1414460000000.0 111186000000.0 9353960.0 342692000000.0 773415000.0 0.0 742238000000.0 4167650000.0 0.0 0.0 1484570000.0 181210000000.0 10297200000.0 75634300.0 637111.0 144580000000.0 15755300000.0 -1.46 [-1.46]
1.28825e+16 4.46052e+16 1373120000000.0 103678000000.0 8230600.0 330285000000.0 691601000.0 0.0 741282000000.0 3714040000.0 0.0 0.0 1441060000.0 176176000000.0 9525530000.0 68215400.0 563142.0 141774000000.0 15310600000.0 -1.44 [-1.44]
1.28825e+16 4.28902e+16 1333360000000.0 96720200000.0 7250680.0 318400000000.0 618853000.0 0.0 740299000000.0 3311870000.0 0.0 0.0 1399400000.0 171335000000.0 8816750000.0 61576700.0 498479.0 139018000000.0 14884000000.0 -1.42 [-1.42]
1.28825e+16 4.12506e+16 1295110000000.0 90270700000.0 6394980.0 307011000000.0 554126000.0 0.0 739292000000.0 2955120000.0 0.0 0.0 1359490000.0 166681000000.0 8165380000.0 55631600.0 441875.0 136314000000.0 14474500000.0 -1.4 [-1.4]
1.28825e+16 3.96829e+16 1258320000000.0 84289700000.0 5646920.0 296096000000.0 496497000.0 0.0 738262000000.0 2638450000.0 0.0 0.0 1321270000.0 162206000000.0 7566460000.0 50303400.0 392256.0 133663000000.0 14081500000.0 -1.38 [-1.38]
1.28825e+16 3.81836e+16 1222920000000.0 78741500000.0 4992290.0 285631000000.0 445155000.0 0.0 737209000000.0 2357210000.0 0.0 0.0 1284650000.0 157905000000.0 7015610000.0 45524500.0 348704.0 131067000000.0 13704400000.0 -1.36 [-1.36]
1.28825e+16 3.67495e+16 1188870000000.0 73592700000.0 4418800.0 275597000000.0 399387000.0 0.0 736135000000.0 2107300000.0 0.0 0.0 1249570000.0 153770000000.0 6508730000.0 41235000.0 310424.0 128526000000.0 13342400000.0 -1.34 [-1.34]
1.28825e+16 3.53773e+16 1156100000000.0 68812400000.0 3915800.0 265971000000.0 358558000.0 0.0 735042000000.0 1885080000.0 0.0 0.0 1215950000.0 149795000000.0 6042020000.0 37381500.0 276731.0 126043000000.0 12994900000.0 -1.32 [-1.32]
1.28825e+16 3.40643e+16 1124570000000.0 64372700000.0 3474170.0 256735000000.0 322112000.0 0.0 733932000000.0 1687360000.0 0.0 0.0 1183730000.0 145975000000.0 5612120000.0 33917200.0 247036.0 123616000000.0 12661400000.0 -1.3 [-1.3]
1.28825e+16 3.28074e+16 1094230000000.0 60247500000.0 3085990.0 247872000000.0 289558000.0 0.0 732804000000.0 1511350000.0 0.0 0.0 1152850000.0 142303000000.0 5215930000.0 30800100.0 220829.0 121248000000.0 12341200000.0 -1.28 [-1.28]
1.28825e+16 3.16042e+16 1065030000000.0 56413000000.0 2744400.0 239362000000.0 260461000.0 0.0 731661000000.0 1354570000.0 0.0 0.0 1123240000.0 138773000000.0 4850620000.0 27993300.0 197670.0 118937000000.0 12033800000.0 -1.26 [-1.26]
1.28825e+16 3.0452e+16 1036920000000.0 52847000000.0 2443480.0 231190000000.0 234436000.0 0.0 730503000000.0 1214820000.0 0.0 0.0 1094850000.0 135379000000.0 4513590000.0 25463800.0 177177.0 116683000000.0 11738500000.0 -1.24 [-1.24]
1.28825e+16 2.93484e+16 1009850000000.0 49529400000.0 2178090.0 223340000000.0 211145000.0 0.0 729333000000.0 1090190000.0 0.0 0.0 1067620000.0 132117000000.0 4202500000.0 23182400.0 159018.0 114488000000.0 11455000000.0 -1.22 [-1.22]
1.28825e+16 2.82912e+16 983793000000.0 46441600000.0 1943770.0 215797000000.0 190286000.0 0.0 728151000000.0 978958000.0 0.0 0.0 1041500000.0 128982000000.0 3915210000.0 21123000.0 142907.0 112349000000.0 11182800000.0 -1.2 [-1.2]
1.28825e+16 2.72781e+16 958695000000.0 43566200000.0 1736640.0 208547000000.0 171593000.0 0.0 726958000000.0 879634000.0 0.0 0.0 1016450000.0 125967000000.0 3649730000.0 19262700.0 128593.0 110268000000.0 10921200000.0 -1.18 [-1.18]
1.28825e+16 2.6307e+16 934518000000.0 40887200000.0 1553350.0 201576000000.0 154830000.0 0.0 725755000000.0 790884000.0 0.0 0.0 992406000.0 123068000000.0 3404230000.0 17580700.0 115860.0 108242000000.0 10669900000.0 -1.16 [-1.16]
1.28825e+16 2.5376e+16 911222000000.0 38390200000.0 1390970.0 194871000000.0 139787000.0 0.0 724543000000.0 711533000.0 0.0 0.0 969331000.0 120280000000.0 3177030000.0 16058700.0 104517.0 106272000000.0 10428400000.0 -1.14 [-1.14]
1.28825e+16 2.44833e+16 888776000000.0 36061800000.0 1246960.0 188421000000.0 126279000.0 0.0 723325000000.0 640524000.0 0.0 0.0 947183000.0 117599000000.0 2966830000.0 14680500.0 94401.8 104357000000.0 10196400000.0 -1.12 [-1.12]
1.28825e+16 2.36271e+16 867141000000.0 33889600000.0 1119100.0 182213000000.0 114144000.0 0.0 722100000000.0 576961000.0 0.0 0.0 925920000.0 115021000000.0 2772160000.0 13431400.0 85369.3 102496000000.0 9973340000.0 -1.1 [-1.1]
1.28825e+16 2.28057e+16 846281000000.0 31862200000.0 1005450.0 176238000000.0 103233000.0 0.0 720869000000.0 520029000.0 0.0 0.0 905500000.0 112541000000.0 2591740000.0 12298500.0 77293.2 100688000000.0 9758950000.0 -1.08 [-1.08]
1.28825e+16 2.20176e+16 826169000000.0 29969200000.0 904329.0 170485000000.0 93419700.0 0.0 719635000000.0 469006000.0 0.0 0.0 885891000.0 110156000000.0 2424530000.0 11270200.0 70064.1 98931400000.0 9552860000.0 -1.06 [-1.06]
1.28825e+16 2.1261e+16 806767000000.0 28200600000.0 814240.0 164943000000.0 84585300.0 0.0 718397000000.0 423247000.0 0.0 0.0 867050000.0 107860000000.0 2269330000.0 10335900.0 63584.0 97226200000.0 9354650000.0 -1.04 [-1.04]
1.28825e+16 2.05347e+16 788047000000.0 26547600000.0 733902.0 159603000000.0 76628300.0 0.0 717156000000.0 382185000.0 0.0 0.0 848947000.0 105652000000.0 2125260000.0 9486420.0 57769.0 95570900000.0 9164020000.0 -1.02 [-1.02]
1.28825e+16 1.98372e+16 769980000000.0 25001700000.0 662179.0 154456000000.0 69457000.0 0.0 715915000000.0 345314000.0 0.0 0.0 831549000.0 103526000000.0 1991430000.0 8713510.0 52544.4 93964500000.0 8980650000.0 -1.0 [-1.0]
1.28825e+16 1.91673e+16 752539000000.0 23555500000.0 598080.0 149495000000.0 62990000.0 0.0 714673000000.0 312186000.0 0.0 0.0 814825000.0 101480000000.0 1867050000.0 8009660.0 47844.7 92405800000.0 8804220000.0 -0.98 [-0.98]
1.28825e+16 1.85236e+16 735697000000.0 22201800000.0 540731.0 144710000000.0 57154600.0 0.0 713431000000.0 282404000.0 0.0 0.0 798745000.0 99510500000.0 1751370000.0 7368210.0 43612.3 90893600000.0 8634450000.0 -0.96 [-0.96]
1.28825e+16 1.79051e+16 719429000000.0 20934200000.0 489371.0 140095000000.0 51886200.0 0.0 712190000000.0 255613000.0 0.0 0.0 783282000.0 97614300000.0 1643760000.0 6783200.0 39796.5 89427000000.0 8471060000.0 -0.94 [-0.94]
1.28825e+16 1.73106e+16 703710000000.0 19746500000.0 443322.0 135642000000.0 47126600.0 0.0 710952000000.0 231496000.0 0.0 0.0 768407000.0 95788100000.0 1543530000.0 6249200.0 36352.2 88004600000.0 8313760000.0 -0.92 [-0.92]
1.28825e+16 1.6739e+16 688517000000.0 18633200000.0 401995.0 131344000000.0 42824300.0 0.0 709716000000.0 209776000.0 0.0 0.0 754097000.0 94029100000.0 1450170000.0 5761420.0 33239.8 86625200000.0 8162320000.0 -0.9 [-0.9]
1.28825e+16 1.61892e+16 673827000000.0 17589100000.0 364864.0 127194000000.0 38933100.0 0.0 708484000000.0 190201000.0 0.0 0.0 740325000.0 92334700000.0 1363130000.0 5315510.0 30424.2 85287800000.0 8016470000.0 -0.88 [-0.88]
1.28825e+16 1.56604e+16 659619000000.0 16609500000.0 331473.0 123187000000.0 35411800.0 0.0 707257000000.0 172549000.0 0.0 0.0 727069000.0 90702100000.0 1281940000.0 4907580.0 27874.3 83991200000.0 7875980000.0 -0.86 [-0.86]
1.28825e+16 1.51516e+16 645873000000.0 15689900000.0 301412.0 119317000000.0 32223500.0 0.0 706034000000.0 156621000.0 0.0 0.0 714308000.0 89128800000.0 1206170000.0 4534100.0 25562.7 82734300000.0 7740650000.0 -0.84 [-0.84]
1.28825e+16 1.46619e+16 632569000000.0 14826300000.0 274324.0 115577000000.0 29335200.0 0.0 704817000000.0 142242000.0 0.0 0.0 702019000.0 87612400000.0 1135410000.0 4191910.0 23464.8 81515800000.0 7610230000.0 -0.82 [-0.82]
1.28825e+16 1.41905e+16 619688000000.0 14014900000.0 249891.0 111963000000.0 26717200.0 0.0 703607000000.0 129252000.0 0.0 0.0 690182000.0 86150600000.0 1069290000.0 3878160.0 21559.0 80334700000.0 7484550000.0 -0.8 [-0.8]
1.28825e+16 1.37366e+16 607213000000.0 13252200000.0 227830.0 108470000000.0 24343000.0 0.0 702403000000.0 117511000.0 0.0 0.0 678779000.0 84741000000.0 1007470000.0 3590290.0 19825.8 79189900000.0 7363390000.0 -0.78 [-0.78]
1.28825e+16 1.32995e+16 595126000000.0 12534900000.0 207893.0 105092000000.0 22188700.0 0.0 701207000000.0 106893000.0 0.0 0.0 667791000.0 83381700000.0 949631000.0 3325960.0 18248.1 78080200000.0 7246570000.0 -0.76 [-0.76]
1.28825e+16 1.28784e+16 583411000000.0 11860100000.0 189858.0 101826000000.0 20233200.0 0.0 700018000000.0 97284800.0 0.0 0.0 657201000.0 82070500000.0 895499000.0 3083070.0 16810.5 77004700000.0 7133920000.0 -0.74 [-0.74]
1.28825e+16 1.24726e+16 572053000000.0 11225000000.0 173529.0 98666500000.0 18457100.0 0.0 698839000000.0 88585400.0 0.0 0.0 646992000.0 80805600000.0 844800000.0 2859740.0 15499.3 75962300000.0 7025270000.0 -0.72 [-0.72]
1.28825e+16 1.20815e+16 561036000000.0 10626800000.0 158730.0 95609700000.0 16843100.0 0.0 697669000000.0 80704400.0 0.0 0.0 637148000.0 79585000000.0 797289000.0 2654230.0 14302.2 74951900000.0 6920440000.0 -0.7 [-0.7]
1.28825e+16 1.17045e+16 550346000000.0 10063400000.0 145307.0 92651600000.0 15375900.0 0.0 696508000000.0 73561000.0 0.0 0.0 627654000.0 78407000000.0 752740000.0 2465010.0 13208.4 73972600000.0 6819290000.0 -0.68 [-0.68]
1.28825e+16 1.1341e+16 539970000000.0 9532330000.0 133120.0 89788500000.0 14041400.0 0.0 695357000000.0 67082700.0 0.0 0.0 618496000.0 77269800000.0 710946000.0 2290660.0 12207.8 73023300000.0 6721670000.0 -0.66 [-0.66]
1.28825e+16 1.09905e+16 529895000000.0 9031650000.0 122046.0 87017100000.0 12827200.0 0.0 694216000000.0 61204400.0 0.0 0.0 609660000.0 76171900000.0 671727000.0 2129900.0 11291.9 72103200000.0 6627440000.0 -0.64 [-0.64]
1.28825e+16 1.06522e+16 520106000000.0 8559330000.0 111974.0 84333100000.0 11721600.0 0.0 693086000000.0 55867500.0 0.0 0.0 601131000.0 75111500000.0 634866000.0 1981570.0 10452.6 71211200000.0 6536440000.0 -0.62 [-0.62]
1.28825e+16 1.03259e+16 510593000000.0 8113660000.0 102807.0 81733900000.0 10714900.0 0.0 691967000000.0 51019900.0 0.0 0.0 592899000.0 74087300000.0 600234000.0 1844630.0 0.0 70346600000.0 6448580000.0 -0.6 [-0.6]
1.28825e+16 1.00109e+16 501346000000.0 7692950000.0 94456.2 79216300000.0 9797540.0 0.0 690860000000.0 46614200.0 0.0 0.0 584951000.0 73097900000.0 567670000.0 1718120.0 0.0 69508300000.0 6363700000.0 -0.58 [-0.58]
1.28825e+16 9706860000000000.0 492352000000.0 7295650000.0 86842.5 76777500000.0 8961430.0 0.0 689764000000.0 42608300.0 0.0 0.0 577276000.0 72141800000.0 537038000.0 1601170.0 0.0 68695600000.0 6281710000.0 -0.56 [-0.56]
1.28825e+16 9411900000000000.0 483561000000.0 6918850000.0 79882.8 74402900000.0 8196930.0 0.0 688675000000.0 38957000.0 0.0 0.0 569827000.0 71213500000.0 507973000.0 1492820.0 0.0 67904300000.0 6202110000.0 -0.54 [-0.54]
1.28825e+16 9128500000000000.0 475048000000.0 6564300000.0 0.0 72113800000.0 7501720.0 0.0 687604000000.0 35640900.0 0.0 0.0 562668000.0 70320800000.0 480845000.0 1392720.0 0.0 67140600000.0 6125570000.0 -0.52 [-0.52]
1.28825e+16 8854650000000000.0 466755000000.0 6229000000.0 0.0 69894300000.0 6867140.0 0.0 686545000000.0 32620800.0 0.0 0.0 555748000.0 69457300000.0 455260000.0 1299990.0 0.0 66399700000.0 6051560000.0 -0.5 [-0.5]
1.28825e+16 8590040000000000.0 458677000000.0 5911880000.0 0.0 67742500000.0 6287800.0 0.0 685499000000.0 29869200.0 0.0 0.0 549059000.0 68622300000.0 431137000.0 1214060.0 0.0 65681300000.0 5980000000.0 -0.48 [-0.48]
1.28825e+16 8334330000000000.0 450804000000.0 5611870000.0 0.0 65656300000.0 5758720.0 0.0 684465000000.0 27361100.0 0.0 0.0 542593000.0 67814600000.0 408380000.0 1134380.0 0.0 64984500000.0 5910800000.0 -0.46 [-0.46]
1.28825e+16 8087860000000000.0 443152000000.0 5328610000.0 0.0 63638900000.0 5276080.0 0.0 683447000000.0 25076700.0 0.0 0.0 536360000.0 67035600000.0 386980000.0 1060510.0 0.0 64310400000.0 5844060000.0 -0.44 [-0.44]
1.28825e+16 7848720000000000.0 435663000000.0 5059660000.0 0.0 61675100000.0 4834040.0 0.0 682439000000.0 22989400.0 0.0 0.0 530309000.0 66279100000.0 366644000.0 991872.0 0.0 63654600000.0 5779260000.0 -0.42 [-0.42]
1.28825e+16 7617570000000000.0 428360000000.0 4805050000.0 0.0 59771600000.0 4430120.0 0.0 681444000000.0 21084300.0 0.0 0.0 524459000.0 65547200000.0 347473000.0 928118.0 0.0 63018400000.0 5716600000.0 -0.4 [-0.4]
1.28825e+16 7394000000000000.0 421231000000.0 4563840000.0 0.0 57925100000.0 4060720.0 0.0 680463000000.0 19344600.0 0.0 0.0 518800000.0 64838800000.0 329350000.0 868865.0 0.0 62401200000.0 5655950000.0 -0.38 [-0.38]
1.28825e+16 7177690000000000.0 414270000000.0 4335280000.0 0.0 56133300000.0 3722790.0 0.0 679495000000.0 17755200.0 0.0 0.0 513322000.0 64152900000.0 312207000.0 813767.0 0.0 61802300000.0 5597240000.0 -0.36 [-0.36]
1.28825e+16 6968370000000000.0 407471000000.0 4118620000.0 0.0 54394500000.0 3413530.0 0.0 678541000000.0 16302400.0 0.0 0.0 508021000.0 63488700000.0 295981000.0 762503.0 0.0 61221100000.0 5540390000.0 -0.34 [-0.34]
1.28825e+16 6765780000000000.0 400826000000.0 3913200000.0 0.0 52706900000.0 3130440.0 0.0 677600000000.0 14974000.0 0.0 0.0 502888000.0 62845300000.0 280621000.0 714783.0 0.0 60657000000.0 5485350000.0 -0.32 [-0.32]
1.28825e+16 6569670000000000.0 394331000000.0 3718380000.0 0.0 51068800000.0 2871240.0 0.0 676673000000.0 13758900.0 0.0 0.0 497918000.0 62222100000.0 266070000.0 670338.0 0.0 60109500000.0 5432030000.0 -0.3 [-0.3]
1.28825e+16 6379780000000000.0 387979000000.0 3533580000.0 0.0 49478600000.0 2633840.0 0.0 675759000000.0 12646800.0 0.0 0.0 493105000.0 61618100000.0 252280000.0 628921.0 0.0 59578000000.0 5380390000.0 -0.28 [-0.28]
