Cloudy_runs/pg1216/component_II_PI_nH/component_II_PI_nH_col_density_param.txt
# %ECSV 1.0
# ---
# datatype:
# - {name: H, datatype: float64}
# - {name: H+, datatype: float64}
# - {name: C+, datatype: float64}
# - {name: C+2, datatype: float64}
# - {name: C+3, datatype: float64}
# - {name: N+2, datatype: float64}
# - {name: N+4, datatype: float64}
# - {name: O, datatype: float64}
# - {name: O+2, datatype: float64}
# - {name: O+5, datatype: float64}
# - {name: O+6, datatype: float64}
# - {name: Si+, datatype: float64}
# - {name: Si+2, datatype: float64}
# - {name: Si+3, datatype: float64}
# - {name: Si+4, datatype: float64}
# - {name: log_nH, datatype: float64}
# - {name: log_Te, datatype: float64}
# - {name: parameters, datatype: string, subtype: 'float64[1]'}
# schema: astropy-2.0
H H+ C+ C+2 C+3 N+2 N+4 O O+2 O+5 O+6 Si+ Si+2 Si+3 Si+4 log_nH log_Te parameters
[from data line 63]
2.51187e+16 7.41541e+19 22660700000000.0 915007000000000.0 513651000000000.0 179698000000000.0 50694900000000.0 2119840000.0 816862000000000.0 75659100000000.0 12154700000000.0 632163000000.0 15818800000000.0 17153100000000.0 107033000000000.0 -3.74 4.356 [-3.74]
2.51187e+16 7.04279e+19 23064800000000.0 897964000000000.0 484779000000000.0 177545000000000.0 45671400000000.0 2369820000.0 815859000000000.0 65847800000000.0 10156100000000.0 676276000000.0 16735500000000.0 17606100000000.0 103568000000000.0 -3.72 4.353 [-3.72]
2.51189e+16 6.68906e+19 23451800000000.0 880114000000000.0 456891000000000.0 175222000000000.0 41089000000000.0 2648820000.0 814043000000000.0 57239500000000.0 8475820000000.0 721711000000.0 17660700000000.0 18026400000000.0 99942000000000.0 -3.7 4.35 [-3.7]
2.51187e+16 6.35328e+19 23822700000000.0 861552000000000.0 430001000000000.0 172738000000000.0 36915700000000.0 2960190000.0 811415000000000.0 49696500000000.0 7065010000000.0 768347000000.0 18589700000000.0 18409100000000.0 96174800000000.0 -3.68 4.347 [-3.68]
2.51189e+16 6.03431e+19 24173300000000.0 842311000000000.0 404139000000000.0 170100000000000.0 33121000000000.0 3307510000.0 807982000000000.0 43093500000000.0 5881230000000.0 815916000000.0 19515500000000.0 18752200000000.0 92285400000000.0 -3.66 4.343 [-3.66]
2.51189e+16 5.73161e+19 24507400000000.0 822551000000000.0 379320000000000.0 167324000000000.0 29676700000000.0 3694460000.0 803770000000000.0 37322800000000.0 4889830000000.0 864299000000.0 20433300000000.0 19050700000000.0 88299400000000.0 -3.64 4.34 [-3.64]
2.51189e+16 5.44379e+19 24819100000000.0 802244000000000.0 355542000000000.0 164408000000000.0 26553700000000.0 4125740000.0 798747000000000.0 32282000000000.0 4059660000000.0 913140000000.0 21334200000000.0 19303000000000.0 84232300000000.0 -3.62 4.337 [-3.62]
2.51187e+16 5.17091e+19 25116300000000.0 781628000000000.0 332821000000000.0 161382000000000.0 23729200000000.0 4605260000.0 792993000000000.0 27889700000000.0 3366590000000.0 962400000000.0 22215200000000.0 19503900000000.0 80118100000000.0 -3.6 4.333 [-3.6]
2.51187e+16 4.91133e+19 25389700000000.0 760608000000000.0 311146000000000.0 158234000000000.0 21176200000000.0 5139380000.0 786448000000000.0 24062300000000.0 2787560000000.0 1011560000000.0 23064900000000.0 19653900000000.0 75968600000000.0 -3.58 4.33 [-3.58]
2.51186e+16 4.66468e+19 25642800000000.0 739327000000000.0 290508000000000.0 154982000000000.0 18872700000000.0 5733500000.0 779150000000000.0 20732700000000.0 2304800000000.0 1060450000000.0 23878000000000.0 19749900000000.0 71811100000000.0 -3.56 4.327 [-3.56]
2.51187e+16 4.43047e+19 25877400000000.0 717888000000000.0 270898000000000.0 151641000000000.0 16798000000000.0 6393730000.0 771138000000000.0 17840700000000.0 1902990000000.0 1108850000000.0 24648500000000.0 19790100000000.0 67671400000000.0 -3.54 4.324 [-3.54]
2.51187e+16 4.20801e+19 26092900000000.0 696352000000000.0 252301000000000.0 148221000000000.0 14932200000000.0 7126880000.0 762423000000000.0 15331800000000.0 1568970000000.0 1156470000000.0 25369600000000.0 19774000000000.0 63571100000000.0 -3.52 4.32 [-3.52]
2.51187e+16 3.99662e+19 26288200000000.0 674758000000000.0 234696000000000.0 144726000000000.0 13256600000000.0 7940600000.0 753008000000000.0 13157800000000.0 1291620000000.0 1202980000000.0 26034100000000.0 19701700000000.0 59530500000000.0 -3.5 4.317 [-3.5]
2.51187e+16 3.79594e+19 26466700000000.0 653220000000000.0 218054000000000.0 141176000000000.0 11754300000000.0 8842740000.0 742952000000000.0 11277000000000.0 1061770000000.0 1248270000000.0 26638500000000.0 19572800000000.0 55572700000000.0 -3.48 4.314 [-3.48]
2.51187e+16 3.60528e+19 26627300000000.0 631764000000000.0 202348000000000.0 137575000000000.0 10408900000000.0 9842860000.0 732256000000000.0 9651510000000.0 871481000000.0 1292010000000.0 27176700000000.0 19388600000000.0 51714200000000.0 -3.46 4.31 [-3.46]
2.51187e+16 3.42399e+19 26766500000000.0 610409000000000.0 187553000000000.0 133928000000000.0 9205850000000.0 10950700000.0 720927000000000.0 8248270000000.0 714102000000.0 1333850000000.0 27641500000000.0 19152300000000.0 47969900000000.0 -3.44 4.307 [-3.44]
2.51187e+16 3.252e+19 26893700000000.0 589301000000000.0 173632000000000.0 130258000000000.0 8131830000000.0 12176500000.0 709047000000000.0 7039360000000.0 584302000000.0 1373950000000.0 28036000000000.0 18862900000000.0 44360600000000.0 -3.42 4.303 [-3.42]
2.51187e+16 3.0886e+19 27005700000000.0 568434000000000.0 160552000000000.0 126566000000000.0 7173950000000.0 13532600000.0 696616000000000.0 5998630000000.0 477308000000.0 1412020000000.0 28354700000000.0 18524500000000.0 40895400000000.0 -3.4 4.3 [-3.4]
2.51187e+16 2.9337e+19 27106700000000.0 547909000000000.0 148289000000000.0 122873000000000.0 6321930000000.0 15029600000.0 683709000000000.0 5105170000000.0 389389000000.0 1448050000000.0 28599600000000.0 18139600000000.0 37590300000000.0 -3.38 4.297 [-3.38]
2.51187e+16 2.78637e+19 27188100000000.0 527652000000000.0 136807000000000.0 119168000000000.0 5564200000000.0 16683000000.0 670281000000000.0 4337990000000.0 317096000000.0 1481550000000.0 28762200000000.0 17714800000000.0 34446000000000.0 -3.36 4.293 [-3.36]
2.51187e+16 2.64635e+19 27255700000000.0 507736000000000.0 126061000000000.0 115466000000000.0 4890970000000.0 18508300000.0 656389000000000.0 3680060000000.0 257761000000.0 1512730000000.0 28846500000000.0 17251500000000.0 31469900000000.0 -3.34 4.29 [-3.34]
2.51187e+16 2.51342e+19 27310000000000.0 488214000000000.0 116029000000000.0 111778000000000.0 4294340000000.0 20519500000.0 642086000000000.0 3117310000000.0 209196000000.0 1541500000000.0 28854000000000.0 16755200000000.0 28668800000000.0 -3.32 4.287 [-3.32]
2.51187e+16 2.38696e+19 27347500000000.0 469057000000000.0 106671000000000.0 108102000000000.0 3765720000000.0 22736100000.0 627361000000000.0 2636070000000.0 169451000000.0 1567700000000.0 28782300000000.0 16230800000000.0 26040600000000.0 -3.3 4.283 [-3.3]
2.51187e+16 2.26729e+19 27380700000000.0 450425000000000.0 97961400000000.0 104469000000000.0 3299030000000.0 25169600000.0 612366000000000.0 2226340000000.0 137094000000.0 1591840000000.0 28645900000000.0 15680400000000.0 23593800000000.0 -3.28 4.28 [-3.28]
2.51187e+16 2.15338e+19 27397900000000.0 432185000000000.0 89857300000000.0 100859000000000.0 2886510000000.0 27850300000.0 597009000000000.0 1876850000000.0 110687000000.0 1613480000000.0 28435600000000.0 15111200000000.0 21316700000000.0 -3.26 4.276 [-3.26]
2.51187e+16 2.04523e+19 27404200000000.0 414416000000000.0 82329700000000.0 97289200000000.0 2522750000000.0 30793100000.0 581381000000000.0 1579680000000.0 89214300000.0 1632890000000.0 28160200000000.0 14526700000000.0 19210000000000.0 -3.24 4.273 [-3.24]
2.51187e+16 1.94257e+19 27400600000000.0 397133000000000.0 75346900000000.0 93766000000000.0 2202420000000.0 34019600000.0 565528000000000.0 1327390000000.0 71784600000.0 1650190000000.0 27824700000000.0 13931200000000.0 17268900000000.0 -3.22 4.27 [-3.22]
2.51187e+16 1.84501e+19 27385800000000.0 380322000000000.0 68876800000000.0 90289500000000.0 1920600000000.0 37559700000.0 549457000000000.0 1113460000000.0 57653200000.0 1665430000000.0 27431500000000.0 13329200000000.0 15486000000000.0 -3.2 4.266 [-3.2]
2.51187e+16 1.75237e+19 27361200000000.0 364000000000000.0 62889800000000.0 86866800000000.0 1673020000000.0 41436900000.0 533220000000000.0 932410000000.0 46220800000.0 1678770000000.0 26986600000000.0 12724500000000.0 13855000000000.0 -3.18 4.263 [-3.18]
2.51187e+16 1.66439e+19 27327200000000.0 348174000000000.0 57356800000000.0 83502400000000.0 1455800000000.0 45678900000.0 516857000000000.0 779442000000.0 36988800000.0 1690370000000.0 26495400000000.0 12120800000000.0 12368300000000.0 -3.16 4.259 [-3.16]
2.51187e+16 1.58085e+19 27284200000000.0 332844000000000.0 52249800000000.0 80199800000000.0 1265450000000.0 50315200000.0 500401000000000.0 650423000000.0 29547400000.0 1700390000000.0 25963000000000.0 11521400000000.0 11017700000000.0 -3.14 4.256 [-3.14]
2.51187e+16 1.50151e+19 27231800000000.0 318006000000000.0 47541800000000.0 76961500000000.0 1098830000000.0 55376400000.0 483886000000000.0 541783000000.0 23559700000.0 1708940000000.0 25393900000000.0 10929500000000.0 9794520000000.0 -3.12 4.253 [-3.12]
2.51187e+16 1.42617e+19 27171400000000.0 303664000000000.0 43207200000000.0 73791400000000.0 953185000000.0 60897100000.0 467353000000000.0 450477000000.0 18751500000.0 1716230000000.0 24794100000000.0 10347400000000.0 8690350000000.0 -3.1 4.249 [-3.1]
2.51188e+16 1.35463e+19 27102600000000.0 289811000000000.0 39221100000000.0 70691200000000.0 826001000000.0 66911500000.0 450832000000000.0 373869000000.0 14897200000.0 1722390000000.0 24167900000000.0 9777700000000.0 7696360000000.0 -3.08 4.246 [-3.08]
2.51188e+16 1.2867e+19 27025600000000.0 276443000000000.0 35560300000000.0 67663100000000.0 715075000000.0 73455900000.0 434357000000000.0 309711000000.0 11813600000.0 1727570000000.0 23520200000000.0 9222380000000.0 6804070000000.0 -3.06 4.243 [-3.06]
2.51188e+16 1.22219e+19 26940700000000.0 263553000000000.0 32202400000000.0 64708900000000.0 618437000000.0 80568400000.0 417960000000000.0 256080000000.0 9351100000.0 1731920000000.0 22855400000000.0 8683120000000.0 6005180000000.0 -3.04 4.239 [-3.04]
2.51188e+16 1.16095e+19 26848100000000.0 251136000000000.0 29126300000000.0 61830000000000.0 534342000000.0 88288700000.0 401675000000000.0 211334000000.0 7388460000.0 1735570000000.0 22177800000000.0 8161320000000.0 5291690000000.0 -3.02 4.236 [-3.02]
2.51188e+16 1.10279e+19 26747800000000.0 239181000000000.0 26311900000000.0 59027000000000.0 461239000000.0 96658100000.0 385527000000000.0 174068000000.0 5827070000.0 1738650000000.0 21491000000000.0 7658100000000.0 4655920000000.0 -3.0 4.233 [-3.0]
2.51188e+16 1.04758e+19 26640200000000.0 227684000000000.0 23740400000000.0 56301600000000.0 397764000000.0 105719000000.0 369550000000000.0 143096000000.0 4587420000.0 1741270000000.0 20799100000000.0 7174200000000.0 4090730000000.0 -2.98 4.229 [-2.98]
2.51188e+16 9.9513e+18 26524200000000.0 216626000000000.0 21393500000000.0 53652100000000.0 342695000000.0 115515000000.0 353759000000000.0 117397000000.0 3604700000.0 1743540000000.0 20104000000000.0 6710490000000.0 3589150000000.0 -2.96 4.226 [-2.96]
2.51188e+16 9.45254e+18 26398600000000.0 205986000000000.0 19253300000000.0 51076000000000.0 294941000000.0 126100000000.0 338160000000000.0 96100600000.0 2826630000.0 1745600000000.0 19407200000000.0 6267350000000.0 3144630000000.0 -2.94 4.223 [-2.94]
2.51188e+16 8.97991e+18 26268200000000.0 195792000000000.0 17306800000000.0 48582400000000.0 253641000000.0 137498000000.0 322836000000000.0 78525100000.0 2213200000.0 1747440000000.0 18716700000000.0 5844440000000.0 2752190000000.0 -2.92 4.22 [-2.92]
2.51188e+16 8.5314e+18 26130400000000.0 186018000000000.0 15538300000000.0 46167600000000.0 217937000000.0 149747000000.0 307789000000000.0 64037000000.0 1729970000.0 1749160000000.0 18032300000000.0 5442280000000.0 2406060000000.0 -2.9 4.216 [-2.9]
2.51188e+16 8.10519e+18 25985400000000.0 176638000000000.0 13932000000000.0 43827100000000.0 187069000000.0 162936000000.0 293007000000000.0 52105900000.0 1349630000.0 1750850000000.0 17354800000000.0 5060220000000.0 2100970000000.0 -2.88 4.213 [-2.88]
2.51188e+16 7.70042e+18 25831300000000.0 167649000000000.0 12476200000000.0 41562600000000.0 160430000000.0 177059000000.0 278531000000000.0 42308000000.0 1051020000.0 1752570000000.0 16686000000000.0 4698800000000.0 1832620000000.0 -2.86 4.21 [-2.86]
2.51188e+16 7.31612e+18 25670300000000.0 159040000000000.0 11158300000000.0 39373700000000.0 137457000000.0 192184000000.0 264376000000000.0 34278400000.0 817041000.0 1754320000000.0 16028300000000.0 4357050000000.0 1596960000000.0 -2.84 4.207 [-2.84]
2.51188e+16 6.95122e+18 25501800000000.0 150801000000000.0 9966980000000.0 37259400000000.0 117664000000.0 208342000000.0 250558000000000.0 27712000000.0 634036000.0 1756130000000.0 15382800000000.0 4034680000000.0 1390270000000.0 -2.82 4.203 [-2.82]
2.51188e+16 6.60391e+18 25323200000000.0 142901000000000.0 8890380000000.0 35214100000000.0 100610000000.0 225595000000.0 237059000000000.0 22347000000.0 490971000.0 1758210000000.0 14747800000000.0 3731280000000.0 1208980000000.0 -2.8 4.2 [-2.8]
2.51188e+16 6.27499e+18 25139500000000.0 135368000000000.0 7921000000000.0 33246900000000.0 85961300000.0 243919000000.0 223960000000000.0 17985800000.0 379686000.0 1760210000000.0 14129900000000.0 3446020000000.0 1050620000000.0 -2.78 4.197 [-2.78]
2.51188e+16 5.96266e+18 24948200000000.0 128170000000000.0 7048320000000.0 31351500000000.0 73374900000.0 263368000000.0 211238000000000.0 14442600000.0 293124000.0 1762300000000.0 13526800000000.0 3178400000000.0 912247000000.0 -2.76 4.194 [-2.76]
2.51188e+16 5.66596e+18 24748800000000.0 121294000000000.0 6263680000000.0 29526200000000.0 62568200000.0 283961000000.0 198900000000000.0 11570000000.0 225899000.0 1764500000000.0 12938800000000.0 2927780000000.0 791428000000.0 -2.74 4.191 [-2.74]
2.51188e+16 5.38434e+18 24542300000000.0 114733000000000.0 5559490000000.0 27771500000000.0 53301400000.0 305708000000.0 186963000000000.0 9247460000.0 173812000.0 1766730000000.0 12367000000000.0 2693420000000.0 686100000000.0 -2.72 4.188 [-2.72]
2.51188e+16 5.11696e+18 24328200000000.0 108476000000000.0 4928310000000.0 26085700000000.0 45361100000.0 328615000000.0 175434000000000.0 7373710000.0 133519000.0 1768980000000.0 11811500000000.0 2474640000000.0 594350000000.0 -2.7 4.184 [-2.7]
2.51188e+16 4.86301e+18 24106300000000.0 102508000000000.0 4363290000000.0 24467300000000.0 38562600000.0 352676000000.0 164316000000000.0 5865340000.0 102397000.0 1771250000000.0 11272300000000.0 2270730000000.0 514489000000.0 -2.68 4.181 [-2.68]
2.51188e+16 4.62193e+18 23877200000000.0 96823700000000.0 3858310000000.0 22916000000000.0 32748200000.0 377875000000.0 153619000000000.0 4654320000.0 78408200.0 1773440000000.0 10749900000000.0 2080970000000.0 445054000000.0 -2.66 4.178 [-2.66]
2.51188e+16 4.39295e+18 23640400000000.0 91408800000000.0 3407530000000.0 21430100000000.0 27779100000.0 404189000000.0 143346000000000.0 3684160000.0 59943900.0 1775570000000.0 10243800000000.0 1904640000000.0 384720000000.0 -2.64 4.175 [-2.64]
2.51188e+16 4.17555e+18 23396300000000.0 86255500000000.0 3005780000000.0 20009100000000.0 23537300000.0 431579000000.0 133501000000000.0 2909050000.0 45759700.0 1777530000000.0 9754520000000.0 1741050000000.0 332350000000.0 -2.62 4.172 [-2.62]
2.51188e+16 3.96905e+18 23144800000000.0 81351700000000.0 2648140000000.0 18651400000000.0 19919200000.0 460000000000.0 124085000000000.0 2291190000.0 0.0 1779340000000.0 9281480000000.0 1589490000000.0 286914000000.0 -2.6 4.169 [-2.6]
2.51189e+16 3.77302e+18 22886300000000.0 76690700000000.0 2330320000000.0 17356900000000.0 16837100000.0 489383000000.0 115104000000000.0 1800100000.0 0.0 1780840000000.0 8825080000000.0 1449310000000.0 247541000000.0 -2.58 4.166 [-2.58]
2.51188e+16 3.58681e+18 22620500000000.0 72260200000000.0 2048160000000.0 16123800000000.0 14213500000.0 519661000000.0 106553000000000.0 1410650000.0 0.0 1782050000000.0 8384690000000.0 1319820000000.0 213432000000.0 -2.56 4.163 [-2.56]
2.51188e+16 3.40999e+18 22348000000000.0 68052700000000.0 1798070000000.0 14951400000000.0 11983200000.0 550751000000.0 98432600000000.0 1102660000.0 0.0 1782880000000.0 7960340000000.0 1200390000000.0 183911000000.0 -2.54 4.16 [-2.54]
2.51188e+16 3.2422e+18 22069300000000.0 64061500000000.0 1576790000000.0 13839400000000.0 10089900000.0 582548000000.0 90744600000000.0 859819000.0 0.0 1783150000000.0 7552270000000.0 1090420000000.0 158390000000.0 -2.52 4.157 [-2.52]
