Cloudy_runs/pg1216/component_II_PI_nH/component_II_PI_nH_col_density_param.txt
# %ECSV 1.0
# ---
# datatype:
# - {name: H, datatype: float64}
# - {name: H+, datatype: float64}
# - {name: C+, datatype: float64}
# - {name: C+2, datatype: float64}
# - {name: C+3, datatype: float64}
# - {name: N+2, datatype: float64}
# - {name: N+4, datatype: float64}
# - {name: O, datatype: float64}
# - {name: O+2, datatype: float64}
# - {name: O+5, datatype: float64}
# - {name: O+6, datatype: float64}
# - {name: Si+, datatype: float64}
# - {name: Si+2, datatype: float64}
# - {name: Si+3, datatype: float64}
# - {name: Si+4, datatype: float64}
# - {name: log_nH, datatype: float64}
# - {name: log_Te, datatype: float64}
# - {name: parameters, datatype: string, subtype: 'float64[1]'}
# schema: astropy-2.0
H H+ C+ C+2 C+3 N+2 N+4 O O+2 O+5 O+6 Si+ Si+2 Si+3 Si+4 log_nH log_Te parameters
2.51188e+16 2.13509e+21 640334000000.0 174919000000000.0 1097260000000000.0 23706500000000.0 1251910000000000.0 2031570.0 78708400000000.0 2.14754e+16 5.4514e+16 146757000.0 10750800000.0 87470200000.0 17238600000000.0 -5.0 4.607 [-5.0]
2.51188e+16 2.01647e+21 703737000000.0 187398000000000.0 1129920000000000.0 25502100000000.0 1254260000000000.0 2272150.0 84975000000000.0 2.08259e+16 5.01972e+16 178258000.0 12720300000.0 100028000000.0 18641500000000.0 -4.98 4.601 [-4.98]
2.51188e+16 1.905e+21 772337000000.0 200449000000000.0 1161840000000000.0 27408800000000.0 1254740000000000.0 2542560.0 91669600000000.0 2.01565e+16 4.61495e+16 216030000.0 15021700000.0 114175000000.0 20126500000000.0 -4.96 4.595 [-4.96]
2.51189e+16 1.80046e+21 846759000000.0 214089000000000.0 1192880000000000.0 29439900000000.0 1253380000000000.0 2849720.0 98849200000000.0 1.94705e+16 4.23668e+16 261242000.0 17705500000.0 130058000000.0 21693900000000.0 -4.94 4.59 [-4.94]
2.51188e+16 1.70172e+21 926456000000.0 228278000000000.0 1223040000000000.0 31575700000000.0 1250110000000000.0 3187600.0 106414000000000.0 1.87692e+16 3.88209e+16 315173000.0 20829800000.0 147937000000.0 23350000000000.0 -4.92 4.584 [-4.92]
2.51188e+16 1.60894e+21 1012680000000.0 243055000000000.0 1252150000000000.0 33842400000000.0 1244990000000000.0 3570900.0 114490000000000.0 1.80568e+16 3.55163e+16 379467000.0 24461400000.0 167949000000.0 25092200000000.0 -4.9 4.579 [-4.9]
2.51188e+16 1.52158e+21 1105320000000.0 258416000000000.0 1280230000000000.0 36234700000000.0 1238020000000000.0 3997940.0 123042000000000.0 1.73363e+16 3.24386e+16 455846000.0 28671700000.0 190344000000.0 26923700000000.0 -4.88 4.574 [-4.88]
2.51188e+16 1.43929e+21 1205080000000.0 274359000000000.0 1307160000000000.0 38758500000000.0 1229210000000000.0 4478440.0 132096000000000.0 1.66103e+16 2.95771e+16 546514000.0 33549500000.0 215353000000.0 28844800000000.0 -4.86 4.569 [-4.86]
2.51188e+16 1.36176e+21 1312400000000.0 290874000000000.0 1332830000000000.0 41417300000000.0 1218600000000000.0 5018760.0 141663000000000.0 1.58818e+16 2.69221e+16 653934000.0 39190700000.0 243227000000.0 30856300000000.0 -4.84 4.564 [-4.84]
2.51188e+16 1.28868e+21 1427440000000.0 307972000000000.0 1357280000000000.0 44211500000000.0 1206230000000000.0 5621640.0 151742000000000.0 1.51541e+16 2.44631e+16 780816000.0 45699700000.0 274267000000.0 32959600000000.0 -4.82 4.559 [-4.82]
2.51188e+16 1.21975e+21 1550850000000.0 325634000000000.0 1380350000000000.0 47144200000000.0 1192090000000000.0 6298120.0 162344000000000.0 1.44294e+16 2.21898e+16 930493000.0 53199500000.0 308739000000.0 35152800000000.0 -4.8 4.554 [-4.8]
2.51189e+16 1.15474e+21 1683010000000.0 343848000000000.0 1401990000000000.0 50217100000000.0 1176250000000000.0 7055830.0 173474000000000.0 1.37107e+16 2.00926e+16 1106680000.0 61825800000.0 346973000000.0 37436200000000.0 -4.78 4.549 [-4.78]
2.51189e+16 1.09334e+21 1824310000000.0 362608000000000.0 1422190000000000.0 53426300000000.0 1158750000000000.0 7902380.0 185111000000000.0 1.30003e+16 1.81608e+16 1313730000.0 71735900000.0 389334000000.0 39810400000000.0 -4.76 4.544 [-4.76]
2.51189e+16 1.03537e+21 1975320000000.0 381905000000000.0 1440910000000000.0 56774200000000.0 1139670000000000.0 8849670.0 197260000000000.0 1.2301e+16 1.6385e+16 1556580000.0 83102500000.0 436181000000.0 42273600000000.0 -4.74 4.54 [-4.74]
2.51189e+16 9.80562e+20 2135670000000.0 401684000000000.0 1458070000000000.0 60249100000000.0 1119050000000000.0 9897730.0 209878000000000.0 1.16145e+16 1.47555e+16 1840350000.0 96100300000.0 487935000000.0 44823500000000.0 -4.72 4.536 [-4.72]
2.51189e+16 9.28855e+20 2307360000000.0 421988000000000.0 1473610000000000.0 63867100000000.0 1096980000000000.0 11078200.0 223036000000000.0 1.09434e+16 1.32655e+16 2172040000.0 110959000000.0 544888000000.0 47454700000000.0 -4.7 4.531 [-4.7]
2.51189e+16 8.79979e+20 2489950000000.0 442756000000000.0 1487490000000000.0 67613500000000.0 1073510000000000.0 12393100.0 236673000000000.0 1.02895e+16 1.19044e+16 2558550000.0 127908000000.0 607564000000.0 50167500000000.0 -4.68 4.526 [-4.68]
2.51189e+16 8.33739e+20 2683680000000.0 463932000000000.0 1499650000000000.0 71476700000000.0 1048710000000000.0 13856900.0 250745000000000.0 9654410000000000.0 1.06634e+16 3008090000.0 147212000000.0 676424000000.0 52957100000000.0 -4.66 4.522 [-4.66]
2.51189e+16 7.90028e+20 2889190000000.0 485532000000000.0 1510120000000000.0 75459000000000.0 1022720000000000.0 15483700.0 265269000000000.0 9039800000000000.0 9534800000000000.0 3529600000.0 169151000000.0 751949000000.0 55820400000000.0 -4.64 4.518 [-4.64]
2.51189e+16 7.48687e+20 3107320000000.0 507502000000000.0 1518800000000000.0 79552300000000.0 995601000000000.0 17301700.0 280217000000000.0 8446840000000000.0 8510510000000000.0 4134100000.0 194064000000.0 834603000000.0 58751000000000.0 -4.62 4.514 [-4.62]
2.51189e+16 7.09521e+20 3337350000000.0 529767000000000.0 1525690000000000.0 83735900000000.0 967462000000000.0 19315300.0 295516000000000.0 7876480000000000.0 7582190000000000.0 4832460000.0 222291000000.0 925055000000.0 61746400000000.0 -4.6 4.51 [-4.6]
2.51189e+16 6.72493e+20 3580580000000.0 552340000000000.0 1530770000000000.0 88016200000000.0 938432000000000.0 21554300.0 311199000000000.0 7329800000000000.0 6743670000000000.0 5638000000.0 254212000000.0 1023720000000.0 64797800000000.0 -4.58 4.506 [-4.58]
2.51189e+16 6.37455e+20 3837680000000.0 575160000000000.0 1534010000000000.0 92377900000000.0 908604000000000.0 24053400.0 327230000000000.0 6807090000000000.0 5987390000000000.0 6566010000.0 290280000000.0 1131180000000.0 67898700000000.0 -4.56 4.502 [-4.56]
2.51189e+16 6.04234e+20 4107050000000.0 598107000000000.0 1535380000000000.0 96792200000000.0 878084000000000.0 26812000.0 343500000000000.0 6308860000000000.0 5306180000000000.0 7631080000.0 330925000000.0 1248210000000.0 71043900000000.0 -4.54 4.498 [-4.54]
2.51189e+16 5.72819e+20 4391170000000.0 621231000000000.0 1534880000000000.0 101273000000000.0 847026000000000.0 29886400.0 360081000000000.0 5835680000000000.0 4694750000000000.0 8852560000.0 376671000000.0 1375200000000.0 74222500000000.0 -4.52 4.494 [-4.52]
2.51189e+16 5.43042e+20 4688700000000.0 644381000000000.0 1532490000000000.0 105784000000000.0 815523000000000.0 33294000.0 376850000000000.0 5387400000000000.0 4146440000000000.0 10249500000.0 428065000000.0 1512960000000.0 77427400000000.0 -4.5 4.49 [-4.5]
2.51189e+16 5.1486e+20 5001020000000.0 667567000000000.0 1528230000000000.0 110328000000000.0 783724000000000.0 37084600.0 393835000000000.0 4963880000000000.0 3656170000000000.0 11844800000.0 485714000000.0 1662000000000.0 80648700000000.0 -4.48 4.486 [-4.48]
2.51189e+16 4.88167e+20 5327810000000.0 690691000000000.0 1522090000000000.0 114885000000000.0 751756000000000.0 41295700.0 410972000000000.0 4564870000000000.0 3218520000000000.0 13662300000.0 550263000000.0 1823020000000.0 83876300000000.0 -4.46 4.482 [-4.46]
2.51189e+16 4.62865e+20 5668760000000.0 713654000000000.0 1514050000000000.0 119432000000000.0 719713000000000.0 45972800.0 428198000000000.0 4190050000000000.0 2828500000000000.0 15728300000.0 622416000000.0 1996770000000.0 87100100000000.0 -4.44 4.478 [-4.44]
2.51189e+16 4.38899e+20 6024010000000.0 736418000000000.0 1504160000000000.0 123959000000000.0 687726000000000.0 51160600.0 445505000000000.0 3838710000000000.0 2481790000000000.0 18071200000.0 702888000000.0 2183840000000.0 90308700000000.0 -4.42 4.474 [-4.42]
2.51189e+16 4.16186e+20 6393490000000.0 758883000000000.0 1492420000000000.0 128445000000000.0 655903000000000.0 56924100.0 462829000000000.0 3510390000000000.0 2174090000000000.0 20723200000.0 792513000000.0 2384950000000.0 93490200000000.0 -4.4 4.47 [-4.4]
2.51189e+16 3.94678e+20 6777900000000.0 781020000000000.0 1478870000000000.0 132885000000000.0 624365000000000.0 63334800.0 480170000000000.0 3204270000000000.0 1901580000000000.0 23719000000.0 892141000000.0 2600610000000.0 96631900000000.0 -4.38 4.466 [-4.38]
2.51189e+16 3.74274e+20 7174820000000.0 802638000000000.0 1463500000000000.0 137240000000000.0 593200000000000.0 70442200.0 497414000000000.0 2919560000000000.0 1660530000000000.0 27094300000.0 1002700000000.0 2831880000000.0 99725100000000.0 -4.36 4.463 [-4.36]
2.51189e+16 3.54959e+20 7587260000000.0 823788000000000.0 1446380000000000.0 141521000000000.0 562522000000000.0 78375200.0 514608000000000.0 2655430000000000.0 1447850000000000.0 30893300000.0 1125210000000.0 3078820000000.0 102752000000000.0 -4.34 4.459 [-4.34]
2.51189e+16 3.36644e+20 8012040000000.0 844286000000000.0 1427530000000000.0 145692000000000.0 532419000000000.0 87179600.0 531648000000000.0 2410910000000000.0 1260470000000000.0 35153300000.0 1260560000000.0 3342360000000.0 105699000000000.0 -4.32 4.455 [-4.32]
2.51186e+16 3.19298e+20 8451530000000.0 864133000000000.0 1407010000000000.0 149754000000000.0 502976000000000.0 97009700.0 548540000000000.0 2185070000000000.0 1095710000000000.0 39926500000.0 1409950000000.0 3622600000000.0 108550000000000.0 -4.3 4.451 [-4.3]
2.51189e+16 3.02847e+20 8902070000000.0 883145000000000.0 1384900000000000.0 153675000000000.0 474270000000000.0 107937000.0 565200000000000.0 1976960000000000.0 951014000000000.0 45257500000.0 1574480000000.0 3920780000000.0 111300000000000.0 -4.28 4.448 [-4.28]
2.51186e+16 2.87271e+20 9366990000000.0 901374000000000.0 1361230000000000.0 157459000000000.0 446364000000000.0 120143000.0 581646000000000.0 1785610000000000.0 824251000000000.0 51204700000.0 1755330000000.0 4236400000000.0 113925000000000.0 -4.26 4.444 [-4.26]
2.51189e+16 2.72502e+20 9842380000000.0 918618000000000.0 1336080000000000.0 161078000000000.0 419323000000000.0 133745000.0 597794000000000.0 1610020000000000.0 713276000000000.0 57819600000.0 1953760000000.0 4570650000000.0 116419000000000.0 -4.24 4.44 [-4.24]
2.51189e+16 2.58509e+20 10329400000000.0 934860000000000.0 1309520000000000.0 164527000000000.0 393196000000000.0 148928000.0 613633000000000.0 1449220000000000.0 616318000000000.0 65164200000.0 2171030000000.0 4923320000000.0 118764000000000.0 -4.22 4.437 [-4.22]
2.51189e+16 2.45253e+20 10827600000000.0 950036000000000.0 1281650000000000.0 167798000000000.0 368024000000000.0 165891000.0 629131000000000.0 1302260000000000.0 531737000000000.0 73301300000.0 2408450000000.0 5294650000000.0 120948000000000.0 -4.2 4.433 [-4.2]
2.51189e+16 2.32662e+20 11331100000000.0 963926000000000.0 1252520000000000.0 170849000000000.0 343833000000000.0 184767000.0 644185000000000.0 1168210000000000.0 457985000000000.0 82280400000.0 2667190000000.0 5685580000000.0 122958000000000.0 -4.18 4.429 [-4.18]
2.51189e+16 2.20745e+20 11845900000000.0 976659000000000.0 1222270000000000.0 173708000000000.0 320661000000000.0 205920000.0 658822000000000.0 1046360000000000.0 393932000000000.0 92193500000.0 2948930000000.0 6094890000000.0 124780000000000.0 -4.16 4.426 [-4.16]
2.51189e+16 2.09457e+20 12370300000000.0 988145000000000.0 1190960000000000.0 176362000000000.0 298522000000000.0 229601000.0 673004000000000.0 935824000000000.0 338380000000000.0 103110000000.0 3255020000000.0 6522530000000.0 126403000000000.0 -4.14 4.423 [-4.14]
2.51189e+16 1.98782e+20 12906500000000.0 998442000000000.0 1158740000000000.0 178819000000000.0 277433000000000.0 256141000.0 686739000000000.0 835769000000000.0 290300000000000.0 115119000000.0 3587050000000.0 6967630000000.0 127818000000000.0 -4.12 4.419 [-4.12]
2.51189e+16 1.88633e+20 13441800000000.0 1007140000000000.0 1125660000000000.0 181015000000000.0 257379000000000.0 285718000.0 699849000000000.0 745294000000000.0 248637000000000.0 128241000000.0 3945620000000.0 7431890000000.0 129009000000000.0 -4.1 4.416 [-4.1]
2.51189e+16 1.78999e+20 13977600000000.0 1014300000000000.0 1091840000000000.0 182961000000000.0 238359000000000.0 318745000.0 712356000000000.0 663647000000000.0 212611000000000.0 142558000000.0 4332160000000.0 7914230000000.0 129968000000000.0 -4.08 4.412 [-4.08]
2.51189e+16 1.69882e+20 14522600000000.0 1020100000000000.0 1057400000000000.0 184684000000000.0 220372000000000.0 355863000.0 724290000000000.0 590131000000000.0 181581000000000.0 158203000000.0 4748680000000.0 8411800000000.0 130685000000000.0 -4.06 4.409 [-4.06]
2.51189e+16 1.61238e+20 15068400000000.0 1024370000000000.0 1022470000000000.0 186162000000000.0 203402000000000.0 397345000.0 735592000000000.0 524035000000000.0 154862000000000.0 175209000000.0 5195730000000.0 8925140000000.0 131153000000000.0 -4.04 4.405 [-4.04]
2.51189e+16 1.53051e+20 15618600000000.0 1027210000000000.0 987173000000000.0 187406000000000.0 187430000000000.0 443879000.0 746270000000000.0 464724000000000.0 131899000000000.0 193685000000.0 5674980000000.0 9452130000000.0 131367000000000.0 -4.02 4.402 [-4.02]
2.51189e+16 1.4528e+20 16164300000000.0 1028410000000000.0 951610000000000.0 188389000000000.0 172430000000000.0 495869000.0 756238000000000.0 411567000000000.0 112177000000000.0 213650000000.0 6186560000000.0 9992970000000.0 131320000000000.0 -4.0 4.399 [-4.0]
2.51189e+16 1.37916e+20 16711000000000.0 1028130000000000.0 915902000000000.0 189133000000000.0 158376000000000.0 554181000.0 765527000000000.0 364016000000000.0 95278700000000.0 235225000000.0 6732090000000.0 10544500000000.0 131008000000000.0 -3.98 4.395 [-3.98]
2.51189e+16 1.30933e+20 17253900000000.0 1026320000000000.0 880171000000000.0 189629000000000.0 145236000000000.0 619417000.0 774094000000000.0 321541000000000.0 80814400000000.0 258445000000.0 7311660000000.0 11105900000000.0 130429000000000.0 -3.96 4.392 [-3.96]
2.51189e+16 1.24317e+20 17796700000000.0 1023090000000000.0 844549000000000.0 189888000000000.0 132979000000000.0 692539000.0 781946000000000.0 283668000000000.0 68463600000000.0 283414000000.0 7926350000000.0 11673900000000.0 129582000000000.0 -3.94 4.389 [-3.94]
2.51187e+16 1.18035e+20 18331200000000.0 1018300000000000.0 809095000000000.0 189892000000000.0 121565000000000.0 774413000.0 789018000000000.0 249932000000000.0 57920300000000.0 310128000000.0 8575520000000.0 12247300000000.0 128462000000000.0 -3.92 4.385 [-3.92]
2.51189e+16 1.12079e+20 18859100000000.0 1012060000000000.0 773942000000000.0 189660000000000.0 110962000000000.0 866062000.0 795338000000000.0 219935000000000.0 48939300000000.0 338654000000.0 9259370000000.0 12823500000000.0 127077000000000.0 -3.9 4.382 [-3.9]
2.51187e+16 1.06419e+20 19372900000000.0 1004270000000000.0 739159000000000.0 189173000000000.0 101127000000000.0 968482000.0 800830000000000.0 193287000000000.0 41291800000000.0 368950000000.0 9976160000000.0 13400600000000.0 125420000000000.0 -3.88 4.379 [-3.88]
2.51187e+16 1.01055e+20 19880400000000.0 995166000000000.0 704867000000000.0 188465000000000.0 92027000000000.0 1083200000.0 805554000000000.0 169665000000000.0 34798700000000.0 401139000000.0 10726700000000.0 13973800000000.0 123506000000000.0 -3.86 4.376 [-3.86]
2.51188e+16 9.59651e+19 20377400000000.0 984737000000000.0 671146000000000.0 187529000000000.0 83622300000000.0 1211650000.0 809475000000000.0 148748000000000.0 29289000000000.0 435191000000.0 11509200000000.0 14540700000000.0 121338000000000.0 -3.84 4.372 [-3.84]
2.51189e+16 9.11364e+19 20862000000000.0 973052000000000.0 638076000000000.0 186376000000000.0 75874700000000.0 1355190000.0 812595000000000.0 130252000000000.0 24622600000000.0 471083000000.0 12321500000000.0 15097800000000.0 118925000000000.0 -3.82 4.369 [-3.82]
2.51189e+16 8.65533e+19 21333700000000.0 960158000000000.0 605725000000000.0 185008000000000.0 68745000000000.0 1515760000.0 814894000000000.0 113917000000000.0 20675400000000.0 508790000000.0 13161700000000.0 15641300000000.0 116275000000000.0 -3.8 4.366 [-3.8]
2.51187e+16 8.22069e+19 21795000000000.0 946203000000000.0 574171000000000.0 183440000000000.0 62197000000000.0 1695280000.0 816385000000000.0 99514500000000.0 17342500000000.0 548314000000.0 14027800000000.0 16166600000000.0 113403000000000.0 -3.78 4.363 [-3.78]
