Cloudy_runs/pg1216/z=0.282286/component_III_PI_nH/component_III_PI_nH_col_density_param.txt
# %ECSV 1.0
# ---
# datatype:
# - {name: H, datatype: float64}
# - {name: H+, datatype: float64}
# - {name: C+, datatype: float64}
# - {name: C+2, datatype: float64}
# - {name: C+3, datatype: float64}
# - {name: N+2, datatype: float64}
# - {name: N+4, datatype: float64}
# - {name: O, datatype: float64}
# - {name: O+2, datatype: float64}
# - {name: O+5, datatype: float64}
# - {name: O+6, datatype: float64}
# - {name: Si+, datatype: float64}
# - {name: Si+2, datatype: float64}
# - {name: Si+3, datatype: float64}
# - {name: Si+4, datatype: float64}
# - {name: log_nH, datatype: float64}
# - {name: log_Te, datatype: float64}
# - {name: parameters, datatype: string, subtype: 'float64[1]'}
# schema: astropy-2.0
H H+ C+ C+2 C+3 N+2 N+4 O O+2 O+5 O+6 Si+ Si+2 Si+3 Si+4 log_nH log_Te parameters
[from data line 72]
14125400000000.0 2.43106e+16 14128900000.0 376215000000.0 150288000000.0 78655600000.0 10740900000.0 3439280.0 341100000000.0 12489500000.0 1397520000.0 585226000.0 12932600000.0 10022900000.0 37287300000.0 -3.56 4.334 [-3.56]
14125400000000.0 2.30933e+16 14269600000.0 366090000000.0 140347000000.0 77100600000.0 9552830000.0 3854340.0 339849000000.0 10751800000.0 1154270000.0 611914000.0 13352900000.0 10052400000.0 35124600000.0 -3.54 4.331 [-3.54]
14125400000000.0 2.1937e+16 14397800000.0 355816000000.0 130878000000.0 75494200000.0 8483940000.0 4317540.0 338245000000.0 9242300000.0 951863000.0 638105000.0 13745000000.0 10052200000.0 32980300000.0 -3.52 4.328 [-3.52]
14125400000000.0 2.08402e+16 14514100000.0 345454000000.0 121890000000.0 73844900000.0 7525140000.0 4833450.0 336296000000.0 7934460000.0 783896000.0 663618000.0 14105600000.0 10022600000.0 30869300000.0 -3.5 4.324 [-3.5]
14125400000000.0 1.97967e+16 14618600000.0 335008000000.0 113352000000.0 72152100000.0 6664230000.0 5408780.0 333987000000.0 6800020000.0 644363000.0 688390000.0 14431500000.0 9963120000.0 28797300000.0 -3.48 4.321 [-3.48]
14125400000000.0 1.88041e+16 14711700000.0 324515000000.0 105259000000.0 70420600000.0 5892490000.0 6049910.0 331318000000.0 5817490000.0 528644000.0 712293000.0 14720100000.0 9874110000.0 26774700000.0 -3.46 4.318 [-3.46]
14125400000000.0 1.78626e+16 14793800000.0 314043000000.0 97623500000.0 68661700000.0 5203740000.0 6762130.0 328306000000.0 4970140000.0 433084000.0 735128000.0 14969000000.0 9757290000.0 24816300000.0 -3.44 4.314 [-3.44]
14125400000000.0 1.69698e+16 14865300000.0 303627000000.0 90434000000.0 66880800000.0 4590010000.0 7552410.0 324958000000.0 4240390000.0 354286000.0 756792000.0 15176800000.0 9613970000.0 22930300000.0 -3.42 4.311 [-3.42]
14125400000000.0 1.61202e+16 14926500000.0 293259000000.0 83655700000.0 65076100000.0 4042390000.0 8430410.0 321259000000.0 3611050000.0 289234000.0 777283000.0 15341700000.0 9444660000.0 21118300000.0 -3.4 4.308 [-3.4]
14125400000000.0 1.53132e+16 14977900000.0 282983000000.0 77286500000.0 63255800000.0 3555280000.0 9403790.0 317224000000.0 3070000000.0 235702000.0 796495000.0 15463100000.0 9251570000.0 19389000000.0 -3.38 4.304 [-3.38]
14125400000000.0 1.45466e+16 15019900000.0 272825000000.0 71311700000.0 61424400000.0 3122670000.0 10481700.0 312859000000.0 2605590000.0 191727000.0 814380000.0 15540800000.0 9036680000.0 17746800000.0 -3.36 4.301 [-3.36]
14125400000000.0 1.38173e+16 15053100000.0 262788000000.0 65707000000.0 59583300000.0 2738500000.0 11675700.0 308162000000.0 2207060000.0 155619000.0 830958000.0 15574800000.0 8801420000.0 16192900000.0 -3.34 4.297 [-3.34]
14125400000000.0 1.31258e+16 15077800000.0 252930000000.0 60475800000.0 57743800000.0 2398950000.0 12993300.0 303166000000.0 1866690000.0 126114000.0 846132000.0 15566700000.0 8549420000.0 14733700000.0 -3.32 4.294 [-3.32]
14125400000000.0 1.24689e+16 15094500000.0 243248000000.0 55592200000.0 55906300000.0 2098780000.0 14447400.0 297871000000.0 1575990000.0 102007000.0 859951000.0 15517100000.0 8282420000.0 13367800000.0 -3.3 4.291 [-3.3]
14125400000000.0 1.1845e+16 15103500000.0 233758000000.0 51040300000.0 54074900000.0 1833840000.0 16050100.0 292288000000.0 1328160000.0 82348900.0 872444000.0 15428000000.0 8002820000.0 12095000000.0 -3.28 4.287 [-3.28]
14125400000000.0 1.12524e+16 15105300000.0 224470000000.0 46803700000.0 52253300000.0 1600330000.0 17814400.0 286433000000.0 1117240000.0 66348900.0 883650000.0 15301100000.0 7713020000.0 10914000000.0 -3.26 4.284 [-3.26]
14125400000000.0 1.06895e+16 15100100000.0 215398000000.0 42866500000.0 50444900000.0 1394830000.0 19754200.0 280320000000.0 938058000.0 53351700.0 893627000.0 15138800000.0 7415390000.0 9822900000.0 -3.24 4.28 [-3.24]
14125400000000.0 1.01549e+16 15088500000.0 206548000000.0 39212700000.0 48653100000.0 1214240000.0 21884100.0 273965000000.0 786124000.0 42814900.0 902440000.0 14943700000.0 7112210000.0 8818850000.0 -3.22 4.277 [-3.22]
14125400000000.0 9647110000000000.0 15070600000.0 197930000000.0 35826700000.0 46881000000.0 1055770000.0 24219500.0 267386000000.0 657535000.0 34289900.0 910164000.0 14718500000.0 6805640000.0 7898470000.0 -3.2 4.273 [-3.2]
14125400000000.0 9164830000000000.0 15046900000.0 189548000000.0 32693300000.0 45131200000.0 916908000.0 26776800.0 260601000000.0 548911000.0 27406600.0 916883000.0 14466100000.0 6497730000.0 7057910000.0 -3.18 4.27 [-3.18]
14125400000000.0 8706780000000000.0 15017500000.0 181406000000.0 29797600000.0 43406600000.0 795394000.0 29573300.0 253631000000.0 457331000.0 21860400.0 922684000.0 14189300000.0 6190350000.0 6292970000.0 -3.16 4.266 [-3.16]
14125400000000.0 8271740000000000.0 14982900000.0 173507000000.0 27125400000.0 41709300000.0 689206000.0 32626900.0 246495000000.0 380273000.0 17400800.0 927657000.0 13891000000.0 5885210000.0 5599170000.0 -3.14 4.263 [-3.14]
14125400000000.0 7859480000000000.0 14943300000.0 165870000000.0 24667300000.0 40045400000.0 596705000.0 35951500.0 239233000000.0 315674000.0 13828500.0 931858000.0 13575200000.0 5584590000.0 4972950000.0 -3.12 4.259 [-3.12]
14125400000000.0 7467050000000000.0 14898700000.0 158461000000.0 22400300000.0 38408900000.0 515917000.0 39576300.0 231829000000.0 261428000.0 10962400.0 935449000.0 13242500000.0 5288380000.0 4407480000.0 -3.1 4.256 [-3.1]
14125400000000.0 7093460000000000.0 14849000000.0 151279000000.0 20312500000.0 36801400000.0 445462000.0 43523200.0 224301000000.0 215980000.0 8668530.0 938514000.0 12895600000.0 4997810000.0 3898380000.0 -3.08 4.253 [-3.08]
14125400000000.0 6739500000000000.0 14795100000.0 144358000000.0 18400200000.0 35232200000.0 384342000.0 47801400.0 216713000000.0 178129000.0 6843560.0 941071000.0 12539100000.0 4715290000.0 3442910000.0 -3.06 4.249 [-3.06]
14125400000000.0 6404060000000000.0 14736900000.0 137692000000.0 16650600000.0 33702100000.0 331367000.0 52431500.0 209086000000.0 146657000.0 5394000.0 943200000.0 12175500000.0 4441650000.0 3036340000.0 -3.04 4.246 [-3.04]
14125400000000.0 6084780000000000.0 14674300000.0 131251000000.0 15045700000.0 32205300000.0 285330000.0 57448300.0 201402000000.0 120450000.0 4241050.0 945045000.0 11804900000.0 4176180000.0 2673110000.0 -3.02 4.242 [-3.02]
14125400000000.0 5781580000000000.0 14607700000.0 125045000000.0 13578600000.0 30746100000.0 245451000.0 62868000.0 193704000000.0 98718800.0 3327820.0 946640000.0 11430600000.0 3920120000.0 2349900000.0 -3.0 4.239 [-3.0]
14125400000000.0 5493690000000000.0 14537000000.0 119072000000.0 12239300000.0 29325300000.0 210950000.0 68712700.0 186012000000.0 80738000.0 2606040.0 948045000.0 11054300000.0 3673930000.0 2062950000.0 -2.98 4.235 [-2.98]
14125400000000.0 5220220000000000.0 14462300000.0 113325000000.0 11018200000.0 27943000000.0 181125000.0 75006100.0 178344000000.0 65888900.0 2036660.0 949318000.0 10677600000.0 3437850000.0 1808630000.0 -2.96 4.232 [-2.96]
14125400000000.0 4959910000000000.0 14383400000.0 107787000000.0 9904200000.0 26596500000.0 155327000.0 81780400.0 170702000000.0 53634400.0 1587790.0 950537000.0 10301100000.0 3211540000.0 1583320000.0 -2.94 4.228 [-2.94]
14125400000000.0 4713290000000000.0 14300900000.0 102481000000.0 8893630000.0 25292700000.0 133125000.0 89037400.0 163143000000.0 43581100.0 1235990.0 951680000.0 9928100000.0 2996220000.0 1384780000.0 -2.92 4.225 [-2.92]
14125400000000.0 4479090000000000.0 14214500000.0 97388000000.0 7976110000.0 24028200000.0 113995000.0 96808400.0 155665000000.0 35334900.0 960273.0 952816000.0 9558860000.0 2791310000.0 1209780000.0 -2.9 4.222 [-2.9]
14125400000000.0 4256660000000000.0 14124300000.0 92502400000.0 7144250000.0 22803000000.0 97528500.0 105113000.0 148286000000.0 28586100.0 744632.0 953971000.0 9194370000.0 2596750000.0 1055780000.0 -2.88 4.218 [-2.88]
14125400000000.0 4045420000000000.0 14030300000.0 87819100000.0 6391070000.0 21617200000.0 83367900.0 113971000.0 141022000000.0 23075200.0 576323.0 955167000.0 8835530000.0 2412390000.0 920453000.0 -2.86 4.215 [-2.86]
14125400000000.0 3844810000000000.0 13932500000.0 83332200000.0 5710110000.0 20470400000.0 71201800.0 123399000.0 133887000000.0 18585200.0 445227.0 956420000.0 8483080000.0 2238050000.0 801705000.0 -2.84 4.211 [-2.84]
14125400000000.0 3654280000000000.0 13831000000.0 79036400000.0 5095300000.0 19362500000.0 60758800.0 133412000.0 126895000000.0 14935300.0 343322.0 957740000.0 8137660000.0 2073520000.0 697641000.0 -2.82 4.208 [-2.82]
14125400000000.0 3473780000000000.0 13726000000.0 74936400000.0 4542150000.0 18295600000.0 51819600.0 144006000.0 120075000000.0 11980200.0 264399.0 959100000.0 7800740000.0 1918900000.0 606715000.0 -2.8 4.205 [-2.8]
14125400000000.0 3301900000000000.0 13616900000.0 71005100000.0 4042980000.0 17264300000.0 44142600.0 155223000.0 113406000000.0 9583940.0 203157.0 960557000.0 7470840000.0 1773110000.0 527062000.0 -2.78 4.201 [-2.78]
14125400000000.0 3138670000000000.0 13504200000.0 67247900000.0 3594200000.0 16270700000.0 37569900.0 167052000.0 106916000000.0 7649460.0 155832.0 962075000.0 7149260000.0 1636250000.0 457501000.0 -2.76 4.198 [-2.76]
14125400000000.0 2983640000000000.0 13387800000.0 63659300000.0 3191320000.0 15314400000.0 31947500.0 179497000.0 100614000000.0 6091450.0 119330.0 963641000.0 6836280000.0 1507990000.0 396818000.0 -2.74 4.195 [-2.74]
14125400000000.0 2836400000000000.0 13267600000.0 60233300000.0 2830110000.0 14395000000.0 27141800.0 192554000.0 94507800000.0 4839520.0 91228.2 965241000.0 6532060000.0 1387980000.0 343930000.0 -2.72 4.192 [-2.72]
14125400000000.0 2696550000000000.0 13143800000.0 56964600000.0 2506740000.0 13512000000.0 23037700.0 206217000.0 88605700000.0 3835950.0 69633.0 966855000.0 6236740000.0 1275870000.0 297878000.0 -2.7 4.188 [-2.7]
14125400000000.0 2563720000000000.0 13016300000.0 53847600000.0 2217640000.0 12664900000.0 19535500.0 220473000.0 82913600000.0 3033370.0 53067.1 968461000.0 5950390000.0 1171310000.0 257814000.0 -2.68 4.185 [-2.68]
14125400000000.0 2437560000000000.0 12885200000.0 50876900000.0 1959540000.0 11853200000.0 16549500.0 235305000.0 77436900000.0 2393060.0 40381.5 970032000.0 5673040000.0 1073940000.0 222989000.0 -2.66 4.182 [-2.66]
14125400000000.0 2317420000000000.0 12750200000.0 48040100000.0 1728980000.0 11074700000.0 14001100.0 250712000.0 72168500000.0 1882650.0 30668.3 971559000.0 5403970000.0 983192000.0 192690000.0 -2.64 4.179 [-2.64]
14125400000000.0 2203890000000000.0 12612300000.0 45353200000.0 1524560000.0 10334000000.0 11840600.0 266597000.0 67146000000.0 1478860.0 23282.8 972950000.0 5145280000.0 899351000.0 166492000.0 -2.62 4.176 [-2.62]
14125400000000.0 2095780000000000.0 12470700000.0 42790100000.0 1342410000.0 9625560000.0 9999430.0 282993000.0 62337700000.0 1158440.0 0.0 974229000.0 4894790000.0 821436000.0 143728000.0 -2.6 4.173 [-2.6]
14125400000000.0 1993070000000000.0 12325600000.0 40352500000.0 1180680000.0 8950460000.0 8435150.0 299836000.0 57756000000.0 905284.0 0.0 975344000.0 4653090000.0 749318000.0 124001000.0 -2.58 4.169 [-2.58]
14125400000000.0 1895510000000000.0 12177100000.0 38035500000.0 1037260000.0 8308160000.0 7107350.0 317081000.0 53401200000.0 705773.0 0.0 976261000.0 4420070000.0 682666000.0 106916000.0 -2.56 4.166 [-2.56]
14125400000000.0 1802830000000000.0 12025400000.0 35834300000.0 910251000.0 7698130000.0 5981400.0 334676000.0 49272700000.0 548930.0 0.0 976942000.0 4195590000.0 621157000.0 92130800.0 -2.54 4.163 [-2.54]
14125400000000.0 1714780000000000.0 11870400000.0 33744400000.0 797920000.0 7119790000.0 5027620.0 352564000.0 45369000000.0 425937.0 0.0 977350000.0 3979530000.0 564479000.0 79343500.0 -2.52 4.16 [-2.52]
14125400000000.0 1630910000000000.0 11711900000.0 31755900000.0 698499000.0 6571380000.0 4219100.0 370711000.0 41679900000.0 329578.0 0.0 977460000.0 3771160000.0 512208000.0 68271500.0 -2.5 4.157 [-2.5]
14125400000000.0 1551650000000000.0 11551300000.0 29879900000.0 611168000.0 6055810000.0 3538410.0 388977000.0 38225300000.0 254664.0 0.0 977197000.0 3572040000.0 464419000.0 58744600.0 -2.48 4.155 [-2.48]
14125400000000.0 1476130000000000.0 11387300000.0 28096500000.0 534042000.0 5568830000.0 2962510.0 407372000.0 34977600000.0 196236.0 0.0 976567000.0 3380270000.0 420467000.0 50503100.0 -2.46 4.152 [-2.46]
14125400000000.0 1404190000000000.0 11220100000.0 26402400000.0 466036000.0 5109990000.0 2476070.0 425831000.0 31933500000.0 150802.0 0.0 975525000.0 3195770000.0 380112000.0 43380200.0 -2.44 4.149 [-2.44]
14125400000000.0 1336020000000000.0 11050700000.0 24802500000.0 406399000.0 4680540000.0 2067320.0 444231000.0 29100200000.0 115685.0 0.0 974022000.0 3019400000.0 343294000.0 37251700.0 -2.42 4.146 [-2.42]
14125400000000.0 1271250000000000.0 10878800000.0 23288300000.0 354044000.0 4278640000.0 1723590.0 462530000.0 26464600000.0 88554.4 0.0 972034000.0 2850450000.0 309669000.0 31970800.0 -2.4 4.143 [-2.4]
14125400000000.0 1209690000000000.0 10704500000.0 21856000000.0 308136000.0 3903450000.0 1434940.0 480664000.0 24019700000.0 67643.4 0.0 969534000.0 2688750000.0 279003000.0 27423000.0 -2.38 4.14 [-2.38]
14125400000000.0 1151190000000000.0 10528000000.0 20501700000.0 267923000.0 3554030000.0 1192870.0 498569000.0 21757700000.0 51563.3 0.0 966496000.0 2534090000.0 251076000.0 23508500.0 -2.36 4.138 [-2.36]
14125400000000.0 1095600000000000.0 10349500000.0 19222300000.0 232748000.0 3229540000.0 990217.0 516180000.0 19671100000.0 39229.5 0.0 962886000.0 2386360000.0 225685000.0 20142000.0 -2.34 4.135 [-2.34]
14125400000000.0 1042910000000000.0 10169600000.0 18017400000.0 202072000.0 2929560000.0 821099.0 533417000.0 17755300000.0 29803.9 0.0 958698000.0 2245740000.0 202684000.0 17253300.0 -2.32 4.132 [-2.32]
14125400000000.0 992682000000000.0 9987480000.0 16876700000.0 175228000.0 2651730000.0 679617.0 550280000.0 15993200000.0 22589.9 0.0 953902000.0 2111210000.0 181774000.0 14766000.0 -2.3 4.13 [-2.3]
14125400000000.0 944942000000000.0 9803860000.0 15800700000.0 151819000.0 2395690000.0 561704.0 566695000.0 14380500000.0 17092.1 0.0 948486000.0 1983020000.0 162841000.0 12630200.0 -2.28 4.127 [-2.28]
14125400000000.0 899563000000000.0 9618890000.0 14786100000.0 131426000.0 2160340000.0 463588.0 582621000.0 12908300000.0 12910.7 0.0 942438000.0 1860990000.0 145723000.0 10797400.0 -2.26 4.124 [-2.26]
14125400000000.0 856286000000000.0 9432160000.0 13827100000.0 113638000.0 1944070000.0 381910.0 598046000.0 11564600000.0 9731.19 0.0 935738000.0 1744540000.0 130226000.0 9222080.0 -2.24 4.122 [-2.24]
14125400000000.0 815282000000000.0 9245100000.0 12927000000.0 98215100.0 1746830000.0 314328.0 612890000.0 10347100000.0 7328.09 0.0 928404000.0 1634300000.0 116294000.0 7875250.0 -2.22 4.119 [-2.22]
14125400000000.0 776300000000000.0 9057300000.0 12079800000.0 84819800.0 1566930000.0 258362.0 627156000.0 9243770000.0 5510.78 0.0 920426000.0 1529670000.0 103749000.0 6721540.0 -2.2 4.117 [-2.2]
14125400000000.0 739239000000000.0 8868960000.0 11282800000.0 73197100.0 1403260000.0 212087.0 640823000.0 8246180000.0 0.0 0.0 911807000.0 1430470000.0 92468200.0 5733870.0 -2.18 4.114 [-2.18]
14125400000000.0 704002000000000.0 8680300000.0 10533600000.0 63121500.0 1254720000.0 173886.0 653882000.0 7346170000.0 0.0 0.0 902557000.0 1336530000.0 82337200.0 4888840.0 -2.16 4.112 [-2.16]
14125400000000.0 670498000000000.0 8491520000.0 9829690000.0 54395000.0 1120220000.0 142395.0 666323000.0 6535890000.0 0.0 0.0 892684000.0 1247650000.0 73250400.0 4166270.0 -2.14 4.109 [-2.14]
14125400000000.0 638640000000000.0 8302820000.0 9168680000.0 46843600.0 998712000.0 116475.0 678145000.0 5807860000.0 0.0 0.0 882205000.0 1163660000.0 65110500.0 3548790.0 -2.12 4.107 [-2.12]
14125400000000.0 608347000000000.0 8114430000.0 8548350000.0 40314800.0 889189000.0 95171.2 689350000.0 5154990000.0 0.0 0.0 871139000.0 1084380000.0 57827600.0 3021420.0 -2.1 4.105 [-2.1]
