Cloudy_runs/pg1216/z=0.282286/component_III_PI_nH/component_III_PI_nH_col_density_param.txt
# %ECSV 1.0
# ---
# datatype:
# - {name: H, datatype: float64}
# - {name: H+, datatype: float64}
# - {name: C+, datatype: float64}
# - {name: C+2, datatype: float64}
# - {name: C+3, datatype: float64}
# - {name: N+2, datatype: float64}
# - {name: N+4, datatype: float64}
# - {name: O, datatype: float64}
# - {name: O+2, datatype: float64}
# - {name: O+5, datatype: float64}
# - {name: O+6, datatype: float64}
# - {name: Si+, datatype: float64}
# - {name: Si+2, datatype: float64}
# - {name: Si+3, datatype: float64}
# - {name: Si+4, datatype: float64}
# - {name: log_nH, datatype: float64}
# - {name: log_Te, datatype: float64}
# - {name: parameters, datatype: string, subtype: 'float64[1]'}
# schema: astropy-2.0
H H+ C+ C+2 C+3 N+2 N+4 O O+2 O+5 O+6 Si+ Si+2 Si+3 Si+4 log_nH log_Te parameters
14125400000000.0 1.10585e+18 288941000.0 68274700000.0 439339000000.0 9861450000.0 582673000000.0 1038.26 24341100000.0 10231700000000.0 30135800000000.0 70054.2 4972140.0 37649000.0 8054910000.0 -5.0 4.619 [-5.0]
14125400000000.0 1.04447e+18 317862000.0 73213800000.0 452763000000.0 10618400000.0 585081000000.0 1161.98 26350700000.0 9971550000000.0 27850500000000.0 85347.8 5896840.0 43136600.0 8724510000.0 -4.98 4.613 [-4.98]
14125400000000.0 9.86771e+17 349179000.0 78389700000.0 465941000000.0 11424100000.0 586698000000.0 1300.86 28505800000.0 9699540000000.0 25697700000000.0 103739.0 6980150.0 49335400.0 9435000000.0 -4.96 4.607 [-4.96]
14125400000000.0 9.32518e+17 383047000.0 83805300000.0 478843000000.0 12280500000.0 587520000000.0 1456.73 30813300000.0 9416800000000.0 23673300000000.0 125802.0 8246760.0 56323900.0 10187500000.0 -4.94 4.602 [-4.94]
14125400000000.0 8.81482e+17 419639000.0 89464100000.0 491437000000.0 13190100000.0 587541000000.0 1631.69 33280400000.0 9124500000000.0 21772800000000.0 152215.0 9725040.0 64188900.0 10982900000.0 -4.92 4.596 [-4.92]
14125400000000.0 8.33447e+17 459149000.0 95370700000.0 503698000000.0 14155600000.0 586759000000.0 1828.18 35914800000.0 8823780000000.0 19991400000000.0 183775.0 11447700.0 73026100.0 11822500000.0 -4.9 4.591 [-4.9]
14125400000000.0 7.88224e+17 501757000.0 101527000000.0 515598000000.0 15178800000.0 585173000000.0 2048.73 38722300000.0 8515940000000.0 18324700000000.0 221399.0 13451200.0 82936900.0 12707000000.0 -4.88 4.586 [-4.88]
14125400000000.0 7.4563e+17 547670000.0 107935000000.0 527110000000.0 16262100000.0 582782000000.0 2296.29 41709400000.0 8202230000000.0 16768100000000.0 266164.0 15777700.0 94033200.0 13637000000.0 -4.86 4.58 [-4.86]
14125400000000.0 7.05495e+17 597101000.0 114598000000.0 538212000000.0 17407600000.0 579590000000.0 2574.11 44881900000.0 7883920000000.0 15316800000000.0 319318.0 18474400.0 106436000.0 14613100000.0 -4.84 4.575 [-4.84]
14125400000000.0 6.67663e+17 650268000.0 121516000000.0 548879000000.0 18617100000.0 575601000000.0 2885.79 48244500000.0 7562320000000.0 13966300000000.0 382304.0 21595200.0 120274000.0 15635800000.0 -4.82 4.57 [-4.82]
14125400000000.0 6.31988e+17 707402000.0 128692000000.0 559088000000.0 19892300000.0 570821000000.0 3235.29 51801500000.0 7238730000000.0 12711900000000.0 456794.0 25200700.0 135689000.0 16705300000.0 -4.8 4.566 [-4.8]
14125400000000.0 5.98333e+17 768741000.0 136125000000.0 568820000000.0 21234500000.0 565258000000.0 3626.99 55556100000.0 6914420000000.0 11549000000000.0 544715.0 29359400.0 152834000.0 17821600000.0 -4.78 4.561 [-4.78]
14125400000000.0 5.66572e+17 834525000.0 143813000000.0 578053000000.0 22644900000.0 558923000000.0 4065.74 59510400000.0 6590650000000.0 10473200000000.0 648278.0 34148100.0 171868000.0 18984600000.0 -4.76 4.556 [-4.76]
14125400000000.0 5.36586e+17 905010000.0 151758000000.0 586769000000.0 24124100000.0 551831000000.0 4556.9 63665900000.0 6268650000000.0 9479750000000.0 770032.0 39653400.0 192969000.0 20193800000.0 -4.74 4.552 [-4.74]
14125400000000.0 5.08269e+17 980433000.0 159953000000.0 594948000000.0 25672100000.0 543998000000.0 5106.19 68021500000.0 5949650000000.0 8564460000000.0 912863.0 45971400.0 216319000.0 21448600000.0 -4.72 4.547 [-4.72]
14125400000000.0 4.81516e+17 1061080000.0 168398000000.0 602574000000.0 27289300000.0 535441000000.0 5720.4 72578300000.0 5634710000000.0 7722760000000.0 1080130.0 53211500.0 242120000.0 22748100000.0 -4.7 4.543 [-4.7]
14125400000000.0 4.56247e+17 1147320000.0 177092000000.0 609628000000.0 28976600000.0 526187000000.0 6407.93 77338300000.0 5324980000000.0 6950750000000.0 1275620.0 61493700.0 270571000.0 24090900000.0 -4.68 4.538 [-4.68]
14125400000000.0 4.3236e+17 1239340000.0 186026000000.0 616096000000.0 30731400000.0 516257000000.0 7175.79 82294500000.0 5021420000000.0 6243880000000.0 1503630.0 70953200.0 301903000.0 25475700000.0 -4.66 4.534 [-4.66]
14125400000000.0 4.09769e+17 1337380000.0 195191000000.0 621963000000.0 32551700000.0 505682000000.0 8032.4 87440700000.0 4724940000000.0 5598070000000.0 1769030.0 81739400.0 336359000.0 26901000000.0 -4.64 4.53 [-4.64]
14125400000000.0 3.88399e+17 1441720000.0 204580000000.0 627214000000.0 34435200000.0 494492000000.0 8987.59 92772100000.0 4436400000000.0 5009340000000.0 2077320.0 94018200.0 374186000.0 28364500000.0 -4.62 4.526 [-4.62]
14125400000000.0 3.6818e+17 1552630000.0 214183000000.0 631836000000.0 36379300000.0 482723000000.0 10052.1 98282100000.0 4156530000000.0 4473870000000.0 2434730.0 107973000.0 415650000.0 29864000000.0 -4.6 4.521 [-4.6]
14125400000000.0 3.49043e+17 1670350000.0 223987000000.0 635814000000.0 38379900000.0 470412000000.0 11237.5 103962000000.0 3885970000000.0 3987910000000.0 2848220.0 123807000.0 461031000.0 31396800000.0 -4.58 4.517 [-4.58]
14125400000000.0 3.30928e+17 1795160000.0 233979000000.0 639137000000.0 40433300000.0 457604000000.0 12557.2 109804000000.0 3625310000000.0 3547920000000.0 3325610.0 141741000.0 510613000.0 32959700000.0 -4.56 4.513 [-4.56]
14125400000000.0 3.13774e+17 1927280000.0 244144000000.0 641793000000.0 42534400000.0 444341000000.0 14025.7 115799000000.0 3374960000000.0 3150410000000.0 3875660.0 162023000.0 564706000.0 34549500000.0 -4.54 4.509 [-4.54]
14125400000000.0 2.9753e+17 2066940000.0 254464000000.0 643770000000.0 44677800000.0 430673000000.0 15659.0 121935000000.0 3135320000000.0 2792120000000.0 4508060.0 184918000.0 623619000.0 36162300000.0 -4.52 4.505 [-4.52]
14125400000000.0 2.82142e+17 2214320000.0 264920000000.0 645058000000.0 46857100000.0 416649000000.0 17474.9 128201000000.0 2906640000000.0 2469890000000.0 5233620.0 210720000.0 687684000.0 37794100000.0 -4.5 4.501 [-4.5]
14125400000000.0 2.67563e+17 2369650000.0 275491000000.0 645648000000.0 49066200000.0 402321000000.0 19494.0 134585000000.0 2689080000000.0 2180740000000.0 6064360.0 239749000.0 757234000.0 39440300000.0 -4.48 4.497 [-4.48]
14125400000000.0 2.53748e+17 2533030000.0 286151000000.0 645530000000.0 51297100000.0 387744000000.0 21737.7 141074000000.0 2482740000000.0 1921870000000.0 7013390.0 272350000.0 832617000.0 41096100000.0 -4.46 4.493 [-4.46]
14125400000000.0 2.40656e+17 2704650000.0 296878000000.0 644699000000.0 53542900000.0 372974000000.0 24231.6 147655000000.0 2287610000000.0 1690610000000.0 8095290.0 308898000.0 914187000.0 42756500000.0 -4.44 4.49 [-4.44]
14125400000000.0 2.28248e+17 2884620000.0 307642000000.0 643147000000.0 55795500000.0 358068000000.0 27004.0 154316000000.0 2103630000000.0 1484480000000.0 9325950.0 349797000.0 1002290000.0 44415800000.0 -4.42 4.486 [-4.42]
14125400000000.0 2.16487e+17 3073040000.0 318417000000.0 640871000000.0 58047000000.0 343082000000.0 30086.7 161044000000.0 1930650000000.0 1301150000000.0 10722900.0 395488000.0 1097300000.0 46068200000.0 -4.4 4.482 [-4.4]
14125400000000.0 2.05337e+17 3270080000.0 329174000000.0 637866000000.0 60289800000.0 328071000000.0 33517.2 167826000000.0 1768430000000.0 1138420000000.0 12305600.0 446447000.0 1199580000.0 47707900000.0 -4.38 4.478 [-4.38]
14125400000000.0 1.94771e+17 3475540000.0 339871000000.0 634133000000.0 62513300000.0 313099000000.0 37332.0 174644000000.0 1616820000000.0 994363000000.0 14093400.0 503145000.0 1309440000.0 49327600000.0 -4.36 4.474 [-4.36]
14125400000000.0 1.84752e+17 3689630000.0 350482000000.0 629671000000.0 64710900000.0 298212000000.0 41580.4 181490000000.0 1475400000000.0 867029000000.0 16110000.0 566147000.0 1427280000.0 50921400000.0 -4.34 4.47 [-4.34]
14125400000000.0 1.75254e+17 3912240000.0 360969000000.0 624481000000.0 66873400000.0 283466000000.0 46312.4 188347000000.0 1343860000000.0 754731000000.0 18379100.0 636010000.0 1553420000.0 52482200000.0 -4.32 4.467 [-4.32]
14125400000000.0 1.66249e+17 4143290000.0 371293000000.0 618568000000.0 68992500000.0 268910000000.0 51586.8 195203000000.0 1221820000000.0 655893000000.0 20926600.0 713334000.0 1688180000.0 54002900000.0 -4.3 4.463 [-4.3]
14125400000000.0 1.57711e+17 4382680000.0 381417000000.0 611939000000.0 71060100000.0 254593000000.0 57469.4 202044000000.0 1108870000000.0 569077000000.0 23780400.0 798753000.0 1831870000.0 55476100000.0 -4.28 4.459 [-4.28]
14125400000000.0 1.49616e+17 4630210000.0 391298000000.0 604602000000.0 73068000000.0 240559000000.0 64034.4 208856000000.0 1004590000000.0 492965000000.0 26970100.0 892928000.0 1984770000.0 56894600000.0 -4.26 4.455 [-4.26]
14125400000000.0 1.41941e+17 4885720000.0 400899000000.0 596570000000.0 75009100000.0 226847000000.0 71367.2 215627000000.0 908543000000.0 426366000000.0 30527400.0 996556000.0 2147120000.0 58250900000.0 -4.24 4.451 [-4.24]
14125400000000.0 1.34663e+17 5149160000.0 410183000000.0 587854000000.0 76877100000.0 213491000000.0 79567.4 222348000000.0 820254000000.0 368188000000.0 34487600.0 1110390000.0 2319160000.0 59537800000.0 -4.22 4.448 [-4.22]
14125400000000.0 1.27766e+17 5419690000.0 419093000000.0 578481000000.0 78662200000.0 200535000000.0 88730.9 228995000000.0 739354000000.0 317499000000.0 38880500.0 1235060000.0 2500980000.0 60747100000.0 -4.2 4.444 [-4.2]
14125400000000.0 1.21223e+17 5697500000.0 427604000000.0 568457000000.0 80361400000.0 187991000000.0 98994.8 235566000000.0 665290000000.0 273359000000.0 43750300.0 1371490000.0 2692850000.0 61872700000.0 -4.18 4.44 [-4.18]
14125400000000.0 1.15024e+17 5981780000.0 435664000000.0 557821000000.0 81966500000.0 175900000000.0 110483.0 242041000000.0 597724000000.0 235042000000.0 49127900.0 1520290000.0 2894630000.0 62906200000.0 -4.16 4.437 [-4.16]
14125400000000.0 1.09144e+17 6272410000.0 443240000000.0 546588000000.0 83474000000.0 164268000000.0 123364.0 248414000000.0 536146000000.0 201800000000.0 55059500.0 1682370000.0 3106490000.0 63841600000.0 -4.14 4.433 [-4.14]
14125400000000.0 1.0357e+17 6568760000.0 450290000000.0 534791000000.0 84878500000.0 153115000000.0 137810.0 254670000000.0 480162000000.0 173020000000.0 61584300.0 1858480000.0 3328300000.0 64671900000.0 -4.12 4.429 [-4.12]
14125400000000.0 9.82842e+16 6870280000.0 456779000000.0 522463000000.0 86176100000.0 142451000000.0 154020.0 260797000000.0 429365000000.0 148143000000.0 68744900.0 2049400000.0 3559920000.0 65390900000.0 -4.1 4.426 [-4.1]
14125400000000.0 9.32707e+16 7176470000.0 462670000000.0 509633000000.0 87363100000.0 132281000000.0 172228.0 266786000000.0 383342000000.0 126665000000.0 76588000.0 2255980000.0 3801190000.0 65992500000.0 -4.08 4.422 [-4.08]
14125400000000.0 8.85219e+16 7486370000.0 467927000000.0 496360000000.0 88435900000.0 122620000000.0 192664.0 272619000000.0 341781000000.0 108174000000.0 85145800.0 2478720000.0 4051540000.0 66471100000.0 -4.06 4.418 [-4.06]
14125400000000.0 8.40146e+16 7799700000.0 472525000000.0 482656000000.0 89392800000.0 113451000000.0 215647.0 278294000000.0 304247000000.0 92250500000.0 94478100.0 2718650000.0 4310880000.0 66821900000.0 -4.04 4.415 [-4.04]
14125400000000.0 7.97433e+16 8115440000.0 476435000000.0 468588000000.0 90231500000.0 104784000000.0 241475.0 283793000000.0 270462000000.0 78577300000.0 104615000.0 2976150000.0 4578390000.0 67040400000.0 -4.02 4.411 [-4.02]
14125400000000.0 7.56953e+16 8432630000.0 479630000000.0 454203000000.0 90950000000.0 96612600000.0 270502.0 289105000000.0 240104000000.0 66852800000.0 115595000.0 3251770000.0 4853450000.0 67123100000.0 -4.0 4.408 [-4.0]
14125400000000.0 7.18525e+16 8751030000.0 482096000000.0 439523000000.0 91548200000.0 88915400000.0 303181.0 294227000000.0 212829000000.0 56798000000.0 127479000.0 3546360000.0 5135530000.0 67066200000.0 -3.98 4.404 [-3.98]
14125400000000.0 6.82126e+16 9069050000.0 483812000000.0 424633000000.0 92024800000.0 81698600000.0 339905.0 299140000000.0 188419000000.0 48205300000.0 140274000.0 3859780000.0 5423380000.0 66868300000.0 -3.96 4.401 [-3.96]
14125400000000.0 6.47586e+16 9386340000.0 484770000000.0 409555000000.0 92380200000.0 74936300000.0 381241.0 303840000000.0 166572000000.0 40859600000.0 154039000.0 4192700000.0 5716240000.0 66526900000.0 -3.94 4.397 [-3.94]
14125400000000.0 6.14826e+16 9701730000.0 484960000000.0 394351000000.0 92614300000.0 68618400000.0 427748.0 308315000000.0 147060000000.0 34591700000.0 168792000.0 4545060000.0 6012870000.0 66041300000.0 -3.92 4.394 [-3.92]
14125400000000.0 5.83755e+16 10014400000.0 484383000000.0 379072000000.0 92728300000.0 62729000000.0 480074.0 312556000000.0 129661000000.0 29250400000.0 184561000.0 4916830000.0 6311950000.0 65411900000.0 -3.9 4.391 [-3.9]
14125400000000.0 5.54284e+16 10323600000.0 483043000000.0 363770000000.0 92723400000.0 57251100000.0 538945.0 316555000000.0 114172000000.0 24704700000.0 201362000.0 5307750000.0 6612020000.0 64639400000.0 -3.88 4.387 [-3.88]
14125400000000.0 5.26327e+16 10628200000.0 480945000000.0 348493000000.0 92601200000.0 52166700000.0 605172.0 320302000000.0 100401000000.0 20840600000.0 219206000.0 5717350000.0 6911540000.0 63725800000.0 -3.86 4.384 [-3.86]
14125400000000.0 4.99804e+16 10927300000.0 478103000000.0 333293000000.0 92363400000.0 47457800000.0 679663.0 323789000000.0 88177500000.0 17560100000.0 238095000.0 6144900000.0 7208810000.0 62673900000.0 -3.84 4.38 [-3.84]
14125400000000.0 4.74638e+16 11220000000.0 474532000000.0 318217000000.0 92012200000.0 43105300000.0 763431.0 327007000000.0 77342400000.0 14778300000.0 258019000.0 6589410000.0 7502040000.0 61487600000.0 -3.82 4.377 [-3.82]
14125400000000.0 4.50759e+16 11505400000.0 470255000000.0 303311000000.0 91550100000.0 39090400000.0 857608.0 329948000000.0 67751500000.0 12422200000.0 278959000.0 7049620000.0 7789300000.0 60171500000.0 -3.8 4.374 [-3.8]
14125400000000.0 4.28098e+16 11782800000.0 465296000000.0 288619000000.0 90980100000.0 35394200000.0 963460.0 332605000000.0 59273800000.0 10429100000.0 300885000.0 7523970000.0 8068590000.0 58731600000.0 -3.78 4.37 [-3.78]
14125400000000.0 4.0659e+16 12051300000.0 459685000000.0 274180000000.0 90305300000.0 31998000000.0 1082390.0 334969000000.0 51790400000.0 8745040000.0 323753000.0 8010600000.0 8337830000.0 57174700000.0 -3.76 4.367 [-3.76]
14125400000000.0 3.86156e+16 12310300000.0 453446000000.0 260020000000.0 89527800000.0 28880600000.0 1216080.0 337033000000.0 45188000000.0 7322620000.0 347528000.0 8507560000.0 8594960000.0 55506600000.0 -3.74 4.364 [-3.74]
14125400000000.0 3.66776e+16 12559000000.0 446633000000.0 246199000000.0 88653800000.0 26029500000.0 1366080.0 338790000000.0 39380900000.0 6124730000.0 372098000.0 9011880000.0 8837680000.0 53739700000.0 -3.72 4.361 [-3.72]
14125400000000.0 3.4838e+16 12797000000.0 439279000000.0 232734000000.0 87686200000.0 23424500000.0 1534410.0 340235000000.0 34275500000.0 5116260000.0 397401000.0 9521040000.0 9063870000.0 51882000000.0 -3.7 4.357 [-3.7]
14125400000000.0 3.30913e+16 13023800000.0 431423000000.0 219654000000.0 86629000000.0 21048600000.0 1723240.0 341360000000.0 29793000000.0 4268230000.0 423336000.0 10031900000.0 9271490000.0 49943800000.0 -3.68 4.354 [-3.68]
14125400000000.0 3.14327e+16 13238700000.0 423108000000.0 206981000000.0 85486300000.0 18885400000.0 1934940.0 342160000000.0 25862300000.0 3556000000.0 449791000.0 10541100000.0 9458480000.0 47936300000.0 -3.66 4.351 [-3.66]
14125400000000.0 2.98577e+16 13441600000.0 414377000000.0 194735000000.0 84262700000.0 16919400000.0 2172150.0 342629000000.0 22420100000.0 2958570000.0 476643000.0 11045100000.0 9622940000.0 45871300000.0 -3.64 4.347 [-3.64]
14125400000000.0 2.83619e+16 13632100000.0 405277000000.0 182932000000.0 82963000000.0 15135600000.0 2437800.0 342761000000.0 19409700000.0 2458070000.0 503759000.0 11540200000.0 9763070000.0 43761100000.0 -3.62 4.344 [-3.62]
14125400000000.0 2.69414e+16 13810200000.0 395853000000.0 171584000000.0 81591900000.0 13520100000.0 2735110.0 342553000000.0 16780500000.0 2039330000.0 530995000.0 12022400000.0 9877310000.0 41618400000.0 -3.6 4.341 [-3.6]
