Cloudy_runs/pg1424/component_II_PI_nH/component_II_PI_nH_col_density_param.txt
# %ECSV 1.0
# ---
# datatype:
# - {name: H, datatype: float64}
# - {name: H+, datatype: float64}
# - {name: C+, datatype: float64}
# - {name: C+2, datatype: float64}
# - {name: C+3, datatype: float64}
# - {name: N+2, datatype: float64}
# - {name: N+4, datatype: float64}
# - {name: O, datatype: float64}
# - {name: O+2, datatype: float64}
# - {name: O+5, datatype: float64}
# - {name: O+6, datatype: float64}
# - {name: Si+, datatype: float64}
# - {name: Si+2, datatype: float64}
# - {name: Si+3, datatype: float64}
# - {name: Si+4, datatype: float64}
# - {name: log_nH, datatype: float64}
# - {name: log_Te, datatype: float64}
# - {name: parameters, datatype: string, subtype: 'float64[1]'}
# schema: astropy-2.0
H H+ C+ C+2 C+3 N+2 N+4 O O+2 O+5 O+6 Si+ Si+2 Si+3 Si+4 log_nH log_Te parameters
758577000000000.0 3.32561e+19 39303100000.0 6621480000000.0 28449900000000.0 1013970000000.0 28911000000000.0 185310.0 2664080000000.0 375531000000000.0 686449000000000.0 22590900.0 1221050000.0 6534390000.0 818464000000.0 -5.0 4.565 [-5.0]
758577000000000.0 3.1476e+19 42742300000.0 7011910000000.0 28980200000000.0 1083210000000.0 28663600000000.0 207575.0 2858650000000.0 359174000000000.0 624704000000000.0 26969000.0 1424440000.0 7371580000.0 874269000000.0 -4.98 4.56 [-4.98]
758577000000000.0 2.97968e+19 46431500000.0 7416030000000.0 29484900000000.0 1156020000000.0 28375600000000.0 232514.0 3063850000000.0 342807000000000.0 567471000000000.0 32131000.0 1658940000.0 8302600000.0 932494000000.0 -4.96 4.556 [-4.96]
758577000000000.0 2.82119e+19 50383800000.0 7833770000000.0 29962900000000.0 1232440000000.0 28047800000000.0 260425.0 3279790000000.0 326494000000000.0 514512000000000.0 38204900.0 1928880000.0 9336370000.0 993130000000.0 -4.94 4.551 [-4.94]
758578000000000.0 2.67146e+19 54607700000.0 8264660000000.0 30413100000000.0 1312400000000.0 27680600000000.0 291570.0 3506180000000.0 310292000000000.0 465592000000000.0 45337000.0 2239090000.0 10482900000.0 1056170000000.0 -4.92 4.546 [-4.92]
758578000000000.0 2.53018e+19 59130300000.0 8709110000000.0 30834400000000.0 1396110000000.0 27275500000000.0 326485.0 3743730000000.0 294267000000000.0 420543000000000.0 53696400.0 2594980000.0 11751100000.0 1121540000000.0 -4.9 4.542 [-4.9]
758577000000000.0 2.39677e+19 63963900000.0 9166760000000.0 31226000000000.0 1483500000000.0 26833400000000.0 365556.0 3992210000000.0 278472000000000.0 379131000000000.0 63474600.0 3002600000.0 13152000000.0 1189200000000.0 -4.88 4.537 [-4.88]
758577000000000.0 2.27073e+19 69123500000.0 9637250000000.0 31586900000000.0 1574520000000.0 26355500000000.0 409238.0 4251430000000.0 262958000000000.0 341143000000000.0 74889700.0 3468720000.0 14697100000.0 1259080000000.0 -4.86 4.533 [-4.86]
758577000000000.0 2.15158e+19 74620500000.0 10120100000000.0 31916200000000.0 1669040000000.0 25843100000000.0 457992.0 4521050000000.0 247773000000000.0 306364000000000.0 88187800.0 4000870000.0 16398800000.0 1331120000000.0 -4.84 4.529 [-4.84]
758577000000000.0 2.03891e+19 80470300000.0 10614800000000.0 32213000000000.0 1766950000000.0 25297700000000.0 512386.0 4800850000000.0 232962000000000.0 274591000000000.0 103648000.0 4607390000.0 18270000000.0 1405210000000.0 -4.82 4.524 [-4.82]
758577000000000.0 1.93233e+19 86687500000.0 11120800000000.0 32476700000000.0 1868120000000.0 24721200000000.0 573039.0 5090510000000.0 218565000000000.0 245632000000000.0 121586000.0 5297530000.0 20324300000.0 1481250000000.0 -4.8 4.52 [-4.8]
758577000000000.0 1.83151e+19 93286800000.0 11637600000000.0 32706300000000.0 1972380000000.0 24115400000000.0 640641.0 5389660000000.0 204618000000000.0 219295000000000.0 142356000.0 6081530000.0 22576000000.0 1559100000000.0 -4.78 4.516 [-4.78]
758577000000000.0 1.73609e+19 100281000000.0 12164300000000.0 32901200000000.0 2079510000000.0 23482400000000.0 715945.0 5697850000000.0 191151000000000.0 195396000000000.0 166356000.0 6970630000.0 25040300000.0 1638630000000.0 -4.76 4.512 [-4.76]
758577000000000.0 1.64576e+19 107687000000.0 12700400000000.0 33060800000000.0 2189300000000.0 22824400000000.0 799836.0 6014690000000.0 178189000000000.0 173757000000000.0 194036000.0 7977450000.0 27733100000.0 1719660000000.0 -4.74 4.508 [-4.74]
758577000000000.0 1.56025e+19 115513000000.0 13244500000000.0 33184400000000.0 2301420000000.0 22144000000000.0 893200.0 6339500000000.0 165757000000000.0 154214000000000.0 225883000.0 9115240000.0 30670200000.0 1802010000000.0 -4.72 4.504 [-4.72]
758577000000000.0 1.47928e+19 123771000000.0 13795900000000.0 33271400000000.0 2415610000000.0 21443800000000.0 997116.0 6671770000000.0 153869000000000.0 136602000000000.0 262453000.0 10399100000.0 33869000000.0 1885480000000.0 -4.7 4.5 [-4.7]
758577000000000.0 1.40258e+19 132471000000.0 14353300000000.0 33321200000000.0 2531480000000.0 20726100000000.0 1112710.0 7010780000000.0 142535000000000.0 120764000000000.0 304356000.0 11845100000.0 37347300000.0 1969850000000.0 -4.68 4.496 [-4.68]
758577000000000.0 1.32993e+19 141621000000.0 14915400000000.0 33333500000000.0 2648700000000.0 19994000000000.0 1241320.0 7355900000000.0 131764000000000.0 106558000000000.0 352268000.0 13471100000.0 41123300000.0 2054880000000.0 -4.66 4.492 [-4.66]
758577000000000.0 1.2611e+19 151233000000.0 15481100000000.0 33307800000000.0 2766880000000.0 19250200000000.0 1384410.0 7706450000000.0 121557000000000.0 93847500000000.0 406937000.0 15296300000.0 45215300000.0 2140310000000.0 -4.64 4.488 [-4.64]
758577000000000.0 1.19589e+19 161313000000.0 16048800000000.0 33243800000000.0 2885630000000.0 18497700000000.0 1543660.0 8061720000000.0 111914000000000.0 82500300000000.0 469180000.0 17341300000.0 49642100000.0 2225860000000.0 -4.62 4.484 [-4.62]
758577000000000.0 1.13409e+19 171866000000.0 16617000000000.0 33141200000000.0 3004510000000.0 17739400000000.0 1720910.0 8421010000000.0 102830000000000.0 72392800000000.0 539895000.0 19628700000.0 54423000000.0 2311240000000.0 -4.6 4.48 [-4.6]
758577000000000.0 1.07553e+19 182896000000.0 17184200000000.0 32999900000000.0 3123100000000.0 16978400000000.0 1918290.0 8783570000000.0 94296500000000.0 63409300000000.0 620064000.0 22182500000.0 59577000000.0 2396150000000.0 -4.58 4.476 [-4.58]
758577000000000.0 1.02004e+19 194405000000.0 17748500000000.0 32819700000000.0 3240930000000.0 16217300000000.0 2138150.0 9148630000000.0 86303100000000.0 55442000000000.0 710751000.0 25028500000.0 65123200000.0 2480240000000.0 -4.56 4.472 [-4.56]
758577000000000.0 9.67437e+18 206393000000.0 18308100000000.0 32600700000000.0 3357570000000.0 15459300000000.0 2383170.0 9515470000000.0 78836100000000.0 48391300000000.0 813114000.0 28194400000.0 71080700000.0 2563190000000.0 -4.54 4.468 [-4.54]
758577000000000.0 9.17581e+18 218857000000.0 18861100000000.0 32343000000000.0 3472550000000.0 14706900000000.0 2656380.0 9883330000000.0 71879000000000.0 42164500000000.0 928401000.0 31709500000.0 77467800000.0 2644640000000.0 -4.52 4.464 [-4.52]
758577000000000.0 8.70325e+18 231793000000.0 19405500000000.0 32046800000000.0 3585420000000.0 13962900000000.0 2961210.0 10251500000000.0 65414100000000.0 36677000000000.0 1057960000.0 35605000000.0 84302200000.0 2724220000000.0 -4.5 4.461 [-4.5]
758577000000000.0 8.25532e+18 245195000000.0 19939300000000.0 31712400000000.0 3695750000000.0 13229700000000.0 3301540.0 10619200000000.0 59421700000000.0 31850600000000.0 1203240000.0 39913800000.0 91601100000.0 2801570000000.0 -4.48 4.457 [-4.48]
758577000000000.0 7.83072e+18 259053000000.0 20460300000000.0 31340500000000.0 3803100000000.0 12509800000000.0 3681760.0 10985600000000.0 53881200000000.0 27614300000000.0 1365780000.0 44670600000.0 99379900000.0 2876290000000.0 -4.46 4.453 [-4.46]
758577000000000.0 7.42823e+18 273356000000.0 20966300000000.0 30931500000000.0 3907070000000.0 11805400000000.0 4106820.0 11350100000000.0 48770900000000.0 23903200000000.0 1547240000.0 49911300000.0 107653000000.0 2948010000000.0 -4.44 4.449 [-4.44]
758577000000000.0 7.04669e+18 288090000000.0 21455300000000.0 30486300000000.0 4007250000000.0 11118300000000.0 4582360.0 11712000000000.0 44068400000000.0 20658300000000.0 1749350000.0 55673800000.0 116433000000.0 3016330000000.0 -4.42 4.445 [-4.42]
758577000000000.0 6.68501e+18 303236000000.0 21925000000000.0 30005800000000.0 4103270000000.0 10450300000000.0 5114720.0 12070400000000.0 39751200000000.0 17826500000000.0 1973960000.0 61997300000.0 125730000000.0 3080880000000.0 -4.4 4.442 [-4.4]
758577000000000.0 6.34216e+18 318778000000.0 22373200000000.0 29491000000000.0 4194780000000.0 9803120000000.0 5711140.0 12424700000000.0 35796700000000.0 15359700000000.0 2223030000.0 68921800000.0 135552000000.0 3141250000000.0 -4.38 4.438 [-4.38]
758577000000000.0 6.01716e+18 334692000000.0 22797900000000.0 28943300000000.0 4281480000000.0 9177980000000.0 6379770.0 12774300000000.0 32182500000000.0 13214700000000.0 2498570000.0 76488700000.0 145905000000.0 3197080000000.0 -4.36 4.434 [-4.36]
758577000000000.0 5.70907e+18 350955000000.0 23196800000000.0 28364100000000.0 4363050000000.0 8575990000000.0 7129820.0 13118300000000.0 28886100000000.0 11352700000000.0 2802720000.0 84739600000.0 156789000000.0 3247980000000.0 -4.34 4.431 [-4.34]
758577000000000.0 5.41702e+18 367536000000.0 23568000000000.0 27754900000000.0 4439240000000.0 7998080000000.0 7971690.0 13456200000000.0 25886100000000.0 9739280000000.0 3137640000.0 93716500000.0 168204000000.0 3293620000000.0 -4.32 4.427 [-4.32]
758577000000000.0 5.14016e+18 384406000000.0 23909500000000.0 27117400000000.0 4509790000000.0 7444900000000.0 8917120.0 13787200000000.0 23161300000000.0 8343490000000.0 3505610000.0 103461000000.0 180143000000.0 3333640000000.0 -4.3 4.423 [-4.3]
758577000000000.0 4.87769e+18 401529000000.0 24219300000000.0 26453600000000.0 4574500000000.0 6916910000000.0 9979410.0 14110700000000.0 20691400000000.0 7137940000000.0 3908900000.0 114015000000.0 192596000000.0 3367710000000.0 -4.28 4.42 [-4.28]
758577000000000.0 4.62883e+18 418866000000.0 24495500000000.0 25765400000000.0 4633160000000.0 6414340000000.0 11173500.0 14426000000000.0 18456800000000.0 6098330000000.0 4349820000.0 125417000000.0 205548000000.0 3395520000000.0 -4.26 4.416 [-4.26]
758577000000000.0 4.3929e+18 436380000000.0 24736900000000.0 25055000000000.0 4685650000000.0 5937330000000.0 12516300.0 14732500000000.0 16438900000000.0 5203220000000.0 4830740000.0 137707000000.0 218979000000.0 3416820000000.0 -4.24 4.412 [-4.24]
758577000000000.0 4.16923e+18 454032000000.0 24941900000000.0 24324900000000.0 4731850000000.0 5485810000000.0 14026700.0 15029600000000.0 14620300000000.0 4433740000000.0 5353920000.0 150918000000.0 232863000000.0 3431340000000.0 -4.22 4.409 [-4.22]
758577000000000.0 3.95718e+18 471777000000.0 25109400000000.0 23577600000000.0 4771670000000.0 5059510000000.0 15726200.0 15316700000000.0 12984100000000.0 3773210000000.0 5921640000.0 165084000000.0 247166000000.0 3438880000000.0 -4.2 4.405 [-4.2]
758577000000000.0 3.75612e+18 489567000000.0 25238300000000.0 22815400000000.0 4805050000000.0 4658070000000.0 17638700.0 15593300000000.0 11514700000000.0 3207030000000.0 6536050000.0 180231000000.0 261852000000.0 3439250000000.0 -4.18 4.402 [-4.18]
758577000000000.0 3.56548e+18 507355000000.0 25327800000000.0 22041100000000.0 4831930000000.0 4280960000000.0 19791200.0 15858800000000.0 10197200000000.0 2722390000000.0 7199210000.0 196382000000.0 276873000000.0 3432300000000.0 -4.16 4.398 [-4.16]
758577000000000.0 3.3847e+18 525088000000.0 25377200000000.0 21257300000000.0 4852310000000.0 3927560000000.0 22214000.0 16112600000000.0 9018030000000.0 2308120000000.0 7912940000.0 213552000000.0 292180000000.0 3417920000000.0 -4.14 4.395 [-4.14]
758577000000000.0 3.21335e+18 542690000000.0 25386000000000.0 20467300000000.0 4866150000000.0 3597390000000.0 24939100.0 16354000000000.0 7964970000000.0 1954670000000.0 8678170000.0 231738000000.0 307708000000.0 3396070000000.0 -4.12 4.391 [-4.12]
758577000000000.0 3.05076e+18 560168000000.0 25354800000000.0 19672600000000.0 4873580000000.0 3289220000000.0 28008600.0 16582800000000.0 7024840000000.0 1653170000000.0 9497700000.0 250960000000.0 323395000000.0 3366690000000.0 -4.1 4.388 [-4.1]
758577000000000.0 2.89656e+18 577444000000.0 25283300000000.0 18876600000000.0 4874630000000.0 3002430000000.0 31463300.0 16798500000000.0 6187410000000.0 1396480000000.0 10371900000.0 271198000000.0 339165000000.0 3329840000000.0 -4.08 4.385 [-4.08]
758577000000000.0 2.75022e+18 594495000000.0 25172200000000.0 18081300000000.0 4869370000000.0 2735950000000.0 35353800.0 17000500000000.0 5442130000000.0 1178090000000.0 11302500000.0 292442000000.0 354936000000.0 3285540000000.0 -4.06 4.381 [-4.06]
758577000000000.0 2.61148e+18 611209000000.0 25021800000000.0 17290500000000.0 4857870000000.0 2489200000000.0 39728300.0 17188200000000.0 4780710000000.0 992740000000.0 12287700000.0 314632000000.0 370619000000.0 3233980000000.0 -4.04 4.378 [-4.04]
758577000000000.0 2.47984e+18 627566000000.0 24833000000000.0 16506100000000.0 4840260000000.0 2261030000000.0 44649200.0 17361300000000.0 4194170000000.0 835524000000.0 13328200000.0 337729000000.0 386119000000.0 3175320000000.0 -4.02 4.375 [-4.02]
758577000000000.0 2.35495e+18 643516000000.0 24607200000000.0 15730500000000.0 4816670000000.0 2050500000000.0 50183000.0 17519200000000.0 3674810000000.0 702338000000.0 14423100000.0 361671000000.0 401336000000.0 3109780000000.0 -4.0 4.371 [-4.0]
758577000000000.0 2.23643e+18 659014000000.0 24345500000000.0 14966000000000.0 4787260000000.0 1856620000000.0 56404100.0 17661600000000.0 3215550000000.0 589645000000.0 15570900000.0 386378000000.0 416163000000.0 3037650000000.0 -3.98 4.368 [-3.98]
758577000000000.0 2.12395e+18 674017000000.0 24049700000000.0 14214700000000.0 4752200000000.0 1678430000000.0 63395600.0 17788000000000.0 2810010000000.0 494410000000.0 16769400000.0 411754000000.0 430490000000.0 2959280000000.0 -3.96 4.365 [-3.96]
758577000000000.0 2.0172e+18 688484000000.0 23721400000000.0 13478700000000.0 4711670000000.0 1514980000000.0 71249700.0 17898100000000.0 2452410000000.0 414028000000.0 18015700000.0 437684000000.0 444204000000.0 2875040000000.0 -3.94 4.361 [-3.94]
758577000000000.0 1.91588e+18 702386000000.0 23362600000000.0 12759600000000.0 4665880000000.0 1365330000000.0 80069100.0 17991400000000.0 2137510000000.0 346268000000.0 19306500000.0 464042000000.0 457187000000.0 2785390000000.0 -3.92 4.358 [-3.92]
758577000000000.0 1.81969e+18 715687000000.0 22975500000000.0 12059200000000.0 4615050000000.0 1228580000000.0 89967900.0 18067700000000.0 1860590000000.0 289216000000.0 20637300000.0 490682000000.0 469325000000.0 2690830000000.0 -3.9 4.355 [-3.9]
758577000000000.0 1.72838e+18 728356000000.0 22562000000000.0 11378800000000.0 4559380000000.0 1103840000000.0 101073000.0 18126600000000.0 1617390000000.0 241240000000.0 22002900000.0 517439000000.0 480506000000.0 2591880000000.0 -3.88 4.351 [-3.88]
758577000000000.0 1.64167e+18 740369000000.0 22124500000000.0 10719700000000.0 4499110000000.0 990260000000.0 113523000.0 18167700000000.0 1404090000000.0 200947000000.0 23397700000.0 544139000000.0 490619000000.0 2489120000000.0 -3.86 4.348 [-3.86]
758577000000000.0 1.55934e+18 751707000000.0 21665300000000.0 10082900000000.0 4434480000000.0 887035000000.0 127476000.0 18190700000000.0 1217260000000.0 167149000000.0 24815100000.0 570593000000.0 499560000000.0 2383170000000.0 -3.84 4.345 [-3.84]
758577000000000.0 1.48116e+18 762360000000.0 21186900000000.0 9469180000000.0 4365760000000.0 793386000000.0 143101000.0 18195500000000.0 1053840000000.0 138838000000.0 26248200000.0 596605000000.0 507232000000.0 2274680000000.0 -3.82 4.342 [-3.82]
758577000000000.0 1.40691e+18 772315000000.0 20691500000000.0 8879260000000.0 4293190000000.0 708570000000.0 160588000.0 18181700000000.0 911080000000.0 115154000000.0 27689500000.0 621968000000.0 513549000000.0 2164320000000.0 -3.8 4.338 [-3.8]
758577000000000.0 1.33639e+18 781573000000.0 20181600000000.0 8313580000000.0 4217060000000.0 631888000000.0 180145000.0 18149200000000.0 786549000000.0 95368200000.0 29131100000.0 646476000000.0 518434000000.0 2052750000000.0 -3.78 4.335 [-3.78]
758577000000000.0 1.26942e+18 790132000000.0 19659600000000.0 7772430000000.0 4137630000000.0 562680000000.0 202003000.0 18097800000000.0 678063000000.0 78861700000.0 30565000000.0 669924000000.0 521828000000.0 1940670000000.0 -3.76 4.332 [-3.76]
758577000000000.0 1.20581e+18 797995000000.0 19127700000000.0 7255920000000.0 4055180000000.0 500323000000.0 226412000.0 18027400000000.0 583686000000.0 65110500000.0 31982900000.0 692106000000.0 523684000000.0 1828750000000.0 -3.74 4.329 [-3.74]
