Cloudy_runs/pg1424/component_II_PI_nH/component_II_PI_nH_col_density_param.txt
# %ECSV 1.0
# ---
# datatype:
# - {name: H, datatype: float64}
# - {name: H+, datatype: float64}
# - {name: C+, datatype: float64}
# - {name: C+2, datatype: float64}
# - {name: C+3, datatype: float64}
# - {name: N+2, datatype: float64}
# - {name: N+4, datatype: float64}
# - {name: O, datatype: float64}
# - {name: O+2, datatype: float64}
# - {name: O+5, datatype: float64}
# - {name: O+6, datatype: float64}
# - {name: Si+, datatype: float64}
# - {name: Si+2, datatype: float64}
# - {name: Si+3, datatype: float64}
# - {name: Si+4, datatype: float64}
# - {name: log_nH, datatype: float64}
# - {name: log_Te, datatype: float64}
# - {name: parameters, datatype: string, subtype: 'float64[1]'}
# schema: astropy-2.0
H H+ C+ C+2 C+3 N+2 N+4 O O+2 O+5 O+6 Si+ Si+2 Si+3 Si+4 log_nH log_Te parameters
[from data line 65]
758577000000000.0 1.088e+18 811671000000.0 18043100000000.0 6296580000000.0 3882330000000.0 393865000000.0 284017000.0 17829200000000.0 430569000000.0 44170100000.0 34738100000.0 731902000000.0 522692000000.0 1608000000000.0 -3.7 4.322 [-3.7]
758577000000000.0 1.03348e+18 817519000000.0 17494700000000.0 5853310000000.0 3792500000000.0 348711000000.0 317845000.0 17701400000000.0 368958000000.0 36290700000.0 36060400000.0 749175000000.0 519839000000.0 1500420000000.0 -3.68 4.319 [-3.68]
758577000000000.0 9.81704e+17 822727000000.0 16944800000000.0 5433800000000.0 3700770000000.0 308299000000.0 355491000.0 17554600000000.0 315667000000.0 29766400000.0 37336200000.0 764498000000.0 515442000000.0 1395450000000.0 -3.66 4.315 [-3.66]
758577000000000.0 9.32567e+17 827250000000.0 16395500000000.0 5038140000000.0 3607500000000.0 272232000000.0 397301000.0 17389000000000.0 269691000000.0 24377800000.0 38554800000.0 777713000000.0 509591000000.0 1293690000000.0 -3.64 4.312 [-3.64]
758577000000000.0 8.85848e+17 831245000000.0 15847900000000.0 4664550000000.0 3512810000000.0 240013000000.0 443786000.0 17204700000000.0 229995000000.0 19925700000.0 39719800000.0 788796000000.0 502260000000.0 1195400000000.0 -3.62 4.309 [-3.62]
758577000000000.0 8.41427e+17 834728000000.0 15303500000000.0 4312440000000.0 3416950000000.0 211281000000.0 495420000.0 17001700000000.0 195778000000.0 16254000000.0 40826800000.0 797671000000.0 493523000000.0 1100950000000.0 -3.6 4.305 [-3.6]
758577000000000.0 7.99339e+17 837573000000.0 14765200000000.0 3982740000000.0 3320500000000.0 185803000000.0 552520000.0 16781300000000.0 166442000000.0 13241300000.0 41859700000.0 804234000000.0 483602000000.0 1010970000000.0 -3.58 4.302 [-3.58]
758577000000000.0 7.59242e+17 839938000000.0 14231600000000.0 3672540000000.0 3223170000000.0 163115000000.0 615888000.0 16542300000000.0 141191000000.0 10760900000.0 42830300000.0 808503000000.0 472439000000.0 925272000000.0 -3.56 4.299 [-3.56]
758577000000000.0 7.21218e+17 841783000000.0 13706200000000.0 3382640000000.0 3125680000000.0 143036000000.0 685882000.0 16286700000000.0 119591000000.0 8731310000.0 43727400000.0 810500000000.0 460263000000.0 844371000000.0 -3.54 4.295 [-3.54]
758577000000000.0 6.85102e+17 843148000000.0 13189200000000.0 3111680000000.0 3028100000000.0 125265000000.0 763192000.0 16014400000000.0 101115000000.0 7070960000.0 44553500000.0 810257000000.0 447157000000.0 768268000000.0 -3.52 4.292 [-3.52]
758577000000000.0 6.50797e+17 844054000000.0 12681500000000.0 2858830000000.0 2930640000000.0 109560000000.0 848480000.0 15726200000000.0 85338000000.0 5715240000.0 45308900000.0 807839000000.0 433247000000.0 697013000000.0 -3.5 4.288 [-3.5]
758577000000000.0 6.18214e+17 844528000000.0 12183900000000.0 2623230000000.0 2833520000000.0 95702400000.0 942453000.0 15422700000000.0 71890700000.0 4610400000.0 45995100000.0 803335000000.0 418660000000.0 630602000000.0 -3.48 4.285 [-3.48]
758577000000000.0 5.87267e+17 844589000000.0 11697000000000.0 2404040000000.0 2736930000000.0 83492900000.0 1045860000.0 15104700000000.0 60449200000.0 3711780000.0 46614100000.0 796850000000.0 403524000000.0 568978000000.0 -3.46 4.281 [-3.46]
758577000000000.0 5.57874e+17 844255000000.0 11221400000000.0 2200440000000.0 2641070000000.0 72751600000.0 1159500000.0 14773100000000.0 50732200000.0 2982310000.0 47168700000.0 788502000000.0 387964000000.0 512037000000.0 -3.44 4.278 [-3.44]
758577000000000.0 5.29956e+17 843547000000.0 10757500000000.0 2011580000000.0 2546110000000.0 63315400000.0 1284220000.0 14428700000000.0 42495300000.0 2391370000.0 47662300000.0 778425000000.0 372103000000.0 459639000000.0 -3.42 4.275 [-3.42]
758577000000000.0 5.03442e+17 842485000000.0 10305800000000.0 1836660000000.0 2452200000000.0 55037800000.0 1420910000.0 14072600000000.0 35526300000.0 1913610000.0 48099000000.0 766765000000.0 356054000000.0 411608000000.0 -3.4 4.271 [-3.4]
758577000000000.0 4.78257e+17 841084000000.0 9866520000000.0 1674850000000.0 2359500000000.0 47786200000.0 1570520000.0 13705700000000.0 29641100000.0 1528140000.0 48483000000.0 753667000000.0 339925000000.0 367742000000.0 -3.38 4.268 [-3.38]
758577000000000.0 4.54341e+17 839360000000.0 9439900000000.0 1525430000000.0 2268160000000.0 41443200000.0 1734010000.0 13329200000000.0 24681700000.0 1217830000.0 48818600000.0 739289000000.0 323819000000.0 327829000000.0 -3.36 4.264 [-3.36]
758577000000000.0 4.31627e+17 837327000000.0 9026060000000.0 1387600000000.0 2178280000000.0 35902000000.0 1912430000.0 12944100000000.0 20510600000.0 968526000.0 49110800000.0 723779000000.0 307825000000.0 291631000000.0 -3.34 4.261 [-3.34]
758577000000000.0 4.10054e+17 834996000000.0 8625070000000.0 1260660000000.0 2089980000000.0 31067500000.0 2106840000.0 12551500000000.0 17009500000.0 768660000.0 49364100000.0 707288000000.0 292027000000.0 258909000000.0 -3.32 4.257 [-3.32]
758577000000000.0 3.89567e+17 832381000000.0 8236990000000.0 1143900000000.0 2003370000000.0 26855200000.0 2318370000.0 12152700000000.0 14076800000.0 608774000.0 49583300000.0 689964000000.0 276496000000.0 229420000000.0 -3.3 4.254 [-3.3]
758577000000000.0 3.70109e+17 829489000000.0 7861760000000.0 1036660000000.0 1918510000000.0 23189600000.0 2548160000.0 11748800000000.0 11625500000.0 481144000.0 49773000000.0 671945000000.0 261294000000.0 202919000000.0 -3.28 4.25 [-3.28]
758577000000000.0 3.51626e+17 826322000000.0 7499240000000.0 938275000000.0 1835480000000.0 20003400000.0 2797420000.0 11340900000000.0 9580520000.0 379470000.0 49937700000.0 653358000000.0 246476000000.0 179167000000.0 -3.26 4.247 [-3.26]
758577000000000.0 3.34077e+17 822911000000.0 7149530000000.0 848166000000.0 1754380000000.0 17237900000.0 3067300000.0 10930300000000.0 7878780000.0 298679000.0 50081500000.0 634352000000.0 232087000000.0 157940000000.0 -3.24 4.244 [-3.24]
758577000000000.0 3.17453e+17 819262000000.0 6813240000000.0 765918000000.0 1675440000000.0 14844900000.0 3358550000.0 10519300000000.0 6468050000.0 234721000.0 50206200000.0 615092000000.0 218200000000.0 139047000000.0 -3.22 4.24 [-3.22]
758577000000000.0 3.01625e+17 815356000000.0 6488430000000.0 690609000000.0 1598300000000.0 12767600000.0 3673370000.0 10106700000000.0 5296340000.0 183993000.0 50319500000.0 595562000000.0 204770000000.0 122205000000.0 -3.2 4.237 [-3.2]
758577000000000.0 2.86594e+17 811210000000.0 6175800000000.0 621915000000.0 1523200000000.0 10970600000.0 4012530000.0 9694840000000.0 4327470000.0 143937000.0 50422500000.0 575924000000.0 191857000000.0 107253000000.0 -3.18 4.233 [-3.18]
758577000000000.0 2.72319e+17 806830000000.0 5875140000000.0 559340000000.0 1450160000000.0 9417740000.0 4377250000.0 9284740000000.0 3528090000.0 112375000.0 50518100000.0 556266000000.0 179476000000.0 94007400000.0 -3.16 4.23 [-3.16]
758577000000000.0 2.58728e+17 802203000000.0 5585430000000.0 502295000000.0 1379030000000.0 8074580000.0 4769390000.0 8876370000000.0 2868830000.0 87515300.0 50610600000.0 536608000000.0 167606000000.0 82273600000.0 -3.14 4.226 [-3.14]
758577000000000.0 2.45855e+17 797359000000.0 5307960000000.0 450600000000.0 1310180000000.0 6918980000.0 5188830000.0 8472930000000.0 2328530000.0 68054400.0 50698500000.0 517138000000.0 156316000000.0 71937400000.0 -3.12 4.223 [-3.12]
758577000000000.0 2.33631e+17 792287000000.0 5041690000000.0 403710000000.0 1243440000000.0 5923470000.0 5637280000.0 8074270000000.0 1885760000.0 52818300.0 50785400000.0 497860000000.0 145574000000.0 62829500000.0 -3.1 4.22 [-3.1]
758577000000000.0 2.2202e+17 786987000000.0 4786310000000.0 361234000000.0 1178780000000.0 5066620000.0 6115800000.0 7681260000000.0 1523720000.0 40913800.0 50872900000.0 478825000000.0 135376000000.0 54815700000.0 -3.08 4.216 [-3.08]
758577000000000.0 2.10995e+17 781468000000.0 4541610000000.0 322817000000.0 1116240000000.0 4329940000.0 6625250000.0 7294850000000.0 1228410000.0 31633200.0 50961800000.0 460086000000.0 125715000000.0 47776400000.0 -3.06 4.213 [-3.06]
758577000000000.0 2.00524e+17 775727000000.0 4307240000000.0 288118000000.0 1055780000000.0 3697090000.0 7166480000.0 6915780000000.0 988074000.0 24412200.0 51052900000.0 441681000000.0 116582000000.0 41601000000.0 -3.04 4.209 [-3.04]
758577000000000.0 1.90608e+17 769782000000.0 4083550000000.0 256891000000.0 997556000000.0 3155060000.0 7739160000.0 6545770000000.0 793293000.0 18815600.0 51145000000.0 423694000000.0 107988000000.0 36200900000.0 -3.02 4.206 [-3.02]
758577000000000.0 1.81163e+17 763600000000.0 3868960000000.0 228695000000.0 941231000000.0 2689120000.0 8345710000.0 6183490000000.0 635143000.0 14468000.0 51241700000.0 406045000000.0 99870100000.0 31465300000.0 -3.0 4.203 [-3.0]
758577000000000.0 1.72194e+17 757200000000.0 3663830000000.0 203339000000.0 886952000000.0 2289930000.0 8985500000.0 5830610000000.0 507338000.0 11105600.0 51341000000.0 388812000000.0 92239100000.0 27326300000.0 -2.98 4.199 [-2.98]
758577000000000.0 1.63676e+17 750583000000.0 3467860000000.0 180567000000.0 834696000000.0 1948210000.0 9658600000.0 5487660000000.0 404298000.0 8510000.0 51442400000.0 372012000000.0 85077700000.0 23712700000.0 -2.96 4.196 [-2.96]
758577000000000.0 1.55586e+17 743751000000.0 3280760000000.0 160146000000.0 784445000000.0 1655940000.0 10364900000.0 5155170000000.0 321427000.0 6510200.0 51545300000.0 355660000000.0 78368700000.0 20561200000.0 -2.94 4.193 [-2.94]
758577000000000.0 1.47903e+17 736705000000.0 3102210000000.0 141859000000.0 736174000000.0 1406170000.0 11103900000.0 4833560000000.0 254935000.0 4972240.0 51648800000.0 339766000000.0 72093900000.0 17815200000.0 -2.92 4.19 [-2.92]
758577000000000.0 1.40607e+17 729451000000.0 2931960000000.0 125508000000.0 689865000000.0 1192920000.0 11874900000.0 4523250000000.0 201719000.0 3791730.0 51751300000.0 324339000000.0 66234800000.0 15425100000.0 -2.9 4.186 [-2.9]
758577000000000.0 1.33676e+17 721982000000.0 2769660000000.0 110905000000.0 645481000000.0 1010970000.0 12677000000.0 4224490000000.0 159225000.0 2887000.0 51852700000.0 309376000000.0 60772700000.0 13346100000.0 -2.88 4.183 [-2.88]
758577000000000.0 1.27094e+17 714305000000.0 2615060000000.0 97884100000.0 603005000000.0 855885000.0 13508900000.0 3937590000000.0 125380000.0 2194910.0 51950700000.0 294882000000.0 55688500000.0 11539500000.0 -2.86 4.18 [-2.86]
758577000000000.0 1.20824e+17 706401000000.0 2467460000000.0 86263200000.0 562310000000.0 723545000.0 14370400000.0 3662090000000.0 98443800.0 1665430.0 52045200000.0 280817000000.0 50951200000.0 9967900000.0 -2.84 4.177 [-2.84]
758577000000000.0 1.14904e+17 698347000000.0 2327840000000.0 75978600000.0 523675000000.0 611443000.0 15255100000.0 3400170000000.0 77183500.0 1263430.0 52130200000.0 267306000000.0 46579400000.0 8610070000.0 -2.82 4.174 [-2.82]
758577000000000.0 1.09248e+17 690046000000.0 2194280000000.0 66801600000.0 486677000000.0 515731000.0 16166700000.0 3149290000000.0 60309300.0 956132.0 52209100000.0 254177000000.0 42506900000.0 7427970000.0 -2.8 4.171 [-2.8]
758577000000000.0 1.03907e+17 681606000000.0 2068100000000.0 58702000000.0 451664000000.0 434812000.0 17096800000.0 2911980000000.0 47057500.0 0.0 52275400000.0 241589000000.0 38760200000.0 6408200000.0 -2.78 4.167 [-2.78]
758577000000000.0 9.88178e+16 672952000000.0 1947870000000.0 51510500000.0 418330000000.0 366003000.0 18046800000.0 2686410000000.0 36611200.0 0.0 52330500000.0 229415000000.0 35289800000.0 5523340000.0 -2.76 4.164 [-2.76]
758577000000000.0 9.39834e+16 664114000000.0 1833710000000.0 45149700000.0 386736000000.0 307691000.0 19012400000.0 2473090000000.0 28415700.0 0.0 52371700000.0 217688000000.0 32089200000.0 4757770000.0 -2.74 4.161 [-2.74]
758577000000000.0 8.93902e+16 655097000000.0 1725380000000.0 39530600000.0 356846000000.0 258328000.0 19990300000.0 2271910000000.0 22001900.0 0.0 52396600000.0 206399000000.0 29141500000.0 4095810000.0 -2.72 4.158 [-2.72]
758577000000000.0 8.50161e+16 645887000000.0 1622400000000.0 34564300000.0 328575000000.0 216523000.0 20978200000.0 2082330000000.0 16988600.0 0.0 52403500000.0 195516000000.0 26425300000.0 3522930000.0 -2.7 4.155 [-2.7]
758577000000000.0 8.08827e+16 636564000000.0 1525310000000.0 30207400000.0 302064000000.0 181360000.0 21968400000.0 1905300000000.0 13099400.0 0.0 52389100000.0 185118000000.0 23943800000.0 3030150000.0 -2.68 4.153 [-2.68]
758577000000000.0 7.69346e+16 627034000000.0 1432850000000.0 26357100000.0 277039000000.0 151589000.0 22962900000.0 1739020000000.0 10068200.0 0.0 52353300000.0 175079000000.0 21657900000.0 2603270000.0 -2.66 4.15 [-2.66]
758577000000000.0 7.31936e+16 617379000000.0 1345550000000.0 22980700000.0 253627000000.0 126567000.0 23953700000.0 1584280000000.0 7724700.0 0.0 52293300000.0 165476000000.0 19570800000.0 2235880000.0 -2.64 4.147 [-2.64]
758577000000000.0 6.96391e+16 607586000000.0 1262940000000.0 20016900000.0 231730000000.0 105522000.0 24938700000.0 1440370000000.0 5913800.0 0.0 52207200000.0 156272000000.0 17663400000.0 1919240000.0 -2.62 4.144 [-2.62]
758577000000000.0 6.62617e+16 597661000000.0 1184830000000.0 17418300000.0 211299000000.0 87847800.0 25914200000.0 1306910000000.0 4517820.0 0.0 52093900000.0 147458000000.0 15922700000.0 1646490000.0 -2.6 4.141 [-2.6]
758577000000000.0 6.30523e+16 587615000000.0 1110990000000.0 15142500000.0 192285000000.0 73025700.0 26876800000.0 1183480000000.0 3444250.0 0.0 51951500000.0 139024000000.0 14336400000.0 1411700000.0 -2.58 4.138 [-2.58]
758577000000000.0 6.00025e+16 577456000000.0 1041240000000.0 13151600000.0 174634000000.0 60614200.0 27823200000.0 1069630000000.0 2620560.0 0.0 51778700000.0 130962000000.0 12893100000.0 1209700000.0 -2.56 4.136 [-2.56]
758577000000000.0 5.71123e+16 567225000000.0 975584000000.0 11415800000.0 158329000000.0 50257200.0 28749000000.0 965145000000.0 1991060.0 0.0 51574800000.0 123284000000.0 11584900000.0 1036350000.0 -2.54 4.133 [-2.54]
758577000000000.0 5.43576e+16 556872000000.0 913447000000.0 9897070000.0 143237000000.0 41592900.0 29654200000.0 869078000000.0 1509230.0 0.0 51337900000.0 115936000000.0 10394900000.0 887065000.0 -2.52 4.13 [-2.52]
758577000000000.0 5.17318e+16 546406000000.0 854680000000.0 8570110000.0 129307000000.0 34358600.0 30536200000.0 780999000000.0 1141390.0 0.0 51066500000.0 108909000000.0 9314060000.0 758601000.0 -2.5 4.127 [-2.5]
758577000000000.0 4.9251e+16 535933000000.0 799628000000.0 7419790000.0 116571000000.0 28364500.0 31388800000.0 700986000000.0 862694.0 0.0 50762400000.0 102258000000.0 8341400000.0 648819000.0 -2.48 4.125 [-2.48]
758577000000000.0 4.68785e+16 525337000000.0 747454000000.0 6414200000.0 104848000000.0 23364200.0 32215400000.0 627823000000.0 650312.0 0.0 50421700000.0 95890000000.0 7458000000.0 554237000.0 -2.46 4.122 [-2.46]
758577000000000.0 4.46304e+16 514725000000.0 698494000000.0 5542380000.0 94162700000.0 19226800.0 33010600000.0 561548000000.0 489762.0 0.0 50046800000.0 89856700000.0 6663260000.0 473348000.0 -2.44 4.12 [-2.44]
758577000000000.0 4.24934e+16 504078000000.0 652432000000.0 4785370000.0 84423100000.0 15800900.0 33774300000.0 501511000000.0 368340.0 0.0 49636600000.0 84128000000.0 5947260000.0 404048000.0 -2.42 4.117 [-2.42]
758577000000000.0 4.04619e+16 493407000000.0 609122000000.0 4128680000.0 75568200000.0 12968700.0 34505700000.0 447250000000.0 276671.0 0.0 49191500000.0 78694300000.0 5303050000.0 344713000.0 -2.4 4.115 [-2.4]
758577000000000.0 3.85305e+16 482724000000.0 568423000000.0 3559550000.0 67536700000.0 10630900.0 35204100000.0 398315000000.0 0.0 0.0 48711600000.0 73546000000.0 4724210000.0 293940000.0 -2.38 4.112 [-2.38]
758577000000000.0 3.66943e+16 472040000000.0 530200000000.0 3066740000.0 60269200000.0 8704130.0 35869300000.0 354275000000.0 0.0 0.0 48197500000.0 68673200000.0 4204760000.0 250518000.0 -2.36 4.11 [-2.36]
