Cloudy_runs/pg1222/z=0.054479/logZ=-1/component_II_PI_nH/component_II_PI_nH_col_density_param.txt
# %ECSV 1.0
# ---
# datatype:
# - {name: H, datatype: float64}
# - {name: H+, datatype: float64}
# - {name: C+, datatype: float64}
# - {name: C+2, datatype: float64}
# - {name: C+3, datatype: float64}
# - {name: N+, datatype: float64}
# - {name: N+2, datatype: float64}
# - {name: N+4, datatype: float64}
# - {name: O, datatype: float64}
# - {name: O+2, datatype: float64}
# - {name: O+5, datatype: float64}
# - {name: O+6, datatype: float64}
# - {name: P+, datatype: float64}
# - {name: Si+, datatype: float64}
# - {name: Si+2, datatype: float64}
# - {name: Si+3, datatype: float64}
# - {name: Si+4, datatype: float64}
# - {name: Fe+, datatype: float64}
# - {name: Al+, datatype: float64}
# - {name: log_nH, datatype: float64}
# - {name: parameters, datatype: string, subtype: 'float64[1]'}
# schema: astropy-2.0
H H+ C+ C+2 C+3 N+ N+2 N+4 O O+2 O+5 O+6 P+ Si+ Si+2 Si+3 Si+4 Fe+ Al+ log_nH parameters
[from data line 288]
8.12832e+17 3.88503e+16 10978800000000.0 14362600000.0 0.0 47449700000.0 237218.0 0.0 40427800000000.0 8958680.0 0.0 0.0 21814800000.0 2668660000000.0 1103830.0 2610770.0 0.0 2695710000000.0 239647000000.0 0.76 [0.76]
8.12832e+17 3.75566e+16 10765800000000.0 13614800000.0 0.0 44911700000.0 218156.0 0.0 40417400000000.0 8238780.0 0.0 0.0 21780200000.0 2662010000000.0 1052370.0 2484180.0 0.0 2691730000000.0 239308000000.0 0.78 [0.78]
8.12831e+17 3.63078e+16 10554000000000.0 12901100000.0 0.0 42521400000.0 200836.0 0.0 40407300000000.0 7575800.0 0.0 0.0 21746700000.0 2655410000000.0 1003410.0 2363830.0 0.0 2687900000000.0 238982000000.0 0.8 [0.8]
8.12831e+17 3.5108e+16 10344000000000.0 12221700000.0 0.0 40272200000.0 185097.0 0.0 40397600000000.0 6966850.0 0.0 0.0 21714500000.0 2648930000000.0 956822.0 2249570.0 0.0 2684220000000.0 238670000000.0 0.82 [0.82]
8.12831e+17 3.39522e+16 10135700000000.0 11573600000.0 0.0 38151100000.0 170767.0 0.0 40388300000000.0 6406980.0 0.0 0.0 21683300000.0 2642520000000.0 912460.0 2141040.0 0.0 2680680000000.0 238370000000.0 0.84 [0.84]
8.12831e+17 3.28383e+16 9928910000000.0 10955600000.0 0.0 36149700000.0 157699.0 0.0 40379200000000.0 5892500.0 0.0 0.0 21653100000.0 2636170000000.0 870212.0 2037930.0 0.0 2677280000000.0 238082000000.0 0.86 [0.86]
8.12831e+17 3.1769e+16 9724110000000.0 10366800000.0 0.0 34265100000.0 145790.0 0.0 40370600000000.0 5420600.0 0.0 0.0 21624000000.0 2629910000000.0 830026.0 1939980.0 0.0 2674020000000.0 237806000000.0 0.88 [0.88]
8.12831e+17 3.0737e+16 9521180000000.0 9805540000.0 0.0 32481400000.0 134890.0 0.0 40362200000000.0 4986970.0 0.0 0.0 21595900000.0 2623710000000.0 791692.0 1846910.0 0.0 2670880000000.0 237542000000.0 0.9 [0.9]
8.12831e+17 2.97409e+16 9319650000000.0 9269900000.0 0.0 30794500000.0 124915.0 0.0 40354100000000.0 4588560.0 0.0 0.0 21568500000.0 2617550000000.0 755163.0 1758440.0 0.0 2667850000000.0 237287000000.0 0.92 [0.92]
8.12831e+17 2.87835e+16 9120960000000.0 8760420000.0 0.0 29199600000.0 115767.0 0.0 40346300000000.0 4223340.0 0.0 0.0 21542200000.0 2611470000000.0 720353.0 1674370.0 0.0 2664940000000.0 237044000000.0 0.94 [0.94]
8.12831e+17 2.78562e+16 8923740000000.0 8273910000.0 0.0 27683800000.0 107347.0 0.0 40338700000000.0 3887660.0 0.0 0.0 21516500000.0 2605420000000.0 687130.0 1594430.0 0.0 2662140000000.0 236809000000.0 0.96 [0.96]
8.12831e+17 2.69613e+16 8728080000000.0 7810710000.0 0.0 26256200000.0 99636.4 0.0 40331400000000.0 3579210.0 0.0 0.0 21491600000.0 2599370000000.0 655501.0 1518400.0 0.0 2659430000000.0 236584000000.0 0.98 [0.98]
8.12831e+17 2.61032e+16 8535340000000.0 7369970000.0 0.0 24901700000.0 92537.9 0.0 40324400000000.0 3296990.0 0.0 0.0 21467600000.0 2593420000000.0 625356.0 1446140.0 0.0 2656850000000.0 236369000000.0 1.0 [1.0]
