Cloudy_runs/pg1222/z=0.054479/logZ=-1/component_II_PI_nH/component_II_PI_nH_col_density_param.txt
# %ECSV 1.0
# ---
# datatype:
# - {name: H, datatype: float64}
# - {name: H+, datatype: float64}
# - {name: C+, datatype: float64}
# - {name: C+2, datatype: float64}
# - {name: C+3, datatype: float64}
# - {name: N+, datatype: float64}
# - {name: N+2, datatype: float64}
# - {name: N+4, datatype: float64}
# - {name: O, datatype: float64}
# - {name: O+2, datatype: float64}
# - {name: O+5, datatype: float64}
# - {name: O+6, datatype: float64}
# - {name: P+, datatype: float64}
# - {name: Si+, datatype: float64}
# - {name: Si+2, datatype: float64}
# - {name: Si+3, datatype: float64}
# - {name: Si+4, datatype: float64}
# - {name: Fe+, datatype: float64}
# - {name: Al+, datatype: float64}
# - {name: log_nH, datatype: float64}
# - {name: parameters, datatype: string, subtype: 'float64[1]'}
# schema: astropy-2.0
H H+ C+ C+2 C+3 N+ N+2 N+4 O O+2 O+5 O+6 P+ Si+ Si+2 Si+3 Si+4 Fe+ Al+ log_nH parameters
[from data line 52]
8.12984e+17 8.18041e+20 680321000000000.0 1.64781e+16 3076950000000000.0 99776000000000.0 3998600000000000.0 118107000000000.0 1214070000000.0 3.24589e+16 89059700000000.0 11424800000000.0 1600040000000.0 59486500000000.0 993570000000000.0 495935000000000.0 788087000000000.0 716785000000.0 19365800000000.0 -3.96 [-3.96]
8.12833e+17 7.76996e+20 680460000000000.0 1.57952e+16 2838210000000000.0 101698000000000.0 3844250000000000.0 106259000000000.0 1310550000000.0 3.09359e+16 77372100000000.0 9507430000000.0 1613020000000.0 59217200000000.0 968523000000000.0 475522000000000.0 737910000000000.0 764313000000.0 19130100000000.0 -3.94 [-3.94]
8.12893e+17 7.37957e+20 680563000000000.0 1.51333e+16 2615330000000000.0 103694000000000.0 3693540000000000.0 95490600000000.0 1415790000000.0 2.94784e+16 67128600000000.0 7900760000000.0 1625280000000.0 58971900000000.0 944006000000000.0 455892000000000.0 689375000000000.0 815658000000.0 18885000000000.0 -3.92 [-3.92]
8.12856e+17 7.00838e+20 680280000000000.0 1.44913e+16 2408810000000000.0 105710000000000.0 3546400000000000.0 85748600000000.0 1528970000000.0 2.80821e+16 58186700000000.0 6558440000000.0 1635740000000.0 58719900000000.0 919538000000000.0 437095000000000.0 642762000000000.0 870430000000.0 18616100000000.0 -3.9 [-3.9]
8.12959e+17 6.65634e+20 680036000000000.0 1.38718e+16 2216690000000000.0 107806000000000.0 3403380000000000.0 76928700000000.0 1651980000000.0 2.67492e+16 50378500000000.0 5438090000000.0 1645620000000.0 58491600000000.0 895680000000000.0 418901000000000.0 598013000000000.0 929382000000.0 18342200000000.0 -3.88 [-3.88]
8.12888e+17 6.32111e+20 679349000000000.0 1.32707e+16 2038610000000000.0 109912000000000.0 3263720000000000.0 68961600000000.0 1783800000000.0 2.54702e+16 43577700000000.0 4504470000000.0 1653470000000.0 58250600000000.0 871802000000000.0 401391000000000.0 555152000000000.0 992018000000.0 18047200000000.0 -3.86 [-3.86]
8.12956e+17 6.00319e+20 678729000000000.0 1.26915e+16 1873200000000000.0 112109000000000.0 3128250000000000.0 61754500000000.0 1926970000000.0 2.42498e+16 37637900000000.0 3725180000000.0 1660670000000.0 58031400000000.0 848465000000000.0 384386000000000.0 514216000000000.0 1059380000000.0 17749000000000.0 -3.84 [-3.84]
8.12921e+17 5.70088e+20 677767000000000.0 1.21312e+16 1720180000000000.0 114333000000000.0 2996430000000000.0 55257700000000.0 2080670000000.0 2.30805e+16 32475400000000.0 3077350000000.0 1666070000000.0 57806700000000.0 825201000000000.0 367965000000000.0 475237000000000.0 1131050000000.0 17437500000000.0 -3.82 [-3.82]
8.12857e+17 5.41348e+20 676654000000000.0 1.15903e+16 1578330000000000.0 116610000000000.0 2868330000000000.0 49398700000000.0 2246330000000.0 2.19609e+16 27987100000000.0 2539120000000.0 1670090000000.0 57586500000000.0 802158000000000.0 352017000000000.0 438182000000000.0 1207570000000.0 17118400000000.0 -3.8 [-3.8]
8.12927e+17 5.14024e+20 675398000000000.0 1.10682e+16 1446900000000000.0 118957000000000.0 2743950000000000.0 44117800000000.0 2425750000000.0 2.0889e+16 24086300000000.0 2092020000000.0 1672780000000.0 57376700000000.0 779389000000000.0 336517000000000.0 403009000000000.0 1289580000000.0 16794800000000.0 -3.78 [-3.78]
8.12856e+17 4.88104e+20 673929000000000.0 1.05656e+16 1325550000000000.0 121337000000000.0 2623500000000000.0 39374800000000.0 2617770000000.0 1.98644e+16 20713000000000.0 1722690000000.0 1673970000000.0 57166900000000.0 756797000000000.0 321467000000000.0 369881000000000.0 1376550000000.0 16465600000000.0 -3.76 [-3.76]
8.12974e+17 4.63523e+20 672396000000000.0 1.00824e+16 1213650000000000.0 123804000000000.0 2507090000000000.0 35110500000000.0 2825940000000.0 1.88864e+16 17783900000000.0 1415820000000.0 1673990000000.0 56970900000000.0 734523000000000.0 306866000000000.0 338695000000000.0 1469790000000.0 16138400000000.0 -3.74 [-3.74]
8.12881e+17 4.40165e+20 670687000000000.0 9617170000000000.0 1110110000000000.0 126301000000000.0 2394300000000000.0 31280500000000.0 3048150000000.0 1.79501e+16 15252000000000.0 1162630000000.0 1672580000000.0 56770700000000.0 712474000000000.0 292606000000000.0 309425000000000.0 1568270000000.0 15809500000000.0 -3.72 [-3.72]
8.12836e+17 4.17936e+20 668668000000000.0 9168480000000000.0 1014770000000000.0 128839000000000.0 2284980000000000.0 27844100000000.0 3287020000000.0 1.70525e+16 13062400000000.0 953176000000.0 1669260000000.0 56570100000000.0 690468000000000.0 278814000000000.0 282010000000000.0 1673000000000.0 15476000000000.0 -3.7 [-3.7]
8.1288e+17 3.96837e+20 666655000000000.0 8737590000000000.0 926558000000000.0 131458000000000.0 2179380000000000.0 24760000000000.0 3544480000000.0 1.61945e+16 11170500000000.0 780413000000.0 1665010000000.0 56380300000000.0 668846000000000.0 265330000000000.0 256394000000000.0 1784380000000.0 15150500000000.0 -3.68 [-3.68]
8.12947e+17 3.76625e+20 664240000000000.0 8319590000000000.0 845096000000000.0 134088000000000.0 2076410000000000.0 21983200000000.0 3819550000000.0 1.5366e+16 9530290000000.0 637145000000.0 1658540000000.0 56181300000000.0 647090000000000.0 252233000000000.0 232431000000000.0 1902000000000.0 14805800000000.0 -3.66 [-3.66]
8.12873e+17 3.57597e+20 661740000000000.0 7921730000000000.0 770627000000000.0 136768000000000.0 1977900000000000.0 19517900000000.0 4113720000000.0 1.45808e+16 8129910000000.0 520423000000.0 1650960000000.0 55994100000000.0 625794000000000.0 239579000000000.0 210409000000000.0 2026550000000.0 14479500000000.0 -3.64 [-3.64]
8.1285e+17 3.39621e+20 659263000000000.0 7541910000000000.0 702344000000000.0 139516000000000.0 1883390000000000.0 17316000000000.0 4428900000000.0 1.38337e+16 6926100000000.0 424580000000.0 1642630000000.0 55818800000000.0 604943000000000.0 227322000000000.0 190136000000000.0 2158220000000.0 14163200000000.0 -3.62 [-3.62]
8.12837e+17 3.22579e+20 656560000000000.0 7178040000000000.0 639813000000000.0 142294000000000.0 1792400000000000.0 15352600000000.0 4765150000000.0 1.31202e+16 5893440000000.0 345978000000.0 1632800000000.0 55648400000000.0 584344000000000.0 215501000000000.0 171496000000000.0 2297070000000.0 13849600000000.0 -3.6 [-3.6]
8.1294e+17 3.06277e+20 653729000000000.0 6826580000000000.0 581885000000000.0 145129000000000.0 1704060000000000.0 13588800000000.0 5126350000000.0 1.24328e+16 5001900000000.0 281202000000.0 1621520000000.0 55484400000000.0 563910000000000.0 203973000000000.0 154223000000000.0 2444050000000.0 13539100000000.0 -3.58 [-3.58]
8.12875e+17 2.90821e+20 650692000000000.0 6490220000000000.0 528856000000000.0 147961000000000.0 1619090000000000.0 12021100000000.0 5508560000000.0 1.17761e+16 4242090000000.0 228482000000.0 1608890000000.0 55318000000000.0 543803000000000.0 192826000000000.0 138450000000000.0 2597620000000.0 13233100000000.0 -3.56 [-3.56]
8.12835e+17 2.7616e+20 647581000000000.0 6168340000000000.0 480211000000000.0 150827000000000.0 1537380000000000.0 10623300000000.0 5915390000000.0 1.11487e+16 3591800000000.0 185392000000.0 1595320000000.0 55159400000000.0 524098000000000.0 182027000000000.0 124047000000000.0 2758680000000.0 12935300000000.0 -3.54 [-3.54]
8.12934e+17 2.62249e+20 644294000000000.0 5860250000000000.0 435787000000000.0 153721000000000.0 1458800000000000.0 9380730000000.0 6349380000000.0 1.05491e+16 3036870000000.0 150229000000.0 1580460000000.0 55009300000000.0 504707000000000.0 171664000000000.0 110930000000000.0 2928000000000.0 12643900000000.0 -3.52 [-3.52]
8.12919e+17 2.49143e+20 640869000000000.0 5567610000000000.0 395508000000000.0 156602000000000.0 1383830000000000.0 8282340000000.0 6806700000000.0 9980190000000000.0 2566510000000.0 121730000000.0 1564720000000.0 54864100000000.0 485803000000000.0 161769000000000.0 99116900000000.0 3104200000000.0 12361300000000.0 -3.5 [-3.5]
8.12862e+17 2.3659e+20 637221000000000.0 5285210000000000.0 358333000000000.0 159473000000000.0 1311160000000000.0 7299490000000.0 7290220000000.0 9431670000000000.0 2163110000000.0 98381200000.0 1547560000000.0 54713800000000.0 467131000000000.0 152163000000000.0 88313000000000.0 3287350000000.0 12081300000000.0 -3.48 [-3.48]
8.12831e+17 2.24645e+20 633411000000000.0 5014570000000000.0 324295000000000.0 162331000000000.0 1241210000000000.0 6424530000000.0 7801790000000.0 8906420000000000.0 1818960000000.0 79343200000.0 1529300000000.0 54571400000000.0 448804000000000.0 142926000000000.0 78525100000000.0 3478570000000.0 11806900000000.0 -3.46 [-3.46]
8.12966e+17 2.13434e+20 629619000000000.0 4758760000000000.0 293564000000000.0 165204000000000.0 1174790000000000.0 5654830000000.0 8343210000000.0 8409790000000000.0 1529320000000.0 64013900000.0 1510710000000.0 54446600000000.0 431099000000000.0 134161000000000.0 69791300000000.0 3677870000000.0 11546500000000.0 -3.44 [-3.44]
8.129e+17 2.02679e+20 625439000000000.0 4511860000000000.0 265326000000000.0 167992000000000.0 1110430000000000.0 4968780000000.0 8908230000000.0 7930680000000000.0 1282450000000.0 51523200000.0 1490440000000.0 54305200000000.0 413588000000000.0 125727000000000.0 61863500000000.0 3882460000000.0 11284900000000.0 -3.42 [-3.42]
8.1285e+17 1.92467e+20 621142000000000.0 4276020000000000.0 239570000000000.0 170738000000000.0 1048690000000000.0 4360930000000.0 9501710000000.0 7473020000000000.0 1073400000000.0 41408100000.0 1469360000000.0 54170300000000.0 396514000000000.0 117656000000000.0 54745800000000.0 4094320000000.0 11029800000000.0 -3.4 [-3.4]
8.12964e+17 1.82782e+20 616758000000000.0 4051090000000000.0 216121000000000.0 173458000000000.0 989570000000000.0 3823150000000.0 10127100000000.0 7036290000000000.0 896744000000.0 33230300000.0 1447620000000.0 54044200000000.0 379907000000000.0 109956000000000.0 48369900000000.0 4313980000000.0 10782500000000.0 -3.38 [-3.38]
8.1289e+17 1.73595e+20 612173000000000.0 3836650000000000.0 194840000000000.0 176076000000000.0 933000000000000.0 3349150000000.0 10775100000000.0 6619840000000000.0 748337000000.0 26656000000.0 1425050000000.0 53910500000000.0 363754000000000.0 102630000000000.0 42686000000000.0 4538240000000.0 10540800000000.0 -3.36 [-3.36]
8.12846e+17 1.64846e+20 607380000000000.0 3631500000000000.0 175441000000000.0 178597000000000.0 878702000000000.0 2929230000000.0 11451100000000.0 6221580000000000.0 622796000000.0 21323500000.0 1401620000000.0 53780800000000.0 347980000000000.0 95660000000000.0 37600100000000.0 4769040000000.0 10303400000000.0 -3.34 [-3.34]
8.12903e+17 1.56445e+20 602285000000000.0 3433740000000000.0 157632000000000.0 181014000000000.0 826189000000000.0 2555270000000.0 12155500000000.0 5837560000000000.0 516138000000.0 16976100000.0 1377110000000.0 53642100000000.0 332494000000000.0 88971500000000.0 33014500000000.0 5005270000000.0 10064900000000.0 -3.32 [-3.32]
8.12855e+17 1.48578e+20 597222000000000.0 3247730000000000.0 141695000000000.0 183331000000000.0 776640000000000.0 2229770000000.0 12883700000000.0 5476320000000000.0 427952000000.0 13532000000.0 1352590000000.0 53510600000000.0 317664000000000.0 82713500000000.0 29004700000000.0 5246520000000.0 9840400000000.0 -3.3 [-3.3]
8.12972e+17 1.4112e+20 592052000000000.0 3070770000000000.0 127255000000000.0 185548000000000.0 729349000000000.0 1943300000000.0 13641800000000.0 5132460000000000.0 354112000000.0 10769400000.0 1327670000000.0 53384100000000.0 303310000000000.0 76798100000000.0 25449000000000.0 5493940000000.0 9622600000000.0 -3.28 [-3.28]
8.12906e+17 1.34033e+20 586706000000000.0 2902090000000000.0 114164000000000.0 187595000000000.0 684189000000000.0 1691180000000.0 14418000000000.0 4805060000000000.0 292322000000.0 8544950000.0 1302260000000.0 53243900000000.0 289407000000000.0 71200700000000.0 22299600000000.0 5743750000000.0 9409530000000.0 -3.26 [-3.26]
8.12863e+17 1.27315e+20 581188000000000.0 2741790000000000.0 102352000000000.0 189493000000000.0 641169000000000.0 1470250000000.0 15216500000000.0 4493900000000000.0 240936000000.0 6770780000.0 1276440000000.0 53099300000000.0 275964000000000.0 65941100000000.0 19520700000000.0 5996880000000.0 9201460000000.0 -3.24 [-3.24]
8.12834e+17 1.20922e+20 575504000000000.0 2588900000000000.0 91656200000000.0 191212000000000.0 600084000000000.0 1276130000000.0 16037200000000.0 4197660000000000.0 198077000000.0 5361250000.0 1250130000000.0 52959600000000.0 262916000000000.0 60986300000000.0 17064200000000.0 6255180000000.0 8996200000000.0 -3.22 [-3.22]
8.12932e+17 1.14881e+20 569750000000000.0 2444150000000000.0 82014600000000.0 192788000000000.0 561112000000000.0 1106310000000.0 16881200000000.0 3917180000000000.0 162531000000.0 4216260000.0 1223890000000.0 52808100000000.0 250406000000000.0 56329300000000.0 14904000000000.0 6515790000000.0 8799210000000.0 -3.2 [-3.2]
8.12881e+17 1.09126e+20 563783000000000.0 2306070000000000.0 73301000000000.0 194138000000000.0 523937000000000.0 957444000000.0 17736700000000.0 3650380000000000.0 133001000000.0 3318290000.0 1197170000000.0 52642600000000.0 238275000000000.0 51959200000000.0 12999000000000.0 6776790000000.0 8603940000000.0 -3.18 [-3.18]
8.12843e+17 1.03653e+20 557648000000000.0 2174630000000000.0 65441800000000.0 195276000000000.0 488551000000000.0 827286000000.0 18609300000000.0 3397120000000000.0 108578000000.0 2604380000.0 1170130000000.0 52478000000000.0 226539000000000.0 47863200000000.0 11323900000000.0 7041470000000.0 8411120000000.0 -3.16 [-3.16]
8.12955e+17 9.84707e+19 551429000000000.0 2050090000000000.0 58369500000000.0 196240000000000.0 455009000000000.0 713719000000.0 19501800000000.0 3157470000000000.0 88420700000.0 2037380000.0 1143170000000.0 52300500000000.0 215277000000000.0 44032700000000.0 9854830000000.0 7307430000000.0 8224320000000.0 -3.14 [-3.14]
8.12893e+17 9.35414e+19 545008000000000.0 1931630000000000.0 52003900000000.0 196949000000000.0 423160000000000.0 614695000000.0 20398800000000.0 2930490000000000.0 71822700000.0 1560610000.0 1115990000000.0 52104300000000.0 204409000000000.0 40453300000000.0 8566720000000.0 7571880000000.0 8039760000000.0 -3.12 [-3.12]
8.12851e+17 8.88565e+19 538418000000000.0 1819090000000000.0 46280400000000.0 197422000000000.0 392958000000000.0 528472000000.0 21305900000000.0 2715790000000000.0 58186800000.0 1205240000.0 1088710000000.0 51899600000000.0 193934000000000.0 37115100000000.0 7438530000000.0 7836970000000.0 7857960000000.0 -3.1 [-3.1]
8.1297e+17 8.44192e+19 531767000000000.0 1712530000000000.0 41146100000000.0 197692000000000.0 364412000000000.0 453584000000.0 22228400000000.0 2513270000000000.0 47018500000.0 925196000.0 1061580000000.0 51684400000000.0 183890000000000.0 34008500000000.0 6453110000000.0 8103030000000.0 7680690000000.0 -3.08 [-3.08]
8.1291e+17 8.02135e+19 524968000000000.0 1611670000000000.0 36554800000000.0 197695000000000.0 337497000000000.0 388752000000.0 23146700000000.0 2322810000000000.0 37909600000.0 700807000.0 1034540000000.0 51446200000000.0 174260000000000.0 31129400000000.0 5594880000000.0 8364600000000.0 7506700000000.0 -3.06 [-3.06]
8.12871e+17 7.62216e+19 518038000000000.0 1516080000000000.0 32442500000000.0 197448000000000.0 312100000000000.0 332594000000.0 24069400000000.0 2143540000000000.0 30484200000.0 514711000.0 1007600000000.0 51195300000000.0 165015000000000.0 28456600000000.0 4846570000000.0 8625600000000.0 7335630000000.0 -3.04 [-3.04]
8.12842e+17 7.24333e+19 510994000000000.0 1425560000000000.0 28762100000000.0 196957000000000.0 288166000000000.0 284015000000.0 24992800000000.0 1974970000000000.0 24440300000.0 404805000.0 980838000000.0 50922900000000.0 156156000000000.0 25979800000000.0 4194430000000.0 8882880000000.0 7167590000000.0 -3.02 [-3.02]
