Cloudy_runs/sbs1108/z=0.463207/component_II_PI_nH/component_II_PI_nH_col_density_param.txt
# %ECSV 1.0
# ---
# datatype:
# - {name: H, datatype: float64}
# - {name: H+, datatype: float64}
# - {name: C+, datatype: float64}
# - {name: C+2, datatype: float64}
# - {name: C+3, datatype: float64}
# - {name: N+2, datatype: float64}
# - {name: N+4, datatype: float64}
# - {name: O, datatype: float64}
# - {name: O+2, datatype: float64}
# - {name: O+5, datatype: float64}
# - {name: O+6, datatype: float64}
# - {name: Si+, datatype: float64}
# - {name: Si+2, datatype: float64}
# - {name: Si+3, datatype: float64}
# - {name: Si+4, datatype: float64}
# - {name: log_nH, datatype: float64}
# - {name: log_Te, datatype: float64}
# - {name: parameters, datatype: string, subtype: 'float64[1]'}
# schema: astropy-2.0
H H+ C+ C+2 C+3 N+2 N+4 O O+2 O+5 O+6 Si+ Si+2 Si+3 Si+4 log_nH log_Te parameters
[from data line 286]
6165950000000000.0 2052250000000000.0 143805000000.0 948660000.0 0.0 476582.0 0.0 318018000000.0 2233290.0 0.0 0.0 26300200000.0 62128900.0 107353.0 0.0 0.72 3.895 [0.72]
6165950000000000.0 1995100000000000.0 141533000000.0 901407000.0 0.0 437836.0 0.0 317677000000.0 2062000.0 0.0 0.0 26117100000.0 58923400.0 101252.0 0.0 0.74 3.893 [0.74]
6165950000000000.0 1939570000000000.0 139300000000.0 856464000.0 0.0 402195.0 0.0 317342000000.0 1904340.0 0.0 0.0 25939200000.0 55858000.0 95526.7 0.0 0.76 3.891 [0.76]
6165950000000000.0 1885660000000000.0 137105000000.0 813740000.0 0.0 369431.0 0.0 317013000000.0 1759210.0 0.0 0.0 25766300000.0 52934100.0 90153.1 0.0 0.78 3.889 [0.78]
6165950000000000.0 1833280000000000.0 134947000000.0 773105000.0 0.0 339287.0 0.0 316689000000.0 1625540.0 0.0 0.0 25598200000.0 50136700.0 85107.1 0.0 0.8 3.886 [0.8]
6165950000000000.0 1782350000000000.0 132824000000.0 734452000.0 0.0 311548.0 0.0 316372000000.0 1502400.0 0.0 0.0 25434600000.0 47458600.0 80366.9 0.0 0.82 3.884 [0.82]
6165950000000000.0 1732860000000000.0 130736000000.0 697693000.0 0.0 286026.0 0.0 316060000000.0 1388930.0 0.0 0.0 25275500000.0 44896500.0 75912.7 0.0 0.84 3.882 [0.84]
6165950000000000.0 1684650000000000.0 128677000000.0 662680000.0 0.0 262515.0 0.0 315752000000.0 1284260.0 0.0 0.0 25120400000.0 42437700.0 71723.9 0.0 0.86 3.879 [0.86]
6165950000000000.0 1638030000000000.0 126665000000.0 629520000.0 0.0 240914.0 0.0 315452000000.0 1188020.0 0.0 0.0 24970300000.0 40085000.0 67790.4 0.0 0.88 3.877 [0.88]
6165950000000000.0 1592400000000000.0 124672000000.0 597847000.0 0.0 220973.0 0.0 315156000000.0 1099040.0 0.0 0.0 24823200000.0 37816500.0 64085.8 0.0 0.9 3.874 [0.9]
6165950000000000.0 1548090000000000.0 122711000000.0 567739000.0 0.0 202665.0 0.0 314865000000.0 1016940.0 0.0 0.0 24680200000.0 35666200.0 60599.7 0.0 0.92 3.871 [0.92]
6165950000000000.0 1504960000000000.0 120782000000.0 539116000.0 0.0 185775.0 0.0 314580000000.0 941245.0 0.0 0.0 24540900000.0 33583800.0 57319.6 0.0 0.94 3.869 [0.94]
6165950000000000.0 1462940000000000.0 118883000000.0 511888000.0 0.0 170209.0 0.0 314300000000.0 871383.0 0.0 0.0 24405000000.0 31579100.0 54231.3 0.0 0.96 3.866 [0.96]
6165950000000000.0 1422040000000000.0 117013000000.0 485999000.0 0.0 155880.0 0.0 314024000000.0 806893.0 0.0 0.0 24272500000.0 29656500.0 51322.7 0.0 0.98 3.862 [0.98]
6165950000000000.0 1382120000000000.0 115175000000.0 461382000.0 0.0 142610.0 0.0 313754000000.0 747411.0 0.0 0.0 24143100000.0 27768500.0 48584.3 0.0 1.0 3.859 [1.0]
