Cloudy_runs/sbs1108/z=0.463207/component_II_PI_nH/component_II_PI_nH_col_density_param.txt
# %ECSV 1.0
# ---
# datatype:
# - {name: H, datatype: float64}
# - {name: H+, datatype: float64}
# - {name: C+, datatype: float64}
# - {name: C+2, datatype: float64}
# - {name: C+3, datatype: float64}
# - {name: N+2, datatype: float64}
# - {name: N+4, datatype: float64}
# - {name: O, datatype: float64}
# - {name: O+2, datatype: float64}
# - {name: O+5, datatype: float64}
# - {name: O+6, datatype: float64}
# - {name: Si+, datatype: float64}
# - {name: Si+2, datatype: float64}
# - {name: Si+3, datatype: float64}
# - {name: Si+4, datatype: float64}
# - {name: log_nH, datatype: float64}
# - {name: log_Te, datatype: float64}
# - {name: parameters, datatype: string, subtype: 'float64[1]'}
# schema: astropy-2.0
H H+ C+ C+2 C+3 N+2 N+4 O O+2 O+5 O+6 Si+ Si+2 Si+3 Si+4 log_nH log_Te parameters
6165950000000000.0 9.79735e+20 35157700000.0 13323900000000.0 149304000000000.0 1790500000000.0 259670000000000.0 91140.1 4838600000000.0 6431540000000000.0 2.99823e+16 3159160.0 328001000.0 4027260000.0 1569500000000.0 -5.0 4.667 [-5.0]
6165890000000000.0 9.2264e+20 39351500000.0 14535300000000.0 156204000000000.0 1947940000000.0 264319000000000.0 102037.0 5272670000000.0 6369750000000000.0 2.80763e+16 3949600.0 397441000.0 4705030000.0 1728930000000.0 -4.98 4.66 [-4.98]
6165900000000000.0 8.69264e+20 43956300000.0 15825500000000.0 163149000000000.0 2116950000000.0 268655000000000.0 114284.0 5743130000000.0 6297860000000000.0 2.62589e+16 4922670.0 480377000.0 5484710000.0 1901050000000.0 -4.96 4.653 [-4.96]
6165900000000000.0 8.19273e+20 49001000000.0 17196900000000.0 170122000000000.0 2298060000000.0 272665000000000.0 128000.0 6251830000000.0 6216000000000000.0 2.45267e+16 6117500.0 579227000.0 6380070000.0 2086530000000.0 -4.94 4.646 [-4.94]
6165920000000000.0 7.72423e+20 54519400000.0 18652300000000.0 177108000000000.0 2492020000000.0 276339000000000.0 143374.0 6801550000000.0 6124530000000000.0 2.28778e+16 7580880.0 696795000.0 7406300000.0 2286090000000.0 -4.92 4.639 [-4.92]
6165940000000000.0 7.28503e+20 60548200000.0 20194000000000.0 184089000000000.0 2699700000000.0 279668000000000.0 160628.0 7395480000000.0 6023840000000000.0 2.13108e+16 9368610.0 836330000.0 8580080000.0 2500380000000.0 -4.9 4.632 [-4.9]
6165910000000000.0 6.87307e+20 67125900000.0 21824400000000.0 191047000000000.0 2921930000000.0 282640000000000.0 180010.0 8036750000000.0 5914280000000000.0 1.98239e+16 11547100.0 1001580000.0 9919860000.0 2730080000000.0 -4.88 4.626 [-4.88]
6165920000000000.0 6.4865e+20 74295700000.0 23547000000000.0 197969000000000.0 3159700000000.0 285254000000000.0 201784.0 8728370000000.0 5796390000000000.0 1.84151e+16 14195900.0 1196950000.0 11446800000.0 2975950000000.0 -4.86 4.62 [-4.86]
6165910000000000.0 6.12366e+20 82098300000.0 25362200000000.0 204834000000000.0 3413850000000.0 287500000000000.0 226292.0 9474290000000.0 5670640000000000.0 1.70825e+16 17408600.0 1427410000.0 13182800000.0 3238550000000.0 -4.84 4.614 [-4.84]
6165920000000000.0 5.78284e+20 90580700000.0 27273200000000.0 211629000000000.0 3685300000000.0 289374000000000.0 253859.0 10277300000000.0 5537520000000000.0 1.58235e+16 21296800.0 1698780000.0 15153500000.0 3518620000000.0 -4.82 4.608 [-4.82]
6165930000000000.0 5.46268e+20 99796400000.0 29282200000000.0 218335000000000.0 3975240000000.0 290871000000000.0 284925.0 11141600000000.0 5397630000000000.0 1.46362e+16 25992000.0 2017720000.0 17385900000.0 3816720000000.0 -4.8 4.602 [-4.8]
6165950000000000.0 5.16168e+20 109797000000.0 31390800000000.0 224934000000000.0 4284620000000.0 291981000000000.0 319956.0 12070500000000.0 5251460000000000.0 1.3518e+16 31649800.0 2391840000.0 19910000000.0 4133430000000.0 -4.78 4.596 [-4.78]
6165920000000000.0 4.8786e+20 120638000000.0 33601600000000.0 231416000000000.0 4614440000000.0 292707000000000.0 359410.0 13067200000000.0 5099630000000000.0 1.24665e+16 38452900.0 2829930000.0 22759200000.0 4469390000000.0 -4.76 4.591 [-4.76]
6165920000000000.0 4.61231e+20 132380000000.0 35916600000000.0 237767000000000.0 4965840000000.0 293050000000000.0 403856.0 14135500000000.0 4942880000000000.0 1.14794e+16 46617100.0 3342130000.0 25970400000.0 4825270000000.0 -4.74 4.585 [-4.74]
6165920000000000.0 4.36167e+20 145084000000.0 38337200000000.0 243971000000000.0 5339780000000.0 293003000000000.0 453932.0 15278500000000.0 4781760000000000.0 1.0554e+16 56393800.0 3939810000.0 29582600000.0 5201480000000.0 -4.72 4.58 [-4.72]
6165930000000000.0 4.12565e+20 158819000000.0 40865700000000.0 250017000000000.0 5737370000000.0 292568000000000.0 510361.0 16500000000000.0 4617020000000000.0 9687960000000000.0 68078400.0 4636070000.0 33638900000.0 5598490000000.0 -4.7 4.575 [-4.7]
6165930000000000.0 3.90333e+20 173656000000.0 43502900000000.0 255887000000000.0 6159680000000.0 291741000000000.0 573948.0 17802700000000.0 4449160000000000.0 8878960000000000.0 82015000.0 5445730000.0 38185300000.0 6016640000000.0 -4.68 4.57 [-4.68]
6165920000000000.0 3.69382e+20 189669000000.0 46250400000000.0 261570000000000.0 6607680000000.0 290525000000000.0 645582.0 19189900000000.0 4278940000000000.0 8124380000000000.0 98605700.0 6385720000.0 43272800000.0 6456320000000.0 -4.66 4.565 [-4.66]
6165920000000000.0 3.4963e+20 206938000000.0 49109300000000.0 267055000000000.0 7082320000000.0 288920000000000.0 726254.0 20664100000000.0 4107040000000000.0 7421720000000000.0 118317000.0 7475210000.0 48956100000.0 6917800000000.0 -4.64 4.56 [-4.64]
6165920000000000.0 3.31e+20 225546000000.0 52080600000000.0 272330000000000.0 7584480000000.0 286930000000000.0 817058.0 22227800000000.0 3934120000000000.0 6768600000000000.0 141691000.0 8735870000.0 55294600000.0 7401270000000.0 -4.62 4.556 [-4.62]
6165930000000000.0 3.13423e+20 245577000000.0 55165400000000.0 277387000000000.0 8114990000000.0 284558000000000.0 919218.0 23883100000000.0 3760860000000000.0 6162580000000000.0 169355000.0 10192200000.0 62352200000.0 7906890000000.0 -4.6 4.551 [-4.6]
6165920000000000.0 2.96831e+20 267115000000.0 58363400000000.0 282212000000000.0 8674480000000.0 281807000000000.0 1034090.0 25631600000000.0 3587890000000000.0 5601260000000000.0 202032000.0 11871900000.0 70197100000.0 8434620000000.0 -4.58 4.547 [-4.58]
6165930000000000.0 2.81165e+20 290252000000.0 61675000000000.0 286797000000000.0 9263580000000.0 278684000000000.0 1163160.0 27474900000000.0 3415890000000000.0 5082280000000000.0 240557000.0 13806000000.0 78903900000.0 8984470000000.0 -4.56 4.542 [-4.56]
6165920000000000.0 2.66364e+20 315074000000.0 65099300000000.0 291131000000000.0 9882540000000.0 275193000000000.0 1307990.0 29412800000000.0 3245380000000000.0 4603390000000000.0 285886000.0 16029400000.0 88551900000.0 9556250000000.0 -4.54 4.538 [-4.54]
6165920000000000.0 2.52386e+20 341710000000.0 68637500000000.0 295205000000000.0 10532300000000.0 271346000000000.0 1470770.0 31448300000000.0 3077030000000000.0 4162480000000000.0 339128000.0 18581300000.0 99222200000.0 10149600000000.0 -4.52 4.534 [-4.52]
6165920000000000.0 2.39173e+20 370236000000.0 72287400000000.0 299014000000000.0 11212700000000.0 267151000000000.0 1653280.0 33579400000000.0 2911410000000000.0 3757090000000000.0 401533000.0 21505600000.0 111008000000.0 10764300000000.0 -4.5 4.529 [-4.5]
6165930000000000.0 2.26684e+20 400787000000.0 76048700000000.0 302545000000000.0 11924000000000.0 262618000000000.0 1858160.0 35807300000000.0 2748980000000000.0 3385310000000000.0 474549000.0 24850800000.0 123998000000.0 11399400000000.0 -4.48 4.525 [-4.48]
6165940000000000.0 2.14869e+20 433419000000.0 79917600000000.0 305796000000000.0 12665200000000.0 257761000000000.0 2087310.0 38127900000000.0 2590240000000000.0 3044870000000000.0 559791000.0 28671700000.0 138304000000.0 12054700000000.0 -4.46 4.521 [-4.46]
6165940000000000.0 2.03691e+20 468249000000.0 83891500000000.0 308755000000000.0 13436000000000.0 252590000000000.0 2343670.0 40540500000000.0 2435630000000000.0 2733760000000000.0 659111000.0 33028400000.0 154028000000.0 12729200000000.0 -4.44 4.517 [-4.44]
6165930000000000.0 1.9311e+20 505360000000.0 87966200000000.0 311415000000000.0 14235300000000.0 247121000000000.0 2630010.0 43041800000000.0 2285500000000000.0 2450040000000000.0 774601000.0 37988100000.0 171288000000.0 13422000000000.0 -4.42 4.513 [-4.42]
6165930000000000.0 1.83097e+20 544909000000.0 92141900000000.0 313771000000000.0 15063000000000.0 241370000000000.0 2950210.0 45631200000000.0 2140220000000000.0 2191870000000000.0 908645000.0 43625200000.0 190197000000.0 14131900000000.0 -4.4 4.509 [-4.4]
6165940000000000.0 1.73617e+20 586957000000.0 96410000000000.0 315818000000000.0 15917100000000.0 235358000000000.0 3307680.0 48304600000000.0 2000070000000000.0 1957410000000000.0 1063900000.0 50021400000.0 210886000000.0 14857900000000.0 -4.38 4.505 [-4.38]
6165930000000000.0 1.64639e+20 631613000000.0 100766000000000.0 317545000000000.0 16796100000000.0 229101000000000.0 3706570.0 51058000000000.0 1865290000000000.0 1744900000000000.0 1243340000.0 57266600000.0 233481000000.0 15598300000000.0 -4.36 4.502 [-4.36]
6165940000000000.0 1.56135e+20 678979000000.0 105204000000000.0 318951000000000.0 17698400000000.0 222623000000000.0 4151430.0 53887600000000.0 1736080000000000.0 1552700000000000.0 1450330000.0 65460500000.0 258125000000.0 16351700000000.0 -4.34 4.498 [-4.34]
6165930000000000.0 1.48077e+20 729133000000.0 109718000000000.0 320029000000000.0 18621700000000.0 215944000000000.0 4647210.0 56788000000000.0 1612570000000000.0 1379190000000000.0 1688580000.0 74710800000.0 284958000000.0 17116400000000.0 -4.32 4.494 [-4.32]
6165930000000000.0 1.40442e+20 782180000000.0 114299000000000.0 320774000000000.0 19563800000000.0 209090000000000.0 5199710.0 59755500000000.0 1494870000000000.0 1222860000000000.0 1962270000.0 85137100000.0 314129000000.0 17890500000000.0 -4.3 4.49 [-4.3]
6165930000000000.0 1.33206e+20 838191000000.0 118939000000000.0 321182000000000.0 20522000000000.0 202084000000000.0 5815040.0 62783900000000.0 1383030000000000.0 1082310000000000.0 2275980000.0 96867700000.0 345788000000.0 18671800000000.0 -4.28 4.486 [-4.28]
6165920000000000.0 1.26348e+20 897252000000.0 123630000000000.0 321249000000000.0 21493600000000.0 194954000000000.0 6500340.0 65868200000000.0 1277060000000000.0 956190000000000.0 2634820000.0 110043000000.0 380092000000.0 19458200000000.0 -4.26 4.483 [-4.26]
6165940000000000.0 1.19847e+20 959441000000.0 128360000000000.0 320974000000000.0 22475800000000.0 187724000000000.0 7263470.0 69002500000000.0 1176940000000000.0 843276000000000.0 3044420000.0 124817000000.0 417202000000.0 20247400000000.0 -4.24 4.479 [-4.24]
6165940000000000.0 1.13684e+20 1024820000000.0 133120000000000.0 320350000000000.0 23465200000000.0 180423000000000.0 8113260.0 72180500000000.0 1082590000000000.0 742385000000000.0 3510950000.0 141352000000.0 457273000000.0 21036600000000.0 -4.22 4.475 [-4.22]
6165940000000000.0 1.07841e+20 1093450000000.0 137898000000000.0 319379000000000.0 24458700000000.0 173076000000000.0 9059630.0 75396000000000.0 993919000000000.0 652420000000000.0 4041190000.0 159827000000.0 500471000000.0 21823300000000.0 -4.2 4.471 [-4.2]
6165940000000000.0 1.02302e+20 1165390000000.0 142682000000000.0 318059000000000.0 25452700000000.0 165712000000000.0 10113800.0 78642700000000.0 910811000000000.0 572358000000000.0 4642550000.0 180431000000.0 546958000000.0 22604600000000.0 -4.18 4.468 [-4.18]
6165940000000000.0 9.70492e+19 1240670000000.0 147458000000000.0 316388000000000.0 26443800000000.0 158355000000000.0 11288200.0 81914100000000.0 833115000000000.0 501240000000000.0 5323090000.0 203370000000.0 596894000000.0 23377500000000.0 -4.16 4.464 [-4.16]
6165930000000000.0 9.20684e+19 1319310000000.0 152211000000000.0 314366000000000.0 27428200000000.0 151034000000000.0 12596900.0 85203200000000.0 760660000000000.0 438202000000000.0 6091550000.0 228860000000.0 650441000000.0 24139100000000.0 -4.14 4.46 [-4.14]
6165930000000000.0 8.73458e+19 1401360000000.0 156929000000000.0 311994000000000.0 28402700000000.0 143773000000000.0 14056400.0 88504500000000.0 693263000000000.0 382413000000000.0 6957490000.0 257136000000.0 707747000000.0 24886000000000.0 -4.12 4.457 [-4.12]
6165930000000000.0 8.28676e+19 1486810000000.0 161595000000000.0 309274000000000.0 29363500000000.0 136595000000000.0 15684300.0 91810100000000.0 630718000000000.0 333162000000000.0 7931130000.0 288442000000.0 768966000000.0 25615100000000.0 -4.1 4.453 [-4.1]
6165930000000000.0 7.86214e+19 1575680000000.0 166195000000000.0 306211000000000.0 30307000000000.0 129523000000000.0 17501300.0 95113800000000.0 572812000000000.0 289770000000000.0 9023510000.0 323039000000.0 834228000000.0 26322900000000.0 -4.08 4.45 [-4.08]
6165930000000000.0 7.45947e+19 1667900000000.0 170709000000000.0 302806000000000.0 31229100000000.0 122579000000000.0 19530000.0 98408000000000.0 519327000000000.0 251605000000000.0 10246300000.0 361198000000.0 903672000000.0 27006200000000.0 -4.06 4.446 [-4.06]
6165930000000000.0 7.07762e+19 1763450000000.0 175123000000000.0 299065000000000.0 32126700000000.0 115782000000000.0 21796600.0 101686000000000.0 470037000000000.0 218102000000000.0 11612000000.0 403203000000.0 977404000000.0 27661300000000.0 -4.04 4.442 [-4.04]
6165930000000000.0 6.71554e+19 1862300000000.0 179419000000000.0 294995000000000.0 32996600000000.0 109152000000000.0 24330400.0 104941000000000.0 424714000000000.0 188756000000000.0 13134200000.0 449354000000.0 1055530000000.0 28284900000000.0 -4.02 4.439 [-4.02]
6165920000000000.0 6.37218e+19 1964370000000.0 183580000000000.0 290604000000000.0 33835500000000.0 102704000000000.0 27164700.0 108167000000000.0 383128000000000.0 163092000000000.0 14826800000.0 499960000000.0 1138130000000.0 28873700000000.0 -4.0 4.435 [-4.0]
6165930000000000.0 6.04663e+19 2069610000000.0 187590000000000.0 285904000000000.0 34640900000000.0 96452700000000.0 30337300.0 111357000000000.0 345055000000000.0 140696000000000.0 16705200000.0 555343000000.0 1225270000000.0 29424300000000.0 -3.98 4.432 [-3.98]
6165940000000000.0 5.73792e+19 2177900000000.0 191429000000000.0 280900000000000.0 35409700000000.0 90411200000000.0 33890400.0 114505000000000.0 310268000000000.0 121185000000000.0 18784700000.0 615829000000.0 1316990000000.0 29933300000000.0 -3.96 4.428 [-3.96]
6165930000000000.0 5.44518e+19 2289110000000.0 195080000000000.0 275605000000000.0 36139500000000.0 84589600000000.0 37871800.0 117603000000000.0 278550000000000.0 104222000000000.0 21081800000.0 681750000000.0 1413290000000.0 30397700000000.0 -3.94 4.425 [-3.94]
6165930000000000.0 5.16762e+19 2403100000000.0 198527000000000.0 270033000000000.0 36827900000000.0 78996200000000.0 42335400.0 120645000000000.0 249687000000000.0 89502500000000.0 23613700000.0 753443000000.0 1514170000000.0 30814300000000.0 -3.92 4.421 [-3.92]
6165930000000000.0 4.90442e+19 2519760000000.0 201754000000000.0 264200000000000.0 37472900000000.0 73637600000000.0 47342700.0 123626000000000.0 223474000000000.0 76751000000000.0 26397900000.0 831251000000.0 1619570000000.0 31180300000000.0 -3.9 4.418 [-3.9]
6165930000000000.0 4.65485e+19 2638870000000.0 204744000000000.0 258119000000000.0 38072700000000.0 68518000000000.0 52962200.0 126538000000000.0 199713000000000.0 65723100000000.0 29452700000.0 915508000000.0 1729410000000.0 31492800000000.0 -3.88 4.414 [-3.88]
6165920000000000.0 4.41826e+19 2760400000000.0 207485000000000.0 251807000000000.0 38626100000000.0 63640300000000.0 59273500.0 129378000000000.0 178217000000000.0 56202600000000.0 32797500000.0 1006560000000.0 1843520000000.0 31749500000000.0 -3.86 4.411 [-3.86]
6165930000000000.0 4.19384e+19 2883820000000.0 209956000000000.0 245286000000000.0 39130500000000.0 59005200000000.0 66359900.0 132138000000000.0 158803000000000.0 47994000000000.0 36449000000.0 1104690000000.0 1961820000000.0 31947800000000.0 -3.84 4.407 [-3.84]
6165940000000000.0 3.98092e+19 3008750000000.0 212136000000000.0 238569000000000.0 39583600000000.0 54611500000000.0 74317800.0 134810000000000.0 141300000000000.0 40927800000000.0 40425500000.0 1210200000000.0 2084090000000.0 32085500000000.0 -3.82 4.404 [-3.82]
6165930000000000.0 3.77907e+19 3135490000000.0 214032000000000.0 231680000000000.0 39987300000000.0 50457600000000.0 83266000.0 137391000000000.0 125550000000000.0 34859600000000.0 44748300000.0 1323400000000.0 2209970000000.0 32161000000000.0 -3.8 4.401 [-3.8]
6165920000000000.0 3.58765e+19 3263520000000.0 215625000000000.0 224642000000000.0 40339900000000.0 46540500000000.0 93324200.0 139878000000000.0 111401000000000.0 29655300000000.0 49434600000.0 1444540000000.0 2339230000000.0 32172900000000.0 -3.78 4.397 [-3.78]
