Cloudy_runs/sbs1108/z=0.463207/component_II_PI_nH/component_II_PI_nH_col_density_param.txt
# %ECSV 1.0
# ---
# datatype:
# - {name: H, datatype: float64}
# - {name: H+, datatype: float64}
# - {name: C+, datatype: float64}
# - {name: C+2, datatype: float64}
# - {name: C+3, datatype: float64}
# - {name: N+2, datatype: float64}
# - {name: N+4, datatype: float64}
# - {name: O, datatype: float64}
# - {name: O+2, datatype: float64}
# - {name: O+5, datatype: float64}
# - {name: O+6, datatype: float64}
# - {name: Si+, datatype: float64}
# - {name: Si+2, datatype: float64}
# - {name: Si+3, datatype: float64}
# - {name: Si+4, datatype: float64}
# - {name: log_nH, datatype: float64}
# - {name: log_Te, datatype: float64}
# - {name: parameters, datatype: string, subtype: 'float64[1]'}
# schema: astropy-2.0
H H+ C+ C+2 C+3 N+2 N+4 O O+2 O+5 O+6 Si+ Si+2 Si+3 Si+4 log_nH log_Te parameters
[from data line 63]
6165930000000000.0 3.23394e+19 3522050000000.0 217861000000000.0 210202000000000.0 40888700000000.0 39396500000000.0 117345000.0 144544000000000.0 87352300000000.0 21385300000000.0 59965300000.0 1711440000000.0 2606360000000.0 32001400000000.0 -3.74 4.391 [-3.74]
6165920000000000.0 3.07067e+19 3652090000000.0 218494000000000.0 202847000000000.0 41085000000000.0 36157600000000.0 131644000.0 146715000000000.0 77197200000000.0 18128800000000.0 65843900000.0 1857530000000.0 2743300000000.0 31816800000000.0 -3.72 4.388 [-3.72]
6165930000000000.0 2.91579e+19 3782110000000.0 218796000000000.0 195434000000000.0 41229000000000.0 33131300000000.0 147723000.0 148771000000000.0 68133600000000.0 15350500000000.0 72149400000.0 2012150000000.0 2881820000000.0 31566000000000.0 -3.7 4.384 [-3.7]
6165930000000000.0 2.76889e+19 3911830000000.0 218766000000000.0 187985000000000.0 41320900000000.0 30309800000000.0 165804000.0 150710000000000.0 60056900000000.0 12983300000000.0 78894400000.0 2175310000000.0 3021310000000.0 31249200000000.0 -3.68 4.381 [-3.68]
6165940000000000.0 2.62954e+19 4040880000000.0 218402000000000.0 180526000000000.0 41361200000000.0 27684900000000.0 186133000.0 152526000000000.0 52870300000000.0 10968700000000.0 86088200000.0 2346920000000.0 3161150000000.0 30867000000000.0 -3.66 4.378 [-3.66]
6165930000000000.0 2.49732e+19 4168850000000.0 217706000000000.0 173078000000000.0 41350000000000.0 25247600000000.0 208985000.0 154214000000000.0 46484600000000.0 9256180000000.0 93736500000.0 2526800000000.0 3300580000000.0 30420500000000.0 -3.64 4.375 [-3.64]
6165930000000000.0 2.37187e+19 4295410000000.0 216682000000000.0 165665000000000.0 41288300000000.0 22989400000000.0 234672000.0 155773000000000.0 40819100000000.0 7802230000000.0 101843000000.0 2714710000000.0 3438910000000.0 29911100000000.0 -3.62 4.372 [-3.62]
6165930000000000.0 2.25283e+19 4420170000000.0 215335000000000.0 158310000000000.0 41176900000000.0 20901100000000.0 263538000.0 157199000000000.0 35799500000000.0 6569230000000.0 110406000000.0 2910260000000.0 3575300000000.0 29340800000000.0 -3.6 4.368 [-3.6]
6165930000000000.0 2.13985e+19 4542760000000.0 213671000000000.0 151033000000000.0 41016500000000.0 18973700000000.0 295966000.0 158487000000000.0 31358300000000.0 5524780000000.0 119422000000.0 3112960000000.0 3708890000000.0 28711700000000.0 -3.58 4.365 [-3.58]
6165930000000000.0 2.03262e+19 4662800000000.0 211699000000000.0 143854000000000.0 40808400000000.0 17198200000000.0 332386000.0 159635000000000.0 27434100000000.0 4641060000000.0 128879000000.0 3322210000000.0 3838810000000.0 28026800000000.0 -3.56 4.362 [-3.56]
6165930000000000.0 1.93084e+19 4779930000000.0 209429000000000.0 136792000000000.0 40553800000000.0 15565600000000.0 373276000.0 160639000000000.0 23971500000000.0 3894180000000.0 138763000000.0 3537260000000.0 3964110000000.0 27288900000000.0 -3.54 4.359 [-3.54]
6165930000000000.0 1.83422e+19 4893910000000.0 206877000000000.0 129864000000000.0 40254100000000.0 14067200000000.0 419169000.0 161498000000000.0 20920100000000.0 3263690000000.0 149055000000.0 3757270000000.0 4083840000000.0 26501900000000.0 -3.52 4.356 [-3.52]
6165930000000000.0 1.7425e+19 5004400000000.0 204055000000000.0 123089000000000.0 39910700000000.0 12694300000000.0 470655000.0 162209000000000.0 18234600000000.0 2732040000000.0 159728000000.0 3981220000000.0 4197040000000.0 25669600000000.0 -3.5 4.353 [-3.5]
6165930000000000.0 1.6554e+19 5111060000000.0 200978000000000.0 116480000000000.0 39524900000000.0 11438800000000.0 528393000.0 162769000000000.0 15874100000000.0 2284220000000.0 170747000000.0 4207950000000.0 4302780000000.0 24796100000000.0 -3.48 4.35 [-3.48]
6165930000000000.0 1.57269e+19 5213730000000.0 197666000000000.0 110052000000000.0 39098800000000.0 10292500000000.0 593109000.0 163175000000000.0 13802000000000.0 1907480000000.0 182077000000.0 4436220000000.0 4400090000000.0 23886300000000.0 -3.46 4.347 [-3.46]
6165930000000000.0 1.49414e+19 5312070000000.0 194133000000000.0 103816000000000.0 38633600000000.0 9247650000000.0 665615000.0 163426000000000.0 11985200000000.0 1590860000000.0 193672000000.0 4664610000000.0 4488070000000.0 22945000000000.0 -3.44 4.344 [-3.44]
6165930000000000.0 1.41954e+19 5406010000000.0 190401000000000.0 97782700000000.0 38131500000000.0 8297000000000.0 746806000.0 163521000000000.0 10394400000000.0 1325100000000.0 205483000000.0 4891680000000.0 4565840000000.0 21977600000000.0 -3.42 4.341 [-3.42]
6165930000000000.0 1.34868e+19 5495320000000.0 186488000000000.0 91959300000000.0 37594300000000.0 7433440000000.0 837667000.0 163457000000000.0 9003150000000.0 1102300000000.0 217455000000.0 5115800000000.0 4632590000000.0 20989300000000.0 -3.4 4.338 [-3.4]
6165930000000000.0 1.28136e+19 5579900000000.0 182414000000000.0 86353000000000.0 37024000000000.0 6650290000000.0 939297000.0 163234000000000.0 7788020000000.0 915739000000.0 229529000000.0 5335360000000.0 4687590000000.0 19985800000000.0 -3.38 4.335 [-3.38]
6165930000000000.0 1.21742e+19 5659710000000.0 178199000000000.0 80968500000000.0 36422700000000.0 5941220000000.0 1052910000.0 162851000000000.0 6728050000000.0 759716000000.0 241644000000.0 5548670000000.0 4730190000000.0 18972900000000.0 -3.36 4.332 [-3.36]
6165930000000000.0 1.15667e+19 5734630000000.0 173863000000000.0 75809300000000.0 35792400000000.0 5300280000000.0 1179830000.0 162306000000000.0 5804600000000.0 629396000000.0 253731000000.0 5754000000000.0 4759880000000.0 17956200000000.0 -3.34 4.329 [-3.34]
6165930000000000.0 1.09896e+19 5804630000000.0 169424000000000.0 70877200000000.0 35135200000000.0 4721840000000.0 1321530000.0 161601000000000.0 5001110000000.0 520685000000.0 265725000000.0 5949640000000.0 4776250000000.0 16941400000000.0 -3.32 4.325 [-3.32]
6165940000000000.0 1.04412e+19 5869590000000.0 164898000000000.0 66175200000000.0 34452400000000.0 4200780000000.0 1479560000.0 160734000000000.0 4302950000000.0 430124000000.0 277555000000.0 6133940000000.0 4779060000000.0 15934200000000.0 -3.3 4.322 [-3.3]
6165940000000000.0 9.92029e+18 5929820000000.0 160312000000000.0 61697900000000.0 33748000000000.0 3731970000000.0 1655730000.0 159707000000000.0 3697100000000.0 354788000000.0 289159000000.0 6305390000000.0 4768160000000.0 14939800000000.0 -3.28 4.319 [-3.28]
6165940000000000.0 9.42534e+18 5985290000000.0 155680000000000.0 57445100000000.0 33023500000000.0 3310900000000.0 1851940000.0 158521000000000.0 3172070000000.0 292203000000.0 300471000000.0 6462510000000.0 4743580000000.0 13963500000000.0 -3.26 4.316 [-3.26]
6165940000000000.0 8.95506e+18 6036040000000.0 151018000000000.0 53413700000000.0 32280800000000.0 2933290000000.0 2070340000.0 157176000000000.0 2717660000000.0 240283000000.0 311429000000.0 6603980000000.0 4705490000000.0 13009800000000.0 -3.24 4.313 [-3.24]
6165930000000000.0 8.50825e+18 6082230000000.0 146342000000000.0 49599400000000.0 31522400000000.0 2595210000000.0 2313190000.0 155675000000000.0 2324940000000.0 197276000000.0 321978000000.0 6728670000000.0 4654210000000.0 12083100000000.0 -3.22 4.31 [-3.22]
6165940000000000.0 8.08379e+18 6123760000000.0 141668000000000.0 45999000000000.0 30750400000000.0 2293060000000.0 2582960000.0 154020000000000.0 1986090000000.0 161712000000.0 332055000000.0 6835510000000.0 4590370000000.0 11187500000000.0 -3.2 4.307 [-3.2]
6165930000000000.0 7.68041e+18 6161110000000.0 137009000000000.0 42603700000000.0 29966800000000.0 2023280000000.0 2882490000.0 152213000000000.0 1693980000000.0 132335000000.0 341637000000.0 6923960000000.0 4514340000000.0 10326000000000.0 -3.18 4.304 [-3.18]
6165930000000000.0 7.29708e+18 6194410000000.0 132378000000000.0 39408400000000.0 29173500000000.0 1782800000000.0 3214790000.0 150258000000000.0 1442520000000.0 108108000000.0 350692000000.0 6993520000000.0 4426850000000.0 9501370000000.0 -3.16 4.3 [-3.16]
6165930000000000.0 6.93295e+18 6223560000000.0 127789000000000.0 36407500000000.0 28373300000000.0 1568860000000.0 3582880000.0 148160000000000.0 1226530000000.0 88169900000.0 359165000000.0 7043700000000.0 4328990000000.0 8716300000000.0 -3.14 4.297 [-3.14]
6165940000000000.0 6.58702e+18 6248860000000.0 123251000000000.0 33593400000000.0 27568000000000.0 1378780000000.0 3990340000.0 145922000000000.0 1041210000000.0 71784500000.0 367049000000.0 7074550000000.0 4221570000000.0 7972340000000.0 -3.12 4.294 [-3.12]
6165930000000000.0 6.25834e+18 6270410000000.0 118774000000000.0 30958700000000.0 26759400000000.0 1210160000000.0 4440900000.0 143549000000000.0 882453000000.0 58341100000.0 374328000000.0 7086180000000.0 4105630000000.0 7270600000000.0 -3.1 4.291 [-3.1]
6165930000000000.0 5.94606e+18 6288330000000.0 114365000000000.0 28496300000000.0 25949200000000.0 1060800000000.0 4938590000.0 141046000000000.0 746668000000.0 47330300000.0 380999000000.0 7078940000000.0 3982260000000.0 6611730000000.0 -3.08 4.288 [-3.08]
6165930000000000.0 5.64937e+18 6302860000000.0 110033000000000.0 26197600000000.0 25139500000000.0 928677000000.0 5487850000.0 138420000000000.0 630714000000.0 38327700000.0 387066000000.0 7053450000000.0 3852510000000.0 5995850000000.0 -3.06 4.284 [-3.06]
6165940000000000.0 5.36737e+18 6313870000000.0 105783000000000.0 24055200000000.0 24331500000000.0 811968000000.0 6093440000.0 135674000000000.0 531836000000.0 30978300000.0 392531000000.0 7010170000000.0 3717580000000.0 5422520000000.0 -3.04 4.281 [-3.04]
6165940000000000.0 5.09959e+18 6321990000000.0 101624000000000.0 22061900000000.0 23527700000000.0 709065000000.0 6760070000.0 132821000000000.0 447701000000.0 24993200000.0 397432000000.0 6950490000000.0 3578440000000.0 4891330000000.0 -3.02 4.278 [-3.02]
6165940000000000.0 4.84518e+18 6327120000000.0 97559700000000.0 20209400000000.0 22729200000000.0 618439000000.0 7493270000.0 129864000000000.0 376212000000.0 20126300000.0 401780000000.0 6875190000000.0 3436230000000.0 4401020000000.0 -3.0 4.275 [-3.0]
6165930000000000.0 4.60348e+18 6329380000000.0 93593000000000.0 18490500000000.0 21937500000000.0 538745000000.0 8298730000.0 126811000000000.0 315575000000.0 16176300000.0 405604000000.0 6785360000000.0 3291970000000.0 3950210000000.0 -2.98 4.272 [-2.98]
6165930000000000.0 4.37387e+18 6328920000000.0 89727800000000.0 16897500000000.0 21153900000000.0 468759000000.0 9182620000.0 123671000000000.0 264232000000.0 12976600000.0 408938000000.0 6682240000000.0 3146640000000.0 3537260000000.0 -2.96 4.268 [-2.96]
6165940000000000.0 4.15574e+18 6325860000000.0 85966700000000.0 15423400000000.0 20379800000000.0 407387000000.0 10151300000.0 120453000000000.0 220838000000.0 10389700000.0 411818000000.0 6567060000000.0 3001170000000.0 3160370000000.0 -2.94 4.265 [-2.94]
6165940000000000.0 3.94842e+18 6319930000000.0 82308800000000.0 14061100000000.0 19615600000000.0 353637000000.0 11211700000.0 117162000000000.0 184220000000.0 8301720000.0 414268000000.0 6440750000000.0 2856500000000.0 2817460000000.0 -2.92 4.262 [-2.92]
6165930000000000.0 3.75157e+18 6311950000000.0 78760500000000.0 12803800000000.0 18863500000000.0 306634000000.0 12371000000.0 113811000000000.0 153391000000.0 6620790000.0 416354000000.0 6305260000000.0 2713150000000.0 2506660000000.0 -2.9 4.259 [-2.9]
6165930000000000.0 3.56484e+18 6301940000000.0 75325700000000.0 11646000000000.0 18125100000000.0 265624000000.0 13635800000.0 110415000000000.0 127506000000.0 5271260000.0 418101000000.0 6162000000000.0 2572020000000.0 2226040000000.0 -2.88 4.255 [-2.88]
6165940000000000.0 3.38705e+18 6289090000000.0 71990700000000.0 10579100000000.0 17398200000000.0 229802000000.0 15016600000.0 106966000000000.0 105755000000.0 4186940000.0 419545000000.0 6010870000000.0 2433600000000.0 1972790000000.0 -2.86 4.252 [-2.86]
6165940000000000.0 3.21823e+18 6274240000000.0 68765400000000.0 9598390000000.0 16685700000000.0 198602000000.0 16520100000.0 103484000000000.0 87547600000.0 3319290000.0 420734000000.0 5854090000000.0 2298370000000.0 1745270000000.0 -2.84 4.249 [-2.84]
6165940000000000.0 3.05791e+18 6257440000000.0 65649000000000.0 8698100000000.0 15988300000000.0 171460000000.0 18155200000.0 99978800000000.0 72335200000.0 2626370000.0 421706000000.0 5692740000000.0 2166790000000.0 1541410000000.0 -2.82 4.245 [-2.82]
6165940000000000.0 2.90562e+18 6238640000000.0 62639700000000.0 7872670000000.0 15306200000000.0 147876000000.0 19931100000.0 96457900000000.0 59648300000.0 2074020000.0 422492000000.0 5527770000000.0 2039240000000.0 1359180000000.0 -2.8 4.242 [-2.8]
6165940000000000.0 2.76098e+18 6217900000000.0 59736600000000.0 7116890000000.0 14640000000000.0 127407000000.0 21857100000.0 92930200000000.0 49088700000.0 1634620000.0 423127000000.0 5360170000000.0 1916020000000.0 1196660000000.0 -2.78 4.239 [-2.78]
6165940000000000.0 2.6236e+18 6195260000000.0 56938200000000.0 6425820000000.0 13990100000000.0 109664000000.0 23942900000.0 89404600000000.0 40317700000.0 1285810000.0 423642000000.0 5190860000000.0 1797350000000.0 1052060000000.0 -2.76 4.236 [-2.76]
6165940000000000.0 2.49295e+18 6170800000000.0 54239600000000.0 5793990000000.0 13356000000000.0 94284100000.0 26200700000.0 85884800000000.0 33040200000.0 1009220000.0 424072000000.0 5020450000000.0 1683230000000.0 923558000000.0 -2.74 4.232 [-2.74]
6165940000000000.0 2.36913e+18 6144370000000.0 51648300000000.0 5219060000000.0 12740200000000.0 81009900000.0 28634200000.0 82391800000000.0 27031300000.0 790955000.0 424418000000.0 4850230000000.0 1574300000000.0 809881000000.0 -2.72 4.229 [-2.72]
6165940000000000.0 2.25139e+18 6116180000000.0 49153200000000.0 4694820000000.0 12140600000000.0 69528500000.0 31259800000.0 78920900000000.0 22065500000.0 618558000.0 424727000000.0 4680370000000.0 1470100000000.0 709240000000.0 -2.7 4.226 [-2.7]
6165940000000000.0 2.13953e+18 6086160000000.0 46755000000000.0 4217990000000.0 11558100000000.0 59619000000.0 34085800000.0 75483400000000.0 17974300000.0 482804000.0 425011000000.0 4511600000000.0 1370810000000.0 620374000000.0 -2.68 4.223 [-2.68]
6165940000000000.0 2.03329e+18 6054370000000.0 44451800000000.0 3784890000000.0 10992700000000.0 51075600000.0 37122100000.0 72086800000000.0 14611000000.0 376127000.0 425287000000.0 4344490000000.0 1276430000000.0 542040000000.0 -2.66 4.219 [-2.66]
6165940000000000.0 1.9322e+18 6020680000000.0 42237200000000.0 3391480000000.0 10443500000000.0 43707700000.0 40382600000.0 68731600000000.0 11848400000.0 292369000.0 425578000000.0 4179130000000.0 1186770000000.0 473013000000.0 -2.64 4.216 [-2.64]
6165940000000000.0 1.83648e+18 5985360000000.0 40120000000000.0 3036090000000.0 9913220000000.0 37384700000.0 43865700000.0 65440900000000.0 9592640000.0 226978000.0 425869000000.0 4016870000000.0 1102180000000.0 412492000000.0 -2.62 4.213 [-2.62]
6165940000000000.0 1.74542e+18 5948280000000.0 38087500000000.0 2714170000000.0 9399200000000.0 31942200000.0 47591500000.0 62205100000000.0 7747720000.0 175837000.0 426191000000.0 3857240000000.0 1022120000000.0 359317000000.0 -2.6 4.21 [-2.6]
6165940000000000.0 1.65883e+18 5909540000000.0 36138200000000.0 2423020000000.0 8901590000000.0 27263200000.0 51568600000.0 59030700000000.0 6242710000.0 135937000.0 426542000000.0 3700610000000.0 946485000000.0 312671000000.0 -2.58 4.206 [-2.58]
6165940000000000.0 1.57679e+18 5868990000000.0 34277000000000.0 2161050000000.0 8422060000000.0 23258200000.0 55792500000.0 55934700000000.0 5021320000.0 104959000.0 426921000000.0 3547720000000.0 875558000000.0 271919000000.0 -2.56 4.203 [-2.56]
6165940000000000.0 1.49879e+18 5826820000000.0 32494200000000.0 1924750000000.0 7958720000000.0 19820800000.0 60281800000.0 52910000000000.0 4029170000.0 80878300.0 427331000000.0 3398310000000.0 808779000000.0 236254000000.0 -2.54 4.2 [-2.54]
