Cloudy_runs/phl1811/z=0.080928/logZ=-1/component_II_PI_nH/component_II_PI_nH_col_density_param.txt
# %ECSV 1.0
# ---
# datatype:
# - {name: H, datatype: float64}
# - {name: H+, datatype: float64}
# - {name: C+, datatype: float64}
# - {name: C+2, datatype: float64}
# - {name: C+3, datatype: float64}
# - {name: N+, datatype: float64}
# - {name: N+2, datatype: float64}
# - {name: N+4, datatype: float64}
# - {name: O, datatype: float64}
# - {name: O+2, datatype: float64}
# - {name: O+5, datatype: float64}
# - {name: O+6, datatype: float64}
# - {name: P+, datatype: float64}
# - {name: Si+, datatype: float64}
# - {name: Si+2, datatype: float64}
# - {name: Si+3, datatype: float64}
# - {name: Si+4, datatype: float64}
# - {name: Fe+, datatype: float64}
# - {name: Al+, datatype: float64}
# - {name: log_nH, datatype: float64}
# - {name: parameters, datatype: string, subtype: 'float64[1]'}
# schema: astropy-2.0
H H+ C+ C+2 C+3 N+ N+2 N+4 O O+2 O+5 O+6 P+ Si+ Si+2 Si+3 Si+4 Fe+ Al+ log_nH parameters
2398830000000000.0 7.64159e+19 199285000000.0 27915300000000.0 96525900000000.0 14459600000.0 4450520000000.0 83166600000000.0 1115080.0 12256500000000.0 891885000000000.0 1240140000000000.0 10993600.0 180847000.0 8548030000.0 38216400000.0 3535020000000.0 40254.9 5679530.0 -5.0 [-5.0]
2398830000000000.0 7.23855e+19 215505000000.0 29373300000000.0 97729000000000.0 15767400000.0 4728250000000.0 81778600000000.0 1248430.0 13059700000000.0 842935000000000.0 1117950000000000.0 12892100.0 213605000.0 9886510000.0 42760100000.0 3746910000000.0 48862.9 6775680.0 -4.98 [-4.98]
2398830000000000.0 6.85775e+19 232807000000.0 30871100000000.0 98833400000000.0 17177500000.0 5017290000000.0 80280300000000.0 1397570.0 13896900000000.0 794975000000000.0 1005920000000000.0 15093600.0 251812000.0 11416300000.0 47769700000.0 3965610000000.0 59259.5 8063950.0 -4.96 [-4.96]
2398830000000000.0 6.49773e+19 251229000000.0 32406800000000.0 99836600000000.0 18693500000.0 5317170000000.0 78676100000000.0 1564080.0 14767000000000.0 748152000000000.0 903385000000000.0 17640300.0 296282000.0 13162000000.0 53285800000.0 4190910000000.0 71801.2 9575030.0 -4.94 [-4.94]
2398830000000000.0 6.15727e+19 270816000000.0 33978600000000.0 100736000000000.0 20320400000.0 5627520000000.0 76971100000000.0 1749910.0 15669100000000.0 702589000000000.0 809748000000000.0 20581100.0 347935000.0 15150700000.0 59349600000.0 4422480000000.0 86914.3 11343800.0 -4.92 [-4.92]
2398830000000000.0 5.8352e+19 291616000000.0 35584800000000.0 101528000000000.0 22063000000.0 5947870000000.0 75171000000000.0 1957180.0 16602300000000.0 658401000000000.0 724418000000000.0 23970400.0 407811000.0 17412600000.0 66005400000.0 4659980000000.0 105106.0 13410100.0 -4.9 [-4.9]
2398830000000000.0 5.53047e+19 313672000000.0 37223000000000.0 102211000000000.0 23925500000.0 6277600000000.0 73282000000000.0 2188280.0 17565200000000.0 615689000000000.0 646827000000000.0 27869000.0 477073000.0 19980700000.0 73299200000.0 4902970000000.0 126978.0 15819100.0 -4.88 [-4.88]
2398830000000000.0 5.24207e+19 337028000000.0 38890800000000.0 102784000000000.0 25912200000.0 6616060000000.0 71311000000000.0 2445870.0 18556700000000.0 574538000000000.0 576419000000000.0 32345000.0 557031000.0 22891900000.0 81279500000.0 5150980000000.0 153244.0 18622400.0 -4.86 [-4.86]
2398830000000000.0 4.96907e+19 361730000000.0 40585600000000.0 103242000000000.0 28027400000.0 6962510000000.0 69265000000000.0 2732990.0 19575400000000.0 535015000000000.0 512666000000000.0 37474800.0 649153000.0 26186400000.0 89997000000.0 5403500000000.0 184755.0 21878700.0 -4.84 [-4.84]
2398830000000000.0 4.71061e+19 387805000000.0 42303700000000.0 103586000000000.0 30273600000.0 7315910000000.0 67151900000000.0 3052780.0 20619100000000.0 497176000000000.0 455084000000000.0 43340500.0 755046000.0 29908000000.0 99503900000.0 5659910000000.0 222504.0 25653700.0 -4.82 [-4.82]
2398830000000000.0 4.46584e+19 415287000000.0 44041800000000.0 103812000000000.0 32653700000.0 7675290000000.0 64979700000000.0 3408890.0 21685800000000.0 461056000000000.0 403186000000000.0 50034500.0 876518000.0 34104900000.0 109856000000.0 5919560000000.0 267676.0 30022300.0 -4.8 [-4.8]
2398830000000000.0 4.23401e+19 444209000000.0 45796100000000.0 103919000000000.0 35170100000.0 8039570000000.0 62756800000000.0 3805490.0 22773900000000.0 426684000000000.0 356506000000000.0 57659000.0 1015570000.0 38829800000.0 121109000000.0 6181760000000.0 321665.0 35069100.0 -4.78 [-4.78]
2398830000000000.0 4.01441e+19 474600000000.0 47562500000000.0 103906000000000.0 37825400000.0 8407630000000.0 60492200000000.0 4247220.0 23881200000000.0 394073000000000.0 314624000000000.0 66326700.0 1174410000.0 44139800000.0 133321000000.0 6445730000000.0 386110.0 40888800.0 -4.76 [-4.76]
2398830000000000.0 3.80638e+19 506489000000.0 49336800000000.0 103772000000000.0 40621500000.0 8778270000000.0 58194700000000.0 4739360.0 25005600000000.0 363220000000000.0 277128000000000.0 76161700.0 1355480000.0 50097100000.0 146552000000.0 6710650000000.0 462944.0 47588100.0 -4.74 [-4.74]
2398830000000000.0 3.60929e+19 539891000000.0 51114200000000.0 103516000000000.0 43559300000.0 9150170000000.0 55873600000000.0 5287730.0 26144800000000.0 334117000000000.0 243635000000000.0 87298700.0 1561420000.0 56768400000.0 160860000000.0 6975630000000.0 554429.0 55286400.0 -4.72 [-4.72]
2398830000000000.0 3.42255e+19 574823000000.0 52889700000000.0 103137000000000.0 46639700000.0 9521980000000.0 53537800000000.0 5899020.0 27296500000000.0 306739000000000.0 213783000000000.0 99885300.0 1795170000.0 64226200000.0 176308000000.0 7239740000000.0 663202.0 64115000.0 -4.7 [-4.7]
2398830000000000.0 3.2456e+19 611293000000.0 54657800000000.0 102635000000000.0 49863000000.0 9892330000000.0 51196600000000.0 6580650.0 28458200000000.0 281057000000000.0 187240000000000.0 114081000.0 2059910000.0 72547800000.0 192955000000.0 7501990000000.0 792317.0 74217700.0 -4.68 [-4.68]
2398830000000000.0 3.07792e+19 649302000000.0 56412900000000.0 102009000000000.0 53229000000.0 10259800000000.0 48859000000000.0 7341040.0 29627400000000.0 257028000000000.0 163692000000000.0 130061000.0 2359090000.0 81816400000.0 210862000000.0 7761350000000.0 945386.0 85760700.0 -4.66 [-4.66]
2398830000000000.0 2.91902e+19 688849000000.0 58149200000000.0 101261000000000.0 56736900000.0 10623000000000.0 46533600000000.0 8189730.0 30801700000000.0 234607000000000.0 142848000000000.0 148014000.0 2696450000.0 92120600000.0 230088000000.0 8016750000000.0 1126640.0 98929900.0 -4.64 [-4.64]
2398830000000000.0 2.76842e+19 729921000000.0 59860500000000.0 100390000000000.0 60386000000.0 10980500000000.0 44229000000000.0 9137500.0 31978700000000.0 213740000000000.0 124436000000000.0 168146000.0 3076050000.0 103555000000.0 250691000000.0 8267060000000.0 1340980.0 113928000.0 -4.62 [-4.62]
2398830000000000.0 2.6257e+19 772502000000.0 61540500000000.0 99398100000000.0 64174900000.0 11330900000000.0 41953200000000.0 10196600.0 33155700000000.0 194369000000000.0 108207000000000.0 190677000.0 3502250000.0 116219000000.0 272728000000.0 8511160000000.0 1594100.0 130981000.0 -4.6 [-4.6]
2398830000000000.0 2.49043e+19 816566000000.0 63182600000000.0 98286200000000.0 68102300000.0 11672900000000.0 39713700000000.0 11380800.0 34330500000000.0 176432000000000.0 93931200000000.0 215843000.0 3979710000.0 130218000000.0 296249000000.0 8747850000000.0 1892570.0 150335000.0 -4.58 [-4.58]
2398830000000000.0 2.36222e+19 862081000000.0 64780200000000.0 97056500000000.0 72166100000.0 12005000000000.0 37517800000000.0 12705800.0 35500400000000.0 159864000000000.0 81399700000000.0 243895000.0 4513390000.0 145663000000.0 321302000000.0 8975920000000.0 2244020.0 172262000.0 -4.56 [-4.56]
2398830000000000.0 2.2407e+19 909002000000.0 66326500000000.0 95711100000000.0 76364300000.0 12326000000000.0 35371900000000.0 14189200.0 36663100000000.0 144596000000000.0 70421100000000.0 275103000.0 5108620000.0 162668000000.0 347932000000.0 9194190000000.0 2657260.0 197061000.0 -4.54 [-4.54]
2398830000000000.0 2.12552e+19 957282000000.0 67814600000000.0 94253100000000.0 80695100000.0 12634700000000.0 33281800000000.0 15851200.0 37815900000000.0 130558000000000.0 60825600000000.0 309753000.0 5771000000.0 181354000000.0 376174000000.0 9401430000000.0 3142440.0 225057000.0 -4.52 [-4.52]
2398830000000000.0 2.01636e+19 1006870000000.0 69237900000000.0 92685600000000.0 85156500000.0 12930000000000.0 31252800000000.0 17714400.0 38956500000000.0 117682000000000.0 52456700000000.0 348149000.0 6506470000.0 201846000000.0 406060000000.0 9596450000000.0 3711230.0 256607000.0 -4.5 [-4.5]
2398830000000000.0 1.9129e+19 1057690000000.0 70589700000000.0 91012500000000.0 89746700000.0 13210800000000.0 29289400000000.0 19804400.0 40082600000000.0 105897000000000.0 45171000000000.0 390607000.0 7321250000.0 224269000000.0 437609000000.0 9778040000000.0 4377050.0 292097000.0 -4.48 [-4.48]
2398830000000000.0 1.81483e+19 1109680000000.0 71863300000000.0 89238200000000.0 94462900000.0 13476100000000.0 27395500000000.0 22150400.0 41191700000000.0 95135300000000.0 38839500000000.0 437458000.0 8221870000.0 248756000000.0 470835000000.0 9945030000000.0 5155230.0 331948000.0 -4.46 [-4.46]
2398830000000000.0 1.72187e+19 1162740000000.0 73052200000000.0 87367500000000.0 99303300000.0 13724900000000.0 25574200000000.0 24785200.0 42281700000000.0 85328300000000.0 33347000000000.0 489044000.0 9215050000.0 275436000000.0 505738000000.0 10096300000000.0 6063370.0 376612000.0 -4.44 [-4.44]
2398830000000000.0 1.63376e+19 1216770000000.0 74150300000000.0 85405900000000.0 104265000000.0 13956500000000.0 23827900000000.0 27745700.0 43350300000000.0 76410200000000.0 28590400000000.0 545721000.0 10307800000.0 304443000000.0 542311000000.0 10230700000000.0 7121490.0 426577000.0 -4.42 [-4.42]
2398830000000000.0 1.55024e+19 1271690000000.0 75151500000000.0 83359100000000.0 109347000000.0 14170100000000.0 22158600000000.0 31073800.0 44395300000000.0 68316800000000.0 24478000000000.0 607846000.0 11507300000.0 335905000000.0 580526000000.0 10347300000000.0 8352420.0 482369000.0 -4.4 [-4.4]
2398830000000000.0 1.47106e+19 1327350000000.0 76049500000000.0 81232700000000.0 114545000000.0 14365000000000.0 20567100000000.0 34817000.0 45414000000000.0 60986000000000.0 20928100000000.0 675798000.0 12820600000.0 369950000000.0 620344000000.0 10444900000000.0 9782070.0 544544000.0 -4.38 [-4.38]
2398830000000000.0 1.396e+19 1383640000000.0 76840200000000.0 79034400000000.0 119858000000.0 14540700000000.0 19054400000000.0 39028000.0 46405000000000.0 54359300000000.0 17868800000000.0 749923000.0 14255200000.0 406700000000.0 661711000000.0 10522700000000.0 11439800.0 613703000.0 -4.36 [-4.36]
2398830000000000.0 1.32485e+19 1440450000000.0 77519100000000.0 76771600000000.0 125284000000.0 14696800000000.0 17620400000000.0 43766900.0 47366200000000.0 48380600000000.0 15236500000000.0 830575000.0 15818500000.0 446272000000.0 704554000000.0 10579900000000.0 13359000.0 690481000.0 -4.34 [-4.34]
2398830000000000.0 1.2574e+19 1497630000000.0 78081900000000.0 74451600000000.0 130821000000.0 14833000000000.0 16264600000000.0 49101000.0 48295500000000.0 42996500000000.0 12975000000000.0 918096000.0 17517500000.0 488772000000.0 748785000000.0 10615800000000.0 15577200.0 775549000.0 -4.32 [-4.32]
2398830000000000.0 1.19345e+19 1555040000000.0 78525300000000.0 72082500000000.0 136468000000.0 14949000000000.0 14986200000000.0 55106200.0 49191000000000.0 38156300000000.0 11034900000000.0 1012810000.0 19359200000.0 534294000000.0 794290000000.0 10629600000000.0 18136800.0 869614000.0 -4.3 [-4.3]
2398830000000000.0 1.13282e+19 1612520000000.0 78846500000000.0 69672300000000.0 142221000000.0 15044600000000.0 13783800000000.0 61867600.0 50050900000000.0 33813000000000.0 9372980000000.0 1114990000.0 21350500000.0 582918000000.0 840939000000.0 10621000000000.0 21085400.0 973416000.0 -4.28 [-4.28]
2398830000000000.0 1.07533e+19 1669900000000.0 79043400000000.0 67229500000000.0 148079000000.0 15119600000000.0 12655600000000.0 69480800.0 50873200000000.0 29922000000000.0 7951260000000.0 1224910000.0 23497200000.0 634700000000.0 888578000000.0 10589400000000.0 24476600.0 1087730000.0 -4.26 [-4.26]
2398830000000000.0 1.02082e+19 1727040000000.0 79114700000000.0 64762400000000.0 154040000000.0 15174200000000.0 11599600000000.0 78053100.0 51656300000000.0 26442000000000.0 6736720000000.0 1342760000.0 25805300000.0 689683000000.0 937031000000.0 10534600000000.0 28370200.0 1213350000.0 -4.24 [-4.24]
2398830000000000.0 9.69129e+18 1783780000000.0 79060300000000.0 62279800000000.0 160102000000.0 15208300000000.0 10613500000000.0 87705300.0 52398500000000.0 23334900000000.0 5700650000000.0 1468710000.0 28279600000.0 747876000000.0 986093000000.0 10456400000000.0 32833200.0 1351110000.0 -4.22 [-4.22]
2398830000000000.0 9.20108e+18 1839950000000.0 78880300000000.0 59790000000000.0 166265000000.0 15222100000000.0 9694820000000.0 98571700.0 53098000000000.0 20565100000000.0 4817970000000.0 1602830000.0 30924000000.0 809263000000.0 1035540000000.0 10354900000000.0 37940100.0 1501860000.0 -4.2 [-4.2]
2398830000000000.0 8.73615e+18 1895390000000.0 78575600000000.0 57301600000000.0 172525000000.0 15215800000000.0 8840870000000.0 110804000.0 53753300000000.0 18099800000000.0 4066940000000.0 1745130000.0 33741200000.0 873790000000.0 1085130000000.0 10230100000000.0 43774500.0 1666450000.0 -4.18 [-4.18]
2398830000000000.0 8.29512e+18 1949920000000.0 78148000000000.0 54822600000000.0 178879000000.0 15189700000000.0 8048800000000.0 124570000.0 54362900000000.0 15908800000000.0 3428740000000.0 1895520000.0 36732700000.0 941369000000.0 1134590000000.0 10082400000000.0 50428500.0 1845770000.0 -4.16 [-4.16]
2398830000000000.0 7.87675e+18 2003390000000.0 77600100000000.0 52361200000000.0 185327000000.0 15144100000000.0 7315710000000.0 140059000.0 54925100000000.0 13964600000000.0 2887100000000.0 2053820000.0 39898500000.0 1011870000000.0 1183630000000.0 9912290000000.0 58005100.0 2040690000.0 -4.14 [-4.14]
2398830000000000.0 7.47982e+18 2055630000000.0 76935200000000.0 49925100000000.0 191864000000.0 15079400000000.0 6638630000000.0 157480000.0 55438600000000.0 12241800000000.0 2428000000000.0 2219720000.0 43236800000.0 1085110000000.0 1231940000000.0 9720340000000.0 66617200.0 2252080000.0 -4.12 [-4.12]
2398830000000000.0 7.1028e+18 2106150000000.0 76151800000000.0 47521100000000.0 198464000000.0 14995300000000.0 6014410000000.0 177066000.0 55900600000000.0 10717000000000.0 2039110000000.0 2392400000.0 46739300000.0 1160790000000.0 1279270000000.0 9507090000000.0 76391900.0 2480770000.0 -4.1 [-4.1]
2398830000000000.0 6.74542e+18 2155490000000.0 75265700000000.0 45156800000000.0 205177000000.0 14893800000000.0 5440360000000.0 199085000.0 56312600000000.0 9370200000000.0 1710520000000.0 2572220000.0 50409700000.0 1238780000000.0 1325120000000.0 9274050000000.0 87465800.0 2727660000.0 -4.08 [-4.08]
2398830000000000.0 6.40625e+18 2203190000000.0 74276600000000.0 42838100000000.0 211976000000.0 14774800000000.0 4913360000000.0 223827000.0 56671900000000.0 8181880000000.0 1433040000000.0 2758130000.0 54235700000.0 1318690000000.0 1369210000000.0 9022110000000.0 99993000.0 2993520000.0 -4.06 [-4.06]
2398830000000000.0 6.08415e+18 2248900000000.0 73187400000000.0 40570900000000.0 218841000000.0 14638500000000.0 4430430000000.0 251612000.0 56976600000000.0 7134670000000.0 1198930000000.0 2949080000.0 58203500000.0 1400070000000.0 1411230000000.0 8752400000000.0 114141000.0 3279070000.0 -4.04 [-4.04]
2398830000000000.0 5.77859e+18 2292970000000.0 72010700000000.0 38360500000000.0 225807000000.0 14486300000000.0 3988840000000.0 282804000.0 57227100000000.0 6213400000000.0 1001810000000.0 3144870000.0 62308500000.0 1482610000000.0 1450700000000.0 8466720000000.0 130093000.0 3585100000.0 -4.02 [-4.02]
2398830000000000.0 5.48852e+18 2335040000000.0 70749500000000.0 36211600000000.0 232852000000.0 14318400000000.0 3585740000000.0 317801000.0 57421500000000.0 5403880000000.0 835968000000.0 3344230000.0 66531800000.0 1565760000000.0 1487330000000.0 8166520000000.0 148052000.0 3912210000.0 -4.0 [-4.0]
2398830000000000.0 5.21312e+18 2375060000000.0 69411100000000.0 34128000000000.0 239979000000.0 14135700000000.0 3218460000000.0 357045000.0 57559000000000.0 4693490000000.0 696622000000.0 3546160000.0 70857000000.0 1649000000000.0 1520740000000.0 7853540000000.0 168238000.0 4260970000.0 -3.98 [-3.98]
2398830000000000.0 4.95161e+18 2412940000000.0 68002400000000.0 32113200000000.0 247185000000.0 13938900000000.0 2884430000000.0 401028000.0 57638300000000.0 4070940000000.0 579689000000.0 3749540000.0 75264300000.0 1731740000000.0 1550620000000.0 7529640000000.0 190894000.0 4631840000.0 -3.96 [-3.96]
