Cloudy_runs/phl1811/z=0.080928/logZ=-1/component_II_PI_nH/component_II_PI_nH_col_density_param.txt
# %ECSV 1.0
# ---
# datatype:
# - {name: H, datatype: float64}
# - {name: H+, datatype: float64}
# - {name: C+, datatype: float64}
# - {name: C+2, datatype: float64}
# - {name: C+3, datatype: float64}
# - {name: N+, datatype: float64}
# - {name: N+2, datatype: float64}
# - {name: N+4, datatype: float64}
# - {name: O, datatype: float64}
# - {name: O+2, datatype: float64}
# - {name: O+5, datatype: float64}
# - {name: O+6, datatype: float64}
# - {name: P+, datatype: float64}
# - {name: Si+, datatype: float64}
# - {name: Si+2, datatype: float64}
# - {name: Si+3, datatype: float64}
# - {name: Si+4, datatype: float64}
# - {name: Fe+, datatype: float64}
# - {name: Al+, datatype: float64}
# - {name: log_nH, datatype: float64}
# - {name: parameters, datatype: string, subtype: 'float64[1]'}
# schema: astropy-2.0
H H+ C+ C+2 C+3 N+ N+2 N+4 O O+2 O+5 O+6 P+ Si+ Si+2 Si+3 Si+4 Fe+ Al+ log_nH parameters
[from data line 54]
2398830000000000.0 4.46749e+18 2482130000000.0 65004400000000.0 28301000000000.0 261842000000.0 13506100000000.0 2306370000000.0 505432000.0 57620200000000.0 3049940000000.0 399683000000.0 4156160000.0 84241400000.0 1893340000000.0 1598470000000.0 6857150000000.0 244694000.0 5441330000.0 -3.92 [-3.92]
2398830000000000.0 4.24354e+18 2513370000000.0 63429900000000.0 26507300000000.0 269294000000.0 13271800000000.0 2057760000000.0 567109000.0 57521300000000.0 2634340000000.0 331139000000.0 4357040000.0 88764200000.0 1970910000000.0 1615910000000.0 6512700000000.0 276435000.0 5880340000.0 -3.9 [-3.9]
2398830000000000.0 4.03085e+18 2542380000000.0 61815000000000.0 24790100000000.0 276831000000.0 13026800000000.0 1833250000000.0 636046000.0 57361900000000.0 2272120000000.0 273933000000.0 4554740000.0 93276900000.0 2045460000000.0 1628730000000.0 6165640000000.0 311847000.0 6342230000.0 -3.88 [-3.88]
2398830000000000.0 3.82884e+18 2569140000000.0 60166700000000.0 23150000000000.0 284456000000.0 12771900000000.0 1630840000000.0 713044000.0 57141500000000.0 1956820000000.0 226256000000.0 4748080000.0 97753700000.0 2116350000000.0 1636760000000.0 5818060000000.0 351299000.0 6826870000.0 -3.86 [-3.86]
2398830000000000.0 3.63696e+18 2593670000000.0 58492000000000.0 21587100000000.0 292173000000.0 12507900000000.0 1448670000000.0 798973000.0 56860000000000.0 1682780000000.0 186579000000.0 4935990000.0 102169000000.0 2182950000000.0 1639890000000.0 5472080000000.0 395187000.0 7333960000.0 -3.84 [-3.84]
2398830000000000.0 3.45471e+18 2616030000000.0 56798100000000.0 20101000000000.0 299986000000.0 12235800000000.0 1285000000000.0 894789000.0 56517400000000.0 1444940000000.0 153611000000.0 5117460000.0 106498000000.0 2244690000000.0 1638060000000.0 5129740000000.0 443940000.0 7863070000.0 -3.82 [-3.82]
2398830000000000.0 3.2816e+18 2636250000000.0 55091300000000.0 18690900000000.0 307900000000.0 11956500000000.0 1138190000000.0 1001540000.0 56113800000000.0 1238810000000.0 126259000000.0 5291540000.0 110717000000.0 2301030000000.0 1631260000000.0 4792950000000.0 498022000.0 8413590000.0 -3.8 [-3.8]
2398830000000000.0 3.11717e+18 2654390000000.0 53377700000000.0 17355600000000.0 315920000000.0 11670900000000.0 1006730000000.0 1120350000.0 55649500000000.0 1060420000000.0 103603000000.0 5457380000.0 114804000000.0 2351490000000.0 1619560000000.0 4463530000000.0 557929000.0 8984730000.0 -3.78 [-3.78]
2398830000000000.0 2.96099e+18 2670510000000.0 51663100000000.0 16093700000000.0 324055000000.0 11379800000000.0 889199000000.0 1252470000.0 55125100000000.0 906281000000.0 84865400000.0 5614220000.0 118737000000.0 2395650000000.0 1603060000000.0 4143120000000.0 624202000.0 9575590000.0 -3.76 [-3.76]
2398830000000000.0 2.8128e+18 2684540000000.0 49954400000000.0 14905100000000.0 332293000000.0 11084500000000.0 784423000000.0 1399090000.0 54542000000000.0 773433000000.0 69409800000.0 5760950000.0 122487000000.0 2433120000000.0 1582060000000.0 3833490000000.0 697315000.0 10184100000.0 -3.74 [-3.74]
2398830000000000.0 2.67173e+18 2696920000000.0 48251700000000.0 13782900000000.0 340688000000.0 10784700000000.0 690823000000.0 1562140000.0 53898500000000.0 658721000000.0 56643200000.0 5898340000.0 126072000000.0 2463810000000.0 1556450000000.0 3535000000000.0 778169000.0 10811800000.0 -3.72 [-3.72]
2398830000000000.0 2.53787e+18 2707340000000.0 46564400000000.0 12729800000000.0 349200000000.0 10482400000000.0 607658000000.0 1742710000.0 53198300000000.0 560183000000.0 46150300000.0 6024620000.0 129445000000.0 2487380000000.0 1526830000000.0 3249640000000.0 867136000.0 11454500000.0 -3.7 [-3.7]
2398830000000000.0 2.41093e+18 2715970000000.0 44897800000000.0 11743300000000.0 357818000000.0 10178500000000.0 533893000000.0 1942430000.0 52443700000000.0 475684000000.0 37542600000.0 6139690000.0 132600000000.0 2503850000000.0 1493510000000.0 2978330000000.0 964864000.0 12110400000.0 -3.68 [-3.68]
2398830000000000.0 2.29001e+18 2723090000000.0 43248200000000.0 10816500000000.0 366589000000.0 9872330000000.0 468282000000.0 2163830000.0 51631700000000.0 403042000000.0 30466700000.0 6244230000.0 135560000000.0 2513200000000.0 1456490000000.0 2720710000000.0 1072520000.0 12781200000.0 -3.66 [-3.66]
2398830000000000.0 2.17532e+18 2728530000000.0 41626000000000.0 9951440000000.0 375497000000.0 9566080000000.0 410274000000.0 2408170000.0 50768500000000.0 340967000000.0 24684000000.0 6337070000.0 138290000000.0 2515510000000.0 1416510000000.0 2478200000000.0 1190460000.0 13461600000.0 -3.64 [-3.64]
2398830000000000.0 2.06638e+18 2732450000000.0 40031800000000.0 9143820000000.0 384563000000.0 9259990000000.0 358986000000.0 2677810000.0 49854600000000.0 287931000000.0 19960200000.0 6418530000.0 140800000000.0 2510970000000.0 1373830000000.0 2250720000000.0 1319670000.0 14150700000.0 -3.62 [-3.62]
2398830000000000.0 1.96291e+18 2734900000000.0 38468000000000.0 8391110000000.0 393793000000.0 8954730000000.0 313709000000.0 2974990000.0 48892300000000.0 242700000000.0 16108900000.0 6488640000.0 143094000000.0 2499800000000.0 1328850000000.0 2038330000000.0 1461020000.0 14846500000.0 -3.6 [-3.6]
2398830000000000.0 1.86463e+18 2735990000000.0 36936900000000.0 7690600000000.0 403196000000.0 8650910000000.0 273797000000.0 3302130000.0 47884000000000.0 204191000000.0 12974900000.0 6547530000.0 145177000000.0 2482330000000.0 1281980000000.0 1840910000000.0 1615430000.0 15546800000.0 -3.58 [-3.58]
2398830000000000.0 1.77125e+18 2735610000000.0 35439500000000.0 7039740000000.0 412762000000.0 8349000000000.0 238665000000.0 3661780000.0 46831700000000.0 171462000000.0 10429100000.0 6594970000.0 147051000000.0 2458790000000.0 1233650000000.0 1658150000000.0 1783900000.0 16248700000.0 -3.56 [-3.56]
2398830000000000.0 1.6826e+18 2734090000000.0 33979300000000.0 6435930000000.0 422522000000.0 8049900000000.0 207795000000.0 4056540000.0 45739900000000.0 143709000000.0 8366580000.0 6631890000.0 148735000000.0 2429800000000.0 1184190000000.0 1489770000000.0 1967340000.0 16950700000.0 -3.54 [-3.54]
2398830000000000.0 1.59841e+18 2731360000000.0 32556400000000.0 5876570000000.0 432470000000.0 7753970000000.0 180703000000.0 4489340000.0 44611000000000.0 120214000000.0 6698320000.0 6658240000.0 150236000000.0 2395680000000.0 1134010000000.0 1335200000000.0 2166830000.0 17650000000.0 -3.52 [-3.52]
2398830000000000.0 1.51844e+18 2727480000000.0 31172000000000.0 5359110000000.0 442610000000.0 7461670000000.0 156961000000.0 4963170000.0 43447900000000.0 100362000000.0 5351740000.0 6674320000.0 151568000000.0 2356900000000.0 1083450000000.0 1193850000000.0 2383450000.0 18344200000.0 -3.5 [-3.5]
2398830000000000.0 1.44249e+18 2722490000000.0 29826800000000.0 4881090000000.0 452946000000.0 7173470000000.0 136181000000.0 5481190000.0 42254200000000.0 83620300000.0 4267090000.0 6680500000.0 152743000000.0 2313920000000.0 1032830000000.0 1065060000000.0 2618290000.0 19030800000.0 -3.48 [-3.48]
2398830000000000.0 1.37036e+18 2716450000000.0 28521200000000.0 4440130000000.0 463481000000.0 6889750000000.0 118020000000.0 6046720000.0 41033400000000.0 69530700000.0 3395260000.0 6677150000.0 153775000000.0 2267220000000.0 982463000000.0 948117000000.0 2872490000.0 19707300000.0 -3.46 [-3.46]
2398830000000000.0 1.30199e+18 2709330000000.0 27258300000000.0 4034780000000.0 474203000000.0 6611460000000.0 102198000000.0 6662160000.0 39791900000000.0 57716600000.0 2697040000.0 6664470000.0 154671000000.0 2217370000000.0 932772000000.0 842447000000.0 3146680000.0 20369300000.0 -3.44 [-3.44]
2398830000000000.0 1.23679e+18 2701360000000.0 26030400000000.0 3660280000000.0 485149000000.0 6337180000000.0 88350800000.0 7334160000.0 38524600000000.0 47778000000.0 2136260000.0 6643460000.0 155473000000.0 2164530000000.0 883516000000.0 746799000000.0 3443500000.0 21020200000.0 -3.42 [-3.42]
2398830000000000.0 1.17512e+18 2692330000000.0 24847800000000.0 3317750000000.0 496267000000.0 6069510000000.0 76343500000.0 8062150000.0 37247000000000.0 39495500000.0 1689950000.0 6613780000.0 156159000000.0 2109560000000.0 835542000000.0 661045000000.0 3762050000.0 21649700000.0 -3.4 [-3.4]
2398830000000000.0 1.11643e+18 2682430000000.0 23702600000000.0 3002820000000.0 507587000000.0 5806960000000.0 65880500000.0 8853250000.0 35953900000000.0 32568400000.0 1333570000.0 6576420000.0 156768000000.0 2052560000000.0 788556000000.0 583987000000.0 4105040000.0 22261600000.0 -3.38 [-3.38]
2398830000000000.0 1.06069e+18 2671650000000.0 22597100000000.0 2714280000000.0 519096000000.0 5550320000000.0 56793200000.0 9710350000.0 34651800000000.0 26798800000.0 1050170000.0 6531620000.0 157307000000.0 1994050000000.0 742868000000.0 515046000000.0 4473100000.0 22851500000.0 -3.36 [-3.36]
2398830000000000.0 1.00776e+18 2660030000000.0 21531000000000.0 2450350000000.0 530783000000.0 5299820000000.0 48911000000.0 10637300000.0 33344800000000.0 22004200000.0 825306000.0 6479900000.0 157786000000.0 1934420000000.0 698602000000.0 453527000000.0 4867240000.0 23417700000.0 -3.34 [-3.34]
2398830000000000.0 9.57485e+17 2647570000000.0 20503800000000.0 2209250000000.0 542633000000.0 5055570000000.0 42081800000.0 11638200000.0 32036300000000.0 18028200000.0 647270000.0 6421620000.0 158218000000.0 1874000000000.0 655863000000.0 398756000000.0 5288460000.0 23957900000.0 -3.32 [-3.32]
2398830000000000.0 9.09754e+17 2634310000000.0 19515100000000.0 1989340000000.0 554631000000.0 4817750000000.0 36172000000.0 12716700000.0 30730100000000.0 14738700000.0 506626000.0 6357290000.0 158612000000.0 1813130000000.0 614727000000.0 350106000000.0 5737620000.0 24470600000.0 -3.3 [-3.3]
2398830000000000.0 8.64417e+17 2620220000000.0 18563800000000.0 1789000000000.0 566755000000.0 4586350000000.0 31062500000.0 13877100000.0 29429200000000.0 12022600000.0 395734000.0 6287180000.0 158979000000.0 1752060000000.0 575252000000.0 306974000000.0 6215680000.0 24953500000.0 -3.28 [-3.28]
2398830000000000.0 8.21352e+17 2605290000000.0 17649200000000.0 1606750000000.0 578980000000.0 4361440000000.0 26649500000.0 15123100000.0 28136700000000.0 9784930000.0 308488000.0 6211660000.0 159326000000.0 1691030000000.0 537480000000.0 268807000000.0 6723440000.0 25405100000.0 -3.26 [-3.26]
2398830000000000.0 7.80467e+17 2589620000000.0 16771000000000.0 1441230000000.0 591286000000.0 4143190000000.0 22843000000.0 16458300000.0 26856700000000.0 7946220000.0 240014000.0 6131370000.0 159660000000.0 1630350000000.0 501423000000.0 235107000000.0 7261210000.0 25824500000.0 -3.24 [-3.24]
2398830000000000.0 7.41629e+17 2573160000000.0 15927900000000.0 1291050000000.0 603636000000.0 3931490000000.0 19561700000.0 17886600000.0 25591300000000.0 6438170000.0 186365000.0 6046550000.0 159987000000.0 1570170000000.0 467082000000.0 205390000000.0 7829680000.0 26210200000.0 -3.22 [-3.22]
2398830000000000.0 7.04664e+17 2555920000000.0 15117400000000.0 1154770000000.0 615997000000.0 3725970000000.0 16731500000.0 19413700000.0 24340900000000.0 5202470000.0 144364000.0 5957460000.0 160317000000.0 1510530000000.0 434376000000.0 179192000000.0 8430100000.0 26562200000.0 -3.2 [-3.2]
2398830000000000.0 6.69724e+17 2537920000000.0 14344300000000.0 1032050000000.0 628330000000.0 3527980000000.0 14307000000.0 21034900000.0 23117000000000.0 4197620000.0 111721000.0 5864840000.0 160641000000.0 1452020000000.0 403554000000.0 156250000000.0 9059510000.0 26875800000.0 -3.18 [-3.18]
2398830000000000.0 6.365e+17 2519300000000.0 13602800000000.0 921003000000.0 640603000000.0 3336340000000.0 12219900000.0 22759700000.0 21914600000000.0 3378160000.0 86273800.0 5769180000.0 160966000000.0 1394470000000.0 374302000000.0 136091000000.0 9719740000.0 27156300000.0 -3.16 [-3.16]
2398830000000000.0 6.04851e+17 2499660000000.0 12890900000000.0 820683000000.0 652717000000.0 3150720000000.0 10424800000.0 24590800000.0 20734300000000.0 2711230000.0 66465300.0 5669540000.0 161312000000.0 1337730000000.0 346681000000.0 118389000000.0 10412800000.0 27396400000.0 -3.14 [-3.14]
2398830000000000.0 5.74887e+17 2479460000000.0 12212000000000.0 730530000000.0 664673000000.0 2972160000000.0 8888160000.0 26524400000.0 19585000000000.0 2171820000.0 51140900.0 5567860000.0 161653000000.0 1282410000000.0 320693000000.0 102927000000.0 11133700000.0 27600900000.0 -3.12 [-3.12]
2398830000000000.0 5.46409e+17 2458500000000.0 11562500000000.0 649408000000.0 676389000000.0 2799940000000.0 7570290000.0 28565500000.0 18464600000000.0 1735420000.0 39274800.0 5463710000.0 162002000000.0 1228310000000.0 296235000000.0 89401500000.0 11884100000.0 27768000000.0 -3.1 [-3.1]
2398830000000000.0 5.1935e+17 2436760000000.0 10941700000000.0 576543000000.0 687794000000.0 2634050000000.0 6441450000.0 30713600000.0 17375100000000.0 1383310000.0 30107400.0 5357360000.0 162359000000.0 1175480000000.0 273271000000.0 77586000000.0 12662900000.0 27897100000.0 -3.08 [-3.08]
2398830000000000.0 4.93658e+17 2414320000000.0 10349100000000.0 511220000000.0 698826000000.0 2474570000000.0 5475770000.0 32967500000.0 16319000000000.0 1100030000.0 23041900.0 5249290000.0 162717000000.0 1124050000000.0 251750000000.0 67280400000.0 13468100000.0 27989100000.0 -3.06 [-3.06]
2398830000000000.0 4.69255e+17 2391150000000.0 9783550000000.0 452727000000.0 709410000000.0 2321350000000.0 4650220000.0 35326300000.0 15297200000000.0 872641000.0 17605300.0 5139680000.0 163077000000.0 1074020000000.0 231616000000.0 58298500000.0 14298500000.0 28043900000.0 -3.04 [-3.04]
2398830000000000.0 4.46079e+17 2367260000000.0 9244240000000.0 400431000000.0 719475000000.0 2174360000000.0 3945140000.0 37787500000.0 14311300000000.0 690577000.0 13430100.0 5028860000.0 163434000000.0 1025420000000.0 212810000000.0 50478800000.0 15152200000.0 28062100000.0 -3.02 [-3.02]
2398830000000000.0 4.24069e+17 2342680000000.0 8730260000000.0 353744000000.0 728939000000.0 2033520000000.0 3343500000.0 40347700000.0 13362200000000.0 545171000.0 10229400.0 4917090000.0 163785000000.0 978269000000.0 195273000000.0 43677100000.0 16027100000.0 28044400000.0 -3.0 [-3.0]
2398830000000000.0 4.03163e+17 2317400000000.0 8240660000000.0 312119000000.0 737721000000.0 1898760000000.0 2830550000.0 43002800000.0 12450800000000.0 429325000.0 7779830.0 4804580000.0 164124000000.0 932574000000.0 178947000000.0 37765600000.0 16921100000.0 27991300000.0 -2.98 [-2.98]
2398830000000000.0 3.83307e+17 2291430000000.0 7774580000000.0 275061000000.0 745744000000.0 1769990000000.0 2393630000.0 45747400000.0 11577800000000.0 337266000.0 5908390.0 4691580000.0 164448000000.0 888340000000.0 163771000000.0 32632200000.0 17831700000.0 27904000000.0 -2.96 [-2.96]
2398830000000000.0 3.64451e+17 2264810000000.0 7331210000000.0 242116000000.0 752928000000.0 1647160000000.0 2021850000.0 48574900000.0 10743800000000.0 264301000.0 4481110.0 4578350000.0 164749000000.0 845573000000.0 149687000000.0 28178400000.0 18756200000.0 27783400000.0 -2.94 [-2.94]
2398830000000000.0 3.4654e+17 2237530000000.0 6909620000000.0 212866000000.0 759196000000.0 1530170000000.0 1705780000.0 51478400000.0 9948940000000.0 206612000.0 3394160.0 4465080000.0 165022000000.0 804252000000.0 136637000000.0 24316800000.0 19692000000.0 27630500000.0 -2.92 [-2.92]
2398830000000000.0 3.29528e+17 2209610000000.0 6509010000000.0 186934000000.0 764473000000.0 1418930000000.0 1437360000.0 54449200000.0 9193560000000.0 161121000.0 0.0 4351960000.0 165262000000.0 764374000000.0 124563000000.0 20971300000.0 20636400000.0 27446600000.0 -2.9 [-2.9]
2398830000000000.0 3.13369e+17 2181070000000.0 6128520000000.0 163974000000.0 768686000000.0 1313350000000.0 1209650000.0 57478100000.0 8477500000000.0 125339000.0 0.0 4239180000.0 165463000000.0 725912000000.0 113409000000.0 18074800000.0 21586500000.0 27232900000.0 -2.88 [-2.88]
