Cloudy_runs/1es1553/z=0.187764/component_I_PI_nH/component_I_PI_nH_col_density_param.txt
# %ECSV 1.0
# ---
# datatype:
# - {name: H, datatype: float64}
# - {name: H+, datatype: float64}
# - {name: C+, datatype: float64}
# - {name: C+2, datatype: float64}
# - {name: C+3, datatype: float64}
# - {name: N+2, datatype: float64}
# - {name: N+4, datatype: float64}
# - {name: O, datatype: float64}
# - {name: O+2, datatype: float64}
# - {name: O+5, datatype: float64}
# - {name: O+6, datatype: float64}
# - {name: Si+, datatype: float64}
# - {name: Si+2, datatype: float64}
# - {name: Si+3, datatype: float64}
# - {name: Si+4, datatype: float64}
# - {name: log_nH, datatype: float64}
# - {name: log_Te, datatype: float64}
# - {name: parameters, datatype: string, subtype: 'float64[1]'}
# schema: astropy-2.0
H H+ C+ C+2 C+3 N+2 N+4 O O+2 O+5 O+6 Si+ Si+2 Si+3 Si+4 log_nH log_Te parameters
5754400000000.0 1.90563e+17 6998800000.0 3105970000000.0 23038000000000.0 392750000000.0 22117200000000.0 12905.0 1004840000000.0 286309000000000.0 384072000000000.0 6325520.0 680479000.0 8585090000.0 772909000000.0 -5.0 4.359 [-5.0]
5754400000000.0 1.79045e+17 7385540000.0 3224280000000.0 23423800000000.0 423306000000.0 21869800000000.0 15310.7 1108390000000.0 273210000000000.0 345530000000000.0 7236700.0 778769000.0 9834640000.0 829237000000.0 -4.98 4.349 [-4.98]
5754400000000.0 1.68219e+17 7800890000.0 3343380000000.0 23785500000000.0 456207000000.0 21588200000000.0 18250.5 1221610000000.0 260036000000000.0 310075000000000.0 8261650.0 889155000.0 11248000000.0 888079000000.0 -4.96 4.34 [-4.96]
5754400000000.0 1.58034e+17 8247910000.0 3463200000000.0 24122100000000.0 491591000000.0 21272500000000.0 21850.2 1345110000000.0 246835000000000.0 277518000000000.0 9412220.0 1012800000.0 12844800000.0 949410000000.0 -4.94 4.33 [-4.94]
5754400000000.0 1.48406e+17 8724520000.0 3582540000000.0 24434000000000.0 529574000000.0 20921800000000.0 26265.7 1479560000000.0 233621000000000.0 247583000000000.0 10693100.0 1150690000.0 14654800000.0 1013430000000.0 -4.92 4.32 [-4.92]
5754400000000.0 1.3933e+17 9240330000.0 3702460000000.0 24719000000000.0 570353000000.0 20536900000000.0 31699.2 1625510000000.0 220468000000000.0 220203000000000.0 12123900.0 1304250000.0 16697600000.0 1079870000000.0 -4.9 4.31 [-4.9]
5754400000000.0 1.30768e+17 9800530000.0 3823090000000.0 24976400000000.0 614089000000.0 20118000000000.0 38399.3 1783510000000.0 207422000000000.0 195215000000000.0 13720000.0 1474820000.0 19001600000.0 1148680000000.0 -4.88 4.3 [-4.88]
5754400000000.0 1.22684e+17 10411500000.0 3944660000000.0 25205000000000.0 660941000000.0 19665200000000.0 46676.5 1954010000000.0 194526000000000.0 172468000000000.0 15499300.0 1663840000.0 21598000000.0 1219740000000.0 -4.86 4.289 [-4.86]
5754400000000.0 1.15044e+17 11080500000.0 4067510000000.0 25403600000000.0 711080000000.0 19178700000000.0 56922.9 2137500000000.0 181824000000000.0 151804000000000.0 17482100.0 1872810000.0 24523000000.0 1292940000000.0 -4.84 4.278 [-4.84]
5754400000000.0 1.07815e+17 11817000000.0 4192190000000.0 25570900000000.0 764678000000.0 18658400000000.0 69629.9 2334310000000.0 169356000000000.0 133084000000000.0 19693000.0 2103420000.0 27817000000.0 1368150000000.0 -4.82 4.267 [-4.82]
5754400000000.0 1.00967e+17 12632200000.0 4319500000000.0 25705500000000.0 821914000000.0 18104500000000.0 85417.9 2544700000000.0 157158000000000.0 116172000000000.0 22162600.0 2357570000.0 31526300000.0 1445200000000.0 -4.8 4.255 [-4.8]
5754400000000.0 9.44756e+16 13541100000.0 4450650000000.0 25805400000000.0 882958000000.0 17517100000000.0 105065.0 2768720000000.0 145266000000000.0 100947000000000.0 24931700.0 2637590000.0 35701700000.0 1523860000000.0 -4.78 4.242 [-4.78]
5754400000000.0 8.83115e+16 14561200000.0 4587090000000.0 25868300000000.0 947980000000.0 16896300000000.0 129561.0 3006270000000.0 133713000000000.0 87283200000000.0 28051800.0 2946310000.0 40404100000.0 1603900000000.0 -4.76 4.229 [-4.76]
5754400000000.0 8.24474e+16 15716000000.0 4730830000000.0 25891500000000.0 1017150000000.0 16241700000000.0 160168.0 3257110000000.0 122527000000000.0 75056100000000.0 31593300.0 3287450000.0 45705200000.0 1685080000000.0 -4.74 4.216 [-4.74]
5754400000000.0 7.68396e+16 17034700000.0 4884150000000.0 25871300000000.0 1090720000000.0 15551200000000.0 198588.0 3521020000000.0 111709000000000.0 64122600000000.0 35641500.0 3665650000.0 51708900000.0 1767350000000.0 -4.72 4.201 [-4.72]
5754400000000.0 7.14667e+16 18561500000.0 5051380000000.0 25802800000000.0 1168860000000.0 14823800000000.0 246971.0 3797030000000.0 101285000000000.0 54385100000000.0 40344800.0 4088670000.0 58520000000.0 1850310000000.0 -4.7 4.185 [-4.7]
5754400000000.0 6.63078e+16 20356200000.0 5238400000000.0 25679400000000.0 1251650000000.0 14059000000000.0 308105.0 4083520000000.0 91280300000000.0 45751400000000.0 45927000.0 4568370000.0 66263100000.0 1933470000000.0 -4.68 4.167 [-4.68]
5754400000000.0 6.13281e+16 22502800000.0 5452970000000.0 25491800000000.0 1339180000000.0 13253900000000.0 385801.0 4378270000000.0 81697000000000.0 38116300000000.0 52725000.0 5122930000.0 75113700000.0 2016430000000.0 -4.66 4.148 [-4.66]
5754400000000.0 5.64824e+16 25128500000.0 5706530000000.0 25226100000000.0 1431470000000.0 12403200000000.0 485403.0 4677940000000.0 72521500000000.0 31374400000000.0 61286600.0 5782080000.0 85320300000.0 2098740000000.0 -4.64 4.126 [-4.64]
5754400000000.0 5.17125e+16 28435000000.0 6016490000000.0 24860400000000.0 1528340000000.0 11498700000000.0 614712.0 4976930000000.0 63723300000000.0 25423100000000.0 72557500.0 6596520000.0 97248700000.0 2179850000000.0 -4.62 4.1 [-4.62]
5754400000000.0 4.6932e+16 32768800000.0 6410920000000.0 24357800000000.0 1629170000000.0 10525800000000.0 785977.0 5265510000000.0 55237900000000.0 20156200000000.0 88302600.0 7657950000.0 111497000000.0 2258960000000.0 -4.6 4.069 [-4.6]
5754400000000.0 4.20084e+16 38775800000.0 6937040000000.0 23650300000000.0 1731850000000.0 9459870000000.0 1020160.0 5524630000000.0 46947200000000.0 15464300000000.0 112165000.0 9143130000.0 129123000000.0 2334530000000.0 -4.58 4.03 [-4.58]
5754400000000.0 3.66346e+16 47972000000.0 7690170000000.0 22580500000000.0 1830040000000.0 8242020000000.0 1362840.0 5711060000000.0 38510400000000.0 11172900000000.0 153512000.0 11455700000.0 152625000000.0 2403300000000.0 -4.56 3.974 [-4.56]
5754400000000.0 3.15162e+16 60642600000.0 8589150000000.0 21189200000000.0 1901400000000.0 7043740000000.0 1830480.0 5792730000000.0 30759300000000.0 7767330000000.0 222131000.0 14723700000.0 180603000000.0 2446100000000.0 -4.54 3.91 [-4.54]
5754400000000.0 2.76389e+16 74049200000.0 9353360000000.0 19837600000000.0 1941770000000.0 6108670000000.0 2371930.0 5839190000000.0 24804800000000.0 5561770000000.0 311876000.0 18249300000.0 206825000000.0 2454400000000.0 -4.52 3.857 [-4.52]
5754390000000.0 2.39569e+16 91195700000.0 10111100000000.0 18240400000000.0 1946730000000.0 5233190000000.0 3107840.0 5817290000000.0 19296700000000.0 3812470000000.0 451025000.0 22583200000.0 236527000000.0 2430150000000.0 -4.5 3.796 [-4.5]
5754400000000.0 2.04794e+16 113104000000.0 10785900000000.0 16394100000000.0 1906760000000.0 4431500000000.0 4152210.0 5746060000000.0 14251200000000.0 2462470000000.0 671638000.0 27710700000.0 269682000000.0 2363980000000.0 -4.48 3.726 [-4.48]
5754400000000.0 1.73092e+16 139719000000.0 11260000000000.0 14383900000000.0 1820450000000.0 3721840000000.0 5686990.0 5677190000000.0 9906600000000.0 1491900000000.0 1015260000.0 33371500000.0 304660000000.0 2250000000000.0 -4.46 3.648 [-4.46]
5754400000000.0 1.47161e+16 167049000000.0 11434100000000.0 12493300000000.0 1714520000000.0 3133980000000.0 7832680.0 5680540000000.0 6714940000000.0 890184000000.0 1490160000.0 38935900000.0 336421000000.0 2103720000000.0 -4.44 3.574 [-4.44]
5754400000000.0 1.27629e+16 190694000000.0 11359400000000.0 10923500000000.0 1620800000000.0 2663930000000.0 10558500.0 5758170000000.0 4656400000000.0 553424000000.0 2066680000.0 44046900000.0 361514000000.0 1952620000000.0 -4.42 3.511 [-4.42]
5754390000000.0 1.1279e+16 209864000000.0 11140600000000.0 9651020000000.0 1546290000000.0 2282370000000.0 13836800.0 5868700000000.0 3343220000000.0 361817000000.0 2730100000.0 48772700000.0 380470000000.0 1809450000000.0 -4.4 3.461 [-4.4]
5754400000000.0 1.0103e+16 225326000000.0 10843600000000.0 8597090000000.0 1486570000000.0 1965050000000.0 17704400.0 5983180000000.0 2469860000000.0 246013000000.0 3484730000.0 53238100000.0 394740000000.0 1676070000000.0 -4.38 3.418 [-4.38]
5754400000000.0 9135120000000000.0 237856000000.0 10502200000000.0 7703060000000.0 1436780000000.0 1696860000000.0 22231600.0 6087880000000.0 1863720000000.0 172109000000.0 4340080000.0 57507800000.0 405384000000.0 1551720000000.0 -4.36 3.382 [-4.36]
5754400000000.0 8315950000000000.0 248024000000.0 10135200000000.0 6930650000000.0 1393500000000.0 1467880000000.0 27508300.0 6176990000000.0 1428530000000.0 122943000000.0 5306860000.0 61607900000.0 413097000000.0 1435380000000.0 -4.34 3.35 [-4.34]
5754400000000.0 7609860000000000.0 256233000000.0 9754820000000.0 6255640000000.0 1354690000000.0 1271510000000.0 33626200.0 6248130000000.0 1108630000000.0 89269700000.0 6392890000.0 65537200000.0 418311000000.0 1326520000000.0 -4.32 3.321 [-4.32]
5754400000000.0 6992430000000000.0 262803000000.0 9369080000000.0 5660440000000.0 1318940000000.0 1102500000000.0 40692200.0 6300780000000.0 868897000000.0 65663100000.0 7606240000.0 69289700000.0 421357000000.0 1224550000000.0 -4.3 3.295 [-4.3]
5754400000000.0 6447830000000000.0 268000000000.0 8984760000000.0 5133010000000.0 1285460000000.0 956922000000.0 48806100.0 6335190000000.0 686886000000.0 48841700000.0 8950970000.0 72852800000.0 422484000000.0 1129250000000.0 -4.28 3.271 [-4.28]
5754400000000.0 5961970000000000.0 272020000000.0 8604350000000.0 4662080000000.0 1253360000000.0 831010000000.0 58114900.0 6352300000000.0 546580000000.0 36640900000.0 10436500000.0 76216100000.0 421891000000.0 1039980000000.0 -4.26 3.249 [-4.26]
5754400000000.0 5525450000000000.0 275027000000.0 8230550000000.0 4239800000000.0 1222170000000.0 721932000000.0 68764400.0 6353000000000.0 437322000000.0 27683400000.0 12068600000.0 79365400000.0 419736000000.0 956391000000.0 -4.24 3.229 [-4.24]
5754400000000.0 5131440000000000.0 277177000000.0 7865920000000.0 3860170000000.0 1191630000000.0 627405000000.0 80902700.0 6338320000000.0 351607000000.0 21046900000.0 13850400000.0 82287300000.0 416165000000.0 878277000000.0 -4.22 3.209 [-4.22]
5754400000000.0 4774110000000000.0 278595000000.0 7511850000000.0 3517860000000.0 1161490000000.0 545406000000.0 94699600.0 6309270000000.0 283872000000.0 16087100000.0 15785000000.0 84969400000.0 411305000000.0 805357000000.0 -4.2 3.191 [-4.2]
5754400000000.0 4448780000000000.0 279393000000.0 7169390000000.0 3208490000000.0 1131600000000.0 474226000000.0 110339000.0 6266860000000.0 230020000000.0 12353400000.0 17874000000.0 87400400000.0 405273000000.0 737380000000.0 -4.18 3.174 [-4.18]
5754400000000.0 4151640000000000.0 279668000000.0 6839260000000.0 2928310000000.0 1101870000000.0 412413000000.0 128025000.0 6212060000000.0 186982000000.0 9525260000.0 20116900000.0 89569700000.0 398181000000.0 674110000000.0 -4.16 3.158 [-4.16]
5754400000000.0 3879500000000000.0 279512000000.0 6521950000000.0 2674130000000.0 1072240000000.0 358719000000.0 147953000.0 6145840000000.0 152434000000.0 7371510000.0 22511300000.0 91468800000.0 390135000000.0 615323000000.0 -4.14 3.142 [-4.14]
5754400000000.0 3629040000000000.0 278992000000.0 6216820000000.0 2442640000000.0 1042610000000.0 311955000000.0 170399000.0 6068930000000.0 124526000000.0 5719870000.0 25059700000.0 93093600000.0 381205000000.0 560662000000.0 -4.12 3.128 [-4.12]
5754400000000.0 3399400000000000.0 278170000000.0 5925680000000.0 2232830000000.0 1013140000000.0 271464000000.0 195481000.0 5982760000000.0 102029000000.0 4455010000.0 27741400000.0 94427300000.0 371565000000.0 510216000000.0 -4.1 3.114 [-4.1]
5754400000000.0 3186980000000000.0 277095000000.0 5646380000000.0 2041130000000.0 983637000000.0 236159000000.0 223596000.0 5887500000000.0 83715800000.0 3476250000.0 30564900000.0 95471200000.0 361225000000.0 463433000000.0 -4.08 3.101 [-4.08]
5754400000000.0 2990500000000000.0 275807000000.0 5379200000000.0 1866160000000.0 954182000000.0 205434000000.0 254993000.0 5784130000000.0 68794100000.0 2717860000.0 33516800000.0 96218300000.0 350295000000.0 420200000000.0 -4.06 3.088 [-4.06]
5754400000000.0 2808460000000000.0 274345000000.0 5123830000000.0 1706300000000.0 924806000000.0 178692000000.0 289977000.0 5673420000000.0 56606400000.0 2128560000.0 36585800000.0 96665700000.0 338860000000.0 380315000000.0 -4.04 3.076 [-4.04]
5754400000000.0 2639410000000000.0 272728000000.0 4879710000000.0 1560090000000.0 895520000000.0 155405000000.0 328897000.0 5556010000000.0 46623900000.0 1669230000.0 39760500000.0 96809900000.0 326996000000.0 343563000000.0 -4.02 3.064 [-4.02]
5754400000000.0 2482200000000000.0 270983000000.0 4646460000000.0 1426260000000.0 866369000000.0 135126000000.0 372106000.0 5432580000000.0 38432400000.0 1310430000.0 43025600000.0 96651300000.0 314781000000.0 309759000000.0 -4.0 3.042 [-4.0]
5754400000000.0 2335770000000000.0 269128000000.0 4423620000000.0 1303690000000.0 837389000000.0 117465000000.0 419998000.0 5303770000000.0 31698000000.0 1029590000.0 46364700000.0 96191100000.0 302287000000.0 278718000000.0 -3.98 3.032 [-3.98]
5754400000000.0 2199180000000000.0 267177000000.0 4210730000000.0 1191370000000.0 808620000000.0 102083000000.0 472988000.0 5170160000000.0 26153200000.0 809401000.0 49759400000.0 95432900000.0 289585000000.0 250265000000.0 -3.96 3.022 [-3.96]
5754400000000.0 2071570000000000.0 265139000000.0 4007310000000.0 1088390000000.0 780096000000.0 88683800000.0 531528000.0 5032330000000.0 21581600000.0 636500000.0 53189800000.0 94381800000.0 276743000000.0 224231000000.0 -3.94 3.012 [-3.94]
5754400000000.0 1952170000000000.0 263014000000.0 3812840000000.0 993938000000.0 751837000000.0 77009200000.0 596128000.0 4890760000000.0 17806900000.0 500532000.0 56635800000.0 93043300000.0 263820000000.0 200447000000.0 -3.92 2.924 [-3.92]
5754400000000.0 1840360000000000.0 260819000000.0 3627020000000.0 907305000000.0 723904000000.0 66843200000.0 667271000.0 4746070000000.0 14689500000.0 393578000.0 60072200000.0 91430200000.0 250886000000.0 178776000000.0 -3.9 2.886 [-3.9]
5754400000000.0 1735700000000000.0 258595000000.0 3449930000000.0 827706000000.0 696393000000.0 57980700000.0 745629000.0 4600080000000.0 12111600000.0 309358000.0 63493500000.0 89589000000.0 238102000000.0 158971000000.0 -3.88 2.859 [-3.88]
5754400000000.0 1637520000000000.0 256323000000.0 3280810000000.0 754645000000.0 669288000000.0 50264400000.0 831710000.0 4452230000000.0 9980140000.0 243040000.0 66860800000.0 87505900000.0 225433000000.0 140983000000.0 -3.86 2.837 [-3.86]
5754400000000.0 1545340000000000.0 253996000000.0 3119220000000.0 687619000000.0 642610000000.0 43551100000.0 926081000.0 4302630000000.0 8218200000.0 190823000.0 70142600000.0 85189500000.0 212908000000.0 124712000000.0 -3.84 2.814 [-3.84]
5754400000000.0 1458710000000000.0 251623000000.0 2964830000000.0 626142000000.0 616393000000.0 37712800000.0 1029380000.0 4151800000000.0 6761940000.0 149718000.0 73312000000.0 82660000000.0 200581000000.0 110035000000.0 -3.82 2.808 [-3.82]
5754400000000.0 1377270000000000.0 249209000000.0 2817370000000.0 569770000000.0 590671000000.0 32638300000.0 1142240000.0 4000230000000.0 5558810000.0 117373000.0 76342400000.0 79939900000.0 188501000000.0 96832800000.0 -3.8 2.801 [-3.8]
5754400000000.0 1300660000000000.0 246759000000.0 2676550000000.0 518093000000.0 565473000000.0 28229700000.0 1265360000.0 3848400000000.0 4565260000.0 91933400.0 79208500000.0 77053600000.0 176715000000.0 84992300000.0 -3.78 2.797 [-3.78]
5754400000000.0 1228570000000000.0 244282000000.0 2542130000000.0 470745000000.0 540831000000.0 24402400000.0 1399420000.0 3696790000000.0 3745470000.0 71942100.0 81885600000.0 74027500000.0 165267000000.0 74406800000.0 -3.76 2.797 [-3.76]
5754400000000.0 1160730000000000.0 241787000000.0 2413880000000.0 427381000000.0 516776000000.0 21082000000.0 1545100000.0 3545890000000.0 3069630000.0 56245700.0 84351200000.0 70889500000.0 154195000000.0 64973600000.0 -3.74 2.797 [-3.74]
5754400000000.0 1096720000000000.0 239279000000.0 2291280000000.0 387600000000.0 493276000000.0 18196900000.0 1703380000.0 3395770000000.0 2511960000.0 43910000.0 86588400000.0 67659400000.0 143506000000.0 56577900000.0 -3.72 2.794 [-3.72]
