Cloudy_runs/1es1553/z=0.187764/component_I_PI_nH/component_I_PI_nH_col_density_param.txt
# %ECSV 1.0
# ---
# datatype:
# - {name: H, datatype: float64}
# - {name: H+, datatype: float64}
# - {name: C+, datatype: float64}
# - {name: C+2, datatype: float64}
# - {name: C+3, datatype: float64}
# - {name: N+2, datatype: float64}
# - {name: N+4, datatype: float64}
# - {name: O, datatype: float64}
# - {name: O+2, datatype: float64}
# - {name: O+5, datatype: float64}
# - {name: O+6, datatype: float64}
# - {name: Si+, datatype: float64}
# - {name: Si+2, datatype: float64}
# - {name: Si+3, datatype: float64}
# - {name: Si+4, datatype: float64}
# - {name: log_nH, datatype: float64}
# - {name: log_Te, datatype: float64}
# - {name: parameters, datatype: string, subtype: 'float64[1]'}
# schema: astropy-2.0
H H+ C+ C+2 C+3 N+2 N+4 O O+2 O+5 O+6 Si+ Si+2 Si+3 Si+4 log_nH log_Te parameters
[from data line 152]
5754400000000.0 123923000000000.0 2281420000.0 1184900000.0 1760040.0 58655300.0 1990.6 323004000.0 332110000.0 0.0 0.0 270572000.0 145203000.0 4047630.0 120315.0 -1.96 4.072 [-1.96]
5754400000000.0 118228000000000.0 2214690000.0 1098380000.0 1505850.0 51623100.0 1612.21 324487000.0 291947000.0 0.0 0.0 264052000.0 133763000.0 3570400.0 102080.0 -1.94 4.07 [-1.94]
5754400000000.0 112844000000000.0 2149700000.0 1018490000.0 1289300.0 45453200.0 1306.85 325842000.0 256755000.0 0.0 0.0 257573000.0 123232000.0 3151270.0 86691.9 -1.92 4.068 [-1.92]
5754400000000.0 107649000000000.0 2085120000.0 943229000.0 1102090.0 39966300.0 1057.39 327087000.0 225504000.0 0.0 0.0 251021000.0 113336000.0 2777590.0 73512.1 -1.9 4.066 [-1.9]
5754400000000.0 102740000000000.0 2022360000.0 873835000.0 942843.0 35160700.0 856.366 328221000.0 198162000.0 0.0 0.0 244537000.0 104254000.0 2449900.0 62403.7 -1.88 4.064 [-1.88]
5754400000000.0 98070600000000.0 1960990000.0 809436000.0 806677.0 30932900.0 693.652 329251000.0 174132000.0 0.0 0.0 238091000.0 95865700.0 2161080.0 52992.6 -1.86 4.062 [-1.86]
5754400000000.0 93625600000000.0 1901030000.0 749674000.0 690238.0 27213500.0 561.93 330185000.0 153014000.0 0.0 0.0 231697000.0 88118300.0 1906490.0 45015.4 -1.84 4.06 [-1.84]
5754400000000.0 89394400000000.0 1842470000.0 694238000.0 590680.0 23942300.0 455.304 331030000.0 134461000.0 0.0 0.0 225368000.0 80968200.0 1682130.0 38253.5 -1.82 4.058 [-1.82]
5754400000000.0 85366500000000.0 1785340000.0 642834000.0 505567.0 21066100.0 368.994 331790000.0 118163000.0 0.0 0.0 219113000.0 74374500.0 1484430.0 32521.4 -1.8 4.056 [-1.8]
5754400000000.0 81531800000000.0 1729640000.0 595185000.0 432809.0 18537700.0 299.126 332472000.0 103850000.0 0.0 0.0 212943000.0 68298300.0 1310250.0 27661.8 -1.78 4.054 [-1.78]
5754400000000.0 77908000000000.0 1675790000.0 551353000.0 370929.0 16325900.0 242.796 333078000.0 91340900.0 0.0 0.0 206910000.0 62745100.0 1157590.0 23561.8 -1.76 4.053 [-1.76]
5754400000000.0 74431700000000.0 1622970000.0 510442000.0 317726.0 14371700.0 196.961 333616000.0 80299800.0 0.0 0.0 200936000.0 57594200.0 1022340.0 20064.3 -1.74 4.051 [-1.74]
5754400000000.0 71121500000000.0 1571600000.0 472556000.0 272244.0 12654300.0 159.842 334090000.0 70605500.0 0.0 0.0 195069000.0 52856900.0 903178.0 17097.1 -1.72 4.049 [-1.72]
5754400000000.0 67969400000000.0 1521660000.0 437482000.0 233358.0 11144900.0 129.774 334502000.0 62094000.0 0.0 0.0 189317000.0 48502500.0 798193.0 14578.8 -1.7 4.047 [-1.7]
5754400000000.0 64967600000000.0 1473150000.0 405019000.0 200109.0 9818420.0 105.412 334858000.0 54620800.0 0.0 0.0 183686000.0 44502300.0 705685.0 12440.9 -1.68 4.045 [-1.68]
5754400000000.0 62077900000000.0 1425550000.0 374664000.0 171465.0 8644500.0 85.5517 335159000.0 48014600.0 0.0 0.0 178119000.0 40789800.0 623568.0 10611.9 -1.66 4.043 [-1.66]
5754400000000.0 59365200000000.0 1380030000.0 346986000.0 147226.0 7622720.0 69.5937 335411000.0 42270000.0 0.0 0.0 172760000.0 37431900.0 551941.0 9073.96 -1.64 4.042 [-1.64]
5754400000000.0 56792100000000.0 1336080000.0 321487000.0 126540.0 6726670.0 0.0 335616000.0 37236800.0 0.0 0.0 167554000.0 34365400.0 488957.0 7769.9 -1.62 4.04 [-1.62]
5754400000000.0 54321300000000.0 1293160000.0 297716000.0 108729.0 5934420.0 0.0 335775000.0 32792300.0 0.0 0.0 162442000.0 31529200.0 433093.0 6653.74 -1.6 4.038 [-1.6]
5754400000000.0 51948000000000.0 1251240000.0 275560000.0 93396.9 5234000.0 0.0 335892000.0 28868100.0 0.0 0.0 157425000.0 28906800.0 383547.0 5698.28 -1.58 4.036 [-1.58]
5754400000000.0 49724800000000.0 1211350000.0 255416000.0 80423.1 4624720.0 0.0 335971000.0 25457600.0 0.0 0.0 152626000.0 26545900.0 340337.0 4894.18 -1.56 4.034 [-1.56]
5754400000000.0 47587800000000.0 1172420000.0 236631000.0 69235.3 4085370.0 0.0 336011000.0 22443000.0 0.0 0.0 147925000.0 24362400.0 301959.0 4204.17 -1.54 4.033 [-1.54]
5754400000000.0 45551400000000.0 1134780000.0 219267000.0 59645.9 3610650.0 0.0 336017000.0 19793100.0 0.0 0.0 143362000.0 22362100.0 268071.0 3615.49 -1.52 4.031 [-1.52]
5754400000000.0 43592600000000.0 1098040000.0 203072000.0 51371.8 3190230.0 0.0 335987000.0 17450000.0 0.0 0.0 138896000.0 20512400.0 237955.0 3109.71 -1.5 4.029 [-1.5]
5754400000000.0 41743100000000.0 1062890000.0 188245000.0 44322.5 2822330.0 0.0 335927000.0 15402300.0 0.0 0.0 134607000.0 18835500.0 211517.0 2680.51 -1.48 4.028 [-1.48]
5754400000000.0 39980000000000.0 1028930000.0 174541000.0 38271.2 2498170.0 0.0 335838000.0 13600900.0 0.0 0.0 130454000.0 17299900.0 188142.0 2313.36 -1.46 4.026 [-1.46]
5754400000000.0 38316300000000.0 996484000.0 161999000.0 33108.2 2214250.0 0.0 335722000.0 12025300.0 0.0 0.0 126476000.0 15908800.0 167598.0 2001.13 -1.44 4.024 [-1.44]
5754400000000.0 36696800000000.0 964515000.0 150169000.0 28606.8 1960520.0 0.0 335574000.0 10620200.0 0.0 0.0 122550000.0 14606900.0 149166.0 1729.63 -1.42 4.023 [-1.42]
5754400000000.0 35168700000000.0 933993000.0 139348000.0 24765.2 1738260.0 0.0 335404000.0 9391400.0 0.0 0.0 118794000.0 13428300.0 132963.0 1498.5 -1.4 4.021 [-1.4]
5754400000000.0 33711400000000.0 904557000.0 129346000.0 21459.2 1542110.0 0.0 335209000.0 8308920.0 0.0 0.0 115167000.0 12349100.0 118607.0 1299.98 -1.38 4.019 [-1.38]
5754400000000.0 32321400000000.0 876175000.0 120099000.0 18612.2 1368910.0 0.0 334991000.0 7354970.0 0.0 0.0 111664000.0 11360900.0 105880.0 1129.3 -1.36 4.018 [-1.36]
5754400000000.0 30995400000000.0 848816000.0 111550000.0 16158.5 1215900.0 0.0 334751000.0 6513950.0 0.0 0.0 108285000.0 10455800.0 94591.7 982.377 -1.34 4.016 [-1.34]
5754400000000.0 29730300000000.0 822450000.0 103644000.0 14042.2 1080660.0 0.0 334490000.0 5772190.0 0.0 0.0 105026000.0 9626890.0 84572.5 855.76 -1.32 4.015 [-1.32]
5754400000000.0 28523200000000.0 797047000.0 96332700.0 12215.4 961065.0 0.0 334209000.0 5117690.0 0.0 0.0 101884000.0 8867510.0 75674.2 746.512 -1.3 4.013 [-1.3]
5754400000000.0 27371100000000.0 772576000.0 89569800.0 10637.3 855249.0 0.0 333909000.0 4539920.0 0.0 0.0 98855400.0 8171720.0 67766.5 652.138 -1.28 4.012 [-1.28]
5754400000000.0 26277000000000.0 749124000.0 83343100.0 9277.2 761851.0 0.0 333593000.0 4031190.0 0.0 0.0 95952700.0 7536940.0 60755.3 570.756 -1.26 4.01 [-1.26]
5754400000000.0 25227100000000.0 726425000.0 77551600.0 8095.91 678847.0 0.0 333258000.0 3580180.0 0.0 0.0 93142700.0 6952200.0 54495.5 500.034 -1.24 4.008 [-1.24]
5754400000000.0 24224700000000.0 704570000.0 72191200.0 7072.73 605281.0 0.0 332907000.0 3181480.0 0.0 0.0 90437200.0 6416040.0 48921.2 438.709 -1.22 4.007 [-1.22]
5754400000000.0 23267400000000.0 683528000.0 67228500.0 6185.66 540042.0 0.0 332540000.0 2828850.0 0.0 0.0 87833000.0 5924260.0 43953.7 385.462 -1.2 4.005 [-1.2]
5754400000000.0 22353000000000.0 663271000.0 62632800.0 5415.89 482153.0 0.0 332158000.0 2516800.0 0.0 0.0 85326800.0 5473050.0 39523.8 339.17 -1.18 4.004 [-1.18]
5754400000000.0 21477100000000.0 643717000.0 58364100.0 4746.08 430668.0 0.0 331760000.0 2240050.0 0.0 0.0 82908600.0 5057850.0 35564.0 298.803 -1.16 4.002 [-1.16]
5754400000000.0 20645100000000.0 625004000.0 54431500.0 4165.93 385092.0 0.0 331352000.0 1995790.0 0.0 0.0 80596000.0 4678690.0 32040.0 263.742 -1.14 4.001 [-1.14]
5754400000000.0 19847500000000.0 606939000.0 50775600.0 3659.97 344498.0 0.0 330930000.0 1778870.0 0.0 0.0 78365000.0 4329440.0 28884.6 233.079 -1.12 3.999 [-1.12]
5754400000000.0 19085200000000.0 589552000.0 47386000.0 3219.17 308388.0 0.0 330496000.0 1586510.0 0.0 0.0 76219400.0 4008490.0 26062.2 206.277 -1.1 3.998 [-1.1]
5754400000000.0 18356400000000.0 572817000.0 44242300.0 2834.75 276246.0 0.0 330051000.0 1415830.0 0.0 0.0 74156200.0 3713470.0 23536.0 182.819 -1.08 3.997 [-1.08]
5754400000000.0 17659500000000.0 556709000.0 41325700.0 2499.14 247619.0 0.0 329594000.0 1264300.0 0.0 0.0 72172500.0 3442150.0 21272.9 162.26 -1.06 3.995 [-1.06]
5754400000000.0 16993000000000.0 541205000.0 38618800.0 2205.85 222106.0 0.0 329129000.0 1129700.0 0.0 0.0 70265300.0 3192530.0 19244.0 144.218 -1.04 3.994 [-1.04]
5754400000000.0 16355500000000.0 526281000.0 36105500.0 1949.26 199352.0 0.0 328653000.0 1010060.0 0.0 0.0 68431800.0 2962760.0 17423.7 128.363 -1.02 3.992 [-1.02]
5754400000000.0 15745500000000.0 511915000.0 33771200.0 1724.55 179047.0 0.0 328169000.0 903666.0 0.0 0.0 66669200.0 2751160.0 15789.2 114.41 -1.0 3.991 [-1.0]
5754400000000.0 15161800000000.0 498084000.0 31602300.0 1527.53 160916.0 0.0 327676000.0 808989.0 0.0 0.0 64974800.0 2556200.0 14320.4 102.115 -0.98 3.989 [-0.98]
5754400000000.0 14603000000000.0 484768000.0 29586100.0 1354.6 144713.0 0.0 327176000.0 724690.0 0.0 0.0 63345900.0 2376480.0 12999.4 91.2669 -0.96 3.988 [-0.96]
5754400000000.0 14068000000000.0 471946000.0 27711300.0 1202.66 130226.0 0.0 326668000.0 649587.0 0.0 0.0 61780100.0 2210720.0 11810.3 81.6817 -0.94 3.987 [-0.94]
5754400000000.0 13555800000000.0 459598000.0 25967100.0 1069.01 117264.0 0.0 326154000.0 582636.0 0.0 0.0 60274800.0 2057770.0 10739.3 73.2015 -0.92 3.985 [-0.92]
5754400000000.0 13065100000000.0 447705000.0 24343800.0 951.308 105658.0 0.0 325635000.0 522916.0 0.0 0.0 58827700.0 1916540.0 9773.61 65.6885 -0.9 3.984 [-0.9]
5754400000000.0 12595000000000.0 436248000.0 22832300.0 847.549 95260.9 0.0 325110000.0 469613.0 0.0 0.0 57436300.0 1786090.0 8902.33 59.0239 -0.88 3.982 [-0.88]
5754400000000.0 12144600000000.0 425210000.0 21424300.0 755.976 85939.4 0.0 324579000.0 422010.0 0.0 0.0 56098600.0 1665510.0 8115.54 53.1041 -0.86 3.981 [-0.86]
5754400000000.0 11712800000000.0 414573000.0 20112200.0 675.067 77577.3 0.0 324045000.0 379470.0 0.0 0.0 54812300.0 1554000.0 7404.49 47.8388 -0.84 3.98 [-0.84]
5754400000000.0 11298900000000.0 404321000.0 18888800.0 603.502 70070.9 0.0 323507000.0 341431.0 0.0 0.0 53575300.0 1450820.0 6761.35 43.1498 -0.82 3.978 [-0.82]
5754400000000.0 10902000000000.0 394438000.0 17747600.0 540.13 63328.3 0.0 322965000.0 307397.0 0.0 0.0 52385700.0 1355280.0 6179.15 38.9686 -0.8 3.977 [-0.8]
5754400000000.0 10519700000000.0 384868000.0 16678500.0 483.821 57254.1 0.0 322418000.0 276856.0 0.0 0.0 51236700.0 1266450.0 5650.62 35.2275 -0.78 3.976 [-0.78]
5754400000000.0 10156000000000.0 375718000.0 15688400.0 434.094 51817.2 0.0 321873000.0 249629.0 0.0 0.0 50140800.0 1184760.0 5173.48 31.8982 -0.76 3.974 [-0.76]
5754400000000.0 9805530000000.0 366852000.0 14759700.0 389.799 46911.7 0.0 321324000.0 225161.0 0.0 0.0 49082000.0 1108680.0 4739.52 28.9112 -0.74 3.973 [-0.74]
5754400000000.0 9469110000000.0 358298000.0 13891800.0 350.403 42494.3 0.0 320774000.0 203214.0 0.0 0.0 48063200.0 1038080.0 4345.42 26.2343 -0.72 3.972 [-0.72]
5754400000000.0 9146140000000.0 350042000.0 13080400.0 315.325 38513.9 0.0 320222000.0 183518.0 0.0 0.0 47082800.0 972533.0 3987.23 23.8325 -0.7 3.97 [-0.7]
5754400000000.0 8835960000000.0 342071000.0 12321400.0 284.057 34924.9 0.0 319670000.0 165829.0 0.0 0.0 46139200.0 911627.0 3661.41 21.6748 -0.68 3.969 [-0.68]
5754400000000.0 8538040000000.0 334374000.0 11611000.0 256.157 31687.1 0.0 319118000.0 149934.0 0.0 0.0 45230900.0 855012.0 3364.8 19.7342 -0.66 3.968 [-0.66]
5754400000000.0 8250570000000.0 326907000.0 10943400.0 231.178 28757.6 0.0 318563000.0 135609.0 0.0 0.0 44352800.0 802145.0 3094.04 17.9832 -0.64 3.966 [-0.64]
5754400000000.0 7975540000000.0 319725000.0 10320600.0 208.897 26118.2 0.0 318011000.0 122754.0 0.0 0.0 43510900.0 753141.0 2847.71 16.4083 -0.62 3.965 [-0.62]
5754400000000.0 7712290000000.0 312813000.0 9739190.0 188.996 23738.0 0.0 317463000.0 111208.0 0.0 0.0 42703700.0 707679.0 2623.37 14.9898 -0.6 3.964 [-0.6]
5754400000000.0 7458050000000.0 306100000.0 9191800.0 171.118 21580.2 0.0 316914000.0 100781.0 0.0 0.0 41922800.0 665142.0 2418.06 13.7052 -0.58 3.962 [-0.58]
5754400000000.0 7213550000000.0 299608000.0 8678320.0 155.081 19627.9 0.0 316365000.0 91383.8 0.0 0.0 41170400.0 625479.0 2230.43 12.5433 -0.56 3.961 [-0.56]
5754400000000.0 6978350000000.0 293328000.0 8196430.0 140.68 17860.4 0.0 315819000.0 82908.6 0.0 0.0 40445400.0 588476.0 2058.82 11.4912 -0.54 3.96 [-0.54]
5754400000000.0 6752040000000.0 287250000.0 7743980.0 127.736 16259.3 0.0 315276000.0 75260.8 0.0 0.0 39746800.0 553934.0 1901.75 10.5375 -0.52 3.958 [-0.52]
5754400000000.0 6534230000000.0 281366000.0 7318980.0 116.089 14808.3 0.0 314734000.0 68355.7 0.0 0.0 39073400.0 521670.0 1757.88 9.6721 -0.5 3.957 [-0.5]
5754400000000.0 6324570000000.0 275667000.0 6919570.0 105.599 13492.6 0.0 314196000.0 62117.4 0.0 0.0 38424200.0 491516.0 1626.0 8.88596 -0.48 3.956 [-0.48]
5754400000000.0 6122680000000.0 270147000.0 6544060.0 96.142 12298.9 0.0 313660000.0 56478.3 0.0 0.0 37798300.0 463318.0 1505.03 8.17113 -0.46 3.954 [-0.46]
5754400000000.0 5928240000000.0 264798000.0 6190840.0 87.6078 11215.3 0.0 313129000.0 51378.0 0.0 0.0 37194600.0 436934.0 1393.98 7.52047 -0.44 3.953 [-0.44]
5754400000000.0 5740940000000.0 259612000.0 5858460.0 79.8992 10231.3 0.0 312600000.0 46762.4 0.0 0.0 36612300.0 412233.0 1291.96 6.92765 -0.42 3.952 [-0.42]
5754400000000.0 5560460000000.0 254583000.0 5545570.0 72.9296 9337.17 0.0 312076000.0 42583.2 0.0 0.0 36050600.0 389098.0 1198.17 6.387 -0.4 3.95 [-0.4]
5754400000000.0 5386510000000.0 249703000.0 5250860.0 66.6224 8524.38 0.0 311555000.0 38796.9 0.0 0.0 35508500.0 367410.0 1111.89 5.89344 -0.38 3.949 [-0.38]
5754400000000.0 5218820000000.0 244968000.0 4973180.0 60.9092 7785.15 0.0 311039000.0 35364.7 0.0 0.0 34985300.0 347071.0 1032.47 5.44246 -0.36 3.948 [-0.36]
5754400000000.0 5057120000000.0 240370000.0 4711420.0 55.7297 7112.54 0.0 310527000.0 32251.9 0.0 0.0 34480200.0 327985.0 959.297 5.03 -0.34 3.946 [-0.34]
5754400000000.0 4901160000000.0 235905000.0 4464580.0 51.0296 6500.25 0.0 310019000.0 29427.1 0.0 0.0 33992600.0 310067.0 891.844 4.65244 -0.32 3.945 [-0.32]
5754400000000.0 4750720000000.0 231566000.0 4231710.0 46.761 5942.65 0.0 309517000.0 26862.5 0.0 0.0 33521700.0 293235.0 829.623 0.0 -0.3 3.944 [-0.3]
5754400000000.0 4605560000000.0 227349000.0 4011940.0 42.8809 5434.63 0.0 309020000.0 24532.8 0.0 0.0 33066800.0 277417.0 772.188 0.0 -0.28 3.942 [-0.28]
5754400000000.0 4464880000000.0 223231000.0 3803700.0 39.3445 4970.61 0.0 308525000.0 22411.1 0.0 0.0 32625600.0 262477.0 719.056 0.0 -0.26 3.941 [-0.26]
5754400000000.0 4329650000000.0 219243000.0 3607750.0 36.131 4548.44 0.0 308038000.0 20486.1 0.0 0.0 32201000.0 248480.0 670.029 0.0 -0.24 3.94 [-0.24]
5754400000000.0 4199080000000.0 215361000.0 3422600.0 0.0 4163.33 0.0 307556000.0 18734.7 0.0 0.0 31790700.0 235303.0 624.685 0.0 -0.22 3.938 [-0.22]
5754400000000.0 4072970000000.0 211583000.0 3247600.0 0.0 3811.88 0.0 307079000.0 17140.5 0.0 0.0 31394100.0 222890.0 582.723 0.0 -0.2 3.937 [-0.2]
5754400000000.0 3951160000000.0 207903000.0 3082120.0 0.0 3491.03 0.0 306609000.0 15688.7 0.0 0.0 31010600.0 211191.0 543.865 0.0 -0.18 3.935 [-0.18]
5754400000000.0 3833900000000.0 204331000.0 2926070.0 0.0 3198.51 0.0 306145000.0 14368.1 0.0 0.0 30641200.0 200194.0 507.905 0.0 -0.16 3.934 [-0.16]
5754400000000.0 3720140000000.0 200836000.0 2777930.0 0.0 2930.75 0.0 305686000.0 13162.1 0.0 0.0 30282500.0 189784.0 474.519 0.0 -0.14 3.933 [-0.14]
5754400000000.0 3610170000000.0 197428000.0 2637700.0 0.0 2686.04 0.0 305232000.0 12062.1 0.0 0.0 29935500.0 179958.0 443.549 0.0 -0.12 3.931 [-0.12]
5754400000000.0 3503860000000.0 194104000.0 2504930.0 0.0 2462.32 0.0 304784000.0 11058.6 0.0 0.0 29599700.0 170677.0 414.801 0.0 -0.1 3.93 [-0.1]
5754400000000.0 3401050000000.0 190860000.0 2379170.0 0.0 2257.71 0.0 304342000.0 10142.5 0.0 0.0 29274800.0 161908.0 388.103 0.0 -0.08 3.928 [-0.08]
5754400000000.0 3301620000000.0 187693000.0 2260040.0 0.0 2070.53 0.0 303906000.0 9305.86 0.0 0.0 28960300.0 153619.0 363.293 0.0 -0.06 3.927 [-0.06]
