Cloudy_runs/1es1553/z=0.187764/component_I_PI_nH/component_I_PI_nH_col_density_param.txt
# %ECSV 1.0
# ---
# datatype:
# - {name: H, datatype: float64}
# - {name: H+, datatype: float64}
# - {name: C+, datatype: float64}
# - {name: C+2, datatype: float64}
# - {name: C+3, datatype: float64}
# - {name: N+2, datatype: float64}
# - {name: N+4, datatype: float64}
# - {name: O, datatype: float64}
# - {name: O+2, datatype: float64}
# - {name: O+5, datatype: float64}
# - {name: O+6, datatype: float64}
# - {name: Si+, datatype: float64}
# - {name: Si+2, datatype: float64}
# - {name: Si+3, datatype: float64}
# - {name: Si+4, datatype: float64}
# - {name: log_nH, datatype: float64}
# - {name: log_Te, datatype: float64}
# - {name: parameters, datatype: string, subtype: 'float64[1]'}
# schema: astropy-2.0
H H+ C+ C+2 C+3 N+2 N+4 O O+2 O+5 O+6 Si+ Si+2 Si+3 Si+4 log_nH log_Te parameters
[from data line 141]
5754400000000.0 29293700000000.0 68887100000.0 23654100000.0 25094500.0 811469000.0 44048.4 38257600000.0 5350050000.0 0.0 0.0 11169000000.0 51978300.0 65139200.0 490149.0 -2.18 2.295 [-2.18]
5754400000000.0 27989700000000.0 66938600000.0 22065000000.0 21752000.0 721851000.0 36342.0 38411200000.0 4733510000.0 0.0 0.0 10758200000.0 46454500.0 58273800.0 430928.0 -2.16 2.291 [-2.16]
5754400000000.0 26746500000000.0 65045200000.0 20583700000.0 18861900.0 642240000.0 29998.6 38550100000.0 4187010000.0 0.0 0.0 10365700000.0 41535400.0 52152300.0 379323.0 -2.14 2.286 [-2.14]
5754400000000.0 25561600000000.0 63206700000.0 19203200000.0 16362900.0 571531000.0 24776.0 38674900000.0 3702880000.0 0.0 0.0 9990930000.0 37154600.0 46694000.0 334306.0 -2.12 2.281 [-2.12]
5754400000000.0 24435800000000.0 61428100000.0 17920600000.0 14206300.0 508858000.0 20482.4 38786200000.0 3275120000.0 0.0 0.0 9634130000.0 33260700.0 41836200.0 295063.0 -2.1 2.276 [-2.1]
5754400000000.0 23362500000000.0 59704000000.0 16724100000.0 12339100.0 453173000.0 16942.6 38882800000.0 2896530000.0 0.0 0.0 9293390000.0 29772200.0 37501800.0 260735.0 -2.08 2.272 [-2.08]
5754400000000.0 22337000000000.0 58028700000.0 15606100000.0 10720500.0 403631000.0 14019.8 38966000000.0 2560990000.0 0.0 0.0 8967270000.0 26657300.0 33628000.0 230637.0 -2.06 2.267 [-2.06]
5754400000000.0 21362900000000.0 56411100000.0 14568300000.0 9322910.0 359724000.0 11614.2 39037100000.0 2264910000.0 0.0 0.0 8657030000.0 23888400.0 30179000.0 204315.0 -2.04 2.263 [-2.04]
5754400000000.0 20434800000000.0 54844900000.0 13601500000.0 8112850.0 320720000.0 9628.76 39096100000.0 2003120000.0 0.0 0.0 8360960000.0 21420800.0 27100300.0 181221.0 -2.02 2.258 [-2.02]
5754400000000.0 19550500000000.0 53329200000.0 12701100000.0 7064770.0 286067000.0 7989.25 39143500000.0 1771710000.0 0.0 0.0 8078440000.0 19221000.0 24351300.0 160936.0 -2.0 2.254 [-2.0]
5754400000000.0 18705500000000.0 51858800000.0 11859900000.0 6154860.0 255218000.0 6632.37 39179300000.0 1566810000.0 0.0 0.0 7808100000.0 17255700.0 21891500.0 143069.0 -1.98 2.25 [-1.98]
5754400000000.0 17902600000000.0 50441000000.0 11078900000.0 5367760.0 227852000.0 5512.51 39204900000.0 1386120000.0 0.0 0.0 7550910000.0 15505800.0 19697800.0 127368.0 -1.96 2.245 [-1.96]
5754400000000.0 17139800000000.0 49074300000.0 10353700000.0 4686400.0 203564000.0 4587.34 39220600000.0 1226770000.0 0.0 0.0 7306230000.0 13946700.0 17740300.0 113553.0 -1.94 2.241 [-1.94]
5754400000000.0 16413300000000.0 47754000000.0 9678400000.0 4095130.0 181966000.0 3821.18 39226500000.0 1086010000.0 0.0 0.0 7072880000.0 12554600.0 15989800.0 101364.0 -1.92 2.237 [-1.92]
5754400000000.0 15715900000000.0 46469500000.0 9044820000.0 3579180.0 162662000.0 3183.59 39221700000.0 961057000.0 0.0 0.0 6848640000.0 11305200.0 14416300.0 90550.8 -1.9 2.233 [-1.9]
5754400000000.0 15053800000000.0 45233000000.0 8456810000.0 3132060.0 145522000.0 2655.95 39208300000.0 850943000.0 0.0 0.0 6635450000.0 10190900.0 13010900.0 81009.2 -1.88 2.229 [-1.88]
5754400000000.0 14421100000000.0 44036100000.0 7907670000.0 2742710.0 130238000.0 2217.37 39185600000.0 753516000.0 0.0 0.0 6431540000.0 9192820.0 11750200.0 72549.9 -1.86 2.225 [-1.86]
5754400000000.0 13819600000000.0 42882900000.0 7397430000.0 2404590.0 116645000.0 1853.54 39155100000.0 667575000.0 0.0 0.0 6237430000.0 8300900.0 10622100.0 65062.9 -1.84 2.221 [-1.84]
5754400000000.0 13247600000000.0 41772100000.0 6923190000.0 2110660.0 104550000.0 0.0 39117400000.0 591741000.0 0.0 0.0 6052630000.0 7503220.0 9611830.0 58427.7 -1.82 2.217 [-1.82]
5754400000000.0 12701000000000.0 40697100000.0 6480080000.0 1854100.0 93746900.0 0.0 39071400000.0 524610000.0 0.0 0.0 5875800000.0 6787220.0 8703710.0 52524.2 -1.8 2.213 [-1.8]
5754400000000.0 12179700000000.0 39659200000.0 6067100000.0 1630380.0 84110000.0 0.0 39018100000.0 465269000.0 0.0 0.0 5707000000.0 6145080.0 7888190.0 47273.4 -1.78 2.209 [-1.78]
5754400000000.0 11682600000000.0 38657100000.0 5682170000.0 1435140.0 75508800.0 0.0 38958000000.0 412805000.0 0.0 0.0 5545850000.0 5568790.0 7155350.0 42598.0 -1.76 2.206 [-1.76]
5754400000000.0 11208600000000.0 37689800000.0 5323310000.0 1264610.0 67827800.0 0.0 38891300000.0 366409000.0 0.0 0.0 5391990000.0 5051210.0 6496330.0 38430.2 -1.74 2.202 [-1.74]
5754400000000.0 10756400000000.0 36755800000.0 4988710000.0 1115540.0 60964700.0 0.0 38818400000.0 325369000.0 0.0 0.0 5245050000.0 4585990.0 5903260.0 34710.8 -1.72 2.198 [-1.72]
5754400000000.0 10325100000000.0 35854100000.0 4676670000.0 985118.0 54829200.0 0.0 38739800000.0 289057000.0 0.0 0.0 5104710000.0 4167520.0 5369150.0 31387.7 -1.7 2.195 [-1.7]
5754400000000.0 9913530000000.0 34983300000.0 4385610000.0 870893.0 49340600.0 0.0 38655600000.0 256916000.0 0.0 0.0 4970640000.0 3790800.0 4887740.0 28415.3 -1.68 2.191 [-1.68]
5754400000000.0 9520780000000.0 34142300000.0 4114060000.0 770767.0 44428200.0 0.0 38566300000.0 228459000.0 0.0 0.0 4842530000.0 3451370.0 4453520.0 25753.7 -1.66 2.188 [-1.66]
5754400000000.0 9144980000000.0 33328100000.0 3860040000.0 682782.0 40022400.0 0.0 38471400000.0 203220000.0 0.0 0.0 4719800000.0 3144890.0 4061000.0 23364.7 -1.64 2.184 [-1.64]
5754400000000.0 8788050000000.0 32545300000.0 3624150000.0 605756.0 36086100.0 0.0 38373600000.0 180922000.0 0.0 0.0 4603060000.0 2869060.0 3707390.0 21226.4 -1.62 2.181 [-1.62]
5754400000000.0 8446370000000.0 31787100000.0 3403340000.0 537924.0 32551100.0 0.0 38270800000.0 161127000.0 0.0 0.0 4491160000.0 2619560.0 3387180.0 19302.5 -1.6 2.177 [-1.6]
5754400000000.0 8120060000000.0 31054300000.0 3197140000.0 478229.0 29379600.0 0.0 38164100000.0 143574000.0 0.0 0.0 4384130000.0 2393990.0 3097400.0 17572.1 -1.58 2.174 [-1.58]
5754400000000.0 7807580000000.0 30344100000.0 3004050000.0 425562.0 26528400.0 0.0 38053100000.0 127981000.0 0.0 0.0 4281490000.0 2189620.0 2834600.0 16012.1 -1.56 2.171 [-1.56]
5754400000000.0 7509820000000.0 29659100000.0 2824090000.0 379195.0 23971200.0 0.0 37939500000.0 114162000.0 0.0 0.0 4183530000.0 2004790.0 2596710.0 14607.8 -1.54 2.167 [-1.54]
5754400000000.0 7225940000000.0 28998100000.0 2656280000.0 338319.0 21675700.0 0.0 37823700000.0 101907000.0 0.0 0.0 4089980000.0 1837460.0 2381150.0 13341.9 -1.52 2.164 [-1.52]
5754400000000.0 6953930000000.0 28357000000.0 2499000000.0 302138.0 19608200.0 0.0 37704500000.0 91004600.0 0.0 0.0 4000190000.0 1685430.0 2185140.0 12197.0 -1.5 2.161 [-1.5]
5754400000000.0 6693870000000.0 27736500000.0 2351890000.0 270129.0 17747600.0 0.0 37582700000.0 81314200.0 0.0 0.0 3914190000.0 1547380.0 2007000.0 11161.5 -1.48 2.158 [-1.48]
5754400000000.0 6445180000000.0 27135700000.0 2214260000.0 241781.0 16072200.0 0.0 37458900000.0 72696800.0 0.0 0.0 3831800000.0 1421900.0 1844960.0 10224.1 -1.46 2.155 [-1.46]
5754400000000.0 6207290000000.0 26553700000.0 2085440000.0 216646.0 14562700.0 0.0 37333000000.0 65029800.0 0.0 0.0 3752830000.0 1307750.0 1697430.0 9374.57 -1.44 2.152 [-1.44]
5754400000000.0 5979700000000.0 25989800000.0 1964830000.0 194338.0 13201900.0 0.0 37205500000.0 58204800.0 0.0 0.0 3677120000.0 1203810.0 1563000.0 8603.87 -1.42 2.149 [-1.42]
5754400000000.0 5761890000000.0 25443300000.0 1851870000.0 174516.0 11974400.0 0.0 37076500000.0 52126100.0 0.0 0.0 3604520000.0 1109080.0 1440400.0 7903.95 -1.4 2.145 [-1.4]
5754400000000.0 5553420000000.0 24913100000.0 1746020000.0 156883.0 10866300.0 0.0 36946200000.0 46709500.0 0.0 0.0 3534860000.0 1022660.0 1328500.0 7267.68 -1.38 2.143 [-1.38]
5754400000000.0 5353800000000.0 24398800000.0 1646800000.0 141182.0 9865840.0 0.0 36814900000.0 41879900.0 0.0 0.0 3468010000.0 943768.0 1226260.0 6688.67 -1.36 2.14 [-1.36]
5754400000000.0 5162560000000.0 23899500000.0 1553740000.0 127183.0 8961690.0 0.0 36682800000.0 37570700.0 0.0 0.0 3403810000.0 871662.0 1132770.0 6161.18 -1.34 2.137 [-1.34]
5754400000000.0 4979440000000.0 23414900000.0 1466480000.0 114692.0 8144450.0 0.0 36550100000.0 33725300.0 0.0 0.0 3342180000.0 805723.0 1047220.0 5680.3 -1.32 2.134 [-1.32]
5754400000000.0 4803930000000.0 22944000000.0 1384570000.0 103532.0 7405120.0 0.0 36416900000.0 30290500.0 0.0 0.0 3282940000.0 745353.0 968863.0 5241.35 -1.3 2.131 [-1.3]
5754400000000.0 4635730000000.0 22486400000.0 1307670000.0 93550.8 6736030.0 0.0 36283500000.0 27221400.0 0.0 0.0 3226010000.0 690042.0 897035.0 4840.35 -1.28 2.128 [-1.28]
5754400000000.0 4473930000000.0 22040000000.0 1235220000.0 84599.4 6129160.0 0.0 36149300000.0 24472700.0 0.0 0.0 3171090000.0 639247.0 831042.0 4473.17 -1.26 2.125 [-1.26]
5754400000000.0 4319280000000.0 21607100000.0 1167360000.0 76591.0 5580310.0 0.0 36015900000.0 22018100.0 0.0 0.0 3118430000.0 592697.0 770539.0 4137.57 -1.24 2.122 [-1.24]
5754400000000.0 4171330000000.0 21186800000.0 1103720000.0 69415.6 5083470.0 0.0 35883200000.0 19824000.0 0.0 0.0 3067880000.0 549986.0 715004.0 3830.45 -1.22 2.12 [-1.22]
5754400000000.0 4029000000000.0 20776500000.0 1043730000.0 62961.5 4632250.0 0.0 35750400000.0 17856100.0 0.0 0.0 3019090000.0 510672.0 663866.0 3548.49 -1.2 2.117 [-1.2]
5754400000000.0 3892350000000.0 20376600000.0 987262000.0 57157.9 4222780.0 0.0 35618000000.0 16092300.0 0.0 0.0 2972090000.0 474493.0 616791.0 3289.69 -1.18 2.114 [-1.18]
5754400000000.0 3761170000000.0 19986900000.0 934114000.0 51934.7 3851070.0 0.0 35486200000.0 14510800.0 0.0 0.0 2926790000.0 441176.0 573429.0 3051.96 -1.16 2.111 [-1.16]
5754400000000.0 3635310000000.0 19607200000.0 884118000.0 47231.6 3513660.0 0.0 35355000000.0 13093200.0 0.0 0.0 2883170000.0 410484.0 533470.0 2833.47 -1.14 2.109 [-1.14]
5754400000000.0 3515110000000.0 19239400000.0 837303000.0 43003.3 3208010.0 0.0 35224100000.0 11826700.0 0.0 0.0 2841360000.0 382249.0 496689.0 2632.86 -1.12 2.106 [-1.12]
5754400000000.0 3399570000000.0 18880100000.0 793156000.0 39184.4 2930020.0 0.0 35094100000.0 10688400.0 0.0 0.0 2801010000.0 356174.0 462717.0 2448.04 -1.1 2.104 [-1.1]
5754400000000.0 3288480000000.0 18529200000.0 751512000.0 35732.4 2677100.0 0.0 34965200000.0 9664710.0 0.0 0.0 2762040000.0 332078.0 431319.0 2277.64 -1.08 2.101 [-1.08]
5754400000000.0 3181640000000.0 18186200000.0 712215000.0 32609.0 2446880.0 0.0 34837500000.0 8743570.0 0.0 0.0 2724390000.0 309793.0 402277.0 2120.41 -1.06 2.098 [-1.06]
5754400000000.0 3078840000000.0 17850800000.0 675111000.0 29780.3 2237220.0 0.0 34711000000.0 7914220.0 0.0 0.0 2688000000.0 289167.0 375397.0 1975.21 -1.04 2.096 [-1.04]
5754400000000.0 2979950000000.0 17522700000.0 640074000.0 27216.4 2046240.0 0.0 34585800000.0 7167220.0 0.0 0.0 2652810000.0 270065.0 350502.0 1841.04 -1.02 2.093 [-1.02]
5754400000000.0 2884780000000.0 17201700000.0 606979000.0 24890.7 1872200.0 0.0 34462000000.0 6494030.0 0.0 0.0 2618780000.0 252363.0 327430.0 1716.96 -1.0 2.091 [-1.0]
5754400000000.0 2793150000000.0 16887300000.0 575698000.0 22778.9 1713520.0 0.0 34339700000.0 5886970.0 0.0 0.0 2585840000.0 235945.0 306031.0 1602.13 -0.98 2.088 [-0.98]
5754400000000.0 2704930000000.0 16579400000.0 546129000.0 20859.9 1568810.0 0.0 34218800000.0 5339310.0 0.0 0.0 2553950000.0 220709.0 286174.0 1495.79 -0.96 2.085 [-0.96]
5754400000000.0 2619720000000.0 16276900000.0 518093000.0 19112.5 1436600.0 0.0 34099000000.0 4844300.0 0.0 0.0 2522970000.0 206546.0 267716.0 1397.15 -0.94 2.083 [-0.94]
5754400000000.0 2537860000000.0 15981100000.0 491640000.0 17524.2 1316100.0 0.0 33981200000.0 4397880.0 0.0 0.0 2493030000.0 193399.0 250583.0 1305.76 -0.92 2.08 [-0.92]
5754400000000.0 2458980000000.0 15691100000.0 466604000.0 16077.3 1206060.0 0.0 33865000000.0 3994450.0 0.0 0.0 2464000000.0 181173.0 234653.0 1220.94 -0.9 2.078 [-0.9]
5754400000000.0 2382950000000.0 15406600000.0 442905000.0 14758.3 1105560.0 0.0 33750400000.0 3629760.0 0.0 0.0 2435840000.0 169799.0 219833.0 1142.19 -0.88 2.075 [-0.88]
5754400000000.0 2309640000000.0 15127300000.0 420463000.0 13555.1 1013720.0 0.0 33637400000.0 3299880.0 0.0 0.0 2408510000.0 159210.0 206038.0 1069.01 -0.86 2.073 [-0.86]
5754400000000.0 2238960000000.0 14853200000.0 399206000.0 12456.6 929782.0 0.0 33526200000.0 3001350.0 0.0 0.0 2381980000.0 149345.0 193189.0 1000.98 -0.84 2.07 [-0.84]
5754400000000.0 2170940000000.0 14584600000.0 379108000.0 11454.1 853109.0 0.0 33416900000.0 2731340.0 0.0 0.0 2356270000.0 140158.0 181225.0 937.727 -0.82 2.068 [-0.82]
5754400000000.0 2105170000000.0 14320200000.0 360018000.0 10536.6 782904.0 0.0 33309100000.0 2486460.0 0.0 0.0 2331220000.0 131583.0 170060.0 878.805 -0.8 2.065 [-0.8]
5754400000000.0 2041710000000.0 14060400000.0 341923000.0 9697.25 718673.0 0.0 33213300000.0 2259920.0 0.0 0.0 2306860000.0 123582.0 159644.0 823.929 -0.78 2.063 [-0.78]
5754400000000.0 1980550000000.0 13805200000.0 324770000.0 8929.18 659903.0 0.0 33168200000.0 2034010.0 0.0 0.0 2283200000.0 116115.0 149926.0 772.806 -0.76 2.06 [-0.76]
5754400000000.0 1921350000000.0 13553700000.0 308467000.0 8224.93 606042.0 0.0 33120200000.0 1830900.0 0.0 0.0 2260110000.0 109134.0 140843.0 725.102 -0.74 2.058 [-0.74]
5754400000000.0 1864450000000.0 13307500000.0 293062000.0 7580.63 556807.0 0.0 33070400000.0 1648720.0 0.0 0.0 2237730000.0 102619.0 132368.0 680.655 -0.72 2.055 [-0.72]
5754400000000.0 1809340000000.0 13064600000.0 278410000.0 6989.07 511651.0 0.0 33018100000.0 1484820.0 0.0 0.0 2215870000.0 96521.7 124438.0 639.133 -0.7 2.053 [-0.7]
5754400000000.0 1755900000000.0 12824900000.0 264464000.0 6445.48 470211.0 0.0 32946200000.0 1343180.0 0.0 0.0 2194470000.0 90811.0 117014.0 600.315 -0.68 2.05 [-0.68]
5754400000000.0 1704430000000.0 12589800000.0 251267000.0 5947.11 432283.0 0.0 32857600000.0 1221000.0 0.0 0.0 2173690000.0 85471.4 110075.0 564.081 -0.66 2.048 [-0.66]
5754400000000.0 1654680000000.0 12358300000.0 238738000.0 5489.28 397506.0 0.0 32770100000.0 1110290.0 0.0 0.0 2153400000.0 80471.4 103579.0 530.208 -0.64 2.045 [-0.64]
5754400000000.0 1606590000000.0 12130500000.0 226841000.0 5068.49 365610.0 0.0 32683500000.0 1009950.0 0.0 0.0 2133610000.0 75787.2 97494.9 498.529 -0.62 2.042 [-0.62]
5754400000000.0 1560100000000.0 11906200000.0 215541000.0 4681.54 336349.0 0.0 32598100000.0 918981.0 0.0 0.0 2114270000.0 71397.0 91795.1 468.888 -0.6 2.04 [-0.6]
5754400000000.0 1515140000000.0 11685300000.0 204807000.0 4325.54 309497.0 0.0 32513800000.0 836479.0 0.0 0.0 2095380000.0 67280.5 86452.7 441.142 -0.58 2.037 [-0.58]
5754400000000.0 1471820000000.0 11468500000.0 194644000.0 3998.31 284885.0 0.0 32431000000.0 761738.0 0.0 0.0 2077000000.0 63422.9 81448.3 415.183 -0.56 2.034 [-0.56]
5754400000000.0 1429740000000.0 11254200000.0 184953000.0 3696.5 262251.0 0.0 32348800000.0 693795.0 0.0 0.0 2058940000.0 59799.0 76748.8 390.836 -0.54 2.032 [-0.54]
5754400000000.0 1388880000000.0 11042400000.0 175714000.0 3418.07 241436.0 0.0 32267400000.0 632024.0 0.0 0.0 2041190000.0 56393.4 72334.4 367.997 -0.52 2.029 [-0.52]
5754400000000.0 1349630000000.0 10835100000.0 166990000.0 3162.16 222371.0 0.0 32187900000.0 576094.0 0.0 0.0 2023960000.0 53201.5 68198.6 346.622 -0.5 2.026 [-0.5]
5754400000000.0 1311360000000.0 10629500000.0 158646000.0 2925.55 204803.0 0.0 32108800000.0 525136.0 0.0 0.0 2006950000.0 50196.9 64307.2 326.535 -0.48 2.024 [-0.48]
5754400000000.0 1274570000000.0 10428300000.0 150762000.0 0.0 188701.0 0.0 32031600000.0 478953.0 0.0 0.0 1990410000.0 47378.1 60658.3 307.72 -0.46 2.021 [-0.46]
5754400000000.0 1238710000000.0 10228800000.0 143224000.0 2506.48 173860.0 0.0 31954800000.0 436866.0 0.0 0.0 1974070000.0 44723.4 57223.1 290.029 -0.44 2.018 [-0.44]
5754400000000.0 1204090000000.0 10032700000.0 136077000.0 0.0 160232.0 0.0 31879500000.0 398640.0 0.0 0.0 1958100000.0 42228.8 53996.7 0.0 -0.42 2.015 [-0.42]
5754400000000.0 1170560000000.0 9839550000.0 129282000.0 0.0 147699.0 0.0 31805400000.0 363873.0 0.0 0.0 1942440000.0 39881.9 50962.9 0.0 -0.4 0.0 [-0.4]
