Cloudy_runs/1es1553/z=0.187764/component_I_PI_nH/component_I_PI_nH_col_density_param.txt
# %ECSV 1.0
# ---
# datatype:
# - {name: H, datatype: float64}
# - {name: H+, datatype: float64}
# - {name: C+, datatype: float64}
# - {name: C+2, datatype: float64}
# - {name: C+3, datatype: float64}
# - {name: N+2, datatype: float64}
# - {name: N+4, datatype: float64}
# - {name: O, datatype: float64}
# - {name: O+2, datatype: float64}
# - {name: O+5, datatype: float64}
# - {name: O+6, datatype: float64}
# - {name: Si+, datatype: float64}
# - {name: Si+2, datatype: float64}
# - {name: Si+3, datatype: float64}
# - {name: Si+4, datatype: float64}
# - {name: log_nH, datatype: float64}
# - {name: log_Te, datatype: float64}
# - {name: parameters, datatype: string, subtype: 'float64[1]'}
# schema: astropy-2.0
H H+ C+ C+2 C+3 N+2 N+4 O O+2 O+5 O+6 Si+ Si+2 Si+3 Si+4 log_nH log_Te parameters
[from data line 73]
5754400000000.0 6423950000000000.0 6277470000.0 117075000000.0 32813900000.0 26110800000.0 1607790000.0 3704290.0 128914000000.0 1483940000.0 122103000.0 311898000.0 6109710000.0 3754020000.0 8404820000.0 -3.54 4.307 [-3.54]
5754400000000.0 6102060000000000.0 6297330000.0 112943000000.0 30305500000.0 25371000000.0 1413640000.0 4131680.0 127269000000.0 1261300000.0 99449500.0 319707000.0 6158870000.0 3678220000.0 7716680000.0 -3.52 4.304 [-3.52]
5754400000000.0 5796280000000000.0 6313210000.0 108859000000.0 27952900000.0 24627000000.0 1241260000.0 4604880.0 125489000000.0 1070200000.0 80847200.0 326985000.0 6190450000.0 3593610000.0 7062950000.0 -3.5 4.3 [-3.5]
5754400000000.0 5505440000000000.0 6325510000.0 104827000000.0 25747000000.0 23879600000.0 1088250000.0 5128770.0 123575000000.0 906258000.0 65583200.0 333746000.0 6204560000.0 3500740000.0 6444340000.0 -3.48 4.297 [-3.48]
5754400000000.0 5229660000000000.0 6334220000.0 100867000000.0 23688400000.0 23133100000.0 953053000.0 5706760.0 121539000000.0 766250000.0 53115100.0 339943000.0 6201690000.0 3401080000.0 5863300000.0 -3.46 4.293 [-3.46]
5754400000000.0 4967730000000000.0 6339560000.0 96979600000.0 21767400000.0 22387800000.0 833573000.0 6344380.0 119380000000.0 646700000.0 42934100.0 345599000.0 6182230000.0 3295340000.0 5319340000.0 -3.44 4.29 [-3.44]
5754400000000.0 4718950000000000.0 6341690000.0 93170100000.0 19977200000.0 21645300000.0 728148000.0 7046890.0 117105000000.0 544797000.0 34636600.0 350726000.0 6146840000.0 3184480000.0 4812400000.0 -3.42 4.286 [-3.42]
5754400000000.0 4482660000000000.0 6340780000.0 89443700000.0 18311700000.0 20907100000.0 635261000.0 7819900.0 114720000000.0 458094000.0 27887200.0 355339000.0 6096330000.0 3069470000.0 4342030000.0 -3.4 4.283 [-3.4]
5754400000000.0 4258250000000000.0 6336990000.0 85804700000.0 16764300000.0 20174700000.0 553543000.0 8669360.0 112229000000.0 384459000.0 22408100.0 359461000.0 6031640000.0 2951250000.0 3907450000.0 -3.38 4.28 [-3.38]
5754400000000.0 4045110000000000.0 6330470000.0 82256300000.0 15328800000.0 19449300000.0 481754000.0 9601600.0 109641000000.0 322039000.0 17969100.0 363119000.0 5953790000.0 2830740000.0 3507560000.0 -3.36 4.276 [-3.36]
5754400000000.0 3842680000000000.0 6321350000.0 78801500000.0 13999000000.0 18732200000.0 418779000.0 10623200.0 106963000000.0 269228000.0 14380100.0 366343000.0 5863890000.0 2708820000.0 3141020000.0 -3.34 4.273 [-3.34]
5754400000000.0 3650430000000000.0 6309770000.0 75442500000.0 12768800000.0 18024500000.0 363613000.0 11741300.0 104201000000.0 224633000.0 11484300.0 369166000.0 5763060000.0 2586310000.0 2806310000.0 -3.32 4.269 [-3.32]
5754400000000.0 3467850000000000.0 6295850000.0 72180700000.0 11632400000.0 17327300000.0 315354000.0 12963100.0 101365000000.0 187051000.0 9152830.0 371624000.0 5652490000.0 2463960000.0 2501740000.0 -3.3 4.266 [-3.3]
5754400000000.0 3294800000000000.0 6279710000.0 69023900000.0 10586100000.0 16642800000.0 273267000.0 14294500.0 98469600000.0 155492000.0 7282420.0 373736000.0 5533690000.0 2342770000.0 2225960000.0 -3.28 4.262 [-3.28]
5754400000000.0 3130110000000000.0 6261410000.0 65959100000.0 9620160000.0 15969100000.0 236476000.0 15747000.0 95509200000.0 128952000.0 5780010.0 375571000.0 5407110000.0 2222750000.0 1976240000.0 -3.26 4.259 [-3.26]
5754400000000.0 2973390000000000.0 6241030000.0 62987100000.0 8729880000.0 15307000000.0 204364000.0 17329600.0 92492600000.0 106687000.0 4576230.0 377164000.0 5273860000.0 2104460000.0 1750850000.0 -3.24 4.255 [-3.24]
5754400000000.0 2824870000000000.0 6218670000.0 60120100000.0 7913620000.0 14659800000.0 176474000.0 19046400.0 89442900000.0 88110700.0 3617040.0 378520000.0 5135710000.0 1988970000.0 1548650000.0 -3.22 4.252 [-3.22]
5754400000000.0 2683820000000000.0 6194400000.0 57351200000.0 7164710000.0 14026700000.0 152234000.0 20908400.0 86361900000.0 72616000.0 2852980.0 379687000.0 4993340000.0 1876390000.0 1367450000.0 -3.2 4.248 [-3.2]
5754400000000.0 2550150000000000.0 6168330000.0 54685400000.0 6479870000.0 13409700000.0 131229000.0 22921600.0 83266100000.0 59740300.0 2246630.0 380684000.0 4848110000.0 1767330000.0 1205730000.0 -3.18 4.245 [-3.18]
5754400000000.0 2422930000000000.0 6140430000.0 52109800000.0 5851950000.0 12806300000.0 112979000.0 25100900.0 80149500000.0 49025900.0 1764780.0 381569000.0 4700150000.0 1661520000.0 1061280000.0 -3.16 4.241 [-3.16]
5754400000000.0 2302150000000000.0 6110830000.0 49629700000.0 5278290000.0 12218400000.0 97175800.0 27452300.0 77029100000.0 40148100.0 1383510.0 382353000.0 4550710000.0 1559470000.0 932788000.0 -3.14 4.238 [-3.14]
5754400000000.0 2187430000000000.0 6079480000.0 47242300000.0 4754810000.0 11646100000.0 83502900.0 29985800.0 73912100000.0 32806000.0 1082390.0 383062000.0 4400450000.0 1461320000.0 818706000.0 -3.12 4.234 [-3.12]
5754400000000.0 2078500000000000.0 6046450000.0 44946800000.0 4277880000.0 11089600000.0 71688900.0 32709900.0 70807900000.0 26749000.0 845134.0 383717000.0 4250100000.0 1367240000.0 717648000.0 -3.1 4.231 [-3.1]
5754400000000.0 1975010000000000.0 6011710000.0 42739700000.0 3843740000.0 10548800000.0 61486400.0 35634800.0 67722100000.0 21760700.0 658505.0 384341000.0 4100140000.0 1277220000.0 628250000.0 -3.08 4.227 [-3.08]
5754400000000.0 1876540000000000.0 5975260000.0 40616100000.0 3448590000.0 10023100000.0 52674800.0 38772600.0 64658100000.0 17657900.0 511882.0 384956000.0 3950890000.0 1191170000.0 549233000.0 -3.06 4.224 [-3.06]
5754400000000.0 1783250000000000.0 5937260000.0 38583100000.0 3090810000.0 9514540000.0 45099200.0 42123000.0 61636600000.0 14302000.0 397310.0 385555000.0 3803530000.0 1109500000.0 479727000.0 -3.04 4.221 [-3.04]
5754400000000.0 1694650000000000.0 5897640000.0 36633500000.0 2766620000.0 9022070000.0 38579100.0 45698300.0 58657100000.0 11558000.0 307790.0 386160000.0 3658070000.0 1031950000.0 418574000.0 -3.02 4.217 [-3.02]
5754400000000.0 1610510000000000.0 5856420000.0 34765200000.0 2473300000.0 8545590000.0 32972700.0 49505600.0 55726200000.0 9319470.0 237990.0 386780000.0 3514880000.0 958470000.0 364848000.0 -3.0 4.214 [-3.0]
5754400000000.0 1530610000000000.0 5813590000.0 32975800000.0 2208260000.0 8085040000.0 28156500.0 53551000.0 52850000000.0 7497450.0 183678.0 387419000.0 3374250000.0 888996000.0 317714000.0 -2.98 4.21 [-2.98]
5754400000000.0 1454920000000000.0 5769290000.0 31267500000.0 1969640000.0 7641370000.0 24030600.0 57833100.0 50041000000.0 6020410.0 141573.0 388070000.0 3236820000.0 823596000.0 276489000.0 -2.96 4.207 [-2.96]
5754400000000.0 1382850000000000.0 5723280000.0 29629000000.0 1754140000.0 7212270000.0 20484400.0 62368900.0 47290400000.0 4821220.0 108869.0 388757000.0 3102020000.0 761828000.0 240340000.0 -2.94 4.204 [-2.94]
5754400000000.0 1314400000000000.0 5675690000.0 28062700000.0 1560260000.0 6798720000.0 17446100.0 67154700.0 44610000000.0 3851990.0 83574.0 389467000.0 2970410000.0 703753000.0 208744000.0 -2.92 4.2 [-2.92]
5754400000000.0 1249400000000000.0 5626530000.0 26566300000.0 1386080000.0 6400550000.0 14844900.0 72191600.0 42004200000.0 3070440.0 64045.8 390196000.0 2842130000.0 649241000.0 181156000.0 -2.9 4.197 [-2.9]
5754400000000.0 1187670000000000.0 5575800000.0 25137400000.0 1229820000.0 6017610000.0 12620100.0 77478600.0 39476900000.0 2441750.0 48999.2 390939000.0 2717280000.0 598164000.0 157094000.0 -2.88 4.194 [-2.88]
5754400000000.0 1129040000000000.0 5523520000.0 23773800000.0 1089830000.0 5649700000.0 10718600.0 83013400.0 37031200000.0 1937210.0 37426.5 391690000.0 2595940000.0 550384000.0 136127000.0 -2.86 4.19 [-2.86]
5754400000000.0 1073350000000000.0 5469690000.0 22473300000.0 964588000.0 5296610000.0 9094750.0 88791300.0 34670200000.0 1533290.0 28541.8 392440000.0 2478140000.0 505759000.0 117874000.0 -2.84 4.187 [-2.84]
5754400000000.0 1020460000000000.0 5414330000.0 21233600000.0 852712000.0 4958200000.0 7709350.0 94805000.0 32396400000.0 1210700.0 21733.3 393179000.0 2363930000.0 464150000.0 101998000.0 -2.82 4.184 [-2.82]
5754400000000.0 970233000000000.0 5357450000.0 20052500000.0 752909000.0 4634240000.0 6528320.0 101046000.0 30211900000.0 953710.0 16524.5 393897000.0 2253320000.0 425412000.0 88200500.0 -2.8 4.181 [-2.8]
5754400000000.0 922406000000000.0 5298930000.0 18925200000.0 663822000.0 4323850000.0 5520570.0 107511000.0 28113800000.0 749146.0 12539.9 394588000.0 2146010000.0 389319000.0 76199100.0 -2.78 4.178 [-2.78]
5754400000000.0 877095000000000.0 5239080000.0 17855200000.0 584745000.0 4028230000.0 4664830.0 114168000.0 26112400000.0 587302.0 9508.11 395225000.0 2042580000.0 355907000.0 65806100.0 -2.76 4.174 [-2.76]
5754400000000.0 834059000000000.0 5177790000.0 16837500000.0 514495000.0 3746460000.0 3937320.0 121010000.0 24204000000.0 459325.0 7200.1 395799000.0 1942700000.0 324945000.0 56795500.0 -2.74 4.171 [-2.74]
5754400000000.0 793283000000000.0 5115260000.0 15872600000.0 452291000.0 3478910000.0 3320500.0 128008000.0 22392600000.0 358535.0 0.0 396290000.0 1846600000.0 296363000.0 49001900.0 -2.72 4.168 [-2.72]
5754400000000.0 754446000000000.0 5051170000.0 14953400000.0 397052000.0 3224140000.0 2796010.0 135161000.0 20670300000.0 279070.0 0.0 396700000.0 1753690000.0 269891000.0 42240500.0 -2.7 4.165 [-2.7]
5754400000000.0 717552000000000.0 4985720000.0 14080600000.0 348173000.0 2982540000.0 2351440.0 142438000.0 19040600000.0 216702.0 0.0 397005000.0 1664210000.0 245471000.0 36390300.0 -2.68 4.162 [-2.68]
5754400000000.0 682503000000000.0 4918970000.0 13252200000.0 304977000.0 2753870000.0 1975010.0 149813000.0 17502600000.0 167876.0 0.0 397189000.0 1578080000.0 222978000.0 31331700.0 -2.66 4.159 [-2.66]
5754400000000.0 649210000000000.0 4850970000.0 12466600000.0 266856000.0 2537890000.0 1656670.0 157261000.0 16055400000.0 129749.0 0.0 397235000.0 1495270000.0 202293000.0 26960800.0 -2.64 4.156 [-2.64]
5754400000000.0 617572000000000.0 4781700000.0 11721600000.0 233249000.0 2334280000.0 1387730.0 164755000.0 14696900000.0 100048.0 0.0 397137000.0 1415680000.0 183296000.0 23185700.0 -2.62 4.153 [-2.62]
5754400000000.0 587433000000000.0 4711070000.0 11013900000.0 203602000.0 2142370000.0 1160420.0 172279000.0 13422700000.0 76933.3 0.0 396876000.0 1339040000.0 165834000.0 19921600.0 -2.6 4.15 [-2.6]
5754400000000.0 558880000000000.0 4639540000.0 10345700000.0 177596000.0 1962720000.0 969329.0 179783000.0 12236200000.0 59056.3 0.0 396431000.0 1265760000.0 149890000.0 17112400.0 -2.58 4.147 [-2.58]
5754400000000.0 531748000000000.0 4566960000.0 9713210000.0 154756000.0 1794550000.0 808539.0 187249000.0 11131900000.0 45234.5 0.0 395792000.0 1195510000.0 135313000.0 14690900.0 -2.56 4.145 [-2.56]
5754400000000.0 505968000000000.0 4493380000.0 9114950000.0 134722000.0 1637520000.0 673440.0 194652000.0 10106900000.0 34574.0 0.0 394949000.0 1128230000.0 122007000.0 12604900.0 -2.54 4.142 [-2.54]
5754400000000.0 481470000000000.0 4418870000.0 8549350000.0 117169000.0 1491240000.0 560091.0 201964000.0 9158170000.0 26371.3 0.0 393889000.0 1063850000.0 109878000.0 10808900.0 -2.52 4.139 [-2.52]
5754400000000.0 458189000000000.0 4343500000.0 8014930000.0 101808000.0 1355340000.0 465134.0 209161000.0 8282470000.0 20074.5 0.0 392600000.0 1002300000.0 98838500.0 9263540.0 -2.5 4.136 [-2.5]
5754400000000.0 436064000000000.0 4267350000.0 7510240000.0 88378800.0 1229400000.0 385705.0 216219000.0 7476350000.0 15251.7 0.0 391075000.0 943513000.0 88805500.0 7934620.0 -2.48 4.134 [-2.48]
5754400000000.0 415101000000000.0 4190740000.0 7035350000.0 76679000.0 1113270000.0 319501.0 223106000.0 6737960000.0 11572.5 0.0 389305000.0 887586000.0 79723700.0 6794910.0 -2.46 4.131 [-2.46]
5754400000000.0 395113000000000.0 4113250000.0 6585990000.0 66447600.0 1005960000.0 264170.0 229824000.0 6060220000.0 8760.61 0.0 387283000.0 834087000.0 71470600.0 5813670.0 -2.44 4.128 [-2.44]
5754400000000.0 376116000000000.0 4035200000.0 6162350000.0 57532400.0 907288000.0 218107.0 236345000.0 5441250000.0 6620.78 0.0 385002000.0 783127000.0 64002000.0 4971350.0 -2.42 4.126 [-2.42]
5754400000000.0 358000000000000.0 3956430000.0 5761930000.0 49753900.0 816596000.0 179744.0 242664000.0 4876100000.0 4992.74 0.0 382456000.0 734471000.0 57235100.0 4247160.0 -2.4 4.123 [-2.4]
5754400000000.0 340836000000000.0 3877520000.0 5386110000.0 43008000.0 733859000.0 147987.0 248748000.0 4363810000.0 3761.57 0.0 379648000.0 688376000.0 51146200.0 3627820.0 -2.38 4.12 [-2.38]
5754400000000.0 324520000000000.0 3798310000.0 5032420000.0 37147700.0 658378000.0 121676.0 254598000.0 3899370000.0 2830.02 0.0 376574000.0 644601000.0 45658800.0 3097110.0 -2.36 4.118 [-2.36]
5754400000000.0 309009000000000.0 3718890000.0 4699760000.0 32061800.0 589691000.0 99913.9 260205000.0 3479300000.0 2126.42 0.0 373236000.0 603074000.0 40720500.0 2642660.0 -2.34 4.115 [-2.34]
5754400000000.0 294262000000000.0 3639340000.0 4387050000.0 27652100.0 527335000.0 81940.4 265564000.0 3100180000.0 0.0 0.0 369635000.0 563720000.0 36282000.0 2253720.0 -2.32 4.113 [-2.32]
5754400000000.0 280241000000000.0 3559750000.0 4093270000.0 23832200.0 470864000.0 67119.3 270673000.0 2758750000.0 0.0 0.0 365776000.0 526467000.0 32298000.0 1921060.0 -2.3 4.11 [-2.3]
5754400000000.0 266910000000000.0 3480210000.0 3817440000.0 20526100.0 419838000.0 54915.7 275529000.0 2451880000.0 0.0 0.0 361664000.0 491241000.0 28726300.0 1636700.0 -2.28 4.108 [-2.28]
5754400000000.0 254234000000000.0 3400810000.0 3558610000.0 17667200.0 373833000.0 44881.6 280134000.0 2176610000.0 0.0 0.0 357305000.0 457969000.0 25528200.0 1393770.0 -2.26 4.106 [-2.26]
5754400000000.0 242181000000000.0 3321640000.0 3315880000.0 15197100.0 332443000.0 36643.0 284490000.0 1930140000.0 0.0 0.0 352708000.0 426577000.0 22668100.0 1186350.0 -2.24 4.103 [-2.24]
5754400000000.0 230719000000000.0 3242770000.0 3088380000.0 13064700.0 295281000.0 29887.6 288601000.0 1709820000.0 0.0 0.0 347883000.0 396995000.0 20113200.0 1009360.0 -2.22 4.101 [-2.22]
5754400000000.0 219819000000000.0 3164310000.0 2875270000.0 11225200.0 261978000.0 24355.3 292471000.0 1513220000.0 0.0 0.0 342840000.0 369148000.0 17833500.0 858420.0 -2.2 4.099 [-2.2]
5754400000000.0 209453000000000.0 3086320000.0 2675780000.0 9639570.0 232188000.0 19830.3 296108000.0 1338040000.0 0.0 0.0 337593000.0 342966000.0 15801600.0 729768.0 -2.18 4.096 [-2.18]
5754400000000.0 199637000000000.0 3009250000.0 2489950000.0 8278180.0 205668000.0 16143.1 299510000.0 1182650000.0 0.0 0.0 332175000.0 318491000.0 13998700.0 620508.0 -2.16 4.094 [-2.16]
5754400000000.0 190259000000000.0 2932480000.0 2315390000.0 7102140.0 181945000.0 13124.4 302701000.0 1044130000.0 0.0 0.0 326559000.0 295422000.0 12388900.0 527154.0 -2.14 4.092 [-2.14]
5754400000000.0 181339000000000.0 2856420000.0 2152260000.0 6090550.0 160826000.0 10663.1 305681000.0 921204000.0 0.0 0.0 320780000.0 273807000.0 10958400.0 447710.0 -2.12 4.089 [-2.12]
5754400000000.0 172854000000000.0 2781150000.0 1999890000.0 5220970.0 142054000.0 8658.33 308459000.0 812246000.0 0.0 0.0 314854000.0 253577000.0 9688230.0 380136.0 -2.1 4.087 [-2.1]
5754400000000.0 164783000000000.0 2706750000.0 1857660000.0 4473900.0 125388000.0 7026.75 311044000.0 715774000.0 0.0 0.0 308797000.0 234664000.0 8561510.0 322685.0 -2.08 4.085 [-2.08]
5754400000000.0 157105000000000.0 2633270000.0 1724970000.0 3832480.0 110611000.0 5699.99 313444000.0 630443000.0 0.0 0.0 302624000.0 217005000.0 7562820.0 273863.0 -2.06 4.083 [-2.06]
5754400000000.0 149800000000000.0 2560780000.0 1601240000.0 3282060.0 97522900.0 4621.88 315669000.0 555037000.0 0.0 0.0 296352000.0 200533000.0 6678280.0 232392.0 -2.04 4.081 [-2.04]
5754400000000.0 142851000000000.0 2489340000.0 1485920000.0 2809950.0 85942900.0 3746.39 317729000.0 488457000.0 0.0 0.0 289999000.0 185185000.0 5895400.0 197178.0 -2.02 4.078 [-2.02]
5754400000000.0 136239000000000.0 2419020000.0 1378520000.0 2405250.0 75707400.0 3035.9 319631000.0 429717000.0 0.0 0.0 283580000.0 170902000.0 5202990.0 167289.0 -2.0 4.076 [-2.0]
