Cloudy_runs/1es1553/z=0.187764/component_I_PI_nH/component_I_PI_nH_col_density_param.txt
# %ECSV 1.0
# ---
# datatype:
# - {name: H, datatype: float64}
# - {name: H+, datatype: float64}
# - {name: C+, datatype: float64}
# - {name: C+2, datatype: float64}
# - {name: C+3, datatype: float64}
# - {name: N+2, datatype: float64}
# - {name: N+4, datatype: float64}
# - {name: O, datatype: float64}
# - {name: O+2, datatype: float64}
# - {name: O+5, datatype: float64}
# - {name: O+6, datatype: float64}
# - {name: Si+, datatype: float64}
# - {name: Si+2, datatype: float64}
# - {name: Si+3, datatype: float64}
# - {name: Si+4, datatype: float64}
# - {name: log_nH, datatype: float64}
# - {name: log_Te, datatype: float64}
# - {name: parameters, datatype: string, subtype: 'float64[1]'}
# schema: astropy-2.0
H H+ C+ C+2 C+3 N+2 N+4 O O+2 O+5 O+6 Si+ Si+2 Si+3 Si+4 log_nH log_Te parameters
[from data line 66]
5754400000000.0 980188000000000.0 234288000000.0 2063980000000.0 318202000000.0 448380000000.0 13551200000.0 2058750000.0 3102000000000.0 1678960000.0 26735600.0 90293400000.0 61086200000.0 123547000000.0 42633400000.0 -3.68 2.77 [-3.68]
5754400000000.0 926938000000000.0 231813000000.0 1958260000000.0 287894000000.0 426909000000.0 11684000000.0 2257730000.0 2958410000000.0 1370200000.0 20831700.0 91744100000.0 57781300000.0 114265000000.0 36878000000.0 -3.66 2.766 [-3.66]
5754400000000.0 876700000000000.0 229357000000.0 1857420000000.0 260174000000.0 406075000000.0 10066400000.0 2472040000.0 2817280000000.0 1116630000.0 16211300.0 92917400000.0 54492700000.0 105452000000.0 31822800000.0 -3.64 2.743 [-3.64]
5754400000000.0 829674000000000.0 226951000000.0 1762030000000.0 235022000000.0 386049000000.0 8676150000.0 2701080000.0 2680090000000.0 909958000.0 12622600.0 93808900000.0 51269600000.0 97181700000.0 27425200000.0 -3.62 2.73 [-3.62]
5754400000000.0 785314000000000.0 224580000000.0 1671120000000.0 212056000000.0 366679000000.0 7472910000.0 2946560000.0 2546030000000.0 740568000.0 9818200.0 94423100000.0 48107300000.0 89389100000.0 23585500000.0 -3.6 2.72 [-3.6]
5754400000000.0 743585000000000.0 222255000000.0 1584760000000.0 191160000000.0 348021000000.0 6434900000.0 3208600000.0 2415730000000.0 602226000.0 7633960.0 94764900000.0 45032200000.0 82091800000.0 20250200000.0 -3.58 2.715 [-3.58]
5754400000000.0 704336000000000.0 219980000000.0 1502750000000.0 172168000000.0 330073000000.0 5539900000.0 3487630000.0 2289430000000.0 489367000.0 5934060.0 94843600000.0 42059900000.0 75281800000.0 17361200000.0 -3.56 2.71 [-3.56]
5754400000000.0 667426000000000.0 217761000000.0 1424920000000.0 154926000000.0 312836000000.0 4768630000.0 3784000000.0 2167340000000.0 397401000.0 4612070.0 94671100000.0 39203300000.0 68947400000.0 14865300000.0 -3.54 2.705 [-3.54]
5754400000000.0 632718000000000.0 215598000000.0 1351070000000.0 139290000000.0 296301000000.0 4104260000.0 4098030000.0 2049600000000.0 322530000.0 3584490.0 94262200000.0 36471800000.0 63072800000.0 12714100000.0 -3.52 2.7 [-3.52]
5754400000000.0 600079000000000.0 213493000000.0 1281030000000.0 125127000000.0 280457000000.0 3532140000.0 4429980000.0 1936310000000.0 261628000.0 2786020.0 93633500000.0 33872300000.0 57639400000.0 10863900000.0 -3.5 2.694 [-3.5]
5754400000000.0 569383000000000.0 211444000000.0 1214610000000.0 112312000000.0 265293000000.0 3039600000.0 4780020000.0 1827540000000.0 212128000.0 2165770.0 92802800000.0 31409100000.0 52626600000.0 9275590000.0 -3.48 2.689 [-3.48]
5754400000000.0 540512000000000.0 209449000000.0 1151640000000.0 100729000000.0 250791000000.0 2615630000.0 5148300000.0 1723330000000.0 171920000.0 1683990.0 91789000000.0 29084000000.0 48012100000.0 7914410000.0 -3.46 2.683 [-3.46]
5754400000000.0 513277000000000.0 207499000000.0 1091770000000.0 90248500000.0 236900000000.0 2249860000.0 5535570000.0 1623390000000.0 139216000.0 1309030.0 90606400000.0 26891500000.0 43762100000.0 6747150000.0 -3.44 2.678 [-3.44]
5754400000000.0 487789000000000.0 205609000000.0 1035320000000.0 80842500000.0 223707000000.0 1936680000.0 5939800000.0 1528490000000.0 112798000.0 1019090.0 89288600000.0 24846500000.0 39884600000.0 5753960000.0 -3.42 2.672 [-3.42]
5754400000000.0 463727000000000.0 203758000000.0 981659000000.0 72346300000.0 211085000000.0 1666400000.0 6362960000.0 1437780000000.0 91319500.0 793240.0 87839700000.0 22929200000.0 36324300000.0 4903920000.0 -3.4 2.666 [-3.4]
5754400000000.0 441067000000000.0 201944000000.0 930781000000.0 64699200000.0 199050000000.0 1433800000.0 6804260000.0 1351430000000.0 73907100.0 617716.0 86282400000.0 21141000000.0 33068500000.0 4178770000.0 -3.38 2.661 [-3.38]
5754400000000.0 419717000000000.0 200165000000.0 882537000000.0 57822500000.0 187580000000.0 1233590000.0 7263520000.0 1269340000000.0 59795200.0 481255.0 84633700000.0 19476700000.0 30094400000.0 3560570000.0 -3.36 2.655 [-3.36]
5754400000000.0 399592000000000.0 198415000000.0 836788000000.0 51644400000.0 176655000000.0 1061270000.0 7740500000.0 1191390000000.0 48362000.0 0.0 82909500000.0 17930700000.0 27380200000.0 3033850000.0 -3.34 2.649 [-3.34]
5754400000000.0 380611000000000.0 196689000000.0 793397000000.0 46098200000.0 166253000000.0 912919000.0 8234890000.0 1117460000000.0 39101300.0 0.0 81124200000.0 16497000000.0 24905200000.0 2585220000.0 -3.32 2.643 [-3.32]
5754400000000.0 362699000000000.0 194983000000.0 752236000000.0 41123400000.0 156353000000.0 785207000.0 8746350000.0 1047410000000.0 31602300.0 0.0 79291400000.0 15169300000.0 22649800000.0 2203220000.0 -3.3 2.637 [-3.3]
5754400000000.0 345784000000000.0 193290000000.0 713181000000.0 36664200000.0 146936000000.0 675245000.0 9274440000.0 981094000000.0 25531200.0 0.0 77423000000.0 13941200000.0 20595300000.0 1877980000.0 -3.28 2.631 [-3.28]
5754400000000.0 329751000000000.0 191600000000.0 676001000000.0 32660000000.0 137955000000.0 580313000.0 9819650000.0 918176000000.0 20607000.0 0.0 75522900000.0 12803300000.0 18719700000.0 1600470000.0 -3.26 2.624 [-3.26]
5754400000000.0 314640000000000.0 189921000000.0 640824000000.0 29085800000.0 129444000000.0 498811000.0 10379500000.0 858887000000.0 16633000.0 0.0 73614700000.0 11755900000.0 17017500000.0 1364820000.0 -3.24 2.618 [-3.24]
5754400000000.0 300342000000000.0 188242000000.0 607425000000.0 25888500000.0 121358000000.0 428625000.0 10954400000.0 802882000000.0 13418300.0 0.0 71699800000.0 10789600000.0 15468500000.0 1164170000.0 -3.22 2.612 [-3.22]
5754400000000.0 286804000000000.0 186558000000.0 575709000000.0 23030100000.0 113678000000.0 368186000.0 11543700000.0 750015000000.0 10818800.0 0.0 69785800000.0 9898760000.0 14059100000.0 993294000.0 -3.2 2.605 [-3.2]
5754400000000.0 273975000000000.0 184866000000.0 545582000000.0 20476100000.0 106389000000.0 316141000.0 12146500000.0 700139000000.0 8717440.0 0.0 67879000000.0 9077810000.0 12776800000.0 847746000.0 -3.18 2.599 [-3.18]
5754400000000.0 261809000000000.0 183162000000.0 516960000000.0 18195300000.0 99473200000.0 271329000.0 12762200000.0 653110000000.0 7019410.0 0.0 65984900000.0 8321600000.0 11610100000.0 723737000.0 -3.16 2.592 [-3.16]
5754400000000.0 250265000000000.0 181441000000.0 489761000000.0 16159700000.0 92916100000.0 232748000.0 13389900000.0 608791000000.0 5647920.0 0.0 64108300000.0 7625280000.0 10548700000.0 618053000.0 -3.14 2.586 [-3.14]
5754400000000.0 239301000000000.0 179699000000.0 463909000000.0 14343700000.0 86702500000.0 199538000.0 14028800000.0 567045000000.0 4540690.0 0.0 62253000000.0 6984270000.0 9582900000.0 527954000.0 -3.12 2.579 [-3.12]
5754400000000.0 228880000000000.0 177935000000.0 439333000000.0 12724600000.0 80818300000.0 170958000.0 14677900000.0 527743000000.0 3647320.0 0.0 60422300000.0 6394320000.0 8704190000.0 451120000.0 -3.1 2.573 [-3.1]
5754400000000.0 218969000000000.0 176143000000.0 415966000000.0 11281600000.0 75250100000.0 146370000.0 15336200000.0 490761000000.0 2926920.0 0.0 58618900000.0 5851490000.0 7904610000.0 385575000.0 -3.08 2.566 [-3.08]
5754400000000.0 209534000000000.0 174320000000.0 393744000000.0 9996330000.0 69985000000.0 125223000.0 16002700000.0 455978000000.0 2346390.0 0.0 56844900000.0 5352110000.0 7176970000.0 329641000.0 -3.06 2.56 [-3.06]
5754400000000.0 200584000000000.0 172474000000.0 372694000000.0 8855650000.0 65027800000.0 107101000.0 16675100000.0 423400000000.0 1880150.0 0.0 55110100000.0 4894380000.0 6517020000.0 282025000.0 -3.04 2.553 [-3.04]
5754400000000.0 191979000000000.0 170573000000.0 352504000000.0 7833880000.0 60315100000.0 91420900.0 17356400000.0 392560000000.0 1502810.0 0.0 53391800000.0 4470350000.0 5912030000.0 241118000.0 -3.02 2.546 [-3.02]
5754400000000.0 183841000000000.0 168652000000.0 333461000000.0 6931290000.0 55903400000.0 78049600.0 18039800000.0 363824000000.0 1201300.0 0.0 51723000000.0 4083390000.0 5365440000.0 206390000.0 -3.0 2.54 [-3.0]
5754400000000.0 176036000000000.0 166679000000.0 315263000000.0 6126060000.0 51731700000.0 66529300.0 18728500000.0 336747000000.0 958337.0 0.0 50080300000.0 3726280000.0 4865980000.0 176615000.0 -2.98 2.533 [-2.98]
5754400000000.0 168579000000000.0 164663000000.0 297951000000.0 5410650000.0 47806300000.0 56648500.0 19420000000.0 311352000000.0 763423.0 0.0 48472200000.0 3398090000.0 4411370000.0 151165000.0 -2.96 2.526 [-2.96]
5754400000000.0 161450000000000.0 162600000000.0 281480000000.0 4775400000.0 44117000000.0 48180400.0 20113000000.0 287551000000.0 607235.0 0.0 46898900000.0 3096570000.0 3997590000.0 129405000.0 -2.94 2.52 [-2.94]
5754400000000.0 154599000000000.0 160480000000.0 265743000000.0 4209800000.0 40642000000.0 40905700.0 20807900000.0 265177000000.0 481898.0 0.0 45353400000.0 2818680000.0 3619670000.0 110743000.0 -2.92 2.513 [-2.92]
5754400000000.0 148069000000000.0 158320000000.0 250840000000.0 3710010000.0 37396600000.0 34705500.0 21500600000.0 244322000000.0 382052.0 0.0 43850100000.0 2564530000.0 3277080000.0 94831800.0 -2.9 2.506 [-2.9]
5754400000000.0 141811000000000.0 156107000000.0 236660000000.0 3266890000.0 34357600000.0 29405000.0 22191500000.0 224813000000.0 302340.0 0.0 42380800000.0 2331230000.0 2965260000.0 81214200.0 -2.88 2.5 [-2.88]
5754400000000.0 135848000000000.0 153860000000.0 223253000000.0 2876080000.0 31530500000.0 24899400.0 22877400000.0 206682000000.0 239050.0 0.0 40955300000.0 2118300000.0 2682950000.0 69606400.0 -2.86 2.493 [-2.86]
5754400000000.0 130071000000000.0 151537000000.0 210377000000.0 2527390000.0 28870800000.0 21026900.0 23562000000.0 189616000000.0 188349.0 0.0 39548800000.0 1921500000.0 2424050000.0 59600900.0 -2.84 2.486 [-2.84]
5754400000000.0 124556000000000.0 149175000000.0 198202000000.0 2220240000.0 26403200000.0 17742800.0 24239700000.0 173779000000.0 148230.0 0.0 38183900000.0 1742010000.0 2189680000.0 51067900.0 -2.82 2.48 [-2.82]
5754400000000.0 119263000000000.0 146763000000.0 186636000000.0 1948780000.0 24108500000.0 14949800.0 24910800000.0 159036000000.0 116425.0 0.0 36853200000.0 1577770000.0 1976730000.0 43763400.0 -2.8 2.473 [-2.8]
5754400000000.0 114181000000000.0 144304000000.0 175654000000.0 1709060000.0 21978500000.0 12577900.0 25574000000.0 145332000000.0 91259.8 0.0 35556300000.0 1427610000.0 1783320000.0 37510200.0 -2.78 2.467 [-2.78]
5754400000000.0 109302000000000.0 141799000000.0 165231000000.0 1497550000.0 20005200000.0 10566700.0 26228200000.0 132612000000.0 71388.6 0.0 34293100000.0 1290460000.0 1607760000.0 32156800.0 -2.76 2.46 [-2.76]
5754400000000.0 104616000000000.0 139251000000.0 155344000000.0 1311090000.0 18180500000.0 8863930.0 26872500000.0 120822000000.0 0.0 0.0 33063400000.0 1165310000.0 1448490000.0 27573500.0 -2.74 2.454 [-2.74]
5754400000000.0 100115000000000.0 136663000000.0 145971000000.0 1146870000.0 16496700000.0 7424550.0 27505600000.0 109913000000.0 0.0 0.0 31867100000.0 1051260000.0 1304110000.0 23649400.0 -2.72 2.447 [-2.72]
5754400000000.0 95792300000000.0 134040000000.0 137092000000.0 1002370000.0 14946000000.0 6209860.0 28126600000.0 99836900000.0 0.0 0.0 30704100000.0 947438000.0 1173320000.0 20289800.0 -2.7 2.441 [-2.7]
5754400000000.0 91640200000000.0 131385000000.0 128686000000.0 875332000.0 13520800000.0 5186440.0 28734500000.0 90545400000.0 0.0 0.0 29574200000.0 853039000.0 1054930000.0 17413100.0 -2.68 2.434 [-2.68]
5754400000000.0 87653100000000.0 128704000000.0 120733000000.0 763769000.0 12213700000.0 4325630.0 29328300000.0 81993600000.0 0.0 0.0 28477200000.0 767321000.0 947846000.0 14950000.0 -2.66 2.428 [-2.66]
5754400000000.0 83824900000000.0 126000000000.0 113216000000.0 665892000.0 11017400000.0 3602830.0 29907300000.0 74137900000.0 0.0 0.0 27413100000.0 689587000.0 851079000.0 12840900.0 -2.64 2.422 [-2.64]
5754400000000.0 80181800000000.0 123303000000.0 106177000000.0 580652000.0 9931430000.0 3000410.0 30469100000.0 66982600000.0 0.0 0.0 26390900000.0 619631000.0 764274000.0 11044300.0 -2.62 2.416 [-2.62]
5754400000000.0 76624400000000.0 120550000000.0 99412900000.0 504996000.0 8928660000.0 2489820.0 31017500000.0 60344700000.0 0.0 0.0 25383000000.0 555511000.0 684896000.0 9487630.0 -2.6 2.409 [-2.6]
5754400000000.0 73242100000000.0 117815000000.0 93092800000.0 439299000.0 8022650000.0 2066130.0 31547300000.0 54325900000.0 0.0 0.0 24416600000.0 497994000.0 613866000.0 8162430.0 -2.58 2.403 [-2.58]
5754400000000.0 69998800000000.0 115080000000.0 87137400000.0 381891000.0 7200080000.0 1712670.0 32059400000.0 48840000000.0 0.0 0.0 23482300000.0 446107000.0 549907000.0 7026940.0 -2.56 2.397 [-2.56]
5754400000000.0 66908700000000.0 112365000000.0 81565200000.0 332002000.0 6457900000.0 1419410.0 32552700000.0 43872100000.0 0.0 0.0 22585500000.0 399561000.0 492624000.0 6057410.0 -2.54 2.391 [-2.54]
5754400000000.0 63929800000000.0 109647000000.0 76289000000.0 288272000.0 5783470000.0 1174340.0 33028300000.0 39339700000.0 0.0 0.0 21714600000.0 357475000.0 440883000.0 5222580.0 -2.52 2.385 [-2.52]
5754400000000.0 61076800000000.0 106946000000.0 71329000000.0 250169000.0 5174500000.0 970759.0 33485000000.0 35232200000.0 0.0 0.0 20874800000.0 319646000.0 394414000.0 4506530.0 -2.5 2.38 [-2.5]
5754400000000.0 58345400000000.0 104265000000.0 66669700000.0 216995000.0 4625550000.0 801866.0 33922700000.0 31516600000.0 0.0 0.0 20065700000.0 285679000.0 352712000.0 3892040.0 -2.48 2.374 [-2.48]
5754400000000.0 55703600000000.0 101585000000.0 62245300000.0 187908000.0 4127740000.0 660953.0 34342500000.0 28134100000.0 0.0 0.0 19278200000.0 254976000.0 315028000.0 3360930.0 -2.46 2.369 [-2.46]
5754400000000.0 53231000000000.0 98989100000.0 58189100000.0 163047000.0 3687400000.0 546061.0 34740600000.0 25136100000.0 0.0 0.0 18537300000.0 227909000.0 281809000.0 2911130.0 -2.44 2.363 [-2.44]
5754400000000.0 50812600000000.0 96368500000.0 54299000000.0 141086000.0 3285820000.0 449587.0 35121600000.0 22391200000.0 0.0 0.0 17808600000.0 203267000.0 251560000.0 2518690.0 -2.42 2.357 [-2.42]
5754400000000.0 48538600000000.0 93828000000.0 50714100000.0 122261000.0 2930150000.0 370795.0 35481700000.0 19956000000.0 0.0 0.0 17120100000.0 181495000.0 224824000.0 2184760.0 -2.4 2.352 [-2.4]
5754400000000.0 46354600000000.0 91314700000.0 47341000000.0 105871000.0 2610590000.0 305520.0 35823400000.0 17762200000.0 0.0 0.0 16455800000.0 161958000.0 200821000.0 1896250.0 -2.38 2.347 [-2.38]
5754400000000.0 44268400000000.0 88845100000.0 44184700000.0 91662600.0 2324850000.0 251677.0 36146300000.0 15796700000.0 0.0 0.0 15818500000.0 144506000.0 179366000.0 1647650.0 -2.36 2.341 [-2.36]
5754400000000.0 42290500000000.0 86438100000.0 41255000000.0 79417300.0 2070880000.0 207491.0 36450600000.0 14047100000.0 0.0 0.0 15211900000.0 129004000.0 160296000.0 1434200.0 -2.34 2.336 [-2.34]
5754400000000.0 40373500000000.0 84045300000.0 38472600000.0 68689800.0 1841800000.0 170714.0 36736600000.0 12466300000.0 0.0 0.0 14621600000.0 115023000.0 143076000.0 1248130.0 -2.32 2.331 [-2.32]
5754400000000.0 38560000000000.0 81722900000.0 35896600000.0 59467500.0 1638840000.0 140615.0 37004400000.0 11064700000.0 0.0 0.0 14061300000.0 102636000.0 127806000.0 1088320.0 -2.3 2.325 [-2.3]
5754400000000.0 36827100000000.0 79448400000.0 33487700000.0 51479300.0 1457820000.0 115811.0 37254800000.0 9813790000.0 0.0 0.0 13524100000.0 91581300.0 114165000.0 949968.0 -2.28 2.32 [-2.28]
5754400000000.0 35173700000000.0 77226700000.0 31238400000.0 44568200.0 1296630000.0 95395.4 37488000000.0 8699570000.0 0.0 0.0 13009900000.0 81729300.0 101995000.0 830182.0 -2.26 2.315 [-2.26]
5754400000000.0 33609900000000.0 75076200000.0 29157600000.0 38626800.0 1153990000.0 78680.5 37704900000.0 7713950000.0 0.0 0.0 12522200000.0 73002100.0 91202100.0 726899.0 -2.24 2.31 [-2.24]
5754400000000.0 32092200000000.0 72944700000.0 27180200000.0 33421100.0 1025570000.0 64769.4 37904500000.0 6826690000.0 0.0 0.0 12047500000.0 65132700.0 81456700.0 636290.0 -2.22 2.305 [-2.22]
