Cloudy_runs/pks0405/z=0.167125/component_III_PI_nH/component_III_PI_nH_col_density_param.txt
# %ECSV 1.0
# ---
# datatype:
# - {name: H, datatype: float64}
# - {name: H+, datatype: float64}
# - {name: C+, datatype: float64}
# - {name: C+2, datatype: float64}
# - {name: C+3, datatype: float64}
# - {name: N+, datatype: float64}
# - {name: N+2, datatype: float64}
# - {name: N+4, datatype: float64}
# - {name: O, datatype: float64}
# - {name: O+2, datatype: float64}
# - {name: O+5, datatype: float64}
# - {name: O+6, datatype: float64}
# - {name: P+, datatype: float64}
# - {name: Si+, datatype: float64}
# - {name: Si+2, datatype: float64}
# - {name: Si+3, datatype: float64}
# - {name: Si+4, datatype: float64}
# - {name: log_nH, datatype: float64}
# - {name: log_Te, datatype: float64}
# - {name: parameters, datatype: string, subtype: 'float64[1]'}
# schema: astropy-2.0
H H+ C+ C+2 C+3 N+ N+2 N+4 O O+2 O+5 O+6 P+ Si+ Si+2 Si+3 Si+4 log_nH log_Te parameters
34673700000000.0 1.65644e+18 1593690000.0 279416000000.0 1259230000000.0 113720000.0 42584800000.0 1339560000000.0 7291.75 108938000000.0 18271800000000.0 36213600000000.0 52551.4 793551.0 44458600.0 248512000.0 33896900000.0 -5.0 4.576 [-5.0]
34673700000000.0 1.56727e+18 1735890000.0 296434000000.0 1284950000000.0 124604000.0 45546400000.0 1330940000000.0 8165.48 117088000000.0 17535700000000.0 33035600000000.0 62336.3 950335.0 51996600.0 281026000.0 36287400000.0 -4.98 4.571 [-4.98]
34673700000000.0 1.48321e+18 1888650000.0 314084000000.0 1309580000000.0 136441000.0 48668100000.0 1320430000000.0 9144.5 125710000000.0 16793800000000.0 30081800000000.0 73811.9 1135770.0 60709400.0 317273000.0 38788500000.0 -4.96 4.566 [-4.96]
34673700000000.0 1.40393e+18 2052590000.0 332363000000.0 1333070000000.0 149301000.0 51953000000.0 1308060000000.0 10241.0 134811000000.0 16049300000000.0 27341700000000.0 87246.4 1354640.0 70763200.0 357611000.0 41400500000.0 -4.94 4.562 [-4.94]
34673700000000.0 1.32914e+18 2228330000.0 351271000000.0 1355370000000.0 163253000.0 55403800000.0 1293860000000.0 11468.3 144397000000.0 15305100000000.0 24805000000000.0 102947.0 1612460.0 82345300.0 402431000.0 44123000000.0 -4.92 4.557 [-4.92]
34673700000000.0 1.25855e+18 2416540000.0 370802000000.0 1376420000000.0 178371000.0 59022100000.0 1277850000000.0 12841.4 154472000000.0 14564000000000.0 22461300000000.0 121264.0 1915560.0 95666100.0 452148000.0 46955200000.0 -4.9 4.552 [-4.9]
34673700000000.0 1.19191e+18 2617880000.0 390947000000.0 1396200000000.0 194726000.0 62808200000.0 1260070000000.0 14376.6 165036000000.0 13828800000000.0 20300400000000.0 142595.0 2271160.0 110961000.0 507209000.0 49895700000.0 -4.88 4.548 [-4.88]
34673700000000.0 1.12896e+18 2833060000.0 411701000000.0 1414630000000.0 212397000.0 66762400000.0 1240580000000.0 16092.3 176087000000.0 13102300000000.0 18312300000000.0 167393.0 2687550.0 128495000.0 568089000.0 52942600000.0 -4.86 4.543 [-4.86]
34673700000000.0 1.06952e+18 3062920000.0 433054000000.0 1431700000000.0 231475000.0 70885300000.0 1219420000000.0 18011.0 187629000000.0 12387100000000.0 16487500000000.0 196185.0 3174160.0 148560000.0 635273000.0 56092500000.0 -4.84 4.539 [-4.84]
34673700000000.0 1.01335e+18 3308110000.0 454989000000.0 1447340000000.0 252029000.0 75173000000.0 1196660000000.0 20154.0 199651000000.0 11685400000000.0 14816000000000.0 229545.0 3741690.0 171487000.0 709305000.0 59342500000.0 -4.82 4.534 [-4.82]
34673700000000.0 9.60238e+17 3569170000.0 477481000000.0 1461540000000.0 274115000.0 79618900000.0 1172350000000.0 22543.9 212135000000.0 10999500000000.0 13288000000000.0 268113.0 4402220.0 197639000.0 790773000.0 62689000000.0 -4.8 4.53 [-4.8]
34673700000000.0 9.1001e+17 3846840000.0 500509000000.0 1474240000000.0 297807000.0 84218000000.0 1146580000000.0 25208.2 225070000000.0 10331400000000.0 11894400000000.0 312626.0 5169470.0 227422000.0 880276000.0 66127100000.0 -4.78 4.526 [-4.78]
34673700000000.0 8.62498e+17 4141770000.0 524047000000.0 1485420000000.0 323173000.0 88962700000.0 1119440000000.0 28176.8 238440000000.0 9682790000000.0 10626200000000.0 363899.0 6058820.0 261283000.0 978448000.0 69651300000.0 -4.76 4.521 [-4.76]
34673700000000.0 8.17541e+17 4454630000.0 548063000000.0 1495040000000.0 350276000.0 93844300000.0 1091000000000.0 31482.9 252225000000.0 9055320000000.0 9474740000000.0 422850.0 7087660.0 299718000.0 1085960000.0 73255500000.0 -4.74 4.517 [-4.74]
34673700000000.0 7.7499e+17 4785990000.0 572519000000.0 1503070000000.0 379168000.0 98851700000.0 1061370000000.0 35162.4 266403000000.0 8450320000000.0 8431650000000.0 490489.0 8275310.0 343270000.0 1203520000.0 76932300000.0 -4.72 4.513 [-4.72]
34673700000000.0 7.3471e+17 5136480000.0 597378000000.0 1509480000000.0 409908000.0 103973000000.0 1030660000000.0 39256.7 280951000000.0 7868930000000.0 7488900000000.0 567952.0 9643510.0 392537000.0 1331850000.0 80673900000.0 -4.7 4.509 [-4.7]
34673700000000.0 6.96573e+17 5506710000.0 622596000000.0 1514240000000.0 442547000.0 109196000000.0 998977000000.0 43812.1 295847000000.0 7312020000000.0 6638790000000.0 656497.0 11216400.0 448175000.0 1471700000.0 84471300000.0 -4.68 4.505 [-4.68]
34673700000000.0 6.60453e+17 5897050000.0 648120000000.0 1517330000000.0 477111000.0 114504000000.0 966445000000.0 48877.1 311057000000.0 6780250000000.0 5873920000000.0 757492.0 13020800.0 510901000.0 1623900000.0 88315300000.0 -4.66 4.501 [-4.66]
34673700000000.0 6.26239e+17 6307970000.0 673894000000.0 1518730000000.0 513634000.0 119881000000.0 933186000000.0 54508.3 326553000000.0 6274060000000.0 5187310000000.0 872457.0 15086400.0 581493000.0 1789230000.0 92195000000.0 -4.64 4.497 [-4.64]
34673700000000.0 5.93827e+17 6739940000.0 699862000000.0 1518410000000.0 552147000.0 125309000000.0 899330000000.0 60770.4 342308000000.0 5793730000000.0 4572370000000.0 1003080.0 17445900.0 660801000.0 1968540000.0 96099100000.0 -4.62 4.493 [-4.62]
34673700000000.0 5.63114e+17 7193130000.0 725955000000.0 1516350000000.0 592656000.0 130770000000.0 865008000000.0 67732.0 358286000000.0 5339270000000.0 4022830000000.0 1151160.0 20135300.0 749745000.0 2162700000.0 100016000000.0 -4.6 4.489 [-4.6]
34673700000000.0 5.34012e+17 7667930000.0 752107000000.0 1512550000000.0 635181000.0 136244000000.0 830355000000.0 75474.9 374458000000.0 4910580000000.0 3532860000000.0 1318720.0 23194300.0 849318000.0 2372550000.0 103931000000.0 -4.58 4.485 [-4.58]
34673700000000.0 5.06434e+17 8164530000.0 778245000000.0 1506990000000.0 679727000.0 141712000000.0 795507000000.0 84089.0 390792000000.0 4507360000000.0 3096950000000.0 1507960.0 26666100.0 960589000.0 2598980000.0 107832000000.0 -4.56 4.481 [-4.56]
34673700000000.0 4.80293e+17 8683280000.0 804302000000.0 1499670000000.0 726312000.0 147155000000.0 760588000000.0 93680.0 407260000000.0 4129060000000.0 2709890000000.0 1721320.0 30599000.0 1084740000.0 2842900000.0 111705000000.0 -4.54 4.477 [-4.54]
34673700000000.0 4.55523e+17 9223360000.0 830159000000.0 1490580000000.0 774851000.0 152546000000.0 725756000000.0 104349.0 423809000000.0 3775390000000.0 2367170000000.0 1961070.0 35040700.0 1222910000.0 3105080000.0 115532000000.0 -4.52 4.473 [-4.52]
34673700000000.0 4.32043e+17 9785720000.0 855773000000.0 1479730000000.0 825421000.0 157871000000.0 691115000000.0 116241.0 440428000000.0 3445380000000.0 2064170000000.0 2230310.0 40050500.0 1376500000.0 3386450000.0 119299000000.0 -4.5 4.47 [-4.5]
34673700000000.0 4.09783e+17 10369300000.0 881020000000.0 1467120000000.0 877922000.0 163104000000.0 656797000000.0 129490.0 457068000000.0 3138350000000.0 1796880000000.0 2531820.0 45685900.0 1546860000.0 3687870000.0 122990000000.0 -4.48 4.466 [-4.48]
34673700000000.0 3.88691e+17 10975200000.0 905846000000.0 1452780000000.0 932448000.0 168232000000.0 622925000000.0 144283.0 473717000000.0 2853420000000.0 1561630000000.0 2869180.0 52014000.0 1735500000.0 4009960000.0 126587000000.0 -4.46 4.462 [-4.46]
34673700000000.0 3.68695e+17 11601900000.0 930125000000.0 1436700000000.0 988870000.0 173229000000.0 589609000000.0 160788.0 490322000000.0 2589680000000.0 1354950000000.0 3245530.0 59101200.0 1943940000.0 4353600000.0 130072000000.0 -4.44 4.458 [-4.44]
34673700000000.0 3.49739e+17 12249000000.0 953763000000.0 1418930000000.0 1047170000.0 178076000000.0 556948000000.0 179223.0 506855000000.0 2346120000000.0 1173730000000.0 3664620.0 67021900.0 2173820000.0 4719480000.0 133429000000.0 -4.42 4.454 [-4.42]
34673700000000.0 3.31765e+17 12916200000.0 976663000000.0 1399480000000.0 1107330000.0 182755000000.0 525036000000.0 199831.0 523287000000.0 2121710000000.0 1015110000000.0 4130430.0 75856200.0 2426890000.0 5108270000.0 136641000000.0 -4.4 4.45 [-4.4]
34673700000000.0 3.14734e+17 13602000000.0 998707000000.0 1378420000000.0 1169260000.0 187246000000.0 493981000000.0 222866.0 539571000000.0 1915570000000.0 876621000000.0 4646650.0 85678700.0 2704730000.0 5520300000.0 139687000000.0 -4.38 4.447 [-4.38]
34673700000000.0 2.98581e+17 14306800000.0 1019830000000.0 1355760000000.0 1233020000.0 191538000000.0 463822000000.0 248671.0 555701000000.0 1726420000000.0 755818000000.0 5218500.0 96590800.0 3009480000.0 5956260000.0 142553000000.0 -4.36 4.443 [-4.36]
34673700000000.0 2.83277e+17 15028000000.0 1039880000000.0 1331580000000.0 1298450000.0 195609000000.0 434667000000.0 277552.0 571617000000.0 1553470000000.0 650751000000.0 5849460.0 108666000.0 3342640000.0 6416130000.0 145218000000.0 -4.34 4.439 [-4.34]
34673700000000.0 2.68763e+17 15765800000.0 1058810000000.0 1305920000000.0 1365600000.0 199450000000.0 406539000000.0 309935.0 587309000000.0 1395510000000.0 559442000000.0 6545070.0 122014000.0 3706400000.0 6900380000.0 147667000000.0 -4.32 4.435 [-4.32]
34673700000000.0 2.55007e+17 16518800000.0 1076500000000.0 1278860000000.0 1434450000.0 203048000000.0 379497000000.0 346261.0 602744000000.0 1251610000000.0 480264000000.0 7310190.0 136730000.0 4102610000.0 7408810000.0 149883000000.0 -4.3 4.432 [-4.3]
34673700000000.0 2.41965e+17 17285200000.0 1092870000000.0 1250470000000.0 1504910000.0 206390000000.0 353575000000.0 387027.0 617887000000.0 1120780000000.0 411711000000.0 8149610.0 152916000.0 4533180000.0 7941360000.0 151849000000.0 -4.28 4.428 [-4.28]
34673700000000.0 2.29602e+17 18063700000.0 1107810000000.0 1220840000000.0 1576970000.0 209466000000.0 328799000000.0 432801.0 632710000000.0 1002070000000.0 352457000000.0 9068500.0 170674000.0 5000020000.0 8497640000.0 153551000000.0 -4.26 4.424 [-4.26]
34673700000000.0 2.17884e+17 18853500000.0 1121280000000.0 1190050000000.0 1650660000.0 212272000000.0 305187000000.0 484243.0 647191000000.0 894569000000.0 301329000000.0 10072600.0 190117000.0 5505060000.0 9076910000.0 154974000000.0 -4.24 4.421 [-4.24]
34673700000000.0 2.06767e+17 19651500000.0 1133150000000.0 1158190000000.0 1725850000.0 214793000000.0 282735000000.0 542073.0 661294000000.0 797361000000.0 257252000000.0 11166500.0 211354000.0 6050200000.0 9678850000.0 156104000000.0 -4.22 4.417 [-4.22]
34673700000000.0 1.96232e+17 20456000000.0 1143370000000.0 1125380000000.0 1802500000.0 217026000000.0 261463000000.0 607068.0 674987000000.0 709703000000.0 219350000000.0 12354700.0 234473000.0 6636770000.0 10301900000.0 156930000000.0 -4.2 4.414 [-4.2]
34673700000000.0 1.86245e+17 21265100000.0 1151890000000.0 1091730000000.0 1880610000.0 218966000000.0 241356000000.0 680167.0 688249000000.0 630768000000.0 186792000000.0 13642200.0 259590000.0 7266500000.0 10944900000.0 157440000000.0 -4.18 4.41 [-4.18]
34673700000000.0 1.76781e+17 22076600000.0 1158650000000.0 1057360000000.0 1960110000.0 220610000000.0 222407000000.0 762361.0 701048000000.0 559848000000.0 158878000000.0 15032800.0 286789000.0 7940460000.0 11606000000.0 157627000000.0 -4.16 4.406 [-4.16]
34673700000000.0 1.67797e+17 22889400000.0 1163600000000.0 1022340000000.0 2041100000.0 221957000000.0 204566000000.0 854939.0 713374000000.0 496136000000.0 134942000000.0 16532700.0 316216000.0 8660690000.0 12284100000.0 157480000000.0 -4.14 4.403 [-4.14]
34673700000000.0 1.59288e+17 23699500000.0 1166730000000.0 986867000000.0 2123370000.0 223004000000.0 187847000000.0 959011.0 725181000000.0 439126000000.0 114492000000.0 18142100.0 347887000.0 9426770000.0 12975800000.0 156997000000.0 -4.12 4.399 [-4.12]
34673700000000.0 1.51215e+17 24505900000.0 1168000000000.0 950995000000.0 2207010000.0 223752000000.0 172188000000.0 1076190.0 736458000000.0 388107000000.0 97011100000.0 19866000.0 381940000.0 10240200000.0 13679500000.0 156171000000.0 -4.1 4.396 [-4.1]
34673700000000.0 1.43558e+17 25305700000.0 1167400000000.0 914875000000.0 2291960000.0 224203000000.0 157567000000.0 1208080.0 747178000000.0 342550000000.0 82098900000.0 21705600.0 418425000.0 11100900000.0 14392000000.0 155000000000.0 -4.08 4.392 [-4.08]
34673700000000.0 1.36296e+17 26096800000.0 1164940000000.0 878628000000.0 2378180000.0 224358000000.0 143945000000.0 1356500.0 757318000000.0 301935000000.0 69394300000.0 23661800.0 457396000.0 12008500000.0 15110100000.0 153486000000.0 -4.06 4.389 [-4.06]
34673700000000.0 1.29409e+17 26877000000.0 1160650000000.0 842378000000.0 2465680000.0 224222000000.0 131283000000.0 1523520.0 766856000000.0 265783000000.0 58584900000.0 25734500.0 498894000.0 12962200000.0 15830100000.0 151630000000.0 -4.04 4.386 [-4.04]
34673700000000.0 1.22876e+17 27643700000.0 1154530000000.0 806245000000.0 2554400000.0 223798000000.0 119537000000.0 1711440.0 775769000000.0 233651000000.0 49398900000.0 27922000.0 542937000.0 13960800000.0 16548100000.0 149437000000.0 -4.02 4.382 [-4.02]
34673700000000.0 1.16678e+17 28394600000.0 1146620000000.0 770346000000.0 2644300000.0 223091000000.0 108666000000.0 1922840.0 784035000000.0 205133000000.0 41602400000.0 30221300.0 589521000.0 15002300000.0 17260200000.0 146913000000.0 -4.0 4.379 [-4.0]
34673700000000.0 1.10797e+17 29127400000.0 1136980000000.0 734793000000.0 2735360000.0 222107000000.0 98624500000.0 2160590.0 791634000000.0 179861000000.0 34993300000.0 32627900.0 638615000.0 16083900000.0 17961600000.0 144069000000.0 -3.98 4.375 [-3.98]
34673700000000.0 1.05218e+17 29840000000.0 1125660000000.0 699694000000.0 2827530000.0 220853000000.0 89368300000.0 2427910.0 798545000000.0 157497000000.0 29397700000.0 35135700.0 690166000.0 17202600000.0 18647800000.0 140915000000.0 -3.96 4.372 [-3.96]
34673700000000.0 9.99228e+16 30530300000.0 1112740000000.0 665149000000.0 2920810000.0 219337000000.0 80853100000.0 2728360.0 804749000000.0 137733000000.0 24666000000.0 37737100.0 744086000.0 18354000000.0 19313900000.0 137466000000.0 -3.94 4.369 [-3.94]
34673700000000.0 9.48976e+16 31196500000.0 1098270000000.0 631253000000.0 3015140000.0 217566000000.0 73034800000.0 3065950.0 810228000000.0 120292000000.0 20669700000.0 40422800.0 800258000.0 19533600000.0 19954500000.0 133740000000.0 -3.92 4.365 [-3.92]
34673700000000.0 9.01231e+16 31837200000.0 1082340000000.0 598057000000.0 3110570000.0 215546000000.0 65863500000.0 3445420.0 814961000000.0 104908000000.0 17295600000.0 43184100.0 858590000.0 20736100000.0 20564800000.0 129749000000.0 -3.9 4.362 [-3.9]
34673700000000.0 8.55958e+16 32450400000.0 1065080000000.0 565707000000.0 3207000000.0 213293000000.0 59310700000.0 3871130.0 818936000000.0 91382900000.0 14455900000.0 46005300.0 918792000.0 21954300000.0 21139000000.0 125526000000.0 -3.88 4.359 [-3.88]
34673700000000.0 8.1298e+16 33035300000.0 1046570000000.0 534238000000.0 3304460000.0 210816000000.0 53328100000.0 4348820.0 822135000000.0 79495700000.0 12066400000.0 48875000.0 980702000.0 23181500000.0 21672000000.0 121089000000.0 -3.86 4.355 [-3.86]
34673700000000.0 7.72172e+16 33589800000.0 1026890000000.0 503711000000.0 3402870000.0 208122000000.0 47876100000.0 4884580.0 824538000000.0 69061700000.0 10058100000.0 51776800.0 1044050000.0 24409800000.0 22159000000.0 116464000000.0 -3.84 4.352 [-3.84]
34673700000000.0 7.33426e+16 34113600000.0 1006170000000.0 474178000000.0 3502280000.0 205223000000.0 42916800000.0 5485120.0 826135000000.0 59916200000.0 8372460000.0 54696000.0 1108560000.0 25630900000.0 22594900000.0 111678000000.0 -3.82 4.349 [-3.82]
34673700000000.0 6.96634e+16 34606200000.0 984515000000.0 445680000000.0 3602710000.0 202133000000.0 38413500000.0 6157900.0 826912000000.0 51910500000.0 6959500000.0 57616900.0 1173940000.0 26836000000.0 22975100000.0 106760000000.0 -3.8 4.345 [-3.8]
34673700000000.0 6.61699e+16 35066600000.0 962034000000.0 418255000000.0 3704120000.0 198862000000.0 34332100000.0 6911040.0 826857000000.0 44912800000.0 5776760000.0 60521400.0 1239820000.0 28015700000.0 23295500000.0 101741000000.0 -3.78 4.342 [-3.78]
34673700000000.0 6.2856e+16 35495000000.0 938871000000.0 391952000000.0 3806530000.0 195428000000.0 30642600000.0 7752930.0 825968000000.0 38809600000.0 4788880000.0 63391900.0 1305800000.0 29160300000.0 23552500000.0 96656600000.0 -3.76 4.339 [-3.76]
