Cloudy_runs/pks0405/z=0.167125/component_III_PI_nH/component_III_PI_nH_col_density_param.txt
# %ECSV 1.0
# ---
# datatype:
# - {name: H, datatype: float64}
# - {name: H+, datatype: float64}
# - {name: C+, datatype: float64}
# - {name: C+2, datatype: float64}
# - {name: C+3, datatype: float64}
# - {name: N+, datatype: float64}
# - {name: N+2, datatype: float64}
# - {name: N+4, datatype: float64}
# - {name: O, datatype: float64}
# - {name: O+2, datatype: float64}
# - {name: O+5, datatype: float64}
# - {name: O+6, datatype: float64}
# - {name: P+, datatype: float64}
# - {name: Si+, datatype: float64}
# - {name: Si+2, datatype: float64}
# - {name: Si+3, datatype: float64}
# - {name: Si+4, datatype: float64}
# - {name: log_nH, datatype: float64}
# - {name: log_Te, datatype: float64}
# - {name: parameters, datatype: string, subtype: 'float64[1]'}
# schema: astropy-2.0
H H+ C+ C+2 C+3 N+ N+2 N+4 O O+2 O+5 O+6 P+ Si+ Si+2 Si+3 Si+4 log_nH log_Te parameters
[from data line 64]
34673700000000.0 5.67075e+16 36255500000.0 890724000000.0 342598000000.0 4014700000.0 188087000000.0 24293500000.0 9748570.0 821595000000.0 28839100000.0 3273980000.0 68976300.0 1437000000.0 31307900000.0 23863200000.0 86382800000.0 -3.72 4.332 [-3.72]
34673700000000.0 5.38647e+16 36588000000.0 866025000000.0 319620000000.0 4120460000.0 184216000000.0 21585200000.0 10923600.0 818118000000.0 24807500000.0 2701000000.0 71654400.0 1501320000.0 32291700000.0 23913400000.0 81267500000.0 -3.7 4.329 [-3.7]
34673700000000.0 5.11685e+16 36889500000.0 841073000000.0 297791000000.0 4227380000.0 180235000000.0 19154200000.0 12232900.0 813789000000.0 21311600000.0 2225260000.0 74235500.0 1564220000.0 33203800000.0 23892400000.0 76211200000.0 -3.68 4.325 [-3.68]
34673700000000.0 4.86037e+16 37160500000.0 815883000000.0 277039000000.0 4335620000.0 176143000000.0 16970100000.0 13693400.0 808576000000.0 18276800000.0 1829860000.0 76710500.0 1625540000.0 34036600000.0 23799100000.0 71229000000.0 -3.66 4.322 [-3.66]
34673700000000.0 4.61638e+16 37401700000.0 790543000000.0 257352000000.0 4445280000.0 171950000000.0 15011100000.0 15321500.0 802474000000.0 15646200000.0 1501790000.0 79067500.0 1684950000.0 34782300000.0 23633800000.0 66347500000.0 -3.64 4.319 [-3.64]
34673700000000.0 4.38535e+16 37614800000.0 765274000000.0 238792000000.0 4556300000.0 167694000000.0 13264200000.0 17128500.0 795548000000.0 13378800000.0 1231100000.0 81290800.0 1741870000.0 35436000000.0 23400800000.0 61610900000.0 -3.62 4.315 [-3.62]
34673700000000.0 4.16557e+16 37800000000.0 740021000000.0 221251000000.0 4668910000.0 163364000000.0 11702300000.0 19138700.0 787746000000.0 11419100000.0 1007160000.0 83376600.0 1796300000.0 35991700000.0 23099900000.0 57021100000.0 -3.6 4.312 [-3.6]
34673700000000.0 3.95681e+16 37958500000.0 714901000000.0 204728000000.0 4783170000.0 158979000000.0 10310000000.0 21370200.0 779095000000.0 9730290000.0 822496000.0 85315500.0 1847940000.0 36445800000.0 22735100000.0 52603600000.0 -3.58 4.309 [-3.58]
34673700000000.0 3.75851e+16 38091600000.0 689984000000.0 189193000000.0 4899190000.0 154552000000.0 9070990000.0 23844900.0 769610000000.0 8277340000.0 670473000.0 87101800.0 1896590000.0 36795800000.0 22310300000.0 48374500000.0 -3.56 4.305 [-3.56]
34673700000000.0 3.57017e+16 38200200000.0 665331000000.0 174612000000.0 5017070000.0 150094000000.0 7970100000.0 26586200.0 759307000000.0 7029320000.0 545542000.0 88731000.0 1942110000.0 37040700000.0 21830000000.0 44346500000.0 -3.54 4.302 [-3.54]
34673700000000.0 3.39097e+16 38285500000.0 640952000000.0 160926000000.0 5136550000.0 145608000000.0 6992020000.0 29623200.0 748175000000.0 5957540000.0 442920000.0 90201800.0 1984530000.0 37179400000.0 21297400000.0 40524200000.0 -3.52 4.298 [-3.52]
34673700000000.0 3.22109e+16 38349200000.0 616990000000.0 148146000000.0 5257850000.0 141124000000.0 6127180000.0 32975500.0 736299000000.0 5041550000.0 359034000.0 91510300.0 2023600000.0 37215400000.0 20721000000.0 36925500000.0 -3.5 4.295 [-3.5]
34673700000000.0 3.05973e+16 38391800000.0 593441000000.0 136209000000.0 5381250000.0 136641000000.0 5362350000.0 36675800.0 723675000000.0 4258720000.0 290475000.0 92656800.0 2059400000.0 37150100000.0 20105000000.0 33548300000.0 -3.48 4.291 [-3.48]
34673700000000.0 2.90647e+16 38414400000.0 570343000000.0 125078000000.0 5506860000.0 132170000000.0 4686980000.0 40755100.0 710331000000.0 3590850000.0 234549000.0 93641900.0 2091990000.0 36986900000.0 19455100000.0 30393700000.0 -3.46 4.288 [-3.46]
34673700000000.0 2.76091e+16 38417900000.0 547726000000.0 114714000000.0 5634770000.0 127721000000.0 4091510000.0 45246500.0 696300000000.0 3022090000.0 189016000.0 94467200.0 2121440000.0 36730300000.0 18777200000.0 27460000000.0 -3.44 4.285 [-3.44]
34673700000000.0 2.62267e+16 38403600000.0 525622000000.0 105079000000.0 5765110000.0 123301000000.0 3567280000.0 50185000.0 681622000000.0 2538630000.0 152019000.0 95136000.0 2147870000.0 36385700000.0 18077100000.0 24743800000.0 -3.42 4.281 [-3.42]
34673700000000.0 2.49138e+16 38372100000.0 504051000000.0 96133900000.0 5897960000.0 118920000000.0 3106420000.0 55608100.0 666334000000.0 2128420000.0 122016000.0 95651000.0 2171430000.0 35958800000.0 17360400000.0 22239200000.0 -3.4 4.278 [-3.4]
34673700000000.0 2.36668e+16 38324500000.0 483034000000.0 87841900000.0 6033400000.0 114585000000.0 2701860000.0 61555100.0 650478000000.0 1781040000.0 97736300.0 96016500.0 2192290000.0 35456000000.0 16632400000.0 19939000000.0 -3.38 4.274 [-3.38]
34673700000000.0 2.24825e+16 38261400000.0 462584000000.0 80166000000.0 6171530000.0 110303000000.0 2347230000.0 68067500.0 634101000000.0 1487410000.0 78127200.0 96237200.0 2210650000.0 34884100000.0 15898400000.0 17834500000.0 -3.36 4.271 [-3.36]
34673700000000.0 2.13577e+16 38183700000.0 442713000000.0 73070700000.0 6312390000.0 106081000000.0 2036800000.0 75188900.0 617249000000.0 1239720000.0 62324000.0 96318000.0 2226690000.0 34250100000.0 15163000000.0 15916200000.0 -3.34 4.267 [-3.34]
34673700000000.0 2.02896e+16 38092100000.0 423430000000.0 66521000000.0 6456050000.0 101924000000.0 1765430000.0 82964900.0 599972000000.0 1031200000.0 49614700.0 96264500.0 2240650000.0 33560900000.0 14430700000.0 14173600000.0 -3.32 4.264 [-3.32]
34673700000000.0 1.92774e+16 37987700000.0 404781000000.0 60495200000.0 6602530000.0 97848200000.0 1528950000.0 91430200.0 582369000000.0 856305000.0 39432000.0 96084200.0 2252650000.0 32826200000.0 13707000000.0 12598500000.0 -3.3 4.26 [-3.3]
34673700000000.0 1.83139e+16 37869900000.0 386683000000.0 54936500000.0 6751860000.0 93837800000.0 1322360000.0 100659000.0 564398000000.0 709366000.0 31261100.0 95779500.0 2263090000.0 32047700000.0 12992100000.0 11174200000.0 -3.28 4.257 [-3.28]
34673700000000.0 1.73968e+16 37739100000.0 369135000000.0 49816200000.0 6904010000.0 89897500000.0 1142130000.0 110706000.0 546109000000.0 586205000.0 24720800.0 95355300.0 2272170000.0 31231600000.0 12289100000.0 9890360000.0 -3.26 4.253 [-3.26]
34673700000000.0 1.65279e+16 37597100000.0 352220000000.0 45125700000.0 7058940000.0 86050100000.0 985720000.0 121595000.0 527654000000.0 483584000.0 19516800.0 94822400.0 2279920000.0 30389800000.0 11604000000.0 8740380000.0 -3.24 4.25 [-3.24]
34673700000000.0 1.57047e+16 37444200000.0 335932000000.0 40834200000.0 7216600000.0 82298300000.0 850123000.0 133374000.0 509088000000.0 398232000.0 15383300.0 94187500.0 2286560000.0 29528200000.0 10939100000.0 7712920000.0 -3.22 4.246 [-3.22]
34673700000000.0 1.4921e+16 37279600000.0 320184000000.0 36896500000.0 7376880000.0 78626500000.0 732234000.0 146136000.0 490367000000.0 327126000.0 12094900.0 93451600.0 2292430000.0 28647100000.0 10292900000.0 6793910000.0 -3.2 4.243 [-3.2]
34673700000000.0 1.41768e+16 37104300000.0 305010000000.0 33296600000.0 7539670000.0 75046400000.0 630083000.0 159917000.0 471594000000.0 268142000.0 9490090.0 92624200.0 2297630000.0 27754500000.0 9668460000.0 5975460000.0 -3.18 4.239 [-3.18]
34673700000000.0 1.34701e+16 36918400000.0 290401000000.0 30009900000.0 7704760000.0 71559500000.0 541665000.0 174774000.0 452821000000.0 219318000.0 7431120.0 91710300.0 2302290000.0 26854900000.0 9067120000.0 5248110000.0 -3.16 4.236 [-3.16]
34673700000000.0 1.2799e+16 36721900000.0 276344000000.0 27013300000.0 7871900000.0 68166700000.0 465216000.0 190762000.0 434094000000.0 178991000.0 5807020.0 90714900.0 2306570000.0 25952300000.0 8489720000.0 4603050000.0 -3.14 4.232 [-3.14]
34673700000000.0 1.21601e+16 36514700000.0 262800000000.0 24279400000.0 8040820000.0 64861900000.0 399067000.0 207964000.0 415423000000.0 145703000.0 4526720.0 89642600.0 2310660000.0 25048500000.0 7935410000.0 4031170000.0 -3.12 4.229 [-3.12]
34673700000000.0 1.1555e+16 36298000000.0 249822000000.0 21799300000.0 8211240000.0 61661200000.0 342119000.0 226380000.0 396945000000.0 118390000.0 3523360.0 88503800.0 2314520000.0 24151900000.0 7407380000.0 3526910000.0 -3.1 4.225 [-3.1]
34673700000000.0 1.09803e+16 36071300000.0 237364000000.0 19547700000.0 8382750000.0 58557000000.0 293035000.0 246088000.0 378657000000.0 95983200.0 2737030.0 87301100.0 2318300000.0 23262800000.0 6904300000.0 3082190000.0 -3.08 4.222 [-3.08]
34673700000000.0 1.04345e+16 35834700000.0 225413000000.0 17506200000.0 8554890000.0 55549400000.0 250771000.0 267135000.0 360605000000.0 77643000.0 2122080.0 86040100.0 2322090000.0 22383900000.0 6426090000.0 2690610000.0 -3.06 4.219 [-3.06]
34673700000000.0 9916260000000000.0 35588200000.0 213957000000.0 15658000000.0 8727180000.0 52638100000.0 214413000.0 289565000.0 342827000000.0 62665700.0 1642160.0 84725700.0 2325940000.0 21517600000.0 5972530000.0 2346360000.0 -3.04 4.215 [-3.04]
34673700000000.0 9425310000000000.0 35332800000.0 203010000000.0 13990600000.0 8899150000.0 49829700000.0 183226000.0 313382000.0 325406000000.0 50484100.0 1269040.0 83367200.0 2329810000.0 20668200000.0 5544280000.0 2044670000.0 -3.02 4.212 [-3.02]
34673700000000.0 8956660000000000.0 35065800000.0 192474000000.0 12478700000.0 9069780000.0 47103100000.0 156335000.0 338730000.0 308246000000.0 40543600.0 977903.0 81956800.0 2333960000.0 19830100000.0 5137740000.0 1779180000.0 -3.0 4.208 [-3.0]
34673700000000.0 8513940000000000.0 34790900000.0 182447000000.0 11121800000.0 9238920000.0 44484700000.0 133363000.0 365481000.0 291553000000.0 32513700.0 752977.0 80515900.0 2338100000.0 19014300000.0 4756420000.0 1547610000.0 -2.98 4.205 [-2.98]
34673700000000.0 8092230000000000.0 34505500000.0 172830000000.0 9897040000.0 9405360000.0 41952900000.0 113623000.0 393781000.0 275223000000.0 26001300.0 578424.0 79036300.0 2342460000.0 18214500000.0 4396490000.0 1344630000.0 -2.96 4.202 [-2.96]
34673700000000.0 7691850000000000.0 34210500000.0 163642000000.0 8796420000.0 9568410000.0 39515000000.0 96720700.0 423588000.0 259335000000.0 20746100.0 443593.0 77527000.0 2346940000.0 17434600000.0 4058480000.0 1167350000.0 -2.94 4.198 [-2.94]
34673700000000.0 7311610000000000.0 33906000000.0 154867000000.0 7808420000.0 9727170000.0 37169100000.0 82257300.0 454909000.0 243910000000.0 16514200.0 339615.0 75991900.0 2351510000.0 16674900000.0 3741470000.0 1012650000.0 -2.92 4.195 [-2.92]
34673700000000.0 6950480000000000.0 33591900000.0 146490000000.0 6922810000.0 9880670000.0 34914200000.0 69891200.0 487730000.0 228969000000.0 13114500.0 259581.0 74434700.0 2356130000.0 15936000000.0 3444690000.0 877783000.0 -2.9 4.192 [-2.9]
34673700000000.0 6607510000000000.0 33268500000.0 138499000000.0 6130110000.0 10027900000.0 32749400000.0 59327400.0 522027000.0 214530000000.0 10390100.0 198092.0 72859400.0 2360780000.0 15218300000.0 3167290000.0 760326000.0 -2.88 4.189 [-2.88]
34673700000000.0 6281770000000000.0 32935700000.0 130880000000.0 5421560000.0 10167800000.0 30673300000.0 50310700.0 557765000.0 200611000000.0 8212080.0 150933.0 71269400.0 2365380000.0 14522000000.0 2908440000.0 658121000.0 -2.86 4.185 [-2.86]
34673700000000.0 5972380000000000.0 32593600000.0 123620000000.0 4789130000.0 10299300000.0 28685000000.0 42621200.0 594892000.0 187226000000.0 6475120.0 114830.0 69668300.0 2369880000.0 13847300000.0 2667270000.0 569265000.0 -2.84 4.182 [-2.84]
34673700000000.0 5677800000000000.0 32241400000.0 116688000000.0 4224310000.0 10420800000.0 26778900000.0 36057400.0 633399000.0 174356000000.0 5091120.0 87191.9 68055100.0 2374250000.0 13192400000.0 2442410000.0 491945000.0 -2.82 4.179 [-2.82]
34673700000000.0 5398740000000000.0 31881100000.0 110107000000.0 3722690000.0 10532100000.0 24962600000.0 30481600.0 673096000.0 162068000000.0 3995060.0 66148.8 66441500.0 2378320000.0 12560800000.0 2234090000.0 424966000.0 -2.8 4.176 [-2.8]
34673700000000.0 5134350000000000.0 31513100000.0 103863000000.0 3277710000.0 10632000000.0 23234200000.0 25747900.0 713886000.0 150365000000.0 3128860.0 50144.7 64830600.0 2382000000.0 11952300000.0 2041360000.0 366977000.0 -2.78 4.173 [-2.78]
34673700000000.0 4882560000000000.0 31135300000.0 97911000000.0 2881830000.0 10718700000.0 21584600000.0 21717100.0 755777000.0 139196000000.0 2443520.0 0.0 63216500.0 2385310000.0 11363300000.0 1862450000.0 316617000.0 -2.76 4.169 [-2.76]
34673700000000.0 4643370000000000.0 30749100000.0 92254500000.0 2530890000.0 10791500000.0 20016400000.0 18295300.0 798593000.0 128589000000.0 1903720.0 0.0 61606100.0 2388110000.0 10795300000.0 1697060000.0 273000000.0 -2.74 4.166 [-2.74]
34673700000000.0 4416170000000000.0 30354500000.0 86882200000.0 2220190000.0 10849400000.0 18528400000.0 15393700.0 842201000.0 118542000000.0 1479640.0 0.0 60002000.0 2390320000.0 10247900000.0 1544380000.0 235250000.0 -2.72 4.163 [-2.72]
34673700000000.0 4200320000000000.0 29951900000.0 81782700000.0 1945500000.0 10891600000.0 17119000000.0 12935800.0 886456000.0 109051000000.0 1147310.0 0.0 58406400.0 2391840000.0 9720870000.0 1403650000.0 202599000.0 -2.7 4.16 [-2.7]
34673700000000.0 3995280000000000.0 29541500000.0 76944800000.0 1702940000.0 10917300000.0 15786700000.0 10856100.0 931207000.0 100111000000.0 887530.0 0.0 56821700.0 2392580000.0 9213860000.0 1274130000.0 174377000.0 -2.68 4.157 [-2.68]
34673700000000.0 3800480000000000.0 29123600000.0 72357700000.0 1489050000.0 10925800000.0 14530000000.0 9098570.0 976295000.0 91710700000.0 684985.0 0.0 55250100.0 2392450000.0 8726520000.0 1155120000.0 149999000.0 -2.66 4.154 [-2.66]
34673700000000.0 3615390000000000.0 28698500000.0 68010300000.0 1300640000.0 10916600000.0 13347100000.0 7614990.0 1021560000.0 83840300000.0 527449.0 0.0 53693200.0 2391370000.0 8258390000.0 1045920000.0 128952000.0 -2.64 4.152 [-2.64]
34673700000000.0 3439080000000000.0 28265300000.0 63881800000.0 1134570000.0 10888700000.0 12233900000.0 6362070.0 1066890000.0 76471400000.0 405037.0 0.0 52148800.0 2389250000.0 7807880000.0 945627000.0 110762000.0 -2.62 4.149 [-2.62]
34673700000000.0 3272020000000000.0 27826700000.0 59984700000.0 989004000.0 10843200000.0 11193300000.0 5309590.0 1111990000.0 69621200000.0 310500.0 0.0 50627200.0 2385990000.0 7377170000.0 854119000.0 95111300.0 -2.6 4.146 [-2.6]
34673700000000.0 3113280000000000.0 27382000000.0 56297700000.0 861259000.0 10779500000.0 10220800000.0 4424780.0 1156760000.0 63256600000.0 237517.0 0.0 49125600.0 2381510000.0 6964510000.0 770531000.0 81625300.0 -2.58 4.143 [-2.58]
34673700000000.0 2962430000000000.0 26931600000.0 52811300000.0 749287000.0 10697800000.0 9314120000.0 3682010.0 1201050000.0 57359500000.0 181308.0 0.0 47645400.0 2375760000.0 6569470000.0 694290000.0 70011300.0 -2.56 4.14 [-2.56]
34673700000000.0 2819090000000000.0 26475800000.0 49516500000.0 651255000.0 10598300000.0 8471000000.0 3059410.0 1244690000.0 51910800000.0 138121.0 0.0 46188200.0 2368650000.0 6191640000.0 624854000.0 60015700.0 -2.54 4.137 [-2.54]
34673700000000.0 2682870000000000.0 26015100000.0 46404600000.0 565525000.0 10481500000.0 7689000000.0 2538330.0 1287550000.0 46890100000.0 105015.0 0.0 44754900.0 2360130000.0 5830600000.0 561708000.0 51418000.0 -2.52 4.135 [-2.52]
34673700000000.0 2553790000000000.0 25551300000.0 43475600000.0 490799000.0 10349200000.0 6967180000.0 2103720.0 1329420000.0 42286300000.0 79736.8 0.0 43350900.0 2350170000.0 5486940000.0 504507000.0 44041800.0 -2.5 4.132 [-2.5]
34673700000000.0 2430740000000000.0 25082200000.0 40703800000.0 425432000.0 10200300000.0 6299600000.0 1740310.0 1370320000.0 38057000000.0 60402.5 0.0 41968800.0 2338690000.0 5158110000.0 452497000.0 37690200.0 -2.48 4.129 [-2.48]
34673700000000.0 2313780000000000.0 24609600000.0 38090300000.0 368455000.0 10036600000.0 5685290000.0 1437590.0 1410060000.0 34190900000.0 45678.1 0.0 40613700.0 2325660000.0 4844760000.0 405403000.0 32236800.0 -2.46 4.127 [-2.46]
