Cloudy_runs/pg0003/z=0.421923/component_II_PI_nH/component_II_PI_nH_col_density_param.txt
# %ECSV 1.0
# ---
# datatype:
# - {name: H, datatype: float64}
# - {name: H+, datatype: float64}
# - {name: C+, datatype: float64}
# - {name: C+2, datatype: float64}
# - {name: C+3, datatype: float64}
# - {name: N+2, datatype: float64}
# - {name: N+4, datatype: float64}
# - {name: O, datatype: float64}
# - {name: O+2, datatype: float64}
# - {name: O+5, datatype: float64}
# - {name: O+6, datatype: float64}
# - {name: Si+, datatype: float64}
# - {name: Si+2, datatype: float64}
# - {name: Si+3, datatype: float64}
# - {name: Si+4, datatype: float64}
# - {name: log_nH, datatype: float64}
# - {name: log_Te, datatype: float64}
# - {name: parameters, datatype: string, subtype: 'float64[1]'}
# schema: astropy-2.0
H H+ C+ C+2 C+3 N+2 N+4 O O+2 O+5 O+6 Si+ Si+2 Si+3 Si+4 log_nH log_Te parameters
[from data line 138]
147911000000000.0 1.44397e+16 114117000000.0 272968000000.0 4681610000.0 52962600000.0 23033400.0 4432250000.0 331175000000.0 1297210.0 0.0 10237400000.0 32840000000.0 3771460000.0 409084000.0 -2.24 4.148 [-2.24]
147911000000000.0 1.37394e+16 112416000000.0 256477000000.0 4082050000.0 48527400000.0 19224300.0 4624990000.0 301863000000.0 995036.0 0.0 10217900000.0 31016600000.0 3403920000.0 351207000.0 -2.22 4.145 [-2.22]
147911000000000.0 1.3074e+16 110689000000.0 240866000000.0 3555790000.0 44375100000.0 16022700.0 4816810000.0 274589000000.0 761602.0 0.0 10193300000.0 29270800000.0 3068510000.0 301349000.0 -2.2 4.142 [-2.2]
147911000000000.0 1.24416e+16 108938000000.0 226098000000.0 3094420000.0 40497300000.0 13335300.0 5006990000.0 249280000000.0 581706.0 0.0 10163200000.0 27600700000.0 2762870000.0 258424000.0 -2.18 4.139 [-2.18]
147911000000000.0 1.18423e+16 107169000000.0 212173000000.0 2691230000.0 36892700000.0 11086900.0 5194590000.0 225911000000.0 443619.0 0.0 10127500000.0 26009100000.0 2485420000.0 221561000.0 -2.16 4.137 [-2.16]
147911000000000.0 1.12694e+16 105368000000.0 198936000000.0 2336940000.0 33527800000.0 9197410.0 5379790000.0 204248000000.0 337295.0 0.0 10085800000.0 24479700000.0 2232040000.0 189728000.0 -2.14 4.134 [-2.14]
147911000000000.0 1.0728e+16 103559000000.0 186506000000.0 2028770000.0 30423600000.0 7624780.0 5560880000.0 184399000000.0 256229.0 0.0 10038100000.0 23029500000.0 2003320000.0 162484000.0 -2.12 4.131 [-2.12]
147911000000000.0 1.02119e+16 101726000000.0 174737000000.0 1759130000.0 27547200000.0 6309600.0 5738120000.0 166138000000.0 194189.0 0.0 9983950000.0 21642600000.0 1795530000.0 139031000.0 -2.1 4.129 [-2.1]
147911000000000.0 9721240000000000.0 99877100000.0 163632000000.0 1524020000.0 24895200000.0 5213840.0 5910740000.0 149419000000.0 146911.0 0.0 9923370000.0 20321700000.0 1607530000.0 118897000.0 -2.08 4.126 [-2.08]
147911000000000.0 9253430000000000.0 98008100000.0 153129000000.0 1318780000.0 22451100000.0 4300570.0 6078550000.0 134118000000.0 110897.0 0.0 9856130000.0 19060800000.0 1437240000.0 101588000.0 -2.06 4.123 [-2.06]
147911000000000.0 8810100000000000.0 96132700000.0 143262000000.0 1140630000.0 20214900000.0 3543810.0 6240640000.0 120215000000.0 83623.8 0.0 9782330000.0 17866200000.0 1284020000.0 86781300.0 -2.04 4.121 [-2.04]
147911000000000.0 8388630000000000.0 94247000000.0 133967000000.0 985776000.0 18169400000.0 2916270.0 6396940000.0 107581000000.0 62963.9 0.0 9701860000.0 16731800000.0 1145970000.0 74093400.0 -2.02 4.118 [-2.02]
147911000000000.0 7987920000000000.0 92353200000.0 125216000000.0 851291000.0 16303000000.0 2396710.0 6547210000.0 96129300000.0 0.0 0.0 9614730000.0 15655700000.0 1021740000.0 63227500.0 -2.0 4.116 [-2.0]
147911000000000.0 7606930000000000.0 90453200000.0 116984000000.0 734609000.0 14604300000.0 1967210.0 6691240000.0 85771900000.0 0.0 0.0 9521010000.0 14635800000.0 910115000.0 53927300.0 -1.98 4.113 [-1.98]
147911000000000.0 7244670000000000.0 88549100000.0 109242000000.0 633463000.0 13061900000.0 1612700.0 6828890000.0 76424900000.0 0.0 0.0 9420770000.0 13670400000.0 809930000.0 45971800.0 -1.96 4.111 [-1.96]
147911000000000.0 6900220000000000.0 86643000000.0 101967000000.0 545867000.0 11664900000.0 1320520.0 6960080000.0 68007700000.0 0.0 0.0 9314170000.0 12757500000.0 720134000.0 39170900.0 -1.94 4.109 [-1.94]
147911000000000.0 6572660000000000.0 84737000000.0 95133100000.0 470070000.0 10402300000.0 1080060.0 7084780000.0 60442800000.0 0.0 0.0 9201350000.0 11895100000.0 639745000.0 33360100.0 -1.92 4.106 [-1.92]
147911000000000.0 6261170000000000.0 82833300000.0 88718600000.0 404540000.0 9263860000.0 882446.0 7203000000.0 53657300000.0 0.0 0.0 9082530000.0 11081500000.0 567867000.0 28398300.0 -1.9 4.104 [-1.9]
147911000000000.0 5964950000000000.0 80933900000.0 82700700000.0 347931000.0 8239450000.0 720260.0 7314810000.0 47581700000.0 0.0 0.0 8957950000.0 10314600000.0 503674000.0 24163900.0 -1.88 4.102 [-1.88]
147911000000000.0 5683220000000000.0 79040800000.0 77058200000.0 299068000.0 7319530000.0 587327.0 7420310000.0 42151300000.0 0.0 0.0 8827890000.0 9592680000.0 446409000.0 20552300.0 -1.86 4.099 [-1.86]
147911000000000.0 5415280000000000.0 77156300000.0 71770700000.0 256925000.0 6495030000.0 478505.0 7519620000.0 37305400000.0 0.0 0.0 8692640000.0 8913800000.0 395381000.0 17473700.0 -1.84 4.097 [-1.84]
147911000000000.0 5160430000000000.0 75282200000.0 66818900000.0 220605000.0 5757390000.0 389525.0 7612910000.0 32987700000.0 0.0 0.0 8552530000.0 8276160000.0 349958000.0 14850700.0 -1.82 4.095 [-1.82]
147911000000000.0 4918030000000000.0 73420500000.0 62184100000.0 189326000.0 5098610000.0 316852.0 7700350000.0 29146400000.0 0.0 0.0 8407920000.0 7677910000.0 309567000.0 12617200.0 -1.8 4.092 [-1.8]
147911000000000.0 4687440000000000.0 71573100000.0 57848200000.0 162406000.0 4511180000.0 257557.0 7782160000.0 25733200000.0 0.0 0.0 8259180000.0 7117250000.0 273684000.0 10716300.0 -1.78 4.09 [-1.78]
147911000000000.0 4469130000000000.0 69750900000.0 53813500000.0 139332000.0 3989880000.0 209362.0 7858360000.0 22713900000.0 0.0 0.0 8107380000.0 6594990000.0 241951000.0 9104470.0 -1.76 4.088 [-1.76]
147911000000000.0 4260460000000000.0 67937900000.0 50025200000.0 119424000.0 3524780000.0 169984.0 7929540000.0 20028600000.0 0.0 0.0 7951600000.0 6104210000.0 213700000.0 7728920.0 -1.74 4.086 [-1.74]
147911000000000.0 4061940000000000.0 66144700000.0 46487400000.0 102324000.0 3111820000.0 137943.0 7995740000.0 17650900000.0 0.0 0.0 7792890000.0 5645830000.0 188669000.0 6559860.0 -1.72 4.084 [-1.72]
147911000000000.0 3873070000000000.0 64372900000.0 43185300000.0 87643000.0 2745600000.0 111892.0 8057200000.0 15547800000.0 0.0 0.0 7631670000.0 5218180000.0 166507000.0 5566700.0 -1.7 4.081 [-1.7]
147911000000000.0 3693370000000000.0 62623900000.0 40104900000.0 75046200.0 2421190000.0 90726.6 8114160000.0 13689200000.0 0.0 0.0 7468350000.0 4819650000.0 146902000.0 4723300.0 -1.68 4.079 [-1.68]
147911000000000.0 3522400000000000.0 60899400000.0 37232900000.0 64243200.0 2134130000.0 73541.5 8166850000.0 12048200000.0 0.0 0.0 7303370000.0 4448650000.0 129569000.0 4007360.0 -1.66 4.077 [-1.66]
147911000000000.0 3359720000000000.0 59200600000.0 34556600000.0 54983100.0 1880340000.0 59596.0 8215500000.0 10600300000.0 0.0 0.0 7137140000.0 4103640000.0 114255000.0 3399810.0 -1.64 4.075 [-1.64]
147911000000000.0 3204910000000000.0 57528800000.0 32063900000.0 47048700.0 1656160000.0 48285.0 8260340000.0 9323780000.0 0.0 0.0 6970050000.0 3783110000.0 100733000.0 2884380.0 -1.62 4.073 [-1.62]
147911000000000.0 3056670000000000.0 55874600000.0 29729100000.0 40223500.0 1457470000.0 39082.2 8301680000.0 8194410000.0 0.0 0.0 6801480000.0 3483750000.0 88743600.0 2445340.0 -1.6 4.071 [-1.6]
147911000000000.0 2917410000000000.0 54270900000.0 27584300000.0 34435600.0 1283780000.0 31683.9 8339420000.0 7208510000.0 0.0 0.0 6634910000.0 3209890000.0 78271900.0 2076560.0 -1.58 4.069 [-1.58]
147911000000000.0 2783090000000000.0 52675900000.0 25562900000.0 29432900.0 1129260000.0 25640.3 8374170000.0 6332890000.0 0.0 0.0 6466500000.0 2952690000.0 68944200.0 1760840.0 -1.56 4.067 [-1.56]
147911000000000.0 2657280000000000.0 51137300000.0 23713400000.0 25202200.0 994605000.0 20792.9 8405730000.0 5570720000.0 0.0 0.0 6301290000.0 2718610000.0 60821200.0 1496300.0 -1.54 4.065 [-1.54]
147911000000000.0 2536470000000000.0 49617200000.0 21979500000.0 21558400.0 875286000.0 16844.0 8434590000.0 4896240000.0 0.0 0.0 6135600000.0 2500260000.0 53613700.0 1270560.0 -1.52 4.063 [-1.52]
147911000000000.0 2420360000000000.0 48114800000.0 20353700000.0 18421200.0 769590000.0 13629.2 8460900000.0 4299590000.0 0.0 0.0 5969670000.0 2296560000.0 47220500.0 1077940.0 -1.5 4.061 [-1.5]
147911000000000.0 2310930000000000.0 46660200000.0 18859300000.0 15759300.0 677238000.0 11043.5 8484650000.0 3778790000.0 0.0 0.0 5806880000.0 2110480000.0 41633100.0 915923.0 -1.48 4.059 [-1.48]
147911000000000.0 2206720000000000.0 45238800000.0 17472100000.0 13483200.0 595988000.0 8949.9 8506090000.0 3321130000.0 0.0 0.0 5645970000.0 1938800000.0 36712300.0 778555.0 -1.46 4.057 [-1.46]
147911000000000.0 2107540000000000.0 43851600000.0 16185500000.0 11538000.0 524545000.0 7255.21 8525360000.0 2919140000.0 0.0 0.0 5487230000.0 1780610000.0 32380500.0 662120.0 -1.44 4.055 [-1.44]
147911000000000.0 2013110000000000.0 42498600000.0 14992400000.0 9875460.0 461728000.0 5883.16 8542600000.0 2566060000.0 0.0 0.0 5330860000.0 1634920000.0 28567000.0 563397.0 -1.42 4.054 [-1.42]
147911000000000.0 1923890000000000.0 41190100000.0 13894600000.0 8461800.0 406770000.0 4776.81 8557900000.0 2257450000.0 0.0 0.0 5178230000.0 1501850000.0 25227400.0 480101.0 -1.4 4.052 [-1.4]
147911000000000.0 1838270000000000.0 39906000000.0 12869300000.0 7246420.0 358196000.0 3876.34 8571470000.0 1985010000.0 0.0 0.0 5027240000.0 1378450000.0 22270200.0 409023.0 -1.38 4.05 [-1.38]
147911000000000.0 1756740000000000.0 38656400000.0 11919400000.0 6207580.0 315497000.0 3146.92 8583360000.0 1745760000.0 0.0 0.0 4879170000.0 1265000000.0 19666700.0 348707.0 -1.36 4.048 [-1.36]
147911000000000.0 1679100000000000.0 37441200000.0 11039600000.0 5319570.0 277963000.0 2555.93 8593690000.0 1535680000.0 0.0 0.0 4734180000.0 1160770000.0 17374300.0 297504.0 -1.34 4.046 [-1.34]
147911000000000.0 1604360000000000.0 36247400000.0 10216500000.0 4554900.0 244742000.0 2074.18 8602550000.0 1349950000.0 0.0 0.0 4590850000.0 1064030000.0 15340900.0 253710.0 -1.32 4.044 [-1.32]
147911000000000.0 1534200000000000.0 35104500000.0 9465340000.0 3907980.0 215818000.0 1687.06 8610020000.0 1188420000.0 0.0 0.0 4452840000.0 976500000.0 13568500.0 216887.0 -1.3 4.043 [-1.3]
147911000000000.0 1467640000000000.0 33999900000.0 8772860000.0 3356120.0 190450000.0 0.0 8616220000.0 1046880000.0 0.0 0.0 4318720000.0 896551000.0 12011100.0 185666.0 -1.28 4.041 [-1.28]
147911000000000.0 1403730000000000.0 32920100000.0 8126990000.0 2881240.0 168019000.0 0.0 8621190000.0 921891000.0 0.0 0.0 4187020000.0 822602000.0 10630900.0 158951.0 -1.26 4.039 [-1.26]
147911000000000.0 1342350000000000.0 31864600000.0 7524660000.0 2472680.0 148187000.0 0.0 8624990000.0 811535000.0 0.0 0.0 4057770000.0 754228000.0 9407670.0 136087.0 -1.24 4.037 [-1.24]
147911000000000.0 1284360000000000.0 30850500000.0 6972110000.0 2125160.0 130840000.0 0.0 8627730000.0 715114000.0 0.0 0.0 3933080000.0 692112000.0 8335650.0 116738.0 -1.22 4.036 [-1.22]
147911000000000.0 1229580000000000.0 29877000000.0 6465390000.0 1829350.0 115659000.0 0.0 8629480000.0 630832000.0 0.0 0.0 3812970000.0 635701000.0 7395540.0 100342.0 -1.2 4.034 [-1.2]
147911000000000.0 1176910000000000.0 28926400000.0 5992530000.0 1574290.0 102215000.0 0.0 8630250000.0 556307000.0 0.0 0.0 3695360000.0 583524000.0 6560760.0 86263.4 -1.18 4.032 [-1.18]
147911000000000.0 1126250000000000.0 27998200000.0 5551350000.0 1354390.0 90308800.0 0.0 8630070000.0 490415000.0 0.0 0.0 3580240000.0 535276000.0 5819480.0 74171.3 -1.16 4.03 [-1.16]
147911000000000.0 1078420000000000.0 27109000000.0 5147200000.0 1167180.0 79889400.0 0.0 8629070000.0 432827000.0 0.0 0.0 3469690000.0 491529000.0 5169200.0 63912.1 -1.14 4.029 [-1.14]
147911000000000.0 1032820000000000.0 26249600000.0 4773490000.0 1006600.0 70709000.0 0.0 8627270000.0 382167000.0 0.0 0.0 3362620000.0 451466000.0 4594670.0 55138.8 -1.12 4.027 [-1.12]
147911000000000.0 989358000000000.0 25419200000.0 4427940000.0 868799.0 62617200.0 0.0 8624690000.0 337589000.0 0.0 0.0 3259010000.0 414778000.0 4086840.0 47629.0 -1.1 4.025 [-1.1]
147911000000000.0 948085000000000.0 24620600000.0 4109710000.0 750793.0 55500300.0 0.0 8621420000.0 298448000.0 0.0 0.0 3159220000.0 381316000.0 3638890.0 41211.4 -1.08 4.024 [-1.08]
147911000000000.0 908401000000000.0 23843000000.0 3813000000.0 648817.0 49188500.0 0.0 8617400000.0 263799000.0 0.0 0.0 3061950000.0 350433000.0 3240340.0 35676.4 -1.06 4.022 [-1.06]
147911000000000.0 870716000000000.0 23095800000.0 3539810000.0 561420.0 43634000.0 0.0 8612750000.0 233365000.0 0.0 0.0 2968400000.0 322268000.0 2888500.0 30938.2 -1.04 4.021 [-1.04]
147911000000000.0 834773000000000.0 22374900000.0 3287160000.0 486236.0 38729800.0 0.0 8607480000.0 206547000.0 0.0 0.0 2878070000.0 296477000.0 2576840.0 26865.5 -1.02 4.019 [-1.02]
147911000000000.0 800487000000000.0 21679500000.0 3053490000.0 421511.0 34397600.0 0.0 8601620000.0 182906000.0 0.0 0.0 2790910000.0 272856000.0 2300580.0 23361.0 -1.0 4.017 [-1.0]
147911000000000.0 767777000000000.0 21008900000.0 2837360000.0 365750.0 30568800.0 0.0 8595200000.0 162057000.0 0.0 0.0 2706840000.0 251220000.0 2055550.0 20341.9 -0.98 4.016 [-0.98]
147911000000000.0 736566000000000.0 20362400000.0 2637410000.0 317676.0 27183200.0 0.0 8588250000.0 143662000.0 0.0 0.0 2625780000.0 231399000.0 1838090.0 17737.9 -0.96 4.014 [-0.96]
147911000000000.0 706781000000000.0 19739400000.0 2452410000.0 276197.0 24187900.0 0.0 8580780000.0 127426000.0 0.0 0.0 2547660000.0 213239000.0 1644970.0 15489.2 -0.94 4.013 [-0.94]
147911000000000.0 678496000000000.0 19141900000.0 2282050000.0 240494.0 21544400.0 0.0 8572890000.0 113132000.0 0.0 0.0 2472780000.0 196674000.0 1473860.0 13550.9 -0.92 4.011 [-0.92]
147911000000000.0 651353000000000.0 18563400000.0 2123540000.0 209523.0 19195200.0 0.0 8564490000.0 100461000.0 0.0 0.0 2400280000.0 181409000.0 1321190.0 11866.9 -0.9 4.01 [-0.9]
147911000000000.0 625442000000000.0 18006000000.0 1976820000.0 182735.0 17113400.0 0.0 8555640000.0 89260900.0 0.0 0.0 2330490000.0 167417000.0 1185330.0 10407.4 -0.88 4.008 [-0.88]
147911000000000.0 600695000000000.0 17469100000.0 1840930000.0 159542.0 15267300.0 0.0 8546390000.0 79355800.0 0.0 0.0 2263300000.0 154578000.0 1064320.0 9140.48 -0.86 4.007 [-0.86]
147911000000000.0 577061000000000.0 16952000000.0 1715080000.0 139444.0 13629400.0 0.0 8536740000.0 70592100.0 0.0 0.0 2198640000.0 142801000.0 956495.0 8039.5 -0.84 4.005 [-0.84]
147911000000000.0 554485000000000.0 16454100000.0 1598490000.0 122012.0 12175400.0 0.0 8526710000.0 62834100.0 0.0 0.0 2136420000.0 131992000.0 860326.0 7081.43 -0.82 4.004 [-0.82]
147911000000000.0 532915000000000.0 15974600000.0 1490440000.0 106878.0 10883600.0 0.0 8516330000.0 55962500.0 0.0 0.0 2076580000.0 122067000.0 774492.0 6246.58 -0.8 4.002 [-0.8]
147911000000000.0 512303000000000.0 15512800000.0 1390280000.0 93726.6 9735450.0 0.0 8505610000.0 49872900.0 0.0 0.0 2019010000.0 112951000.0 697825.0 5518.12 -0.78 4.001 [-0.78]
147911000000000.0 492604000000000.0 15068300000.0 1297410000.0 82287.1 8714280.0 0.0 8494580000.0 44473700.0 0.0 0.0 1963660000.0 104577000.0 629298.0 4881.73 -0.76 3.999 [-0.76]
147911000000000.0 473769000000000.0 14640200000.0 1211260000.0 72325.5 7805340.0 0.0 8483240000.0 39683400.0 0.0 0.0 1910420000.0 96876300.0 567990.0 4324.88 -0.74 3.998 [-0.74]
147911000000000.0 455763000000000.0 14228000000.0 1131340000.0 63643.3 6995910.0 0.0 8471620000.0 35431400.0 0.0 0.0 1859240000.0 89796300.0 513105.0 3837.08 -0.72 3.996 [-0.72]
147911000000000.0 438542000000000.0 13831200000.0 1057150000.0 56067.7 6274570.0 0.0 8459740000.0 31654700.0 0.0 0.0 1810040000.0 83281800.0 463927.0 3409.13 -0.7 3.995 [-0.7]
147911000000000.0 422070000000000.0 13449000000.0 988260000.0 49451.0 5631340.0 0.0 8447600000.0 28298400.0 0.0 0.0 1762730000.0 77285900.0 419830.0 3033.2 -0.68 3.993 [-0.68]
147911000000000.0 406310000000000.0 13081000000.0 924274000.0 43665.9 5057380.0 0.0 8435240000.0 25314100.0 0.0 0.0 1717260000.0 71764300.0 380257.0 2702.51 -0.66 3.992 [-0.66]
147911000000000.0 391230000000000.0 12726600000.0 864821000.0 38602.4 4544910.0 0.0 8422650000.0 22658800.0 0.0 0.0 1673550000.0 66677500.0 344715.0 2411.24 -0.64 3.991 [-0.64]
