Cloudy_runs/pg0003/z=0.421923/component_II_PI_nH/component_II_PI_nH_col_density_param.txt
# %ECSV 1.0
# ---
# datatype:
# - {name: H, datatype: float64}
# - {name: H+, datatype: float64}
# - {name: C+, datatype: float64}
# - {name: C+2, datatype: float64}
# - {name: C+3, datatype: float64}
# - {name: N+2, datatype: float64}
# - {name: N+4, datatype: float64}
# - {name: O, datatype: float64}
# - {name: O+2, datatype: float64}
# - {name: O+5, datatype: float64}
# - {name: O+6, datatype: float64}
# - {name: Si+, datatype: float64}
# - {name: Si+2, datatype: float64}
# - {name: Si+3, datatype: float64}
# - {name: Si+4, datatype: float64}
# - {name: log_nH, datatype: float64}
# - {name: log_Te, datatype: float64}
# - {name: parameters, datatype: string, subtype: 'float64[1]'}
# schema: astropy-2.0
H H+ C+ C+2 C+3 N+2 N+4 O O+2 O+5 O+6 Si+ Si+2 Si+3 Si+4 log_nH log_Te parameters
[from data line 68]
147911000000000.0 5.11247e+17 111423000000.0 5030340000000.0 3490310000000.0 969061000000.0 467090000000.0 7190970.0 3476610000000.0 808532000000.0 148359000000.0 2768170000.0 71417400000.0 82419600000.0 670400000000.0 -3.64 4.376 [-3.64]
147911000000000.0 4.85562e+17 114342000000.0 4987700000000.0 3328300000000.0 964510000000.0 423685000000.0 8076960.0 3507550000000.0 708138000000.0 124712000000.0 2990930000.0 76343000000.0 85487900000.0 655561000000.0 -3.62 4.373 [-3.62]
147911000000000.0 4.61196e+17 117176000000.0 4937740000000.0 3168650000000.0 958832000000.0 383753000000.0 9071890.0 3535470000000.0 619486000000.0 104721000000.0 3223700000.0 81411400000.0 88466500000.0 639426000000.0 -3.6 4.37 [-3.6]
147911000000000.0 4.38055e+17 119936000000.0 4880910000000.0 3011510000000.0 952073000000.0 347026000000.0 10190700.0 3560390000000.0 541188000000.0 87819200000.0 3466720000.0 86612500000.0 91330900000.0 622052000000.0 -3.58 4.366 [-3.58]
147911000000000.0 4.16085e+17 122614000000.0 4817560000000.0 2857370000000.0 944272000000.0 313325000000.0 11447900.0 3582210000000.0 472162000000.0 73552200000.0 3719340000.0 91922700000.0 94057500000.0 603532000000.0 -3.56 4.363 [-3.56]
147911000000000.0 3.95234e+17 125185000000.0 4747880000000.0 2706800000000.0 935444000000.0 282490000000.0 12858500.0 3600800000000.0 411448000000.0 61532100000.0 3980160000.0 97306500000.0 96627400000.0 583972000000.0 -3.54 4.36 [-3.54]
147911000000000.0 3.7544e+17 127652000000.0 4672370000000.0 2560020000000.0 925641000000.0 254311000000.0 14441500.0 3616140000000.0 358085000000.0 51412500000.0 4248650000.0 102740000000.0 99015900000.0 563474000000.0 -3.52 4.357 [-3.52]
147911000000000.0 3.56644e+17 130010000000.0 4591440000000.0 2417330000000.0 914899000000.0 228604000000.0 16217200.0 3628140000000.0 311242000000.0 42902300000.0 4523730000.0 108188000000.0 101201000000.0 542146000000.0 -3.5 4.354 [-3.5]
147911000000000.0 3.38795e+17 132253000000.0 4505520000000.0 2279000000000.0 903262000000.0 205193000000.0 18208100.0 3636750000000.0 270174000000.0 35754300000.0 4804250000.0 113618000000.0 103162000000.0 520112000000.0 -3.48 4.35 [-3.48]
147911000000000.0 3.21844e+17 134378000000.0 4415080000000.0 2145240000000.0 890774000000.0 183909000000.0 20438900.0 3641910000000.0 234217000000.0 29757600000.0 5088880000.0 118991000000.0 104879000000.0 497496000000.0 -3.46 4.347 [-3.46]
147911000000000.0 3.05745e+17 136382000000.0 4320580000000.0 2016240000000.0 877485000000.0 164593000000.0 22937300.0 3643570000000.0 202776000000.0 24733000000.0 5376230000.0 124267000000.0 106333000000.0 474432000000.0 -3.44 4.344 [-3.44]
147911000000000.0 2.90454e+17 138262000000.0 4222520000000.0 1892130000000.0 863441000000.0 147091000000.0 25733700.0 3641690000000.0 175318000000.0 20528400000.0 5664780000.0 129407000000.0 107507000000.0 451055000000.0 -3.42 4.341 [-3.42]
147911000000000.0 2.7593e+17 140018000000.0 4121350000000.0 1773020000000.0 848691000000.0 131261000000.0 28861700.0 3636230000000.0 151372000000.0 17014300000.0 5952970000.0 134368000000.0 108388000000.0 427500000000.0 -3.4 4.337 [-3.4]
147911000000000.0 2.62133e+17 141650000000.0 4017550000000.0 1658980000000.0 833288000000.0 116966000000.0 32358000.0 3627140000000.0 130514000000.0 14081300000.0 6239160000.0 139109000000.0 108965000000.0 403906000000.0 -3.38 4.334 [-3.38]
147911000000000.0 2.49028e+17 143157000000.0 3911600000000.0 1550040000000.0 817283000000.0 104078000000.0 36263500.0 3614410000000.0 112372000000.0 11636600000.0 6521750000.0 143591000000.0 109229000000.0 380407000000.0 -3.36 4.331 [-3.36]
147911000000000.0 2.36576e+17 144541000000.0 3803920000000.0 1446210000000.0 800725000000.0 92478500000.0 40622600.0 3598010000000.0 96612500000.0 9601680000.0 6799030000.0 147774000000.0 109177000000.0 357133000000.0 -3.34 4.328 [-3.34]
147911000000000.0 2.24748e+17 145803000000.0 3694960000000.0 1347460000000.0 783671000000.0 82055300000.0 45484300.0 3577930000000.0 82941800000.0 7910280000.0 7069490000.0 151622000000.0 108805000000.0 334211000000.0 -3.32 4.324 [-3.32]
147911000000000.0 2.13512e+17 146947000000.0 3585150000000.0 1253730000000.0 766173000000.0 72704300000.0 50901900.0 3554180000000.0 71099500000.0 6506490000.0 7331650000.0 155103000000.0 108117000000.0 311759000000.0 -3.3 4.321 [-3.3]
147911000000000.0 2.02837e+17 147976000000.0 3474880000000.0 1164940000000.0 748283000000.0 64328800000.0 56933700.0 3526760000000.0 60855900000.0 5343150000.0 7584120000.0 158189000000.0 107119000000.0 289885000000.0 -3.28 4.318 [-3.28]
147911000000000.0 1.92712e+17 148891000000.0 3364700000000.0 1081140000000.0 730088000000.0 56849500000.0 63635200.0 3495780000000.0 52019600000.0 4381740000.0 7825100000.0 160854000000.0 105827000000.0 268718000000.0 -3.26 4.314 [-3.26]
147911000000000.0 1.83078e+17 149699000000.0 3254590000000.0 1001940000000.0 711575000000.0 50161400000.0 71090600.0 3461110000000.0 44386700000.0 3586300000.0 8054590000.0 163081000000.0 104240000000.0 248284000000.0 -3.24 4.311 [-3.24]
147911000000000.0 1.73925e+17 150403000000.0 3145060000000.0 927338000000.0 692826000000.0 44199500000.0 79367900.0 3422860000000.0 37813100000.0 2930190000.0 8271150000.0 164854000000.0 102382000000.0 228688000000.0 -3.22 4.308 [-3.22]
147911000000000.0 1.65231e+17 151007000000.0 3036390000000.0 857200000000.0 673891000000.0 38893300000.0 88548300.0 3381110000000.0 32160700000.0 2389920000.0 8474060000.0 166165000000.0 100271000000.0 209989000000.0 -3.2 4.304 [-3.2]
147911000000000.0 1.56971e+17 151515000000.0 2928860000000.0 791367000000.0 654819000000.0 34178000000.0 98719500.0 3335910000000.0 27307800000.0 1945770000.0 8662780000.0 167012000000.0 97927300000.0 192234000000.0 -3.18 4.301 [-3.18]
147911000000000.0 1.49111e+17 151933000000.0 2822520000000.0 729573000000.0 635622000000.0 29987900000.0 109991000.0 3287230000000.0 23141900000.0 1580800000.0 8837640000.0 167394000000.0 95366200000.0 175435000000.0 -3.16 4.298 [-3.16]
147911000000000.0 1.41659e+17 152263000000.0 2717960000000.0 671867000000.0 616420000000.0 26282500000.0 122437000.0 3235410000000.0 19583100000.0 1282310000.0 8997380000.0 167326000000.0 92627700000.0 159660000000.0 -3.14 4.294 [-3.14]
147911000000000.0 1.34579e+17 152510000000.0 2615180000000.0 617966000000.0 597217000000.0 23005000000.0 136179000.0 3180450000000.0 16542600000.0 1038240000.0 9142620000.0 166818000000.0 89729700000.0 144893000000.0 -3.12 4.291 [-3.12]
147911000000000.0 1.27853e+17 152676000000.0 2514330000000.0 567698000000.0 578054000000.0 20110300000.0 151336000.0 3122460000000.0 13949400000.0 839015000.0 9273520000.0 165883000000.0 86698600000.0 131129000000.0 -3.1 4.288 [-3.1]
147911000000000.0 1.21464e+17 152769000000.0 2415580000000.0 520886000000.0 558975000000.0 17557600000.0 168032000.0 3061600000000.0 11741500000.0 676721000.0 9390700000.0 164548000000.0 83558600000.0 118358000000.0 -3.08 4.284 [-3.08]
147911000000000.0 1.15396e+17 152792000000.0 2319050000000.0 477355000000.0 540018000000.0 15309700000.0 186401000.0 2998020000000.0 9865120000.0 544764000.0 9494710000.0 162835000000.0 80335200000.0 106556000000.0 -3.06 4.281 [-3.06]
147911000000000.0 1.09631e+17 152744000000.0 2224800000000.0 436935000000.0 521211000000.0 13333200000.0 206587000.0 2931860000000.0 8273100000.0 437665000.0 9586050000.0 160767000000.0 77054000000.0 95691400000.0 -3.04 4.277 [-3.04]
147911000000000.0 1.04155e+17 152634000000.0 2132950000000.0 399453000000.0 502591000000.0 11597600000.0 228739000.0 2863320000000.0 6924920000.0 350922000.0 9665720000.0 158377000000.0 73736500000.0 85729900000.0 -3.02 4.274 [-3.02]
147911000000000.0 9.89544e+16 152462000000.0 2043570000000.0 364749000000.0 484191000000.0 10076100000.0 253017000.0 2792590000000.0 5785460000.0 280811000.0 9734500000.0 155693000000.0 70405700000.0 76630000000.0 -3.0 4.271 [-3.0]
147911000000000.0 9.4014e+16 152232000000.0 1956680000000.0 332660000000.0 466037000000.0 8743910000.0 279589000.0 2719860000000.0 4824190000.0 224255000.0 9793320000.0 152747000000.0 67081400000.0 68346100000.0 -2.98 4.267 [-2.98]
147911000000000.0 8.93224e+16 151947000000.0 1872360000000.0 303034000000.0 448157000000.0 7579370000.0 308629000.0 2645370000000.0 4014940000.0 178734000.0 9843110000.0 149570000000.0 63782800000.0 60831300000.0 -2.96 4.264 [-2.96]
147911000000000.0 8.48656e+16 151609000000.0 1790590000000.0 275708000000.0 430571000000.0 6562400000.0 340330000.0 2569280000000.0 3334780000.0 142160000.0 9884950000.0 146191000000.0 60524400000.0 54034000000.0 -2.94 4.26 [-2.94]
147911000000000.0 8.06417e+16 151224000000.0 1711570000000.0 250591000000.0 413340000000.0 5677210000.0 374831000.0 2492050000000.0 2765310000.0 112888000.0 9919390000.0 142653000000.0 57329400000.0 47915000000.0 -2.92 4.257 [-2.92]
147911000000000.0 7.6611e+16 150784000000.0 1634750000000.0 227395000000.0 396359000000.0 4903300000.0 412494000.0 2413250000000.0 2286840000.0 89383000.0 9948410000.0 138946000000.0 54188000000.0 42393900000.0 -2.9 4.254 [-2.9]
147911000000000.0 7.27918e+16 150300000000.0 1560680000000.0 206137000000.0 379770000000.0 4231630000.0 453369000.0 2333760000000.0 1888020000.0 70658800.0 9971910000.0 135136000000.0 51133700000.0 37452700000.0 -2.88 4.25 [-2.88]
147911000000000.0 6.91644e+16 149770000000.0 1489150000000.0 186636000000.0 363545000000.0 3648190000.0 497728000.0 2253570000000.0 1555580000.0 55743300.0 9991060000.0 131237000000.0 48167700000.0 33033500000.0 -2.86 4.247 [-2.86]
147911000000000.0 6.57273e+16 149200000000.0 1420320000000.0 168809000000.0 347735000000.0 3142970000.0 545718000.0 2173150000000.0 1279530000.0 43907600.0 10006400000.0 127284000000.0 45304500000.0 29097500000.0 -2.84 4.243 [-2.84]
147911000000000.0 6.24551e+16 148585000000.0 1353800000000.0 152466000000.0 332273000000.0 2704240000.0 597711000.0 2092270000000.0 1049900000.0 34500000.0 10019200000.0 123275000000.0 42535800000.0 25587200000.0 -2.82 4.24 [-2.82]
147911000000000.0 5.93396e+16 147925000000.0 1289570000000.0 137503000000.0 317166000000.0 2323770000.0 653963000.0 2011150000000.0 859359000.0 27040800.0 10030400000.0 119230000000.0 39867000000.0 22463900000.0 -2.8 4.236 [-2.8]
147911000000000.0 5.63954e+16 147231000000.0 1228070000000.0 123910000000.0 302535000000.0 1996180000.0 714439000.0 1930650000000.0 702473000.0 21172200.0 10039300000.0 115205000000.0 37320300000.0 19705400000.0 -2.78 4.233 [-2.78]
147911000000000.0 5.35919e+16 146493000000.0 1168770000000.0 111498000000.0 288270000000.0 1712640000.0 779645000.0 1850320000000.0 572793000.0 16536600.0 10047700000.0 111179000000.0 34878500000.0 17259900000.0 -2.76 4.23 [-2.76]
147911000000000.0 5.09227e+16 145712000000.0 1111640000000.0 100180000000.0 274379000000.0 1467570000.0 849837000.0 1770370000000.0 465874000.0 12884400.0 10055900000.0 107165000000.0 32543500000.0 15096300000.0 -2.74 4.226 [-2.74]
147911000000000.0 4.83941e+16 144895000000.0 1056910000000.0 89920100000.0 260931000000.0 1256830000.0 925031000.0 1691400000000.0 378255000.0 10024100.0 10063600000.0 103203000000.0 30326600000.0 13192400000.0 -2.72 4.223 [-2.72]
147911000000000.0 4.59925e+16 144039000000.0 1004390000000.0 80610000000.0 247894000000.0 1075410000.0 1005550000.0 1613380000000.0 306456000.0 7783880.0 10071600000.0 99289900000.0 28221200000.0 11516400000.0 -2.7 4.219 [-2.7]
147911000000000.0 4.37116e+16 143145000000.0 954024000000.0 72173600000.0 235265000000.0 919367000.0 1091620000.0 1536480000000.0 247749000.0 6032860.0 10080100000.0 95436400000.0 26226000000.0 10043200000.0 -2.68 4.216 [-2.68]
147911000000000.0 4.15506e+16 142215000000.0 905869000000.0 64555400000.0 223074000000.0 785546000.0 1183290000.0 1461040000000.0 199936000.0 4669340.0 10088900000.0 91661500000.0 24343400000.0 8752310000.0 -2.66 4.213 [-2.66]
147911000000000.0 3.94876e+16 141240000000.0 859500000000.0 57641300000.0 211228000000.0 670191000.0 1281170000.0 1386650000000.0 160863000.0 3603730.0 10099200000.0 87939000000.0 22557500000.0 7616410000.0 -2.64 4.209 [-2.64]
147911000000000.0 3.75382e+16 140234000000.0 815341000000.0 51429000000.0 199841000000.0 571658000.0 1384840000.0 1314180000000.0 129248000.0 2779060.0 10109600000.0 84318200000.0 20882900000.0 6625590000.0 -2.62 4.206 [-2.62]
147911000000000.0 3.56818e+16 139186000000.0 772979000000.0 45818100000.0 188824000000.0 487037000.0 1494880000.0 1243210000000.0 103573000.0 2138220.0 10121200000.0 80771700000.0 19303800000.0 5757370000.0 -2.6 4.203 [-2.6]
147911000000000.0 3.39186e+16 138101000000.0 732473000000.0 40768900000.0 178202000000.0 414583000.0 1611260000.0 1174030000000.0 82813300.0 1642280.0 10133600000.0 77313900000.0 17820900000.0 4998920000.0 -2.58 4.2 [-2.58]
147911000000000.0 3.2244e+16 136978000000.0 693765000000.0 36231800000.0 167969000000.0 352604000.0 1734040000.0 1106750000000.0 66065800.0 1259230.0 10146700000.0 73948000000.0 16430800000.0 4337080000.0 -2.56 4.196 [-2.56]
147911000000000.0 3.06534e+16 135817000000.0 656793000000.0 32160200000.0 158121000000.0 299626000.0 1863260000.0 1041450000000.0 52585600.0 963900.0 10160400000.0 70675500000.0 15129800000.0 3760070000.0 -2.54 4.193 [-2.54]
147911000000000.0 2.91428e+16 134619000000.0 621507000000.0 28512100000.0 148655000000.0 254386000.0 1998870000.0 978236000000.0 41761800.0 736660.0 10174300000.0 67499000000.0 13914100000.0 3257570000.0 -2.52 4.19 [-2.52]
147911000000000.0 2.77077e+16 133383000000.0 587834000000.0 25247000000.0 139561000000.0 215774000.0 2140860000.0 917144000000.0 33088600.0 562074.0 10188500000.0 64417500000.0 12779700000.0 2820210000.0 -2.5 4.187 [-2.5]
147911000000000.0 2.63446e+16 132110000000.0 555727000000.0 22329300000.0 130837000000.0 182854000.0 2289070000.0 858254000000.0 26156400.0 428210.0 10202500000.0 61432700000.0 11723000000.0 2439960000.0 -2.48 4.183 [-2.48]
147911000000000.0 2.50493e+16 130799000000.0 525117000000.0 19724800000.0 122475000000.0 154801000.0 2443380000.0 801595000000.0 20627400.0 325717.0 10216200000.0 58543000000.0 10739800000.0 2109530000.0 -2.46 4.18 [-2.46]
147911000000000.0 2.38164e+16 129449000000.0 495897000000.0 17399700000.0 114457000000.0 130884000.0 2603720000.0 747120000000.0 16223100.0 247289.0 10229300000.0 55742900000.0 9824710000.0 1822270000.0 -2.44 4.177 [-2.44]
147911000000000.0 2.26481e+16 128067000000.0 468152000000.0 15335000000.0 106811000000.0 110585000.0 2769370000.0 695085000000.0 12734700.0 187579.0 10241100000.0 53045800000.0 8978130000.0 1573560000.0 -2.42 4.174 [-2.42]
147911000000000.0 2.15384e+16 126650000000.0 441751000000.0 13499800000.0 99512800000.0 93335800.0 2940200000.0 645388000000.0 9973060.0 142099.0 10251500000.0 50443000000.0 8194160000.0 1357970000.0 -2.4 4.171 [-2.4]
147911000000000.0 2.04868e+16 125201000000.0 416708000000.0 11874100000.0 92572500000.0 78717100.0 3115550000.0 598138000000.0 7795350.0 0.0 10259800000.0 47940100000.0 7470910000.0 1171550000.0 -2.38 4.168 [-2.38]
147911000000000.0 1.94852e+16 123715000000.0 392838000000.0 10429600000.0 85952700000.0 66290700.0 3295430000.0 553126000000.0 6076150.0 0.0 10266200000.0 45521600000.0 6801440000.0 1009830000.0 -2.36 4.165 [-2.36]
147911000000000.0 1.85335e+16 122194000000.0 370161000000.0 9150850000.0 79664200000.0 55760800.0 3479070000.0 510454000000.0 4725020.0 0.0 10270000000.0 43193400000.0 6184220000.0 869937000.0 -2.34 4.162 [-2.34]
147911000000000.0 1.76294e+16 120641000000.0 348628000000.0 8020180000.0 73700900000.0 46846700.0 3665890000.0 470102000000.0 3665750.0 0.0 10270900000.0 40953600000.0 5615980000.0 748986000.0 -2.32 4.159 [-2.32]
147911000000000.0 1.67704e+16 119057000000.0 328194000000.0 7021790000.0 68057200000.0 39309000.0 3855260000.0 432047000000.0 2837390.0 0.0 10268400000.0 38801000000.0 5093640000.0 644489000.0 -2.3 4.156 [-2.3]
147911000000000.0 1.59542e+16 117441000000.0 308808000000.0 6141170000.0 62725400000.0 32941400.0 4046530000.0 396246000000.0 2191130.0 0.0 10262300000.0 36733100000.0 4614140000.0 554246000.0 -2.28 4.153 [-2.28]
