Cloudy_runs/pg0003/z=0.421923/component_II_PI_nH/component_II_PI_nH_col_density_param.txt
# %ECSV 1.0
# ---
# datatype:
# - {name: H, datatype: float64}
# - {name: H+, datatype: float64}
# - {name: C+, datatype: float64}
# - {name: C+2, datatype: float64}
# - {name: C+3, datatype: float64}
# - {name: N+2, datatype: float64}
# - {name: N+4, datatype: float64}
# - {name: O, datatype: float64}
# - {name: O+2, datatype: float64}
# - {name: O+5, datatype: float64}
# - {name: O+6, datatype: float64}
# - {name: Si+, datatype: float64}
# - {name: Si+2, datatype: float64}
# - {name: Si+3, datatype: float64}
# - {name: Si+4, datatype: float64}
# - {name: log_nH, datatype: float64}
# - {name: log_Te, datatype: float64}
# - {name: parameters, datatype: string, subtype: 'float64[1]'}
# schema: astropy-2.0
H H+ C+ C+2 C+3 N+2 N+4 O O+2 O+5 O+6 Si+ Si+2 Si+3 Si+4 log_nH log_Te parameters
147911000000000.0 1.98876e+19 1139870000.0 369358000000.0 3564990000000.0 52139600000.0 6000070000000.0 3423.12 125563000000.0 133432000000000.0 610675000000000.0 122282.0 11521600.0 122821000.0 43013800000.0 -5.0 4.671 [-5.0]
147911000000000.0 1.87399e+19 1271860000.0 401615000000.0 3718530000000.0 56590900000.0 6091080000000.0 3833.22 136732000000.0 131927000000000.0 571038000000000.0 152197.0 13902700.0 142912000.0 47218100000.0 -4.98 4.664 [-4.98]
147911000000000.0 1.76643e+19 1416250000.0 435853000000.0 3872370000000.0 61351400000.0 6174630000000.0 4291.59 148793000000.0 130216000000000.0 533240000000000.0 188886.0 16737100.0 165956000.0 51743800000.0 -4.96 4.657 [-4.96]
147911000000000.0 1.66558e+19 1573940000.0 472123000000.0 4026090000000.0 66440600000.0 6250540000000.0 4804.44 161812000000.0 128308000000000.0 497255000000000.0 233763.0 20103700.0 192331000.0 56606500000.0 -4.94 4.65 [-4.94]
147911000000000.0 1.571e+19 1745960000.0 510486000000.0 4179350000000.0 71878400000.0 6318600000000.0 5378.74 175859000000.0 126207000000000.0 463049000000000.0 288517.0 24094400.0 222462000.0 61822100000.0 -4.92 4.643 [-4.92]
147911000000000.0 1.48225e+19 1933310000.0 550989000000.0 4331730000000.0 77686000000.0 6378670000000.0 6022.33 191007000000.0 123924000000000.0 430583000000000.0 355157.0 28815200.0 256818000.0 67406500000.0 -4.9 4.637 [-4.9]
147911000000000.0 1.39895e+19 2137140000.0 593688000000.0 4482900000000.0 83885500000.0 6430590000000.0 6744.1 207328000000.0 121467000000000.0 399816000000000.0 436068.0 34388600.0 295916000.0 73375100000.0 -4.88 4.631 [-4.88]
147911000000000.0 1.32073e+19 2358610000.0 638631000000.0 4632470000000.0 90499900000.0 6474250000000.0 7554.14 224902000000.0 118845000000000.0 370703000000000.0 534076.0 40955900.0 340328000.0 79743400000.0 -4.86 4.624 [-4.86]
147911000000000.0 1.24725e+19 2598990000.0 685869000000.0 4780110000000.0 97552200000.0 6509520000000.0 8463.45 243803000000.0 116069000000000.0 343196000000000.0 652526.0 48679900.0 390684000.0 86526300000.0 -4.84 4.618 [-4.84]
147911000000000.0 1.1782e+19 2859660000.0 735450000000.0 4925480000000.0 105068000000.0 6536330000000.0 9485.3 264117000000.0 113150000000000.0 317250000000000.0 795357.0 57746900.0 447670000.0 93737500000.0 -4.82 4.613 [-4.82]
147911000000000.0 1.11328e+19 3142030000.0 787418000000.0 5068220000000.0 113072000000.0 6554590000000.0 10633.7 285920000000.0 110098000000000.0 292813000000000.0 967215.0 68371200.0 512044000.0 101391000000.0 -4.8 4.607 [-4.8]
147911000000000.0 1.05222e+19 3447610000.0 841817000000.0 5208040000000.0 121589000000.0 6564240000000.0 11924.6 309292000000.0 106927000000000.0 269832000000000.0 1173560.0 80798200.0 584636000.0 109500000000.0 -4.78 4.601 [-4.78]
147911000000000.0 9.94769e+18 3778000000.0 898686000000.0 5344640000000.0 130643000000.0 6565240000000.0 13375.7 334307000000.0 103648000000000.0 248257000000000.0 1420780.0 95307900.0 666350000.0 118076000000.0 -4.76 4.596 [-4.76]
147911000000000.0 9.40698e+18 4134980000.0 958069000000.0 5477700000000.0 140263000000.0 6557530000000.0 15008.2 361054000000.0 100275000000000.0 228035000000000.0 1716390.0 112220000.0 758160000.0 127130000000.0 -4.74 4.59 [-4.74]
147911000000000.0 8.89776e+18 4520210000.0 1019990000000.0 5606950000000.0 150468000000.0 6541120000000.0 16842.6 389586000000.0 96821500000000.0 209111000000000.0 2069100.0 131897000.0 861151000.0 136671000000.0 -4.72 4.585 [-4.72]
147911000000000.0 8.41806e+18 4935640000.0 1084490000000.0 5732130000000.0 161284000000.0 6516010000000.0 18904.7 419981000000.0 93301100000000.0 191433000000000.0 2489110.0 154755000.0 976477000.0 146707000000.0 -4.7 4.58 [-4.7]
147911000000000.0 7.96598e+18 5383320000.0 1151600000000.0 5852980000000.0 172734000000.0 6482210000000.0 21222.1 452298000000.0 89727800000000.0 174948000000000.0 2988260.0 181260000.0 1105390000.0 157246000000.0 -4.68 4.575 [-4.68]
147911000000000.0 7.53979e+18 5865270000.0 1221320000000.0 5969250000000.0 184839000000.0 6439760000000.0 23825.7 486597000000.0 86116100000000.0 159603000000000.0 3580290.0 211944000.0 1249260000.0 168292000000.0 -4.66 4.57 [-4.66]
147911000000000.0 7.13784e+18 6383650000.0 1293700000000.0 6080720000000.0 197618000000.0 6388730000000.0 26749.3 522924000000.0 82480000000000.0 145346000000000.0 4281100.0 247408000.0 1409540000.0 179847000000.0 -4.64 4.566 [-4.64]
147911000000000.0 6.7586e+18 6940700000.0 1368720000000.0 6187160000000.0 211088000000.0 6329190000000.0 30030.6 561318000000.0 78833900000000.0 132125000000000.0 5109050.0 288327000.0 1587820000.0 191914000000.0 -4.62 4.561 [-4.62]
147911000000000.0 6.40066e+18 7538750000.0 1446410000000.0 6288380000000.0 225261000000.0 6261250000000.0 33711.1 601810000000.0 75191600000000.0 119887000000000.0 6085280.0 335466000.0 1785790000.0 204490000000.0 -4.6 4.556 [-4.6]
147911000000000.0 6.06276e+18 8180530000.0 1526760000000.0 6384180000000.0 240154000000.0 6185070000000.0 37840.0 644437000000.0 71567000000000.0 108584000000000.0 7234150.0 389678000.0 2005230000.0 217571000000.0 -4.58 4.552 [-4.58]
147911000000000.0 5.74355e+18 8867930000.0 1609740000000.0 6474360000000.0 255763000000.0 6100770000000.0 42461.9 689171000000.0 67972900000000.0 98162700000000.0 8583430.0 451926000.0 2248150000.0 231153000000.0 -4.56 4.547 [-4.56]
147911000000000.0 5.44193e+18 9603770000.0 1695340000000.0 6558750000000.0 272096000000.0 6008560000000.0 47635.5 736027000000.0 64422100000000.0 88574500000000.0 10165000.0 523284000.0 2516590000.0 245226000000.0 -4.54 4.543 [-4.54]
147911000000000.0 5.15697e+18 10391200000.0 1783560000000.0 6637170000000.0 289160000000.0 5908670000000.0 53429.9 785025000000.0 60926900000000.0 79773600000000.0 12015500.0 604949000.0 2812680000.0 259776000000.0 -4.52 4.539 [-4.52]
147911000000000.0 4.8876e+18 11232900000.0 1874350000000.0 6709450000000.0 306946000000.0 5801370000000.0 59912.5 836129000000.0 57498400000000.0 71711800000000.0 14176100.0 698261000.0 3138750000.0 274789000000.0 -4.5 4.534 [-4.5]
147911000000000.0 4.63283e+18 12130900000.0 1967620000000.0 6775450000000.0 325431000000.0 5686900000000.0 67152.0 889269000000.0 54147000000000.0 64341300000000.0 16693900.0 804708000.0 3497380000.0 290249000000.0 -4.48 4.53 [-4.48]
147911000000000.0 4.39179e+18 13088000000.0 2063310000000.0 6835030000000.0 344599000000.0 5565610000000.0 75233.1 944400000000.0 50882000000000.0 57617800000000.0 19621900.0 925940000.0 3891160000.0 306134000000.0 -4.46 4.526 [-4.46]
147911000000000.0 4.16371e+18 14107000000.0 2161340000000.0 6888010000000.0 364422000000.0 5437860000000.0 84247.4 1001460000000.0 47712100000000.0 51498200000000.0 23020200.0 1063780000.0 4322840000.0 322419000000.0 -4.44 4.522 [-4.44]
147911000000000.0 3.94782e+18 15190400000.0 2261590000000.0 6934270000000.0 384870000000.0 5304030000000.0 94296.1 1060370000000.0 44644700000000.0 45940500000000.0 26956300.0 1220250000.0 4795340000.0 339076000000.0 -4.42 4.518 [-4.42]
147911000000000.0 3.74339e+18 16341000000.0 2363990000000.0 6973700000000.0 405908000000.0 5164550000000.0 105493.0 1121060000000.0 41685900000000.0 40903800000000.0 31506800.0 1397600000.0 5311740000.0 356076000000.0 -4.4 4.514 [-4.4]
147911000000000.0 3.54983e+18 17560900000.0 2468340000000.0 7006140000000.0 427484000000.0 5019930000000.0 117957.0 1183410000000.0 38841800000000.0 36350500000000.0 36755300.0 1598220000.0 5875120000.0 373378000000.0 -4.38 4.51 [-4.38]
147911000000000.0 3.36649e+18 18852900000.0 2574530000000.0 7031500000000.0 449548000000.0 4870630000000.0 131829.0 1247320000000.0 36116300000000.0 32242900000000.0 42797000.0 1824810000.0 6488820000.0 390945000000.0 -4.36 4.506 [-4.36]
147911000000000.0 3.1928e+18 20219100000.0 2682360000000.0 7049660000000.0 472043000000.0 4717190000000.0 147261.0 1312680000000.0 33512600000000.0 28545700000000.0 49737500.0 2080310000.0 7156250000.0 408734000000.0 -4.34 4.502 [-4.34]
147911000000000.0 3.02822e+18 21661600000.0 2791640000000.0 7060510000000.0 494904000000.0 4560160000000.0 164421.0 1379370000000.0 31032800000000.0 25225300000000.0 57693500.0 2367900000.0 7880970000.0 426698000000.0 -4.32 4.498 [-4.32]
147911000000000.0 2.87222e+18 23181800000.0 2902140000000.0 7063950000000.0 518056000000.0 4400120000000.0 183491.0 1447240000000.0 28678200000000.0 22249600000000.0 66793600.0 2691040000.0 8666690000.0 444786000000.0 -4.3 4.495 [-4.3]
147911000000000.0 2.72437e+18 24782000000.0 3013630000000.0 7059890000000.0 541428000000.0 4237650000000.0 204693.0 1516180000000.0 26449200000000.0 19589100000000.0 77181100.0 3053520000.0 9517010000.0 462943000000.0 -4.28 4.491 [-4.28]
147911000000000.0 2.58422e+18 26463900000.0 3125860000000.0 7048280000000.0 564944000000.0 4073400000000.0 228261.0 1586050000000.0 24345000000000.0 17215500000000.0 89012300.0 3459400000.0 10435700000.0 481111000000.0 -4.26 4.487 [-4.26]
147911000000000.0 2.45135e+18 28228900000.0 3238570000000.0 7029040000000.0 588523000000.0 3907960000000.0 254464.0 1656720000000.0 22364500000000.0 15102500000000.0 102459000.0 3913080000.0 11426600000.0 499227000000.0 -4.24 4.483 [-4.24]
147911000000000.0 2.32539e+18 30077900000.0 3351440000000.0 7002130000000.0 612077000000.0 3741940000000.0 283602.0 1728040000000.0 20505400000000.0 13225600000000.0 117709000.0 4419250000.0 12493400000.0 517226000000.0 -4.22 4.479 [-4.22]
147911000000000.0 2.20596e+18 32011800000.0 3464160000000.0 6967520000000.0 635521000000.0 3575990000000.0 316011.0 1799870000000.0 18765100000000.0 11561900000000.0 134966000.0 4982980000.0 13640000000.0 535040000000.0 -4.2 4.476 [-4.2]
147911000000000.0 2.09271e+18 34031200000.0 3576400000000.0 6925170000000.0 658767000000.0 3410680000000.0 352073.0 1872070000000.0 17140300000000.0 10090200000000.0 154452000.0 5609650000.0 14870100000.0 552596000000.0 -4.18 4.472 [-4.18]
147911000000000.0 1.98535e+18 36135400000.0 3687760000000.0 6875120000000.0 681720000000.0 3246650000000.0 392205.0 1944470000000.0 15627700000000.0 8791330000000.0 176399000.0 6304850000.0 16187100000.0 569819000000.0 -4.16 4.468 [-4.16]
147911000000000.0 1.88353e+18 38325800000.0 3797950000000.0 6817350000000.0 704306000000.0 3084380000000.0 436916.0 2016980000000.0 14222400000000.0 7646830000000.0 201077000.0 7074960000.0 17594800000.0 586638000000.0 -4.14 4.464 [-4.14]
147911000000000.0 1.78697e+18 40601200000.0 3906550000000.0 6751930000000.0 726432000000.0 2924440000000.0 486745.0 2089430000000.0 12920300000000.0 6640550000000.0 228758000.0 7926240000.0 19096500000.0 602973000000.0 -4.12 4.461 [-4.12]
147911000000000.0 1.69541e+18 42960600000.0 4013150000000.0 6678910000000.0 748017000000.0 2767330000000.0 542314.0 2161680000000.0 11716800000000.0 5757540000000.0 259738000.0 8865470000.0 20695200000.0 618745000000.0 -4.1 4.457 [-4.1]
147911000000000.0 1.60858e+18 45402700000.0 4117340000000.0 6598390000000.0 768977000000.0 2613530000000.0 604324.0 2233600000000.0 10607000000000.0 4984170000000.0 294334000.0 9899680000.0 22393600000.0 633873000000.0 -4.08 4.453 [-4.08]
147911000000000.0 1.52621e+18 47927000000.0 4218750000000.0 6510460000000.0 789244000000.0 2463410000000.0 673596.0 2305070000000.0 9585730000000.0 4307920000000.0 332894000.0 11036600000.0 24194500000.0 648280000000.0 -4.06 4.45 [-4.06]
147911000000000.0 1.44813e+18 50528700000.0 4316860000000.0 6415320000000.0 808727000000.0 2317440000000.0 750978.0 2375900000000.0 8648550000000.0 3717980000000.0 375747000.0 12283100000.0 26099400000.0 661881000000.0 -4.04 4.446 [-4.04]
147911000000000.0 1.37409e+18 53206300000.0 4411270000000.0 6313130000000.0 827367000000.0 2175910000000.0 837511.0 2446000000000.0 7790140000000.0 3204110000000.0 423277000.0 13647500000.0 28110000000.0 674600000000.0 -4.02 4.442 [-4.02]
147911000000000.0 1.30387e+18 55957100000.0 4501580000000.0 6204090000000.0 845103000000.0 2039110000000.0 934351.0 2515220000000.0 7005610000000.0 2757300000000.0 475877000.0 15137800000.0 30227200000.0 686358000000.0 -4.0 4.439 [-4.0]
147911000000000.0 1.23729e+18 58777300000.0 4587340000000.0 6088440000000.0 861876000000.0 1907290000000.0 1042800.0 2583440000000.0 6290080000000.0 2369450000000.0 533954000.0 16762100000.0 32451400000.0 697080000000.0 -3.98 4.435 [-3.98]
147911000000000.0 1.17416e+18 61662600000.0 4668140000000.0 5966470000000.0 877632000000.0 1780640000000.0 1164320.0 2650540000000.0 5638820000000.0 2033350000000.0 597929000.0 18528800000.0 34782300000.0 706694000000.0 -3.96 4.431 [-3.96]
147911000000000.0 1.11429e+18 64608300000.0 4743570000000.0 5838470000000.0 892324000000.0 1659300000000.0 1300580.0 2716380000000.0 5047240000000.0 1742560000000.0 668238000.0 20445900000.0 37218700000.0 715131000000.0 -3.94 4.428 [-3.94]
147911000000000.0 1.05752e+18 67609400000.0 4813230000000.0 5704790000000.0 905910000000.0 1543390000000.0 1453460.0 2780850000000.0 4510910000000.0 1491380000000.0 745327000.0 22521800000.0 39758600000.0 722324000000.0 -3.92 4.424 [-3.92]
147911000000000.0 1.00369e+18 70660100000.0 4876750000000.0 5565810000000.0 918355000000.0 1432960000000.0 1625060.0 2843830000000.0 4025590000000.0 1274740000000.0 829646000.0 24764300000.0 42399000000.0 728214000000.0 -3.9 4.421 [-3.9]
147911000000000.0 9.52645e+17 73753900000.0 4933760000000.0 5421900000000.0 929624000000.0 1328040000000.0 1817770.0 2905180000000.0 3587240000000.0 1088180000000.0 921648000.0 27181000000.0 45136000000.0 732742000000.0 -3.88 4.417 [-3.88]
147911000000000.0 9.04234e+17 76884000000.0 4983920000000.0 5273500000000.0 939692000000.0 1228620000000.0 2034300.0 2964810000000.0 3192020000000.0 927744000000.0 1021790000.0 29779100000.0 47964600000.0 735859000000.0 -3.86 4.414 [-3.86]
147911000000000.0 8.58328e+17 80043500000.0 5026980000000.0 5121100000000.0 948543000000.0 1134640000000.0 2277660.0 3022590000000.0 2836330000000.0 789989000000.0 1130510000.0 32565200000.0 50878500000.0 737524000000.0 -3.84 4.41 [-3.84]
147911000000000.0 8.14795e+17 83225000000.0 5062660000000.0 4965180000000.0 956161000000.0 1046040000000.0 2551250.0 3078420000000.0 2516780000000.0 671870000000.0 1248260000.0 35545200000.0 53870300000.0 737700000000.0 -3.82 4.407 [-3.82]
147911000000000.0 7.73512e+17 86420200000.0 5090740000000.0 4806240000000.0 962537000000.0 962719000000.0 2858900.0 3132210000000.0 2230170000000.0 570727000000.0 1375430000.0 38724000000.0 56931500000.0 736361000000.0 -3.8 4.403 [-3.8]
147911000000000.0 7.3436e+17 89620900000.0 5111050000000.0 4644800000000.0 967665000000.0 884535000000.0 3204930.0 3183830000000.0 1973540000000.0 484235000000.0 1512420000.0 42105300000.0 60051800000.0 733483000000.0 -3.78 4.4 [-3.78]
147911000000000.0 6.97226e+17 92817800000.0 5123440000000.0 4481400000000.0 971543000000.0 811345000000.0 3594160.0 3233190000000.0 1744100000000.0 410368000000.0 1659560000.0 45691400000.0 63220100000.0 729054000000.0 -3.76 4.396 [-3.76]
147911000000000.0 6.62004e+17 96002200000.0 5127840000000.0 4316590000000.0 974175000000.0 742986000000.0 4032010.0 3280200000000.0 1539310000000.0 347363000000.0 1817170000.0 49483200000.0 66423400000.0 723072000000.0 -3.74 4.393 [-3.74]
147911000000000.0 6.28615e+17 99161900000.0 5124180000000.0 4151020000000.0 975568000000.0 679321000000.0 4524250.0 3324720000000.0 1356900000000.0 293722000000.0 1985340000.0 53477500000.0 69646800000.0 715549000000.0 -3.72 4.39 [-3.72]
147911000000000.0 5.96923e+17 102295000000.0 5112540000000.0 3985020000000.0 975739000000.0 620076000000.0 5078280.0 3366730000000.0 1194480000000.0 248054000000.0 2164530000.0 57675700000.0 72876000000.0 706488000000.0 -3.7 4.386 [-3.7]
147911000000000.0 5.66858e+17 105388000000.0 5092940000000.0 3819240000000.0 974699000000.0 565098000000.0 5701460.0 3406100000000.0 1050150000000.0 209245000000.0 2354710000.0 62070200000.0 76093500000.0 695919000000.0 -3.68 4.383 [-3.68]
