Cloudy_runs/sbs1108/z=0.463207/component_III_PI_nH/component_III_PI_nH_col_density_param.txt
# %ECSV 1.0
# ---
# datatype:
# - {name: H, datatype: float64}
# - {name: H+, datatype: float64}
# - {name: C+, datatype: float64}
# - {name: C+2, datatype: float64}
# - {name: C+3, datatype: float64}
# - {name: N+2, datatype: float64}
# - {name: N+4, datatype: float64}
# - {name: O, datatype: float64}
# - {name: O+2, datatype: float64}
# - {name: O+5, datatype: float64}
# - {name: O+6, datatype: float64}
# - {name: Si+, datatype: float64}
# - {name: Si+2, datatype: float64}
# - {name: Si+3, datatype: float64}
# - {name: Si+4, datatype: float64}
# - {name: log_nH, datatype: float64}
# - {name: log_Te, datatype: float64}
# - {name: parameters, datatype: string, subtype: 'float64[1]'}
# schema: astropy-2.0
H H+ C+ C+2 C+3 N+2 N+4 O O+2 O+5 O+6 Si+ Si+2 Si+3 Si+4 log_nH log_Te parameters
1.2303e+18 5.94949e+22 165636000000000.0 1.48402e+17 7.53611e+17 1.77497e+16 1.76415e+16 7766990000.0 1.58472e+18 1.39275e+17 4.42147e+17 6892090000000.0 725219000000000.0 7423370000000000.0 8.4713e+16 -5.0 4.343 [-5.0]
1.23034e+18 5.65812e+22 171429000000000.0 1.46549e+17 7.13787e+17 1.7669e+16 1.72245e+16 8248620000.0 1.51584e+18 1.34362e+17 4.09595e+17 7482720000000.0 760225000000000.0 7425980000000000.0 8.09826e+16 -4.98 4.342 [-4.98]
1.23029e+18 5.38077e+22 177346000000000.0 1.44692e+17 6.7581e+17 1.75857e+16 1.68107e+16 8754850000.0 1.44986e+18 1.29475e+17 3.78835e+17 8112920000000.0 796441000000000.0 7423890000000000.0 7.73675e+16 -4.96 4.341 [-4.96]
1.2303e+18 5.11737e+22 183361000000000.0 1.42824e+17 6.39803e+17 1.75073e+16 1.63971e+16 9292210000.0 1.38698e+18 1.24582e+17 3.49898e+17 8782320000000.0 833799000000000.0 7421630000000000.0 7.38863e+16 -4.94 4.34 [-4.94]
1.2303e+18 4.86661e+22 189620000000000.0 1.4096e+17 6.055e+17 1.74277e+16 1.59856e+16 9864320000.0 1.3268e+18 1.19723e+17 3.22638e+17 9507160000000.0 872638000000000.0 7415200000000000.0 7.05187e+16 -4.92 4.34 [-4.92]
1.23032e+18 4.62827e+22 196105000000000.0 1.39104e+17 5.72917e+17 1.73493e+16 1.55749e+16 10471100000.0 1.26933e+18 1.14891e+17 2.97084e+17 10289300000000.0 913035000000000.0 7406120000000000.0 6.72718e+16 -4.9 4.339 [-4.9]
1.2303e+18 4.40154e+22 202771000000000.0 1.37247e+17 5.41943e+17 1.72703e+16 1.51665e+16 11116800000.0 1.21438e+18 1.10109e+17 2.73118e+17 11124800000000.0 954754000000000.0 7393410000000000.0 6.41386e+16 -4.88 4.338 [-4.88]
1.23029e+18 4.18593e+22 209495000000000.0 1.35365e+17 5.1253e+17 1.7192e+16 1.47594e+16 11798300000.0 1.16185e+18 1.05379e+17 2.50738e+17 12003900000000.0 997343000000000.0 7378060000000000.0 6.11176e+16 -4.86 4.337 [-4.86]
1.23049e+18 3.98048e+22 216413000000000.0 1.3346e+17 4.84565e+17 1.71129e+16 1.4354e+16 12525000000.0 1.11153e+18 1.00708e+17 2.29804e+17 12946200000000.0 1041220000000000.0 7359460000000000.0 5.82012e+16 -4.84 4.336 [-4.84]
1.23037e+18 3.78584e+22 223659000000000.0 1.31628e+17 4.58081e+17 1.70354e+16 1.39501e+16 13295800000.0 1.06367e+18 9.61139e+16 2.10337e+17 13958200000000.0 1087010000000000.0 7336710000000000.0 5.54052e+16 -4.82 4.335 [-4.82]
1.23037e+18 3.60025e+22 230987000000000.0 1.29751e+17 4.32913e+17 1.69553e+16 1.35487e+16 14115800000.0 1.01777e+18 9.159e+16 1.92187e+17 15027900000000.0 1133610000000000.0 7310100000000000.0 5.27077e+16 -4.8 4.334 [-4.8]
1.2303e+18 3.42373e+22 238436000000000.0 1.27864e+17 4.09055e+17 1.68741e+16 1.31498e+16 14981300000.0 9.73896e+17 8.71504e+16 1.75321e+17 16158200000000.0 1181170000000000.0 7279570000000000.0 5.01148e+16 -4.78 4.333 [-4.78]
1.23047e+18 3.25574e+22 246031000000000.0 1.2596e+17 3.86423e+17 1.67938e+16 1.27525e+16 15908100000.0 9.31936e+17 8.27989e+16 1.59691e+17 17349800000000.0 1229630000000000.0 7246420000000000.0 4.76198e+16 -4.76 4.331 [-4.76]
1.23044e+18 3.09625e+22 253938000000000.0 1.24107e+17 3.64984e+17 1.67126e+16 1.23578e+16 16891200000.0 8.91893e+17 7.85492e+16 1.45229e+17 18624200000000.0 1279910000000000.0 7208450000000000.0 4.52291e+16 -4.74 4.33 [-4.74]
1.23034e+18 2.94428e+22 261885000000000.0 1.22221e+17 3.4463e+17 1.66272e+16 1.19659e+16 17934000000.0 8.53503e+17 7.44028e+16 1.31865e+17 19954600000000.0 1330530000000000.0 7165110000000000.0 4.29287e+16 -4.72 4.329 [-4.72]
1.23029e+18 2.7998e+22 269997000000000.0 1.20329e+17 3.25353e+17 1.65412e+16 1.15778e+16 19044300000.0 8.16786e+17 7.03687e+16 1.19549e+17 21354700000000.0 1381980000000000.0 7118040000000000.0 4.07219e+16 -4.7 4.328 [-4.7]
1.23043e+18 2.66249e+22 278312000000000.0 1.18455e+17 3.07126e+17 1.64566e+16 1.11922e+16 20235300000.0 7.81759e+17 6.64462e+16 1.08207e+17 22828500000000.0 1434430000000000.0 7068160000000000.0 3.86099e+16 -4.68 4.327 [-4.68]
1.23037e+18 2.5318e+22 286736000000000.0 1.16576e+17 2.89834e+17 1.6367e+16 1.08106e+16 21495800000.0 7.48172e+17 6.26466e+16 9.7786e+16 24367000000000.0 1487330000000000.0 7011990000000000.0 3.65836e+16 -4.66 4.325 [-4.66]
1.23049e+18 2.40776e+22 295435000000000.0 1.14732e+17 2.73513e+17 1.6279e+16 1.0433e+16 22846900000.0 7.16188e+17 5.89698e+16 8.82239e+16 25996300000000.0 1541570000000000.0 6952890000000000.0 3.46507e+16 -4.64 4.324 [-4.64]
1.23027e+18 2.2895e+22 304084000000000.0 1.12845e+17 2.58012e+17 1.61848e+16 1.00602e+16 24280700000.0 6.85418e+17 5.54227e+16 7.94745e+16 27667900000000.0 1595120000000000.0 6887280000000000.0 3.27932e+16 -4.62 4.323 [-4.62]
1.23033e+18 2.17701e+22 312851000000000.0 1.1096e+17 2.43364e+17 1.60899e+16 9690940000000000.0 25818100000.0 6.56013e+17 5.2002e+16 7.14771e+16 29399500000000.0 1648730000000000.0 6818200000000000.0 3.10183e+16 -4.6 4.322 [-4.6]
1.23035e+18 2.06987e+22 321695000000000.0 1.09063e+17 2.29482e+17 1.59906e+16 9327120000000000.0 27458900000.0 6.27792e+17 4.87148e+16 6.41812e+16 31194700000000.0 1702210000000000.0 6743510000000000.0 2.93187e+16 -4.58 4.32 [-4.58]
1.23046e+18 1.96835e+22 330797000000000.0 1.07211e+17 2.1639e+17 1.58921e+16 8969310000000000.0 29226800000.0 6.00924e+17 4.55677e+16 5.75521e+16 33069700000000.0 1756460000000000.0 6665360000000000.0 2.77031e+16 -4.56 4.319 [-4.56]
1.23039e+18 1.87134e+22 339793000000000.0 1.05322e+17 2.03961e+17 1.57849e+16 8615660000000000.0 31096200000.0 5.75041e+17 4.25482e+16 5.15108e+16 34983300000000.0 1809450000000000.0 6579850000000000.0 2.61547e+16 -4.54 4.317 [-4.54]
1.23031e+18 1.77912e+22 348940000000000.0 1.03443e+17 1.92206e+17 1.56752e+16 8268070000000000.0 33110300000.0 5.50267e+17 3.96654e+16 4.60327e+16 36954900000000.0 1862100000000000.0 6489620000000000.0 2.46787e+16 -4.52 4.316 [-4.52]
1.2305e+18 1.6918e+22 358324000000000.0 1.01603e+17 1.81162e+17 1.55699e+16 7926900000000000.0 35293500000.0 5.26733e+17 3.69171e+16 4.10732e+16 38992200000000.0 1914770000000000.0 6398210000000000.0 2.32802e+16 -4.5 4.314 [-4.5]
1.23036e+18 1.60877e+22 367692000000000.0 9.97755e+16 1.70729e+17 1.54606e+16 7591890000000000.0 37612500000.0 5.04222e+17 3.43035e+16 3.65885e+16 41057600000000.0 1966230000000000.0 6301540000000000.0 2.19511e+16 -4.48 4.313 [-4.48]
1.2303e+18 1.52946e+22 377015000000000.0 9.79141e+16 1.60816e+17 1.53418e+16 7263530000000000.0 40100900000.0 4.82492e+17 3.18239e+16 3.25424e+16 43163200000000.0 2016040000000000.0 6197670000000000.0 2.06795e+16 -4.46 4.311 [-4.46]
1.23049e+18 1.45421e+22 386396000000000.0 9.60712e+16 1.5149e+17 1.52245e+16 6942330000000000.0 42798700000.0 4.61776e+17 2.94758e+16 2.88993e+16 45288500000000.0 2064370000000000.0 6091950000000000.0 1.94746e+16 -4.44 4.31 [-4.44]
1.23036e+18 1.38271e+22 395771000000000.0 9.42467e+16 1.42692e+17 1.51034e+16 6628000000000000.0 45672400000.0 4.41979e+17 2.72568e+16 2.56232e+16 47432400000000.0 2111080000000000.0 5981630000000000.0 1.83336e+16 -4.42 4.308 [-4.42]
1.23029e+18 1.31467e+22 405313000000000.0 9.24269e+16 1.34353e+17 1.49765e+16 6321250000000000.0 48786500000.0 4.22965e+17 2.51652e+16 2.26866e+16 49621300000000.0 2156570000000000.0 5865460000000000.0 1.7249e+16 -4.4 4.306 [-4.4]
1.23049e+18 1.25005e+22 414932000000000.0 9.06259e+16 1.26496e+17 1.4848e+16 6022260000000000.0 52164900000.0 4.04802e+17 2.31975e+16 2.00549e+16 51836600000000.0 2200500000000000.0 5746500000000000.0 1.6223e+16 -4.38 4.305 [-4.38]
1.23035e+18 1.18847e+22 424236000000000.0 8.8806e+16 1.1908e+17 1.47143e+16 5730680000000000.0 55766500000.0 3.87371e+17 2.1349e+16 1.77011e+16 53981400000000.0 2240200000000000.0 5623870000000000.0 1.52505e+16 -4.36 4.303 [-4.36]
1.23032e+18 1.13014e+22 434004000000000.0 8.70417e+16 1.1208e+17 1.45786e+16 5447540000000000.0 59686200000.0 3.70753e+17 1.96185e+16 1.56012e+16 56227800000000.0 2280460000000000.0 5497170000000000.0 1.43343e+16 -4.34 4.301 [-4.34]
1.23036e+18 1.07428e+22 443219000000000.0 8.52193e+16 1.05437e+17 1.44309e+16 5172680000000000.0 63878200000.0 3.5464e+17 1.80003e+16 1.373e+16 58374700000000.0 2315140000000000.0 5364720000000000.0 1.3462e+16 -4.32 4.299 [-4.32]
1.23028e+18 1.02144e+22 452775000000000.0 8.34496e+16 9.91972e+16 1.4286e+16 4905780000000000.0 68443000000.0 3.39355e+17 1.64895e+16 1.20664e+16 60529200000000.0 2348370000000000.0 5231810000000000.0 1.26434e+16 -4.3 4.297 [-4.3]
1.23044e+18 9.7126e+21 462282000000000.0 8.16994e+16 9.33191e+16 1.41376e+16 4647510000000000.0 73375300000.0 3.24743e+17 1.50834e+16 1.0589e+16 62674000000000.0 2379120000000000.0 5096750000000000.0 1.1873e+16 -4.28 4.296 [-4.28]
1.23031e+18 9.23069e+21 471337000000000.0 7.98912e+16 8.77093e+16 1.39724e+16 4398090000000000.0 78652600000.0 3.10488e+17 1.37776e+16 9279580000000000.0 64733200000000.0 2404550000000000.0 4953800000000000.0 1.11396e+16 -4.26 4.294 [-4.26]
1.23028e+18 8.77553e+21 480535000000000.0 7.81342e+16 8.24527e+16 1.38103e+16 4157350000000000.0 84360700000.0 2.96985e+17 1.25662e+16 8121460000000000.0 66762000000000.0 2427700000000000.0 4811950000000000.0 1.04545e+16 -4.24 4.292 [-4.24]
1.23027e+18 8.34396e+21 489814000000000.0 7.64092e+16 7.75099e+16 1.36472e+16 3925130000000000.0 90563400000.0 2.84121e+17 1.14448e+16 7098500000000000.0 68756200000000.0 2448290000000000.0 4669880000000000.0 9812570000000000.0 -4.22 4.29 [-4.22]
1.23033e+18 7.93224e+21 498962000000000.0 7.46743e+16 7.28247e+16 1.34748e+16 3702140000000000.0 97261100000.0 2.71697e+17 1.04097e+16 6196610000000000.0 70693400000000.0 2465030000000000.0 4524170000000000.0 9207680000000000.0 -4.2 4.288 [-4.2]
1.23029e+18 7.542e+21 508143000000000.0 7.29739e+16 6.84239e+16 1.3303e+16 3486930000000000.0 104525000000.0 2.59895e+17 9453970000000000.0 5402160000000000.0 72557000000000.0 2478560000000000.0 4379850000000000.0 8642200000000000.0 -4.18 4.286 [-4.18]
1.2305e+18 7.17118e+21 517235000000000.0 7.12916e+16 6.42771e+16 1.31274e+16 3280450000000000.0 112413000000.0 2.48601e+17 8573730000000000.0 4703020000000000.0 74367600000000.0 2489010000000000.0 4235420000000000.0 8112670000000000.0 -4.16 4.284 [-4.16]
1.23029e+18 6.81831e+21 526188000000000.0 6.96133e+16 6.03615e+16 1.29463e+16 3082780000000000.0 120872000000.0 2.37758e+17 7765380000000000.0 4090110000000000.0 76068300000000.0 2495180000000000.0 4090270000000000.0 7616340000000000.0 -4.14 4.283 [-4.14]
1.23048e+18 6.48283e+21 535096000000000.0 6.79521e+16 5.66709e+16 1.27618e+16 2893310000000000.0 130126000000.0 2.27384e+17 7023270000000000.0 3552300000000000.0 77695500000000.0 2497950000000000.0 3946000000000000.0 7151970000000000.0 -4.12 4.28 [-4.12]
1.23042e+18 6.1641e+21 543966000000000.0 6.63095e+16 5.31894e+16 1.25733e+16 2712300000000000.0 140089000000.0 2.17454e+17 6344030000000000.0 3081830000000000.0 79249400000000.0 2497650000000000.0 3802100000000000.0 6718040000000000.0 -4.1 4.279 [-4.1]
1.23045e+18 5.86077e+21 552614000000000.0 6.46758e+16 4.99059e+16 1.23801e+16 2539640000000000.0 150882000000.0 2.07929e+17 5723430000000000.0 2670650000000000.0 80689500000000.0 2493300000000000.0 3659280000000000.0 6312380000000000.0 -4.08 4.276 [-4.08]
1.23044e+18 5.57232e+21 561138000000000.0 6.30568e+16 4.68102e+16 1.21828e+16 2375230000000000.0 162574000000.0 1.98804e+17 5157220000000000.0 2311630000000000.0 82034100000000.0 2485520000000000.0 3517860000000000.0 5933580000000000.0 -4.06 4.274 [-4.06]
1.23033e+18 5.29781e+21 569534000000000.0 6.14482e+16 4.38889e+16 1.19809e+16 2218960000000000.0 175218000000.0 1.90045e+17 4641110000000000.0 1998790000000000.0 83274900000000.0 2474150000000000.0 3377840000000000.0 5579580000000000.0 -4.04 4.272 [-4.04]
1.23029e+18 5.03742e+21 577989000000000.0 5.98689e+16 4.11375e+16 1.17771e+16 2070250000000000.0 188961000000.0 1.81691e+17 4171360000000000.0 1726400000000000.0 84449700000000.0 2460530000000000.0 3240240000000000.0 5250180000000000.0 -4.02 4.27 [-4.02]
1.23031e+18 4.78952e+21 586138000000000.0 5.82987e+16 3.85466e+16 1.15695e+16 1929190000000000.0 203802000000.0 1.73678e+17 3744650000000000.0 1489540000000000.0 85503400000000.0 2443260000000000.0 3105470000000000.0 4942480000000000.0 -4.0 4.268 [-4.0]
1.2304e+18 4.55408e+21 594229000000000.0 5.67505e+16 3.61046e+16 1.1359e+16 1795710000000000.0 219971000000.0 1.66012e+17 3358020000000000.0 1283910000000000.0 86473100000000.0 2423380000000000.0 2973230000000000.0 4655930000000000.0 -3.98 4.266 [-3.98]
1.23035e+18 4.32984e+21 602103000000000.0 5.52139e+16 3.38026e+16 1.11449e+16 1669260000000000.0 237401000000.0 1.5866e+17 3007680000000000.0 1105480000000000.0 87325900000000.0 2400330000000000.0 2844010000000000.0 4388270000000000.0 -3.96 4.264 [-3.96]
1.23037e+18 4.11674e+21 609757000000000.0 5.36977e+16 3.16361e+16 1.09283e+16 1549940000000000.0 256296000000.0 1.51626e+17 2690610000000000.0 950684000000000.0 88095300000000.0 2375010000000000.0 2718140000000000.0 4138860000000000.0 -3.94 4.262 [-3.94]
1.23038e+18 3.91423e+21 617413000000000.0 5.22027e+16 2.95954e+16 1.071e+16 1437180000000000.0 276843000000.0 1.449e+17 2404280000000000.0 816885000000000.0 88773200000000.0 2347370000000000.0 2595870000000000.0 3906090000000000.0 -3.92 4.26 [-3.92]
1.23035e+18 3.7218e+21 624742000000000.0 5.07252e+16 2.76762e+16 1.04887e+16 1331550000000000.0 298957000000.0 1.38452e+17 2146540000000000.0 701245000000000.0 89359400000000.0 2317500000000000.0 2476880000000000.0 3689190000000000.0 -3.9 4.257 [-3.9]
1.23041e+18 3.5388e+21 632007000000000.0 4.92697e+16 2.5869e+16 1.02663e+16 1231760000000000.0 323083000000.0 1.32291e+17 1913950000000000.0 601332000000000.0 89868100000000.0 2285840000000000.0 2362050000000000.0 3486330000000000.0 -3.88 4.255 [-3.88]
1.23053e+18 3.36506e+21 639212000000000.0 4.78387e+16 2.41683e+16 1.00425e+16 1138280000000000.0 349284000000.0 1.26399e+17 1704800000000000.0 515082000000000.0 90314200000000.0 2252760000000000.0 2250720000000000.0 3297110000000000.0 -3.86 4.253 [-3.86]
1.23033e+18 3.19906e+21 645785000000000.0 4.64121e+16 2.25683e+16 9815020000000000.0 1050600000000000.0 377391000000.0 1.20729e+17 1516880000000000.0 440710000000000.0 90620400000000.0 2216780000000000.0 2143420000000000.0 3119490000000000.0 -3.84 4.251 [-3.84]
1.2304e+18 3.04139e+21 652489000000000.0 4.50125e+16 2.10615e+16 9587160000000000.0 968175000000000.0 408111000000.0 1.15309e+17 1347550000000000.0 376557000000000.0 90885700000000.0 2180000000000000.0 2040020000000000.0 2953000000000000.0 -3.82 4.249 [-3.82]
1.23049e+18 2.89137e+21 658810000000000.0 4.36302e+16 1.9647e+16 9358060000000000.0 891435000000000.0 441443000000.0 1.10116e+17 1196520000000000.0 321536000000000.0 91059500000000.0 2141460000000000.0 1940840000000000.0 2796910000000000.0 -3.8 4.247 [-3.8]
1.23029e+18 2.74906e+21 665065000000000.0 4.22774e+16 1.83178e+16 9129190000000000.0 819794000000000.0 477439000000.0 1.05163e+17 1061260000000000.0 274248000000000.0 91192100000000.0 2102580000000000.0 1845480000000000.0 2650740000000000.0 -3.78 4.244 [-3.78]
1.23051e+18 2.61373e+21 670936000000000.0 4.09446e+16 1.70731e+16 8900720000000000.0 753063000000000.0 516692000000.0 1.00422e+17 940319000000000.0 233647000000000.0 91254300000000.0 2062460000000000.0 1754890000000000.0 2512920000000000.0 -3.76 4.242 [-3.76]
1.23029e+18 2.48505e+21 676736000000000.0 3.96369e+16 1.59012e+16 8671720000000000.0 690876000000000.0 558983000000.0 9.58891e+16 831808000000000.0 198776000000000.0 91276200000000.0 2022140000000000.0 1667620000000000.0 2383350000000000.0 -3.74 4.24 [-3.74]
1.23028e+18 2.3622e+21 682229000000000.0 3.8343e+16 1.48002e+16 8441970000000000.0 632905000000000.0 605066000000.0 9.15317e+16 734876000000000.0 168950000000000.0 91215700000000.0 1980360000000000.0 1584600000000000.0 2260360000000000.0 -3.72 4.238 [-3.72]
1.23033e+18 2.24572e+21 687562000000000.0 3.70794e+16 1.37692e+16 8213910000000000.0 579194000000000.0 655081000000.0 8.73778e+16 648626000000000.0 143402000000000.0 91138400000000.0 1938880000000000.0 1505430000000000.0 2144380000000000.0 -3.7 4.235 [-3.7]
