Cloudy_runs/sbs1108/z=0.463207/component_III_PI_nH/component_III_PI_nH_col_density_param.txt
# %ECSV 1.0
# ---
# datatype:
# - {name: H, datatype: float64}
# - {name: H+, datatype: float64}
# - {name: C+, datatype: float64}
# - {name: C+2, datatype: float64}
# - {name: C+3, datatype: float64}
# - {name: N+2, datatype: float64}
# - {name: N+4, datatype: float64}
# - {name: O, datatype: float64}
# - {name: O+2, datatype: float64}
# - {name: O+5, datatype: float64}
# - {name: O+6, datatype: float64}
# - {name: Si+, datatype: float64}
# - {name: Si+2, datatype: float64}
# - {name: Si+3, datatype: float64}
# - {name: Si+4, datatype: float64}
# - {name: log_nH, datatype: float64}
# - {name: log_Te, datatype: float64}
# - {name: parameters, datatype: string, subtype: 'float64[1]'}
# schema: astropy-2.0
H H+ C+ C+2 C+3 N+2 N+4 O O+2 O+5 O+6 Si+ Si+2 Si+3 Si+4 log_nH log_Te parameters
[from data line 67]
1.23045e+18 2.02974e+21 697337000000000.0 3.46239e+16 1.19e+16 7761020000000000.0 483374000000000.0 768175000000.0 7.96043e+16 504034000000000.0 102997000000000.0 90846300000000.0 1854730000000000.0 1358830000000000.0 1930190000000000.0 -3.66 4.231 [-3.66]
1.23041e+18 1.92984e+21 702009000000000.0 3.34377e+16 1.1053e+16 7537020000000000.0 440932000000000.0 831728000000.0 7.59772e+16 443751000000000.0 87150400000000.0 90677400000000.0 1813340000000000.0 1290620000000000.0 1831130000000000.0 -3.64 4.229 [-3.64]
1.23027e+18 1.83452e+21 706275000000000.0 3.22695e+16 1.02598e+16 7313540000000000.0 401781000000000.0 900683000000.0 7.24944e+16 390322000000000.0 73670200000000.0 90445000000000.0 1771160000000000.0 1226020000000000.0 1736530000000000.0 -3.62 4.226 [-3.62]
1.23032e+18 1.74363e+21 710218000000000.0 3.11231e+16 9516260000000000.0 7091360000000000.0 365616000000000.0 975788000000.0 6.91569e+16 342926000000000.0 62174800000000.0 90189400000000.0 1728980000000000.0 1164940000000000.0 1645810000000000.0 -3.6 4.224 [-3.6]
1.23027e+18 1.65762e+21 714022000000000.0 3.00091e+16 8823760000000000.0 6872500000000000.0 332588000000000.0 1057090000000.0 6.59802e+16 301097000000000.0 52422300000000.0 89936700000000.0 1687750000000000.0 1106760000000000.0 1559650000000000.0 -3.58 4.222 [-3.58]
1.23035e+18 1.57552e+21 717495000000000.0 2.89156e+16 8175170000000000.0 6655220000000000.0 302120000000000.0 1145330000000.0 6.2931e+16 264072000000000.0 44149300000000.0 89650000000000.0 1646340000000000.0 1051920000000000.0 1476630000000000.0 -3.56 4.22 [-3.56]
1.2303e+18 1.49763e+21 720868000000000.0 2.78517e+16 7569810000000000.0 6441100000000000.0 274228000000000.0 1241150000000.0 6.00245e+16 231394000000000.0 37145400000000.0 89373700000000.0 1605930000000000.0 999693000000000.0 1397240000000000.0 -3.54 4.217 [-3.54]
1.23047e+18 1.42344e+21 723843000000000.0 2.68108e+16 7005130000000000.0 6229310000000000.0 248680000000000.0 1345340000000.0 5.72375e+16 202622000000000.0 31223700000000.0 89072300000000.0 1565410000000000.0 950535000000000.0 1320840000000000.0 -3.52 4.215 [-3.52]
1.23044e+18 1.35296e+21 726612000000000.0 2.57974e+16 6478690000000000.0 6020690000000000.0 225322000000000.0 1457760000000.0 5.45754e+16 177241000000000.0 26210500000000.0 88762200000000.0 1525620000000000.0 903775000000000.0 1247590000000000.0 -3.5 4.213 [-3.5]
1.23037e+18 1.28595e+21 729125000000000.0 2.48109e+16 5987840000000000.0 5815600000000000.0 203934000000000.0 1579730000000.0 5.20343e+16 154888000000000.0 21979500000000.0 88455300000000.0 1486490000000000.0 859663000000000.0 1176970000000000.0 -3.48 4.211 [-3.48]
1.23029e+18 1.22219e+21 731375000000000.0 2.38494e+16 5530960000000000.0 5613470000000000.0 184451000000000.0 1711680000000.0 4.95999e+16 135258000000000.0 18414200000000.0 88131700000000.0 1447800000000000.0 817709000000000.0 1109150000000000.0 -3.46 4.208 [-3.46]
1.23046e+18 1.16176e+21 733469000000000.0 2.29182e+16 5106080000000000.0 5415740000000000.0 166685000000000.0 1855250000000.0 4.72812e+16 118001000000000.0 15410000000000.0 87832100000000.0 1410000000000000.0 778009000000000.0 1044020000000000.0 -3.44 4.206 [-3.44]
1.23051e+18 1.10403e+21 735226000000000.0 2.20078e+16 4709970000000000.0 5220610000000000.0 150463000000000.0 2010860000000.0 4.50534e+16 102849000000000.0 12884200000000.0 87514800000000.0 1372240000000000.0 740437000000000.0 981081000000000.0 -3.42 4.204 [-3.42]
1.23042e+18 1.04916e+21 736645000000000.0 2.11234e+16 4342310000000000.0 5029280000000000.0 135717000000000.0 2178170000000.0 4.29234e+16 89564300000000.0 10761400000000.0 87179900000000.0 1335120000000000.0 704715000000000.0 920626000000000.0 -3.4 4.201 [-3.4]
1.23035e+18 9.97168e+20 737956000000000.0 2.02691e+16 4001110000000000.0 4842730000000000.0 122319000000000.0 2359330000000.0 4.08958e+16 77923900000000.0 8979350000000.0 86869600000000.0 1298950000000000.0 670779000000000.0 862683000000000.0 -3.38 4.199 [-3.38]
1.23047e+18 9.47707e+20 738932000000000.0 1.94392e+16 3684960000000000.0 4659970000000000.0 110162000000000.0 2555370000000.0 3.89546e+16 67734700000000.0 7484570000000.0 86545300000000.0 1263200000000000.0 638520000000000.0 807107000000000.0 -3.36 4.197 [-3.36]
1.23034e+18 9.00616e+20 739542000000000.0 1.86336e+16 3391500000000000.0 4481150000000000.0 99116500000000.0 2766150000000.0 3.70976e+16 58817400000000.0 6231040000000.0 86215700000000.0 1227810000000000.0 607940000000000.0 753713000000000.0 -3.34 4.194 [-3.34]
1.23028e+18 8.55904e+20 740017000000000.0 1.78544e+16 3119810000000000.0 4306810000000000.0 89104800000000.0 2994640000000.0 3.53249e+16 51021900000000.0 5181580000000.0 85894500000000.0 1193120000000000.0 578825000000000.0 702615000000000.0 -3.32 4.192 [-3.32]
1.23048e+18 8.13384e+20 740483000000000.0 1.71005e+16 2867380000000000.0 4136660000000000.0 80026600000000.0 3244190000000.0 3.36299e+16 44217600000000.0 4304840000000.0 85598800000000.0 1159040000000000.0 550988000000000.0 653681000000000.0 -3.3 4.19 [-3.3]
1.23039e+18 7.72947e+20 740495000000000.0 1.63707e+16 2634020000000000.0 3970750000000000.0 71820100000000.0 3510380000000.0 3.20092e+16 38289000000000.0 3573050000000.0 85281300000000.0 1125400000000000.0 524489000000000.0 606965000000000.0 -3.28 4.188 [-3.28]
1.23028e+18 7.34402e+20 740243000000000.0 1.56636e+16 2417400000000000.0 3808730000000000.0 64376900000000.0 3796800000000.0 3.04564e+16 33104500000000.0 2960670000000.0 84965800000000.0 1092220000000000.0 499108000000000.0 562305000000000.0 -3.26 4.185 [-3.26]
1.23048e+18 6.9789e+20 740040000000000.0 1.49831e+16 2217530000000000.0 3651630000000000.0 57671600000000.0 4109140000000.0 2.89765e+16 28604300000000.0 2451910000000.0 84673200000000.0 1059720000000000.0 474819000000000.0 520007000000000.0 -3.24 4.183 [-3.24]
1.23029e+18 6.6304e+20 739369000000000.0 1.43234e+16 2032150000000000.0 3498230000000000.0 51604300000000.0 4440480000000.0 2.75568e+16 24680400000000.0 2027320000000.0 84358700000000.0 1027610000000000.0 451498000000000.0 479688000000000.0 -3.22 4.181 [-3.22]
1.2305e+18 6.30034e+20 738731000000000.0 1.36893e+16 1861570000000000.0 3349790000000000.0 46147500000000.0 4801960000000.0 2.62042e+16 21276600000000.0 1674720000000.0 84070000000000.0 996081000000000.0 429191000000000.0 441706000000000.0 -3.2 4.179 [-3.2]
1.23036e+18 5.98612e+20 737638000000000.0 1.30769e+16 1704040000000000.0 3205430000000000.0 41233700000000.0 5184620000000.0 2.4909e+16 18326500000000.0 1382400000000.0 83759900000000.0 964911000000000.0 407808000000000.0 405824000000000.0 -3.18 4.176 [-3.18]
1.23029e+18 5.68739e+20 736428000000000.0 1.24866e+16 1558830000000000.0 3065410000000000.0 36808700000000.0 5596760000000.0 2.3671e+16 15762300000000.0 1139060000000.0 83451600000000.0 934225000000000.0 387268000000000.0 372043000000000.0 -3.16 4.174 [-3.16]
1.23042e+18 5.40365e+20 735096000000000.0 1.19187e+16 1424820000000000.0 2929770000000000.0 32830000000000.0 6040450000000.0 2.24881e+16 13543400000000.0 937808000000.0 83158400000000.0 904088000000000.0 367509000000000.0 340327000000000.0 -3.14 4.172 [-3.14]
1.23031e+18 5.13365e+20 733471000000000.0 1.13712e+16 1301530000000000.0 2798230000000000.0 29257000000000.0 6512160000000.0 2.13562e+16 11622000000000.0 770926000000.0 82846200000000.0 874306000000000.0 348548000000000.0 310639000000000.0 -3.12 4.17 [-3.12]
1.23044e+18 4.87743e+20 731787000000000.0 1.08455e+16 1187960000000000.0 2671130000000000.0 26050000000000.0 7019260000000.0 2.02759e+16 9961570000000.0 633059000000.0 82548900000000.0 845165000000000.0 330281000000000.0 282918000000000.0 -3.1 4.167 [-3.1]
1.23031e+18 4.63319e+20 729742000000000.0 1.03383e+16 1083450000000000.0 2547810000000000.0 23172400000000.0 7555500000000.0 1.92399e+16 8527600000000.0 519193000000.0 82232800000000.0 816254000000000.0 312758000000000.0 257099000000000.0 -3.08 4.165 [-3.08]
1.23034e+18 4.39989e+20 727413000000000.0 9848500000000000.0 987016000000000.0 2427970000000000.0 20584200000000.0 8126470000000.0 1.82446e+16 7284980000000.0 424705000000.0 81910700000000.0 787717000000000.0 295845000000000.0 232989000000000.0 -3.06 4.163 [-3.06]
1.23028e+18 4.17989e+20 725070000000000.0 9381580000000000.0 899050000000000.0 2313160000000000.0 18281400000000.0 8734870000000.0 1.73008e+16 6221190000000.0 347463000000.0 81596900000000.0 759865000000000.0 279699000000000.0 210869000000000.0 -3.04 4.161 [-3.04]
1.2304e+18 3.97069e+20 722511000000000.0 8933150000000000.0 818243000000000.0 2202290000000000.0 16218700000000.0 9382230000000.0 1.63984e+16 5303190000000.0 283707000000.0 81292300000000.0 732503000000000.0 264199000000000.0 190420000000000.0 -3.02 4.159 [-3.02]
1.23031e+18 3.7724e+20 719905000000000.0 8503910000000000.0 744222000000000.0 2095580000000000.0 14380200000000.0 10065600000000.0 1.55379e+16 4517410000000.0 231564000000.0 80977900000000.0 705747000000000.0 249304000000000.0 171674000000000.0 -3.0 4.156 [-3.0]
1.23029e+18 3.58517e+20 717085000000000.0 8094910000000000.0 676857000000000.0 1993420000000000.0 12744800000000.0 10784500000000.0 1.4721e+16 3844470000000.0 188833000000.0 80665800000000.0 679683000000000.0 235130000000000.0 154562000000000.0 -2.98 4.154 [-2.98]
1.23042e+18 3.40642e+20 714038000000000.0 7701030000000000.0 614792000000000.0 1894470000000000.0 11283700000000.0 11546000000000.0 1.39363e+16 3268020000000.0 153871000000.0 80356800000000.0 654026000000000.0 221469000000000.0 138823000000000.0 -2.96 4.152 [-2.96]
1.23032e+18 3.23581e+20 710800000000000.0 7321900000000000.0 557785000000000.0 1798840000000000.0 9974270000000.0 12343100000000.0 1.3184e+16 2770550000000.0 125008000000.0 80027400000000.0 628802000000000.0 208357000000000.0 124385000000000.0 -2.94 4.15 [-2.94]
1.2305e+18 3.07411e+20 707453000000000.0 6959580000000000.0 505792000000000.0 1706990000000000.0 8812360000000.0 13187400000000.0 1.24667e+16 2347150000000.0 101515000000.0 79714200000000.0 604176000000000.0 195836000000000.0 111278000000000.0 -2.92 4.148 [-2.92]
1.23037e+18 2.92116e+20 703887000000000.0 6614380000000000.0 458451000000000.0 1619110000000000.0 7782070000000.0 14059300000000.0 1.17849e+16 1986830000000.0 82383900000.0 79377300000000.0 580284000000000.0 183894000000000.0 99420600000000.0 -2.9 4.145 [-2.9]
1.23034e+18 2.77616e+20 700199000000000.0 6284630000000000.0 415416000000000.0 1534840000000000.0 6866570000000.0 14972400000000.0 1.11353e+16 1679110000000.0 66743500000.0 79042500000000.0 556960000000000.0 172570000000000.0 88702300000000.0 -2.88 4.143 [-2.88]
1.23027e+18 2.63753e+20 696268000000000.0 5967250000000000.0 375897000000000.0 1453390000000000.0 6050500000000.0 15924600000000.0 1.05114e+16 1416390000000.0 53980600000.0 78700700000000.0 534092000000000.0 161690000000000.0 78951500000000.0 -2.86 4.141 [-2.86]
1.2304e+18 2.50596e+20 692212000000000.0 5664150000000000.0 339830000000000.0 1375310000000000.0 5325020000000.0 16917100000000.0 9916510000000000.0 1192300000000.0 43578800000.0 78355800000000.0 511891000000000.0 151312000000000.0 70144100000000.0 -2.84 4.139 [-2.84]
1.2303e+18 2.38068e+20 687895000000000.0 5373740000000000.0 307013000000000.0 1300250000000000.0 4682980000000.0 17940100000000.0 9347730000000000.0 1002680000000.0 35141300000.0 77998800000000.0 490183000000000.0 141452000000000.0 62223100000000.0 -2.82 4.137 [-2.82]
1.23028e+18 2.2628e+20 683552000000000.0 5098930000000000.0 277387000000000.0 1228990000000000.0 4116920000000.0 18998200000000.0 8810470000000000.0 842367000000.0 28327500000.0 77647500000000.0 469301000000000.0 132160000000000.0 55172600000000.0 -2.8 4.135 [-2.8]
1.23043e+18 2.15e+20 678936000000000.0 4834660000000000.0 250224000000000.0 1160230000000000.0 3612910000000.0 20093700000000.0 8294470000000000.0 705771000000.0 22756500000.0 77283200000000.0 448893000000000.0 123277000000000.0 48794000000000.0 -2.78 4.133 [-2.78]
1.23032e+18 2.04257e+20 674141000000000.0 4581680000000000.0 225509000000000.0 1094260000000000.0 3166940000000.0 21214000000000.0 7801660000000000.0 590300000000.0 18269800000.0 76901900000000.0 429030000000000.0 114846000000000.0 43084200000000.0 -2.76 4.13 [-2.76]
1.23036e+18 1.93935e+20 668957000000000.0 4337680000000000.0 202822000000000.0 1030450000000000.0 2770170000000.0 22364700000000.0 7326850000000000.0 492241000000.0 14613700000.0 76500700000000.0 409587000000000.0 106766000000000.0 37921600000000.0 -2.74 4.128 [-2.74]
1.23033e+18 1.84319e+20 663902000000000.0 4109240000000000.0 182623000000000.0 970588000000000.0 2424180000000.0 23539900000000.0 6883410000000000.0 410411000000.0 11693600000.0 76106500000000.0 391095000000000.0 99283200000000.0 33417400000000.0 -2.72 4.126 [-2.72]
1.23041e+18 1.75027e+20 658458000000000.0 3887830000000000.0 163997000000000.0 912448000000000.0 2115950000000.0 24746400000000.0 6454250000000000.0 341081000000.0 9316750000.0 75702700000000.0 372888000000000.0 92098800000000.0 29345400000000.0 -2.7 4.124 [-2.7]
1.23039e+18 1.66402e+20 653152000000000.0 3681440000000000.0 147512000000000.0 858169000000000.0 1848700000000.0 25967500000000.0 6055170000000000.0 283627000000.0 7431940000.0 75293900000000.0 355698000000000.0 85474600000000.0 25813800000000.0 -2.68 4.122 [-2.68]
1.2303e+18 1.58132e+20 647563000000000.0 3483010000000000.0 132431000000000.0 805921000000000.0 1611890000000.0 27205200000000.0 5672190000000000.0 235167000000.0 5916880000.0 74857100000000.0 338966000000000.0 79168200000000.0 22649600000000.0 -2.66 4.12 [-2.66]
1.23047e+18 1.50266e+20 641771000000000.0 3293840000000000.0 118770000000000.0 756041000000000.0 1403380000000.0 28467100000000.0 5307770000000000.0 194534000000.0 4671030000.0 74420300000000.0 322779000000000.0 73242400000000.0 19843800000000.0 -2.64 4.118 [-2.64]
1.23037e+18 1.42792e+20 635839000000000.0 3113660000000000.0 106438000000000.0 708541000000000.0 1220440000000.0 29734300000000.0 4961940000000000.0 160620000000.0 3696740000.0 73962500000000.0 307164000000000.0 67680600000000.0 17368300000000.0 -2.62 4.116 [-2.62]
1.23029e+18 1.35705e+20 629762000000000.0 2942470000000000.0 95317100000000.0 663396000000000.0 1060210000000.0 31011900000000.0 4634280000000000.0 132402000000.0 2918870000.0 73490800000000.0 292149000000000.0 62470000000000.0 15187100000000.0 -2.6 4.114 [-2.6]
1.23046e+18 1.28973e+20 623540000000000.0 2779640000000000.0 85269300000000.0 620452000000000.0 919549000000.0 32307200000000.0 4323500000000000.0 108845000000.0 2295080000.0 73011000000000.0 277693000000000.0 57588800000000.0 13262500000000.0 -2.58 4.112 [-2.58]
1.23035e+18 1.22583e+20 617160000000000.0 2624890000000000.0 76223800000000.0 579694000000000.0 796639000000.0 33595400000000.0 4029450000000000.0 89332400000.0 1765590000.0 72504500000000.0 263806000000000.0 53024800000000.0 11572000000000.0 -2.56 4.11 [-2.56]
1.23028e+18 1.16501e+20 610597000000000.0 2477510000000000.0 68062900000000.0 540922000000000.0 689001000000.0 34888000000000.0 3750560000000000.0 73115900000.0 1369860000.0 71985300000000.0 250417000000000.0 48761200000000.0 10083300000000.0 -2.54 4.108 [-2.54]
1.23042e+18 1.1073e+20 603929000000000.0 2337580000000000.0 60719300000000.0 504161000000000.0 595024000000.0 36189700000000.0 3486860000000000.0 59701200000.0 1054540000.0 71454200000000.0 237568000000000.0 44785800000000.0 8777050000000.0 -2.52 4.106 [-2.52]
1.23032e+18 1.05241e+20 597038000000000.0 2204560000000000.0 54113600000000.0 469299000000000.0 513047000000.0 37476500000000.0 3237460000000000.0 48624800000.0 800789000.0 70896900000000.0 225219000000000.0 41082500000000.0 7631630000000.0 -2.5 4.104 [-2.5]
1.23027e+18 1.00028e+20 590046000000000.0 2078250000000000.0 48180500000000.0 436298000000000.0 441677000000.0 38761200000000.0 3002090000000000.0 39511200000.0 590967000.0 70322300000000.0 213375000000000.0 37638600000000.0 6629300000000.0 -2.48 4.102 [-2.48]
