Cloudy_runs/sbs1108/z=0.463207/component_III_PI_nH/component_III_PI_nH_col_density_param.txt
# %ECSV 1.0
# ---
# datatype:
# - {name: H, datatype: float64}
# - {name: H+, datatype: float64}
# - {name: C+, datatype: float64}
# - {name: C+2, datatype: float64}
# - {name: C+3, datatype: float64}
# - {name: N+2, datatype: float64}
# - {name: N+4, datatype: float64}
# - {name: O, datatype: float64}
# - {name: O+2, datatype: float64}
# - {name: O+5, datatype: float64}
# - {name: O+6, datatype: float64}
# - {name: Si+, datatype: float64}
# - {name: Si+2, datatype: float64}
# - {name: Si+3, datatype: float64}
# - {name: Si+4, datatype: float64}
# - {name: log_nH, datatype: float64}
# - {name: log_Te, datatype: float64}
# - {name: parameters, datatype: string, subtype: 'float64[1]'}
# schema: astropy-2.0
H H+ C+ C+2 C+3 N+2 N+4 O O+2 O+5 O+6 Si+ Si+2 Si+3 Si+4 log_nH log_Te parameters
[from data line 281]
1.23028e+18 2.38926e+17 29171300000000.0 177713000000.0 0.0 47940700.0 0.0 62264500000000.0 253572000.0 0.0 0.0 4724810000000.0 6217600000.0 22317400.0 0.0 0.62 3.847 [0.62]
1.23027e+18 2.32162e+17 28860000000000.0 169406000000.0 0.0 43971200.0 0.0 62218300000000.0 234643000.0 0.0 0.0 4703060000000.0 5856450000.0 21146100.0 0.0 0.64 3.824 [0.64]
1.23027e+18 2.24328e+17 28527700000000.0 161121000000.0 0.0 40016400.0 0.0 62168100000000.0 217197000.0 0.0 0.0 4677460000000.0 5442960000.0 20083000.0 0.0 0.66 3.518 [0.66]
1.23027e+18 2.1681e+17 28198900000000.0 153184000000.0 0.0 36411200.0 0.0 62119500000000.0 201070000.0 0.0 0.0 4652850000000.0 5057740000.0 19072700.0 0.0 0.68 3.497 [0.68]
1.23027e+18 2.0931e+17 27867800000000.0 145527000000.0 0.0 33066300.0 0.0 62071500000000.0 186179000.0 0.0 0.0 4628150000000.0 4685160000.0 18122000.0 0.0 0.7 3.475 [0.7]
1.23027e+18 2.01971e+17 27536900000000.0 138174000000.0 0.0 29991500.0 0.0 62024600000000.0 172395000.0 0.0 0.0 4603900000000.0 4331900000.0 17221700.0 0.0 0.72 3.457 [0.72]
1.23027e+18 1.94859e+17 27208800000000.0 131167000000.0 0.0 27181600.0 0.0 61979500000000.0 159685000.0 0.0 0.0 4580320000000.0 4000280000.0 16370000.0 0.0 0.74 3.437 [0.74]
1.23027e+18 1.87653e+17 26872500000000.0 124347000000.0 0.0 24546100.0 0.0 61933900000000.0 147865000.0 0.0 0.0 4556240000000.0 3671960000.0 15565100.0 0.0 0.76 3.42 [0.76]
1.23027e+18 1.80978e+17 26547200000000.0 117986000000.0 0.0 22206600.0 0.0 61891200000000.0 136969000.0 0.0 0.0 4533940000000.0 3380140000.0 14797700.0 0.0 0.78 3.402 [0.78]
1.23027e+18 1.74209e+17 26214100000000.0 111804000000.0 0.0 20009800.0 0.0 61848600000000.0 126839000.0 0.0 0.0 4511150000000.0 3090410000.0 14072600.0 0.0 0.8 3.384 [0.8]
1.23027e+18 1.67324e+17 25872700000000.0 105800000000.0 0.0 17951100.0 0.0 61806100000000.0 117451000.0 0.0 0.0 4487740000000.0 2808410000.0 13389300.0 0.0 0.82 3.366 [0.82]
1.23027e+18 1.61138e+17 25541900000000.0 100240000000.0 0.0 16156200.0 0.0 61767000000000.0 108889000.0 0.0 0.0 4466660000000.0 2558360000.0 12736700.0 0.0 0.84 3.348 [0.84]
1.23027e+18 1.54603e+17 25199200000000.0 94804300000.0 0.0 14429500.0 0.0 61726900000000.0 100753000.0 0.0 0.0 4444220000000.0 2305830000.0 12117700.0 0.0 0.86 3.33 [0.86]
1.23027e+18 1.48285e+17 24855000000000.0 89623400000.0 0.0 12861000.0 0.0 61688300000000.0 93306600.0 0.0 0.0 4422280000000.0 2070170000.0 11532000.0 0.0 0.88 3.313 [0.88]
1.23027e+18 1.4215e+17 24506000000000.0 84644900000.0 0.0 11423100.0 0.0 61651700000000.0 86497900.0 0.0 0.0 4400730000000.0 1845500000.0 10977500.0 0.0 0.9 3.294 [0.9]
1.23027e+18 1.35959e+17 24154100000000.0 79932600000.0 0.0 10091500.0 0.0 61614600000000.0 79955800.0 0.0 0.0 4378940000000.0 1632510000.0 10446000.0 0.0 0.92 3.275 [0.92]
1.23027e+18 1.30015e+17 23802200000000.0 75488700000.0 0.0 8894160.0 0.0 61579100000000.0 73892500.0 0.0 0.0 4357850000000.0 1436540000.0 9940020.0 0.0 0.94 3.259 [0.94]
1.23027e+18 1.2417e+17 23447600000000.0 71266300000.0 0.0 7801110.0 0.0 61544700000000.0 68249200.0 0.0 0.0 4336910000000.0 1253950000.0 9459080.0 0.0 0.96 3.24 [0.96]
1.23027e+18 1.18288e+17 23083400000000.0 67186500000.0 0.0 6784260.0 0.0 61510900000000.0 62982500.0 0.0 0.0 4315530000000.0 1080350000.0 9001910.0 0.0 0.98 3.222 [0.98]
1.23027e+18 1.12567e+17 22719100000000.0 63341100000.0 0.0 5863140.0 0.0 61478400000000.0 58080200.0 0.0 0.0 4294540000000.0 918834000.0 8566540.0 0.0 1.0 3.203 [1.0]
