Cloudy_runs/3c263/z=0.063397/logZ=-1/component_II_PI_nH/component_II_PI_nH_col_density_param.txt
# %ECSV 1.0
# ---
# datatype:
# - {name: H, datatype: float64}
# - {name: H+, datatype: float64}
# - {name: C+, datatype: float64}
# - {name: C+2, datatype: float64}
# - {name: C+3, datatype: float64}
# - {name: N+, datatype: float64}
# - {name: N+2, datatype: float64}
# - {name: N+4, datatype: float64}
# - {name: O, datatype: float64}
# - {name: O+2, datatype: float64}
# - {name: O+5, datatype: float64}
# - {name: O+6, datatype: float64}
# - {name: P+, datatype: float64}
# - {name: Si+, datatype: float64}
# - {name: Si+2, datatype: float64}
# - {name: Si+3, datatype: float64}
# - {name: Si+4, datatype: float64}
# - {name: Fe+, datatype: float64}
# - {name: Al+, datatype: float64}
# - {name: log_nH, datatype: float64}
# - {name: parameters, datatype: string, subtype: 'float64[1]'}
# schema: astropy-2.0
H H+ C+ C+2 C+3 N+ N+2 N+4 O O+2 O+5 O+6 P+ Si+ Si+2 Si+3 Si+4 Fe+ Al+ log_nH parameters
[from data line 249]
758578000000000.0 301343000000000.0 20307800000.0 149823000.0 0.0 2323420000.0 86938.8 0.0 39405600000.0 411100.0 0.0 0.0 27148700.0 3392020000.0 10273800.0 22767.7 0.0 3296300000.0 296566000.0 -0.02 [-0.02]
758578000000000.0 292832000000000.0 19995500000.0 142453000.0 0.0 2249840000.0 79825.0 0.0 39358800000.0 378943.0 0.0 0.0 26932600.0 3364810000.0 9741860.0 21431.4 0.0 3272080000.0 294243000.0 -0.0 [-0.0]
758578000000000.0 284585000000000.0 19689200000.0 135451000.0 0.0 2178490000.0 73302.5 0.0 39312700000.0 349406.0 0.0 0.0 26723200.0 3338430000.0 9238860.0 20180.5 0.0 3248550000.0 291991000.0 0.02 [0.02]
758578000000000.0 276573000000000.0 19388400000.0 128789000.0 0.0 2108940000.0 67302.2 0.0 39267500000.0 322265.0 0.0 0.0 26519800.0 3312790000.0 8756100.0 19009.2 0.0 3225670000.0 289803000.0 0.04 [0.04]
758578000000000.0 268796000000000.0 19093000000.0 122454000.0 0.0 2041270000.0 61789.1 0.0 39222900000.0 297317.0 0.0 0.0 26322200.0 3287870000.0 8295550.0 17911.8 0.0 3203420000.0 287678000.0 0.06 [0.06]
758578000000000.0 261247000000000.0 18802800000.0 116428000.0 0.0 1975430000.0 56722.9 0.0 39179100000.0 274379.0 0.0 0.0 26130400.0 3263670000.0 7856010.0 16883.3 0.0 3181780000.0 285614000.0 0.08 [0.08]
758578000000000.0 253913000000000.0 18517600000.0 110694000.0 0.0 1911320000.0 52065.0 0.0 39136100000.0 253279.0 0.0 0.0 25944100.0 3240140000.0 7435800.0 15919.0 0.0 3160740000.0 283609000.0 0.1 [0.1]
758578000000000.0 246790000000000.0 18237200000.0 105240000.0 0.0 1848900000.0 47782.8 0.0 39093800000.0 233866.0 0.0 0.0 25763000.0 3217270000.0 7034240.0 15014.6 0.0 3140260000.0 281661000.0 0.12 [0.12]
758578000000000.0 239864000000000.0 17961400000.0 100048000.0 0.0 1788050000.0 43843.5 0.0 39052200000.0 215994.0 0.0 0.0 25586900.0 3195010000.0 6649770.0 14165.8 0.0 3120330000.0 279766000.0 0.14 [0.14]
758578000000000.0 233127000000000.0 17690000000.0 95104400.0 0.0 1728720000.0 40219.2 0.0 39011200000.0 199535.0 0.0 0.0 25415600.0 3173340000.0 6281610.0 13368.9 0.0 3100910000.0 277922000.0 0.16 [0.16]
758578000000000.0 226587000000000.0 17423300000.0 90405100.0 0.0 1670930000.0 36886.4 0.0 38971000000.0 184388.0 0.0 0.0 25249300.0 3152290000.0 5928960.0 12621.0 0.0 3082030000.0 276132000.0 0.18 [0.18]
758578000000000.0 220226000000000.0 17161000000.0 85932700.0 0.0 1614550000.0 33819.3 0.0 38931500000.0 170436.0 0.0 0.0 25087500.0 3131790000.0 5590720.0 11918.4 0.0 3063660000.0 274390000.0 0.2 [0.2]
758578000000000.0 214036000000000.0 16902800000.0 81675200.0 0.0 1559490000.0 30995.4 0.0 38892700000.0 157579.0 0.0 0.0 24930000.0 3111820000.0 5265720.0 11258.2 0.0 3045760000.0 272695000.0 0.22 [0.22]
758578000000000.0 208000000000000.0 16648000000.0 77617100.0 0.0 1505600000.0 28392.8 0.0 38854400000.0 145720.0 0.0 0.0 24776400.0 3092330000.0 4952770.0 10637.4 0.0 3028280000.0 271041000.0 0.24 [0.24]
758578000000000.0 202134000000000.0 16397700000.0 73759600.0 0.0 1453000000.0 25997.9 0.0 38816900000.0 134795.0 0.0 0.0 24627100.0 3073370000.0 4652170.0 10053.9 0.0 3011280000.0 269433000.0 0.26 [0.26]
758578000000000.0 196416000000000.0 16151000000.0 70086700.0 0.0 1401470000.0 23790.4 0.0 38780000000.0 124721.0 0.0 0.0 24481500.0 3054860000.0 4362100.0 9505.14 0.0 2994700000.0 267866000.0 0.28 [0.28]
758578000000000.0 190865000000000.0 15909200000.0 66600300.0 0.0 1351130000.0 21759.2 0.0 38743800000.0 115444.0 0.0 0.0 24340200.0 3036880000.0 4083010.0 8989.22 0.0 2978590000.0 266344000.0 0.3 [0.3]
758578000000000.0 185405000000000.0 15668800000.0 63261800.0 0.0 1301390000.0 19878.6 0.0 38708000000.0 106855.0 0.0 0.0 24201100.0 3019150000.0 3811290.0 8502.89 0.0 2962730000.0 264846000.0 0.32 [0.32]
758578000000000.0 180094000000000.0 15432800000.0 60092100.0 0.0 1252600000.0 18146.1 0.0 38672900000.0 98941.9 0.0 0.0 24065700.0 3001880000.0 3548740.0 8045.44 0.0 2947300000.0 263389000.0 0.34 [0.34]
758578000000000.0 174901000000000.0 15200200000.0 57074200.0 0.0 1204480000.0 16545.2 0.0 38638300000.0 91638.5 0.0 0.0 23933400.0 2984960000.0 3293250.0 7614.72 0.0 2932210000.0 261964000.0 0.36 [0.36]
758578000000000.0 169817000000000.0 14970800000.0 54200600.0 0.0 1156870000.0 15064.5 0.0 38604200000.0 84896.0 0.0 0.0 23803700.0 2968360000.0 3043940.0 7209.06 0.0 2917430000.0 260569000.0 0.38 [0.38]
758578000000000.0 164827000000000.0 14744500000.0 51463700.0 0.0 1109540000.0 13692.2 0.0 38570500000.0 78669.6 0.0 0.0 23676400.0 2952030000.0 2799360.0 6826.94 0.0 2902930000.0 259199000.0 0.4 [0.4]
758578000000000.0 159925000000000.0 14522000000.0 48861600.0 0.0 1062150000.0 12415.8 0.0 38537400000.0 72928.7 0.0 0.0 23551300.0 2935940000.0 2556530.0 6467.2 0.0 2888700000.0 257854000.0 0.42 [0.42]
758578000000000.0 155067000000000.0 14301500000.0 46377000.0 0.0 1014280000.0 11224.7 0.0 38504500000.0 67617.8 0.0 0.0 23427300.0 2919930000.0 2314760.0 6128.05 0.0 2874600000.0 256519000.0 0.44 [0.44]
758578000000000.0 150234000000000.0 14083300000.0 44006800.0 0.0 965469000.0 10108.6 0.0 38471700000.0 62708.6 0.0 0.0 23303800.0 2903930000.0 2072010.0 5808.45 0.0 2860600000.0 255192000.0 0.46 [0.46]
758578000000000.0 145409000000000.0 13868200000.0 41753100.0 0.0 915036000.0 9056.27 0.0 38439100000.0 58181.5 0.0 0.0 23180400.0 2887850000.0 1825250.0 5507.62 0.0 2846640000.0 253866000.0 0.48 [0.48]
758576000000000.0 140501000000000.0 13655400000.0 39605200.0 0.0 861260000.0 8047.13 0.0 38406100000.0 54004.7 0.0 0.0 23054800.0 2871350000.0 1567170.0 5224.58 0.0 2832490000.0 252518000.0 0.5 [0.5]
758578000000000.0 101736000000000.0 12743500000.0 30417800.0 0.0 248698000.0 2124.87 0.0 38274400000.0 48977.7 0.0 0.0 22058900.0 2711100000.0 6064.45 4989.8 0.0 2720380000.0 241986000.0 0.52 [0.52]
758578000000000.0 97457800000000.0 12469600000.0 28525100.0 0.0 225651000.0 1847.69 0.0 38248400000.0 45117.5 0.0 0.0 21949500.0 2693880000.0 4660.06 4731.82 0.0 2707040000.0 240820000.0 0.54 [0.54]
758578000000000.0 93688100000000.0 12213300000.0 26851100.0 0.0 207414000.0 1627.3 0.0 38224000000.0 41608.7 0.0 0.0 21853100.0 2678730000.0 3897.35 4488.96 0.0 2695270000.0 239791000.0 0.56 [0.56]
758578000000000.0 90193900000000.0 11964000000.0 25311800.0 0.0 191940000.0 1442.9 0.0 38200300000.0 38375.2 0.0 0.0 21763600.0 2664620000.0 3412.3 4259.26 0.0 2684350000.0 238836000.0 0.58 [0.58]
758578000000000.0 86924000000000.0 11720600000.0 23886100.0 0.0 178456000.0 1285.56 0.0 38177400000.0 35396.9 0.0 0.0 21679800.0 2651330000.0 3074.45 4042.0 0.0 2674130000.0 237942000.0 0.6 [0.6]
758578000000000.0 83847700000000.0 11482800000.0 22561200.0 0.0 166501000.0 1149.58 0.0 38155200000.0 32656.1 0.0 0.0 21600800.0 2638740000.0 2820.84 3836.56 0.0 2664500000.0 237101000.0 0.62 [0.62]
758578000000000.0 80927200000000.0 11249300000.0 21321900.0 0.0 155750000.0 1030.88 0.0 38133800000.0 30128.1 0.0 0.0 21525800.0 2626670000.0 2618.94 3642.11 0.0 2655370000.0 236302000.0 0.64 [0.64]
758578000000000.0 78152400000000.0 11020000000.0 20161600.0 0.0 146012000.0 926.669 0.0 38113100000.0 27798.0 0.0 0.0 21454400.0 2615100000.0 2450.98 3458.06 0.0 2646680000.0 235543000.0 0.66 [0.66]
758578000000000.0 75492300000000.0 10793200000.0 19067500.0 0.0 137106000.0 834.558 0.0 38092900000.0 25643.4 0.0 0.0 21385900.0 2603870000.0 2306.02 3283.63 0.0 2638360000.0 234815000.0 0.68 [0.68]
758578000000000.0 72943700000000.0 10569400000.0 18036900.0 0.0 128931000.0 752.901 0.0 38073300000.0 23653.5 0.0 0.0 21320300.0 2592980000.0 2177.48 3118.34 0.0 2630390000.0 234118000.0 0.7 [0.7]
758578000000000.0 70494800000000.0 10348000000.0 17063400.0 0.0 121389000.0 680.233 0.0 38054200000.0 21814.0 0.0 0.0 21257100.0 2582370000.0 2061.23 2961.63 0.0 2622730000.0 233448000.0 0.72 [0.72]
758578000000000.0 68152200000000.0 10130200000.0 16146500.0 0.0 114417000.0 615.449 0.0 38035700000.0 20118.0 0.0 0.0 21196600.0 2572090000.0 1954.6 2813.15 0.0 2615400000.0 232807000.0 0.74 [0.74]
758578000000000.0 65899100000000.0 9915010000.0 15280200.0 0.0 107946000.0 557.523 0.0 38017700000.0 18551.1 0.0 0.0 21138300.0 2562060000.0 1855.66 2672.35 0.0 2608360000.0 232190000.0 0.76 [0.76]
758578000000000.0 63731200000000.0 9702470000.0 14461200.0 0.0 101925000.0 505.624 0.0 38000300000.0 17103.8 0.0 0.0 21082200.0 2552250000.0 1763.18 2538.81 0.0 2601580000.0 231598000.0 0.78 [0.78]
758578000000000.0 61643700000000.0 9492530000.0 13686300.0 0.0 96310100.0 459.036 0.0 37983400000.0 15767.0 0.0 0.0 21028000.0 2542650000.0 1676.3 2412.13 0.0 2595060000.0 231027000.0 0.8 [0.8]
758578000000000.0 59636600000000.0 9285620000.0 12954100.0 0.0 91066600.0 417.164 0.0 37967000000.0 14533.5 0.0 0.0 20975900.0 2533270000.0 1594.41 2291.96 0.0 2588790000.0 230478000.0 0.82 [0.82]
758578000000000.0 57697700000000.0 9080840000.0 12259600.0 0.0 86153500.0 379.439 0.0 37951000000.0 13393.2 0.0 0.0 20925500.0 2524040000.0 1516.98 2177.9 0.0 2582740000.0 229948000.0 0.84 [0.84]
758578000000000.0 55823800000000.0 8878190000.0 11600700.0 0.0 81544000.0 345.411 0.0 37935400000.0 12339.4 0.0 0.0 20876700.0 2514930000.0 1443.65 2069.6 0.0 2576890000.0 229436000.0 0.86 [0.86]
758578000000000.0 54025400000000.0 8679140000.0 10978500.0 0.0 77223500.0 314.719 0.0 37920400000.0 11368.7 0.0 0.0 20829800.0 2506030000.0 1374.16 1966.86 0.0 2571280000.0 228945000.0 0.88 [0.88]
758578000000000.0 52281900000000.0 8481780000.0 10386700.0 0.0 73152400.0 286.945 0.0 37905700000.0 10470.9 0.0 0.0 20784200.0 2497210000.0 1308.18 1869.26 0.0 2565840000.0 228470000.0 0.9 [0.9]
758578000000000.0 50603900000000.0 8287570000.0 9826720.0 0.0 69325100.0 261.831 0.0 37891500000.0 9643.56 0.0 0.0 20740300.0 2488550000.0 1245.55 1776.62 0.0 2560620000.0 228012000.0 0.92 [0.92]
758578000000000.0 48983100000000.0 8095890000.0 9295600.0 0.0 65719000.0 239.534 0.0 37877700000.0 8869.02 0.0 0.0 20697800.0 2479990000.0 1186.05 1688.64 0.0 2555570000.0 227571000.0 0.94 [0.94]
758578000000000.0 47417700000000.0 7906800000.0 8791780.0 0.0 62318700.0 219.507 0.0 37864300000.0 8152.67 0.0 0.0 20656600.0 2471530000.0 1129.51 1605.07 0.0 2550700000.0 227144000.0 0.96 [0.96]
758578000000000.0 45907000000000.0 7720510000.0 8313920.0 0.0 59109100.0 201.285 0.0 37851200000.0 7495.6 0.0 0.0 20616800.0 2463170000.0 1075.75 1525.7 0.0 2546000000.0 226733000.0 0.98 [0.98]
758578000000000.0 44451000000000.0 7537260000.0 7861110.0 0.0 56078100.0 184.696 0.0 37838600000.0 6893.04 0.0 0.0 20578400.0 2454920000.0 1024.65 1450.32 0.0 2541470000.0 226338000.0 1.0 [1.0]
