Cloudy_runs/3c263/z=0.063397/logZ=-1/component_II_PI_nH/component_II_PI_nH_col_density_param.txt
# %ECSV 1.0
# ---
# datatype:
# - {name: H, datatype: float64}
# - {name: H+, datatype: float64}
# - {name: C+, datatype: float64}
# - {name: C+2, datatype: float64}
# - {name: C+3, datatype: float64}
# - {name: N+, datatype: float64}
# - {name: N+2, datatype: float64}
# - {name: N+4, datatype: float64}
# - {name: O, datatype: float64}
# - {name: O+2, datatype: float64}
# - {name: O+5, datatype: float64}
# - {name: O+6, datatype: float64}
# - {name: P+, datatype: float64}
# - {name: Si+, datatype: float64}
# - {name: Si+2, datatype: float64}
# - {name: Si+3, datatype: float64}
# - {name: Si+4, datatype: float64}
# - {name: Fe+, datatype: float64}
# - {name: Al+, datatype: float64}
# - {name: log_nH, datatype: float64}
# - {name: parameters, datatype: string, subtype: 'float64[1]'}
# schema: astropy-2.0
H H+ C+ C+2 C+3 N+ N+2 N+4 O O+2 O+5 O+6 P+ Si+ Si+2 Si+3 Si+4 Fe+ Al+ log_nH parameters
758577000000000.0 2.23371e+19 70991000000.0 9278190000000.0 30059400000000.0 5311900000.0 1508700000000.0 25228300000000.0 429373.0 4037880000000.0 257664000000000.0 347702000000000.0 4377360.0 69793200.0 3180350000.0 13399400000.0 1169110000000.0 16541.3 2162030.0 -5.0 [-5.0]
758577000000000.0 2.11606e+19 76669100000.0 9750510000000.0 30398900000000.0 5783040000.0 1600290000000.0 24764100000000.0 480351.0 4297270000000.0 243130000000000.0 312647000000000.0 5122010.0 82266900.0 3672540000.0 14970900000.0 1237340000000.0 20048.4 2573340.0 -4.98 [-4.98]
758577000000000.0 2.00486e+19 82712100000.0 10234700000000.0 30707100000000.0 6289250000.0 1695280000000.0 24267100000000.0 537233.0 4566820000000.0 228918000000000.0 280572000000000.0 5982950.0 96782500.0 4234190000.0 16701400000.0 1307630000000.0 24277.0 3055810.0 -4.96 [-4.96]
758577000000000.0 1.8997e+19 89135600000.0 10730100000000.0 30983000000000.0 6832160000.0 1793540000000.0 23738900000000.0 600676.0 4846260000000.0 215069000000000.0 251292000000000.0 6976500.0 113640000.0 4874020000.0 18603800000.0 1379870000000.0 29369.8 3620550.0 -4.94 [-4.94]
758577000000000.0 1.80025e+19 95954300000.0 11236300000000.0 31226100000000.0 7413290000.0 1894910000000.0 23181300000000.0 671404.0 5135250000000.0 201620000000000.0 224622000000000.0 8120930.0 133177000.0 5601720000.0 20692100000.0 1453950000000.0 35496.7 4280270.0 -4.92 [-4.92]
758577000000000.0 1.70617e+19 103183000000.0 11752500000000.0 31435500000000.0 8034080000.0 1999200000000.0 22596300000000.0 750221.0 5433410000000.0 188605000000000.0 200385000000000.0 9436630.0 155773000.0 6427980000.0 22980700000.0 1529740000000.0 42859.6 5049420.0 -4.9 [-4.9]
758577000000000.0 1.61714e+19 110834000000.0 12277800000000.0 31610400000000.0 8695830000.0 2106190000000.0 21985900000000.0 838016.0 5740280000000.0 176051000000000.0 178409000000000.0 10946300.0 181852000.0 7364560000.0 25484800000.0 1607090000000.0 51697.4 5944460.0 -4.88 [-4.88]
758577000000000.0 1.53286e+19 118925000000.0 12811500000000.0 31750400000000.0 9400040000.0 2215660000000.0 21352300000000.0 935826.0 6055450000000.0 163979000000000.0 158525000000000.0 12675600.0 211897000.0 8424570000.0 28220500000.0 1685840000000.0 62295.5 6984140.0 -4.86 [-4.86]
758577000000000.0 1.45309e+19 127462000000.0 13352500000000.0 31854700000000.0 10147300000.0 2327270000000.0 20698200000000.0 1044700.0 6378220000000.0 152413000000000.0 140582000000000.0 14651800.0 246423000.0 9621900000.0 31203900000.0 1765790000000.0 74985.0 8189330.0 -4.84 [-4.84]
758577000000000.0 1.37756e+19 136457000000.0 13899500000000.0 31922700000000.0 10938700000.0 2440690000000.0 20025800000000.0 1165890.0 6708050000000.0 141364000000000.0 124424000000000.0 16905900.0 286023000.0 10972200000.0 34452500000.0 1846740000000.0 90162.4 9583990.0 -4.82 [-4.82]
758577000000000.0 1.30601e+19 145918000000.0 14451400000000.0 31954000000000.0 11774800000.0 2555580000000.0 19337800000000.0 1300740.0 7044200000000.0 130841000000000.0 109910000000000.0 19471600.0 331344000.0 12492300000.0 37984200000.0 1928470000000.0 108293.0 11195100.0 -4.8 [-4.8]
758577000000000.0 1.23825e+19 155857000000.0 15007000000000.0 31948300000000.0 12656400000.0 2671590000000.0 18636900000000.0 1450860.0 7386090000000.0 120850000000000.0 96904800000000.0 22386800.0 383106000.0 14200600000.0 41817000000.0 2010740000000.0 129926.0 13052800.0 -4.78 [-4.78]
758577000000000.0 1.17407e+19 166281000000.0 15564800000000.0 31905000000000.0 13584100000.0 2788320000000.0 17926100000000.0 1617990.0 7733020000000.0 111393000000000.0 85278400000000.0 25692500.0 442095000.0 16117100000.0 45969400000.0 2093290000000.0 155705.0 15191200.0 -4.76 [-4.76]
758577000000000.0 1.11326e+19 177195000000.0 16123300000000.0 31824000000000.0 14558100000.0 2905360000000.0 17207900000000.0 1804110.0 8084310000000.0 102467000000000.0 74907500000000.0 29433700.0 509180000.0 18263300000.0 50460500000.0 2175840000000.0 186387.0 17648500.0 -4.74 [-4.74]
758577000000000.0 1.05565e+19 188603000000.0 16681000000000.0 31705000000000.0 15578600000.0 3022290000000.0 16485500000000.0 2011450.0 8439230000000.0 94067400000000.0 65677800000000.0 33659300.0 585304000.0 20662500000.0 55309000000.0 2258110000000.0 222857.0 20467100.0 -4.72 [-4.72]
758577000000000.0 1.00106e+19 200506000000.0 17236000000000.0 31547900000000.0 16645500000.0 3138650000000.0 15761400000000.0 2242510.0 8797030000000.0 86186100000000.0 57481500000000.0 38421900.0 671500000.0 23339400000.0 60534400000.0 2339780000000.0 266125.0 23692200.0 -4.7 [-4.7]
758577000000000.0 9.49336e+18 212905000000.0 17786700000000.0 31352700000000.0 17758800000.0 3254000000000.0 15038600000000.0 2500140.0 9156980000000.0 78811400000000.0 50218800000000.0 43779200.0 768887000.0 26320900000.0 66155300000.0 2420520000000.0 317392.0 27376000.0 -4.68 [-4.68]
758577000000000.0 9.00317e+18 225797000000.0 18331100000000.0 31119500000000.0 18918000000.0 3367900000000.0 14319800000000.0 2787540.0 9518350000000.0 71929400000000.0 43796900000000.0 49793900.0 878679000.0 29635400000.0 72190700000.0 2500010000000.0 378074.0 31578500.0 -4.66 [-4.66]
758577000000000.0 8.5386e+18 239177000000.0 18867200000000.0 30848500000000.0 20122700000.0 3479890000000.0 13607500000000.0 3108360.0 9880390000000.0 65524300000000.0 38130500000000.0 56533500.0 1002190000.0 33313200000.0 78658700000.0 2577890000000.0 449801.0 36364500.0 -4.64 [-4.64]
758577000000000.0 8.09831e+18 253039000000.0 19393000000000.0 30540100000000.0 21372500000.0 3589520000000.0 12904200000000.0 3466700.0 10242300000000.0 59578500000000.0 33141100000000.0 64070300.0 1140810000.0 37386200000.0 85576400000.0 2653800000000.0 534467.0 41805300.0 -4.62 [-4.62]
758577000000000.0 7.68103e+18 267374000000.0 19906500000000.0 30194600000000.0 22666800000.0 3696380000000.0 12212400000000.0 3867240.0 10603500000000.0 54073000000000.0 28756700000000.0 72482200.0 1296070000.0 41888400000.0 92960500000.0 2727370000000.0 634267.0 47979900.0 -4.6 [-4.6]
758577000000000.0 7.28553e+18 282168000000.0 20405500000000.0 29812600000000.0 24004900000.0 3800030000000.0 11534200000000.0 4315230.0 10963100000000.0 48988000000000.0 24911600000000.0 81851400.0 1469570000.0 46855000000.0 100826000000.0 2798220000000.0 751737.0 54974700.0 -4.58 [-4.58]
758577000000000.0 6.91067e+18 297406000000.0 20887900000000.0 29395000000000.0 25385900000.0 3900080000000.0 10871600000000.0 4816650.0 11320400000000.0 44302600000000.0 21546200000000.0 92265800.0 1663010000.0 52322900000.0 109186000000.0 2865990000000.0 889805.0 62884700.0 -4.56 [-4.56]
758577000000000.0 6.55537e+18 313071000000.0 21351500000000.0 28942600000000.0 26809000000.0 3996140000000.0 10226400000000.0 5378260.0 11674700000000.0 39995600000000.0 18606000000000.0 103818000.0 1878210000.0 58330700000.0 118053000000.0 2930280000000.0 1051850.0 71813800.0 -4.54 [-4.54]
758577000000000.0 6.21861e+18 329144000000.0 21794200000000.0 28456400000000.0 28273700000.0 4087850000000.0 9600260000000.0 6007740.0 12025300000000.0 36045600000000.0 16042500000000.0 116608000.0 2117070000.0 64917800000.0 127435000000.0 2990720000000.0 1241750.0 81874900.0 -4.52 [-4.52]
758577000000000.0 5.89943e+18 345603000000.0 22213900000000.0 27937600000000.0 29779200000.0 4174900000000.0 8994520000000.0 6713790.0 12371500000000.0 32431200000000.0 13811200000000.0 130738000.0 2381610000.0 72125300000.0 137340000000.0 3046930000000.0 1463960.0 93191000.0 -4.5 [-4.5]
758577000000000.0 5.59689e+18 362419000000.0 22608400000000.0 27387600000000.0 31324500000.0 4256960000000.0 8410380000000.0 7506150.0 12712600000000.0 29130900000000.0 11872700000000.0 146313000.0 2673890000.0 79994100000.0 147770000000.0 3098540000000.0 1723590.0 105895000.0 -4.48 [-4.48]
758577000000000.0 5.31013e+18 379562000000.0 22975800000000.0 26808000000000.0 32908700000.0 4333750000000.0 7848810000000.0 8395900.0 13047800000000.0 26124100000000.0 10191400000000.0 163445000.0 2996080000.0 88566300000.0 158727000000.0 3145210000000.0 2026470.0 120132000.0 -4.46 [-4.46]
758577000000000.0 5.03832e+18 397003000000.0 23314100000000.0 26200300000000.0 34531400000.0 4405040000000.0 7310560000000.0 9395610.0 13376600000000.0 23390300000000.0 8735750000000.0 182247000.0 3350420000.0 97883700000.0 170205000000.0 3186570000000.0 2379260.0 136056000.0 -4.44 [-4.44]
758577000000000.0 4.78065e+18 414702000000.0 23621300000000.0 25566400000000.0 36191200000.0 4470560000000.0 6796150000000.0 10519400.0 13698200000000.0 20909600000000.0 7477490000000.0 202834000.0 3739180000.0 107987000000.0 182198000000.0 3222300000000.0 2789540.0 153833000.0 -4.42 [-4.42]
758577000000000.0 4.53638e+18 432621000000.0 23895700000000.0 24908200000000.0 37887500000.0 4530130000000.0 6305930000000.0 11783100.0 14011900000000.0 18663200000000.0 6391620000000.0 225323000.0 4164650000.0 118917000000.0 194693000000.0 3252080000000.0 3265910.0 173641000.0 -4.4 [-4.4]
758577000000000.0 4.30483e+18 450722000000.0 24136000000000.0 24228000000000.0 39619700000.0 4583620000000.0 5840120000000.0 13204800.0 14317200000000.0 16632900000000.0 5456060000000.0 249826000.0 4629180000.0 130711000000.0 207671000000.0 3275640000000.0 3818150.0 195669000.0 -4.38 [-4.38]
758577000000000.0 4.08533e+18 468961000000.0 24340500000000.0 23528100000000.0 41387100000.0 4630870000000.0 5398710000000.0 14804700.0 14613400000000.0 14801300000000.0 4651240000000.0 276451000.0 5135060000.0 143407000000.0 221109000000.0 3292720000000.0 4457310.0 220119000.0 -4.36 [-4.36]
758577000000000.0 3.87725e+18 487294000000.0 24508200000000.0 22810700000000.0 43189000000.0 4671800000000.0 4981540000000.0 16605600.0 14900000000000.0 13152200000000.0 3959940000000.0 305305000.0 5684570000.0 157037000000.0 234979000000.0 3303080000000.0 5195860.0 247202000.0 -4.34 [-4.34]
758577000000000.0 3.67999e+18 505670000000.0 24638000000000.0 22078500000000.0 45024500000.0 4706330000000.0 4588320000000.0 18633000.0 15176400000000.0 11670000000000.0 3367050000000.0 336484000.0 6279860000.0 171628000000.0 249243000000.0 3306530000000.0 6047820.0 277140000.0 -4.32 [-4.32]
758577000000000.0 3.49295e+18 524043000000.0 24729200000000.0 21333800000000.0 46893300000.0 4734400000000.0 4218580000000.0 20915900.0 15441900000000.0 10340000000000.0 2859240000000.0 370076000.0 6923070000.0 187207000000.0 263860000000.0 3302900000000.0 7029110.0 310170000.0 -4.3 [-4.3]
758577000000000.0 3.31561e+18 542353000000.0 24780900000000.0 20579400000000.0 48794000000.0 4755980000000.0 3871790000000.0 23486400.0 15696000000000.0 9148690000000.0 2424940000000.0 406151000.0 7616040000.0 203788000000.0 278781000000.0 3292070000000.0 8157420.0 346534000.0 -4.28 [-4.28]
758577000000000.0 3.14752e+18 560525000000.0 24792700000000.0 19818300000000.0 50723800000.0 4771050000000.0 3547520000000.0 26379000.0 15938000000000.0 8084000000000.0 2054180000000.0 444728000.0 8359810000.0 221372000000.0 293947000000.0 3273960000000.0 9451760.0 386459000.0 -4.26 [-4.26]
758577000000000.0 2.98805e+18 578565000000.0 24765100000000.0 19052300000000.0 52687100000.0 4779720000000.0 3244640000000.0 29638100.0 16167700000000.0 7132920000000.0 1737790000000.0 485921000.0 9157140000.0 239980000000.0 309297000000.0 3248500000000.0 10936000.0 430253000.0 -4.24 [-4.24]
758578000000000.0 2.83682e+18 596393000000.0 24698000000000.0 18284500000000.0 54681100000.0 4782010000000.0 2962590000000.0 33307600.0 16384500000000.0 6285210000000.0 1468310000000.0 529711000.0 10008600000.0 259595000000.0 324757000000.0 3215720000000.0 12634100.0 478159000.0 -4.22 [-4.22]
758577000000000.0 2.69331e+18 613982000000.0 24591900000000.0 17516800000000.0 56707200000.0 4778000000000.0 2700330000000.0 37441400.0 16587900000000.0 5530310000000.0 1238950000000.0 576133000.0 10915700000.0 280209000000.0 340248000000.0 3175630000000.0 14575300.0 530485000.0 -4.2 [-4.2]
758577000000000.0 2.55726e+18 631222000000.0 24447100000000.0 16753000000000.0 58759800000.0 4767730000000.0 2457350000000.0 42091200.0 16777200000000.0 4859970000000.0 1044220000000.0 625048000.0 11877100000.0 301765000000.0 355683000000.0 3128390000000.0 16787400.0 587436000.0 -4.18 [-4.18]
758577000000000.0 2.4282e+18 648086000000.0 24264600000000.0 15995000000000.0 60840400000.0 4751350000000.0 2232550000000.0 47323200.0 16952100000000.0 4265200000000.0 878985000000.0 676426000.0 12893500000.0 324229000000.0 370971000000.0 3074120000000.0 19305900.0 649318000.0 -4.16 [-4.16]
758577000000000.0 2.30575e+18 664527000000.0 24045500000000.0 15245100000000.0 62948500000.0 4728980000000.0 2025020000000.0 53209000.0 17112100000000.0 3738260000000.0 738966000000.0 730159000.0 13964100000.0 347541000000.0 386013000000.0 3013040000000.0 22168400.0 716404000.0 -4.14 [-4.14]
758577000000000.0 2.18957e+18 680496000000.0 23791200000000.0 14505700000000.0 65083300000.0 4700780000000.0 1833820000000.0 59827700.0 17256700000000.0 3272080000000.0 620460000000.0 786102000.0 15087500000.0 371625000000.0 400703000000.0 2945410000000.0 25416700.0 788961000.0 -4.12 [-4.12]
758577000000000.0 2.07931e+18 695951000000.0 23503300000000.0 13778700000000.0 67244300000.0 4666920000000.0 1658020000000.0 67268200.0 17385500000000.0 2860230000000.0 520288000000.0 844077000.0 16261700000.0 396387000000.0 414933000000.0 2871530000000.0 29096700.0 867248000.0 -4.1 [-4.1]
758577000000000.0 1.97468e+18 710849000000.0 23183400000000.0 13066200000000.0 69430900000.0 4627590000000.0 1496690000000.0 75629200.0 17498200000000.0 2496900000000.0 435721000000.0 903865000.0 17484100000.0 421719000000.0 428590000000.0 2791780000000.0 33259200.0 951515000.0 -4.08 [-4.08]
758577000000000.0 1.87538e+18 725157000000.0 22833400000000.0 12369800000000.0 71643000000.0 4582980000000.0 1348950000000.0 85020100.0 17594400000000.0 2176830000000.0 364419000000.0 965224000.0 18751200000.0 447495000000.0 441557000000.0 2706590000000.0 37959800.0 1042000000.0 -4.06 [-4.06]
758577000000000.0 1.78112e+18 738841000000.0 22455500000000.0 11691300000000.0 73880100000.0 4533310000000.0 1213900000000.0 95562900.0 17673600000000.0 1895240000000.0 304376000000.0 1027870000.0 20058800000.0 473574000000.0 453721000000.0 2616420000000.0 43259900.0 1138910000.0 -4.04 [-4.04]
758577000000000.0 1.69163e+18 751870000000.0 22051700000000.0 11032000000000.0 76141600000.0 4478790000000.0 1090680000000.0 107393000.0 17735500000000.0 1647850000000.0 253878000000.0 1091480000.0 21402100000.0 499796000000.0 464967000000.0 2521790000000.0 49226400.0 1242440000.0 -4.02 [-4.02]
758577000000000.0 1.60668e+18 764216000000.0 21624100000000.0 10393200000000.0 78427300000.0 4419660000000.0 978465000000.0 120660000.0 17779800000000.0 1430790000000.0 211463000000.0 1155720000.0 22775300000.0 525988000000.0 475185000000.0 2423260000000.0 55932900.0 1352780000.0 -4.0 [-4.0]
758577000000000.0 1.52602e+18 775863000000.0 21175200000000.0 9775740000000.0 80737200000.0 4356160000000.0 876460000000.0 135529000.0 17806200000000.0 1240610000000.0 175883000000.0 1220240000.0 24172200000.0 551966000000.0 484270000000.0 2321430000000.0 63459500.0 1470040000.0 -3.98 [-3.98]
758577000000000.0 1.44942e+18 786796000000.0 20707200000000.0 9180610000000.0 83071600000.0 4288560000000.0 783901000000.0 152185000.0 17814400000000.0 1074210000000.0 146077000000.0 1284660000.0 25585900000.0 577536000000.0 492122000000.0 2216930000000.0 71894100.0 1594350000.0 -3.96 [-3.96]
758577000000000.0 1.37669e+18 797007000000.0 20222500000000.0 8608420000000.0 85430800000.0 4217110000000.0 700065000000.0 170828000.0 17804200000000.0 928810000000.0 121143000000.0 1348620000.0 27009100000.0 602493000000.0 498655000000.0 2110420000000.0 81331600.0 1725780000.0 -3.94 [-3.94]
758577000000000.0 1.30762e+18 806494000000.0 19723500000000.0 8059640000000.0 87815600000.0 4142090000000.0 624264000000.0 191682000.0 17775300000000.0 801936000000.0 100312000000.0 1411730000.0 28434100000.0 626635000000.0 503789000000.0 2002560000000.0 91875900.0 1864360000.0 -3.92 [-3.92]
