Cloudy_runs/h1821/logZ=-1/z=0.170006/component_III_PI_nH/component_III_PI_nH_col_density_param.txt
# %ECSV 1.0
# ---
# datatype:
# - {name: H, datatype: float64}
# - {name: H+, datatype: float64}
# - {name: C+, datatype: float64}
# - {name: C+2, datatype: float64}
# - {name: C+3, datatype: float64}
# - {name: N+, datatype: float64}
# - {name: N+2, datatype: float64}
# - {name: N+4, datatype: float64}
# - {name: O, datatype: float64}
# - {name: O+2, datatype: float64}
# - {name: O+5, datatype: float64}
# - {name: O+6, datatype: float64}
# - {name: P+, datatype: float64}
# - {name: Si+, datatype: float64}
# - {name: Si+2, datatype: float64}
# - {name: Si+3, datatype: float64}
# - {name: Si+4, datatype: float64}
# - {name: log_nH, datatype: float64}
# - {name: log_Te, datatype: float64}
# - {name: parameters, datatype: string, subtype: 'float64[1]'}
# schema: astropy-2.0
H H+ C+ C+2 C+3 N+ N+2 N+4 O O+2 O+5 O+6 P+ Si+ Si+2 Si+3 Si+4 log_nH log_Te parameters
[from data line 131]
22387200000000.0 1244580000000000.0 14730400000.0 19148500000.0 138447000.0 6013880000.0 2470690000.0 450156.0 998031000.0 14628900000.0 10274.0 0.0 23128900.0 1461340000.0 2459160000.0 172304000.0 11574900.0 -2.38 4.117 [-2.38]
22387200000000.0 1185120000000000.0 14419400000.0 17879100000.0 119460000.0 5873830000.0 2211640000.0 369480.0 1019520000.0 13046600000.0 7716.61 0.0 22341700.0 1448070000.0 2300120000.0 153627000.0 9874860.0 -2.36 4.115 [-2.36]
22387200000000.0 1128580000000000.0 14108000000.0 16686100000.0 103003000.0 5728850000.0 1976690000.0 302887.0 1040040000.0 11619600000.0 0.0 0.0 21574000.0 1433790000.0 2149460000.0 136847000.0 8420200.0 -2.34 4.112 [-2.34]
22387200000000.0 1074830000000000.0 13796700000.0 15565700000.0 88751200.0 5579790000.0 1764080000.0 248001.0 1059590000.0 10335400000.0 0.0 0.0 20825800.0 1418500000.0 2006890000.0 121791000.0 7176220.0 -2.32 4.11 [-2.32]
22387200000000.0 1023720000000000.0 13485700000.0 14513900000.0 76420800.0 5427500000.0 1572120000.0 202831.0 1078150000.0 9181970000.0 0.0 0.0 20097300.0 1402230000.0 1872110000.0 108297000.0 6113060.0 -2.3 4.107 [-2.3]
22387200000000.0 975127000000000.0 13175300000.0 13527200000.0 65761700.0 5272780000.0 1399190000.0 165710.0 1095740000.0 8147950000.0 0.0 0.0 19388400.0 1385010000.0 1744850000.0 96219700.0 5204960.0 -2.28 4.105 [-2.28]
22387200000000.0 928917000000000.0 12866000000.0 12602100000.0 56554600.0 5116420000.0 1243720000.0 135245.0 1112360000.0 7222650000.0 0.0 0.0 18699200.0 1366880000.0 1624830000.0 85421900.0 4429760.0 -2.26 4.102 [-2.26]
22387200000000.0 884973000000000.0 12558000000.0 11735300000.0 48608600.0 4959170000.0 1104230000.0 110275.0 1128030000.0 6396050000.0 0.0 0.0 18029700.0 1347860000.0 1511760000.0 75779600.0 3768390.0 -2.24 4.1 [-2.24]
22387200000000.0 843183000000000.0 12251800000.0 10923500000.0 41756100.0 4801700000.0 979303000.0 89835.6 1142780000.0 5658810000.0 0.0 0.0 17379700.0 1328020000.0 1405360000.0 67178600.0 3204460.0 -2.22 4.098 [-2.22]
22387200000000.0 803611000000000.0 11948800000.0 10167000000.0 35869400.0 4645490000.0 867963000.0 73167.4 1156600000.0 5004180000.0 0.0 0.0 16751900.0 1307470000.0 1305800000.0 59540500.0 2725320.0 -2.2 4.095 [-2.2]
22387200000000.0 765640000000000.0 11645500000.0 9453080000.0 30766200.0 4488630000.0 767964000.0 59475.9 1169600000.0 4418390000.0 0.0 0.0 16137700.0 1286020000.0 1211470000.0 52692700.0 2314560.0 -2.18 4.093 [-2.18]
22387200000000.0 729688000000000.0 11346200000.0 8788720000.0 26390500.0 4334120000.0 679160000.0 48341.3 1181730000.0 3899840000.0 0.0 0.0 15545500.0 1263980000.0 1123430000.0 46626200.0 1966110.0 -2.16 4.091 [-2.16]
22387200000000.0 695655000000000.0 11051300000.0 8170940000.0 22640500.0 4182470000.0 600408000.0 39292.1 1193030000.0 3441340000.0 0.0 0.0 14974800.0 1241420000.0 1041370000.0 41256300.0 1670600.0 -2.14 4.089 [-2.14]
22387200000000.0 663123000000000.0 10758100000.0 7591230000.0 19405200.0 4032390000.0 530185000.0 31898.3 1203580000.0 3033670000.0 0.0 0.0 14420000.0 1218210000.0 964206000.0 36470600.0 1418340.0 -2.12 4.086 [-2.12]
22387200000000.0 632177000000000.0 10468400000.0 7050220000.0 16626400.0 3885070000.0 467873000.0 25882.9 1213390000.0 2672850000.0 0.0 0.0 13883400.0 1194510000.0 892092000.0 32226100.0 1203900.0 -2.1 4.084 [-2.1]
22387200000000.0 602738000000000.0 10182400000.0 6545580000.0 14241000.0 3740820000.0 412645000.0 20992.4 1222490000.0 2353810000.0 0.0 0.0 13364900.0 1170370000.0 824776000.0 28464800.0 1021690.0 -2.08 4.082 [-2.08]
22387200000000.0 574576000000000.0 9898860000.0 6072600000.0 12186400.0 3599040000.0 363567000.0 17006.8 1230950000.0 2070930000.0 0.0 0.0 12861200.0 1145740000.0 761649000.0 25120200.0 866349.0 -2.06 4.08 [-2.06]
22387200000000.0 547933000000000.0 9621040000.0 5634370000.0 10432300.0 3461670000.0 320337000.0 13783.4 1238750000.0 1822230000.0 0.0 0.0 12377700.0 1120940000.0 703197000.0 22174000.0 735031.0 -2.04 4.078 [-2.04]
22387200000000.0 522735000000000.0 9349310000.0 5228670000.0 8935160.0 3328880000.0 282290000.0 11176.9 1245930000.0 1603730000.0 0.0 0.0 11914000.0 1096030000.0 649153000.0 19580100.0 624044.0 -2.02 4.076 [-2.02]
22387200000000.0 498462000000000.0 9078820000.0 4846420000.0 7640700.0 3198170000.0 248409000.0 9046.85 1252590000.0 1409530000.0 0.0 0.0 11461300.0 1070680000.0 598265000.0 17265800.0 529019.0 -2.0 4.074 [-2.0]
22387200000000.0 475511000000000.0 8814800000.0 4493070000.0 6537570.0 3072280000.0 218655000.0 7327.54 1258690000.0 1239210000.0 0.0 0.0 11027600.0 1045350000.0 551336000.0 15231800.0 448816.0 -1.98 4.072 [-1.98]
22387200000000.0 453816000000000.0 8557480000.0 4166640000.0 5597540.0 2951240000.0 192537000.0 5939.65 1264270000.0 1089910000.0 0.0 0.0 10612500.0 1020140000.0 508104000.0 13444700.0 381115.0 -1.96 4.069 [-1.96]
22387200000000.0 432887000000000.0 8301730000.0 3859130000.0 4784920.0 2832500000.0 169308000.0 4805.87 1269420000.0 957330000.0 0.0 0.0 10207300.0 994605000.0 467470000.0 11851200.0 323139.0 -1.94 4.067 [-1.94]
22387200000000.0 413249000000000.0 8054770000.0 3577430000.0 4096840.0 2719530000.0 149048000.0 3895.68 1274090000.0 841813000.0 0.0 0.0 9822800.0 969477000.0 430403000.0 10460400.0 274499.0 -1.92 4.065 [-1.92]
22387200000000.0 394289000000000.0 7809600000.0 3312100000.0 3502020.0 2608890000.0 131039000.0 3152.16 1278380000.0 739260000.0 0.0 0.0 9447420.0 944108000.0 395617000.0 9220600.0 232840.0 -1.9 4.063 [-1.9]
22387200000000.0 376382000000000.0 7571710000.0 3067720000.0 2996330.0 2503130000.0 115279000.0 2553.28 1282260000.0 649599000.0 0.0 0.0 9089130.0 919080000.0 363740000.0 8134080.0 197743.0 -1.88 4.061 [-1.88]
22387200000000.0 359337000000000.0 7339310000.0 2840980000.0 2563930.0 2401310000.0 101417000.0 2068.5 1285770000.0 570813000.0 0.0 0.0 8744640.0 894271000.0 334305000.0 7176400.0 167994.0 -1.86 4.059 [-1.86]
22387200000000.0 343112000000000.0 7112450000.0 2630690000.0 2194240.0 2303360000.0 89226200.0 1676.09 1288940000.0 501600000.0 0.0 0.0 8413530.0 869724000.0 307145000.0 6332410.0 142777.0 -1.84 4.058 [-1.84]
22387200000000.0 327666000000000.0 6891180000.0 2435720000.0 1878200.0 2209210000.0 78508400.0 1358.45 1291800000.0 440809000.0 0.0 0.0 8095380.0 845479000.0 282105000.0 5588740.0 121399.0 -1.82 4.056 [-1.82]
22387200000000.0 312961000000000.0 6675540000.0 2255040000.0 1608040.0 2118780000.0 69087400.0 1101.32 1294350000.0 387423000.0 0.0 0.0 7789800.0 821572000.0 259036000.0 4933530.0 103275.0 -1.8 4.054 [-1.8]
22387200000000.0 299065000000000.0 6467130000.0 2088860000.0 1378290.0 2032640000.0 60847100.0 894.015 1296620000.0 340767000.0 0.0 0.0 7498580.0 798213000.0 237958000.0 4359270.0 87983.5 -1.78 4.052 [-1.78]
22387200000000.0 285733000000000.0 6262780000.0 1933770000.0 1180740.0 1949360000.0 53566500.0 725.32 1298620000.0 299588000.0 0.0 0.0 7216890.0 775085000.0 218409000.0 3850440.0 74937.5 -1.76 4.05 [-1.76]
22387200000000.0 273039000000000.0 6064070000.0 1790160000.0 1011850.0 1869510000.0 47168000.0 588.698 1300380000.0 263433000.0 0.0 0.0 6946560.0 752387000.0 200433000.0 3402140.0 63868.3 -1.74 4.048 [-1.74]
22387200000000.0 260951000000000.0 5870960000.0 1657240000.0 867454.0 1792980000.0 41545000.0 478.022 1301910000.0 231690000.0 0.0 0.0 6687210.0 730141000.0 183914000.0 3007140.0 54473.3 -1.72 4.046 [-1.72]
22387200000000.0 249317000000000.0 5681430000.0 1532950000.0 743096.0 1718880000.0 36569800.0 387.827 1303230000.0 203634000.0 0.0 0.0 6435800.0 708137000.0 168581000.0 2656570.0 46439.7 -1.7 4.044 [-1.7]
22387200000000.0 238354000000000.0 5499420000.0 1419190000.0 637594.0 1648670000.0 32229200.0 315.22 1304330000.0 179179000.0 0.0 0.0 6197250.0 686852000.0 154658000.0 2350020.0 39670.0 -1.68 4.043 [-1.68]
22387200000000.0 228030000000000.0 5324900000.0 1315120000.0 548033.0 1582240000.0 28441200.0 256.708 1305250000.0 157856000.0 0.0 0.0 5971140.0 666306000.0 142026000.0 2081850.0 33959.9 -1.66 4.041 [-1.66]
22387200000000.0 218083000000000.0 5153790000.0 1217750000.0 470731.0 1517910000.0 25084300.0 0.0 1305990000.0 138983000.0 0.0 0.0 5751900.0 646044000.0 130299000.0 1843410.0 29062.2 -1.64 4.039 [-1.64]
22387200000000.0 208529000000000.0 4986660000.0 1127000000.0 404206.0 1455850000.0 22117200.0 0.0 1306550000.0 122323000.0 0.0 0.0 5540050.0 626148000.0 119457000.0 1631990.0 24872.0 -1.62 4.037 [-1.62]
22387200000000.0 199502000000000.0 4826150000.0 1043790000.0 347597.0 1396980000.0 19522400.0 0.0 1306950000.0 107768000.0 0.0 0.0 5338730.0 606940000.0 109605000.0 1446580.0 21326.5 -1.6 4.036 [-1.6]
22387200000000.0 190975000000000.0 4672170000.0 967509000.0 299390.0 1341160000.0 17252100.0 0.0 1307210000.0 95047300.0 0.0 0.0 5147530.0 588427000.0 100657000.0 1283890.0 18323.1 -1.58 4.034 [-1.58]
22387200000000.0 182778000000000.0 4521920000.0 896371000.0 257809.0 1287300000.0 15242100.0 0.0 1307320000.0 83801400.0 0.0 0.0 4962740.0 570292000.0 92380400.0 1139350.0 15745.1 -1.56 4.032 [-1.56]
22387200000000.0 174896000000000.0 4375300000.0 830035000.0 221947.0 1235330000.0 13462700.0 0.0 1307300000.0 73860500.0 0.0 0.0 4784130.0 552535000.0 84728000.0 1010960.0 13531.7 -1.54 4.03 [-1.54]
22387200000000.0 167452000000000.0 4234910000.0 769292000.0 191399.0 1186100000.0 11905800.0 0.0 1307150000.0 65173400.0 0.0 0.0 4614660.0 535472000.0 77788800.0 898260.0 11654.4 -1.52 4.029 [-1.52]
22387200000000.0 160357000000000.0 4099300000.0 713152000.0 165185.0 1139040000.0 10534400.0 0.0 1306870000.0 57532800.0 0.0 0.0 4452370.0 518941000.0 71434100.0 798646.0 10049.6 -1.5 4.027 [-1.5]
22387200000000.0 153594000000000.0 3968340000.0 661267000.0 142678.0 1094040000.0 9325870.0 0.0 1306490000.0 50810700.0 0.0 0.0 4296980.0 502937000.0 65615100.0 710557.0 8676.4 -1.48 4.025 [-1.48]
22387200000000.0 147172000000000.0 3842450000.0 613504000.0 123393.0 1051200000.0 8263240.0 0.0 1306000000.0 44909500.0 0.0 0.0 4148810.0 487517000.0 60307800.0 632823.0 7503.4 -1.46 4.024 [-1.46]
22387200000000.0 140998000000000.0 3719970000.0 568996000.0 106719.0 1009910000.0 7321140.0 0.0 1305400000.0 39686600.0 0.0 0.0 4005790.0 472482000.0 55410400.0 563638.0 6492.2 -1.44 4.022 [-1.44]
22387200000000.0 135135000000000.0 3602310000.0 528031000.0 92420.2 970599000.0 6492260.0 0.0 1304700000.0 35099800.0 0.0 0.0 3869440.0 458016000.0 50944200.0 502539.0 5626.91 -1.42 4.02 [-1.42]
22387200000000.0 129544000000000.0 3488850000.0 490164000.0 80111.6 933015000.0 5760620.0 0.0 1303920000.0 31058800.0 0.0 0.0 3738920.0 444046000.0 46854700.0 448395.0 4883.5 -1.4 4.019 [-1.4]
22387200000000.0 124210000000000.0 3379460000.0 455157000.0 69508.5 897080000.0 5114510.0 0.0 1303040000.0 27497100.0 0.0 0.0 3613980.0 430561000.0 43109700.0 400387.0 4244.08 -1.38 4.017 [-1.38]
22387200000000.0 119122000000000.0 3274030000.0 422790000.0 60367.9 862719000.0 4543650.0 0.0 1302080000.0 24356800.0 0.0 0.0 3494390.0 417550000.0 39680000.0 357794.0 3693.48 -1.36 4.016 [-1.36]
22387200000000.0 114268000000000.0 3172450000.0 392861000.0 52481.9 829860000.0 4039010.0 0.0 1301040000.0 21586800.0 0.0 0.0 3379920.0 405004000.0 36538500.0 319982.0 3218.82 -1.34 4.014 [-1.34]
22387200000000.0 109636000000000.0 3074580000.0 365180000.0 45672.7 798434000.0 3592680.0 0.0 1299920000.0 19142200.0 0.0 0.0 3270340.0 392909000.0 33660500.0 286393.0 2809.12 -1.32 4.012 [-1.32]
22387200000000.0 105210000000000.0 2980210000.0 339550000.0 39784.6 768343000.0 3197460.0 0.0 1298730000.0 16982700.0 0.0 0.0 3165340.0 381241000.0 31021000.0 256518.0 2454.84 -1.3 4.011 [-1.3]
22387200000000.0 101016000000000.0 2889990000.0 316003000.0 34715.7 739763000.0 2849060.0 0.0 1297480000.0 15083500.0 0.0 0.0 3065560.0 370085000.0 28618200.0 230060.0 2149.67 -1.28 4.009 [-1.28]
22387200000000.0 96986600000000.0 2802560000.0 294074000.0 30308.0 712243000.0 2539130.0 0.0 1296160000.0 13398300.0 0.0 0.0 2969430.0 359272000.0 26401700.0 206414.0 1884.13 -1.26 4.008 [-1.26]
22387200000000.0 93138500000000.0 2718370000.0 273774000.0 26488.5 685904000.0 2264370.0 0.0 1294770000.0 11908200.0 0.0 0.0 2877380.0 348861000.0 24368300.0 185350.0 1653.76 -1.24 4.006 [-1.24]
22387200000000.0 89464200000000.0 2637330000.0 254981000.0 23176.4 660696000.0 2020690.0 0.0 1293330000.0 10590200.0 0.0 0.0 2789270.0 338841000.0 22503800.0 166576.0 1453.69 -1.22 4.005 [-1.22]
22387200000000.0 85954500000000.0 2559330000.0 237577000.0 20301.1 636563000.0 1804430.0 0.0 1291820000.0 9423720.0 0.0 0.0 2704910.0 329200000.0 20793000.0 149830.0 1279.67 -1.2 4.003 [-1.2]
22387200000000.0 82601400000000.0 2484240000.0 221455000.0 17802.7 613455000.0 1612380.0 0.0 1290260000.0 8390770.0 0.0 0.0 2624130.0 319924000.0 19222600.0 134882.0 1128.13 -1.18 4.002 [-1.18]
22387200000000.0 79397600000000.0 2411970000.0 206516000.0 15629.6 591322000.0 1441740.0 0.0 1288660000.0 7475600.0 0.0 0.0 2546780.0 311001000.0 17780600.0 121529.0 995.967 -1.16 4.0 [-1.16]
22387200000000.0 76335600000000.0 2342410000.0 192668000.0 13737.5 570119000.0 1290000.0 0.0 1287000000.0 6664330.0 0.0 0.0 2472690.0 302419000.0 16455900.0 109591.0 880.559 -1.14 3.999 [-1.14]
22387200000000.0 73408600000000.0 2275470000.0 179828000.0 12088.4 549801000.0 1155010.0 0.0 1285300000.0 5944780.0 0.0 0.0 2401730.0 294166000.0 15238500.0 98910.6 779.644 -1.12 3.997 [-1.12]
22387200000000.0 70610300000000.0 2211030000.0 167919000.0 10649.8 530327000.0 1034820.0 0.0 1283550000.0 5306220.0 0.0 0.0 2333760.0 286230000.0 14119300.0 89348.2 691.285 -1.1 3.996 [-1.1]
22387200000000.0 67934400000000.0 2149010000.0 156869000.0 9393.24 511657000.0 927762.0 0.0 1281760000.0 4739210.0 0.0 0.0 2268640.0 278600000.0 13089800.0 80779.9 613.813 -1.08 3.995 [-1.08]
22387200000000.0 65375000000000.0 2089320000.0 146612000.0 8294.69 493753000.0 832326.0 0.0 1279940000.0 4235450.0 0.0 0.0 2206250.0 271265000.0 12142600.0 73096.3 545.796 -1.06 3.993 [-1.06]
22387200000000.0 62918800000000.0 2031680000.0 137059000.0 7331.39 476526000.0 747044.0 0.0 1278070000.0 3786800.0 0.0 0.0 2146270.0 264190000.0 11268100.0 66188.7 485.89 -1.04 3.992 [-1.04]
22387200000000.0 60583900000000.0 1976550000.0 128242000.0 6490.82 460101000.0 671219.0 0.0 1276180000.0 3389300.0 0.0 0.0 2089160.0 257434000.0 10467400.0 60007.4 433.355 -1.02 3.99 [-1.02]
22387200000000.0 58341800000000.0 1923310000.0 120021000.0 5751.94 444287000.0 603358.0 0.0 1274260000.0 3034780.0 0.0 0.0 2034240.0 250917000.0 9727280.0 54440.4 386.948 -1.0 3.989 [-1.0]
22387200000000.0 56195500000000.0 1872040000.0 112378000.0 5103.15 429103000.0 542707.0 0.0 1272300000.0 2719060.0 0.0 0.0 1981590.0 244652000.0 9044910.0 49432.2 345.983 -0.98 3.987 [-0.98]
22387200000000.0 54140600000000.0 1822670000.0 105271000.0 4532.82 414522000.0 488465.0 0.0 1270320000.0 2437730.0 0.0 0.0 1931100.0 238630000.0 8415470.0 44923.2 309.773 -0.96 3.986 [-0.96]
22387200000000.0 52172600000000.0 1775130000.0 98657700.0 4030.94 400516000.0 439923.0 0.0 1268310000.0 2186890.0 0.0 0.0 1882690.0 232840000.0 7834530.0 40860.3 277.724 -0.94 3.985 [-0.94]
22387200000000.0 50287500000000.0 1729340000.0 92502300.0 3588.78 387057000.0 396455.0 0.0 1266280000.0 1963110.0 0.0 0.0 1836250.0 227274000.0 7298100.0 37196.5 249.32 -0.92 3.983 [-0.92]
22387200000000.0 48481400000000.0 1685220000.0 86770100.0 3198.82 374120000.0 357503.0 0.0 1264240000.0 1763340.0 0.0 0.0 1791700.0 221923000.0 6802480.0 33889.7 224.113 -0.9 3.982 [-0.9]
22387200000000.0 46750600000000.0 1642720000.0 81429900.0 2854.5 361681000.0 322577.0 0.0 1262170000.0 1584890.0 0.0 0.0 1748960.0 216777000.0 6344310.0 30902.9 201.714 -0.88 3.981 [-0.88]
22387200000000.0 45091500000000.0 1601760000.0 76452500.0 2550.15 349717000.0 291239.0 0.0 1260080000.0 1425390.0 0.0 0.0 1707940.0 211829000.0 5920530.0 28202.9 181.784 -0.86 3.979 [-0.86]
