Cloudy_runs/h1821/logZ=-1/z=0.170006/component_III_PI_nH/component_III_PI_nH_col_density_param.txt
# %ECSV 1.0
# ---
# datatype:
# - {name: H, datatype: float64}
# - {name: H+, datatype: float64}
# - {name: C+, datatype: float64}
# - {name: C+2, datatype: float64}
# - {name: C+3, datatype: float64}
# - {name: N+, datatype: float64}
# - {name: N+2, datatype: float64}
# - {name: N+4, datatype: float64}
# - {name: O, datatype: float64}
# - {name: O+2, datatype: float64}
# - {name: O+5, datatype: float64}
# - {name: O+6, datatype: float64}
# - {name: P+, datatype: float64}
# - {name: Si+, datatype: float64}
# - {name: Si+2, datatype: float64}
# - {name: Si+3, datatype: float64}
# - {name: Si+4, datatype: float64}
# - {name: log_nH, datatype: float64}
# - {name: log_Te, datatype: float64}
# - {name: parameters, datatype: string, subtype: 'float64[1]'}
# schema: astropy-2.0
H H+ C+ C+2 C+3 N+ N+2 N+4 O O+2 O+5 O+6 P+ Si+ Si+2 Si+3 Si+4 log_nH log_Te parameters
22387200000000.0 1.08627e+18 1005010000.0 177828000000.0 809715000000.0 71617700.0 27050100000.0 867626000000.0 4559.94 69069300000.0 11937800000000.0 23960500000000.0 32442.3 488897.0 27583500.0 155617000.0 21533000000.0 -5.0 4.578 [-5.0]
22387200000000.0 1.02774e+18 1094990000.0 188719000000.0 826500000000.0 78484700.0 28937900000.0 862348000000.0 5106.29 74256800000.0 11462800000000.0 21867600000000.0 38500.6 585799.0 32274000.0 176049000.0 23060100000.0 -4.98 4.573 [-4.98]
22387200000000.0 9.72575e+17 1191690000.0 200018000000.0 842592000000.0 85955700.0 30928600000.0 855851000000.0 5718.59 79747400000.0 10983700000000.0 19921400000000.0 45608.8 700467.0 37697900.0 198834000.0 24658700000.0 -4.96 4.568 [-4.96]
22387200000000.0 9.20553e+17 1295480000.0 211724000000.0 857956000000.0 94074200.0 33024300000.0 848149000000.0 6404.39 85546300000.0 10502400000000.0 18115200000000.0 53934.1 835883.0 43959200.0 224203000.0 26328800000.0 -4.94 4.563 [-4.94]
22387200000000.0 8.71477e+17 1406780000.0 223836000000.0 872558000000.0 102886000.0 35226800000.0 839256000000.0 7172.18 91657600000.0 10020700000000.0 16442200000000.0 63668.2 995480.0 51175200.0 252401000.0 28070500000.0 -4.92 4.558 [-4.92]
22387200000000.0 8.25162e+17 1526020000.0 236352000000.0 886367000000.0 112436000.0 37537300000.0 829192000000.0 8031.27 98084100000.0 9540620000000.0 14895600000000.0 75029.6 1183200.0 59478000.0 283693000.0 29883200000.0 -4.9 4.553 [-4.9]
22387200000000.0 7.81439e+17 1653570000.0 249265000000.0 899351000000.0 122770000.0 39955800000.0 817980000000.0 8991.57 104824000000.0 9064020000000.0 13469100000000.0 88263.8 1403530.0 69014400.0 318361000.0 31766100000.0 -4.88 4.549 [-4.88]
22387200000000.0 7.40146e+17 1789940000.0 262572000000.0 911482000000.0 133941000.0 42483200000.0 805648000000.0 10065.1 111881000000.0 8592540000000.0 12155800000000.0 103658.0 1661680.0 79951600.0 356709000.0 33718200000.0 -4.86 4.544 [-4.86]
22387200000000.0 7.01146e+17 1935630000.0 276269000000.0 922731000000.0 146002000.0 45119400000.0 792230000000.0 11265.3 119254000000.0 8127910000000.0 10949700000000.0 121536.0 1963510.0 92473800.0 399050000.0 35737500000.0 -4.84 4.54 [-4.84]
22387200000000.0 6.64304e+17 2091140000.0 290346000000.0 933072000000.0 159009000.0 47863500000.0 777766000000.0 12606.9 126941000000.0 7671720000000.0 9844390000000.0 142265.0 2315730.0 106787000.0 445719000.0 37821900000.0 -4.82 4.535 [-4.82]
22387200000000.0 6.29471e+17 2256770000.0 304787000000.0 942481000000.0 172991000.0 50710600000.0 762294000000.0 14103.0 134928000000.0 7225370000000.0 8833450000000.0 166241.0 2725880.0 123121000.0 497095000.0 39969400000.0 -4.8 4.531 [-4.8]
22387200000000.0 5.96532e+17 2432990000.0 319579000000.0 950933000000.0 187998000.0 53657700000.0 745862000000.0 15771.3 143208000000.0 6790200000000.0 7910870000000.0 193927.0 3202540.0 141730000.0 553561000.0 42176900000.0 -4.78 4.527 [-4.78]
22387200000000.0 5.65378e+17 2620290000.0 334706000000.0 958406000000.0 204077000.0 56700900000.0 728526000000.0 17631.0 151773000000.0 6367410000000.0 7070930000000.0 225837.0 3755380.0 162896000.0 615515000.0 44440900000.0 -4.76 4.523 [-4.76]
22387200000000.0 5.35897e+17 2818990000.0 350147000000.0 964878000000.0 221263000.0 59833500000.0 710339000000.0 19701.6 160609000000.0 5958030000000.0 6307790000000.0 262540.0 4395240.0 186932000.0 683396000.0 46757800000.0 -4.74 4.518 [-4.74]
22387200000000.0 5.07998e+17 3029530000.0 365878000000.0 970327000000.0 239594000.0 63049400000.0 691367000000.0 22006.5 169702000000.0 5562990000000.0 5616110000000.0 304673.0 5134280.0 214178000.0 757645000.0 49122800000.0 -4.72 4.514 [-4.72]
22387200000000.0 4.81588e+17 3252320000.0 381877000000.0 974736000000.0 259108000.0 66341200000.0 671677000000.0 24571.3 179038000000.0 5183030000000.0 4990610000000.0 352950.0 5986130.0 245013000.0 838731000.0 51531000000.0 -4.7 4.51 [-4.7]
22387200000000.0 4.56583e+17 3487710000.0 398115000000.0 978085000000.0 279836000.0 69700300000.0 651341000000.0 27424.5 188601000000.0 4818790000000.0 4426220000000.0 408158.0 6965960.0 279851000.0 927140000.0 53977000000.0 -4.68 4.506 [-4.68]
22387200000000.0 4.32903e+17 3736040000.0 414560000000.0 980359000000.0 301803000.0 73117500000.0 630436000000.0 30597.8 198374000000.0 4470720000000.0 3918170000000.0 471167.0 8090630.0 319143000.0 1023380000.0 56454500000.0 -4.66 4.502 [-4.66]
22387200000000.0 4.10474e+17 3997570000.0 431177000000.0 981540000000.0 325029000.0 76581700000.0 609040000000.0 34125.7 208336000000.0 4139140000000.0 3461820000000.0 542926.0 9378760.0 363383000.0 1127970000.0 58956900000.0 -4.64 4.498 [-4.64]
22387200000000.0 3.89221e+17 4272450000.0 447925000000.0 981616000000.0 349519000.0 80080900000.0 587235000000.0 38046.3 218466000000.0 3824230000000.0 3052830000000.0 624473.0 10851000.0 413107000.0 1241470000.0 61477300000.0 -4.62 4.494 [-4.62]
22387200000000.0 3.69088e+17 4561140000.0 464770000000.0 980575000000.0 375309000.0 83605600000.0 565107000000.0 42407.4 228750000000.0 3526070000000.0 2687170000000.0 717000.0 12530100.0 468899000.0 1364410000.0 64007600000.0 -4.6 4.49 [-4.6]
22387200000000.0 3.50009e+17 4863610000.0 481662000000.0 978408000000.0 402387000.0 87141400000.0 542744000000.0 47255.7 239162000000.0 3244610000000.0 2360940000000.0 821733.0 14440900.0 531384000.0 1497350000.0 66539600000.0 -4.58 4.486 [-4.58]
22387200000000.0 3.31935e+17 5180370000.0 498566000000.0 975109000000.0 430792000.0 90678600000.0 520234000000.0 52652.8 249689000000.0 2979690000000.0 2070600000000.0 940124.0 16611000.0 601244000.0 1640810000.0 69064200000.0 -4.56 4.482 [-4.56]
22387200000000.0 3.148e+17 5511220000.0 515424000000.0 970670000000.0 460496000.0 94201700000.0 497657000000.0 58658.3 260305000000.0 2730980000000.0 1812650000000.0 1073630.0 19070500.0 679219000.0 1795440000.0 71572900000.0 -4.54 4.478 [-4.54]
22387200000000.0 2.98564e+17 5856030000.0 532175000000.0 965092000000.0 491478000.0 97695600000.0 475111000000.0 65340.1 270981000000.0 2498270000000.0 1584110000000.0 1223790.0 21850200.0 766052000.0 1961730000.0 74054900000.0 -4.52 4.475 [-4.52]
22387200000000.0 2.83174e+17 6215060000.0 548777000000.0 958374000000.0 523758000.0 101150000000.0 452670000000.0 72784.5 281705000000.0 2281000000000.0 1381950000000.0 1392450.0 24986800.0 862613000.0 2140260000.0 76500800000.0 -4.5 4.471 [-4.5]
22387200000000.0 2.68586e+17 6588050000.0 565165000000.0 950521000000.0 557305000.0 104549000000.0 430420000000.0 81079.4 292452000000.0 2078740000000.0 1203550000000.0 1581470.0 28517300.0 969769000.0 2331580000.0 78899800000.0 -4.48 4.467 [-4.48]
22387200000000.0 2.54758e+17 6974960000.0 581283000000.0 941539000000.0 592118000.0 107880000000.0 408436000000.0 90330.7 303201000000.0 1890910000000.0 1046410000000.0 1792940.0 32483100.0 1088470000.0 2536190000.0 81241100000.0 -4.46 4.463 [-4.46]
22387200000000.0 2.4165e+17 7375500000.0 597068000000.0 931439000000.0 628170000.0 111131000000.0 386793000000.0 100654.0 313931000000.0 1716920000000.0 908296000000.0 2029000.0 36927700.0 1219700000.0 2754600000.0 83513600000.0 -4.44 4.459 [-4.44]
22387200000000.0 2.29224e+17 7789390000.0 612457000000.0 920237000000.0 665444000.0 114289000000.0 365558000000.0 112182.0 324620000000.0 1556160000000.0 787134000000.0 2292020.0 41897900.0 1364500000.0 2987240000.0 85706000000.0 -4.42 4.455 [-4.42]
22387200000000.0 2.17444e+17 8216140000.0 627382000000.0 907951000000.0 703907000.0 117340000000.0 344795000000.0 125062.0 335247000000.0 1407970000000.0 681049000000.0 2584430.0 47443100.0 1523970000.0 3234560000.0 87806900000.0 -4.4 4.452 [-4.4]
22387200000000.0 2.06275e+17 8655880000.0 641795000000.0 894602000000.0 743587000.0 120277000000.0 324557000000.0 139477.0 345798000000.0 1271650000000.0 588328000000.0 2909120.0 53619300.0 1699270000.0 3496890000.0 89805000000.0 -4.38 4.448 [-4.38]
22387200000000.0 1.95692e+17 9106830000.0 655595000000.0 880230000000.0 784354000.0 123082000000.0 304912000000.0 155590.0 356235000000.0 1146660000000.0 507492000000.0 3268260.0 60473300.0 1891420000.0 3774460000.0 91687800000.0 -4.36 4.444 [-4.36]
22387200000000.0 1.85657e+17 9569400000.0 668747000000.0 864855000000.0 826270000.0 125751000000.0 285885000000.0 173643.0 366552000000.0 1032200000000.0 437092000000.0 3665280.0 68071500.0 2101780000.0 4067590000.0 93445000000.0 -4.34 4.44 [-4.34]
22387200000000.0 1.76144e+17 10042700000.0 681182000000.0 848519000000.0 869299000.0 128273000000.0 267521000000.0 193875.0 376728000000.0 927637000000.0 375907000000.0 4103110.0 76472800.0 2331530000.0 4376350000.0 95065100000.0 -4.32 4.436 [-4.32]
22387200000000.0 1.67127e+17 10526000000.0 692836000000.0 831265000000.0 913413000.0 130639000000.0 249852000000.0 216565.0 386740000000.0 832327000000.0 322823000000.0 4584900.0 85740600.0 2581920000.0 4700770000.0 96537200000.0 -4.3 4.433 [-4.3]
22387200000000.0 1.5858e+17 11018500000.0 703654000000.0 813141000000.0 958607000.0 132843000000.0 232902000000.0 242030.0 396574000000.0 745629000000.0 276848000000.0 5113990.0 95941000.0 2854190000.0 5040730000.0 97850900000.0 -4.28 4.429 [-4.28]
22387200000000.0 1.50476e+17 11518800000.0 713563000000.0 794197000000.0 1004810000.0 134876000000.0 216690000000.0 270613.0 406202000000.0 666921000000.0 237089000000.0 5693360.0 107139000.0 3149560000.0 5396140000.0 98996000000.0 -4.26 4.425 [-4.26]
22387200000000.0 1.42789e+17 12026400000.0 722520000000.0 774480000000.0 1052040000.0 136734000000.0 201219000000.0 302735.0 415615000000.0 595576000000.0 202750000000.0 6326790.0 119410000.0 3469390000.0 5766740000.0 99963300000.0 -4.24 4.422 [-4.24]
22387200000000.0 1.35509e+17 12539300000.0 730462000000.0 754082000000.0 1100220000.0 138409000000.0 186520000000.0 338802.0 424781000000.0 531121000000.0 173177000000.0 7016640.0 132804000.0 3814450000.0 6151670000.0 100743000000.0 -4.22 4.418 [-4.22]
22387200000000.0 1.286e+17 13057500000.0 737359000000.0 733027000000.0 1149410000.0 139901000000.0 172563000000.0 379386.0 433698000000.0 472887000000.0 147702000000.0 7767490.0 147418000.0 4186410000.0 6550800000.0 101329000000.0 -4.2 4.415 [-4.2]
22387200000000.0 1.22054e+17 13578800000.0 743160000000.0 711417000000.0 1199530000.0 141204000000.0 159368000000.0 425007.0 442338000000.0 420450000000.0 125821000000.0 8581330.0 163296000.0 4585860000.0 6962930000.0 101712000000.0 -4.18 4.411 [-4.18]
22387200000000.0 1.1585e+17 14101900000.0 747830000000.0 689327000000.0 1250550000.0 142316000000.0 146925000000.0 476298.0 450683000000.0 373316000000.0 107054000000.0 9460930.0 180502000.0 5013660000.0 7387060000.0 101888000000.0 -4.16 4.407 [-4.16]
22387200000000.0 1.09965e+17 14625900000.0 751346000000.0 666805000000.0 1302500000.0 143236000000.0 135208000000.0 534034.0 458723000000.0 330978000000.0 90964600000.0 10409900.0 199118000.0 5470950000.0 7822290000.0 101850000000.0 -4.14 4.404 [-4.14]
22387200000000.0 1.04384e+17 15149300000.0 753682000000.0 643942000000.0 1355330000.0 143963000000.0 124208000000.0 599004.0 466440000000.0 293032000000.0 77197000000.0 11430100.0 219195000.0 5958170000.0 8267090000.0 101594000000.0 -4.12 4.4 [-4.12]
22387200000000.0 9.90925e+16 15670300000.0 754822000000.0 620816000000.0 1409040000.0 144497000000.0 113906000000.0 672120.0 473816000000.0 259080000000.0 65432100000.0 12523300.0 240785000.0 6475720000.0 8719890000.0 101118000000.0 -4.1 4.397 [-4.1]
22387200000000.0 9.40702e+16 16187700000.0 754752000000.0 597491000000.0 1463600000.0 144837000000.0 104274000000.0 754453.0 480838000000.0 228731000000.0 55386000000.0 13691400.0 263949000.0 7024000000.0 9179060000.0 100418000000.0 -4.08 4.393 [-4.08]
22387200000000.0 8.93141e+16 16699400000.0 753488000000.0 574096000000.0 1518960000.0 144987000000.0 95307800000.0 847012.0 487485000000.0 201700000000.0 46835600000.0 14933500.0 288680000.0 7602170000.0 9642010000.0 99498200000.0 -4.06 4.39 [-4.06]
22387200000000.0 8.47998e+16 17204700000.0 751026000000.0 550662000000.0 1575150000.0 144948000000.0 86961900000.0 951226.0 493749000000.0 177612000000.0 39552800000.0 16251500.0 315053000.0 8210580000.0 10107000000.0 98355900000.0 -4.04 4.387 [-4.04]
22387200000000.0 8.05147e+16 17702100000.0 747379000000.0 527264000000.0 1632180000.0 144722000000.0 79210800000.0 1068560.0 499617000000.0 156179000000.0 33357900000.0 17645000.0 343092000.0 8848550000.0 10571600000.0 96993500000.0 -4.02 4.383 [-4.02]
22387200000000.0 7.64557e+16 18189000000.0 742579000000.0 504035000000.0 1689900000.0 144313000000.0 72043100000.0 1200400.0 505065000000.0 137178000000.0 28105700000.0 19109200.0 372726000.0 9513910000.0 11032700000.0 95419100000.0 -4.0 4.38 [-4.0]
22387200000000.0 7.26017e+16 18664900000.0 736644000000.0 480992000000.0 1748400000.0 143724000000.0 65413800000.0 1348770.0 510088000000.0 120319000000.0 23648600000.0 20644500.0 404012000.0 10206100000.0 11488000000.0 93634200000.0 -3.98 4.376 [-3.98]
22387200000000.0 6.89449e+16 19128100000.0 729613000000.0 458224000000.0 1807630000.0 142959000000.0 59299700000.0 1515590.0 514672000000.0 105395000000.0 19873800000.0 22246200.0 436895000.0 10922800000.0 11934200000.0 91647300000.0 -3.96 4.373 [-3.96]
22387200000000.0 6.54748e+16 19577300000.0 721529000000.0 435797000000.0 1867570000.0 142023000000.0 53672100000.0 1703120.0 518802000000.0 92201700000.0 16680700000.0 23909800.0 471326000.0 11661400000.0 12368200000.0 89467500000.0 -3.94 4.37 [-3.94]
22387200000000.0 6.21815e+16 20011300000.0 712441000000.0 413774000000.0 1928210000.0 140921000000.0 48502400000.0 1913840.0 522467000000.0 80554600000.0 13982900000.0 25629500.0 507233000.0 12419000000.0 12786700000.0 87104800000.0 -3.92 4.366 [-3.92]
22387200000000.0 5.90528e+16 20429000000.0 702387000000.0 392191000000.0 1989540000.0 139656000000.0 43758300000.0 2150710.0 525654000000.0 70277900000.0 11704600000.0 27399700.0 544560000.0 13192500000.0 13186400000.0 84568700000.0 -3.9 4.363 [-3.9]
22387200000000.0 5.60859e+16 20829200000.0 691456000000.0 371140000000.0 2051510000.0 138240000000.0 39421000000.0 2416500.0 528354000000.0 61238900000.0 9786340000.0 29210900.0 583129000.0 13977200000.0 13563800000.0 81878000000.0 -3.88 4.36 [-3.88]
22387200000000.0 5.32693e+16 21211300000.0 679697000000.0 350646000000.0 2114150000.0 136677000000.0 35459200000.0 2714780.0 530555000000.0 53291700000.0 8171590000.0 31055400.0 622838000.0 14769000000.0 13915600000.0 79045000000.0 -3.86 4.356 [-3.86]
22387200000000.0 5.05954e+16 21574300000.0 667176000000.0 330753000000.0 2177420000.0 134972000000.0 31847100000.0 3049350.0 532247000000.0 46314000000.0 6814130000.0 32924000.0 663528000.0 15563000000.0 14238300000.0 76086000000.0 -3.84 4.353 [-3.84]
22387200000000.0 4.80566e+16 21917500000.0 653958000000.0 311493000000.0 2241330000.0 133134000000.0 28559800000.0 3424440.0 533421000000.0 40195700000.0 5674360000.0 34806400.0 705020000.0 16353800000.0 14528900000.0 73018400000.0 -3.82 4.35 [-3.82]
22387200000000.0 4.56458e+16 22240600000.0 640116000000.0 292895000000.0 2305880000.0 131169000000.0 25573400000.0 3844710.0 534067000000.0 34838000000.0 4718590000.0 36692400.0 747118000.0 17135700000.0 14784300000.0 69860600000.0 -3.8 4.346 [-3.8]
22387200000000.0 4.33565e+16 22543100000.0 625721000000.0 274984000000.0 2371080000.0 129085000000.0 22865200000.0 4315310.0 534177000000.0 30152700000.0 3918190000.0 38571200.0 789612000.0 17902900000.0 15001700000.0 66631800000.0 -3.78 4.343 [-3.78]
22387200000000.0 4.1185e+16 22824800000.0 610866000000.0 257797000000.0 2436900000.0 126894000000.0 20416200000.0 4841410.0 533751000000.0 26065300000.0 3249480000.0 40430600.0 832220000.0 18649100000.0 15178900000.0 63356100000.0 -3.76 4.34 [-3.76]
22387200000000.0 3.91175e+16 23085900000.0 595555000000.0 241284000000.0 2503460000.0 124592000000.0 18197800000.0 5430820.0 532764000000.0 22492300000.0 2689720000.0 42264100.0 874866000.0 19368700000.0 15313100000.0 60041500000.0 -3.74 4.336 [-3.74]
