Cloudy_runs/h1821/logZ=-1/z=0.170006/component_III_PI_nH/component_III_PI_nH_col_density_param.txt
# %ECSV 1.0
# ---
# datatype:
# - {name: H, datatype: float64}
# - {name: H+, datatype: float64}
# - {name: C+, datatype: float64}
# - {name: C+2, datatype: float64}
# - {name: C+3, datatype: float64}
# - {name: N+, datatype: float64}
# - {name: N+2, datatype: float64}
# - {name: N+4, datatype: float64}
# - {name: O, datatype: float64}
# - {name: O+2, datatype: float64}
# - {name: O+5, datatype: float64}
# - {name: O+6, datatype: float64}
# - {name: P+, datatype: float64}
# - {name: Si+, datatype: float64}
# - {name: Si+2, datatype: float64}
# - {name: Si+3, datatype: float64}
# - {name: Si+4, datatype: float64}
# - {name: log_nH, datatype: float64}
# - {name: log_Te, datatype: float64}
# - {name: parameters, datatype: string, subtype: 'float64[1]'}
# schema: astropy-2.0
H H+ C+ C+2 C+3 N+ N+2 N+4 O O+2 O+5 O+6 P+ Si+ Si+2 Si+3 Si+4 log_nH log_Te parameters
[from data line 65]
22387200000000.0 3.52963e+16 23546100000.0 564050000000.0 210493000000.0 2638620000.0 119725000000.0 14400900000.0 6822850.0 529146000000.0 16684300000.0 1835570000.0 45799200.0 958825000.0 20701900000.0 15448200000.0 53412700000.0 -3.7 4.33 [-3.7]
22387200000000.0 3.3527e+16 23745700000.0 547940000000.0 196174000000.0 2707330000.0 117167000000.0 12782100000.0 7642510.0 526494000000.0 14336300000.0 1512570000.0 47483700.0 999759000.0 21304200000.0 15446700000.0 50129600000.0 -3.68 4.326 [-3.68]
22387200000000.0 3.18465e+16 23925500000.0 531688000000.0 182573000000.0 2776860000.0 114540000000.0 11329000000.0 8556190.0 523281000000.0 12299900000.0 1244380000.0 49100900.0 1039670000.0 21856400000.0 15398700000.0 46894000000.0 -3.66 4.323 [-3.66]
22387200000000.0 3.02479e+16 24086100000.0 515323000000.0 169663000000.0 2847290000.0 111846000000.0 10025100000.0 9574950.0 519494000000.0 10534200000.0 1021760000.0 50643800.0 1078410000.0 22353800000.0 15304000000.0 43719000000.0 -3.64 4.32 [-3.64]
22387200000000.0 2.87318e+16 24228200000.0 498960000000.0 157467000000.0 2918600000.0 109104000000.0 8860220000.0 10707400.0 515159000000.0 9009490000.0 837756000.0 52103200.0 1115640000.0 22792200000.0 15164700000.0 40629300000.0 -3.62 4.316 [-3.62]
22387200000000.0 2.7294e+16 24352300000.0 482652000000.0 145970000000.0 2990860000.0 106322000000.0 7821260000.0 11964600.0 510285000000.0 7694900000.0 685894000.0 53473100.0 1151190000.0 23168700000.0 14982300000.0 37639400000.0 -3.6 4.313 [-3.6]
22387200000000.0 2.59261e+16 24459000000.0 466390000000.0 135118000000.0 3064200000.0 103497000000.0 6893340000.0 13362100.0 504848000000.0 6559880000.0 560413000.0 54750700.0 1185040000.0 23479900000.0 14757400000.0 34753500000.0 -3.58 4.31 [-3.58]
22387200000000.0 2.46246e+16 24548900000.0 450217000000.0 124894000000.0 3138680000.0 100637000000.0 6065980000.0 14914400.0 498852000000.0 5581550000.0 456924000.0 55931400.0 1217040000.0 23723700000.0 14492200000.0 31982800000.0 -3.56 4.306 [-3.56]
22387200000000.0 2.33927e+16 24623100000.0 434264000000.0 115324000000.0 3214280000.0 97767100000.0 5332820000.0 16630200.0 492360000000.0 4743390000.0 372089000.0 57009800.0 1246920000.0 23900700000.0 14192000000.0 29348000000.0 -3.54 4.303 [-3.54]
22387200000000.0 2.22186e+16 24682000000.0 418450000000.0 106324000000.0 3291030000.0 94871400000.0 4680100000.0 18534000.0 485312000000.0 4022100000.0 302254000.0 57987300.0 1274870000.0 24008500000.0 13856400000.0 26840500000.0 -3.52 4.299 [-3.52]
22387200000000.0 2.11054e+16 24726800000.0 402897000000.0 97914200000.0 3368850000.0 91974500000.0 4102700000.0 20636100.0 477779000000.0 3405350000.0 245140000.0 58860300.0 1300650000.0 24049700000.0 13491500000.0 24476700000.0 -3.5 4.296 [-3.5]
22387200000000.0 2.00481e+16 24757700000.0 387604000000.0 90056600000.0 3448000000.0 89077200000.0 3591860000.0 22957200.0 469757000000.0 2878020000.0 198437000.0 59628700.0 1324330000.0 24024900000.0 13100000000.0 22255500000.0 -3.48 4.292 [-3.48]
22387200000000.0 1.90439e+16 24775600000.0 372596000000.0 82726200000.0 3528550000.0 86185900000.0 3140580000.0 25517000.0 461266000000.0 2427920000.0 160319000.0 60292800.0 1345920000.0 23936200000.0 12685600000.0 20178200000.0 -3.46 4.289 [-3.46]
22387200000000.0 1.80902e+16 24781100000.0 357894000000.0 75898000000.0 3610580000.0 83306800000.0 2742530000.0 28336300.0 452326000000.0 2044420000.0 129269000.0 60853500.0 1365460000.0 23786300000.0 12252100000.0 18244000000.0 -3.44 4.286 [-3.44]
22387200000000.0 1.71843e+16 24774800000.0 343519000000.0 69547300000.0 3694140000.0 80445700000.0 2391950000.0 31437500.0 442960000000.0 1718260000.0 104024000.0 61312500.0 1383030000.0 23578500000.0 11803300000.0 16451100000.0 -3.42 4.282 [-3.42]
22387200000000.0 1.6324e+16 24757400000.0 329485000000.0 63649200000.0 3779310000.0 77608100000.0 2083630000.0 34844300.0 433193000000.0 1441380000.0 83541700.0 61671800.0 1398720000.0 23316600000.0 11342800000.0 14796100000.0 -3.4 4.279 [-3.4]
22387200000000.0 1.55069e+16 24729400000.0 315805000000.0 58179500000.0 3866140000.0 74798800000.0 1812870000.0 38581600.0 423052000000.0 1206780000.0 66956000.0 61933800.0 1412630000.0 23004400000.0 10874100000.0 13274500000.0 -3.38 4.275 [-3.38]
22387200000000.0 1.47309e+16 24691300000.0 302490000000.0 53114300000.0 3954690000.0 72022600000.0 1575430000.0 42675900.0 412566000000.0 1008380000.0 53553400.0 62101500.0 1424890000.0 22646500000.0 10400600000.0 11881000000.0 -3.36 4.272 [-3.36]
22387200000000.0 1.39939e+16 24643600000.0 289548000000.0 48430300000.0 4044990000.0 69284000000.0 1367510000.0 47154800.0 401765000000.0 840931000.0 42745600.0 62178100.0 1435620000.0 22247200000.0 9925450000.0 10609500000.0 -3.34 4.268 [-3.34]
22387200000000.0 1.3294e+16 24586900000.0 276983000000.0 44104900000.0 4137090000.0 66586700000.0 1185680000.0 52047500.0 390680000000.0 699879000.0 34048600.0 62167100.0 1444970000.0 21811000000.0 9451500000.0 9453380000.0 -3.32 4.265 [-3.32]
22387200000000.0 1.26307e+16 24521900000.0 264829000000.0 40123900000.0 4231010000.0 63940600000.0 1027170000.0 57376100.0 379376000000.0 581507000.0 27076400.0 62073100.0 1453010000.0 21344200000.0 8982550000.0 8407440000.0 -3.3 4.261 [-3.3]
22387200000000.0 1.19994e+16 24448100000.0 253030000000.0 36450000000.0 4326760000.0 61336200000.0 888645000.0 63187800.0 367825000000.0 482000000.0 21478300.0 61897900.0 1460000000.0 20847900000.0 8518610000.0 7460910000.0 -3.28 4.258 [-3.28]
22387200000000.0 1.13985e+16 24365900000.0 241587000000.0 33064700000.0 4424350000.0 58776400000.0 767755000.0 69517500.0 356059000000.0 398549000.0 16994800.0 61644700.0 1466080000.0 20326200000.0 8061830000.0 6607010000.0 -3.26 4.254 [-3.26]
22387200000000.0 1.08291e+16 24276400000.0 230554000000.0 29962200000.0 4523740000.0 56276000000.0 662806000.0 76380600.0 344176000000.0 328972000.0 13425000.0 61320000.0 1471270000.0 19786800000.0 7616260000.0 5841590000.0 -3.24 4.251 [-3.24]
22387200000000.0 1.02884e+16 24179400000.0 219901000000.0 27116800000.0 4624890000.0 53831000000.0 571619000.0 83820600.0 332179000000.0 270969000.0 10583100.0 60926800.0 1475750000.0 19231800000.0 7182260000.0 5156050000.0 -3.22 4.247 [-3.22]
22387200000000.0 9776120000000000.0 24075600000.0 209649000000.0 24516100000.0 4727780000.0 51449100000.0 492634000.0 91859900.0 320137000000.0 222803000.0 8329420.0 60470800.0 1479610000.0 18666800000.0 6762140000.0 4544670000.0 -3.2 4.244 [-3.2]
22387200000000.0 9288480000000000.0 23964500000.0 199744000000.0 22132200000.0 4832310000.0 49120100000.0 424023000.0 100558000.0 308020000000.0 182740000.0 6539330.0 59952800.0 1483050000.0 18091700000.0 6354840000.0 3998800000.0 -3.18 4.24 [-3.18]
22387200000000.0 8824290000000000.0 23846000000.0 190182000000.0 19950500000.0 4938330000.0 46845400000.0 364505000.0 109956000.0 295861000000.0 149499000.0 5121070.0 59375900.0 1486170000.0 17509600000.0 5961290000.0 3512570000.0 -3.16 4.237 [-3.16]
22387200000000.0 8385590000000000.0 23721700000.0 181026000000.0 17968900000.0 5045780000.0 44642500000.0 313238000.0 120043000.0 283788000000.0 122133000.0 4006030.0 58749600.0 1488920000.0 16928300000.0 5584980000.0 3082690000.0 -3.14 4.233 [-3.14]
22387200000000.0 7967930000000000.0 23590300000.0 172200000000.0 16160000000.0 5154440000.0 42495600000.0 268849000.0 130902000.0 271738000000.0 99518500.0 3125980.0 58072300.0 1491530000.0 16345400000.0 5223420000.0 2701260000.0 -3.12 4.23 [-3.12]
22387200000000.0 7570450000000000.0 23452100000.0 163701000000.0 14511500000.0 5264090000.0 40406200000.0 230473000.0 142567000.0 259747000000.0 80883800.0 2433370.0 57347800.0 1494070000.0 15763500000.0 4877040000.0 2363590000.0 -3.1 4.226 [-3.1]
22387200000000.0 7193870000000000.0 23307800000.0 155561000000.0 13017500000.0 5374550000.0 38383900000.0 197457000.0 155040000.0 247900000000.0 65617000.0 1891350.0 56582700.0 1496500000.0 15187500000.0 4547650000.0 2066200000.0 -3.08 4.223 [-3.08]
22387200000000.0 6836250000000000.0 23157000000.0 147751000000.0 11662400000.0 5485500000.0 36423900000.0 169020000.0 168368000.0 236197000000.0 53113000.0 1467210.0 55779000.0 1498920000.0 14617700000.0 4234350000.0 1804240000.0 -3.06 4.22 [-3.06]
22387200000000.0 6496640000000000.0 22999900000.0 140262000000.0 10435000000.0 5596650000.0 34526300000.0 144551000.0 182581000.0 224664000000.0 42895200.0 1136010.0 54940000.0 1501370000.0 14055600000.0 3937030000.0 1573840000.0 -3.04 4.216 [-3.04]
22387200000000.0 6174850000000000.0 22836900000.0 133103000000.0 9327090000.0 5707690000.0 32694800000.0 123553000.0 197684000.0 213352000000.0 34577900.0 878313.0 54070800.0 1503840000.0 13503900000.0 3656120000.0 1371810000.0 -3.02 4.213 [-3.02]
22387200000000.0 5867840000000000.0 22666800000.0 126216000000.0 8322410000.0 5818060000.0 30917000000.0 105450000.0 213765000.0 202208000000.0 27788700.0 677201.0 53168900.0 1506470000.0 12959600000.0 3389350000.0 1194030000.0 -3.0 4.209 [-3.0]
22387200000000.0 5577700000000000.0 22491300000.0 119657000000.0 7420110000.0 5927560000.0 29208700000.0 89975800.0 230751000.0 191356000000.0 22299200.0 521691.0 52245400.0 1509100000.0 12429200000.0 3138940000.0 1038860000.0 -2.98 4.206 [-2.98]
22387200000000.0 5301420000000000.0 22309200000.0 113368000000.0 6605610000.0 6035500000.0 27556900000.0 76679100.0 248730000.0 180735000000.0 17845200.0 400971.0 51296500.0 1511870000.0 11909200000.0 2902550000.0 902833000.0 -2.96 4.203 [-2.96]
22387200000000.0 5039050000000000.0 22120800000.0 107356000000.0 5873170000.0 6141410000.0 25965600000.0 65289300.0 267683000.0 170394000000.0 14247800.0 307652.0 50327500.0 1514720000.0 11401700000.0 2680380000.0 783976000.0 -2.94 4.199 [-2.94]
22387200000000.0 4789890000000000.0 21926300000.0 101614000000.0 5215430000.0 6244740000.0 24433900000.0 55540800.0 287614000.0 160347000000.0 11349100.0 235651.0 49341200.0 1517640000.0 10907300000.0 2471930000.0 680227000.0 -2.92 4.196 [-2.92]
22387200000000.0 4553260000000000.0 21725600000.0 96132100000.0 4625600000.0 6344870000.0 22961200000.0 47204000.0 308516000.0 150608000000.0 9018940.0 180201.0 48339900.0 1520610000.0 10426200000.0 2276690000.0 589758000.0 -2.9 4.193 [-2.9]
22387200000000.0 4328520000000000.0 21518900000.0 90901600000.0 4097440000.0 6441150000.0 21546800000.0 40080600.0 330376000.0 141191000000.0 7150260.0 137577.0 47326200.0 1523590000.0 9958720000.0 2094120000.0 510946000.0 -2.88 4.189 [-2.88]
22387200000000.0 4115080000000000.0 21306100000.0 85913600000.0 3625150000.0 6532910000.0 20189900000.0 33998900.0 353175000.0 132107000000.0 5655290.0 104871.0 46302400.0 1526560000.0 9505050000.0 1923680000.0 442350000.0 -2.86 4.186 [-2.86]
22387200000000.0 3912350000000000.0 21087300000.0 81159800000.0 3203430000.0 6619450000.0 18889900000.0 28811200.0 376881000.0 123364000000.0 4462220.0 79819.5 45270800.0 1529480000.0 9065290000.0 1764820000.0 382700000.0 -2.84 4.183 [-2.84]
22387200000000.0 3719810000000000.0 20862600000.0 76631800000.0 2827380000.0 6700060000.0 17646000000.0 24389800.0 401455000.0 114971000000.0 3512440.0 60664.0 44233500.0 1532300000.0 8639480000.0 1616970000.0 330872000.0 -2.82 4.18 [-2.82]
22387200000000.0 3536470000000000.0 20631400000.0 72310100000.0 2491850000.0 6773780000.0 16454700000.0 20618000.0 426886000.0 106916000000.0 2756980.0 46017.3 43189900.0 1535000000.0 8226470000.0 1479280000.0 285798000.0 -2.8 4.177 [-2.8]
22387200000000.0 3363230000000000.0 20395800000.0 68219800000.0 2194760000.0 6840600000.0 15323200000.0 17421900.0 453005000.0 99254900000.0 2160730.0 34896.7 42150200.0 1537430000.0 7829580000.0 1352160000.0 246843000.0 -2.78 4.174 [-2.78]
22387200000000.0 3198250000000000.0 20154000000.0 64319900000.0 1930350000.0 6899120000.0 14242800000.0 14699600.0 479857000.0 91938800000.0 1688630.0 0.0 41108100.0 1539640000.0 7445310000.0 1234100000.0 213007000.0 -2.76 4.17 [-2.76]
22387200000000.0 3041530000000000.0 19906600000.0 60613200000.0 1695850000.0 6948870000.0 13215200000.0 12388000.0 507329000.0 84985400000.0 1316520.0 0.0 40067800.0 1541530000.0 7074620000.0 1124920000.0 183696000.0 -2.74 4.167 [-2.74]
22387200000000.0 2892660000000000.0 19653800000.0 57092100000.0 1488170000.0 6989220000.0 12239500000.0 10427100.0 535339000.0 78394200000.0 1023950.0 0.0 39031000.0 1543070000.0 6717330000.0 1024080000.0 158321000.0 -2.72 4.164 [-2.72]
22387200000000.0 2751230000000000.0 19395800000.0 53749300000.0 1304480000.0 7019580000.0 11314900000.0 8765560.0 563796000.0 72163000000.0 794519.0 0.0 37999400.0 1544170000.0 6373240000.0 931098000.0 136371000.0 -2.7 4.161 [-2.7]
22387200000000.0 2616880000000000.0 19132700000.0 50577600000.0 1142220000.0 7039440000.0 10440400000.0 7359240.0 592603000.0 66287900000.0 615045.0 0.0 36974500.0 1544790000.0 6042160000.0 845490000.0 117394000.0 -2.68 4.158 [-2.68]
22387200000000.0 2489250000000000.0 18864800000.0 47569600000.0 999070000.0 7048340000.0 9614940000.0 6170290.0 621658000.0 60763800000.0 475005.0 0.0 35957500.0 1544860000.0 5723840000.0 766788000.0 100999000.0 -2.66 4.155 [-2.66]
22387200000000.0 2367660000000000.0 18591300000.0 44710900000.0 872682000.0 7045500000.0 8835760000.0 5164510.0 650899000.0 55572700000.0 365832.0 0.0 34946900.0 1544350000.0 5417160000.0 694372000.0 86817000.0 -2.64 4.152 [-2.64]
22387200000000.0 2252460000000000.0 18314000000.0 42010400000.0 761717000.0 7031480000.0 8105220000.0 4318130.0 680133000.0 50729500000.0 281247.0 0.0 33949600.0 1543160000.0 5123630000.0 628167000.0 74604900.0 -2.62 4.149 [-2.62]
22387200000000.0 2143010000000000.0 18032600000.0 39453600000.0 664189000.0 7005730000.0 7420310000.0 3605330.0 709294000.0 46213500000.0 215742.0 0.0 32963900.0 1541260000.0 4842110000.0 567577000.0 64073900.0 -2.6 4.147 [-2.6]
22387200000000.0 2039290000000000.0 17747900000.0 37040900000.0 578751000.0 6968680000.0 6781110000.0 3006940.0 738232000.0 42022800000.0 165217.0 0.0 31993600.0 1538580000.0 4573100000.0 512341000.0 55014900.0 -2.58 4.144 [-2.58]
22387200000000.0 1940180000000000.0 17457700000.0 34746300000.0 503502000.0 6918970000.0 6182040000.0 2502360.0 766972000.0 38119800000.0 126133.0 0.0 31031400.0 1535110000.0 4314010000.0 461685000.0 47180400.0 -2.56 4.141 [-2.56]
22387200000000.0 1846260000000000.0 17164900000.0 32583600000.0 437754000.0 6858220000.0 5625820000.0 2080150.0 795282000.0 34518700000.0 96145.0 0.0 30086400.0 1530770000.0 4066880000.0 415652000.0 40451000.0 -2.54 4.138 [-2.54]
22387200000000.0 1757020000000000.0 16868800000.0 30540600000.0 380236000.0 6786250000.0 5109520000.0 1726630.0 823113000.0 31197800000.0 73142.0 0.0 29156700.0 1525520000.0 3830660000.0 373770000.0 34661800.0 -2.52 4.135 [-2.52]
22387200000000.0 1672450000000000.0 16570600000.0 28617300000.0 330083000.0 6704050000.0 4632580000.0 1431630.0 850332000.0 28150200000.0 55565.9 0.0 28245800.0 1519360000.0 3605770000.0 335816000.0 29694200.0 -2.5 4.133 [-2.5]
22387200000000.0 1591830000000000.0 16268900000.0 26797000000.0 286199000.0 6610990000.0 4191120000.0 1184830.0 876943000.0 25348300000.0 42114.5 0.0 27348700.0 1512220000.0 3390520000.0 301293000.0 25416000.0 -2.48 4.13 [-2.48]
22387200000000.0 1515210000000000.0 15964800000.0 25080300000.0 247934000.0 6508230000.0 3784560000.0 979163.0 902829000.0 22785000000.0 31864.0 0.0 26469000.0 1504090000.0 3185350000.0 270020000.0 21742000.0 -2.46 4.127 [-2.46]
22387200000000.0 1442380000000000.0 15658700000.0 23462200000.0 214605000.0 6396450000.0 3411120000.0 808038.0 927928000.0 20446100000.0 24068.6 0.0 25607000.0 1494950000.0 2989980000.0 241731000.0 18588800.0 -2.44 4.125 [-2.44]
22387200000000.0 1372940000000000.0 15349900000.0 21933300000.0 185536000.0 6275720000.0 3068190000.0 665600.0 952222000.0 18312400000.0 18141.5 0.0 24760400.0 1484770000.0 2803500000.0 216111000.0 15878400.0 -2.42 4.122 [-2.42]
