Cloudy_runs/pg1116/z=0.138527/component_I_PI_nH/component_I_PI_nH_col_density_param.txt
# %ECSV 1.0
# ---
# datatype:
# - {name: H, datatype: float64}
# - {name: H+, datatype: float64}
# - {name: C+, datatype: float64}
# - {name: C+2, datatype: float64}
# - {name: C+3, datatype: float64}
# - {name: N+, datatype: float64}
# - {name: N+2, datatype: float64}
# - {name: N+4, datatype: float64}
# - {name: O, datatype: float64}
# - {name: O+2, datatype: float64}
# - {name: O+5, datatype: float64}
# - {name: O+6, datatype: float64}
# - {name: P+, datatype: float64}
# - {name: Si+, datatype: float64}
# - {name: Si+2, datatype: float64}
# - {name: Si+3, datatype: float64}
# - {name: Si+4, datatype: float64}
# - {name: log_nH, datatype: float64}
# - {name: log_Te, datatype: float64}
# - {name: parameters, datatype: string, subtype: 'float64[1]'}
# schema: astropy-2.0
H H+ C+ C+2 C+3 N+ N+2 N+4 O O+2 O+5 O+6 P+ Si+ Si+2 Si+3 Si+4 log_nH log_Te parameters
[from data line 59]
933254000000000.0 1.75815e+18 948185000000.0 25618200000000.0 11146000000000.0 100039000000.0 5305270000000.0 904343000000.0 190733000.0 22384400000000.0 1177630000000.0 151295000000.0 1628840000.0 33391900000.0 752776000000.0 628660000000.0 2703510000000.0 -3.82 4.339 [-3.82]
933253000000000.0 1.67003e+18 959920000000.0 24997600000000.0 10440900000000.0 102846000000.0 5213170000000.0 806868000000.0 213993000.0 22351300000000.0 1017150000000.0 125361000000.0 1706330000.0 35164700000.0 783266000000.0 635285000000.0 2566970000000.0 -3.8 4.336 [-3.8]
933254000000000.0 1.58634e+18 970794000000.0 24361200000000.0 9765880000000.0 105683000000.0 5116910000000.0 718843000000.0 239995000.0 22295100000000.0 877280000000.0 103715000000.0 1782510000.0 36931600000.0 812540000000.0 640099000000.0 2429510000000.0 -3.78 4.333 [-3.78]
933253000000000.0 1.50684e+18 980811000000.0 23711700000000.0 9121100000000.0 108553000000.0 5016810000000.0 639486000000.0 269039000.0 22215400000000.0 755544000000.0 85673600000.0 1856930000.0 38682500000.0 840346000000.0 643038000000.0 2291960000000.0 -3.76 4.329 [-3.76]
933253000000000.0 1.43134e+18 989971000000.0 23051800000000.0 8506610000000.0 111455000000.0 4913220000000.0 568065000000.0 301458000.0 22112200000000.0 649735000000.0 70658400000.0 1929180000.0 40407200000.0 866437000000.0 644063000000.0 2155130000000.0 -3.74 4.326 [-3.74]
933254000000000.0 1.35962e+18 998299000000.0 22384400000000.0 7922260000000.0 114392000000.0 4806480000000.0 503895000000.0 337612000.0 21985400000000.0 557904000000.0 58180800000.0 1998870000.0 42096100000.0 890588000000.0 643151000000.0 2019820000000.0 -3.72 4.323 [-3.72]
933253000000000.0 1.29149e+18 1005810000000.0 21712000000000.0 7367750000000.0 117367000000.0 4696950000000.0 446336000000.0 377896000.0 21835100000000.0 478318000000.0 47827700000.0 2065660000.0 43739700000.0 912589000000.0 640303000000.0 1886800000000.0 -3.7 4.319 [-3.7]
933254000000000.0 1.22679e+18 1012530000000.0 21036900000000.0 6842620000000.0 120381000000.0 4584970000000.0 394792000000.0 422742000.0 21661300000000.0 409446000000.0 39250900000.0 2129220000.0 45329400000.0 932254000000.0 635544000000.0 1756760000000.0 -3.68 4.316 [-3.68]
933253000000000.0 1.16538e+18 1018370000000.0 20361800000000.0 6347090000000.0 123425000000.0 4470950000000.0 348769000000.0 472561000.0 21464300000000.0 350000000000.0 32163300000.0 2188940000.0 46850300000.0 949363000000.0 628982000000.0 1630450000000.0 -3.66 4.313 [-3.66]
933253000000000.0 1.107e+18 1023570000000.0 19688200000000.0 5878870000000.0 126525000000.0 4355100000000.0 307634000000.0 527971000.0 21244100000000.0 298646000000.0 26304500000.0 2245220000.0 48308900000.0 963906000000.0 620564000000.0 1508220000000.0 -3.64 4.309 [-3.64]
933253000000000.0 1.05149e+18 1028160000000.0 19018000000000.0 5437250000000.0 129681000000.0 4237700000000.0 270927000000.0 589545000.0 21001000000000.0 254354000000.0 21469800000.0 2297860000.0 49699200000.0 975779000000.0 610373000000.0 1390560000000.0 -3.62 4.306 [-3.62]
933253000000000.0 9.98816e+17 1031950000000.0 18353700000000.0 5022890000000.0 132877000000.0 4119270000000.0 238316000000.0 657744000.0 20735600000000.0 216311000000.0 17495700000.0 2346070000.0 51002700000.0 984810000000.0 598648000000.0 1278120000000.0 -3.6 4.303 [-3.6]
933254000000000.0 9.48847e+17 1035000000000.0 17697100000000.0 4634810000000.0 136113000000.0 4000180000000.0 209392000000.0 733180000.0 20448800000000.0 183687000000.0 14234600000.0 2389780000.0 52216700000.0 990995000000.0 585511000000.0 1171250000000.0 -3.58 4.299 [-3.58]
933253000000000.0 9.01277e+17 1037590000000.0 17048100000000.0 4270040000000.0 139409000000.0 3880340000000.0 183663000000.0 816821000.0 20140000000000.0 155644000000.0 11554300000.0 2429700000.0 53357100000.0 994447000000.0 570902000000.0 1069830000000.0 -3.56 4.296 [-3.56]
933253000000000.0 8.56143e+17 1039500000000.0 16409400000000.0 3929510000000.0 142753000000.0 3760410000000.0 160914000000.0 909148000.0 19810800000000.0 131676000000.0 9362880000.0 2465000000.0 54404600000.0 995094000000.0 555161000000.0 974369000000.0 -3.54 4.293 [-3.54]
933254000000000.0 8.13273e+17 1040830000000.0 15781900000000.0 3611580000000.0 146155000000.0 3640530000000.0 140799000000.0 1011040000.0 19461700000000.0 111199000000.0 7572480000.0 2495920000.0 55365200000.0 993040000000.0 538378000000.0 884849000000.0 -3.52 4.289 [-3.52]
933253000000000.0 7.72554e+17 1041620000000.0 15166400000000.0 3315190000000.0 149620000000.0 3520990000000.0 123042000000.0 1123360000.0 19093600000000.0 93733700000.0 6112500000.0 2522480000.0 56240000000.0 988385000000.0 520709000000.0 801286000000.0 -3.5 4.286 [-3.5]
933253000000000.0 7.3388e+17 1041890000000.0 14563800000000.0 3039330000000.0 153148000000.0 3402030000000.0 107389000000.0 1247020000.0 18707400000000.0 78865000000.0 4924250000.0 2544730000.0 57031400000.0 981248000000.0 502312000000.0 723632000000.0 -3.48 4.282 [-3.48]
933253000000000.0 6.97146e+17 1041660000000.0 13974800000000.0 2782950000000.0 156744000000.0 3283870000000.0 93611400000.0 1382970000.0 18304000000000.0 66229500000.0 3959070000.0 2562730000.0 57742400000.0 971772000000.0 483341000000.0 651778000000.0 -3.46 4.279 [-3.46]
933254000000000.0 6.62258e+17 1040970000000.0 13400200000000.0 2545040000000.0 160409000000.0 3166760000000.0 81502200000.0 1532250000.0 17884700000000.0 55512000000.0 3176660000.0 2576580000.0 58377100000.0 960117000000.0 463949000000.0 585566000000.0 -3.44 4.276 [-3.44]
933254000000000.0 6.29121e+17 1039820000000.0 12840200000000.0 2324580000000.0 164145000000.0 3050870000000.0 70874700000.0 1695930000.0 17450500000000.0 46438400000.0 2543690000.0 2586370000.0 58940000000.0 946454000000.0 444280000000.0 524793000000.0 -3.42 4.272 [-3.42]
933254000000000.0 5.97649e+17 1038250000000.0 12295500000000.0 2120580000000.0 167955000000.0 2936410000000.0 61560800000.0 1875160000.0 17002700000000.0 38771400000.0 2032670000.0 2592240000.0 59436300000.0 930963000000.0 424470000000.0 469224000000.0 -3.4 4.269 [-3.4]
933254000000000.0 5.67758e+17 1036270000000.0 11766100000000.0 1932080000000.0 171841000000.0 2823550000000.0 53409400000.0 2071140000.0 16542600000000.0 32305700000.0 1620980000.0 2594340000.0 59871500000.0 913833000000.0 404645000000.0 418598000000.0 -3.38 4.265 [-3.38]
933254000000000.0 5.3937e+17 1033910000000.0 11252500000000.0 1758150000000.0 175803000000.0 2712450000000.0 46285200000.0 2285130000.0 16071600000000.0 26864000000.0 1290000000.0 2592790000.0 60251200000.0 895249000000.0 384922000000.0 372635000000.0 -3.36 4.262 [-3.36]
933253000000000.0 5.1241e+17 1031170000000.0 10754600000000.0 1597890000000.0 179842000000.0 2603250000000.0 40067100000.0 2518430000.0 15591000000000.0 22293400000.0 1024480000.0 2587750000.0 60581100000.0 875399000000.0 365406000000.0 331041000000.0 -3.34 4.258 [-3.34]
933254000000000.0 4.86805e+17 1028070000000.0 10272500000000.0 1450420000000.0 183958000000.0 2496070000000.0 34646900000.0 2772400000.0 15102300000000.0 18462400000.0 811925000.0 2579390000.0 60867300000.0 854463000000.0 346190000000.0 293518000000.0 -3.32 4.255 [-3.32]
933253000000000.0 4.6248e+17 1024620000000.0 9806110000000.0 1314900000000.0 188149000000.0 2390990000000.0 29927500000.0 3048490000.0 14606600000000.0 15257200000.0 642101000.0 2567810000.0 61115200000.0 832602000000.0 327354000000.0 259760000000.0 -3.3 4.251 [-3.3]
933254000000000.0 4.39384e+17 1020840000000.0 9355600000000.0 1190550000000.0 192417000000.0 2288180000000.0 25824700000.0 3348070000.0 14105900000000.0 12582400000.0 506769000.0 2553270000.0 61330500000.0 810012000000.0 308970000000.0 229487000000.0 -3.28 4.248 [-3.28]
933254000000000.0 4.1745e+17 1016740000000.0 8920730000000.0 1076600000000.0 196757000000.0 2187680000000.0 22261700000.0 3672660000.0 13601300000000.0 10354500000.0 399133000.0 2535890000.0 61518300000.0 786837000000.0 291096000000.0 202403000000.0 -3.26 4.245 [-3.26]
933254000000000.0 3.96674e+17 1012350000000.0 8502500000000.0 972549000000.0 201168000000.0 2089850000000.0 19177600000.0 4023130000.0 13095900000000.0 8506460000.0 313873000.0 2515940000.0 61681100000.0 763311000000.0 273827000000.0 178280000000.0 -3.24 4.241 [-3.24]
933254000000000.0 3.76841e+17 1007620000000.0 8097330000000.0 877029000000.0 205645000000.0 1993940000000.0 16493800000.0 4402870000.0 12586600000000.0 6967470000.0 246077000.0 2493330000.0 61830800000.0 739329000000.0 257062000000.0 156719000000.0 -3.22 4.238 [-3.22]
933254000000000.0 3.58059e+17 1002610000000.0 7708360000000.0 790075000000.0 210182000000.0 1900790000000.0 14176800000.0 4811520000.0 12079300000000.0 5696930000.0 192631000.0 2468480000.0 61963900000.0 715257000000.0 240970000000.0 137606000000.0 -3.2 4.234 [-3.2]
933254000000000.0 3.40263e+17 997309000000.0 7335080000000.0 711003000000.0 214772000000.0 1810390000000.0 12177800000.0 5250510000.0 11575000000000.0 4649730000.0 150561000.0 2441490000.0 62084500000.0 691186000000.0 225572000000.0 120692000000.0 -3.18 4.231 [-3.18]
933254000000000.0 3.23321e+17 991712000000.0 6975330000000.0 638877000000.0 219408000000.0 1722320000000.0 10447700000.0 5722750000.0 11072500000000.0 3785150000.0 117388000.0 2412420000.0 62200300000.0 667088000000.0 210794000000.0 105696000000.0 -3.16 4.227 [-3.16]
933254000000000.0 3.0719e+17 985810000000.0 6628860000000.0 573190000000.0 224078000000.0 1636600000000.0 8952170000.0 6229840000.0 10573000000000.0 3073190000.0 91296400.0 2381380000.0 62314000000.0 643047000000.0 196649000000.0 92428300000.0 -3.14 4.224 [-3.14]
933253000000000.0 2.91909e+17 979634000000.0 6297150000000.0 513721000000.0 228774000000.0 1553680000000.0 7666280000.0 6771540000.0 10080400000000.0 2490560000.0 70899300.0 2348680000.0 62423600000.0 619282000000.0 183218000000.0 80753400000.0 -3.12 4.221 [-3.12]
933253000000000.0 2.77399e+17 973183000000.0 5979010000000.0 459836000000.0 233481000000.0 1473360000000.0 6559300000.0 7349880000.0 9594450000000.0 2013870000.0 54954100.0 2314420000.0 62533100000.0 595803000000.0 170458000000.0 70477600000.0 -3.1 4.217 [-3.1]
933254000000000.0 2.63656e+17 966476000000.0 5674890000000.0 411185000000.0 238190000000.0 1395820000000.0 5609120000.0 7965010000.0 9117550000000.0 1625440000.0 42536800.0 2278830000.0 62641700000.0 572735000000.0 158394000000.0 61463000000.0 -3.08 4.214 [-3.08]
933254000000000.0 2.50568e+17 959470000000.0 5382740000000.0 367117000000.0 242876000000.0 1320640000000.0 4790680000.0 8620030000.0 8648080000000.0 1308360000.0 32846200.0 2241830000.0 62754900000.0 549986000000.0 146949000000.0 53534400000.0 -3.06 4.21 [-3.06]
933254000000000.0 2.38139e+17 952190000000.0 5103060000000.0 327352000000.0 247526000000.0 1248020000000.0 4088010000.0 9314820000.0 8188300000000.0 1050710000.0 25316700.0 2203660000.0 62871300000.0 527673000000.0 136144000000.0 46585100000.0 -3.04 4.207 [-3.04]
933254000000000.0 2.26335e+17 944637000000.0 4835500000000.0 291523000000.0 252119000000.0 1177950000000.0 3485280000.0 10050100000.0 7739050000000.0 841845000.0 19478100.0 2164450000.0 62991000000.0 505832000000.0 125961000000.0 40501900000.0 -3.02 4.204 [-3.02]
933254000000000.0 2.15125e+17 936812000000.0 4579680000000.0 259287000000.0 256633000000.0 1110400000000.0 2968730000.0 10826200000.0 7301130000000.0 672925000.0 14959500.0 2124320000.0 63113900000.0 484492000000.0 116383000000.0 35183100000.0 -3.0 4.2 [-3.0]
933254000000000.0 2.04479e+17 928718000000.0 4335240000000.0 230327000000.0 261045000000.0 1045340000000.0 2526430000.0 11643300000.0 6875260000000.0 536641000.0 11469400.0 2083380000.0 63239600000.0 463679000000.0 107390000000.0 30537900000.0 -2.98 4.197 [-2.98]
933254000000000.0 1.94369e+17 920357000000.0 4101820000000.0 204346000000.0 265329000000.0 982767000000.0 2148030000.0 12501500000.0 6462080000000.0 426947000.0 8778700.0 2041760000.0 63367200000.0 443410000000.0 98960500000.0 26485400000.0 -2.96 4.194 [-2.96]
933254000000000.0 1.84768e+17 911734000000.0 3879080000000.0 181073000000.0 269460000000.0 922645000000.0 1824590000.0 13400100000.0 6062200000000.0 338876000.0 6708450.0 1999570000.0 63495400000.0 423703000000.0 91072700000.0 22953700000.0 -2.94 4.19 [-2.94]
933254000000000.0 1.75648e+17 902840000000.0 3666580000000.0 160252000000.0 273406000000.0 864928000000.0 1548310000.0 14338500000.0 5675990000000.0 268322000.0 5118060.0 1956870000.0 63624000000.0 404556000000.0 83703600000.0 19878000000.0 -2.92 4.187 [-2.92]
933254000000000.0 1.66987e+17 893686000000.0 3464000000000.0 141652000000.0 277140000000.0 809600000000.0 1312550000.0 15315600000.0 5303940000000.0 211948000.0 3898700.0 1913790000.0 63750800000.0 385984000000.0 76830400000.0 17202400000.0 -2.9 4.184 [-2.9]
933254000000000.0 1.5876e+17 884273000000.0 3271010000000.0 125060000000.0 280632000000.0 756630000000.0 1111540000.0 16329900000.0 4946420000000.0 167015000.0 2965430.0 1870420000.0 63874100000.0 367988000000.0 70429800000.0 14876800000.0 -2.88 4.181 [-2.88]
933254000000000.0 1.50947e+17 874608000000.0 3087240000000.0 110279000000.0 283851000000.0 705989000000.0 940306000.0 17379300000.0 4603700000000.0 131290000.0 2252350.0 1826860000.0 63991900000.0 350571000000.0 64478600000.0 12857000000.0 -2.86 4.178 [-2.86]
933254000000000.0 1.43526e+17 864693000000.0 2912370000000.0 97131400000.0 286768000000.0 657645000000.0 794577000.0 18461800000.0 4275990000000.0 102958000.0 1708410.0 1783180000.0 64102100000.0 333729000000.0 58954000000.0 11104200000.0 -2.84 4.175 [-2.84]
933253000000000.0 1.36458e+17 854505000000.0 2745590000000.0 85425500000.0 289339000000.0 611455000000.0 670422000.0 19576400000.0 3962700000000.0 80505600.0 1293410.0 1739360000.0 64203500000.0 317414000000.0 53820000000.0 9581530000.0 -2.82 4.171 [-2.82]
933254000000000.0 1.29783e+17 844138000000.0 2587960000000.0 75088900000.0 291574000000.0 567716000000.0 565415000.0 20714500000.0 3666110000000.0 62858700.0 0.0 1695830000.0 64290400000.0 301762000000.0 49094400000.0 8267500000.0 -2.8 4.168 [-2.8]
933254000000000.0 1.23424e+17 833507000000.0 2437760000000.0 65908500000.0 293406000000.0 526059000000.0 476098000.0 21878400000.0 3383990000000.0 48937900.0 0.0 1652290000.0 64364100000.0 286621000000.0 44715200000.0 7127120000.0 -2.78 4.165 [-2.78]
933254000000000.0 1.17383e+17 822645000000.0 2295140000000.0 57785800000.0 294822000000.0 486555000000.0 400385000.0 23062300000.0 3117010000000.0 38008600.0 0.0 1608930000.0 64421200000.0 272033000000.0 40674700000.0 6140300000.0 -2.76 4.162 [-2.76]
933254000000000.0 1.11644e+17 811564000000.0 2159790000000.0 50608700000.0 295800000000.0 449171000000.0 336277000.0 24262400000.0 2865050000000.0 29450100.0 0.0 1565820000.0 64458700000.0 257989000000.0 36952400000.0 5286990000.0 -2.74 4.159 [-2.74]
933254000000000.0 1.06191e+17 800267000000.0 2031400000000.0 44274200000.0 296319000000.0 413856000000.0 282050000.0 25474600000.0 2627880000000.0 22764200.0 0.0 1523010000.0 64474800000.0 244477000000.0 33527900000.0 4549450000.0 -2.72 4.156 [-2.72]
933254000000000.0 1.01013e+17 788768000000.0 1909720000000.0 38692500000.0 296365000000.0 380580000000.0 236251000.0 26694100000.0 2405330000000.0 17556000.0 0.0 1480580000.0 64466300000.0 231495000000.0 30383200000.0 3912610000.0 -2.7 4.153 [-2.7]
933253000000000.0 9.60785e+16 777039000000.0 1794110000000.0 33768500000.0 295905000000.0 349217000000.0 197538000.0 27918600000.0 2196560000000.0 13501600.0 0.0 1438440000.0 64431600000.0 218991000000.0 27491900000.0 3361900000.0 -2.68 4.15 [-2.68]
933253000000000.0 9.14042e+16 765156000000.0 1684970000000.0 29450100000.0 294969000000.0 319864000000.0 164994000.0 29139600000.0 2002160000000.0 10365300.0 0.0 1396890000.0 64367500000.0 207029000000.0 24851400000.0 2887910000.0 -2.66 4.148 [-2.66]
