Cloudy_runs/pg1116/z=0.138527/component_I_PI_nH/component_I_PI_nH_col_density_param.txt
# %ECSV 1.0
# ---
# datatype:
# - {name: H, datatype: float64}
# - {name: H+, datatype: float64}
# - {name: C+, datatype: float64}
# - {name: C+2, datatype: float64}
# - {name: C+3, datatype: float64}
# - {name: N+, datatype: float64}
# - {name: N+2, datatype: float64}
# - {name: N+4, datatype: float64}
# - {name: O, datatype: float64}
# - {name: O+2, datatype: float64}
# - {name: O+5, datatype: float64}
# - {name: O+6, datatype: float64}
# - {name: P+, datatype: float64}
# - {name: Si+, datatype: float64}
# - {name: Si+2, datatype: float64}
# - {name: Si+3, datatype: float64}
# - {name: Si+4, datatype: float64}
# - {name: log_nH, datatype: float64}
# - {name: log_Te, datatype: float64}
# - {name: parameters, datatype: string, subtype: 'float64[1]'}
# schema: astropy-2.0
H H+ C+ C+2 C+3 N+ N+2 N+4 O O+2 O+5 O+6 P+ Si+ Si+2 Si+3 Si+4 log_nH log_Te parameters
933254000000000.0 3.9394e+19 51180100000.0 8441700000000.0 35359900000000.0 3641930000.0 1298250000000.0 35257700000000.0 245725.0 3432630000000.0 448255000000000.0 792531000000000.0 1981440.0 31108500.0 1654190000.0 8666840000.0 1047200000000.0 -5.0 4.561 [-5.0]
933254000000000.0 3.72897e+19 55620800000.0 8932570000000.0 35992600000000.0 3986040000.0 1386100000000.0 34923600000000.0 275244.0 3680450000000.0 428121000000000.0 720469000000000.0 2341870.0 37089200.0 1927700000.0 9767430000.0 1117570000000.0 -4.98 4.557 [-4.98]
933255000000000.0 3.53043e+19 60381100000.0 9440230000000.0 36592900000000.0 4359410000.0 1478380000000.0 34540200000000.0 308295.0 3941460000000.0 408028000000000.0 653752000000000.0 2763080.0 44131700.0 2242730000.0 10990200000.0 1190900000000.0 -4.96 4.552 [-4.96]
933253000000000.0 3.34289e+19 65471800000.0 9964230000000.0 37159400000000.0 4763250000.0 1575020000000.0 34108100000000.0 345203.0 4215420000000.0 388052000000000.0 592069000000000.0 3254070.0 52406900.0 2604990000.0 12347000000.0 1267190000000.0 -4.94 4.547 [-4.94]
933253000000000.0 3.16593e+19 70922500000.0 10504900000000.0 37691000000000.0 5200790000.0 1676230000000.0 33628900000000.0 386561.0 4503000000000.0 368272000000000.0 535216000000000.0 3826110.0 62112800.0 3020840000.0 13849000000.0 1346370000000.0 -4.92 4.543 [-4.92]
933253000000000.0 2.99881e+19 76748500000.0 11061800000000.0 38186400000000.0 5673700000.0 1781960000000.0 33103800000000.0 432822.0 4803940000000.0 348752000000000.0 482906000000000.0 4491200.0 73474100.0 3497450000.0 15509400000.0 1428390000000.0 -4.9 4.538 [-4.9]
933253000000000.0 2.84096e+19 82971300000.0 11634800000000.0 38644500000000.0 6184280000.0 1892200000000.0 32534100000000.0 484583.0 5118300000000.0 329561000000000.0 434877000000000.0 5263350.0 86746900.0 4042800000.0 17341600000.0 1513170000000.0 -4.88 4.534 [-4.88]
933253000000000.0 2.69175e+19 89604000000.0 12223000000000.0 39064000000000.0 6733930000.0 2006770000000.0 31921400000000.0 542373.0 5445580000000.0 310759000000000.0 390862000000000.0 6157600.0 102220000.0 4665750000.0 19360700000.0 1600630000000.0 -4.86 4.53 [-4.86]
933255000000000.0 2.55054e+19 96650800000.0 12825500000000.0 39444000000000.0 7323060000.0 2125380000000.0 31267200000000.0 606663.0 5784950000000.0 292397000000000.0 350593000000000.0 7190140.0 120218000.0 5376240000.0 21584100000.0 1690690000000.0 -4.84 4.525 [-4.84]
933254000000000.0 2.41712e+19 104158000000.0 13442700000000.0 39783400000000.0 7956480000.0 2248230000000.0 30574100000000.0 678575.0 6137190000000.0 274531000000000.0 313876000000000.0 8382860.0 141119000.0 6185140000.0 24024800000.0 1783170000000.0 -4.82 4.521 [-4.82]
933254000000000.0 2.2909e+19 112129000000.0 14073400000000.0 40081300000000.0 8634600000.0 2374970000000.0 29844300000000.0 758743.0 6501310000000.0 257205000000000.0 280454000000000.0 9756560.0 165337000.0 7104620000.0 26701900000.0 1877930000000.0 -4.8 4.517 [-4.8]
933253000000000.0 2.17146e+19 120582000000.0 14716600000000.0 40336800000000.0 9359010000.0 2505330000000.0 29080000000000.0 848071.0 6876780000000.0 240457000000000.0 250099000000000.0 11335700.0 193342000.0 8148040000.0 29633400000.0 1974810000000.0 -4.78 4.513 [-4.78]
933254000000000.0 2.05842e+19 129533000000.0 15371400000000.0 40549000000000.0 10131300000.0 2639030000000.0 28284200000000.0 947562.0 7263020000000.0 224322000000000.0 222593000000000.0 13147300.0 225658000.0 9330110000.0 32838400000.0 2073620000000.0 -4.76 4.509 [-4.76]
933253000000000.0 1.9514e+19 139002000000.0 16036900000000.0 40717100000000.0 10953200000.0 2775810000000.0 27459500000000.0 1058390.0 7659540000000.0 208823000000000.0 197721000000000.0 15222500.0 262881000.0 10667300000.0 36337200000.0 2174150000000.0 -4.74 4.505 [-4.74]
933253000000000.0 1.85007e+19 148997000000.0 16711600000000.0 40840500000000.0 11825500000.0 2915230000000.0 26609300000000.0 1181720.0 8065430000000.0 193990000000000.0 175287000000000.0 17593600.0 305647000.0 12176700000.0 40149700000.0 2276140000000.0 -4.72 4.501 [-4.72]
933253000000000.0 1.75411e+19 159533000000.0 17394100000000.0 40918400000000.0 12749200000.0 3056890000000.0 25736600000000.0 1318960.0 8479970000000.0 179834000000000.0 155096000000000.0 20297800.0 354687000.0 13878100000.0 44297900000.0 2379330000000.0 -4.7 4.497 [-4.7]
933253000000000.0 1.6632e+19 170619000000.0 18083000000000.0 40950100000000.0 13725100000.0 3200340000000.0 24844800000000.0 1471640.0 8902340000000.0 166367000000000.0 136965000000000.0 23375400.0 410802000.0 15792300000.0 48804100000.0 2483440000000.0 -4.68 4.493 [-4.68]
933253000000000.0 1.57708e+19 182269000000.0 18776700000000.0 40935300000000.0 14754100000.0 3345160000000.0 23937500000000.0 1641550.0 9331800000000.0 153593000000000.0 120720000000000.0 26871700.0 474877000.0 17942400000.0 53690800000.0 2588160000000.0 -4.66 4.489 [-4.66]
933253000000000.0 1.49549e+19 194493000000.0 19473500000000.0 40873500000000.0 15836900000.0 3490860000000.0 23018100000000.0 1830670.0 9767500000000.0 141513000000000.0 106199000000000.0 30835800.0 547886000.0 20353200000.0 58980900000.0 2693160000000.0 -4.64 4.485 [-4.64]
933253000000000.0 1.41818e+19 207297000000.0 20171700000000.0 40764300000000.0 16973800000.0 3636920000000.0 22090300000000.0 2041190.0 10208500000000.0 130121000000000.0 93251400000000.0 35321500.0 630895000.0 23051300000.0 64697800000.0 2798090000000.0 -4.62 4.481 [-4.62]
933253000000000.0 1.34492e+19 220689000000.0 20869200000000.0 40607400000000.0 18165100000.0 3782810000000.0 21157700000000.0 2275600.0 10653900000000.0 119409000000000.0 81734100000000.0 40387400.0 725073000.0 26065800000.0 70865200000.0 2902570000000.0 -4.6 4.477 [-4.6]
933254000000000.0 1.27549e+19 234670000000.0 21563800000000.0 40402700000000.0 19410600000.0 3927990000000.0 20223900000000.0 2536720.0 11102700000000.0 109365000000000.0 71511400000000.0 46096600.0 831690000.0 29427500000.0 77506700000.0 3006210000000.0 -4.58 4.473 [-4.58]
933253000000000.0 1.2097e+19 249232000000.0 22253200000000.0 40150300000000.0 20709400000.0 4071840000000.0 19292700000000.0 2827560.0 11553800000000.0 99974100000000.0 62459100000000.0 52514900.0 952084000.0 33168700000.0 84644500000.0 3108570000000.0 -4.56 4.469 [-4.56]
933253000000000.0 1.14733e+19 264401000000.0 22935800000000.0 39850000000000.0 22063700000.0 4213990000000.0 18366800000000.0 3152190.0 12007000000000.0 91212100000000.0 54455300000000.0 59726800.0 1087880000.0 37327400000.0 92304400000.0 3209290000000.0 -4.54 4.465 [-4.54]
933254000000000.0 1.08822e+19 280144000000.0 23608400000000.0 39502300000000.0 23470300000.0 4353690000000.0 17450200000000.0 3514170.0 12460600000000.0 83064300000000.0 47397600000000.0 67803200.0 1240550000.0 41938300000.0 100506000000.0 3307870000000.0 -4.52 4.461 [-4.52]
933253000000000.0 1.03219e+19 296466000000.0 24268800000000.0 39107600000000.0 24929700000.0 4490460000000.0 16545900000000.0 3918290.0 12914000000000.0 75504900000000.0 41185700000000.0 76834600.0 1411890000.0 47042100000.0 109271000000.0 3403860000000.0 -4.5 4.458 [-4.5]
933253000000000.0 9.79087e+18 313354000000.0 24914300000000.0 38666300000000.0 26441100000.0 4623770000000.0 15656700000000.0 4369730.0 13366200000000.0 68509100000000.0 35729100000000.0 86913300.0 1603740000.0 52680600000.0 118621000000.0 3496810000000.0 -4.48 4.454 [-4.48]
933253000000000.0 9.28745e+18 330795000000.0 25542500000000.0 38179200000000.0 28003800000.0 4753100000000.0 14785600000000.0 4874380.0 13816300000000.0 62050800000000.0 30945400000000.0 98138400.0 1818090000.0 58897400000.0 128572000000.0 3586240000000.0 -4.46 4.45 [-4.46]
933253000000000.0 8.81025e+18 348774000000.0 26150400000000.0 37647100000000.0 29616800000.0 4877960000000.0 13934900000000.0 5438880.0 14263500000000.0 56102800000000.0 26759900000000.0 110615000.0 2057020000.0 65738200000.0 139141000000.0 3671670000000.0 -4.44 4.446 [-4.44]
933253000000000.0 8.35789e+18 367269000000.0 26735600000000.0 37071200000000.0 31279200000.0 4997870000000.0 13107000000000.0 6070780.0 14706700000000.0 50637600000000.0 23104500000000.0 124454000.0 2322780000.0 73250600000.0 150342000000.0 3752630000000.0 -4.42 4.442 [-4.42]
933254000000000.0 7.92908e+18 386260000000.0 27295300000000.0 36452800000000.0 32990300000.0 5112390000000.0 12303800000000.0 6778640.0 15145200000000.0 45627400000000.0 19918200000000.0 139775000.0 2617710000.0 81483500000.0 162186000000.0 3828640000000.0 -4.4 4.439 [-4.4]
933254000000000.0 7.52262e+18 405722000000.0 27827000000000.0 35793300000000.0 34749300000.0 5221150000000.0 11527100000000.0 7572120.0 15578000000000.0 41044600000000.0 17145700000000.0 156700000.0 2944270000.0 90487100000.0 174680000000.0 3899230000000.0 -4.38 4.435 [-4.38]
933254000000000.0 7.13731e+18 425624000000.0 28327900000000.0 35094300000000.0 36555200000.0 5323730000000.0 10778400000000.0 8462150.0 16004400000000.0 36861700000000.0 14737600000000.0 175357000.0 3305030000.0 100312000000.0 187828000000.0 3963950000000.0 -4.36 4.431 [-4.36]
933253000000000.0 6.77205e+18 445931000000.0 28795500000000.0 34357800000000.0 38406900000.0 5419800000000.0 10058900000000.0 9461030.0 16423400000000.0 33051900000000.0 12649500000000.0 195880000.0 3702630000.0 111011000000.0 201630000000.0 4022350000000.0 -4.34 4.428 [-4.34]
933253000000000.0 6.4258e+18 466609000000.0 29227400000000.0 33585800000000.0 40303800000.0 5509060000000.0 9369410000000.0 10582700.0 16834300000000.0 29589200000000.0 10842100000000.0 218404000.0 4139830000.0 122635000000.0 216080000000.0 4074000000000.0 -4.32 4.424 [-4.32]
933253000000000.0 6.09757e+18 487615000000.0 29621200000000.0 32780700000000.0 42244800000.0 5591230000000.0 8710660000000.0 11842900.0 17236100000000.0 26448100000000.0 9280020000000.0 243067000.0 4619430000.0 135235000000.0 231168000000.0 4118500000000.0 -4.3 4.42 [-4.3]
933253000000000.0 5.78635e+18 508901000000.0 29974600000000.0 31944600000000.0 44228700000.0 5666040000000.0 8083020000000.0 13259500.0 17628100000000.0 23604300000000.0 7932190000000.0 270013000.0 5144250000.0 148859000000.0 246877000000.0 4155440000000.0 -4.28 4.417 [-4.28]
933254000000000.0 5.49132e+18 530423000000.0 30285600000000.0 31080400000000.0 46255100000.0 5733320000000.0 7486710000000.0 14852400.0 18009500000000.0 21034600000000.0 6771090000000.0 299377000.0 5717180000.0 163557000000.0 263185000000.0 4184480000000.0 -4.26 4.413 [-4.26]
933254000000000.0 5.21161e+18 552134000000.0 30552600000000.0 30191000000000.0 48323200000.0 5792920000000.0 6921710000000.0 16644100.0 18379500000000.0 18717100000000.0 5772370000000.0 331294000.0 6341070000.0 179373000000.0 280062000000.0 4205320000000.0 -4.24 4.41 [-4.24]
933254000000000.0 4.94643e+18 573979000000.0 30774000000000.0 29279200000000.0 50432300000.0 5844710000000.0 6387800000000.0 18660000.0 18737500000000.0 16630700000000.0 4914620000000.0 365890000.0 7018700000.0 196347000000.0 297470000000.0 4217680000000.0 -4.22 4.406 [-4.22]
933254000000000.0 4.69501e+18 595901000000.0 30948300000000.0 28348300000000.0 52581400000.0 5888600000000.0 5884560000000.0 20928700.0 19082700000000.0 14755800000000.0 4179010000000.0 403286000.0 7752780000.0 214516000000.0 315366000000.0 4221300000000.0 -4.2 4.402 [-4.2]
933253000000000.0 4.45663e+18 617843000000.0 31074500000000.0 27401300000000.0 54769900000.0 5924520000000.0 5411410000000.0 23482100.0 19414300000000.0 13073800000000.0 3549040000000.0 443590000.0 8545890000.0 233909000000.0 333697000000.0 4215990000000.0 -4.18 4.399 [-4.18]
933254000000000.0 4.23058e+18 639740000000.0 31151800000000.0 26441600000000.0 56996800000.0 5952450000000.0 4967650000000.0 26356300.0 19731800000000.0 11567500000000.0 3010270000000.0 486894000.0 9400380000.0 254548000000.0 352401000000.0 4201610000000.0 -4.16 4.396 [-4.16]
933254000000000.0 4.01621e+18 661530000000.0 31179500000000.0 25472300000000.0 59261200000.0 5972370000000.0 4552440000000.0 29591700.0 20034400000000.0 10220700000000.0 2550130000000.0 533268000.0 10318400000.0 276446000000.0 371408000000.0 4178050000000.0 -4.14 4.392 [-4.14]
933254000000000.0 3.81303e+18 683118000000.0 31157400000000.0 24497700000000.0 61559600000.0 5984290000000.0 4165100000000.0 33230900.0 20321200000000.0 9019170000000.0 2157900000000.0 582713000.0 11300700000.0 299592000000.0 390637000000.0 4145290000000.0 -4.12 4.389 [-4.12]
933254000000000.0 3.62024e+18 704519000000.0 31086200000000.0 23519600000000.0 63897700000.0 5988380000000.0 3804110000000.0 37329900.0 20592200000000.0 7947630000000.0 1823600000000.0 635364000.0 12350800000.0 324006000000.0 410002000000.0 4103300000000.0 -4.1 4.385 [-4.1]
933254000000000.0 3.43737e+18 725629000000.0 30965800000000.0 22542100000000.0 66271500000.0 5984660000000.0 3468630000000.0 41943100.0 20846400000000.0 6994080000000.0 1539210000000.0 691159000.0 13468800000.0 349651000000.0 429404000000.0 4052180000000.0 -4.08 4.382 [-4.08]
933254000000000.0 3.26381e+18 746423000000.0 30797300000000.0 21567500000000.0 68683600000.0 5973270000000.0 3157340000000.0 47138200.0 21083500000000.0 6146240000000.0 1297440000000.0 750130000.0 14656300000.0 376508000000.0 448739000000.0 3992000000000.0 -4.06 4.379 [-4.06]
933254000000000.0 3.09924e+18 766758000000.0 30581200000000.0 20600500000000.0 71126000000.0 5954270000000.0 2869500000000.0 52978600.0 21302400000000.0 5394560000000.0 1092420000000.0 812055000.0 15910700000.0 404486000000.0 467891000000.0 3923050000000.0 -4.04 4.375 [-4.04]
933254000000000.0 2.94311e+18 786614000000.0 30318900000000.0 19643400000000.0 73601500000.0 5927860000000.0 2603710000000.0 59547300.0 21502800000000.0 4728630000000.0 918668000000.0 876881000.0 17232500000.0 433532000000.0 486738000000.0 3845540000000.0 -4.02 4.372 [-4.02]
933254000000000.0 2.79495e+18 805934000000.0 30012100000000.0 18699000000000.0 76109200000.0 5894230000000.0 2358780000000.0 66932900.0 21684300000000.0 4139500000000.0 771591000000.0 944449000.0 18620000000.0 463554000000.0 505152000000.0 3759810000000.0 -4.0 4.369 [-4.0]
933254000000000.0 2.65436e+18 824662000000.0 29662600000000.0 17770100000000.0 78648400000.0 5853560000000.0 2133520000000.0 75234000.0 21846200000000.0 3619040000000.0 647245000000.0 1014550000.0 20071000000.0 494441000000.0 522998000000.0 3666250000000.0 -3.98 4.365 [-3.98]
933254000000000.0 2.52092e+18 842748000000.0 29272500000000.0 16859000000000.0 81218300000.0 5806090000000.0 1926750000000.0 84560800.0 21988100000000.0 3159870000000.0 542246000000.0 1086930000.0 21582200000.0 526061000000.0 540140000000.0 3565320000000.0 -3.96 4.362 [-3.96]
933254000000000.0 2.39427e+18 860148000000.0 28844200000000.0 15968200000000.0 83818700000.0 5752060000000.0 1737330000000.0 95035500.0 22109500000000.0 2755350000000.0 453696000000.0 1161320000.0 23149500000.0 558264000000.0 556433000000.0 3457540000000.0 -3.94 4.359 [-3.94]
933254000000000.0 2.27405e+18 876827000000.0 28380200000000.0 15099600000000.0 86449400000.0 5691730000000.0 1564120000000.0 106794000.0 22210000000000.0 2399450000000.0 379111000000.0 1237380000.0 24768200000.0 590879000000.0 571734000000.0 3343500000000.0 -3.92 4.355 [-3.92]
933254000000000.0 2.15991e+18 892739000000.0 27883000000000.0 14255100000000.0 89109400000.0 5625350000000.0 1406020000000.0 119987000.0 22289100000000.0 2086750000000.0 316363000000.0 1314740000.0 26432000000.0 623710000000.0 585906000000.0 3223840000000.0 -3.9 4.352 [-3.9]
933253000000000.0 2.05155e+18 907852000000.0 27355300000000.0 13436300000000.0 91798300000.0 5553220000000.0 1261990000000.0 134783000.0 22346400000000.0 1812370000000.0 263642000000.0 1392990000.0 28134300000.0 656546000000.0 598812000000.0 3099250000000.0 -3.88 4.349 [-3.88]
933254000000000.0 1.94865e+18 922141000000.0 26799900000000.0 12644500000000.0 94516000000.0 5475620000000.0 1131000000000.0 151366000.0 22381700000000.0 1571930000000.0 219401000000.0 1471720000.0 29867400000.0 689164000000.0 610321000000.0 2970470000000.0 -3.86 4.346 [-3.86]
