Cloudy_runs/pg1222/z=0.054479/logZ=1/component_I_PI_nH/component_I_PI_nH_col_density_param.txt
# %ECSV 1.0
# ---
# datatype:
# - {name: H, datatype: float64}
# - {name: H+, datatype: float64}
# - {name: C+, datatype: float64}
# - {name: C+2, datatype: float64}
# - {name: C+3, datatype: float64}
# - {name: N+, datatype: float64}
# - {name: N+2, datatype: float64}
# - {name: N+4, datatype: float64}
# - {name: O, datatype: float64}
# - {name: O+2, datatype: float64}
# - {name: O+5, datatype: float64}
# - {name: O+6, datatype: float64}
# - {name: P+, datatype: float64}
# - {name: Si+, datatype: float64}
# - {name: Si+2, datatype: float64}
# - {name: Si+3, datatype: float64}
# - {name: Si+4, datatype: float64}
# - {name: Fe+, datatype: float64}
# - {name: Al+, datatype: float64}
# - {name: log_nH, datatype: float64}
# - {name: parameters, datatype: string, subtype: 'float64[1]'}
# schema: astropy-2.0
H H+ C+ C+2 C+3 N+ N+2 N+4 O O+2 O+5 O+6 P+ Si+ Si+2 Si+3 Si+4 Fe+ Al+ log_nH parameters
[from data line 241]
120226000000000.0 13169900000000.0 129765000000.0 804850000.0 0.0 7998870000.0 478830.0 0.0 636168000000.0 987047.0 0.0 0.0 326794000.0 34555800000.0 241417.0 322902.0 0.0 42089400000.0 3740580000.0 -0.18 [-0.18]
120226000000000.0 12826100000000.0 126928000000.0 763115000.0 0.0 7747570000.0 442793.0 0.0 635147000000.0 906880.0 0.0 0.0 325853000.0 34313400000.0 228753.0 305693.0 0.0 41980900000.0 3731330000.0 -0.16 [-0.16]
120226000000000.0 12491900000000.0 124135000000.0 723436000.0 0.0 7504280000.0 409506.0 0.0 634147000000.0 833432.0 0.0 0.0 324936000.0 34072600000.0 216768.0 289419.0 0.0 41875400000.0 3722340000.0 -0.14 [-0.14]
120226000000000.0 12167100000000.0 121387000000.0 685716000.0 0.0 7268730000.0 378755.0 0.0 633166000000.0 766121.0 0.0 0.0 324042000.0 33833200000.0 205425.0 274026.0 0.0 41772800000.0 3713590000.0 -0.12 [-0.12]
120226000000000.0 11851400000000.0 118682000000.0 649863000.0 0.0 7040670000.0 350343.0 0.0 632206000000.0 704418.0 0.0 0.0 323171000.0 33595200000.0 194688.0 259465.0 0.0 41673200000.0 3705080000.0 -0.1 [-0.1]
120226000000000.0 11544300000000.0 116020000000.0 615784000.0 0.0 6819810000.0 324089.0 0.0 631265000000.0 647839.0 0.0 0.0 322322000.0 33358300000.0 184522.0 245689.0 0.0 41576200000.0 3696810000.0 -0.08 [-0.08]
120226000000000.0 11245800000000.0 113401000000.0 583398000.0 0.0 6605930000.0 299827.0 0.0 630343000000.0 595948.0 0.0 0.0 321493000.0 33122600000.0 174897.0 232654.0 0.0 41481900000.0 3688760000.0 -0.06 [-0.06]
120226000000000.0 10955500000000.0 110825000000.0 552622000.0 0.0 6398780000.0 277403.0 0.0 629440000000.0 548342.0 0.0 0.0 320686000.0 32887900000.0 165782.0 220319.0 0.0 41390100000.0 3680930000.0 -0.04 [-0.04]
120226000000000.0 10673000000000.0 108291000000.0 523376000.0 0.0 6198110000.0 256675.0 0.0 628555000000.0 504650.0 0.0 0.0 319897000.0 32654000000.0 157149.0 208645.0 0.0 41300900000.0 3673310000.0 -0.02 [-0.02]
120226000000000.0 10398400000000.0 105798000000.0 495592000.0 0.0 6003750000.0 237514.0 0.0 627689000000.0 464548.0 0.0 0.0 319128000.0 32420900000.0 148971.0 197594.0 0.0 41214100000.0 3665900000.0 -0.0 [-0.0]
120226000000000.0 10131100000000.0 103347000000.0 469199000.0 0.0 5815460000.0 219798.0 0.0 626841000000.0 427731.0 0.0 0.0 318378000.0 32188400000.0 141225.0 187134.0 0.0 41129700000.0 3658690000.0 0.02 [0.02]
120226000000000.0 9872130000000.0 100944000000.0 444198000.0 0.0 5633510000.0 203435.0 0.0 626014000000.0 393960.0 0.0 0.0 317651000.0 31957800000.0 133891.0 177238.0 0.0 41047800000.0 3651690000.0 0.04 [0.04]
120226000000000.0 9619150000000.0 98573600000.0 420385000.0 0.0 5456740000.0 188287.0 0.0 625200000000.0 362897.0 0.0 0.0 316936000.0 31726300000.0 126937.0 167861.0 0.0 40967800000.0 3644860000.0 0.06 [0.06]
120226000000000.0 9372950000000.0 96243100000.0 397769000.0 0.0 5285470000.0 174277.0 0.0 624403000000.0 334356.0 0.0 0.0 316237000.0 31495200000.0 120346.0 158981.0 0.0 40890000000.0 3638200000.0 0.08 [0.08]
120226000000000.0 9133360000000.0 93952300000.0 376297000.0 0.0 5119500000.0 161320.0 0.0 623623000000.0 308124.0 0.0 0.0 315555000.0 31264400000.0 114101.0 150572.0 0.0 40814200000.0 3631720000.0 0.1 [0.1]
120226000000000.0 8900190000000.0 91700700000.0 355913000.0 0.0 4958660000.0 149335.0 0.0 622860000000.0 284010.0 0.0 0.0 314888000.0 31033700000.0 108181.0 142608.0 0.0 40740500000.0 3625420000.0 0.12 [0.12]
120226000000000.0 8673220000000.0 89488000000.0 336564000.0 0.0 4802800000.0 138249.0 0.0 622112000000.0 261838.0 0.0 0.0 314237000.0 30803200000.0 102570.0 135064.0 0.0 40668700000.0 3619280000.0 0.14 [0.14]
120226000000000.0 8452280000000.0 87313500000.0 318199000.0 0.0 4651730000.0 127993.0 0.0 621380000000.0 241445.0 0.0 0.0 313600000.0 30572600000.0 97251.4 127919.0 0.0 40598800000.0 3613300000.0 0.16 [0.16]
120226000000000.0 8237180000000.0 85177000000.0 300772000.0 0.0 4505310000.0 118504.0 0.0 620664000000.0 222686.0 0.0 0.0 312978000.0 30342000000.0 92209.1 121151.0 0.0 40530700000.0 3607470000.0 0.18 [0.18]
120226000000000.0 8027760000000.0 83078100000.0 284238000.0 0.0 4363390000.0 109725.0 0.0 619963000000.0 205426.0 0.0 0.0 312369000.0 30111200000.0 87428.5 114739.0 0.0 40464500000.0 3601800000.0 0.2 [0.2]
120226000000000.0 7823840000000.0 81017300000.0 268555000.0 0.0 4225850000.0 101602.0 0.0 619277000000.0 189539.0 0.0 0.0 311774000.0 29880100000.0 82895.8 108664.0 0.0 40399900000.0 3596270000.0 0.22 [0.22]
120226000000000.0 7625260000000.0 78992300000.0 253678000.0 0.0 4092500000.0 94084.7 0.0 618605000000.0 174916.0 0.0 0.0 311191000.0 29648800000.0 78597.8 102908.0 0.0 40337100000.0 3590890000.0 0.24 [0.24]
120226000000000.0 7431880000000.0 77003500000.0 239568000.0 0.0 3963230000.0 87128.0 0.0 617948000000.0 161452.0 0.0 0.0 310621000.0 29417000000.0 74522.2 97455.0 0.0 40275800000.0 3585650000.0 0.26 [0.26]
120226000000000.0 7243550000000.0 75050500000.0 226190000.0 0.0 3837900000.0 80689.5 0.0 617305000000.0 149052.0 0.0 0.0 310063000.0 29184800000.0 70657.3 92287.7 0.0 40216200000.0 3580540000.0 0.28 [0.28]
120226000000000.0 7060100000000.0 73133000000.0 213507000.0 0.0 3716400000.0 74730.4 0.0 616676000000.0 137630.0 0.0 0.0 309516000.0 28952100000.0 66991.9 87391.3 0.0 40158100000.0 3575560000.0 0.3 [0.3]
120226000000000.0 6881400000000.0 71250600000.0 201485000.0 0.0 3598610000.0 69214.7 0.0 616060000000.0 127106.0 0.0 0.0 308981000.0 28718900000.0 63515.7 82751.4 0.0 40101400000.0 3570710000.0 0.32 [0.32]
120226000000000.0 6707310000000.0 69402700000.0 190093000.0 0.0 3484400000.0 64109.0 0.0 615458000000.0 117408.0 0.0 0.0 308456000.0 28485000000.0 60218.7 78354.5 0.0 40046300000.0 3565980000.0 0.34 [0.34]
120226000000000.0 6537700000000.0 67589100000.0 179298000.0 0.0 3373660000.0 59382.6 0.0 614868000000.0 108468.0 0.0 0.0 307941000.0 28250300000.0 57091.6 74187.7 0.0 39992500000.0 3561380000.0 0.36 [0.36]
120226000000000.0 6372440000000.0 65809300000.0 169072000.0 0.0 3266290000.0 55007.2 0.0 614291000000.0 100226.0 0.0 0.0 307437000.0 28015000000.0 54125.5 70238.9 0.0 39940100000.0 3556880000.0 0.38 [0.38]
120226000000000.0 6211400000000.0 64062900000.0 159386000.0 0.0 3162180000.0 50956.5 0.0 613727000000.0 92625.9 0.0 0.0 306942000.0 27778900000.0 51312.1 66496.8 0.0 39889100000.0 3552500000.0 0.4 [0.4]
120226000000000.0 6054470000000.0 62349600000.0 150215000.0 0.0 3061240000.0 47206.1 0.0 613175000000.0 85616.0 0.0 0.0 306456000.0 27541900000.0 48643.4 62950.3 0.0 39839300000.0 3548240000.0 0.42 [0.42]
120226000000000.0 5901530000000.0 60668900000.0 141532000.0 0.0 2963360000.0 43733.8 0.0 612635000000.0 79149.5 0.0 0.0 305979000.0 27304200000.0 46112.0 59589.4 0.0 39790800000.0 3544080000.0 0.44 [0.44]
120226000000000.0 5752460000000.0 59020400000.0 133313000.0 0.0 2868450000.0 40518.6 0.0 612106000000.0 73182.8 0.0 0.0 305511000.0 27065500000.0 43710.8 56404.2 0.0 39743500000.0 3540020000.0 0.46 [0.46]
120226000000000.0 5606830000000.0 57400900000.0 125524000.0 0.0 2776300000.0 37539.9 0.0 611588000000.0 67673.7 0.0 0.0 305048000.0 26825000000.0 41432.0 53384.2 0.0 39697200000.0 3536050000.0 0.48 [0.48]
120226000000000.0 5465200000000.0 55815900000.0 118166000.0 0.0 2687060000.0 34783.3 0.0 611082000000.0 62591.4 0.0 0.0 304596000.0 26584500000.0 39271.4 50523.7 0.0 39652300000.0 3532190000.0 0.5 [0.5]
120226000000000.0 5327140000000.0 54262100000.0 111207000.0 0.0 2600540000.0 32230.6 0.0 610587000000.0 57899.3 0.0 0.0 304151000.0 26343000000.0 37221.9 47812.9 0.0 39608400000.0 3528430000.0 0.52 [0.52]
120226000000000.0 5192840000000.0 52741600000.0 104635000.0 0.0 2516740000.0 29867.8 0.0 610105000000.0 53568.8 0.0 0.0 303716000.0 26101300000.0 35278.6 45245.4 0.0 39565700000.0 3524770000.0 0.54 [0.54]
120226000000000.0 5061590000000.0 51248800000.0 98412100.0 0.0 2435390000.0 27678.4 0.0 609631000000.0 49567.4 0.0 0.0 303286000.0 25857800000.0 33434.3 42811.1 0.0 39524000000.0 3521180000.0 0.56 [0.56]
120226000000000.0 4933610000000.0 49786000000.0 92529900.0 0.0 2356500000.0 25650.8 0.0 609168000000.0 45871.0 0.0 0.0 302861000.0 25613400000.0 31684.9 40504.4 0.0 39483300000.0 3517690000.0 0.58 [0.58]
120226000000000.0 4808800000000.0 48352800000.0 86971300.0 0.0 2280010000.0 23772.9 0.0 608715000000.0 42456.0 0.0 0.0 302443000.0 25367900000.0 30025.6 38318.7 0.0 39443600000.0 3514280000.0 0.6 [0.6]
120226000000000.0 4687090000000.0 46949000000.0 81720400.0 0.0 2205840000.0 22033.6 0.0 608271000000.0 39300.5 0.0 0.0 302030000.0 25121400000.0 28451.6 36247.7 0.0 39404900000.0 3510950000.0 0.62 [0.62]
120226000000000.0 4568380000000.0 45574200000.0 76761200.0 0.0 2133930000.0 20422.6 0.0 607838000000.0 36384.3 0.0 0.0 301623000.0 24874000000.0 26958.7 34285.5 0.0 39367100000.0 3507710000.0 0.64 [0.64]
120226000000000.0 4452600000000.0 44228100000.0 72078800.0 0.0 2064220000.0 18930.5 0.0 607413000000.0 33688.7 0.0 0.0 301222000.0 24625600000.0 25542.7 32426.6 0.0 39330300000.0 3504540000.0 0.66 [0.66]
120226000000000.0 4339670000000.0 42910300000.0 67659100.0 0.0 1996620000.0 17548.3 0.0 606999000000.0 31196.6 0.0 0.0 300825000.0 24376300000.0 24199.7 30665.5 0.0 39294300000.0 3501450000.0 0.68 [0.68]
120226000000000.0 4229500000000.0 41620600000.0 63488600.0 0.0 1931090000.0 16268.1 0.0 606593000000.0 28892.4 0.0 0.0 300432000.0 24126000000.0 22925.9 28997.2 0.0 39259200000.0 3498430000.0 0.7 [0.7]
120226000000000.0 4122030000000.0 40358500000.0 59554400.0 0.0 1867570000.0 15082.2 0.0 606196000000.0 26761.5 0.0 0.0 300044000.0 23874800000.0 21718.0 27416.9 0.0 39224900000.0 3495480000.0 0.72 [0.72]
120226000000000.0 4017170000000.0 39123900000.0 55844400.0 0.0 1805980000.0 13983.6 0.0 605807000000.0 24790.8 0.0 0.0 299659000.0 23622800000.0 20572.4 25920.2 0.0 39191400000.0 3492610000.0 0.74 [0.74]
120226000000000.0 3914850000000.0 37916400000.0 52346800.0 0.0 1746290000.0 12966.0 0.0 605427000000.0 22967.7 0.0 0.0 299278000.0 23369900000.0 19486.1 24502.6 0.0 39158800000.0 3489800000.0 0.76 [0.76]
120226000000000.0 3815030000000.0 36735700000.0 49050700.0 0.0 1688430000.0 12023.2 0.0 605056000000.0 21281.1 0.0 0.0 298900000.0 23116200000.0 18456.0 23160.2 0.0 39126900000.0 3487060000.0 0.78 [0.78]
120226000000000.0 3717610000000.0 35582200000.0 45951100.0 0.0 1632350000.0 11149.9 0.0 604692000000.0 19720.4 0.0 0.0 298525000.0 22861900000.0 17479.3 21889.0 0.0 39095700000.0 3484380000.0 0.8 [0.8]
120226000000000.0 3622480000000.0 34460300000.0 43104400.0 0.0 1578070000.0 10341.4 0.0 604336000000.0 18274.5 0.0 0.0 298152000.0 22607100000.0 16553.4 20686.4 0.0 39065300000.0 3481750000.0 0.82 [0.82]
120226000000000.0 3529620000000.0 33364000000.0 40420100.0 0.0 1525460000.0 9592.25 0.0 603988000000.0 16936.4 0.0 0.0 297781000.0 22351700000.0 15675.6 19547.8 0.0 39035600000.0 3479190000.0 0.84 [0.84]
120226000000000.0 3439020000000.0 32293000000.0 37889900.0 0.0 1474470000.0 8898.12 0.0 603648000000.0 15698.1 0.0 0.0 297412000.0 22095800000.0 14843.4 18469.8 0.0 39006600000.0 3476680000.0 0.86 [0.86]
120226000000000.0 3350580000000.0 31246900000.0 35505700.0 0.0 1425060000.0 8254.96 0.0 603315000000.0 14551.8 0.0 0.0 297044000.0 21839300000.0 14054.5 17449.3 0.0 38978300000.0 3474240000.0 0.88 [0.88]
120226000000000.0 3264240000000.0 30225500000.0 33259900.0 0.0 1377180000.0 7658.99 0.0 602988000000.0 13490.6 0.0 0.0 296678000.0 21582300000.0 13306.7 16483.4 0.0 38950600000.0 3471850000.0 0.9 [0.9]
120226000000000.0 3179970000000.0 29228500000.0 31145300.0 0.0 1330780000.0 7106.75 0.0 602669000000.0 12508.3 0.0 0.0 296312000.0 21324900000.0 12597.9 15569.2 0.0 38923600000.0 3469510000.0 0.92 [0.92]
120226000000000.0 3097690000000.0 28255700000.0 29155000.0 0.0 1285840000.0 6595.0 0.0 602357000000.0 11598.9 0.0 0.0 295946000.0 21067200000.0 11926.1 14704.1 0.0 38897200000.0 3467230000.0 0.94 [0.94]
120226000000000.0 3017370000000.0 27306800000.0 27282300.0 0.0 1242290000.0 6120.76 0.0 602051000000.0 10756.8 0.0 0.0 295581000.0 20809200000.0 11289.5 13885.5 0.0 38871300000.0 3465000000.0 0.96 [0.96]
120226000000000.0 2938950000000.0 26381500000.0 25521000.0 0.0 1200110000.0 5681.27 0.0 601752000000.0 9977.04 0.0 0.0 295215000.0 20551000000.0 10686.2 13111.0 0.0 38846100000.0 3462820000.0 0.98 [0.98]
120226000000000.0 2862390000000.0 25479500000.0 23865100.0 0.0 1159250000.0 5273.96 0.0 601460000000.0 9254.88 0.0 0.0 294848000.0 20292700000.0 10114.5 12378.4 0.0 38821400000.0 3460690000.0 1.0 [1.0]
