Cloudy_runs/pg1222/z=0.054479/logZ=1/component_I_PI_nH/component_I_PI_nH_col_density_param.txt
# %ECSV 1.0
# ---
# datatype:
# - {name: H, datatype: float64}
# - {name: H+, datatype: float64}
# - {name: C+, datatype: float64}
# - {name: C+2, datatype: float64}
# - {name: C+3, datatype: float64}
# - {name: N+, datatype: float64}
# - {name: N+2, datatype: float64}
# - {name: N+4, datatype: float64}
# - {name: O, datatype: float64}
# - {name: O+2, datatype: float64}
# - {name: O+5, datatype: float64}
# - {name: O+6, datatype: float64}
# - {name: P+, datatype: float64}
# - {name: Si+, datatype: float64}
# - {name: Si+2, datatype: float64}
# - {name: Si+3, datatype: float64}
# - {name: Si+4, datatype: float64}
# - {name: Fe+, datatype: float64}
# - {name: Al+, datatype: float64}
# - {name: log_nH, datatype: float64}
# - {name: parameters, datatype: string, subtype: 'float64[1]'}
# schema: astropy-2.0
H H+ C+ C+2 C+3 N+ N+2 N+4 O O+2 O+5 O+6 P+ Si+ Si+2 Si+3 Si+4 Fe+ Al+ log_nH parameters
[from data line 53]
120226000000000.0 2.29659e+16 5394470000000.0 47718100000000.0 7940510000000.0 1231770000000.0 10263900000000.0 402348000000.0 37240900000.0 70279100000000.0 60895900000.0 1135250000.0 12748700000.0 1746370000000.0 1390520000000.0 3030880000000.0 1245170000000.0 9206060000.0 25084200000.0 -3.94 [-3.94]
120226000000000.0 2.16985e+16 5332970000000.0 45256100000000.0 7194350000000.0 1256630000000.0 9784240000000.0 346973000000.0 41009600000.0 67214300000000.0 49737800000.0 884295000.0 12724900000.0 1789310000000.0 1324080000000.0 2819050000000.0 1082510000000.0 10230300000.0 25998400000.0 -3.92 [-3.92]
120226000000000.0 2.05062e+16 5271620000000.0 42912800000000.0 6512800000000.0 1280770000000.0 9318410000000.0 299069000000.0 45079400000.0 64188100000000.0 40580200000.0 688238000.0 12679000000.0 1826960000000.0 1256920000000.0 2616260000000.0 938877000000.0 11349500000.0 26908400000.0 -3.9 [-3.9]
120226000000000.0 1.93844e+16 5210620000000.0 40683300000000.0 5890610000000.0 1304150000000.0 8866670000000.0 257656000000.0 49464700000.0 61209100000000.0 33072800000.0 535218000.0 12612600000.0 1859060000000.0 1189580000000.0 2422920000000.0 812439000000.0 12570100000.0 27811500000.0 -3.88 [-3.88]
120226000000000.0 1.83294e+16 5150240000000.0 38563900000000.0 5323190000000.0 1326720000000.0 8429520000000.0 221888000000.0 54177700000.0 58286400000000.0 26927300000.0 415943000.0 12527600000.0 1885480000000.0 1122630000000.0 2239390000000.0 701534000000.0 13898900000.0 28704700000.0 -3.86 [-3.86]
120226000000000.0 1.73371e+16 5090600000000.0 36549800000000.0 4806110000000.0 1348440000000.0 8007070000000.0 191013000000.0 59231700000.0 55427000000000.0 21902100000.0 323048000.0 12425800000.0 1906150000000.0 1056530000000.0 2065850000000.0 604548000000.0 15342600000.0 29584800000.0 -3.84 [-3.84]
120226000000000.0 1.64038e+16 5031900000000.0 34636900000000.0 4335290000000.0 1369270000000.0 7599520000000.0 164379000000.0 64636900000.0 52638000000000.0 17798400000.0 250773000.0 12308800000.0 1921070000000.0 991727000000.0 1902380000000.0 520002000000.0 16908000000.0 30448900000.0 -3.82 [-3.82]
120226000000000.0 1.55263e+16 4974290000000.0 32821100000000.0 3907040000000.0 1389170000000.0 7206980000000.0 141419000000.0 70404600000.0 49925600000000.0 14451200000.0 194592000.0 12178300000.0 1930350000000.0 928625000000.0 1748980000000.0 446522000000.0 18602400000.0 31293800000.0 -3.8 [-3.8]
120226000000000.0 1.4701e+16 4917900000000.0 31097700000000.0 3517820000000.0 1408110000000.0 6829370000000.0 121633000000.0 76544200000.0 47294300000000.0 11723800000.0 150947000.0 12036100000.0 1934150000000.0 867534000000.0 1605490000000.0 382827000000.0 20433200000.0 32116600000.0 -3.78 [-3.78]
120226000000000.0 1.39256e+16 4862820000000.0 29464000000000.0 3164680000000.0 1426040000000.0 6466890000000.0 104601000000.0 83059800000.0 44750500000000.0 9505190000.0 117083000.0 11883600000.0 1932700000000.0 808768000000.0 1471820000000.0 327791000000.0 22406500000.0 32913600000.0 -3.76 [-3.76]
120226000000000.0 1.31962e+16 4809010000000.0 27914200000000.0 2844380000000.0 1442930000000.0 6119050000000.0 89935100000.0 89962000000.0 42294900000000.0 7700760000.0 90801500.0 11722100000.0 1926290000000.0 752479000000.0 1347550000000.0 280315000000.0 24530800000.0 33682600000.0 -3.74 [-3.74]
120226000000000.0 1.25108e+16 4756610000000.0 26445600000000.0 2554340000000.0 1458750000000.0 5785940000000.0 77318200000.0 97251700000.0 39932200000000.0 6235530000.0 70426500.0 11553100000.0 1915240000000.0 698872000000.0 1232440000000.0 239477000000.0 26812300000.0 34420200000.0 -3.72 [-3.72]
120226000000000.0 1.18663e+16 4705570000000.0 25053900000000.0 2291940000000.0 1473470000000.0 5467190000000.0 66464700000.0 104933000000.0 37663400000000.0 5046420000.0 54630900.0 11377600000.0 1899910000000.0 648025000000.0 1126060000000.0 204411000000.0 29258300000.0 35124100000.0 -3.7 [-3.7]
120226000000000.0 1.12603e+16 4655840000000.0 23735100000000.0 2054800000000.0 1487070000000.0 5162480000000.0 57130000000.0 113007000000.0 35489100000000.0 4082100000.0 42387200.0 11196800000.0 1880680000000.0 599992000000.0 1027970000000.0 174353000000.0 31876400000.0 35791900000.0 -3.68 [-3.68]
120226000000000.0 1.06905e+16 4607440000000.0 22485900000000.0 1840750000000.0 1499510000000.0 4871540000000.0 49104100000.0 121473000000.0 33410200000000.0 3300720000.0 32898600.0 11011600000.0 1857950000000.0 554794000000.0 937740000000.0 148634000000.0 34673400000.0 36421400000.0 -3.66 [-3.66]
120226000000000.0 1.01544e+16 4560180000000.0 21302300000000.0 1647730000000.0 1510770000000.0 4593870000000.0 42202500000.0 130332000000.0 31425200000000.0 2667760000.0 25542500.0 10822700000.0 1832100000000.0 512383000000.0 854870000000.0 126649000000.0 37657000000.0 37010800000.0 -3.64 [-3.64]
120226000000000.0 9650430000000000.0 4514090000000.0 20182200000000.0 1474010000000.0 1520830000000.0 4329400000000.0 36274500000.0 139572000000.0 29535700000000.0 2155790000.0 19844300.0 10631100000.0 1803550000000.0 472755000000.0 778971000000.0 107897000000.0 40831500000.0 37558000000.0 -3.62 [-3.62]
120226000000000.0 9173810000000000.0 4468680000000.0 19116000000000.0 1317090000000.0 1529640000000.0 4076280000000.0 31157000000.0 149226000000.0 27729300000000.0 1740050000.0 15409500.0 10436100000.0 1772460000000.0 435616000000.0 709189000000.0 91844900000.0 44217400000.0 38064300000.0 -3.6 [-3.6]
120226000000000.0 8727890000000000.0 4424630000000.0 18112500000000.0 1176800000000.0 1537280000000.0 3836770000000.0 26783400000.0 159219000000.0 26024100000000.0 1405550000.0 11988000.0 10241000000.0 1739640000000.0 401269000000.0 645776000000.0 78238400000.0 47796000000.0 38523900000.0 -3.58 [-3.58]
120226000000000.0 8306270000000000.0 4381100000000.0 17158400000000.0 1050430000000.0 1543630000000.0 3608080000000.0 23011000000.0 169604000000.0 24400300000000.0 1134300000.0 9324750.0 10043800000.0 1705000000000.0 369250000000.0 587668000000.0 66616000000.0 51597000000.0 38940300000.0 -3.56 [-3.56]
120226000000000.0 7908800000000000.0 4338240000000.0 16254200000000.0 937041000000.0 1548710000000.0 3390590000000.0 19767700000.0 180352000000.0 22861300000000.0 915076000.0 0.0 9845740000.0 1669000000000.0 339560000000.0 534643000000.0 56722600000.0 55618900000.0 39311400000.0 -3.54 [-3.54]
120226000000000.0 7533760000000000.0 4295880000000.0 15396900000000.0 835352000000.0 1552500000000.0 3183770000000.0 16978300000.0 191457000000.0 21403700000000.0 737894000.0 0.0 9647140000.0 1631910000000.0 312060000000.0 486277000000.0 48301100000.0 59869100000.0 39637100000.0 -3.52 [-3.52]
120226000000000.0 7179720000000000.0 4253950000000.0 14584000000000.0 744240000000.0 1554990000000.0 2987240000000.0 14579400000.0 202905000000.0 20024700000000.0 594763000.0 0.0 9448380000.0 1593990000000.0 286625000000.0 442195000000.0 41135200000.0 64353100000.0 39917500000.0 -3.5 [-3.5]
120226000000000.0 6845370000000000.0 4212370000000.0 13813300000000.0 662674000000.0 1556170000000.0 2800620000000.0 12516700000.0 214681000000.0 18721700000000.0 479191000.0 0.0 9249830000.0 1555480000000.0 263134000000.0 402043000000.0 35039400000.0 69075600000.0 40152700000.0 -3.48 [-3.48]
120226000000000.0 6529190000000000.0 4170910000000.0 13082100000000.0 589688000000.0 1556020000000.0 2623400000000.0 10742200000.0 226780000000.0 17490500000000.0 385854000.0 0.0 9051460000.0 1516550000000.0 241440000000.0 365465000000.0 29851500000.0 74043300000.0 40343100000.0 -3.46 [-3.46]
120226000000000.0 6230090000000000.0 4129520000000.0 12388300000000.0 524431000000.0 1554530000000.0 2455230000000.0 9216150000.0 239184000000.0 16328600000000.0 310523000.0 0.0 8853650000.0 1477420000000.0 221432000000.0 332163000000.0 25437300000.0 79259700000.0 40489300000.0 -3.44 [-3.44]
120226000000000.0 5946940000000000.0 4088110000000.0 11729800000000.0 466123000000.0 1551700000000.0 2295740000000.0 7903710000.0 251876000000.0 15232700000000.0 249745000.0 0.0 8656590000.0 1438220000000.0 202989000000.0 301848000000.0 21680800000.0 84727600000.0 40592000000.0 -3.42 [-3.42]
120226000000000.0 5678680000000000.0 4046560000000.0 11104900000000.0 414054000000.0 1547520000000.0 2144560000000.0 6775050000.0 264841000000.0 14199800000000.0 200725000.0 0.0 8460420000.0 1399110000000.0 185998000000.0 274256000000.0 18483600000.0 90449100000.0 40651900000.0 -3.4 [-3.4]
120226000000000.0 5424330000000000.0 4004780000000.0 10511500000000.0 367586000000.0 1541990000000.0 2001340000000.0 5804590000.0 278060000000.0 13226800000000.0 161208000.0 0.0 8265310000.0 1360200000000.0 170352000000.0 249145000000.0 15761700000.0 96424900000.0 40670000000.0 -3.38 [-3.38]
120226000000000.0 5182990000000000.0 3962690000000.0 9948010000000.0 326139000000.0 1535090000000.0 1865760000000.0 4970300000.0 291515000000.0 12310700000000.0 129367000.0 0.0 8071410000.0 1321590000000.0 155950000000.0 226293000000.0 13444000000.0 102653000000.0 40647200000.0 -3.36 [-3.36]
120226000000000.0 4953830000000000.0 3920190000000.0 9412860000000.0 289192000000.0 1526840000000.0 1737500000000.0 4253240000.0 305185000000.0 11448800000000.0 103725000.0 0.0 7878860000.0 1283360000000.0 142698000000.0 205498000000.0 11470000000.0 109132000000.0 40584600000.0 -3.34 [-3.34]
120226000000000.0 4736070000000000.0 3877230000000.0 8904550000000.0 256277000000.0 1517230000000.0 1616260000000.0 3637150000.0 319049000000.0 10638400000000.0 83088800.0 0.0 7687780000.0 1245610000000.0 130510000000.0 186575000000.0 9788340000.0 115854000000.0 40483300000.0 -3.32 [-3.32]
120226000000000.0 4528950000000000.0 3833690000000.0 8421550000000.0 226966000000.0 1506270000000.0 1501720000000.0 3107910000.0 333089000000.0 9876570000000.0 66489000.0 0.0 7498200000.0 1208370000000.0 119299000000.0 169353000000.0 8355040000.0 122814000000.0 40344400000.0 -3.3 [-3.3]
120226000000000.0 4331810000000000.0 3789490000000.0 7962610000000.0 200880000000.0 1493960000000.0 1393630000000.0 2653510000.0 347279000000.0 9160960000000.0 53147300.0 0.0 7310260000.0 1171690000000.0 108991000000.0 153680000000.0 7133200000.0 129999000000.0 40169100000.0 -3.28 [-3.28]
120226000000000.0 4144040000000000.0 3744610000000.0 7526490000000.0 177678000000.0 1480320000000.0 1291710000000.0 2263550000.0 361598000000.0 8489160000000.0 42433400.0 0.0 7124070000.0 1135630000000.0 99517300000.0 139417000000.0 6091340000.0 137397000000.0 39958600000.0 -3.26 [-3.26]
120226000000000.0 3965040000000000.0 3698960000000.0 7112000000000.0 157050000000.0 1465370000000.0 1195710000000.0 1929070000.0 376022000000.0 7858820000000.0 33836700.0 0.0 6939670000.0 1100210000000.0 90810600000.0 126437000000.0 5202680000.0 144989000000.0 39714000000.0 -3.24 [-3.24]
120226000000000.0 3794300000000000.0 3652480000000.0 6718080000000.0 138724000000.0 1449120000000.0 1105380000000.0 1642380000.0 390527000000.0 7267780000000.0 26945900.0 0.0 6757160000.0 1065450000000.0 82811900000.0 114625000000.0 4444510000.0 152754000000.0 39436500000.0 -3.22 [-3.22]
120226000000000.0 3631270000000000.0 3605110000000.0 6343610000000.0 122448000000.0 1431600000000.0 1020470000000.0 1396750000.0 405091000000.0 6713850000000.0 21427400.0 0.0 6576560000.0 1031370000000.0 75464300000.0 103874000000.0 3797380000.0 160667000000.0 39127300000.0 -3.2 [-3.2]
120226000000000.0 3475530000000000.0 3556840000000.0 5987730000000.0 108004000000.0 1412840000000.0 940759000000.0 1186530000.0 419687000000.0 6195190000000.0 17013700.0 0.0 6398000000.0 997983000000.0 68719000000.0 94092000000.0 3245030000.0 168698000000.0 38787600000.0 -3.18 [-3.18]
120226000000000.0 3325920000000000.0 3507320000000.0 5647870000000.0 95146700000.0 1392700000000.0 865736000000.0 1006090000.0 434326000000.0 5707840000000.0 13477200.0 0.0 6220600000.0 965126000000.0 62503100000.0 85156500000.0 2771880000.0 176826000000.0 38416600000.0 -3.16 [-3.16]
120226000000000.0 3183520000000000.0 3457090000000.0 5326530000000.0 83796200000.0 1371570000000.0 795788000000.0 852575000.0 448914000000.0 5254230000000.0 10666300.0 0.0 6046240000.0 933155000000.0 56825700000.0 77062900000.0 2369340000.0 184985000000.0 38019300000.0 -3.14 [-3.14]
120226000000000.0 3047210000000000.0 3405860000000.0 5021220000000.0 73742100000.0 1349320000000.0 730395000000.0 721545000.0 463460000000.0 4830550000000.0 8427130.0 0.0 5874100000.0 901896000000.0 51620100000.0 69701600000.0 2025530000.0 193144000000.0 37595200000.0 -3.12 [-3.12]
120226000000000.0 2916680000000000.0 3353610000000.0 4731210000000.0 64842600000.0 1326000000000.0 669355000000.0 609836000.0 477938000000.0 4435220000000.0 6646070.0 0.0 5704240000.0 871352000000.0 46850000000.0 63008200000.0 1731830000.0 201255000000.0 37145500000.0 -3.1 [-3.1]
120226000000000.0 2792300000000000.0 3300690000000.0 4457330000000.0 57003100000.0 1301880000000.0 612719000000.0 515094000.0 492288000000.0 4068460000000.0 5236510.0 0.0 5537690000.0 841702000000.0 42501600000.0 56951200000.0 1481820000.0 209256000000.0 36674200000.0 -3.08 [-3.08]
120226000000000.0 2672390000000000.0 3246440000000.0 4195850000000.0 50042300000.0 1276620000000.0 559782000000.0 434142000.0 506558000000.0 3725320000000.0 4114360.0 0.0 5372610000.0 812587000000.0 38503200000.0 51420900000.0 1267320000.0 217111000000.0 36177100000.0 -3.06 [-3.06]
120226000000000.0 2557400000000000.0 3191230000000.0 3947710000000.0 43894500000.0 1250490000000.0 510617000000.0 365385000.0 520687000000.0 3406250000000.0 3226370.0 0.0 5210030000.0 784185000000.0 34847400000.0 46398100000.0 1084040000.0 224752000000.0 35658300000.0 -3.04 [-3.04]
120226000000000.0 2446490000000000.0 3134770000000.0 3711050000000.0 38447000000.0 1223340000000.0 464848000000.0 306842000.0 534682000000.0 3108640000000.0 2522720.0 0.0 5049130000.0 756333000000.0 31493500000.0 41818600000.0 926864000.0 232120000000.0 35115800000.0 -3.02 [-3.02]
120226000000000.0 2340660000000000.0 3077730000000.0 3487930000000.0 33665600000.0 1195680000000.0 422685000000.0 257485000.0 548457000000.0 2833990000000.0 1970290.0 0.0 4891790000.0 729353000000.0 28446700000.0 37682900000.0 793091000.0 239143000000.0 34557300000.0 -3.0 [-3.0]
120226000000000.0 2239100000000000.0 3019880000000.0 3276510000000.0 29453500000.0 1167390000000.0 383748000000.0 215751000.0 562020000000.0 2579720000000.0 1535720.0 0.0 4737200000.0 703082000000.0 25669200000.0 33933100000.0 678776000.0 245766000000.0 33981100000.0 -2.98 [-2.98]
120226000000000.0 2142190000000000.0 2961610000000.0 3077440000000.0 25762100000.0 1138770000000.0 348013000000.0 180656000.0 575320000000.0 2345770000000.0 0.0 0.0 4586320000.0 677672000000.0 23150900000.0 30550400000.0 581440000.0 251931000000.0 33392400000.0 -2.96 [-2.96]
120226000000000.0 2048640000000000.0 2902380000000.0 2887940000000.0 22501000000.0 1109480000000.0 314996000000.0 150939000.0 588394000000.0 2128870000000.0 0.0 0.0 4437530000.0 652817000000.0 20849700000.0 27473000000.0 497916000.0 257578000000.0 32785900000.0 -2.94 [-2.94]
120226000000000.0 1959000000000000.0 2842680000000.0 2709000000000.0 19639700000.0 1079900000000.0 284724000000.0 125960000.0 601185000000.0 1929340000000.0 0.0 0.0 4292000000.0 628707000000.0 18761800000.0 24692100000.0 426608000.0 262656000000.0 32167400000.0 -2.92 [-2.92]
120226000000000.0 1872180000000000.0 2782000000000.0 2538270000000.0 17110600000.0 1049710000000.0 256799000000.0 104836000.0 613721000000.0 1744540000000.0 0.0 0.0 4148250000.0 605070000000.0 16854000000.0 22160000000.0 365295000.0 267098000000.0 31531600000.0 -2.9 [-2.9]
120226000000000.0 1789550000000000.0 2721410000000.0 2378350000000.0 14907700000.0 1019630000000.0 231430000000.0 87229700.0 625910000000.0 1576070000000.0 0.0 0.0 4008830000.0 582331000000.0 15136300000.0 19887800000.0 313189000.0 270897000000.0 30891100000.0 -2.88 [-2.88]
