Cloudy_runs/pg1222/z=0.054479/logZ=1/component_I_PI_nH/component_I_PI_nH_col_density_param.txt
# %ECSV 1.0
# ---
# datatype:
# - {name: H, datatype: float64}
# - {name: H+, datatype: float64}
# - {name: C+, datatype: float64}
# - {name: C+2, datatype: float64}
# - {name: C+3, datatype: float64}
# - {name: N+, datatype: float64}
# - {name: N+2, datatype: float64}
# - {name: N+4, datatype: float64}
# - {name: O, datatype: float64}
# - {name: O+2, datatype: float64}
# - {name: O+5, datatype: float64}
# - {name: O+6, datatype: float64}
# - {name: P+, datatype: float64}
# - {name: Si+, datatype: float64}
# - {name: Si+2, datatype: float64}
# - {name: Si+3, datatype: float64}
# - {name: Si+4, datatype: float64}
# - {name: Fe+, datatype: float64}
# - {name: Al+, datatype: float64}
# - {name: log_nH, datatype: float64}
# - {name: parameters, datatype: string, subtype: 'float64[1]'}
# schema: astropy-2.0
H H+ C+ C+2 C+3 N+ N+2 N+4 O O+2 O+5 O+6 P+ Si+ Si+2 Si+3 Si+4 Fe+ Al+ log_nH parameters
[from data line 170]
120226000000000.0 113037000000000.0 515102000000.0 33574300000.0 3166710.0 89199000000.0 201419000.0 0.0 771834000000.0 871655000.0 0.0 0.0 579031000.0 72998000000.0 20362600.0 28234800.0 155530.0 73183300000.0 6317010000.0 -1.6 [-1.6]
120226000000000.0 108996000000000.0 504531000000.0 31676100000.0 2855100.0 85982600000.0 182914000.0 0.0 769036000000.0 781840000.0 0.0 0.0 569113000.0 71644200000.0 18805300.0 26079600.0 143241.0 71942900000.0 6216580000.0 -1.58 [-1.58]
120226000000000.0 105123000000000.0 494268000000.0 29895500000.0 2576790.0 82888000000.0 166186000.0 0.0 766224000000.0 701674000.0 0.0 0.0 559595000.0 70343900000.0 17381000.0 24107300.0 132037.0 70752900000.0 6120050000.0 -1.56 [-1.56]
120226000000000.0 101413000000000.0 484303000000.0 28225100000.0 2328010.0 79911500000.0 151061000.0 0.0 763402000000.0 630100000.0 0.0 0.0 550464000.0 69094900000.0 16077400.0 22301200.0 121814.0 69611300000.0 6027320000.0 -1.54 [-1.54]
120226000000000.0 97844800000000.0 474589000000.0 26651900000.0 2104950.0 77038800000.0 137351000.0 0.0 760559000000.0 566034000.0 0.0 0.0 541669000.0 67890300000.0 14881300.0 20643300.0 112463.0 68511900000.0 5937880000.0 -1.52 [-1.52]
120226000000000.0 94435700000000.0 465178000000.0 25179600000.0 1905490.0 74283100000.0 124964000.0 0.0 757729000000.0 508874000.0 0.0 0.0 533255000.0 66736100000.0 13786200.0 19124800.0 103927.0 67460400000.0 5852200000.0 -1.5 [-1.5]
120226000000000.0 91176200000000.0 456052000000.0 23800100000.0 1726850.0 71638200000.0 113760000.0 0.0 754914000000.0 457826000.0 0.0 0.0 525200000.0 65629400000.0 12782600.0 17732500.0 96124.8 66454100000.0 5770070000.0 -1.48 [-1.48]
120226000000000.0 88040300000000.0 447147000000.0 22499900000.0 1566200.0 69086100000.0 103592000.0 0.0 752089000000.0 412064000.0 0.0 0.0 517440000.0 64561200000.0 11859500.0 16451400.0 88969.0 65484800000.0 5690870000.0 -1.46 [-1.46]
120226000000000.0 85030800000000.0 438477000000.0 21277000000.0 1421790.0 66629400000.0 94371900.0 0.0 749272000000.0 371080000.0 0.0 0.0 509982000.0 63532700000.0 11010900.0 15273200.0 82408.1 64553700000.0 5614670000.0 -1.44 [-1.44]
120226000000000.0 82142200000000.0 430032000000.0 20126600000.0 1291850.0 64264700000.0 86008200.0 0.0 746464000000.0 334359000.0 0.0 0.0 502814000.0 62542200000.0 10230100.0 14188900.0 76387.4 63659200000.0 5541380000.0 -1.42 [-1.42]
120226000000000.0 79372100000000.0 421814000000.0 19045000000.0 1174870.0 61991500000.0 78422000.0 0.0 743667000000.0 301468000.0 0.0 0.0 495932000.0 61589000000.0 9511470.0 13190600.0 70860.1 62800700000.0 5470940000.0 -1.4 [-1.4]
120226000000000.0 76728000000000.0 413859000000.0 18033000000.0 1069750.0 59821500000.0 71556100.0 0.0 740871000000.0 272114000.0 0.0 0.0 489360000.0 60676100000.0 8851070.0 12272700.0 65790.9 61980700000.0 5403560000.0 -1.38 [-1.38]
120226000000000.0 74186800000000.0 406097000000.0 17079100000.0 974815.0 57731100000.0 65315800.0 0.0 738093000000.0 245746000.0 0.0 0.0 483036000.0 59795400000.0 8241700.0 11425500.0 61125.2 61191900000.0 5338670000.0 -1.36 [-1.36]
120226000000000.0 71744300000000.0 398520000000.0 16179700000.0 889015.0 55717500000.0 59642200.0 0.0 735337000000.0 222050000.0 0.0 0.0 476949000.0 58945400000.0 7679040.0 10643200.0 56827.7 60433200000.0 5276180000.0 -1.34 [-1.34]
120226000000000.0 69396000000000.0 391120000000.0 15331400000.0 811395.0 53777700000.0 54481400.0 0.0 732604000000.0 200745000.0 0.0 0.0 471090000.0 58124700000.0 7159120.0 9920170.0 52866.2 59703300000.0 5216000000.0 -1.32 [-1.32]
120226000000000.0 67137000000000.0 383888000000.0 14530700000.0 741099.0 51908500000.0 49784500.0 0.0 729895000000.0 181574000.0 0.0 0.0 465447000.0 57331800000.0 6678280.0 9251460.0 49211.0 59000600000.0 5157990000.0 -1.3 [-1.3]
120226000000000.0 64964700000000.0 376821000000.0 13775200000.0 677399.0 50108400000.0 45509300.0 0.0 727212000000.0 164323000.0 0.0 0.0 460013000.0 56565900000.0 6233370.0 8632680.0 45836.8 58324500000.0 5102120000.0 -1.28 [-1.28]
120226000000000.0 62874600000000.0 369910000000.0 13061700000.0 619614.0 48373900000.0 41615800.0 0.0 724557000000.0 148786000.0 0.0 0.0 454779000.0 55825400000.0 5821360.0 8059640.0 42719.1 57673700000.0 5048280000.0 -1.26 [-1.26]
120226000000000.0 60863200000000.0 363148000000.0 12387600000.0 567151.0 46702800000.0 38068300.0 0.0 721932000000.0 134786000.0 0.0 0.0 449735000.0 55109200000.0 5439550.0 7528600.0 39836.4 57046900000.0 4996370000.0 -1.24 [-1.24]
120226000000000.0 58927000000000.0 356530000000.0 11750700000.0 519478.0 45092700000.0 34835000.0 0.0 719336000000.0 122164000.0 0.0 0.0 444874000.0 54416200000.0 5085490.0 7036170.0 37169.0 56443300000.0 4946340000.0 -1.22 [-1.22]
120226000000000.0 57057400000000.0 350032000000.0 11147000000.0 476067.0 43537600000.0 31883100.0 0.0 716762000000.0 110765000.0 0.0 0.0 440173000.0 53743500000.0 4756610.0 6578760.0 34696.7 55860100000.0 4897950000.0 -1.2 [-1.2]
120226000000000.0 55261900000000.0 343682000000.0 10577600000.0 436606.0 42042500000.0 29194000.0 0.0 714230000000.0 100491000.0 0.0 0.0 435654000.0 53093700000.0 4451540.0 6154500.0 32408.1 55299700000.0 4851410000.0 -1.18 [-1.18]
120226000000000.0 53532200000000.0 337460000000.0 10038900000.0 400659.0 40601700000.0 26740100.0 0.0 711731000000.0 91213800.0 0.0 0.0 431294000.0 52464200000.0 4168070.0 5760320.0 30285.9 54759700000.0 4806520000.0 -1.16 [-1.16]
120226000000000.0 51865500000000.0 331359000000.0 9529080000.0 367888.0 39213100000.0 24500100.0 0.0 709265000000.0 82832800.0 0.0 0.0 427089000.0 51853900000.0 3904510.0 5393860.0 28316.9 54239100000.0 4763200000.0 -1.14 [-1.14]
120226000000000.0 50259000000000.0 325374000000.0 9046430000.0 337988.0 37874700000.0 22454400.0 0.0 706835000000.0 75256600.0 0.0 0.0 423030000.0 51262000000.0 3659290.0 5052950.0 26488.6 53737000000.0 4721400000.0 -1.12 [-1.12]
120226000000000.0 48710300000000.0 319503000000.0 8589430000.0 310690.0 36584800000.0 20585800.0 0.0 704438000000.0 68405700.0 0.0 0.0 419112000.0 50687600000.0 3431030.0 4735660.0 24790.0 53252900000.0 4681050000.0 -1.1 [-1.1]
120226000000000.0 47220700000000.0 313753000000.0 8157470000.0 285773.0 35343800000.0 18879900.0 0.0 702086000000.0 62213500.0 0.0 0.0 415339000.0 50131500000.0 3218580.0 4440380.0 23212.1 52787000000.0 4642190000.0 -1.08 [-1.08]
120226000000000.0 45780500000000.0 308095000000.0 7747280000.0 262966.0 34145300000.0 17318800.0 0.0 699761000000.0 56601700.0 0.0 0.0 411687000.0 49590000000.0 3020410.0 4165020.0 21743.2 52336400000.0 4604570000.0 -1.06 [-1.06]
120226000000000.0 44391900000000.0 302539000000.0 7358530000.0 242102.0 32990000000.0 15891300.0 0.0 698025000000.0 51264300.0 0.0 0.0 408161000.0 49064100000.0 2835630.0 3908320.0 20376.2 51901800000.0 4568270000.0 -1.04 [-1.04]
120226000000000.0 43053300000000.0 297083000000.0 6990050000.0 223002.0 31876700000.0 14585800.0 0.0 697074000000.0 46103900.0 0.0 0.0 404757000.0 48553200000.0 2663260.0 3668900.0 19103.4 51482800000.0 4533230000.0 -1.02 [-1.02]
120226000000000.0 41758300000000.0 291709000000.0 6639890000.0 205486.0 30801100000.0 13390000.0 0.0 696056000000.0 41467800.0 0.0 0.0 401459000.0 48055000000.0 2502210.0 3445280.0 17916.4 51077100000.0 4499300000.0 -1.0 [-1.0]
120226000000000.0 40511000000000.0 286437000000.0 6308450000.0 189444.0 29765900000.0 12296400.0 0.0 694995000000.0 37308000.0 0.0 0.0 398279000.0 47571400000.0 2351890.0 3236600.0 16810.6 50686400000.0 4466590000.0 -0.98 [-0.98]
120226000000000.0 39309300000000.0 281264000000.0 5994660000.0 174741.0 28769700000.0 11296100.0 0.0 693886000000.0 33577600.0 0.0 0.0 395213000.0 47101700000.0 2211500.0 3041770.0 15779.6 50309800000.0 4435040000.0 -0.96 [-0.96]
120226000000000.0 38144700000000.0 276162000000.0 5696130000.0 161229.0 27806600000.0 10378600.0 0.0 692096000000.0 30445900.0 0.0 0.0 392235000.0 46642600000.0 2080100.0 2859460.0 14816.3 49944700000.0 4404430000.0 -0.94 [-0.94]
120226000000000.0 37014800000000.0 271123000000.0 5411750000.0 148800.0 26874700000.0 9536690.0 0.0 690174000000.0 27654000.0 0.0 0.0 389341000.0 46193200000.0 1957020.0 2688760.0 13915.8 49590400000.0 4374710000.0 -0.92 [-0.92]
120226000000000.0 35927900000000.0 266184000000.0 5142810000.0 137400.0 25979000000.0 8766460.0 0.0 688286000000.0 25130900.0 0.0 0.0 386555000.0 45757000000.0 1841980.0 2529250.0 13075.5 49249500000.0 4346090000.0 -0.9 [-0.9]
120226000000000.0 34877400000000.0 261323000000.0 4887430000.0 126918.0 25114900000.0 8060360.0 0.0 686419000000.0 22845700.0 0.0 0.0 383859000.0 45331500000.0 1734250.0 2379940.0 12290.1 48919900000.0 4318410000.0 -0.88 [-0.88]
120226000000000.0 33862100000000.0 256538000000.0 4644900000.0 117277.0 24281500000.0 7412870.0 0.0 684576000000.0 20775200.0 0.0 0.0 381249000.0 44916200000.0 1633330.0 2240120.0 11555.5 48601300000.0 4291630000.0 -0.86 [-0.86]
120226000000000.0 32880500000000.0 251826000000.0 4414530000.0 108403.0 23477500000.0 6818950.0 0.0 682754000000.0 18898600.0 0.0 0.0 378722000.0 44510700000.0 1538750.0 2109130.0 10868.3 48293200000.0 4265710000.0 -0.84 [-0.84]
120226000000000.0 31935000000000.0 247203000000.0 4196400000.0 100245.0 22704200000.0 6274860.0 0.0 680966000000.0 17199800.0 0.0 0.0 376286000.0 44116300000.0 1450160.0 1986490.0 10225.6 47996300000.0 4240740000.0 -0.82 [-0.82]
120226000000000.0 31013300000000.0 242617000000.0 3987700000.0 92706.5 21953300000.0 5773910.0 0.0 679182000000.0 15654100.0 0.0 0.0 373905000.0 43727300000.0 1366880.0 1871240.0 9622.58 47706900000.0 4216370000.0 -0.8 [-0.8]
120226000000000.0 30125200000000.0 238117000000.0 3790060000.0 85769.8 21231000000.0 5314800.0 0.0 677431000000.0 14254000.0 0.0 0.0 371609000.0 43348700000.0 1288810.0 1763260.0 9058.23 47427900000.0 4192870000.0 -0.78 [-0.78]
120226000000000.0 29266100000000.0 233683000000.0 3602220000.0 79374.2 20533900000.0 4893230.0 0.0 675704000000.0 12983400.0 0.0 0.0 369385000.0 42978200000.0 1215530.0 1661930.0 8529.31 47157900000.0 4170120000.0 -0.76 [-0.76]
120226000000000.0 28437600000000.0 229330000000.0 3424220000.0 73482.6 19863100000.0 4506550.0 0.0 674009000000.0 11831400.0 0.0 0.0 367238000.0 42617100000.0 1146770.0 1566900.0 8033.84 46897600000.0 4148160000.0 -0.74 [-0.74]
120226000000000.0 27629900000000.0 225012000000.0 3253930000.0 68031.1 19211900000.0 4150290.0 0.0 672322000000.0 10782200.0 0.0 0.0 365139000.0 42260500000.0 1082040.0 1477490.0 7568.26 46643700000.0 4126740000.0 -0.72 [-0.72]
120226000000000.0 26853500000000.0 220784000000.0 3093000000.0 63011.6 18586700000.0 3823800.0 0.0 670676000000.0 9831710.0 0.0 0.0 363122000.0 41913900000.0 1021320.0 1393650.0 7132.16 46399700000.0 4106140000.0 -0.7 [-0.7]
120226000000000.0 26099200000000.0 216605000000.0 2939530000.0 58370.3 17981500000.0 3523290.0 0.0 669046000000.0 8966710.0 0.0 0.0 361157000.0 41572800000.0 964177.0 1314800.0 6722.45 46162500000.0 4086110000.0 -0.68 [-0.68]
120226000000000.0 25366200000000.0 212473000000.0 2793160000.0 54077.3 17395600000.0 3246670.0 0.0 667434000000.0 8179360.0 0.0 0.0 359243000.0 41236800000.0 910389.0 1240600.0 6337.42 45931900000.0 4066630000.0 -0.66 [-0.66]
120226000000000.0 24658600000000.0 208415000000.0 2654390000.0 0.0 16831400000.0 2992620.0 0.0 665854000000.0 7464280.0 0.0 0.0 357394000.0 40908500000.0 859827.0 1170890.0 5976.06 45709400000.0 4047820000.0 -0.64 [-0.64]
120226000000000.0 23973300000000.0 204415000000.0 2522400000.0 0.0 16286600000.0 2758960.0 0.0 664300000000.0 6813880.0 0.0 0.0 355600000.0 40586100000.0 812243.0 1105330.0 0.0 45493800000.0 4029590000.0 -0.62 [-0.62]
120226000000000.0 23309300000000.0 200473000000.0 2396880000.0 0.0 15760400000.0 2543990.0 0.0 662770000000.0 6222080.0 0.0 0.0 353859000.0 40269500000.0 767447.0 1043630.0 0.0 45284800000.0 4011910000.0 -0.6 [-0.6]
120226000000000.0 22665800000000.0 196588000000.0 2277480000.0 0.0 15252200000.0 2346160.0 0.0 661264000000.0 5683420.0 0.0 0.0 352170000.0 39958300000.0 725260.0 985560.0 0.0 45082300000.0 3994770000.0 -0.58 [-0.58]
120226000000000.0 22042200000000.0 192758000000.0 2163900000.0 0.0 14761200000.0 2164080.0 0.0 659784000000.0 5192880.0 0.0 0.0 350529000.0 39652400000.0 685518.0 930886.0 0.0 44886000000.0 3978150000.0 -0.56 [-0.56]
120226000000000.0 21437700000000.0 188985000000.0 2055860000.0 0.0 14286900000.0 1996460.0 0.0 658328000000.0 4746180.0 0.0 0.0 348937000.0 39351400000.0 648072.0 879397.0 0.0 44695700000.0 3962030000.0 -0.54 [-0.54]
120226000000000.0 20851600000000.0 185265000000.0 1953090000.0 0.0 13828700000.0 1842120.0 0.0 656897000000.0 4339190.0 0.0 0.0 347390000.0 39055100000.0 612775.0 830892.0 0.0 44511100000.0 3946390000.0 -0.52 [-0.52]
120226000000000.0 20283400000000.0 181600000000.0 1855320000.0 0.0 13385900000.0 1699970.0 0.0 655490000000.0 3968280.0 0.0 0.0 345888000.0 38763400000.0 579497.0 785186.0 0.0 44332200000.0 3931220000.0 -0.5 [-0.5]
120226000000000.0 19732200000000.0 177987000000.0 1762310000.0 0.0 12957900000.0 1569030.0 0.0 654108000000.0 3630130.0 0.0 0.0 344428000.0 38475900000.0 548113.0 742107.0 0.0 44158600000.0 3916500000.0 -0.48 [-0.48]
120226000000000.0 19197700000000.0 174428000000.0 1673830000.0 0.0 12544300000.0 1448380.0 0.0 652750000000.0 3321760.0 0.0 0.0 343010000.0 38192600000.0 518509.0 701494.0 0.0 43990200000.0 3902210000.0 -0.46 [-0.46]
120226000000000.0 18679400000000.0 170905000000.0 1589550000.0 0.0 12143900000.0 1337130.0 0.0 651416000000.0 3040660.0 0.0 0.0 341632000.0 37913100000.0 490576.0 663197.0 0.0 43826900000.0 3888350000.0 -0.44 [-0.44]
120226000000000.0 18176300000000.0 167448000000.0 1509470000.0 0.0 11757400000.0 1234660.0 0.0 650105000000.0 2783990.0 0.0 0.0 340293000.0 37637400000.0 464213.0 627074.0 0.0 43668300000.0 3874890000.0 -0.42 [-0.42]
120226000000000.0 17688100000000.0 164041000000.0 1433290000.0 0.0 11383700000.0 1140200.0 0.0 648819000000.0 2549700.0 0.0 0.0 338990000.0 37365100000.0 439326.0 592993.0 0.0 43514500000.0 3861830000.0 -0.4 [-0.4]
120226000000000.0 17214300000000.0 160684000000.0 1360830000.0 0.0 11022400000.0 1053110.0 0.0 647556000000.0 2335790.0 0.0 0.0 337724000.0 37096300000.0 415827.0 560834.0 0.0 43365200000.0 3849140000.0 -0.38 [-0.38]
120226000000000.0 16757000000000.0 157395000000.0 1292200000.0 0.0 10674500000.0 972940.0 0.0 646325000000.0 2140830.0 0.0 0.0 336502000.0 36832500000.0 393661.0 530518.0 0.0 43221000000.0 3836890000.0 -0.36 [-0.36]
120226000000000.0 16307900000000.0 154120000000.0 1226310000.0 0.0 10335100000.0 898707.0 0.0 645100000000.0 1961930.0 0.0 0.0 335294000.0 36567800000.0 372669.0 501824.0 0.0 43079400000.0 3824850000.0 -0.34 [-0.34]
120226000000000.0 15876800000000.0 150926000000.0 1164210000.0 0.0 10009500000.0 830490.0 0.0 643914000000.0 1799140.0 0.0 0.0 334138000.0 36309800000.0 352884.0 474798.0 0.0 42943500000.0 3813290000.0 -0.32 [-0.32]
120226000000000.0 15455900000000.0 147764000000.0 1104850000.0 0.0 9693280000.0 767426.0 0.0 642742000000.0 1650000.0 0.0 0.0 333004000.0 36052500000.0 334163.0 449242.0 0.0 42810700000.0 3802000000.0 -0.3 [-0.3]
120226000000000.0 15046900000000.0 144649000000.0 1048380000.0 0.0 9387260000.0 709225.0 0.0 641593000000.0 1513610.0 0.0 0.0 331899000.0 35797700000.0 316467.0 425100.0 0.0 42681700000.0 3791020000.0 -0.28 [-0.28]
120226000000000.0 14649800000000.0 141582000000.0 994694000.0 0.0 9091240000.0 655515.0 0.0 640466000000.0 1388870.0 0.0 0.0 330825000.0 35545400000.0 299739.0 402293.0 0.0 42556400000.0 3780360000.0 -0.26 [-0.26]
120226000000000.0 14262300000000.0 138549000000.0 943456000.0 0.0 8803830000.0 605863.0 0.0 639355000000.0 1274570.0 0.0 0.0 329771000.0 35293700000.0 283906.0 380720.0 0.0 42434200000.0 3769950000.0 -0.24 [-0.24]
120226000000000.0 13887600000000.0 135575000000.0 894909000.0 0.0 8526690000.0 560101.0 0.0 638271000000.0 1170150.0 0.0 0.0 328752000.0 35045800000.0 268949.0 360354.0 0.0 42315900000.0 3759880000.0 -0.22 [-0.22]
