Cloudy_runs/s135712/component_III_PI_nH/component_III_PI_nH_col_density_param.txt
# %ECSV 1.0
# ---
# datatype:
# - {name: H, datatype: float64}
# - {name: H+, datatype: float64}
# - {name: C+, datatype: float64}
# - {name: C+2, datatype: float64}
# - {name: C+3, datatype: float64}
# - {name: N+2, datatype: float64}
# - {name: N+4, datatype: float64}
# - {name: O, datatype: float64}
# - {name: O+2, datatype: float64}
# - {name: O+5, datatype: float64}
# - {name: O+6, datatype: float64}
# - {name: Si+, datatype: float64}
# - {name: Si+2, datatype: float64}
# - {name: Si+3, datatype: float64}
# - {name: Si+4, datatype: float64}
# - {name: log_nH, datatype: float64}
# - {name: log_Te, datatype: float64}
# - {name: parameters, datatype: string, subtype: 'float64[1]'}
# schema: astropy-2.0
H H+ C+ C+2 C+3 N+2 N+4 O O+2 O+5 O+6 Si+ Si+2 Si+3 Si+4 log_nH log_Te parameters
[from data line 133]
1023290000000000.0 3.77809e+16 563454000000.0 475516000000.0 1779760000.0 41234100000.0 3885100.0 52710900000.0 239982000000.0 0.0 0.0 60407100000.0 62186400000.0 2960410000.0 141281000.0 -2.34 4.096 [-2.34]
1023290000000000.0 3.60083e+16 549190000000.0 442312000000.0 1528030000.0 36512000000.0 3162000.0 53314300000.0 212063000000.0 0.0 0.0 59453000000.0 57755200000.0 2623310000.0 120126000.0 -2.32 4.094 [-2.32]
1023290000000000.0 3.43149e+16 534990000000.0 411137000000.0 1310640000.0 32289900000.0 2570140.0 53880100000.0 187182000000.0 0.0 0.0 58461900000.0 53578300000.0 2322240000.0 102053000.0 -2.3 4.092 [-2.3]
1023290000000000.0 3.27044e+16 520933000000.0 382016000000.0 1123720000.0 28533200000.0 2087720.0 54408300000.0 165109000000.0 0.0 0.0 57440600000.0 49664000000.0 2054630000.0 86672600.0 -2.28 4.089 [-2.28]
1023290000000000.0 3.11725e+16 507027000000.0 354828000000.0 963067000.0 25194800000.0 1694840.0 54900500000.0 145548000000.0 0.0 0.0 56392100000.0 45999100000.0 1816940000.0 73588800.0 -2.26 4.087 [-2.26]
1023290000000000.0 2.97153e+16 493290000000.0 329461000000.0 825095000.0 22232400000.0 1375180.0 55358500000.0 128234000000.0 0.0 0.0 55319100000.0 42572400000.0 1606040000.0 62465400.0 -2.24 4.085 [-2.24]
1023290000000000.0 2.83292e+16 479732000000.0 305805000000.0 706666000.0 19606700000.0 1115290.0 55783700000.0 112924000000.0 0.0 0.0 54224500000.0 39372100000.0 1419060000.0 53012700.0 -2.22 4.083 [-2.22]
1023290000000000.0 2.70033e+16 466288000000.0 283636000000.0 604664000.0 17273300000.0 903478.0 56178800000.0 99347500000.0 0.0 0.0 53105100000.0 36369400000.0 1252700000.0 44952500.0 -2.2 4.08 [-2.2]
1023290000000000.0 2.5749e+16 453121000000.0 263102000000.0 517588000.0 15217900000.0 732177.0 56543400000.0 87411700000.0 0.0 0.0 51976000000.0 33587600000.0 1106110000.0 38138100.0 -2.18 4.078 [-2.18]
1023290000000000.0 2.45631e+16 440248000000.0 244101000000.0 443283000.0 13409300000.0 593682.0 56879300000.0 76926300000.0 0.0 0.0 50841000000.0 31014800000.0 977007000.0 32378900.0 -2.16 4.076 [-2.16]
1023290000000000.0 2.34274e+16 427510000000.0 226304000000.0 379303000.0 11804900000.0 480876.0 57189800000.0 67641700000.0 0.0 0.0 49690100000.0 28605200000.0 862262000.0 27467000.0 -2.14 4.074 [-2.14]
1023290000000000.0 2.23401e+16 414922000000.0 209648000000.0 324273000.0 10383600000.0 389109.0 57476300000.0 59429800000.0 0.0 0.0 48524900000.0 26353000000.0 760399000.0 23283000.0 -2.12 4.072 [-2.12]
1023290000000000.0 2.13122e+16 402652000000.0 194267000000.0 277406000.0 9136560000.0 315084.0 57738600000.0 52233600000.0 0.0 0.0 47362800000.0 24277400000.0 670900000.0 19752600.0 -2.1 4.07 [-2.1]
1023290000000000.0 2.03341e+16 390624000000.0 179975000000.0 237296000.0 8037770000.0 255124.0 57979000000.0 45901100000.0 0.0 0.0 46199700000.0 22353100000.0 591887000.0 16759300.0 -2.08 4.068 [-2.08]
1023290000000000.0 1.94034e+16 378847000000.0 166701000000.0 202983000.0 7070240000.0 206573.0 58198800000.0 40331800000.0 0.0 0.0 45037900000.0 20571100000.0 522164000.0 14222000.0 -2.06 4.066 [-2.06]
1023290000000000.0 1.85178e+16 367326000000.0 154381000000.0 173639000.0 6218790000.0 167272.0 58399300000.0 35435900000.0 0.0 0.0 43880000000.0 18923100000.0 460668000.0 12071800.0 -2.04 4.064 [-2.04]
1023290000000000.0 1.76752e+16 356068000000.0 142952000000.0 148551000.0 5469830000.0 135464.0 58581600000.0 31133500000.0 0.0 0.0 42728300000.0 17400700000.0 406448000.0 10250100.0 -2.02 4.062 [-2.02]
1023290000000000.0 1.68733e+16 345072000000.0 132350000000.0 127102000.0 4811110000.0 109720.0 58746900000.0 27353400000.0 0.0 0.0 41585400000.0 15994400000.0 358642000.0 8706060.0 -2.0 4.06 [-2.0]
1023290000000000.0 1.611e+16 334340000000.0 122520000000.0 108765000.0 4231910000.0 88883.9 58896300000.0 24032800000.0 0.0 0.0 40453400000.0 14696300000.0 316501000.0 7397320.0 -1.98 4.058 [-1.98]
1023290000000000.0 1.53834e+16 323874000000.0 113408000000.0 93090500.0 3722760000.0 72021.1 59030800000.0 21116600000.0 0.0 0.0 39334300000.0 13499200000.0 279360000.0 6288020.0 -1.96 4.056 [-1.96]
1023290000000000.0 1.46916e+16 313676000000.0 104966000000.0 79693100.0 3275280000.0 58373.4 59151300000.0 18556000000.0 0.0 0.0 38229700000.0 12396100000.0 246630000.0 5347640.0 -1.94 4.054 [-1.94]
1023290000000000.0 1.40382e+16 303824000000.0 97205700000.0 68302100.0 2883980000.0 47373.3 59258600000.0 16318700000.0 0.0 0.0 37150000000.0 11387800000.0 217941000.0 4554400.0 -1.92 4.052 [-1.92]
1023290000000000.0 1.34111e+16 294164000000.0 89962900000.0 58507300.0 2538270000.0 38422.9 59353800000.0 14344000000.0 0.0 0.0 36079600000.0 10452500000.0 192513000.0 3877720.0 -1.9 4.05 [-1.9]
1023290000000000.0 1.28141e+16 284771000000.0 83258400000.0 50134300.0 2234500000.0 31175.8 59437600000.0 12610400000.0 0.0 0.0 35028200000.0 9592200000.0 170105000.0 3303700.0 -1.88 4.048 [-1.88]
1023290000000000.0 1.22402e+16 275559000000.0 76996900000.0 42930700.0 1966000000.0 25276.6 59510600000.0 11079700000.0 0.0 0.0 33987300000.0 8794140000.0 150232000.0 2813570.0 -1.86 4.046 [-1.86]
1023290000000000.0 1.16989e+16 266698000000.0 71258900000.0 36815700.0 1731610000.0 20526.9 59573500000.0 9744540000.0 0.0 0.0 32977200000.0 8068050000.0 132840000.0 2400450.0 -1.84 4.045 [-1.84]
1023290000000000.0 1.11834e+16 258100000000.0 65951700000.0 31586400.0 1525660000.0 16678.1 59626900000.0 8572470000.0 0.0 0.0 31989200000.0 7401410000.0 117511000.0 2049640.0 -1.82 4.043 [-1.82]
1023290000000000.0 1.06976e+16 249850000000.0 61093400000.0 27144800.0 1345850000.0 13575.8 59671400000.0 7550090000.0 0.0 0.0 31034200000.0 6795750000.0 104091000.0 1753610.0 -1.8 4.041 [-1.8]
1023290000000000.0 1.02299e+16 241769000000.0 56553300000.0 23314200.0 1186640000.0 0.0 59707600000.0 6645900000.0 0.0 0.0 30092600000.0 6234140000.0 92165400.0 1499980.0 -1.78 4.039 [-1.78]
1023290000000000.0 9780640000000000.0 233877000000.0 52322100000.0 20017500.0 1045940000.0 0.0 59735700000.0 5847760000.0 0.0 0.0 29167200000.0 5714780000.0 81589400.0 1283050.0 -1.76 4.037 [-1.76]
1023290000000000.0 9356210000000000.0 226299000000.0 48443700000.0 17212600.0 922929000.0 0.0 59756500000.0 5150660000.0 0.0 0.0 28273500000.0 5242720000.0 72314400.0 1099550.0 -1.74 4.036 [-1.74]
1023290000000000.0 8951910000000000.0 218967000000.0 44859800000.0 14810700.0 814748000.0 0.0 59770400000.0 4538320000.0 0.0 0.0 27404300000.0 4810230000.0 64130000.0 943291.0 -1.72 4.034 [-1.72]
1023290000000000.0 8566660000000000.0 211876000000.0 41547600000.0 12752500.0 719571000.0 0.0 59777600000.0 4000260000.0 0.0 0.0 26559800000.0 4413910000.0 56904400.0 810095.0 -1.7 4.032 [-1.7]
1023290000000000.0 8199570000000000.0 205022000000.0 38487200000.0 10988400.0 635817000.0 0.0 59778600000.0 3527380000.0 0.0 0.0 25739900000.0 4050920000.0 50523300.0 696488.0 -1.68 4.03 [-1.68]
1023290000000000.0 7849730000000000.0 198399000000.0 35659400000.0 9475340.0 562088000.0 0.0 59773600000.0 3111670000.0 0.0 0.0 24944600000.0 3718460000.0 44885600.0 599502.0 -1.66 4.029 [-1.66]
1023290000000000.0 7516330000000000.0 192003000000.0 33046900000.0 8177080.0 497167000.0 0.0 59763100000.0 2746130000.0 0.0 0.0 24173800000.0 3414070000.0 39903000.0 516641.0 -1.64 4.027 [-1.64]
1023290000000000.0 7198500000000000.0 185828000000.0 30632800000.0 7062400.0 439972000.0 0.0 59747400000.0 2424580000.0 0.0 0.0 23427300000.0 3135300000.0 35496600.0 445769.0 -1.62 4.025 [-1.62]
1023290000000000.0 6898690000000000.0 179931000000.0 28425000000.0 6111440.0 389897000.0 0.0 59727000000.0 2143470000.0 0.0 0.0 22712400000.0 2882780000.0 31624200.0 385515.0 -1.6 4.024 [-1.6]
1023290000000000.0 6606630000000000.0 174117000000.0 26341200000.0 5281790.0 345132000.0 0.0 59700900000.0 1892650000.0 0.0 0.0 22006000000.0 2646430000.0 28147800.0 333117.0 -1.58 4.022 [-1.58]
1023290000000000.0 6331180000000000.0 168572000000.0 24436800000.0 4573820.0 305939000.0 0.0 59670800000.0 1673410000.0 0.0 0.0 21330600000.0 2432500000.0 25092000.0 288526.0 -1.56 4.02 [-1.56]
1023290000000000.0 6068490000000000.0 163224000000.0 22676900000.0 3964460.0 271355000.0 0.0 59636400000.0 1480300000.0 0.0 0.0 20678200000.0 2236640000.0 22384200.0 250238.0 -1.54 4.019 [-1.54]
1023290000000000.0 5817950000000000.0 158070000000.0 21050300000.0 3439580.0 240824000.0 0.0 59597900000.0 1310140000.0 0.0 0.0 20048200000.0 2057310000.0 19983600.0 217324.0 -1.52 4.017 [-1.52]
1023290000000000.0 5578950000000000.0 153104000000.0 19547000000.0 2987130.0 213858000.0 0.0 59555400000.0 1160150000.0 0.0 0.0 19440300000.0 1893090000.0 17854000.0 188999.0 -1.5 4.016 [-1.5]
1023290000000000.0 5350940000000000.0 148318000000.0 18157200000.0 2596800.0 190028000.0 0.0 59509400000.0 1027890000.0 0.0 0.0 18853900000.0 1742690000.0 15963700.0 164595.0 -1.48 4.014 [-1.48]
1023290000000000.0 5134620000000000.0 143736000000.0 16879300000.0 2261030.0 169032000.0 0.0 59460100000.0 911592000.0 0.0 0.0 18291800000.0 1605670000.0 14290500.0 143617.0 -1.46 4.012 [-1.46]
1023290000000000.0 4925770000000000.0 139270000000.0 15684000000.0 1968600.0 150322000.0 0.0 59406600000.0 808199000.0 0.0 0.0 17743700000.0 1478730000.0 12792400.0 125362.0 -1.44 4.011 [-1.44]
1023290000000000.0 4728800000000000.0 135022000000.0 14591300000.0 1717710.0 133885000.0 0.0 59350800000.0 717575000.0 0.0 0.0 17221900000.0 1363740000.0 11470100.0 109698.0 -1.42 4.009 [-1.42]
1023290000000000.0 4539540000000000.0 130906000000.0 13574000000.0 1499540.0 119267000.0 0.0 59291500000.0 637182000.0 0.0 0.0 16716100000.0 1257640000.0 10288300.0 96075.6 -1.4 4.008 [-1.4]
1023290000000000.0 4358940000000000.0 126945000000.0 12633000000.0 1310580.0 106319000.0 0.0 59229300000.0 566142000.0 0.0 0.0 16229200000.0 1160440000.0 9236220.0 84270.6 -1.38 4.006 [-1.38]
1023290000000000.0 4186460000000000.0 123133000000.0 11762000000.0 1146700.0 94837400.0 0.0 59164300000.0 503314000.0 0.0 0.0 15760600000.0 1071310000.0 8298520.0 74022.8 -1.36 4.005 [-1.36]
1023290000000000.0 4021710000000000.0 119463000000.0 10955500000.0 1004430.0 84651100.0 0.0 59096600000.0 447723000.0 0.0 0.0 15309500000.0 989511000.0 7462220.0 65114.7 -1.34 4.003 [-1.34]
1023290000000000.0 3864330000000000.0 115931000000.0 10208700000.0 880811.0 75608600.0 0.0 59026500000.0 398511000.0 0.0 0.0 14875500000.0 914444000.0 6715840.0 57361.7 -1.32 4.002 [-1.32]
1023290000000000.0 3713950000000000.0 112533000000.0 9516780000.0 773289.0 67576500.0 0.0 58954000000.0 354922000.0 0.0 0.0 14457900000.0 845520000.0 6049210.0 50604.7 -1.3 4.0 [-1.3]
1023290000000000.0 3570260000000000.0 109262000000.0 8875690000.0 679678.0 60438000.0 0.0 58879200000.0 316296000.0 0.0 0.0 14056300000.0 782232000.0 5453400.0 44708.4 -1.28 3.999 [-1.28]
1023290000000000.0 3432930000000000.0 106115000000.0 8281500000.0 598099.0 54089900.0 0.0 58802300000.0 282048000.0 0.0 0.0 13670100000.0 724104000.0 4920500.0 39556.6 -1.26 3.997 [-1.26]
1023290000000000.0 3301620000000000.0 103087000000.0 7730470000.0 526920.0 48440100.0 0.0 58723300000.0 251663000.0 0.0 0.0 13298700000.0 670650000.0 4443440.0 35048.0 -1.24 3.996 [-1.24]
1023290000000000.0 3176100000000000.0 100173000000.0 7219430000.0 464763.0 43409700.0 0.0 58642400000.0 224693000.0 0.0 0.0 12941600000.0 621526000.0 4016110.0 31098.3 -1.22 3.994 [-1.22]
1023290000000000.0 3056040000000000.0 97368500000.0 6745200000.0 410416.0 38927200.0 0.0 58559800000.0 200739000.0 0.0 0.0 12598300000.0 576324000.0 3632980.0 27632.6 -1.2 3.993 [-1.2]
1023290000000000.0 2940720000000000.0 94658400000.0 6303250000.0 362735.0 34920900.0 0.0 58475000000.0 179400000.0 0.0 0.0 12266800000.0 534551000.0 3288440.0 24580.4 -1.18 3.991 [-1.18]
1023290000000000.0 2831330000000000.0 92072300000.0 5896230000.0 321179.0 31364700.0 0.0 58389500000.0 160521000.0 0.0 0.0 11950900000.0 496421000.0 2980560.0 21909.0 -1.16 3.99 [-1.16]
1023290000000000.0 2726180000000000.0 89572100000.0 5516480000.0 284625.0 28181100.0 0.0 58302000000.0 143680000.0 0.0 0.0 11645900000.0 461125000.0 2703170.0 19549.1 -1.14 3.989 [-1.14]
1023290000000000.0 2625550000000000.0 87165600000.0 5163590000.0 252530.0 25337200.0 0.0 58213200000.0 128687000.0 0.0 0.0 11352600000.0 428605000.0 2453700.0 17467.4 -1.12 3.987 [-1.12]
1023290000000000.0 2529210000000000.0 84848900000.0 4835510000.0 224317.0 22794900.0 0.0 58123200000.0 115331000.0 0.0 0.0 11070800000.0 398618000.0 2229160.0 15628.6 -1.1 3.986 [-1.1]
1023290000000000.0 2436960000000000.0 82618200000.0 4530360000.0 199489.0 20520800.0 0.0 58031900000.0 103427000.0 0.0 0.0 10799800000.0 370952000.0 2026890.0 14002.2 -1.08 3.984 [-1.08]
1023290000000000.0 2348600000000000.0 80470200000.0 4246400000.0 177616.0 18485200.0 0.0 57939600000.0 92810700.0 0.0 0.0 10539300000.0 345412000.0 1844540.0 12561.7 -1.06 3.983 [-1.06]
1023290000000000.0 2263960000000000.0 78401300000.0 3982060000.0 158324.0 16661800.0 0.0 57846300000.0 83336300.0 0.0 0.0 10288800000.0 321823000.0 1680010.0 11284.2 -1.04 3.982 [-1.04]
1023290000000000.0 2182850000000000.0 76408500000.0 3735880000.0 141290.0 15027600.0 0.0 57752100000.0 74876300.0 0.0 0.0 10048000000.0 300025000.0 1531430.0 10149.7 -1.02 3.98 [-1.02]
1023290000000000.0 2105120000000000.0 74488600000.0 3506520000.0 126233.0 13562000.0 0.0 57657100000.0 67317600.0 0.0 0.0 9816480000.0 279872000.0 1397170.0 9140.98 -1.0 3.979 [-1.0]
1023290000000000.0 2030270000000000.0 72630200000.0 3291820000.0 112876.0 12243500.0 0.0 57561000000.0 60543400.0 0.0 0.0 9592850000.0 261150000.0 1275460.0 8240.77 -0.98 3.978 [-0.98]
1023290000000000.0 1958830000000000.0 70847400000.0 3092480000.0 101076.0 11062700.0 0.0 57464700000.0 54499700.0 0.0 0.0 9378770000.0 243898000.0 1165560.0 7440.38 -0.96 3.976 [-0.96]
1023290000000000.0 1890610000000000.0 69136200000.0 2907250000.0 90635.1 10004000.0 0.0 57368300000.0 49102200.0 0.0 0.0 9173770000.0 227983000.0 1066220.0 6727.51 -0.94 3.975 [-0.94]
1023290000000000.0 1824860000000000.0 67478600000.0 2733580000.0 81339.5 9049570.0 0.0 57271000000.0 44254800.0 0.0 0.0 8975670000.0 213169000.0 975925.0 6088.77 -0.92 3.973 [-0.92]
1023290000000000.0 1761770000000000.0 65879900000.0 2571390000.0 73077.0 8190820.0 0.0 57173400000.0 39910300.0 0.0 0.0 8785090000.0 199432000.0 893995.0 5517.21 -0.9 3.972 [-0.9]
1023290000000000.0 1701220000000000.0 64337600000.0 2419850000.0 65724.8 7417690.0 0.0 57075400000.0 36014200.0 0.0 0.0 8601730000.0 186687000.0 819594.0 5005.11 -0.88 3.971 [-0.88]
1023290000000000.0 1642840000000000.0 62842900000.0 2277620000.0 59159.9 6719590.0 0.0 56976800000.0 32509900.0 0.0 0.0 8424520000.0 174809000.0 751834.0 4544.75 -0.86 3.969 [-0.86]
1023290000000000.0 1587030000000000.0 61406700000.0 2145180000.0 53320.9 6091950.0 0.0 56878500000.0 29371600.0 0.0 0.0 8254740000.0 163823000.0 690344.0 4132.3 -0.84 3.968 [-0.84]
1023290000000000.0 1533660000000000.0 60026100000.0 2021760000.0 48120.0 5527140.0 0.0 56780700000.0 26558600.0 0.0 0.0 8092040000.0 153650000.0 634483.0 3762.21 -0.82 3.967 [-0.82]
1023290000000000.0 1481930000000000.0 58680900000.0 1905260000.0 43449.4 5014920.0 0.0 56681900000.0 24017300.0 0.0 0.0 7934000000.0 144114000.0 583377.0 3427.56 -0.8 3.965 [-0.8]
1023290000000000.0 1432440000000000.0 57387200000.0 1796620000.0 39281.5 4553560.0 0.0 56583600000.0 21737200.0 0.0 0.0 7782530000.0 135277000.0 536886.0 3126.66 -0.78 3.964 [-0.78]
1023290000000000.0 1384870000000000.0 56137200000.0 1694830000.0 35548.8 4136700.0 0.0 56485500000.0 19685000.0 0.0 0.0 7636660000.0 127050000.0 494467.0 2855.16 -0.76 3.963 [-0.76]
1023290000000000.0 1339340000000000.0 54934300000.0 1599790000.0 32209.7 3760680.0 0.0 56388100000.0 17840900.0 0.0 0.0 7496800000.0 119415000.0 455808.0 2610.41 -0.74 3.961 [-0.74]
1023290000000000.0 1295360000000000.0 53765700000.0 1510260000.0 29205.4 3419660.0 0.0 56290500000.0 16174800.0 0.0 0.0 7361440000.0 112266000.0 420402.0 2388.57 -0.72 3.96 [-0.72]
