Cloudy_runs/s135712/component_III_PI_nH/component_III_PI_nH_col_density_param.txt
# %ECSV 1.0
# ---
# datatype:
# - {name: H, datatype: float64}
# - {name: H+, datatype: float64}
# - {name: C+, datatype: float64}
# - {name: C+2, datatype: float64}
# - {name: C+3, datatype: float64}
# - {name: N+2, datatype: float64}
# - {name: N+4, datatype: float64}
# - {name: O, datatype: float64}
# - {name: O+2, datatype: float64}
# - {name: O+5, datatype: float64}
# - {name: O+6, datatype: float64}
# - {name: Si+, datatype: float64}
# - {name: Si+2, datatype: float64}
# - {name: Si+3, datatype: float64}
# - {name: Si+4, datatype: float64}
# - {name: log_nH, datatype: float64}
# - {name: log_Te, datatype: float64}
# - {name: parameters, datatype: string, subtype: 'float64[1]'}
# schema: astropy-2.0
H H+ C+ C+2 C+3 N+2 N+4 O O+2 O+5 O+6 Si+ Si+2 Si+3 Si+4 log_nH log_Te parameters
[from data line 64]
1023290000000000.0 1.22419e+18 1140590000000.0 21615200000000.0 6528950000000.0 4780150000000.0 351611000000.0 574438000.0 23172300000000.0 352009000000.0 32030300000.0 51799900000.0 1035740000000.0 675547000000.0 1685780000000.0 -3.72 4.31 [-3.72]
1023290000000000.0 1.16284e+18 1145830000000.0 20886200000000.0 6041720000000.0 4652750000000.0 309850000000.0 641553000.0 22917200000000.0 300043000000.0 26161900000.0 53349100000.0 1049880000000.0 665464000000.0 1556520000000.0 -3.7 4.307 [-3.7]
1023290000000000.0 1.1045e+18 1150400000000.0 20162000000000.0 5582680000000.0 4523880000000.0 272624000000.0 716083000.0 22637100000000.0 255265000000.0 21325100000.0 54821100000.0 1061080000000.0 653511000000.0 1432450000000.0 -3.68 4.304 [-3.68]
1023290000000000.0 1.04921e+18 1154000000000.0 19445800000000.0 5153220000000.0 4394230000000.0 239634000000.0 798470000.0 22333400000000.0 216889000000.0 17358200000.0 56189600000.0 1069120000000.0 640032000000.0 1314340000000.0 -3.66 4.3 [-3.66]
1023290000000000.0 9.96583e+17 1157110000000.0 18737400000000.0 4749280000000.0 4263680000000.0 210275000000.0 889852000.0 22005400000000.0 183884000000.0 14096500000.0 57481300000.0 1074210000000.0 624869000000.0 1202030000000.0 -3.64 4.297 [-3.64]
1023290000000000.0 9.46653e+17 1159420000000.0 18039800000000.0 4372010000000.0 4132910000000.0 184305000000.0 990758000.0 21654800000000.0 155658000000.0 11428500000.0 58671800000.0 1076230000000.0 608408000000.0 1096090000000.0 -3.62 4.293 [-3.62]
1023290000000000.0 8.9923e+17 1161070000000.0 17353800000000.0 4019590000000.0 4002100000000.0 161331000000.0 1102160000.0 21282000000000.0 131527000000.0 9247580000.0 59767900000.0 1075270000000.0 590735000000.0 996546000000.0 -3.6 4.29 [-3.6]
1023290000000000.0 8.54188e+17 1162100000000.0 16680400000000.0 3690890000000.0 3871550000000.0 141040000000.0 1225000000.0 20888000000000.0 110933000000.0 7468230000.0 60770600000.0 1071440000000.0 572020000000.0 903442000000.0 -3.58 4.287 [-3.58]
1023290000000000.0 8.11408e+17 1162540000000.0 16020800000000.0 3384800000000.0 3741530000000.0 123144000000.0 1360280000.0 20473700000000.0 93390000000.0 6019310000.0 61681800000.0 1064860000000.0 552435000000.0 816759000000.0 -3.56 4.283 [-3.56]
1023290000000000.0 7.70783e+17 1162410000000.0 15375800000000.0 3100250000000.0 3612350000000.0 107389000000.0 1509050000.0 20040400000000.0 78474500000.0 4841960000.0 62504000000.0 1055680000000.0 532157000000.0 736420000000.0 -3.54 4.28 [-3.54]
1023290000000000.0 7.32193e+17 1161740000000.0 14746000000000.0 2836010000000.0 3484180000000.0 93532100000.0 1672480000.0 19588900000000.0 65812500000.0 3886890000.0 63242100000.0 1044050000000.0 511340000000.0 662252000000.0 -3.52 4.276 [-3.52]
1023290000000000.0 6.95541e+17 1160560000000.0 14132000000000.0 2591050000000.0 3357280000000.0 81365600000.0 1851730000.0 19120700000000.0 55086000000.0 3113840000.0 63900300000.0 1030160000000.0 490152000000.0 594068000000.0 -3.5 4.273 [-3.5]
1023290000000000.0 6.60731e+17 1158890000000.0 13534300000000.0 2364300000000.0 3231870000000.0 70698400000.0 2048080000.0 18637100000000.0 46016700000.0 2489430000.0 64483900000.0 1014210000000.0 468744000000.0 531628000000.0 -3.48 4.269 [-3.48]
1023290000000000.0 6.2767e+17 1156750000000.0 12953300000000.0 2154690000000.0 3108150000000.0 61358500000.0 2262840000.0 18139400000000.0 38363600000.0 1986110000.0 64998800000.0 996387000000.0 447259000000.0 474661000000.0 -3.46 4.266 [-3.46]
1023290000000000.0 5.96273e+17 1154170000000.0 12389300000000.0 1961210000000.0 2986290000000.0 53192400000.0 2497400000.0 17629300000000.0 31918700000.0 1581290000.0 65451100000.0 976907000000.0 425831000000.0 422872000000.0 -3.44 4.263 [-3.44]
1023290000000000.0 5.66455e+17 1151160000000.0 11842300000000.0 1782860000000.0 2866460000000.0 46061800000.0 2753200000.0 17108100000000.0 26502100000.0 1256360000.0 65846900000.0 955969000000.0 404576000000.0 375946000000.0 -3.42 4.259 [-3.42]
1023290000000000.0 5.38136e+17 1147740000000.0 11312600000000.0 1618690000000.0 2748790000000.0 39843700000.0 3031750000.0 16577400000000.0 21959100000.0 996117000.0 66192600000.0 933770000000.0 383603000000.0 333563000000.0 -3.4 4.256 [-3.4]
1023290000000000.0 5.11232e+17 1143910000000.0 10799800000000.0 1467760000000.0 2633370000000.0 34427300000.0 3334650000.0 16038600000000.0 18155900000.0 788090000.0 66494400000.0 910488000000.0 363005000000.0 295389000000.0 -3.38 4.252 [-3.38]
1023290000000000.0 4.85692e+17 1139720000000.0 10304400000000.0 1329240000000.0 2520400000000.0 29717000000.0 3663390000.0 15493700000000.0 14980400000.0 622247000.0 66758500000.0 886349000000.0 342863000000.0 261122000000.0 -3.36 4.249 [-3.36]
1023290000000000.0 4.61434e+17 1135150000000.0 9826090000000.0 1202260000000.0 2409930000000.0 25624800000.0 4019690000.0 14944100000000.0 12333800000.0 490276000.0 66990500000.0 861501000000.0 323249000000.0 230435000000.0 -3.34 4.245 [-3.34]
1023290000000000.0 4.38458e+17 1130260000000.0 9365900000000.0 1086270000000.0 2302340000000.0 22081300000.0 4404500000.0 14392900000000.0 10137200000.0 385693000.0 67193200000.0 836207000000.0 304268000000.0 203078000000.0 -3.32 4.242 [-3.32]
1023290000000000.0 4.16581e+17 1124990000000.0 8921150000000.0 980002000000.0 2197110000000.0 19002900000.0 4820810000.0 13838600000000.0 8310400000.0 302647000.0 67377000000.0 810444000000.0 285866000000.0 178651000000.0 -3.3 4.238 [-3.3]
1023290000000000.0 3.95804e+17 1119380000000.0 8492840000000.0 882992000000.0 2094590000000.0 16337900000.0 5269680000.0 13284300000000.0 6797830000.0 236994000.0 67543800000.0 784432000000.0 268131000000.0 156933000000.0 -3.28 4.235 [-3.28]
1023290000000000.0 3.76073e+17 1113430000000.0 8080720000000.0 794566000000.0 1994810000000.0 14033400000.0 5752770000.0 12731400000000.0 5548320000.0 185207000.0 67697900000.0 758305000000.0 251093000000.0 137667000000.0 -3.26 4.232 [-3.26]
1023290000000000.0 3.57291e+17 1107150000000.0 7683510000000.0 713904000000.0 1897600000000.0 12038800000.0 6272570000.0 12180200000000.0 4516620000.0 144377000.0 67845100000.0 732108000000.0 234722000000.0 120579000000.0 -3.24 4.228 [-3.24]
1023290000000000.0 3.39501e+17 1100550000000.0 7302900000000.0 640760000000.0 1803440000000.0 10321600000.0 6828990000.0 11634700000000.0 3670030000.0 112378000.0 67983900000.0 706087000000.0 219125000000.0 105509000000.0 -3.22 4.225 [-3.22]
1023290000000000.0 3.22606e+17 1093620000000.0 6937500000000.0 574369000000.0 1712100000000.0 8841280000.0 7424370000.0 11094900000000.0 2975390000.0 87299100.0 68119300000.0 680257000000.0 204259000000.0 92214000000.0 -3.2 4.221 [-3.2]
1023290000000000.0 3.06559e+17 1086370000000.0 6586920000000.0 514190000000.0 1623580000000.0 7566360000.0 8060150000.0 10562000000000.0 2406720000.0 67684000.0 68253800000.0 654695000000.0 190124000000.0 80504400000.0 -3.18 4.218 [-3.18]
1023290000000000.0 2.91323e+17 1078810000000.0 6250860000000.0 459727000000.0 1537890000000.0 6469520000.0 8737570000.0 10037400000000.0 1942320000.0 52376700.0 68388800000.0 629481000000.0 176712000000.0 70208500000.0 -3.16 4.214 [-3.16]
1023290000000000.0 2.76892e+17 1070970000000.0 5929780000000.0 410613000000.0 1455240000000.0 5528640000.0 9456550000.0 9523380000000.0 1564610000.0 40476400.0 68523400000.0 604746000000.0 164048000000.0 61185000000.0 -3.14 4.211 [-3.14]
1023290000000000.0 2.63112e+17 1062760000000.0 5620650000000.0 366079000000.0 1374980000000.0 4717040000.0 10221800000.0 9017030000000.0 1256310000.0 31188700.0 68665400000.0 580312000000.0 152017000000.0 53241100000.0 -3.12 4.208 [-3.12]
1023290000000000.0 2.50098e+17 1054290000000.0 5326550000000.0 326132000000.0 1297920000000.0 4023750000.0 11028900000.0 8524660000000.0 1007310000.0 24014400.0 68806000000.0 556523000000.0 140733000000.0 46312400000.0 -3.1 4.204 [-3.1]
1023290000000000.0 2.37704e+17 1045490000000.0 5044510000000.0 290097000000.0 1223420000000.0 3428020000.0 11882200000.0 8043180000000.0 805401000.0 18447500.0 68952100000.0 533188000000.0 130082000000.0 40239100000.0 -3.08 4.201 [-3.08]
1023290000000000.0 2.25934e+17 1036390000000.0 4775010000000.0 257717000000.0 1151670000000.0 2917790000.0 12780700000.0 7574770000000.0 642444000.0 14146500.0 69100800000.0 510414000000.0 120075000000.0 34933400000.0 -3.06 4.198 [-3.06]
1023290000000000.0 2.14756e+17 1026980000000.0 4517630000000.0 228665000000.0 1082640000000.0 2481170000.0 13724200000.0 7120140000000.0 511242000.0 10830000.0 69251500000.0 488222000000.0 110690000000.0 30303200000.0 -3.04 4.194 [-3.04]
1023290000000000.0 2.04142e+17 1017280000000.0 4272020000000.0 202636000000.0 1016320000000.0 2107880000.0 14712200000.0 6680000000000.0 405869000.0 8277530.0 69402700000.0 466634000000.0 101903000000.0 26266900000.0 -3.02 4.191 [-3.02]
1023290000000000.0 1.9406e+17 1007280000000.0 4037700000000.0 179346000000.0 952650000000.0 1788950000.0 15743900000.0 6254770000000.0 321431000.0 6316280.0 69554100000.0 445648000000.0 93689400000.0 22750900000.0 -3.0 4.188 [-3.0]
1023290000000000.0 1.84485e+17 996978000000.0 3814310000000.0 158538000000.0 891614000000.0 1516730000.0 16818000000.0 5845030000000.0 253945000.0 4812260.0 69703700000.0 425281000000.0 86024500000.0 19691600000.0 -2.98 4.185 [-2.98]
1023290000000000.0 1.75391e+17 986388000000.0 3601490000000.0 139974000000.0 833178000000.0 1284590000.0 17932800000.0 5451190000000.0 200141000.0 3660880.0 69849500000.0 405538000000.0 78883100000.0 17031800000.0 -2.96 4.181 [-2.96]
1023290000000000.0 1.66754e+17 975512000000.0 3398840000000.0 123436000000.0 777312000000.0 1086810000.0 19086300000.0 5073570000000.0 157354000.0 2780980.0 69989400000.0 386420000000.0 72240200000.0 14721300000.0 -2.94 4.178 [-2.94]
1023290000000000.0 1.58551e+17 964355000000.0 3205990000000.0 108722000000.0 723982000000.0 918447000.0 20275800000.0 4712430000000.0 123414000.0 2109660.0 70121000000.0 367928000000.0 66070500000.0 12716000000.0 -2.92 4.175 [-2.92]
1023290000000000.0 1.50739e+17 952893000000.0 3022070000000.0 95620900000.0 673030000000.0 774990000.0 21500500000.0 4367120000000.0 96512400.0 1597400.0 70243200000.0 350006000000.0 60334400000.0 10973500000.0 -2.9 4.172 [-2.9]
1023290000000000.0 1.43361e+17 941232000000.0 2848270000000.0 84052100000.0 624790000000.0 653644000.0 22750900000.0 4040200000000.0 75365800.0 0.0 70349300000.0 332809000000.0 55052500000.0 9469590000.0 -2.88 4.169 [-2.88]
1023290000000000.0 1.36332e+17 929270000000.0 2682630000000.0 73775700000.0 578844000000.0 550410000.0 24029400000.0 3729160000000.0 58680200.0 0.0 70441800000.0 316165000000.0 50155800000.0 8164160000.0 -2.86 4.166 [-2.86]
1023290000000000.0 1.29656e+17 917054000000.0 2525380000000.0 64683500000.0 535284000000.0 462895000.0 25329800000.0 3434830000000.0 45579300.0 0.0 70515600000.0 300126000000.0 45636100000.0 7034450000.0 -2.84 4.163 [-2.84]
1023290000000000.0 1.23313e+17 904590000000.0 2376150000000.0 56649000000.0 494063000000.0 388784000.0 26647600000.0 3157030000000.0 35318700.0 0.0 70568500000.0 284680000000.0 41470700000.0 6057400000.0 -2.82 4.16 [-2.82]
1023290000000000.0 1.17288e+17 891889000000.0 2234620000000.0 49558700000.0 455138000000.0 326100000.0 27978300000.0 2895570000000.0 27303300.0 0.0 70597800000.0 269818000000.0 37637700000.0 5212940000.0 -2.8 4.157 [-2.8]
1023290000000000.0 1.11564e+17 878956000000.0 2100460000000.0 43308900000.0 418455000000.0 273141000.0 29317100000.0 2650150000000.0 21057200.0 0.0 70600800000.0 255528000000.0 34115600000.0 4483490000.0 -2.78 4.154 [-2.78]
1023290000000000.0 1.06126e+17 865807000000.0 1973370000000.0 37807800000.0 383970000000.0 228462000.0 30658900000.0 2420460000000.0 16202900.0 0.0 70574600000.0 241802000000.0 30884600000.0 3853880000.0 -2.76 4.151 [-2.76]
1023290000000000.0 1.00945e+17 852412000000.0 1852710000000.0 32961500000.0 351551000000.0 190747000.0 32000900000.0 2205630000000.0 12433500.0 0.0 70517200000.0 228591000000.0 27917700000.0 3309740000.0 -2.74 4.148 [-2.74]
1023290000000000.0 9.60376e+16 838861000000.0 1738880000000.0 28716200000.0 321290000000.0 159085000.0 33333800000.0 2006170000000.0 9524770.0 0.0 70425000000.0 215961000000.0 25211400000.0 2841660000.0 -2.72 4.145 [-2.72]
1023290000000000.0 9.13881e+16 825168000000.0 1631530000000.0 25001200000.0 293109000000.0 132534000.0 34652800000.0 1821460000000.0 7284610.0 0.0 70296500000.0 203896000000.0 22746000000.0 2439160000.0 -2.7 4.142 [-2.7]
1023290000000000.0 8.6944e+16 811222000000.0 1529470000000.0 21731400000.0 266747000000.0 110166000.0 35959500000.0 1649740000000.0 5553960.0 0.0 70129500000.0 192275000000.0 20485900000.0 2091110000.0 -2.68 4.139 [-2.68]
1023290000000000.0 8.27464e+16 797206000000.0 1433640000000.0 18883800000.0 242382000000.0 91507200.0 37241200000.0 1491980000000.0 4230380.0 0.0 69922100000.0 181230000000.0 18438900000.0 1792880000.0 -2.66 4.137 [-2.66]
1023290000000000.0 7.87332e+16 782959000000.0 1342610000000.0 16383200000.0 219708000000.0 75835600.0 38501800000.0 1346120000000.0 3212540.0 0.0 69671900000.0 170607000000.0 16567700000.0 1535270000.0 -2.64 4.134 [-2.64]
1023290000000000.0 7.49428e+16 768673000000.0 1257260000000.0 14210600000.0 198863000000.0 62805600.0 39729400000.0 1212870000000.0 2437700.0 0.0 69378600000.0 160531000000.0 14878000000.0 1314830000.0 -2.62 4.131 [-2.62]
1023290000000000.0 7.13294e+16 754231000000.0 1176510000000.0 12311100000.0 179610000000.0 51917500.0 40926400000.0 1090590000000.0 1845480.0 0.0 69039500000.0 150889000000.0 13341900000.0 1125030000.0 -2.6 4.128 [-2.6]
1023290000000000.0 6.7895e+16 739690000000.0 1100420000000.0 10656500000.0 161919000000.0 42854900.0 42088000000.0 978941000000.0 1394770.0 0.0 68654300000.0 141700000000.0 11951200000.0 962089000.0 -2.58 4.126 [-2.58]
1023290000000000.0 6.46202e+16 725018000000.0 1028510000000.0 9213130000.0 145666000000.0 35308500.0 43213200000.0 877025000000.0 1051840.0 0.0 68220900000.0 132924000000.0 10690700000.0 821980000.0 -2.56 4.123 [-2.56]
1023290000000000.0 6.15179e+16 710329000000.0 961051000000.0 7961780000.0 130849000000.0 29063200.0 44296100000.0 784673000000.0 792494.0 0.0 67740800000.0 124608000000.0 9556100000.0 702149000.0 -2.54 4.121 [-2.54]
1023290000000000.0 5.85691e+16 695590000000.0 897588000000.0 6875030000.0 117338000000.0 23890400.0 45336900000.0 700974000000.0 596261.0 0.0 67212800000.0 116707000000.0 8533300000.0 599463000.0 -2.52 4.118 [-2.52]
1023290000000000.0 5.5766e+16 680819000000.0 837921000000.0 5932160000.0 105051000000.0 19612600.0 46334100000.0 625292000000.0 448039.0 0.0 66637000000.0 109209000000.0 7612510000.0 511523000.0 -2.5 4.115 [-2.5]
1023290000000000.0 5.31012e+16 666032000000.0 781854000000.0 5114870000.0 93902300000.0 16080600.0 47287000000.0 557010000000.0 336261.0 0.0 66013700000.0 102101000000.0 6784640000.0 436255000.0 -2.48 4.113 [-2.48]
1023290000000000.0 5.05679e+16 651245000000.0 729203000000.0 4407100000.0 83811500000.0 13168700.0 48195000000.0 495536000000.0 0.0 0.0 65343500000.0 95371100000.0 6041290000.0 371874000.0 -2.46 4.11 [-2.46]
1023290000000000.0 4.81594e+16 636475000000.0 679789000000.0 3794730000.0 74698700000.0 10771800.0 49057800000.0 440302000000.0 0.0 0.0 64627300000.0 89005000000.0 5374680000.0 316837000.0 -2.44 4.108 [-2.44]
1023290000000000.0 4.58694e+16 621738000000.0 633441000000.0 3265340000.0 66487000000.0 8801440.0 49875800000.0 390769000000.0 0.0 0.0 63866400000.0 82990100000.0 4777610000.0 269816000.0 -2.42 4.106 [-2.42]
1023290000000000.0 4.36921e+16 607053000000.0 589993000000.0 2808040000.0 59102900000.0 7184090.0 50649200000.0 346431000000.0 0.0 0.0 63062100000.0 77313800000.0 4243480000.0 229668000.0 -2.4 4.103 [-2.4]
1023290000000000.0 4.16218e+16 592433000000.0 549289000000.0 2413370000.0 52476300000.0 5858240.0 51378900000.0 306811000000.0 0.0 0.0 62216200000.0 71962900000.0 3766200000.0 195407000.0 -2.38 4.101 [-2.38]
