Cloudy_runs/s135712/component_III_PI_nH/component_III_PI_nH_col_density_param.txt
# %ECSV 1.0
# ---
# datatype:
# - {name: H, datatype: float64}
# - {name: H+, datatype: float64}
# - {name: C+, datatype: float64}
# - {name: C+2, datatype: float64}
# - {name: C+3, datatype: float64}
# - {name: N+2, datatype: float64}
# - {name: N+4, datatype: float64}
# - {name: O, datatype: float64}
# - {name: O+2, datatype: float64}
# - {name: O+5, datatype: float64}
# - {name: O+6, datatype: float64}
# - {name: Si+, datatype: float64}
# - {name: Si+2, datatype: float64}
# - {name: Si+3, datatype: float64}
# - {name: Si+4, datatype: float64}
# - {name: log_nH, datatype: float64}
# - {name: log_Te, datatype: float64}
# - {name: parameters, datatype: string, subtype: 'float64[1]'}
# schema: astropy-2.0
H H+ C+ C+2 C+3 N+2 N+4 O O+2 O+5 O+6 Si+ Si+2 Si+3 Si+4 log_nH log_Te parameters
1023290000000000.0 3.51701e+19 76606200000.0 11066900000000.0 40032200000000.0 1754610000000.0 36184600000000.0 416992.0 4690470000000.0 407226000000000.0 615638000000000.0 61302000.0 2980300000.0 13799000000.0 1383840000000.0 -5.0 4.546 [-5.0]
1023290000000000.0 3.33073e+19 82952200000.0 11664200000000.0 40596700000000.0 1866690000000.0 35662000000000.0 466756.0 5008160000000.0 386248000000000.0 556268000000000.0 72608800.0 3454870000.0 15474200000.0 1469860000000.0 -4.98 4.541 [-4.98]
1023290000000000.0 3.15484e+19 89733700000.0 12279200000000.0 41121600000000.0 1983720000000.0 35090400000000.0 522441.0 5340510000000.0 365564000000000.0 501673000000000.0 85834800.0 3998570000.0 17325400000.0 1558920000000.0 -4.96 4.537 [-4.96]
1023290000000000.0 2.98868e+19 96970200000.0 12911300000000.0 41605500000000.0 2105590000000.0 34471200000000.0 584690.0 5687280000000.0 345244000000000.0 451571000000000.0 101274000.0 4620440000.0 19367900000.0 1650930000000.0 -4.94 4.532 [-4.94]
1023290000000000.0 2.83161e+19 104677000000.0 13559900000000.0 42047200000000.0 2232130000000.0 33806200000000.0 654164.0 6048050000000.0 325353000000000.0 405671000000000.0 119260000.0 5330560000.0 21618500000.0 1745810000000.0 -4.92 4.528 [-4.92]
1023290000000000.0 2.68309e+19 112877000000.0 14224300000000.0 42445600000000.0 2363220000000.0 33097500000000.0 731679.0 6422510000000.0 305948000000000.0 363724000000000.0 140170000.0 6140120000.0 24094300000.0 1843420000000.0 -4.9 4.524 [-4.9]
1023290000000000.0 2.54264e+19 121588000000.0 14903700000000.0 42799500000000.0 2498650000000.0 32347200000000.0 818124.0 6810270000000.0 287082000000000.0 325468000000000.0 164429000.0 7061510000.0 26813400000.0 1943620000000.0 -4.88 4.519 [-4.88]
1023290000000000.0 2.40976e+19 130832000000.0 15597300000000.0 43107900000000.0 2638200000000.0 31558100000000.0 914479.0 7210770000000.0 268800000000000.0 290665000000000.0 192518000.0 8108420000.0 29795000000.0 2046250000000.0 -4.86 4.515 [-4.86]
1023290000000000.0 2.28403e+19 140626000000.0 16304000000000.0 43369900000000.0 2781600000000.0 30732800000000.0 1021830.0 7623470000000.0 251144000000000.0 259072000000000.0 224973000.0 9296000000.0 33059400000.0 2151100000000.0 -4.84 4.511 [-4.84]
1023290000000000.0 2.16502e+19 150991000000.0 17022900000000.0 43584500000000.0 2928530000000.0 29874300000000.0 1141440.0 8047810000000.0 234145000000000.0 230456000000000.0 262402000.0 10641000000.0 36627900000.0 2257980000000.0 -4.82 4.507 [-4.82]
1023290000000000.0 2.05238e+19 161940000000.0 17752500000000.0 43750900000000.0 3078600000000.0 28985900000000.0 1274590.0 8482900000000.0 217836000000000.0 204602000000000.0 305464000.0 12161400000.0 40521700000.0 2366610000000.0 -4.8 4.503 [-4.8]
1023290000000000.0 1.94572e+19 173490000000.0 18491400000000.0 43868200000000.0 3231400000000.0 28071000000000.0 1422840.0 8928070000000.0 202238000000000.0 181292000000000.0 354911000.0 13877400000.0 44764200000.0 2476760000000.0 -4.78 4.499 [-4.78]
1023290000000000.0 1.8447e+19 185651000000.0 19237900000000.0 43935800000000.0 3386450000000.0 27132900000000.0 1587800.0 9382340000000.0 187364000000000.0 160324000000000.0 411565000.0 15810600000.0 49379300000.0 2588110000000.0 -4.76 4.495 [-4.76]
1023290000000000.0 1.74901e+19 198439000000.0 19990400000000.0 43952900000000.0 3543280000000.0 26175400000000.0 1771400.0 9844940000000.0 173224000000000.0 141505000000000.0 476342000.0 17984900000.0 54391300000.0 2700370000000.0 -4.74 4.491 [-4.74]
1023290000000000.0 1.65824e+19 211811000000.0 20745500000000.0 43918800000000.0 3700930000000.0 25201800000000.0 1974990.0 10313800000000.0 159821000000000.0 124643000000000.0 550203000.0 20425600000.0 59831100000.0 2813240000000.0 -4.72 4.487 [-4.72]
1023290000000000.0 1.57238e+19 225880000000.0 21504500000000.0 43833800000000.0 3859760000000.0 24217000000000.0 2202510.0 10790300000000.0 147160000000000.0 109591000000000.0 634339000.0 23161300000.0 65712100000.0 2926240000000.0 -4.7 4.483 [-4.7]
1023290000000000.0 1.49103e+19 240603000000.0 22263800000000.0 43697100000000.0 4018770000000.0 23224300000000.0 2455890.0 11272400000000.0 135230000000000.0 96176100000000.0 729921000.0 26221800000.0 72065700000.0 3039050000000.0 -4.68 4.479 [-4.68]
1023290000000000.0 1.41395e+19 255984000000.0 23021000000000.0 43508500000000.0 4177360000000.0 22227700000000.0 2738180.0 11758900000000.0 124021000000000.0 84250100000000.0 838276000.0 29639600000.0 78917900000.0 3151250000000.0 -4.66 4.475 [-4.66]
1023290000000000.0 1.34091e+19 272025000000.0 23773800000000.0 43267900000000.0 4334930000000.0 21230900000000.0 3052800.0 12248800000000.0 113518000000000.0 73671500000000.0 960842000.0 33449200000.0 86294200000.0 3262400000000.0 -4.64 4.471 [-4.64]
1023290000000000.0 1.27169e+19 288728000000.0 24519900000000.0 42975400000000.0 4490880000000.0 20237800000000.0 3403650.0 12741200000000.0 103705000000000.0 64308000000000.0 1099190000.0 37688000000.0 94220000000.0 3372070000000.0 -4.62 4.467 [-4.62]
1023290000000000.0 1.20608e+19 306083000000.0 25256300000000.0 42631100000000.0 4644570000000.0 19252000000000.0 3795050.0 13234900000000.0 94559500000000.0 56037200000000.0 1254990000.0 42395200000.0 102721000000.0 3479770000000.0 -4.6 4.463 [-4.6]
1023290000000000.0 1.1439e+19 324087000000.0 25980700000000.0 42235400000000.0 4795420000000.0 18277000000000.0 4232030.0 13729100000000.0 86059600000000.0 48747100000000.0 1430070000.0 47613000000.0 111820000000.0 3585030000000.0 -4.58 4.459 [-4.58]
1023290000000000.0 1.08497e+19 342730000000.0 26690100000000.0 41788800000000.0 4942830000000.0 17316100000000.0 4720190.0 14222600000000.0 78179500000000.0 42334600000000.0 1626400000.0 53385500000.0 121541000000.0 3687350000000.0 -4.56 4.455 [-4.56]
1023290000000000.0 1.02912e+19 361998000000.0 27381800000000.0 41292000000000.0 5086240000000.0 16372500000000.0 5265900.0 14714600000000.0 70892400000000.0 36705300000000.0 1846050000.0 59759300000.0 131904000000.0 3786220000000.0 -4.54 4.452 [-4.54]
1023290000000000.0 9.76174e+18 381875000000.0 28052800000000.0 40745900000000.0 5225070000000.0 15449000000000.0 5876350.0 15203900000000.0 64170200000000.0 31773300000000.0 2091250000.0 66783100000.0 142929000000.0 3881130000000.0 -4.52 4.448 [-4.52]
1023290000000000.0 9.25992e+18 402338000000.0 28700200000000.0 40151500000000.0 5358790000000.0 14548300000000.0 6559690.0 15689500000000.0 57983600000000.0 27460500000000.0 2364360000.0 74507700000.0 154633000000.0 3971560000000.0 -4.5 4.444 [-4.5]
1023290000000000.0 8.78425e+18 423362000000.0 29321000000000.0 39510200000000.0 5486900000000.0 13672700000000.0 7325140.0 16170600000000.0 52303400000000.0 23696200000000.0 2667860000.0 82985500000.0 167031000000.0 4056990000000.0 -4.48 4.44 [-4.48]
1023290000000000.0 8.33339e+18 444925000000.0 29912600000000.0 38823500000000.0 5608950000000.0 12824300000000.0 8183220.0 16646100000000.0 47099800000000.0 20417000000000.0 3004410000.0 92271000000.0 180132000000.0 4136910000000.0 -4.46 4.437 [-4.46]
1023290000000000.0 7.90605e+18 466991000000.0 30471900000000.0 38093000000000.0 5724490000000.0 12004800000000.0 9145700.0 17115100000000.0 42343500000000.0 17565400000000.0 3376730000.0 102419000000.0 193943000000.0 4210820000000.0 -4.44 4.433 [-4.44]
1023290000000000.0 7.50097e+18 489525000000.0 30996000000000.0 37320800000000.0 5833110000000.0 11215700000000.0 10225900.0 17576600000000.0 38005300000000.0 15090000000000.0 3787680000.0 113487000000.0 208469000000.0 4278220000000.0 -4.42 4.429 [-4.42]
1023290000000000.0 7.117e+18 512487000000.0 31482400000000.0 36508900000000.0 5934470000000.0 10458100000000.0 11439100.0 18029700000000.0 34056900000000.0 12944800000000.0 4240220000.0 125530000000.0 223705000000.0 4338640000000.0 -4.4 4.425 [-4.4]
1023290000000000.0 6.75303e+18 535833000000.0 31928400000000.0 35659900000000.0 6028240000000.0 9733050000000.0 12802100.0 18473600000000.0 30470600000000.0 11089000000000.0 4737370000.0 138605000000.0 239645000000.0 4391610000000.0 -4.38 4.422 [-4.38]
1023290000000000.0 6.40798e+18 559512000000.0 32331400000000.0 34776000000000.0 6114090000000.0 9041010000000.0 14334300.0 18907100000000.0 27219600000000.0 9486030000000.0 5282230000.0 152766000000.0 256275000000.0 4436690000000.0 -4.36 4.418 [-4.36]
1023290000000000.0 6.08086e+18 583472000000.0 32689200000000.0 33860100000000.0 6191810000000.0 8382400000000.0 16057400.0 19329500000000.0 24278200000000.0 8103740000000.0 5877930000.0 168067000000.0 273573000000.0 4473480000000.0 -4.34 4.415 [-4.34]
1023290000000000.0 5.77077e+18 607662000000.0 32999800000000.0 32915400000000.0 6261200000000.0 7757350000000.0 17995800.0 19740000000000.0 21622400000000.0 6913650000000.0 6527590000.0 184560000000.0 291513000000.0 4501610000000.0 -4.32 4.411 [-4.32]
1023290000000000.0 5.4768e+18 632024000000.0 33261400000000.0 31945000000000.0 6322130000000.0 7165780000000.0 20177100.0 20137800000000.0 19228600000000.0 5890590000000.0 7234340000.0 202291000000.0 310060000000.0 4520760000000.0 -4.3 4.407 [-4.3]
1023290000000000.0 5.1981e+18 656493000000.0 33472400000000.0 30952100000000.0 6374440000000.0 6607340000000.0 22632100.0 20522000000000.0 17075100000000.0 5012420000000.0 8001170000.0 221303000000.0 329169000000.0 4530630000000.0 -4.28 4.404 [-4.28]
1023290000000000.0 4.93387e+18 681007000000.0 33631600000000.0 29940200000000.0 6418050000000.0 6081530000000.0 25395800.0 20891800000000.0 15141100000000.0 4259710000000.0 8831000000.0 241631000000.0 348789000000.0 4530970000000.0 -4.26 4.4 [-4.26]
1023290000000000.0 4.68333e+18 705499000000.0 33737800000000.0 28912800000000.0 6452920000000.0 5587670000000.0 28507300.0 21246600000000.0 13407200000000.0 3615440000000.0 9726570000.0 263306000000.0 368858000000.0 4521590000000.0 -4.24 4.397 [-4.24]
1023290000000000.0 4.44577e+18 729893000000.0 33790400000000.0 27873400000000.0 6479010000000.0 5124980000000.0 32010400.0 21585400000000.0 11855400000000.0 3064760000000.0 10690300000.0 286346000000.0 389306000000.0 4502330000000.0 -4.22 4.393 [-4.22]
1023290000000000.0 4.22049e+18 754126000000.0 33789000000000.0 26825700000000.0 6496350000000.0 4692490000000.0 35954600.0 21907600000000.0 10468800000000.0 2594730000000.0 11724400000.0 310760000000.0 410050000000.0 4473110000000.0 -4.2 4.39 [-4.2]
1023290000000000.0 4.00696e+18 778086000000.0 33733400000000.0 25774100000000.0 6504950000000.0 4289470000000.0 40391600.0 22212200000000.0 9232540000000.0 2194290000000.0 12829500000.0 336529000000.0 430998000000.0 4433940000000.0 -4.18 4.386 [-4.18]
1023290000000000.0 3.80435e+18 801791000000.0 33624600000000.0 24720500000000.0 6505010000000.0 3914230000000.0 45389900.0 22499100000000.0 8130720000000.0 1853190000000.0 14009300000.0 363670000000.0 452051000000.0 4384790000000.0 -4.16 4.383 [-4.16]
1023290000000000.0 3.61206e+18 825169000000.0 33463100000000.0 23668600000000.0 6496590000000.0 3565630000000.0 51020000.0 22767600000000.0 7150160000000.0 1563010000000.0 15264900000.0 392154000000.0 473100000000.0 4325750000000.0 -4.14 4.38 [-4.14]
1023290000000000.0 3.42976e+18 848057000000.0 33249200000000.0 22623300000000.0 6479770000000.0 3242950000000.0 57350900.0 23016600000000.0 6280070000000.0 1316770000000.0 16593800000.0 421892000000.0 494022000000.0 4257060000000.0 -4.12 4.376 [-4.12]
1023290000000000.0 3.25681e+18 870432000000.0 32984600000000.0 21587200000000.0 6454720000000.0 2944660000000.0 64473200.0 23245500000000.0 5508580000000.0 1107940000000.0 17996700000.0 452836000000.0 514687000000.0 4178930000000.0 -4.1 4.373 [-4.1]
1023290000000000.0 3.09271e+18 892229000000.0 32670900000000.0 20563500000000.0 6421660000000.0 2669500000000.0 72483400.0 23454000000000.0 4825500000000.0 931066000000.0 19472500000.0 484893000000.0 534962000000.0 4091670000000.0 -4.08 4.37 [-4.08]
1023290000000000.0 2.937e+18 913385000000.0 32309900000000.0 19555100000000.0 6380780000000.0 2416190000000.0 81489000.0 23641300000000.0 4221570000000.0 781439000000.0 21018800000.0 517956000000.0 554702000000.0 3995670000000.0 -4.06 4.366 [-4.06]
1023290000000000.0 2.78922e+18 933841000000.0 31903800000000.0 18564800000000.0 6332330000000.0 2183460000000.0 91610200.0 23806900000000.0 3688360000000.0 655016000000.0 22632900000.0 551893000000.0 573756000000.0 3891370000000.0 -4.04 4.363 [-4.04]
1023290000000000.0 2.64898e+18 953548000000.0 31455200000000.0 17595200000000.0 6276560000000.0 1970050000000.0 102980000.0 23950300000000.0 3218250000000.0 548334000000.0 24310700000.0 586545000000.0 591971000000.0 3779320000000.0 -4.02 4.36 [-4.02]
1023290000000000.0 2.51586e+18 972462000000.0 30966600000000.0 16648700000000.0 6213760000000.0 1774730000000.0 115748000.0 24071000000000.0 2804330000000.0 458426000000.0 26047200000.0 621738000000.0 609190000000.0 3660120000000.0 -4.0 4.356 [-4.0]
1023290000000000.0 2.3895e+18 990533000000.0 30440800000000.0 15727300000000.0 6144190000000.0 1596310000000.0 130078000.0 24168500000000.0 2440390000000.0 382746000000.0 27836400000.0 657271000000.0 625259000000.0 3534420000000.0 -3.98 4.353 [-3.98]
1023290000000000.0 2.26953e+18 1007720000000.0 29880700000000.0 14832900000000.0 6068180000000.0 1433630000000.0 146152000.0 24242300000000.0 2120830000000.0 319124000000.0 29671500000.0 692926000000.0 640026000000.0 3402960000000.0 -3.96 4.35 [-3.96]
1023290000000000.0 2.15562e+18 1024000000000.0 29289300000000.0 13967000000000.0 5986030000000.0 1285570000000.0 164174000.0 24292100000000.0 1840600000000.0 265706000000.0 31544300000.0 728456000000.0 653344000000.0 3266510000000.0 -3.94 4.347 [-3.94]
1023290000000000.0 2.04747e+18 1039340000000.0 28669900000000.0 13131000000000.0 5898090000000.0 1151050000000.0 184368000.0 24317300000000.0 1595200000000.0 220916000000.0 33446200000.0 763613000000.0 665074000000.0 3125890000000.0 -3.92 4.343 [-3.92]
1023290000000000.0 1.94476e+18 1053730000000.0 28025500000000.0 12325800000000.0 5804700000000.0 1029070000000.0 206980000.0 24317800000000.0 1380600000000.0 183410000000.0 35367700000.0 798129000000.0 675086000000.0 2981990000000.0 -3.9 4.34 [-3.9]
1023290000000000.0 1.84723e+18 1067160000000.0 27359400000000.0 11552300000000.0 5706220000000.0 918640000000.0 232283000.0 24293100000000.0 1193180000000.0 152046000000.0 37298600000.0 831727000000.0 683267000000.0 2835690000000.0 -3.88 4.337 [-3.88]
1023290000000000.0 1.7546e+18 1079620000000.0 26674900000000.0 10811100000000.0 5603020000000.0 818847000000.0 260579000.0 24243000000000.0 1029720000000.0 125854000000.0 39228500000.0 864131000000.0 689519000000.0 2687910000000.0 -3.86 4.334 [-3.86]
1023290000000000.0 1.66663e+18 1091130000000.0 25975000000000.0 10102400000000.0 5495480000000.0 728823000000.0 292196000.0 24167300000000.0 887366000000.0 104014000000.0 41146300000.0 895063000000.0 693761000000.0 2539550000000.0 -3.84 4.33 [-3.84]
1023290000000000.0 1.58307e+18 1101670000000.0 25262600000000.0 9426430000000.0 5383950000000.0 647748000000.0 327498000.0 24065900000000.0 763554000000.0 85826800000.0 43040800000.0 924248000000.0 695938000000.0 2391530000000.0 -3.82 4.327 [-3.82]
1023290000000000.0 1.50371e+18 1111270000000.0 24540900000000.0 8783070000000.0 5268840000000.0 574859000000.0 366881000.0 23938600000000.0 656029000000.0 70705600000.0 44901700000.0 951436000000.0 696015000000.0 2244710000000.0 -3.8 4.324 [-3.8]
1023290000000000.0 1.42833e+18 1119950000000.0 23812600000000.0 8172040000000.0 5150510000000.0 509438000000.0 410779000.0 23785500000000.0 562781000000.0 58152500000.0 46718100000.0 976385000000.0 693980000000.0 2099960000000.0 -3.78 4.32 [-3.78]
1023290000000000.0 1.35673e+18 1127730000000.0 23080600000000.0 7592930000000.0 5029350000000.0 450818000000.0 459665000.0 23606600000000.0 482034000000.0 47747700000.0 48480400000.0 998880000000.0 689848000000.0 1958060000000.0 -3.76 4.317 [-3.76]
