Cloudy_runs/3c263/z=0.140756/logZ=1/component_I_PI_nH/component_I_PI_nH_col_density_param.txt
# %ECSV 1.0
# ---
# datatype:
# - {name: H, datatype: float64}
# - {name: H+, datatype: float64}
# - {name: C+, datatype: float64}
# - {name: C+2, datatype: float64}
# - {name: C+3, datatype: float64}
# - {name: N+, datatype: float64}
# - {name: N+2, datatype: float64}
# - {name: N+4, datatype: float64}
# - {name: O, datatype: float64}
# - {name: O+2, datatype: float64}
# - {name: O+5, datatype: float64}
# - {name: O+6, datatype: float64}
# - {name: P+, datatype: float64}
# - {name: Si+, datatype: float64}
# - {name: Si+2, datatype: float64}
# - {name: Si+3, datatype: float64}
# - {name: Si+4, datatype: float64}
# - {name: log_nH, datatype: float64}
# - {name: parameters, datatype: string, subtype: 'float64[1]'}
# schema: astropy-2.0
H H+ C+ C+2 C+3 N+ N+2 N+4 O O+2 O+5 O+6 P+ Si+ Si+2 Si+3 Si+4 log_nH parameters
[from data line 286]
30903000000000.0 1298280000000.0 12996700000.0 25418000.0 0.0 629545000.0 7252.51 0.0 156660000000.0 12840.8 0.0 0.0 78009700.0 6605750000.0 8419.4 10347.7 0.0 0.72 [0.72]
30903000000000.0 1265500000000.0 12624300000.0 23893300.0 0.0 609135000.0 6719.0 0.0 156542000000.0 11876.5 0.0 0.0 77902000.0 6542920000.0 7977.88 9789.7 0.0 0.74 [0.74]
30903000000000.0 1233540000000.0 12259600000.0 22452900.0 0.0 589346000.0 6224.99 0.0 156426000000.0 10986.0 0.0 0.0 77795900.0 6479830000.0 7559.1 9260.97 0.0 0.76 [0.76]
30903000000000.0 1202360000000.0 11902400000.0 21092500.0 0.0 570160000.0 5767.55 0.0 156314000000.0 10163.5 0.0 0.0 77691300.0 6416480000.0 7161.9 8760.01 0.0 0.78 [0.78]
30903000000000.0 1171960000000.0 11552600000.0 19808000.0 0.0 551559000.0 5343.95 0.0 156203000000.0 9403.56 0.0 0.0 77588200.0 6352870000.0 6785.18 8285.38 0.0 0.8 [0.8]
30903000000000.0 1142310000000.0 11210200000.0 18595500.0 0.0 533525000.0 4951.7 0.0 156095000000.0 8701.48 0.0 0.0 77486500.0 6289020000.0 6427.91 7835.72 0.0 0.82 [0.82]
30903000000000.0 1113390000000.0 10875100000.0 17451400.0 0.0 516042000.0 4588.44 0.0 155989000000.0 8052.7 0.0 0.0 77386000.0 6224910000.0 6089.08 7409.75 0.0 0.84 [0.84]
30903000000000.0 1085180000000.0 10547200000.0 16372000.0 0.0 499093000.0 4252.05 0.0 155886000000.0 7453.09 0.0 0.0 77286700.0 6160560000.0 5767.75 7006.23 0.0 0.86 [0.86]
30903000000000.0 1057660000000.0 10226300000.0 15354100.0 0.0 482664000.0 3940.52 0.0 155785000000.0 6898.84 0.0 0.0 77188600.0 6095980000.0 5463.04 6624.02 0.0 0.88 [0.88]
30903000000000.0 1030810000000.0 9912540000.0 14394400.0 0.0 466738000.0 3652.01 0.0 155686000000.0 6386.47 0.0 0.0 77091500.0 6031170000.0 5174.1 6262.01 0.0 0.9 [0.9]
30903000000000.0 1004620000000.0 9605710000.0 13489900.0 0.0 451301000.0 3384.82 0.0 155589000000.0 5912.75 0.0 0.0 76995400.0 5966150000.0 4900.12 5919.17 0.0 0.92 [0.92]
30903000000000.0 979066000000.0 9305760000.0 12637800.0 0.0 436340000.0 3137.36 0.0 155495000000.0 5474.7 0.0 0.0 76900200.0 5900920000.0 4640.36 5594.5 0.0 0.94 [0.94]
30903000000000.0 954129000000.0 9012630000.0 11835200.0 0.0 421839000.0 2908.17 0.0 155402000000.0 5069.58 0.0 0.0 76805800.0 5835500000.0 4394.07 5287.07 0.0 0.96 [0.96]
30903000000000.0 929796000000.0 8726240000.0 11079600.0 0.0 407787000.0 2695.91 0.0 155311000000.0 4694.9 0.0 0.0 76712100.0 5769900000.0 4160.59 4995.99 0.0 0.98 [0.98]
30903000000000.0 906051000000.0 8446520000.0 10368400.0 0.0 394169000.0 2499.31 0.0 155223000000.0 4348.31 0.0 0.0 76619000.0 5704140000.0 3939.25 4720.42 0.0 1.0 [1.0]
