Cloudy_runs/3c263/z=0.140756/logZ=1/component_I_PI_nH/component_I_PI_nH_col_density_param.txt
# %ECSV 1.0
# ---
# datatype:
# - {name: H, datatype: float64}
# - {name: H+, datatype: float64}
# - {name: C+, datatype: float64}
# - {name: C+2, datatype: float64}
# - {name: C+3, datatype: float64}
# - {name: N+, datatype: float64}
# - {name: N+2, datatype: float64}
# - {name: N+4, datatype: float64}
# - {name: O, datatype: float64}
# - {name: O+2, datatype: float64}
# - {name: O+5, datatype: float64}
# - {name: O+6, datatype: float64}
# - {name: P+, datatype: float64}
# - {name: Si+, datatype: float64}
# - {name: Si+2, datatype: float64}
# - {name: Si+3, datatype: float64}
# - {name: Si+4, datatype: float64}
# - {name: log_nH, datatype: float64}
# - {name: parameters, datatype: string, subtype: 'float64[1]'}
# schema: astropy-2.0
H H+ C+ C+2 C+3 N+ N+2 N+4 O O+2 O+5 O+6 P+ Si+ Si+2 Si+3 Si+4 log_nH parameters
[from data line 59]
30903000000000.0 6380750000000000.0 1335730000000.0 13226000000000.0 2369180000000.0 297430000000.0 2823920000000.0 121982000000.0 8100740000.0 19309400000000.0 18675600000.0 355683000.0 3225620000.0 442874000000.0 385468000000.0 853649000000.0 374094000000.0 -3.82 [-3.82]
30903000000000.0 6028340000000000.0 1321570000000.0 12553800000000.0 2149580000000.0 303796000000.0 2696350000000.0 105323000000.0 8937160000.0 18504600000000.0 15289500000.0 277752000.0 3227640000.0 455471000000.0 368490000000.0 795696000000.0 326221000000.0 -3.8 [-3.8]
30903000000000.0 5696720000000000.0 1307390000000.0 11913300000000.0 1948710000000.0 310006000000.0 2572160000000.0 90890600000.0 9843090000.0 17707300000000.0 12504000000.0 216703000.0 3223750000.0 466782000000.0 351144000000.0 739990000000.0 283776000000.0 -3.78 [-3.78]
30903000000000.0 5384620000000000.0 1293240000000.0 11303200000000.0 1765100000000.0 316053000000.0 2451470000000.0 78397000000.0 10822300000.0 16919800000000.0 10214900000.0 168928000.0 3214350000.0 476725000000.0 333581000000.0 686670000000.0 246267000000.0 -3.76 [-3.76]
30903000000000.0 5090920000000000.0 1279180000000.0 10722300000000.0 1597380000000.0 321924000000.0 2334380000000.0 67589400000.0 11878300000.0 16144500000000.0 8336190000.0 131582000.0 3199830000.0 485237000000.0 315948000000.0 635848000000.0 213229000000.0 -3.74 [-3.74]
30903000000000.0 4814550000000000.0 1265240000000.0 10169700000000.0 1444300000000.0 327610000000.0 2220990000000.0 58247200000.0 13014500000.0 15383300000000.0 6796110000.0 102418000.0 3180610000.0 492274000000.0 298384000000.0 587605000000.0 184226000000.0 -3.72 [-3.72]
30903000000000.0 4554530000000000.0 1251480000000.0 9644140000000.0 1304710000000.0 333100000000.0 2111360000000.0 50177600000.0 14234100000.0 14638300000000.0 5535230000.0 79668200.0 3157120000.0 497817000000.0 281021000000.0 541995000000.0 158848000000.0 -3.7 [-3.7]
30903000000000.0 4309920000000000.0 1237930000000.0 9144690000000.0 1177540000000.0 338385000000.0 2005540000000.0 43211900000.0 15540100000.0 13911400000000.0 4504220000.0 61939600.0 3129790000.0 501865000000.0 263976000000.0 499039000000.0 136709000000.0 -3.68 [-3.68]
30903000000000.0 4079860000000000.0 1224640000000.0 8670260000000.0 1061790000000.0 343455000000.0 1903550000000.0 37203000000.0 16935300000.0 13204000000000.0 3662190000.0 48136300.0 3099020000.0 504440000000.0 247355000000.0 458734000000.0 117456000000.0 -3.66 [-3.66]
30903000000000.0 3863480000000000.0 1211620000000.0 8219790000000.0 956553000000.0 348300000000.0 1805410000000.0 32022100000.0 18422100000.0 12517500000000.0 2975240000.0 37397000.0 3065190000.0 505583000000.0 231244000000.0 421046000000.0 100757000000.0 -3.64 [-3.64]
30903000000000.0 3659990000000000.0 1198900000000.0 7792250000000.0 860975000000.0 352912000000.0 1711090000000.0 27557300000.0 20002700000.0 11853000000000.0 2415450000.0 29047900.0 3028700000.0 505350000000.0 215720000000.0 385922000000.0 86312900000.0 -3.62 [-3.62]
30903000000000.0 3468670000000000.0 1186500000000.0 7386660000000.0 774268000000.0 357282000000.0 1620580000000.0 23711800000.0 21678600000.0 11211600000000.0 1959750000.0 22561200.0 2989880000.0 503813000000.0 200841000000.0 353292000000.0 73851000000.0 -3.6 [-3.6]
30903000000000.0 3288780000000000.0 1174420000000.0 7002010000000.0 695697000000.0 361402000000.0 1533830000000.0 20400700000.0 23451300000.0 10593900000000.0 1589150000.0 17523500.0 2949070000.0 501056000000.0 186652000000.0 323066000000.0 63123300000.0 -3.58 [-3.58]
30903000000000.0 3119620000000000.0 1162650000000.0 6637300000000.0 624577000000.0 365266000000.0 1450760000000.0 17550600000.0 25322000000.0 10000200000000.0 1287970000.0 13612300.0 2906550000.0 497172000000.0 173181000000.0 295138000000.0 53906700000.0 -3.56 [-3.56]
30903000000000.0 2960540000000000.0 1151200000000.0 6291560000000.0 560275000000.0 368867000000.0 1371320000000.0 15097800000.0 27291400000.0 9431040000000.0 1043410000.0 10576200.0 2862590000.0 492259000000.0 160443000000.0 269395000000.0 46002600000.0 -3.54 [-3.54]
30903000000000.0 2810920000000000.0 1140050000000.0 5963840000000.0 502200000000.0 372197000000.0 1295400000000.0 12987300000.0 29359900000.0 8886280000000.0 844935000.0 8219590.0 2817400000.0 486419000000.0 148444000000.0 245716000000.0 39234700000.0 -3.52 [-3.52]
30903000000000.0 2669740000000000.0 1129140000000.0 5652300000000.0 449678000000.0 375246000000.0 1222710000000.0 11166800000.0 31531600000.0 8364370000000.0 683613000.0 6386340.0 2771040000.0 479725000000.0 137147000000.0 223918000000.0 33434800000.0 -3.5 [-3.5]
30903000000000.0 2537640000000000.0 1118570000000.0 5358740000000.0 402580000000.0 378022000000.0 1153730000000.0 9608820000.0 33794300000.0 7869430000000.0 553433000.0 4969840.0 2724150000.0 472362000000.0 126630000000.0 204046000000.0 28504100000.0 -3.48 [-3.48]
30903000000000.0 2412900000000000.0 1108190000000.0 5079660000000.0 360065000000.0 380508000000.0 1087780000000.0 8264670000.0 36159000000.0 7396760000000.0 447680000.0 3866970.0 2676440000.0 464345000000.0 116783000000.0 185809000000.0 24286500000.0 -3.46 [-3.46]
30903000000000.0 2295420000000000.0 1098020000000.0 4815120000000.0 321823000000.0 382701000000.0 1024920000000.0 7108140000.0 38620900000.0 6947250000000.0 362013000.0 3010240.0 2628190000.0 455794000000.0 107611000000.0 169137000000.0 20690200000.0 -3.44 [-3.44]
30903000000000.0 2184710000000000.0 1088030000000.0 4564310000000.0 287455000000.0 384597000000.0 965058000000.0 6113000000.0 41178800000.0 6520310000000.0 292639000.0 2344480.0 2579520000.0 446797000000.0 99083900000.0 153912000000.0 17625800000.0 -3.42 [-3.42]
30903000000000.0 2080320000000000.0 1078190000000.0 4326500000000.0 256596000000.0 386192000000.0 908064000000.0 5256640000.0 43830900000.0 6115270000000.0 236476000.0 0.0 2530530000.0 437435000000.0 91170800000.0 140021000000.0 15015600000.0 -3.4 [-3.4]
30903000000000.0 1981840000000000.0 1068480000000.0 4100960000000.0 228911000000.0 387481000000.0 853832000000.0 4519670000.0 46575400000.0 5731410000000.0 191021000.0 0.0 2481330000.0 427782000000.0 83838800000.0 127356000000.0 12793100000.0 -3.38 [-3.38]
30903000000000.0 1888870000000000.0 1058860000000.0 3887030000000.0 204091000000.0 388461000000.0 802247000000.0 3885360000.0 49410000000.0 5367950000000.0 154241000.0 0.0 2431990000.0 417907000000.0 77053800000.0 115815000000.0 10901100000.0 -3.36 [-3.36]
30903000000000.0 1801060000000000.0 1049310000000.0 3684070000000.0 181856000000.0 389128000000.0 753204000000.0 3339390000.0 52332000000.0 5024110000000.0 124490000.0 0.0 2382590000.0 407870000000.0 70782100000.0 105303000000.0 9290600000.0 -3.34 [-3.34]
30903000000000.0 1718060000000000.0 1039790000000.0 3491470000000.0 161952000000.0 389477000000.0 706597000000.0 2869430000.0 55338500000.0 4699100000000.0 100429000.0 0.0 2333190000.0 397725000000.0 64990400000.0 95732800000.0 7919740000.0 -3.32 [-3.32]
30903000000000.0 1639550000000000.0 1030300000000.0 3308660000000.0 144145000000.0 389506000000.0 662325000000.0 2464880000.0 58426200000.0 4392090000000.0 80977600.0 0.0 2283850000.0 387522000000.0 59646000000.0 87021200000.0 6752770000.0 -3.3 [-3.3]
30903000000000.0 1565230000000000.0 1020790000000.0 3135100000000.0 128224000000.0 389212000000.0 620290000000.0 2116630000.0 61591600000.0 4102290000000.0 65256400.0 0.0 2234620000.0 377302000000.0 54717800000.0 79093000000.0 5759240000.0 -3.28 [-3.28]
30903000000000.0 1494840000000000.0 1011250000000.0 2970300000000.0 113998000000.0 388591000000.0 580400000000.0 1816860000.0 64830700000.0 3828910000000.0 52554900.0 0.0 2185560000.0 367103000000.0 50175900000.0 71878600000.0 4913230000.0 -3.26 [-3.26]
30903000000000.0 1428100000000000.0 1001660000000.0 2813780000000.0 101293000000.0 387643000000.0 542565000000.0 1558840000.0 68139400000.0 3571160000000.0 42297000.0 0.0 2136690000.0 356955000000.0 45991800000.0 65314200000.0 4192670000.0 -3.24 [-3.24]
30903000000000.0 1364800000000000.0 991984000000.0 2665080000000.0 89954100000.0 386363000000.0 506698000000.0 1336780000.0 71513300000.0 3328280000000.0 34016200.0 0.0 2088070000.0 346887000000.0 42139000000.0 59341300000.0 3578790000.0 -3.22 [-3.22]
30903000000000.0 1304700000000000.0 982211000000.0 2523780000000.0 79838700000.0 384752000000.0 472719000000.0 1145710000.0 74947500000.0 3099530000000.0 27334500.0 0.0 2039720000.0 336920000000.0 38592200000.0 53906500000.0 3055640000.0 -3.2 [-3.2]
30903000000000.0 1247590000000000.0 972319000000.0 2389500000000.0 70819900000.0 382808000000.0 440550000000.0 981323000.0 78437200000.0 2884210000000.0 21946100.0 0.0 1991680000.0 327075000000.0 35328100000.0 48961200000.0 2609690000.0 -3.18 [-3.18]
30903000000000.0 1193300000000000.0 962289000000.0 2261870000000.0 62783000000.0 380531000000.0 410117000000.0 839947000.0 81977000000.0 2681630000000.0 17603400.0 0.0 1943970000.0 317367000000.0 32324900000.0 44461300000.0 2229420000.0 -3.16 [-3.16]
30903000000000.0 1141630000000000.0 952101000000.0 2140520000000.0 55624700000.0 377921000000.0 381347000000.0 718396000.0 85561700000.0 2491140000000.0 14105600.0 0.0 1896630000.0 307809000000.0 29562300000.0 40366100000.0 1905050000.0 -3.14 [-3.14]
30903000000000.0 1092430000000000.0 941740000000.0 2025140000000.0 49252100000.0 374980000000.0 354172000000.0 613932000.0 89185600000.0 2312100000000.0 11290300.0 0.0 1849680000.0 298411000000.0 27021400000.0 36639200000.0 1628270000.0 -3.12 [-3.12]
30903000000000.0 1045340000000000.0 931133000000.0 1914970000000.0 43563900000.0 371676000000.0 328438000000.0 523907000.0 92850400000.0 2143290000000.0 9020350.0 0.0 1802930000.0 289139000000.0 24676700000.0 33235300000.0 1391360000.0 -3.1 [-3.1]
30903000000000.0 1000820000000000.0 920429000000.0 1811080000000.0 38539700000.0 368112000000.0 304352000000.0 447158000.0 96527400000.0 1986020000000.0 7207380.0 0.0 1757030000.0 280127000000.0 22537100000.0 30160100000.0 1190320000.0 -3.08 [-3.08]
30903000000000.0 958135000000000.0 909451000000.0 1711840000000.0 34057800000.0 364192000000.0 281583000000.0 381055000.0 100233000000.0 1837870000000.0 5747230.0 0.0 1711360000.0 271252000000.0 20562900000.0 27350200000.0 1018040000.0 -3.06 [-3.06]
30903000000000.0 917366000000000.0 898240000000.0 1617450000000.0 30076500000.0 359955000000.0 260165000000.0 324378000.0 103955000000.0 1698960000000.0 4576400.0 0.0 1666160000.0 262560000000.0 18749000000.0 24792800000.0 870868000.0 -3.04 [-3.04]
30903000000000.0 878398000000000.0 886785000000.0 1527680000000.0 26541800000.0 355408000000.0 240040000000.0 275819000.0 107685000000.0 1568800000000.0 3638630.0 0.0 1621450000.0 254052000000.0 17082700000.0 22465300000.0 745097000.0 -3.02 [-3.02]
30903000000000.0 840947000000000.0 875010000000.0 1441900000000.0 23394000000.0 350514000000.0 221082000000.0 234102000.0 111426000000.0 1446410000000.0 2886220.0 0.0 1577010000.0 245686000000.0 15546600000.0 20338900000.0 637250000.0 -3.0 [-3.0]
30903000000000.0 805279000000000.0 863038000000.0 1360720000000.0 20613700000.0 345368000000.0 203388000000.0 198571000.0 115155000000.0 1332410000000.0 2287320.0 0.0 1533310000.0 237550000000.0 14142600000.0 18412200000.0 545383000.0 -2.98 [-2.98]
30903000000000.0 771121000000000.0 850799000000.0 1283540000000.0 18149800000.0 339939000000.0 186830000000.0 168214000.0 118874000000.0 1225850000000.0 1809540.0 0.0 1490140000.0 229601000000.0 12854600000.0 16659400000.0 466826000.0 -2.96 [-2.96]
30903000000000.0 738565000000000.0 838367000000.0 1210560000000.0 15976400000.0 334287000000.0 171424000000.0 142406000.0 122567000000.0 1126790000000.0 1430220.0 0.0 1447760000.0 221881000000.0 11678700000.0 15071900000.0 399873000.0 -2.94 [-2.94]
30903000000000.0 707033000000000.0 825528000000.0 1140490000000.0 14037500000.0 328286000000.0 156934000000.0 120232000.0 126254000000.0 1033570000000.0 1126480.0 0.0 1405510000.0 214263000000.0 10592200000.0 13616200000.0 342195000.0 -2.92 [-2.92]
30903000000000.0 676940000000000.0 812483000000.0 1074250000000.0 12329700000.0 322086000000.0 143493000000.0 101430000.0 129905000000.0 947080000000.0 886218.0 0.0 1364050000.0 206868000000.0 9601310000.0 12298600000.0 293031000.0 -2.9 [-2.9]
30903000000000.0 648067000000000.0 799177000000.0 1011340000000.0 10820600000.0 315660000000.0 130998000000.0 85445100.0 133519000000.0 866591000000.0 695831.0 0.0 1323200000.0 199657000000.0 8694780000.0 11101400000.0 250970000.0 -2.88 [-2.88]
30903000000000.0 620356000000000.0 785618000000.0 951623000000.0 9488230000.0 309026000000.0 119402000000.0 71873600.0 137092000000.0 791787000000.0 545249.0 0.0 1282980000.0 192629000000.0 7866120000.0 10014300000.0 214982000.0 -2.86 [-2.86]
30903000000000.0 593753000000000.0 771818000000.0 894964000000.0 8312780000.0 302205000000.0 108662000000.0 60368400.0 140618000000.0 722367000000.0 426387.0 0.0 1243400000.0 185782000000.0 7109380000.0 9027510000.0 184190000.0 -2.84 [-2.84]
30903000000000.0 568209000000000.0 757792000000.0 841233000000.0 7276700000.0 295215000000.0 98732600000.0 50629900.0 144090000000.0 658042000000.0 0.0 0.0 1204500000.0 179115000000.0 6419030000.0 8132460000.0 157843000.0 -2.82 [-2.82]
30903000000000.0 543681000000000.0 743558000000.0 790311000000.0 6364300000.0 288080000000.0 89572000000.0 42399700.0 147502000000.0 598534000000.0 0.0 0.0 1166300000.0 172629000000.0 5789960000.0 7321120000.0 135298000.0 -2.8 [-2.8]
30903000000000.0 520128000000000.0 729137000000.0 742082000000.0 5561580000.0 280823000000.0 81137500000.0 35455800.0 150850000000.0 543578000000.0 0.0 0.0 1128810000.0 166323000000.0 5217400000.0 6586210000.0 116008000.0 -2.78 [-2.78]
30903000000000.0 497513000000000.0 714553000000.0 696436000000.0 4856040000.0 273465000000.0 73387400000.0 29606800.0 154127000000.0 492915000000.0 0.0 0.0 1092070000.0 160196000000.0 4696910000.0 5921050000.0 99500400.0 -2.76 [-2.76]
30903000000000.0 475800000000000.0 699831000000.0 653264000000.0 4236510000.0 266032000000.0 66280900000.0 24688200.0 157330000000.0 446295000000.0 0.0 0.0 1056100000.0 154247000000.0 4224360000.0 5319500000.0 85374600.0 -2.74 [-2.74]
30903000000000.0 454958000000000.0 685000000000.0 612463000000.0 3693050000.0 258546000000.0 59778100000.0 20559000.0 160452000000.0 403478000000.0 0.0 0.0 1020910000.0 148476000000.0 3795890000.0 4775950000.0 73285900.0 -2.72 [-2.72]
30903000000000.0 434957000000000.0 670088000000.0 573937000000.0 3216840000.0 251033000000.0 53840100000.0 17098500.0 163491000000.0 364231000000.0 0.0 0.0 986536000.0 142883000000.0 3407930000.0 4285250000.0 62940100.0 -2.7 [-2.7]
30903000000000.0 415769000000000.0 655124000000.0 537583000000.0 2799930000.0 243514000000.0 48428700000.0 14202900.0 166441000000.0 328323000000.0 0.0 0.0 952992000.0 137466000000.0 3057060000.0 3842640000.0 54084200.0 -2.68 [-2.68]
30903000000000.0 397366000000000.0 640138000000.0 503306000000.0 2435320000.0 236013000000.0 43507000000.0 11783900.0 169300000000.0 295537000000.0 0.0 0.0 920295000.0 132225000000.0 2740180000.0 3443780000.0 46502400.0 -2.66 [-2.66]
30903000000000.0 379724000000000.0 625163000000.0 471017000000.0 2116770000.0 228550000000.0 39039700000.0 9766300.0 172064000000.0 265659000000.0 0.0 0.0 888461000.0 127158000000.0 2454360000.0 3084660000.0 40010100.0 -2.64 [-2.64]
30903000000000.0 362917000000000.0 610309000000.0 440809000000.0 1839960000.0 221198000000.0 35009400000.0 8092600.0 174728000000.0 238606000000.0 0.0 0.0 857685000.0 122294000000.0 2197990000.0 2763040000.0 34469700.0 -2.62 [-2.62]
30903000000000.0 346719000000000.0 595443000000.0 412215000000.0 1597380000.0 213874000000.0 31348000000.0 6694240.0 177296000000.0 213929000000.0 0.0 0.0 827610000.0 117570000000.0 1966230000.0 2472590000.0 29702200.0 -2.6 [-2.6]
30903000000000.0 331208000000000.0 580672000000.0 385341000000.0 1386040000.0 206646000000.0 28042600000.0 5532870.0 179762000000.0 191570000000.0 0.0 0.0 798427000.0 113016000000.0 1757940000.0 2211750000.0 25615400.0 -2.58 [-2.58]
