Cloudy_runs/pg1116/z=0.138527/logZ=1/component_III_PI_nH/component_III_PI_nH_col_density_param.txt
# %ECSV 1.0
# ---
# datatype:
# - {name: H, datatype: float64}
# - {name: H+, datatype: float64}
# - {name: C+, datatype: float64}
# - {name: C+2, datatype: float64}
# - {name: C+3, datatype: float64}
# - {name: N+, datatype: float64}
# - {name: N+2, datatype: float64}
# - {name: N+4, datatype: float64}
# - {name: O, datatype: float64}
# - {name: O+2, datatype: float64}
# - {name: O+5, datatype: float64}
# - {name: O+6, datatype: float64}
# - {name: P+, datatype: float64}
# - {name: Si+, datatype: float64}
# - {name: Si+2, datatype: float64}
# - {name: Si+3, datatype: float64}
# - {name: Si+4, datatype: float64}
# - {name: log_nH, datatype: float64}
# - {name: parameters, datatype: string, subtype: 'float64[1]'}
# schema: astropy-2.0
H H+ C+ C+2 C+3 N+ N+2 N+4 O O+2 O+5 O+6 P+ Si+ Si+2 Si+3 Si+4 log_nH parameters
[from data line 181]
1.09648e+16 9149510000000000.0 43757200000000.0 2569780000000.0 198209000.0 7163820000000.0 13642800000.0 0.0 69563500000000.0 56389400000.0 0.0 0.0 49954000000.0 6256590000000.0 1407580000.0 1887520000.0 10246900.0 -1.38 [-1.38]
1.09648e+16 8829270000000000.0 42882700000000.0 2427090000000.0 179189000.0 6906580000000.0 12407100000.0 0.0 69304100000000.0 50675800000.0 0.0 0.0 49164400000.0 6148250000000.0 1303260000.0 1747710000.0 9463310.0 -1.36 [-1.36]
1.09648e+16 8522370000000000.0 42032900000000.0 2293150000000.0 162156000.0 6659220000000.0 11288700000.0 0.0 69044700000000.0 45568700000.0 0.0 0.0 48406700000.0 6044130000000.0 1207600000.0 1619450000.0 8746900.0 -1.34 [-1.34]
1.09648e+16 8228080000000000.0 41206400000000.0 2167300000000.0 146884000.0 6421240000000.0 10275800000.0 0.0 68785600000000.0 41000100000.0 0.0 0.0 47679100000.0 5943980000000.0 1119790000.0 1501680000.0 8091140.0 -1.32 [-1.32]
1.09648e+16 7945670000000000.0 40401800000000.0 2048970000000.0 133172000.0 6192160000000.0 9357610000.0 0.0 68526900000000.0 36909600000.0 0.0 0.0 46980000000.0 5847560000000.0 1039110000.0 1393420000.0 7490250.0 -1.3 [-1.3]
1.09648e+16 7674650000000000.0 39618200000000.0 1937670000000.0 120850000.0 5971680000000.0 8525100000.0 0.0 68269000000000.0 33245600000.0 0.0 0.0 46308100000.0 5754710000000.0 964923000.0 1293840000.0 6939180.0 -1.28 [-1.28]
1.09648e+16 7414620000000000.0 38855100000000.0 1833000000000.0 109768000.0 5759600000000.0 7770050000.0 0.0 68012100000000.0 29963200000.0 0.0 0.0 45662700000.0 5665320000000.0 896663000.0 1202190000.0 6433460.0 -1.26 [-1.26]
1.09648e+16 7165850000000000.0 38114800000000.0 1734840000000.0 99809100.0 5556550000000.0 7086110000.0 0.0 67755200000000.0 27029500000.0 0.0 0.0 45044800000.0 5579510000000.0 833901000.0 1117890000.0 5969530.0 -1.24 [-1.24]
1.09648e+16 6927410000000000.0 37394300000000.0 1642570000000.0 90839500.0 5361490000000.0 6465590000.0 0.0 67500400000000.0 24399800000.0 0.0 0.0 44451900000.0 5496950000000.0 776090000.0 1040210000.0 5543220.0 -1.22 [-1.22]
1.09648e+16 6698440000000000.0 36692000000000.0 1555690000000.0 82746800.0 5173920000000.0 5901930000.0 0.0 67246800000000.0 22039800000.0 0.0 0.0 43882000000.0 5417370000000.0 722763000.0 968538000.0 5150910.0 -1.2 [-1.2]
1.09648e+16 6478190000000000.0 36005800000000.0 1473710000000.0 75432400.0 4993120000000.0 5389250000.0 0.0 66995100000000.0 19917600000.0 0.0 0.0 43332900000.0 5340500000000.0 673498000.0 902321000.0 4789390.0 -1.18 [-1.18]
1.09648e+16 6266630000000000.0 35336200000000.0 1396440000000.0 68820600.0 4819170000000.0 4923150000.0 0.0 66745600000000.0 18010300000.0 0.0 0.0 42805000000.0 5266340000000.0 627986000.0 841140000.0 4456190.0 -1.16 [-1.16]
1.09648e+16 6063140000000000.0 34681600000000.0 1323520000000.0 62835000.0 4651590000000.0 4498960000.0 0.0 66498500000000.0 16294000000.0 0.0 0.0 42296500000.0 5194690000000.0 585890000.0 784546000.0 4148710.0 -1.14 [-1.14]
1.09648e+16 5867300000000000.0 34041500000000.0 1254650000000.0 57410700.0 4490090000000.0 4112700000.0 0.0 66253900000000.0 14748500000.0 0.0 0.0 41806600000.0 5125410000000.0 546920000.0 732154000.0 3864730.0 -1.12 [-1.12]
1.09648e+16 5678980000000000.0 33415600000000.0 1189650000000.0 52493200.0 4334570000000.0 3761000000.0 0.0 66012100000000.0 13356600000.0 0.0 0.0 41334900000.0 5058460000000.0 510833000.0 683638000.0 3602350.0 -1.1 [-1.1]
1.09648e+16 5497670000000000.0 32803100000000.0 1128230000000.0 48029500.0 4184760000000.0 3440530000.0 0.0 65772600000000.0 12102300000.0 0.0 0.0 40880200000.0 4993670000000.0 477382000.0 638664000.0 3359660.0 -1.08 [-1.08]
1.09648e+16 5323110000000000.0 32203300000000.0 1070170000000.0 43974400.0 4040390000000.0 3148390000.0 0.0 65536200000000.0 10971000000.0 0.0 0.0 40441800000.0 4930970000000.0 446356000.0 596951000.0 3135060.0 -1.06 [-1.06]
1.09648e+16 5154990000000000.0 31615900000000.0 1015270000000.0 40287500.0 3901260000000.0 2881990000.0 0.0 65302600000000.0 9950270000.0 0.0 0.0 40019100000.0 4870250000000.0 417558000.0 558237000.0 2927030.0 -1.04 [-1.04]
1.09648e+16 4993050000000000.0 31040200000000.0 963346000000.0 36932800.0 3767190000000.0 2638970000.0 0.0 65072000000000.0 9028810000.0 0.0 0.0 39611500000.0 4811430000000.0 390811000.0 522283000.0 2734240.0 -1.02 [-1.02]
1.09648e+16 4837070000000000.0 30476100000000.0 914233000000.0 33878200.0 3638040000000.0 2417230000.0 0.0 64844500000000.0 8196800000.0 0.0 0.0 39218400000.0 4754430000000.0 365958000.0 488877000.0 2555450.0 -1.0 [-1.0]
1.09648e+16 4686710000000000.0 29922800000000.0 867737000000.0 31094100.0 3513540000000.0 2214770000.0 0.0 64620100000000.0 7444800000.0 0.0 0.0 38838900000.0 4699150000000.0 342843000.0 457812000.0 2389510.0 -0.98 [-0.98]
1.09648e+16 4541870000000000.0 29380300000000.0 823743000000.0 28555600.0 3393610000000.0 2029930000.0 0.0 64399000000000.0 6765160000.0 0.0 0.0 38473000000.0 4645560000000.0 321340000.0 428916000.0 2235450.0 -0.96 [-0.96]
1.09648e+16 4402170000000000.0 28847700000000.0 782064000000.0 26238300.0 3277980000000.0 1861040000.0 0.0 64181000000000.0 6150280000.0 0.0 0.0 38119500000.0 4593520000000.0 301316000.0 402012000.0 2092270.0 -0.94 [-0.94]
1.09648e+16 4267460000000000.0 28324900000000.0 742587000000.0 24121900.0 3166550000000.0 1706710000.0 0.0 63966300000000.0 5593870000.0 0.0 0.0 37778300000.0 4543000000000.0 282663000.0 376955000.0 1959150.0 -0.92 [-0.92]
1.09648e+16 4137530000000000.0 27811700000000.0 705180000000.0 22187600.0 3059140000000.0 1565620000.0 0.0 63763700000000.0 5085790000.0 0.0 0.0 37448700000.0 4493930000000.0 265275000.0 353602000.0 1835300.0 -0.9 [-0.9]
1.09648e+16 4012330000000000.0 27307800000000.0 669742000000.0 20419000.0 2955660000000.0 1436630000.0 0.0 63627700000000.0 4596630000.0 0.0 0.0 37130800000.0 4446280000000.0 249064000.0 331834000.0 1720050.0 -0.88 [-0.88]
1.09648e+16 3891620000000000.0 26813200000000.0 636160000000.0 18800700.0 2855970000000.0 1318670000.0 0.0 63535000000000.0 4136310000.0 0.0 0.0 36823900000.0 4400000000000.0 233940000.0 311530000.0 1612730.0 -0.86 [-0.86]
1.09648e+16 3775040000000000.0 26326700000000.0 604298000000.0 17318300.0 2759790000000.0 1210690000.0 0.0 63440200000000.0 3721540000.0 0.0 0.0 36527200000.0 4354940000000.0 219815000.0 292573000.0 1512690.0 -0.84 [-0.84]
1.09648e+16 3662530000000000.0 25848600000000.0 574088000000.0 15960100.0 2667100000000.0 1111860000.0 0.0 63340800000000.0 3349200000.0 0.0 0.0 36240400000.0 4311100000000.0 206622000.0 274870000.0 1419420.0 -0.82 [-0.82]
1.09648e+16 3553850000000000.0 25378500000000.0 545426000000.0 14714500.0 2577730000000.0 1021360000.0 0.0 63220500000000.0 3020910000.0 0.0 0.0 35963000000.0 4268400000000.0 194289000.0 258327000.0 1332390.0 -0.8 [-0.8]
1.09648e+16 3448800000000000.0 24915800000000.0 518218000000.0 13571500.0 2491500000000.0 938444000.0 0.0 63060800000000.0 2738480000.0 0.0 0.0 35694500000.0 4226780000000.0 182754000.0 242859000.0 1251130.0 -0.78 [-0.78]
1.09648e+16 3346980000000000.0 24459100000000.0 492316000000.0 12520700.0 2408060000000.0 862368000.0 0.0 62886700000000.0 2487730000.0 0.0 0.0 35433800000.0 4186060000000.0 171951000.0 228378000.0 1175180.0 -0.76 [-0.76]
1.09648e+16 3248980000000000.0 24011400000000.0 467820000000.0 11557200.0 2327900000000.0 792769000.0 0.0 62715000000000.0 2261240000.0 0.0 0.0 35182600000.0 4146530000000.0 161851000.0 214844000.0 1104290.0 -0.74 [-0.74]
1.09648e+16 3154150000000000.0 23570300000000.0 444532000000.0 10671300.0 2250500000000.0 728926000.0 0.0 62545000000000.0 2055950000.0 0.0 0.0 34939300000.0 4107900000000.0 152390000.0 202169000.0 1037990.0 -0.72 [-0.72]
1.09648e+16 3061980000000000.0 23133600000000.0 422304000000.0 9854860.0 2175450000000.0 670247000.0 0.0 62376600000000.0 1869290000.0 0.0 0.0 34702100000.0 4069960000000.0 143511000.0 190281000.0 975899.0 -0.7 [-0.7]
1.09648e+16 2973820000000000.0 22708500000000.0 401409000000.0 9107250.0 2103810000000.0 616676000.0 0.0 62211300000000.0 1701280000.0 0.0 0.0 34475500000.0 4033360000000.0 135216000.0 179177000.0 917971.0 -0.68 [-0.68]
1.09648e+16 2888060000000000.0 22287300000000.0 381445000000.0 8417380.0 2034280000000.0 567391000.0 0.0 62047600000000.0 1548300000.0 0.0 0.0 34254400000.0 3997360000000.0 127425000.0 168751000.0 863656.0 -0.66 [-0.66]
1.09648e+16 2805190000000000.0 21872900000000.0 362491000000.0 7782330.0 1967260000000.0 522174000.0 0.0 61886300000000.0 1409610000.0 0.0 0.0 34040600000.0 3962210000000.0 120117000.0 158976000.0 812799.0 -0.64 [-0.64]
1.09648e+16 2724930000000000.0 21464300000000.0 344462000000.0 7197060.0 1902510000000.0 480646000.0 0.0 61726900000000.0 1283680000.0 0.0 0.0 33833100000.0 3927770000000.0 113257000.0 149804000.0 765140.0 -0.62 [-0.62]
1.09648e+16 2647400000000000.0 21062400000000.0 327354000000.0 6657990.0 1840120000000.0 442537000.0 0.0 61569900000000.0 1169480000.0 0.0 0.0 33632400000.0 3894150000000.0 106819000.0 141201000.0 720487.0 -0.6 [-0.6]
1.09648e+16 2572290000000000.0 20666100000000.0 311080000000.0 6160780.0 1779860000000.0 407520000.0 0.0 61415100000000.0 1065730000.0 0.0 0.0 33437700000.0 3861190000000.0 100771000.0 133122000.0 678609.0 -0.58 [-0.58]
1.09648e+16 2499600000000000.0 20275700000000.0 295609000000.0 5702140.0 1721690000000.0 375349000.0 0.0 61262600000000.0 971477000.0 0.0 0.0 33249000000.0 3828910000000.0 95088500.0 125535000.0 639326.0 -0.56 [-0.56]
1.09648e+16 2429080000000000.0 19890200000000.0 280874000000.0 5278560.0 1665420000000.0 345759000.0 0.0 61112200000000.0 885717000.0 0.0 0.0 33065500000.0 3797200000000.0 89744900.0 118404000.0 602446.0 -0.54 [-0.54]
1.09648e+16 2360780000000000.0 19510300000000.0 266864000000.0 4887580.0 1611100000000.0 318562000.0 0.0 60963800000000.0 807807000.0 0.0 0.0 32887600000.0 3766100000000.0 84720700.0 111702000.0 567826.0 -0.52 [-0.52]
1.09648e+16 2294730000000000.0 19136600000000.0 253563000000.0 0.0 1558730000000.0 293575000.0 0.0 60817900000000.0 737024000.0 0.0 0.0 32715300000.0 3735650000000.0 79997100.0 105405000.0 0.0 -0.5 [-0.5]
1.09648e+16 2230890000000000.0 18769000000000.0 240936000000.0 0.0 1508250000000.0 270612000.0 0.0 60674600000000.0 672724000.0 0.0 0.0 32548600000.0 3705830000000.0 75554900.0 99484900.0 0.0 -0.48 [-0.48]
1.09648e+16 2168990000000000.0 18406500000000.0 228919000000.0 0.0 1459470000000.0 249483000.0 0.0 60533400000000.0 614189000.0 0.0 0.0 32386600000.0 3676520000000.0 71373100.0 93915000.0 0.0 -0.46 [-0.46]
1.09648e+16 2108950000000000.0 18049000000000.0 217485000000.0 0.0 1412320000000.0 230040000.0 0.0 60394400000000.0 560902000.0 0.0 0.0 32229300000.0 3647700000000.0 67435600.0 88673400.0 0.0 -0.44 [-0.44]
1.09648e+16 2050860000000000.0 17697100000000.0 206620000000.0 0.0 1366820000000.0 212154000.0 0.0 60257900000000.0 512416000.0 0.0 0.0 32076800000.0 3619420000000.0 63728100.0 83740400.0 0.0 -0.42 [-0.42]
1.09648e+16 1994510000000000.0 17350100000000.0 196282000000.0 0.0 1322850000000.0 195688000.0 0.0 60123600000000.0 468248000.0 0.0 0.0 31928700000.0 3591590000000.0 60235200.0 79095400.0 0.0 -0.4 [-0.4]
1.09648e+16 1939910000000000.0 17008300000000.0 186452000000.0 0.0 1280370000000.0 180530000.0 0.0 59991600000000.0 428017000.0 0.0 0.0 31785000000.0 3564220000000.0 56944100.0 74721100.0 0.0 -0.38 [-0.38]
1.09648e+16 1887210000000000.0 16672800000000.0 177138000000.0 0.0 1239480000000.0 166596000.0 0.0 59862600000000.0 391419000.0 0.0 0.0 31646200000.0 3537430000000.0 53845200.0 70604700.0 0.0 -0.36 [-0.36]
1.09648e+16 1835470000000000.0 16338600000000.0 168186000000.0 0.0 1199590000000.0 153704000.0 0.0 59733800000000.0 357906000.0 0.0 0.0 31509100000.0 3510650000000.0 50915000.0 66714400.0 0.0 -0.34 [-0.34]
1.09648e+16 1785660000000000.0 16011400000000.0 159725000000.0 0.0 1161250000000.0 141862000.0 0.0 59608500000000.0 327437000.0 0.0 0.0 31377300000.0 3484510000000.0 48156500.0 63054300.0 0.0 -0.32 [-0.32]
1.09648e+16 1737350000000000.0 15688700000000.0 151674000000.0 0.0 1124180000000.0 130949000.0 0.0 59485300000000.0 299653000.0 0.0 0.0 31249200000.0 3458730000000.0 45554500.0 59603600.0 0.0 -0.3 [-0.3]
1.09648e+16 1690460000000000.0 15370200000000.0 144012000000.0 0.0 1088320000000.0 120890000.0 0.0 59364300000000.0 274308000.0 0.0 0.0 31124600000.0 3433290000000.0 43099300.0 56349500.0 0.0 -0.28 [-0.28]
1.09648e+16 1645020000000000.0 15057000000000.0 136731000000.0 0.0 1053700000000.0 111622000.0 0.0 59245600000000.0 251175000.0 0.0 0.0 31003700000.0 3408230000000.0 40782200.0 53280300.0 0.0 -0.26 [-0.26]
1.09648e+16 1600890000000000.0 14748700000000.0 129805000000.0 0.0 1020220000000.0 103079000.0 0.0 59129000000000.0 230053000.0 0.0 0.0 30886100000.0 3383470000000.0 38594700.0 50384600.0 0.0 -0.24 [-0.24]
1.09648e+16 1558060000000000.0 14444900000000.0 123218000000.0 0.0 987850000000.0 95202200.0 0.0 59014600000000.0 210764000.0 0.0 0.0 30771700000.0 3359010000000.0 36529300.0 47652000.0 0.0 -0.22 [-0.22]
1.09648e+16 1516480000000000.0 14145600000000.0 116953000000.0 0.0 956544000000.0 87938000.0 0.0 58902200000000.0 193144000.0 0.0 0.0 30660400000.0 3334840000000.0 34578700.0 45072800.0 0.0 -0.2 [-0.2]
1.09648e+16 1476370000000000.0 13852500000000.0 111024000000.0 0.0 926411000000.0 81252300.0 0.0 58792900000000.0 177082000.0 0.0 0.0 30553200000.0 3311150000000.0 32738600.0 42641400.0 0.0 -0.18 [-0.18]
1.09648e+16 1437080000000000.0 13561600000000.0 105344000000.0 0.0 897061000000.0 75065600.0 0.0 58684500000000.0 162346000.0 0.0 0.0 30447500000.0 3287440000000.0 30996600.0 40341000.0 0.0 -0.16 [-0.16]
1.09648e+16 1399010000000000.0 13275600000000.0 99953500000.0 0.0 868724000000.0 69362300.0 0.0 58578300000000.0 148894000.0 0.0 0.0 30344900000.0 3264050000000.0 29351400.0 38169500.0 0.0 -0.14 [-0.14]
1.09648e+16 1362030000000000.0 12994000000000.0 94826900000.0 0.0 841310000000.0 64099400.0 0.0 58474300000000.0 136590000.0 0.0 0.0 30245200000.0 3240880000000.0 27796200.0 36118300.0 0.0 -0.12 [-0.12]
1.09648e+16 1325990000000000.0 12715800000000.0 89937000000.0 0.0 814712000000.0 59235700.0 0.0 58371700000000.0 125325000.0 0.0 0.0 30147500000.0 3217810000000.0 26324700.0 34178600.0 0.0 -0.1 [-0.1]
1.09648e+16 1291280000000000.0 12443800000000.0 85319300000.0 0.0 789129000000.0 54759100.0 0.0 58272200000000.0 115041000.0 0.0 0.0 30053700000.0 3195210000000.0 24935900.0 32349200.0 0.0 -0.08 [-0.08]
1.09648e+16 1257380000000000.0 12175000000000.0 80912400000.0 0.0 764288000000.0 50620000.0 0.0 58174000000000.0 105616000.0 0.0 0.0 29961600000.0 3172660000000.0 23621200.0 30618500.0 0.0 -0.06 [-0.06]
1.09648e+16 1224450000000000.0 11910400000000.0 76721800000.0 0.0 740245000000.0 46798100.0 0.0 58077900000000.0 96986400.0 0.0 0.0 29872000000.0 3150280000000.0 22377700.0 28982400.0 0.0 -0.04 [-0.04]
1.09648e+16 1192450000000000.0 11649900000000.0 72737900000.0 0.0 716972000000.0 43269000.0 0.0 57983500000000.0 89084700.0 0.0 0.0 29784600000.0 3128070000000.0 21201300.0 27435700.0 0.0 -0.02 [-0.02]
1.09648e+16 1161180000000000.0 11392400000000.0 68935600000.0 0.0 694360000000.0 40004500.0 0.0 57890600000000.0 81832900.0 0.0 0.0 29698800000.0 3105850000000.0 20087100.0 25971700.0 0.0 -0.0 [-0.0]
1.09648e+16 1131110000000000.0 11141300000000.0 65351500000.0 0.0 672636000000.0 36999200.0 0.0 57800600000000.0 75214300.0 0.0 0.0 29616700000.0 3084100000000.0 19034900.0 24590200.0 0.0 0.02 [0.02]
1.09648e+16 1101720000000000.0 10893000000000.0 61929900000.0 0.0 651517000000.0 34218000.0 0.0 57711800000000.0 69135500.0 0.0 0.0 29535900000.0 3062320000000.0 18038000.0 23282000.0 0.0 0.04 [0.04]
1.09648e+16 1073160000000000.0 10648800000000.0 58679200000.0 0.0 631075000000.0 31648700.0 0.0 57624900000000.0 63563700.0 0.0 0.0 29457200000.0 3040660000000.0 17094300.0 22044500.0 0.0 0.06 [0.06]
1.09648e+16 1045380000000000.0 10408400000000.0 55589400000.0 0.0 611274000000.0 29274500.0 0.0 57539700000000.0 58453800.0 0.0 0.0 29380400000.0 3019110000000.0 16200800.0 20873700.0 0.0 0.08 [0.08]
