Cloudy_runs/pg1116/z=0.138527/logZ=1/component_III_PI_nH/component_III_PI_nH_col_density_param.txt
# %ECSV 1.0
# ---
# datatype:
# - {name: H, datatype: float64}
# - {name: H+, datatype: float64}
# - {name: C+, datatype: float64}
# - {name: C+2, datatype: float64}
# - {name: C+3, datatype: float64}
# - {name: N+, datatype: float64}
# - {name: N+2, datatype: float64}
# - {name: N+4, datatype: float64}
# - {name: O, datatype: float64}
# - {name: O+2, datatype: float64}
# - {name: O+5, datatype: float64}
# - {name: O+6, datatype: float64}
# - {name: P+, datatype: float64}
# - {name: Si+, datatype: float64}
# - {name: Si+2, datatype: float64}
# - {name: Si+3, datatype: float64}
# - {name: Si+4, datatype: float64}
# - {name: log_nH, datatype: float64}
# - {name: parameters, datatype: string, subtype: 'float64[1]'}
# schema: astropy-2.0
H H+ C+ C+2 C+3 N+ N+2 N+4 O O+2 O+5 O+6 P+ Si+ Si+2 Si+3 Si+4 log_nH parameters
[from data line 57]
1.09647e+16 2.50775e+18 473486000000000.0 5176460000000000.0 989592000000000.0 102111000000000.0 1094440000000000.0 52679300000000.0 2418510000000.0 7597660000000000.0 8573450000000.0 172432000000.0 1129020000000.0 157597000000000.0 149480000000000.0 342217000000000.0 156874000000000.0 -3.86 [-3.86]
1.09647e+16 2.36854e+18 468943000000000.0 4914690000000000.0 899037000000000.0 104477000000000.0 1046100000000000.0 45632200000000.0 2675150000000.0 7283660000000000.0 7052500000000.0 135383000000.0 1133790000000.0 162426000000000.0 143247000000000.0 319556000000000.0 137625000000000.0 -3.84 [-3.84]
1.09647e+16 2.23748e+18 464361000000000.0 4665010000000000.0 816098000000000.0 106798000000000.0 998957000000000.0 39502300000000.0 2954350000000.0 6972820000000000.0 5794590000000.0 106186000000.0 1136320000000.0 166838000000000.0 136848000000000.0 297740000000000.0 120444000000000.0 -3.82 [-3.82]
1.09647e+16 2.11408e+18 459762000000000.0 4426970000000000.0 740176000000000.0 109068000000000.0 953051000000000.0 34174000000000.0 3257550000000.0 6665990000000000.0 4755410000000.0 83201700000.0 1136730000000.0 170801000000000.0 130337000000000.0 276818000000000.0 105155000000000.0 -3.8 [-3.8]
1.09647e+16 1.998e+18 455171000000000.0 4200350000000000.0 670788000000000.0 111283000000000.0 908473000000000.0 29550900000000.0 3585770000000.0 6364230000000000.0 3898590000000.0 65140500000.0 1135160000000.0 174279000000000.0 123770000000000.0 256853000000000.0 91605200000000.0 -3.78 [-3.78]
1.09647e+16 1.88878e+18 450602000000000.0 3984660000000000.0 607402000000000.0 113439000000000.0 865246000000000.0 25541200000000.0 3940410000000.0 6068200000000000.0 3192790000000.0 50959300000.0 1131740000000.0 177250000000000.0 117193000000000.0 237863000000000.0 79637900000000.0 -3.76 [-3.76]
1.09647e+16 1.78599e+18 446066000000000.0 3779420000000000.0 549511000000000.0 115531000000000.0 823380000000000.0 22064700000000.0 4322850000000.0 5778410000000000.0 2611960000000.0 39833800000.0 1126600000000.0 179708000000000.0 110661000000000.0 219865000000000.0 69081600000000.0 -3.74 [-3.74]
1.09647e+16 1.68926e+18 441579000000000.0 3584220000000000.0 496688000000000.0 117558000000000.0 782901000000000.0 19052800000000.0 4734290000000.0 5495510000000000.0 2134590000000.0 31115100000.0 1119870000000.0 181642000000000.0 104215000000000.0 202864000000000.0 59803200000000.0 -3.72 [-3.72]
1.09647e+16 1.59826e+18 437155000000000.0 3398680000000000.0 448536000000000.0 119513000000000.0 743829000000000.0 16445400000000.0 5175900000000.0 5220070000000000.0 1742780000000.0 24289900000.0 1111710000000.0 183052000000000.0 97897700000000.0 186865000000000.0 51671300000000.0 -3.7 [-3.7]
1.09647e+16 1.51266e+18 432807000000000.0 3222430000000000.0 404684000000000.0 121395000000000.0 706175000000000.0 14189900000000.0 5648710000000.0 4952590000000000.0 1421610000000.0 18952400000.0 1102240000000.0 183945000000000.0 91744800000000.0 171860000000000.0 44565500000000.0 -3.68 [-3.68]
1.09647e+16 1.43217e+18 428544000000000.0 3055080000000000.0 364791000000000.0 123199000000000.0 669942000000000.0 12240000000000.0 6153640000000.0 4693510000000000.0 1158670000000.0 14782000000.0 1091610000000.0 184334000000000.0 85787500000000.0 157833000000000.0 38372800000000.0 -3.66 [-3.66]
1.09647e+16 1.35647e+18 424372000000000.0 2896230000000000.0 328537000000000.0 124921000000000.0 635121000000000.0 10555300000000.0 6691570000000.0 4443140000000000.0 943634000000.0 11525800000.0 1079950000000.0 184237000000000.0 80050400000000.0 144759000000000.0 32989400000000.0 -3.64 [-3.64]
1.09647e+16 1.2853e+18 420299000000000.0 2745540000000000.0 295629000000000.0 126559000000000.0 601705000000000.0 9100500000000.0 7263170000000.0 4201780000000000.0 767979000000.0 8985360000.0 1067390000000.0 183679000000000.0 74554500000000.0 132612000000000.0 28321100000000.0 -3.62 [-3.62]
1.09647e+16 1.21838e+18 416325000000000.0 2602620000000000.0 265792000000000.0 128109000000000.0 569674000000000.0 7844840000000.0 7869080000000.0 3969610000000000.0 624627000000.0 7004280000.0 1054020000000.0 182688000000000.0 69313500000000.0 121354000000000.0 24281900000000.0 -3.6 [-3.6]
1.09647e+16 1.15546e+18 412446000000000.0 2467090000000000.0 238769000000000.0 129567000000000.0 539002000000000.0 6761410000000.0 8509770000000.0 3746720000000000.0 507739000000.0 5459980000.0 1039960000000.0 181294000000000.0 64337400000000.0 110947000000000.0 20794000000000.0 -3.58 [-3.58]
1.09647e+16 1.09629e+18 408664000000000.0 2338610000000000.0 214321000000000.0 130932000000000.0 509663000000000.0 5826860000000.0 9185610000000.0 3533170000000000.0 412506000000.0 4256520000.0 1025290000000.0 179533000000000.0 59631400000000.0 101346000000000.0 17788700000000.0 -3.56 [-3.56]
1.09648e+16 1.04064e+18 404973000000000.0 2216820000000000.0 192229000000000.0 132202000000000.0 481623000000000.0 5020950000000.0 9896820000000.0 3328950000000000.0 334975000000.0 3318850000.0 1010110000000.0 177435000000000.0 55196400000000.0 92508200000000.0 15207100000000.0 -3.54 [-3.54]
1.09648e+16 9.88293e+17 401368000000000.0 2101400000000000.0 172286000000000.0 133372000000000.0 454846000000000.0 4326110000000.0 10643500000000.0 3133970000000000.0 271894000000.0 2588320000.0 994492000000.0 175038000000000.0 51030300000000.0 84386400000000.0 12993100000000.0 -3.52 [-3.52]
1.09648e+16 9.39044e+17 397846000000000.0 1992010000000000.0 154303000000000.0 134443000000000.0 429299000000000.0 3727140000000.0 11425500000000.0 2948150000000000.0 220606000000.0 2019220000.0 978508000000.0 172377000000000.0 47129300000000.0 76936400000000.0 11096900000000.0 -3.5 [-3.5]
1.09648e+16 8.92672e+17 394389000000000.0 1888300000000000.0 138100000000000.0 135410000000000.0 404928000000000.0 3210700000000.0 12243000000000.0 2771210000000000.0 178911000000.0 1575660000.0 962196000000.0 169487000000000.0 43483900000000.0 70109500000000.0 9474050000000.0 -3.48 [-3.48]
1.09648e+16 8.49002e+17 390992000000000.0 1790000000000000.0 123517000000000.0 136273000000000.0 381699000000000.0 2765530000000.0 13095600000000.0 2603010000000000.0 145037000000.0 1229960000.0 945622000000.0 166399000000000.0 40086200000000.0 63862800000000.0 8086650000000.0 -3.46 [-3.46]
1.09648e+16 8.07896e+17 387667000000000.0 1696890000000000.0 110407000000000.0 137031000000000.0 359591000000000.0 2382040000000.0 13982200000000.0 2443450000000000.0 117550000000.0 960652000.0 928876000000.0 163150000000000.0 36929800000000.0 58158100000000.0 6902290000000.0 -3.44 [-3.44]
1.09648e+16 7.69105e+17 384364000000000.0 1608510000000000.0 98623500000000.0 137680000000000.0 338517000000000.0 2051190000000.0 14903700000000.0 2291940000000000.0 95214600000.0 750437000.0 911908000000.0 159763000000000.0 33995000000000.0 52943200000000.0 5890110000000.0 -3.42 [-3.42]
1.09648e+16 7.32502e+17 381083000000000.0 1524680000000000.0 88043600000000.0 138219000000000.0 318449000000000.0 1765910000000.0 15859300000000.0 2148300000000000.0 77083200000.0 0.0 894779000000.0 156265000000000.0 31272600000000.0 48182600000000.0 5025990000000.0 -3.4 [-3.4]
1.09648e+16 6.97972e+17 377836000000000.0 1445190000000000.0 78553400000000.0 138648000000000.0 299364000000000.0 1520060000000.0 16847300000000.0 2012380000000000.0 62380600000.0 0.0 877567000000.0 152684000000000.0 28753600000000.0 43842600000000.0 4289060000000.0 -3.38 [-3.38]
1.09648e+16 6.65324e+17 374583000000000.0 1369710000000000.0 70041600000000.0 138962000000000.0 281194000000000.0 1307960000000.0 17868300000000.0 1883650000000000.0 50446900000.0 0.0 860232000000.0 149037000000000.0 26420600000000.0 39882600000000.0 3659930000000.0 -3.36 [-3.36]
1.09648e+16 6.34513e+17 371358000000000.0 1298160000000000.0 62420900000000.0 139165000000000.0 263943000000000.0 1125290000000.0 18919300000000.0 1762140000000000.0 40783900000.0 0.0 842901000000.0 145353000000000.0 24268800000000.0 36278500000000.0 3123970000000.0 -3.34 [-3.34]
1.09648e+16 6.05376e+17 368131000000000.0 1230260000000000.0 55598400000000.0 139252000000000.0 247552000000000.0 967821000000.0 20000300000000.0 1647370000000000.0 32953300000.0 0.0 825545000000.0 141644000000000.0 22282300000000.0 32995500000000.0 2666900000000.0 -3.32 [-3.32]
1.09648e+16 5.77838e+17 364914000000000.0 1165860000000000.0 49497300000000.0 139226000000000.0 232000000000000.0 832193000000.0 21109000000000.0 1539170000000000.0 26615600000.0 0.0 808233000000.0 137932000000000.0 20452500000000.0 30008800000000.0 2277460000000.0 -3.3 [-3.3]
1.09648e+16 5.51726e+17 361655000000000.0 1104650000000000.0 44038700000000.0 139080000000000.0 217219000000000.0 715182000000.0 22245900000000.0 1436970000000000.0 21478200000.0 0.0 790890000000.0 134219000000000.0 18762600000000.0 27286000000000.0 1944970000000.0 -3.28 [-3.28]
1.09648e+16 5.26982e+17 358371000000000.0 1046520000000000.0 39160400000000.0 138817000000000.0 203193000000000.0 614335000000.0 23409000000000.0 1340610000000000.0 17319900000.0 0.0 773586000000.0 130524000000000.0 17205400000000.0 24807000000000.0 1661340000000.0 -3.26 [-3.26]
1.09648e+16 5.03513e+17 355052000000000.0 991300000000000.0 34802900000000.0 138434000000000.0 189891000000000.0 527432000000.0 24596400000000.0 1249800000000000.0 13955900000.0 0.0 756331000000.0 126855000000000.0 15770800000000.0 22549900000000.0 1419380000000.0 -3.24 [-3.24]
1.09648e+16 4.81242e+17 351693000000000.0 938834000000000.0 30913000000000.0 137933000000000.0 177283000000000.0 452563000000.0 25806600000000.0 1164280000000000.0 11236000000.0 0.0 739147000000.0 123222000000000.0 14449800000000.0 20495100000000.0 1212920000000.0 -3.22 [-3.22]
1.09648e+16 4.60091e+17 348288000000000.0 888979000000000.0 27442700000000.0 137312000000000.0 165341000000000.0 388077000000.0 27037800000000.0 1083780000000000.0 9038170000.0 0.0 722049000000.0 119633000000000.0 13233700000000.0 18624400000000.0 1036720000000.0 -3.2 [-3.2]
1.09648e+16 4.39987e+17 344830000000000.0 841592000000000.0 24347800000000.0 136572000000000.0 154038000000000.0 332549000000.0 28288300000000.0 1008040000000000.0 7263250000.0 0.0 705045000000.0 116092000000000.0 12114500000000.0 16921300000000.0 886312000000.0 -3.18 [-3.18]
1.09648e+16 4.20864e+17 341312000000000.0 796545000000000.0 21589200000000.0 135712000000000.0 143346000000000.0 284754000000.0 29556000000000.0 936809000000000.0 5830880000.0 0.0 688149000000.0 112605000000000.0 11084600000000.0 15370600000000.0 757879000000.0 -3.16 [-3.16]
1.09648e+16 4.0266e+17 337728000000000.0 753716000000000.0 19131400000000.0 134732000000000.0 133241000000000.0 243629000000.0 30839200000000.0 869859000000000.0 4675820000.0 0.0 671371000000.0 109176000000000.0 10137100000000.0 13958600000000.0 648182000000.0 -3.14 [-3.14]
1.09648e+16 3.85319e+17 334075000000000.0 712991000000000.0 16942800000000.0 133634000000000.0 123699000000000.0 208263000000.0 32135600000000.0 806963000000000.0 3745160000.0 0.0 654721000000.0 105808000000000.0 9265590000000.0 12673000000000.0 554469000000.0 -3.12 [-3.12]
1.09648e+16 3.68768e+17 330327000000000.0 674229000000000.0 14994100000000.0 132414000000000.0 114688000000000.0 177841000000.0 33444500000000.0 747835000000000.0 2995360000.0 0.0 638174000000.0 102499000000000.0 8463030000000.0 11501200000000.0 474320000000.0 -3.1 [-3.1]
1.09648e+16 3.52997e+17 326517000000000.0 637399000000000.0 13261500000000.0 131082000000000.0 106205000000000.0 151733000000.0 34761100000000.0 692423000000000.0 2392990000.0 0.0 621809000000.0 99260200000000.0 7726300000000.0 10435400000000.0 405883000000.0 -3.08 [-3.08]
1.09648e+16 3.3794e+17 322623000000000.0 602370000000000.0 11721100000000.0 129634000000000.0 98218200000000.0 129320000000.0 36084700000000.0 640456000000000.0 1909070000.0 0.0 605597000000.0 96087400000000.0 7049100000000.0 9464860000000.0 347374000000.0 -3.06 [-3.06]
1.09648e+16 3.23554e+17 318640000000000.0 569054000000000.0 10352300000000.0 128074000000000.0 90707700000000.0 110095000000.0 37412900000000.0 591751000000000.0 1520740000.0 0.0 589546000000.0 92981900000000.0 6426800000000.0 8581170000000.0 297341000000.0 -3.04 [-3.04]
1.09648e+16 3.09816e+17 314582000000000.0 537393000000000.0 9137250000000.0 126408000000000.0 83660200000000.0 93629500000.0 38742200000000.0 546187000000000.0 1209750000.0 0.0 573692000000.0 89947700000000.0 5855860000000.0 7777300000000.0 254580000000.0 -3.02 [-3.02]
1.09648e+16 2.96658e+17 310411000000000.0 507258000000000.0 8058310000000.0 124630000000000.0 77042900000000.0 79518900000.0 40073000000000.0 503492000000000.0 960578000.0 0.0 557982000000.0 86977900000000.0 5330840000000.0 7044780000000.0 217966000000.0 -3.0 [-3.0]
1.09648e+16 2.84045e+17 306126000000000.0 478576000000000.0 7100730000000.0 122745000000000.0 70837700000000.0 67438300000.0 41402900000000.0 463516000000000.0 761241000.0 0.0 542421000000.0 84071900000000.0 4848260000000.0 6377320000000.0 186610000000.0 -2.98 [-2.98]
1.09648e+16 2.7198e+17 301760000000000.0 451335000000000.0 6252500000000.0 120764000000000.0 65040500000000.0 57125300000.0 42727100000000.0 426221000000000.0 602331000.0 0.0 527082000000.0 81237900000000.0 4406220000000.0 5770630000000.0 159807000000.0 -2.96 [-2.96]
1.09648e+16 2.60419e+17 297296000000000.0 425444000000000.0 5501150000000.0 118688000000000.0 59626700000000.0 48323100000.0 44044600000000.0 391415000000000.0 475713000.0 0.0 511937000000.0 78471500000000.0 4000940000000.0 5218690000000.0 136868000000.0 -2.94 [-2.94]
1.09648e+16 2.49333e+17 292733000000000.0 400840000000000.0 4836070000000.0 116522000000000.0 54578700000000.0 40819400000.0 45353200000000.0 358964000000000.0 374993000.0 0.0 496994000000.0 75772200000000.0 3629590000000.0 4716710000000.0 117236000000.0 -2.92 [-2.92]
1.09648e+16 2.38701e+17 288073000000000.0 377469000000000.0 4247820000000.0 114271000000000.0 49880000000000.0 34431000000.0 46650600000000.0 328745000000000.0 295018000.0 0.0 482261000000.0 73139600000000.0 3289600000000.0 4260340000000.0 100431000000.0 -2.9 [-2.9]
1.09648e+16 2.28514e+17 283338000000000.0 355302000000000.0 3728300000000.0 111948000000000.0 45519400000000.0 29005000000.0 47933100000000.0 300682000000000.0 231698000.0 0.0 467775000000.0 70577600000000.0 2979050000000.0 3846130000000.0 86061400000.0 -2.88 [-2.88]
1.09648e+16 2.18721e+17 278494000000000.0 334238000000000.0 3269170000000.0 109548000000000.0 41470000000000.0 24393600000.0 49201500000000.0 274577000000000.0 0.0 0.0 453484000000.0 68077300000000.0 2694730000000.0 3469440000000.0 73746300000.0 -2.86 [-2.86]
1.09648e+16 2.0932e+17 273564000000000.0 314257000000000.0 2864080000000.0 107084000000000.0 37721600000000.0 20484700000.0 50452100000000.0 250367000000000.0 0.0 0.0 439425000000.0 65642700000000.0 2435130000000.0 3127510000000.0 63204600000.0 -2.84 [-2.84]
1.09648e+16 2.00294e+17 268554000000000.0 295314000000000.0 2507000000000.0 104562000000000.0 34258400000000.0 17176500000.0 51683000000000.0 227950000000000.0 0.0 0.0 425609000000.0 63273500000000.0 2198340000000.0 2817340000000.0 54180900000.0 -2.82 [-2.82]
1.09648e+16 1.91592e+17 263450000000000.0 277292000000000.0 2191600000000.0 101978000000000.0 31055600000000.0 14373300000.0 52894000000000.0 207158000000000.0 0.0 0.0 411988000000.0 60959600000000.0 1981940000000.0 2535300000000.0 46437000000.0 -2.8 [-2.8]
1.09648e+16 1.83269e+17 258301000000000.0 260296000000000.0 1914990000000.0 99366000000000.0 28117500000000.0 12016200000.0 54079500000000.0 188034000000000.0 0.0 0.0 398679000000.0 58719900000000.0 1785660000000.0 2280650000000.0 39827100000.0 -2.78 [-2.78]
1.09648e+16 1.75289e+17 253105000000000.0 244231000000000.0 1672050000000.0 96725800000000.0 25422200000000.0 10033000000.0 55238300000000.0 170435000000000.0 0.0 0.0 385657000000.0 56547700000000.0 1607470000000.0 2050400000000.0 34174100000.0 -2.76 [-2.76]
