Cloudy_runs/pg1116/z=0.138527/logZ=1/component_III_PI_nH/component_III_PI_nH_col_density_param.txt
# %ECSV 1.0
# ---
# datatype:
# - {name: H, datatype: float64}
# - {name: H+, datatype: float64}
# - {name: C+, datatype: float64}
# - {name: C+2, datatype: float64}
# - {name: C+3, datatype: float64}
# - {name: N+, datatype: float64}
# - {name: N+2, datatype: float64}
# - {name: N+4, datatype: float64}
# - {name: O, datatype: float64}
# - {name: O+2, datatype: float64}
# - {name: O+5, datatype: float64}
# - {name: O+6, datatype: float64}
# - {name: P+, datatype: float64}
# - {name: Si+, datatype: float64}
# - {name: Si+2, datatype: float64}
# - {name: Si+3, datatype: float64}
# - {name: Si+4, datatype: float64}
# - {name: log_nH, datatype: float64}
# - {name: parameters, datatype: string, subtype: 'float64[1]'}
# schema: astropy-2.0
H H+ C+ C+2 C+3 N+ N+2 N+4 O O+2 O+5 O+6 P+ Si+ Si+2 Si+3 Si+4 log_nH parameters
1.09648e+16 2.77461e+20 12348500000000.0 5978050000000000.0 5.5547e+16 824861000000.0 967347000000000.0 4.8634e+16 41422200.0 3196710000000000.0 4.48287e+17 3.30275e+17 681923000.0 33141000000.0 4485690000000.0 71907900000000.0 3547440000000000.0 -5.0 [-5.0]
1.09649e+16 2.60158e+20 13374500000000.0 6234150000000000.0 5.62396e+16 938530000000.0 1059040000000000.0 4.74302e+16 51254100.0 3523550000000000.0 4.16187e+17 2.91357e+17 777936000.0 36668500000.0 4915060000000.0 79207900000000.0 3672130000000000.0 -4.98 [-4.98]
1.09649e+16 2.43732e+20 14523000000000.0 6502330000000000.0 5.68762e+16 1069910000000.0 1158340000000000.0 4.61092e+16 63589100.0 3876960000000000.0 3.85186e+17 2.56131e+17 889150000.0 40569600000.0 5381520000000.0 87315900000000.0 3799210000000000.0 -4.96 [-4.96]
1.09648e+16 2.28065e+20 15808900000000.0 6782660000000000.0 5.74486e+16 1221840000000.0 1265660000000000.0 4.46697e+16 79105900.0 4258360000000000.0 3.55244e+17 2.2419e+17 1017900000.0 44882100000.0 5887550000000.0 96338000000000.0 3928260000000000.0 -4.94 [-4.94]
1.09649e+16 2.13177e+20 17275800000000.0 7082790000000000.0 5.79542e+16 1399030000000.0 1381960000000000.0 4.31203e+16 98709600.0 4669840000000000.0 3.26463e+17 1.95392e+17 1169020000.0 49755500000.0 6444130000000.0 106390000000000.0 4058930000000000.0 -4.92 [-4.92]
1.09648e+16 1.98958e+20 18960800000000.0 7406090000000000.0 5.83801e+16 1606400000000.0 1507790000000000.0 4.14565e+16 123601000.0 5112210000000000.0 2.98823e+17 1.69427e+17 1346930000.0 55294300000.0 7058040000000.0 117620000000000.0 4190640000000000.0 -4.9 [-4.9]
1.0965e+16 1.85358e+20 20908800000000.0 7757340000000000.0 5.87125e+16 1849250000000.0 1643330000000000.0 3.96823e+16 155207000.0 5584570000000000.0 2.72351e+17 1.46085e+17 1557470000.0 61676400000.0 7742040000000.0 130224000000000.0 4323290000000000.0 -4.88 [-4.88]
1.09648e+16 1.72307e+20 23203600000000.0 8147890000000000.0 5.89334e+16 2136480000000.0 1789650000000000.0 3.77934e+16 195704000.0 6087800000000000.0 2.47037e+17 1.2516e+17 1810060000.0 69201300000.0 8515880000000.0 144391000000000.0 4455310000000000.0 -4.86 [-4.86]
1.09647e+16 1.59728e+20 25939900000000.0 8588650000000000.0 5.90267e+16 2477200000000.0 1947150000000000.0 3.5792e+16 247723000.0 6619960000000000.0 2.2287e+17 1.06422e+17 2115770000.0 78278000000.0 9409280000000.0 160513000000000.0 4587220000000000.0 -4.84 [-4.84]
1.09647e+16 1.47493e+20 29309700000000.0 9106240000000000.0 5.89694e+16 2889070000000.0 2118280000000000.0 3.36607e+16 315817000.0 7184110000000000.0 1.99726e+17 8.96206e+16 2494880000.0 89673300000.0 10476600000000.0 179073000000000.0 4717970000000000.0 -4.82 [-4.82]
1.09648e+16 1.35498e+20 33570600000000.0 9730730000000000.0 5.87111e+16 3390910000000.0 2303290000000000.0 3.13882e+16 405873000.0 7773130000000000.0 1.7756e+17 7.45886e+16 2976820000.0 104662000000.0 11804100000000.0 200756000000000.0 4846600000000000.0 -4.8 [-4.8]
1.09648e+16 1.23492e+20 39223200000000.0 1.05172e+16 5.81598e+16 4014790000000.0 2502360000000000.0 2.89329e+16 528202000.0 8373990000000000.0 1.56145e+17 6.10767e+16 3617590000.0 125876000000.0 13562300000000.0 226926000000000.0 4971940000000000.0 -4.78 [-4.78]
1.09647e+16 1.11238e+20 47195600000000.0 1.15554e+16 5.71743e+16 4807630000000.0 2713670000000000.0 2.62578e+16 700703000.0 8963090000000000.0 1.35224e+17 4.88854e+16 4526470000.0 158806000000.0 16050600000000.0 259575000000000.0 5089570000000000.0 -4.76 [-4.76]
1.0965e+16 9.93644e+19 57760300000000.0 1.28037e+16 5.57271e+16 5754070000000.0 2919910000000000.0 2.35403e+16 933741000.0 9496450000000000.0 1.15637e+17 3.83585e+16 5750490000.0 206125000000.0 19244400000000.0 296777000000000.0 5186540000000000.0 -4.74 [-4.74]
1.09652e+16 8.82962e+19 71040700000000.0 1.41952e+16 5.38751e+16 6831850000000.0 3109620000000000.0 2.0922e+16 1238930000.0 9960690000000000.0 9.77774e+16 2.95214e+16 7336930000.0 270971000000.0 23068400000000.0 336846000000000.0 5254580000000000.0 -4.72 [-4.72]
1.09649e+16 7.8021e+19 88005900000000.0 1.57268e+16 5.15151e+16 8032500000000.0 3265870000000000.0 1.84316e+16 1641810000.0 1.03169e+16 8.16464e+16 2.23698e+16 9518710000.0 365852000000.0 27850800000000.0 381823000000000.0 5288580000000000.0 -4.7 [-4.7]
1.09653e+16 6.83359e+19 109827000000000.0 1.73953e+16 4.86518e+16 9388190000000.0 3390830000000000.0 1.60507e+16 2190710000.0 1.05972e+16 6.67353e+16 1.64472e+16 12555700000.0 504236000000.0 33659200000000.0 432186000000000.0 5281630000000000.0 -4.68 [-4.68]
1.0965e+16 5.95896e+19 136604000000000.0 1.90338e+16 4.53648e+16 10824600000000.0 3464380000000000.0 1.38954e+16 2926680000.0 1.07958e+16 5.34809e+16 1.18185e+16 16795000000.0 704668000000.0 40412100000000.0 486582000000000.0 5224870000000000.0 -4.66 [-4.66]
1.09648e+16 5.16373e+19 169677000000000.0 2.05906e+16 4.16376e+16 12349900000000.0 3482170000000000.0 1.19389e+16 3952470000.0 1.09442e+16 4.1657e+16 8252950000000000.0 22914300000.0 999404000000.0 48266400000000.0 546001000000000.0 5109240000000000.0 -4.64 [-4.64]
1.09651e+16 4.49455e+19 205731000000000.0 2.17767e+16 3.78741e+16 13832100000000.0 3444100000000000.0 1.03014e+16 5297710000.0 1.10738e+16 3.20667e+16 5734280000000000.0 31099400000.0 1394460000000.0 56454700000000.0 603775000000000.0 4945670000000000.0 -4.62 [-4.62]
1.09648e+16 3.90329e+19 245216000000000.0 2.26734e+16 3.40573e+16 15362500000000.0 3369340000000000.0 8848390000000000.0 7106770000.0 1.12194e+16 2.40238e+16 3856320000000000.0 41909200000.0 1914240000000.0 65085800000000.0 660602000000000.0 4736590000000000.0 -4.6 [-4.6]
1.09648e+16 3.40238e+19 285859000000000.0 2.32024e+16 3.0394e+16 16918000000000.0 3269300000000000.0 7602330000000000.0 9489540000.0 1.14094e+16 1.76957e+16 2555780000000000.0 55700800000.0 2577110000000.0 73899300000000.0 713633000000000.0 4493150000000000.0 -4.58 [-4.58]
1.09648e+16 2.97264e+19 326744000000000.0 2.33978e+16 2.69215e+16 18534600000000.0 3153430000000000.0 6513250000000000.0 12624300000.0 1.16504e+16 1.27546e+16 1655570000000000.0 72979700000.0 3412270000000.0 82904200000000.0 762623000000000.0 4221640000000000.0 -4.56 [-4.56]
1.09648e+16 2.62053e+19 364493000000000.0 2.32614e+16 2.38316e+16 20216800000000.0 3040430000000000.0 5587670000000000.0 16619700000.0 1.19449e+16 9204600000000000.0 1082590000000000.0 93662300000.0 4430490000000.0 91862000000000.0 804786000000000.0 3940410000000000.0 -4.54 [-4.54]
1.09648e+16 2.34478e+19 395991000000000.0 2.28795e+16 2.12682e+16 21926600000000.0 2946070000000000.0 4831850000000000.0 21348700000.0 1.22445e+16 6834920000000000.0 738278000000000.0 116403000000.0 5585690000000.0 100323000000000.0 837346000000000.0 3675440000000000.0 -4.52 [-4.52]
1.09648e+16 2.12303e+19 421891000000000.0 2.23488e+16 1.91202e+16 23688000000000.0 2868770000000000.0 4204170000000000.0 26868100000.0 1.25232e+16 5226430000000000.0 525090000000000.0 140952000000.0 6886850000000.0 108390000000000.0 861779000000000.0 3429000000000000.0 -4.5 [-4.5]
1.09647e+16 1.9326e+19 444065000000000.0 2.17217e+16 1.72241e+16 25549900000000.0 2799510000000000.0 3658010000000000.0 33460500000.0 1.27773e+16 4040940000000000.0 379800000000000.0 167934000000.0 8389550000000.0 116382000000000.0 880934000000000.0 3191690000000000.0 -4.48 [-4.48]
1.09649e+16 1.77044e+19 462427000000000.0 2.10388e+16 1.55798e+16 27471200000000.0 2738020000000000.0 3192790000000000.0 41079700000.0 1.29886e+16 3174710000000000.0 280862000000000.0 196656000000.0 10067000000000.0 124024000000000.0 894262000000000.0 2970310000000000.0 -4.46 [-4.46]
1.09648e+16 1.62452e+19 478186000000000.0 2.03069e+16 1.40821e+16 29522300000000.0 2678710000000000.0 2778030000000000.0 50216400000.0 1.31692e+16 2496830000000000.0 208243000000000.0 228110000000.0 12017600000000.0 131762000000000.0 904219000000000.0 2754120000000000.0 -4.44 [-4.44]
1.09648e+16 1.49726e+19 491145000000000.0 1.95623e+16 1.27681e+16 31627900000000.0 2623380000000000.0 2423160000000000.0 60688500000.0 1.33031e+16 1986630000000000.0 156710000000000.0 261135000000.0 14173400000000.0 139139000000000.0 909628000000000.0 2552880000000000.0 -4.42 [-4.42]
1.09647e+16 1.38476e+19 501720000000000.0 1.88139e+16 1.16049e+16 33778500000000.0 2569870000000000.0 2117800000000000.0 72633500000.0 1.33922e+16 1594830000000000.0 119264000000000.0 295610000000.0 16533000000000.0 146038000000000.0 910780000000000.0 2365270000000000.0 -4.4 [-4.4]
1.09648e+16 1.28331e+19 510339000000000.0 1.80643e+16 1.0557e+16 36003500000000.0 2516960000000000.0 1850750000000000.0 86416800000.0 1.34439e+16 1286020000000000.0 91283000000000.0 331817000000.0 19151600000000.0 152649000000000.0 908671000000000.0 2187670000000000.0 -4.38 [-4.38]
1.09648e+16 1.19163e+19 517183000000000.0 1.73213e+16 9613680000000000.0 38288800000000.0 2464180000000000.0 1617860000000000.0 102204000000.0 1.34587e+16 1041680000000000.0 70249000000000.0 369462000000.0 22026300000000.0 158873000000000.0 903407000000000.0 2020500000000000.0 -4.36 [-4.36]
1.09647e+16 1.10829e+19 522489000000000.0 1.65895e+16 8761280000000000.0 40635700000000.0 2411250000000000.0 1414220000000000.0 120262000000.0 1.34391e+16 846738000000000.0 54283000000000.0 408400000000.0 25172800000000.0 164712000000000.0 895282000000000.0 1863100000000000.0 -4.34 [-4.34]
1.09648e+16 1.03234e+19 526480000000000.0 1.5874e+16 7990300000000000.0 43042400000000.0 2358080000000000.0 1236210000000000.0 140867000000.0 1.33879e+16 690448000000000.0 42086600000000.0 448419000000.0 28600900000000.0 170157000000000.0 884615000000000.0 1715260000000000.0 -4.32 [-4.32]
1.09648e+16 9.6289e+18 529245000000000.0 1.5176e+16 7292370000000000.0 45488900000000.0 2304220000000000.0 1080720000000000.0 164266000000.0 1.3306e+16 564652000000000.0 32735500000000.0 489200000000.0 32301100000000.0 175087000000000.0 871406000000000.0 1576860000000000.0 -4.3 [-4.3]
1.09648e+16 8.99281e+18 531062000000000.0 1.45004e+16 6659220000000000.0 47975100000000.0 2250040000000000.0 944808000000000.0 190789000000.0 1.31967e+16 462987000000000.0 25534600000000.0 530538000000.0 36285800000000.0 179579000000000.0 856118000000000.0 1447420000000000.0 -4.28 [-4.28]
1.09647e+16 8.40665e+18 531940000000000.0 1.3845e+16 6082770000000000.0 50501600000000.0 2195050000000000.0 825657000000000.0 220841000000.0 1.30613e+16 380256000000000.0 19946900000000.0 572200000000.0 40566600000000.0 183582000000000.0 838838000000000.0 1326200000000000.0 -4.26 [-4.26]
1.09648e+16 7.86889e+18 532157000000000.0 1.32156e+16 5559970000000000.0 53055500000000.0 2139830000000000.0 721833000000000.0 254618000000.0 1.29031e+16 313148000000000.0 15623300000000.0 613817000000.0 45108600000000.0 187052000000000.0 819849000000000.0 1213660000000000.0 -4.24 [-4.24]
1.09648e+16 7.37191e+18 531712000000000.0 1.26089e+16 5083290000000000.0 55638100000000.0 2083970000000000.0 630902000000000.0 292645000000.0 1.27229e+16 258257000000000.0 12257800000000.0 655203000000.0 49930500000000.0 189991000000000.0 799295000000000.0 1108770000000000.0 -4.22 [-4.22]
1.09648e+16 6.91344e+18 530736000000000.0 1.20267e+16 4649670000000000.0 58234400000000.0 2027720000000000.0 551581000000000.0 335195000000.0 1.25234e+16 213406000000000.0 9641140000000.0 696013000000.0 54981700000000.0 192290000000000.0 777248000000000.0 1011770000000000.0 -4.2 [-4.2]
1.09648e+16 6.48887e+18 529335000000000.0 1.14686e+16 4253690000000000.0 60849100000000.0 1971190000000000.0 482162000000000.0 382820000000.0 1.23064e+16 176572000000000.0 7595890000000.0 736085000000.0 60282900000000.0 194054000000000.0 754085000000000.0 921754000000000.0 -4.18 [-4.18]
1.09648e+16 6.0936e+18 527477000000000.0 1.09319e+16 3890720000000000.0 63486400000000.0 1914220000000000.0 421178000000000.0 436240000000.0 1.20729e+16 146146000000000.0 5987660000000.0 775214000000.0 65857200000000.0 195314000000000.0 729949000000000.0 837920000000000.0 -4.16 [-4.16]
1.09648e+16 5.72678e+18 525270000000000.0 1.04181e+16 3559420000000000.0 66127300000000.0 1857090000000000.0 367921000000000.0 495737000000.0 1.18252e+16 121096000000000.0 4726690000000.0 813042000000.0 71624000000000.0 195938000000000.0 704938000000000.0 760605000000000.0 -4.14 [-4.14]
1.09648e+16 5.38524e+18 522757000000000.0 9925920000000000.0 3256090000000000.0 68773400000000.0 1799880000000000.0 321292000000000.0 562015000000.0 1.15646e+16 100394000000000.0 3734150000000.0 849427000000.0 77588800000000.0 195986000000000.0 679247000000000.0 689164000000000.0 -4.12 [-4.12]
1.09648e+16 5.06679e+18 519979000000000.0 9454750000000000.0 2978190000000000.0 71422200000000.0 1742680000000000.0 280466000000000.0 635735000000.0 1.12926e+16 83259400000000.0 2951640000000.0 884168000000.0 83728400000000.0 195462000000000.0 653023000000000.0 623242000000000.0 -4.1 [-4.1]
1.09647e+16 4.76973e+18 516962000000000.0 9004000000000000.0 2723690000000000.0 74065200000000.0 1685630000000000.0 244763000000000.0 717501000000.0 1.10108e+16 69073300000000.0 2334370000000.0 917067000000.0 89994900000000.0 194336000000000.0 626385000000000.0 562641000000000.0 -4.08 [-4.08]
1.09647e+16 4.49213e+18 513735000000000.0 8572780000000000.0 2490370000000000.0 76703700000000.0 1628820000000000.0 213517000000000.0 808169000000.0 1.07203e+16 57306600000000.0 1846540000000.0 947995000000.0 96374900000000.0 192650000000000.0 599509000000000.0 506913000000000.0 -4.06 [-4.06]
1.09647e+16 4.23222e+18 510294000000000.0 8159940000000000.0 2276270000000000.0 79332600000000.0 1572300000000000.0 186161000000000.0 908577000000.0 1.04221e+16 47534000000000.0 1460510000000.0 976810000000.0 102835000000000.0 190406000000000.0 572496000000000.0 455724000000000.0 -4.04 [-4.04]
1.09647e+16 3.98879e+18 506678000000000.0 7765020000000000.0 2079850000000000.0 81949500000000.0 1516220000000000.0 162230000000000.0 1019580000000.0 1.01175e+16 39417500000000.0 1155000000000.0 1003370000000.0 109331000000000.0 187619000000000.0 545462000000000.0 408846000000000.0 -4.02 [-4.02]
1.09647e+16 3.76064e+18 502924000000000.0 7387650000000000.0 1899420000000000.0 84554900000000.0 1460710000000000.0 141279000000000.0 1142270000000.0 9809180000000000.0 32667900000000.0 912960000000.0 1027650000000.0 115843000000000.0 184342000000000.0 518629000000000.0 365870000000000.0 -4.0 [-4.0]
1.09647e+16 3.54673e+18 499065000000000.0 7027370000000000.0 1733650000000000.0 87144100000000.0 1405910000000000.0 122948000000000.0 1277660000000.0 9498260000000000.0 27056200000000.0 721242000000.0 1049570000000.0 122329000000000.0 180604000000000.0 492106000000000.0 326556000000000.0 -3.98 [-3.98]
1.09648e+16 3.34584e+18 495074000000000.0 6682890000000000.0 1581480000000000.0 89712900000000.0 1351800000000000.0 106925000000000.0 1426750000000.0 9184180000000000.0 22391700000000.0 569402000000.0 1069030000000.0 128725000000000.0 176393000000000.0 465876000000000.0 290761000000000.0 -3.96 [-3.96]
1.09648e+16 3.1572e+18 490964000000000.0 6353710000000000.0 1441930000000000.0 92253800000000.0 1298500000000000.0 92942500000000.0 1590500000000.0 8867940000000000.0 18518500000000.0 449263000000.0 1086010000000.0 134966000000000.0 171730000000000.0 440033000000000.0 258311000000000.0 -3.94 [-3.94]
1.09648e+16 2.97973e+18 486734000000000.0 6038950000000000.0 1313810000000000.0 94769200000000.0 1246020000000000.0 80727600000000.0 1770330000000.0 8550140000000000.0 15299700000000.0 354131000000.0 1100480000000.0 141026000000000.0 166665000000000.0 414656000000000.0 228897000000000.0 -3.92 [-3.92]
1.09647e+16 2.81274e+18 482399000000000.0 5738110000000000.0 1196210000000000.0 97252700000000.0 1194460000000000.0 70066300000000.0 1967440000000.0 8231780000000000.0 12627100000000.0 278871000000.0 1112440000000.0 146855000000000.0 161242000000000.0 389836000000000.0 202306000000000.0 -3.9 [-3.9]
