Cloudy_runs/pg1424/z=0.147104/logZ=-1/component_IV_PI_nH/component_IV_PI_nH_col_density_param.txt
# %ECSV 1.0
# ---
# datatype:
# - {name: H, datatype: float64}
# - {name: H+, datatype: float64}
# - {name: C+, datatype: float64}
# - {name: C+2, datatype: float64}
# - {name: C+3, datatype: float64}
# - {name: N+2, datatype: float64}
# - {name: N+4, datatype: float64}
# - {name: O, datatype: float64}
# - {name: O+2, datatype: float64}
# - {name: O+5, datatype: float64}
# - {name: O+6, datatype: float64}
# - {name: Si+, datatype: float64}
# - {name: Si+2, datatype: float64}
# - {name: Si+3, datatype: float64}
# - {name: Si+4, datatype: float64}
# - {name: log_nH, datatype: float64}
# - {name: log_Te, datatype: float64}
# - {name: parameters, datatype: string, subtype: 'float64[1]'}
# schema: astropy-2.0
H H+ C+ C+2 C+3 N+2 N+4 O O+2 O+5 O+6 Si+ Si+2 Si+3 Si+4 log_nH log_Te parameters
30903000000000.0 1.35812e+18 1617860000.0 269335000000.0 1143200000000.0 41526900000.0 1170510000000.0 7759.83 106762000000.0 15235700000000.0 28271000000000.0 906063.0 48878000.0 259679000.0 32827300000.0 -5.0 4.57 [-5.0]
30903000000000.0 1.28533e+18 1759550000.0 285260000000.0 1164710000000.0 44358000000.0 1160730000000.0 8688.77 114575000000.0 14581200000000.0 25727900000000.0 1082090.0 57038200.0 293033000.0 35073800000.0 -4.98 4.565 [-4.98]
30903000000000.0 1.21667e+18 1911550000.0 301747000000.0 1185190000000.0 47335400000.0 1149310000000.0 9728.84 122816000000.0 13925100000000.0 23370400000000.0 1289720.0 66449600.0 330136000.0 37418400000.0 -4.96 4.56 [-4.96]
30903000000000.0 1.15189e+18 2074420000.0 318791000000.0 1204600000000.0 50460700000.0 1136280000000.0 10892.7 131489000000.0 13270100000000.0 21189100000000.0 1534120.0 77285800.0 371340000.0 39860700000.0 -4.94 4.555 [-4.94]
30903000000000.0 1.09075e+18 2248760000.0 336387000000.0 1222890000000.0 53735200000.0 1121650000000.0 12194.4 140597000000.0 12618600000000.0 19175100000000.0 1821220.0 89742200.0 417026000.0 42399900000.0 -4.92 4.551 [-4.92]
30903000000000.0 1.03302e+18 2435130000.0 354525000000.0 1240030000000.0 57158300000.0 1105480000000.0 13648.7 150136000000.0 11973100000000.0 17319500000000.0 2157780.0 104036000.0 467598000.0 45034400000.0 -4.9 4.546 [-4.9]
30903000000000.0 9.78483e+17 2634230000.0 373200000000.0 1255970000000.0 60730700000.0 1087790000000.0 15274.0 160110000000.0 11336000000000.0 15613400000000.0 2551610.0 120414000.0 523489000.0 47762400000.0 -4.88 4.541 [-4.88]
30903000000000.0 9.2699e+17 2846930000.0 392408000000.0 1270680000000.0 64454100000.0 1068660000000.0 17092.5 170523000000.0 10709400000000.0 14048700000000.0 3011530.0 139147000.0 585128000.0 50580500000.0 -4.86 4.537 [-4.86]
30903000000000.0 8.78316e+17 3073570000.0 412123000000.0 1284120000000.0 68321200000.0 1048110000000.0 19121.6 181354000000.0 10095400000000.0 12616300000000.0 3547530.0 160541000.0 653033000.0 53486500000.0 -4.84 4.533 [-4.84]
30903000000000.0 8.32294e+17 3314780000.0 432327000000.0 1296250000000.0 72327400000.0 1026230000000.0 21384.0 192594000000.0 9495940000000.0 11307800000000.0 4170880.0 184931000.0 727720000.0 56476500000.0 -4.82 4.528 [-4.82]
30903000000000.0 7.88768e+17 3571170000.0 452998000000.0 1307060000000.0 76467300000.0 1003070000000.0 23905.7 204228000000.0 8912610000000.0 10115200000000.0 4894390.0 212693000.0 809736000.0 59546100000.0 -4.8 4.524 [-4.8]
30903000000000.0 7.4759e+17 3843340000.0 474109000000.0 1316490000000.0 80734000000.0 978721000000.0 26714.6 216243000000.0 8346990000000.0 9030740000000.0 5732420.0 244239000.0 899657000.0 62690300000.0 -4.78 4.52 [-4.78]
30903000000000.0 7.08626e+17 4131850000.0 495633000000.0 1324530000000.0 85118700000.0 953258000000.0 29842.2 228621000000.0 7800390000000.0 8046880000000.0 6701100.0 280026000.0 998086000.0 65903100000.0 -4.76 4.516 [-4.76]
30903000000000.0 6.71747e+17 4437280000.0 517536000000.0 1331150000000.0 89612100000.0 926774000000.0 33323.5 241343000000.0 7273940000000.0 7156260000000.0 7818520.0 320557000.0 1105660000.0 69178000000.0 -4.74 4.512 [-4.74]
30903000000000.0 6.36833e+17 4760080000.0 539778000000.0 1336310000000.0 94202100000.0 899365000000.0 37196.0 254384000000.0 6768550000000.0 6351920000000.0 9104750.0 366381000.0 1223040000.0 72507800000.0 -4.72 4.508 [-4.72]
30903000000000.0 6.03779e+17 5100910000.0 562325000000.0 1340010000000.0 98878100000.0 871134000000.0 41505.5 267728000000.0 6284970000000.0 5627220000000.0 10582300.0 418102000.0 1350890000.0 75884100000.0 -4.7 4.503 [-4.7]
30903000000000.0 5.7247e+17 5459970000.0 585120000000.0 1342210000000.0 103624000000.0 842188000000.0 46296.7 281341000000.0 5823710000000.0 4975650000000.0 12276000.0 476377000.0 1489950000.0 79298500000.0 -4.68 4.499 [-4.68]
30903000000000.0 5.42808e+17 5837520000.0 608111000000.0 1342900000000.0 108423000000.0 812635000000.0 51621.6 295196000000.0 5385080000000.0 4391150000000.0 14213100.0 541925000.0 1640970000.0 82741400000.0 -4.66 4.495 [-4.66]
30903000000000.0 5.14708e+17 6234100000.0 631249000000.0 1342060000000.0 113262000000.0 782595000000.0 57543.2 309270000000.0 4969260000000.0 3868070000000.0 16424200.0 615523000.0 1804680000.0 86202400000.0 -4.64 4.491 [-4.64]
30903000000000.0 4.88084e+17 6649960000.0 654475000000.0 1339670000000.0 118124000000.0 752185000000.0 64129.0 323536000000.0 4576250000000.0 3400990000000.0 18942400.0 698015000.0 1981840000.0 89670300000.0 -4.62 4.488 [-4.62]
30903000000000.0 4.62857e+17 7085310000.0 677725000000.0 1335730000000.0 122992000000.0 721524000000.0 71455.3 337964000000.0 4205890000000.0 2984850000000.0 21804300.0 790310000.0 2173220000.0 93133300000.0 -4.6 4.484 [-4.6]
30903000000000.0 4.38949e+17 7540230000.0 700930000000.0 1330220000000.0 127846000000.0 690730000000.0 79606.9 352524000000.0 3857850000000.0 2614880000000.0 25049900.0 893389000.0 2379620000.0 96579200000.0 -4.58 4.48 [-4.58]
30903000000000.0 4.1629e+17 8015230000.0 724036000000.0 1323140000000.0 132673000000.0 659917000000.0 88688.3 367196000000.0 3531660000000.0 2286670000000.0 28723600.0 1008330000.0 2601800000.0 99994900000.0 -4.56 4.476 [-4.56]
30903000000000.0 3.94814e+17 8509000000.0 746921000000.0 1314500000000.0 137442000000.0 629218000000.0 98787.5 381923000000.0 3226950000000.0 1996210000000.0 32868800.0 1136170000.0 2840550000.0 103366000000.0 -4.54 4.472 [-4.54]
30903000000000.0 3.74466e+17 9023280000.0 769568000000.0 1304290000000.0 142151000000.0 598730000000.0 110058.0 396711000000.0 2942920000000.0 1739660000000.0 37541100.0 1278190000.0 3096530000.0 106678000000.0 -4.52 4.468 [-4.52]
30903000000000.0 3.55176e+17 9556770000.0 791861000000.0 1292530000000.0 146771000000.0 568567000000.0 122623.0 411511000000.0 2678900000000.0 1513510000000.0 42793100.0 1435630000.0 3370550000.0 109917000000.0 -4.5 4.464 [-4.5]
30903000000000.0 3.3689e+17 10109200000.0 813715000000.0 1279230000000.0 151286000000.0 538830000000.0 136640.0 426292000000.0 2434090000000.0 1314560000000.0 48683800.0 1609820000.0 3663320000.0 113068000000.0 -4.48 4.46 [-4.48]
30903000000000.0 3.19557e+17 10680100000.0 835045000000.0 1264400000000.0 155677000000.0 509619000000.0 152288.0 441026000000.0 2207690000000.0 1139910000000.0 55275400.0 1802170000.0 3975450000.0 116116000000.0 -4.46 4.456 [-4.46]
30903000000000.0 3.03126e+17 11269400000.0 855769000000.0 1248070000000.0 159929000000.0 481019000000.0 169776.0 455689000000.0 1998780000000.0 986881000000.0 62636800.0 2014170000.0 4307540000.0 119043000000.0 -4.44 4.453 [-4.44]
30903000000000.0 2.87547e+17 11876600000.0 875806000000.0 1230270000000.0 164027000000.0 453104000000.0 189339.0 470254000000.0 1806440000000.0 853015000000.0 70841900.0 2247420000.0 4660180000.0 121836000000.0 -4.42 4.449 [-4.42]
30903000000000.0 2.72786e+17 12499800000.0 895032000000.0 1211050000000.0 167949000000.0 425975000000.0 211210.0 484674000000.0 1629920000000.0 736233000000.0 79955500.0 2503310000.0 5033610000.0 124477000000.0 -4.4 4.445 [-4.4]
30903000000000.0 2.58788e+17 13139400000.0 913388000000.0 1190440000000.0 171688000000.0 399667000000.0 235710.0 498940000000.0 1468110000000.0 634445000000.0 90067400.0 2783690000.0 5428410000.0 126952000000.0 -4.38 4.441 [-4.38]
30903000000000.0 2.45521e+17 13794100000.0 930782000000.0 1168490000000.0 175229000000.0 374248000000.0 263167.0 513020000000.0 1320190000000.0 545928000000.0 101257000.0 3090170000.0 5844640000.0 129245000000.0 -4.36 4.438 [-4.36]
30903000000000.0 2.32944e+17 14463000000.0 947125000000.0 1145260000000.0 178560000000.0 349762000000.0 293956.0 526886000000.0 1185250000000.0 469079000000.0 113612000.0 3424460000.0 6282440000.0 131340000000.0 -4.34 4.434 [-4.34]
30903000000000.0 2.21021e+17 15144400000.0 962324000000.0 1120810000000.0 181667000000.0 326246000000.0 328496.0 540508000000.0 1062390000000.0 402471000000.0 127218000.0 3788260000.0 6741820000.0 133223000000.0 -4.32 4.43 [-4.32]
30903000000000.0 2.09722e+17 15838200000.0 976326000000.0 1095210000000.0 184547000000.0 303731000000.0 367287.0 553868000000.0 950791000000.0 344848000000.0 142173000.0 4183350000.0 7222370000.0 134881000000.0 -4.3 4.426 [-4.3]
30903000000000.0 1.99008e+17 16541600000.0 989020000000.0 1068540000000.0 187184000000.0 282234000000.0 410848.0 566929000000.0 849596000000.0 295065000000.0 158565000.0 4611330000.0 7723960000.0 136299000000.0 -4.28 4.423 [-4.28]
30903000000000.0 1.8885e+17 17253500000.0 1000350000000.0 1040880000000.0 189574000000.0 261768000000.0 459800.0 579669000000.0 758016000000.0 252127000000.0 176491000.0 5073880000.0 8245890000.0 137465000000.0 -4.26 4.419 [-4.26]
30903000000000.0 1.79216e+17 17972700000.0 1010240000000.0 1012300000000.0 191711000000.0 242327000000.0 514861.0 592070000000.0 675260000000.0 215135000000.0 196057000.0 5572770000.0 8787580000.0 138368000000.0 -4.24 4.416 [-4.24]
30903000000000.0 1.70092e+17 18696500000.0 1018650000000.0 982948000000.0 193588000000.0 223938000000.0 576725.0 604091000000.0 600726000000.0 183360000000.0 217323000.0 6108830000.0 9347410000.0 138997000000.0 -4.22 4.412 [-4.22]
30903000000000.0 1.61432e+17 19424300000.0 1025520000000.0 952852000000.0 195205000000.0 206554000000.0 646383.0 615729000000.0 533582000000.0 156052000000.0 240430000.0 6684230000.0 9924860000.0 139343000000.0 -4.2 4.408 [-4.2]
30903000000000.0 1.53226e+17 20153300000.0 1030800000000.0 922165000000.0 196557000000.0 190188000000.0 724725.0 626945000000.0 473298000000.0 132653000000.0 265427000.0 7299450000.0 10517800000.0 139399000000.0 -4.18 4.405 [-4.18]
30903000000000.0 1.4545e+17 20881200000.0 1034470000000.0 890997000000.0 197642000000.0 174820000000.0 812839.0 637717000000.0 419265000000.0 112632000000.0 292393000.0 7955310000.0 11124500000.0 139159000000.0 -4.16 4.401 [-4.16]
30903000000000.0 1.38072e+17 21607000000.0 1036500000000.0 859417000000.0 198461000000.0 160407000000.0 912055.0 648032000000.0 370862000000.0 95505400000.0 321439000.0 8653060000.0 11743200000.0 138616000000.0 -4.14 4.398 [-4.14]
30903000000000.0 1.31075e+17 22327700000.0 1036870000000.0 827552000000.0 199013000000.0 146929000000.0 1023720.0 657862000000.0 327598000000.0 80882800000.0 352611000.0 9392710000.0 12371400000.0 137770000000.0 -4.12 4.394 [-4.12]
30903000000000.0 1.24439e+17 23041800000.0 1035590000000.0 795513000000.0 199301000000.0 134355000000.0 1149400.0 667188000000.0 288989000000.0 68414900000.0 385971000.0 10174300000.0 13006300000.0 136617000000.0 -4.1 4.391 [-4.1]
30903000000000.0 1.18146e+17 23747100000.0 1032660000000.0 763409000000.0 199327000000.0 122652000000.0 1290850.0 675990000000.0 254589000000.0 57798400000.0 421562000.0 10997400000.0 13644900000.0 135161000000.0 -4.08 4.387 [-4.08]
30903000000000.0 1.12177e+17 24441500000.0 1028100000000.0 731349000000.0 199094000000.0 111782000000.0 1450020.0 684247000000.0 223986000000.0 48769900000.0 459411000.0 11861100000.0 14283900000.0 133402000000.0 -4.06 4.384 [-4.06]
30903000000000.0 1.06515e+17 25122700000.0 1021940000000.0 699437000000.0 198607000000.0 101709000000.0 1629110.0 691940000000.0 196802000000.0 41101200000.0 499525000.0 12764100000.0 14919900000.0 131346000000.0 -4.04 4.381 [-4.04]
30903000000000.0 1.01143e+17 25788700000.0 1014200000000.0 667777000000.0 197869000000.0 92392800000.0 1830560.0 699048000000.0 172689000000.0 34595800000.0 541892000.0 13704200000.0 15548900000.0 129000000000.0 -4.02 4.377 [-4.02]
30903000000000.0 9.60461e+16 26437600000.0 1004950000000.0 636465000000.0 196888000000.0 83795500000.0 2057100.0 705555000000.0 151333000000.0 29084100000.0 586476000.0 14678900000.0 16166900000.0 126372000000.0 -4.0 4.374 [-4.0]
30903000000000.0 9.12097e+16 27067400000.0 994232000000.0 605595000000.0 195668000000.0 75877300000.0 2311800.0 711443000000.0 132444000000.0 24419900000.0 633217000.0 15685100000.0 16769600000.0 123475000000.0 -3.98 4.371 [-3.98]
30903000000000.0 8.662e+16 27676300000.0 982113000000.0 575254000000.0 194217000000.0 68598900000.0 2598030.0 716694000000.0 115761000000.0 20477700000.0 682027000.0 16718700000.0 17352500000.0 120322000000.0 -3.96 4.367 [-3.96]
30903000000000.0 8.22598e+16 28263100000.0 968646000000.0 545492000000.0 192540000000.0 61915800000.0 2919850.0 721290000000.0 101034000000.0 17147200000.0 732837000.0 17775800000.0 17911200000.0 116925000000.0 -3.94 4.364 [-3.94]
30903000000000.0 7.8125e+16 28825700000.0 953946000000.0 516440000000.0 190651000000.0 55802100000.0 3281000.0 725218000000.0 88074300000.0 14341900000.0 785407000.0 18849900000.0 18440700000.0 113308000000.0 -3.92 4.361 [-3.92]
30903000000000.0 7.42004e+16 29363500000.0 938088000000.0 488136000000.0 188555000000.0 50214900000.0 3686370.0 728463000000.0 76675800000.0 11979800000.0 839610000.0 19935900000.0 18936300000.0 109489000000.0 -3.9 4.357 [-3.9]
30903000000000.0 7.04745e+16 29875100000.0 921156000000.0 460638000000.0 186263000000.0 45118100000.0 4141160.0 731010000000.0 66663300000.0 9993300000.0 895238000.0 21026900000.0 19393500000.0 105490000000.0 -3.88 4.354 [-3.88]
30903000000000.0 6.69373e+16 30359100000.0 903241000000.0 433998000000.0 183783000000.0 40477500000.0 4651070.0 732844000000.0 57880600000.0 8324850000.0 952039000.0 22115800000.0 19807900000.0 101333000000.0 -3.86 4.351 [-3.86]
30903000000000.0 6.35782e+16 30815300000.0 884440000000.0 408253000000.0 181125000000.0 36259200000.0 5222540.0 733954000000.0 50185900000.0 6925130000.0 1009770000.0 23194900000.0 20175200000.0 97042900000.0 -3.84 4.347 [-3.84]
30903000000000.0 6.03885e+16 31243000000.0 864850000000.0 383440000000.0 178300000000.0 32431800000.0 5862580.0 734328000000.0 43453800000.0 5752500000.0 1068140000.0 24256200000.0 20491400000.0 92646700000.0 -3.82 4.344 [-3.82]
30903000000000.0 5.73632e+16 31641900000.0 844603000000.0 359613000000.0 175324000000.0 28969100000.0 6578260.0 733964000000.0 37578500000.0 4772460000.0 1126760000.0 25291100000.0 20753100000.0 88176900000.0 -3.8 4.341 [-3.8]
30903000000000.0 5.44864e+16 32011900000.0 823735000000.0 336735000000.0 172199000000.0 25834700000.0 7379410.0 732838000000.0 32446100000.0 3952670000.0 1185460000.0 26291700000.0 20957000000.0 83650400000.0 -3.78 4.337 [-3.78]
30903000000000.0 5.17506e+16 32353000000.0 802337000000.0 314818000000.0 168933000000.0 23002200000.0 8275760.0 730938000000.0 27969000000.0 3267940000.0 1243920000.0 27249300000.0 21100200000.0 79094500000.0 -3.76 4.334 [-3.76]
30903000000000.0 4.91558e+16 32665700000.0 780575000000.0 293925000000.0 165551000000.0 20453300000.0 9275930.0 728280000000.0 24078600000.0 2698220000.0 1301640000.0 28155400000.0 21181500000.0 74548400000.0 -3.74 4.331 [-3.74]
30903000000000.0 4.6691e+16 32949800000.0 758499000000.0 274025000000.0 162057000000.0 18160500000.0 10392100.0 724848000000.0 20698300000.0 2224250000.0 1358370000.0 29001900000.0 21199500000.0 70033200000.0 -3.72 4.327 [-3.72]
30903000000000.0 4.43535e+16 33206500000.0 736244000000.0 255139000000.0 158470000000.0 16104200000.0 11635100.0 720657000000.0 17769100000.0 1831020000.0 1413710000.0 29781700000.0 21154300000.0 65581100000.0 -3.7 4.324 [-3.7]
30903000000000.0 4.21299e+16 33436200000.0 713814000000.0 237201000000.0 154788000000.0 14258100000.0 13021200.0 715677000000.0 15227800000.0 1504430000.0 1467510000.0 30487900000.0 21044900000.0 61204900000.0 -3.68 4.32 [-3.68]
30903000000000.0 4.00146e+16 33639500000.0 691287000000.0 220199000000.0 151024000000.0 12603500000.0 14565700.0 709906000000.0 13026500000.0 1233650000.0 1519500000.0 31114400000.0 20871900000.0 56927300000.0 -3.66 4.317 [-3.66]
30903000000000.0 3.80086e+16 33817700000.0 668817000000.0 204162000000.0 147200000000.0 11127300000.0 16281200.0 703385000000.0 11127900000.0 1010130000.0 1569250000.0 31656600000.0 20638800000.0 52780900000.0 -3.64 4.314 [-3.64]
