Cloudy_runs/pg1424/z=0.147104/logZ=-1/component_IV_PI_nH/component_IV_PI_nH_col_density_param.txt
# %ECSV 1.0
# ---
# datatype:
# - {name: H, datatype: float64}
# - {name: H+, datatype: float64}
# - {name: C+, datatype: float64}
# - {name: C+2, datatype: float64}
# - {name: C+3, datatype: float64}
# - {name: N+2, datatype: float64}
# - {name: N+4, datatype: float64}
# - {name: O, datatype: float64}
# - {name: O+2, datatype: float64}
# - {name: O+5, datatype: float64}
# - {name: O+6, datatype: float64}
# - {name: Si+, datatype: float64}
# - {name: Si+2, datatype: float64}
# - {name: Si+3, datatype: float64}
# - {name: Si+4, datatype: float64}
# - {name: log_nH, datatype: float64}
# - {name: log_Te, datatype: float64}
# - {name: parameters, datatype: string, subtype: 'float64[1]'}
# schema: astropy-2.0
H H+ C+ C+2 C+3 N+2 N+4 O O+2 O+5 O+6 Si+ Si+2 Si+3 Si+4 log_nH log_Te parameters
[from data line 70]
30903000000000.0 3.42966e+16 34102100000.0 624236000000.0 174833000000.0 139410000000.0 8639020000.0 20298200.0 688095000000.0 8082390000.0 673849000.0 1661340000.0 32473300000.0 20001500000.0 44939900000.0 -3.6 4.307 [-3.6]
30903000000000.0 3.25776e+16 34210000000.0 602205000000.0 161463000000.0 135456000000.0 7595800000.0 22641100.0 679327000000.0 6869950000.0 548791000.0 1703440000.0 32742800000.0 19603000000.0 41268400000.0 -3.58 4.304 [-3.58]
30903000000000.0 3.0942e+16 34296400000.0 580391000000.0 148903000000.0 131473000000.0 6668180000.0 25238400.0 669810000000.0 5827780000.0 445970000.0 1742810000.0 32917700000.0 19155700000.0 37774400000.0 -3.56 4.3 [-3.56]
30903000000000.0 2.93915e+16 34362900000.0 558927000000.0 137164000000.0 127485000000.0 5847320000.0 28107000.0 659618000000.0 4936300000.0 361845000.0 1779240000.0 33000700000.0 18666600000.0 34475900000.0 -3.54 4.297 [-3.54]
30903000000000.0 2.79188e+16 34409900000.0 537809000000.0 126191000000.0 123494000000.0 5120800000.0 31275400.0 648746000000.0 4173700000.0 293027000.0 1812760000.0 32992400000.0 18139500000.0 31372200000.0 -3.52 4.293 [-3.52]
30903000000000.0 2.65201e+16 34438500000.0 517074000000.0 115950000000.0 119510000000.0 4478770000.0 34770400.0 637218000000.0 3522500000.0 236835000.0 1843410000.0 32895300000.0 17579300000.0 28465600000.0 -3.5 4.29 [-3.5]
30903000000000.0 2.51917e+16 34449600000.0 496753000000.0 106408000000.0 115540000000.0 3912260000.0 38621100.0 625063000000.0 2967400000.0 191043000.0 1871220000.0 32712900000.0 16991400000.0 25756100000.0 -3.48 4.286 [-3.48]
30903000000000.0 2.393e+16 34444000000.0 476874000000.0 97528800000.0 111593000000.0 3413130000.0 42857800.0 612311000000.0 2495090000.0 153797000.0 1896300000.0 32449700000.0 16380800000.0 23241400000.0 -3.46 4.283 [-3.46]
30903000000000.0 2.27317e+16 34422700000.0 457459000000.0 89280000000.0 107676000000.0 2974030000.0 47513300.0 598996000000.0 2093950000.0 123564000.0 1918760000.0 32110500000.0 15752700000.0 20917400000.0 -3.44 4.279 [-3.44]
30903000000000.0 2.15936e+16 34386400000.0 438527000000.0 81627800000.0 103797000000.0 2588280000.0 52621900.0 585155000000.0 1753910000.0 99073000.0 1938740000.0 31700800000.0 15111900000.0 18778400000.0 -3.42 4.276 [-3.42]
30903000000000.0 2.05128e+16 34335900000.0 420093000000.0 74539200000.0 99962200000.0 2249900000.0 58219900.0 570828000000.0 1466200000.0 79273700.0 1956390000.0 31226300000.0 14463200000.0 16817500000.0 -3.4 4.272 [-3.4]
30903000000000.0 1.94863e+16 34271900000.0 402169000000.0 67982000000.0 96177300000.0 1953480000.0 64345500.0 556054000000.0 1223260000.0 63300800.0 1971900000.0 30693300000.0 13811000000.0 15026500000.0 -3.38 4.269 [-3.38]
30903000000000.0 1.85114e+16 34195100000.0 384763000000.0 61924800000.0 92448100000.0 1694180000.0 71039000.0 540878000000.0 1018530000.0 50441700.0 1985450000.0 30107900000.0 13159300000.0 13396400000.0 -3.36 4.265 [-3.36]
30903000000000.0 1.75876e+16 34106500000.0 367921000000.0 56348200000.0 88788300000.0 1468070000.0 78330700.0 525387000000.0 846628000.0 40128500.0 1997160000.0 29478700000.0 12513500000.0 11920500000.0 -3.34 4.262 [-3.34]
30903000000000.0 1.67064e+16 34005000000.0 351527000000.0 51190300000.0 85176400000.0 1270030000.0 86297700.0 509500000000.0 701810000.0 31830800.0 2007450000.0 28804900000.0 11872000000.0 10581500000.0 -3.32 4.258 [-3.32]
30903000000000.0 1.58714e+16 33892800000.0 335700000000.0 46455600000.0 81642300000.0 1097840000.0 94951800.0 493392000000.0 580758000.0 25206900.0 2016280000.0 28099400000.0 11242800000.0 9376800000.0 -3.3 4.255 [-3.3]
30903000000000.0 1.50784e+16 33769600000.0 320399000000.0 42106000000.0 78180600000.0 948001000.0 104351000.0 477066000000.0 479578000.0 19919800.0 2023910000.0 27365600000.0 10626700000.0 8294150000.0 -3.28 4.251 [-3.28]
30903000000000.0 1.43254e+16 33635900000.0 305621000000.0 38115600000.0 74794500000.0 817770000.0 114542000.0 460572000000.0 395188000.0 15709000.0 2030540000.0 26609000000.0 10025900000.0 7323830000.0 -3.26 4.248 [-3.26]
30903000000000.0 1.36119e+16 33492700000.0 291397000000.0 34467400000.0 71494800000.0 704932000.0 125558000.0 444002000000.0 325077000.0 12368400.0 2036240000.0 25837100000.0 9443770000.0 6457920000.0 -3.24 4.244 [-3.24]
30903000000000.0 1.29327e+16 33339100000.0 277652000000.0 31122500000.0 68267500000.0 606889000.0 137479000.0 427318000000.0 266734000.0 9713790.0 2041340000.0 25050200000.0 8878850000.0 5684310000.0 -3.22 4.241 [-3.22]
30903000000000.0 1.22878e+16 33175700000.0 264413000000.0 28066700000.0 65122400000.0 521981000.0 150341000.0 410609000000.0 218390000.0 7613420.0 2045890000.0 24254700000.0 8333910000.0 4996050000.0 -3.2 4.237 [-3.2]
30903000000000.0 1.16753e+16 33003100000.0 251670000000.0 25278500000.0 62060700000.0 448521000.0 164194000.0 393920000000.0 178416000.0 5954980.0 2050040000.0 23454900000.0 7809680000.0 4384970000.0 -3.18 4.234 [-3.18]
30903000000000.0 1.10938e+16 32821300000.0 239418000000.0 22738600000.0 59084200000.0 385049000.0 179085000.0 377300000000.0 145443000.0 4648580.0 2053890000.0 22654500000.0 7306940000.0 3843640000.0 -3.16 4.231 [-3.16]
30903000000000.0 1.05401e+16 32629400000.0 227613000000.0 20422900000.0 56185500000.0 330149000.0 195089000.0 360744000000.0 118253000.0 3619710.0 2057620000.0 21853900000.0 6824970000.0 3364070000.0 -3.14 4.227 [-3.14]
30903000000000.0 1.00156e+16 32429200000.0 216307000000.0 18323800000.0 53379900000.0 282910000.0 212204000.0 344382000000.0 95969900.0 2814360.0 2061180000.0 21061000000.0 6366330000.0 2941580000.0 -3.12 4.224 [-3.12]
30903000000000.0 9517600000000000.0 32220000000.0 205458000000.0 16419500000.0 50660300000.0 242214000.0 230497000.0 328209000000.0 77711800.0 2183940.0 2064700000.0 20276000000.0 5929830000.0 2569270000.0 -3.1 4.22 [-3.1]
30903000000000.0 9044650000000000.0 32001900000.0 195054000000.0 14694300000.0 48026700000.0 207188000.0 250010000.0 312264000000.0 62785600.0 1691480.0 2068250000.0 19501000000.0 5515330000.0 2241690000.0 -3.08 4.217 [-3.08]
30903000000000.0 8595510000000000.0 31775000000.0 185085000000.0 13133600000.0 45478700000.0 177072000.0 270778000.0 296581000000.0 50611200.0 1307590.0 2071870000.0 18738000000.0 5122580000.0 1953910000.0 -3.06 4.213 [-3.06]
30903000000000.0 8170060000000000.0 31540100000.0 175562000000.0 11726600000.0 43022100000.0 151249000.0 292801000.0 281231000000.0 40721700.0 1009460.0 2075510000.0 17990700000.0 4752090000.0 1701880000.0 -3.04 4.21 [-3.04]
30903000000000.0 7764910000000000.0 31295400000.0 166421000000.0 10454400000.0 40643800000.0 129035000.0 316172000.0 266165000000.0 32675000.0 777469.0 2079350000.0 17255900000.0 4401540000.0 1480600000.0 -3.02 4.207 [-3.02]
30903000000000.0 7380190000000000.0 31042300000.0 157680000000.0 9308510000.0 38349900000.0 109986000.0 340878000.0 251454000000.0 26158200.0 597735.0 2083300000.0 16537300000.0 4071320000.0 1286980000.0 -3.0 4.203 [-3.0]
30903000000000.0 7014840000000000.0 30780400000.0 149324000000.0 8277770000.0 36139400000.0 93665300.0 366929000.0 237123000000.0 20892500.0 458748.0 2087370000.0 15835700000.0 3760820000.0 1117740000.0 -2.98 4.2 [-2.98]
30903000000000.0 6667870000000000.0 30510000000.0 141342000000.0 7351950000.0 34011500000.0 79693500.0 394330000.0 223193000000.0 16647700.0 351477.0 2091520000.0 15151700000.0 3469370000.0 969979000.0 -2.96 4.197 [-2.96]
30903000000000.0 6338360000000000.0 30231000000.0 133721000000.0 6521560000.0 31965300000.0 67743000.0 423074000.0 209687000000.0 13234100.0 268842.0 2095740000.0 14486000000.0 3196270000.0 841105000.0 -2.94 4.193 [-2.94]
30903000000000.0 6025410000000000.0 29943500000.0 126448000000.0 5777820000.0 29999800000.0 57529700.0 453145000.0 196621000000.0 10495600.0 205302.0 2099990000.0 13838900000.0 2940800000.0 728810000.0 -2.92 4.19 [-2.92]
30903000000000.0 5728200000000000.0 29647600000.0 119512000000.0 5112620000.0 28114000000.0 48808500.0 484513000.0 184012000000.0 8303930.0 156533.0 2104220000.0 13210700000.0 2702200000.0 631054000.0 -2.9 4.187 [-2.9]
30903000000000.0 5445910000000000.0 29343200000.0 112902000000.0 4518520000.0 26306900000.0 41367900.0 517139000.0 171873000000.0 6554250.0 119168.0 2108390000.0 12601600000.0 2479720000.0 546030000.0 -2.88 4.184 [-2.88]
30903000000000.0 5177810000000000.0 29030700000.0 106605000000.0 3988660000.0 24577500000.0 35025100.0 550969000.0 160215000000.0 5160820.0 90588.8 2112420000.0 12011600000.0 2272600000.0 472142000.0 -2.86 4.18 [-2.86]
30903000000000.0 4922520000000000.0 28709000000.0 100594000000.0 3515810000.0 22921000000.0 29613400.0 585989000.0 149022000000.0 4052100.0 68731.3 2116310000.0 11439200000.0 2079630000.0 407872000.0 -2.84 4.177 [-2.84]
30903000000000.0 4680690000000000.0 28380300000.0 94890900000.0 3096210000.0 21344000000.0 25018600.0 622019000.0 138351000000.0 3175330.0 52105.0 2119880000.0 10887500000.0 1900990000.0 352222000.0 -2.82 4.174 [-2.82]
30903000000000.0 4451000000000000.0 28043800000.0 89467000000.0 2723530000.0 19841500000.0 21112500.0 659017000.0 128180000000.0 2482290.0 39450.2 2123100000.0 10354800000.0 1735470000.0 303974000.0 -2.8 4.171 [-2.8]
30903000000000.0 4233370000000000.0 27700500000.0 84324800000.0 2393630000.0 18415400000.0 17801200.0 696827000.0 118531000000.0 1936720.0 0.0 2125870000.0 9842090000.0 1582670000.0 262246000.0 -2.78 4.168 [-2.78]
30903000000000.0 4026090000000000.0 27348700000.0 79427000000.0 2100740000.0 17058000000.0 14985900.0 735443000.0 109362000000.0 1506780.0 0.0 2128180000.0 9346450000.0 1441170000.0 226046000.0 -2.76 4.165 [-2.76]
30903000000000.0 3829180000000000.0 26989600000.0 74776800000.0 1841650000.0 15771400000.0 12599900.0 774686000.0 100690000000.0 1169500.0 0.0 2129910000.0 8869040000.0 1310640000.0 194725000.0 -2.74 4.162 [-2.74]
30903000000000.0 3641650000000000.0 26622400000.0 70352800000.0 1612290000.0 14551700000.0 10576400.0 814483000.0 92493800000.0 905155.0 0.0 2131020000.0 8408280000.0 1190150000.0 167597000.0 -2.72 4.159 [-2.72]
30903000000000.0 3463930000000000.0 26249300000.0 66168000000.0 1410350000.0 13402700000.0 8868880.0 854579000.0 84801500000.0 699232.0 0.0 2131360000.0 7966360000.0 1079610000.0 144201000.0 -2.7 4.156 [-2.7]
30903000000000.0 3295600000000000.0 25870900000.0 62213000000.0 1232800000.0 12323000000.0 7429700.0 894821000.0 77603200000.0 539193.0 0.0 2130830000.0 7543110000.0 978365000.0 124040000.0 -2.68 4.153 [-2.68]
30903000000000.0 3134770000000000.0 25483900000.0 58445400000.0 1075830000.0 11303500000.0 6210870.0 935246000.0 70840100000.0 414439.0 0.0 2129470000.0 7134320000.0 885075000.0 106570000.0 -2.66 4.15 [-2.66]
30903000000000.0 2982380000000000.0 25092100000.0 54888100000.0 938169000.0 10349700000.0 5186410.0 975523000.0 64545900000.0 317993.0 0.0 2127100000.0 6743320000.0 799889000.0 91535500.0 -2.64 4.147 [-2.64]
30903000000000.0 2837590000000000.0 24694600000.0 51521900000.0 817306000.0 9457410000.0 4324660.0 1015560000.0 58691400000.0 243461.0 0.0 2123680000.0 6368540000.0 722020000.0 78576300.0 -2.62 4.144 [-2.62]
30903000000000.0 2700010000000000.0 24291800000.0 48338400000.0 711319000.0 8624810000.0 3600820.0 1055220000.0 53261100000.0 186004.0 0.0 2119150000.0 6009640000.0 650947000.0 67413400.0 -2.6 4.141 [-2.6]
30903000000000.0 2569270000000000.0 23884100000.0 45329300000.0 618483000.0 7849820000.0 2993710.0 1094360000.0 48238100000.0 141816.0 0.0 2113440000.0 5666210000.0 586171000.0 57803300.0 -2.58 4.139 [-2.58]
30903000000000.0 2445030000000000.0 23471900000.0 42486700000.0 537259000.0 7130310000.0 2485270.0 1132850000.0 43604800000.0 107910.0 0.0 2106490000.0 5337890000.0 527222000.0 49534800.0 -2.56 4.136 [-2.56]
30903000000000.0 2327310000000000.0 23056800000.0 39810500000.0 466429000.0 6465540000.0 2060950.0 1170500000.0 39351600000.0 81997.0 0.0 2098260000.0 5025240000.0 473786000.0 42439200.0 -2.54 4.133 [-2.54]
30903000000000.0 2215080000000000.0 22636800000.0 37277600000.0 404445000.0 5850130000.0 1705900.0 1207320000.0 35440400000.0 62160.3 0.0 2088700000.0 4725950000.0 425167000.0 36327800.0 -2.52 4.13 [-2.52]
30903000000000.0 2108110000000000.0 22212100000.0 34881900000.0 350274000.0 5281990000.0 1409400.0 1243210000.0 31853700000.0 47014.4 0.0 2077760000.0 4439730000.0 381003000.0 31068200.0 -2.5 4.128 [-2.5]
30903000000000.0 2007050000000000.0 21787300000.0 32637600000.0 303309000.0 4762480000.0 1163700.0 1277900000.0 28595100000.0 35538.9 0.0 2065460000.0 4168850000.0 341254000.0 26573800.0 -2.48 4.125 [-2.48]
30903000000000.0 1910390000000000.0 21357300000.0 30510200000.0 262242000.0 4284180000.0 958690.0 1311550000.0 25614600000.0 26792.3 0.0 2051690000.0 3909420000.0 305146000.0 22700900.0 -2.46 4.123 [-2.46]
30903000000000.0 1818800000000000.0 20926800000.0 28513900000.0 226633000.0 3848130000.0 789037.0 1343910000.0 22914300000.0 20179.9 0.0 2036520000.0 3663650000.0 272658000.0 19388800.0 -2.44 4.12 [-2.44]
30903000000000.0 1731730000000000.0 20494800000.0 26635600000.0 195708000.0 3450620000.0 648538.0 1375010000.0 20467800000.0 15178.6 0.0 2019910000.0 3430260000.0 243385000.0 16551100.0 -2.42 4.117 [-2.42]
30903000000000.0 1648960000000000.0 20061800000.0 24869300000.0 168877000.0 3089140000.0 532368.0 1404800000.0 18256100000.0 11402.3 0.0 2001880000.0 3208880000.0 217043000.0 14121200.0 -2.4 4.115 [-2.4]
30903000000000.0 1570270000000000.0 19628300000.0 23209400000.0 145619000.0 2761220000.0 436463.0 1433240000.0 16261200000.0 0.0 0.0 1982440000.0 2999120000.0 193371000.0 12041900.0 -2.38 4.112 [-2.38]
30903000000000.0 1495450000000000.0 19194800000.0 21650200000.0 125475000.0 2464410000.0 357401.0 1460340000.0 14465400000.0 0.0 0.0 1961600000.0 2800540000.0 172123000.0 10263400.0 -2.36 4.11 [-2.36]
30903000000000.0 1424320000000000.0 18761800000.0 20186800000.0 108047000.0 2196420000.0 292332.0 1486090000.0 12852300000.0 0.0 0.0 1939400000.0 2612820000.0 153079000.0 8743440.0 -2.34 4.108 [-2.34]
30903000000000.0 1356680000000000.0 18329700000.0 18813900000.0 92979800.0 1954960000.0 238851.0 1510490000.0 11406000000.0 0.0 0.0 1915870000.0 2435540000.0 136029000.0 7445050.0 -2.32 4.105 [-2.32]
30903000000000.0 1292370000000000.0 17899000000.0 17526800000.0 79965100.0 1737850000.0 194954.0 1533550000.0 10111600000.0 0.0 0.0 1891070000.0 2268300000.0 120783000.0 6336600.0 -2.3 4.103 [-2.3]
30903000000000.0 1231210000000000.0 17470200000.0 16320700000.0 68732200.0 1543040000.0 158973.0 1555300000.0 8955080000.0 0.0 0.0 1865040000.0 2110720000.0 107165000.0 5390850.0 -2.28 4.1 [-2.28]
30903000000000.0 1173050000000000.0 17043800000.0 15191300000.0 59044600.0 1368540000.0 129516.0 1575770000.0 7923440000.0 0.0 0.0 1837850000.0 1962410000.0 95015900.0 4584360.0 -2.26 4.098 [-2.26]
30903000000000.0 1117970000000000.0 16622000000.0 14138800000.0 50722000.0 1213010000.0 105492.0 1594960000.0 7007280000.0 0.0 0.0 1809670000.0 1823620000.0 84224600.0 3899080.0 -2.24 4.096 [-2.24]
30903000000000.0 1065370000000000.0 16201700000.0 13149900000.0 43529900.0 1073740000.0 85808.5 1612970000.0 6189840000.0 0.0 0.0 1780360000.0 1692690000.0 74581400.0 3313360.0 -2.22 4.093 [-2.22]
30903000000000.0 1015330000000000.0 15785000000.0 12225500000.0 37340500.0 949625000.0 69748.8 1629820000.0 5463750000.0 0.0 0.0 1750100000.0 1569880000.0 66004300.0 2814700.0 -2.2 4.091 [-2.2]
30903000000000.0 967733000000000.0 15372400000.0 11361800000.0 32017700.0 839191000.0 56658.7 1645550000.0 4819630000.0 0.0 0.0 1718970000.0 1454830000.0 58382900.0 2390390.0 -2.18 4.089 [-2.18]
30903000000000.0 922462000000000.0 14964200000.0 10555400000.0 27443000.0 741062000.0 45998.8 1660200000.0 4248870000.0 0.0 0.0 1687060000.0 1347180000.0 51616600.0 2029500.0 -2.16 4.087 [-2.16]
30903000000000.0 879397000000000.0 14560900000.0 9802760000.0 23513600.0 653979000.0 37325.2 1673830000.0 3743650000.0 0.0 0.0 1654450000.0 1246550000.0 45614600.0 1722700.0 -2.14 4.085 [-2.14]
