Cloudy_runs/component_II_nH/component_II_nH_col_density_param.txt
# %ECSV 1.0
# ---
# datatype:
# - {name: H, datatype: float64}
# - {name: H+, datatype: float64}
# - {name: C+, datatype: float64}
# - {name: C+2, datatype: float64}
# - {name: C+3, datatype: float64}
# - {name: O+5, datatype: float64}
# - {name: O+6, datatype: float64}
# - {name: Si+, datatype: float64}
# - {name: Si+2, datatype: float64}
# - {name: Si+3, datatype: float64}
# - {name: log_nH, datatype: float64}
# - {name: parameters, datatype: string, subtype: 'float64[1]'}
# schema: astropy-2.0
H H+ C+ C+2 C+3 O+5 O+6 Si+ Si+2 Si+3 log_nH parameters
134896000000000.0 1.07165e+19 8693390000.0 3879610000000.0 36131700000000.0 948148000000000.0 2660840000000000.0 2380990.0 239236000.0 2860720000.0 -5.0 [-5.0]
134896000000000.0 1.00751e+19 9332210000.0 4129280000000.0 37340500000000.0 927750000000000.0 2456030000000000.0 2855440.0 283299000.0 3324130000.0 -4.98 [-4.98]
134896000000000.0 9.47659e+18 10008300000.0 4387480000000.0 38526400000000.0 906179000000000.0 2264140000000000.0 3415600.0 334677000.0 3853890000.0 -4.96 [-4.96]
134896000000000.0 8.91801e+18 10725100000.0 4654180000000.0 39685900000000.0 883522000000000.0 2084620000000000.0 4075830.0 394454000.0 4457760000.0 -4.94 [-4.94]
134896000000000.0 8.39583e+18 11484600000.0 4929420000000.0 40817400000000.0 859867000000000.0 1916740000000000.0 4852300.0 463871000.0 5145190000.0 -4.92 [-4.92]
134896000000000.0 7.9077e+18 12291000000.0 5213190000000.0 41918100000000.0 835312000000000.0 1760030000000000.0 5764170.0 544318000.0 5925570000.0 -4.9 [-4.9]
134896000000000.0 7.45083e+18 13147100000.0 5505500000000.0 42986000000000.0 809946000000000.0 1613860000000000.0 6832950.0 637369000.0 6809950000.0 -4.88 [-4.88]
134896000000000.0 7.02275e+18 14055600000.0 5806310000000.0 44019300000000.0 783863000000000.0 1477640000000000.0 8083100.0 744799000.0 7810600000.0 -4.86 [-4.86]
134896000000000.0 6.62165e+18 15021800000.0 6115640000000.0 45015700000000.0 757175000000000.0 1350910000000000.0 9543690.0 868596000.0 8939780000.0 -4.84 [-4.84]
134896000000000.0 6.2454e+18 16048700000.0 6433400000000.0 45973700000000.0 729982000000000.0 1233120000000000.0 11246600.0 1010980000.0 10212000000.0 -4.82 [-4.82]
134896000000000.0 5.89229e+18 17140900000.0 6759590000000.0 46891400000000.0 702374000000000.0 1123800000000000.0 13228900.0 1174430000.0 11642400000.0 -4.8 [-4.8]
134896000000000.0 5.56064e+18 18303300000.0 7094280000000.0 47767100000000.0 674448000000000.0 1022490000000000.0 15532700.0 1361740000.0 13247700000.0 -4.78 [-4.78]
134896000000000.0 5.24896e+18 19539500000.0 7437010000000.0 48599400000000.0 646312000000000.0 928720000000000.0 18205100.0 1575970000.0 15046000000.0 -4.76 [-4.76]
134896000000000.0 4.95585e+18 20855000000.0 7787800000000.0 49386900000000.0 618061000000000.0 842069000000000.0 21300100.0 1820560000.0 17056800000.0 -4.74 [-4.74]
134896000000000.0 4.68001e+18 22253400000.0 8146360000000.0 50128900000000.0 589799000000000.0 762110000000000.0 24877300.0 2099300000.0 19302000000.0 -4.72 [-4.72]
134896000000000.0 4.42045e+18 23743800000.0 8513060000000.0 50823700000000.0 561631000000000.0 688488000000000.0 29007200.0 2416380000.0 21803000000.0 -4.7 [-4.7]
134896000000000.0 4.17598e+18 25328600000.0 8887000000000.0 51470600000000.0 533654000000000.0 620776000000000.0 33764600.0 2776380000.0 24585100000.0 -4.68 [-4.68]
134896000000000.0 3.94552e+18 27013200000.0 9268100000000.0 52068500000000.0 505952000000000.0 558605000000000.0 39233400.0 3184350000.0 27676000000.0 -4.66 [-4.66]
134896000000000.0 3.72817e+18 28801900000.0 9655510000000.0 52616800000000.0 478613000000000.0 501632000000000.0 45507300.0 3645750000.0 31104300000.0 -4.64 [-4.64]
134896000000000.0 3.52337e+18 30709300000.0 10050100000000.0 53113900000000.0 451734000000000.0 449575000000000.0 52702100.0 4166780000.0 34895500000.0 -4.62 [-4.62]
134896000000000.0 3.33019e+18 32739500000.0 10451000000000.0 53559100000000.0 425393000000000.0 402075000000000.0 60933800.0 4753970000.0 39083400000.0 -4.6 [-4.6]
134896000000000.0 3.14794e+18 34901400000.0 10858100000000.0 53951800000000.0 399664000000000.0 358829000000000.0 70337700.0 5414510000.0 43700600000.0 -4.58 [-4.58]
134896000000000.0 2.97588e+18 37200600000.0 11270600000000.0 54291300000000.0 374612000000000.0 319535000000000.0 81056600.0 6156040000.0 48784300000.0 -4.56 [-4.56]
134896000000000.0 2.81345e+18 39648800000.0 11688500000000.0 54576800000000.0 350305000000000.0 283914000000000.0 93259600.0 6987030000.0 54369600000.0 -4.54 [-4.54]
134896000000000.0 2.66017e+18 42260100000.0 12111600000000.0 54807400000000.0 326803000000000.0 251717000000000.0 107141000.0 7916720000.0 60490500000.0 -4.52 [-4.52]
134896000000000.0 2.51539e+18 45041200000.0 12539400000000.0 54982700000000.0 304149000000000.0 222665000000000.0 122894000.0 8954630000.0 67191500000.0 -4.5 [-4.5]
134896000000000.0 2.3786e+18 48002800000.0 12971200000000.0 55102300000000.0 282383000000000.0 196520000000000.0 140742000.0 10111200000.0 74513600000.0 -4.48 [-4.48]
134896000000000.0 2.24935e+18 51158500000.0 13406800000000.0 55165600000000.0 261539000000000.0 173048000000000.0 160934000.0 11397400000.0 82499800000.0 -4.46 [-4.46]
134896000000000.0 2.12719e+18 54518700000.0 13845100000000.0 55171900000000.0 241644000000000.0 152028000000000.0 183741000.0 12825000000.0 91193100000.0 -4.44 [-4.44]
134896000000000.0 2.01153e+18 58081500000.0 14283500000000.0 55121100000000.0 222705000000000.0 133230000000000.0 209407000.0 14405100000.0 100655000000.0 -4.42 [-4.42]
134896000000000.0 1.90215e+18 61874000000.0 14723600000000.0 55012400000000.0 204745000000000.0 116479000000000.0 238291000.0 16151500000.0 110922000000.0 -4.4 [-4.4]
134896000000000.0 1.79876e+18 65915100000.0 15164900000000.0 54845600000000.0 187774000000000.0 101596000000000.0 270773000.0 18078400000.0 122033000000.0 -4.38 [-4.38]
134896000000000.0 1.70101e+18 70222400000.0 15606900000000.0 54620500000000.0 171790000000000.0 88407600000000.0 307259000.0 20200600000.0 134034000000.0 -4.36 [-4.36]
134896000000000.0 1.60862e+18 74814400000.0 16049200000000.0 54336800000000.0 156786000000000.0 76752500000000.0 348202000.0 22533400000.0 146965000000.0 -4.34 [-4.34]
134896000000000.0 1.52128e+18 79712100000.0 16491400000000.0 53994500000000.0 142749000000000.0 66483800000000.0 394106000.0 25093300000.0 160868000000.0 -4.32 [-4.32]
134896000000000.0 1.43873e+18 84936200000.0 16932900000000.0 53593700000000.0 129658000000000.0 57463500000000.0 445530000.0 27897500000.0 175779000000.0 -4.3 [-4.3]
134896000000000.0 1.3607e+18 90508700000.0 17373100000000.0 53134300000000.0 117489000000000.0 49560500000000.0 503093000.0 30963700000.0 191733000000.0 -4.28 [-4.28]
134896000000000.0 1.28694e+18 96452200000.0 17811400000000.0 52616700000000.0 106215000000000.0 42654400000000.0 567484000.0 34310800000.0 208760000000.0 -4.26 [-4.26]
134896000000000.0 1.21724e+18 102791000000.0 18247300000000.0 52041200000000.0 95802200000000.0 36635000000000.0 639475000.0 37958600000.0 226888000000.0 -4.24 [-4.24]
134896000000000.0 1.15136e+18 109550000000.0 18679900000000.0 51408500000000.0 86216100000000.0 31401900000000.0 719918000.0 41927400000.0 246134000000.0 -4.22 [-4.22]
134896000000000.0 1.08911e+18 116754000000.0 19108500000000.0 50719100000000.0 77418100000000.0 26863700000000.0 809767000.0 46238600000.0 266512000000.0 -4.2 [-4.2]
134896000000000.0 1.03028e+18 124428000000.0 19532400000000.0 49974100000000.0 69367800000000.0 22937700000000.0 910075000.0 50914300000.0 288030000000.0 -4.18 [-4.18]
134896000000000.0 9.74703e+17 132600000000.0 19950600000000.0 49174600000000.0 62024500000000.0 19549800000000.0 1022050000.0 55978400000.0 310680000000.0 -4.16 [-4.16]
134896000000000.0 9.22202e+17 141295000000.0 20362400000000.0 48321900000000.0 55345400000000.0 16633000000000.0 1147010000.0 61455200000.0 334450000000.0 -4.14 [-4.14]
134896000000000.0 8.726e+17 150536000000.0 20766300000000.0 47417500000000.0 49287200000000.0 14127300000000.0 1286390000.0 67368700000.0 359323000000.0 -4.12 [-4.12]
134896000000000.0 8.25741e+17 160348000000.0 21161100000000.0 46463100000000.0 43807200000000.0 11979400000000.0 1441790000.0 73744300000.0 385269000000.0 -4.1 [-4.1]
134896000000000.0 7.81476e+17 170751000000.0 21545400000000.0 45460900000000.0 38863700000000.0 10142000000000.0 1615010000.0 80608000000.0 412243000000.0 -4.08 [-4.08]
134896000000000.0 7.39668e+17 181766000000.0 21917900000000.0 44413200000000.0 34415700000000.0 8573660000000.0 1808020000.0 87986500000.0 440192000000.0 -4.06 [-4.06]
134896000000000.0 7.00171e+17 193411000000.0 22276700000000.0 43322400000000.0 30423300000000.0 7237300000000.0 2022950000.0 95905100000.0 469054000000.0 -4.04 [-4.04]
134896000000000.0 6.62851e+17 205696000000.0 22619800000000.0 42191200000000.0 26847800000000.0 6100570000000.0 2262090000.0 104388000000.0 498761000000.0 -4.02 [-4.02]
134896000000000.0 6.27596e+17 218635000000.0 22945800000000.0 41022700000000.0 23653600000000.0 5135530000000.0 2528080000.0 113463000000.0 529217000000.0 -4.0 [-4.0]
134896000000000.0 5.94287e+17 232235000000.0 23252600000000.0 39820300000000.0 20806300000000.0 4317600000000.0 2823710000.0 123153000000.0 560323000000.0 -3.98 [-3.98]
134896000000000.0 5.62809e+17 246498000000.0 23538100000000.0 38587200000000.0 18273200000000.0 3625360000000.0 3151960000.0 133480000000.0 591975000000.0 -3.96 [-3.96]
134896000000000.0 5.33071e+17 261424000000.0 23800700000000.0 37327500000000.0 16024700000000.0 3040560000000.0 3516220000.0 144470000000.0 624037000000.0 -3.94 [-3.94]
134896000000000.0 5.04973e+17 277006000000.0 24038400000000.0 36045200000000.0 14032800000000.0 2547250000000.0 3920060000.0 156141000000.0 656367000000.0 -3.92 [-3.92]
134896000000000.0 4.78424e+17 293236000000.0 24249600000000.0 34744300000000.0 12271600000000.0 2131690000000.0 4367320000.0 168512000000.0 688820000000.0 -3.9 [-3.9]
134896000000000.0 4.53338e+17 310080000000.0 24431200000000.0 33429800000000.0 10717100000000.0 1782090000000.0 4862010000.0 181596000000.0 721231000000.0 -3.88 [-3.88]
134896000000000.0 4.29637e+17 327543000000.0 24583800000000.0 32105500000000.0 9347560000000.0 1488410000000.0 5408660000.0 195408000000.0 753433000000.0 -3.86 [-3.86]
134896000000000.0 4.07237e+17 345574000000.0 24704000000000.0 30776200000000.0 8142860000000.0 1241940000000.0 6011680000.0 209949000000.0 785247000000.0 -3.84 [-3.84]
134896000000000.0 3.86065e+17 364144000000.0 24790900000000.0 29446600000000.0 7084790000000.0 1035330000000.0 6675910000.0 225219000000.0 816490000000.0 -3.82 [-3.82]
134896000000000.0 3.66051e+17 383213000000.0 24843200000000.0 28121000000000.0 6156940000000.0 862316000000.0 7406380000.0 241215000000.0 846976000000.0 -3.8 [-3.8]
134896000000000.0 3.47113e+17 402748000000.0 24859600000000.0 26802900000000.0 5343750000000.0 717473000000.0 8209070000.0 257935000000.0 876504000000.0 -3.78 [-3.78]
134896000000000.0 3.29235e+17 422657000000.0 24840100000000.0 25499600000000.0 4633850000000.0 596623000000.0 9086780000.0 275314000000.0 904863000000.0 -3.76 [-3.76]
134896000000000.0 3.12307e+17 442924000000.0 24783000000000.0 24212200000000.0 4013150000000.0 495605000000.0 10047500000.0 293366000000.0 931873000000.0 -3.74 [-3.74]
134896000000000.0 2.96288e+17 463497000000.0 24689100000000.0 22945000000000.0 3471520000000.0 411310000000.0 11096900000.0 312061000000.0 957307000000.0 -3.72 [-3.72]
134896000000000.0 2.81142e+17 484283000000.0 24558300000000.0 21703200000000.0 3000040000000.0 341101000000.0 12238200000.0 331310000000.0 980987000000.0 -3.7 [-3.7]
134896000000000.0 2.66809e+17 505234000000.0 24390800000000.0 20489600000000.0 2589790000000.0 282632000000.0 13477900000.0 351072000000.0 1002720000000.0 -3.68 [-3.68]
134896000000000.0 2.53242e+17 526284000000.0 24187400000000.0 19307300000000.0 2233240000000.0 233983000000.0 14821200000.0 371281000000.0 1022320000000.0 -3.66 [-3.66]
134896000000000.0 2.40409e+17 547346000000.0 23949000000000.0 18160000000000.0 1923960000000.0 193566000000.0 16271500000.0 391836000000.0 1039610000000.0 -3.64 [-3.64]
134896000000000.0 2.28247e+17 568392000000.0 23676300000000.0 17048300000000.0 1655530000000.0 159963000000.0 17836200000.0 412683000000.0 1054430000000.0 -3.62 [-3.62]
134896000000000.0 2.16719e+17 589365000000.0 23371200000000.0 15974100000000.0 1422810000000.0 132052000000.0 19519900000.0 433727000000.0 1066620000000.0 -3.6 [-3.6]
134896000000000.0 2.05808e+17 610150000000.0 23035200000000.0 14941400000000.0 1221640000000.0 108925000000.0 21322900000.0 454814000000.0 1076080000000.0 -3.58 [-3.58]
134896000000000.0 1.95468e+17 630712000000.0 22670200000000.0 13950100000000.0 1047750000000.0 89759900000.0 23250200000.0 475846000000.0 1082670000000.0 -3.56 [-3.56]
134896000000000.0 1.85669e+17 650985000000.0 22278000000000.0 13001700000000.0 897603000000.0 73893300000.0 25303900000.0 496696000000.0 1086340000000.0 -3.54 [-3.54]
134896000000000.0 1.7638e+17 670921000000.0 21861000000000.0 12096500000000.0 768102000000.0 60768500000.0 27486000000.0 517232000000.0 1087000000000.0 -3.52 [-3.52]
134896000000000.0 1.67577e+17 690439000000.0 21421300000000.0 11235700000000.0 656594000000.0 49926900000.0 29795500000.0 537289000000.0 1084660000000.0 -3.5 [-3.5]
134896000000000.0 1.59225e+17 709551000000.0 20961100000000.0 10417900000000.0 560521000000.0 40967900000.0 32236900000.0 556813000000.0 1079240000000.0 -3.48 [-3.48]
134896000000000.0 1.51309e+17 728152000000.0 20483200000000.0 9644340000000.0 477999000000.0 33583700000.0 34804000000.0 575588000000.0 1070840000000.0 -3.46 [-3.46]
134896000000000.0 1.4381e+17 746197000000.0 19990200000000.0 8914800000000.0 407215000000.0 27505300000.0 37493300000.0 593477000000.0 1059530000000.0 -3.44 [-3.44]
134896000000000.0 1.36685e+17 763690000000.0 19482900000000.0 8226570000000.0 346411000000.0 22494200000.0 40308800000.0 610368000000.0 1045310000000.0 -3.42 [-3.42]
134896000000000.0 1.29924e+17 780579000000.0 18964500000000.0 7579770000000.0 294317000000.0 18373600000.0 43242900000.0 626120000000.0 1028340000000.0 -3.4 [-3.4]
134896000000000.0 1.23497e+17 796854000000.0 18436300000000.0 6972440000000.0 249676000000.0 14984500000.0 46295100000.0 640619000000.0 1008700000000.0 -3.38 [-3.38]
134896000000000.0 1.17406e+17 812445000000.0 17902100000000.0 6405000000000.0 211572000000.0 12207700000.0 49451300000.0 653728000000.0 986653000000.0 -3.36 [-3.36]
134896000000000.0 1.11631e+17 827327000000.0 17364100000000.0 5876040000000.0 179086000000.0 9934940000.0 52704200000.0 665352000000.0 962411000000.0 -3.34 [-3.34]
134896000000000.0 1.0614e+17 841533000000.0 16822400000000.0 5382410000000.0 151343000000.0 8071810000.0 56055400000.0 675422000000.0 936048000000.0 -3.32 [-3.32]
134896000000000.0 1.00923e+17 855021000000.0 16279700000000.0 4923300000000.0 127714000000.0 6548430000.0 59493600000.0 683845000000.0 907840000000.0 -3.3 [-3.3]
134896000000000.0 9.59711e+16 867781000000.0 15738100000000.0 4497450000000.0 107624000000.0 5305230000.0 63006400000.0 690590000000.0 878041000000.0 -3.28 [-3.28]
134896000000000.0 9.12661e+16 879802000000.0 15198800000000.0 4102940000000.0 90559500000.0 4291500000.0 66587800000.0 695593000000.0 846876000000.0 -3.26 [-3.26]
134896000000000.0 8.67969e+16 891082000000.0 14663400000000.0 3738220000000.0 76087100000.0 3466220000.0 70226400000.0 698845000000.0 814595000000.0 -3.24 [-3.24]
134896000000000.0 8.25511e+16 901616000000.0 14133400000000.0 3401650000000.0 63830500000.0 2795330000.0 73912400000.0 700338000000.0 781445000000.0 -3.22 [-3.22]
134896000000000.0 7.85172e+16 911405000000.0 13610000000000.0 3091570000000.0 53465200000.0 2250740000.0 77635400000.0 700084000000.0 747668000000.0 -3.2 [-3.2]
134896000000000.0 7.4684e+16 920449000000.0 13094200000000.0 2806360000000.0 44712300000.0 1809340000.0 81385300000.0 698106000000.0 713497000000.0 -3.18 [-3.18]
134896000000000.0 7.10412e+16 928754000000.0 12587000000000.0 2544450000000.0 37332200000.0 1452140000.0 85151600000.0 694446000000.0 679158000000.0 -3.16 [-3.16]
134896000000000.0 6.75733e+16 936339000000.0 12088400000000.0 2303940000000.0 31110200000.0 1163130000.0 88927800000.0 689146000000.0 644788000000.0 -3.14 [-3.14]
134896000000000.0 6.42834e+16 943182000000.0 11601000000000.0 2084140000000.0 25889800000.0 930409000.0 92694300000.0 682301000000.0 610739000000.0 -3.12 [-3.12]
134896000000000.0 6.11562e+16 949305000000.0 11124500000000.0 1883200000000.0 21508900000.0 742989000.0 96446400000.0 673970000000.0 577110000000.0 -3.1 [-3.1]
