Cloudy_runs/component_II_nH/component_II_nH_col_density_param.txt
# %ECSV 1.0
# ---
# datatype:
# - {name: H, datatype: float64}
# - {name: H+, datatype: float64}
# - {name: C+, datatype: float64}
# - {name: C+2, datatype: float64}
# - {name: C+3, datatype: float64}
# - {name: O+5, datatype: float64}
# - {name: O+6, datatype: float64}
# - {name: Si+, datatype: float64}
# - {name: Si+2, datatype: float64}
# - {name: Si+3, datatype: float64}
# - {name: log_nH, datatype: float64}
# - {name: parameters, datatype: string, subtype: 'float64[1]'}
# schema: astropy-2.0
H H+ C+ C+2 C+3 O+5 O+6 Si+ Si+2 Si+3 log_nH parameters
[from data line 97]
134896000000000.0 5.53573e+16 959432000000.0 10206300000000.0 1532530000000.0 14769000000.0 471372000.0 103866000000.0 653202000000.0 511755000000.0 -3.06 [-3.06]
134896000000000.0 5.26708e+16 963459000000.0 9765500000000.0 1380300000000.0 12206100000.0 374483000.0 107513000000.0 640962000000.0 480301000000.0 -3.04 [-3.04]
134896000000000.0 5.01165e+16 966810000000.0 9337200000000.0 1241880000000.0 10069900000.0 296991000.0 111106000000.0 627617000000.0 449809000000.0 -3.02 [-3.02]
134896000000000.0 4.7688e+16 969497000000.0 8921660000000.0 1116200000000.0 8292570000.0 235124000.0 114634000000.0 613274000000.0 420371000000.0 -3.0 [-3.0]
134896000000000.0 4.5379e+16 971534000000.0 8519030000000.0 1002220000000.0 6816530000.0 185822000.0 118087000000.0 598040000000.0 392060000000.0 -2.98 [-2.98]
134896000000000.0 4.31835e+16 972932000000.0 8129390000000.0 898985000000.0 5592900000.0 146602000.0 121456000000.0 582021000000.0 364930000000.0 -2.96 [-2.96]
134896000000000.0 4.10952e+16 973702000000.0 7752610000000.0 805559000000.0 4580210000.0 115453000.0 124736000000.0 565311000000.0 339016000000.0 -2.94 [-2.94]
134896000000000.0 3.91145e+16 973864000000.0 7389790000000.0 721326000000.0 3745370000.0 90810100.0 127906000000.0 548081000000.0 314413000000.0 -2.92 [-2.92]
134896000000000.0 3.72256e+16 973423000000.0 7038810000000.0 645101000000.0 3055600000.0 71267400.0 130974000000.0 530315000000.0 291003000000.0 -2.9 [-2.9]
134896000000000.0 3.54292e+16 972394000000.0 6700560000000.0 576372000000.0 2488060000.0 55833600.0 133924000000.0 512166000000.0 268853000000.0 -2.88 [-2.88]
134896000000000.0 3.37204e+16 970789000000.0 6374880000000.0 514464000000.0 2021960000.0 43666200.0 136747000000.0 493725000000.0 247954000000.0 -2.86 [-2.86]
134896000000000.0 3.20913e+16 968615000000.0 6060830000000.0 458655000000.0 1639310000.0 34076400.0 139439000000.0 475032000000.0 228245000000.0 -2.84 [-2.84]
134896000000000.0 3.05463e+16 965907000000.0 5759910000000.0 408631000000.0 1327020000.0 26562000.0 141972000000.0 456294000000.0 209802000000.0 -2.82 [-2.82]
134896000000000.0 2.90801e+16 962675000000.0 5471650000000.0 363810000000.0 1072500000.0 20680000.0 144345000000.0 437572000000.0 192577000000.0 -2.8 [-2.8]
134896000000000.0 2.76816e+16 958906000000.0 5194270000000.0 323513000000.0 864676000.0 16065700.0 146564000000.0 418828000000.0 176447000000.0 -2.78 [-2.78]
134896000000000.0 2.63511e+16 954625000000.0 4928310000000.0 287406000000.0 695694000.0 12460600.0 148616000000.0 400187000000.0 161418000000.0 -2.76 [-2.76]
134896000000000.0 2.50852e+16 949844000000.0 4673450000000.0 255087000000.0 558573000.0 9648740.0 150491000000.0 381714000000.0 147446000000.0 -2.74 [-2.74]
134896000000000.0 2.38807e+16 944575000000.0 4429420000000.0 226188000000.0 447536000.0 7459470.0 152183000000.0 363466000000.0 134482000000.0 -2.72 [-2.72]
134896000000000.0 2.27317e+16 938809000000.0 4195310000000.0 200319000000.0 357663000.0 5755020.0 153691000000.0 345447000000.0 122452000000.0 -2.7 [-2.7]
134896000000000.0 2.16413e+16 932597000000.0 3972070000000.0 177289000000.0 285347000.0 4435460.0 154997000000.0 327811000000.0 111365000000.0 -2.68 [-2.68]
134896000000000.0 2.06038e+16 925932000000.0 3758730000000.0 156759000000.0 227160000.0 3413330.0 156102000000.0 310549000000.0 101142000000.0 -2.66 [-2.66]
134896000000000.0 1.96164e+16 918824000000.0 3555000000000.0 138476000000.0 180446000.0 2622890.0 157000000000.0 293700000000.0 91732800000.0 -2.64 [-2.64]
134896000000000.0 1.86768e+16 911287000000.0 3360560000000.0 122210000000.0 143022000.0 2012610.0 157688000000.0 277298000000.0 83088400000.0 -2.62 [-2.62]
134896000000000.0 1.77826e+16 903331000000.0 3175090000000.0 107753000000.0 113109000.0 1542190.0 158164000000.0 261373000000.0 75161400000.0 -2.6 [-2.6]
134896000000000.0 1.69315e+16 894968000000.0 2998300000000.0 94916100000.0 89251600.0 1180130.0 158424000000.0 245951000000.0 67904500000.0 -2.58 [-2.58]
134896000000000.0 1.61236e+16 886237000000.0 2830300000000.0 83553300000.0 70298600.0 0.0 158467000000.0 231095000000.0 61288000000.0 -2.56 [-2.56]
134896000000000.0 1.53505e+16 877070000000.0 2669470000000.0 73438900000.0 55195800.0 0.0 158296000000.0 216694000000.0 55221200000.0 -2.54 [-2.54]
134896000000000.0 1.46165e+16 867557000000.0 2516830000000.0 64505900000.0 43257700.0 0.0 157909000000.0 202889000000.0 49709000000.0 -2.52 [-2.52]
134896000000000.0 1.39178e+16 857684000000.0 2371660000000.0 56605200000.0 33823700.0 0.0 157310000000.0 189647000000.0 44695500000.0 -2.5 [-2.5]
134896000000000.0 1.32526e+16 847465000000.0 2233640000000.0 49624300000.0 26385900.0 0.0 156502000000.0 176974000000.0 40142500000.0 -2.48 [-2.48]
134896000000000.0 1.26192e+16 836910000000.0 2102510000000.0 43462500000.0 20536100.0 0.0 155489000000.0 164872000000.0 36013900000.0 -2.46 [-2.46]
134896000000000.0 1.20162e+16 826033000000.0 1977990000000.0 38028900000.0 15946100.0 0.0 154277000000.0 153341000000.0 32275500000.0 -2.44 [-2.44]
134896000000000.0 1.14419e+16 814847000000.0 1859810000000.0 33242100000.0 12353300.0 0.0 152872000000.0 142378000000.0 28895100000.0 -2.42 [-2.42]
134896000000000.0 1.0895e+16 803364000000.0 1747700000000.0 29029400000.0 9547860.0 0.0 151282000000.0 131976000000.0 25842700000.0 -2.4 [-2.4]
134896000000000.0 1.03741e+16 791599000000.0 1641400000000.0 25325600000.0 7362520.0 0.0 149515000000.0 122127000000.0 23090000000.0 -2.38 [-2.38]
134896000000000.0 9877970000000000.0 779564000000.0 1540670000000.0 22072500000.0 5664320.0 0.0 147580000000.0 112821000000.0 20610700000.0 -2.36 [-2.36]
134896000000000.0 9405370000000000.0 767274000000.0 1445280000000.0 19218300000.0 4347950.0 0.0 145486000000.0 104045000000.0 18380600000.0 -2.34 [-2.34]
134896000000000.0 8956490000000000.0 754784000000.0 1355250000000.0 16722100000.0 3331760.0 0.0 143251000000.0 95813100000.0 16382100000.0 -2.32 [-2.32]
134896000000000.0 8527580000000000.0 742032000000.0 1269820000000.0 14531000000.0 2546150.0 0.0 140869000000.0 88058300000.0 14584000000.0 -2.3 [-2.3]
134896000000000.0 8118920000000000.0 729070000000.0 1189050000000.0 12614300000.0 1941550.0 0.0 138361000000.0 80789500000.0 12972300000.0 -2.28 [-2.28]
134896000000000.0 7729530000000000.0 715914000000.0 1112720000000.0 10939500000.0 1477360.0 0.0 135737000000.0 73989600000.0 11529200000.0 -2.26 [-2.26]
134896000000000.0 7358500000000000.0 702580000000.0 1040640000000.0 9477510000.0 1121800.0 0.0 133007000000.0 67641500000.0 10238700000.0 -2.24 [-2.24]
134896000000000.0 7004950000000000.0 689085000000.0 972616000000.0 8202740000.0 850102.0 0.0 130183000000.0 61727300000.0 9085800000.0 -2.22 [-2.22]
134896000000000.0 6666920000000000.0 675399000000.0 908240000000.0 7089560000.0 642548.0 0.0 127265000000.0 56209500000.0 8054080000.0 -2.2 [-2.2]
134896000000000.0 6347070000000000.0 661687000000.0 847987000000.0 6126350000.0 485355.0 0.0 124295000000.0 51127600000.0 7139720000.0 -2.18 [-2.18]
134896000000000.0 6041210000000000.0 647819000000.0 791035000000.0 5286760000.0 0.0 0.0 121254000000.0 46405200000.0 6322860000.0 -2.16 [-2.16]
134896000000000.0 5749800000000000.0 633866000000.0 737434000000.0 4557870000.0 0.0 0.0 118162000000.0 42042800000.0 5596070000.0 -2.14 [-2.14]
134896000000000.0 5472180000000000.0 619845000000.0 687026000000.0 3925790000.0 0.0 0.0 115029000000.0 38022000000.0 4950040000.0 -2.12 [-2.12]
134896000000000.0 5206690000000000.0 605721000000.0 639476000000.0 3376710000.0 0.0 0.0 111855000000.0 34310000000.0 4374550000.0 -2.1 [-2.1]
134896000000000.0 4955840000000000.0 591685000000.0 595184000000.0 2904580000.0 0.0 0.0 108685000000.0 30932400000.0 3867280000.0 -2.08 [-2.08]
134896000000000.0 4715010000000000.0 577528000000.0 553294000000.0 2493940000.0 0.0 0.0 105479000000.0 27815200000.0 3414580000.0 -2.06 [-2.06]
134896000000000.0 4486660000000000.0 563445000000.0 514194000000.0 2140650000.0 0.0 0.0 102285000000.0 24981300000.0 3014990000.0 -2.04 [-2.04]
134896000000000.0 4269270000000000.0 549398000000.0 477575000000.0 1835960000.0 0.0 0.0 99100300000.0 22399500000.0 2661290000.0 -2.02 [-2.02]
134896000000000.0 4062380000000000.0 535408000000.0 443311000000.0 1573490000.0 0.0 0.0 95932400000.0 20053300000.0 2348450000.0 -2.0 [-2.0]
134896000000000.0 3865510000000000.0 521496000000.0 411281000000.0 1347620000.0 0.0 0.0 92790100000.0 17926200000.0 2071930000.0 -1.98 [-1.98]
134896000000000.0 3678240000000000.0 507683000000.0 381365000000.0 1153450000.0 0.0 0.0 89681100000.0 16002400000.0 1827670000.0 -1.96 [-1.96]
134896000000000.0 3500130000000000.0 493989000000.0 353450000000.0 986681000.0 0.0 0.0 86612800000.0 14266600000.0 1612020000.0 -1.94 [-1.94]
134896000000000.0 3331680000000000.0 480506000000.0 327562000000.0 844145000.0 0.0 0.0 83608300000.0 12712400000.0 1422500000.0 -1.92 [-1.92]
134896000000000.0 3169850000000000.0 467035000000.0 303191000000.0 720945000.0 0.0 0.0 80625400000.0 11301300000.0 1253920000.0 -1.9 [-1.9]
134896000000000.0 3017570000000000.0 453869000000.0 280736000000.0 616229000.0 0.0 0.0 77733100000.0 10047500000.0 1106450000.0 -1.88 [-1.88]
134896000000000.0 2872270000000000.0 440839000000.0 259765000000.0 526281000.0 0.0 0.0 74890800000.0 8922810000.0 976006000.0 -1.86 [-1.86]
134896000000000.0 2734270000000000.0 428015000000.0 240283000000.0 449353000.0 0.0 0.0 72117600000.0 7918900000.0 861062000.0 -1.84 [-1.84]
134896000000000.0 2603230000000000.0 415413000000.0 222201000000.0 383605000.0 0.0 0.0 69417400000.0 7024500000.0 759802000.0 -1.82 [-1.82]
134896000000000.0 2478840000000000.0 403046000000.0 205432000000.0 327446000.0 0.0 0.0 66793300000.0 6228990000.0 670608000.0 -1.8 [-1.8]
134896000000000.0 2360930000000000.0 390941000000.0 189912000000.0 279548000.0 0.0 0.0 64251800000.0 5523010000.0 592127000.0 -1.78 [-1.78]
134896000000000.0 2248080000000000.0 378989000000.0 175415000000.0 238412000.0 0.0 0.0 61767400000.0 4893240000.0 522558000.0 -1.76 [-1.76]
134896000000000.0 2141550000000000.0 367363000000.0 162072000000.0 203482000.0 0.0 0.0 59381400000.0 4335120000.0 461555000.0 -1.74 [-1.74]
134896000000000.0 2040480000000000.0 356007000000.0 149731000000.0 173696000.0 0.0 0.0 57077500000.0 3841140000.0 407822000.0 -1.72 [-1.72]
134896000000000.0 1944580000000000.0 344927000000.0 138320000000.0 148301000.0 0.0 0.0 54856000000.0 3404220000.0 360485000.0 -1.7 [-1.7]
134896000000000.0 1853580000000000.0 334127000000.0 127776000000.0 126652000.0 0.0 0.0 52716400000.0 3017980000.0 318774000.0 -1.68 [-1.68]
134896000000000.0 1767710000000000.0 323669000000.0 118089000000.0 108272000.0 0.0 0.0 50670400000.0 2677830000.0 282158000.0 -1.66 [-1.66]
134896000000000.0 1685290000000000.0 313377000000.0 109041000000.0 92466900.0 0.0 0.0 48680100000.0 2375050000.0 249600000.0 -1.64 [-1.64]
134896000000000.0 1607410000000000.0 303414000000.0 100725000000.0 79041100.0 0.0 0.0 46777900000.0 2108280000.0 220987000.0 -1.62 [-1.62]
134896000000000.0 1534160000000000.0 293826000000.0 93120300000.0 67670000.0 0.0 0.0 44970500000.0 1873900000.0 195912000.0 -1.6 [-1.6]
134896000000000.0 1463500000000000.0 284368000000.0 85989200000.0 57854800.0 0.0 0.0 43208400000.0 1664540000.0 173521000.0 -1.58 [-1.58]
134896000000000.0 1396950000000000.0 275265000000.0 79463900000.0 49535300.0 0.0 0.0 41534100000.0 1480380000.0 153875000.0 -1.56 [-1.56]
134896000000000.0 1333730000000000.0 266439000000.0 73443400000.0 42435800.0 0.0 0.0 39930500000.0 1317400000.0 136522000.0 -1.54 [-1.54]
134896000000000.0 1273670000000000.0 257886000000.0 67889800000.0 36375400.0 0.0 0.0 38395500000.0 1173120000.0 121190000.0 -1.52 [-1.52]
134896000000000.0 1216790000000000.0 249630000000.0 62783200000.0 31211600.0 0.0 0.0 36931500000.0 1045570000.0 107667000.0 -1.5 [-1.5]
134896000000000.0 1162550000000000.0 241611000000.0 58056600000.0 26788500.0 0.0 0.0 35526100000.0 932217000.0 95678100.0 -1.48 [-1.48]
134896000000000.0 1110970000000000.0 233851000000.0 53696400000.0 23007900.0 0.0 0.0 34181900000.0 831652000.0 85070800.0 -1.46 [-1.46]
134896000000000.0 1061930000000000.0 226345000000.0 49674000000.0 19774600.0 0.0 0.0 32896600000.0 742360000.0 75681600.0 -1.44 [-1.44]
134896000000000.0 1015280000000000.0 219088000000.0 45963100000.0 17008200.0 0.0 0.0 31667800000.0 663021000.0 67366800.0 -1.42 [-1.42]
134896000000000.0 970888000000000.0 212075000000.0 42539400000.0 14639900.0 0.0 0.0 30493100000.0 592472000.0 60000100.0 -1.4 [-1.4]
134896000000000.0 928643000000000.0 205298000000.0 39380300000.0 12611100.0 0.0 0.0 29370200000.0 529691000.0 53470200.0 -1.38 [-1.38]
134896000000000.0 888428000000000.0 198754000000.0 36465200000.0 10872300.0 0.0 0.0 28297100000.0 473782000.0 47679400.0 -1.36 [-1.36]
134896000000000.0 850135000000000.0 192434000000.0 33774800000.0 9380980.0 0.0 0.0 27271500000.0 423955000.0 42541600.0 -1.34 [-1.34]
134896000000000.0 813798000000000.0 186358000000.0 31300500000.0 8104280.0 0.0 0.0 26294900000.0 379639000.0 37991500.0 -1.32 [-1.32]
134896000000000.0 779050000000000.0 180471000000.0 29007600000.0 7004750.0 0.0 0.0 25358000000.0 339967000.0 33939800.0 -1.3 [-1.3]
134896000000000.0 745774000000000.0 174764000000.0 26880400000.0 6056660.0 0.0 0.0 24458200000.0 304386000.0 30328200.0 -1.28 [-1.28]
134896000000000.0 714221000000000.0 169287000000.0 24926100000.0 5244400.0 0.0 0.0 23602500000.0 272740000.0 27128600.0 -1.26 [-1.26]
134896000000000.0 684141000000000.0 164006000000.0 23121300000.0 4545350.0 0.0 0.0 22784800000.0 244448000.0 24282600.0 -1.24 [-1.24]
134896000000000.0 655458000000000.0 158915000000.0 21454100000.0 3943260.0 0.0 0.0 22003200000.0 219135000.0 21749700.0 -1.22 [-1.22]
134896000000000.0 628101000000000.0 154007000000.0 19913700000.0 3424260.0 0.0 0.0 21256100000.0 196473000.0 19494200.0 -1.2 [-1.2]
134896000000000.0 602002000000000.0 149277000000.0 18490100000.0 2976540.0 0.0 0.0 20541900000.0 176174000.0 17484600.0 -1.18 [-1.18]
134896000000000.0 577099000000000.0 144719000000.0 17174300000.0 2589980.0 0.0 0.0 19859000000.0 157985000.0 15693200.0 -1.16 [-1.16]
134896000000000.0 553304000000000.0 140323000000.0 15956400000.0 2255710.0 0.0 0.0 19205400000.0 141662000.0 14094200.0 -1.14 [-1.14]
134896000000000.0 530776000000000.0 136123000000.0 14839100000.0 1968160.0 0.0 0.0 18585600000.0 127121000.0 12674300.0 -1.12 [-1.12]
134896000000000.0 509108000000000.0 132047000000.0 13798100000.0 1717960.0 0.0 0.0 17988400000.0 113992000.0 11400200.0 -1.1 [-1.1]
134896000000000.0 488415000000000.0 128122000000.0 12834900000.0 1501180.0 0.0 0.0 17417300000.0 102209000.0 10261800.0 -1.08 [-1.08]
134896000000000.0 468647000000000.0 124342000000.0 11943500000.0 1313180.0 0.0 0.0 16871000000.0 91629900.0 9243860.0 -1.06 [-1.06]
134896000000000.0 449761000000000.0 120701000000.0 11118300000.0 1150000.0 0.0 0.0 16348300000.0 82130800.0 8333190.0 -1.04 [-1.04]
134896000000000.0 431713000000000.0 117196000000.0 10354200000.0 1008230.0 0.0 0.0 15848200000.0 73599100.0 7517920.0 -1.02 [-1.02]
134896000000000.0 414462000000000.0 113820000000.0 9646390000.0 884930.0 0.0 0.0 15369700000.0 65935000.0 6787610.0 -1.0 [-1.0]
134896000000000.0 397970000000000.0 110570000000.0 8990570000.0 777592.0 0.0 0.0 14911600000.0 59049400.0 6132950.0 -0.98 [-0.98]
134896000000000.0 382199000000000.0 107440000000.0 8382740000.0 684061.0 0.0 0.0 14473200000.0 52862900.0 5545740.0 -0.96 [-0.96]
134896000000000.0 367117000000000.0 104427000000.0 7819200000.0 602477.0 0.0 0.0 14053500000.0 47304300.0 5018670.0 -0.94 [-0.94]
134896000000000.0 352688000000000.0 101525000000.0 7296550000.0 531240.0 0.0 0.0 13651600000.0 42310000.0 4545260.0 -0.92 [-0.92]
134896000000000.0 338883000000000.0 98731300000.0 6811660000.0 468974.0 0.0 0.0 13266800000.0 37823000.0 4119760.0 -0.9 [-0.9]
134896000000000.0 325671000000000.0 96040900000.0 6361660000.0 414494.0 0.0 0.0 12898100000.0 33792300.0 3737050.0 -0.88 [-0.88]
