Cloudy_runs/component_II_nH/component_II_nH_col_density_param.txt
# %ECSV 1.0
# ---
# datatype:
# - {name: H, datatype: float64}
# - {name: H+, datatype: float64}
# - {name: C+, datatype: float64}
# - {name: C+2, datatype: float64}
# - {name: C+3, datatype: float64}
# - {name: O+5, datatype: float64}
# - {name: O+6, datatype: float64}
# - {name: Si+, datatype: float64}
# - {name: Si+2, datatype: float64}
# - {name: Si+3, datatype: float64}
# - {name: log_nH, datatype: float64}
# - {name: parameters, datatype: string, subtype: 'float64[1]'}
# schema: astropy-2.0
H H+ C+ C+2 C+3 O+5 O+6 Si+ Si+2 Si+3 log_nH parameters
[from data line 208]
134896000000000.0 300917000000000.0 90955100000.0 5555870000.0 324933.0 0.0 0.0 12206600000.0 26921400.0 3082330.0 -0.84 [-0.84]
134896000000000.0 289323000000000.0 88552200000.0 5195410000.0 288207.0 0.0 0.0 11882400000.0 24003200.0 2802690.0 -0.82 [-0.82]
134896000000000.0 278218000000000.0 86237700000.0 4860390000.0 255935.0 0.0 0.0 11571600000.0 21384400.0 2550450.0 -0.8 [-0.8]
134896000000000.0 267578000000000.0 84008100000.0 4548550000.0 227536.0 0.0 0.0 11273600000.0 19033700.0 2322760.0 -0.78 [-0.78]
134896000000000.0 257381000000000.0 81860700000.0 4257430000.0 202502.0 0.0 0.0 10987800000.0 16924600.0 2117070.0 -0.76 [-0.76]
134896000000000.0 247609000000000.0 79791800000.0 3986530000.0 180435.0 0.0 0.0 10713800000.0 15035100.0 1931140.0 -0.74 [-0.74]
134896000000000.0 238242000000000.0 77798200000.0 3734330000.0 160961.0 0.0 0.0 10450900000.0 13343300.0 1762950.0 -0.72 [-0.72]
134896000000000.0 229262000000000.0 75876900000.0 3499460000.0 143757.0 0.0 0.0 10198800000.0 11829300.0 1610680.0 -0.7 [-0.7]
134896000000000.0 220650000000000.0 74024900000.0 3280620000.0 128542.0 0.0 0.0 9956870000.0 10475600.0 1472740.0 -0.68 [-0.68]
134896000000000.0 212391000000000.0 72239500000.0 3076670000.0 115071.0 0.0 0.0 9724690000.0 9266030.0 1347670.0 -0.66 [-0.66]
134896000000000.0 204467000000000.0 70517900000.0 2886490000.0 103131.0 0.0 0.0 9501820000.0 8186050.0 1234200.0 -0.64 [-0.64]
134896000000000.0 196864000000000.0 68857600000.0 2709080000.0 92536.1 0.0 0.0 9287850000.0 7222910.0 1131160.0 -0.62 [-0.62]
134896000000000.0 189567000000000.0 67255900000.0 2543530000.0 83124.4 0.0 0.0 9082380000.0 6364620.0 1037540.0 -0.6 [-0.6]
134896000000000.0 182563000000000.0 65710500000.0 2388970000.0 74754.6 0.0 0.0 8885030000.0 5600660.0 952396.0 -0.58 [-0.58]
134896000000000.0 175838000000000.0 64219000000.0 2244620000.0 67303.1 0.0 0.0 8695440000.0 4921520.0 874911.0 -0.56 [-0.56]
134896000000000.0 169379000000000.0 62779200000.0 2109750000.0 60661.9 0.0 0.0 8513270000.0 4318250.0 804342.0 -0.54 [-0.54]
134896000000000.0 163176000000000.0 61388800000.0 1983670000.0 54736.3 0.0 0.0 8338180000.0 3783450.0 740021.0 -0.52 [-0.52]
134896000000000.0 157215000000000.0 60045900000.0 1865780000.0 49443.5 0.0 0.0 8169870000.0 3309640.0 681352.0 -0.5 [-0.5]
134896000000000.0 151488000000000.0 58748200000.0 1755480000.0 44710.7 0.0 0.0 8008030000.0 2890710.0 627797.0 -0.48 [-0.48]
134896000000000.0 145982000000000.0 57494000000.0 1652260000.0 40474.0 0.0 0.0 7852380000.0 2520830.0 578874.0 -0.46 [-0.46]
134896000000000.0 140690000000000.0 56281400000.0 1555610000.0 36677.5 0.0 0.0 7702650000.0 2194900.0 534150.0 -0.44 [-0.44]
134896000000000.0 135601000000000.0 55108500000.0 1465090000.0 33271.7 0.0 0.0 7558590000.0 1908150.0 493233.0 -0.42 [-0.42]
134896000000000.0 130706000000000.0 53973700000.0 1380270000.0 30213.1 0.0 0.0 7419940000.0 1656320.0 455772.0 -0.4 [-0.4]
134896000000000.0 125997000000000.0 52875100000.0 1300760000.0 27463.4 0.0 0.0 7286460000.0 1435580.0 421448.0 -0.38 [-0.38]
134896000000000.0 121466000000000.0 51811100000.0 1226180000.0 24988.8 0.0 0.0 7157930000.0 1242460.0 389976.0 -0.36 [-0.36]
134896000000000.0 117104000000000.0 50780100000.0 1156220000.0 22759.3 0.0 0.0 7034120000.0 1073880.0 361096.0 -0.34 [-0.34]
134896000000000.0 112906000000000.0 49780600000.0 1090550000.0 20748.6 0.0 0.0 6914840000.0 927065.0 334578.0 -0.32 [-0.32]
134896000000000.0 108864000000000.0 48811500000.0 1028900000.0 18933.7 0.0 0.0 6799920000.0 799567.0 310212.0 -0.3 [-0.3]
134896000000000.0 104971000000000.0 47871100000.0 971000000.0 17293.5 0.0 0.0 6689150000.0 689062.0 287805.0 -0.28 [-0.28]
134896000000000.0 101221000000000.0 46957800000.0 916590000.0 15809.7 0.0 0.0 6582330000.0 593514.0 267185.0 -0.26 [-0.26]
134896000000000.0 97607100000000.0 46070500000.0 865448000.0 14466.1 0.0 0.0 6479310000.0 511127.0 248197.0 -0.24 [-0.24]
134896000000000.0 94124300000000.0 45207800000.0 817358000.0 13248.2 0.0 0.0 6379920000.0 440257.0 230698.0 -0.22 [-0.22]
134896000000000.0 90755400000000.0 44365500000.0 771979000.0 12141.4 0.0 0.0 6283670000.0 379401.0 214539.0 -0.2 [-0.2]
134896000000000.0 87518500000000.0 43548300000.0 729423000.0 11137.9 0.0 0.0 6191080000.0 327393.0 199649.0 -0.18 [-0.18]
134896000000000.0 84396300000000.0 42752000000.0 689366000.0 10225.7 0.0 0.0 6101660000.0 283001.0 185899.0 -0.16 [-0.16]
134896000000000.0 81394300000000.0 41978100000.0 651763000.0 9396.93 0.0 0.0 6015580000.0 245236.0 173209.0 -0.14 [-0.14]
134896000000000.0 78486600000000.0 41219700000.0 616222000.0 8640.64 0.0 0.0 5932080000.0 213104.0 161457.0 -0.12 [-0.12]
134896000000000.0 75681000000000.0 40479100000.0 582745000.0 7951.21 0.0 0.0 5851380000.0 185873.0 150584.0 -0.1 [-0.1]
134896000000000.0 72970200000000.0 39754200000.0 551181000.0 7321.94 0.0 0.0 5773280000.0 162787.0 140514.0 -0.08 [-0.08]
134896000000000.0 70354400000000.0 39045100000.0 521440000.0 6747.31 0.0 0.0 5697780000.0 143287.0 131186.0 -0.06 [-0.06]
134896000000000.0 67827100000000.0 38350100000.0 493393000.0 0.0 0.0 0.0 5624690000.0 126790.0 122538.0 -0.04 [-0.04]
134896000000000.0 65378000000000.0 37666000000.0 466865000.0 0.0 0.0 0.0 5553700000.0 112828.0 114505.0 -0.02 [-0.02]
134896000000000.0 63018900000000.0 36996400000.0 441920000.0 0.0 0.0 0.0 5485180000.0 101019.0 107058.0 -0.0 [-0.0]
