Cloudy_runs/pg1216/component_I_PI_nH/component_I_PI_nH_col_density_param.txt
# %ECSV 1.0
# ---
# datatype:
# - {name: H, datatype: float64}
# - {name: H+, datatype: float64}
# - {name: C+, datatype: float64}
# - {name: C+2, datatype: float64}
# - {name: C+3, datatype: float64}
# - {name: N+2, datatype: float64}
# - {name: N+4, datatype: float64}
# - {name: O, datatype: float64}
# - {name: O+2, datatype: float64}
# - {name: O+5, datatype: float64}
# - {name: O+6, datatype: float64}
# - {name: Si+, datatype: float64}
# - {name: Si+2, datatype: float64}
# - {name: Si+3, datatype: float64}
# - {name: Si+4, datatype: float64}
# - {name: log_nH, datatype: float64}
# - {name: log_Te, datatype: float64}
# - {name: parameters, datatype: string, subtype: 'float64[1]'}
# schema: astropy-2.0
H H+ C+ C+2 C+3 N+2 N+4 O O+2 O+5 O+6 Si+ Si+2 Si+3 Si+4 log_nH log_Te parameters
[from data line 65]
1258920000000000.0 3.11615e+18 1126710000000.0 39122600000000.0 21055700000000.0 7798830000000.0 2095220000000.0 134145000.0 30855700000000.0 3035050000000.0 450911000000.0 35298000000.0 848452000000.0 818973000000.0 4649810000000.0 -3.7 4.354 [-3.7]
1258920000000000.0 2.96005e+18 1147230000000.0 38429300000000.0 19872000000000.0 7706350000000.0 1882830000000.0 150662000.0 30948100000000.0 2637800000000.0 376172000000.0 37605700000.0 893929000000.0 837511000000.0 4475490000000.0 -3.68 4.351 [-3.68]
1258920000000000.0 2.81183e+18 1166750000000.0 37695300000000.0 18724900000000.0 7606350000000.0 1689450000000.0 169179000.0 31010800000000.0 2289530000000.0 313403000000.0 39960800000.0 939270000000.0 854184000000.0 4295070000000.0 -3.66 4.347 [-3.66]
1258920000000000.0 2.67107e+18 1185220000000.0 36924200000000.0 17616600000000.0 7499100000000.0 1513680000000.0 189925000.0 31043300000000.0 1984600000000.0 260754000000.0 42352400000.0 984158000000.0 868818000000.0 4109600000000.0 -3.64 4.344 [-3.64]
1258920000000000.0 2.53738e+18 1202630000000.0 36120000000000.0 16548400000000.0 7385040000000.0 1354220000000.0 213157000.0 31045200000000.0 1717970000000.0 216648000000.0 44768700000.0 1028260000000.0 881261000000.0 3920180000000.0 -3.62 4.341 [-3.62]
1258920000000000.0 2.41041e+18 1218960000000.0 35286700000000.0 15521400000000.0 7264570000000.0 1209780000000.0 239153000.0 31016100000000.0 1485130000000.0 179748000000.0 47197100000.0 1071240000000.0 891368000000.0 3727940000000.0 -3.6 4.338 [-3.6]
1258920000000000.0 2.28981e+18 1234190000000.0 34428300000000.0 14536500000000.0 7138130000000.0 1079170000000.0 268225000.0 30955900000000.0 1282080000000.0 148918000000.0 49624300000.0 1112740000000.0 899018000000.0 3534030000000.0 -3.58 4.335 [-3.58]
1258920000000000.0 2.17526e+18 1248320000000.0 33548600000000.0 13594300000000.0 7006110000000.0 961287000000.0 300711000.0 30864100000000.0 1105230000000.0 123192000000.0 52036700000.0 1152410000000.0 904115000000.0 3339600000000.0 -3.56 4.331 [-3.56]
1258920000000000.0 2.06644e+18 1261370000000.0 32651800000000.0 12694700000000.0 6869080000000.0 855040000000.0 336992000.0 30740600000000.0 951420000000.0 101756000000.0 54420500000.0 1189930000000.0 906591000000.0 3145780000000.0 -3.54 4.328 [-3.54]
1258920000000000.0 1.96306e+18 1273350000000.0 31741500000000.0 11837800000000.0 6727420000000.0 759450000000.0 377475000.0 30585300000000.0 817823000000.0 83920100000.0 56762200000.0 1224960000000.0 906401000000.0 2953670000000.0 -3.52 4.325 [-3.52]
1258920000000000.0 1.86486e+18 1284250000000.0 30821200000000.0 11023400000000.0 6581560000000.0 673592000000.0 422610000.0 30398300000000.0 701945000000.0 69100500000.0 59048300000.0 1257190000000.0 903535000000.0 2764340000000.0 -3.5 4.322 [-3.5]
1258920000000000.0 1.77158e+18 1294130000000.0 29894800000000.0 10250900000000.0 6432050000000.0 596594000000.0 472892000.0 30179500000000.0 601583000000.0 56806400000.0 61266600000.0 1286360000000.0 898006000000.0 2578790000000.0 -3.48 4.318 [-3.48]
1258920000000000.0 1.68296e+18 1303000000000.0 28965300000000.0 9519560000000.0 6279300000000.0 527659000000.0 528857000.0 29929200000000.0 514780000000.0 46622500000.0 63405400000.0 1312230000000.0 889868000000.0 2397930000000.0 -3.46 4.315 [-3.46]
1258920000000000.0 1.59886e+18 1310770000000.0 28036200000000.0 8829790000000.0 6123850000000.0 466123000000.0 591014000.0 29647800000000.0 439902000000.0 38208000000.0 65445500000.0 1334510000000.0 879276000000.0 2222770000000.0 -3.44 4.312 [-3.44]
1258920000000000.0 1.51889e+18 1317710000000.0 27109500000000.0 8178230000000.0 5965970000000.0 411127000000.0 660136000.0 29335200000000.0 375248000000.0 31252200000.0 67394700000.0 1353190000000.0 866186000000.0 2053700000000.0 -3.42 4.309 [-3.42]
1258920000000000.0 1.44284e+18 1323860000000.0 26187800000000.0 7563830000000.0 5806050000000.0 362055000000.0 736943000.0 28991700000000.0 319511000000.0 25512100000.0 69245600000.0 1368140000000.0 850716000000.0 1891350000000.0 -3.4 4.305 [-3.4]
1258920000000000.0 1.37067e+18 1329010000000.0 25274400000000.0 6987560000000.0 5644780000000.0 318468000000.0 822003000.0 28618500000000.0 271660000000.0 20793800000.0 70974700000.0 1379170000000.0 833200000000.0 1736560000000.0 -3.38 4.302 [-3.38]
1258920000000000.0 1.3022e+18 1333220000000.0 24372100000000.0 6447920000000.0 5482650000000.0 279808000000.0 916086000.0 28216700000000.0 230641000000.0 16921600000.0 72578200000.0 1386270000000.0 813819000000.0 1589740000000.0 -3.36 4.299 [-3.36]
1258920000000000.0 1.237e+18 1336850000000.0 23480200000000.0 5940760000000.0 5319520000000.0 245420000000.0 1020410000.0 27785500000000.0 195395000000.0 13738600000.0 74078800000.0 1389610000000.0 792489000000.0 1450690000000.0 -3.34 4.295 [-3.34]
1258920000000000.0 1.17514e+18 1339600000000.0 22603000000000.0 5467470000000.0 5156300000000.0 215020000000.0 1135560000.0 27327200000000.0 165285000000.0 11136200000.0 75449800000.0 1389110000000.0 769698000000.0 1320060000000.0 -3.32 4.292 [-3.32]
1258920000000000.0 1.11638e+18 1341630000000.0 21741100000000.0 5025640000000.0 4993200000000.0 188142000000.0 1262650000.0 26842600000000.0 139569000000.0 9009670000.0 76700500000.0 1384930000000.0 745562000000.0 1197790000000.0 -3.3 4.289 [-3.3]
1258920000000000.0 1.06057e+18 1342960000000.0 20895900000000.0 4613830000000.0 4830540000000.0 164414000000.0 1402760000.0 26332500000000.0 117642000000.0 7275180000.0 77832500000.0 1377200000000.0 720300000000.0 1083830000000.0 -3.28 4.285 [-3.28]
1258920000000000.0 1.00755e+18 1343630000000.0 20068600000000.0 4230580000000.0 4668690000000.0 143498000000.0 1557020000.0 25798500000000.0 98979600000.0 5863200000.0 78849700000.0 1366110000000.0 694131000000.0 978095000000.0 -3.26 4.282 [-3.26]
1258920000000000.0 9.57183e+17 1343670000000.0 19260200000000.0 3874390000000.0 4507950000000.0 125087000000.0 1726670000.0 25241800000000.0 83123600000.0 4715960000.0 79756900000.0 1351860000000.0 667262000000.0 880388000000.0 -3.24 4.279 [-3.24]
1258920000000000.0 9.09344e+17 1343120000000.0 18471400000000.0 3543860000000.0 4348630000000.0 108905000000.0 1912990000.0 24664000000000.0 69677000000.0 3785700000.0 80559700000.0 1334670000000.0 639900000000.0 790472000000.0 -3.22 4.275 [-3.22]
1258920000000000.0 8.63891e+17 1341960000000.0 17702600000000.0 3237550000000.0 4190920000000.0 94702000000.0 2117380000.0 24066300000000.0 58292700000.0 3032710000.0 81263800000.0 1314750000000.0 612248000000.0 708022000000.0 -3.2 4.272 [-3.2]
1258920000000000.0 8.2073e+17 1340300000000.0 16955000000000.0 2954140000000.0 4035210000000.0 82256000000.0 2341240000.0 23451000000000.0 48676100000.0 2424720000.0 81878500000.0 1292420000000.0 584474000000.0 632730000000.0 -3.18 4.268 [-3.18]
1258920000000000.0 7.79735e+17 1338120000000.0 16228600000000.0 2692250000000.0 3881660000000.0 71363500000.0 2586130000.0 22819600000000.0 40566800000.0 1934690000.0 82410200000.0 1267900000000.0 556755000000.0 564204000000.0 -3.16 4.265 [-3.16]
1258920000000000.0 7.40797e+17 1335440000000.0 15523600000000.0 2450600000000.0 3730490000000.0 61843400000.0 2853640000.0 22173800000000.0 33741900000.0 1540550000.0 82867100000.0 1241450000000.0 529244000000.0 502044000000.0 -3.14 4.262 [-3.14]
1258920000000000.0 7.03813e+17 1332290000000.0 14840300000000.0 2227900000000.0 3581890000000.0 53534000000.0 3145460000.0 21515500000000.0 28009300000.0 1224210000.0 83257100000.0 1213320000000.0 502081000000.0 445838000000.0 -3.12 4.258 [-3.12]
1258920000000000.0 6.68686e+17 1328690000000.0 14178700000000.0 2022960000000.0 3436030000000.0 46290900000.0 3463330000.0 20846700000000.0 23203800000.0 970838000.0 83588400000.0 1183760000000.0 475387000000.0 395170000000.0 -3.1 4.255 [-3.1]
1258920000000000.0 6.35321e+17 1324640000000.0 13538800000000.0 1834610000000.0 3293060000000.0 39985200000.0 3809090000.0 20169100000000.0 19183700000.0 768326000.0 83868600000.0 1153010000000.0 449271000000.0 349626000000.0 -3.08 4.251 [-3.08]
1258920000000000.0 6.03631e+17 1320170000000.0 12920500000000.0 1661740000000.0 3153100000000.0 34502500000.0 4184610000.0 19484700000000.0 15827500000.0 606816000.0 84105300000.0 1121300000000.0 423819000000.0 308799000000.0 -3.06 4.248 [-3.06]
1258920000000000.0 5.73572e+17 1315270000000.0 12324300000000.0 1503520000000.0 3016470000000.0 29747300000.0 4591400000.0 18796600000000.0 13034500000.0 478410000.0 84303100000.0 1088880000000.0 399164000000.0 272332000000.0 -3.04 4.245 [-3.04]
1258920000000000.0 5.45007e+17 1310020000000.0 11749100000000.0 1358550000000.0 2883000000000.0 25619100000.0 5032060000.0 18105100000000.0 10710800000.0 376365000.0 84473500000.0 1055920000000.0 375268000000.0 239785000000.0 -3.02 4.241 [-3.02]
1258920000000000.0 5.17862e+17 1304370000000.0 11194400000000.0 1225970000000.0 2752750000000.0 22040800000.0 5508570000.0 17412200000000.0 8782100000.0 295458000.0 84621000000.0 1022570000000.0 352217000000.0 210807000000.0 -3.0 4.238 [-3.0]
1258920000000000.0 4.92019e+17 1298330000000.0 10659000000000.0 1104680000000.0 2625580000000.0 18938100000.0 6023700000.0 16718200000000.0 7182630000.0 231368000.0 84753800000.0 988935000000.0 329992000000.0 185030000000.0 -2.98 4.234 [-2.98]
1258920000000000.0 4.67592e+17 1291940000000.0 10146400000000.0 994608000000.0 2502430000000.0 16267100000.0 6576910000.0 16030300000000.0 5866500000.0 180988000.0 84867400000.0 955435000000.0 308804000000.0 162268000000.0 -2.96 4.231 [-2.96]
1258920000000000.0 4.44336e+17 1285180000000.0 9652300000000.0 894166000000.0 2382430000000.0 13955600000.0 7172830000.0 15345000000000.0 4779390000.0 141232000.0 84975600000.0 921941000000.0 288486000000.0 142096000000.0 -2.94 4.228 [-2.94]
1258920000000000.0 4.22186e+17 1278010000000.0 9176250000000.0 802647000000.0 2265580000000.0 11957400000.0 7813770000.0 14663500000000.0 3883510000.0 109932000.0 85082400000.0 888542000000.0 269058000000.0 124249000000.0 -2.92 4.224 [-2.92]
1258920000000000.0 4.01205e+17 1270510000000.0 8720460000000.0 719762000000.0 2152540000000.0 10239600000.0 8499490000.0 13991400000000.0 3150000000.0 85446000.0 85184700000.0 855565000000.0 250624000000.0 108549000000.0 -2.9 4.221 [-2.9]
1258920000000000.0 3.81281e+17 1262650000000.0 8283230000000.0 644625000000.0 2042990000000.0 8760880000.0 9232850000.0 13328400000000.0 2549450000.0 66287600.0 85288100000.0 823008000000.0 233124000000.0 94733300000.0 -2.88 4.217 [-2.88]
1258920000000000.0 3.62408e+17 1254480000000.0 7865170000000.0 576756000000.0 1937210000000.0 7491760000.0 10014300000.0 12677500000000.0 2059750000.0 51355100.0 85391500000.0 791045000000.0 216588000000.0 82615000000.0 -2.86 4.214 [-2.86]
1258920000000000.0 3.44432e+17 1245920000000.0 7463450000000.0 515248000000.0 1834610000000.0 6398680000.0 10848000000.0 12036400000000.0 1659660000.0 39690900.0 85502600000.0 759543000000.0 200910000000.0 71957700000.0 -2.84 4.211 [-2.84]
1258920000000000.0 3.27361e+17 1237010000000.0 7078810000000.0 459722000000.0 1735470000000.0 5460350000.0 11734100000.0 11408400000000.0 1334290000.0 30620000.0 85618900000.0 728664000000.0 186116000000.0 62618100000.0 -2.82 4.207 [-2.82]
1258920000000000.0 3.11147e+17 1227760000000.0 6710700000000.0 409663000000.0 1639750000000.0 4655550000.0 12673900000.0 10794300000000.0 1070280000.0 23579500.0 85741300000.0 698452000000.0 172181000000.0 54442800000.0 -2.8 4.204 [-2.8]
1258920000000000.0 2.95747e+17 1218160000000.0 6358650000000.0 364596000000.0 1547430000000.0 3965850000.0 13668300000.0 10195300000000.0 856551000.0 18125500.0 85869500000.0 668947000000.0 159078000000.0 47295000000.0 -2.78 4.201 [-2.78]
1258920000000000.0 2.81122e+17 1208220000000.0 6022170000000.0 324085000000.0 1458480000000.0 3375370000.0 14717700000.0 9612290000000.0 683935000.0 13909100.0 86002600000.0 640185000000.0 146780000000.0 41053100000.0 -2.76 4.198 [-2.76]
1258920000000000.0 2.67231e+17 1197930000000.0 5700730000000.0 287719000000.0 1372850000000.0 2870220000.0 15822600000.0 9046150000000.0 544841000.0 10655400.0 86140100000.0 612182000000.0 135256000000.0 35607300000.0 -2.74 4.194 [-2.74]
1258920000000000.0 2.5404e+17 1187310000000.0 5393910000000.0 255124000000.0 1290520000000.0 2438480000.0 16982500000.0 8497720000000.0 433037000.0 8149540.0 86279700000.0 584969000000.0 124476000000.0 30861500000.0 -2.72 4.191 [-2.72]
1258920000000000.0 2.41509e+17 1176340000000.0 5101090000000.0 225943000000.0 1211430000000.0 2069710000.0 18197200000.0 7967450000000.0 343361000.0 6222770.0 86421300000.0 558538000000.0 114408000000.0 26728700000.0 -2.7 4.188 [-2.7]
1258920000000000.0 2.29606e+17 1165030000000.0 4821860000000.0 199858000000.0 1135540000000.0 1755040000.0 19465400000.0 7456020000000.0 271615000.0 4744120.0 86562100000.0 532908000000.0 105019000000.0 23133200000.0 -2.68 4.185 [-2.68]
1258920000000000.0 2.18301e+17 1153390000000.0 4555710000000.0 176574000000.0 1062810000000.0 1486740000.0 20785600000.0 6963890000000.0 214352000.0 3611330.0 86699900000.0 508080000000.0 96276400000.0 20007900000.0 -2.66 4.182 [-2.66]
1258920000000000.0 2.07563e+17 1141430000000.0 4302200000000.0 155817000000.0 993197000000.0 1258180000.0 22155800000.0 6491470000000.0 168760000.0 2745030.0 86831900000.0 484056000000.0 88149400000.0 17293500000.0 -2.64 4.178 [-2.64]
1258920000000000.0 1.97363e+17 1129130000000.0 4060830000000.0 137340000000.0 926661000000.0 1063650000.0 23573500000.0 6039020000000.0 132548000.0 2083590.0 86955400000.0 460831000000.0 80605400000.0 14937800000.0 -2.62 4.175 [-2.62]
1258920000000000.0 1.87677e+17 1116520000000.0 3831220000000.0 120915000000.0 863167000000.0 898231000.0 25035400000.0 5606850000000.0 103861000.0 0.0 87066500000.0 438407000000.0 73613700000.0 12895200000.0 -2.6 4.172 [-2.6]
1258920000000000.0 1.78474e+17 1103590000000.0 3612810000000.0 106331000000.0 802646000000.0 757678000.0 26538000000.0 5194940000000.0 81185500.0 0.0 87164000000.0 416763000000.0 67142900000.0 11124900000.0 -2.58 4.169 [-2.58]
1258920000000000.0 1.69733e+17 1090360000000.0 3405230000000.0 93400800000.0 745065000000.0 638380000.0 28077300000.0 4803400000000.0 63309700.0 0.0 87243400000.0 395897000000.0 61163600000.0 9591890000.0 -2.56 4.166 [-2.56]
1258920000000000.0 1.61428e+17 1076820000000.0 3208020000000.0 81951400000.0 690368000000.0 537219000.0 29648500000.0 4432140000000.0 49252000.0 0.0 87302300000.0 375794000000.0 55646400000.0 8265160000.0 -2.54 4.163 [-2.54]
1258920000000000.0 1.53539e+17 1062990000000.0 3020770000000.0 71826800000.0 638511000000.0 451531000.0 31246600000.0 4081060000000.0 38225000.0 0.0 87336800000.0 356444000000.0 50563400000.0 7117760000.0 -2.52 4.16 [-2.52]
1258920000000000.0 1.46044e+17 1048880000000.0 2843080000000.0 62885300000.0 589437000000.0 379025000.0 32866200000.0 3749940000000.0 29596900.0 0.0 87343800000.0 337833000000.0 45887100000.0 6126060000.0 -2.5 4.157 [-2.5]
1258920000000000.0 1.38923e+17 1034490000000.0 2674530000000.0 54998000000.0 543091000000.0 317741000.0 34501600000.0 3438470000000.0 22862500.0 0.0 87319500000.0 319946000000.0 41591100000.0 5269450000.0 -2.48 4.154 [-2.48]
1258920000000000.0 1.32159e+17 1019830000000.0 2514780000000.0 48050800000.0 499420000000.0 266015000.0 36146700000.0 3146330000000.0 17620400.0 0.0 87262000000.0 302773000000.0 37651600000.0 4530090000.0 -2.46 4.151 [-2.46]
1258920000000000.0 1.25712e+17 1004880000000.0 2362970000000.0 41924100000.0 458256000000.0 222313000.0 37798300000.0 2872390000000.0 13542100.0 0.0 87167500000.0 286242000000.0 34033500000.0 3890930000.0 -2.44 4.148 [-2.44]
1258920000000000.0 1.19605e+17 989721000000.0 2219650000000.0 36553500000.0 419736000000.0 185600000.0 39444900000.0 2617460000000.0 10389800.0 0.0 87032400000.0 270444000000.0 30734000000.0 3341110000.0 -2.42 4.146 [-2.42]
