Cloudy_runs/h1821/z=0.170006/logZ=1/component_I_PI_nH/component_I_PI_nH_col_density_param.txt
# %ECSV 1.0
# ---
# datatype:
# - {name: H, datatype: float64}
# - {name: H+, datatype: float64}
# - {name: C+, datatype: float64}
# - {name: C+2, datatype: float64}
# - {name: C+3, datatype: float64}
# - {name: N+, datatype: float64}
# - {name: N+2, datatype: float64}
# - {name: N+4, datatype: float64}
# - {name: O, datatype: float64}
# - {name: O+2, datatype: float64}
# - {name: O+5, datatype: float64}
# - {name: O+6, datatype: float64}
# - {name: P+, datatype: float64}
# - {name: Si+, datatype: float64}
# - {name: Si+2, datatype: float64}
# - {name: Si+3, datatype: float64}
# - {name: Si+4, datatype: float64}
# - {name: log_nH, datatype: float64}
# - {name: log_Te, datatype: float64}
# - {name: parameters, datatype: string, subtype: 'float64[1]'}
# schema: astropy-2.0
H H+ C+ C+2 C+3 N+ N+2 N+4 O O+2 O+5 O+6 P+ Si+ Si+2 Si+3 Si+4 log_nH log_Te parameters
[from data line 57]
70794600000000.0 1.8687e+16 3141570000000.0 37791500000000.0 8204410000000.0 608828000000.0 7805110000000.0 515505000000.0 11826200000.0 52333000000000.0 96682000000.0 2227310000.0 7162440000.0 871738000000.0 1036710000000.0 2573210000000.0 1483390000000.0 -3.86 3.112 [-3.86]
70794600000000.0 1.76401e+16 3111780000000.0 35915600000000.0 7469000000000.0 624466000000.0 7484270000000.0 446302000000.0 13139900000.0 50475500000000.0 79524200000.0 1746890000.0 7232340000.0 910240000000.0 1004980000000.0 2422750000000.0 1307890000000.0 -3.84 3.112 [-3.84]
70794600000000.0 1.66559e+16 3081520000000.0 34124200000000.0 6794840000000.0 639851000000.0 7169640000000.0 386169000000.0 14574400000.0 48610600000000.0 65352500000.0 1368980000.0 7286170000.0 946944000000.0 970997000000.0 2275480000000.0 1150170000000.0 -3.82 3.098 [-3.82]
70794600000000.0 1.57299e+16 3050820000000.0 32413800000000.0 6176930000000.0 654970000000.0 6861550000000.0 333935000000.0 16138600000.0 46744000000000.0 53652100000.0 1071850000.0 7324350000.0 981547000000.0 935057000000.0 2131950000000.0 1008820000000.0 -3.8 3.099 [-3.8]
70794600000000.0 1.48585e+16 3019820000000.0 30781400000000.0 5610870000000.0 669798000000.0 6560400000000.0 288597000000.0 17840800000.0 44881700000000.0 44000500000.0 838424000.0 7347490000.0 1013750000000.0 897495000000.0 1992660000000.0 882557000000.0 -3.78 3.086 [-3.78]
70794600000000.0 1.40382e+16 2988590000000.0 29223800000000.0 5092460000000.0 684314000000.0 6266460000000.0 249263000000.0 19689900000.0 43029100000000.0 36044500000.0 655182000.0 7356250000.0 1043290000000.0 858639000000.0 1858060000000.0 770109000000.0 -3.76 3.086 [-3.76]
70794600000000.0 1.32666e+16 2957340000000.0 27739600000000.0 4618270000000.0 698491000000.0 5980320000000.0 215189000000.0 21693300000.0 41193500000000.0 29498200000.0 511584000.0 7351530000.0 1069910000000.0 818883000000.0 1728650000000.0 670371000000.0 -3.74 3.074 [-3.74]
70794600000000.0 1.254e+16 2926080000000.0 26324800000000.0 4184540000000.0 712307000000.0 5701990000000.0 185670000000.0 23860500000.0 39378700000000.0 24113300000.0 399081000.0 7334040000.0 1093440000000.0 778527000000.0 1604660000000.0 582129000000.0 -3.72 3.074 [-3.72]
70794600000000.0 1.18562e+16 2894980000000.0 24977600000000.0 3788240000000.0 725738000000.0 5431860000000.0 160127000000.0 26199000000.0 37590900000000.0 19691200000.0 311073000.0 7304750000.0 1113690000000.0 737936000000.0 1486400000000.0 504348000000.0 -3.7 3.063 [-3.7]
70794600000000.0 1.12125e+16 2864130000000.0 23695100000000.0 3426330000000.0 738769000000.0 5170040000000.0 138034000000.0 28717800000.0 35834100000000.0 16063000000.0 242282000.0 7264570000.0 1130580000000.0 697421000000.0 1374040000000.0 435995000000.0 -3.68 3.063 [-3.68]
70794600000000.0 1.06068e+16 2833610000000.0 22475000000000.0 3096190000000.0 751364000000.0 4916760000000.0 118944000000.0 31423300000.0 34113700000000.0 13090600000.0 188580000.0 7214430000.0 1144040000000.0 657294000000.0 1267750000000.0 376134000000.0 -3.66 3.051 [-3.66]
70794600000000.0 1.00378e+16 2803650000000.0 21316800000000.0 2795650000000.0 763504000000.0 4672510000000.0 102481000000.0 34320000000.0 32436100000000.0 10661200000.0 146747000.0 7155520000.0 1154060000000.0 617901000000.0 1167710000000.0 323935000000.0 -3.64 3.041 [-3.64]
70794600000000.0 9501710000000000.0 2774140000000.0 20214800000000.0 2521690000000.0 775174000000.0 4436690000000.0 88254200000.0 37419500000.0 30800300000000.0 8673360000.0 114110000.0 7088420000.0 1160680000000.0 579369000000.0 1073660000000.0 278448000000.0 -3.62 3.03 [-3.62]
70794600000000.0 8997350000000000.0 2745230000000.0 19167800000000.0 2272450000000.0 786354000000.0 4209570000000.0 75980900000.0 40726200000.0 29211300000000.0 7050230000.0 88695600.0 7014140000.0 1163990000000.0 541956000000.0 985648000000.0 238960000000.0 -3.6 3.02 [-3.6]
70794600000000.0 8523160000000000.0 2716960000000.0 18174100000000.0 2046080000000.0 797017000000.0 3991270000000.0 65404600000.0 44243700000.0 27672800000000.0 5727040000.0 68930100.0 6933560000.0 1164100000000.0 505865000000.0 903603000000.0 204789000000.0 -3.58 3.01 [-3.58]
70794600000000.0 8077210000000000.0 2689380000000.0 17231100000000.0 1840610000000.0 807147000000.0 3781670000000.0 56291300000.0 47977200000.0 26186500000000.0 4649150000.0 53562500.0 6847490000.0 1161170000000.0 471226000000.0 827338000000.0 175286000000.0 -3.56 3.0 [-3.56]
70794600000000.0 7657910000000000.0 2662520000000.0 16336700000000.0 1654370000000.0 816724000000.0 3580710000000.0 48443100000.0 51929500000.0 24754300000000.0 3772060000.0 41621800.0 6756720000.0 1155390000000.0 438156000000.0 756664000000.0 149874000000.0 -3.54 3.001 [-3.54]
70794600000000.0 7263650000000000.0 2636400000000.0 15488500000000.0 1485730000000.0 825734000000.0 3388240000000.0 41686100000.0 56103500000.0 23377400000000.0 3058920000.0 32346600.0 6661890000.0 1146980000000.0 406729000000.0 691343000000.0 128032000000.0 -3.52 2.991 [-3.52]
70794600000000.0 6892800000000000.0 2610930000000.0 14684100000000.0 1333190000000.0 834157000000.0 3204040000000.0 35868700000.0 60502200000.0 22056000000000.0 2479390000.0 25141900.0 6563520000.0 1136140000000.0 376975000000.0 631101000000.0 109288000000.0 -3.5 2.991 [-3.5]
70794600000000.0 6544080000000000.0 2586160000000.0 13921800000000.0 1195400000000.0 841984000000.0 3028010000000.0 30863200000.0 65125500000.0 20791100000000.0 2008940000.0 19548200.0 6462280000.0 1123130000000.0 348931000000.0 575689000000.0 93236100000.0 -3.48 2.982 [-3.48]
70794600000000.0 6214890000000000.0 2561890000000.0 13196600000000.0 1070700000000.0 849187000000.0 2859310000000.0 26542700000.0 69985600000.0 19577900000000.0 1626170000.0 15192900.0 6358110000.0 1108090000000.0 322489000000.0 524641000000.0 79467800000.0 -3.46 2.982 [-3.46]
70794600000000.0 5907020000000000.0 2538410000000.0 12513500000000.0 958865000000.0 855781000000.0 2699260000000.0 22846100000.0 75051600000.0 18427500000000.0 1317270000.0 11827700.0 6252690000.0 1091480000000.0 297870000000.0 478119000000.0 67764100000.0 -3.44 2.973 [-3.44]
70794600000000.0 5616260000000000.0 2515380000000.0 11863800000000.0 857868000000.0 861732000000.0 2546130000000.0 19655400000.0 80352400000.0 17327900000000.0 1066130000.0 9205920.0 6145220000.0 1073310000000.0 274797000000.0 435402000000.0 57747300000.0 -3.42 2.973 [-3.42]
70794600000000.0 5342420000000000.0 2492800000000.0 11247900000000.0 766993000000.0 867032000000.0 2400160000000.0 16909500000.0 85875900000.0 16281800000000.0 862589000.0 7168550.0 6036390000.0 1053860000000.0 253291000000.0 396349000000.0 49204100000.0 -3.4 2.964 [-3.4]
70794600000000.0 5084380000000000.0 2470640000000.0 10664000000000.0 685299000000.0 871669000000.0 2261070000000.0 14546300000.0 91619700000.0 15287700000000.0 697675000.0 5584740.0 5926480000.0 1033350000000.0 233289000000.0 360681000000.0 41922500000.0 -3.38 2.964 [-3.38]
70794600000000.0 4841100000000000.0 2448820000000.0 10110200000000.0 611921000000.0 875636000000.0 2128620000000.0 12512200000.0 97580800000.0 14344100000000.0 564096000.0 0.0 5815750000.0 1011950000000.0 214717000000.0 328136000000.0 35719100000.0 -3.36 2.956 [-3.36]
70794600000000.0 4611630000000000.0 2427280000000.0 9584940000000.0 546069000000.0 878921000000.0 2002540000000.0 10761400000.0 103755000000.0 13449600000000.0 455930000.0 0.0 5704410000.0 989859000000.0 197503000000.0 298463000000.0 30436100000.0 -3.34 2.956 [-3.34]
70794600000000.0 4395040000000000.0 2405970000000.0 9086710000000.0 487016000000.0 881515000000.0 1882570000000.0 9254210000.0 110137000000.0 12602200000000.0 368365000.0 0.0 5592670000.0 967221000000.0 181567000000.0 271424000000.0 25938100000.0 -3.32 2.947 [-3.32]
70794600000000.0 4190470000000000.0 2384810000000.0 8613990000000.0 434099000000.0 883409000000.0 1768480000000.0 7956610000.0 116722000000.0 11800300000000.0 297493000.0 0.0 5480690000.0 944183000000.0 166832000000.0 246797000000.0 22108800000.0 -3.3 2.947 [-3.3]
70794600000000.0 3997140000000000.0 2363760000000.0 8165360000000.0 386712000000.0 884594000000.0 1660010000000.0 6839410000.0 123503000000.0 11042000000000.0 240149000.0 0.0 5368630000.0 920875000000.0 153221000000.0 224375000000.0 18848800000.0 -3.28 2.939 [-3.28]
70794600000000.0 3814310000000000.0 2342750000000.0 7739520000000.0 344306000000.0 885063000000.0 1556940000000.0 5877480000.0 130474000000.0 10325400000000.0 193763000.0 0.0 5256630000.0 897411000000.0 140658000000.0 203967000000.0 16073400000.0 -3.26 2.939 [-3.26]
70794600000000.0 3641270000000000.0 2321720000000.0 7335210000000.0 306381000000.0 884808000000.0 1459030000000.0 5049210000.0 137627000000.0 9648760000000.0 156251000.0 0.0 5144810000.0 873890000000.0 129072000000.0 185394000000.0 13710300000.0 -3.24 2.931 [-3.24]
70794600000000.0 3477390000000000.0 2300630000000.0 6951260000000.0 272483000000.0 883821000000.0 1366080000000.0 4336050000.0 144953000000.0 9010180000000.0 125927000.0 0.0 5033290000.0 850401000000.0 118391000000.0 168495000000.0 11697800000.0 -3.22 2.923 [-3.22]
70794600000000.0 3322080000000000.0 2279420000000.0 6586570000000.0 242202000000.0 882097000000.0 1277880000000.0 3722030000.0 152442000000.0 8407900000000.0 101422000.0 0.0 4922160000.0 827019000000.0 108550000000.0 153119000000.0 9983650000.0 -3.2 2.923 [-3.2]
70794600000000.0 3174760000000000.0 2258030000000.0 6240080000000.0 215167000000.0 879629000000.0 1194220000000.0 3193420000.0 160086000000.0 7840160000000.0 81628100.0 0.0 4811520000.0 803809000000.0 99486200000.0 139130000000.0 8523110000.0 -3.18 2.915 [-3.18]
70794600000000.0 3034930000000000.0 2236440000000.0 5910820000000.0 191043000000.0 876414000000.0 1114930000000.0 2738400000.0 167874000000.0 7305260000000.0 65646200.0 0.0 4701450000.0 780824000000.0 91141400000.0 126401000000.0 7278340000.0 -3.16 2.915 [-3.16]
70794600000000.0 2902100000000000.0 2214580000000.0 5597890000000.0 169528000000.0 872449000000.0 1039820000000.0 2346820000.0 175794000000.0 6801590000000.0 52749400.0 0.0 4592030000.0 758114000000.0 83460800000.0 114821000000.0 6217180000.0 -3.14 2.907 [-3.14]
70794600000000.0 2775830000000000.0 2192410000000.0 5300390000000.0 150348000000.0 867730000000.0 968721000000.0 2009900000.0 183835000000.0 6327520000000.0 42347400.0 0.0 4483330000.0 735713000000.0 76392600000.0 104282000000.0 5312190000.0 -3.12 2.907 [-3.12]
70794600000000.0 2655700000000000.0 2169900000000.0 5017540000000.0 133260000000.0 862257000000.0 901467000000.0 1720110000.0 191985000000.0 5881560000000.0 33963300.0 0.0 4375410000.0 713655000000.0 69889600000.0 94693100000.0 4540170000.0 -3.1 2.9 [-3.1]
70794600000000.0 2540850000000000.0 2146890000000.0 4747440000000.0 117994000000.0 855961000000.0 837677000000.0 1470130000.0 200248000000.0 5460670000000.0 27192000.0 0.0 4267850000.0 691862000000.0 63886200000.0 85935600000.0 3879460000.0 -3.08 2.892 [-3.08]
70794600000000.0 2432350000000000.0 2123680000000.0 4492750000000.0 104498000000.0 849061000000.0 777877000000.0 1256800000.0 208560000000.0 5068180000000.0 21775100.0 0.0 4162140000.0 670658000000.0 58406200000.0 78023900000.0 3318930000.0 -3.06 2.885 [-3.06]
70794600000000.0 2327970000000000.0 2099770000000.0 4248350000000.0 92408800000.0 841263000000.0 721036000000.0 1072230000.0 216977000000.0 4696610000000.0 17392200.0 0.0 4056390000.0 649651000000.0 53328500000.0 70768400000.0 2837230000.0 -3.04 2.871 [-3.04]
70794600000000.0 2229270000000000.0 2075620000000.0 4017960000000.0 81735600000.0 832891000000.0 667871000000.0 914942000.0 225413000000.0 4350630000000.0 13893000.0 0.0 3952630000.0 629262000000.0 48696900000.0 64215400000.0 2428420000.0 -3.02 2.832 [-3.02]
70794600000000.0 2134580000000000.0 2050830000000.0 3797780000000.0 72214900000.0 823712000000.0 617620000000.0 779460000.0 233910000000.0 4024690000000.0 11074700.0 0.0 3849390000.0 609191000000.0 44422600000.0 58226700000.0 2077880000.0 -3.0 2.808 [-3.0]
70794600000000.0 2044090000000000.0 2025480000000.0 3588330000000.0 63758700000.0 813820000000.0 570366000000.0 663311000.0 242434000000.0 3719110000000.0 8815300.0 0.0 3747230000.0 589546000000.0 40495400000.0 52776000000.0 1778280000.0 -2.98 2.771 [-2.98]
70794600000000.0 1957550000000000.0 1999560000000.0 3389080000000.0 56252200000.0 803229000000.0 525982000000.0 563814000.0 250972000000.0 3432830000000.0 7005980.0 0.0 3646160000.0 570329000000.0 36888000000.0 47815100000.0 1522130000.0 -2.96 2.761 [-2.96]
70794600000000.0 1874750000000000.0 1973040000000.0 3199570000000.0 49592900000.0 791959000000.0 484351000000.0 478660000.0 259508000000.0 3164830000000.0 5559000.0 0.0 3546250000.0 551542000000.0 33575800000.0 43300500000.0 1303090000.0 -2.94 2.757 [-2.94]
70794600000000.0 1795040000000000.0 1945740000000.0 3018400000000.0 43665800000.0 779922000000.0 445192000000.0 405571000.0 268050000000.0 2913040000000.0 4399670.0 0.0 3446970000.0 533079000000.0 30522800000.0 39175300000.0 1115090000.0 -2.92 2.753 [-2.92]
70794600000000.0 1719080000000000.0 1917990000000.0 2847030000000.0 38436700000.0 767357000000.0 408726000000.0 343419000.0 276541000000.0 2678840000000.0 3478800.0 0.0 3349440000.0 515148000000.0 27735100000.0 35439500000.0 954897000.0 -2.9 2.745 [-2.9]
70794600000000.0 1646680000000000.0 1889800000000.0 2685010000000.0 33825800000.0 754306000000.0 374821000000.0 290609000.0 284965000000.0 2461230000000.0 2748110.0 0.0 3253750000.0 497748000000.0 25191200000.0 32057200000.0 818332000.0 -2.88 2.717 [-2.88]
70794600000000.0 1576490000000000.0 1860650000000.0 2529360000000.0 29711600000.0 740459000000.0 342937000000.0 245231000.0 293370000000.0 2256430000000.0 2163060.0 0.0 3158290000.0 480572000000.0 22839600000.0 28954300000.0 700587000.0 -2.86 2.712 [-2.86]
70794600000000.0 1509490000000000.0 1831040000000.0 2382260000000.0 26089700000.0 726182000000.0 313386000000.0 206780000.0 301682000000.0 2066540000000.0 1700630.0 0.0 3064680000.0 463913000000.0 20696300000.0 26146800000.0 600205000.0 -2.84 2.707 [-2.84]
70794600000000.0 1445190000000000.0 1800830000000.0 2242560000000.0 22890000000.0 711408000000.0 285932000000.0 174104000.0 309907000000.0 1889900000000.0 1334400.0 0.0 2972460000.0 447672000000.0 18735900000.0 23596400000.0 514291000.0 -2.82 2.702 [-2.82]
70794600000000.0 1383460000000000.0 1770050000000.0 2109950000000.0 20065700000.0 696180000000.0 260471000000.0 146375000.0 318028000000.0 1725810000000.0 1044920.0 0.0 2881690000.0 431848000000.0 16944500000.0 21280700000.0 440754000.0 -2.8 2.697 [-2.8]
70794600000000.0 1324180000000000.0 1738720000000.0 1984130000000.0 17574700000.0 680540000000.0 236904000000.0 122880000.0 326035000000.0 1573610000000.0 0.0 0.0 2792400000.0 416437000000.0 15309100000.0 19179300000.0 377807000.0 -2.78 2.691 [-2.78]
70794600000000.0 1267260000000000.0 1706890000000.0 1864830000000.0 15379800000.0 664541000000.0 215134000000.0 103003000.0 333912000000.0 1432670000000.0 0.0 0.0 2704660000.0 401440000000.0 13817700000.0 17273600000.0 323927000.0 -2.76 2.686 [-2.76]
70794600000000.0 1212590000000000.0 1674590000000.0 1751770000000.0 13447500000.0 648229000000.0 195064000000.0 86215000.0 341647000000.0 1302360000000.0 0.0 0.0 2618520000.0 386852000000.0 12459300000.0 15546600000.0 277805000.0 -2.74 2.68 [-2.74]
70794600000000.0 1160080000000000.0 1641880000000.0 1644710000000.0 11748100000.0 631659000000.0 176599000000.0 72058700.0 349228000000.0 1182090000000.0 0.0 0.0 2534030000.0 372675000000.0 11223400000.0 13982700000.0 238324000.0 -2.72 2.675 [-2.72]
70794600000000.0 1109660000000000.0 1608810000000.0 1543400000000.0 10254900000.0 614883000000.0 159645000000.0 60141500.0 356642000000.0 1071300000000.0 0.0 0.0 2451250000.0 358905000000.0 10100400000.0 12567600000.0 204526000.0 -2.7 2.669 [-2.7]
