Cloudy_runs/h1821/z=0.170006/logZ=1/component_I_PI_nH/component_I_PI_nH_col_density_param.txt
# %ECSV 1.0
# ---
# datatype:
# - {name: H, datatype: float64}
# - {name: H+, datatype: float64}
# - {name: C+, datatype: float64}
# - {name: C+2, datatype: float64}
# - {name: C+3, datatype: float64}
# - {name: N+, datatype: float64}
# - {name: N+2, datatype: float64}
# - {name: N+4, datatype: float64}
# - {name: O, datatype: float64}
# - {name: O+2, datatype: float64}
# - {name: O+5, datatype: float64}
# - {name: O+6, datatype: float64}
# - {name: P+, datatype: float64}
# - {name: Si+, datatype: float64}
# - {name: Si+2, datatype: float64}
# - {name: Si+3, datatype: float64}
# - {name: Si+4, datatype: float64}
# - {name: log_nH, datatype: float64}
# - {name: log_Te, datatype: float64}
# - {name: parameters, datatype: string, subtype: 'float64[1]'}
# schema: astropy-2.0
H H+ C+ C+2 C+3 N+ N+2 N+4 O O+2 O+5 O+6 P+ Si+ Si+2 Si+3 Si+4 log_nH log_Te parameters
70794600000000.0 2.14761e+18 90863400000.0 39607600000000.0 289412000000000.0 5359360000.0 5263520000000.0 267208000000000.0 202027.0 14328900000000.0 3377910000000000.0 3936960000000000.0 2225860.0 90080100.0 9808560000.0 126059000000.0 10378600000000.0 -5.0 4.342 [-5.0]
70794600000000.0 2.01797e+18 96155000000.0 41082400000000.0 293824000000000.0 5893160000.0 5676100000000.0 263609000000000.0 241302.0 15769300000000.0 3206630000000000.0 3528880000000000.0 2563820.0 102830000.0 11191000000.0 144065000000.0 11107600000000.0 -4.98 4.332 [-4.98]
70794500000000.0 1.89563e+18 101816000000.0 42558900000000.0 297932000000000.0 6491040000.0 6119480000000.0 259583000000000.0 289379.0 17336700000000.0 3035580000000000.0 3154150000000000.0 2953150.0 117093000.0 12737000000.0 164452000000.0 11868600000000.0 -4.96 4.323 [-4.96]
70794500000000.0 1.7803e+18 107925000000.0 44042700000000.0 301709000000000.0 7163480000.0 6595600000000.0 255132000000000.0 348394.0 19037400000000.0 2865500000000000.0 2811320000000000.0 3403140.0 133059000.0 14462300000.0 187471000000.0 12659800000000.0 -4.94 4.313 [-4.94]
70794500000000.0 1.67155e+18 114545000000.0 45536200000000.0 305151000000000.0 7921520000.0 7106580000000.0 250260000000000.0 420987.0 20878700000000.0 2697040000000000.0 2498350000000000.0 3923890.0 150911000.0 16383000000.0 213435000000.0 13480300000000.0 -4.92 4.303 [-4.92]
70794600000000.0 1.56897e+18 121757000000.0 47043900000000.0 308243000000000.0 8778170000.0 7654490000000.0 244977000000000.0 510395.0 22863900000000.0 2530570000000000.0 2213990000000000.0 4527750.0 170875000.0 18517000000.0 242682000000.0 14328700000000.0 -4.9 4.292 [-4.9]
70794600000000.0 1.47204e+18 129625000000.0 48565000000000.0 310974000000000.0 9747560000.0 8241190000000.0 239278000000000.0 620844.0 25003100000000.0 2367020000000000.0 1955040000000000.0 5228030.0 193152000.0 20881200000.0 275642000000.0 15204700000000.0 -4.88 4.281 [-4.88]
70794500000000.0 1.38039e+18 138255000000.0 50106200000000.0 313325000000000.0 10847600000.0 8868770000000.0 233169000000000.0 757442.0 27298200000000.0 2206690000000000.0 1720310000000000.0 6041920.0 218027000.0 23495700000.0 312748000000.0 16106200000000.0 -4.86 4.27 [-4.86]
70794500000000.0 1.29364e+18 147772000000.0 51676000000000.0 315284000000000.0 12099200000.0 9539430000000.0 226650000000000.0 926723.0 29753900000000.0 2050050000000000.0 1508010000000000.0 6989880.0 245835000.0 26382500000.0 354515000000.0 17031600000000.0 -4.84 4.259 [-4.84]
70794500000000.0 1.21145e+18 158328000000.0 53284800000000.0 316827000000000.0 13527400000.0 10255300000000.0 219725000000000.0 1136870.0 32371900000000.0 1897550000000000.0 1316520000000000.0 8097100.0 276998000.0 29567100000.0 401518000000.0 17978400000000.0 -4.82 4.247 [-4.82]
70794500000000.0 1.13348e+18 170109000000.0 54947500000000.0 317930000000000.0 15161500000.0 11018400000000.0 212394000000000.0 1398160.0 35153200000000.0 1749570000000000.0 1144250000000000.0 9394170.0 312048000.0 33079800000.0 454412000000.0 18944100000000.0 -4.8 4.235 [-4.8]
70794600000000.0 1.05942e+18 183359000000.0 56684300000000.0 318561000000000.0 17037500000.0 11830800000000.0 204659000000000.0 1723660.0 38095000000000.0 1606480000000000.0 989766000000000.0 10920100.0 351717000.0 36960000000.0 513946000000.0 19925400000000.0 -4.78 4.222 [-4.78]
70794500000000.0 9.88765e+17 198367000000.0 58515500000000.0 318679000000000.0 19199900000.0 12695000000000.0 196501000000000.0 2130650.0 41196700000000.0 1468350000000000.0 851261000000000.0 12721400.0 396842000.0 41253600000.0 581184000000.0 20921200000000.0 -4.76 4.208 [-4.76]
70794500000000.0 9.21212e+17 215561000000.0 60481400000000.0 318239000000000.0 21704500000.0 13613600000000.0 187912000000000.0 2641110.0 44451000000000.0 1335380000000000.0 727532000000000.0 14861700.0 448787000.0 46032400000.0 657269000000.0 21928000000000.0 -4.74 4.193 [-4.74]
70794500000000.0 8.56454e+17 235526000000.0 62637500000000.0 317177000000000.0 24620000000.0 14588400000000.0 178879000000000.0 3283680.0 47845000000000.0 1207800000000000.0 617309000000000.0 17425800.0 509568000.0 51403000000.0 743571000000.0 22941300000000.0 -4.72 4.177 [-4.72]
70794500000000.0 7.94205e+17 259063000000.0 65059500000000.0 315404000000000.0 28030800000.0 15620400000000.0 169391000000000.0 4095560.0 51356800000000.0 1085770000000000.0 519522000000000.0 20529000.0 582263000.0 57528800000.0 841723000000.0 23955400000000.0 -4.7 4.159 [-4.7]
70794500000000.0 7.33984e+17 287326000000.0 67850500000000.0 312788000000000.0 32049300000.0 16710500000000.0 159401000000000.0 5128420.0 54957500000000.0 969192000000000.0 432874000000000.0 24333500.0 671576000.0 64663400000.0 954092000000.0 24965300000000.0 -4.68 4.139 [-4.68]
70794500000000.0 6.75245e+17 322071000000.0 71165700000000.0 309148000000000.0 36824700000.0 17858100000000.0 148841000000000.0 6454650.0 58601600000000.0 857852000000000.0 356171000000000.0 29081200.0 785269000.0 73225400000.0 1083960000000.0 25965100000000.0 -4.66 4.116 [-4.66]
70794500000000.0 6.17285e+17 366079000000.0 75235900000000.0 304181000000000.0 42561200000.0 19058600000000.0 137609000000000.0 8180000.0 62208700000000.0 751331000000000.0 288300000000000.0 35155200.0 936802000.0 83923000000.0 1236080000000.0 26946200000000.0 -4.64 4.09 [-4.64]
70794500000000.0 5.58877e+17 424262000000.0 80443200000000.0 297362000000000.0 49570600000.0 20301700000000.0 125495000000000.0 10476000.0 65641700000000.0 648574000000000.0 227942000000000.0 43229000.0 1151780000.0 98058000000.0 1418860000000.0 27898700000000.0 -4.62 4.058 [-4.62]
70794500000000.0 4.98043e+17 506267000000.0 87459300000000.0 287684000000000.0 58355400000.0 21555100000000.0 112128000000000.0 13652000.0 68624200000000.0 547638000000000.0 173659000000000.0 54663700.0 1485470000.0 118228000000.0 1647990000000.0 28801300000000.0 -4.6 4.016 [-4.6]
70794500000000.0 4.30559e+17 635237000000.0 97620700000000.0 272797000000000.0 69831200000.0 22707800000000.0 96709800000000.0 18399100.0 70498900000000.0 443645000000000.0 123371000000000.0 72909200.0 2086650000.0 150453000000.0 1960330000000.0 29596300000000.0 -4.58 3.956 [-4.58]
70794400000000.0 3.74442e+17 789058000000.0 107859000000000.0 256342000000000.0 81502700000.0 23479000000000.0 83405400000000.0 24265200.0 71439500000000.0 357894000000000.0 87806300000000.0 97439500.0 2964020000.0 190188000000.0 2285240000000.0 29991600000000.0 -4.56 3.899 [-4.56]
70794400000000.0 3.27906e+17 963814000000.0 117205000000000.0 239119000000000.0 92992100000.0 23888900000000.0 72192200000000.0 31458000.0 71819100000000.0 287007000000000.0 62614600000000.0 129366000.0 4179460000.0 235412000000.0 2613540000000.0 30009600000000.0 -4.54 3.846 [-4.54]
70794300000000.0 2.83633e+17 1187630000000.0 126323000000000.0 218871000000000.0 105011000000.0 23842700000000.0 61721900000000.0 41316000.0 71393500000000.0 221367000000000.0 42570300000000.0 176044000.0 6072670000.0 290631000000.0 2985040000000.0 29609900000000.0 -4.52 3.785 [-4.52]
70794300000000.0 2.41783e+17 1473140000000.0 134182000000000.0 195575000000000.0 117146000000.0 23224600000000.0 52153000000000.0 55475200.0 70444300000000.0 161450000000000.0 27134500000000.0 247694000.0 9085270000.0 355401000000.0 3398330000000.0 28673400000000.0 -4.5 3.714 [-4.5]
70794400000000.0 2.04334e+17 1810310000000.0 139216000000000.0 170883000000000.0 128927000000.0 22079600000000.0 43791700000000.0 76212200.0 69722400000000.0 111261000000000.0 16323700000000.0 357491000.0 13688900000.0 425265000000.0 3823250000000.0 27168200000000.0 -4.48 3.636 [-4.48]
70794300000000.0 1.74416e+17 2141950000000.0 140550000000000.0 148438000000000.0 140299000000.0 20792800000000.0 36948500000000.0 104590000.0 69974400000000.0 75657700000000.0 9812810000000.0 506231000.0 19847600000.0 492478000000.0 4195660000000.0 25343700000000.0 -4.46 3.563 [-4.46]
70794400000000.0 1.51965e+17 2422650000000.0 139127000000000.0 130037000000000.0 151746000000.0 19696000000000.0 31472200000000.0 140065000.0 71039100000000.0 52910200000000.0 6177480000000.0 681071000.0 27194400000.0 554077000000.0 4485340000000.0 23511300000000.0 -4.44 3.502 [-4.44]
70794500000000.0 1.3473e+17 2649730000000.0 136149000000000.0 115056000000000.0 163617000000.0 18823400000000.0 26995500000000.0 182549000.0 72415600000000.0 38255100000000.0 4078020000000.0 873505000.0 35626600000.0 611379000000.0 4704180000000.0 21783300000000.0 -4.42 3.453 [-4.42]
70794400000000.0 1.20966e+17 2832830000000.0 132333000000000.0 102604000000000.0 176009000000.0 18120000000000.0 23261100000000.0 232507000.0 73794400000000.0 28420900000000.0 2793710000000.0 1080090000.0 45197100000.0 665660000000.0 4868640000000.0 20176100000000.0 -4.4 3.412 [-4.4]
70794500000000.0 1.09556e+17 2981310000000.0 128035000000000.0 91995900000000.0 188939000000.0 17527100000000.0 20095500000000.0 290943000.0 75034600000000.0 21533800000000.0 1965000000000.0 1300220000.0 56042300000.0 717645000000.0 4990900000000.0 18676000000000.0 -4.38 3.374 [-4.38]
70794500000000.0 9.98562e+16 3101670000000.0 123461000000000.0 82809100000000.0 202390000000.0 17007900000000.0 17389700000000.0 358975000.0 76075400000000.0 16559000000000.0 1409550000000.0 1533200000.0 68282300000.0 767537000000.0 5078400000000.0 17272400000000.0 -4.36 3.377 [-4.36]
70794500000000.0 9.14645e+16 3198680000000.0 118749000000000.0 74766100000000.0 216334000000.0 16539000000000.0 15066500000000.0 437808000.0 76893900000000.0 12883200000000.0 1026780000000.0 1778100000.0 82018800000.0 815329000000.0 5136310000000.0 15958100000000.0 -4.34 3.343 [-4.34]
70794500000000.0 8.4114e+16 3276070000000.0 113997000000000.0 67671600000000.0 230731000000.0 16105500000000.0 13067100000000.0 528709000.0 77485900000000.0 10120300000000.0 757425000000.0 2033600000.0 97331900000.0 860892000000.0 5168320000000.0 14728200000000.0 -4.32 3.345 [-4.32]
70794500000000.0 7.76137e+16 3337060000000.0 109272000000000.0 61375900000000.0 245548000000.0 15697500000000.0 11343400000000.0 633065000.0 77856400000000.0 8014540000000.0 564641000000.0 2298330000.0 114288000000.0 904107000000.0 5177370000000.0 13578100000000.0 -4.3 3.315 [-4.3]
70794500000000.0 7.18052e+16 3383960000000.0 104607000000000.0 55751300000000.0 260770000000.0 15305200000000.0 9851930000000.0 752717000.0 78016900000000.0 6387090000000.0 424381000000.0 2571160000.0 132993000000.0 944820000000.0 5165760000000.0 12500800000000.0 -4.28 3.317 [-4.28]
70794500000000.0 6.65773e+16 3418640000000.0 100027000000000.0 50703800000000.0 276367000000.0 14922600000000.0 8559000000000.0 889565000.0 77978800000000.0 5116410000000.0 321097000000.0 2850460000.0 153526000000.0 982854000000.0 5135350000000.0 11491800000000.0 -4.26 3.29 [-4.26]
70794500000000.0 6.18561e+16 3443130000000.0 95569900000000.0 46166100000000.0 292292000000.0 14547800000000.0 7438820000000.0 1045380000.0 77754400000000.0 4118240000000.0 244453000000.0 3134130000.0 175901000000.0 1018050000000.0 5087950000000.0 10549600000000.0 -4.24 3.291 [-4.24]
70794500000000.0 5.75701e+16 3458840000000.0 91246100000000.0 42073300000000.0 308515000000.0 14177500000000.0 6466860000000.0 1222380000.0 77356300000000.0 3328100000000.0 187063000000.0 3420310000.0 200162000000.0 1050260000000.0 5025040000000.0 9670280000000.0 -4.22 3.267 [-4.22]
70794500000000.0 5.36652e+16 3467140000000.0 87068400000000.0 38373500000000.0 324960000000.0 13810000000000.0 5623090000000.0 1422900000.0 76796900000000.0 2699060000000.0 143794000000.0 3707020000.0 226321000000.0 1079330000000.0 4948070000000.0 8850840000000.0 -4.2 3.268 [-4.2]
70794500000000.0 5.00961e+16 3469220000000.0 83044400000000.0 35022200000000.0 341532000000.0 13444400000000.0 4890280000000.0 1649490000.0 76087800000000.0 2195720000000.0 110973000000.0 3992270000.0 254368000000.0 1105160000000.0 4858370000000.0 8088400000000.0 -4.18 3.245 [-4.18]
70794500000000.0 4.68254e+16 3466140000000.0 79178700000000.0 31981400000000.0 358268000000.0 13079900000000.0 4253640000000.0 1904660000.0 75240900000000.0 1791200000000.0 85946500000.0 4274120000.0 284269000000.0 1127630000000.0 4757250000000.0 7380190000000.0 -4.16 3.246 [-4.16]
70794500000000.0 4.38196e+16 3458730000000.0 75471500000000.0 29217100000000.0 375135000000.0 12716200000000.0 3700220000000.0 2191370000.0 74267800000000.0 1464700000000.0 66767400000.0 4550770000.0 315988000000.0 1146680000000.0 4645850000000.0 6723200000000.0 -4.14 3.225 [-4.14]
70794500000000.0 4.10496e+16 3447640000000.0 71919000000000.0 26700200000000.0 392096000000.0 12352800000000.0 3218850000000.0 2512800000.0 73177300000000.0 1200130000000.0 52002300000.0 4820480000.0 349452000000.0 1162160000000.0 4525310000000.0 6114430000000.0 -4.12 3.226 [-4.12]
70794600000000.0 3.84907e+16 3433460000000.0 68517500000000.0 24404900000000.0 409124000000.0 11989600000000.0 2799890000000.0 2872470000.0 71979300000000.0 984985000000.0 40589100000.0 5081700000.0 384590000000.0 1174020000000.0 4396680000000.0 5551010000000.0 -4.1 3.206 [-4.1]
70794500000000.0 3.6125e+16 3416890000000.0 65268200000000.0 22310900000000.0 426172000000.0 11627600000000.0 2435570000000.0 3273620000.0 70685100000000.0 809727000000.0 31747500000.0 5332880000.0 421242000000.0 1182230000000.0 4261180000000.0 5030980000000.0 -4.08 3.206 [-4.08]
70794600000000.0 3.39313e+16 3398140000000.0 62161600000000.0 20397200000000.0 443226000000.0 11266400000000.0 2118350000000.0 3720560000.0 69302200000000.0 666428000000.0 24869800000.0 5572740000.0 459309000000.0 1186740000000.0 4119650000000.0 4551220000000.0 -4.06 3.188 [-4.06]
70794600000000.0 3.18944e+16 3377650000000.0 59194300000000.0 18647300000000.0 460249000000.0 10906800000000.0 1842230000000.0 4217290000.0 67839700000000.0 549049000000.0 19508600000.0 5800120000.0 498609000000.0 1187530000000.0 3973150000000.0 4109540000000.0 -4.04 3.188 [-4.04]
70794600000000.0 2.9998e+16 3355380000000.0 56356300000000.0 17045300000000.0 477231000000.0 10548500000000.0 1601620000000.0 4768990000.0 66304000000000.0 452608000000.0 15315800000.0 6013790000.0 538999000000.0 1184560000000.0 3822440000000.0 3703140000000.0 -4.02 3.171 [-4.02]
70794600000000.0 2.82317e+16 3331930000000.0 53647000000000.0 15578100000000.0 494137000000.0 10192800000000.0 1392140000000.0 5380000000.0 64704400000000.0 373327000000.0 12034200000.0 6213170000.0 580224000000.0 1177920000000.0 3668580000000.0 3330270000000.0 -4.0 3.171 [-4.0]
70794500000000.0 2.65835e+16 3307310000000.0 51058700000000.0 14233500000000.0 510946000000.0 9839700000000.0 1209690000000.0 6055760000.0 63047700000000.0 308026000000.0 9460350000.0 6397370000.0 622067000000.0 1167630000000.0 3512370000000.0 2988630000000.0 -3.98 3.155 [-3.98]
70794600000000.0 2.50431e+16 3281600000000.0 48585400000000.0 13000900000000.0 527643000000.0 9489720000000.0 1050750000000.0 6802120000.0 61340500000000.0 254165000000.0 7438730000.0 6565800000.0 664283000000.0 1153750000000.0 3354610000000.0 2676160000000.0 -3.96 3.155 [-3.96]
70794600000000.0 2.36011e+16 3254810000000.0 46220700000000.0 11870200000000.0 544209000000.0 9143090000000.0 912258000000.0 7625430000.0 59588700000000.0 209680000000.0 5848550000.0 6717880000.0 706620000000.0 1136370000000.0 3196010000000.0 2390800000000.0 -3.94 3.14 [-3.94]
70794600000000.0 2.22509e+16 3227200000000.0 43961900000000.0 10833300000000.0 560622000000.0 8800670000000.0 791693000000.0 8531730000.0 57800500000000.0 172944000000.0 4597900000.0 6853410000.0 748752000000.0 1115660000000.0 3037500000000.0 2130980000000.0 -3.92 3.14 [-3.92]
70794600000000.0 2.0987e+16 3199330000000.0 41810600000000.0 9880510000000.0 576886000000.0 8463720000000.0 686577000000.0 9529800000.0 56001100000000.0 142561000000.0 3613080000.0 6973070000.0 790655000000.0 1092280000000.0 2881200000000.0 1893460000000.0 -3.9 3.126 [-3.9]
