Cloudy_runs/pg1116/z=0.138527/logZ=-1/component_II_PI_nH/component_II_PI_nH_col_density_param.txt
# %ECSV 1.0
# ---
# datatype:
# - {name: H, datatype: float64}
# - {name: H+, datatype: float64}
# - {name: C+, datatype: float64}
# - {name: C+2, datatype: float64}
# - {name: C+3, datatype: float64}
# - {name: N+, datatype: float64}
# - {name: N+2, datatype: float64}
# - {name: N+4, datatype: float64}
# - {name: O, datatype: float64}
# - {name: O+2, datatype: float64}
# - {name: O+5, datatype: float64}
# - {name: O+6, datatype: float64}
# - {name: P+, datatype: float64}
# - {name: Si+, datatype: float64}
# - {name: Si+2, datatype: float64}
# - {name: Si+3, datatype: float64}
# - {name: Si+4, datatype: float64}
# - {name: log_nH, datatype: float64}
# - {name: log_Te, datatype: float64}
# - {name: parameters, datatype: string, subtype: 'float64[1]'}
# schema: astropy-2.0
H H+ C+ C+2 C+3 N+ N+2 N+4 O O+2 O+5 O+6 P+ Si+ Si+2 Si+3 Si+4 log_nH log_Te parameters
[from data line 64]
39810700000000.0 5.76921e+16 42851700000.0 952849000000.0 333153000000.0 4949250000.0 204845000000.0 21305800000.0 14705800.0 928009000000.0 23765800000.0 2481030000.0 86002500.0 1800700000.0 38026000000.0 27198400000.0 85600600000.0 -3.72 4.325 [-3.72]
39810700000000.0 5.47995e+16 43156200000.0 924048000000.0 309825000000.0 5075630000.0 200134000000.0 18869400000.0 16460100.0 921838000000.0 20374200000.0 2039230000.0 88820600.0 1870480000.0 38957700000.0 27078400000.0 79952100000.0 -3.7 4.321 [-3.7]
39810700000000.0 5.20478e+16 43426400000.0 895098000000.0 287703000000.0 5203670000.0 195311000000.0 16684900000.0 18415300.0 914646000000.0 17435300000.0 1672810000.0 91499000.0 1938020000.0 39788500000.0 26876300000.0 74423200000.0 -3.68 4.318 [-3.68]
39810700000000.0 4.94426e+16 43664300000.0 866253000000.0 266858000000.0 5333330000.0 190420000000.0 14737900000.0 20584800.0 906512000000.0 14903000000.0 1370610000.0 94020900.0 2002650000.0 40513000000.0 26597300000.0 69063900000.0 -3.66 4.314 [-3.66]
39810700000000.0 4.69639e+16 43869900000.0 837444000000.0 247166000000.0 5464870000.0 185446000000.0 12997600000.0 22997600.0 897371000000.0 12714900000.0 1120730000.0 96381400.0 2064390000.0 41124300000.0 26241200000.0 63875800000.0 -3.64 4.311 [-3.64]
39810700000000.0 4.46096e+16 44045000000.0 808807000000.0 228625000000.0 5598350000.0 180414000000.0 11447000000.0 25675500.0 887260000000.0 10830000000.0 914749000.0 98570700.0 2122900000.0 41619000000.0 25812800000.0 58887500000.0 -3.62 4.308 [-3.62]
39810700000000.0 4.23735e+16 44190800000.0 780419000000.0 211200000000.0 5733900000.0 175336000000.0 10067700000.0 28644200.0 876195000000.0 9208880000.0 745269000.0 100582000.0 2177970000.0 41994400000.0 25316700000.0 54116700000.0 -3.6 4.304 [-3.6]
39810700000000.0 4.02496e+16 44308500000.0 752347000000.0 194851000000.0 5871630000.0 170226000000.0 8842600000.0 31931600.0 864196000000.0 7816940000.0 606063000.0 102412000.0 2229450000.0 42249500000.0 24758200000.0 49577500000.0 -3.58 4.301 [-3.58]
39810700000000.0 3.82289e+16 44399600000.0 724604000000.0 179513000000.0 6011080000.0 165087000000.0 7754650000.0 35572600.0 851251000000.0 6622040000.0 491774000.0 104057000.0 2277370000.0 42383700000.0 24141100000.0 45274300000.0 -3.56 4.297 [-3.56]
39810700000000.0 3.63133e+16 44465700000.0 697349000000.0 165195000000.0 6152830000.0 159952000000.0 6793060000.0 39590300.0 837457000000.0 5601230000.0 398403000.0 105516000.0 2321470000.0 42400900000.0 23475100000.0 41226900000.0 -3.54 4.294 [-3.54]
39810700000000.0 3.44938e+16 44507600000.0 670576000000.0 151828000000.0 6297040000.0 154823000000.0 5943020000.0 44023400.0 822810000000.0 4729180000.0 322132000.0 106787000.0 2361850000.0 42303200000.0 22765000000.0 37432200000.0 -3.52 4.29 [-3.52]
39810700000000.0 3.27658e+16 44526600000.0 644327000000.0 139368000000.0 6443830000.0 149710000000.0 5192710000.0 48908700.0 807346000000.0 3985540000.0 259952000.0 107872000.0 2398580000.0 42094700000.0 22017600000.0 33891000000.0 -3.5 4.287 [-3.5]
39810700000000.0 3.11246e+16 44523700000.0 618637000000.0 127771000000.0 6593340000.0 144624000000.0 4531430000.0 54285400.0 791105000000.0 3352530000.0 209357000.0 108773000.0 2431760000.0 41780800000.0 21239400000.0 30601000000.0 -3.48 4.284 [-3.48]
39810700000000.0 2.95658e+16 44500300000.0 593539000000.0 116993000000.0 6745660000.0 139575000000.0 3949500000.0 60195000.0 774129000000.0 2814700000.0 168270000.0 109495000.0 2461530000.0 41367700000.0 20437100000.0 27557500000.0 -3.46 4.28 [-3.46]
39810700000000.0 2.80854e+16 44457100000.0 569055000000.0 106992000000.0 6900920000.0 134572000000.0 3438110000.0 66681700.0 756464000000.0 2358580000.0 134973000.0 110040000.0 2488070000.0 40862100000.0 19617000000.0 24753700000.0 -3.44 4.277 [-3.44]
39810700000000.0 2.66795e+16 44395400000.0 545209000000.0 97724900000.0 7059190000.0 129624000000.0 2989380000.0 73791900.0 738159000000.0 1972510000.0 108043000.0 110414000.0 2511570000.0 40271600000.0 18785300000.0 22180800000.0 -3.42 4.273 [-3.42]
39810700000000.0 2.53442e+16 44316000000.0 522014000000.0 89149600000.0 7220570000.0 124738000000.0 2596180000.0 81574300.0 719268000000.0 1646370000.0 86309100.0 110622000.0 2532260000.0 39603800000.0 17947600000.0 19828900000.0 -3.4 4.27 [-3.4]
39810700000000.0 2.40761e+16 44219700000.0 499484000000.0 81226000000.0 7385140000.0 119923000000.0 2252120000.0 90080500.0 699846000000.0 1371390000.0 68804400.0 110670000.0 2550380000.0 38866900000.0 17109500000.0 17686800000.0 -3.38 4.266 [-3.38]
39810700000000.0 2.28719e+16 44107400000.0 477625000000.0 73914700000.0 7552920000.0 115185000000.0 1951460000.0 99364000.0 679950000000.0 1140020000.0 54735900.0 110565000.0 2566170000.0 38068700000.0 16275700000.0 15742300000.0 -3.36 4.263 [-3.36]
39810700000000.0 2.17307e+16 43980400000.0 456494000000.0 67191000000.0 7723950000.0 110540000000.0 1689560000.0 109465000.0 659695000000.0 946082000.0 43472300.0 110316000.0 2579780000.0 37220300000.0 15452700000.0 13986000000.0 -3.34 4.259 [-3.34]
39810700000000.0 2.06421e+16 43837200000.0 435942000000.0 60978800000.0 7898250000.0 105962000000.0 1460410000.0 120488000.0 638977000000.0 782954000.0 34425100.0 109922000.0 2591750000.0 36320400000.0 14638300000.0 12396400000.0 -3.32 4.256 [-3.32]
39810700000000.0 1.96106e+16 43680400000.0 416117000000.0 55282400000.0 8075750000.0 101486000000.0 1261360000.0 132446000.0 618020000000.0 646822000.0 27215500.0 109398000.0 2602040000.0 35385300000.0 13842200000.0 10969500000.0 -3.3 4.252 [-3.3]
39810700000000.0 1.86311e+16 43509800000.0 396965000000.0 50055200000.0 8256410000.0 97107300000.0 1088320000.0 145416000.0 596832000000.0 533230000.0 21471100.0 108747000.0 2610960000.0 34419300000.0 13065100000.0 9689820000.0 -3.28 4.249 [-3.28]
39810700000000.0 1.7703e+16 43326800000.0 378528000000.0 45274800000.0 8440160000.0 92838800000.0 938350000.0 159440000.0 575533000000.0 438816000.0 16911800.0 107981000.0 2618660000.0 33432300000.0 12311400000.0 8547220000.0 -3.26 4.245 [-3.26]
39810700000000.0 1.68195e+16 43130100000.0 360706000000.0 40890500000.0 8626830000.0 88662700000.0 808008000.0 174621000.0 554072000000.0 360212000.0 13287300.0 107101000.0 2625530000.0 32424300000.0 11579400000.0 7525830000.0 -3.24 4.242 [-3.24]
39810700000000.0 1.59786e+16 42920200000.0 343496000000.0 36875800000.0 8816240000.0 84582300000.0 694887000.0 191031000.0 532511000000.0 294936000.0 10413400.0 106113000.0 2631760000.0 31401200000.0 10871000000.0 6615120000.0 -3.22 4.238 [-3.22]
39810700000000.0 1.5184e+16 42699700000.0 327014000000.0 33227900000.0 9008230000.0 80629000000.0 597403000.0 208656000.0 511077000000.0 241150000.0 8152100.0 105035000.0 2637230000.0 30377500000.0 10192500000.0 5809180000.0 -3.2 4.235 [-3.2]
39810700000000.0 1.44275e+16 42466200000.0 311119000000.0 29895900000.0 9202410000.0 76774400000.0 512958000.0 227636000.0 489659000000.0 196664000.0 6365980.0 103862000.0 2642380000.0 29348500000.0 9539760000.0 5093410000.0 -3.18 4.231 [-3.18]
39810700000000.0 1.3709e+16 42220800000.0 295843000000.0 26863800000.0 9398460000.0 73029500000.0 440045000.0 248010000.0 468370000000.0 160030000.0 4961290.0 102605000.0 2647260000.0 28321700000.0 8915040000.0 4460200000.0 -3.16 4.228 [-3.16]
39810700000000.0 1.30251e+16 41962600000.0 281134000000.0 24102600000.0 9595880000.0 69385800000.0 377033000.0 269871000.0 447208000000.0 129878000.0 3856990.0 101265000.0 2652070000.0 27297800000.0 8317270000.0 3900050000.0 -3.14 4.224 [-3.14]
39810700000000.0 1.23773e+16 41693700000.0 267055000000.0 21602500000.0 9794370000.0 65862000000.0 322857000.0 293210000.0 426335000000.0 105213000.0 2994080.0 99858400.0 2656720000.0 26286400000.0 7749470000.0 3407230000.0 -3.12 4.221 [-3.12]
39810700000000.0 1.17621e+16 41413300000.0 253552000000.0 19337100000.0 9993280000.0 62448900000.0 276220000.0 318113000.0 405745000000.0 85040300.0 2319760.0 98385800.0 2661390000.0 25287200000.0 7210040000.0 2973480000.0 -3.1 4.217 [-3.1]
39810700000000.0 1.11794e+16 41122400000.0 240644000000.0 17291400000.0 10192200000.0 59154400000.0 236188000.0 344587000.0 385534000000.0 68608100.0 1794800.0 96858600.0 2666040000.0 24305700000.0 6699890000.0 2592960000.0 -3.08 4.214 [-3.08]
39810700000000.0 1.06245e+16 40819000000.0 228248000000.0 15438600000.0 10390000000.0 55961400000.0 201715000.0 372755000.0 365643000000.0 55201800.0 1385350.0 95272700.0 2670900000.0 23338200000.0 6216020000.0 2258360000.0 -3.06 4.211 [-3.06]
39810700000000.0 1.00976e+16 40504300000.0 216381000000.0 13766700000.0 10586200000.0 52877800000.0 172120000.0 402614000.0 346163000000.0 44312900.0 1067350.0 93638300.0 2675900000.0 22389500000.0 5759160000.0 1965120000.0 -3.04 4.207 [-3.04]
39810700000000.0 9597260000000000.0 40178400000.0 205032000000.0 12260600000.0 10780000000.0 49903200000.0 146739000.0 434186000.0 327133000000.0 35490600.0 820889.0 91961500.0 2681050000.0 21461200000.0 5328660000.0 1708460000.0 -3.02 4.204 [-3.02]
39810700000000.0 9121970000000000.0 39840900000.0 194179000000.0 10905100000.0 10970200000.0 47035400000.0 124985000.0 467497000.0 308581000000.0 28357400.0 630194.0 90245500.0 2686360000.0 20554100000.0 4923660000.0 1484030000.0 -3.0 4.201 [-3.0]
39810700000000.0 8670630000000000.0 39492500000.0 183810000000.0 9687410000.0 11156000000.0 44274400000.0 106359000.0 502547000.0 290542000000.0 22605000.0 482973.0 88497400.0 2691780000.0 19669700000.0 4543330000.0 1288040000.0 -2.98 4.197 [-2.98]
39810700000000.0 8242040000000000.0 39133000000.0 173910000000.0 8594990000.0 11336300000.0 41619100000.0 90425700.0 539329000.0 273045000000.0 17977200.0 369531.0 86721000.0 2697280000.0 18808600000.0 4186840000.0 1117080000.0 -2.96 4.194 [-2.96]
39810700000000.0 7835000000000000.0 38762500000.0 164462000000.0 7616340000.0 11509900000.0 39068100000.0 76806300.0 577823000.0 256111000000.0 14263100.0 282274.0 84920900.0 2702830000.0 17971400000.0 3853240000.0 968083000.0 -2.94 4.191 [-2.94]
39810700000000.0 7448430000000000.0 38381100000.0 155452000000.0 6740820000.0 11675600000.0 36620000000.0 65174600.0 617996000.0 239762000000.0 11289400.0 215280.0 83101300.0 2708380000.0 17158400000.0 3541570000.0 838352000.0 -2.92 4.187 [-2.92]
39810700000000.0 7081270000000000.0 37988800000.0 146862000000.0 5958680000.0 11832200000.0 34273700000.0 55249000.0 659798000.0 224016000000.0 8914250.0 163935.0 81266300.0 2713840000.0 16369800000.0 3250850000.0 725496000.0 -2.9 4.184 [-2.9]
39810700000000.0 6732570000000000.0 37585700000.0 138679000000.0 5260960000.0 11978500000.0 32027700000.0 46786700.0 703163000.0 208888000000.0 7021960.0 124652.0 79419800.0 2719150000.0 15605800000.0 2980110000.0 627406000.0 -2.88 4.181 [-2.88]
39810700000000.0 6400540000000000.0 37171000000.0 130868000000.0 4638150000.0 12112700000.0 29876000000.0 39565100.0 748076000.0 194356000000.0 5515620.0 94599.0 77560700.0 2724280000.0 14864500000.0 2727780000.0 542070000.0 -2.86 4.178 [-2.86]
39810700000000.0 6086800000000000.0 36748100000.0 123474000000.0 4086460000.0 12234700000.0 27831600000.0 33443500.0 794237000.0 180527000000.0 4325810.0 71768.9 75707400.0 2728960000.0 14151600000.0 2494670000.0 468295000.0 -2.84 4.175 [-2.84]
39810700000000.0 5787270000000000.0 36312800000.0 116405000000.0 3594270000.0 12341600000.0 25874500000.0 28218200.0 841800000.0 167281000000.0 3381530.0 54322.3 73843800.0 2733320000.0 13459300000.0 2277530000.0 404084000.0 -2.82 4.172 [-2.82]
39810700000000.0 5504230000000000.0 35869900000.0 109721000000.0 3159450000.0 12434000000.0 24020600000.0 23797200.0 890361000.0 154738000000.0 2639380.0 0.0 71992300.0 2737060000.0 12794900000.0 2077550000.0 348654000.0 -2.8 4.168 [-2.8]
39810700000000.0 5234640000000000.0 35416000000.0 103354000000.0 2773340000.0 12509400000.0 22255700000.0 20037600.0 939983000.0 142813000000.0 2054250.0 0.0 70141200.0 2740230000.0 12152400000.0 1892270000.0 300560000.0 -2.78 4.165 [-2.78]
39810700000000.0 4978560000000000.0 34952600000.0 97308100000.0 2431700000.0 12567000000.0 20582400000.0 16850800.0 990438000.0 131531000000.0 1595040.0 0.0 68298400.0 2742680000.0 11533400000.0 1721320000.0 258944000.0 -2.76 4.162 [-2.76]
39810700000000.0 4735280000000000.0 34480000000.0 91570800000.0 2129810000.0 12606000000.0 18999100000.0 14152400.0 1041560000.0 120886000000.0 1235550.0 0.0 66466600.0 2744290000.0 10937600000.0 1563830000.0 222957000.0 -2.74 4.159 [-2.74]
39810700000000.0 4503570000000000.0 33997100000.0 86115000000.0 1862850000.0 12624800000.0 17500600000.0 11866200.0 1093230000.0 110848000000.0 954401.0 0.0 64643300.0 2745000000.0 10362800000.0 1418610000.0 191802000.0 -2.72 4.156 [-2.72]
39810700000000.0 4284620000000000.0 33508400000.0 80971300000.0 1628560000.0 12624800000.0 16094900000.0 9942660.0 1145060000.0 101469000000.0 736217.0 0.0 62845700.0 2744590000.0 9813670000.0 1285880000.0 165001000.0 -2.7 4.153 [-2.7]
39810700000000.0 4075460000000000.0 33008700000.0 76071500000.0 1421420000.0 12602800000.0 14767400000.0 8313420.0 1197140000.0 92655100000.0 566083.0 0.0 61056300.0 2743110000.0 9283280000.0 1163550000.0 141778000.0 -2.68 4.15 [-2.68]
39810700000000.0 3877280000000000.0 32502700000.0 71444900000.0 1239720000.0 12560500000.0 13524900000.0 6943670.0 1249060000.0 84448400000.0 434499.0 0.0 59291800.0 2740350000.0 8775860000.0 1051810000.0 121788000.0 -2.66 4.148 [-2.66]
39810700000000.0 3688990000000000.0 31989300000.0 67066600000.0 1080170000.0 12497100000.0 12362300000.0 5791240.0 1300710000.0 76811900000.0 332776.0 0.0 57549300.0 2736260000.0 8289420000.0 949639000.0 104557000.0 -2.64 4.145 [-2.64]
39810700000000.0 3510070000000000.0 31469000000.0 62925600000.0 940222000.0 12412700000.0 11277000000.0 4822980.0 1351890000.0 69725400000.0 254325.0 0.0 55830700.0 2730740000.0 7823480000.0 856356000.0 89711900.0 -2.62 4.142 [-2.62]
39810700000000.0 3340060000000000.0 30942400000.0 59011200000.0 817623000.0 12307600000.0 10266500000.0 4010700.0 1402430000.0 63168000000.0 193969.0 0.0 54137400.0 2723720000.0 7377570000.0 771316000.0 76930800.0 -2.6 4.139 [-2.6]
39810700000000.0 3178500000000000.0 30409700000.0 55313100000.0 710341000.0 12182400000.0 9327980000.0 3330290.0 1452140000.0 57116800000.0 147641.0 0.0 52470900.0 2715110000.0 6951200000.0 693904000.0 65933000.0 -2.58 4.136 [-2.58]
39810700000000.0 3024960000000000.0 29871700000.0 51821300000.0 616567000.0 12037600000.0 8458610000.0 2761210.0 1500890000.0 51547800000.0 112161.0 0.0 50832700.0 2704860000.0 6543860000.0 623537000.0 56475300.0 -2.56 4.134 [-2.56]
39810700000000.0 2879470000000000.0 29330500000.0 48535800000.0 534873000.0 11875200000.0 7657210000.0 2286910.0 1548430000.0 46447500000.0 85096.8 0.0 49228700.0 2692910000.0 6156280000.0 559828000.0 48363300.0 -2.54 4.131 [-2.54]
39810700000000.0 2740780000000000.0 28783300000.0 45427700000.0 463446000.0 11694200000.0 6917000000.0 1890590.0 1594780000.0 41767800000.0 64415.3 0.0 47650400.0 2679210000.0 5785520000.0 501929000.0 41379600.0 -2.52 4.128 [-2.52]
39810700000000.0 2608960000000000.0 28232400000.0 42498000000.0 401217000.0 11496900000.0 6236720000.0 1560700.0 1639760000.0 37495000000.0 48678.6 0.0 46103500.0 2663700000.0 5432330000.0 449527000.0 35384700.0 -2.5 4.126 [-2.5]
39810700000000.0 2483270000000000.0 27676500000.0 39729600000.0 346932000.0 11283200000.0 5611710000.0 1286020.0 1683330000.0 33594800000.0 36707.3 0.0 44584000.0 2646340000.0 5095100000.0 402044000.0 30230600.0 -2.48 4.123 [-2.48]
39810700000000.0 2364180000000000.0 27119800000.0 37131600000.0 299856000.0 11057000000.0 5041710000.0 1058650.0 1725270000.0 30060100000.0 27654.3 0.0 43102400.0 2627170000.0 4775560000.0 359311000.0 25822300.0 -2.46 4.12 [-2.46]
