Cloudy_runs/pg1116/z=0.138527/logZ=-1/component_II_PI_nH/component_II_PI_nH_col_density_param.txt
# %ECSV 1.0
# ---
# datatype:
# - {name: H, datatype: float64}
# - {name: H+, datatype: float64}
# - {name: C+, datatype: float64}
# - {name: C+2, datatype: float64}
# - {name: C+3, datatype: float64}
# - {name: N+, datatype: float64}
# - {name: N+2, datatype: float64}
# - {name: N+4, datatype: float64}
# - {name: O, datatype: float64}
# - {name: O+2, datatype: float64}
# - {name: O+5, datatype: float64}
# - {name: O+6, datatype: float64}
# - {name: P+, datatype: float64}
# - {name: Si+, datatype: float64}
# - {name: Si+2, datatype: float64}
# - {name: Si+3, datatype: float64}
# - {name: Si+4, datatype: float64}
# - {name: log_nH, datatype: float64}
# - {name: log_Te, datatype: float64}
# - {name: parameters, datatype: string, subtype: 'float64[1]'}
# schema: astropy-2.0
H H+ C+ C+2 C+3 N+ N+2 N+4 O O+2 O+5 O+6 P+ Si+ Si+2 Si+3 Si+4 log_nH log_Te parameters
39810700000000.0 1.6745e+18 2229030000.0 361048000000.0 1485870000000.0 161383000.0 56008200000.0 1490630000000.0 10966.7 144439000000.0 18922500000000.0 33923100000000.0 87045.8 1327370.0 70217000.0 363297000.0 44127800000.0 -5.0 4.566 [-5.0]
39810700000000.0 1.58495e+18 2422350000.0 382065000000.0 1512600000000.0 176568000.0 59785000000.0 1476650000000.0 12278.5 154880000000.0 18082900000000.0 30832100000000.0 102877.0 1582980.0 81845100.0 409510000.0 47099500000.0 -4.98 4.561 [-4.98]
39810700000000.0 1.50046e+18 2629570000.0 403802000000.0 1537960000000.0 193041000.0 63751700000.0 1460580000000.0 13746.7 165877000000.0 17243500000000.0 27970400000000.0 121376.0 1884040.0 95240700.0 460860000.0 50196900000.0 -4.96 4.557 [-4.96]
39810700000000.0 1.42072e+18 2851430000.0 426251000000.0 1561900000000.0 210884000.0 67909900000.0 1442470000000.0 15388.9 177432000000.0 16407600000000.0 25326400000000.0 142954.0 2237890.0 110647000.0 517824000.0 53419000000.0 -4.94 4.552 [-4.94]
39810700000000.0 1.34543e+18 3088720000.0 449403000000.0 1584370000000.0 230184000.0 72260200000.0 1422350000000.0 17224.7 189545000000.0 15578500000000.0 22888700000000.0 168078.0 2652990.0 128336000.0 580915000.0 56764200000.0 -4.92 4.547 [-4.92]
39810700000000.0 1.27433e+18 3342230000.0 473247000000.0 1605320000000.0 251027000.0 76802100000.0 1400270000000.0 19275.7 202216000000.0 14759200000000.0 20645900000000.0 197278.0 3138940.0 148613000.0 650679000.0 60230400000.0 -4.9 4.543 [-4.9]
39810700000000.0 1.2072e+18 3613110000.0 497781000000.0 1624690000000.0 273539000.0 81538600000.0 1376310000000.0 21570.8 215453000000.0 13952600000000.0 18587700000000.0 231184.0 3706770.0 171818000.0 727660000.0 63813200000.0 -4.88 4.538 [-4.88]
39810700000000.0 1.14376e+18 3901890000.0 522974000000.0 1642440000000.0 297774000.0 86461700000.0 1350520000000.0 24132.6 229234000000.0 13161300000000.0 16702200000000.0 270455.0 4368880.0 198331000.0 812502000.0 67510000000.0 -4.86 4.534 [-4.86]
39810700000000.0 1.08378e+18 4209290000.0 548802000000.0 1658540000000.0 323810000.0 91565400000.0 1322990000000.0 26989.3 243543000000.0 12387800000000.0 14978700000000.0 315849.0 5139370.0 228573000.0 905871000.0 71316400000.0 -4.84 4.53 [-4.84]
39810700000000.0 1.02705e+18 4536150000.0 575238000000.0 1672920000000.0 351731000.0 96843400000.0 1293800000000.0 30173.7 258366000000.0 11634400000000.0 13406800000000.0 368228.0 6034130.0 263013000.0 1008450000.0 75226700000.0 -4.82 4.525 [-4.82]
39810700000000.0 9.73395e+17 4883180000.0 602248000000.0 1685560000000.0 381610000.0 102286000000.0 1263040000000.0 33720.7 273682000000.0 10903100000000.0 11976400000000.0 428543.0 7071090.0 302168000.0 1120990000.0 79234900000.0 -4.8 4.521 [-4.8]
39810700000000.0 9.22626e+17 5251240000.0 629800000000.0 1696420000000.0 413530000.0 107885000000.0 1230820000000.0 37671.6 289475000000.0 10195600000000.0 10677800000000.0 497882.0 8270440.0 346609000.0 1244230000.0 83333300000.0 -4.78 4.517 [-4.78]
39810700000000.0 8.74579e+17 5640970000.0 657850000000.0 1705460000000.0 447552000.0 113627000000.0 1197260000000.0 42069.0 305716000000.0 9513530000000.0 9501540000000.0 577426.0 9654680.0 396966000.0 1378980000.0 87514200000.0 -4.76 4.513 [-4.76]
39810700000000.0 8.29095e+17 6053070000.0 686351000000.0 1712640000000.0 483738000.0 119497000000.0 1162470000000.0 46962.5 322379000000.0 8858100000000.0 8438410000000.0 668507.0 11249100.0 453930000.0 1526100000.0 91768400000.0 -4.74 4.509 [-4.74]
39810700000000.0 7.86031e+17 6488170000.0 715251000000.0 1717940000000.0 522140000.0 125482000000.0 1126590000000.0 52406.0 339435000000.0 8230350000000.0 7479820000000.0 772588.0 13081600.0 518257000.0 1686440000.0 96085700000.0 -4.72 4.505 [-4.72]
39810700000000.0 7.45251e+17 6946850000.0 744492000000.0 1721330000000.0 562805000.0 131562000000.0 1089750000000.0 58460.4 356851000000.0 7631000000000.0 6617460000000.0 891289.0 15183400.0 590776000.0 1860930000.0 100455000000.0 -4.7 4.5 [-4.7]
39810700000000.0 7.06619e+17 7429410000.0 774002000000.0 1722770000000.0 605750000.0 137717000000.0 1052090000000.0 65190.7 374590000000.0 7060530000000.0 5843350000000.0 1026360.0 17588800.0 672385000.0 2050500000.0 104865000000.0 -4.68 4.496 [-4.68]
39810700000000.0 6.70022e+17 7936420000.0 803717000000.0 1722240000000.0 651015000.0 143929000000.0 1013760000000.0 72674.5 392620000000.0 6519240000000.0 5150080000000.0 1179790.0 20335900.0 764067000.0 2256120000.0 109302000000.0 -4.66 4.492 [-4.66]
39810700000000.0 6.35355e+17 8468530000.0 833572000000.0 1719740000000.0 698649000.0 150179000000.0 974911000000.0 81001.7 410912000000.0 6007200000000.0 4530680000000.0 1353760.0 23466800.0 866884000.0 2478720000.0 113752000000.0 -4.64 4.489 [-4.64]
39810700000000.0 6.02502e+17 9025580000.0 863472000000.0 1715240000000.0 748618000.0 156439000000.0 935695000000.0 90261.4 429419000000.0 5524230000000.0 3978420000000.0 1550530.0 27026900.0 981980000.0 2719360000.0 118200000000.0 -4.62 4.485 [-4.62]
39810700000000.0 5.71371e+17 9607980000.0 893338000000.0 1708730000000.0 800947000.0 162690000000.0 896265000000.0 100565.0 448108000000.0 5070000000000.0 3487150000000.0 1772720.0 31066600.0 1110590000.0 2979010000.0 122631000000.0 -4.6 4.481 [-4.6]
39810700000000.0 5.41868e+17 10215800000.0 923080000000.0 1700200000000.0 855630000.0 168908000000.0 856774000000.0 112035.0 466942000000.0 4644010000000.0 3051090000000.0 2023080.0 35640600.0 1254050000.0 3258670000.0 127028000000.0 -4.58 4.477 [-4.58]
39810700000000.0 5.13907e+17 10849100000.0 952602000000.0 1689660000000.0 912657000.0 175068000000.0 817372000000.0 124809.0 485880000000.0 4245610000000.0 2664860000000.0 2304560.0 40808100.0 1413770000.0 3559340000.0 131373000000.0 -4.56 4.473 [-4.56]
39810700000000.0 4.87406e+17 11507700000.0 981804000000.0 1677110000000.0 972011000.0 181147000000.0 778205000000.0 139043.0 504886000000.0 3874010000000.0 2323500000000.0 2620470.0 46633400.0 1591260000.0 3882000000.0 135648000000.0 -4.54 4.469 [-4.54]
39810700000000.0 4.62284e+17 12191300000.0 1010580000000.0 1662540000000.0 1033650000.0 187119000000.0 739412000000.0 154911.0 523919000000.0 3528310000000.0 2022390000000.0 2974280.0 53185800.0 1788130000.0 4227620000.0 139836000000.0 -4.52 4.465 [-4.52]
39810700000000.0 4.3847e+17 12899500000.0 1038820000000.0 1645990000000.0 1097540000.0 192962000000.0 701127000000.0 172614.0 542941000000.0 3207530000000.0 1757350000000.0 3369720.0 60539500.0 2006080000.0 4597110000.0 143915000000.0 -4.5 4.461 [-4.5]
39810700000000.0 4.159e+17 13632000000.0 1066410000000.0 1627480000000.0 1163670000.0 198654000000.0 663482000000.0 192379.0 561918000000.0 2910650000000.0 1524550000000.0 3810870.0 68774400.0 2246900000.0 4991270000.0 147867000000.0 -4.48 4.457 [-4.48]
39810700000000.0 3.94512e+17 14389200000.0 1093280000000.0 1607030000000.0 1232090000.0 204177000000.0 626592000000.0 214478.0 580821000000.0 2636540000000.0 1320490000000.0 4302370.0 77978100.0 2512500000.0 5410760000.0 151671000000.0 -4.46 4.454 [-4.46]
39810700000000.0 3.74233e+17 15169300000.0 1119280000000.0 1584680000000.0 1302670000.0 209506000000.0 590555000000.0 239188.0 599604000000.0 2384010000000.0 1141900000000.0 4848550.0 88241000.0 2804860000.0 5856520000.0 155307000000.0 -4.44 4.45 [-4.44]
39810700000000.0 3.55015e+17 15970300000.0 1144260000000.0 1560480000000.0 1375250000.0 214612000000.0 555495000000.0 266808.0 618210000000.0 2152070000000.0 985985000000.0 5453550.0 99648400.0 3125810000.0 6328970000.0 158755000000.0 -4.42 4.446 [-4.42]
39810700000000.0 3.36793e+17 16792600000.0 1168150000000.0 1534480000000.0 1449930000.0 219488000000.0 521468000000.0 297744.0 636626000000.0 1939350000000.0 850034000000.0 6123210.0 112312000.0 3477670000.0 6828730000.0 161995000000.0 -4.4 4.442 [-4.4]
39810700000000.0 3.1952e+17 17634800000.0 1190830000000.0 1506750000000.0 1526650000.0 224112000000.0 488559000000.0 332408.0 654812000000.0 1744750000000.0 731736000000.0 6862700.0 126336000.0 3862540000.0 7356060000.0 165006000000.0 -4.38 4.438 [-4.38]
39810700000000.0 3.03146e+17 18495400000.0 1212180000000.0 1477340000000.0 1605340000.0 228469000000.0 456832000000.0 371274.0 672731000000.0 1567110000000.0 628979000000.0 7677480.0 141827000.0 4282590000.0 7911140000.0 167769000000.0 -4.36 4.435 [-4.36]
39810700000000.0 2.87626e+17 19373100000.0 1232090000000.0 1446350000000.0 1685990000.0 232544000000.0 426337000000.0 414878.0 690348000000.0 1405300000000.0 539882000000.0 8573290.0 158902000.0 4740040000.0 8493950000.0 170266000000.0 -4.34 4.431 [-4.34]
39810700000000.0 2.7291e+17 20265600000.0 1250460000000.0 1413860000000.0 1768490000.0 236324000000.0 397112000000.0 463821.0 707626000000.0 1258200000000.0 462745000000.0 9555710.0 177676000.0 5237090000.0 9104400000.0 172477000000.0 -4.32 4.427 [-4.32]
39810700000000.0 2.58964e+17 21172300000.0 1267190000000.0 1379970000000.0 1852890000.0 239799000000.0 369190000000.0 518801.0 724539000000.0 1124760000000.0 396090000000.0 10631200.0 198273000.0 5775940000.0 9741810000.0 174385000000.0 -4.3 4.424 [-4.3]
39810700000000.0 2.45741e+17 22090300000.0 1282180000000.0 1344770000000.0 1939090000.0 242958000000.0 342585000000.0 580581.0 741046000000.0 1003930000000.0 338574000000.0 11805300.0 220811000.0 6358710000.0 10405700000.0 175974000000.0 -4.28 4.42 [-4.28]
39810700000000.0 2.33202e+17 23019000000.0 1295380000000.0 1308370000000.0 2027150000.0 245795000000.0 317297000000.0 650073.0 757128000000.0 894699000000.0 289007000000.0 13085000.0 245430000.0 6987730000.0 11095100000.0 177229000000.0 -4.26 4.416 [-4.26]
39810700000000.0 2.21319e+17 23953800000.0 1306650000000.0 1270920000000.0 2116860000.0 248298000000.0 293345000000.0 728181.0 772732000000.0 796208000000.0 246386000000.0 14474000.0 272222000.0 7664380000.0 11808700000.0 178136000000.0 -4.24 4.413 [-4.24]
39810700000000.0 2.10052e+17 24893500000.0 1315960000000.0 1232520000000.0 2208260000.0 250465000000.0 270709000000.0 816044.0 787837000000.0 707535000000.0 209779000000.0 15978500.0 301319000.0 8390640000.0 12545000000.0 178683000000.0 -4.22 4.409 [-4.22]
39810700000000.0 1.9937e+17 25835600000.0 1323250000000.0 1193310000000.0 2301330000.0 252292000000.0 249374000000.0 914905.0 802415000000.0 627837000000.0 178383000000.0 17603800.0 332839000.0 9168060000.0 13302100000.0 178859000000.0 -4.2 4.406 [-4.2]
39810700000000.0 1.89248e+17 26777100000.0 1328460000000.0 1153440000000.0 2395960000.0 253776000000.0 229325000000.0 1026100.0 816428000000.0 556370000000.0 151510000000.0 19353100.0 366865000.0 9997500000.0 14077400000.0 178657000000.0 -4.18 4.402 [-4.18]
39810700000000.0 1.79645e+17 27716400000.0 1331580000000.0 1113020000000.0 2492240000.0 254918000000.0 210510000000.0 1151300.0 829859000000.0 492318000000.0 128512000000.0 21232300.0 403543000.0 10880600000.0 14869000000.0 178068000000.0 -4.16 4.399 [-4.16]
39810700000000.0 1.70532e+17 28650600000.0 1332570000000.0 1072160000000.0 2590100000.0 255715000000.0 192895000000.0 1292310.0 842680000000.0 435007000000.0 108859000000.0 23244200.0 442968000.0 11818100000.0 15674000000.0 177087000000.0 -4.14 4.395 [-4.14]
39810700000000.0 1.61901e+17 29575400000.0 1331430000000.0 1031100000000.0 2689360000.0 256172000000.0 176472000000.0 1450840.0 854847000000.0 383906000000.0 92116700000.0 25387400.0 485133000.0 12808600000.0 16488000000.0 175717000000.0 -4.12 4.392 [-4.12]
39810700000000.0 1.5371e+17 30490000000.0 1328160000000.0 989894000000.0 2790170000.0 256290000000.0 161166000000.0 1629360.0 866350000000.0 338326000000.0 77845900000.0 27666500.0 530186000.0 13853200000.0 17308200000.0 173953000000.0 -4.1 4.388 [-4.1]
39810700000000.0 1.45941e+17 31391100000.0 1322800000000.0 948711000000.0 2892440000.0 256075000000.0 146944000000.0 1830270.0 877159000000.0 297760000000.0 65705700000.0 30079700.0 578139000.0 14950400000.0 18130100000.0 171800000000.0 -4.08 4.385 [-4.08]
39810700000000.0 1.38572e+17 32275900000.0 1315360000000.0 907684000000.0 2996110000.0 255530000000.0 133755000000.0 2056330.0 887248000000.0 261711000000.0 55390800000.0 32624600.0 629007000.0 16098600000.0 18949300000.0 169263000000.0 -4.06 4.381 [-4.06]
39810700000000.0 1.31576e+17 33142300000.0 1305890000000.0 866914000000.0 3101230000.0 254659000000.0 121543000000.0 2310820.0 896593000000.0 229700000000.0 46631700000.0 35299600.0 682829000.0 17296000000.0 19761100000.0 166348000000.0 -4.04 4.378 [-4.04]
39810700000000.0 1.24949e+17 33985600000.0 1294460000000.0 826631000000.0 3207520000.0 253476000000.0 110284000000.0 2596650.0 905163000000.0 201382000000.0 39219300000.0 38092900.0 739424000.0 18537500000.0 20559800000.0 163074000000.0 -4.02 4.375 [-4.02]
39810700000000.0 1.18655e+17 34805600000.0 1281120000000.0 786851000000.0 3315190000.0 251982000000.0 99901300000.0 2918240.0 912944000000.0 176305000000.0 32939600000.0 41003500.0 798866000.0 19821300000.0 21340500000.0 159446000000.0 -4.0 4.371 [-4.0]
39810700000000.0 1.12683e+17 35599100000.0 1265960000000.0 747723000000.0 3424110000.0 250188000000.0 90352500000.0 3279690.0 919910000000.0 154148000000.0 27630500000.0 44020000.0 861004000.0 21141700000.0 22097300000.0 155484000000.0 -3.98 4.368 [-3.98]
39810700000000.0 1.07009e+17 36364900000.0 1249050000000.0 709314000000.0 3534360000.0 248101000000.0 81580200000.0 3686140.0 926041000000.0 134581000000.0 23143700000.0 47134200.0 925765000.0 22494000000.0 22824300000.0 151202000000.0 -3.96 4.365 [-3.96]
39810700000000.0 1.01629e+17 37099400000.0 1230520000000.0 671796000000.0 3645730000.0 245737000000.0 73551900000.0 4142290.0 931313000000.0 117358000000.0 19363400000.0 50327700.0 992836000.0 23869900000.0 23515500000.0 146632000000.0 -3.94 4.361 [-3.94]
39810700000000.0 9.65224e+16 37801700000.0 1210480000000.0 635220000000.0 3758260000.0 243104000000.0 66211400000.0 4654360.0 935709000000.0 102203000000.0 16179200000.0 53588600.0 1062060000.0 25262800000.0 24164700000.0 141795000000.0 -3.92 4.358 [-3.92]
39810700000000.0 9.16748e+16 38470700000.0 1189030000000.0 599660000000.0 3872010000.0 240215000000.0 59512100000.0 5228940.0 939211000000.0 88886900000.0 13500500000.0 56902000.0 1133200000.0 26664600000.0 24766000000.0 136718000000.0 -3.9 4.355 [-3.9]
39810700000000.0 8.70723e+16 39104800000.0 1166280000000.0 565184000000.0 3986900000.0 237082000000.0 53409300000.0 5873300.0 941801000000.0 77201200000.0 11249900000.0 60249600.0 1205940000.0 28066100000.0 25313600000.0 131430000000.0 -3.88 4.351 [-3.88]
39810700000000.0 8.27023e+16 39703100000.0 1142380000000.0 531848000000.0 4102970000.0 233717000000.0 47859900000.0 6595520.0 943462000000.0 66960300000.0 9361390000.0 63613600.0 1279960000.0 29457600000.0 25801900000.0 125963000000.0 -3.86 4.348 [-3.86]
39810700000000.0 7.85522e+16 40264000000.0 1117420000000.0 499699000000.0 4220140000.0 230132000000.0 42822600000.0 7404520.0 944175000000.0 57997500000.0 7778710000.0 66973400.0 1354880000.0 30828500000.0 26225900000.0 120351000000.0 -3.84 4.345 [-3.84]
39810700000000.0 7.46116e+16 40788200000.0 1091550000000.0 468774000000.0 4338510000.0 226344000000.0 38258500000.0 8310160.0 943932000000.0 50164400000.0 6454240000.0 70311600.0 1430330000.0 32168600000.0 26580600000.0 114628000000.0 -3.82 4.341 [-3.82]
39810700000000.0 7.0874e+16 41274700000.0 1064930000000.0 439135000000.0 4458010000.0 222372000000.0 34135000000.0 9322240.0 942731000000.0 43335200000.0 5348480000.0 73605100.0 1505800000.0 33466400000.0 26862500000.0 108837000000.0 -3.8 4.338 [-3.8]
39810700000000.0 6.73151e+16 41724100000.0 1037560000000.0 410692000000.0 4578880000.0 218210000000.0 30402700000.0 10455800.0 940525000000.0 37368800000.0 4423480000.0 76843100.0 1581150000.0 34712100000.0 27066700000.0 102992000000.0 -3.78 4.335 [-3.78]
39810700000000.0 6.39394e+16 42136400000.0 1009700000000.0 383560000000.0 4700990000.0 213894000000.0 27042500000.0 11720800.0 937343000000.0 32182000000.0 3653550000.0 79999600.0 1655680000.0 35894000000.0 27191800000.0 97149700000.0 -3.76 4.331 [-3.76]
