Cloudy_runs/pks1302/z=0.094839/logZ=-1/component_III_PI_nH/component_III_PI_nH_col_density_param.txt
# %ECSV 1.0
# ---
# datatype:
# - {name: H, datatype: float64}
# - {name: H+, datatype: float64}
# - {name: C+, datatype: float64}
# - {name: C+2, datatype: float64}
# - {name: C+3, datatype: float64}
# - {name: N+, datatype: float64}
# - {name: N+2, datatype: float64}
# - {name: N+4, datatype: float64}
# - {name: O, datatype: float64}
# - {name: O+2, datatype: float64}
# - {name: O+5, datatype: float64}
# - {name: O+6, datatype: float64}
# - {name: P+, datatype: float64}
# - {name: Si+, datatype: float64}
# - {name: Si+2, datatype: float64}
# - {name: Si+3, datatype: float64}
# - {name: Si+4, datatype: float64}
# - {name: Fe+, datatype: float64}
# - {name: Al+, datatype: float64}
# - {name: log_nH, datatype: float64}
# - {name: parameters, datatype: string, subtype: 'float64[1]'}
# schema: astropy-2.0
H H+ C+ C+2 C+3 N+ N+2 N+4 O O+2 O+5 O+6 P+ Si+ Si+2 Si+3 Si+4 Fe+ Al+ log_nH parameters
[from data line 259]
177828000000000.0 57232400000000.0 4248820000.0 24495400.0 0.0 429216000.0 11015.0 0.0 9160620000.0 53544.3 0.0 0.0 6023620.0 752249000.0 1628180.0 3401.12 0.0 734295000.0 65860400.0 0.18 [0.18]
177828000000000.0 55629500000000.0 4184660000.0 23287400.0 0.0 415111000.0 10108.2 0.0 9150950000.0 49458.3 0.0 0.0 5982870.0 747098000.0 1539570.0 3209.24 0.0 729680000.0 65421800.0 0.2 [0.2]
177828000000000.0 54068200000000.0 4121410000.0 22136200.0 0.0 401341000.0 9273.25 0.0 9141410000.0 45692.7 0.0 0.0 5943170.0 742076000.0 1454550.0 3029.02 0.0 725178000.0 64994300.0 0.22 [0.22]
177828000000000.0 52553800000000.0 4059340000.0 21042400.0 0.0 387941000.0 8505.79 0.0 9132060000.0 42228.2 0.0 0.0 5904660.0 737201000.0 1373220.0 2859.86 0.0 720806000.0 64579700.0 0.24 [0.24]
177828000000000.0 51080700000000.0 3998250000.0 20001300.0 0.0 374866000.0 7799.39 0.0 9122880000.0 39036.4 0.0 0.0 5867190.0 732454000.0 1295180.0 2700.94 0.0 716548000.0 64176100.0 0.26 [0.26]
177828000000000.0 49647300000000.0 3938120000.0 19010400.0 0.0 362100000.0 7149.01 0.0 9113840000.0 36094.9 0.0 0.0 5830720.0 727831000.0 1220220.0 2551.59 0.0 712401000.0 63783400.0 0.28 [0.28]
177828000000000.0 48249300000000.0 3878790000.0 18065700.0 0.0 349608000.0 6549.56 0.0 9104950000.0 33381.1 0.0 0.0 5795140.0 723316000.0 1148050.0 2411.13 0.0 708353000.0 63400300.0 0.3 [0.3]
177828000000000.0 46891000000000.0 3820500000.0 17167800.0 0.0 337416000.0 5997.96 0.0 9096220000.0 30881.3 0.0 0.0 5760560.0 718926000.0 1078730.0 2279.1 0.0 704415000.0 63028000.0 0.32 [0.32]
177828000000000.0 45567300000000.0 3763070000.0 16313000.0 0.0 325479000.0 5489.57 0.0 9087640000.0 28575.7 0.0 0.0 5726860.0 714641000.0 1011880.0 2154.91 0.0 700575000.0 62665000.0 0.34 [0.34]
177828000000000.0 44282100000000.0 3706730000.0 15501400.0 0.0 313816000.0 5021.67 0.0 9079240000.0 26452.3 0.0 0.0 5694130.0 710477000.0 947534.0 2038.13 0.0 696843000.0 62312500.0 0.36 [0.36]
177828000000000.0 43017900000000.0 3650730000.0 14724400.0 0.0 302294000.0 4588.52 0.0 9070910000.0 24486.2 0.0 0.0 5661930.0 706373000.0 884908.0 1928.04 0.0 693170000.0 61965700.0 0.38 [0.38]
177828000000000.0 41787800000000.0 3595760000.0 13986500.0 0.0 290987000.0 4189.22 0.0 9062740000.0 22674.6 0.0 0.0 5630580.0 702374000.0 824275.0 1824.48 0.0 689595000.0 61628200.0 0.4 [0.4]
177828000000000.0 40585600000000.0 3541570000.0 13284000.0 0.0 279844000.0 3820.4 0.0 9054710000.0 21002.5 0.0 0.0 5599940.0 698458000.0 765363.0 1726.95 0.0 686100000.0 61298200.0 0.42 [0.42]
177828000000000.0 39408600000000.0 3488140000.0 12615100.0 0.0 268824000.0 3479.29 0.0 9046780000.0 19458.5 0.0 0.0 5569930.0 694617000.0 707900.0 1635.1 0.0 682677000.0 60975200.0 0.44 [0.44]
177828000000000.0 38253900000000.0 3435420000.0 11978000.0 0.0 257876000.0 3163.18 0.0 9038970000.0 18032.7 0.0 0.0 5540470.0 690838000.0 651544.0 1548.55 0.0 679320000.0 60658100.0 0.46 [0.46]
177828000000000.0 37120000000000.0 3383600000.0 11372500.0 0.0 246921000.0 2869.28 0.0 9031280000.0 16717.9 0.0 0.0 5511540.0 687117000.0 595634.0 1467.08 0.0 676027000.0 60346700.0 0.48 [0.48]
177828000000000.0 35996500000000.0 3332240000.0 10794300.0 0.0 235861000.0 2594.97 0.0 9023630000.0 15501.6 0.0 0.0 5482850.0 683416000.0 539951.0 1390.25 0.0 672766000.0 60038100.0 0.5 [0.5]
177828000000000.0 34878200000000.0 3281360000.0 10242400.0 0.0 224580000.0 2337.82 0.0 9016020000.0 14376.8 0.0 0.0 5454280.0 679714000.0 483965.0 1317.84 0.0 669525000.0 59730900.0 0.52 [0.52]
177828000000000.0 33762700000000.0 3231270000.0 9717950.0 0.0 212934000.0 2095.41 0.0 9008450000.0 13339.8 0.0 0.0 5425760.0 675999000.0 427028.0 1249.69 0.0 666298000.0 59424400.0 0.54 [0.54]
177828000000000.0 32628800000000.0 3181710000.0 9218060.0 0.0 200526000.0 1863.0 0.0 9000820000.0 12382.9 0.0 0.0 5396730.0 672189000.0 367462.0 1185.55 0.0 663028000.0 59112800.0 0.56 [0.56]
177828000000000.0 23495700000000.0 2963370000.0 7047910.0 0.0 56616200.0 480.542 0.0 8970030000.0 11214.5 0.0 0.0 5162070.0 634301000.0 1308.8 1132.82 0.0 636617000.0 56631800.0 0.58 [0.58]
177828000000000.0 22540100000000.0 2901050000.0 6619520.0 0.0 51602100.0 419.651 0.0 8964160000.0 10337.6 0.0 0.0 5137660.0 630465000.0 1034.07 1074.5 0.0 633638000.0 56371300.0 0.6 [0.6]
177828000000000.0 21673400000000.0 2841160000.0 6231790.0 0.0 47516700.0 370.197 0.0 8958450000.0 9531.76 0.0 0.0 5115480.0 626979000.0 876.777 1019.37 0.0 630932000.0 56134700.0 0.62 [0.62]
177828000000000.0 20874600000000.0 2783360000.0 5876920.0 0.0 44038400.0 328.703 0.0 8952980000.0 8792.39 0.0 0.0 5095020.0 623754000.0 774.46 967.306 0.0 628435000.0 55916400.0 0.64 [0.64]
177828000000000.0 20121500000000.0 2726640000.0 5546570.0 0.0 40981900.0 293.094 0.0 8947660000.0 8109.86 0.0 0.0 5075710.0 620690000.0 701.407 918.024 0.0 626080000.0 55710500.0 0.66 [0.66]
177828000000000.0 19413200000000.0 2671280000.0 5239610.0 0.0 38264700.0 262.261 0.0 8942540000.0 7482.1 0.0 0.0 5057520.0 617787000.0 645.789 871.427 0.0 623864000.0 55516800.0 0.68 [0.68]
177828000000000.0 18740100000000.0 2616870000.0 4952190.0 0.0 35815200.0 235.297 0.0 8937570000.0 6902.95 0.0 0.0 5040230.0 615003000.0 600.976 827.313 0.0 621758000.0 55332600.0 0.7 [0.7]
177828000000000.0 18099900000000.0 2563430000.0 4682930.0 0.0 33591800.0 211.591 0.0 8932760000.0 6369.08 0.0 0.0 5023760.0 612329000.0 563.31 785.554 0.0 619756000.0 55157500.0 0.72 [0.72]
177828000000000.0 17485800000000.0 2510560000.0 4428960.0 0.0 31555400.0 190.617 0.0 8928080000.0 5875.4 0.0 0.0 5007950.0 609732000.0 530.542 745.973 0.0 617834000.0 54989400.0 0.74 [0.74]
177828000000000.0 16895700000000.0 2458250000.0 4189170.0 0.0 29682000.0 171.996 0.0 8923530000.0 5418.9 0.0 0.0 4992740.0 607203000.0 501.321 708.45 0.0 615988000.0 54828000.0 0.76 [0.76]
177828000000000.0 16333200000000.0 2406920000.0 3963990.0 0.0 27956900.0 155.443 0.0 8919130000.0 4998.47 0.0 0.0 4978220.0 604766000.0 474.819 672.914 0.0 614229000.0 54674000.0 0.78 [0.78]
177828000000000.0 15790200000000.0 2355990000.0 3750520.0 0.0 26355800.0 140.65 0.0 8914830000.0 4609.3 0.0 0.0 4964190.0 602377000.0 450.401 639.198 0.0 612531000.0 54525500.0 0.8 [0.8]
177828000000000.0 15269400000000.0 2305820000.0 3549220.0 0.0 24870400.0 127.425 0.0 8910670000.0 4250.24 0.0 0.0 4950720.0 600054000.0 427.707 607.237 0.0 610903000.0 54383000.0 0.82 [0.82]
177828000000000.0 14768100000000.0 2256260000.0 3358850.0 0.0 23487200.0 115.571 0.0 8906630000.0 3918.57 0.0 0.0 4937740.0 597782000.0 406.465 576.921 0.0 609337000.0 54245900.0 0.84 [0.84]
177828000000000.0 14285300000000.0 2207310000.0 3178740.0 0.0 22196500.0 104.926 0.0 8902700000.0 3612.22 0.0 0.0 4925220.0 595557000.0 386.489 548.159 0.0 607828000.0 54113900.0 0.86 [0.86]
177828000000000.0 13821200000000.0 2159080000.0 3008540.0 0.0 20990900.0 95.3575 0.0 8898900000.0 3329.55 0.0 0.0 4913160.0 593383000.0 367.648 520.877 0.0 606379000.0 53987100.0 0.88 [0.88]
177828000000000.0 13372700000000.0 2111340000.0 2847070.0 0.0 19860500.0 86.7334 0.0 8895200000.0 3068.26 0.0 0.0 4901500.0 591242000.0 349.824 494.977 0.0 604979000.0 53864500.0 0.9 [0.9]
177828000000000.0 12940200000000.0 2064220000.0 2694120.0 0.0 18800300.0 78.9559 0.0 8891600000.0 2827.02 0.0 0.0 4890230.0 589138000.0 332.94 470.392 0.0 603630000.0 53746400.0 0.92 [0.92]
177828000000000.0 12523100000000.0 2017720000.0 2549190.0 0.0 17804200.0 71.9322 0.0 8888110000.0 2604.36 0.0 0.0 4879350.0 587069000.0 316.929 447.054 0.0 602330000.0 53632600.0 0.94 [0.94]
177828000000000.0 12119800000000.0 1971750000.0 2411620.0 0.0 16866800.0 65.5803 0.0 8884710000.0 2398.69 0.0 0.0 4868800.0 585025000.0 301.729 424.891 0.0 601073000.0 53522600.0 0.96 [0.96]
177828000000000.0 11731600000000.0 1926500000.0 2281410.0 0.0 15984800.0 59.8347 0.0 8881410000.0 2209.15 0.0 0.0 4858640.0 583019000.0 287.298 403.852 0.0 599864000.0 53416800.0 0.98 [0.98]
177828000000000.0 11356400000000.0 1881830000.0 2157900.0 0.0 15154000.0 54.7668 0.0 8878210000.0 2030.97 0.0 0.0 4848800.0 581035000.0 273.587 383.869 0.0 598695000.0 53314500.0 1.0 [1.0]
