Cloudy_runs/pks1302/z=0.094839/logZ=-1/component_III_PI_nH/component_III_PI_nH_col_density_param.txt
# %ECSV 1.0
# ---
# datatype:
# - {name: H, datatype: float64}
# - {name: H+, datatype: float64}
# - {name: C+, datatype: float64}
# - {name: C+2, datatype: float64}
# - {name: C+3, datatype: float64}
# - {name: N+, datatype: float64}
# - {name: N+2, datatype: float64}
# - {name: N+4, datatype: float64}
# - {name: O, datatype: float64}
# - {name: O+2, datatype: float64}
# - {name: O+5, datatype: float64}
# - {name: O+6, datatype: float64}
# - {name: P+, datatype: float64}
# - {name: Si+, datatype: float64}
# - {name: Si+2, datatype: float64}
# - {name: Si+3, datatype: float64}
# - {name: Si+4, datatype: float64}
# - {name: Fe+, datatype: float64}
# - {name: Al+, datatype: float64}
# - {name: log_nH, datatype: float64}
# - {name: parameters, datatype: string, subtype: 'float64[1]'}
# schema: astropy-2.0
H H+ C+ C+2 C+3 N+ N+2 N+4 O O+2 O+5 O+6 P+ Si+ Si+2 Si+3 Si+4 Fe+ Al+ log_nH parameters
[from data line 58]
177828000000000.0 2.8492e+17 191282000000.0 4474500000000.0 1708440000000.0 21399200000.0 949128000000.0 122629000000.0 53158100.0 4151700000000.0 149257000000.0 17370800000.0 355001000.0 7236890000.0 156678000000.0 119642000000.0 433063000000.0 25662300.0 493550000.0 -3.84 [-3.84]
177828000000000.0 2.70626e+17 193024000000.0 4350040000000.0 1593600000000.0 21965400000.0 929492000000.0 108941000000.0 59573400.0 4134070000000.0 128385000000.0 14326800000.0 368836000.0 7564140000.0 161658000000.0 119945000000.0 407495000000.0 28881100.0 530491000.0 -3.82 [-3.82]
177828000000000.0 2.5705e+17 194601000000.0 4224110000000.0 1484350000000.0 22538200000.0 909253000000.0 96640700000.0 66728900.0 4111970000000.0 110263000000.0 11797000000.0 382175000.0 7884920000.0 166278000000.0 119885000000.0 382170000000.0 32458600.0 569060000.0 -3.8 [-3.8]
177828000000000.0 2.44156e+17 196018000000.0 4097190000000.0 1380650000000.0 23117800000.0 888479000000.0 85605600000.0 74703000.0 4085420000000.0 94553000000.0 9697680000.0 394950000.0 8197450000.0 170498000000.0 119460000000.0 357231000000.0 36428900.0 609217000.0 -3.78 [-3.78]
177828000000000.0 2.3191e+17 197278000000.0 3969750000000.0 1282410000000.0 23704900000.0 867237000000.0 75722600000.0 83581000.0 4054410000000.0 80953000000.0 7958420000.0 407100000.0 8500030000.0 174282000000.0 118674000000.0 332815000000.0 40828900.0 650905000.0 -3.76 [-3.76]
177828000000000.0 2.20296e+17 198385000000.0 3842420000000.0 1189680000000.0 24299200000.0 845629000000.0 66898400000.0 93443600.0 4019060000000.0 69213600000.0 6521590000.0 418550000.0 8790490000.0 177598000000.0 117542000000.0 309079000000.0 45690900.0 693994000.0 -3.74 [-3.74]
177828000000000.0 2.09249e+17 199348000000.0 3715200000000.0 1102030000000.0 24902400000.0 823645000000.0 59009300000.0 104414000.0 3979230000000.0 59066400000.0 5333290000.0 429292000.0 9068730000.0 180422000000.0 116062000000.0 286068000000.0 51071300.0 738532000.0 -3.72 [-3.72]
177828000000000.0 1.98738e+17 200172000000.0 3588450000000.0 1019350000000.0 25515000000.0 801343000000.0 51967900000.0 116608000.0 3934930000000.0 50310400000.0 4352360000.0 439282000.0 9333620000.0 182733000000.0 114250000000.0 263882000000.0 57018500.0 784441000.0 -3.7 [-3.7]
177828000000000.0 1.88789e+17 200857000000.0 3463160000000.0 941884000000.0 26135900000.0 778910000000.0 45722500000.0 130094000.0 3886590000000.0 42800600000.0 3547470000.0 448445000.0 9582260000.0 184521000000.0 112147000000.0 242697000000.0 63552500.0 831394000.0 -3.68 [-3.68]
177828000000000.0 1.79323e+17 201415000000.0 3338990000000.0 869054000000.0 26767400000.0 756279000000.0 40165100000.0 145047000.0 3833940000000.0 36339700000.0 2885170000.0 456803000.0 9815880000.0 185776000000.0 109753000000.0 222484000000.0 70753600.0 879502000.0 -3.66 [-3.66]
177828000000000.0 1.70318e+17 201853000000.0 3216210000000.0 800704000000.0 27406900000.0 733512000000.0 35228400000.0 161612000.0 3777050000000.0 30791600000.0 2341350000.0 464344000.0 10034100000.0 186497000000.0 107092000000.0 203300000000.0 78679900.0 928654000.0 -3.64 [-3.64]
177828000000000.0 1.6178e+17 202172000000.0 3095530000000.0 736890000000.0 28056400000.0 710749000000.0 30864400000.0 179891000.0 3716340000000.0 26050700000.0 1896980000.0 471029000.0 10235300000.0 186698000000.0 104208000000.0 185235000000.0 87364700.0 978545000.0 -3.62 [-3.62]
177828000000000.0 1.53672e+17 202379000000.0 2976940000000.0 677300000000.0 28717200000.0 687997000000.0 27006000000.0 200063000.0 3651790000000.0 21999500000.0 1533960000.0 476869000.0 10420100000.0 186386000000.0 101121000000.0 168280000000.0 96881200.0 1029110000.0 -3.6 [-3.6]
177828000000000.0 1.45971e+17 202480000000.0 2860620000000.0 621742000000.0 29389600000.0 665310000000.0 23599600000.0 222295000.0 3583580000000.0 18543900000.0 1237960000.0 481868000.0 10588700000.0 185581000000.0 97861100000.0 152442000000.0 107294000.0 1080190000.0 -3.58 [-3.58]
177828000000000.0 1.38656e+17 202477000000.0 2746720000000.0 570025000000.0 30074000000.0 642731000000.0 20596900000.0 246765000.0 3511840000000.0 15601500000.0 997081000.0 486030000.0 10741500000.0 184302000000.0 94458400000.0 137713000000.0 118671000.0 1131630000.0 -3.56 [-3.56]
177828000000000.0 1.3171e+17 202381000000.0 2635430000000.0 521954000000.0 30771400000.0 620310000000.0 17954000000.0 273662000.0 3436810000000.0 13101000000.0 801458000.0 489383000.0 10879200000.0 182580000000.0 90940800000.0 124075000000.0 131083000.0 1183270000.0 -3.54 [-3.54]
177828000000000.0 1.25113e+17 202194000000.0 2526820000000.0 477338000000.0 31482000000.0 598086000000.0 15631200000.0 303188000.0 3358660000000.0 10979900000.0 642903000.0 491937000.0 11002400000.0 180443000000.0 87337600000.0 111501000000.0 144604000.0 1234930000.0 -3.52 [-3.52]
177828000000000.0 1.18848e+17 201920000000.0 2421010000000.0 435991000000.0 32206100000.0 576098000000.0 13592600000.0 335552000.0 3277630000000.0 9184080000.0 514657000.0 493713000.0 11112100000.0 177922000000.0 83676300000.0 99954200000.0 159309000.0 1286420000.0 -3.5 [-3.5]
177828000000000.0 1.12898e+17 201564000000.0 2318060000000.0 397726000000.0 32944200000.0 554382000000.0 11806000000.0 370980000.0 3193930000000.0 7666600000.0 411139000.0 494737000.0 11209200000.0 175053000000.0 79982700000.0 89390400000.0 175279000.0 1337580000.0 -3.48 [-3.48]
177828000000000.0 1.07247e+17 201129000000.0 2218030000000.0 362364000000.0 33696500000.0 532971000000.0 10242400000.0 409703000.0 3107830000000.0 6386930000.0 327760000.0 495037000.0 11294700000.0 171870000000.0 76280800000.0 79761900000.0 192593000.0 1388220000.0 -3.46 [-3.46]
177828000000000.0 1.01881e+17 200619000000.0 2120960000000.0 329735000000.0 34463200000.0 511896000000.0 8875930000.0 451963000.0 3019580000000.0 5310000000.0 260748000.0 494639000.0 11369600000.0 168410000000.0 72593600000.0 71016800000.0 211334000.0 1438150000.0 -3.44 [-3.44]
177828000000000.0 9.67855e+16 200037000000.0 2026910000000.0 299673000000.0 35244400000.0 491189000000.0 7683510000.0 498006000.0 2929470000000.0 4405700000.0 207012000.0 493574000.0 11435100000.0 164707000000.0 68941800000.0 63101600000.0 231582000.0 1487190000.0 -3.42 [-3.42]
177828000000000.0 9.19462e+16 199387000000.0 1935830000000.0 272005000000.0 36040100000.0 470864000000.0 6643940000.0 548109000.0 2837730000000.0 3647680000.0 164001000.0 491878000.0 11492300000.0 160796000000.0 65340900000.0 55957600000.0 253426000.0 1535180000.0 -3.4 [-3.4]
177828000000000.0 8.73502e+16 198670000000.0 1847750000000.0 246579000000.0 36850000000.0 450946000000.0 5738930000.0 602536000.0 2744640000000.0 3013690000.0 129654000.0 489575000.0 11542300000.0 156709000000.0 61808200000.0 49529800000.0 276950000.0 1581930000.0 -3.38 [-3.38]
177828000000000.0 8.29852e+16 197888000000.0 1762640000000.0 223245000000.0 37673800000.0 431451000000.0 4952000000.0 661569000.0 2650480000000.0 2484550000.0 102284000.0 486697000.0 11586000000.0 152478000000.0 58356900000.0 43762200000.0 302236000.0 1627260000.0 -3.36 [-3.36]
177828000000000.0 7.88404e+16 197045000000.0 1680490000000.0 201863000000.0 38511200000.0 412399000000.0 4268680000.0 725483000.0 2555540000000.0 2043950000.0 80525600.0 483283000.0 11624600000.0 148135000000.0 54998500000.0 38601600000.0 329362000.0 1671030000.0 -3.34 [-3.34]
177828000000000.0 7.49141e+16 196146000000.0 1601490000000.0 182337000000.0 39361600000.0 393851000000.0 3677140000.0 794457000.0 2460360000000.0 1678510000.0 63294900.0 479383000.0 11658400000.0 143723000000.0 51750500000.0 34003600000.0 358345000.0 1713010000.0 -3.32 [-3.32]
177828000000000.0 7.11673e+16 195181000000.0 1524980000000.0 164417000000.0 40223600000.0 375676000000.0 3162550000.0 869111000.0 2364440000000.0 1374330000.0 49602000.0 474973000.0 11689600000.0 139222000000.0 48596900000.0 29894100000.0 389435000.0 1753260000.0 -3.3 [-3.3]
177828000000000.0 6.7627e+16 194167000000.0 1451700000000.0 148134000000.0 41096800000.0 358067000000.0 2719080000.0 949271000.0 2269080000000.0 1123700000.0 38829200.0 470158000.0 11717300000.0 134716000000.0 45574500000.0 26256500000.0 422456000.0 1791370000.0 -3.28 [-3.28]
177828000000000.0 6.42564e+16 193092000000.0 1381030000000.0 133263000000.0 41979100000.0 340895000000.0 2334860000.0 1035580000.0 2173750000000.0 916376000.0 30319900.0 464910000.0 11743500000.0 130181000000.0 42665200000.0 23024800000.0 457659000.0 1827400000.0 -3.26 [-3.26]
177828000000000.0 6.10476e+16 191956000000.0 1312930000000.0 119703000000.0 42868600000.0 324167000000.0 2002440000.0 1128350000.0 2078720000000.0 745333000.0 23616100.0 459260000.0 11768700000.0 125638000000.0 39872600000.0 20160000000.0 495109000.0 1861220000.0 -3.24 [-3.24]
177828000000000.0 5.80084e+16 190770000000.0 1247700000000.0 107408000000.0 43764200000.0 307972000000.0 1716320000.0 1227560000.0 1984750000000.0 605100000.0 18367000.0 453276000.0 11792600000.0 121131000000.0 37212300000.0 17634600000.0 534701000.0 1892620000.0 -3.22 [-3.22]
177828000000000.0 5.51224e+16 189530000000.0 1185090000000.0 96252900000.0 44663400000.0 292270000000.0 1469760000.0 1333600000.0 1891800000000.0 490142000.0 14256600.0 446967000.0 11816100000.0 116663000000.0 34678000000.0 15407800000.0 576538000.0 1921560000.0 -3.2 [-3.2]
177828000000000.0 5.23817e+16 188236000000.0 1125040000000.0 86144800000.0 45563300000.0 277059000000.0 1257480000.0 1446700000.0 1800090000000.0 396120000.0 11044600.0 440362000.0 11839600000.0 112247000000.0 32269100000.0 13447600000.0 620640000.0 1947970000.0 -3.18 [-3.18]
177828000000000.0 4.97856e+16 186894000000.0 1067640000000.0 77018200000.0 46462000000.0 262377000000.0 1075260000.0 1566890000.0 1710080000000.0 319535000.0 8544340.0 433509000.0 11862800000.0 107906000000.0 29990100000.0 11727700000.0 666916000.0 1971740000.0 -3.16 [-3.16]
177828000000000.0 4.73137e+16 185494000000.0 1012510000000.0 68753300000.0 47354700000.0 248147000000.0 918319000.0 1694720000.0 1621470000000.0 257056000.0 6594360.0 426390000.0 11886900000.0 103625000000.0 27827900000.0 10215000000.0 715543000.0 1992880000.0 -3.14 [-3.14]
177828000000000.0 4.49663e+16 184041000000.0 959737000000.0 61296300000.0 48238500000.0 234405000000.0 783578000.0 1830150000.0 1534700000000.0 206312000.0 5080020.0 419053000.0 11911600000.0 99424600000.0 25785600000.0 8889090000.0 766406000.0 2011320000.0 -3.12 [-3.12]
177828000000000.0 4.27371e+16 182536000000.0 909258000000.0 54578600000.0 49109400000.0 221147000000.0 668004000.0 1973310000.0 1449930000000.0 165200000.0 3906380.0 411521000.0 11936800000.0 95312600000.0 23860400000.0 7728370000.0 819459000.0 2027020000.0 -3.1 [-3.1]
177828000000000.0 4.06202e+16 180979000000.0 861003000000.0 48535500000.0 49963100000.0 208370000000.0 568960000.0 2124230000.0 1367310000000.0 131970000.0 2998630.0 403819000.0 11962600000.0 91294600000.0 22049000000.0 6713510000.0 874639000.0 2039970000.0 -3.08 [-3.08]
177828000000000.0 3.86097e+16 179370000000.0 814897000000.0 43106800000.0 50794800000.0 196069000000.0 484147000.0 2282950000.0 1286980000000.0 105174000.0 2297820.0 395968000.0 11988900000.0 87374500000.0 20347600000.0 5827100000.0 931879000.0 2050170000.0 -3.06 [-3.06]
177828000000000.0 3.67005e+16 177709000000.0 770876000000.0 38237400000.0 51599700000.0 184239000000.0 411589000.0 2449410000.0 1209070000000.0 83620100.0 1757850.0 387989000.0 12015400000.0 83556500000.0 18752500000.0 5053760000.0 991070000.0 2057610000.0 -3.04 [-3.04]
177828000000000.0 3.48877e+16 175999000000.0 728876000000.0 33876500000.0 52372700000.0 172878000000.0 349574000.0 2623490000.0 1133690000000.0 66326500.0 1342630.0 379906000.0 12042100000.0 79843900000.0 17259500000.0 4379820000.0 1052090000.0 2062350000.0 -3.02 [-3.02]
177828000000000.0 3.31657e+16 174238000000.0 688814000000.0 29975400000.0 53107900000.0 161975000000.0 296602000.0 2805050000.0 1060920000000.0 52481700.0 1023830.0 371734000.0 12068600000.0 76237000000.0 15864300000.0 3792910000.0 1114830000.0 2064370000.0 -3.0 [-3.0]
177828000000000.0 3.15298e+16 172426000000.0 650620000000.0 26490400000.0 53799600000.0 151526000000.0 251393000.0 2993850000.0 990834000000.0 41425100.0 779499.0 363490000.0 12094900000.0 72736500000.0 14562500000.0 3282240000.0 1179160000.0 2063730000.0 -2.98 [-2.98]
177828000000000.0 2.99766e+16 170565000000.0 614247000000.0 23382900000.0 54442600000.0 141529000000.0 212856000.0 3189540000.0 923534000000.0 32620200.0 592632.0 355198000.0 12120200000.0 69345500000.0 13350100000.0 2838450000.0 1244860000.0 2060510000.0 -2.96 [-2.96]
177828000000000.0 2.84977e+16 168651000000.0 579531000000.0 20609700000.0 55028700000.0 131955000000.0 179972000.0 3392040000.0 858915000000.0 25613400.0 449694.0 346850000.0 12144800000.0 66054000000.0 12220200000.0 2452350000.0 1311930000.0 2054710000.0 -2.94 [-2.94]
177828000000000.0 2.70968e+16 166694000000.0 546587000000.0 18148700000.0 55555900000.0 122842000000.0 152047000.0 3600310000.0 797306000000.0 20071700.0 340947.0 338508000.0 12167500000.0 62880200000.0 11173600000.0 2117970000.0 1379900000.0 2046470000.0 -2.92 [-2.92]
177828000000000.0 2.57663e+16 164692000000.0 515260000000.0 15962900000.0 56016800000.0 114160000000.0 128306000.0 3814100000.0 738582000000.0 15691000.0 258167.0 330163000.0 12188300000.0 59814000000.0 10203400000.0 1828020000.0 1448720000.0 2035840000.0 -2.9 [-2.9]
177828000000000.0 2.45057e+16 162649000000.0 485564000000.0 14028100000.0 56408400000.0 105921000000.0 108178000.0 4032480000.0 682877000000.0 12242300.0 0.0 321854000.0 12206300000.0 56862800000.0 9307470000.0 1577220000.0 1518040000.0 2022970000.0 -2.88 [-2.88]
177828000000000.0 2.3305e+16 160556000000.0 457280000000.0 12310400000.0 56720700000.0 98081600000.0 91064400.0 4255430000.0 629937000000.0 9524320.0 0.0 313546000.0 12221800000.0 54008300000.0 8477410000.0 1359610000.0 1587940000.0 2007830000.0 -2.86 [-2.86]
177828000000000.0 2.21645e+16 158420000000.0 430428000000.0 10790900000.0 56951500000.0 90652900000.0 76559900.0 4481900000.0 579879000000.0 7392080.0 0.0 305277000.0 12234000000.0 51257800000.0 7711480000.0 1171310000.0 1658070000.0 1990580000.0 -2.84 [-2.84]
177828000000000.0 2.10811e+16 156242000000.0 404951000000.0 9448650000.0 57096500000.0 83627600000.0 64281000.0 4711130000.0 532673000000.0 5723610.0 0.0 297058000.0 12242400000.0 48609900000.0 7005810000.0 1008490000.0 1728220000.0 1971310000.0 -2.82 [-2.82]
177828000000000.0 2.00519e+16 154025000000.0 380794000000.0 8264450000.0 57152400000.0 76998300000.0 53899000.0 4942280000.0 488283000000.0 4421420.0 0.0 288903000.0 12246500000.0 46063000000.0 6356670000.0 867790000.0 1798190000.0 1950150000.0 -2.8 [-2.8]
177828000000000.0 1.90741e+16 151768000000.0 357896000000.0 7220880000.0 57116000000.0 70754800000.0 45130500.0 5174560000.0 446650000000.0 3407530.0 0.0 280817000.0 12245900000.0 43614600000.0 5760370000.0 746268000.0 1867800000.0 1927180000.0 -2.78 [-2.78]
177828000000000.0 1.81426e+16 149468000000.0 336150000000.0 6300650000.0 56982100000.0 64876100000.0 37721800.0 5407410000.0 407635000000.0 2618930.0 0.0 272792000.0 12240400000.0 41256500000.0 5212230000.0 641198000.0 1936990000.0 1902460000.0 -2.76 [-2.76]
177828000000000.0 1.72602e+16 147140000000.0 315622000000.0 5493700000.0 56756400000.0 59378800000.0 31495100.0 5639310000.0 371334000000.0 2009320.0 0.0 264881000.0 12229000000.0 39000700000.0 4711540000.0 550765000.0 2005290000.0 1876250000.0 -2.74 [-2.74]
177828000000000.0 1.64217e+16 144779000000.0 296200000000.0 4785280000.0 56435400000.0 54238500000.0 26257800.0 5869740000.0 337576000000.0 1538250.0 0.0 257071000.0 12211500000.0 36837900000.0 4253730000.0 472813000.0 2072660000.0 1848590000.0 -2.72 [-2.72]
