Cloudy_runs/pks0405/z=0.167125/component_II_PI_nH/component_II_PI_nH_col_density_param.txt
# %ECSV 1.0
# ---
# datatype:
# - {name: H, datatype: float64}
# - {name: H+, datatype: float64}
# - {name: C+, datatype: float64}
# - {name: C+2, datatype: float64}
# - {name: C+3, datatype: float64}
# - {name: N+, datatype: float64}
# - {name: N+2, datatype: float64}
# - {name: N+4, datatype: float64}
# - {name: O, datatype: float64}
# - {name: O+2, datatype: float64}
# - {name: O+5, datatype: float64}
# - {name: O+6, datatype: float64}
# - {name: P+, datatype: float64}
# - {name: Si+, datatype: float64}
# - {name: Si+2, datatype: float64}
# - {name: Si+3, datatype: float64}
# - {name: Si+4, datatype: float64}
# - {name: log_nH, datatype: float64}
# - {name: log_Te, datatype: float64}
# - {name: parameters, datatype: string, subtype: 'float64[1]'}
# schema: astropy-2.0
H H+ C+ C+2 C+3 N+ N+2 N+4 O O+2 O+5 O+6 P+ Si+ Si+2 Si+3 Si+4 log_nH log_Te parameters
28840300000000.0 1.37661e+18 1327830000.0 232645000000.0 1047440000000.0 94772800.0 35463800000.0 1113900000000.0 6078.8 90692400000.0 15187100000000.0 30082900000000.0 43829.5 661666.0 37054000.0 206993000.0 28213900000.0 -5.0 4.576 [-5.0]
28840300000000.0 1.30251e+18 1446290000.0 246811000000.0 1068810000000.0 103842000.0 37929600000.0 1106710000000.0 6807.15 97476000000.0 14574900000000.0 27442200000000.0 51989.3 792375.0 43335600.0 234071000.0 30203100000.0 -4.98 4.571 [-4.98]
28840300000000.0 1.23265e+18 1573540000.0 261502000000.0 1089280000000.0 113706000.0 40528800000.0 1097950000000.0 7623.27 104652000000.0 13958000000000.0 24988000000000.0 61558.8 946965.0 50596200.0 264256000.0 32284300000.0 -4.96 4.566 [-4.96]
28840300000000.0 1.16677e+18 1710100000.0 276717000000.0 1108800000000.0 124422000.0 43263700000.0 1087650000000.0 8537.26 112227000000.0 13338800000000.0 22711400000000.0 72761.6 1129420.0 58974100.0 297848000.0 34457600000.0 -4.94 4.562 [-4.94]
28840300000000.0 1.10462e+18 1856490000.0 292454000000.0 1127340000000.0 136047000.0 46136600000.0 1075820000000.0 9560.33 120205000000.0 12719900000000.0 20603800000000.0 85853.9 1344350.0 68625300.0 335171000.0 36722900000.0 -4.92 4.557 [-4.92]
28840300000000.0 1.04595e+18 2013220000.0 308707000000.0 1144830000000.0 148639000.0 49148100000.0 1062490000000.0 10704.3 128586000000.0 12103700000000.0 18656600000000.0 101124.0 1596980.0 79724300.0 376572000.0 39079300000.0 -4.9 4.552 [-4.9]
28840300000000.0 9.90566e+17 2180920000.0 325474000000.0 1161260000000.0 162266000.0 52299900000.0 1047690000000.0 11983.9 137377000000.0 11492400000000.0 16861300000000.0 118909.0 1893410.0 92468800.0 422422000.0 41525900000.0 -4.88 4.548 [-4.88]
28840300000000.0 9.38253e+17 2360120000.0 342745000000.0 1176580000000.0 176985000.0 55591100000.0 1031460000000.0 13413.6 146572000000.0 10888400000000.0 15209600000000.0 139584.0 2240480.0 107078000.0 473117000.0 44060900000.0 -4.86 4.543 [-4.86]
28840300000000.0 8.88852e+17 2551570000.0 360515000000.0 1190760000000.0 192879000.0 59023000000.0 1013850000000.0 15012.8 156176000000.0 10293700000000.0 13693600000000.0 163588.0 2646080.0 123797000.0 529059000.0 46681600000.0 -4.84 4.539 [-4.84]
28840300000000.0 8.42171e+17 2755800000.0 378771000000.0 1203750000000.0 210004000.0 62592200000.0 994901000000.0 16799.1 166180000000.0 9710380000000.0 12305100000000.0 191402.0 3119120.0 142899000.0 590702000.0 49385400000.0 -4.82 4.534 [-4.82]
28840300000000.0 7.98033e+17 2973240000.0 397489000000.0 1215540000000.0 228402000.0 66292800000.0 974674000000.0 18790.9 176568000000.0 9140160000000.0 11035800000000.0 223557.0 3669660.0 164689000.0 658535000.0 52169400000.0 -4.8 4.53 [-4.8]
28840300000000.0 7.56291e+17 3204500000.0 416654000000.0 1226090000000.0 248140000.0 70120700000.0 953229000000.0 21011.5 187330000000.0 8584730000000.0 9878140000000.0 260666.0 4309130.0 189503000.0 733057000.0 55029600000.0 -4.78 4.526 [-4.78]
28840300000000.0 7.16805e+17 3450110000.0 436240000000.0 1235370000000.0 269268000.0 74069500000.0 930637000000.0 23485.4 198453000000.0 8045570000000.0 8824700000000.0 303409.0 5050350.0 217714000.0 814798000.0 57961400000.0 -4.76 4.521 [-4.76]
28840300000000.0 6.79442e+17 3710660000.0 456224000000.0 1243350000000.0 291844000.0 78132200000.0 906973000000.0 26240.6 209922000000.0 7523990000000.0 7868230000000.0 352552.0 5907800.0 249735000.0 904315000.0 60959500000.0 -4.74 4.517 [-4.74]
28840300000000.0 6.4408e+17 3986650000.0 476577000000.0 1250010000000.0 315913000.0 82299900000.0 882322000000.0 29307.3 221717000000.0 7021120000000.0 7001840000000.0 408938.0 6897600.0 286019000.0 1002190000.0 64018100000.0 -4.72 4.513 [-4.72]
28840300000000.0 6.10604e+17 4278540000.0 497263000000.0 1255320000000.0 341518000.0 86562200000.0 856771000000.0 32719.5 233820000000.0 6537880000000.0 6218790000000.0 473511.0 8037830.0 327063000.0 1109030000.0 67130400000.0 -4.7 4.509 [-4.7]
28840300000000.0 5.78912e+17 4586890000.0 518247000000.0 1259270000000.0 368707000.0 90908800000.0 830416000000.0 36516.5 246213000000.0 6075010000000.0 5512750000000.0 547328.0 9348660.0 373414000.0 1225460000.0 70288900000.0 -4.68 4.505 [-4.68]
28840300000000.0 5.48895e+17 4911990000.0 539485000000.0 1261820000000.0 397498000.0 95325800000.0 803354000000.0 40738.1 258866000000.0 5633060000000.0 4877520000000.0 631518.0 10852400.0 425668000.0 1352160000.0 73486100000.0 -4.66 4.501 [-4.66]
28840300000000.0 5.20458e+17 5254140000.0 560928000000.0 1262960000000.0 427913000.0 99799000000.0 775687000000.0 45430.6 271756000000.0 5212380000000.0 4307270000000.0 727339.0 12573600.0 484475000.0 1489810000.0 76713100000.0 -4.64 4.497 [-4.64]
28840300000000.0 4.93518e+17 5613730000.0 582529000000.0 1262670000000.0 459977000.0 104315000000.0 747525000000.0 50647.5 284858000000.0 4813190000000.0 3796540000000.0 836191.0 14539700.0 550541000.0 1639100000.0 79960300000.0 -4.62 4.493 [-4.62]
28840300000000.0 4.67993e+17 5991080000.0 604236000000.0 1260940000000.0 493710000.0 108857000000.0 718978000000.0 56448.7 298147000000.0 4435540000000.0 3340160000000.0 959609.0 16780600.0 624631000.0 1800730000.0 83217500000.0 -4.6 4.489 [-4.6]
28840300000000.0 4.43805e+17 6386320000.0 625990000000.0 1257760000000.0 529113000.0 113411000000.0 690156000000.0 62899.5 311597000000.0 4079300000000.0 2933230000000.0 1099240.0 19329400.0 707576000.0 1975450000.0 86474200000.0 -4.58 4.485 [-4.58]
28840300000000.0 4.20884e+17 6799780000.0 647733000000.0 1253120000000.0 566205000.0 117959000000.0 661173000000.0 70077.9 325182000000.0 3744230000000.0 2571230000000.0 1256950.0 22222300.0 800265000.0 2163950000.0 89718500000.0 -4.56 4.481 [-4.56]
28840300000000.0 3.99161e+17 7231330000.0 669393000000.0 1247010000000.0 604962000.0 122484000000.0 632140000000.0 78064.8 338872000000.0 3429970000000.0 2249870000000.0 1434670.0 25498000.0 903650000.0 2366990000.0 92938400000.0 -4.54 4.477 [-4.54]
28840300000000.0 3.78577e+17 7681560000.0 690923000000.0 1239430000000.0 645432000.0 126973000000.0 603168000000.0 86964.3 352647000000.0 3136040000000.0 1965260000000.0 1634610.0 29200200.0 1018770000.0 2585220000.0 96120900000.0 -4.52 4.473 [-4.52]
28840300000000.0 3.59063e+17 8149670000.0 712221000000.0 1230390000000.0 687530000.0 131401000000.0 574364000000.0 96873.5 366467000000.0 2861860000000.0 1713670000000.0 1858970.0 33373900.0 1146690000.0 2819430000.0 99253200000.0 -4.5 4.47 [-4.5]
28840300000000.0 3.40569e+17 8636110000.0 733237000000.0 1219880000000.0 731296000.0 135757000000.0 545831000000.0 107924.0 380314000000.0 2606770000000.0 1491770000000.0 2110380.0 38070000.0 1288600000.0 3070250000.0 102321000000.0 -4.48 4.466 [-4.48]
28840300000000.0 3.23037e+17 9140060000.0 753870000000.0 1207930000000.0 776653000.0 140018000000.0 517669000000.0 120243.0 394152000000.0 2370070000000.0 1296430000000.0 2391370.0 43340700.0 1445690000.0 3338380000.0 105312000000.0 -4.46 4.462 [-4.46]
28840300000000.0 3.06418e+17 9661570000.0 774055000000.0 1194540000000.0 823611000.0 144172000000.0 489968000000.0 133996.0 407958000000.0 2150950000000.0 1124820000000.0 2704910.0 49244500.0 1619290000.0 3624430000.0 108209000000.0 -4.44 4.458 [-4.44]
28840300000000.0 2.90663e+17 10200200000.0 793706000000.0 1179740000000.0 872138000.0 148202000000.0 462815000000.0 149356.0 421705000000.0 1948620000000.0 974359000000.0 3054060.0 55842500.0 1810740000.0 3928970000.0 111000000000.0 -4.42 4.454 [-4.42]
28840300000000.0 2.75725e+17 10755700000.0 812750000000.0 1163550000000.0 922234000.0 152093000000.0 436282000000.0 166532.0 435371000000.0 1762180000000.0 842656000000.0 3442240.0 63202600.0 2021510000.0 4252570000.0 113669000000.0 -4.4 4.45 [-4.4]
28840300000000.0 2.6157e+17 11326400000.0 831072000000.0 1146010000000.0 973774000.0 155826000000.0 410465000000.0 185728.0 448912000000.0 1590930000000.0 727681000000.0 3872330.0 71384700.0 2252910000.0 4595500000.0 116201000000.0 -4.38 4.447 [-4.38]
28840300000000.0 2.48149e+17 11912600000.0 848621000000.0 1127150000000.0 1026820000.0 159392000000.0 385402000000.0 207223.0 462317000000.0 1433850000000.0 627417000000.0 4348510.0 80470200.0 2506610000.0 4958270000.0 118582000000.0 -4.36 4.443 [-4.36]
28840300000000.0 2.35426e+17 12513200000.0 865296000000.0 1107020000000.0 1081310000.0 162777000000.0 361159000000.0 231299.0 475557000000.0 1290140000000.0 540164000000.0 4874390.0 90532200.0 2784130000.0 5341080000.0 120797000000.0 -4.34 4.439 [-4.34]
28840300000000.0 2.23366e+17 13127500000.0 881030000000.0 1085670000000.0 1137230000.0 165970000000.0 337779000000.0 258290.0 488607000000.0 1158940000000.0 464370000000.0 5454040.0 101651000.0 3087060000.0 5744020000.0 122831000000.0 -4.32 4.435 [-4.32]
28840300000000.0 2.11932e+17 13753900000.0 895728000000.0 1063150000000.0 1194520000.0 168959000000.0 315302000000.0 288559.0 501438000000.0 1039410000000.0 398636000000.0 6091290.0 113907000.0 3416980000.0 6167180000.0 124672000000.0 -4.3 4.432 [-4.3]
28840300000000.0 2.01096e+17 14392400000.0 909335000000.0 1039530000000.0 1253220000.0 171738000000.0 293758000000.0 322542.0 514033000000.0 930747000000.0 341736000000.0 6790880.0 127390000.0 3775540000.0 6610230000.0 126304000000.0 -4.28 4.428 [-4.28]
28840300000000.0 1.90822e+17 15040300000.0 921751000000.0 1014870000000.0 1313200000.0 174294000000.0 273167000000.0 360692.0 526358000000.0 832152000000.0 292550000000.0 7556410.0 142181000.0 4164270000.0 7073100000.0 127717000000.0 -4.26 4.424 [-4.26]
28840300000000.0 1.81081e+17 15696900000.0 932917000000.0 989251000000.0 1374480000.0 176622000000.0 253542000000.0 403552.0 538392000000.0 742863000000.0 250103000000.0 8392440.0 158371000.0 4584760000.0 7555240000.0 128897000000.0 -4.24 4.421 [-4.24]
28840300000000.0 1.71842e+17 16360900000.0 942771000000.0 962739000000.0 1437060000.0 178715000000.0 234883000000.0 451746.0 550117000000.0 662125000000.0 213514000000.0 9303590.0 176057000.0 5038650000.0 8056100000.0 129834000000.0 -4.22 4.417 [-4.22]
28840300000000.0 1.63087e+17 17030300000.0 951254000000.0 935447000000.0 1500850000.0 180569000000.0 217206000000.0 505912.0 561501000000.0 589324000000.0 182054000000.0 10293200.0 195310000.0 5527020000.0 8574500000.0 130518000000.0 -4.2 4.413 [-4.2]
28840300000000.0 1.54786e+17 17703500000.0 958315000000.0 907452000000.0 1565860000.0 182179000000.0 200497000000.0 566832.0 572526000000.0 523767000000.0 155029000000.0 11365500.0 216226000.0 6051310000.0 9109480000.0 130939000000.0 -4.18 4.41 [-4.18]
28840300000000.0 1.46921e+17 18378600000.0 963909000000.0 878866000000.0 1632030000.0 183542000000.0 184752000000.0 635331.0 583165000000.0 464870000000.0 131859000000.0 12523600.0 238875000.0 6612410000.0 9659520000.0 131091000000.0 -4.16 4.406 [-4.16]
28840300000000.0 1.39459e+17 19054400000.0 968008000000.0 849751000000.0 1699390000.0 184658000000.0 169935000000.0 712441.0 593407000000.0 411989000000.0 112003000000.0 13772000.0 263362000.0 7211720000.0 10223400000.0 130966000000.0 -4.14 4.403 [-4.14]
28840300000000.0 1.32384e+17 19728600000.0 970581000000.0 820226000000.0 1767890000.0 185525000000.0 156034000000.0 799215.0 603224000000.0 364617000000.0 95018400000.0 15112900.0 289748000.0 7849730000.0 10799100000.0 130560000000.0 -4.12 4.399 [-4.12]
28840300000000.0 1.25674e+17 20399300000.0 971609000000.0 790391000000.0 1837490000.0 186143000000.0 143024000000.0 896872.0 612598000000.0 322249000000.0 80509700000.0 16548400.0 318101000.0 8526880000.0 11384500000.0 129869000000.0 -4.1 4.396 [-4.1]
28840300000000.0 1.1931e+17 21064600000.0 971087000000.0 760351000000.0 1908180000.0 186514000000.0 130876000000.0 1006780.0 621508000000.0 284418000000.0 68132900000.0 18080100.0 348477000.0 9243290000.0 11977100000.0 128892000000.0 -4.08 4.392 [-4.08]
28840300000000.0 1.13275e+17 21722600000.0 969018000000.0 730206000000.0 1979930000.0 186639000000.0 119559000000.0 1130470.0 629934000000.0 250692000000.0 57588700000.0 19708800.0 380923000.0 9998720000.0 12574300000.0 127629000000.0 -4.06 4.389 [-4.06]
28840300000000.0 1.07551e+17 22371400000.0 965417000000.0 700061000000.0 2052740000.0 186521000000.0 109039000000.0 1269660.0 637860000000.0 220671000000.0 48617300000.0 21434500.0 415471000.0 10792600000.0 13173100000.0 126082000000.0 -4.04 4.386 [-4.04]
28840300000000.0 1.02122e+17 23009000000.0 960301000000.0 670015000000.0 2126560000.0 186164000000.0 99280900000.0 1426280.0 645266000000.0 193989000000.0 40993500000.0 23255600.0 452135000.0 11623700000.0 13770300000.0 124254000000.0 -4.02 4.382 [-4.02]
28840300000000.0 9.69706e+16 23633300000.0 953701000000.0 640164000000.0 2201370000.0 185572000000.0 90249600000.0 1602450.0 652134000000.0 170310000000.0 34523000000.0 25169600.0 490912000.0 12490400000.0 14362400000.0 122152000000.0 -4.0 4.379 [-4.0]
28840300000000.0 9.20835e+16 24242600000.0 945656000000.0 610603000000.0 2277130000.0 184750000000.0 81907900000.0 1800590.0 658446000000.0 149325000000.0 29038100000.0 27172700.0 531777000.0 13390500000.0 14945600000.0 119783000000.0 -3.98 4.375 [-3.98]
28840300000000.0 8.74462e+16 24835100000.0 936217000000.0 581420000000.0 2353820000.0 183703000000.0 74218800000.0 2023360.0 664187000000.0 130755000000.0 24394400000.0 29260000.0 574684000.0 14321400000.0 15516200000.0 117157000000.0 -3.96 4.372 [-3.96]
28840300000000.0 8.30456e+16 25409000000.0 925439000000.0 552700000000.0 2431430000.0 182437000000.0 67145400000.0 2273750.0 669340000000.0 114346000000.0 20467600000.0 31425000.0 619561000.0 15279500000.0 16069800000.0 114285000000.0 -3.94 4.369 [-3.94]
28840300000000.0 7.88691e+16 25962700000.0 913387000000.0 524520000000.0 2509920000.0 180960000000.0 60651100000.0 2555080.0 673888000000.0 99864500000.0 17151200000.0 33660100.0 666310000.0 16260800000.0 16602300000.0 111183000000.0 -3.92 4.365 [-3.92]
28840300000000.0 7.49011e+16 26495300000.0 900113000000.0 496925000000.0 2589310000.0 179276000000.0 54694500000.0 2871310.0 677818000000.0 87091600000.0 14351300000.0 35957900.0 714852000.0 17261300000.0 17109500000.0 107862000000.0 -3.9 4.362 [-3.9]
28840300000000.0 7.11384e+16 27004900000.0 885734000000.0 470032000000.0 2669530000.0 177399000000.0 49251600000.0 3226080.0 681115000000.0 75861700000.0 11994700000.0 38305300.0 764948000.0 18274700000.0 17586600000.0 104347000000.0 -3.88 4.359 [-3.88]
28840300000000.0 6.75663e+16 27490800000.0 870312000000.0 443873000000.0 2750610000.0 175334000000.0 44282500000.0 3624180.0 683766000000.0 65992000000.0 10011700000.0 40692600.0 816459000.0 19295500000.0 18029500000.0 100654000000.0 -3.86 4.355 [-3.86]
28840300000000.0 6.41752e+16 27951600000.0 853933000000.0 418502000000.0 2832480000.0 173090000000.0 39754800000.0 4070600.0 685758000000.0 57330400000.0 8345380000.0 43106400.0 869159000.0 20317000000.0 18434000000.0 96805700000.0 -3.84 4.352 [-3.84]
28840300000000.0 6.0955e+16 28386900000.0 836683000000.0 393954000000.0 2915190000.0 170676000000.0 35635800000.0 4571060.0 687078000000.0 49737400000.0 6946660000.0 45534900.0 922833000.0 21332500000.0 18795900000.0 92823600000.0 -3.82 4.349 [-3.82]
28840300000000.0 5.78973e+16 28796100000.0 818656000000.0 370269000000.0 2998740000.0 168102000000.0 31895800000.0 5131690.0 687715000000.0 43091100000.0 5774220000.0 47964200.0 977214000.0 22334600000.0 19111500000.0 88732300000.0 -3.8 4.345 [-3.8]
28840300000000.0 5.49934e+16 29178500000.0 799940000000.0 347473000000.0 3083110000.0 165378000000.0 28505800000.0 5759360.0 687660000000.0 37280800000.0 4792700000.0 50380100.0 1032020000.0 23315500000.0 19377200000.0 84556500000.0 -3.78 4.342 [-3.78]
28840300000000.0 5.22393e+16 29534400000.0 780663000000.0 325615000000.0 3168300000.0 162519000000.0 25442000000.0 6460900.0 686912000000.0 32214400000.0 3973050000.0 52767300.0 1086900000.0 24267000000.0 19590200000.0 80327700000.0 -3.76 4.339 [-3.76]
