Cloudy_runs/pks0405/z=0.167125/component_II_PI_nH/component_II_PI_nH_col_density_param.txt
# %ECSV 1.0
# ---
# datatype:
# - {name: H, datatype: float64}
# - {name: H+, datatype: float64}
# - {name: C+, datatype: float64}
# - {name: C+2, datatype: float64}
# - {name: C+3, datatype: float64}
# - {name: N+, datatype: float64}
# - {name: N+2, datatype: float64}
# - {name: N+4, datatype: float64}
# - {name: O, datatype: float64}
# - {name: O+2, datatype: float64}
# - {name: O+5, datatype: float64}
# - {name: O+6, datatype: float64}
# - {name: P+, datatype: float64}
# - {name: Si+, datatype: float64}
# - {name: Si+2, datatype: float64}
# - {name: Si+3, datatype: float64}
# - {name: Si+4, datatype: float64}
# - {name: log_nH, datatype: float64}
# - {name: log_Te, datatype: float64}
# - {name: parameters, datatype: string, subtype: 'float64[1]'}
# schema: astropy-2.0
H H+ C+ C+2 C+3 N+ N+2 N+4 O O+2 O+5 O+6 P+ Si+ Si+2 Si+3 Si+4 log_nH log_Te parameters
[from data line 64]
28840300000000.0 4.71294e+16 30165900000.0 740597000000.0 284601000000.0 3341490000.0 156407000000.0 20169500000.0 8123860.0 683257000000.0 23937300000.0 2716100000.0 57410600.0 1196020000.0 26052100000.0 19847000000.0 71783000000.0 -3.72 4.332 [-3.72]
28840300000000.0 4.47667e+16 30441900000.0 720044000000.0 265507000000.0 3429470000.0 153186000000.0 17920500000.0 9103040.0 680357000000.0 20590400000.0 2240700000.0 59636900.0 1249500000.0 26869500000.0 19887900000.0 67529100000.0 -3.7 4.329 [-3.7]
28840300000000.0 4.25258e+16 30692100000.0 699283000000.0 247368000000.0 3518400000.0 149872000000.0 15901900000.0 10194000.0 676747000000.0 17688400000.0 1845990000.0 61782300.0 1301800000.0 27627200000.0 19869700000.0 63324600000.0 -3.68 4.325 [-3.68]
28840300000000.0 4.03942e+16 30916900000.0 678326000000.0 230125000000.0 3608450000.0 146466000000.0 14088300000.0 11411000.0 672402000000.0 15169200000.0 1517940000.0 63839400.0 1352770000.0 28318800000.0 19791300000.0 59182000000.0 -3.66 4.322 [-3.66]
28840300000000.0 3.83664e+16 31117100000.0 657246000000.0 213767000000.0 3699680000.0 142977000000.0 12461700000.0 12767600.0 667317000000.0 12985600000.0 1245760000.0 65798200.0 1402160000.0 28938000000.0 19653000000.0 55123500000.0 -3.64 4.319 [-3.64]
28840300000000.0 3.64464e+16 31293700000.0 636225000000.0 198346000000.0 3792030000.0 139435000000.0 11011300000.0 14273300.0 661548000000.0 11103500000.0 1021190000.0 67645600.0 1449470000.0 29480500000.0 19458500000.0 51185800000.0 -3.62 4.315 [-3.62]
28840300000000.0 3.46197e+16 31447300000.0 615218000000.0 183773000000.0 3885710000.0 135832000000.0 9714410000.0 15948200.0 655050000000.0 9476840000.0 835414000.0 69378500.0 1494710000.0 29941400000.0 19207400000.0 47370400000.0 -3.6 4.312 [-3.6]
28840300000000.0 3.28847e+16 31578700000.0 594325000000.0 170045000000.0 3980760000.0 132183000000.0 8558460000.0 17807600.0 647846000000.0 8075090000.0 682219000.0 70989200.0 1537620000.0 30317800000.0 18903300000.0 43698500000.0 -3.58 4.309 [-3.58]
28840300000000.0 3.12367e+16 31688800000.0 573600000000.0 157139000000.0 4077280000.0 128500000000.0 7529770000.0 19869600.0 639949000000.0 6869130000.0 556107000.0 72472800.0 1578040000.0 30607700000.0 18549400000.0 40183500000.0 -3.56 4.305 [-3.56]
28840300000000.0 2.96713e+16 31778700000.0 553096000000.0 145025000000.0 4175340000.0 124791000000.0 6615790000.0 22153600.0 631371000000.0 5833280000.0 452473000.0 73825700.0 1615870000.0 30810000000.0 18149300000.0 36835900000.0 -3.54 4.302 [-3.54]
28840300000000.0 2.8182e+16 31849300000.0 532821000000.0 133656000000.0 4274740000.0 121059000000.0 5803790000.0 24683900.0 622105000000.0 4943730000.0 367347000.0 75046900.0 1651110000.0 30924100000.0 17705800000.0 33659500000.0 -3.52 4.298 [-3.52]
28840300000000.0 2.67701e+16 31901800000.0 512894000000.0 123039000000.0 4375650000.0 117328000000.0 5085810000.0 27477000.0 612219000000.0 4183500000.0 297765000.0 76133000.0 1683560000.0 30952800000.0 17225900000.0 30669100000.0 -3.5 4.295 [-3.5]
28840300000000.0 2.54291e+16 31936800000.0 493311000000.0 113123000000.0 4478310000.0 113599000000.0 4450880000.0 30559900.0 601711000000.0 3533810000.0 240898000.0 77084400.0 1713300000.0 30897300000.0 16713200000.0 27862900000.0 -3.48 4.291 [-3.48]
28840300000000.0 2.41554e+16 31955200000.0 474102000000.0 103877000000.0 4582810000.0 109880000000.0 3890240000.0 33958400.0 590605000000.0 2979540000.0 194511000.0 77901500.0 1740360000.0 30760400000.0 16172300000.0 25241800000.0 -3.46 4.288 [-3.46]
28840300000000.0 2.29457e+16 31957800000.0 455296000000.0 95268000000.0 4689220000.0 106179000000.0 3395930000.0 37700300.0 578929000000.0 2507540000.0 156746000.0 78585800.0 1764810000.0 30545800000.0 15608300000.0 22804500000.0 -3.44 4.285 [-3.44]
28840300000000.0 2.17967e+16 31945500000.0 436916000000.0 87264300000.0 4797660000.0 102503000000.0 2960760000.0 41814600.0 566714000000.0 2106330000.0 126061000.0 79139800.0 1786760000.0 30258100000.0 15025800000.0 20548000000.0 -3.42 4.281 [-3.42]
28840300000000.0 2.07055e+16 31919000000.0 418980000000.0 79834400000.0 4908180000.0 98859400000.0 2578210000.0 46332500.0 553992000000.0 1765920000.0 101178000.0 79566100.0 1806320000.0 29902000000.0 14429500000.0 18467400000.0 -3.4 4.278 [-3.4]
28840300000000.0 1.96692e+16 31879000000.0 401504000000.0 72947000000.0 5020860000.0 95253900000.0 2242400000.0 51286700.0 540799000000.0 1477650000.0 81042000.0 79868000.0 1823640000.0 29482900000.0 13824100000.0 16556800000.0 -3.38 4.274 [-3.38]
28840300000000.0 1.86849e+16 31826200000.0 384501000000.0 66571500000.0 5135770000.0 91692800000.0 1948040000.0 56711900.0 527172000000.0 1234000000.0 64780200.0 80049500.0 1838880000.0 29006500000.0 13213500000.0 14808800000.0 -3.36 4.271 [-3.36]
28840300000000.0 1.77501e+16 31761300000.0 367980000000.0 60678300000.0 5252970000.0 88181400000.0 1690370000.0 62644100.0 513151000000.0 1028480000.0 51675000.0 80114800.0 1852200000.0 28478400000.0 12602000000.0 13215500000.0 -3.34 4.267 [-3.34]
28840300000000.0 1.68624e+16 31684700000.0 351948000000.0 55238400000.0 5372490000.0 84724500000.0 1465140000.0 69121600.0 498778000000.0 855462000.0 41135900.0 80068400.0 1863780000.0 27904500000.0 11992900000.0 11768200000.0 -3.32 4.264 [-3.32]
28840300000000.0 1.60212e+16 31597600000.0 336444000000.0 50233800000.0 5494350000.0 81334800000.0 1268870000.0 76173000.0 484134000000.0 710349000.0 32692200.0 79916700.0 1873740000.0 27292900000.0 11391200000.0 10460100000.0 -3.3 4.26 [-3.3]
28840300000000.0 1.52205e+16 31499400000.0 321397000000.0 45617200000.0 5618580000.0 77999800000.0 1097390000.0 83860200.0 469184000000.0 588436000.0 25917000.0 79661500.0 1882400000.0 26644900000.0 10796800000.0 9277280000.0 -3.28 4.257 [-3.28]
28840300000000.0 1.44583e+16 31390400000.0 306809000000.0 41364700000.0 5745160000.0 74723300000.0 947811000.0 92228800.0 453970000000.0 486255000.0 20494100.0 79307100.0 1889930000.0 25965800000.0 10212300000.0 8211140000.0 -3.26 4.253 [-3.26]
28840300000000.0 1.37362e+16 31271900000.0 292747000000.0 37469300000.0 5874060000.0 71524100000.0 818003000.0 101298000.0 438618000000.0 401117000.0 16179200.0 78862300.0 1896370000.0 25265200000.0 9642750000.0 7256230000.0 -3.24 4.25 [-3.24]
28840300000000.0 1.3052e+16 31144600000.0 279206000000.0 33905300000.0 6005220000.0 68404500000.0 705467000.0 111110000.0 423175000000.0 330309000.0 12752200.0 78332800.0 1901880000.0 24548400000.0 9089980000.0 6403080000.0 -3.22 4.246 [-3.22]
28840300000000.0 1.24006e+16 31007400000.0 266114000000.0 30635200000.0 6138570000.0 65351400000.0 607630000.0 121738000.0 407604000000.0 271321000.0 10025900.0 77719400.0 1906760000.0 23815400000.0 8552770000.0 5640010000.0 -3.2 4.243 [-3.2]
28840300000000.0 1.17822e+16 30861400000.0 253501000000.0 27645700000.0 6273990000.0 62374700000.0 522855000.0 133215000.0 391990000000.0 222391000.0 7866410.0 77030000.0 1911070000.0 23072800000.0 8033750000.0 4960450000.0 -3.18 4.239 [-3.18]
28840300000000.0 1.11949e+16 30706600000.0 241356000000.0 24916400000.0 6411330000.0 59475500000.0 449479000.0 145589000.0 376376000000.0 181891000.0 6159500.0 76268600.0 1914940000.0 22324500000.0 7533910000.0 4356570000.0 -3.16 4.236 [-3.16]
28840300000000.0 1.06371e+16 30542900000.0 229672000000.0 22427900000.0 6550360000.0 56654600000.0 386035000.0 158904000.0 360803000000.0 148441000.0 4813150.0 75439600.0 1918500000.0 21573800000.0 7054000000.0 3821010000.0 -3.14 4.232 [-3.14]
28840300000000.0 1.01061e+16 30370400000.0 218413000000.0 20157700000.0 6690880000.0 53906900000.0 331141000.0 173229000.0 345275000000.0 120830000.0 3751850.0 74546600.0 1921900000.0 20822200000.0 6593280000.0 3346230000.0 -3.12 4.229 [-3.12]
28840300000000.0 9603200000000000.0 30189900000.0 207625000000.0 18098400000.0 6832630000.0 51245900000.0 283883000.0 188565000.0 329908000000.0 98176100.0 2920140.0 73598400.0 1925110000.0 20076400000.0 6154420000.0 2927600000.0 -3.1 4.225 [-3.1]
28840300000000.0 9125580000000000.0 30001100000.0 197269000000.0 16228700000.0 6975290000.0 48665200000.0 243151000.0 204976000.0 314701000000.0 79592000.0 2268360.0 72597300.0 1928260000.0 19337100000.0 5736320000.0 2558400000.0 -3.08 4.222 [-3.08]
28840300000000.0 8672020000000000.0 29804100000.0 187336000000.0 14533600000.0 7118470000.0 46164700000.0 208079000.0 222501000.0 299690000000.0 64381400.0 1758650.0 71547600.0 1931410000.0 18606300000.0 5338910000.0 2233340000.0 -3.06 4.219 [-3.06]
28840300000000.0 8241290000000000.0 29598900000.0 177813000000.0 12999000000.0 7261750000.0 43744400000.0 177909000.0 241178000.0 284907000000.0 51960300.0 1360880.0 70453600.0 1934610000.0 17885900000.0 4961980000.0 1947560000.0 -3.04 4.215 [-3.04]
28840300000000.0 7833190000000000.0 29386100000.0 168712000000.0 11614400000.0 7404750000.0 41409300000.0 152027000.0 261009000.0 270419000000.0 41857000.0 1051600.0 69322300.0 1937840000.0 17179400000.0 4606100000.0 1697090000.0 -3.02 4.212 [-3.02]
28840300000000.0 7443780000000000.0 29164000000.0 159956000000.0 10359200000.0 7546670000.0 39143000000.0 129716000.0 282112000.0 256154000000.0 33614800.0 810351.0 68149400.0 1941290000.0 16482700000.0 4268270000.0 1476740000.0 -3.0 4.208 [-3.0]
28840300000000.0 7075770000000000.0 28935100000.0 151621000000.0 9232410000.0 7687310000.0 36966000000.0 110652000.0 304386000.0 242273000000.0 26955300.0 623921.0 66950100.0 1944750000.0 15804300000.0 3951360000.0 1284490000.0 -2.98 4.205 [-2.98]
28840300000000.0 6725380000000000.0 28697600000.0 143629000000.0 8215800000.0 7825700000.0 34861800000.0 94274700.0 327943000.0 228699000000.0 21556300.0 479293.0 65719200.0 1948370000.0 15139500000.0 3652340000.0 1116030000.0 -2.96 4.202 [-2.96]
28840300000000.0 6392630000000000.0 28452100000.0 135992000000.0 7301980000.0 7961260000.0 32835100000.0 80249400.0 352757000.0 215490000000.0 17198600.0 367556.0 64463500.0 1952090000.0 14491000000.0 3371460000.0 968877000.0 -2.94 4.198 [-2.94]
28840300000000.0 6076610000000000.0 28198600000.0 128698000000.0 6481730000.0 8093240000.0 30885100000.0 68248200.0 378830000.0 202667000000.0 13689800.0 281393.0 63186300.0 1955900000.0 13859500000.0 3108060000.0 840468000.0 -2.92 4.195 [-2.92]
28840300000000.0 5776490000000000.0 27937200000.0 121736000000.0 5746490000.0 8220830000.0 29010800000.0 57987500.0 406150000.0 190246000000.0 10871200.0 215074.0 61890800.0 1959750000.0 13245200000.0 2861460000.0 728525000.0 -2.9 4.192 [-2.9]
28840300000000.0 5491450000000000.0 27668000000.0 115094000000.0 5088400000.0 8343180000.0 27211300000.0 49222300.0 434697000.0 178244000000.0 8612450.0 164122.0 60580300.0 1963610000.0 12648500000.0 2630990000.0 631034000.0 -2.88 4.188 [-2.88]
28840300000000.0 5220730000000000.0 27391000000.0 108762000000.0 4500180000.0 8459420000.0 25485700000.0 41740800.0 464442000.0 166674000000.0 6806790.0 125048.0 59257600.0 1967440000.0 12069700000.0 2415920000.0 546202000.0 -2.86 4.185 [-2.86]
28840300000000.0 4963600000000000.0 27106300000.0 102728000000.0 3975170000.0 8568640000.0 23833000000.0 35360700.0 495342000.0 155548000000.0 5366850.0 95133.4 57925800.0 1971180000.0 11508700000.0 2215550000.0 472452000.0 -2.84 4.182 [-2.84]
28840300000000.0 4718780000000000.0 26813200000.0 96966500000.0 3506280000.0 8669610000.0 22248700000.0 29914600.0 527388000.0 144851000000.0 4219560.0 72234.4 56583900.0 1974820000.0 10964300000.0 2028720000.0 408278000.0 -2.82 4.179 [-2.82]
28840300000000.0 4487440000000000.0 26514200000.0 91511300000.0 3090710000.0 8762290000.0 20742400000.0 25296700.0 560375000.0 134660000000.0 3312470.0 54828.3 55245200.0 1978160000.0 10440700000.0 1856060000.0 352784000.0 -2.8 4.176 [-2.8]
28840300000000.0 4267130000000000.0 26207200000.0 86308200000.0 2720500000.0 8844900000.0 19302600000.0 21360800.0 594365000.0 124911000000.0 2593020.0 41540.7 53901800.0 1981250000.0 9933460000.0 1695540000.0 304558000.0 -2.78 4.173 [-2.78]
28840300000000.0 4057870000000000.0 25892800000.0 81361100000.0 2391880000.0 8916800000.0 17931600000.0 18016400.0 629222000.0 115629000000.0 2024970.0 0.0 52559300.0 1984000000.0 9443850000.0 1546920000.0 262761000.0 -2.76 4.169 [-2.76]
28840300000000.0 3859090000000000.0 25571400000.0 76660100000.0 2100570000.0 8977140000.0 16628400000.0 15177500.0 664846000.0 106814000000.0 1577570.0 0.0 51219900.0 1986330000.0 8971650000.0 1409510000.0 226561000.0 -2.74 4.166 [-2.74]
28840300000000.0 3670260000000000.0 25243100000.0 72195300000.0 1842680000.0 9025110000.0 15391700000.0 12770200.0 701127000.0 98465300000.0 1226090.0 0.0 49885800.0 1988160000.0 8516640000.0 1282680000.0 195231000.0 -2.72 4.163 [-2.72]
28840300000000.0 3490880000000000.0 24908100000.0 67957300000.0 1614670000.0 9059980000.0 14220400000.0 10731000.0 737945000.0 90579100000.0 950671.0 0.0 48558800.0 1989420000.0 8078550000.0 1165780000.0 168133000.0 -2.7 4.16 [-2.7]
28840300000000.0 3320470000000000.0 24566600000.0 63936700000.0 1413340000.0 9081090000.0 13113300000.0 9005590.0 775172000.0 83149800000.0 735390.0 0.0 47240900.0 1990020000.0 7657100000.0 1058190000.0 144710000.0 -2.68 4.157 [-2.68]
28840300000000.0 3158580000000000.0 24218900000.0 60124600000.0 1235800000.0 9087930000.0 12069100000.0 7547470.0 812677000.0 76170500000.0 567543.0 0.0 45933800.0 1989900000.0 7252020000.0 959330000.0 124479000.0 -2.66 4.154 [-2.66]
28840300000000.0 3004750000000000.0 23865200000.0 56511800000.0 1079430000.0 9080040000.0 11086200000.0 6316670.0 850324000.0 69631300000.0 437001.0 0.0 44639100.0 1988990000.0 6862910000.0 868619000.0 107012000.0 -2.64 4.151 [-2.64]
28840300000000.0 2858220000000000.0 23504700000.0 53080800000.0 941589000.0 9056590000.0 10161200000.0 5277260.0 888027000.0 63509100000.0 335568.0 0.0 43354700.0 1987220000.0 6488440000.0 785316000.0 91915900.0 -2.62 4.149 [-2.62]
28840300000000.0 2719380000000000.0 23139800000.0 49842200000.0 820770000.0 9018510000.0 9296610000.0 4404140.0 925537000.0 57818200000.0 257236.0 0.0 42089400.0 1984490000.0 6130440000.0 709309000.0 78927500.0 -2.6 4.146 [-2.6]
28840300000000.0 2587810000000000.0 22770900000.0 46786600000.0 714966000.0 8965890000.0 8490360000.0 3671490.0 962717000.0 52542100000.0 196864.0 0.0 40844200.0 1980740000.0 5788430000.0 640047000.0 67756500.0 -2.58 4.143 [-2.58]
28840300000000.0 2462090000000000.0 22395100000.0 43881000000.0 621814000.0 8896990000.0 7735340000.0 3053980.0 999600000.0 47632200000.0 150196.0 0.0 39609900.0 1975950000.0 5459100000.0 576558000.0 58097300.0 -2.56 4.14 [-2.56]
28840300000000.0 2343300000000000.0 22017000000.0 41150800000.0 540626000.0 8814670000.0 7036430000.0 2538480.0 1035840000.0 43115800000.0 114475.0 0.0 38401600.0 1970020000.0 5145990000.0 519027000.0 49818300.0 -2.54 4.137 [-2.54]
28840300000000.0 2229750000000000.0 21632600000.0 38557100000.0 469304000.0 8716660000.0 6385270000.0 2105280.0 1071530000.0 38935900000.0 86989.3 0.0 37206300.0 1962920000.0 4844980000.0 466442000.0 42667400.0 -2.52 4.135 [-2.52]
28840300000000.0 2122470000000000.0 21246800000.0 36123100000.0 407287000.0 8606350000.0 5785660000.0 1744780.0 1106340000.0 35112000000.0 66047.9 0.0 36038900.0 1954610000.0 4559350000.0 418935000.0 36546200.0 -2.5 4.132 [-2.5]
28840300000000.0 2020200000000000.0 20856500000.0 33819800000.0 353039000.0 8482270000.0 5231130000.0 1443340.0 1140340000.0 31599400000.0 50031.5 0.0 34889700.0 1945040000.0 4286060000.0 375741000.0 31275300.0 -2.48 4.129 [-2.48]
28840300000000.0 1923000000000000.0 20463400000.0 31648100000.0 305755000.0 8345950000.0 4720870000.0 1192260.0 1173370000.0 28388500000.0 37834.2 0.0 33762900.0 1934190000.0 4025630000.0 336630000.0 26749800.0 -2.46 4.127 [-2.46]
28840300000000.0 1830610000000000.0 20067700000.0 29601500000.0 264582000.0 8198290000.0 4252560000.0 983449.0 1205370000.0 25461000000.0 28564.2 0.0 32659300.0 1922020000.0 3777700000.0 301266000.0 22866500.0 -2.44 4.124 [-2.44]
