Cloudy_runs/pg1222/z=0.054479/logZ=-1/component_IV_PI_nH/component_IV_PI_nH_col_density_param.txt
# %ECSV 1.0
# ---
# datatype:
# - {name: H, datatype: float64}
# - {name: H+, datatype: float64}
# - {name: C+, datatype: float64}
# - {name: C+2, datatype: float64}
# - {name: C+3, datatype: float64}
# - {name: N+, datatype: float64}
# - {name: N+2, datatype: float64}
# - {name: N+4, datatype: float64}
# - {name: O, datatype: float64}
# - {name: O+2, datatype: float64}
# - {name: O+5, datatype: float64}
# - {name: O+6, datatype: float64}
# - {name: P+, datatype: float64}
# - {name: Si+, datatype: float64}
# - {name: Si+2, datatype: float64}
# - {name: Si+3, datatype: float64}
# - {name: Si+4, datatype: float64}
# - {name: Fe+, datatype: float64}
# - {name: Al+, datatype: float64}
# - {name: log_nH, datatype: float64}
# - {name: parameters, datatype: string, subtype: 'float64[1]'}
# schema: astropy-2.0
H H+ C+ C+2 C+3 N+ N+2 N+4 O O+2 O+5 O+6 P+ Si+ Si+2 Si+3 Si+4 Fe+ Al+ log_nH parameters
[from data line 52]
1.65959e+17 3.45773e+20 225809000000000.0 6442340000000000.0 1549380000000000.0 25342600000000.0 1482660000000000.0 79813600000000.0 76686000000.0 1.10983e+16 80896100000000.0 10478300000000.0 385175000000.0 9642800000000.0 218925000000000.0 145450000000000.0 489282000000000.0 59529700000.0 1718570000000.0 -3.96 [-3.96]
1.65966e+17 3.2779e+20 224939000000000.0 6183500000000000.0 1438750000000000.0 25577500000000.0 1430050000000000.0 71660100000000.0 82469900000.0 1.0631e+16 70211700000000.0 8705090000000.0 395906000000.0 9828700000000.0 220590000000000.0 144142000000000.0 461187000000000.0 63215800000.0 1746030000000.0 -3.94 [-3.94]
1.6596e+17 3.10725e+20 224034000000000.0 5931600000000000.0 1334810000000000.0 25818300000000.0 1378370000000000.0 64270100000000.0 88734700000.0 1.01815e+16 60863100000000.0 7222240000000.0 406329000000.0 10009200000000.0 221980000000000.0 142602000000000.0 433535000000000.0 67151000000.0 1773590000000.0 -3.92 [-3.92]
1.65959e+17 2.94562e+20 223089000000000.0 5687210000000000.0 1237580000000000.0 26066300000000.0 1327800000000000.0 57590900000000.0 95532000000.0 9750270000000000.0 52702400000000.0 5984830000000.0 416386000000.0 10183700000000.0 223084000000000.0 140852000000000.0 406470000000000.0 71366000000.0 1801550000000.0 -3.9 [-3.9]
1.65966e+17 2.7926e+20 222147000000000.0 5450480000000000.0 1146620000000000.0 26327200000000.0 1278410000000000.0 51557500000000.0 102927000000.0 9336530000000000.0 45586000000000.0 4953980000000.0 426124000000.0 10352900000000.0 223901000000000.0 138881000000000.0 380084000000000.0 75896800000.0 1830060000000.0 -3.88 [-3.88]
1.65962e+17 2.64766e+20 221126000000000.0 5221040000000000.0 1061750000000000.0 26588600000000.0 1230130000000000.0 46121800000000.0 110894000000.0 8939200000000000.0 39393100000000.0 4096360000000.0 435296000000.0 10511800000000.0 224355000000000.0 136700000000000.0 354465000000000.0 80713700000.0 1858470000000.0 -3.86 [-3.86]
1.6596e+17 2.50995e+20 220105000000000.0 4998350000000000.0 982203000000000.0 26864700000000.0 1182870000000000.0 41207700000000.0 119585000000.0 8556500000000000.0 33988600000000.0 3381590000000.0 444039000000.0 10663800000000.0 224461000000000.0 134279000000000.0 329612000000000.0 85908400000.0 1887070000000.0 -3.84 [-3.84]
1.65959e+17 2.37942e+20 219044000000000.0 4782850000000000.0 907981000000000.0 27149100000000.0 1136760000000000.0 36785200000000.0 129006000000.0 8188720000000000.0 29292700000000.0 2788200000000.0 452213000000.0 10805900000000.0 224197000000000.0 131648000000000.0 305653000000000.0 91471000000.0 1915670000000.0 -3.82 [-3.82]
1.65965e+17 2.25584e+20 218009000000000.0 4574890000000000.0 838700000000000.0 27449500000000.0 1091900000000000.0 32805300000000.0 139249000000.0 7835970000000000.0 25213200000000.0 2295880000000.0 459937000000.0 10940800000000.0 223596000000000.0 128800000000000.0 282661000000000.0 97449800000.0 1944720000000.0 -3.8 [-3.8]
1.65961e+17 2.13835e+20 216893000000000.0 4373210000000000.0 774088000000000.0 27754800000000.0 1048030000000000.0 29227400000000.0 150349000000.0 7495520000000000.0 21673600000000.0 1887840000000.0 466916000000.0 11063000000000.0 222564000000000.0 125756000000000.0 260635000000000.0 103853000000.0 1973150000000.0 -3.78 [-3.78]
1.6596e+17 2.02776e+20 215866000000000.0 4180200000000000.0 714037000000000.0 28081000000000.0 1005710000000000.0 26024400000000.0 162352000000.0 7170890000000000.0 18617000000000.0 1551580000000.0 473582000000.0 11179300000000.0 221245000000000.0 122520000000000.0 239768000000000.0 110704000000.0 2002360000000.0 -3.76 [-3.76]
1.65959e+17 1.92255e+20 214740000000000.0 3993110000000000.0 658170000000000.0 28413500000000.0 964416000000000.0 23147100000000.0 175392000000.0 6857830000000000.0 15964100000000.0 1272540000000.0 479404000000.0 11282400000000.0 219486000000000.0 119142000000000.0 219922000000000.0 118076000000.0 2031120000000.0 -3.74 [-3.74]
1.65959e+17 1.82303e+20 213661000000000.0 3813300000000000.0 606151000000000.0 28764000000000.0 924400000000000.0 20570100000000.0 189520000000.0 6557460000000000.0 13673800000000.0 1042720000000.0 484759000000.0 11378000000000.0 217409000000000.0 115591000000000.0 201201000000000.0 125976000000.0 2059940000000.0 -3.72 [-3.72]
1.65965e+17 1.72858e+20 212520000000000.0 3639790000000000.0 557892000000000.0 29125200000000.0 885513000000000.0 18264700000000.0 204871000000.0 6268430000000000.0 11695600000000.0 853014000000.0 489278000000.0 11460900000000.0 214934000000000.0 111933000000000.0 183575000000000.0 134473000000.0 2088070000000.0 -3.7 [-3.7]
1.65963e+17 1.63894e+20 211403000000000.0 3472540000000000.0 512945000000000.0 29505900000000.0 847736000000000.0 16200300000000.0 221550000000.0 5989920000000000.0 9989080000000.0 696886000000.0 493244000000.0 11535800000000.0 212128000000000.0 108130000000000.0 167038000000000.0 143610000000.0 2115780000000.0 -3.68 [-3.68]
1.65961e+17 1.55415e+20 210272000000000.0 3312040000000000.0 471302000000000.0 29900100000000.0 811234000000000.0 14358200000000.0 239580000000.0 5722990000000000.0 8520750000000.0 568637000000.0 496545000000.0 11601300000000.0 209011000000000.0 104252000000000.0 151625000000000.0 153401000000.0 2143330000000.0 -3.66 [-3.66]
1.6596e+17 1.47371e+20 209133000000000.0 3157560000000000.0 432656000000000.0 30311700000000.0 775854000000000.0 12713100000000.0 259155000000.0 5466030000000000.0 7257190000000.0 463280000000.0 499194000000.0 11658200000000.0 205585000000000.0 100298000000000.0 137281000000000.0 163928000000.0 2170270000000.0 -3.64 [-3.64]
1.6596e+17 1.39811e+20 208056000000000.0 3010490000000000.0 397035000000000.0 30747100000000.0 741936000000000.0 11254300000000.0 280310000000.0 5221220000000000.0 6177830000000.0 377386000000.0 501351000000.0 11708100000000.0 201960000000000.0 96309700000000.0 124076000000000.0 175190000000.0 2197150000000.0 -3.62 [-3.62]
1.65959e+17 1.32559e+20 206835000000000.0 2867360000000000.0 363896000000000.0 31187500000000.0 708727000000000.0 9945770000000.0 303302000000.0 4982880000000000.0 5244660000000.0 306410000000.0 502498000000.0 11747000000000.0 197931000000000.0 92303700000000.0 111777000000000.0 187353000000.0 2222330000000.0 -3.6 [-3.6]
1.65959e+17 1.25773e+20 205763000000000.0 2731930000000000.0 333348000000000.0 31660400000000.0 677072000000000.0 8788410000000.0 328101000000.0 4756780000000000.0 4451130000000.0 248888000000.0 503481000000.0 11783700000000.0 193845000000000.0 88268300000000.0 100561000000000.0 200314000000.0 2248000000000.0 -3.58 [-3.58]
1.65959e+17 1.1927e+20 204551000000000.0 2600420000000000.0 305014000000000.0 32139000000000.0 646141000000000.0 7754390000000.0 355025000000.0 4536710000000000.0 3768830000000.0 201622000000.0 503459000000.0 11810200000000.0 189409000000000.0 84257900000000.0 90200100000000.0 214296000000.0 2271360000000.0 -3.56 [-3.56]
1.65959e+17 1.13137e+20 203412000000000.0 2474980000000000.0 278858000000000.0 32646600000000.0 616439000000000.0 6837670000000.0 384191000000.0 4326140000000000.0 3187440000000.0 163198000000.0 503055000000.0 11833300000000.0 184873000000000.0 80257200000000.0 80760900000000.0 229272000000.0 2294330000000.0 -3.54 [-3.54]
1.65959e+17 1.07339e+20 202267000000000.0 2355100000000000.0 254766000000000.0 33173000000000.0 587872000000000.0 6025900000000.0 415673000000.0 4124230000000000.0 2692650000000.0 131980000000.0 502092000000.0 11851100000000.0 180207000000000.0 76310700000000.0 72179200000000.0 245278000000.0 2316170000000.0 -3.52 [-3.52]
1.65959e+17 1.0185e+20 201121000000000.0 2240400000000000.0 232550000000000.0 33719100000000.0 560362000000000.0 5306360000000.0 449684000000.0 3930280000000000.0 2271450000000.0 106609000000.0 500616000000.0 11864900000000.0 175434000000000.0 72421600000000.0 64388300000000.0 262399000000.0 2336910000000.0 -3.5 [-3.5]
1.65966e+17 9.6643e+19 199969000000000.0 2130470000000000.0 212073000000000.0 34288200000000.0 533837000000000.0 4668380000000.0 486537000000.0 3743670000000000.0 1912760000000.0 85970600000.0 498582000000.0 11875000000000.0 170557000000000.0 68607800000000.0 57324800000000.0 280766000000.0 2356320000000.0 -3.48 [-3.48]
1.65965e+17 9.16373e+19 198697000000000.0 2023700000000000.0 193046000000000.0 34861600000000.0 507918000000000.0 4098390000000.0 526394000000.0 3561540000000000.0 1605630000000.0 69096100000.0 495749000000.0 11881800000000.0 165472000000000.0 64857600000000.0 50881100000000.0 300536000000.0 2373220000000.0 -3.46 [-3.46]
1.65964e+17 8.69424e+19 197481000000000.0 1922620000000000.0 175685000000000.0 35467000000000.0 483223000000000.0 3598620000000.0 569454000000.0 3388220000000000.0 1347360000000.0 55547300000.0 492571000000.0 11885600000000.0 160427000000000.0 61222600000000.0 45123900000000.0 321601000000.0 2389030000000.0 -3.44 [-3.44]
1.65963e+17 8.25055e+19 196262000000000.0 1826250000000000.0 159767000000000.0 36095100000000.0 459531000000000.0 3158110000000.0 615923000000.0 3222050000000000.0 1129240000000.0 44617800000.0 488937000000.0 11887100000000.0 155375000000000.0 57701500000000.0 39962800000000.0 344082000000.0 2403240000000.0 -3.42 [-3.42]
1.65962e+17 7.8269e+19 194999000000000.0 1733420000000000.0 145064000000000.0 36739000000000.0 436576000000000.0 2766880000000.0 666179000000.0 3061110000000000.0 943870000000.0 35744100000.0 484786000000.0 11888300000000.0 150263000000000.0 54273500000000.0 35310100000000.0 368182000000.0 2415620000000.0 -3.4 [-3.4]
1.65961e+17 7.42628e+19 193722000000000.0 1644930000000000.0 131606000000000.0 37403800000000.0 414555000000000.0 2422610000000.0 720355000000.0 2906720000000000.0 787841000000.0 28608100000.0 480212000000.0 11888400000000.0 145175000000000.0 50972900000000.0 31158000000000.0 393870000000.0 2426180000000.0 -3.38 [-3.38]
1.65961e+17 7.04731e+19 192435000000000.0 1560560000000000.0 119304000000000.0 38091100000000.0 393428000000000.0 2119890000000.0 778802000000.0 2758540000000000.0 656699000000.0 22875800000.0 475223000000.0 11887900000000.0 140124000000000.0 47805100000000.0 27459600000000.0 421271000000.0 2434840000000.0 -3.36 [-3.36]
1.6596e+17 6.68738e+19 191127000000000.0 1479850000000000.0 108012000000000.0 38793300000000.0 373097000000000.0 1852620000000.0 841661000000.0 2615900000000000.0 546160000000.0 18256700000.0 469876000000.0 11888300000000.0 135107000000000.0 44755600000000.0 24160600000000.0 450429000000.0 2441980000000.0 -3.34 [-3.34]
1.6596e+17 6.34643e+19 189785000000000.0 1402870000000000.0 97695000000000.0 39509100000000.0 353586000000000.0 1617680000000.0 909143000000.0 2478940000000000.0 453426000000.0 14550800000.0 464136000000.0 11888700000000.0 130143000000000.0 41844100000000.0 21231100000000.0 481382000000.0 2447000000000.0 -3.32 [-3.32]
1.65959e+17 6.02309e+19 188434000000000.0 1329370000000000.0 88270200000000.0 40249500000000.0 334834000000000.0 1411240000000.0 982050000000.0 2347130000000000.0 375772000000.0 11582900000.0 458067000000.0 11890000000000.0 125247000000000.0 39059800000000.0 18632500000000.0 514387000000.0 2449990000000.0 -3.3 [-3.3]
1.65959e+17 5.71661e+19 187054000000000.0 1259280000000000.0 79664800000000.0 41002400000000.0 316840000000000.0 1229860000000.0 1060230000000.0 2220540000000000.0 310803000000.0 9206860000.0 451703000000.0 11891800000000.0 120431000000000.0 36406200000000.0 16331900000000.0 549316000000.0 2451110000000.0 -3.28 [-3.28]
1.65959e+17 5.42477e+19 185630000000000.0 1192160000000000.0 71786300000000.0 41762100000000.0 299505000000000.0 1070070000000.0 1144070000000.0 2098490000000000.0 256351000000.0 7300430000.0 445001000000.0 11895200000000.0 115675000000000.0 33875600000000.0 14291900000000.0 586327000000.0 2450090000000.0 -3.26 [-3.26]
1.65959e+17 5.14853e+19 184179000000000.0 1128270000000000.0 64625800000000.0 42535000000000.0 282898000000000.0 930280000000.0 1233960000000.0 1981400000000000.0 211072000000.0 5782510000.0 438030000000.0 11899400000000.0 111021000000000.0 31480200000000.0 12494600000000.0 625450000000.0 2446900000000.0 -3.24 [-3.24]
1.65966e+17 4.88669e+19 182705000000000.0 1067410000000000.0 58111100000000.0 43318700000000.0 266975000000000.0 807833000000.0 1330280000000.0 1868990000000000.0 173422000000.0 4573350000.0 430834000000.0 11905300000000.0 106470000000000.0 29212100000000.0 10911300000000.0 666773000000.0 2441800000000.0 -3.22 [-3.22]
1.65965e+17 4.6381e+19 181186000000000.0 1009370000000000.0 52188300000000.0 44104700000000.0 251692000000000.0 700642000000.0 1433100000000.0 1760970000000000.0 142165000000.0 3611110000.0 423382000000.0 11911800000000.0 102017000000000.0 27068800000000.0 9517920000000.0 710241000000.0 2434390000000.0 -3.2 [-3.2]
1.65963e+17 4.40199e+19 179627000000000.0 954011000000000.0 46804900000000.0 44890500000000.0 237025000000000.0 606818000000.0 1542800000000.0 1657190000000000.0 116251000000.0 2846090000.0 415715000000.0 11919400000000.0 97665700000000.0 25044900000000.0 8292460000000.0 755906000000.0 2424900000000.0 -3.18 [-3.18]
1.65962e+17 4.17838e+19 178046000000000.0 901367000000000.0 41931200000000.0 45679900000000.0 222986000000000.0 524973000000.0 1659850000000.0 1557710000000000.0 94864600000.0 2240260000.0 407889000000.0 11928200000000.0 93435500000000.0 23141300000000.0 7218570000000.0 803838000000.0 2413480000000.0 -3.16 [-3.16]
1.65962e+17 3.96652e+19 176430000000000.0 851320000000000.0 37522500000000.0 46461500000000.0 209557000000000.0 453623000000.0 1784020000000.0 1462470000000000.0 77243500000.0 1760900000.0 399914000000.0 11938100000000.0 89325300000000.0 21355000000000.0 6278410000000.0 853884000000.0 2400180000000.0 -3.14 [-3.14]
1.65961e+17 3.7655e+19 174771000000000.0 803689000000000.0 33533900000000.0 47231000000000.0 196700000000000.0 391420000000.0 1915640000000.0 1371220000000000.0 62740400000.0 1381790000.0 391791000000.0 11948800000000.0 85329600000000.0 19679900000000.0 5455380000000.0 906063000000.0 2384830000000.0 -3.12 [-3.12]
1.6596e+17 3.57464e+19 173074000000000.0 758344000000000.0 29928100000000.0 47987700000000.0 184387000000000.0 337226000000.0 2055240000000.0 1283750000000000.0 50826700000.0 1082370000.0 383545000000.0 11960000000000.0 81449100000000.0 18109700000000.0 4735450000000.0 960415000000.0 2367490000000.0 -3.1 [-3.1]
1.6596e+17 3.39375e+19 171341000000000.0 715271000000000.0 26677600000000.0 48726400000000.0 172624000000000.0 290131000000.0 2202750000000.0 1200110000000000.0 41074500000.0 846536000.0 375209000000.0 11971100000000.0 77691800000000.0 16642900000000.0 4107260000000.0 1016780000000.0 2348280000000.0 -3.08 [-3.08]
1.65959e+17 3.2219e+19 169557000000000.0 674280000000000.0 23745400000000.0 49435300000000.0 161372000000000.0 249183000000.0 2358030000000.0 1120120000000000.0 33099800000.0 660804000.0 366777000000.0 11982100000000.0 74047000000000.0 15272700000000.0 3558730000000.0 1075060000000.0 2327170000000.0 -3.06 [-3.06]
1.65959e+17 3.05879e+19 167730000000000.0 635325000000000.0 21107000000000.0 50113300000000.0 150627000000000.0 213663000000.0 2521340000000.0 1043700000000000.0 26600300000.0 514906000.0 358271000000.0 11992900000000.0 70518800000000.0 13996300000000.0 3080710000000.0 1135220000000.0 2304160000000.0 -3.04 [-3.04]
1.65959e+17 2.90397e+19 165855000000000.0 598316000000000.0 18735600000000.0 50750700000000.0 140377000000000.0 182888000000.0 2692310000000.0 970824000000000.0 21316900000.0 400490000.0 349711000000.0 12002900000000.0 67106400000000.0 12808900000000.0 2664510000000.0 1197040000000.0 2279380000000.0 -3.02 [-3.02]
