Cloudy_runs/pg1222/z=0.054479/logZ=-1/component_IV_PI_nH/component_IV_PI_nH_col_density_param.txt
# %ECSV 1.0
# ---
# datatype:
# - {name: H, datatype: float64}
# - {name: H+, datatype: float64}
# - {name: C+, datatype: float64}
# - {name: C+2, datatype: float64}
# - {name: C+3, datatype: float64}
# - {name: N+, datatype: float64}
# - {name: N+2, datatype: float64}
# - {name: N+4, datatype: float64}
# - {name: O, datatype: float64}
# - {name: O+2, datatype: float64}
# - {name: O+5, datatype: float64}
# - {name: O+6, datatype: float64}
# - {name: P+, datatype: float64}
# - {name: Si+, datatype: float64}
# - {name: Si+2, datatype: float64}
# - {name: Si+3, datatype: float64}
# - {name: Si+4, datatype: float64}
# - {name: Fe+, datatype: float64}
# - {name: Al+, datatype: float64}
# - {name: log_nH, datatype: float64}
# - {name: parameters, datatype: string, subtype: 'float64[1]'}
# schema: astropy-2.0
H H+ C+ C+2 C+3 N+ N+2 N+4 O O+2 O+5 O+6 P+ Si+ Si+2 Si+3 Si+4 Fe+ Al+ log_nH parameters
[from data line 157]
1.6596e+17 1.67225e+18 39854000000000.0 8876610000000.0 3790570000.0 11519600000000.0 183289000000.0 1604010.0 9694350000000.0 1098860000000.0 0.0 0.0 44059000000.0 4940350000000.0 993526000000.0 15343300000.0 252173000.0 2815130000000.0 446642000000.0 -1.86 [-1.86]
1.65961e+17 1.59856e+18 38535000000000.0 8207170000000.0 3254590000.0 11040500000000.0 161319000000.0 0.0 9698890000000.0 965191000000.0 0.0 0.0 42416900000.0 4786720000000.0 910161000000.0 13585700000.0 215659000.0 2782130000000.0 431204000000.0 -1.84 [-1.84]
1.6596e+17 1.5283e+18 37257500000000.0 7588650000000.0 2795840000.0 10581900000000.0 142030000000.0 0.0 9702170000000.0 848048000000.0 0.0 0.0 40842600000.0 4637160000000.0 833658000000.0 12034700000.0 184583000.0 2747940000000.0 416324000000.0 -1.82 [-1.82]
1.65961e+17 1.46161e+18 36026600000000.0 7019430000000.0 2404080000.0 10145100000000.0 125142000000.0 0.0 9704280000000.0 745593000000.0 0.0 0.0 39340200000.0 4492060000000.0 764068000000.0 10669300000.0 158225000.0 2712290000000.0 402057000000.0 -1.8 [-1.8]
1.6596e+17 1.39795e+18 34834400000000.0 6493060000000.0 2068210000.0 9726640000000.0 110293000000.0 0.0 9705280000000.0 655695000000.0 0.0 0.0 37898600000.0 4351000000000.0 700102000000.0 9462740000.0 135733000.0 2675750000000.0 388299000000.0 -1.78 [-1.78]
1.6596e+17 1.33741e+18 33684700000000.0 6008040000000.0 1780870000.0 9327440000000.0 97268600000.0 0.0 9705230000000.0 576967000000.0 0.0 0.0 36520800000.0 4214300000000.0 641728000000.0 8398650000.0 116595000.0 2638200000000.0 375089000000.0 -1.76 [-1.76]
1.6596e+17 1.27964e+18 32572800000000.0 5559740000000.0 1534350000.0 8945360000000.0 85812100000.0 0.0 9704210000000.0 507863000000.0 0.0 0.0 35199800000.0 4081670000000.0 588123000000.0 7457860000.0 100244000.0 2599960000000.0 362365000000.0 -1.74 [-1.74]
1.6596e+17 1.22479e+18 31503700000000.0 5147440000000.0 1323490000.0 8581640000000.0 75769200000.0 0.0 9702280000000.0 447367000000.0 0.0 0.0 33940100000.0 3953570000000.0 539379000000.0 6628510000.0 86329300.0 2560890000000.0 350182000000.0 -1.72 [-1.72]
1.6596e+17 1.17249e+18 30471400000000.0 4766520000000.0 1142430000.0 8233850000000.0 66933900000.0 0.0 9699470000000.0 394228000000.0 0.0 0.0 32733700000.0 3829410000000.0 494819000000.0 5894850000.0 74434900.0 2521010000000.0 338467000000.0 -1.7 [-1.7]
1.6596e+17 1.12265e+18 29475900000000.0 4415090000000.0 987032000.0 7901610000000.0 59162200000.0 0.0 9695820000000.0 347593000000.0 0.0 0.0 31579200000.0 3709420000000.0 453985000000.0 5246030000.0 64256600.0 2480820000000.0 327210000000.0 -1.68 [-1.68]
1.6596e+17 1.07515e+18 28516400000000.0 4090720000000.0 853541000.0 7584240000000.0 52323000000.0 0.0 9691410000000.0 306626000000.0 0.0 0.0 30474700000.0 3593440000000.0 416666000000.0 4671910000.0 55543500.0 2440160000000.0 316399000000.0 -1.66 [-1.66]
1.6596e+17 1.0299e+18 27592200000000.0 3791490000000.0 738836000.0 7281180000000.0 46304000000.0 0.0 9686230000000.0 270648000000.0 0.0 0.0 29418400000.0 3481470000000.0 382542000000.0 4163770000.0 48077600.0 2399250000000.0 306023000000.0 -1.64 [-1.64]
1.6596e+17 9.86769e+17 26701800000000.0 3515290000000.0 640162000.0 6991680000000.0 41002400000.0 0.0 9680380000000.0 239021000000.0 0.0 0.0 28408000000.0 3373390000000.0 351341000000.0 3713630000.0 41672000.0 2358120000000.0 296061000000.0 -1.62 [-1.62]
1.6596e+17 9.45667e+17 25844700000000.0 3260410000000.0 555242000.0 6715220000000.0 36331800000.0 0.0 9673840000000.0 211217000000.0 0.0 0.0 27441800000.0 3269140000000.0 322827000000.0 3314770000.0 36171700.0 2316870000000.0 286503000000.0 -1.6 [-1.6]
1.6596e+17 9.06463e+17 25019200000000.0 3025020000000.0 482066000.0 6450980000000.0 32212800000.0 0.0 9666660000000.0 186752000000.0 0.0 0.0 26517100000.0 3168590000000.0 296723000000.0 2960940000.0 31439900.0 2275620000000.0 277326000000.0 -1.58 [-1.58]
1.6596e+17 8.69079e+17 24224500000000.0 2807650000000.0 418969000.0 6198500000000.0 28579200000.0 0.0 9658870000000.0 165216000000.0 0.0 0.0 25632600000.0 3071660000000.0 272854000000.0 2646950000.0 27366300.0 2234410000000.0 268520000000.0 -1.56 [-1.56]
1.6596e+17 8.33445e+17 23460100000000.0 2607010000000.0 364539000.0 5957380000000.0 25373100000.0 0.0 9650520000000.0 146258000000.0 0.0 0.0 24787000000.0 2978330000000.0 251022000000.0 2368240000.0 23855700.0 2193380000000.0 260076000000.0 -1.54 [-1.54]
1.6596e+17 7.99444e+17 22724400000000.0 2421590000000.0 317515000.0 5726860000000.0 22541000000.0 0.0 9641630000000.0 129550000000.0 0.0 0.0 23977800000.0 2888400000000.0 231047000000.0 2120520000.0 20825400.0 2152540000000.0 251972000000.0 -1.52 [-1.52]
1.6596e+17 7.66999e+17 22016400000000.0 2250250000000.0 276860000.0 5506460000000.0 20038100000.0 0.0 9632200000000.0 114821000000.0 0.0 0.0 23203400000.0 2801820000000.0 212744000000.0 1900260000.0 18205800.0 2112010000000.0 244195000000.0 -1.5 [-1.5]
1.6596e+17 7.36069e+17 21336000000000.0 2092020000000.0 241699000.0 5295960000000.0 17826200000.0 0.0 9622290000000.0 101835000000.0 0.0 0.0 22463300000.0 2718540000000.0 196015000000.0 1704370000.0 15940700.0 2071800000000.0 236742000000.0 -1.48 [-1.48]
1.6596e+17 7.06534e+17 20681100000000.0 1945670000000.0 211233000.0 5094560000000.0 15868500000.0 0.0 9611900000000.0 90371600000.0 0.0 0.0 21754800000.0 2638370000000.0 180679000000.0 1529890000.0 13977100.0 2031980000000.0 229589000000.0 -1.46 [-1.46]
1.6596e+17 6.78358e+17 20051600000000.0 1810410000000.0 184829000.0 4902070000000.0 14136100000.0 0.0 9601050000000.0 80252500000.0 0.0 0.0 21077200000.0 2561280000000.0 166644000000.0 1374470000.0 12274200.0 1992610000000.0 222731000000.0 -1.44 [-1.44]
1.6596e+17 6.51445e+17 19445900000000.0 1685230000000.0 161906000.0 4717850000000.0 12600800000.0 0.0 9589780000000.0 71308700000.0 0.0 0.0 20428500000.0 2487100000000.0 153772000000.0 1235850000.0 10794200.0 1953760000000.0 216150000000.0 -1.42 [-1.42]
1.6596e+17 6.2578e+17 18864200000000.0 1569550000000.0 142008000.0 4541850000000.0 11241100000.0 0.0 9578120000000.0 63407900000.0 0.0 0.0 19808600000.0 2415860000000.0 141996000000.0 1112240000.0 9507870.0 1915490000000.0 209846000000.0 -1.4 [-1.4]
1.6596e+17 6.01222e+17 18303800000000.0 1462300000000.0 124683000.0 4373090000000.0 10033400000.0 0.0 9566060000000.0 56412900000.0 0.0 0.0 19214100000.0 2347260000000.0 131151000000.0 1001740000.0 8385450.0 1877830000000.0 203787000000.0 -1.38 [-1.38]
1.6596e+17 5.77797e+17 17765600000000.0 1363110000000.0 109613000.0 4211810000000.0 8962660000.0 0.0 9553660000000.0 50225700000.0 0.0 0.0 18645900000.0 2281380000000.0 121239000000.0 903063000.0 7407620.0 1840780000000.0 197985000000.0 -1.36 [-1.36]
1.6596e+17 5.55412e+17 17248100000000.0 1271240000000.0 96480000.0 4057370000000.0 8011590000.0 0.0 9540900000000.0 44746600000.0 0.0 0.0 18101900000.0 2218060000000.0 112134000000.0 814803000.0 6553240.0 1804430000000.0 192417000000.0 -1.34 [-1.34]
1.6596e+17 5.34017e+17 16750300000000.0 1186090000000.0 85019800.0 3909460000000.0 7166110000.0 0.0 9527830000000.0 39890800000.0 0.0 0.0 17580900000.0 2157190000000.0 103766000000.0 735795000.0 5805640.0 1768790000000.0 187076000000.0 -1.32 [-1.32]
1.6596e+17 5.13554e+17 16271200000000.0 1107130000000.0 75008300.0 3767700000000.0 6414040000.0 0.0 9514410000000.0 35584200000.0 0.0 0.0 17081800000.0 2098660000000.0 96076300000.0 665003000.0 5150610.0 1733840000000.0 181948000000.0 -1.3 [-1.3]
1.6596e+17 4.94e+17 15810700000000.0 1033940000000.0 66256900.0 3631950000000.0 5744970000.0 0.0 9500730000000.0 31764300000.0 0.0 0.0 16604000000.0 2042440000000.0 89014200000.0 601554000.0 4576220.0 1699640000000.0 177031000000.0 -1.28 [-1.28]
1.6596e+17 4.75328e+17 15368500000000.0 966134000000.0 58603800.0 3502030000000.0 5149640000.0 0.0 9486800000000.0 28375800000.0 0.0 0.0 16147000000.0 1988500000000.0 82527500000.0 544676000.0 4072090.0 1666250000000.0 172320000000.0 -1.26 [-1.26]
1.6596e+17 4.57439e+17 14942400000000.0 903108000000.0 51890000.0 3377290000000.0 4618570000.0 0.0 9472590000000.0 25362600000.0 0.0 0.0 15708600000.0 1936570000000.0 76550100000.0 493554000.0 3628180.0 1633560000000.0 167792000000.0 -1.24 [-1.24]
1.6596e+17 4.40332e+17 14532600000000.0 844616000000.0 46001800.0 3257710000000.0 4145110000.0 0.0 9458160000000.0 22685100000.0 0.0 0.0 15288600000.0 1886700000000.0 71047200000.0 447626000.0 3237240.0 1601660000000.0 163448000000.0 -1.22 [-1.22]
1.6596e+17 4.23968e+17 14138500000000.0 790302000000.0 40831400.0 3143060000000.0 3722740000.0 0.0 9443500000000.0 20303900000.0 0.0 0.0 14886300000.0 1838790000000.0 65984000000.0 406327000.0 2892510.0 1570530000000.0 159280000000.0 -1.2 [-1.2]
1.6596e+17 4.08309e+17 13759400000000.0 739840000000.0 36285700.0 3033090000000.0 3345640000.0 0.0 9428650000000.0 18184900000.0 0.0 0.0 14500800000.0 1792760000000.0 61320800000.0 369158000.0 2588080.0 1540180000000.0 155280000000.0 -1.18 [-1.18]
1.6596e+17 3.93333e+17 13394800000000.0 692967000000.0 32286300.0 2927660000000.0 3008890000.0 0.0 9413610000000.0 16298500000.0 0.0 0.0 14131700000.0 1748570000000.0 57028100000.0 335691000.0 2318970.0 1510610000000.0 151445000000.0 -1.16 [-1.16]
1.6596e+17 3.78967e+17 13043400000000.0 649302000000.0 28758300.0 2826260000000.0 2707460000.0 0.0 9398380000000.0 14615900000.0 0.0 0.0 13777100000.0 1706030000000.0 53057200000.0 305492000.0 2080370.0 1481780000000.0 147755000000.0 -1.14 [-1.14]
1.6596e+17 3.6522e+17 12705300000000.0 608708000000.0 25647400.0 2728990000000.0 2437910000.0 0.0 9383010000000.0 13116300000.0 0.0 0.0 13437400000.0 1665180000000.0 49396100000.0 278257000.0 1868890.0 1453730000000.0 144216000000.0 -1.12 [-1.12]
1.6596e+17 3.52064e+17 12380100000000.0 570950000000.0 22901000.0 2635640000000.0 2196700000.0 0.0 9367520000000.0 11778900000.0 0.0 0.0 13111900000.0 1625960000000.0 46019700000.0 253674000.0 1681200.0 1426460000000.0 140821000000.0 -1.1 [-1.1]
1.6596e+17 3.39448e+17 12066800000000.0 535760000000.0 20471500.0 2545890000000.0 1980520000.0 0.0 9351890000000.0 10584300000.0 0.0 0.0 12799500000.0 1588230000000.0 42897400000.0 231450000.0 1514230.0 1399920000000.0 137557000000.0 -1.08 [-1.08]
1.6596e+17 3.27349e+17 11764800000000.0 502951000000.0 18319900.0 2459580000000.0 1786610000.0 0.0 9336140000000.0 9516470000.0 0.0 0.0 12499500000.0 1551940000000.0 40006800000.0 211341000.0 1365510.0 1374110000000.0 134420000000.0 -1.06 [-1.06]
1.6596e+17 3.15766e+17 11474200000000.0 472398000000.0 16414300.0 2376700000000.0 1612750000.0 0.0 9320330000000.0 8562080000.0 0.0 0.0 12212000000.0 1517100000000.0 37337800000.0 193150000.0 1233030.0 1349060000000.0 131411000000.0 -1.04 [-1.04]
1.6596e+17 3.04646e+17 11193900000000.0 443869000000.0 14722500.0 2296920000000.0 1456550000.0 0.0 9304380000000.0 7707490000.0 0.0 0.0 11935800000.0 1483560000000.0 34864400000.0 176660000.0 1114710.0 1324690000000.0 128515000000.0 -1.02 [-1.02]
1.6596e+17 2.93977e+17 10923600000000.0 417241000000.0 13219400.0 2220140000000.0 1316230000.0 0.0 9288390000000.0 6942480000.0 0.0 0.0 11670500000.0 1451300000000.0 32571900000.0 161706000.0 1008930.0 1301030000000.0 125732000000.0 -1.0 [-1.0]
1.6596e+17 2.83758e+17 10663500000000.0 392418000000.0 11883900.0 2146390000000.0 1190230000.0 0.0 9272360000000.0 6257930000.0 0.0 0.0 11416200000.0 1420320000000.0 30453000000.0 148147000.0 914357.0 1278080000000.0 123060000000.0 -0.98 [-0.98]
1.6596e+17 2.73978e+17 10413200000000.0 369291000000.0 10696700.0 2075580000000.0 1077090000.0 0.0 9256320000000.0 5645340000.0 0.0 0.0 11172500000.0 1390610000000.0 28493900000.0 135848000.0 829737.0 1255860000000.0 120499000000.0 -0.96 [-0.96]
1.6596e+17 2.64562e+17 10171100000000.0 347613000000.0 9636560.0 2007210000000.0 975068000.0 0.0 9240220000000.0 5094970000.0 0.0 0.0 10937800000.0 1361930000000.0 26670000000.0 124652000.0 753686.0 1234240000000.0 118029000000.0 -0.94 [-0.94]
1.6596e+17 2.55506e+17 9937170000000.0 327320000000.0 8690020.0 1941240000000.0 883109000.0 0.0 9224070000000.0 4600810000.0 0.0 0.0 10711800000.0 1334290000000.0 24970600000.0 114461000.0 685318.0 1213240000000.0 115649000000.0 -0.92 [-0.92]
1.6596e+17 2.46828e+17 9711790000000.0 308369000000.0 7845360.0 1877820000000.0 800356000.0 0.0 9207940000000.0 4157470000.0 0.0 0.0 10495100000.0 1307750000000.0 23398800000.0 105191000.0 623908.0 1192900000000.0 113364000000.0 -0.9 [-0.9]
1.6596e+17 2.38483e+17 9494010000000.0 290621000000.0 7089790.0 1816640000000.0 725692000.0 0.0 9191810000000.0 3759020000.0 0.0 0.0 10286600000.0 1282180000000.0 21933400000.0 96743100.0 568587.0 1173170000000.0 111164000000.0 -0.88 [-0.88]
1.6596e+17 2.30475e+17 9283920000000.0 274019000000.0 6413800.0 1757750000000.0 658386000.0 0.0 9175700000000.0 3400950000.0 0.0 0.0 10086300000.0 1257600000000.0 20574600000.0 89043400.0 518756.0 1154050000000.0 109049000000.0 -0.86 [-0.86]
1.6596e+17 2.22773e+17 9080830000000.0 258456000000.0 5807830.0 1700920000000.0 597600000.0 0.0 9159630000000.0 3078710000.0 0.0 0.0 9893600000.0 1233910000000.0 19308200000.0 82015200.0 473770.0 1135500000000.0 107012000000.0 -0.84 [-0.84]
1.6596e+17 2.15374e+17 8884690000000.0 243879000000.0 5264410.0 1646150000000.0 542718000.0 0.0 9143590000000.0 2788720000.0 0.0 0.0 9708330000.0 1211110000000.0 18130700000.0 75598600.0 433143.0 1117520000000.0 105053000000.0 -0.82 [-0.82]
1.6596e+17 2.08254e+17 8694940000000.0 230200000000.0 4776250.0 1593260000000.0 493088000.0 0.0 9127580000000.0 2527430000.0 0.0 0.0 9529910000.0 1189140000000.0 17031100000.0 69732500.0 396382.0 1100090000000.0 103164000000.0 -0.8 [-0.8]
1.6596e+17 2.01408e+17 8511530000000.0 217373000000.0 4337560.0 1542240000000.0 448214000.0 0.0 9111640000000.0 2291990000.0 0.0 0.0 9358270000.0 1167980000000.0 16005500000.0 64368400.0 363104.0 1083210000000.0 101346000000.0 -0.78 [-0.78]
1.6596e+17 1.94826e+17 8334190000000.0 205337000000.0 3942860.0 1493020000000.0 407627000.0 0.0 9095780000000.0 2079680000.0 0.0 0.0 9193130000.0 1147600000000.0 15050600000.0 59459100.0 332948.0 1066850000000.0 99596200000.0 -0.76 [-0.76]
1.6596e+17 1.88492e+17 8162610000000.0 194036000000.0 3587360.0 1445500000000.0 370884000.0 0.0 9079990000000.0 1888090000.0 0.0 0.0 9034160000.0 1127970000000.0 14159200000.0 54962500.0 305588.0 1050990000000.0 97910100000.0 -0.74 [-0.74]
1.6596e+17 1.82397e+17 7996530000000.0 183419000000.0 3266850.0 1399620000000.0 337603000.0 0.0 9064280000000.0 1715110000.0 0.0 0.0 8881080000.0 1109040000000.0 13326900000.0 50840600.0 280737.0 1035630000000.0 96285500000.0 -0.72 [-0.72]
1.65959e+17 1.76525e+17 7835610000000.0 173435000000.0 2977500.0 1355270000000.0 307429000.0 0.0 9048640000000.0 1558770000.0 0.0 0.0 8733520000.0 1090790000000.0 12548000000.0 47058400.0 258134.0 1020730000000.0 94718600000.0 -0.7 [-0.7]
1.6596e+17 1.70872e+17 7679770000000.0 164048000000.0 2716110.0 1312430000000.0 280072000.0 0.0 9033130000000.0 1417440000.0 0.0 0.0 8591390000.0 1073190000000.0 11820500000.0 43586500.0 237565.0 1006300000000.0 93208500000.0 -0.68 [-0.68]
1.65959e+17 1.65427e+17 7528750000000.0 155217000000.0 2479780.0 1271020000000.0 255251000.0 0.0 9017690000000.0 1289620000.0 0.0 0.0 8454420000.0 1056220000000.0 11138900000.0 40397200.0 218825.0 992314000000.0 91752200000.0 -0.66 [-0.66]
1.65959e+17 1.60188e+17 7382530000000.0 146915000000.0 2265990.0 1231060000000.0 232741000.0 0.0 9002400000000.0 1174000000.0 0.0 0.0 8322570000.0 1039860000000.0 10502900000.0 37466400.0 201746.0 978776000000.0 90349700000.0 -0.64 [-0.64]
1.65959e+17 1.55135e+17 7240640000000.0 139092000000.0 2072250.0 1192380000000.0 212286000.0 0.0 8987220000000.0 1069260000.0 0.0 0.0 8195360000.0 1024080000000.0 9905740000.0 34769500.0 186149.0 965652000000.0 88995800000.0 -0.62 [-0.62]
1.65959e+17 1.50265e+17 7103000000000.0 131723000000.0 1896570.0 1154980000000.0 193702000.0 0.0 8972160000000.0 974360000.0 0.0 0.0 8072700000.0 1008850000000.0 9346170000.0 32286700.0 171900.0 952934000000.0 87689600000.0 -0.6 [-0.6]
