Cloudy_runs/pg1259/z=0.046284/logZ=-1/component_III_PI_nH/component_III_PI_nH_col_density_param.txt
# %ECSV 1.0
# ---
# datatype:
# - {name: H, datatype: float64}
# - {name: H+, datatype: float64}
# - {name: C+, datatype: float64}
# - {name: C+2, datatype: float64}
# - {name: C+3, datatype: float64}
# - {name: N+, datatype: float64}
# - {name: N+2, datatype: float64}
# - {name: N+4, datatype: float64}
# - {name: O, datatype: float64}
# - {name: O+2, datatype: float64}
# - {name: O+5, datatype: float64}
# - {name: O+6, datatype: float64}
# - {name: P+, datatype: float64}
# - {name: Si+, datatype: float64}
# - {name: Si+2, datatype: float64}
# - {name: Si+3, datatype: float64}
# - {name: Si+4, datatype: float64}
# - {name: Fe+, datatype: float64}
# - {name: Al+, datatype: float64}
# - {name: log_nH, datatype: float64}
# - {name: parameters, datatype: string, subtype: 'float64[1]'}
# schema: astropy-2.0
H H+ C+ C+2 C+3 N+ N+2 N+4 O O+2 O+5 O+6 P+ Si+ Si+2 Si+3 Si+4 Fe+ Al+ log_nH parameters
[from data line 56]
724435000000000.0 1.0394e+18 800929000000.0 17013000000000.0 6015100000000.0 92701500000.0 3667610000000.0 395172000000.0 275430000.0 16650200000000.0 456825000000.0 49700300000.0 1546230000.0 31623700000.0 665284000000.0 484300000000.0 1545980000000.0 133576000.0 2271470000.0 -3.88 [-3.88]
724435000000000.0 9.87265e+17 806981000000.0 16504300000000.0 5595070000000.0 95121600000.0 3584290000000.0 350081000000.0 308402000.0 16542800000000.0 391779000000.0 40857200000.0 1598860000.0 32896300000.0 682505000000.0 482786000000.0 1445600000000.0 149972000.0 2432330000.0 -3.86 [-3.86]
724435000000000.0 9.37745e+17 812387000000.0 15993200000000.0 5197080000000.0 97573200000.0 3499020000000.0 309692000000.0 345116000.0 16417300000000.0 335463000000.0 33530300000.0 1648970000.0 34130300000.0 697986000000.0 479803000000.0 1347240000000.0 168150000.0 2599370000.0 -3.84 [-3.84]
724435000000000.0 8.90754e+17 817097000000.0 15481700000000.0 4821300000000.0 100051000000.0 3412130000000.0 273617000000.0 385915000.0 16273800000000.0 286832000000.0 27474900000.0 1696130000.0 35314900000.0 711565000000.0 475419000000.0 1251510000000.0 188248000.0 2772010000.0 -3.82 [-3.82]
724435000000000.0 8.46104e+17 821317000000.0 14971500000000.0 4466120000000.0 102576000000.0 3323840000000.0 241372000000.0 431290000.0 16112500000000.0 244813000000.0 22470500000.0 1740660000.0 36454600000.0 723234000000.0 469594000000.0 1158720000000.0 210486000.0 2950640000.0 -3.8 [-3.8]
724435000000000.0 8.03611e+17 824920000000.0 14462500000000.0 4131020000000.0 105137000000.0 3234150000000.0 212587000000.0 481733000.0 15932800000000.0 208545000000.0 18338100000.0 1782040000.0 37540100000.0 732818000000.0 462421000000.0 1069180000000.0 235079000.0 3134760000.0 -3.78 [-3.78]
724435000000000.0 7.63313e+17 827941000000.0 13958100000000.0 3816440000000.0 107734000000.0 3143700000000.0 187011000000.0 537608000.0 15736100000000.0 177387000000.0 14942200000.0 1820090000.0 38563300000.0 740289000000.0 454025000000.0 983485000000.0 262151000.0 3323450000.0 -3.76 [-3.76]
724436000000000.0 7.25093e+17 830394000000.0 13459500000000.0 3521670000000.0 110367000000.0 3052720000000.0 164322000000.0 599423000.0 15522800000000.0 150656000000.0 12155800000.0 1854670000.0 39520800000.0 745617000000.0 444507000000.0 901906000000.0 291908000.0 3516160000.0 -3.74 [-3.74]
724436000000000.0 6.88692e+17 832400000000.0 12966000000000.0 3244550000000.0 113043000000.0 2961050000000.0 144136000000.0 667972000.0 15292000000000.0 127670000000.0 9864970000.0 1886100000.0 40420800000.0 748821000000.0 433848000000.0 824354000000.0 324709000.0 3713510000.0 -3.72 [-3.72]
724436000000000.0 6.5417e+17 833883000000.0 12480500000000.0 2985770000000.0 115759000000.0 2869310000000.0 126288000000.0 743637000.0 15045500000000.0 108021000000.0 7992620000.0 1913960000.0 41251700000.0 749903000000.0 422277000000.0 751274000000.0 360664000.0 3913850000.0 -3.7 [-3.7]
724435000000000.0 6.21381e+17 834895000000.0 12003100000000.0 2744100000000.0 118522000000.0 2777580000000.0 110505000000.0 827147000.0 14783400000000.0 91228600000.0 6462990000.0 1938340000.0 42016800000.0 748915000000.0 409871000000.0 682652000000.0 400073000.0 4116950000.0 -3.68 [-3.68]
724436000000000.0 5.90241e+17 835462000000.0 11534800000000.0 2518770000000.0 121333000000.0 2686070000000.0 96570500000.0 919200000.0 14506300000000.0 76903400000.0 5215760000.0 1959280000.0 42716800000.0 745929000000.0 396748000000.0 618521000000.0 443204000.0 4322220000.0 -3.66 [-3.66]
724436000000000.0 5.60666e+17 835602000000.0 11076100000000.0 2309010000000.0 124196000000.0 2594980000000.0 84286600000.0 1020530000.0 14215000000000.0 64705300000.0 4200810000.0 1976800000.0 43353200000.0 741031000000.0 383031000000.0 558860000000.0 490338000.0 4529000000.0 -3.64 [-3.64]
724435000000000.0 5.32577e+17 835336000000.0 10627700000000.0 2114040000000.0 127111000000.0 2504480000000.0 73473700000.0 1131930000.0 13910100000000.0 54337300000.0 3376510000.0 1990950000.0 43928400000.0 734328000000.0 368837000000.0 503598000000.0 541768000.0 4736610000.0 -3.62 [-3.62]
724436000000000.0 5.05899e+17 834684000000.0 10189900000000.0 1933070000000.0 130081000000.0 2414740000000.0 63969500000.0 1254240000.0 13592700000000.0 45541400000.0 2708400000.0 2001820000.0 44445100000.0 725938000000.0 354283000000.0 452627000000.0 597805000.0 4944370000.0 -3.6 [-3.6]
724436000000000.0 4.80565e+17 833666000000.0 9763400000000.0 1765380000000.0 133107000000.0 2325940000000.0 55628400000.0 1388310000.0 13263500000000.0 38094300000.0 2168050000.0 2009480000.0 44906600000.0 715992000000.0 339484000000.0 405806000000.0 658757000.0 5151550000.0 -3.58 [-3.58]
724436000000000.0 4.56504e+17 832296000000.0 9348310000000.0 1610200000000.0 136191000000.0 2238210000000.0 48318100000.0 1535090000.0 12923600000000.0 31801200000.0 1731910000.0 2014030000.0 45316800000.0 704625000000.0 324544000000.0 362963000000.0 724954000.0 5357420000.0 -3.56 [-3.56]
724435000000000.0 4.33655e+17 830593000000.0 8944920000000.0 1466810000000.0 139333000000.0 2151690000000.0 41920200000.0 1695530000.0 12573800000000.0 26493900000.0 1380630000.0 2015600000.0 45679900000.0 691980000000.0 309563000000.0 323903000000.0 796731000.0 5561270000.0 -3.54 [-3.54]
724435000000000.0 4.11955e+17 828569000000.0 8553380000000.0 1334500000000.0 142534000000.0 2066510000000.0 36328200000.0 1870650000.0 12215400000000.0 22027000000.0 1098300000.0 2014280000.0 46000100000.0 678199000000.0 294630000000.0 288417000000.0 874429000.0 5762350000.0 -3.52 [-3.52]
724435000000000.0 3.91347e+17 826238000000.0 8173810000000.0 1212590000000.0 145795000000.0 1982770000000.0 31447400000.0 2061500000.0 11849200000000.0 18275200000.0 871874000.0 2010210000.0 46281800000.0 663423000000.0 279829000000.0 256286000000.0 958392000.0 5959940000.0 -3.5 [-3.5]
724435000000000.0 3.71777e+17 823613000000.0 7806270000000.0 1100410000000.0 149114000000.0 1900580000000.0 27192800000.0 2269160000.0 11476600000000.0 15130600000.0 690678000.0 2003510000.0 46529500000.0 647794000000.0 265233000000.0 227285000000.0 1048970000.0 6153330000.0 -3.48 [-3.48]
724435000000000.0 3.53191e+17 820701000000.0 7450740000000.0 997341000000.0 152492000000.0 1820010000000.0 23488800000.0 2494760000.0 11098500000000.0 12500500000.0 545989000.0 1994310000.0 46747300000.0 631443000000.0 250908000000.0 201187000000.0 1146500000.0 6341770000.0 -3.46 [-3.46]
724436000000000.0 3.35538e+17 817512000000.0 7107160000000.0 902760000000.0 155925000000.0 1741140000000.0 20267900000.0 2739470000.0 10716000000000.0 10305300000.0 430698000.0 1982740000.0 46939500000.0 614497000000.0 236908000000.0 177766000000.0 1251330000.0 6524590000.0 -3.44 [-3.44]
724435000000000.0 3.18777e+17 814059000000.0 6775530000000.0 816104000000.0 159414000000.0 1664060000000.0 17471100000.0 3004420000.0 10330400000000.0 8477330000.0 339049000.0 1968940000.0 47110100000.0 597086000000.0 223281000000.0 156808000000.0 1363780000.0 6701150000.0 -3.42 [-3.42]
724435000000000.0 3.02899e+17 810363000000.0 6456530000000.0 736992000000.0 162953000000.0 1588990000000.0 15050000000.0 3290320000.0 9943850000000.0 6961280000.0 266480000.0 1953100000.0 47261000000.0 579379000000.0 210103000000.0 138133000000.0 1483910000.0 6870480000.0 -3.4 [-3.4]
724435000000000.0 2.87746e+17 806392000000.0 6147560000000.0 664384000000.0 166540000000.0 1515430000000.0 12943500000.0 3599820000.0 9554310000000.0 5699270000.0 208810000.0 1935210000.0 47401300000.0 561313000000.0 197297000000.0 121440000000.0 1612760000.0 7033060000.0 -3.38 [-3.38]
724436000000000.0 2.73394e+17 802186000000.0 5850870000000.0 598295000000.0 170168000000.0 1443970000000.0 11124600000.0 3932640000.0 9166000000000.0 4657560000.0 163364000.0 1915530000.0 47528300000.0 543150000000.0 184996000000.0 106636000000.0 1749870000.0 7187220000.0 -3.36 [-3.36]
724435000000000.0 2.59798e+17 797750000000.0 5566210000000.0 538215000000.0 173833000000.0 1374620000000.0 9555480000.0 4289830000.0 8779970000000.0 3799360000.0 127613000.0 1894210000.0 47645100000.0 524977000000.0 173214000000.0 93533400000.0 1895410000.0 7332510000.0 -3.34 [-3.34]
724435000000000.0 2.46854e+17 793062000000.0 5291840000000.0 483425000000.0 177525000000.0 1307060000000.0 8197320000.0 4673700000.0 8395160000000.0 3091050000.0 99435900.0 1871240000.0 47757700000.0 506761000000.0 161900000000.0 81914700000.0 2050190000.0 7469060000.0 -3.32 [-3.32]
724435000000000.0 2.34529e+17 788118000000.0 5027590000000.0 433539000000.0 181236000000.0 1241310000000.0 7023300000.0 5085490000.0 8012550000000.0 2508000000.0 77285100.0 1846730000.0 47868300000.0 488571000000.0 151064000000.0 71632500000.0 2214430000.0 7596360000.0 -3.3 [-3.3]
724435000000000.0 2.22857e+17 782962000000.0 4774680000000.0 388393000000.0 184959000000.0 1177710000000.0 6013950000.0 5524870000.0 7635230000000.0 2031170000.0 59981800.0 1820960000.0 47974900000.0 470585000000.0 140768000000.0 62585000000.0 2387570000.0 7713570000.0 -3.28 [-3.28]
724435000000000.0 2.11773e+17 777573000000.0 4532110000000.0 347499000000.0 188680000000.0 1116120000000.0 5145000000.0 5993400000.0 7263020000000.0 1641220000.0 46462400.0 1793960000.0 48080900000.0 452801000000.0 130982000000.0 54620400000.0 2570010000.0 7820580000.0 -3.26 [-3.26]
724435000000000.0 2.01248e+17 771959000000.0 4299620000000.0 310507000000.0 192388000000.0 1056510000000.0 4397600000.0 6491970000.0 6896780000000.0 1323070000.0 35921400.0 1765850000.0 48187400000.0 435264000000.0 121700000000.0 47619800000.0 2761740000.0 7917150000.0 -3.24 [-3.24]
724436000000000.0 1.91253e+17 766119000000.0 4076970000000.0 277095000000.0 196069000000.0 998891000000.0 3755380000.0 7021260000.0 6537320000000.0 1064120000.0 27720200.0 1736740000.0 48295000000.0 418018000000.0 112916000000.0 41475600000.0 2962700000.0 8003030000.0 -3.22 [-3.22]
724435000000000.0 1.81786e+17 760067000000.0 3864410000000.0 247026000000.0 199710000000.0 943385000000.0 3205140000.0 7580940000.0 6186220000000.0 854226000.0 21363000.0 1706800000.0 48403100000.0 401139000000.0 104643000000.0 36099900000.0 3172400000.0 8077800000.0 -3.2 [-3.2]
724436000000000.0 1.72771e+17 753776000000.0 3660510000000.0 219877000000.0 203287000000.0 889697000000.0 2732040000.0 8173230000.0 5842370000000.0 683809000.0 16425300.0 1675980000.0 48514700000.0 384561000000.0 96821000000.0 31383900000.0 3391430000.0 8141800000.0 -3.18 [-3.18]
724436000000000.0 1.6421e+17 747264000000.0 3465590000000.0 195463000000.0 206786000000.0 837959000000.0 2326600000.0 8797450000.0 5507330000000.0 546091000.0 12606500.0 1644450000.0 48628100000.0 368357000000.0 89461100000.0 27260600000.0 3619120000.0 8194740000.0 -3.16 [-3.16]
724436000000000.0 1.5608e+17 740532000000.0 3279380000000.0 173539000000.0 210188000000.0 788156000000.0 1979460000.0 9453570000.0 5181650000000.0 435069000.0 9658930.0 1612320000.0 48742900000.0 352547000000.0 82548800000.0 23659500000.0 3855120000.0 8236600000.0 -3.14 [-3.14]
724435000000000.0 1.48359e+17 733584000000.0 3101600000000.0 153880000000.0 213470000000.0 740270000000.0 1682490000.0 10141300000.0 4865870000000.0 345788000.0 7388140.0 1579670000.0 48858600000.0 337145000000.0 76067900000.0 20517900000.0 4099000000.0 8267440000.0 -3.12 [-3.12]
724436000000000.0 1.41028e+17 726423000000.0 2932000000000.0 136280000000.0 216611000000.0 694287000000.0 1428680000.0 10860200000.0 4560460000000.0 274172000.0 5642160.0 1546590000.0 48974000000.0 322166000000.0 70002400000.0 17780100000.0 4350240000.0 8287370000.0 -3.1 [-3.1]
724435000000000.0 1.34064e+17 719043000000.0 2770230000000.0 120541000000.0 219588000000.0 650172000000.0 1211910000.0 11609500000.0 4265700000000.0 216855000.0 4301810.0 1513140000.0 49089000000.0 307608000000.0 64334800000.0 15396000000.0 4608420000.0 8296350000.0 -3.08 [-3.08]
724436000000000.0 1.27451e+17 711453000000.0 2616060000000.0 106489000000.0 222377000000.0 607912000000.0 1026950000.0 12388100000.0 3982000000000.0 171104000.0 3274880.0 1479410000.0 49201900000.0 293482000000.0 59047800000.0 13322100000.0 4872840000.0 8294650000.0 -3.06 [-3.06]
724436000000000.0 1.21169e+17 703655000000.0 2469230000000.0 93960300000.0 224954000000.0 567486000000.0 869283000.0 13194500000.0 3709620000000.0 134676000.0 2489430.0 1445470000.0 49311300000.0 279793000000.0 54123900000.0 11519600000.0 5142820000.0 8282480000.0 -3.04 [-3.04]
724435000000000.0 1.15187e+17 695628000000.0 2329050000000.0 82781200000.0 227286000000.0 528771000000.0 734729000.0 14028600000.0 3448130000000.0 105692000.0 1888600.0 1411300000.0 49417100000.0 266497000000.0 49533300000.0 9951220000.0 5418220000.0 8259940000.0 -3.02 [-3.02]
724436000000000.0 1.09539e+17 687458000000.0 2196500000000.0 72890300000.0 229378000000.0 492044000000.0 620760000.0 14884100000.0 3199660000000.0 82827400.0 1432570.0 1377280000.0 49512900000.0 253724000000.0 45294900000.0 8596170000.0 5696400000.0 8227840000.0 -3.0 [-3.0]
724435000000000.0 1.04142e+17 679036000000.0 2069710000000.0 64066100000.0 231168000000.0 456889000000.0 523448000.0 15764500000.0 2961740000000.0 64685300.0 1083970.0 1343040000.0 49603300000.0 241301000000.0 41344600000.0 7416160000.0 5979080000.0 8185720000.0 -2.98 [-2.98]
724436000000000.0 9.90459e+16 670477000000.0 1949930000000.0 56279200000.0 232673000000.0 423639000000.0 441177000.0 16661400000.0 2736780000000.0 50443800.0 0.0 1309050000.0 49681000000.0 229384000000.0 37708300000.0 6398030000.0 6262990000.0 8134690000.0 -2.96 [-2.96]
724436000000000.0 9.41913e+16 661707000000.0 1835850000000.0 49368300000.0 233843000000.0 392014000000.0 371233000.0 17576200000.0 2523100000000.0 39224200.0 0.0 1275090000.0 49747700000.0 217855000000.0 34339200000.0 5514630000.0 6549020000.0 8074570000.0 -2.94 [-2.94]
724435000000000.0 8.95799e+16 652758000000.0 1727570000000.0 43257500000.0 234669000000.0 362065000000.0 311971000.0 18504700000.0 2321180000000.0 30426700.0 0.0 1241280000.0 49800500000.0 206745000000.0 31230800000.0 4750290000.0 6835780000.0 8005930000.0 -2.92 [-2.92]
724435000000000.0 8.51883e+16 643612000000.0 1624590000000.0 37850600000.0 235124000000.0 333703000000.0 261729000.0 19444800000.0 2130490000000.0 23535600.0 0.0 1207600000.0 49837700000.0 196021000000.0 28360700000.0 4088260000.0 7122900000.0 7928980000.0 -2.9 [-2.9]
724435000000000.0 8.10274e+16 634322000000.0 1527220000000.0 33092900000.0 235216000000.0 307016000000.0 219351000.0 20390600000.0 1951690000000.0 18170600.0 0.0 1174260000.0 49856800000.0 185731000000.0 25727700000.0 3517370000.0 7408620000.0 7844520000.0 -2.88 [-2.88]
724436000000000.0 7.70849e+16 624899000000.0 1435200000000.0 28910900000.0 234938000000.0 281959000000.0 183640000.0 21338400000.0 1784480000000.0 14002600.0 0.0 1141320000.0 49855900000.0 175869000000.0 23315300000.0 3025280000.0 7692110000.0 7753070000.0 -2.86 [-2.86]
724435000000000.0 7.33196e+16 615275000000.0 1347600000000.0 25216400000.0 234243000000.0 258335000000.0 153416000.0 22289000000.0 1627560000000.0 10756200.0 0.0 1108550000.0 49833600000.0 166345000000.0 21092400000.0 2599010000.0 7974000000.0 7654370000.0 -2.84 [-2.84]
724435000000000.0 6.97519e+16 605533000000.0 1264920000000.0 21977900000.0 233168000000.0 236259000000.0 128024000.0 23234600000.0 1481670000000.0 8247910.0 0.0 1076240000.0 49787900000.0 157232000000.0 19062400000.0 2232130000.0 8252210000.0 7549580000.0 -2.82 [-2.82]
724435000000000.0 6.63624e+16 595658000000.0 1186710000000.0 19136200000.0 231700000000.0 215637000000.0 106678000.0 24173200000.0 1346100000000.0 6310860.0 0.0 1044350000.0 49717000000.0 148495000000.0 17206700000.0 1915930000.0 8526420000.0 7438980000.0 -2.8 [-2.8]
