Cloudy_runs/pg1259/z=0.046284/logZ=-1/component_III_PI_nH/component_III_PI_nH_col_density_param.txt
# %ECSV 1.0
# ---
# datatype:
# - {name: H, datatype: float64}
# - {name: H+, datatype: float64}
# - {name: C+, datatype: float64}
# - {name: C+2, datatype: float64}
# - {name: C+3, datatype: float64}
# - {name: N+, datatype: float64}
# - {name: N+2, datatype: float64}
# - {name: N+4, datatype: float64}
# - {name: O, datatype: float64}
# - {name: O+2, datatype: float64}
# - {name: O+5, datatype: float64}
# - {name: O+6, datatype: float64}
# - {name: P+, datatype: float64}
# - {name: Si+, datatype: float64}
# - {name: Si+2, datatype: float64}
# - {name: Si+3, datatype: float64}
# - {name: Si+4, datatype: float64}
# - {name: Fe+, datatype: float64}
# - {name: Al+, datatype: float64}
# - {name: log_nH, datatype: float64}
# - {name: parameters, datatype: string, subtype: 'float64[1]'}
# schema: astropy-2.0
H H+ C+ C+2 C+3 N+ N+2 N+4 O O+2 O+5 O+6 P+ Si+ Si+2 Si+3 Si+4 Fe+ Al+ log_nH parameters
[from data line 112]
724435000000000.0 6.00814e+16 575544000000.0 1042940000000.0 14465000000.0 227608000000.0 178557000000.0 73738800.0 26015900000.0 1104430000000.0 3671560.0 0.0 981946000.0 49493800000.0 132117000000.0 13968900000.0 1409110000.0 9060560000.0 7202080000.0 -2.76 [-2.76]
724435000000000.0 5.71735e+16 565325000000.0 976988000000.0 12558300000.0 225004000000.0 161998000000.0 61169200.0 26913800000.0 997485000000.0 2792110.0 0.0 951488000.0 49338600000.0 124458000000.0 12563900000.0 1207400000.0 9319280000.0 7076750000.0 -2.74 [-2.74]
724436000000000.0 5.44179e+16 555041000000.0 914929000000.0 10896600000.0 222065000000.0 146721000000.0 50686200.0 27790800000.0 899422000000.0 2120390.0 0.0 921643000.0 49153300000.0 117163000000.0 11290200000.0 1034310000.0 9571370000.0 6947820000.0 -2.72 [-2.72]
724436000000000.0 5.17916e+16 544646000000.0 856228000000.0 9443310000.0 218775000000.0 132601000000.0 41922100.0 28647200000.0 809350000000.0 1606550.0 0.0 892263000.0 48935700000.0 110180000000.0 10131400000.0 885250000.0 9817190000.0 6815030000.0 -2.7 [-2.7]
724435000000000.0 4.92884e+16 534147000000.0 800739000000.0 8174050000.0 215153000000.0 119586000000.0 34609100.0 29480500000.0 726845000000.0 1214490.0 0.0 863369000.0 48684500000.0 103502000000.0 9078840000.0 756994000.0 10056300000.0 6678810000.0 -2.68 [-2.68]
724436000000000.0 4.69235e+16 523649000000.0 748781000000.0 7074200000.0 211282000000.0 107703000000.0 28553700.0 30284900000.0 651965000000.0 917592.0 0.0 835230000.0 48401900000.0 97179700000.0 8131490000.0 647390000.0 10287100000.0 6540760000.0 -2.66 [-2.66]
724435000000000.0 4.4662e+16 513038000000.0 699565000000.0 6113130000.0 207107000000.0 96779800000.0 23505600.0 31063800000.0 583557000000.0 691460.0 0.0 807523000.0 48083400000.0 91126100000.0 7270990000.0 552972000.0 10511000000.0 6399690000.0 -2.64 [-2.64]
724435000000000.0 4.25191e+16 502421000000.0 653405000000.0 5280260000.0 202717000000.0 86835900000.0 19331500.0 31812100000.0 521643000000.0 520591.0 0.0 780514000.0 47731800000.0 85389600000.0 6496760000.0 472225000.0 10726400000.0 6257260000.0 -2.62 [-2.62]
724435000000000.0 4.04822e+16 491779000000.0 610000000000.0 4557380000.0 198120000000.0 77784700000.0 15877600.0 32530000000.0 465608000000.0 391427.0 0.0 754130000.0 47346200000.0 79942400000.0 5799200000.0 403054000.0 10933500000.0 6113470000.0 -2.6 [-2.6]
724435000000000.0 3.8546e+16 481123000000.0 569211000000.0 3930570000.0 193345000000.0 69565900000.0 13024200.0 33216700000.0 415005000000.0 293948.0 0.0 728377000.0 46926500000.0 74775400000.0 5171530000.0 343834000.0 11132000000.0 5968680000.0 -2.58 [-2.58]
724435000000000.0 3.67053e+16 470466000000.0 530902000000.0 3387550000.0 188420000000.0 62120800000.0 10670400.0 33871800000.0 369405000000.0 0.0 0.0 703264000.0 46473100000.0 69879400000.0 4607510000.0 293163000.0 11321900000.0 5823280000.0 -2.56 [-2.56]
724435000000000.0 3.49554e+16 459818000000.0 494946000000.0 2917570000.0 183375000000.0 55392200000.0 8731810.0 34495000000.0 328401000000.0 0.0 0.0 678795000.0 45986500000.0 65245500000.0 4101320000.0 249834000.0 11502800000.0 5677600000.0 -2.54 [-2.54]
724435000000000.0 3.32916e+16 449194000000.0 461216000000.0 2511140000.0 178237000000.0 49324700000.0 7137450.0 35086300000.0 291600000000.0 0.0 0.0 654973000.0 45467500000.0 60864500000.0 3647620000.0 212805000.0 11674700000.0 5531990000.0 -2.52 [-2.52]
724435000000000.0 3.17098e+16 438603000000.0 429594000000.0 2159960000.0 173032000000.0 43864700000.0 5828020.0 35646100000.0 258632000000.0 0.0 0.0 631798000.0 44917100000.0 56727300000.0 3241450000.0 181179000.0 11837400000.0 5386750000.0 -2.5 [-2.5]
724435000000000.0 3.02057e+16 428058000000.0 399967000000.0 1856770000.0 167786000000.0 38961500000.0 4754070.0 36174700000.0 229152000000.0 0.0 0.0 609271000.0 44336200000.0 52824800000.0 2878260000.0 154183000.0 11990800000.0 5242170000.0 -2.48 [-2.48]
724435000000000.0 2.87756e+16 417571000000.0 372225000000.0 1595250000.0 162523000000.0 34567100000.0 3874420.0 36672700000.0 202834000000.0 0.0 0.0 587390000.0 43726300000.0 49148100000.0 2553890000.0 131153000.0 12134800000.0 5098540000.0 -2.46 [-2.46]
724435000000000.0 2.74156e+16 407152000000.0 346264000000.0 1369840000.0 157265000000.0 30635800000.0 3154790.0 37140900000.0 179377000000.0 0.0 0.0 566152000.0 43088700000.0 45688100000.0 2264500000.0 111517000.0 12269300000.0 4956110000.0 -2.44 [-2.44]
724435000000000.0 2.61223e+16 396812000000.0 321983000000.0 1175690000.0 152033000000.0 27124800000.0 2566760.0 37580100000.0 158501000000.0 0.0 0.0 545552000.0 42425000000.0 42435800000.0 2006590000.0 94785400.0 12394100000.0 4815110000.0 -2.42 [-2.42]
724435000000000.0 2.48924e+16 386562000000.0 299288000000.0 1008580000.0 146843000000.0 23994500000.0 2086790.0 37991300000.0 139946000000.0 0.0 0.0 525585000.0 41737000000.0 39382300000.0 1776980000.0 80535400.0 12509300000.0 4675760000.0 -2.4 [-2.4]
724435000000000.0 2.37227e+16 376413000000.0 278088000000.0 864862000.0 141715000000.0 21207800000.0 1695450.0 38375500000.0 123478000000.0 0.0 0.0 506245000.0 41027000000.0 36518500000.0 1572780000.0 68405500.0 12615000000.0 4538250000.0 -2.38 [-2.38]
724436000000000.0 2.26151e+16 366419000000.0 258381000000.0 741710000.0 136687000000.0 18738100000.0 1377480.0 38733200000.0 108920000000.0 0.0 0.0 487608000.0 40298900000.0 33848800000.0 1391940000.0 58117300.0 12710100000.0 4403410000.0 -2.36 [-2.36]
724436000000000.0 2.15568e+16 356499000000.0 239907000000.0 635535000.0 131720000000.0 16538100000.0 1117860.0 39066800000.0 95986200000.0 0.0 0.0 469495000.0 39549500000.0 31338800000.0 1230780000.0 49337400.0 12795800000.0 4270130000.0 -2.34 [-2.34]
724436000000000.0 2.05501e+16 346707000000.0 222679000000.0 544382000.0 126852000000.0 14587400000.0 906743.0 39376900000.0 84544000000.0 0.0 0.0 451984000.0 38783500000.0 28993300000.0 1087820000.0 41874900.0 12871500000.0 4139190000.0 -2.32 [-2.32]
724436000000000.0 1.95925e+16 337051000000.0 206621000000.0 466165000.0 122092000000.0 12859700000.0 735181.0 39664600000.0 74431100000.0 0.0 0.0 435062000.0 38003300000.0 26803600000.0 961103000.0 35534200.0 12937400000.0 4010690000.0 -2.3 [-2.3]
724436000000000.0 1.86816e+16 327539000000.0 191662000000.0 399083000.0 117447000000.0 11331100000.0 595863.0 39930900000.0 65500900000.0 0.0 0.0 418719000.0 37210600000.0 24762000000.0 848870000.0 30149500.0 12993100000.0 3884770000.0 -2.28 [-2.28]
724436000000000.0 1.78151e+16 318181000000.0 177736000000.0 341587000.0 112925000000.0 9980160000.0 482809.0 40177100000.0 57622000000.0 0.0 0.0 402949000.0 36407600000.0 22861300000.0 749546000.0 25579200.0 13038500000.0 3761560000.0 -2.26 [-2.26]
724436000000000.0 1.69905e+16 308978000000.0 164773000000.0 292313000.0 108529000000.0 8786870000.0 391097.0 40404200000.0 50674300000.0 0.0 0.0 387730000.0 35596900000.0 21091700000.0 661671000.0 21699300.0 13074200000.0 3641030000.0 -2.24 [-2.24]
724436000000000.0 1.62015e+16 299886000000.0 152648000000.0 249942000.0 104236000000.0 7729900000.0 316503.0 40613900000.0 44529700000.0 0.0 0.0 372970000.0 34775500000.0 19437600000.0 583662000.0 18395000.0 13100000000.0 3522640000.0 -2.22 [-2.22]
724436000000000.0 1.54551e+16 291016000000.0 141443000000.0 213831000.0 100103000000.0 6801810000.0 256293.0 40806200000.0 39141200000.0 0.0 0.0 358828000.0 33954600000.0 17911400000.0 515059000.0 15605100.0 13115300000.0 3407820000.0 -2.2 [-2.2]
724436000000000.0 1.47493e+16 282375000000.0 131094000000.0 183057000.0 96130400000.0 5987280000.0 207691.0 40982100000.0 34417500000.0 0.0 0.0 345290000.0 33136900000.0 16504700000.0 454746000.0 13249400.0 13120800000.0 3296600000.0 -2.18 [-2.18]
724436000000000.0 1.40687e+16 273799000000.0 121354000000.0 156467000.0 92237700000.0 5263330000.0 168008.0 41144000000.0 30224500000.0 0.0 0.0 332078000.0 32308400000.0 15183500000.0 400969000.0 11233200.0 13116000000.0 3186860000.0 -2.16 [-2.16]
724436000000000.0 1.34316e+16 265547000000.0 112460000000.0 133997000.0 88546400000.0 4633260000.0 136205.0 41290800000.0 26578500000.0 0.0 0.0 319574000.0 31495100000.0 13981200000.0 354103000.0 9544470.0 13101500000.0 3081880000.0 -2.14 [-2.14]
724436000000000.0 1.28141e+16 257327000000.0 104054000000.0 114519000.0 84918300000.0 4071810000.0 110166.0 41425500000.0 23333500000.0 0.0 0.0 307319000.0 30670500000.0 12848200000.0 312186000.0 8093950.0 13076600000.0 2977930000.0 -2.12 [-2.12]
724436000000000.0 1.22319e+16 249373000000.0 96329800000.0 97984200.0 81458300000.0 3581270000.0 89221.3 41547300000.0 20500500000.0 0.0 0.0 295643000.0 29858200000.0 11811900000.0 275490000.0 6873570.0 13041900000.0 2877930000.0 -2.1 [-2.1]
724436000000000.0 1.16778e+16 241609000000.0 89167800000.0 83848100.0 78128900000.0 3149920000.0 72270.3 41657600000.0 18011600000.0 0.0 0.0 284418000.0 29052800000.0 10855000000.0 243134000.0 5839220.0 12997600000.0 2780880000.0 -2.08 [-2.08]
724436000000000.0 1.11503e+16 234038000000.0 82529600000.0 71764000.0 74927800000.0 2770720000.0 58552.0 41757000000.0 15825700000.0 0.0 0.0 273631000.0 28255800000.0 9972160000.0 214612000.0 4962510.0 12944100000.0 2686780000.0 -2.06 [-2.06]
724436000000000.0 1.06482e+16 226659000000.0 76379000000.0 61434800.0 71852400000.0 2437440000.0 47449.7 41846300000.0 13906100000.0 0.0 0.0 263267000.0 27468500000.0 9158310000.0 189473000.0 4219360.0 12881400000.0 2595590000.0 -2.04 [-2.04]
724436000000000.0 1.01701e+16 219474000000.0 70682100000.0 52605500.0 68899700000.0 2144560000.0 38463.8 41926100000.0 12220600000.0 0.0 0.0 253313000.0 26692000000.0 8408560000.0 167316000.0 3589310.0 12809800000.0 2507290000.0 -2.02 [-2.02]
724436000000000.0 9718270000000000.0 212532000000.0 65444000000.0 45095200.0 66087300000.0 1888390000.0 31218.5 41996900000.0 10747500000.0 0.0 0.0 243825000.0 25933100000.0 7723300000.0 147885000.0 3057630.0 12730200000.0 2422440000.0 -2.0 [-2.0]
724436000000000.0 9284920000000000.0 205734000000.0 60559800000.0 38639700.0 63370100000.0 1662170000.0 25325.2 42059500000.0 9447910000.0 0.0 0.0 234651000.0 25181800000.0 7088100000.0 130668000.0 2604190.0 12641700000.0 2339800000.0 -1.98 [-1.98]
724436000000000.0 8872300000000000.0 199129000000.0 56040000000.0 33120800.0 60765600000.0 1463400000.0 20552.9 42114300000.0 8307000000.0 0.0 0.0 225848000.0 24444300000.0 6504080000.0 115494000.0 2219480.0 12545100000.0 2259920000.0 -1.96 [-1.96]
724436000000000.0 8475620000000000.0 192652000000.0 51819200000.0 28371200.0 58245900000.0 1287690000.0 16667.2 42161800000.0 7299390000.0 0.0 0.0 217322000.0 23714400000.0 5962390000.0 102033000.0 1890890.0 12439700000.0 2182010000.0 -1.94 [-1.94]
724436000000000.0 8101480000000000.0 186427000000.0 47953100000.0 24339300.0 55856200000.0 1134330000.0 13538.7 42202400000.0 6420670000.0 0.0 0.0 209223000.0 23006800000.0 5469720000.0 90251100.0 1613910.0 12327900000.0 2107510000.0 -1.92 [-1.92]
724436000000000.0 7745170000000000.0 180391000000.0 44378200000.0 20890700.0 53568500000.0 999564000.0 11003.2 42236500000.0 5649230000.0 0.0 0.0 201457000.0 22315200000.0 5017510000.0 79864400.0 1378640.0 12209200000.0 2035620000.0 -1.9 [-1.9]
724436000000000.0 7409420000000000.0 174603000000.0 41107500000.0 17961500.0 51402600000.0 881923000.0 8959.42 42264600000.0 4976390000.0 0.0 0.0 194092000.0 21647200000.0 4606900000.0 70770500.0 1180110.0 12085400000.0 1967020000.0 -1.88 [-1.88]
724436000000000.0 7083440000000000.0 168888000000.0 38026100000.0 15420000.0 49289700000.0 777190000.0 7282.79 42286900000.0 4378120000.0 0.0 0.0 186897000.0 20983200000.0 4222930000.0 62641900.0 1008980.0 11953000000.0 1899610000.0 -1.86 [-1.86]
724436000000000.0 6775500000000000.0 163401000000.0 35202000000.0 13258000.0 47285500000.0 685641000.0 0.0 42303800000.0 3855660000.0 0.0 0.0 180058000.0 20341700000.0 3873960000.0 55513900.0 864284.0 11815700000.0 1835180000.0 -1.84 [-1.84]
724436000000000.0 6484700000000000.0 158138000000.0 32614600000.0 11417300.0 45385600000.0 605579000.0 0.0 42315800000.0 3399200000.0 0.0 0.0 173564000.0 19722900000.0 3556920000.0 49259700.0 741807.0 11674400000.0 1773670000.0 -1.82 [-1.82]
724436000000000.0 6202620000000000.0 152956000000.0 30180700000.0 9820060.0 43535500000.0 534317000.0 0.0 42322800000.0 2993490000.0 0.0 0.0 167229000.0 19110500000.0 3261010000.0 43670300.0 636124.0 11525800000.0 1713360000.0 -1.8 [-1.8]
724436000000000.0 5938760000000000.0 148038000000.0 27972800000.0 8468810.0 41799400000.0 472374000.0 0.0 42325500000.0 2641180000.0 0.0 0.0 161274000.0 18526500000.0 2995050000.0 38796200.0 547179.0 11375300000.0 1656380000.0 -1.78 [-1.78]
724436000000000.0 5682470000000000.0 143195000000.0 25894000000.0 7294390.0 40107200000.0 417168000.0 0.0 42323600000.0 2327680000.0 0.0 0.0 155459000.0 17949000000.0 2746580000.0 34434300.0 470249.0 11218100000.0 1600490000.0 -1.76 [-1.76]
724436000000000.0 5440570000000000.0 138562000000.0 23992100000.0 6293910.0 38505300000.0 368884000.0 0.0 42317900000.0 2053820000.0 0.0 0.0 149945000.0 17394300000.0 2521370000.0 30605500.0 405020.0 11058800000.0 1547240000.0 -1.74 [-1.74]
724436000000000.0 5210010000000000.0 134089000000.0 22235100000.0 5435070.0 36974100000.0 326357000.0 0.0 42308300000.0 1812970000.0 0.0 0.0 144664000.0 16857000000.0 2315150000.0 27220100.0 349258.0 10896500000.0 1496030000.0 -1.72 [-1.72]
724436000000000.0 4990220000000000.0 129771000000.0 20611800000.0 4697370.0 35510400000.0 288888000.0 0.0 42295100000.0 1601080000.0 0.0 0.0 139609000.0 16336700000.0 2126350000.0 24225400.0 301546.0 10731500000.0 1446790000.0 -1.7 [-1.7]
724436000000000.0 4780690000000000.0 125606000000.0 19112200000.0 4063360.0 34111300000.0 255863000.0 0.0 42278500000.0 1414610000.0 0.0 0.0 134769000.0 15833400000.0 1953510000.0 21575000.0 260684.0 10564400000.0 1399470000.0 -1.68 [-1.68]
724436000000000.0 4580900000000000.0 121589000000.0 17726600000.0 3518080.0 32773900000.0 226741000.0 0.0 42258600000.0 1250460000.0 0.0 0.0 130136000.0 15346700000.0 1795270000.0 19228100.0 225650.0 10395500000.0 1353990000.0 -1.66 [-1.66]
724436000000000.0 4390380000000000.0 117716000000.0 16446400000.0 3048810.0 31495500000.0 201049000.0 0.0 42235600000.0 1105900000.0 0.0 0.0 125701000.0 14876400000.0 1650390000.0 17148900.0 195582.0 10225300000.0 1310290000.0 -1.64 [-1.64]
724436000000000.0 4208690000000000.0 113983000000.0 15263400000.0 2644660.0 30273300000.0 178374000.0 0.0 42209600000.0 978550000.0 0.0 0.0 121455000.0 14422300000.0 1517740000.0 15305800.0 169749.0 10054200000.0 1268320000.0 -1.62 [-1.62]
724436000000000.0 4035350000000000.0 110385000000.0 14169900000.0 2296290.0 29104700000.0 158349000.0 0.0 42180800000.0 866302000.0 0.0 0.0 117391000.0 13983800000.0 1396240000.0 13670900.0 147526.0 9882660000.0 1228000000.0 -1.6 [-1.6]
724436000000000.0 3870010000000000.0 106919000000.0 13159400000.0 1995840.0 27987600000.0 140660000.0 0.0 42149300000.0 767344000.0 0.0 0.0 113501000.0 13560900000.0 1285010000.0 12220100.0 128393.0 9710900000.0 1189280000.0 -1.58 [-1.58]
724436000000000.0 3713150000000000.0 103599000000.0 12230300000.0 1737400.0 26925300000.0 125077000.0 0.0 42115500000.0 680350000.0 0.0 0.0 109798000.0 13155300000.0 1183690000.0 10936100.0 111954.0 9540360000.0 1152320000.0 -1.56 [-1.56]
724436000000000.0 3561740000000000.0 100365000000.0 11361600000.0 1512390.0 25897800000.0 111197000.0 0.0 42078800000.0 603031000.0 0.0 0.0 106214000.0 12759800000.0 1089840000.0 9786940.0 97659.1 9368270000.0 1116430000.0 -1.54 [-1.54]
724436000000000.0 3417900000000000.0 97266000000.0 10561900000.0 1318470.0 24919500000.0 98952300.0 0.0 42039900000.0 534978000.0 0.0 0.0 102798000.0 12380400000.0 1004240000.0 8768250.0 85344.6 9197850000.0 1082130000.0 -1.52 [-1.52]
724436000000000.0 3281800000000000.0 94308500000.0 9828550000.0 1151580.0 23991800000.0 88169300.0 0.0 41999300000.0 475184000.0 0.0 0.0 99557300.0 12018200000.0 926468000.0 7866640.0 74747.1 9030090000.0 1049490000.0 -1.5 [-1.5]
