Cloudy_runs/pg1259/z=0.046284/logZ=-1/component_III_PI_nH/component_III_PI_nH_col_density_param.txt
# %ECSV 1.0
# ---
# datatype:
# - {name: H, datatype: float64}
# - {name: H+, datatype: float64}
# - {name: C+, datatype: float64}
# - {name: C+2, datatype: float64}
# - {name: C+3, datatype: float64}
# - {name: N+, datatype: float64}
# - {name: N+2, datatype: float64}
# - {name: N+4, datatype: float64}
# - {name: O, datatype: float64}
# - {name: O+2, datatype: float64}
# - {name: O+5, datatype: float64}
# - {name: O+6, datatype: float64}
# - {name: P+, datatype: float64}
# - {name: Si+, datatype: float64}
# - {name: Si+2, datatype: float64}
# - {name: Si+3, datatype: float64}
# - {name: Si+4, datatype: float64}
# - {name: Fe+, datatype: float64}
# - {name: Al+, datatype: float64}
# - {name: log_nH, datatype: float64}
# - {name: parameters, datatype: string, subtype: 'float64[1]'}
# schema: astropy-2.0
H H+ C+ C+2 C+3 N+ N+2 N+4 O O+2 O+5 O+6 P+ Si+ Si+2 Si+3 Si+4 Fe+ Al+ log_nH parameters
[from data line 249]
724436000000000.0 275061000000000.0 18933300000.0 131342000.0 0.0 2107060000.0 72031.6 0.0 37562000000.0 344232.0 0.0 0.0 25603900.0 3198640000.0 8996200.0 19950.4 0.0 3111850000.0 279734000.0 -0.02 [-0.02]
724436000000000.0 267309000000000.0 18643700000.0 124882000.0 0.0 2039820000.0 66132.1 0.0 37518500000.0 317455.0 0.0 0.0 25407100.0 3173830000.0 8525800.0 18789.8 0.0 3089720000.0 277618000.0 -0.0 [-0.0]
724436000000000.0 259796000000000.0 18359500000.0 118743000.0 0.0 1974620000.0 60722.4 0.0 37475700000.0 292847.0 0.0 0.0 25216300.0 3149770000.0 8080950.0 17702.7 0.0 3068230000.0 275566000.0 0.02 [0.02]
724436000000000.0 252493000000000.0 18080300000.0 112900000.0 0.0 1910990000.0 55742.6 0.0 37433500000.0 270223.0 0.0 0.0 25030700.0 3126360000.0 7653020.0 16684.0 0.0 3047310000.0 273570000.0 0.04 [0.04]
724436000000000.0 245400000000000.0 17805900000.0 107342000.0 0.0 1849050000.0 51164.6 0.0 37392100000.0 249415.0 0.0 0.0 24850500.0 3103610000.0 7244030.0 15729.0 0.0 3026960000.0 271631000.0 0.06 [0.06]
724436000000000.0 238510000000000.0 17536100000.0 102053000.0 0.0 1788730000.0 46956.2 0.0 37351400000.0 230273.0 0.0 0.0 24675400.0 3081490000.0 6853230.0 14833.5 0.0 3007170000.0 269747000.0 0.08 [0.08]
724436000000000.0 231816000000000.0 17271000000.0 97022000.0 0.0 1729980000.0 43086.5 0.0 37311300000.0 212657.0 0.0 0.0 24505200.0 3059980000.0 6479500.0 13993.3 0.0 2987910000.0 267916000.0 0.1 [0.1]
724436000000000.0 225297000000000.0 17009700000.0 92227500.0 0.0 1672640000.0 39524.0 0.0 37271900000.0 196427.0 0.0 0.0 24339500.0 3039010000.0 6121060.0 13204.4 0.0 2969140000.0 266133000.0 0.12 [0.12]
724436000000000.0 218974000000000.0 16753300000.0 87672100.0 0.0 1616820000.0 36249.7 0.0 37233200000.0 181498.0 0.0 0.0 24178700.0 3018660000.0 5778160.0 12464.1 0.0 2950900000.0 264402000.0 0.14 [0.14]
724436000000000.0 212824000000000.0 16501000000.0 83336500.0 0.0 1562360000.0 33236.5 0.0 37195200000.0 167747.0 0.0 0.0 24022200.0 2998850000.0 5449250.0 11768.9 0.0 2933140000.0 262719000.0 0.16 [0.16]
724436000000000.0 206840000000000.0 16252600000.0 79209800.0 0.0 1509200000.0 30462.8 0.0 37157800000.0 155078.0 0.0 0.0 23870000.0 2979550000.0 5133430.0 11115.7 0.0 2915840000.0 261081000.0 0.18 [0.18]
724436000000000.0 201027000000000.0 16008700000.0 75286800.0 0.0 1457300000.0 27909.9 0.0 37121100000.0 143413.0 0.0 0.0 23722100.0 2960790000.0 4829760.0 10502.0 0.0 2899020000.0 259488000.0 0.2 [0.2]
724436000000000.0 195335000000000.0 15767000000.0 71537000.0 0.0 1406380000.0 25554.6 0.0 37084900000.0 132630.0 0.0 0.0 23577200.0 2942390000.0 4537320.0 9924.36 0.0 2882530000.0 257929000.0 0.22 [0.22]
724436000000000.0 189811000000000.0 15529900000.0 67977100.0 0.0 1356660000.0 23387.2 0.0 37049400000.0 122706.0 0.0 0.0 23436600.0 2924510000.0 4255760.0 9381.58 0.0 2866510000.0 256415000.0 0.24 [0.24]
724436000000000.0 184447000000000.0 15297400000.0 64597800.0 0.0 1308090000.0 21392.7 0.0 37014600000.0 113568.0 0.0 0.0 23300000.0 2907140000.0 3984800.0 8871.4 0.0 2850950000.0 254945000.0 0.26 [0.26]
724436000000000.0 179192000000000.0 15067300000.0 61370400.0 0.0 1260250000.0 19549.8 0.0 36980200000.0 105122.0 0.0 0.0 23166100.0 2890090000.0 3721970.0 8390.88 0.0 2835700000.0 253504000.0 0.28 [0.28]
724436000000000.0 174044000000000.0 14839600000.0 58289700.0 0.0 1213100000.0 17846.8 0.0 36946200000.0 97316.4 0.0 0.0 23034900.0 2873350000.0 3466880.0 7938.25 0.0 2820740000.0 252092000.0 0.3 [0.3]
724436000000000.0 169029000000000.0 14616000000.0 55364400.0 0.0 1166710000.0 16275.7 0.0 36913000000.0 90124.9 0.0 0.0 22907100.0 2857020000.0 3219160.0 7512.47 0.0 2806170000.0 250716000.0 0.32 [0.32]
724436000000000.0 164120000000000.0 14395600000.0 52578700.0 0.0 1120860000.0 14823.0 0.0 36880200000.0 83485.7 0.0 0.0 22782000.0 2841000000.0 2977720.0 7111.49 0.0 2791910000.0 249369000.0 0.34 [0.34]
724436000000000.0 159308000000000.0 14178200000.0 49926500.0 0.0 1075360000.0 13478.0 0.0 36847800000.0 77356.2 0.0 0.0 22659300.0 2825260000.0 2741480.0 6733.82 0.0 2777920000.0 248049000.0 0.36 [0.36]
724436000000000.0 154567000000000.0 13963600000.0 47398600.0 0.0 1029750000.0 12226.2 0.0 36815800000.0 71696.0 0.0 0.0 22538300.0 2809710000.0 2506830.0 6378.08 0.0 2764160000.0 246747000.0 0.38 [0.38]
724436000000000.0 149890000000000.0 13751900000.0 44991500.0 0.0 983867000.0 11060.4 0.0 36784200000.0 66469.9 0.0 0.0 22418900.0 2794310000.0 2273870.0 6042.97 0.0 2750590000.0 245463000.0 0.4 [0.4]
724436000000000.0 145252000000000.0 13542800000.0 42698100.0 0.0 937264000.0 9970.09 0.0 36752800000.0 61642.9 0.0 0.0 22300400.0 2778970000.0 2040770.0 5727.27 0.0 2737150000.0 244190000.0 0.42 [0.42]
724436000000000.0 140625000000000.0 13336400000.0 40514400.0 0.0 889354000.0 8945.0 0.0 36721500000.0 57186.3 0.0 0.0 22182100.0 2763580000.0 1805380.0 5429.96 0.0 2723760000.0 242919000.0 0.44 [0.44]
724436000000000.0 135988000000000.0 13134900000.0 38450200.0 0.0 838919000.0 7969.16 0.0 36690400000.0 53096.2 0.0 0.0 22063400.0 2748040000.0 1561300.0 5150.77 0.0 2710390000.0 241645000.0 0.46 [0.46]
724436000000000.0 131065000000000.0 12929800000.0 36449300.0 0.0 782327000.0 7004.57 0.0 36658000000.0 49286.7 0.0 0.0 21937300.0 2731310000.0 1295350.0 4887.42 0.0 2696240000.0 240293000.0 0.48 [0.48]
724437000000000.0 94740300000000.0 12025100000.0 27824000.0 0.0 223759000.0 1856.54 0.0 36537600000.0 44482.5 0.0 0.0 21004300.0 2579060000.0 4884.06 4664.4 0.0 2590410000.0 230432000.0 0.5 [0.5]
724436000000000.0 90931400000000.0 11771700000.0 26145500.0 0.0 204718000.0 1627.72 0.0 36513400000.0 40989.9 0.0 0.0 20906900.0 2563720000.0 3971.78 4423.87 0.0 2578520000.0 229393000.0 0.52 [0.52]
724436000000000.0 87502100000000.0 11531500000.0 24637100.0 0.0 189023000.0 1440.19 0.0 36490600000.0 37806.8 0.0 0.0 20819100.0 2549900000.0 3425.0 4197.25 0.0 2567800000.0 228456000.0 0.54 [0.54]
724436000000000.0 84287100000000.0 11296100000.0 23238000.0 0.0 175433000.0 1280.93 0.0 36468300000.0 34867.6 0.0 0.0 20736700.0 2536850000.0 3055.69 3982.76 0.0 2557750000.0 227578000.0 0.56 [0.56]
724436000000000.0 81285900000000.0 11067600000.0 21945100.0 0.0 163493000.0 1144.17 0.0 36446900000.0 32169.4 0.0 0.0 20659700.0 2524610000.0 2786.67 3780.11 0.0 2548370000.0 226757000.0 0.58 [0.58]
724436000000000.0 78437500000000.0 10842900000.0 20735900.0 0.0 152790000.0 1025.07 0.0 36426100000.0 29679.3 0.0 0.0 20586500.0 2512870000.0 2576.71 3588.28 0.0 2539450000.0 225978000.0 0.6 [0.6]
724436000000000.0 75734800000000.0 10622500000.0 19604900.0 0.0 143127000.0 920.746 0.0 36406100000.0 27384.6 0.0 0.0 20517000.0 2501640000.0 2404.93 3406.74 0.0 2531000000.0 225239000.0 0.62 [0.62]
724436000000000.0 73146200000000.0 10404600000.0 18539500.0 0.0 134314000.0 828.72 0.0 36386500000.0 25263.0 0.0 0.0 20450400.0 2490740000.0 2258.49 3234.71 0.0 2522900000.0 224531000.0 0.64 [0.64]
724436000000000.0 70661500000000.0 10189000000.0 17534000.0 0.0 126227000.0 747.171 0.0 36367500000.0 23301.2 0.0 0.0 20386400.0 2480160000.0 2129.9 3071.65 0.0 2515120000.0 223851000.0 0.66 [0.66]
724436000000000.0 68286700000000.0 9976780000.0 16588700.0 0.0 118795000.0 674.792 0.0 36349100000.0 21491.9 0.0 0.0 20325100.0 2469910000.0 2014.46 2917.19 0.0 2507690000.0 223201000.0 0.68 [0.68]
724436000000000.0 66017000000000.0 9768100000.0 15698900.0 0.0 111937000.0 610.337 0.0 36331300000.0 19823.9 0.0 0.0 20266600.0 2460010000.0 1909.17 2770.86 0.0 2500590000.0 222580000.0 0.7 [0.7]
724436000000000.0 63823800000000.0 9560890000.0 14854800.0 0.0 105564000.0 552.674 0.0 36313800000.0 18279.3 0.0 0.0 20209900.0 2450280000.0 1811.75 2632.01 0.0 2493730000.0 221980000.0 0.72 [0.72]
724436000000000.0 61719200000000.0 9356710000.0 14058600.0 0.0 99646000.0 501.075 0.0 36297000000.0 16854.2 0.0 0.0 20155400.0 2440810000.0 1720.96 2500.37 0.0 2487160000.0 221404000.0 0.74 [0.74]
724436000000000.0 59693700000000.0 9155040000.0 13305500.0 0.0 94130900.0 454.784 0.0 36280600000.0 15538.0 0.0 0.0 20102900.0 2431540000.0 1635.81 2375.51 0.0 2480830000.0 220851000.0 0.76 [0.76]
724436000000000.0 57742200000000.0 8955840000.0 12592800.0 0.0 88982100.0 413.19 0.0 36264700000.0 14322.2 0.0 0.0 20052200.0 2422460000.0 1555.64 2257.05 0.0 2474730000.0 220317000.0 0.78 [0.78]
724436000000000.0 55865700000000.0 8759550000.0 11919400.0 0.0 84171000.0 375.777 0.0 36249300000.0 13200.4 0.0 0.0 20003500.0 2413580000.0 1479.94 2144.67 0.0 2468870000.0 219804000.0 0.8 [0.8]
724436000000000.0 54052100000000.0 8565250000.0 11280200.0 0.0 79657300.0 342.032 0.0 36234300000.0 12163.5 0.0 0.0 19956300.0 2404820000.0 1408.29 2037.99 0.0 2463210000.0 219309000.0 0.82 [0.82]
724436000000000.0 52303600000000.0 8373500000.0 10674800.0 0.0 75421500.0 311.579 0.0 36219700000.0 11206.3 0.0 0.0 19910700.0 2396220000.0 1340.38 1936.72 0.0 2457750000.0 218832000.0 0.84 [0.84]
724436000000000.0 50616600000000.0 8184210000.0 10100900.0 0.0 71440100.0 284.059 0.0 36205500000.0 10322.8 0.0 0.0 19866600.0 2387740000.0 1275.96 1840.58 0.0 2452490000.0 218371000.0 0.86 [0.86]
724436000000000.0 48985900000000.0 7997110000.0 9556080.0 0.0 67690200.0 259.153 0.0 36191800000.0 9506.96 0.0 0.0 19824000.0 2379370000.0 1214.79 1749.28 0.0 2447410000.0 217926000.0 0.88 [0.88]
724436000000000.0 47415300000000.0 7812920000.0 9040360.0 0.0 64162700.0 236.808 0.0 36178400000.0 8749.82 0.0 0.0 19782800.0 2371120000.0 1156.7 1662.6 0.0 2442520000.0 217498000.0 0.9 [0.9]
724436000000000.0 45897400000000.0 7631080000.0 8551150.0 0.0 60838900.0 216.998 0.0 36165400000.0 8042.5 0.0 0.0 19742900.0 2362970000.0 1101.51 1580.27 0.0 2437790000.0 217085000.0 0.92 [0.92]
724436000000000.0 44432700000000.0 7451890000.0 8087100.0 0.0 57701300.0 198.972 0.0 36152800000.0 7393.79 0.0 0.0 19704300.0 2354920000.0 1049.04 1502.08 0.0 2433240000.0 216686000.0 0.94 [0.94]
724436000000000.0 43020700000000.0 7275560000.0 7647390.0 0.0 54740900.0 182.569 0.0 36140600000.0 6798.91 0.0 0.0 19667100.0 2346970000.0 999.17 1427.82 0.0 2428850000.0 216302000.0 0.96 [0.96]
724436000000000.0 41655100000000.0 7101600000.0 7229570.0 0.0 51939600.0 167.614 0.0 36128700000.0 6252.64 0.0 0.0 19631000.0 2339080000.0 951.729 1357.26 0.0 2424600000.0 215931000.0 0.98 [0.98]
724436000000000.0 40333900000000.0 6929970000.0 6832490.0 0.0 49287500.0 153.971 0.0 36117100000.0 5750.85 0.0 0.0 19596000.0 2331240000.0 906.594 1290.2 0.0 2420500000.0 215573000.0 1.0 [1.0]
