Cloudy_runs/1es1553/z=0.187764/logZ=-1/component_III_PI_nH/component_III_PI_nH_col_density_param.txt
# %ECSV 1.0
# ---
# datatype:
# - {name: H, datatype: float64}
# - {name: H+, datatype: float64}
# - {name: C+, datatype: float64}
# - {name: C+2, datatype: float64}
# - {name: C+3, datatype: float64}
# - {name: N+2, datatype: float64}
# - {name: N+4, datatype: float64}
# - {name: O, datatype: float64}
# - {name: O+2, datatype: float64}
# - {name: O+5, datatype: float64}
# - {name: O+6, datatype: float64}
# - {name: Si+, datatype: float64}
# - {name: Si+2, datatype: float64}
# - {name: Si+3, datatype: float64}
# - {name: Si+4, datatype: float64}
# - {name: log_nH, datatype: float64}
# - {name: log_Te, datatype: float64}
# - {name: parameters, datatype: string, subtype: 'float64[1]'}
# schema: astropy-2.0
H H+ C+ C+2 C+3 N+2 N+4 O O+2 O+5 O+6 Si+ Si+2 Si+3 Si+4 log_nH log_Te parameters
[from data line 72]
10471300000000.0 1.23974e+16 11365400000.0 221731000000.0 65312400000.0 49038300000.0 3382170000.0 5941350.0 237768000000.0 3240270000.0 279667000.0 550441000.0 10982100000.0 6969920000.0 16795200000.0 -3.56 4.311 [-3.56]
10471300000000.0 1.17762e+16 11410200000.0 214131000000.0 60408400000.0 47705000000.0 2978370000.0 6632330.0 235058000000.0 2759420000.0 228254000.0 565706000.0 11107600000.0 6851830000.0 15475400000.0 -3.54 4.308 [-3.54]
10471300000000.0 1.11861e+16 11447400000.0 206601000000.0 55800500000.0 46360300000.0 2619220000.0 7398290.0 232097000000.0 2345960000.0 185955000.0 580047000.0 11201500000.0 6716070000.0 14214300000.0 -3.52 4.304 [-3.52]
10471300000000.0 1.06256e+16 11477500000.0 199157000000.0 51478200000.0 45007700000.0 2300280000.0 8246440.0 228891000000.0 1991040000.0 151214000.0 593428000.0 11263400000.0 6564070000.0 13015700000.0 -3.5 4.301 [-3.5]
10471300000000.0 1.00924e+16 11500800000.0 191803000000.0 47423900000.0 43648000000.0 2017080000.0 9185710.0 225437000000.0 1686420000.0 122695000.0 605861000.0 11293200000.0 6396860000.0 11880400000.0 -3.48 4.297 [-3.48]
10471300000000.0 9586860000000000.0 11517600000.0 184580000000.0 43639900000.0 42289700000.0 1766800000.0 10222100.0 221762000000.0 1426240000.0 99396500.0 617273000.0 11292200000.0 6217050000.0 10813600000.0 -3.46 4.294 [-3.46]
10471300000000.0 9106700000000000.0 11528200000.0 177486000000.0 40107700000.0 40933200000.0 1545580000.0 11365600.0 217863000000.0 1204020000.0 80366500.0 627699000.0 11260800000.0 6025930000.0 9814140000.0 -3.44 4.29 [-3.44]
10471300000000.0 8650640000000000.0 11533000000.0 170533000000.0 36815600000.0 39581300000.0 1350340000.0 12625700.0 213750000000.0 1014560000.0 64852800.0 637157000.0 11200200000.0 5825250000.0 8882170000.0 -3.42 4.287 [-3.42]
10471300000000.0 8217490000000000.0 11532200000.0 163731000000.0 33752000000.0 38236900000.0 1178290000.0 14012500.0 209435000000.0 853322000.0 52230300.0 645675000.0 11111900000.0 5616770000.0 8016940000.0 -3.4 4.283 [-3.4]
10471300000000.0 7806100000000000.0 11526100000.0 157085000000.0 30905200000.0 36902600000.0 1026890000.0 15536800.0 204927000000.0 716348000.0 41980400.0 653294000.0 10997600000.0 5402230000.0 7217070000.0 -3.38 4.28 [-3.38]
10471300000000.0 7415370000000000.0 11515000000.0 150605000000.0 28263700000.0 35580800000.0 893862000.0 17209900.0 200240000000.0 600206000.0 33673800.0 660061000.0 10859000000.0 5183310000.0 6480660000.0 -3.36 4.277 [-3.36]
10471300000000.0 7044290000000000.0 11499100000.0 144293000000.0 25816200000.0 34273800000.0 777143000.0 19043800.0 195387000000.0 501917000.0 26955900.0 666030000.0 10698200000.0 4961600000.0 5805310000.0 -3.34 4.273 [-3.34]
10471300000000.0 6691860000000000.0 11478800000.0 138156000000.0 23551700000.0 32983500000.0 674877000.0 21051200.0 190380000000.0 418897000.0 21534100.0 671261000.0 10517300000.0 4738630000.0 5188300000.0 -3.32 4.27 [-3.32]
10471300000000.0 6357150000000000.0 11454100000.0 132195000000.0 21459300000.0 31712000000.0 585398000.0 23245400.0 185236000000.0 348912000.0 17167400.0 675818000.0 10318300000.0 4515770000.0 4626580000.0 -3.3 4.266 [-3.3]
10471300000000.0 6039280000000000.0 11425400000.0 126413000000.0 19528800000.0 30461000000.0 507214000.0 25640300.0 179969000000.0 290033000.0 13657900.0 679765000.0 10103400000.0 4294310000.0 4116950000.0 -3.28 4.263 [-3.28]
10471300000000.0 5738010000000000.0 11392800000.0 120822000000.0 17753300000.0 29234600000.0 439108000.0 28246500.0 174608000000.0 240679000.0 10847700.0 683142000.0 9875340000.0 4075940000.0 3656780000.0 -3.26 4.259 [-3.26]
10471300000000.0 5450710000000000.0 11356300000.0 115388000000.0 16113100000.0 28026200000.0 379535000.0 31090300.0 169129000000.0 199180000.0 8591010.0 686098000.0 9634220000.0 3860030000.0 3240560000.0 -3.24 4.256 [-3.24]
10471300000000.0 5178430000000000.0 11316200000.0 110145000000.0 14609100000.0 26845000000.0 327786000.0 34176200.0 163587000000.0 164548000.0 6792340.0 688612000.0 9383920000.0 3649130000.0 2867020000.0 -3.22 4.252 [-3.22]
10471300000000.0 4919850000000000.0 11272600000.0 105081000000.0 13228900000.0 25689400000.0 282801000.0 37523700.0 157986000000.0 135652000.0 5359140.0 690776000.0 9125720000.0 3443420000.0 2532140000.0 -3.2 4.249 [-3.2]
10471300000000.0 4674810000000000.0 11225700000.0 100205000000.0 11966500000.0 24562800000.0 243814000.0 41144000.0 152357000000.0 111633000.0 4221400.0 692621000.0 8862060000.0 3244050000.0 2233180000.0 -3.18 4.245 [-3.18]
10471300000000.0 4441580000000000.0 11175500000.0 95493500000.0 10808800000.0 23460900000.0 209934000.0 45063800.0 146687000000.0 91640000.0 3316990.0 694256000.0 8593200000.0 3050530000.0 1966040000.0 -3.16 4.242 [-3.16]
10471300000000.0 4220120000000000.0 11122100000.0 90955000000.0 9750860000.0 22387000000.0 180590000.0 49294800.0 141007000000.0 75066900.0 2601070.0 695702000.0 8321410000.0 2863780000.0 1728330000.0 -3.14 4.238 [-3.14]
10471300000000.0 4009840000000000.0 11065700000.0 86587200000.0 8785440000.0 21341600000.0 155202000.0 53853800.0 135333000000.0 61359400.0 2035590.0 697004000.0 8048070000.0 2684140000.0 1517250000.0 -3.12 4.235 [-3.12]
10471300000000.0 3810120000000000.0 11006000000.0 82385400000.0 7905500000.0 20324700000.0 133258000.0 58758000.0 129678000000.0 50044700.0 1589790.0 698205000.0 7774270000.0 2511820000.0 1330180000.0 -3.1 4.231 [-3.1]
10471300000000.0 3620010000000000.0 10943200000.0 78337600000.0 7103040000.0 19334500000.0 114276000.0 64031800.0 124044000000.0 40711300.0 1238580.0 699362000.0 7500480000.0 2346570000.0 1164430000.0 -3.08 4.228 [-3.08]
10471300000000.0 3439910000000000.0 10877600000.0 74459700000.0 6375370000.0 18375800000.0 97939800.0 69675500.0 118473000000.0 33058200.0 963498.0 700459000.0 7229180000.0 2189300000.0 1018370000.0 -3.06 4.224 [-3.06]
10471300000000.0 3268880000000000.0 10808900000.0 70738100000.0 5714970000.0 17446300000.0 83864300.0 75711900.0 112964000000.0 26784200.0 748053.0 701544000.0 6960510000.0 2039580000.0 889631000.0 -3.04 4.221 [-3.04]
10471300000000.0 3106460000000000.0 10737400000.0 67168900000.0 5116460000.0 16546000000.0 71748400.0 82155400.0 107529000000.0 21652400.0 579666.0 702638000.0 6695210000.0 1897390000.0 776337000.0 -3.02 4.218 [-3.02]
10471300000000.0 2952600000000000.0 10663100000.0 63756700000.0 4575960000.0 15677000000.0 61349400.0 89008100.0 102196000000.0 17471800.0 448561.0 703734000.0 6434700000.0 1762970000.0 676960000.0 -3.0 4.214 [-3.0]
10471300000000.0 2806110000000000.0 10585600000.0 60479900000.0 4086370000.0 14834700000.0 52394700.0 96302700.0 96946200000.0 14060700.0 346289.0 704889000.0 6178030000.0 1635510000.0 589585000.0 -2.98 4.211 [-2.98]
10471300000000.0 2666980000000000.0 10505300000.0 57342900000.0 3644510000.0 14021200000.0 44707300.0 104039000.0 91804600000.0 11289600.0 266841.0 706085000.0 5926400000.0 1515170000.0 513011000.0 -2.96 4.207 [-2.96]
10471300000000.0 2534850000000000.0 10422100000.0 54342100000.0 3246340000.0 13236300000.0 38114500.0 112225000.0 86781200000.0 9043900.0 205254.0 707326000.0 5680240000.0 1401790000.0 445992000.0 -2.94 4.204 [-2.94]
10471300000000.0 2409370000000000.0 10336000000.0 51473200000.0 2888040000.0 12479700000.0 32465100.0 120865000.0 81884500000.0 7228190.0 157603.0 708608000.0 5439850000.0 1295170000.0 387404000.0 -2.92 4.201 [-2.92]
10471300000000.0 2290200000000000.0 10247000000.0 48731900000.0 2566070000.0 11751200000.0 27628000.0 129962000.0 77122200000.0 5763560.0 120807.0 709928000.0 5205480000.0 1195070000.0 336240000.0 -2.9 4.197 [-2.9]
10471300000000.0 2177030000000000.0 10155200000.0 46114400000.0 2277190000.0 11050400000.0 23490300.0 139514000.0 72502000000.0 4585030.0 92447.5 711274000.0 4977360000.0 1101250000.0 291611000.0 -2.88 4.194 [-2.88]
10471300000000.0 2069550000000000.0 10060600000.0 43616100000.0 2018330000.0 10377000000.0 19953600.0 149518000.0 68029600000.0 3638890.0 70629.8 712635000.0 4755590000.0 1013470000.0 252716000.0 -2.86 4.191 [-2.86]
10471300000000.0 1967460000000000.0 9963150000.0 41233200000.0 1786700000.0 9730630000.0 16933100.0 159966000.0 63710600000.0 2881160.0 53875.6 713998000.0 4540270000.0 931469000.0 218852000.0 -2.84 4.188 [-2.84]
10471300000000.0 1870510000000000.0 9862910000.0 38961600000.0 1579750000.0 9110990000.0 14355700.0 170846000.0 59549600000.0 2275800.0 41032.8 715344000.0 4331480000.0 854991000.0 189394000.0 -2.82 4.184 [-2.82]
10471300000000.0 1778420000000000.0 9759900000.0 36797300000.0 1395090000.0 8517700000.0 12158200.0 182141000.0 55550500000.0 1793360.0 31205.2 716654000.0 4129230000.0 783776000.0 163790000.0 -2.8 4.181 [-2.8]
10471300000000.0 1690740000000000.0 9653880000.0 34731100000.0 1230220000.0 7949140000.0 10283000.0 193848000.0 51708000000.0 1409180.0 23685.4 717921000.0 3932990000.0 717409000.0 141516000.0 -2.78 4.178 [-2.78]
10471300000000.0 1607680000000000.0 9545460000.0 32769900000.0 1083860000.0 7407540000.0 8690380.0 205909000.0 48041700000.0 1105140.0 17962.5 719089000.0 3743820000.0 655957000.0 122226000.0 -2.76 4.175 [-2.76]
10471300000000.0 1528790000000000.0 9434420000.0 30904500000.0 953799000.0 6891190000.0 7336260.0 218310000.0 44544200000.0 864631.0 13604.8 720148000.0 3561140000.0 599000000.0 105499000.0 -2.74 4.172 [-2.74]
10471300000000.0 1454030000000000.0 9321090000.0 29135700000.0 838618000.0 6400760000.0 6188010.0 231002000.0 41223300000.0 675142.0 0.0 721061000.0 3385330000.0 546411000.0 91030100.0 -2.72 4.169 [-2.72]
10471300000000.0 1382840000000000.0 9204930000.0 27450500000.0 736314000.0 5933630000.0 5211490.0 243982000.0 38064400000.0 525690.0 0.0 721829000.0 3215350000.0 497693000.0 78476300.0 -2.7 4.166 [-2.7]
10471300000000.0 1315200000000000.0 9086290000.0 25850100000.0 645772000.0 5490530000.0 4383640.0 257192000.0 35074200000.0 408349.0 0.0 722410000.0 3051600000.0 452742000.0 67613200.0 -2.68 4.163 [-2.68]
10471300000000.0 1250950000000000.0 8965250000.0 24331200000.0 565742000.0 5071020000.0 3682580.0 270589000.0 32251300000.0 316451.0 0.0 722776000.0 2893990000.0 411330000.0 58219300.0 -2.66 4.16 [-2.66]
10471300000000.0 1189910000000000.0 8841890000.0 22890300000.0 495097000.0 4674640000.0 3089570.0 284125000.0 29593500000.0 244662.0 0.0 722900000.0 2742410000.0 373236000.0 50101100.0 -2.64 4.157 [-2.64]
10471300000000.0 1131920000000000.0 8716320000.0 21524300000.0 432817000.0 4300910000.0 2588570.0 297753000.0 27098100000.0 188723.0 0.0 722752000.0 2596750000.0 338247000.0 43089900.0 -2.62 4.154 [-2.62]
10471300000000.0 1076820000000000.0 8588570000.0 20229800000.0 377974000.0 3949270000.0 2165800.0 311422000.0 24761500000.0 145241.0 0.0 722313000.0 2456870000.0 306156000.0 37038100.0 -2.6 4.151 [-2.6]
10471300000000.0 1024330000000000.0 8458410000.0 19000500000.0 329643000.0 3618470000.0 1808860.0 325103000.0 22575000000.0 111473.0 0.0 721557000.0 2322270000.0 276697000.0 31808200.0 -2.58 4.148 [-2.58]
10471300000000.0 974599000000000.0 8326710000.0 17840400000.0 287294000.0 3309460000.0 1509150.0 338703000.0 20543900000.0 85411.9 0.0 720443000.0 2193660000.0 249833000.0 27309700.0 -2.56 4.145 [-2.56]
10471300000000.0 927469000000000.0 8193560000.0 16745900000.0 250214000.0 3021400000.0 1257710.0 352174000.0 18661800000.0 65335.5 0.0 718958000.0 2070810000.0 225362000.0 23441100.0 -2.54 4.142 [-2.54]
10471300000000.0 882427000000000.0 8057900000.0 15705000000.0 217574000.0 2751740000.0 1045850.0 365528000.0 16911300000.0 49823.9 0.0 717090000.0 1952540000.0 202938000.0 20096300.0 -2.52 4.139 [-2.52]
10471300000000.0 839751000000000.0 7921080000.0 14724400000.0 189074000.0 2501710000.0 868728.0 378659000.0 15298600000.0 37938.2 0.0 714805000.0 1839800000.0 182579000.0 17224500.0 -2.5 4.137 [-2.5]
10471300000000.0 799193000000000.0 7782800000.0 13798300000.0 164156000.0 2269920000.0 720535.0 391544000.0 13813500000.0 28831.8 0.0 712090000.0 1732090000.0 164072000.0 14754800.0 -2.48 4.134 [-2.48]
10471300000000.0 760764000000000.0 7643650000.0 12926800000.0 142443000.0 2056100000.0 596987.0 404122000.0 12452500000.0 21882.5 0.0 708932000.0 1629620000.0 147317000.0 12636400.0 -2.46 4.131 [-2.46]
10471300000000.0 724126000000000.0 7502900000.0 12102000000.0 123452000.0 1858420000.0 493706.0 416399000.0 11202900000.0 16569.7 0.0 705317000.0 1531590000.0 132087000.0 10812500.0 -2.44 4.129 [-2.44]
10471300000000.0 689301000000000.0 7361110000.0 11324400000.0 106901000.0 1676610000.0 407704.0 428321000.0 10061200000.0 12525.4 0.0 701234000.0 1438200000.0 118302000.0 9246650.0 -2.42 4.126 [-2.42]
10471300000000.0 656095000000000.0 7217960000.0 10589400000.0 92459100.0 1509430000.0 336063.0 439880000.0 9018440000.0 9447.62 0.0 696668000.0 1349010000.0 105810000.0 7900310.0 -2.4 4.123 [-2.4]
10471300000000.0 624633000000000.0 7074560000.0 9899460000.0 79932200.0 1356850000.0 276744.0 451014000.0 8072830000.0 7119.42 0.0 691626000.0 1264510000.0 94566900.0 6748760.0 -2.38 4.121 [-2.38]
10471300000000.0 594724000000000.0 6930580000.0 9250070000.0 69048200.0 1217600000.0 227586.0 461723000.0 7215240000.0 5357.36 0.0 686102000.0 1184250000.0 84432900.0 5761950.0 -2.36 4.118 [-2.36]
10471300000000.0 566292000000000.0 6786190000.0 8639240000.0 59601300.0 1090830000.0 186917.0 471994000.0 6439320000.0 4026.14 0.0 680095000.0 1108100000.0 75311200.0 4916850.0 -2.34 4.116 [-2.34]
10471300000000.0 539260000000000.0 6641540000.0 8064990000.0 51409100.0 975715000.0 153320.0 481815000.0 5738810000.0 0.0 0.0 673610000.0 1035920000.0 67111100.0 4193510.0 -2.32 4.113 [-2.32]
10471300000000.0 513560000000000.0 6496800000.0 7525460000.0 44311800.0 871421000.0 125610.0 491179000.0 5107750000.0 0.0 0.0 666653000.0 967588000.0 59749200.0 3574790.0 -2.3 4.111 [-2.3]
10471300000000.0 489125000000000.0 6352120000.0 7018850000.0 38168400.0 777151000.0 102789.0 500085000.0 4540410000.0 0.0 0.0 659234000.0 902962000.0 53148200.0 3045850.0 -2.28 4.108 [-2.28]
10471300000000.0 465890000000000.0 6207670000.0 6543410000.0 32855300.0 692131000.0 84020.7 508534000.0 4031340000.0 0.0 0.0 651365000.0 841910000.0 47236600.0 2593930.0 -2.26 4.106 [-2.26]
10471300000000.0 443797000000000.0 6063600000.0 6097500000.0 28264200.0 615615000.0 68607.9 516528000.0 3575390000.0 0.0 0.0 643061000.0 784300000.0 41949000.0 2208060.0 -2.24 4.104 [-2.24]
10471300000000.0 422788000000000.0 5920080000.0 5679540000.0 24300200.0 546894000.0 55967.3 524075000.0 3167750000.0 0.0 0.0 634338000.0 730000000.0 37224800.0 1878760.0 -2.22 4.101 [-2.22]
10471300000000.0 402808000000000.0 5777250000.0 5287990000.0 20880300.0 485292000.0 45613.5 531183000.0 2803880000.0 0.0 0.0 625218000.0 678878000.0 33008900.0 1597900.0 -2.2 4.099 [-2.2]
10471300000000.0 383807000000000.0 5635270000.0 4921410000.0 17932300.0 430175000.0 37143.4 537864000.0 2479610000.0 0.0 0.0 615720000.0 630804000.0 29250600.0 1358490.0 -2.18 4.097 [-2.18]
10471300000000.0 365736000000000.0 5494300000.0 4578410000.0 15392700.0 380944000.0 30222.1 544129000.0 2191030000.0 0.0 0.0 605870000.0 585650000.0 25903800.0 1154540.0 -2.16 4.094 [-2.16]
10471300000000.0 348548000000000.0 5354460000.0 4257640000.0 13206500.0 337041000.0 24572.6 549994000.0 1934580000.0 0.0 0.0 595692000.0 543284000.0 22926400.0 980865.0 -2.14 4.092 [-2.14]
10471300000000.0 332277000000000.0 5216590000.0 3959250000.0 11332300.0 298078000.0 19978.7 555460000.0 1707670000.0 0.0 0.0 585260000.0 503777000.0 20289800.0 833543.0 -2.12 4.09 [-2.12]
10471300000000.0 316726000000000.0 5079470000.0 3679170000.0 9714820.0 263313000.0 16223.9 560569000.0 1505820000.0 0.0 0.0 574512000.0 466607000.0 17939200.0 707761.0 -2.1 4.087 [-2.1]
10471300000000.0 301932000000000.0 4943890000.0 3417700000.0 8325150.0 232444000.0 13167.6 565324000.0 1327080000.0 0.0 0.0 563521000.0 431854000.0 15853800.0 600814.0 -2.08 4.085 [-2.08]
10471300000000.0 287859000000000.0 4809990000.0 3173740000.0 7131900.0 205067000.0 10682.0 569741000.0 1168950000.0 0.0 0.0 552317000.0 399396000.0 14005200.0 509926.0 -2.06 4.083 [-2.06]
