Cloudy_runs/1es1553/z=0.187764/logZ=-1/component_III_PI_nH/component_III_PI_nH_col_density_param.txt
# %ECSV 1.0
# ---
# datatype:
# - {name: H, datatype: float64}
# - {name: H+, datatype: float64}
# - {name: C+, datatype: float64}
# - {name: C+2, datatype: float64}
# - {name: C+3, datatype: float64}
# - {name: N+2, datatype: float64}
# - {name: N+4, datatype: float64}
# - {name: O, datatype: float64}
# - {name: O+2, datatype: float64}
# - {name: O+5, datatype: float64}
# - {name: O+6, datatype: float64}
# - {name: Si+, datatype: float64}
# - {name: Si+2, datatype: float64}
# - {name: Si+3, datatype: float64}
# - {name: Si+4, datatype: float64}
# - {name: log_nH, datatype: float64}
# - {name: log_Te, datatype: float64}
# - {name: parameters, datatype: string, subtype: 'float64[1]'}
# schema: astropy-2.0
H H+ C+ C+2 C+3 N+2 N+4 O O+2 O+5 O+6 Si+ Si+2 Si+3 Si+4 log_nH log_Te parameters
[from data line 149]
10471300000000.0 261734000000000.0 4547650000.0 2734200000.0 5229470.0 159358000.0 7021.65 577629000.0 905792000.0 0.0 0.0 529386000.0 340902000.0 10918300.0 367155.0 -2.02 4.079 [-2.02]
10471300000000.0 249544000000000.0 4418650000.0 2535540000.0 4473280.0 140311000.0 5685.69 581142000.0 796483000.0 0.0 0.0 517656000.0 314474000.0 9630600.0 311274.0 -2.0 4.077 [-2.0]
10471300000000.0 238084000000000.0 4293270000.0 2352770000.0 3831010.0 123628000.0 4610.11 584365000.0 700886000.0 0.0 0.0 505963000.0 290208000.0 8502760.0 264271.0 -1.98 4.075 [-1.98]
10471300000000.0 227043000000000.0 4168510000.0 2180580000.0 3275760.0 108777000.0 3731.23 587347000.0 615937000.0 0.0 0.0 494069000.0 267372000.0 7496750.0 224033.0 -1.96 4.073 [-1.96]
10471300000000.0 216604000000000.0 4046790000.0 2021440000.0 2802680.0 95738200.0 3022.0 590079000.0 541465000.0 0.0 0.0 482207000.0 246324000.0 6612890.0 190076.0 -1.94 4.07 [-1.94]
10471300000000.0 206670000000000.0 3927400000.0 1873490000.0 2397730.0 84246200.0 2447.4 592584000.0 475916000.0 0.0 0.0 470338000.0 226811000.0 5832770.0 161283.0 -1.92 4.068 [-1.92]
10471300000000.0 197216000000000.0 3810390000.0 1736020000.0 2051220.0 74123200.0 1982.02 594875000.0 418250000.0 0.0 0.0 458488000.0 208739000.0 5144500.0 136875.0 -1.9 4.066 [-1.9]
10471300000000.0 188303000000000.0 3696940000.0 1609510000.0 1756730.0 65265900.0 1607.19 596959000.0 367844000.0 0.0 0.0 446786000.0 192184000.0 4541600.0 116321.0 -1.88 4.064 [-1.88]
10471300000000.0 179660000000000.0 3583860000.0 1489850000.0 1501350.0 57369900.0 1300.17 598868000.0 322971000.0 0.0 0.0 434939000.0 176582000.0 4002500.0 98659.4 -1.86 4.062 [-1.86]
10471300000000.0 171514000000000.0 3474400000.0 1379880000.0 1284610.0 50471500.0 1053.25 600594000.0 283802000.0 0.0 0.0 423290000.0 162320000.0 3530910.0 83803.5 -1.84 4.06 [-1.84]
10471300000000.0 163759000000000.0 3367500000.0 1277870000.0 1099300.0 44404300.0 853.372 602154000.0 249388000.0 0.0 0.0 411754000.0 149156000.0 3115290.0 71210.9 -1.82 4.059 [-1.82]
10471300000000.0 156378000000000.0 3263190000.0 1183270000.0 940869.0 39069500.0 691.578 603560000.0 219159000.0 0.0 0.0 400352000.0 137016000.0 2749070.0 60536.4 -1.8 4.057 [-1.8]
10471300000000.0 149350000000000.0 3161480000.0 1095580000.0 805434.0 34379500.0 560.606 604821000.0 192610000.0 0.0 0.0 389100000.0 125827000.0 2426410.0 51486.6 -1.78 4.055 [-1.78]
10471300000000.0 142659000000000.0 3062400000.0 1014320000.0 689663.0 30257200.0 454.578 605946000.0 169296000.0 0.0 0.0 378017000.0 115523000.0 2142150.0 43813.2 -1.76 4.053 [-1.76]
10471300000000.0 136338000000000.0 2966680000.0 939608000.0 591216.0 26651900.0 369.093 606941000.0 148924000.0 0.0 0.0 367198000.0 106113000.0 1893050.0 37338.9 -1.74 4.051 [-1.74]
10471300000000.0 130271000000000.0 2872840000.0 869874000.0 506556.0 23466200.0 299.516 607820000.0 130941000.0 0.0 0.0 356493000.0 97387000.0 1672310.0 31813.9 -1.72 4.049 [-1.72]
10471300000000.0 124495000000000.0 2781610000.0 805312000.0 434176.0 20666500.0 243.159 608587000.0 115153000.0 0.0 0.0 345996000.0 89365800.0 1477840.0 27125.2 -1.7 4.047 [-1.7]
10471300000000.0 118937000000000.0 2692060000.0 744948000.0 371852.0 18189600.0 197.239 609249000.0 101200000.0 0.0 0.0 335609000.0 81920400.0 1305270.0 23117.0 -1.68 4.045 [-1.68]
10471300000000.0 113699000000000.0 2606010000.0 689677000.0 318978.0 16028400.0 160.276 609812000.0 89036400.0 0.0 0.0 325554000.0 75157100.0 1154370.0 19739.8 -1.66 4.044 [-1.66]
10471300000000.0 108727000000000.0 2522820000.0 638722000.0 273863.0 14133100.0 130.369 610283000.0 78380300.0 0.0 0.0 315768000.0 68970100.0 1021700.0 16876.9 -1.64 4.042 [-1.64]
10471300000000.0 104012000000000.0 2442510000.0 591777000.0 235363.0 12471100.0 0.0 610667000.0 69044200.0 0.0 0.0 306259000.0 63319700.0 905040.0 14449.4 -1.62 4.04 [-1.62]
10471300000000.0 99484200000000.0 2364060000.0 548014000.0 202217.0 11001600.0 0.0 610969000.0 60800400.0 0.0 0.0 296921000.0 58093400.0 801575.0 12372.0 -1.6 4.038 [-1.6]
10471300000000.0 95135200000000.0 2287440000.0 507223000.0 173686.0 9702560.0 0.0 611192000.0 53521800.0 0.0 0.0 287755000.0 53261100.0 709816.0 10593.9 -1.58 4.036 [-1.58]
10471300000000.0 91061100000000.0 2214520000.0 470134000.0 149543.0 8572520.0 0.0 611346000.0 47196200.0 0.0 0.0 278988000.0 48910300.0 629793.0 9097.52 -1.56 4.035 [-1.56]
10471300000000.0 87145300000000.0 2143350000.0 435548000.0 128726.0 7572270.0 0.0 611430000.0 41605000.0 0.0 0.0 270397000.0 44886200.0 558724.0 7813.66 -1.54 4.033 [-1.54]
10471300000000.0 83413800000000.0 2074520000.0 403577000.0 110885.0 6691900.0 0.0 611450000.0 36690500.0 0.0 0.0 262057000.0 41199800.0 495973.0 6718.45 -1.52 4.031 [-1.52]
10471300000000.0 79824600000000.0 2007360000.0 373760000.0 95492.1 5912290.0 0.0 611404000.0 32345200.0 0.0 0.0 253893000.0 37790800.0 440213.0 5777.61 -1.5 4.03 [-1.5]
10471300000000.0 76468000000000.0 1943700000.0 346712000.0 82461.2 5234160.0 0.0 611307000.0 28569800.0 0.0 0.0 246128000.0 34731000.0 391565.0 4984.39 -1.48 4.028 [-1.48]
10471300000000.0 73205300000000.0 1880990000.0 321227000.0 71122.6 4629020.0 0.0 611148000.0 25207200.0 0.0 0.0 238462000.0 31870400.0 347990.0 4296.55 -1.46 4.026 [-1.46]
10471300000000.0 70156600000000.0 1821650000.0 298134000.0 61519.3 4102590.0 0.0 610945000.0 22285600.0 0.0 0.0 231187000.0 29306200.0 309958.0 3715.95 -1.44 4.025 [-1.44]
10471300000000.0 67201400000000.0 1763420000.0 276438000.0 53170.4 3633350.0 0.0 610686000.0 19686800.0 0.0 0.0 224038000.0 26915700.0 275929.0 3212.47 -1.42 4.023 [-1.42]
10471300000000.0 64389700000000.0 1707360000.0 256429000.0 46004.5 3220140.0 0.0 610380000.0 17401900.0 0.0 0.0 217140000.0 24734500.0 245850.0 2781.54 -1.4 4.021 [-1.4]
10471300000000.0 61719600000000.0 1653520000.0 238013000.0 39857.4 2856520.0 0.0 610032000.0 15394900.0 0.0 0.0 210506000.0 22745500.0 219281.0 2412.58 -1.38 4.02 [-1.38]
10471300000000.0 59172800000000.0 1601610000.0 220988000.0 34564.3 2535470.0 0.0 609641000.0 13626400.0 0.0 0.0 204100000.0 20924200.0 195730.0 2095.4 -1.36 4.018 [-1.36]
10471300000000.0 56743500000000.0 1551560000.0 205247000.0 30003.0 2251870.0 0.0 609210000.0 12067300.0 0.0 0.0 197919000.0 19256200.0 174842.0 1822.42 -1.34 4.016 [-1.34]
10471300000000.0 54425700000000.0 1503330000.0 190692000.0 26069.5 2001220.0 0.0 608741000.0 10692400.0 0.0 0.0 191957000.0 17728400.0 156304.0 1587.2 -1.32 4.015 [-1.32]
10471300000000.0 52224800000000.0 1457090000.0 177294000.0 22685.0 1780230.0 0.0 608238000.0 9482720.0 0.0 0.0 186237000.0 16335300.0 139890.0 1384.9 -1.3 4.013 [-1.3]
10471300000000.0 50103600000000.0 1412100000.0 164780000.0 19742.0 1583510.0 0.0 607694000.0 8408350.0 0.0 0.0 180669000.0 15046700.0 125214.0 1209.04 -1.28 4.012 [-1.28]
10471300000000.0 48099200000000.0 1369190000.0 153317000.0 17214.9 1410450.0 0.0 607124000.0 7465510.0 0.0 0.0 175358000.0 13876900.0 112246.0 1057.94 -1.26 4.01 [-1.26]
10471300000000.0 46175900000000.0 1327670000.0 142655000.0 15020.4 1256660.0 0.0 606519000.0 6629710.0 0.0 0.0 170217000.0 12799400.0 100668.0 926.656 -1.24 4.009 [-1.24]
10471300000000.0 44339600000000.0 1287680000.0 132787000.0 13119.8 1120370.0 0.0 605883000.0 5890900.0 0.0 0.0 165266000.0 11811500.0 90359.7 812.838 -1.22 4.007 [-1.22]
10471300000000.0 42586000000000.0 1249190000.0 123651000.0 11472.4 999519.0 0.0 605220000.0 5237500.0 0.0 0.0 160501000.0 10905300.0 81174.4 714.033 -1.2 4.006 [-1.2]
10471300000000.0 40911100000000.0 1212130000.0 115192000.0 10043.0 892291.0 0.0 604528000.0 4659350.0 0.0 0.0 155915000.0 10074000.0 72984.2 628.148 -1.18 4.004 [-1.18]
10471300000000.0 39306700000000.0 1176350000.0 107335000.0 8799.35 796935.0 0.0 603809000.0 4146650.0 0.0 0.0 151490000.0 9309000.0 65663.8 553.271 -1.16 4.003 [-1.16]
10471300000000.0 37782600000000.0 1142110000.0 100096000.0 7722.38 712529.0 0.0 603070000.0 3694150.0 0.0 0.0 147259000.0 8610470.0 59149.8 488.248 -1.14 4.001 [-1.14]
10471300000000.0 36321800000000.0 1109060000.0 93367500.0 6783.28 637358.0 0.0 602305000.0 3292350.0 0.0 0.0 143176000.0 7967090.0 53317.7 431.393 -1.12 4.0 [-1.12]
10471300000000.0 34925500000000.0 1077250000.0 87129200.0 5965.24 570496.0 0.0 601518000.0 2936060.0 0.0 0.0 139249000.0 7375880.0 48101.8 381.707 -1.1 3.998 [-1.1]
10471300000000.0 33590700000000.0 1046630000.0 81343700.0 5251.95 510988.0 0.0 600710000.0 2619960.0 0.0 0.0 135474000.0 6832460.0 43433.6 338.228 -1.08 3.997 [-1.08]
10471300000000.0 32314400000000.0 1017160000.0 75976400.0 4629.34 457991.0 0.0 599884000.0 2339340.0 0.0 0.0 131844000.0 6332730.0 39252.3 300.131 -1.06 3.995 [-1.06]
10471300000000.0 31093800000000.0 988791000.0 70995100.0 4085.31 410762.0 0.0 599038000.0 2090090.0 0.0 0.0 128353000.0 5872990.0 35504.1 266.704 -1.04 3.994 [-1.04]
10471300000000.0 29926200000000.0 961487000.0 66370600.0 3609.45 368647.0 0.0 598175000.0 1868580.0 0.0 0.0 124998000.0 5449830.0 32141.6 237.334 -1.02 3.992 [-1.02]
10471300000000.0 28809100000000.0 935202000.0 62075500.0 3192.76 331067.0 0.0 597296000.0 1671600.0 0.0 0.0 121772000.0 5060170.0 29122.8 211.493 -1.0 3.991 [-1.0]
10471300000000.0 27740100000000.0 909899000.0 58084900.0 2827.49 297513.0 0.0 596401000.0 1496330.0 0.0 0.0 118671000.0 4701190.0 26410.2 188.728 -0.98 3.99 [-0.98]
10471300000000.0 26717000000000.0 885536000.0 54375700.0 2506.95 267532.0 0.0 595493000.0 1340280.0 0.0 0.0 115690000.0 4370280.0 23970.9 168.645 -0.96 3.988 [-0.96]
10471300000000.0 25737400000000.0 862077000.0 50926600.0 2225.34 240728.0 0.0 594572000.0 1201270.0 0.0 0.0 112825000.0 4065100.0 21775.6 150.903 -0.94 3.987 [-0.94]
10471300000000.0 24799400000000.0 839487000.0 47718200.0 1977.68 216747.0 0.0 593638000.0 1077360.0 0.0 0.0 110070000.0 3783520.0 19798.2 135.21 -0.92 3.985 [-0.92]
10471300000000.0 23900900000000.0 817728000.0 44732100.0 1759.62 195278.0 0.0 592694000.0 966843.0 0.0 0.0 107422000.0 3523560.0 18015.8 121.31 -0.9 3.984 [-0.9]
10471300000000.0 23040200000000.0 796769000.0 41952000.0 1567.42 176045.0 0.0 591740000.0 868210.0 0.0 0.0 104875000.0 3283430.0 16407.7 108.981 -0.88 3.983 [-0.88]
10471300000000.0 22215500000000.0 776576000.0 39362400.0 1397.82 158805.0 0.0 590776000.0 780131.0 0.0 0.0 102427000.0 3061500.0 14955.7 98.0327 -0.86 3.981 [-0.86]
10471300000000.0 21425000000000.0 757118000.0 36949300.0 1248.0 143340.0 0.0 589805000.0 701427.0 0.0 0.0 100073000.0 2856280.0 13643.7 88.2966 -0.84 3.98 [-0.84]
10471300000000.0 20667200000000.0 738364000.0 34699500.0 1115.5 129460.0 0.0 588826000.0 631058.0 0.0 0.0 97809700.0 2666400.0 12457.1 79.6276 -0.82 3.979 [-0.82]
10471300000000.0 19940600000000.0 720285000.0 32601100.0 998.191 116992.0 0.0 587841000.0 568102.0 0.0 0.0 95632800.0 2490620.0 11383.1 71.8989 -0.8 3.977 [-0.8]
10471300000000.0 19240700000000.0 702781000.0 30635300.0 893.975 105762.0 0.0 586847000.0 511614.0 0.0 0.0 93530200.0 2327180.0 10408.2 64.9848 -0.78 3.976 [-0.78]
10471300000000.0 18575000000000.0 686044000.0 28814900.0 801.956 95711.0 0.0 585856000.0 461259.0 0.0 0.0 91524900.0 2176880.0 9528.21 58.8332 -0.76 3.974 [-0.76]
10471300000000.0 17933400000000.0 669828000.0 27107500.0 720.003 86643.2 0.0 584857000.0 416010.0 0.0 0.0 89587300.0 2036920.0 8727.94 53.3147 -0.74 3.973 [-0.74]
10471300000000.0 17317600000000.0 654182000.0 25512000.0 647.125 78478.3 0.0 583856000.0 375428.0 0.0 0.0 87723100.0 1907060.0 8001.26 48.3702 -0.72 3.972 [-0.72]
10471300000000.0 16726500000000.0 639082000.0 24020400.0 582.248 71121.9 0.0 582853000.0 339010.0 0.0 0.0 85929200.0 1786500.0 7340.89 43.9346 -0.7 3.97 [-0.7]
10471300000000.0 16158800000000.0 624505000.0 22625200.0 524.426 64489.4 0.0 581848000.0 306307.0 0.0 0.0 84202700.0 1674490.0 6740.25 39.9505 -0.68 3.969 [-0.68]
10471300000000.0 15613500000000.0 610429000.0 21319700.0 472.84 58506.3 0.0 580843000.0 276923.0 0.0 0.0 82540800.0 1570370.0 6193.53 36.3678 -0.66 3.968 [-0.66]
10471300000000.0 15087300000000.0 596774000.0 20092600.0 426.663 53093.5 0.0 579834000.0 250445.0 0.0 0.0 80934000.0 1473160.0 5694.51 33.1357 -0.64 3.966 [-0.64]
10471300000000.0 14584000000000.0 583640000.0 18948000.0 385.482 48217.0 0.0 578829000.0 226686.0 0.0 0.0 79393800.0 1383060.0 5240.57 30.2292 -0.62 3.965 [-0.62]
10471300000000.0 14100200000000.0 570946000.0 17875500.0 348.623 43810.0 0.0 577827000.0 205299.0 0.0 0.0 77910600.0 1299150.0 4826.39 27.6065 -0.6 3.964 [-0.6]
10471300000000.0 13637000000000.0 558727000.0 16873900.0 315.671 39833.9 0.0 576831000.0 186078.0 0.0 0.0 76488200.0 1221270.0 4448.93 25.2419 -0.58 3.963 [-0.58]
10471300000000.0 13189500000000.0 546856000.0 15930400.0 286.043 36227.7 0.0 575833000.0 168713.0 0.0 0.0 75111700.0 1148360.0 4103.28 23.0986 -0.56 3.961 [-0.56]
10471300000000.0 12759200000000.0 535374000.0 15045100.0 259.443 32963.3 0.0 574839000.0 153054.0 0.0 0.0 73785400.0 1080350.0 3787.19 21.1582 -0.54 3.96 [-0.54]
10471300000000.0 12345100000000.0 524262000.0 14213900.0 235.537 30006.5 0.0 573849000.0 138925.0 0.0 0.0 72507400.0 1016870.0 3497.91 19.3995 -0.52 3.959 [-0.52]
10471300000000.0 11946500000000.0 513505000.0 13433100.0 214.031 27327.0 0.0 572863000.0 126169.0 0.0 0.0 71275600.0 957575.0 3232.96 17.8038 -0.5 3.957 [-0.5]
10471300000000.0 11562900000000.0 503088000.0 12699500.0 194.664 24897.4 0.0 571883000.0 114645.0 0.0 0.0 70088000.0 902165.0 2990.13 16.3546 -0.48 3.956 [-0.48]
10471300000000.0 11193500000000.0 492998000.0 12009700.0 177.206 22693.3 0.0 570908000.0 104230.0 0.0 0.0 68943000.0 850354.0 2767.39 15.037 -0.46 3.955 [-0.46]
10471300000000.0 10837800000000.0 483219000.0 11361000.0 161.454 20692.8 0.0 569939000.0 94810.1 0.0 0.0 67838800.0 801880.0 2562.94 13.8378 -0.44 3.953 [-0.44]
10471300000000.0 10495100000000.0 473740000.0 10750600.0 147.228 18876.2 0.0 568976000.0 86286.3 0.0 0.0 66773700.0 756501.0 2375.15 12.7454 -0.42 3.952 [-0.42]
10471300000000.0 10165000000000.0 464549000.0 10176000.0 134.369 17225.7 0.0 568021000.0 78569.2 0.0 0.0 65746200.0 714003.0 2202.53 11.7493 -0.4 3.951 [-0.4]
10471300000000.0 9846730000000.0 455631000.0 9634810.0 122.732 15725.4 0.0 567072000.0 71577.9 0.0 0.0 64754600.0 674166.0 2043.74 10.8401 -0.38 3.949 [-0.38]
10471300000000.0 9539970000000.0 446978000.0 9124930.0 112.194 14361.0 0.0 566132000.0 65241.1 0.0 0.0 63797700.0 636810.0 1897.58 10.0094 -0.36 3.948 [-0.36]
10471300000000.0 9244190000000.0 438576000.0 8644330.0 102.64 13119.6 0.0 565199000.0 59494.3 0.0 0.0 62874000.0 601759.0 1762.94 9.24978 -0.34 3.947 [-0.34]
10471300000000.0 8958920000000.0 430416000.0 8191140.0 93.9728 11989.6 0.0 564275000.0 54279.8 0.0 0.0 61982100.0 568854.0 1638.84 8.5545 -0.32 3.945 [-0.32]
10471300000000.0 8683740000000.0 422489000.0 7763630.0 86.102 10960.6 0.0 563359000.0 49545.8 0.0 0.0 61120900.0 537947.0 1524.37 0.0 -0.3 3.944 [-0.3]
10471300000000.0 8418230000000.0 414784000.0 7360180.0 78.9485 10023.2 0.0 562452000.0 45245.8 0.0 0.0 60289100.0 508902.0 1418.72 0.0 -0.28 3.943 [-0.28]
10471300000000.0 8160920000000.0 407260000.0 6977910.0 72.4296 9166.98 0.0 561551000.0 41330.1 0.0 0.0 59482100.0 481476.0 1321.0 0.0 -0.26 3.941 [-0.26]
10471300000000.0 7913600000000.0 399974000.0 6618240.0 66.5066 8388.05 0.0 560663000.0 37777.6 0.0 0.0 58705800.0 455781.0 1230.83 0.0 -0.24 3.94 [-0.24]
10471300000000.0 7674800000000.0 392883000.0 6278420.0 0.0 7677.54 0.0 559785000.0 34545.7 0.0 0.0 57955500.0 431591.0 1147.44 0.0 -0.22 3.938 [-0.22]
10471300000000.0 7444180000000.0 385981000.0 5957220.0 0.0 7029.17 0.0 558917000.0 31604.1 0.0 0.0 57230300.0 408808.0 1070.28 0.0 -0.2 3.937 [-0.2]
10471300000000.0 7221410000000.0 379259000.0 5653520.0 0.0 6437.28 0.0 558058000.0 28925.4 0.0 0.0 56529100.0 387336.0 998.835 0.0 -0.18 3.936 [-0.18]
10471300000000.0 7006970000000.0 372735000.0 5367160.0 0.0 5897.68 0.0 557213000.0 26489.2 0.0 0.0 55853600.0 367154.0 932.723 0.0 -0.16 3.934 [-0.16]
