Cloudy_runs/1es1553/z=0.187764/logZ=-1/component_III_PI_nH/component_III_PI_nH_col_density_param.txt
# %ECSV 1.0
# ---
# datatype:
# - {name: H, datatype: float64}
# - {name: H+, datatype: float64}
# - {name: C+, datatype: float64}
# - {name: C+2, datatype: float64}
# - {name: C+3, datatype: float64}
# - {name: N+2, datatype: float64}
# - {name: N+4, datatype: float64}
# - {name: O, datatype: float64}
# - {name: O+2, datatype: float64}
# - {name: O+5, datatype: float64}
# - {name: O+6, datatype: float64}
# - {name: Si+, datatype: float64}
# - {name: Si+2, datatype: float64}
# - {name: Si+3, datatype: float64}
# - {name: Si+4, datatype: float64}
# - {name: log_nH, datatype: float64}
# - {name: log_Te, datatype: float64}
# - {name: parameters, datatype: string, subtype: 'float64[1]'}
# schema: astropy-2.0
H H+ C+ C+2 C+3 N+2 N+4 O O+2 O+5 O+6 Si+ Si+2 Si+3 Si+4 log_nH log_Te parameters
10471300000000.0 5.49226e+17 416224000.0 77163000000.0 371015000000.0 11620500000.0 411880000000.0 1811.75 29481000000.0 5914240000000.0 12639000000000.0 180595.0 10559900.0 62451100.0 9281470000.0 -5.0 4.584 [-5.0]
10471300000000.0 5.19502e+17 454154000.0 82021000000.0 379279000000.0 12445600000.0 410097000000.0 2028.78 31737100000.0 5693590000000.0 11560500000000.0 216961.0 12382100.0 70794500.0 9958110000.0 -4.98 4.579 [-4.98]
10471300000000.0 4.91498e+17 494961000.0 87069200000.0 387240000000.0 13317300000.0 407738000000.0 2272.13 34130900000.0 5469830000000.0 10555200000000.0 260106.0 14493500.0 80118300.0 10668000000.0 -4.96 4.574 [-4.96]
10471300000000.0 4.65103e+17 538822000.0 92308100000.0 394880000000.0 14236900000.0 404805000000.0 2544.88 36665900000.0 5243890000000.0 9620090000000.0 311188.0 16936000.0 90519900.0 11411500000.0 -4.94 4.569 [-4.94]
10471300000000.0 4.40214e+17 585919000.0 97738000000.0 402182000000.0 15205500000.0 401303000000.0 2850.46 39344800000.0 5016690000000.0 8751800000000.0 371547.0 19756700.0 102105000.0 12188600000.0 -4.92 4.564 [-4.92]
10471300000000.0 4.16736e+17 636441000.0 103358000000.0 409130000000.0 16223900000.0 397239000000.0 3192.65 42169800000.0 4789140000000.0 7947150000000.0 442725.0 23008900.0 114986000.0 12999400000.0 -4.9 4.559 [-4.9]
10471300000000.0 3.94583e+17 690573000.0 109167000000.0 415710000000.0 17292700000.0 392622000000.0 3575.54 45141700000.0 4562160000000.0 7203060000000.0 526483.0 26751900.0 129285000.0 13843500000.0 -4.88 4.555 [-4.88]
10471300000000.0 3.73668e+17 748525000.0 115165000000.0 421906000000.0 18412400000.0 387462000000.0 4003.86 48261900000.0 4336570000000.0 6516260000000.0 624867.0 31053500.0 145133000.0 14720900000.0 -4.86 4.55 [-4.86]
10471300000000.0 3.53916e+17 810491000.0 121347000000.0 427706000000.0 19583100000.0 381772000000.0 4482.6 51529800000.0 4113230000000.0 5883690000000.0 740192.0 35988700.0 162670000.0 15631000000.0 -4.84 4.546 [-4.84]
10471300000000.0 3.3526e+17 876690000.0 127712000000.0 433096000000.0 20804500000.0 375566000000.0 5017.58 54944900000.0 3892930000000.0 5302380000000.0 875103.0 41641300.0 182042000.0 16573000000.0 -4.82 4.541 [-4.82]
10471300000000.0 3.1764e+17 947408000.0 134258000000.0 438062000000.0 22077200000.0 368865000000.0 5616.11 58509200000.0 3676460000000.0 4769460000000.0 1032630.0 48104900.0 203399000.0 17545700000.0 -4.8 4.537 [-4.8]
10471300000000.0 3.00982e+17 1022760000.0 140977000000.0 442595000000.0 23398700000.0 361684000000.0 6283.8 62215200000.0 3464470000000.0 4281760000000.0 1216180.0 55484000.0 226918000.0 18548400000.0 -4.78 4.532 [-4.78]
10471300000000.0 2.85231e+17 1102970000.0 147862000000.0 446682000000.0 24767500000.0 354046000000.0 7028.4 66059700000.0 3257620000000.0 3836480000000.0 1429620.0 63894400.0 252774000.0 19579700000.0 -4.76 4.528 [-4.76]
10471300000000.0 2.7033e+17 1188220000.0 154906000000.0 450312000000.0 26181600000.0 345974000000.0 7858.03 70037700000.0 3056470000000.0 3430780000000.0 1677300.0 73464600.0 281160000.0 20638100000.0 -4.74 4.524 [-4.74]
10471300000000.0 2.56235e+17 1278750000.0 162101000000.0 453476000000.0 27639100000.0 337496000000.0 8782.6 74145700000.0 2861550000000.0 3062050000000.0 1964150.0 84336200.0 312264000.0 21721800000.0 -4.72 4.52 [-4.72]
10471300000000.0 2.42896e+17 1374730000.0 169437000000.0 456163000000.0 29136500000.0 328641000000.0 9811.82 78376000000.0 2673300000000.0 2727640000000.0 2295670.0 96665400.0 346300000.0 22828600000.0 -4.7 4.516 [-4.7]
10471300000000.0 2.30268e+17 1476320000.0 176901000000.0 458365000000.0 30670500000.0 319440000000.0 10957.1 82721900000.0 2492100000000.0 2425040000000.0 2678010.0 110624000.0 383483000.0 23956400000.0 -4.68 4.511 [-4.68]
10471300000000.0 2.18313e+17 1583710000.0 184482000000.0 460072000000.0 32237200000.0 309926000000.0 12231.0 87175800000.0 2318250000000.0 2151880000000.0 3118040.0 126402000.0 424038000.0 25102700000.0 -4.66 4.507 [-4.66]
10471300000000.0 2.06992e+17 1697080000.0 192165000000.0 461278000000.0 33832500000.0 300134000000.0 13648.0 91730500000.0 2151980000000.0 1905820000000.0 3623450.0 144204000.0 468200000.0 26264500000.0 -4.64 4.503 [-4.64]
10471300000000.0 1.96269e+17 1816550000.0 199936000000.0 461973000000.0 35451600000.0 290101000000.0 15223.6 96377100000.0 1993470000000.0 1684700000000.0 4202690.0 164257000.0 516211000.0 27439000000.0 -4.62 4.499 [-4.62]
10471300000000.0 1.86109e+17 1942200000.0 207774000000.0 462152000000.0 37088500000.0 279866000000.0 16974.4 101104000000.0 1842810000000.0 1486400000000.0 4865090.0 186806000.0 568331000.0 28622700000.0 -4.6 4.495 [-4.6]
10471300000000.0 1.76483e+17 2074200000.0 215663000000.0 461808000000.0 38738800000.0 269468000000.0 18921.1 105906000000.0 1700050000000.0 1309010000000.0 5621040.0 212116000.0 624805000.0 29812100000.0 -4.58 4.491 [-4.58]
10471300000000.0 1.67363e+17 2212630000.0 223582000000.0 460938000000.0 40396400000.0 258948000000.0 21085.8 110771000000.0 1565190000000.0 1150660000000.0 6481870.0 240476000.0 685895000.0 31003400000.0 -4.56 4.488 [-4.56]
10471300000000.0 1.5872e+17 2357580000.0 231512000000.0 459538000000.0 42055600000.0 248347000000.0 23493.4 115690000000.0 1438160000000.0 1009630000000.0 7460050.0 272198000.0 751865000.0 32192400000.0 -4.54 4.484 [-4.54]
10471300000000.0 1.50529e+17 2509060000.0 239427000000.0 457604000000.0 43709900000.0 237707000000.0 26171.8 120653000000.0 1318830000000.0 884296000000.0 8569140.0 307615000.0 822981000.0 33374900000.0 -4.52 4.48 [-4.52]
10471300000000.0 1.42765e+17 2667230000.0 247309000000.0 455135000000.0 45354100000.0 227065000000.0 29154.4 125653000000.0 1207040000000.0 773133000000.0 9824330.0 347094000.0 899511000.0 34546600000.0 -4.5 4.476 [-4.5]
10471300000000.0 1.35407e+17 2831810000.0 255121000000.0 452133000000.0 46979600000.0 216467000000.0 32472.7 130672000000.0 1102660000000.0 674803000000.0 11240500.0 390992000.0 981691000.0 35702100000.0 -4.48 4.472 [-4.48]
10471300000000.0 1.28433e+17 3003030000.0 262846000000.0 448597000000.0 48582200000.0 205947000000.0 36171.2 135707000000.0 1005390000000.0 587956000000.0 12836100.0 439744000.0 1069800000.0 36837100000.0 -4.46 4.468 [-4.46]
10471300000000.0 1.21821e+17 3180720000.0 270454000000.0 444530000000.0 50154800000.0 195543000000.0 40294.3 140746000000.0 915006000000.0 511426000000.0 14629500.0 493772000.0 1164080000.0 37946400000.0 -4.44 4.464 [-4.44]
10471300000000.0 1.15554e+17 3364850000.0 277918000000.0 439938000000.0 51691800000.0 185290000000.0 44894.5 145780000000.0 831231000000.0 444126000000.0 16640800.0 553533000.0 1264750000.0 39024700000.0 -4.42 4.46 [-4.42]
10471300000000.0 1.09613e+17 3555200000.0 285204000000.0 434826000000.0 53186300000.0 175222000000.0 50028.9 150796000000.0 753772000000.0 385053000000.0 18891400.0 619508000.0 1372050000.0 40066900000.0 -4.4 4.457 [-4.4]
10471300000000.0 1.0398e+17 3751650000.0 292285000000.0 429203000000.0 54633100000.0 165368000000.0 55764.6 155787000000.0 682327000000.0 333308000000.0 21403900.0 692197000.0 1486160000.0 41067500000.0 -4.38 4.453 [-4.38]
10471300000000.0 9.86393e+16 3954070000.0 299132000000.0 423076000000.0 56027100000.0 155753000000.0 62178.8 160743000000.0 616561000000.0 288051000000.0 24203900.0 772151000.0 1607290000.0 42021300000.0 -4.36 4.449 [-4.36]
10471300000000.0 9.35793e+16 4161990000.0 305707000000.0 416466000000.0 57361600000.0 146412000000.0 69349.3 165650000000.0 556225000000.0 248582000000.0 27313700.0 859837000.0 1735500000.0 42922300000.0 -4.34 4.445 [-4.34]
10471300000000.0 8.87807e+16 4375360000.0 311988000000.0 409379000000.0 58633300000.0 137357000000.0 77379.2 170504000000.0 500936000000.0 214189000000.0 30763300.0 955887000.0 1870980000.0 43765800000.0 -4.32 4.442 [-4.32]
10471300000000.0 8.42319e+16 4593850000.0 317941000000.0 401836000000.0 59837500000.0 128610000000.0 86375.8 175293000000.0 450402000000.0 184284000000.0 34580000.0 1060850000.0 2013780000.0 44546300000.0 -4.3 4.438 [-4.3]
10471300000000.0 7.99195e+16 4817060000.0 323538000000.0 393855000000.0 60969800000.0 120186000000.0 96461.2 180009000000.0 404311000000.0 158325000000.0 38793000.0 1175300000.0 2163920000.0 45258700000.0 -4.28 4.434 [-4.28]
10471300000000.0 7.58315e+16 5044620000.0 328748000000.0 385458000000.0 62026700000.0 112098000000.0 107774.0 184642000000.0 362360000000.0 135831000000.0 43432600.0 1299830000.0 2321390000.0 45898000000.0 -4.26 4.43 [-4.26]
10471300000000.0 7.19559e+16 5276090000.0 333546000000.0 376669000000.0 63004900000.0 104355000000.0 120473.0 189184000000.0 324255000000.0 116370000000.0 48530100.0 1435020000.0 2486100000.0 46459300000.0 -4.24 4.427 [-4.24]
10471300000000.0 6.82818e+16 5511010000.0 337904000000.0 367513000000.0 63901500000.0 96964900000.0 134733.0 193625000000.0 289713000000.0 99562800000.0 54117200.0 1581430000.0 2657920000.0 46938300000.0 -4.22 4.423 [-4.22]
10471300000000.0 6.47986e+16 5748850000.0 341798000000.0 358018000000.0 64714000000.0 89930000000.0 150754.0 197957000000.0 258459000000.0 85068700000.0 60226000.0 1739620000.0 2836650000.0 47330600000.0 -4.2 4.419 [-4.2]
10471300000000.0 6.14947e+16 5989150000.0 345206000000.0 348209000000.0 65440500000.0 83249200000.0 168769.0 202173000000.0 230223000000.0 72583600000.0 66891900.0 1910190000.0 3022060000.0 47632500000.0 -4.18 4.416 [-4.18]
10471300000000.0 5.83655e+16 6231130000.0 348107000000.0 338134000000.0 66079200000.0 76930500000.0 189009.0 206260000000.0 204795000000.0 61860100000.0 74137300.0 2093440000.0 3213620000.0 47840400000.0 -4.16 4.412 [-4.16]
10471300000000.0 5.53954e+16 6474450000.0 350483000000.0 327805000000.0 66629000000.0 70958100000.0 211792.0 210216000000.0 181892000000.0 52645200000.0 82007200.0 2290080000.0 3411150000.0 47951100000.0 -4.14 4.409 [-4.14]
10471300000000.0 5.25809e+16 6718260000.0 352322000000.0 317274000000.0 67089000000.0 65336100000.0 237413.0 214030000000.0 161331000000.0 44750200000.0 90520400.0 2500290000.0 3613910000.0 47962300000.0 -4.12 4.405 [-4.12]
10471300000000.0 4.99137e+16 6961880000.0 353611000000.0 306576000000.0 67458700000.0 60057200000.0 266226.0 217692000000.0 142905000000.0 37995300000.0 99703700.0 2724350000.0 3821280000.0 47872000000.0 -4.1 4.402 [-4.1]
10471300000000.0 4.73829e+16 7204790000.0 354341000000.0 295737000000.0 67737900000.0 55106900000.0 298664.0 221199000000.0 126400000000.0 32217500000.0 109593000.0 2962670000.0 4032690000.0 47678400000.0 -4.08 4.398 [-4.08]
10471300000000.0 4.49812e+16 7446220000.0 354503000000.0 284792000000.0 67926400000.0 50475300000.0 335186.0 224542000000.0 111641000000.0 27281900000.0 120212000.0 3215360000.0 4247360000.0 47380000000.0 -4.06 4.395 [-4.06]
10471300000000.0 4.27065e+16 7685310000.0 354105000000.0 273801000000.0 68025600000.0 46160300000.0 376245.0 227712000000.0 98487600000.0 23079100000.0 131561000.0 3482110000.0 4464090000.0 46978100000.0 -4.04 4.391 [-4.04]
10471300000000.0 4.05477e+16 7921620000.0 353143000000.0 262779000000.0 68035800000.0 42141500000.0 422472.0 230706000000.0 86761500000.0 19498100000.0 143674000.0 3763110000.0 4682110000.0 46471600000.0 -4.02 4.388 [-4.02]
10471300000000.0 3.85e+16 8154360000.0 351624000000.0 251772000000.0 67958200000.0 38409100000.0 474486.0 233514000000.0 76330700000.0 16452900000.0 156555000.0 4057930000.0 4900230000.0 45861900000.0 -4.0 4.384 [-4.0]
10471300000000.0 3.65559e+16 8382880000.0 349554000000.0 240806000000.0 67793700000.0 34947700000.0 533039.0 236131000000.0 67059100000.0 13864700000.0 170216000.0 4366250000.0 5117320000.0 45150000000.0 -3.98 4.381 [-3.98]
10471300000000.0 3.4713e+16 8606300000.0 346950000000.0 229933000000.0 67544800000.0 31749100000.0 598861.0 238550000000.0 58842200000.0 11670800000.0 184634000.0 4687120000.0 5331910000.0 44339700000.0 -3.96 4.378 [-3.96]
10471300000000.0 3.29658e+16 8823950000.0 343831000000.0 219187000000.0 67213600000.0 28799500000.0 672826.0 240764000000.0 51570400000.0 9813320000.0 199793000.0 5019620000.0 5542630000.0 43434600000.0 -3.94 4.374 [-3.94]
10471300000000.0 3.13065e+16 9035410000.0 340206000000.0 208583000000.0 66801100000.0 26080500000.0 756024.0 242769000000.0 45133800000.0 8240190000.0 215696000.0 5362990000.0 5748170000.0 42436600000.0 -3.92 4.371 [-3.92]
10471300000000.0 2.97318e+16 9239970000.0 336102000000.0 198159000000.0 66310200000.0 23581300000.0 849520.0 244558000000.0 39449200000.0 6910570000.0 232303000.0 5715740000.0 5946940000.0 41351300000.0 -3.9 4.368 [-3.9]
10471300000000.0 2.82358e+16 9437180000.0 331536000000.0 187934000000.0 65742500000.0 21286400000.0 954633.0 246126000000.0 34431400000.0 5787240000.0 249590000.0 6076500000.0 6137420000.0 40182700000.0 -3.88 4.364 [-3.88]
10471300000000.0 2.68171e+16 9626370000.0 326548000000.0 177950000000.0 65102400000.0 19186800000.0 1072590.0 247467000000.0 30015900000.0 4840990000.0 267476000.0 6443140000.0 6317920000.0 38939500000.0 -3.86 4.361 [-3.86]
10471300000000.0 2.54705e+16 9807300000.0 321161000000.0 168222000000.0 64392500000.0 17267900000.0 1204980.0 248576000000.0 26132300000.0 4044190000.0 285919000.0 6813850000.0 6486880000.0 37627500000.0 -3.84 4.358 [-3.84]
10471300000000.0 2.4192e+16 9979480000.0 315406000000.0 158769000000.0 63615500000.0 15517300000.0 1353510.0 249449000000.0 22721000000.0 3374040000.0 304846000.0 7186350000.0 6642760000.0 36253800000.0 -3.82 4.354 [-3.82]
10471300000000.0 2.29782e+16 10142600000.0 309312000000.0 149609000000.0 62774700000.0 13923100000.0 1520050.0 250081000000.0 19728500000.0 2811100000.0 324178000.0 7558220000.0 6784040000.0 34826500000.0 -3.8 4.351 [-3.8]
10471300000000.0 2.18255e+16 10296300000.0 302914000000.0 140756000000.0 61873500000.0 12474000000.0 1706690.0 250467000000.0 17106800000.0 2338820000.0 343824000.0 7926850000.0 6909260000.0 33354100000.0 -3.78 4.348 [-3.78]
10471300000000.0 2.0731e+16 10440600000.0 296244000000.0 132222000000.0 60915400000.0 11159000000.0 1915720.0 250604000000.0 14813200000.0 1943140000.0 363689000.0 8289520000.0 7017100000.0 31845600000.0 -3.76 4.344 [-3.76]
10471300000000.0 1.96915e+16 10575200000.0 289336000000.0 124016000000.0 59904100000.0 9967870000.0 2149690.0 250489000000.0 12809300000.0 1612050000.0 383668000.0 8643380000.0 7106320000.0 30310100000.0 -3.74 4.341 [-3.74]
10471300000000.0 1.87055e+16 10700200000.0 282235000000.0 116155000000.0 58845100000.0 8891990000.0 2411120.0 250120000000.0 11062700000.0 1335690000.0 403625000.0 8985430000.0 7176010000.0 28759000000.0 -3.72 4.338 [-3.72]
10471300000000.0 1.77667e+16 10815600000.0 274940000000.0 108613000000.0 57736800000.0 7918450000.0 2703890.0 249488000000.0 9537260000.0 1104550000.0 423528000.0 9313150000.0 7224950000.0 27196200000.0 -3.7 4.334 [-3.7]
10471300000000.0 1.68762e+16 10921400000.0 267518000000.0 101422000000.0 56588500000.0 7042220000.0 3030580.0 248598000000.0 8211600000.0 912192000.0 443184000.0 9623370000.0 7252820000.0 25636700000.0 -3.68 4.331 [-3.68]
10471300000000.0 1.60303e+16 11017700000.0 259987000000.0 94572500000.0 55402000000.0 6253900000.0 3395170.0 247446000000.0 7059670000.0 752136000.0 462503000.0 9913410000.0 7259140000.0 24087700000.0 -3.66 4.328 [-3.66]
10471300000000.0 1.5228e+16 11104700000.0 252390000000.0 88070200000.0 54183500000.0 5546770000.0 3801260.0 246037000000.0 6061410000.0 619317000.0 481348000.0 10180800000.0 7243930000.0 22560200000.0 -3.64 4.324 [-3.64]
10471300000000.0 1.44648e+16 11182700000.0 244733000000.0 81893500000.0 52932900000.0 4911820000.0 4254130.0 244361000000.0 5195270000.0 508987000.0 499674000.0 10423300000.0 7206820000.0 21058600000.0 -3.62 4.321 [-3.62]
10471300000000.0 1.37388e+16 11252000000.0 237041000000.0 76038000000.0 51653500000.0 4342670000.0 4758780.0 242417000000.0 4444960000.0 417496000.0 517385000.0 10638700000.0 7148040000.0 19590700000.0 -3.6 4.318 [-3.6]
