Cloudy_runs/3c57/z=0.07743/logZ=-1/component_I_PI_nH/component_I_PI_nH_col_density_param.txt
# %ECSV 1.0
# ---
# datatype:
# - {name: H, datatype: float64}
# - {name: H+, datatype: float64}
# - {name: C+, datatype: float64}
# - {name: C+2, datatype: float64}
# - {name: C+3, datatype: float64}
# - {name: N+, datatype: float64}
# - {name: N+2, datatype: float64}
# - {name: N+4, datatype: float64}
# - {name: O, datatype: float64}
# - {name: O+2, datatype: float64}
# - {name: O+5, datatype: float64}
# - {name: O+6, datatype: float64}
# - {name: P+, datatype: float64}
# - {name: Si+, datatype: float64}
# - {name: Si+2, datatype: float64}
# - {name: Si+3, datatype: float64}
# - {name: Si+4, datatype: float64}
# - {name: Fe+, datatype: float64}
# - {name: Al+, datatype: float64}
# - {name: log_nH, datatype: float64}
# - {name: parameters, datatype: string, subtype: 'float64[1]'}
# schema: astropy-2.0
H H+ C+ C+2 C+3 N+ N+2 N+4 O O+2 O+5 O+6 P+ Si+ Si+2 Si+3 Si+4 Fe+ Al+ log_nH parameters
19952600000000.0 6.24521e+17 1738170000.0 232951000000.0 776276000000.0 130748000.0 37753700000.0 676255000000.0 10269.4 98674000000.0 7198900000000.0 10280700000000.0 99239.1 1538620.0 71656800.0 310261000.0 28830100000.0 353.431 46398.8 -5.0 [-5.0]
19952600000000.0 5.91531e+17 1879210000.0 245117000000.0 786002000000.0 142457000.0 40089900000.0 665007000000.0 11486.2 105159000000.0 6810010000000.0 9261070000000.0 116324.0 1817660.0 82894600.0 347228000.0 30562100000.0 428.682 55381.4 -4.98 [-4.98]
19952600000000.0 5.60369e+17 2029650000.0 257613000000.0 794936000000.0 155073000.0 42520200000.0 652861000000.0 12845.6 111918000000.0 6428040000000.0 8326540000000.0 136126.0 2143170.0 95741900.0 387994000.0 32350200000.0 519.512 65942.5 -4.96 [-4.96]
19952600000000.0 5.30915e+17 2189780000.0 270425000000.0 803053000000.0 168628000.0 45040600000.0 639850000000.0 14361.8 118941000000.0 6054180000000.0 7471660000000.0 159022.0 2522070.0 110405000.0 432888000.0 34192500000.0 629.019 78334.5 -4.94 [-4.94]
19952600000000.0 5.03063e+17 2359960000.0 283537000000.0 810333000000.0 183160000.0 47647300000.0 626017000000.0 16051.1 126218000000.0 5689580000000.0 6691340000000.0 185441.0 2962220.0 127112000.0 482256000.0 36086700000.0 760.894 92846.0 -4.92 [-4.92]
19952600000000.0 4.76726e+17 2540700000.0 296937000000.0 816755000000.0 198722000.0 50337500000.0 611408000000.0 17934.3 133746000000.0 5335260000000.0 5980810000000.0 215882.0 3472520.0 146118000.0 536444000.0 38029400000.0 919.549 109803.0 -4.9 [-4.9]
19952600000000.0 4.51809e+17 2732290000.0 310602000000.0 822299000000.0 215341000.0 53105000000.0 596073000000.0 20031.2 141509000000.0 4992120000000.0 5335230000000.0 250878.0 4062890.0 167703000.0 595839000.0 40017500000.0 1110.19 129580.0 -4.88 [-4.88]
19952600000000.0 4.28232e+17 2935130000.0 324513000000.0 826946000000.0 233056000.0 55944100000.0 580066000000.0 22365.4 149497000000.0 4660930000000.0 4750020000000.0 291035.0 4744480.0 192174000.0 660835000.0 42047100000.0 1339.02 152601.0 -4.86 [-4.86]
19952600000000.0 4.05918e+17 3149550000.0 338646000000.0 830680000000.0 251900000.0 58848200000.0 563446000000.0 24963.3 157698000000.0 4342340000000.0 4220740000000.0 337027.0 5529780.0 219873000.0 731846000.0 44113800000.0 1613.35 179348.0 -4.84 [-4.84]
19952600000000.0 3.84794e+17 3375890000.0 352974000000.0 833484000000.0 271900000.0 61809500000.0 546277000000.0 27853.8 166097000000.0 4036880000000.0 3743170000000.0 389596.0 6432660.0 251169000.0 809300000.0 46212800000.0 1941.86 210366.0 -4.82 [-4.82]
19952600000000.0 3.64792e+17 3614400000.0 367468000000.0 835344000000.0 293078000.0 64819200000.0 528621000000.0 31069.0 174678000000.0 3744960000000.0 3313230000000.0 449562.0 7468530.0 286472000.0 893655000.0 48339000000.0 2334.78 246275.0 -4.8 [-4.8]
19952600000000.0 3.45848e+17 3865330000.0 382095000000.0 836245000000.0 315452000.0 67868000000.0 510549000000.0 34645.0 183423000000.0 3466830000000.0 2927030000000.0 517827.0 8654500.0 326226000.0 985373000.0 50486500000.0 2804.16 287770.0 -4.78 [-4.78]
19952600000000.0 3.27905e+17 4128900000.0 396820000000.0 836177000000.0 339038000.0 70945800000.0 492132000000.0 38622.6 192317000000.0 3202700000000.0 2580960000000.0 595383.0 10009300.0 370909000.0 1084920000.0 52648900000.0 3364.16 335632.0 -4.76 [-4.76]
19952600000000.0 3.10907e+17 4405240000.0 411605000000.0 835130000000.0 363843000.0 74042000000.0 473443000000.0 43046.9 201341000000.0 2952610000000.0 2271530000000.0 683315.0 11553700.0 421049000.0 1192800000.0 54819700000.0 4031.48 390748.0 -4.74 [-4.74]
19952600000000.0 2.94807e+17 4694750000.0 426417000000.0 833097000000.0 389897000.0 77147400000.0 454558000000.0 47973.1 210482000000.0 2716530000000.0 1995520000000.0 782858.0 13310700.0 477212000.0 1309480000.0 56991300000.0 4825.7 454095.0 -4.72 [-4.72]
19952600000000.0 2.79551e+17 4997240000.0 441204000000.0 830071000000.0 417175000.0 80248400000.0 435550000000.0 53455.3 219716000000.0 2494310000000.0 1749830000000.0 895266.0 15305000.0 540007000.0 1435480000.0 59156500000.0 5769.74 526788.0 -4.7 [-4.7]
19952600000000.0 2.65095e+17 5312840000.0 455925000000.0 826050000000.0 445685000.0 83333900000.0 416493000000.0 59560.3 229025000000.0 2285750000000.0 1531620000000.0 1021960.0 17563700.0 610089000.0 1571300000.0 61307100000.0 6890.36 610057.0 -4.68 [-4.68]
19952600000000.0 2.51397e+17 5641490000.0 470529000000.0 821032000000.0 475417000.0 86391600000.0 397464000000.0 66361.1 238389000000.0 2090560000000.0 1338260000000.0 1164430.0 20116100.0 688156000.0 1717430000.0 63434400000.0 8217.45 705135.0 -4.66 [-4.66]
19952600000000.0 2.38415e+17 5983220000.0 484970000000.0 815020000000.0 506369000.0 89410500000.0 378530000000.0 73943.6 247792000000.0 1908370000000.0 1167250000000.0 1324390.0 22994600.0 774966000.0 1874360000.0 65529900000.0 9788.36 813643.0 -4.64 [-4.64]
19952600000000.0 2.26112e+17 6337830000.0 499194000000.0 808018000000.0 538522000.0 92377900000.0 359763000000.0 82401.3 257214000000.0 1738760000000.0 1016350000000.0 1503590.0 26233500.0 871310000.0 2042580000.0 67584200000.0 11645.2 937255.0 -4.62 [-4.62]
19952600000000.0 2.14451e+17 6705140000.0 513148000000.0 800034000000.0 571864000.0 95282300000.0 341228000000.0 91841.8 266634000000.0 1581280000000.0 883462000000.0 1703960.0 29869800.0 978034000.0 2222540000.0 69587900000.0 13837.1 1077830.0 -4.6 [-4.6]
19952600000000.0 2.034e+17 7084880000.0 526776000000.0 791079000000.0 606373000.0 98112100000.0 322988000000.0 102387.0 276036000000.0 1435430000000.0 766672000000.0 1927550.0 33943200.0 1096030000.0 2414680000.0 71531400000.0 16420.7 1237420.0 -4.58 [-4.58]
19952600000000.0 1.92925e+17 7476750000.0 540023000000.0 781169000000.0 642035000.0 100856000000.0 305101000000.0 114174.0 285399000000.0 1300690000000.0 664242000000.0 2176550.0 38496300.0 1226220000.0 2619390000.0 73404700000.0 19461.9 1418260.0 -4.56 [-4.56]
19952600000000.0 1.82994e+17 7880510000.0 552836000000.0 770318000000.0 678840000.0 103506000000.0 287614000000.0 127364.0 294708000000.0 1176480000000.0 574549000000.0 2453400.0 43576100.0 1369630000.0 2837080000.0 75198500000.0 23037.8 1622910.0 -4.54 [-4.54]
19952600000000.0 1.73586e+17 8294980000.0 565139000000.0 758562000000.0 716706000.0 106045000000.0 270593000000.0 142116.0 303934000000.0 1062340000000.0 496227000000.0 2760170.0 49223900.0 1527150000.0 3067940000.0 76901400000.0 27232.0 1853860.0 -4.52 [-4.52]
19952600000000.0 1.64667e+17 8720330000.0 576895000000.0 745914000000.0 755674000.0 108471000000.0 254063000000.0 158647.0 313070000000.0 957610000000.0 427907000000.0 3099840.0 55496300.0 1699940000.0 3312340000.0 78504500000.0 32148.9 2114250.0 -4.5 [-4.5]
19952600000000.0 1.56212e+17 9155660000.0 588039000000.0 732410000000.0 795695000.0 110771000000.0 238069000000.0 177178.0 322093000000.0 861751000000.0 368434000000.0 3474960.0 62443900.0 1889040000.0 3570420000.0 79997600000.0 37902.8 2407220.0 -4.48 [-4.48]
19952600000000.0 1.48199e+17 9600390000.0 598520000000.0 718086000000.0 836758000.0 112939000000.0 222640000000.0 197965.0 330987000000.0 774209000000.0 316760000000.0 3888410.0 70122100.0 2095540000.0 3842270000.0 81371100000.0 44625.9 2736240.0 -4.46 [-4.46]
19952600000000.0 1.40604e+17 10053700000.0 608282000000.0 702980000000.0 878833000.0 114966000000.0 207804000000.0 221298.0 339735000000.0 694433000000.0 271938000000.0 4343060.0 78587600.0 2320550000.0 4127920000.0 82615300000.0 52469.5 3105070.0 -4.44 [-4.44]
19952600000000.0 1.33404e+17 10514600000.0 617271000000.0 687137000000.0 921895000.0 116847000000.0 193580000000.0 247501.0 348317000000.0 621885000000.0 233125000000.0 4841870.0 87899100.0 2565180000.0 4427290000.0 83721300000.0 61606.3 3517740.0 -4.42 [-4.42]
19952600000000.0 1.26581e+17 10982500000.0 625446000000.0 670605000000.0 965944000.0 118576000000.0 179985000000.0 276948.0 356719000000.0 556046000000.0 199576000000.0 5388010.0 98117800.0 2830510000.0 4740130000.0 84680100000.0 72232.7 3978570.0 -4.4 [-4.4]
19952600000000.0 1.20112e+17 11455800000.0 632748000000.0 653433000000.0 1010910000.0 120146000000.0 167026000000.0 310045.0 364921000000.0 496409000000.0 170617000000.0 5984210.0 109303000.0 3117610000.0 5066210000.0 85483600000.0 84572.1 4492250.0 -4.38 [-4.38]
19952600000000.0 1.13977e+17 11933900000.0 639144000000.0 635669000000.0 1056830000.0 121555000000.0 154702000000.0 347286.0 372912000000.0 442470000000.0 145651000000.0 6633920.0 121523000.0 3427630000.0 5405170000.0 86124300000.0 98886.3 5064010.0 -4.36 [-4.36]
19952600000000.0 1.08164e+17 12415300000.0 644592000000.0 617391000000.0 1103620000.0 122798000000.0 143028000000.0 389163.0 380668000000.0 393827000000.0 124183000000.0 7339370.0 134827000.0 3761280000.0 5756160000.0 86594900000.0 115447.0 5698530.0 -4.34 [-4.34]
19952600000000.0 1.02653e+17 12898600000.0 649058000000.0 598651000000.0 1151270000.0 123872000000.0 131993000000.0 436283.0 388177000000.0 350018000000.0 105740000000.0 8103480.0 149278000.0 4119550000.0 6118580000.0 86889400000.0 134585.0 6401620.0 -4.32 [-4.32]
19952600000000.0 9.74284e+16 13383100000.0 652520000000.0 579514000000.0 1199800000.0 124776000000.0 121588000000.0 489323.0 395425000000.0 310632000000.0 89919100000.0 8929010.0 164938000.0 4503220000.0 6491470000.0 87002400000.0 156666.0 7179140.0 -4.3 [-4.3]
19952600000000.0 9.2478e+16 13866900000.0 654956000000.0 560058000000.0 1249140000.0 125510000000.0 111809000000.0 548999.0 402393000000.0 275306000000.0 76375100000.0 9817660.0 181848000.0 4912730000.0 6873580000.0 86929900000.0 182083.0 8036680.0 -4.28 [-4.28]
19952600000000.0 8.77814e+16 14349100000.0 656347000000.0 540329000000.0 1299320000.0 126071000000.0 102630000000.0 616213.0 409073000000.0 243637000000.0 64783000000.0 10772100.0 200079000.0 5348900000.0 7263950000.0 86667600000.0 211329.0 8981590.0 -4.26 [-4.26]
19952600000000.0 8.33275e+16 14827900000.0 656683000000.0 520405000000.0 1350290000.0 126460000000.0 94040200000.0 691888.0 415446000000.0 215311000000.0 54880600000.0 11793400.0 219667000.0 5811820000.0 7661010000.0 86213300000.0 244905.0 10020000.0 -4.24 [-4.24]
19952600000000.0 7.91041e+16 15302200000.0 655963000000.0 500358000000.0 1402040000.0 126679000000.0 86020800000.0 777084.0 421499000000.0 190017000000.0 46433900000.0 12882400.0 240648000.0 6301550000.0 8063030000.0 85565900000.0 283388.0 11158800.0 -4.22 [-4.22]
19952600000000.0 7.50989e+16 15770600000.0 654194000000.0 480258000000.0 1454550000.0 126728000000.0 78551300000.0 872998.0 427220000000.0 167467000000.0 39238300000.0 14039700.0 263055000.0 6817890000.0 8468150000.0 84725300000.0 327424.0 12405000.0 -4.2 [-4.2]
19952600000000.0 7.13003e+16 16231600000.0 651386000000.0 460172000000.0 1507810000.0 126610000000.0 71609700000.0 980962.0 432595000000.0 147394000000.0 33116600000.0 15264700.0 286908000.0 7360350000.0 8874320000.0 83692700000.0 377730.0 13765500.0 -4.18 [-4.18]
19952600000000.0 6.76972e+16 16683800000.0 647554000000.0 440167000000.0 1561790000.0 126327000000.0 65172800000.0 1102470.0 437611000000.0 129554000000.0 27915100000.0 16556400.0 312213000.0 7928080000.0 9279330000.0 82470600000.0 435104.0 15247800.0 -4.16 [-4.16]
19952600000000.0 6.42792e+16 17125900000.0 642721000000.0 420309000000.0 1616470000.0 125883000000.0 59216800000.0 1239180.0 442255000000.0 113721000000.0 23501100000.0 17912500.0 338967000.0 8519880000.0 9680740000.0 81062800000.0 500431.0 16858900.0 -4.14 [-4.14]
19952600000000.0 6.10364e+16 17556400000.0 636918000000.0 400659000000.0 1671820000.0 125280000000.0 53717400000.0 1392970.0 446516000000.0 99690400000.0 19760100000.0 19330300.0 367149000.0 9134190000.0 10076000000.0 79474700000.0 574691.0 18606100.0 -4.12 [-4.12]
19952600000000.0 5.79595e+16 17974200000.0 630179000000.0 381277000000.0 1727840000.0 124522000000.0 48650000000.0 1565910.0 450381000000.0 87275000000.0 16593500000.0 20805800.0 396725000.0 9769010000.0 10462300000.0 77712900000.0 658971.0 20496300.0 -4.1 [-4.1]
19952600000000.0 5.50398e+16 18378100000.0 622546000000.0 362219000000.0 1784510000.0 123615000000.0 43990200000.0 1760320.0 453839000000.0 76304400000.0 13916400000.0 22334300.0 427640000.0 10421900000.0 10836900000.0 75785600000.0 754466.0 22536500.0 -4.08 [-4.08]
19952600000000.0 5.22663e+16 18767100000.0 614051000000.0 343517000000.0 1841820000.0 122562000000.0 39710000000.0 1978940.0 456879000000.0 66615900000.0 11654100000.0 23910800.0 459853000.0 11090400000.0 11196900000.0 73700000000.0 862600.0 24735200.0 -4.06 [-4.06]
19952600000000.0 4.96365e+16 19140000000.0 604770000000.0 325254000000.0 1899730000.0 121370000000.0 35793100000.0 2224340.0 459491000000.0 58086700000.0 9748230000.0 25527100.0 493218000.0 11770500000.0 11539100000.0 71471600000.0 984632.0 27094900.0 -4.04 [-4.04]
19952600000000.0 4.71405e+16 19496300000.0 594747000000.0 307455000000.0 1958270000.0 120045000000.0 32212300000.0 2499850.0 461666000000.0 50581800000.0 8143130000.0 27176700.0 527656000.0 12458800000.0 11860400000.0 69110700000.0 1122240.0 29623100.0 -4.02 [-4.02]
19952600000000.0 4.4771e+16 19835100000.0 584037000000.0 290156000000.0 2017390000.0 118592000000.0 28944900000.0 2809000.0 463393000000.0 43986800000.0 6793020000.0 28851100.0 563032000.0 13151100000.0 12158100000.0 66630700000.0 1277180.0 32325100.0 -4.0 [-4.0]
19952600000000.0 4.25215e+16 20155700000.0 572698000000.0 273391000000.0 2077110000.0 117018000000.0 25969100000.0 3155720.0 464663000000.0 38199400000.0 5658840000.0 30541300.0 599199000.0 13842900000.0 12429000000.0 64046200000.0 1451350.0 35205300.0 -3.98 [-3.98]
19952600000000.0 4.03856e+16 20457500000.0 560791000000.0 257185000000.0 2137410000.0 115328000000.0 23263600000.0 3544350.0 465469000000.0 33127600000.0 4707310000.0 32238000.0 635991000.0 14529400000.0 12670600000.0 61373000000.0 1646860.0 38267600.0 -3.96 [-3.96]
19952600000000.0 3.83576e+16 20740400000.0 548380000000.0 241562000000.0 2198320000.0 113530000000.0 20808500000.0 3979680.0 465801000000.0 28689000000.0 3910100000.0 33931500.0 673227000.0 15205300000.0 12880100000.0 58627800000.0 1865970.0 41514800.0 -3.94 [-3.94]
19952600000000.0 3.64342e+16 21004000000.0 535546000000.0 226556000000.0 2259790000.0 111634000000.0 18587000000.0 4466520.0 465659000000.0 24814000000.0 3243770000.0 35610600.0 710668000.0 15865100000.0 13055300000.0 55831000000.0 2110870.0 44945200.0 -3.92 [-3.92]
19952600000000.0 3.46054e+16 21248300000.0 522315000000.0 212145000000.0 2321930000.0 109641000000.0 16575700000.0 5011590.0 465027000000.0 21428000000.0 2686360000.0 37268000.0 748198000.0 16503900000.0 13194000000.0 52993600000.0 2384820.0 48567100.0 -3.9 [-3.9]
19952600000000.0 3.28663e+16 21473500000.0 508743000000.0 198337000000.0 2384740000.0 107558000000.0 14758100000.0 5621510.0 463897000000.0 18473600000.0 2220780000.0 38894200.0 785612000.0 17116200000.0 13294300000.0 50133100000.0 2690890.0 52381300.0 -3.88 [-3.88]
19952600000000.0 3.12169e+16 21679600000.0 494936000000.0 185170000000.0 2448190000.0 105398000000.0 13122300000.0 6302150.0 462279000000.0 15905600000.0 1833400000.0 40477100.0 822601000.0 17696300000.0 13355300000.0 47274400000.0 3031510.0 56377900.0 -3.86 [-3.86]
19952600000000.0 2.96525e+16 21866600000.0 480950000000.0 172644000000.0 2512310000.0 103171000000.0 11652600000.0 7060930.0 460170000000.0 13676600000.0 1511500000.0 42007600.0 858939000.0 18239100000.0 13376400000.0 44435000000.0 3409950.0 60553100.0 -3.84 [-3.84]
19952600000000.0 2.81646e+16 22035300000.0 466800000000.0 160722000000.0 2577200000.0 100875000000.0 10330900000.0 7907840.0 457555000000.0 11739600000.0 1243770000.0 43480300.0 894531000.0 18740000000.0 13356400000.0 41624300000.0 3830890.0 64913300.0 -3.82 [-3.82]
19952600000000.0 2.67493e+16 22186000000.0 452536000000.0 149397000000.0 2642920000.0 98517600000.0 9144480000.0 8852420.0 454429000000.0 10059000000.0 1021460000.0 44887800.0 929184000.0 19194500000.0 13295300000.0 38858300000.0 4298530.0 69454400.0 -3.8 [-3.8]
