Cloudy_runs/3c57/z=0.07743/logZ=-1/component_I_PI_nH/component_I_PI_nH_col_density_param.txt
# %ECSV 1.0
# ---
# datatype:
# - {name: H, datatype: float64}
# - {name: H+, datatype: float64}
# - {name: C+, datatype: float64}
# - {name: C+2, datatype: float64}
# - {name: C+3, datatype: float64}
# - {name: N+, datatype: float64}
# - {name: N+2, datatype: float64}
# - {name: N+4, datatype: float64}
# - {name: O, datatype: float64}
# - {name: O+2, datatype: float64}
# - {name: O+5, datatype: float64}
# - {name: O+6, datatype: float64}
# - {name: P+, datatype: float64}
# - {name: Si+, datatype: float64}
# - {name: Si+2, datatype: float64}
# - {name: Si+3, datatype: float64}
# - {name: Si+4, datatype: float64}
# - {name: Fe+, datatype: float64}
# - {name: Al+, datatype: float64}
# - {name: log_nH, datatype: float64}
# - {name: parameters, datatype: string, subtype: 'float64[1]'}
# schema: astropy-2.0
H H+ C+ C+2 C+3 N+ N+2 N+4 O O+2 O+5 O+6 P+ Si+ Si+2 Si+3 Si+4 Fe+ Al+ log_nH parameters
[from data line 62]
19952600000000.0 2.41345e+16 22435800000.0 424014000000.0 128596000000.0 2776850000.0 93675100000.0 7137950000.0 11069000.0 446718000000.0 7354240000.0 685934000.0 47474300.0 994627000.0 19950100000.0 13055200000.0 33540200000.0 5387420.0 79016200.0 -3.76 [-3.76]
19952600000000.0 2.29238e+16 22535900000.0 409797000000.0 119060000000.0 2845230000.0 91195500000.0 6292610000.0 12365900.0 442118000000.0 6272050000.0 560527000.0 48644800.0 1025220000.0 20245000000.0 12877700000.0 31006100000.0 6019580.0 84031600.0 -3.74 [-3.74]
19952600000000.0 2.17738e+16 22620300000.0 395673000000.0 110085000000.0 2914630000.0 88687800000.0 5539720000.0 13804800.0 437032000000.0 5340060000.0 457214000.0 49727400.0 1054200000.0 20482000000.0 12664700000.0 28570800000.0 6716920.0 89187700.0 -3.72 [-3.72]
19952600000000.0 2.06817e+16 22689800000.0 381678000000.0 101653000000.0 2985120000.0 86159000000.0 4870270000.0 15399600.0 431471000000.0 4538750000.0 372254000.0 50719200.0 1081470000.0 20659900000.0 12418200000.0 26243100000.0 7485060.0 94472600.0 -3.7 [-3.7]
19952600000000.0 1.96426e+16 22745000000.0 367820000000.0 93732000000.0 3056670000.0 83610700000.0 4275050000.0 17167300.0 425426000000.0 3849930000.0 302416000.0 51618800.0 1107040000.0 20777700000.0 12140200000.0 24026400000.0 8331370.0 99881500.0 -3.68 [-3.68]
19952600000000.0 1.86576e+16 22786800000.0 354183000000.0 86328400000.0 3129150000.0 81059900000.0 3748370000.0 19119600.0 418944000000.0 3260670000.0 245289000.0 52423800.0 1130730000.0 20837000000.0 11835000000.0 21932600000.0 9259570.0 105384000.0 -3.66 [-3.66]
19952600000000.0 1.77221e+16 22815600000.0 340766000000.0 79408000000.0 3202840000.0 78507100000.0 3282270000.0 21275600.0 412021000000.0 2756600000.0 198569000.0 53133600.0 1152590000.0 20838000000.0 11505200000.0 19961400000.0 10277600.0 110973000.0 -3.64 [-3.64]
19952600000000.0 1.68336e+16 22832000000.0 327591000000.0 72949600000.0 3277810000.0 75958200000.0 2870420000.0 23653700.0 404675000000.0 2326150000.0 160431000.0 53748600.0 1172630000.0 20782500000.0 11153800000.0 18114500000.0 11392700.0 116630000.0 -3.62 [-3.62]
19952600000000.0 1.59898e+16 22836800000.0 314679000000.0 66931800000.0 3354120000.0 73418800000.0 2507050000.0 26273100.0 396922000000.0 1959240000.0 129360000.0 54269400.0 1190880000.0 20672500000.0 10784200000.0 16392100000.0 12612100.0 122340000.0 -3.6 [-3.6]
19952600000000.0 1.51885e+16 22830400000.0 302048000000.0 61333200000.0 3431820000.0 70894100000.0 2186950000.0 29154600.0 388783000000.0 1647070000.0 104098000.0 54697400.0 1207380000.0 20510900000.0 10399700000.0 14793100000.0 13943600.0 128083000.0 -3.58 [-3.58]
19952600000000.0 1.44274e+16 22813400000.0 289711000000.0 56132400000.0 3510970000.0 68388900000.0 1905370000.0 32320100.0 380280000000.0 1381960000.0 83598600.0 55034400.0 1222220000.0 20300800000.0 10003600000.0 13314800000.0 15395500.0 133841000.0 -3.56 [-3.56]
19952600000000.0 1.37047e+16 22786400000.0 277681000000.0 51308200000.0 3591630000.0 65908000000.0 1658040000.0 35792800.0 371437000000.0 1157250000.0 66998700.0 55282500.0 1235490000.0 20045500000.0 9599040000.0 11953900000.0 16976100.0 139594000.0 -3.54 [-3.54]
19952600000000.0 1.30183e+16 22749900000.0 265968000000.0 46839900000.0 3673830000.0 63455400000.0 1441110000.0 39597000.0 362278000000.0 967152000.0 53584100.0 55444600.0 1247270000.0 19748900000.0 9188980000.0 10706000000.0 18694200.0 145323000.0 -3.52 [-3.52]
19952600000000.0 1.23664e+16 22704300000.0 254579000000.0 42707100000.0 3757600000.0 61035200000.0 1251100000.0 43758400.0 352831000000.0 806655000.0 42766500.0 55523300.0 1257700000.0 19414800000.0 8776290000.0 9565990000.0 20558700.0 151006000.0 -3.5 [-3.5]
19952600000000.0 1.17474e+16 22650000000.0 243520000000.0 38890200000.0 3842980000.0 58650700000.0 1084910000.0 48303700.0 343123000000.0 671422000.0 34061700.0 55521900.0 1266870000.0 19047100000.0 8363590000.0 8528330000.0 22578900.0 156624000.0 -3.48 [-3.48]
19952600000000.0 1.11608e+16 22587900000.0 232819000000.0 35376800000.0 3929980000.0 56310900000.0 940011000.0 53253300.0 333212000000.0 557904000.0 27083400.0 55444800.0 1274870000.0 18651300000.0 7954310000.0 7588630000.0 24759800.0 162148000.0 -3.46 [-3.46]
19952600000000.0 1.06013e+16 22517100000.0 222403000000.0 32127800000.0 4018620000.0 54001800000.0 813116000.0 58658800.0 323045000000.0 462290000.0 21471400.0 55292200.0 1281960000.0 18226900000.0 7547550000.0 6736020000.0 27123300.0 167585000.0 -3.44 [-3.44]
19952600000000.0 1.00711e+16 22439000000.0 212348000000.0 29146100000.0 4108850000.0 51742800000.0 702796000.0 64527500.0 312734000000.0 382390000.0 16993800.0 55070800.0 1288120000.0 17782100000.0 7148270000.0 5968910000.0 29666500.0 172887000.0 -3.42 [-3.42]
19952600000000.0 9567690000000000.0 22353500000.0 202628000000.0 26407500000.0 4200670000.0 49530400000.0 606806000.0 70897800.0 302284000000.0 315627000.0 13421700.0 54783000.0 1293520000.0 17319100000.0 6757150000.0 5279470000.0 32402900.0 178044000.0 -3.4 [-3.4]
19952600000000.0 9089600000000000.0 22261000000.0 193241000000.0 23895800000.0 4294020000.0 47366500000.0 523389000.0 77801000.0 291725000000.0 259961000.0 10578300.0 54432600.0 1298270000.0 16841400000.0 6375590000.0 4661550000.0 35341500.0 183037000.0 -3.38 [-3.38]
19952600000000.0 8636670000000000.0 22162000000.0 184206000000.0 21600200000.0 4388860000.0 45258100000.0 451122000.0 85257700.0 281118000000.0 213731000.0 8323760.0 54024900.0 1302430000.0 16353900000.0 6005710000.0 4110130000.0 38485100.0 187842000.0 -3.36 [-3.36]
19952600000000.0 8205540000000000.0 22056000000.0 175477000000.0 19496000000.0 4485090000.0 43196200000.0 388336000.0 93322000.0 270438000000.0 175276000.0 6533260.0 53560700.0 1306190000.0 15856600000.0 5646640000.0 3617490000.0 41853700.0 192457000.0 -3.34 [-3.34]
19952600000000.0 7795150000000000.0 21943000000.0 167048000000.0 17570300000.0 4582550000.0 41182300000.0 333863000.0 102030000.0 259714000000.0 143368000.0 5114950.0 53042800.0 1309660000.0 15352200000.0 5299270000.0 3178440000.0 45456600.0 196865000.0 -3.32 [-3.32]
19952600000000.0 7407330000000000.0 21824500000.0 158977000000.0 15821500000.0 4681180000.0 39231600000.0 286934000.0 111372000.0 249061000000.0 117100000.0 4000100.0 52480100.0 1312760000.0 14847800000.0 4966770000.0 2790090000.0 49280300.0 201029000.0 -3.3 [-3.3]
19952600000000.0 7038040000000000.0 21698900000.0 151195000000.0 14225100000.0 4780700000.0 37330000000.0 246290000.0 121422000.0 238421000000.0 95391500.0 3120290.0 51869900.0 1315730000.0 14340900000.0 4646990000.0 2445310000.0 53353100.0 204955000.0 -3.28 [-3.28]
19952600000000.0 6686770000000000.0 21567400000.0 143704000000.0 12770700000.0 4881020000.0 35480100000.0 211155000.0 132209000.0 227834000000.0 77509500.0 2428260.0 51218800.0 1318590000.0 13834700000.0 4340300000.0 2140060000.0 57677200.0 208638000.0 -3.26 [-3.26]
19952600000000.0 6353910000000000.0 21429900000.0 136528000000.0 11452700000.0 4981840000.0 33689100000.0 180918000.0 143736000.0 217369000000.0 62859100.0 1886740.0 50530000.0 1321350000.0 13332800000.0 4048440000.0 1871080000.0 62245600.0 212043000.0 -3.24 [-3.24]
19952600000000.0 6037820000000000.0 21286200000.0 129643000000.0 10257400000.0 5082890000.0 31953400000.0 154871000.0 156043000.0 207028000000.0 50861900.0 1463120.0 49806200.0 1324070000.0 12835800000.0 3770620000.0 1634070000.0 67067200.0 215171000.0 -3.22 [-3.22]
19952600000000.0 5737660000000000.0 21136600000.0 123041000000.0 9175070000.0 5183860000.0 30272900000.0 132455000.0 169155000.0 196837000000.0 41060400.0 1132430.0 49050500.0 1326810000.0 12345100000.0 3506780000.0 1425550000.0 72143300.0 218013000.0 -3.2 [-3.2]
19952600000000.0 5453340000000000.0 20981400000.0 116733000000.0 8198430000.0 5284480000.0 28651500000.0 113220000.0 183072000.0 186842000000.0 33085400.0 875270.0 48268000.0 1329530000.0 11863200000.0 3257390000.0 1242710000.0 77463500.0 220558000.0 -3.18 [-3.18]
19952600000000.0 5181950000000000.0 20819400000.0 110660000000.0 7312630000.0 5384150000.0 27077100000.0 96626900.0 197879000.0 176990000000.0 26575100.0 674560.0 47455200.0 1332390000.0 11387000000.0 3020300000.0 1081710000.0 83056600.0 222814000.0 -3.16 [-3.16]
19952600000000.0 4925550000000000.0 20652400000.0 104879000000.0 6517480000.0 5482740000.0 25564800000.0 82445700.0 213500000.0 167399000000.0 21314000.0 519452.0 46623400.0 1335230000.0 10922900000.0 2797690000.0 941187000.0 88877000.0 224759000.0 -3.14 [-3.14]
19952600000000.0 4681400000000000.0 20479000000.0 99336400000.0 5799900000.0 5579540000.0 24102800000.0 70258200.0 230014000.0 158015000000.0 17047000.0 399089.0 45768800.0 1338170000.0 10467600000.0 2587430000.0 817984000.0 94951000.0 226403000.0 -3.12 [-3.12]
19952600000000.0 4449570000000000.0 20299900000.0 94039500000.0 5154820000.0 5674120000.0 22694700000.0 59817600.0 247401000.0 148879000000.0 13602300.0 306085.0 44896200.0 1341170000.0 10022900000.0 2389730000.0 710316000.0 101259000.0 227739000.0 -3.1 [-3.1]
19952600000000.0 4229410000000000.0 20115000000.0 88980400000.0 4575700000.0 5765960000.0 21339800000.0 50880600.0 265660000.0 140006000000.0 10827900.0 234355.0 44008200.0 1344210000.0 9589470000.0 2204160000.0 616323000.0 107792000.0 228770000.0 -3.08 [-3.08]
19952600000000.0 4020330000000000.0 19924300000.0 84151300000.0 4056560000.0 5854460000.0 20037500000.0 43237300.0 284782000.0 131408000000.0 8598790.0 179138.0 43106900.0 1347280000.0 9167510000.0 2030290000.0 534353000.0 114539000.0 229495000.0 -3.06 [-3.06]
19952600000000.0 3821780000000000.0 19728000000.0 79544500000.0 3591860000.0 5939020000.0 18787400000.0 36706200.0 304751000.0 123099000000.0 6812240.0 136711.0 42194800.0 1350350000.0 8757310000.0 1867640000.0 462939000.0 121484000.0 229917000.0 -3.04 [-3.04]
19952600000000.0 3633200000000000.0 19526000000.0 75152300000.0 3176480000.0 6019020000.0 17588700000.0 31130100.0 325543000.0 115087000000.0 5383880.0 104169.0 41273800.0 1353390000.0 8359070000.0 1715760000.0 400780000.0 128614000.0 230041000.0 -3.02 [-3.02]
19952600000000.0 3454110000000000.0 19318500000.0 70967200000.0 2805710000.0 6093810000.0 16440900000.0 26373600.0 347128000.0 107381000000.0 4244730.0 79255.0 40346000.0 1356360000.0 7972880000.0 1574150000.0 346724000.0 135910000.0 229871000.0 -3.0 [-3.0]
19952600000000.0 3284020000000000.0 19105400000.0 66981700000.0 2475230000.0 6162740000.0 15343300000.0 22319900.0 369465000.0 99988400000.0 3338510.0 60212.3 39413500.0 1359230000.0 7598790000.0 1442330000.0 299755000.0 143353000.0 229413000.0 -2.98 [-2.98]
19952600000000.0 3122060000000000.0 18886400000.0 63178800000.0 2180480000.0 6224920000.0 14292900000.0 18862000.0 392541000.0 92898600000.0 2618230.0 45658.0 38475500.0 1361980000.0 7235840000.0 1319530000.0 258905000.0 150937000.0 228673000.0 -2.96 [-2.96]
19952600000000.0 2969040000000000.0 18663300000.0 59580500000.0 1919620000.0 6280400000.0 13296100000.0 15932300.0 416197000.0 86162400000.0 2050210.0 34612.6 37541500.0 1364470000.0 6886960000.0 1206150000.0 223603000.0 158599000.0 227667000.0 -2.94 [-2.94]
19952600000000.0 2823320000000000.0 18434500000.0 56150600000.0 1687540000.0 6327870000.0 12345100000.0 13437200.0 440472000.0 79734800000.0 1600830.0 26192.8 36605500.0 1366750000.0 6549060000.0 1100830000.0 192938000.0 166358000.0 226395000.0 -2.92 [-2.92]
19952600000000.0 2684890000000000.0 18200500000.0 52891600000.0 1481820000.0 6366960000.0 11441400000.0 11318900.0 465261000.0 73632000000.0 1246930.0 0.0 35671600.0 1368740000.0 6223010000.0 1003410000.0 166375000.0 174177000.0 224870000.0 -2.9 [-2.9]
19952600000000.0 2553410000000000.0 17961700000.0 49796900000.0 1299710000.0 6397120000.0 10584300000.0 9522590.0 490485000.0 67853200000.0 968945.0 0.0 34741200.0 1370380000.0 5908690000.0 913436000.0 143381000.0 182035000.0 223102000.0 -2.88 [-2.88]
19952600000000.0 2428510000000000.0 17718100000.0 46859900000.0 1138710000.0 6417840000.0 9773040000.0 8000890.0 516059000.0 62396100000.0 751137.0 0.0 33815700.0 1371620000.0 5605910000.0 830462000.0 123490000.0 189907000.0 221103000.0 -2.86 [-2.86]
19952600000000.0 2309540000000000.0 17469100000.0 44066600000.0 996281000.0 6428370000.0 9004940000.0 6711020.0 541935000.0 57245900000.0 580645.0 0.0 32894000.0 1372440000.0 5313700000.0 753882000.0 106263000.0 197786000.0 218877000.0 -2.84 [-2.84]
19952600000000.0 2197150000000000.0 17217200000.0 41433200000.0 871237000.0 6429390000.0 8284170000.0 5625340.0 567902000.0 52430600000.0 448234.0 0.0 31985000.0 1372700000.0 5034320000.0 683828000.0 91439900.0 205603000.0 216457000.0 -2.82 [-2.82]
19952600000000.0 2090060000000000.0 16960300000.0 38930900000.0 760858000.0 6419570000.0 7604600000.0 4706990.0 593982000.0 47910600000.0 345058.0 0.0 31081900.0 1372440000.0 4765060000.0 619353000.0 78614100.0 213384000.0 213833000.0 -2.8 [-2.8]
19952600000000.0 1988050000000000.0 16698700000.0 36555200000.0 663577000.0 6398710000.0 6965530000.0 3931530.0 620079000.0 43680700000.0 264907.0 0.0 30186200.0 1371580000.0 4505850000.0 560118000.0 67527600.0 221105000.0 211019000.0 -2.78 [-2.78]
19952600000000.0 1891400000000000.0 16434000000.0 34313200000.0 578318000.0 6367510000.0 6368650000.0 3280230.0 646018000.0 39750400000.0 203025.0 0.0 29303600.0 1370050000.0 4257930000.0 506047000.0 57988200.0 228718000.0 208044000.0 -2.76 [-2.76]
19952600000000.0 1799820000000000.0 16166500000.0 32198500000.0 503670000.0 6326090000.0 5812470000.0 2733800.0 671706000.0 36108500000.0 155342.0 0.0 28435300.0 1367820000.0 4021020000.0 456758000.0 49783100.0 236204000.0 204921000.0 -2.74 [-2.74]
19952600000000.0 1712320000000000.0 15894200000.0 30188200000.0 437957000.0 6273220000.0 5292040000.0 2273340.0 697166000.0 32721000000.0 118492.0 0.0 27574500.0 1364850000.0 3792810000.0 411557000.0 42687600.0 243590000.0 201636000.0 -2.72 [-2.72]
19952600000000.0 1629400000000000.0 15619600000.0 28294400000.0 380574000.0 6210490000.0 4809640000.0 1888320.0 722196000.0 29599900000.0 90246.1 0.0 26729400.0 1361090000.0 3575140000.0 370486000.0 36593900.0 250816000.0 198229000.0 -2.7 [-2.7]
19952600000000.0 1550840000000000.0 15343000000.0 26511400000.0 330509000.0 6138310000.0 4363590000.0 1566780.0 746715000.0 26731800000.0 68636.0 0.0 25900800.0 1356520000.0 3367700000.0 333215000.0 31362400.0 257865000.0 194716000.0 -2.68 [-2.68]
19952600000000.0 1475960000000000.0 15063200000.0 24823800000.0 286679000.0 6056100000.0 3950350000.0 1297570.0 770722000.0 24091500000.0 52076.3 0.0 25084400.0 1351100000.0 3168980000.0 299267000.0 26854800.0 264756000.0 191088000.0 -2.66 [-2.66]
19952600000000.0 1404790000000000.0 14781100000.0 23232300000.0 248441000.0 5964880000.0 3569420000.0 1073040.0 794112000.0 21673100000.0 39441.7 0.0 24283100.0 1344800000.0 2979380000.0 268475000.0 22982200.0 271460000.0 187368000.0 -2.64 [-2.64]
19952600000000.0 1337150000000000.0 14497100000.0 21732100000.0 215118000.0 5865240000.0 3219190000.0 886078.0 816823000.0 19463500000.0 29821.6 0.0 23497600.0 1337590000.0 2798660000.0 240586000.0 19656900.0 277967000.0 183568000.0 -2.62 [-2.62]
19952600000000.0 1272870000000000.0 14211400000.0 20318900000.0 186110000.0 5757840000.0 2898030000.0 730650.0 838803000.0 17450000000.0 22512.0 0.0 22728200.0 1329480000.0 2626570000.0 215361000.0 16803400.0 284268000.0 179700000.0 -2.6 [-2.6]
19952600000000.0 1211560000000000.0 13923500000.0 18984200000.0 160821000.0 5642760000.0 2603600000.0 601380.0 860043000.0 15615400000.0 16958.2 0.0 21972800.0 1320420000.0 2462310000.0 192517000.0 14350800.0 290370000.0 175763000.0 -2.58 [-2.58]
