Cloudy_runs/3c57/z=0.07743/logZ=-1/component_I_PI_nH/component_I_PI_nH_col_density_param.txt
# %ECSV 1.0
# ---
# datatype:
# - {name: H, datatype: float64}
# - {name: H+, datatype: float64}
# - {name: C+, datatype: float64}
# - {name: C+2, datatype: float64}
# - {name: C+3, datatype: float64}
# - {name: N+, datatype: float64}
# - {name: N+2, datatype: float64}
# - {name: N+4, datatype: float64}
# - {name: O, datatype: float64}
# - {name: O+2, datatype: float64}
# - {name: O+5, datatype: float64}
# - {name: O+6, datatype: float64}
# - {name: P+, datatype: float64}
# - {name: Si+, datatype: float64}
# - {name: Si+2, datatype: float64}
# - {name: Si+3, datatype: float64}
# - {name: Si+4, datatype: float64}
# - {name: Fe+, datatype: float64}
# - {name: Al+, datatype: float64}
# - {name: log_nH, datatype: float64}
# - {name: parameters, datatype: string, subtype: 'float64[1]'}
# schema: astropy-2.0
H H+ C+ C+2 C+3 N+ N+2 N+4 O O+2 O+5 O+6 P+ Si+ Si+2 Si+3 Si+4 Fe+ Al+ log_nH parameters
[from data line 123]
19952600000000.0 1098280000000000.0 13347000000.0 16555600000.0 119895000.0 5395700000.0 2091900000.0 406121.0 899990000.0 12454400000.0 9594.72 0.0 20518000.0 1299510000.0 2159110000.0 153471000.0 10458100.0 301864000.0 167793000.0 -2.54 [-2.54]
19952600000000.0 1045800000000000.0 13058100000.0 15449600000.0 103406000.0 5264660000.0 1870600000.0 333098.0 918687000.0 11099000000.0 7203.64 0.0 19816500.0 1287660000.0 2019100000.0 136828000.0 8920670.0 307261000.0 163768000.0 -2.52 [-2.52]
19952600000000.0 995903000000000.0 12769100000.0 14410700000.0 89121600.0 5129670000.0 1670180000.0 272873.0 936514000.0 9877980000.0 0.0 0.0 19132600.0 1274890000.0 1886470000.0 121877000.0 7605360.0 312416000.0 159730000.0 -2.5 [-2.5]
19952600000000.0 948466000000000.0 12480400000.0 13435600000.0 76758200.0 4991480000.0 1489090000.0 223277.0 953466000.0 8780300000.0 0.0 0.0 18466200.0 1261220000.0 1760970000.0 108463000.0 6480730.0 317327000.0 155688000.0 -2.48 [-2.48]
19952600000000.0 903365000000000.0 12192400000.0 12520900000.0 66067100.0 4850870000.0 1325830000.0 182493.0 969546000.0 7795430000.0 0.0 0.0 17817600.0 1246670000.0 1642370000.0 96443500.0 5519750.0 321987000.0 151652000.0 -2.46 [-2.46]
19952600000000.0 860481000000000.0 11905300000.0 11663300000.0 56829700.0 4708550000.0 1178960000.0 149003.0 984761000.0 6913390000.0 0.0 0.0 17186600.0 1231260000.0 1530400000.0 85686600.0 4699070.0 326395000.0 147630000.0 -2.44 [-2.44]
19952600000000.0 819703000000000.0 11619400000.0 10859700000.0 48854800.0 4565210000.0 1047090000.0 121539.0 999123000.0 6124810000.0 0.0 0.0 16573400.0 1215030000.0 1424820000.0 76070800.0 3998620.0 330546000.0 143629000.0 -2.42 [-2.42]
19952600000000.0 780928000000000.0 11335100000.0 10107300000.0 41975600.0 4421490000.0 928924000.0 99045.4 1012650000.0 5420990000.0 0.0 0.0 15977900.0 1198020000.0 1325380000.0 67485000.0 3401140.0 334438000.0 139658000.0 -2.4 [-2.4]
19952600000000.0 744053000000000.0 11052700000.0 9403050000.0 36045900.0 4277980000.0 823228000.0 80645.7 1025360000.0 4793770000.0 0.0 0.0 15399900.0 1180250000.0 1231820000.0 59827300.0 2891770.0 338067000.0 135722000.0 -2.38 [-2.38]
19952600000000.0 709139000000000.0 10773700000.0 8747240000.0 30954500.0 4135990000.0 729136000.0 65651.3 1037260000.0 4237290000.0 0.0 0.0 14841800.0 1161860000.0 1144310000.0 53027600.0 2459080.0 341418000.0 131847000.0 -2.36 [-2.36]
19952600000000.0 675784000000000.0 10495900000.0 8131450000.0 26556600.0 3994500000.0 644976000.0 53374.9 1048420000.0 3741160000.0 0.0 0.0 14298500.0 1142750000.0 1061790000.0 46952900.0 2089330.0 344516000.0 128003000.0 -2.34 [-2.34]
19952600000000.0 643912000000000.0 10219400000.0 7553480000.0 22761000.0 3853960000.0 569820000.0 43337.3 1058870000.0 3299460000.0 0.0 0.0 13769800.0 1122960000.0 984043000.0 41531600.0 1773590.0 347359000.0 124193000.0 -2.32 [-2.32]
19952600000000.0 613887000000000.0 9948670000.0 7018980000.0 19521900.0 3717030000.0 503472000.0 35211.6 1068570000.0 2910510000.0 0.0 0.0 13263000.0 1102780000.0 911974000.0 36752200.0 1506870.0 349904000.0 120479000.0 -2.3 [-2.3]
19952600000000.0 585186000000000.0 9679790000.0 6517730000.0 16728400.0 3581770000.0 444360000.0 28575.7 1077620000.0 2564880000.0 0.0 0.0 12770400.0 1082030000.0 844211000.0 32492700.0 1279210.0 352191000.0 116808000.0 -2.28 [-2.28]
19952600000000.0 557883000000000.0 9414370000.0 6050220000.0 14329900.0 3449230000.0 391949000.0 23179.2 1086030000.0 2259130000.0 0.0 0.0 12294100.0 1060840000.0 780901000.0 28715000.0 1085710.0 354203000.0 113204000.0 -2.26 [-2.26]
19952600000000.0 531912000000000.0 9152650000.0 5614440000.0 12271800.0 3319670000.0 345534000.0 18794.2 1093820000.0 1988930000.0 0.0 0.0 11833900.0 1039280000.0 721821000.0 25367200.0 921327.0 355940000.0 109669000.0 -2.24 [-2.24]
19952600000000.0 507204000000000.0 8894830000.0 5208450000.0 10506600.0 3193280000.0 304471000.0 15233.3 1101040000.0 1750330000.0 0.0 0.0 11389400.0 1017390000.0 666748000.0 22402600.0 781726.0 357402000.0 106207000.0 -2.22 [-2.22]
19952600000000.0 483696000000000.0 8641100000.0 4830410000.0 8993290.0 3070230000.0 268175000.0 12343.4 1107710000.0 1539820000.0 0.0 0.0 10960500.0 995245000.0 615464000.0 19779100.0 663216.0 358588000.0 102820000.0 -2.2 [-2.2]
19952600000000.0 461196000000000.0 8390120000.0 4476500000.0 7691120.0 2949880000.0 235994000.0 9991.32 1113880000.0 1353480000.0 0.0 0.0 10544200.0 972767000.0 567466000.0 17448500.0 562230.0 359504000.0 99489700.0 -2.18 [-2.18]
19952600000000.0 439918000000000.0 8145090000.0 4149310000.0 6581080.0 2833870000.0 207722000.0 8092.28 1119540000.0 1190010000.0 0.0 0.0 10145300.0 950264000.0 523155000.0 15398700.0 476964.0 360134000.0 96258300.0 -2.16 [-2.16]
19952600000000.0 419671000000000.0 7904660000.0 3845110000.0 5630660.0 2721490000.0 182793000.0 6553.35 1124740000.0 1046050000.0 0.0 0.0 9760800.0 927669000.0 482024000.0 13587700.0 404647.0 360488000.0 93107100.0 -2.14 [-2.14]
19952600000000.0 400405000000000.0 7668950000.0 3562420000.0 4817190.0 2612790000.0 160824000.0 5306.68 1129510000.0 919359000.0 0.0 0.0 9390450.0 905039000.0 443884000.0 11988700.0 343329.0 360567000.0 90037000.0 -2.12 [-2.12]
19952600000000.0 382071000000000.0 7438090000.0 3299850000.0 4121140.0 2507770000.0 141477000.0 4297.09 1133880000.0 807906000.0 0.0 0.0 9033860.0 882423000.0 408553000.0 10577400.0 291347.0 360371000.0 87049000.0 -2.1 [-2.1]
19952600000000.0 364786000000000.0 7214330000.0 3058300000.0 3529590.0 2407430000.0 124550000.0 3483.98 1137850000.0 710486000.0 0.0 0.0 8693920.0 860072000.0 376175000.0 9340620.0 247571.0 359900000.0 84171100.0 -2.08 [-2.08]
19952600000000.0 348027000000000.0 6991450000.0 2829950000.0 3016670.0 2308810000.0 109464000.0 2818.11 1141480000.0 623772000.0 0.0 0.0 8360710.0 837426000.0 345661000.0 8234420.0 209962.0 359147000.0 81322300.0 -2.06 [-2.06]
19952600000000.0 332231000000000.0 6775810000.0 2620170000.0 2581350.0 2214800000.0 96286300.0 2282.62 1144770000.0 548083000.0 0.0 0.0 8043380.0 815140000.0 317760000.0 7266320.0 178326.0 358127000.0 78583400.0 -2.04 [-2.04]
19952600000000.0 317195000000000.0 6565330000.0 2425640000.0 2209140.0 2124340000.0 84697900.0 1849.18 1147750000.0 481586000.0 0.0 0.0 7738310.0 793055000.0 292003000.0 6412820.0 151511.0 356847000.0 75926200.0 -2.02 [-2.02]
19952600000000.0 302882000000000.0 6360040000.0 2245320000.0 1890930.0 2037370000.0 74510000.0 1498.38 1150430000.0 423178000.0 0.0 0.0 7445130.0 771210000.0 268244000.0 5660480.0 128782.0 355313000.0 73350400.0 -2.0 [-2.0]
19952600000000.0 289256000000000.0 6159980000.0 2078240000.0 1618910.0 1953820000.0 65555100.0 1214.44 1152840000.0 371884000.0 0.0 0.0 7163480.0 749642000.0 246344000.0 4997420.0 109513.0 353530000.0 70855200.0 -1.98 [-1.98]
19952600000000.0 276285000000000.0 5965160000.0 1923460000.0 1386380.0 1873610000.0 57685000.0 984.602 1154980000.0 326842000.0 0.0 0.0 6892980.0 728382000.0 226172000.0 4413060.0 93176.2 351504000.0 68439600.0 -1.96 [-1.96]
19952600000000.0 264028000000000.0 5777030000.0 1781190000.0 1188630.0 1797250000.0 50803000.0 799.314 1156890000.0 287486000.0 0.0 0.0 6635260.0 707617000.0 207747000.0 3900790.0 79393.2 349259000.0 66120600.0 -1.94 [-1.94]
19952600000000.0 252267000000000.0 5592700000.0 1648470000.0 1018570.0 1723450000.0 44723000.0 648.531 1158570000.0 252749000.0 0.0 0.0 6385980.0 687061000.0 190660000.0 3446740.0 67632.6 346773000.0 63861100.0 -1.92 [-1.92]
19952600000000.0 241069000000000.0 5413580000.0 1525630000.0 873171.0 1652700000.0 39380400.0 526.415 1160030000.0 222253000.0 0.0 0.0 6146780.0 666894000.0 174952000.0 3046580.0 57653.4 344068000.0 61677800.0 -1.9 [-1.9]
19952600000000.0 230296000000000.0 5237830000.0 1410840000.0 747971.0 1584220000.0 34654900.0 426.933 1161300000.0 195306000.0 0.0 0.0 5914940.0 646930000.0 160372000.0 2691430.0 49124.3 341121000.0 59547400.0 -1.88 [-1.88]
19952600000000.0 220142000000000.0 5069030000.0 1305750000.0 641739.0 1519320000.0 30532100.0 346.863 1162380000.0 171815000.0 0.0 0.0 5694880.0 627593000.0 147125000.0 2380770.0 41938.3 338004000.0 57512200.0 -1.86 [-1.86]
19952600000000.0 210471000000000.0 4905310000.0 1208570000.0 550867.0 1457180000.0 26908900.0 281.959 1163290000.0 151190000.0 0.0 0.0 5483880.0 608697000.0 134965000.0 2106880.0 35833.4 334698000.0 55548600.0 -1.84 [-1.84]
19952600000000.0 201364000000000.0 4748460000.0 1119710000.0 473712.0 1398400000.0 23747200.0 229.654 1164030000.0 133207000.0 0.0 0.0 5283920.0 590465000.0 123935000.0 1867210.0 30683.7 331255000.0 53676800.0 -1.82 [-1.82]
19952600000000.0 192588000000000.0 4594740000.0 1036590000.0 407096.0 1341490000.0 20945200.0 0.0 1164610000.0 117290000.0 0.0 0.0 5090020.0 572485000.0 113697000.0 1654030.0 26265.5 327606000.0 51851600.0 -1.8 [-1.8]
19952600000000.0 184160000000000.0 4444680000.0 959147000.0 349747.0 1286600000.0 18468600.0 0.0 1165050000.0 103238000.0 0.0 0.0 4902670.0 554834000.0 104231000.0 1464930.0 22484.8 323775000.0 50078400.0 -1.78 [-1.78]
19952600000000.0 176196000000000.0 4300670000.0 888167000.0 300934.0 1234530000.0 16302900.0 0.0 1165350000.0 90962200.0 0.0 0.0 4724660.0 537799000.0 95631800.0 1299040.0 19285.4 319827000.0 48384800.0 -1.76 [-1.76]
19952600000000.0 168674000000000.0 4162600000.0 823126000.0 259351.0 1185180000.0 14408100.0 0.0 1165520000.0 80233100.0 0.0 0.0 4555610.0 521384000.0 87823000.0 1153430.0 16574.7 315780000.0 46768500.0 -1.74 [-1.74]
19952600000000.0 161442000000000.0 4027940000.0 762485000.0 223470.0 1137570000.0 12730500.0 0.0 1165570000.0 70747300.0 0.0 0.0 4392240.0 505307000.0 80600900.0 1024020.0 14247.3 311584000.0 45199100.0 -1.72 [-1.72]
19952600000000.0 154487000000000.0 3896590000.0 705950000.0 192509.0 1091630000.0 11245100.0 0.0 1165490000.0 62361200.0 0.0 0.0 4234320.0 489566000.0 73923000.0 909003.0 12248.5 307247000.0 43675100.0 -1.7 [-1.7]
19952600000000.0 147920000000000.0 3770900000.0 654201000.0 166125.0 1048120000.0 9945520.0 0.0 1165310000.0 55032800.0 0.0 0.0 4084500.0 474445000.0 67868600.0 808015.0 10552.9 302851000.0 42222800.0 -1.68 [-1.68]
19952600000000.0 141660000000000.0 3649540000.0 606385000.0 143474.0 1006520000.0 8800700.0 0.0 1165020000.0 48586800.0 0.0 0.0 3941040.0 459798000.0 62324200.0 718717.0 9102.98 298375000.0 40826300.0 -1.66 [-1.66]
19952600000000.0 135692000000000.0 3532410000.0 562206000.0 124015.0 966761000.0 7791880.0 0.0 1164640000.0 42915200.0 0.0 0.0 3803700.0 445619000.0 57248500.0 639721.0 7862.11 293829000.0 39483900.0 -1.64 [-1.64]
19952600000000.0 130003000000000.0 3419410000.0 521387000.0 107290.0 928755000.0 6902550.0 0.0 1164160000.0 37923500.0 0.0 0.0 3672200.0 431904000.0 52601900.0 569804.0 6799.08 289226000.0 38193800.0 -1.62 [-1.62]
19952600000000.0 124578000000000.0 3310410000.0 483667000.0 92903.5 892423000.0 6118180.0 0.0 1163590000.0 33528500.0 0.0 0.0 3546320.0 418645000.0 48347200.0 507887.0 5887.4 284580000.0 36954100.0 -1.6 [-1.6]
19952600000000.0 119404000000000.0 3205310000.0 448810000.0 80520.8 857691000.0 5426090.0 0.0 1162940000.0 29657500.0 0.0 0.0 3425810.0 405835000.0 44451700.0 453028.0 5104.73 279900000.0 35763200.0 -1.58 [-1.58]
19952600000000.0 114470000000000.0 3104000000.0 416595000.0 69855.0 824487000.0 4815150.0 0.0 1162210000.0 26246700.0 0.0 0.0 3310460.0 393465000.0 40884800.0 404393.0 4432.08 275197000.0 34619300.0 -1.56 [-1.56]
19952600000000.0 109763000000000.0 3006360000.0 386819000.0 60661.2 792740000.0 4275570.0 0.0 1161400000.0 23240200.0 0.0 0.0 3200040.0 381526000.0 37618700.0 361252.0 3853.34 270483000.0 33520700.0 -1.54 [-1.54]
19952600000000.0 105273000000000.0 2912300000.0 359294000.0 52730.2 762386000.0 3798790.0 0.0 1160510000.0 20589100.0 0.0 0.0 3094350.0 370009000.0 34627500.0 322962.0 3354.82 265767000.0 32465800.0 -1.52 [-1.52]
19952600000000.0 101009000000000.0 2822120000.0 333963000.0 45903.9 733495000.0 3378480.0 0.0 1159570000.0 18256900.0 0.0 0.0 2993670.0 358957000.0 31899700.0 289054.0 2926.15 261083000.0 31457900.0 -1.5 [-1.5]
19952600000000.0 96900500000000.0 2734420000.0 310314000.0 39966.6 705597000.0 3004420.0 0.0 1158540000.0 16186000.0 0.0 0.0 2896350.0 348198000.0 29377700.0 258735.0 2553.68 256367000.0 30480900.0 -1.48 [-1.48]
19952600000000.0 92994400000000.0 2650300000.0 288527000.0 34846.7 679016000.0 2674240.0 0.0 1157460000.0 14362200.0 0.0 0.0 2803560.0 337873000.0 27075700.0 231844.0 2232.56 251695000.0 29546700.0 -1.46 [-1.46]
19952600000000.0 89292000000000.0 2569900000.0 268512000.0 30435.4 653765000.0 2383110.0 0.0 1156320000.0 12758000.0 0.0 0.0 2715360.0 327999000.0 24979300.0 208017.0 1955.81 247093000.0 28656500.0 -1.44 [-1.44]
19952600000000.0 85735200000000.0 2492010000.0 249876000.0 26596.8 629455000.0 2124130.0 0.0 1155120000.0 11334400.0 0.0 0.0 2630410.0 318431000.0 23046200.0 186715.0 1714.96 242500000.0 27796700.0 -1.42 [-1.42]
19952600000000.0 82338800000000.0 2417050000.0 232628000.0 23268.1 606190000.0 1894520.0 0.0 1153870000.0 10075500.0 0.0 0.0 2549080.0 309220000.0 21273300.0 167734.0 1505.94 237953000.0 26971600.0 -1.4 [-1.4]
19952600000000.0 79095100000000.0 2344900000.0 216661000.0 20378.9 583921000.0 1690850.0 0.0 1152560000.0 8961810.0 0.0 0.0 2471210.0 300355000.0 19647100.0 150807.0 1324.31 233460000.0 26179800.0 -1.38 [-1.38]
19952600000000.0 75987800000000.0 2275260000.0 201834000.0 17864.3 562542000.0 1509760.0 0.0 1151200000.0 7974310.0 0.0 0.0 2396450.0 291800000.0 18151000.0 135678.0 1166.02 229011000.0 25417800.0 -1.36 [-1.36]
19952600000000.0 73036200000000.0 2208640000.0 188178000.0 15685.6 542187000.0 1349510.0 0.0 1149800000.0 7102870.0 0.0 0.0 2325270.0 283618000.0 16785000.0 122214.0 1028.6 224653000.0 24690800.0 -1.34 [-1.34]
19952600000000.0 70207400000000.0 2144340000.0 175488000.0 13785.1 522633000.0 1206820.0 0.0 1148350000.0 6329210.0 0.0 0.0 2256900.0 275724000.0 15527000.0 110160.0 908.484 220344000.0 23991000.0 -1.32 [-1.32]
19952600000000.0 67503600000000.0 2082460000.0 163725000.0 12128.9 503899000.0 1079930.0 0.0 1146860000.0 5643270.0 0.0 0.0 2191420.0 268132000.0 14371300.0 99378.9 803.549 216099000.0 23319500.0 -1.3 [-1.3]
19952600000000.0 64919100000000.0 2022920000.0 152819000.0 10684.1 485948000.0 967026.0 0.0 1145330000.0 5034790.0 0.0 0.0 2128710.0 260831000.0 13309200.0 89729.8 711.758 211931000.0 22675100.0 -1.28 [-1.28]
19952600000000.0 62447900000000.0 1965630000.0 142703000.0 9422.49 468741000.0 866500.0 0.0 1143760000.0 4494720.0 0.0 0.0 2068630.0 253811000.0 12332600.0 81087.1 631.353 207843000.0 22056600.0 -1.26 [-1.26]
19952600000000.0 60084700000000.0 1910490000.0 133318000.0 8319.6 452244000.0 776938.0 0.0 1142160000.0 4015090.0 0.0 0.0 2011080.0 247062000.0 11434400.0 73339.8 560.828 203835000.0 21463000.0 -1.24 [-1.24]
19952600000000.0 57824300000000.0 1857430000.0 124607000.0 7354.45 436424000.0 697093.0 0.0 1140520000.0 3588900.0 0.0 0.0 1955930.0 240573000.0 10607900.0 66389.8 498.886 199912000.0 20893300.0 -1.22 [-1.22]
19952600000000.0 55661800000000.0 1806370000.0 116518000.0 6508.92 421248000.0 625862.0 0.0 1138850000.0 3209960.0 0.0 0.0 1903080.0 234335000.0 9846870.0 60149.8 444.405 196073000.0 20346500.0 -1.2 [-1.2]
19952600000000.0 53592500000000.0 1757220000.0 109005000.0 5767.38 406687000.0 562277.0 0.0 1137160000.0 2872860.0 0.0 0.0 1852430.0 228338000.0 9145910.0 54543.2 396.425 192320000.0 19821500.0 -1.18 [-1.18]
19952600000000.0 51611900000000.0 1709910000.0 102023000.0 5116.33 392710000.0 505479.0 0.0 1135430000.0 2572770.0 0.0 0.0 1803880.0 222573000.0 8499910.0 49501.5 354.111 188654000.0 19317600.0 -1.16 [-1.16]
19952600000000.0 49715900000000.0 1664360000.0 95532200.0 4544.11 379291000.0 454711.0 0.0 1133680000.0 2305500.0 0.0 0.0 1757340.0 217031000.0 7904290.0 44964.3 316.745 185075000.0 18833700.0 -1.14 [-1.14]
19952600000000.0 47900500000000.0 1620510000.0 89495600.0 4040.6 366404000.0 409302.0 0.0 1131910000.0 2067290.0 0.0 0.0 1712700.0 211703000.0 7354810.0 40877.6 283.703 181583000.0 18369100.0 -1.12 [-1.12]
