Cloudy_runs/3c57/z=0.07743/logZ=-1/component_I_PI_nH/component_I_PI_nH_col_density_param.txt
# %ECSV 1.0
# ---
# datatype:
# - {name: H, datatype: float64}
# - {name: H+, datatype: float64}
# - {name: C+, datatype: float64}
# - {name: C+2, datatype: float64}
# - {name: C+3, datatype: float64}
# - {name: N+, datatype: float64}
# - {name: N+2, datatype: float64}
# - {name: N+4, datatype: float64}
# - {name: O, datatype: float64}
# - {name: O+2, datatype: float64}
# - {name: O+5, datatype: float64}
# - {name: O+6, datatype: float64}
# - {name: P+, datatype: float64}
# - {name: Si+, datatype: float64}
# - {name: Si+2, datatype: float64}
# - {name: Si+3, datatype: float64}
# - {name: Si+4, datatype: float64}
# - {name: Fe+, datatype: float64}
# - {name: Al+, datatype: float64}
# - {name: log_nH, datatype: float64}
# - {name: parameters, datatype: string, subtype: 'float64[1]'}
# schema: astropy-2.0
H H+ C+ C+2 C+3 N+ N+2 N+4 O O+2 O+5 O+6 P+ Si+ Si+2 Si+3 Si+4 Fe+ Al+ log_nH parameters
[from data line 278]
19952600000000.0 2584820000000.0 329290000.0 764606.0 0.0 6072620.0 50.358 0.0 1006150000.0 1209.19 0.0 0.0 577880.0 70958900.0 129.972 125.032 0.0 71269200.0 6340070.0 0.56 [0.56]
19952600000000.0 2482250000000.0 322401000.0 718860.0 0.0 5564770.0 44.214 0.0 1005490000.0 1114.55 0.0 0.0 575256.0 70546300.0 106.713 118.598 0.0 70949000.0 6312080.0 0.58 [0.58]
19952600000000.0 2389190000000.0 315829000.0 677501.0 0.0 5142240.0 39.1449 0.0 1004870000.0 1028.06 0.0 0.0 572874.0 70171500.0 92.4926 112.531 0.0 70658300.0 6286670.0 0.6 [0.6]
19952600000000.0 2301940000000.0 309392000.0 639132.0 0.0 4775610.0 34.8334 0.0 1004260000.0 948.231 0.0 0.0 570638.0 69817700.0 82.7952 106.788 0.0 70385600.0 6262830.0 0.62 [0.62]
19952600000000.0 2220110000000.0 303120000.0 603562.0 0.0 4452070.0 31.1204 0.0 1003670000.0 874.823 0.0 0.0 568538.0 69483700.0 75.649 101.359 0.0 70129600.0 6240450.0 0.64 [0.64]
19952600000000.0 2142540000000.0 296960000.0 570317.0 0.0 4162000.0 27.886 0.0 1003110000.0 807.122 0.0 0.0 566546.0 69164200.0 70.0431 96.2205 0.0 69887000.0 6219240.0 0.66 [0.66]
19952600000000.0 2068920000000.0 290920000.0 539225.0 0.0 3899830.0 25.0513 0.0 1002560000.0 744.737 0.0 0.0 564654.0 68858100.0 65.4298 91.3575 0.0 69656600.0 6199090.0 0.68 [0.68]
19952600000000.0 1998360000000.0 284944000.0 509918.0 0.0 3660420.0 22.5486 0.0 1002030000.0 687.047 0.0 0.0 562838.0 68561400.0 61.4826 86.7486 0.0 69435900.0 6179790.0 0.7 [0.7]
19952600000000.0 1930810000000.0 279048000.0 482321.0 0.0 3440920.0 20.332 0.0 1001510000.0 633.769 0.0 0.0 561098.0 68273800.0 58.0067 82.3815 0.0 69224500.0 6161300.0 0.72 [0.72]
19952600000000.0 1865850000000.0 273211000.0 456242.0 0.0 3238490.0 18.3605 0.0 1001000000.0 584.496 0.0 0.0 559422.0 67993400.0 54.8772 78.241 0.0 69021300.0 6143530.0 0.74 [0.74]
19952600000000.0 1803970000000.0 267490000.0 431763.0 0.0 3051930.0 16.6063 0.0 1000520000.0 539.14 0.0 0.0 557824.0 67723400.0 52.0194 74.3199 0.0 68827800.0 6126600.0 0.76 [0.76]
19952600000000.0 1744130000000.0 261806000.0 408527.0 0.0 2878390.0 15.036 0.0 1000040000.0 497.13 0.0 0.0 556277.0 67458000.0 49.3719 70.5985 0.0 68640700.0 6110230.0 0.78 [0.78]
19952600000000.0 1686710000000.0 256207000.0 386614.0 0.0 2717250.0 13.6311 0.0 999579000.0 458.374 0.0 0.0 554790.0 67199600.0 46.9027 67.0706 0.0 68461200.0 6094520.0 0.8 [0.8]
19952600000000.0 1631440000000.0 250678000.0 365886.0 0.0 2567040.0 12.3706 0.0 999132000.0 422.577 0.0 0.0 553358.0 66946900.0 44.586 63.7241 0.0 68288600.0 6079410.0 0.82 [0.82]
19952600000000.0 1578320000000.0 245230000.0 346310.0 0.0 2426940.0 11.2386 0.0 998699000.0 389.548 0.0 0.0 551980.0 66700100.0 42.4043 60.55 0.0 68122700.0 6064890.0 0.84 [0.84]
19952600000000.0 1526990000000.0 239836000.0 327736.0 0.0 2295650.0 10.2188 0.0 998277000.0 359.009 0.0 0.0 550646.0 66457100.0 40.3425 57.5368 0.0 67962400.0 6050860.0 0.86 [0.86]
19952600000000.0 1477380000000.0 234497000.0 310111.0 0.0 2172450.0 9.29907 0.0 997866000.0 330.783 0.0 0.0 549354.0 66217500.0 38.3904 54.676 0.0 67807600.0 6037310.0 0.88 [0.88]
19952600000000.0 1429780000000.0 229253000.0 293477.0 0.0 2057100.0 8.47015 0.0 997469000.0 304.78 0.0 0.0 548113.0 65983600.0 36.5414 51.9622 0.0 67659100.0 6024320.0 0.9 [0.9]
19952600000000.0 1383740000000.0 224066000.0 277682.0 0.0 1948530.0 7.7206 0.0 997082000.0 280.754 0.0 0.0 546911.0 65752500.0 34.7866 49.385 0.0 67515600.0 6011760.0 0.92 [0.92]
19952600000000.0 1339230000000.0 218937000.0 262684.0 0.0 1846250.0 7.0422 0.0 996705000.0 258.566 0.0 0.0 545746.0 65524200.0 33.1202 46.9372 0.0 67376900.0 5999620.0 0.94 [0.94]
19952600000000.0 1296350000000.0 213889000.0 248489.0 0.0 1750020.0 6.4349 0.0 996340000.0 237.945 0.0 0.0 544622.0 65299700.0 31.5377 44.6134 0.0 67243300.0 5987940.0 0.96 [0.96]
19952600000000.0 1254920000000.0 208907000.0 235023.0 0.0 1659330.0 5.89513 0.0 995986000.0 218.72 0.0 0.0 543534.0 65077600.0 30.0339 42.4062 0.0 67114400.0 5976660.0 0.98 [0.98]
19952600000000.0 1214940000000.0 203998000.0 222251.0 0.0 1573720.0 5.40403 0.0 995642000.0 201.087 0.0 0.0 542481.0 64858400.0 28.6043 40.3098 0.0 66990100.0 5965780.0 1.0 [1.0]
