Cloudy_runs/h1821/z=0.170006/component_II_PI_nH/component_II_PI_nH_col_density_param.txt
# %ECSV 1.0
# ---
# datatype:
# - {name: H, datatype: float64}
# - {name: H+, datatype: float64}
# - {name: C+, datatype: float64}
# - {name: C+2, datatype: float64}
# - {name: C+3, datatype: float64}
# - {name: N+, datatype: float64}
# - {name: N+2, datatype: float64}
# - {name: N+4, datatype: float64}
# - {name: O, datatype: float64}
# - {name: O+2, datatype: float64}
# - {name: O+5, datatype: float64}
# - {name: O+6, datatype: float64}
# - {name: P+, datatype: float64}
# - {name: Si+, datatype: float64}
# - {name: Si+2, datatype: float64}
# - {name: Si+3, datatype: float64}
# - {name: Si+4, datatype: float64}
# - {name: log_nH, datatype: float64}
# - {name: log_Te, datatype: float64}
# - {name: parameters, datatype: string, subtype: 'float64[1]'}
# schema: astropy-2.0
H H+ C+ C+2 C+3 N+ N+2 N+4 O O+2 O+5 O+6 P+ Si+ Si+2 Si+3 Si+4 log_nH log_Te parameters
[from data line 272]
47863000000000.0 3065730000000.0 31342900000.0 104993000.0 0.0 1669010000.0 40162.4 0.0 246278000000.0 74119.5 0.0 0.0 124078000.0 11760600000.0 31350.8 38892.6 0.0 0.44 0.0 [0.44]
47863000000000.0 2988040000000.0 30551700000.0 99135600.0 0.0 1616260000.0 37181.8 0.0 246017000000.0 68378.6 0.0 0.0 123851000.0 11668600000.0 29722.0 36830.9 0.0 0.46 0.0 [0.46]
47863000000000.0 2912370000000.0 29775400000.0 93584300.0 0.0 1565130000.0 34424.1 0.0 245761000000.0 63093.6 0.0 0.0 123629000.0 11576500000.0 28177.6 34877.5 0.0 0.48 0.0 [0.48]
47863000000000.0 2838670000000.0 29013000000.0 88321500.0 0.0 1515550000.0 31872.0 0.0 245512000000.0 58227.4 0.0 0.0 123411000.0 11484100000.0 26713.0 33026.5 0.0 0.5 0.0 [0.5]
47863000000000.0 2766890000000.0 28264500000.0 83334200.0 0.0 1467490000.0 29510.3 0.0 245267000000.0 53745.1 0.0 0.0 123198000.0 11391500000.0 25324.1 31272.5 0.0 0.52 0.0 [0.52]
47863000000000.0 2696950000000.0 27529800000.0 78608400.0 0.0 1420890000.0 27324.6 0.0 245028000000.0 49615.4 0.0 0.0 122989000.0 11298700000.0 24006.9 29610.3 0.0 0.54 0.0 [0.54]
47863000000000.0 2628820000000.0 26808900000.0 74132000.0 0.0 1375710000.0 25301.7 0.0 244793000000.0 45810.6 0.0 0.0 122784000.0 11205600000.0 22757.7 28035.2 0.0 0.56 0.0 [0.56]
47863000000000.0 2562450000000.0 26101600000.0 69892300.0 0.0 1331910000.0 23429.5 0.0 244564000000.0 42304.1 0.0 0.0 122584000.0 11112100000.0 21573.0 26542.5 0.0 0.58 0.0 [0.58]
47863000000000.0 2497760000000.0 25407600000.0 65877500.0 0.0 1289440000.0 21696.5 0.0 244340000000.0 39071.9 0.0 0.0 122387000.0 11018400000.0 20449.2 25128.0 0.0 0.6 0.0 [0.6]
47863000000000.0 2434740000000.0 24726900000.0 62076600.0 0.0 1248260000.0 20092.5 0.0 244121000000.0 36092.1 0.0 0.0 122194000.0 10924300000.0 19383.4 23787.4 0.0 0.62 0.0 [0.62]
47863000000000.0 2373320000000.0 24059200000.0 58478900.0 0.0 1208330000.0 18607.7 0.0 243906000000.0 33344.3 0.0 0.0 122005000.0 10829900000.0 18372.5 22517.0 0.0 0.64 0.0 [0.64]
47863000000000.0 2313460000000.0 23404500000.0 55074400.0 0.0 1169610000.0 17233.2 0.0 243696000000.0 30810.1 0.0 0.0 121820000.0 10735200000.0 17413.7 21313.0 0.0 0.66 0.0 [0.66]
47863000000000.0 2255110000000.0 22762400000.0 51853000.0 0.0 1132080000.0 15960.8 0.0 243490000000.0 28472.3 0.0 0.0 121637000.0 10640000000.0 16504.2 20172.0 0.0 0.68 0.0 [0.68]
47863000000000.0 2198240000000.0 22133000000.0 48806000.0 0.0 1095680000.0 14782.9 0.0 243289000000.0 26315.5 0.0 0.0 121458000.0 10544500000.0 15641.5 19090.8 0.0 0.7 0.0 [0.7]
47863000000000.0 2142800000000.0 21516000000.0 45924400.0 0.0 1060390000.0 13692.3 0.0 243093000000.0 24325.3 0.0 0.0 121282000.0 10448500000.0 14823.3 18066.1 0.0 0.72 0.0 [0.72]
47863000000000.0 2088640000000.0 20910300000.0 43196200.0 0.0 1026130000.0 12682.2 0.0 242900000000.0 22487.6 0.0 0.0 121108000.0 10351900000.0 14046.8 17094.6 0.0 0.74 0.0 [0.74]
47863000000000.0 2035950000000.0 20317900000.0 40621200.0 0.0 992953000.0 11747.5 0.0 242711000000.0 20792.1 0.0 0.0 120938000.0 10255200000.0 13310.7 16174.5 0.0 0.76 0.0 [0.76]
47863000000000.0 1984700000000.0 19738400000.0 38191300.0 0.0 960825000.0 10882.6 0.0 242528000000.0 19227.7 0.0 0.0 120772000.0 10158400000.0 12612.8 15303.1 0.0 0.78 0.0 [0.78]
47863000000000.0 1934600000000.0 19169800000.0 35892700.0 0.0 929635000.0 10081.2 0.0 242347000000.0 17782.4 0.0 0.0 120607000.0 10060800000.0 11950.5 14476.9 0.0 0.8 0.0 [0.8]
47863000000000.0 1885750000000.0 18612900000.0 33721200.0 0.0 899396000.0 9339.3 0.0 242171000000.0 16447.5 0.0 0.0 120445000.0 9962890000.0 11322.4 13694.1 0.0 0.82 0.0 [0.82]
47863000000000.0 1838120000000.0 18067600000.0 31670700.0 0.0 870079000.0 8652.31 0.0 241999000000.0 15214.7 0.0 0.0 120285000.0 9864550000.0 10726.7 12952.5 0.0 0.84 0.0 [0.84]
47863000000000.0 1791660000000.0 17533700000.0 29735000.0 0.0 841656000.0 8016.19 0.0 241830000000.0 14075.7 0.0 0.0 120127000.0 9765820000.0 10161.7 12249.8 0.0 0.86 0.0 [0.86]
47863000000000.0 1746350000000.0 17011200000.0 27908400.0 0.0 814101000.0 7427.15 0.0 241665000000.0 13023.5 0.0 0.0 119971000.0 9666700000.0 9625.93 11584.2 0.0 0.88 0.0 [0.88]
47863000000000.0 1702150000000.0 16499900000.0 26185100.0 0.0 787389000.0 6881.72 0.0 241504000000.0 12051.1 0.0 0.0 119817000.0 9567200000.0 9117.83 10953.7 0.0 0.9 0.0 [0.9]
47863000000000.0 1659030000000.0 15999600000.0 24559600.0 0.0 761494000.0 6376.63 0.0 241346000000.0 11152.5 0.0 0.0 119665000.0 9467320000.0 8635.99 10356.4 0.0 0.92 0.0 [0.92]
47863000000000.0 1616970000000.0 15510300000.0 23027200.0 0.0 736393000.0 5908.92 0.0 241191000000.0 10322.0 0.0 0.0 119515000.0 9367100000.0 8179.1 9790.65 0.0 0.94 0.0 [0.94]
47863000000000.0 1575940000000.0 15031800000.0 21582700.0 0.0 712063000.0 5475.79 0.0 241040000000.0 9554.26 0.0 0.0 119366000.0 9266520000.0 7745.88 9254.87 0.0 0.96 0.0 [0.96]
47863000000000.0 1535910000000.0 14564000000.0 20221800.0 0.0 688482000.0 5074.69 0.0 240892000000.0 8844.44 0.0 0.0 119219000.0 9165630000.0 7335.13 8747.47 0.0 0.98 0.0 [0.98]
47863000000000.0 1496850000000.0 14106800000.0 18939800.0 0.0 665627000.0 4703.24 0.0 240748000000.0 8188.12 0.0 0.0 119073000.0 9064420000.0 6945.69 8267.01 0.0 1.0 0.0 [1.0]
