Cloudy_runs/phl1811/z=0.080928/logZ=-1/component_I_PI_nH/component_I_PI_nH_col_density_param.txt
# %ECSV 1.0
# ---
# datatype:
# - {name: H, datatype: float64}
# - {name: H+, datatype: float64}
# - {name: C+, datatype: float64}
# - {name: C+2, datatype: float64}
# - {name: C+3, datatype: float64}
# - {name: N+, datatype: float64}
# - {name: N+2, datatype: float64}
# - {name: N+4, datatype: float64}
# - {name: O, datatype: float64}
# - {name: O+2, datatype: float64}
# - {name: O+5, datatype: float64}
# - {name: O+6, datatype: float64}
# - {name: P+, datatype: float64}
# - {name: Si+, datatype: float64}
# - {name: Si+2, datatype: float64}
# - {name: Si+3, datatype: float64}
# - {name: Si+4, datatype: float64}
# - {name: Fe+, datatype: float64}
# - {name: Al+, datatype: float64}
# - {name: log_nH, datatype: float64}
# - {name: parameters, datatype: string, subtype: 'float64[1]'}
# schema: astropy-2.0
H H+ C+ C+2 C+3 N+ N+2 N+4 O O+2 O+5 O+6 P+ Si+ Si+2 Si+3 Si+4 Fe+ Al+ log_nH parameters
[from data line 114]
398107000000000.0 3.43338e+16 318010000000.0 605866000000.0 8855840000.0 125350000000.0 106513000000.0 46028900.0 13860700000.0 659469000000.0 2412580.0 0.0 552273000.0 27262300000.0 76113900000.0 8280200000.0 862181000.0 4851050000.0 4037670000.0 -2.72 [-2.72]
398107000000000.0 3.26709e+16 312528000000.0 567868000000.0 7695410000.0 124117000000.0 96816500000.0 38235800.0 14361500000.0 596638000000.0 1837780.0 0.0 535362000.0 27188200000.0 71749900000.0 7454250000.0 739126000.0 4995650000.0 3969550000.0 -2.7 [-2.7]
398107000000000.0 3.10953e+16 307007000000.0 532095000000.0 6683050000.0 122694000000.0 87849400000.0 31727400.0 14852200000.0 538891000000.0 1397940.0 0.0 518778000.0 27098000000.0 67590900000.0 6704730000.0 633483000.0 5136780000.0 3899290000.0 -2.68 [-2.68]
398107000000000.0 2.95935e+16 301418000000.0 498232000000.0 5796710000.0 121069000000.0 79539900000.0 26277700.0 15332800000.0 485718000000.0 1060810.0 0.0 502437000.0 26990800000.0 63606400000.0 6021970000.0 542453000.0 5274720000.0 3826720000.0 -2.66 [-2.66]
398107000000000.0 2.81661e+16 295783000000.0 466295000000.0 5023470000.0 119263000000.0 71878500000.0 21732000.0 15801200000.0 437002000000.0 803543.0 0.0 486397000.0 26866100000.0 59804500000.0 5402620000.0 464241000.0 5408960000.0 3752290000.0 -2.64 [-2.64]
398107000000000.0 2.68096e+16 290110000000.0 436191000000.0 4349610000.0 117288000000.0 64833300000.0 17946600.0 16256100000.0 392487000000.0 607627.0 0.0 470671000.0 26723500000.0 56180400000.0 4841610000.0 397081000.0 5539280000.0 3676260000.0 -2.62 [-2.62]
398107000000000.0 2.55203e+16 284404000000.0 407833000000.0 3763010000.0 115156000000.0 58371900000.0 14799400.0 16696500000.0 351915000000.0 458740.0 0.0 455268000.0 26562600000.0 52729100000.0 4334190000.0 339450000.0 5665480000.0 3598880000.0 -2.6 [-2.6]
398107000000000.0 2.42909e+16 278652000000.0 381049000000.0 3251660000.0 112870000000.0 52447200000.0 12181800.0 17122200000.0 314942000000.0 345604.0 0.0 440145000.0 26382700000.0 49434900000.0 3874630000.0 289914000.0 5787660000.0 3520100000.0 -2.58 [-2.58]
398107000000000.0 2.31262e+16 272899000000.0 355931000000.0 2808610000.0 110468000000.0 47055100000.0 10017800.0 17530900000.0 281492000000.0 260150.0 0.0 425409000.0 26184600000.0 46315000000.0 3461320000.0 247563000.0 5905110000.0 3440680000.0 -2.56 [-2.56]
398107000000000.0 2.20191e+16 267131000000.0 332311000000.0 2424080000.0 107955000000.0 42147600000.0 8227460.0 17923000000.0 251224000000.0 195569.0 0.0 411015000.0 25967800000.0 43353000000.0 3089040000.0 211286000.0 6017970000.0 3360580000.0 -2.54 [-2.54]
398107000000000.0 2.09666e+16 261356000000.0 310114000000.0 2090660000.0 105345000000.0 37692100000.0 6748470.0 18297900000.0 223897000000.0 146841.0 0.0 396967000.0 25732500000.0 40544200000.0 2754160000.0 180230000.0 6126150000.0 3280020000.0 -2.52 [-2.52]
398107000000000.0 1.9966e+16 255580000000.0 289264000000.0 1801820000.0 102655000000.0 33656500000.0 5528580.0 18655400000.0 199276000000.0 0.0 0.0 383270000.0 25478800000.0 37883200000.0 2453300000.0 153660000.0 6229500000.0 3199180000.0 -2.5 [-2.5]
398107000000000.0 1.90147e+16 249809000000.0 269694000000.0 1551830000.0 99900200000.0 30009600000.0 4523920.0 18995500000.0 177140000000.0 0.0 0.0 369925000.0 25207000000.0 35365300000.0 2183370000.0 130941000.0 6327970000.0 3118270000.0 -2.48 [-2.48]
398107000000000.0 1.81102e+16 244050000000.0 251335000000.0 1335660000.0 97095300000.0 26721300000.0 3697730.0 19318100000.0 157277000000.0 0.0 0.0 356933000.0 24917700000.0 32985500000.0 1941490000.0 111527000.0 6421440000.0 3037470000.0 -2.46 [-2.46]
398107000000000.0 1.72504e+16 238310000000.0 234123000000.0 1148890000.0 94255400000.0 23762800000.0 3019300.0 19623400000.0 139488000000.0 0.0 0.0 344298000.0 24611400000.0 30738500000.0 1725020000.0 94948400.0 6509950000.0 2956930000.0 -2.44 [-2.44]
398107000000000.0 1.64326e+16 232593000000.0 217995000000.0 987628000.0 91393600000.0 21106000000.0 2462850.0 19911600000.0 123580000000.0 0.0 0.0 332015000.0 24288500000.0 28619600000.0 1531480000.0 80796800.0 6593270000.0 2876830000.0 -2.42 [-2.42]
398107000000000.0 1.56551e+16 226908000000.0 202891000000.0 848530000.0 88523100000.0 18725100000.0 2007100.0 20183100000.0 109382000000.0 0.0 0.0 320086000.0 23949800000.0 26623600000.0 1358660000.0 68725300.0 6671400000.0 2797300000.0 -2.4 [-2.4]
398107000000000.0 1.49156e+16 221260000000.0 188756000000.0 728636000.0 85656100000.0 16595200000.0 1634270.0 20438300000.0 96727700000.0 0.0 0.0 308508000.0 23596100000.0 24745800000.0 1204520000.0 58433700.0 6744290000.0 2718500000.0 -2.38 [-2.38]
398107000000000.0 1.42154e+16 215679000000.0 175591000000.0 625683000.0 82818000000.0 14698800000.0 1330410.0 20677200000.0 85498800000.0 0.0 0.0 297328000.0 23229800000.0 22988900000.0 1067620000.0 49690300.0 6811590000.0 2640890000.0 -2.36 [-2.36]
398107000000000.0 1.35437e+16 210096000000.0 163176000000.0 536490000.0 79975100000.0 12997500000.0 1081000.0 20901700000.0 75459300000.0 0.0 0.0 286396000.0 22847600000.0 21324600000.0 944922000.0 42196600.0 6874180000.0 2563540000.0 -2.34 [-2.34]
398107000000000.0 1.29076e+16 204593000000.0 151630000000.0 460042000.0 77179900000.0 11488000000.0 878261.0 21111100000.0 66577300000.0 0.0 0.0 275855000.0 22454700000.0 19771500000.0 836212000.0 35840100.0 6931100000.0 2487610000.0 -2.32 [-2.32]
398107000000000.0 1.23055e+16 199175000000.0 140900000000.0 394552000.0 74441100000.0 10150500000.0 713576.0 21305900000.0 58728200000.0 0.0 0.0 265701000.0 22052400000.0 18324400000.0 739982000.0 30450300.0 6982290000.0 2413210000.0 -2.3 [-2.3]
398107000000000.0 1.173e+16 193795000000.0 130837000000.0 338078000.0 71735300000.0 8958830000.0 579096.0 21487600000.0 51753800000.0 0.0 0.0 255831000.0 21638700000.0 16963600000.0 654225000.0 25849800.0 7028390000.0 2339690000.0 -2.28 [-2.28]
398107000000000.0 1.11826e+16 188485000000.0 121453000000.0 289593000.0 69083600000.0 7902280000.0 469735.0 21656400000.0 45584100000.0 0.0 0.0 246288000.0 21216100000.0 15692200000.0 578166000.0 21939800.0 7068990000.0 2267510000.0 -2.26 [-2.26]
398107000000000.0 1.06618e+16 183248000000.0 112705000000.0 247988000.0 66490900000.0 6966510000.0 380867.0 21813000000.0 40131500000.0 0.0 0.0 237068000.0 20786000000.0 14505700000.0 510762000.0 18617800.0 7104140000.0 2196710000.0 -2.24 [-2.24]
398107000000000.0 1.01664e+16 178088000000.0 104554000000.0 212306000.0 63961200000.0 6138590000.0 308700.0 21958000000.0 35316600000.0 0.0 0.0 228163000.0 20349400000.0 13399400000.0 451069000.0 15796600.0 7133770000.0 2127350000.0 -2.22 [-2.22]
398107000000000.0 9695080000000000.0 173011000000.0 96965800000.0 181720000.0 61498400000.0 5406850000.0 250136.0 22092000000.0 31068600000.0 0.0 0.0 219570000.0 19907500000.0 12369400000.0 398247000.0 13401900.0 7157870000.0 2059510000.0 -2.2 [-2.2]
398107000000000.0 9244020000000000.0 167989000000.0 89862100000.0 155403000.0 59089300000.0 4758070000.0 202472.0 22215900000.0 27308800000.0 0.0 0.0 211230000.0 19458900000.0 11405300000.0 351325000.0 11361300.0 7176610000.0 1992800000.0 -2.18 [-2.18]
398107000000000.0 8819950000000000.0 163115000000.0 83332200000.0 133062000.0 56781700000.0 4190290000.0 164117.0 22329400000.0 24022700000.0 0.0 0.0 203285000.0 19012300000.0 10520600000.0 310230000.0 9645210.0 7189500000.0 1928470000.0 -2.16 [-2.16]
398107000000000.0 8411450000000000.0 158272000000.0 77186600000.0 113759000.0 54516400000.0 3685350000.0 132796.0 22434300000.0 21105000000.0 0.0 0.0 195533000.0 18558600000.0 9688710000.0 273583000.0 8176620.0 7197120000.0 1864940000.0 -2.14 [-2.14]
398107000000000.0 8025170000000000.0 153554000000.0 71511300000.0 97317900.0 52339500000.0 3242380000.0 107531.0 22530100000.0 18548200000.0 0.0 0.0 188112000.0 18106700000.0 8922380000.0 241384000.0 6937410.0 7199120000.0 1803440000.0 -2.12 [-2.12]
398107000000000.0 7657580000000000.0 148933000000.0 66240000000.0 83250700.0 50236200000.0 2852240000.0 87070.0 22617900000.0 16299100000.0 0.0 0.0 180967000.0 17655000000.0 8212450000.0 212965000.0 5886870.0 7195650000.0 1743570000.0 -2.1 [-2.1]
398107000000000.0 7307780000000000.0 144411000000.0 61345900000.0 71218000.0 48206500000.0 2508810000.0 70504.3 22698000000.0 14321400000.0 0.0 0.0 174090000.0 17204500000.0 7555380000.0 187892000.0 4996420.0 7186730000.0 1685360000.0 -2.08 [-2.08]
398107000000000.0 6975050000000000.0 139992000000.0 56806100000.0 60930900.0 46251000000.0 2206740000.0 57097.7 22770900000.0 12583400000.0 0.0 0.0 167478000.0 16756000000.0 6948540000.0 165784000.0 4242130.0 7172040000.0 1628840000.0 -2.06 [-2.06]
398107000000000.0 6658350000000000.0 135674000000.0 52594500000.0 52134600.0 44367700000.0 1941020000.0 46245.9 22837000000.0 11056000000.0 0.0 0.0 161119000.0 16310600000.0 6387810000.0 146290000.0 3602800.0 7152080000.0 1573960000.0 -2.04 [-2.04]
398107000000000.0 6356900000000000.0 131460000000.0 48689100000.0 44614100.0 42555500000.0 1707350000.0 37462.8 22896900000.0 9714250000.0 0.0 0.0 155006000.0 15869300000.0 5870130000.0 129103000.0 3060910.0 7126920000.0 1520730000.0 -2.02 [-2.02]
398107000000000.0 6069950000000000.0 127350000000.0 45068900000.0 38185100.0 40813200000.0 1501930000.0 30354.3 22950900000.0 8535720000.0 0.0 0.0 149131000.0 15432600000.0 5392570000.0 113953000.0 2601580.0 7096670000.0 1469120000.0 -2.0 [-2.0]
398107000000000.0 5796800000000000.0 123344000000.0 41714400000.0 32689600.0 39139400000.0 1321370000.0 24601.0 22999300000.0 7500780000.0 0.0 0.0 143487000.0 15001400000.0 4952370000.0 100602000.0 2212220.0 7061440000.0 1419120000.0 -1.98 [-1.98]
398107000000000.0 5536750000000000.0 119443000000.0 38607000000.0 27992100.0 37532300000.0 1162690000.0 19944.0 23042500000.0 6592010000.0 0.0 0.0 138066000.0 14576400000.0 4546880000.0 88835100.0 1882090.0 7021350000.0 1370720000.0 -1.96 [-1.96]
398107000000000.0 5290940000000000.0 115674000000.0 35749700000.0 23996400.0 36001700000.0 1023900000.0 16189.1 23080900000.0 5797790000.0 0.0 0.0 132899000.0 14161000000.0 4176340000.0 78517600.0 1603510.0 6976870000.0 1324240000.0 -1.94 [-1.94]
398107000000000.0 5055180000000000.0 111983000000.0 33085100000.0 20561600.0 34522800000.0 901316000.0 13134.3 23114700000.0 5097000000.0 0.0 0.0 127904000.0 13749900000.0 3832860000.0 69375300.0 1365890.0 6927570000.0 1278960000.0 -1.92 [-1.92]
398107000000000.0 4830690000000000.0 108396000000.0 30619100000.0 17625000.0 33105300000.0 793608000.0 10660.5 23144300000.0 4481780000.0 0.0 0.0 123110000.0 13346600000.0 3517070000.0 61318400.0 1164260.0 6873880000.0 1235220000.0 -1.9 [-1.9]
398107000000000.0 4614830000000000.0 104878000000.0 28315600000.0 15097500.0 31733700000.0 698376000.0 8645.89 23170000000.0 3938370000.0 0.0 0.0 118467000.0 12947400000.0 3224130000.0 54170500.0 992021.0 6815340000.0 1192550000.0 -1.88 [-1.88]
398107000000000.0 4411200000000000.0 101496000000.0 26205100000.0 12951600.0 30432700000.0 615240000.0 7023.55 23191800000.0 3464390000.0 0.0 0.0 114055000.0 12560500000.0 2957650000.0 47913900.0 846794.0 6753430000.0 1151750000.0 -1.86 [-1.86]
398107000000000.0 4217340000000000.0 98217100000.0 24254100000.0 11116700.0 29187500000.0 542201000.0 5708.92 23210100000.0 3048360000.0 0.0 0.0 109827000.0 12182400000.0 2713180000.0 42399800.0 723467.0 6687680000.0 1112400000.0 -1.84 [-1.84]
398107000000000.0 4034760000000000.0 95075000000.0 22469900000.0 9558650.0 28009400000.0 478460000.0 4649.42 23225100000.0 2685610000.0 0.0 0.0 105819000.0 11817500000.0 2491390000.0 37574100.0 619429.0 6619160000.0 1074890000.0 -1.82 [-1.82]
398107000000000.0 3858840000000000.0 91996300000.0 20801300000.0 8213720.0 26869000000.0 421982000.0 0.0 23237000000.0 2364570000.0 0.0 0.0 101933000.0 11457800000.0 2285540000.0 33282500.0 530189.0 6546550000.0 1038320000.0 -1.8 [-1.8]
398107000000000.0 3689940000000000.0 88991500000.0 19247100000.0 7056220.0 25769300000.0 372074000.0 0.0 23245900000.0 2081220000.0 0.0 0.0 98179400.0 11104600000.0 2095270000.0 29476600.0 453843.0 6470310000.0 1002790000.0 -1.78 [-1.78]
398107000000000.0 3531610000000000.0 86130800000.0 17833600000.0 6076230.0 24734600000.0 328648000.0 0.0 23252200000.0 1834890000.0 0.0 0.0 94641200.0 10766500000.0 1923800000.0 26155100.0 389579.0 6392270000.0 969136000.0 -1.76 [-1.76]
398107000000000.0 3379480000000000.0 83340600000.0 16516200000.0 5231360.0 23736700000.0 290227000.0 0.0 23255800000.0 1617240000.0 0.0 0.0 91223200.0 10435100000.0 1765290000.0 23205600.0 334472.0 6311040000.0 936459000.0 -1.74 [-1.74]
398107000000000.0 3234520000000000.0 80643100000.0 15298900000.0 4507160.0 22782600000.0 256417000.0 0.0 23256900000.0 1425950000.0 0.0 0.0 87949200.0 10113300000.0 1620080000.0 20600700.0 287476.0 6227440000.0 905008000.0 -1.72 [-1.72]
398107000000000.0 3095150000000000.0 78012900000.0 14164400000.0 3882450.0 21862200000.0 226491000.0 0.0 23255500000.0 1256880000.0 0.0 0.0 84785400.0 9798290000.0 1485870000.0 18286300.0 247128.0 6140970000.0 874477000.0 -1.7 [-1.7]
398107000000000.0 2963510000000000.0 75495200000.0 13125500000.0 3349990.0 20990200000.0 200301000.0 0.0 23252100000.0 1109100000.0 0.0 0.0 81783000.0 9495580000.0 1364130000.0 16253700.0 212893.0 6053300000.0 845375000.0 -1.68 [-1.68]
398107000000000.0 2838030000000000.0 73064100000.0 12165700000.0 2892880.0 20156600000.0 177232000.0 0.0 23246600000.0 979128000.0 0.0 0.0 78907900.0 9202330000.0 1252640000.0 14456500.0 183621.0 5964020000.0 817390000.0 -1.66 [-1.66]
398107000000000.0 2718390000000000.0 70717100000.0 11278700000.0 2500210.0 19359700000.0 156901000.0 0.0 23239000000.0 864762000.0 0.0 0.0 76154700.0 8918410000.0 1150550000.0 12866500.0 158567.0 5873350000.0 790482000.0 -1.64 [-1.64]
398107000000000.0 2604380000000000.0 68453900000.0 10459500000.0 2162830.0 18598200000.0 138986000.0 0.0 23229600000.0 764139000.0 0.0 0.0 73520300.0 8643860000.0 1057160000.0 11459700.0 137115.0 5781500000.0 764636000.0 -1.62 [-1.62]
398107000000000.0 2495650000000000.0 66270300000.0 9702420000.0 1872610.0 17870200000.0 123184000.0 0.0 23218500000.0 675536000.0 0.0 0.0 70997500.0 8378390000.0 971608000.0 10213800.0 118715.0 5688760000.0 739794000.0 -1.6 [-1.6]
398107000000000.0 2391930000000000.0 64164400000.0 9002640000.0 1622800.0 17174000000.0 109239000.0 0.0 23205600000.0 597493000.0 0.0 0.0 68582000.0 8121830000.0 893254000.0 9109730.0 102917.0 5595340000.0 715922000.0 -1.58 [-1.58]
398107000000000.0 2293040000000000.0 62134800000.0 8356080000.0 1407690.0 16508600000.0 96932000.0 0.0 23191100000.0 528743000.0 0.0 0.0 66270300.0 7874140000.0 821542000.0 8131200.0 89344.7 5501460000.0 692999000.0 -1.56 [-1.56]
398107000000000.0 2198710000000000.0 60178900000.0 7758490000.0 1222290.0 15872500000.0 86063500.0 0.0 23175000000.0 468146000.0 0.0 0.0 64057600.0 7635070000.0 755876000.0 7263250.0 77668.2 5407320000.0 670985000.0 -1.54 [-1.54]
398107000000000.0 2108710000000000.0 58294500000.0 7206080000.0 1062370.0 15264200000.0 76460400.0 0.0 23157500000.0 414714000.0 0.0 0.0 61939600.0 7404430000.0 695739000.0 6492940.0 67611.4 5313130000.0 649848000.0 -1.52 [-1.52]
398107000000000.0 2023260000000000.0 56488000000.0 6697710000.0 924732.0 14685300000.0 67995600.0 0.0 23138700000.0 367713000.0 0.0 0.0 59921900.0 7183090000.0 640910000.0 5810810.0 58964.8 5219550000.0 629650000.0 -1.5 [-1.5]
398107000000000.0 1940830000000000.0 54729500000.0 6222690000.0 804966.0 14125800000.0 60458300.0 0.0 23118300000.0 325957000.0 0.0 0.0 57969900.0 6967430000.0 590158000.0 5200580.0 51448.0 5125240000.0 610053000.0 -1.48 [-1.48]
398107000000000.0 1863100000000000.0 53056200000.0 5788460000.0 702224.0 13596900000.0 53837500.0 0.0 23097000000.0 289362000.0 0.0 0.0 56123500.0 6762110000.0 544180000.0 4661980.0 45000.0 5032610000.0 591465000.0 -1.46 [-1.46]
