Cloudy_runs/phl1811/z=0.080928/logZ=-1/component_I_PI_nH/component_I_PI_nH_col_density_param.txt
# %ECSV 1.0
# ---
# datatype:
# - {name: H, datatype: float64}
# - {name: H+, datatype: float64}
# - {name: C+, datatype: float64}
# - {name: C+2, datatype: float64}
# - {name: C+3, datatype: float64}
# - {name: N+, datatype: float64}
# - {name: N+2, datatype: float64}
# - {name: N+4, datatype: float64}
# - {name: O, datatype: float64}
# - {name: O+2, datatype: float64}
# - {name: O+5, datatype: float64}
# - {name: O+6, datatype: float64}
# - {name: P+, datatype: float64}
# - {name: Si+, datatype: float64}
# - {name: Si+2, datatype: float64}
# - {name: Si+3, datatype: float64}
# - {name: Si+4, datatype: float64}
# - {name: Fe+, datatype: float64}
# - {name: Al+, datatype: float64}
# - {name: log_nH, datatype: float64}
# - {name: parameters, datatype: string, subtype: 'float64[1]'}
# schema: astropy-2.0
H H+ C+ C+2 C+3 N+ N+2 N+4 O O+2 O+5 O+6 P+ Si+ Si+2 Si+3 Si+4 Fe+ Al+ log_nH parameters
[from data line 252]
398107000000000.0 150328000000000.0 10368500000.0 72363800.0 0.0 1153330000.0 39540.5 0.0 20636900000.0 187476.0 0.0 0.0 14049300.0 1755200000.0 4925740.0 10678.0 0.0 1707560000.0 153509000.0 0.04 [0.04]
398107000000000.0 146097000000000.0 10210000000.0 68805300.0 0.0 1116590000.0 36306.3 0.0 20613100000.0 172902.0 0.0 0.0 13941800.0 1741660000.0 4669360.0 10057.4 0.0 1695480000.0 152353000.0 0.06 [0.06]
398107000000000.0 141990000000000.0 10054400000.0 65421300.0 0.0 1080850000.0 33335.0 0.0 20589600000.0 159506.0 0.0 0.0 13837500.0 1728500000.0 4424870.0 9476.06 0.0 1683740000.0 151231000.0 0.08 [0.08]
398107000000000.0 138003000000000.0 9901520000.0 62202700.0 0.0 1046080000.0 30604.5 0.0 20566600000.0 147190.0 0.0 0.0 13736200.0 1715720000.0 4191520.0 8931.26 0.0 1672320000.0 150141000.0 0.1 [0.1]
398107000000000.0 134131000000000.0 9751320000.0 59141100.0 0.0 1012230000.0 28094.6 0.0 20543900000.0 135863.0 0.0 0.0 13637800.0 1703310000.0 3968680.0 8420.51 0.0 1661210000.0 149082000.0 0.12 [0.12]
398107000000000.0 130370000000000.0 9603680000.0 56228100.0 0.0 979280000.0 25787.0 0.0 20521600000.0 125442.0 0.0 0.0 13542300.0 1691230000.0 3755650.0 7941.5 0.0 1650410000.0 148054000.0 0.14 [0.14]
398107000000000.0 126716000000000.0 9458540000.0 53456700.0 0.0 947186000.0 23665.0 0.0 20499700000.0 115851.0 0.0 0.0 13449400.0 1679500000.0 3551900.0 7492.08 0.0 1639890000.0 147054000.0 0.16 [0.16]
398107000000000.0 123157000000000.0 9315440000.0 50814800.0 0.0 915850000.0 21711.1 0.0 20478100000.0 107013.0 0.0 0.0 13358900.0 1668050000.0 3356450.0 7070.04 0.0 1629640000.0 146080000.0 0.18 [0.18]
398107000000000.0 119705000000000.0 9175050000.0 48305300.0 0.0 885365000.0 19915.5 0.0 20457000000.0 98883.8 0.0 0.0 13271100.0 1656940000.0 3169590.0 6674.01 0.0 1619680000.0 145135000.0 0.2 [0.2]
398107000000000.0 116349000000000.0 9036900000.0 45916900.0 0.0 855628000.0 18263.0 0.0 20436200000.0 91395.7 0.0 0.0 13185700.0 1646130000.0 2990390.0 6302.04 0.0 1609990000.0 144216000.0 0.22 [0.22]
398107000000000.0 113083000000000.0 8900940000.0 43643500.0 0.0 826606000.0 16742.0 0.0 20415700000.0 84496.3 0.0 0.0 13102700.0 1635600000.0 2818390.0 5952.54 0.0 1600540000.0 143321000.0 0.24 [0.24]
398107000000000.0 109905000000000.0 8767090000.0 41479400.0 0.0 798254000.0 15341.3 0.0 20395600000.0 78137.3 0.0 0.0 13021800.0 1625350000.0 2653020.0 5624.04 0.0 1591350000.0 142450000.0 0.26 [0.26]
398107000000000.0 106804000000000.0 8635000000.0 39416300.0 0.0 770489000.0 14050.0 0.0 20375800000.0 72270.1 0.0 0.0 12942900.0 1615330000.0 2493620.0 5315.06 0.0 1582360000.0 141601000.0 0.28 [0.28]
398107000000000.0 103790000000000.0 8505200000.0 37455400.0 0.0 743376000.0 12861.6 0.0 20356400000.0 66864.7 0.0 0.0 12866100.0 1605580000.0 2340460.0 5024.59 0.0 1573620000.0 140775000.0 0.3 [0.3]
398107000000000.0 100865000000000.0 8377890000.0 35593900.0 0.0 716902000.0 11768.1 0.0 20337400000.0 61887.6 0.0 0.0 12791600.0 1596100000.0 2193140.0 4751.54 0.0 1565130000.0 139972000.0 0.32 [0.32]
398107000000000.0 97998900000000.0 8251870000.0 33816000.0 0.0 690831000.0 10757.5 0.0 20318600000.0 57286.8 0.0 0.0 12718600.0 1586810000.0 2050170.0 4494.36 0.0 1556810000.0 139186000.0 0.34 [0.34]
398107000000000.0 95190400000000.0 8127160000.0 32118800.0 0.0 665132000.0 9823.5 0.0 20300100000.0 53034.3 0.0 0.0 12647100.0 1577680000.0 1911320.0 4252.08 0.0 1548650000.0 138416000.0 0.36 [0.36]
398107000000000.0 92456100000000.0 8004720000.0 30507100.0 0.0 639881000.0 8962.12 0.0 20281900000.0 49116.1 0.0 0.0 12577400.0 1568780000.0 1776690.0 4024.15 0.0 1540700000.0 137666000.0 0.38 [0.38]
398107000000000.0 89781100000000.0 7884010000.0 28972700.0 0.0 614945000.0 8165.95 0.0 20263900000.0 45498.9 0.0 0.0 12509200.0 1560060000.0 1645620.0 3809.49 0.0 1532930000.0 136931000.0 0.4 [0.4]
398107000000000.0 87159500000000.0 7764960000.0 27511600.0 0.0 590222000.0 7428.91 0.0 20246300000.0 42159.0 0.0 0.0 12442300.0 1551490000.0 1517420.0 3607.29 0.0 1525300000.0 136212000.0 0.42 [0.42]
398107000000000.0 84580700000000.0 7647480000.0 26119600.0 0.0 565517000.0 6743.96 0.0 20228800000.0 39074.8 0.0 0.0 12376500.0 1543040000.0 1390640.0 3416.8 0.0 1517810000.0 135504000.0 0.44 [0.44]
398107000000000.0 82044700000000.0 7531940000.0 24796500.0 0.0 540732000.0 6106.74 0.0 20211600000.0 36230.5 0.0 0.0 12311800.0 1534700000.0 1264850.0 3237.45 0.0 1510450000.0 134807000.0 0.46 [0.46]
398107000000000.0 79525900000000.0 7417450000.0 23533200.0 0.0 515579000.0 5510.78 0.0 20194500000.0 33599.3 0.0 0.0 12247500.0 1526380000.0 1139080.0 3068.37 0.0 1503150000.0 134116000.0 0.48 [0.48]
398107000000000.0 77007900000000.0 7304000000.0 22327600.0 0.0 489700000.0 4949.77 0.0 20177400000.0 31166.7 0.0 0.0 12183100.0 1518010000.0 1011650.0 2909.02 0.0 1495860000.0 133424000.0 0.5 [0.5]
398107000000000.0 74486400000000.0 7192770000.0 21184900.0 0.0 462654000.0 4417.81 0.0 20160400000.0 28928.9 0.0 0.0 12118600.0 1509570000.0 880667.0 2759.23 0.0 1488580000.0 132731000.0 0.52 [0.52]
398108000000000.0 71858600000000.0 7081530000.0 20088800.0 0.0 432772000.0 3896.73 0.0 20143000000.0 26858.6 0.0 0.0 12051300.0 1500680000.0 739022.0 2618.27 0.0 1481020000.0 132009000.0 0.54 [0.54]
398107000000000.0 51701400000000.0 6579180000.0 15296700.0 0.0 121574000.0 1010.2 0.0 20076200000.0 24234.0 0.0 0.0 11533500.0 1416220000.0 2612.59 2500.2 0.0 1422410000.0 126536000.0 0.56 [0.56]
398107000000000.0 49650400000000.0 6441790000.0 14382300.0 0.0 111378000.0 886.714 0.0 20063200000.0 22339.0 0.0 0.0 11481000.0 1407970000.0 2140.57 2371.56 0.0 1416010000.0 125977000.0 0.58 [0.58]
398107000000000.0 47784300000000.0 6310190000.0 13553300.0 0.0 102902000.0 784.894 0.0 20050700000.0 20603.6 0.0 0.0 11433200.0 1400460000.0 1853.47 2250.15 0.0 1410180000.0 125467000.0 0.6 [0.6]
398107000000000.0 46035900000000.0 6181440000.0 12785000.0 0.0 95548200.0 698.312 0.0 20038500000.0 19002.8 0.0 0.0 11388400.0 1393370000.0 1657.62 2135.27 0.0 1404710000.0 124989000.0 0.62 [0.62]
398107000000000.0 44397900000000.0 6056100000.0 12073200.0 0.0 89066300.0 623.805 0.0 20026800000.0 17531.3 0.0 0.0 11346400.0 1386680000.0 1513.85 2026.69 0.0 1399590000.0 124541000.0 0.64 [0.64]
398107000000000.0 42845600000000.0 5933030000.0 11408100.0 0.0 83257000.0 558.922 0.0 20015500000.0 16174.3 0.0 0.0 11306600.0 1380290000.0 1401.24 1923.91 0.0 1394730000.0 124117000.0 0.66 [0.66]
398107000000000.0 41371900000000.0 5812290000.0 10785900.0 0.0 78005800.0 502.055 0.0 20004500000.0 14923.7 0.0 0.0 11268700.0 1374170000.0 1308.67 1826.65 0.0 1390120000.0 123714000.0 0.68 [0.68]
398107000000000.0 39960300000000.0 5692910000.0 10199600.0 0.0 73213200.0 451.867 0.0 19993900000.0 13767.5 0.0 0.0 11232300.0 1368230000.0 1229.55 1734.47 0.0 1385700000.0 123327000.0 0.7 [0.7]
398107000000000.0 38605400000000.0 5574810000.0 9646430.0 0.0 68815500.0 407.395 0.0 19983500000.0 12698.4 0.0 0.0 11197400.0 1362460000.0 1159.9 1647.1 0.0 1381460000.0 122957000.0 0.72 [0.72]
398107000000000.0 37309800000000.0 5458550000.0 9126090.0 0.0 64770300.0 367.904 0.0 19973400000.0 11712.3 0.0 0.0 11164000.0 1356880000.0 1097.27 1564.34 0.0 1377410000.0 122602000.0 0.74 [0.74]
398107000000000.0 36071400000000.0 5344240000.0 8636370.0 0.0 61035900.0 332.731 0.0 19963700000.0 10803.2 0.0 0.0 11132000.0 1351480000.0 1040.07 1485.92 0.0 1373540000.0 122263000.0 0.76 [0.76]
398107000000000.0 34874800000000.0 5230730000.0 8171740.0 0.0 57565000.0 301.261 0.0 19954100000.0 9961.45 0.0 0.0 11101100.0 1346180000.0 987.105 1411.5 0.0 1369800000.0 121936000.0 0.78 [0.78]
398107000000000.0 33726400000000.0 5118890000.0 7733420.0 0.0 54340600.0 273.099 0.0 19944900000.0 9184.77 0.0 0.0 11071400.0 1341010000.0 937.711 1340.96 0.0 1366210000.0 121622000.0 0.8 [0.8]
398107000000000.0 32620800000000.0 5008430000.0 7318860.0 0.0 51335800.0 247.835 0.0 19936000000.0 8467.39 0.0 0.0 11042700.0 1335960000.0 891.373 1274.04 0.0 1362750000.0 121320000.0 0.82 [0.82]
398107000000000.0 31558100000000.0 4899560000.0 6927240.0 0.0 48531900.0 225.143 0.0 19927300000.0 7805.41 0.0 0.0 11015100.0 1331020000.0 847.739 1210.56 0.0 1359430000.0 121029000.0 0.84 [0.84]
398107000000000.0 30531500000000.0 4791810000.0 6555750.0 0.0 45905700.0 204.707 0.0 19918900000.0 7193.44 0.0 0.0 10988500.0 1326170000.0 806.508 1150.31 0.0 1356230000.0 120748000.0 0.86 [0.86]
398107000000000.0 29541700000000.0 4685410000.0 6203900.0 0.0 43444100.0 186.287 0.0 19910700000.0 6628.37 0.0 0.0 10962700.0 1321390000.0 767.485 1093.12 0.0 1353140000.0 120478000.0 0.88 [0.88]
398107000000000.0 28587400000000.0 4580410000.0 5870560.0 0.0 41133600.0 169.663 0.0 19902700000.0 6106.78 0.0 0.0 10937800.0 1316700000.0 730.5 1038.84 0.0 1350160000.0 120218000.0 0.9 [0.9]
398107000000000.0 27666600000000.0 4476790000.0 5554670.0 0.0 38962500.0 154.645 0.0 19895000000.0 5625.32 0.0 0.0 10913800.0 1312080000.0 695.413 987.309 0.0 1347290000.0 119966000.0 0.92 [0.92]
398107000000000.0 26776500000000.0 4374360000.0 5254760.0 0.0 36917300.0 141.053 0.0 19887500000.0 5180.74 0.0 0.0 10890500.0 1307520000.0 662.093 938.367 0.0 1344520000.0 119724000.0 0.94 [0.94]
398107000000000.0 25918900000000.0 4273520000.0 4970830.0 0.0 34992800.0 128.876 0.0 19880200000.0 4767.74 0.0 0.0 10868000.0 1303040000.0 630.452 891.904 0.0 1341850000.0 119490000.0 0.96 [0.96]
398107000000000.0 25090400000000.0 4173990000.0 4701510.0 0.0 33179000.0 118.062 0.0 19873100000.0 4382.45 0.0 0.0 10846200.0 1298600000.0 600.385 847.771 0.0 1339270000.0 119264000.0 0.98 [0.98]
398107000000000.0 24290800000000.0 4075920000.0 4446070.0 0.0 31466900.0 108.224 0.0 19866200000.0 4029.07 0.0 0.0 10825200.0 1294220000.0 571.804 805.854 0.0 1336780000.0 119047000.0 1.0 [1.0]
