Cloudy_runs/phl1811/z=0.080928/logZ=-1/component_I_PI_nH/component_I_PI_nH_col_density_param.txt
# %ECSV 1.0
# ---
# datatype:
# - {name: H, datatype: float64}
# - {name: H+, datatype: float64}
# - {name: C+, datatype: float64}
# - {name: C+2, datatype: float64}
# - {name: C+3, datatype: float64}
# - {name: N+, datatype: float64}
# - {name: N+2, datatype: float64}
# - {name: N+4, datatype: float64}
# - {name: O, datatype: float64}
# - {name: O+2, datatype: float64}
# - {name: O+5, datatype: float64}
# - {name: O+6, datatype: float64}
# - {name: P+, datatype: float64}
# - {name: Si+, datatype: float64}
# - {name: Si+2, datatype: float64}
# - {name: Si+3, datatype: float64}
# - {name: Si+4, datatype: float64}
# - {name: Fe+, datatype: float64}
# - {name: Al+, datatype: float64}
# - {name: log_nH, datatype: float64}
# - {name: parameters, datatype: string, subtype: 'float64[1]'}
# schema: astropy-2.0
H H+ C+ C+2 C+3 N+ N+2 N+4 O O+2 O+5 O+6 P+ Si+ Si+2 Si+3 Si+4 Fe+ Al+ log_nH parameters
398107000000000.0 1.25117e+19 34129700000.0 4619720000000.0 15591800000000.0 2547140000.0 745585000000.0 13560200000000.0 199526.0 1973200000000.0 144448000000000.0 206014000000000.0 1939410.0 30477900.0 1424370000.0 6212650000.0 577266000000.0 6950.98 927429.0 -5.0 [-5.0]
398107000000000.0 1.18509e+19 36901800000.0 4861170000000.0 15787500000000.0 2775790000.0 791842000000.0 13335000000000.0 223248.0 2103250000000.0 136647000000000.0 185596000000000.0 2273510.0 36004300.0 1647710000.0 6952860000.0 611948000000.0 8432.36 1106890.0 -4.98 [-4.98]
398107000000000.0 1.12267e+19 39857600000.0 5109170000000.0 15967300000000.0 3022080000.0 839956000000.0 13091800000000.0 249745.0 2238770000000.0 128985000000000.0 166877000000000.0 2660650.0 42450500.0 1903040000.0 7769230000.0 647756000000.0 10220.6 1317890.0 -4.96 [-4.96]
398107000000000.0 1.06366e+19 43003800000.0 5363430000000.0 16130600000000.0 3286740000.0 889861000000.0 12831200000000.0 279302.0 2379590000000.0 121485000000000.0 149752000000000.0 3108320.0 49953800.0 2194430000.0 8668300000.0 684650000000.0 12376.7 1565460.0 -4.94 [-4.94]
398107000000000.0 1.00787e+19 46348800000.0 5623710000000.0 16277200000000.0 3570640000.0 941498000000.0 12554100000000.0 312264.0 2525590000000.0 114172000000000.0 134121000000000.0 3625040.0 58670200.0 2526460000.0 9656840000.0 722577000000.0 14973.8 1855340.0 -4.92 [-4.92]
398107000000000.0 9.55109e+18 49900700000.0 5889680000000.0 16406500000000.0 3874610000.0 994788000000.0 12261500000000.0 349005.0 2676590000000.0 107065000000000.0 119886000000000.0 4220370.0 68775100.0 2904150000.0 10742000000.0 761480000000.0 18098.5 2194060.0 -4.9 [-4.9]
398107000000000.0 9.05195e+18 53666900000.0 6160980000000.0 16518300000000.0 4199390000.0 1049630000000.0 11954300000000.0 389938.0 2832380000000.0 100181000000000.0 106952000000000.0 4904910.0 80465500.0 3333060000.0 11931400000.0 801288000000.0 21853.8 2589070.0 -4.88 [-4.88]
398107000000000.0 8.5796e+18 57655500000.0 6437230000000.0 16612000000000.0 4545770000.0 1105920000000.0 11633600000000.0 435536.0 2992750000000.0 93536700000000.0 95225200000000.0 5690680.0 93964700.0 3819400000.0 13233000000.0 841932000000.0 26362.6 3048920.0 -4.86 [-4.86]
398107000000000.0 8.13258e+18 61871900000.0 6717890000000.0 16687500000000.0 4914240000.0 1163500000000.0 11300700000000.0 486290.0 3157380000000.0 87145600000000.0 84620200000000.0 6590580.0 109515000.0 4369780000.0 14654900000.0 883312000000.0 31768.1 3583100.0 -4.84 [-4.84]
398107000000000.0 7.70943e+18 66323300000.0 7002480000000.0 16744200000000.0 5305450000.0 1222240000000.0 10956700000000.0 542785.0 3326020000000.0 81017900000000.0 75050700000000.0 7619350.0 127394000.0 4991650000.0 16205900000.0 925339000000.0 38241.9 4202550.0 -4.82 [-4.82]
398107000000000.0 7.30876e+18 71015400000.0 7290400000000.0 16782100000000.0 5719880000.0 1281960000000.0 10603000000000.0 605656.0 3498350000000.0 75161400000000.0 66435000000000.0 8793110.0 147906000.0 5693090000.0 17894800000.0 967905000000.0 45985.6 4919570.0 -4.8 [-4.8]
398107000000000.0 6.92926e+18 75951400000.0 7580990000000.0 16800700000000.0 6157720000.0 1342460000000.0 10241000000000.0 675588.0 3673990000000.0 69581700000000.0 58695200000000.0 10129300.0 171389000.0 6482910000.0 19731200000.0 1010900000000.0 55237.2 5748100.0 -4.78 [-4.78]
398107000000000.0 6.56982e+18 81137500000.0 7873600000000.0 16799800000000.0 6619470000.0 1403560000000.0 9872000000000.0 753407.0 3852650000000.0 64282300000000.0 51758800000000.0 11647700.0 198215000.0 7370690000.0 21724400000.0 1054190000000.0 66276.7 6703750.0 -4.76 [-4.76]
398107000000000.0 6.22932e+18 86577600000.0 8167500000000.0 16779400000000.0 7105380000.0 1465060000000.0 9497560000000.0 840018.0 4033980000000.0 59264500000000.0 45556500000000.0 13369800.0 228798000.0 8366860000.0 23884200000.0 1097650000000.0 79433.5 7804090.0 -4.74 [-4.74]
398107000000000.0 5.90675e+18 92274600000.0 8461900000000.0 16739200000000.0 7615610000.0 1526740000000.0 9119170000000.0 936432.0 4217610000000.0 54527500000000.0 40023200000000.0 15318900.0 263586000.0 9482630000.0 26220300000.0 1141120000000.0 95093.7 9068810.0 -4.72 [-4.72]
398107000000000.0 5.60112e+18 98230500000.0 8755950000000.0 16679000000000.0 8150210000.0 1588380000000.0 8738300000000.0 1043790.0 4403170000000.0 50068600000000.0 35097700000000.0 17520700.0 303074000.0 10730100000.0 28742900000.0 1184470000000.0 113710.0 10520000.0 -4.7 [-4.7]
398107000000000.0 5.31152e+18 104446000000.0 9048760000000.0 16598900000000.0 8709170000.0 1649730000000.0 8356460000000.0 1163400.0 4590270000000.0 45883400000000.0 30722800000000.0 20002800.0 347799000.0 12122300000.0 31461900000.0 1227510000000.0 135806.0 12181600.0 -4.68 [-4.68]
398107000000000.0 5.03715e+18 110920000000.0 9339290000000.0 16498900000000.0 9292180000.0 1710550000000.0 7975210000000.0 1296640.0 4778470000000.0 41967200000000.0 26846300000000.0 22794000.0 398329000.0 13672900000.0 34386800000.0 1270090000000.0 161975.0 14078900.0 -4.66 [-4.66]
398107000000000.0 4.77703e+18 117657000000.0 9626840000000.0 16378800000000.0 9899790000.0 1770660000000.0 7595700000000.0 1445340.0 4967560000000.0 38309800000000.0 23416600000000.0 25930200.0 455346000.0 15397700000.0 37528900000.0 1312040000000.0 192971.0 16245000.0 -4.64 [-4.64]
398107000000000.0 4.53054e+18 124648000000.0 9910060000000.0 16238900000000.0 10531000000.0 1829760000000.0 7219570000000.0 1611200.0 5156960000000.0 34905700000000.0 20390300000000.0 29443700.0 519483000.0 17311600000.0 40896100000.0 1353160000000.0 229603.0 18712000.0 -4.62 [-4.62]
398107000000000.0 4.29694e+18 131892000000.0 10188000000000.0 16079300000000.0 11185800000.0 1887630000000.0 6848100000000.0 1796380.0 5346380000000.0 31745000000000.0 17725200000000.0 33373100.0 591493000.0 19431600000.0 44498300000.0 1393260000000.0 272848.0 21517500.0 -4.6 [-4.6]
398107000000000.0 4.07554e+18 139384000000.0 10459700000000.0 15900300000000.0 11863900000.0 1944060000000.0 6482510000000.0 2003280.0 5535420000000.0 28817600000000.0 15382800000000.0 37758900.0 672164000.0 21775400000.0 48344100000.0 1432160000000.0 323830.0 24702100.0 -4.58 [-4.58]
398107000000000.0 3.8657e+18 147118000000.0 10723800000000.0 15702100000000.0 12564900000.0 1998820000000.0 6123970000000.0 2234610.0 5723700000000.0 26113100000000.0 13328200000000.0 42644400.0 762334000.0 24361500000.0 52441300000.0 1469650000000.0 383845.0 28310900.0 -4.56 [-4.56]
398107000000000.0 3.6668e+18 155085000000.0 10979400000000.0 15485100000000.0 13288400000.0 2051690000000.0 5773550000000.0 2493420.0 5910820000000.0 23620500000000.0 11529600000000.0 48075400.0 862900000.0 27209400000.0 56797300000.0 1505550000000.0 454394.0 32393100.0 -4.54 [-4.54]
398107000000000.0 3.47828e+18 163277000000.0 11225100000000.0 15249700000000.0 14033800000.0 2102470000000.0 5432210000000.0 2783200.0 6096420000000.0 21328600000000.0 9957960000000.0 54100300.0 974804000.0 30339000000.0 61418400000.0 1539630000000.0 537203.0 37002600.0 -4.52 [-4.52]
398107000000000.0 3.29958e+18 171683000000.0 11460000000000.0 14996600000000.0 14800900000.0 2150970000000.0 5100820000000.0 3107860.0 6280120000000.0 19226200000000.0 8587340000000.0 60770500.0 1099040000.0 33771300000.0 66309400000.0 1571720000000.0 634262.0 42198000.0 -4.5 [-4.5]
398107000000000.0 3.13022e+18 180291000000.0 11682900000000.0 14726200000000.0 15589300000.0 2197020000000.0 4780120000000.0 3471880.0 6461570000000.0 17301800000000.0 7394190000000.0 68140100.0 1236670000.0 37527600000.0 71473800000.0 1601610000000.0 747851.0 48043300.0 -4.48 [-4.48]
398107000000000.0 2.96968e+18 189089000000.0 11892800000000.0 14439400000000.0 16398500000.0 2240460000000.0 4470740000000.0 3880290.0 6640400000000.0 15544400000000.0 6357400000000.0 76264600.0 1388780000.0 41629600000.0 76914000000.0 1629100000000.0 880586.0 54607700.0 -4.46 [-4.46]
398107000000000.0 2.81751e+18 198059000000.0 12088400000000.0 14136800000000.0 17228000000.0 2281140000000.0 4173210000000.0 4338750.0 6816250000000.0 13942800000000.0 5458040000000.0 85201400.0 1556490000.0 46099200000.0 82630000000.0 1654000000000.0 1035460.0 61966000.0 -4.44 [-4.44]
398107000000000.0 2.67327e+18 207185000000.0 12268800000000.0 13819500000000.0 18077300000.0 2318910000000.0 3887930000000.0 4853710.0 6988770000000.0 12486300000000.0 4679230000000.0 95010000.0 1740990000.0 50958600000.0 88620500000.0 1676150000000.0 1215870.0 70199000.0 -4.42 [-4.42]
398107000000000.0 2.53654e+18 216450000000.0 12433000000000.0 13488200000000.0 18946100000.0 2353670000000.0 3615220000000.0 5432410.0 7157610000000.0 11164400000000.0 4005930000000.0 105751000.0 1943450000.0 56229400000.0 94881400000.0 1695340000000.0 1425720.0 79393100.0 -4.4 [-4.4]
398107000000000.0 2.40692e+18 225829000000.0 12580000000000.0 13144000000000.0 19833800000.0 2385300000000.0 3355230000000.0 6083050.0 7322390000000.0 9966960000000.0 3424770000000.0 117485000.0 2165100000.0 61932500000.0 101406000000.0 1711430000000.0 1669410.0 89640500.0 -4.38 [-4.38]
398107000000000.0 2.28404e+18 235306000000.0 12709000000000.0 12788100000000.0 20740100000.0 2413720000000.0 3108110000000.0 6814850.0 7482830000000.0 8884480000000.0 2923960000000.0 130270000.0 2407150000.0 68088800000.0 108186000000.0 1724260000000.0 1951960.0 101040000.0 -4.36 [-4.36]
398107000000000.0 2.16756e+18 244856000000.0 12819300000000.0 12421600000000.0 21664600000.0 2438880000000.0 2873860000000.0 7638200.0 7638610000000.0 7907770000000.0 2493070000000.0 144165000.0 2670830000.0 74717200000.0 115209000000.0 1733690000000.0 2279030.0 113697000.0 -4.34 [-4.34]
398107000000000.0 2.05714e+18 254456000000.0 12910300000000.0 12045800000000.0 22607000000.0 2460700000000.0 2652400000000.0 8564800.0 7789400000000.0 7028110000000.0 2122880000000.0 159224000.0 2957310000.0 81835300000.0 122460000000.0 1739610000000.0 2657020.0 127722000.0 -4.32 [-4.32]
398107000000000.0 1.95245e+18 264081000000.0 12981300000000.0 11662000000000.0 23566800000.0 2479160000000.0 2443580000000.0 9607820.0 7934920000000.0 6237280000000.0 1805330000000.0 175500000.0 3267770000.0 89458600000.0 129921000000.0 1741900000000.0 3093160.0 143231000.0 -4.3 [-4.3]
398107000000000.0 1.8532e+18 273705000000.0 13032000000000.0 11271500000000.0 24543700000.0 2494220000000.0 2247180000000.0 10782100.0 8074830000000.0 5527560000000.0 1533310000000.0 193037000.0 3603290000.0 97599700000.0 137570000000.0 1740470000000.0 3595560.0 160347000.0 -4.28 [-4.28]
398107000000000.0 1.75909e+18 283299000000.0 13062000000000.0 10875600000000.0 25537300000.0 2505870000000.0 2062920000000.0 12104100.0 8208850000000.0 4891710000000.0 1300630000000.0 211874000.0 3964880000.0 106268000000.0 145382000000.0 1735260000000.0 4173340.0 179197000.0 -4.26 [-4.26]
398107000000000.0 1.66985e+18 292835000000.0 13071000000000.0 10475800000000.0 26547100000.0 2514100000000.0 1890470000000.0 13592700.0 8336700000000.0 4322970000000.0 1101860000000.0 232040000.0 4353450000.0 115469000000.0 153328000000.0 1726220000000.0 4836720.0 199914000.0 -4.24 [-4.24]
398107000000000.0 1.58527e+18 302275000000.0 13059000000000.0 10073700000000.0 27571700000.0 2518930000000.0 1729550000000.0 15267500.0 8458010000000.0 3815430000000.0 932398000000.0 253537000.0 4769390000.0 125199000000.0 161372000000.0 1713330000000.0 5596550.0 222617000.0 -4.22 [-4.22]
398107000000000.0 1.50502e+18 311618000000.0 13026300000000.0 9670230000000.0 28613200000.0 2520420000000.0 1579560000000.0 17154300.0 8572710000000.0 3362660000000.0 787946000000.0 276413000.0 5214060000.0 135465000000.0 169480000000.0 1696570000000.0 6466580.0 247475000.0 -4.2 [-4.2]
398107000000000.0 1.42891e+18 320822000000.0 12972800000000.0 9266920000000.0 29669900000.0 2518570000000.0 1440150000000.0 19278100.0 8680410000000.0 2959620000000.0 665047000000.0 300644000.0 5687510000.0 146252000000.0 177611000000.0 1675970000000.0 7460510.0 274617000.0 -4.18 [-4.18]
398107000000000.0 1.35667e+18 329872000000.0 12899100000000.0 8864860000000.0 30742800000.0 2513450000000.0 1310760000000.0 21670100.0 8780950000000.0 2601180000000.0 560557000000.0 326234000.0 6190440000.0 157550000000.0 185719000000.0 1651570000000.0 8595070.0 304209000.0 -4.16 [-4.16]
398107000000000.0 1.28819e+18 338714000000.0 12805300000000.0 8465950000000.0 31828900000.0 2505100000000.0 1191120000000.0 24359900.0 8873930000000.0 2283300000000.0 471943000000.0 353094000.0 6721810000.0 169324000000.0 193757000000.0 1623480000000.0 9886080.0 336354000.0 -4.14 [-4.14]
398107000000000.0 1.22321e+18 347335000000.0 12692200000000.0 8071160000000.0 32929100000.0 2493590000000.0 1080640000000.0 27385700.0 8959170000000.0 2001620000000.0 396839000000.0 381194000.0 7281730000.0 181548000000.0 201672000000.0 1591790000000.0 11353700.0 371215000.0 -4.12 [-4.12]
398107000000000.0 1.16157e+18 355710000000.0 12560400000000.0 7681670000000.0 34043000000.0 2479020000000.0 978821000000.0 30788400.0 9036460000000.0 1752360000000.0 333263000000.0 410459000.0 7869520000.0 194184000000.0 209410000000.0 1556630000000.0 13019400.0 408933000.0 -4.1 [-4.1]
398107000000000.0 1.10307e+18 363816000000.0 12410700000000.0 7298590000000.0 35170300000.0 2461450000000.0 885180000000.0 34613600.0 9105550000000.0 1532110000000.0 279514000000.0 440796000.0 8484160000.0 207184000000.0 216915000000.0 1518160000000.0 14906800.0 449645000.0 -4.08 [-4.08]
398107000000000.0 1.04755e+18 371630000000.0 12244100000000.0 6922960000000.0 36310700000.0 2440990000000.0 799232000000.0 38911900.0 9166240000000.0 1337770000000.0 234129000000.0 472092000.0 9124240000.0 220491000000.0 224128000000.0 1476570000000.0 17042100.0 493483000.0 -4.06 [-4.06]
398107000000000.0 9.94858e+17 379134000000.0 12061500000000.0 6555710000000.0 37464100000.0 2417750000000.0 720495000000.0 43739900.0 9218330000000.0 1166520000000.0 195856000000.0 504220000.0 9788050000.0 234042000000.0 230988000000.0 1432080000000.0 19453800.0 540572000.0 -4.04 [-4.04]
398107000000000.0 9.44847e+17 386314000000.0 11864100000000.0 6197710000000.0 38630300000.0 2391840000000.0 648506000000.0 49160400.0 9261630000000.0 1015840000000.0 163621000000.0 537037000.0 10473500000.0 247762000000.0 237434000000.0 1384940000000.0 22173500.0 591028000.0 -4.02 [-4.02]
398107000000000.0 8.97371e+17 393148000000.0 11652800000000.0 5849710000000.0 39808800000.0 2363370000000.0 582807000000.0 55242800.0 9295930000000.0 883426000000.0 136505000000.0 570373000.0 11177900000.0 261568000000.0 243408000000.0 1335410000000.0 25235800.0 644954000.0 -4.0 [-4.0]
398107000000000.0 8.52298e+17 399626000000.0 11428800000000.0 5512360000000.0 40999700000.0 2332460000000.0 522961000000.0 62064300.0 9321050000000.0 767226000000.0 113725000000.0 604053000.0 11898300000.0 275371000000.0 248850000000.0 1283790000000.0 28678300.0 702443000.0 -3.98 [-3.98]
398107000000000.0 8.09502e+17 405736000000.0 11193400000000.0 5186210000000.0 42202900000.0 2299240000000.0 468547000000.0 69710500.0 9336840000000.0 665393000000.0 94611600000.0 637892000.0 12631600000.0 289074000000.0 253705000000.0 1230390000000.0 32542600.0 763571000.0 -3.96 [-3.96]
398107000000000.0 7.68866e+17 411472000000.0 10947900000000.0 4871720000000.0 43418500000.0 2263850000000.0 419158000000.0 78275500.0 9343140000000.0 576272000000.0 78597000000.0 671697000.0 13374200000.0 302575000000.0 257922000000.0 1175540000000.0 36873600.0 828397000.0 -3.94 [-3.94]
398107000000000.0 7.30279e+17 416828000000.0 10693400000000.0 4569240000000.0 44646600000.0 2226420000000.0 374413000000.0 87863600.0 9339830000000.0 498383000000.0 65196700000.0 705272000.0 14122100000.0 315768000000.0 261452000000.0 1119570000000.0 41720500.0 896963000.0 -3.92 [-3.92]
398107000000000.0 6.93634e+17 421804000000.0 10431100000000.0 4279030000000.0 45887700000.0 2187100000000.0 333945000000.0 98589500.0 9326770000000.0 430402000000.0 53999400000.0 738421000.0 14871300000.0 328546000000.0 264253000000.0 1062860000000.0 47136600.0 969289000.0 -3.9 [-3.9]
