Cloudy_runs/Data/component_III_nH_Z=-1/component_III_nH_col_density_param.txt
# %ECSV 1.0
# ---
# datatype:
# - {name: H, datatype: float64}
# - {name: H+, datatype: float64}
# - {name: C+, datatype: float64}
# - {name: C+2, datatype: float64}
# - {name: C+3, datatype: float64}
# - {name: O+5, datatype: float64}
# - {name: O+6, datatype: float64}
# - {name: Si+, datatype: float64}
# - {name: Si+2, datatype: float64}
# - {name: Si+3, datatype: float64}
# - {name: log_nH, datatype: float64}
# - {name: parameters, datatype: string, subtype: 'float64[1]'}
# schema: astropy-2.0
H H+ C+ C+2 C+3 O+5 O+6 Si+ Si+2 Si+3 log_nH parameters
[from data line 96]
1.25892e+16 8.43538e+18 13307100000000.0 174928000000000.0 30577900000000.0 440942000000.0 21126200000.0 839006000000.0 13294000000000.0 6110140000000.0 -3.08 [-3.08]
1.25892e+16 8.01397e+18 13293700000000.0 167408000000000.0 27866000000000.0 367913000000.0 16879600000.0 844314000000.0 13039500000000.0 5814170000000.0 -3.06 [-3.06]
1.25892e+16 7.61367e+18 13275300000000.0 160114000000000.0 25364300000000.0 306411000000.0 13460800000.0 848856000000.0 12765700000000.0 5521170000000.0 -3.04 [-3.04]
1.25892e+16 7.23397e+18 13253000000000.0 153059000000000.0 23061200000000.0 254758000000.0 10716500000.0 852720000000.0 12476300000000.0 5232550000000.0 -3.02 [-3.02]
1.25892e+16 6.87242e+18 13224500000000.0 146213000000000.0 20940200000000.0 211352000000.0 8511900000.0 855945000000.0 12170400000000.0 4949690000000.0 -3.0 [-3.0]
1.25892e+16 6.52931e+18 13192200000000.0 139600000000000.0 18991600000000.0 175022000000.0 6748720000.0 858659000000.0 11853500000000.0 4673320000000.0 -2.98 [-2.98]
1.25893e+16 6.20337e+18 13155500000000.0 133212000000000.0 17203400000000.0 144653000000.0 5340350000.0 860917000000.0 11526900000000.0 4404490000000.0 -2.96 [-2.96]
1.25892e+16 5.89381e+18 13114700000000.0 127048000000000.0 15564700000000.0 119322000000.0 4217840000.0 862791000000.0 11192900000000.0 4143910000000.0 -2.94 [-2.94]
1.25892e+16 5.59979e+18 13069600000000.0 121104000000000.0 14064800000000.0 98230500000.0 3324840000.0 864350000000.0 10853400000000.0 3892270000000.0 -2.92 [-2.92]
1.25892e+16 5.32054e+18 13020600000000.0 115378000000000.0 12693800000000.0 80706300000.0 2615910000.0 865657000000.0 10510400000000.0 3649970000000.0 -2.9 [-2.9]
1.25892e+16 5.05501e+18 12966800000000.0 109859000000000.0 11441900000000.0 66166200000.0 2053850000.0 866771000000.0 10164500000000.0 3417530000000.0 -2.88 [-2.88]
1.25892e+16 4.80309e+18 12909800000000.0 104557000000000.0 10300900000000.0 54140600000.0 1609740000.0 867739000000.0 9819160000000.0 3194840000000.0 -2.86 [-2.86]
1.25892e+16 4.56376e+18 12848800000000.0 99458100000000.0 9262020000000.0 44207900000.0 1259230000.0 868608000000.0 9474610000000.0 2982230000000.0 -2.84 [-2.84]
1.25892e+16 4.33651e+18 12784100000000.0 94561500000000.0 8317580000000.0 36023000000.0 983221000.0 869413000000.0 9132470000000.0 2779700000000.0 -2.82 [-2.82]
1.25892e+16 4.12066e+18 12715600000000.0 89861000000000.0 7460070000000.0 29291600000.0 766277000.0 870190000000.0 8793620000000.0 2587230000000.0 -2.8 [-2.8]
1.25892e+16 3.91564e+18 12643200000000.0 85351400000000.0 6682530000000.0 23766900000.0 596086000.0 870965000000.0 8458980000000.0 2404720000000.0 -2.78 [-2.78]
1.25892e+16 3.72091e+18 12567000000000.0 81027800000000.0 5978480000000.0 19242600000.0 462839000.0 871765000000.0 8129350000000.0 2232020000000.0 -2.76 [-2.76]
1.25892e+16 3.53598e+18 12487100000000.0 76886100000000.0 5341900000000.0 15545800000.0 358733000.0 872595000000.0 7805590000000.0 2068920000000.0 -2.74 [-2.74]
1.25892e+16 3.36029e+18 12403400000000.0 72919200000000.0 4767020000000.0 12531000000.0 277530000.0 873480000000.0 7488010000000.0 1915180000000.0 -2.72 [-2.72]
1.25892e+16 3.19356e+18 12316100000000.0 69126000000000.0 4248950000000.0 10079400000.0 214352000.0 874417000000.0 7177590000000.0 1770590000000.0 -2.7 [-2.7]
1.25892e+16 3.03522e+18 12225200000000.0 65498700000000.0 3782480000000.0 8089380000.0 165270000.0 875410000000.0 6874450000000.0 1634800000000.0 -2.68 [-2.68]
1.25892e+16 2.88481e+18 12130600000000.0 62031300000000.0 3362980000000.0 6477370000.0 127204000.0 876458000000.0 6578810000000.0 1507480000000.0 -2.66 [-2.66]
1.25892e+16 2.742e+18 12032400000000.0 58720000000000.0 2986340000000.0 5174880000.0 97745400.0 877537000000.0 6291110000000.0 1388280000000.0 -2.64 [-2.64]
1.25892e+16 2.60633e+18 11930500000000.0 55558100000000.0 2648580000000.0 4124610000.0 74981800.0 878653000000.0 6011330000000.0 1276870000000.0 -2.62 [-2.62]
1.25892e+16 2.47749e+18 11824900000000.0 52541300000000.0 2346160000000.0 3279830000.0 57426800.0 879781000000.0 5739710000000.0 1172920000000.0 -2.6 [-2.6]
1.25892e+16 2.35512e+18 11715800000000.0 49664300000000.0 2075730000000.0 2601890000.0 43911400.0 880909000000.0 5476250000000.0 1076060000000.0 -2.58 [-2.58]
1.25892e+16 2.23889e+18 11603100000000.0 46922200000000.0 1834260000000.0 2059160000.0 33525000.0 882006000000.0 5221070000000.0 985948000000.0 -2.56 [-2.56]
1.25892e+16 2.12844e+18 11486700000000.0 44309000000000.0 1618890000000.0 1625620000.0 25554500.0 883085000000.0 4973920000000.0 902244000000.0 -2.54 [-2.54]
1.25892e+16 2.02361e+18 11367000000000.0 41822700000000.0 1427180000000.0 1280360000.0 19452600.0 884046000000.0 4735270000000.0 824607000000.0 -2.52 [-2.52]
1.25892e+16 1.92406e+18 11244100000000.0 39457400000000.0 1256720000000.0 1006010000.0 0.0 884886000000.0 4504850000000.0 752704000000.0 -2.5 [-2.5]
1.25892e+16 1.82948e+18 11117700000000.0 37207200000000.0 1105310000000.0 788482000.0 0.0 885607000000.0 4282410000000.0 686207000000.0 -2.48 [-2.48]
1.25892e+16 1.73962e+18 10987900000000.0 35068200000000.0 971015000000.0 616464000.0 0.0 886169000000.0 4067890000000.0 624801000000.0 -2.46 [-2.46]
1.25892e+16 1.65428e+18 10854900000000.0 33036200000000.0 852075000000.0 480797000.0 0.0 886527000000.0 3861260000000.0 568179000000.0 -2.44 [-2.44]
1.25892e+16 1.57321e+18 10718800000000.0 31106900000000.0 746871000000.0 374066000.0 0.0 886654000000.0 3662360000000.0 516044000000.0 -2.42 [-2.42]
1.25892e+16 1.49619e+18 10579600000000.0 29275900000000.0 653937000000.0 290317000.0 0.0 886519000000.0 3471060000000.0 468112000000.0 -2.4 [-2.4]
1.25892e+16 1.42308e+18 10437700000000.0 27540300000000.0 571979000000.0 224790000.0 0.0 886035000000.0 3287430000000.0 424112000000.0 -2.38 [-2.38]
1.25892e+16 1.35355e+18 10292600000000.0 25893300000000.0 499718000000.0 173609000.0 0.0 885301000000.0 3110770000000.0 383765000000.0 -2.36 [-2.36]
1.25892e+16 1.28752e+18 10144900000000.0 24333600000000.0 436148000000.0 133772000.0 0.0 884169000000.0 2941420000000.0 346838000000.0 -2.34 [-2.34]
1.25892e+16 1.22479e+18 9994610000000.0 22856700000000.0 380273000000.0 102834000.0 0.0 882648000000.0 2779060000000.0 313084000000.0 -2.32 [-2.32]
1.25892e+16 1.16519e+18 9841810000000.0 21458800000000.0 331223000000.0 78869700.0 0.0 880708000000.0 2623530000000.0 282275000000.0 -2.3 [-2.3]
1.25892e+16 1.10858e+18 9686790000000.0 20137200000000.0 288226000000.0 60357600.0 0.0 878290000000.0 2474770000000.0 254201000000.0 -2.28 [-2.28]
1.25892e+16 1.05478e+18 9529500000000.0 18887400000000.0 250563000000.0 46088100.0 0.0 875413000000.0 2332470000000.0 228648000000.0 -2.26 [-2.26]
1.25892e+16 1.00365e+18 9370080000000.0 17706300000000.0 217610000000.0 35116000.0 0.0 872060000000.0 2196450000000.0 205424000000.0 -2.24 [-2.24]
1.25892e+16 9.55063e+17 9208790000000.0 16591000000000.0 188815000000.0 26701100.0 0.0 868186000000.0 2066620000000.0 184348000000.0 -2.22 [-2.22]
1.25892e+16 9.08893e+17 9045790000000.0 15538500000000.0 163683000000.0 20262600.0 0.0 863776000000.0 1942800000000.0 165249000000.0 -2.2 [-2.2]
1.25892e+16 8.65011e+17 8881190000000.0 14545500000000.0 141769000000.0 15347300.0 0.0 858826000000.0 1824800000000.0 147965000000.0 -2.18 [-2.18]
1.25892e+16 8.23311e+17 8715250000000.0 13609500000000.0 122685000000.0 11603400.0 0.0 853311000000.0 1712490000000.0 132347000000.0 -2.16 [-2.16]
1.25892e+16 7.83689e+17 8548190000000.0 12727800000000.0 106085000000.0 8758090.0 0.0 847210000000.0 1605730000000.0 118255000000.0 -2.14 [-2.14]
1.25893e+16 7.46012e+17 8379990000000.0 11897300000000.0 91651700000.0 0.0 0.0 840567000000.0 1504220000000.0 105552000000.0 -2.12 [-2.12]
1.25892e+16 7.10197e+17 8210930000000.0 11115600000000.0 79119800000.0 0.0 0.0 833344000000.0 1407880000000.0 94119700000.0 -2.1 [-2.1]
1.25892e+16 6.76171e+17 8041430000000.0 10380700000000.0 68252700000.0 0.0 0.0 825539000000.0 1316600000000.0 83847100000.0 -2.08 [-2.08]
1.25892e+16 6.43827e+17 7871490000000.0 9689870000000.0 58834900000.0 0.0 0.0 817174000000.0 1230150000000.0 74626200000.0 -2.06 [-2.06]
1.25892e+16 6.13078e+17 7701330000000.0 9040830000000.0 50680400000.0 0.0 0.0 808255000000.0 1148360000000.0 66359300000.0 -2.04 [-2.04]
1.25892e+16 5.83848e+17 7531140000000.0 8431490000000.0 43626800000.0 0.0 0.0 798789000000.0 1071080000000.0 58957700000.0 -2.02 [-2.02]
1.25892e+16 5.56047e+17 7361010000000.0 7859510000000.0 37528900000.0 0.0 0.0 788819000000.0 998063000000.0 52337000000.0 -2.0 [-2.0]
1.25892e+16 5.29626e+17 7191320000000.0 7323320000000.0 32264300000.0 0.0 0.0 778319000000.0 929272000000.0 46424700000.0 -1.98 [-1.98]
1.25892e+16 5.04502e+17 7022150000000.0 6820720000000.0 27721100000.0 0.0 0.0 767338000000.0 864467000000.0 41149400000.0 -1.96 [-1.96]
1.25892e+16 4.80616e+17 6853750000000.0 6349990000000.0 23804500000.0 0.0 0.0 755891000000.0 803514000000.0 36448300000.0 -1.94 [-1.94]
1.25892e+16 4.57902e+17 6686250000000.0 5909280000000.0 20430200000.0 0.0 0.0 744010000000.0 746230000000.0 32262800000.0 -1.92 [-1.92]
1.25892e+16 4.363e+17 6519840000000.0 5496940000000.0 17525200000.0 0.0 0.0 731726000000.0 692455000000.0 28540200000.0 -1.9 [-1.9]
1.25892e+16 4.15756e+17 6354680000000.0 5111350000000.0 15026200000.0 0.0 0.0 719070000000.0 642032000000.0 25232600000.0 -1.88 [-1.88]
1.25892e+16 3.96214e+17 6190920000000.0 4750940000000.0 12877600000.0 0.0 0.0 706077000000.0 594793000000.0 22296200000.0 -1.86 [-1.86]
1.25892e+16 3.77635e+17 6028840000000.0 4414430000000.0 11032100000.0 0.0 0.0 692767000000.0 550633000000.0 19692800000.0 -1.84 [-1.84]
1.25892e+16 3.5996e+17 5868490000000.0 4100250000000.0 9447350000.0 0.0 0.0 679189000000.0 509359000000.0 17385500000.0 -1.82 [-1.82]
1.25892e+16 3.43151e+17 5710090000000.0 3807190000000.0 8087690000.0 0.0 0.0 665370000000.0 470849000000.0 15342900000.0 -1.8 [-1.8]
1.25892e+16 3.27161e+17 5553720000000.0 3533900000000.0 6921540000.0 0.0 0.0 651353000000.0 434938000000.0 13535600000.0 -1.78 [-1.78]
1.25892e+16 3.11954e+17 5399610000000.0 3279270000000.0 5922130000.0 0.0 0.0 637164000000.0 401518000000.0 11938000000.0 -1.76 [-1.76]
1.25892e+16 2.9746e+17 5247490000000.0 3041670000000.0 5064780000.0 0.0 0.0 622837000000.0 370350000000.0 10524500000.0 -1.74 [-1.74]
1.25892e+16 2.83717e+17 5098310000000.0 2821200000000.0 4332320000.0 0.0 0.0 608454000000.0 341493000000.0 9279490000.0 -1.72 [-1.72]
1.25892e+16 2.70618e+17 4951410000000.0 2615690000000.0 3704490000.0 0.0 0.0 593994000000.0 314650000000.0 8179200000.0 -1.7 [-1.7]
1.25892e+16 2.58158e+17 4807180000000.0 2424600000000.0 3167340000.0 0.0 0.0 579508000000.0 289766000000.0 7208750000.0 -1.68 [-1.68]
1.25892e+16 2.46301e+17 4665660000000.0 2246950000000.0 2707830000.0 0.0 0.0 565033000000.0 266705000000.0 6353030000.0 -1.66 [-1.66]
1.25892e+16 2.35041e+17 4527220000000.0 2082200000000.0 2315370000.0 0.0 0.0 550623000000.0 245405000000.0 5599870000.0 -1.64 [-1.64]
1.25892e+16 2.24311e+17 4391480000000.0 1928980000000.0 1979490000.0 0.0 0.0 536253000000.0 225694000000.0 4935570000.0 -1.62 [-1.62]
1.25892e+16 2.141e+17 4258660000000.0 1786730000000.0 1692410000.0 0.0 0.0 521983000000.0 207479000000.0 4350400000.0 -1.6 [-1.6]
1.25892e+16 2.04381e+17 4128820000000.0 1654730000000.0 1447080000.0 0.0 0.0 507840000000.0 190661000000.0 3835050000.0 -1.58 [-1.58]
1.25892e+16 1.95131e+17 4001980000000.0 1532280000000.0 1237440000.0 0.0 0.0 493850000000.0 175143000000.0 3381250000.0 -1.56 [-1.56]
1.25892e+16 1.86233e+17 3876880000000.0 1417570000000.0 1057070000.0 0.0 0.0 479877000000.0 160698000000.0 2978840000.0 -1.54 [-1.54]
1.25892e+16 1.77909e+17 3756960000000.0 1313080000000.0 904931000.0 0.0 0.0 466362000000.0 147600000000.0 2629050000.0 -1.52 [-1.52]
1.25892e+16 1.69932e+17 3639360000000.0 1215600000000.0 774300000.0 0.0 0.0 452954000000.0 135477000000.0 2319610000.0 -1.5 [-1.5]
1.25892e+16 1.62336e+17 3524820000000.0 1125290000000.0 662697000.0 0.0 0.0 439777000000.0 124320000000.0 2047180000.0 -1.48 [-1.48]
1.25892e+16 1.55103e+17 3413370000000.0 1041650000000.0 567356000.0 0.0 0.0 426847000000.0 114060000000.0 1807350000.0 -1.46 [-1.46]
1.25892e+16 1.48219e+17 3305050000000.0 964257000000.0 485922000.0 0.0 0.0 414177000000.0 104641000000.0 1596270000.0 -1.44 [-1.44]
1.25892e+16 1.41661e+17 3199750000000.0 892596000000.0 416323000.0 0.0 0.0 401776000000.0 95981200000.0 1410360000.0 -1.42 [-1.42]
1.25892e+16 1.35417e+17 3097540000000.0 826305000000.0 356856000.0 0.0 0.0 389657000000.0 88036300000.0 1246680000.0 -1.4 [-1.4]
1.25892e+16 1.29472e+17 2998390000000.0 765002000000.0 306040000.0 0.0 0.0 377828000000.0 80752000000.0 1102540000.0 -1.38 [-1.38]
1.25892e+16 1.23809e+17 2902210000000.0 708289000000.0 262587000.0 0.0 0.0 366293000000.0 74067000000.0 975530000.0 -1.36 [-1.36]
1.25892e+16 1.18409e+17 2808890000000.0 655794000000.0 225403000.0 0.0 0.0 355046000000.0 67930600000.0 863530000.0 -1.34 [-1.34]
1.25892e+16 1.1328e+17 2718780000000.0 607393000000.0 193655000.0 0.0 0.0 344122000000.0 62339000000.0 765000000.0 -1.32 [-1.32]
1.25892e+16 1.08363e+17 2630970000000.0 562388000000.0 166380000.0 0.0 0.0 333462000000.0 57157900000.0 677756000.0 -1.3 [-1.3]
1.25892e+16 1.03711e+17 2546600000000.0 521054000000.0 143137000.0 0.0 0.0 323158000000.0 52465400000.0 601151000.0 -1.28 [-1.28]
1.25892e+16 9.92674e+16 2464800000000.0 482777000000.0 123202000.0 0.0 0.0 313153000000.0 48144300000.0 533448000.0 -1.26 [-1.26]
1.25892e+16 9.50346e+16 2385760000000.0 447407000000.0 106124000.0 0.0 0.0 303451000000.0 44193100000.0 473686000.0 -1.24 [-1.24]
1.25892e+16 9.09986e+16 2309340000000.0 414702000000.0 91477200.0 0.0 0.0 294048000000.0 40574300000.0 420884000.0 -1.22 [-1.22]
1.25892e+16 8.71216e+16 2234950000000.0 384242000000.0 78848700.0 0.0 0.0 284867000000.0 37242300000.0 373993000.0 -1.2 [-1.2]
1.25892e+16 8.34731e+16 2164050000000.0 356455000000.0 68109100.0 0.0 0.0 276105000000.0 34226100000.0 332890000.0 -1.18 [-1.18]
1.25892e+16 7.99601e+16 2094920000000.0 330521000000.0 58824500.0 0.0 0.0 267551000000.0 31437100000.0 296295000.0 -1.16 [-1.16]
1.25892e+16 7.6627e+16 2028560000000.0 306672000000.0 50875100.0 0.0 0.0 259326000000.0 28896700000.0 264015000.0 -1.14 [-1.14]
1.25892e+16 7.34487e+16 1964550000000.0 284628000000.0 44040300.0 0.0 0.0 251385000000.0 26571200000.0 235429000.0 -1.12 [-1.12]
1.25892e+16 7.04213e+16 1902900000000.0 264275000000.0 38164000.0 0.0 0.0 243728000000.0 24446800000.0 210119000.0 -1.1 [-1.1]
1.25892e+16 6.75297e+16 1843400000000.0 245436000000.0 33099700.0 0.0 0.0 236333000000.0 22497000000.0 187659000.0 -1.08 [-1.08]
1.25892e+16 6.4771e+16 1786040000000.0 228016000000.0 28735600.0 0.0 0.0 229203000000.0 20711200000.0 167732000.0 -1.06 [-1.06]
1.25892e+16 6.21388e+16 1730780000000.0 211908000000.0 24972100.0 0.0 0.0 222330000000.0 19075700000.0 150042000.0 -1.04 [-1.04]
1.25892e+16 5.96359e+16 1677730000000.0 197063000000.0 21731500.0 0.0 0.0 215735000000.0 17578900000.0 134361000.0 -1.02 [-1.02]
1.25892e+16 5.72399e+16 1626480000000.0 183284000000.0 18925700.0 0.0 0.0 209359000000.0 16208100000.0 120393000.0 -1.0 [-1.0]
1.25892e+16 5.4952e+16 1577100000000.0 170532000000.0 16499300.0 0.0 0.0 203219000000.0 14949600000.0 107964000.0 -0.98 [-0.98]
1.25892e+16 5.27662e+16 1529530000000.0 158723000000.0 14398800.0 0.0 0.0 197305000000.0 13795000000.0 96896200.0 -0.96 [-0.96]
1.25892e+16 5.06795e+16 1483730000000.0 147794000000.0 12579800.0 0.0 0.0 191615000000.0 12736700000.0 87037900.0 -0.94 [-0.94]
1.25892e+16 4.86866e+16 1439640000000.0 137674000000.0 11002800.0 0.0 0.0 186140000000.0 11765800000.0 78249300.0 -0.92 [-0.92]
1.25892e+16 4.67844e+16 1397240000000.0 128306000000.0 9634800.0 0.0 0.0 180875000000.0 10876700000.0 70411600.0 -0.9 [-0.9]
1.25892e+16 4.4964e+16 1356340000000.0 119615000000.0 8445510.0 0.0 0.0 175806000000.0 10056700000.0 63407800.0 -0.88 [-0.88]
