Cloudy_runs/Data/component_III_nH_Z=-1/component_III_nH_col_density_param.txt
# %ECSV 1.0
# ---
# datatype:
# - {name: H, datatype: float64}
# - {name: H+, datatype: float64}
# - {name: C+, datatype: float64}
# - {name: C+2, datatype: float64}
# - {name: C+3, datatype: float64}
# - {name: O+5, datatype: float64}
# - {name: O+6, datatype: float64}
# - {name: Si+, datatype: float64}
# - {name: Si+2, datatype: float64}
# - {name: Si+3, datatype: float64}
# - {name: log_nH, datatype: float64}
# - {name: parameters, datatype: string, subtype: 'float64[1]'}
# schema: astropy-2.0
H H+ C+ C+2 C+3 O+5 O+6 Si+ Si+2 Si+3 log_nH parameters
1.25892e+16 1.33575e+21 166770000000.0 51403700000000.0 417943000000000.0 1.17676e+16 3.7707e+16 28541500.0 2380490000.0 22716000000.0 -5.0 [-5.0]
1.25892e+16 1.26043e+21 184474000000.0 55444200000000.0 433049000000000.0 1.15159e+16 3.49799e+16 35030600.0 2841430000.0 26189400000.0 -4.98 [-4.98]
1.25892e+16 1.18971e+21 203727000000.0 59697200000000.0 447982000000000.0 1.1248e+16 3.24021e+16 42885500.0 3384180000.0 30131800000.0 -4.96 [-4.96]
1.25892e+16 1.12334e+21 224641000000.0 64174500000000.0 462771000000000.0 1.09665e+16 2.99708e+16 52375800.0 4022710000.0 34605100000.0 -4.94 [-4.94]
1.25892e+16 1.061e+21 247340000000.0 68877000000000.0 477346000000000.0 1.0672e+16 2.76808e+16 63815300.0 4772160000.0 39667500000.0 -4.92 [-4.92]
1.25892e+16 1.00241e+21 271945000000.0 73809300000000.0 491675000000000.0 1.03657e+16 2.55269e+16 77574000.0 5650210000.0 45386800000.0 -4.9 [-4.9]
1.25892e+16 9.4733e+20 298596000000.0 78976000000000.0 505725000000000.0 1.00488e+16 2.35043e+16 94087400.0 6677010000.0 51835500000.0 -4.88 [-4.88]
1.25892e+16 8.95514e+20 327429000000.0 84379200000000.0 519454000000000.0 9722780000000000.0 2.16082e+16 113865000.0 7875590000.0 59093500000.0 -4.86 [-4.86]
1.25892e+16 8.46747e+20 358595000000.0 90021900000000.0 532827000000000.0 9388890000000000.0 1.98334e+16 137506000.0 9272340000.0 67248300000.0 -4.84 [-4.84]
1.25892e+16 8.00841e+20 392254000000.0 95908800000000.0 545822000000000.0 9048720000000000.0 1.8175e+16 165705000.0 10897100000.0 76394700000.0 -4.82 [-4.82]
1.25892e+16 7.57603e+20 428567000000.0 102040000000000.0 558403000000000.0 8703400000000000.0 1.66283e+16 199275000.0 12783900000.0 86635000000.0 -4.8 [-4.8]
1.25892e+16 7.1686e+20 467707000000.0 108419000000000.0 570541000000000.0 8354460000000000.0 1.51881e+16 239160000.0 14971300000.0 98081000000.0 -4.78 [-4.78]
1.25892e+16 6.78455e+20 509869000000.0 115046000000000.0 582207000000000.0 8003350000000000.0 1.38494e+16 286453000.0 17502900000.0 110852000000.0 -4.76 [-4.76]
1.25892e+16 6.42223e+20 555212000000.0 121919000000000.0 593368000000000.0 7651250000000000.0 1.26071e+16 342426000.0 20428100000.0 125080000000.0 -4.74 [-4.74]
1.25892e+16 6.0805e+20 603942000000.0 129043000000000.0 604014000000000.0 7299770000000000.0 1.14568e+16 408536000.0 23802500000.0 140904000000.0 -4.72 [-4.72]
1.25892e+16 5.75787e+20 656237000000.0 136411000000000.0 614104000000000.0 6949960000000000.0 1.03932e+16 486468000.0 27688500000.0 158473000000.0 -4.7 [-4.7]
1.25892e+16 5.45337e+20 712343000000.0 144028000000000.0 623631000000000.0 6603330000000000.0 9412190000000000.0 578172000.0 32157100000.0 177949000000.0 -4.68 [-4.68]
1.25892e+16 5.16582e+20 772468000000.0 151888000000000.0 632562000000000.0 6261030000000000.0 8508860000000000.0 685864000.0 37286400000.0 199500000000.0 -4.66 [-4.66]
1.25892e+16 4.89412e+20 836815000000.0 159989000000000.0 640885000000000.0 5924160000000000.0 7678660000000000.0 812076000.0 43164800000.0 223312000000.0 -4.64 [-4.64]
1.25892e+16 4.63733e+20 905592000000.0 168324000000000.0 648580000000000.0 5593800000000000.0 6917230000000000.0 959706000.0 49890700000.0 249581000000.0 -4.62 [-4.62]
1.25892e+16 4.39454e+20 979009000000.0 176887000000000.0 655621000000000.0 5270860000000000.0 6220070000000000.0 1132050000.0 57573700000.0 278516000000.0 -4.6 [-4.6]
1.25892e+16 4.16492e+20 1057290000000.0 185669000000000.0 661990000000000.0 4956220000000000.0 5583410000000000.0 1332810000.0 66334400000.0 310327000000.0 -4.58 [-4.58]
1.25892e+16 3.9477e+20 1140640000000.0 194661000000000.0 667673000000000.0 4650760000000000.0 5002970000000000.0 1566240000.0 76308600000.0 345254000000.0 -4.56 [-4.56]
1.25892e+16 3.74213e+20 1229270000000.0 203853000000000.0 672652000000000.0 4355040000000000.0 4474910000000000.0 1837100000.0 87645600000.0 383540000000.0 -4.54 [-4.54]
1.25892e+16 3.54759e+20 1323420000000.0 213235000000000.0 676915000000000.0 4069790000000000.0 3995530000000000.0 2150780000.0 100511000000.0 425436000000.0 -4.52 [-4.52]
1.25892e+16 3.36342e+20 1423270000000.0 222790000000000.0 680448000000000.0 3795430000000000.0 3561130000000000.0 2513290000.0 115085000000.0 471217000000.0 -4.5 [-4.5]
1.25892e+16 3.18899e+20 1528980000000.0 232501000000000.0 683236000000000.0 3532330000000000.0 3168410000000000.0 2931340000.0 131568000000.0 521163000000.0 -4.48 [-4.48]
1.25892e+16 3.02378e+20 1640750000000.0 242353000000000.0 685272000000000.0 3280830000000000.0 2814060000000000.0 3412480000.0 150178000000.0 575566000000.0 -4.46 [-4.46]
1.25892e+16 2.86729e+20 1758760000000.0 252327000000000.0 686543000000000.0 3041100000000000.0 2494930000000000.0 3965050000.0 171154000000.0 634723000000.0 -4.44 [-4.44]
1.25892e+16 2.71902e+20 1883160000000.0 262402000000000.0 687042000000000.0 2813260000000000.0 2208130000000000.0 4598320000.0 194756000000.0 698948000000.0 -4.42 [-4.42]
1.25892e+16 2.57852e+20 2014090000000.0 272555000000000.0 686761000000000.0 2597340000000000.0 1950860000000000.0 5322590000.0 221266000000.0 768557000000.0 -4.4 [-4.4]
1.25892e+16 2.44539e+20 2151700000000.0 282761000000000.0 685694000000000.0 2393260000000000.0 1720630000000000.0 6149120000.0 250991000000.0 843872000000.0 -4.38 [-4.38]
1.25892e+16 2.31921e+20 2296090000000.0 292997000000000.0 683841000000000.0 2200900000000000.0 1514960000000000.0 7090440000.0 284265000000.0 925227000000.0 -4.36 [-4.36]
1.25892e+16 2.19962e+20 2447340000000.0 303232000000000.0 681198000000000.0 2020060000000000.0 1331570000000000.0 8160120000.0 321442000000.0 1012960000000.0 -4.34 [-4.34]
1.25892e+16 2.08627e+20 2605550000000.0 313440000000000.0 677764000000000.0 1850480000000000.0 1168390000000000.0 9373130000.0 362908000000.0 1107380000000.0 -4.32 [-4.32]
1.25892e+16 1.97882e+20 2770730000000.0 323588000000000.0 673541000000000.0 1691890000000000.0 1023480000000000.0 10745700000.0 409073000000.0 1208840000000.0 -4.3 [-4.3]
1.25892e+16 1.87698e+20 2943000000000.0 333647000000000.0 668535000000000.0 1544060000000000.0 895073000000000.0 12295600000.0 460381000000.0 1317650000000.0 -4.28 [-4.28]
1.25892e+16 1.78045e+20 3122430000000.0 343586000000000.0 662748000000000.0 1406610000000000.0 781521000000000.0 14042200000.0 517301000000.0 1434100000000.0 -4.26 [-4.26]
1.25892e+16 1.68892e+20 3308730000000.0 353363000000000.0 656194000000000.0 1279120000000000.0 681243000000000.0 16005700000.0 580326000000.0 1558560000000.0 -4.24 [-4.24]
1.25892e+16 1.60216e+20 3502000000000.0 362946000000000.0 648883000000000.0 1161150000000000.0 592882000000000.0 18208300000.0 649976000000.0 1691260000000.0 -4.22 [-4.22]
1.25892e+16 1.5199e+20 3702140000000.0 372300000000000.0 640829000000000.0 1052250000000000.0 515164000000000.0 20674000000.0 726809000000.0 1832480000000.0 -4.2 [-4.2]
1.25892e+16 1.44193e+20 3909010000000.0 381388000000000.0 632048000000000.0 951947000000000.0 446900000000000.0 23427900000.0 811391000000.0 1982440000000.0 -4.18 [-4.18]
1.25892e+16 1.36801e+20 4122550000000.0 390175000000000.0 622559000000000.0 859773000000000.0 387064000000000.0 26497400000.0 904336000000.0 2141350000000.0 -4.16 [-4.16]
1.25892e+16 1.29794e+20 4342500000000.0 398623000000000.0 612387000000000.0 775251000000000.0 334710000000000.0 29911100000.0 1006270000000.0 2309390000000.0 -4.14 [-4.14]
1.25892e+16 1.23151e+20 4568660000000.0 406696000000000.0 601556000000000.0 697907000000000.0 288989000000000.0 33699000000.0 1117830000000.0 2486690000000.0 -4.12 [-4.12]
1.25892e+16 1.16854e+20 4800870000000.0 414359000000000.0 590096000000000.0 627283000000000.0 249126000000000.0 37893700000.0 1239700000000.0 2673320000000.0 -4.1 [-4.1]
1.25892e+16 1.10884e+20 5038700000000.0 421573000000000.0 578035000000000.0 562923000000000.0 214426000000000.0 42527900000.0 1372550000000.0 2869320000000.0 -4.08 [-4.08]
1.25892e+16 1.05225e+20 5281950000000.0 428309000000000.0 565408000000000.0 504391000000000.0 184286000000000.0 47636800000.0 1517060000000.0 3074640000000.0 -4.06 [-4.06]
1.25892e+16 9.98591e+19 5530140000000.0 434529000000000.0 552249000000000.0 451260000000000.0 158142000000000.0 53255800000.0 1673920000000.0 3289200000000.0 -4.04 [-4.04]
1.25892e+16 9.47722e+19 5782860000000.0 440203000000000.0 538600000000000.0 403124000000000.0 135509000000000.0 59421900000.0 1843820000000.0 3512820000000.0 -4.02 [-4.02]
1.25892e+16 8.99497e+19 6039790000000.0 445309000000000.0 524510000000000.0 359596000000000.0 115944000000000.0 66172900000.0 2027430000000.0 3745250000000.0 -4.0 [-4.0]
1.25892e+16 8.53756e+19 6299920000000.0 449805000000000.0 510020000000000.0 320303000000000.0 99059000000000.0 73543900000.0 2225360000000.0 3986240000000.0 -3.98 [-3.98]
1.25892e+16 8.10389e+19 6563530000000.0 453682000000000.0 495162000000000.0 284896000000000.0 84516100000000.0 81578700000.0 2438280000000.0 4235130000000.0 -3.96 [-3.96]
1.25892e+16 7.69271e+19 6829650000000.0 456913000000000.0 479993000000000.0 253049000000000.0 72011800000000.0 90312600000.0 2666750000000.0 4491550000000.0 -3.94 [-3.94]
1.25892e+16 7.30284e+19 7097690000000.0 459482000000000.0 464566000000000.0 224454000000000.0 61276300000000.0 99782700000.0 2911290000000.0 4754870000000.0 -3.92 [-3.92]
1.25892e+16 6.93311e+19 7367100000000.0 461373000000000.0 448926000000000.0 198819000000000.0 52072700000000.0 110026000000.0 3172370000000.0 5024340000000.0 -3.9 [-3.9]
1.25892e+16 6.58253e+19 7637250000000.0 462579000000000.0 433127000000000.0 175878000000000.0 44194700000000.0 121078000000.0 3450360000000.0 5299090000000.0 -3.88 [-3.88]
1.25892e+16 6.25003e+19 7907520000000.0 463099000000000.0 417228000000000.0 155380000000000.0 37460200000000.0 132968000000.0 3745520000000.0 5578220000000.0 -3.86 [-3.86]
1.25892e+16 5.93468e+19 8177150000000.0 462921000000000.0 401268000000000.0 137092000000000.0 31712800000000.0 145727000000.0 4057990000000.0 5860570000000.0 -3.84 [-3.84]
1.25892e+16 5.63557e+19 8445480000000.0 462047000000000.0 385301000000000.0 120801000000000.0 26816200000000.0 159379000000.0 4387810000000.0 6144960000000.0 -3.82 [-3.82]
1.25892e+16 5.35181e+19 8711620000000.0 460481000000000.0 369376000000000.0 106310000000000.0 22649700000000.0 173941000000.0 4734760000000.0 6430100000000.0 -3.8 [-3.8]
1.25892e+16 5.08259e+19 8974990000000.0 458236000000000.0 353544000000000.0 93440100000000.0 19108500000000.0 189428000000.0 5098550000000.0 6714560000000.0 -3.78 [-3.78]
1.25892e+16 4.82715e+19 9234840000000.0 455319000000000.0 337847000000000.0 82025400000000.0 16102500000000.0 205848000000.0 5478650000000.0 6996780000000.0 -3.76 [-3.76]
1.25892e+16 4.58476e+19 9490390000000.0 451750000000000.0 322332000000000.0 71915500000000.0 13553800000000.0 223199000000.0 5874310000000.0 7275130000000.0 -3.74 [-3.74]
1.25892e+16 4.35471e+19 9740990000000.0 447549000000000.0 307041000000000.0 62973700000000.0 11395200000000.0 241469000000.0 6284520000000.0 7547860000000.0 -3.72 [-3.72]
1.25892e+16 4.13636e+19 9985920000000.0 442737000000000.0 292011000000000.0 55075700000000.0 9569300000000.0 260640000000.0 6708060000000.0 7813140000000.0 -3.7 [-3.7]
1.25892e+16 3.9291e+19 10224600000000.0 437342000000000.0 277280000000000.0 48109100000000.0 8026520000000.0 280683000000.0 7143450000000.0 8069080000000.0 -3.68 [-3.68]
1.25892e+16 3.73234e+19 10456400000000.0 431395000000000.0 262882000000000.0 41971900000000.0 6724430000000.0 301554000000.0 7588920000000.0 8313750000000.0 -3.66 [-3.66]
1.25892e+16 3.54553e+19 10680700000000.0 424926000000000.0 248845000000000.0 36572500000000.0 5626770000000.0 323202000000.0 8042410000000.0 8545200000000.0 -3.64 [-3.64]
1.25892e+16 3.36814e+19 10897000000000.0 417969000000000.0 235197000000000.0 31828000000000.0 4702480000000.0 345561000000.0 8501620000000.0 8761470000000.0 -3.62 [-3.62]
1.25892e+16 3.19968e+19 11104700000000.0 410558000000000.0 221958000000000.0 27664600000000.0 3925120000000.0 368553000000.0 8963970000000.0 8960620000000.0 -3.6 [-3.6]
1.25892e+16 3.03975e+19 11304000000000.0 402741000000000.0 209150000000000.0 24016000000000.0 3272230000000.0 392104000000.0 9426900000000.0 9140620000000.0 -3.58 [-3.58]
1.25892e+16 2.88779e+19 11493400000000.0 394537000000000.0 196788000000000.0 20821900000000.0 2724290000000.0 416088000000.0 9886940000000.0 9299980000000.0 -3.56 [-3.56]
1.25892e+16 2.74346e+19 11673400000000.0 385996000000000.0 184884000000000.0 18029600000000.0 2265120000000.0 440408000000.0 10341100000000.0 9436870000000.0 -3.54 [-3.54]
1.25892e+16 2.60636e+19 11843500000000.0 377159000000000.0 173450000000000.0 15591500000000.0 1880790000000.0 464943000000.0 10786100000000.0 9549820000000.0 -3.52 [-3.52]
1.25892e+16 2.47612e+19 12003700000000.0 368066000000000.0 162490000000000.0 13465500000000.0 1559530000000.0 489569000000.0 11218400000000.0 9637480000000.0 -3.5 [-3.5]
1.25892e+16 2.35239e+19 12153900000000.0 358754000000000.0 152008000000000.0 11614000000000.0 1291330000000.0 514153000000.0 11634600000000.0 9698760000000.0 -3.48 [-3.48]
1.25892e+16 2.23484e+19 12293900000000.0 349260000000000.0 142004000000000.0 10003600000000.0 1067710000000.0 538558000000.0 12031300000000.0 9732840000000.0 -3.46 [-3.46]
1.25892e+16 2.12316e+19 12423800000000.0 339625000000000.0 132476000000000.0 8604820000000.0 881534000000.0 562652000000.0 12405200000000.0 9739140000000.0 -3.44 [-3.44]
1.25892e+16 2.01706e+19 12543800000000.0 329886000000000.0 123420000000000.0 7391360000000.0 726731000000.0 586297000000.0 12753000000000.0 9717420000000.0 -3.42 [-3.42]
1.25892e+16 1.91634e+19 12655100000000.0 320094000000000.0 114832000000000.0 6340490000000.0 598266000000.0 609404000000.0 13072600000000.0 9667400000000.0 -3.4 [-3.4]
1.25892e+16 1.82056e+19 12755700000000.0 310251000000000.0 106700000000000.0 5430940000000.0 491693000000.0 631771000000.0 13359800000000.0 9590060000000.0 -3.38 [-3.38]
1.25892e+16 1.72956e+19 12846900000000.0 300405000000000.0 99015700000000.0 4645130000000.0 403466000000.0 653322000000.0 13613000000000.0 9485760000000.0 -3.36 [-3.36]
1.25892e+16 1.64311e+19 12928800000000.0 290585000000000.0 91768900000000.0 3967210000000.0 330542000000.0 673942000000.0 13830200000000.0 9355580000000.0 -3.34 [-3.34]
1.25892e+16 1.56098e+19 13002100000000.0 280821000000000.0 84944900000000.0 3383120000000.0 270352000000.0 693565000000.0 14010100000000.0 9200590000000.0 -3.32 [-3.32]
1.25892e+16 1.48294e+19 13067300000000.0 271139000000000.0 78529600000000.0 2880590000000.0 220753000000.0 712122000000.0 14151800000000.0 9022220000000.0 -3.3 [-3.3]
1.25892e+16 1.40881e+19 13124000000000.0 261559000000000.0 72510300000000.0 2448940000000.0 179952000000.0 729525000000.0 14254200000000.0 8822490000000.0 -3.28 [-3.28]
1.25892e+16 1.33839e+19 13172900000000.0 252102000000000.0 66870900000000.0 2078710000000.0 146440000000.0 745744000000.0 14317500000000.0 8603220000000.0 -3.26 [-3.26]
1.25892e+16 1.27148e+19 13214300000000.0 242788000000000.0 61595600000000.0 1761620000000.0 118961000000.0 760752000000.0 14341900000000.0 8366470000000.0 -3.24 [-3.24]
1.25892e+16 1.20792e+19 13248400000000.0 233632000000000.0 56668800000000.0 1490470000000.0 96467900000.0 774539000000.0 14328000000000.0 8114470000000.0 -3.22 [-3.22]
1.25892e+16 1.14753e+19 13275600000000.0 224649000000000.0 52073400000000.0 1258980000000.0 78087600000.0 787111000000.0 14277200000000.0 7849430000000.0 -3.2 [-3.2]
1.25892e+16 1.09017e+19 13296100000000.0 215851000000000.0 47793800000000.0 1061660000000.0 63094900000.0 798491000000.0 14190800000000.0 7573640000000.0 -3.18 [-3.18]
1.25892e+16 1.03568e+19 13310200000000.0 207249000000000.0 43815000000000.0 893750000000.0 50888600000.0 808704000000.0 14070600000000.0 7289450000000.0 -3.16 [-3.16]
1.25892e+16 9.83907e+18 13318400000000.0 198851000000000.0 40118900000000.0 751084000000.0 40966800000.0 817812000000.0 13918700000000.0 6998850000000.0 -3.14 [-3.14]
1.25892e+16 9.34728e+18 13320800000000.0 190665000000000.0 36690900000000.0 630082000000.0 32917800000.0 825865000000.0 13737400000000.0 6704050000000.0 -3.12 [-3.12]
