Cloudy_runs/h1821/z=0.224981/component_II_PI_nH/component_II_PI_nH_col_density_param.txt
# %ECSV 1.0
# ---
# datatype:
# - {name: H, datatype: float64}
# - {name: H+, datatype: float64}
# - {name: C+, datatype: float64}
# - {name: C+2, datatype: float64}
# - {name: C+3, datatype: float64}
# - {name: N+, datatype: float64}
# - {name: N+2, datatype: float64}
# - {name: N+4, datatype: float64}
# - {name: O, datatype: float64}
# - {name: O+2, datatype: float64}
# - {name: O+5, datatype: float64}
# - {name: O+6, datatype: float64}
# - {name: P+, datatype: float64}
# - {name: Si+, datatype: float64}
# - {name: Si+2, datatype: float64}
# - {name: Si+3, datatype: float64}
# - {name: Si+4, datatype: float64}
# - {name: log_nH, datatype: float64}
# - {name: log_Te, datatype: float64}
# - {name: parameters, datatype: string, subtype: 'float64[1]'}
# schema: astropy-2.0
H H+ C+ C+2 C+3 N+ N+2 N+4 O O+2 O+5 O+6 P+ Si+ Si+2 Si+3 Si+4 log_nH log_Te parameters
[from data line 59]
1023290000000000.0 2.76513e+18 900740000000.0 32488900000000.0 18679700000000.0 86164700000.0 6426230000000.0 2064120000000.0 90855700.0 24592100000000.0 3249930000000.0 532716000000.0 1216430000.0 24876100000.0 608071000000.0 619186000000.0 3970900000000.0 -3.82 4.361 [-3.82]
1023290000000000.0 2.62639e+18 919115000000.0 31999300000000.0 17683100000000.0 88906300000.0 6363880000000.0 1860180000000.0 102083000.0 24714400000000.0 2831980000000.0 445517000000.0 1297970000.0 26641700000.0 644221000000.0 636718000000.0 3844590000000.0 -3.8 4.357 [-3.8]
1023290000000000.0 2.49469e+18 936706000000.0 31470800000000.0 16712600000000.0 91678800000.0 6294690000000.0 1673850000000.0 114681000.0 24813400000000.0 2464550000000.0 372111000000.0 1381160000.0 28460700000.0 680724000000.0 653055000000.0 3711740000000.0 -3.78 4.354 [-3.78]
1023290000000000.0 2.36963e+18 953487000000.0 30906700000000.0 15769800000000.0 94483700000.0 6219060000000.0 1503920000000.0 128813000.0 24888800000000.0 2141990000000.0 310389000000.0 1465610000.0 30325900000.0 717354000000.0 668049000000.0 3573100000000.0 -3.76 4.351 [-3.76]
1023290000000000.0 2.25089e+18 969417000000.0 30309700000000.0 14856700000000.0 97319600000.0 6137240000000.0 1349210000000.0 144655000.0 24940100000000.0 1859160000000.0 258555000000.0 1550870000.0 32229500000.0 753873000000.0 681552000000.0 3429470000000.0 -3.74 4.348 [-3.74]
1023290000000000.0 2.13812e+18 984473000000.0 29683200000000.0 13974600000000.0 100187000000.0 6049560000000.0 1208620000000.0 162406000.0 24966800000000.0 1611520000000.0 215082000000.0 1636480000.0 34162600000.0 790026000000.0 693421000000.0 3281690000000.0 -3.72 4.344 [-3.72]
1023290000000000.0 2.03104e+18 998638000000.0 29030300000000.0 13124600000000.0 103085000000.0 5956360000000.0 1081080000000.0 182282000.0 24968800000000.0 1394960000000.0 178667000000.0 1721980000.0 36115500000.0 825538000000.0 703530000000.0 3130660000000.0 -3.7 4.341 [-3.7]
1023290000000000.0 1.92933e+18 1011900000000.0 28354200000000.0 12307600000000.0 106015000000.0 5857990000000.0 965576000000.0 204524000.0 24945600000000.0 1205850000000.0 148204000000.0 1806860000.0 38078100000.0 860135000000.0 711764000000.0 2977290000000.0 -3.68 4.338 [-3.68]
1023290000000000.0 1.83273e+18 1024250000000.0 27658400000000.0 11524300000000.0 108977000000.0 5754800000000.0 861153000000.0 229398000.0 24897000000000.0 1040920000000.0 122755000000.0 1890660000.0 40039700000.0 893536000000.0 718024000000.0 2822510000000.0 -3.66 4.335 [-3.66]
1023290000000000.0 1.74098e+18 1035690000000.0 26945900000000.0 10774900000000.0 111973000000.0 5647170000000.0 766908000000.0 257194000.0 24822900000000.0 897267000000.0 101524000000.0 1972890000.0 41989300000.0 925460000000.0 722231000000.0 2667240000000.0 -3.64 4.331 [-3.64]
1023290000000000.0 1.65382e+18 1046220000000.0 26219700000000.0 10059800000000.0 115003000000.0 5535410000000.0 681994000000.0 288232000.0 24723100000000.0 772323000000.0 83835600000.0 2053080000.0 43915600000.0 955628000000.0 724328000000.0 2512400000000.0 -3.62 4.328 [-3.62]
1023290000000000.0 1.57103e+18 1055850000000.0 25483100000000.0 9378700000000.0 118069000000.0 5419980000000.0 605608000000.0 322866000.0 24597300000000.0 663802000000.0 69120400000.0 2130790000.0 45807600000.0 983779000000.0 724283000000.0 2358870000000.0 -3.6 4.325 [-3.6]
1023290000000000.0 1.49239e+18 1064610000000.0 24739000000000.0 8731490000000.0 121173000000.0 5301220000000.0 537012000000.0 361479000.0 24445800000000.0 569678000000.0 56896800000.0 2205640000.0 47654600000.0 1009670000000.0 722081000000.0 2207540000000.0 -3.58 4.322 [-3.58]
1023290000000000.0 1.41769e+18 1072510000000.0 23990200000000.0 8117740000000.0 124317000000.0 5179510000000.0 475513000000.0 404490000.0 24268500000000.0 488158000000.0 46758500000.0 2277260000.0 49446700000.0 1033080000000.0 717736000000.0 2059200000000.0 -3.56 4.318 [-3.56]
1023290000000000.0 1.34673e+18 1079580000000.0 23239200000000.0 7536890000000.0 127504000000.0 5055220000000.0 420465000000.0 452357000.0 24065500000000.0 417656000000.0 38362600000.0 2345300000.0 51174400000.0 1053810000000.0 711290000000.0 1914590000000.0 -3.54 4.315 [-3.54]
1023290000000000.0 1.27932e+18 1085840000000.0 22488600000000.0 6988280000000.0 130735000000.0 4928690000000.0 371274000000.0 505576000.0 23837000000000.0 356773000000.0 31420700000.0 2409480000.0 52829200000.0 1071700000000.0 702803000000.0 1774400000000.0 -3.52 4.312 [-3.52]
1023290000000000.0 1.21534e+18 1091210000000.0 21740900000000.0 6471850000000.0 134003000000.0 4800450000000.0 327442000000.0 564624000.0 23583600000000.0 304336000000.0 25695700000.0 2469200000.0 54396200000.0 1086570000000.0 692439000000.0 1639330000000.0 -3.5 4.308 [-3.5]
1023290000000000.0 1.15446e+18 1096040000000.0 20997400000000.0 5984200000000.0 137344000000.0 4670520000000.0 288287000000.0 630291000.0 23305000000000.0 259078000000.0 20967900000.0 2525290000.0 55891900000.0 1098490000000.0 680087000000.0 1509510000000.0 -3.48 4.305 [-3.48]
1023290000000000.0 1.09668e+18 1100030000000.0 20260800000000.0 5526920000000.0 140727000000.0 4539530000000.0 253517000000.0 703003000.0 23002200000000.0 220227000000.0 17082700000.0 2576550000.0 57288800000.0 1107230000000.0 666091000000.0 1385750000000.0 -3.46 4.302 [-3.46]
1023290000000000.0 1.04179e+18 1103350000000.0 19532700000000.0 5098050000000.0 144159000000.0 4407760000000.0 222641000000.0 783515000.0 22675700000000.0 186886000000.0 13892100000.0 2623240000.0 58591400000.0 1112850000000.0 650521000000.0 1268240000000.0 -3.44 4.298 [-3.44]
1023290000000000.0 9.89663e+17 1106010000000.0 18814600000000.0 4696540000000.0 147642000000.0 4275530000000.0 195269000000.0 872560000.0 22326100000000.0 158320000000.0 11276500000.0 2665280000.0 59797400000.0 1115360000000.0 633532000000.0 1157210000000.0 -3.42 4.295 [-3.42]
1023290000000000.0 9.40145e+17 1108040000000.0 18107900000000.0 4321230000000.0 151185000000.0 4143140000000.0 171038000000.0 970932000.0 21954200000000.0 133885000000.0 9136070000.0 2702610000.0 60906000000.0 1114810000000.0 615294000000.0 1052810000000.0 -3.4 4.292 [-3.4]
1023290000000000.0 8.93108e+17 1109470000000.0 17413900000000.0 3970960000000.0 154791000000.0 4010900000000.0 149620000000.0 1079480000.0 21560800000000.0 113019000000.0 7387760000.0 2735210000.0 61917700000.0 1111300000000.0 595976000000.0 955094000000.0 -3.38 4.288 [-3.38]
1023290000000000.0 8.48428e+17 1110330000000.0 16733400000000.0 3644560000000.0 158464000000.0 3879070000000.0 130718000000.0 1199110000.0 21146900000000.0 95231400000.0 5962420000.0 2763130000.0 62834400000.0 1104940000000.0 575754000000.0 864047000000.0 -3.36 4.285 [-3.36]
1023290000000000.0 8.0599e+17 1110640000000.0 16067600000000.0 3340860000000.0 162207000000.0 3747960000000.0 114061000000.0 1330790000.0 20713500000000.0 80096000000.0 4802660000.0 2786410000.0 63659100000.0 1095880000000.0 554800000000.0 779583000000.0 -3.34 4.282 [-3.34]
1023290000000000.0 7.65688e+17 1110440000000.0 15417300000000.0 3058750000000.0 166023000000.0 3617820000000.0 99406200000.0 1475530000.0 20261900000000.0 67242500000.0 3860970000.0 2805140000.0 64395200000.0 1084290000000.0 533293000000.0 701569000000.0 -3.32 4.278 [-3.32]
1023290000000000.0 7.274e+17 1109760000000.0 14782900000000.0 2796980000000.0 169914000000.0 3488850000000.0 86527100000.0 1634460000.0 19793000000000.0 56342700000.0 3097590000.0 2819420000.0 65048200000.0 1070330000000.0 511386000000.0 629776000000.0 -3.3 4.275 [-3.3]
1023290000000000.0 6.91033e+17 1108600000000.0 14164900000000.0 2554480000000.0 173882000000.0 3361280000000.0 75227100000.0 1808710000.0 19308300000000.0 47119100000.0 2480140000.0 2829350000.0 65622900000.0 1054220000000.0 489241000000.0 563975000000.0 -3.28 4.271 [-3.28]
1023290000000000.0 6.56491e+17 1107000000000.0 13563800000000.0 2330140000000.0 177931000000.0 3235320000000.0 65326400000.0 1999510000.0 18809200000000.0 39328700000.0 1981740000.0 2835080000.0 66125400000.0 1036150000000.0 467006000000.0 503891000000.0 -3.26 4.268 [-3.26]
1023290000000000.0 6.23684e+17 1104970000000.0 12980000000000.0 2122900000000.0 182062000000.0 3111160000000.0 56663600000.0 2208130000.0 18297100000000.0 32761600000.0 1580260000.0 2836770000.0 66561800000.0 1016330000000.0 444814000000.0 449218000000.0 -3.24 4.265 [-3.24]
1023290000000000.0 5.92524e+17 1102540000000.0 12413600000000.0 1931710000000.0 186277000000.0 2988970000000.0 49094500000.0 2435930000.0 17773400000000.0 27236800000.0 1257550000.0 2834550000.0 66938600000.0 994974000000.0 422792000000.0 399639000000.0 -3.22 4.261 [-3.22]
1023290000000000.0 5.62929e+17 1099720000000.0 11864700000000.0 1755580000000.0 190576000000.0 2868900000000.0 42489600000.0 2684290000.0 17239700000000.0 22598000000.0 998677000.0 2828600000.0 67262200000.0 972279000000.0 401050000000.0 354821000000.0 -3.2 4.258 [-3.2]
1023290000000000.0 5.34822e+17 1096530000000.0 11333400000000.0 1593530000000.0 194960000000.0 2751080000000.0 36733800000.0 2954690000.0 16697600000000.0 18711200000.0 791469000.0 2819090000.0 67539100000.0 948450000000.0 379686000000.0 314431000000.0 -3.18 4.254 [-3.18]
1023290000000000.0 5.08115e+17 1092960000000.0 10819400000000.0 1444630000000.0 199427000000.0 2635590000000.0 31723000000.0 3248700000.0 16148200000000.0 15460200000.0 625920000.0 2806120000.0 67775500000.0 923654000000.0 358783000000.0 278125000000.0 -3.16 4.251 [-3.16]
1023290000000000.0 4.82761e+17 1089060000000.0 10323000000000.0 1308030000000.0 203979000000.0 2522620000000.0 27368400000.0 3567760000.0 15593900000000.0 12748200000.0 494014000.0 2790000000.0 67977700000.0 898120000000.0 338416000000.0 245596000000.0 -3.14 4.247 [-3.14]
1023290000000000.0 4.58679e+17 1084820000000.0 9843910000000.0 1182870000000.0 208613000000.0 2412210000000.0 23587500000.0 3913550000.0 15035700000000.0 10489800000.0 389102000.0 2770830000.0 68151200000.0 871994000000.0 318646000000.0 216518000000.0 -3.12 4.244 [-3.12]
1023290000000000.0 4.35869e+17 1080280000000.0 9383240000000.0 1068590000000.0 213326000000.0 2304750000000.0 20315600000.0 4287020000.0 14477000000000.0 8617030000.0 306004000.0 2748920000.0 68298700000.0 845537000000.0 299571000000.0 190637000000.0 -3.1 4.241 [-3.1]
1023290000000000.0 4.14091e+17 1075380000000.0 8936940000000.0 963688000000.0 218114000000.0 2199410000000.0 17468900000.0 4691840000.0 13914400000000.0 7057620000.0 239921000.0 2724130000.0 68433200000.0 818616000000.0 281079000000.0 167520000000.0 -3.08 4.237 [-3.08]
1023290000000000.0 3.93518e+17 1070210000000.0 8509680000000.0 868406000000.0 222973000000.0 2097380000000.0 15017000000.0 5126890000.0 13355900000000.0 5772930000.0 187923000.0 2697030000.0 68548300000.0 791730000000.0 263399000000.0 147078000000.0 -3.06 4.234 [-3.06]
1023290000000000.0 3.73925e+17 1064700000000.0 8097500000000.0 781368000000.0 227894000000.0 1997860000000.0 12892800000.0 5596000000.0 12798000000000.0 4709890000.0 146824000.0 2667470000.0 68656100000.0 764726000000.0 246405000000.0 128927000000.0 -3.04 4.23 [-3.04]
1023290000000000.0 3.55318e+17 1058900000000.0 7701350000000.0 702166000000.0 232870000000.0 1901160000000.0 11058900000.0 6100060000.0 12243900000000.0 3834280000.0 114487000.0 2635750000.0 68757300000.0 737808000000.0 230158000000.0 112877000000.0 -3.02 4.227 [-3.02]
1023290000000000.0 3.37603e+17 1052780000000.0 7319840000000.0 630037000000.0 237890000000.0 1807050000000.0 9474210000.0 6641600000.0 11693400000000.0 3113310000.0 89052300.0 2601930000.0 68857300000.0 710993000000.0 214623000000.0 98682900000.0 -3.0 4.224 [-3.0]
1023290000000000.0 3.20823e+17 1046380000000.0 6954640000000.0 564740000000.0 242944000000.0 1716030000000.0 8112020000.0 7220400000.0 11150600000000.0 2523380000.0 69168100.0 2566320000.0 68953800000.0 684521000000.0 199886000000.0 86199200000.0 -2.98 4.22 [-2.98]
1023290000000000.0 3.04886e+17 1039680000000.0 6604340000000.0 505567000000.0 248020000000.0 1627850000000.0 6939540000.0 7838760000.0 10615400000000.0 2040690000.0 53620800.0 2529020000.0 69051100000.0 658386000000.0 185897000000.0 75214800000.0 -2.96 4.217 [-2.96]
1023290000000000.0 2.8975e+17 1032680000000.0 6268520000000.0 452020000000.0 253101000000.0 1542490000000.0 5931280000.0 8498040000.0 10088800000000.0 1646620000.0 41488900.0 2490140000.0 69151000000.0 632650000000.0 172645000000.0 65563500000.0 -2.94 4.213 [-2.94]
1023290000000000.0 2.75376e+17 1025400000000.0 5946860000000.0 403635000000.0 258172000000.0 1459970000000.0 5065120000.0 9199420000.0 9571960000000.0 1325680000.0 32042800.0 2449880000.0 69254400000.0 607377000000.0 160118000000.0 57096300000.0 -2.92 4.21 [-2.92]
1023290000000000.0 2.61761e+17 1017860000000.0 5639780000000.0 360070000000.0 263218000000.0 1380450000000.0 4323160000.0 9942670000.0 9067210000000.0 1065340000.0 24715300.0 2408470000.0 69359500000.0 582682000000.0 148330000000.0 49691000000.0 -2.9 4.207 [-2.9]
1023290000000000.0 2.48794e+17 1010000000000.0 5345140000000.0 320716000000.0 268211000000.0 1303510000000.0 3685360000.0 10731100000.0 8572720000000.0 853798000.0 19019100.0 2365820000.0 69471400000.0 558451000000.0 137197000000.0 43196500000.0 -2.88 4.203 [-2.88]
1023290000000000.0 2.36479e+17 1001860000000.0 5063410000000.0 285304000000.0 273132000000.0 1229330000000.0 3138860000.0 11564200000.0 8090710000000.0 682684000.0 14609900.0 2322160000.0 69587600000.0 534790000000.0 126731000000.0 37519400000.0 -2.86 4.2 [-2.86]
1023290000000000.0 2.24784e+17 993429000000.0 4794200000000.0 253487000000.0 277956000000.0 1157880000000.0 2671010000.0 12442100000.0 7621930000000.0 544602000.0 11203600.0 2277630000.0 69707300000.0 511727000000.0 116909000000.0 32562400000.0 -2.84 4.197 [-2.84]
1023290000000000.0 2.13677e+17 984721000000.0 4537110000000.0 224940000000.0 282657000000.0 1089140000000.0 2270840000.0 13364900000.0 7167080000000.0 433440000.0 8577150.0 2232350000.0 69829700000.0 489280000000.0 107707000000.0 28238700000.0 -2.82 4.194 [-2.82]
1023290000000000.0 2.03129e+17 975735000000.0 4291750000000.0 199365000000.0 287206000000.0 1023080000000.0 1928850000.0 14332300000.0 6726790000000.0 344165000.0 6555810.0 2186460000.0 69953300000.0 467466000000.0 99100400000.0 24471300000.0 -2.8 4.19 [-2.8]
1023290000000000.0 1.93108e+17 966462000000.0 4057650000000.0 176480000000.0 291573000000.0 959639000000.0 1636780000.0 15343700000.0 6301440000000.0 272625000.0 5002660.0 2140010000.0 70077900000.0 446281000000.0 91063500000.0 21191000000.0 -2.78 4.187 [-2.78]
1023290000000000.0 1.83591e+17 956913000000.0 3834450000000.0 156033000000.0 295727000000.0 898806000000.0 1387580000.0 16397900000.0 5891580000000.0 215444000.0 3811580.0 2093130000.0 70201000000.0 425740000000.0 83570300000.0 18337600000.0 -2.76 4.184 [-2.76]
1023290000000000.0 1.74552e+17 947089000000.0 3621780000000.0 137790000000.0 299636000000.0 840543000000.0 1175130000.0 17493500000.0 5497560000000.0 169850000.0 2899750.0 2045940000.0 70320700000.0 405845000000.0 76595000000.0 15857800000.0 -2.74 4.181 [-2.74]
1023290000000000.0 1.65966e+17 936996000000.0 3419250000000.0 121536000000.0 303268000000.0 784817000000.0 994181000.0 18628600000.0 5119690000000.0 133585000.0 2202890.0 1998530000.0 70434900000.0 386595000000.0 70111700000.0 13704400000.0 -2.72 4.178 [-2.72]
1023290000000000.0 1.57789e+17 926606000000.0 3225950000000.0 107042000000.0 306578000000.0 731461000000.0 839890000.0 19802800000.0 4757330000000.0 104762000.0 1670260.0 1950860000.0 70542600000.0 367934000000.0 64079500000.0 11832300000.0 -2.7 4.174 [-2.7]
1023290000000000.0 1.50066e+17 916019000000.0 3043120000000.0 94223800000.0 309569000000.0 680829000000.0 709271000.0 21007500000.0 4413220000000.0 82039500.0 0.0 1903410000.0 70636900000.0 350022000000.0 58520000000.0 10215700000.0 -2.68 4.171 [-2.68]
