Cloudy_runs/h1821/z=0.224981/component_II_PI_nH/component_II_PI_nH_col_density_param.txt
# %ECSV 1.0
# ---
# datatype:
# - {name: H, datatype: float64}
# - {name: H+, datatype: float64}
# - {name: C+, datatype: float64}
# - {name: C+2, datatype: float64}
# - {name: C+3, datatype: float64}
# - {name: N+, datatype: float64}
# - {name: N+2, datatype: float64}
# - {name: N+4, datatype: float64}
# - {name: O, datatype: float64}
# - {name: O+2, datatype: float64}
# - {name: O+5, datatype: float64}
# - {name: O+6, datatype: float64}
# - {name: P+, datatype: float64}
# - {name: Si+, datatype: float64}
# - {name: Si+2, datatype: float64}
# - {name: Si+3, datatype: float64}
# - {name: Si+4, datatype: float64}
# - {name: log_nH, datatype: float64}
# - {name: log_Te, datatype: float64}
# - {name: parameters, datatype: string, subtype: 'float64[1]'}
# schema: astropy-2.0
H H+ C+ C+2 C+3 N+ N+2 N+4 O O+2 O+5 O+6 P+ Si+ Si+2 Si+3 Si+4 log_nH log_Te parameters
[from data line 265]
1023290000000000.0 382387000000000.0 26240700000.0 190692000.0 0.0 2946090000.0 105059.0 0.0 53020300000.0 486278.0 0.0 0.0 36009400.0 4498900000.0 12663500.0 24986.3 0.0 0.3 3.902 [0.3]
1023290000000000.0 371659000000000.0 25836200000.0 181296000.0 0.0 2852870000.0 96503.3 0.0 52959600000.0 448506.0 0.0 0.0 35737000.0 4464600000.0 12015100.0 23536.1 0.0 0.32 3.901 [0.32]
1023290000000000.0 361247000000000.0 25438900000.0 172361000.0 0.0 2762210000.0 88641.4 0.0 52899800000.0 413785.0 0.0 0.0 35472600.0 4431290000.0 11396600.0 22177.5 0.0 0.34 3.899 [0.34]
1023290000000000.0 351140000000000.0 25048600000.0 163863000.0 0.0 2674020000.0 81415.4 0.0 52841100000.0 381858.0 0.0 0.0 35215800.0 4398930000.0 10806400.0 20904.1 0.0 0.36 3.897 [0.36]
1023290000000000.0 341326000000000.0 24665100000.0 155780000.0 0.0 2588240000.0 74773.3 0.0 52783400000.0 352492.0 0.0 0.0 34966500.0 4367490000.0 10243100.0 19710.2 0.0 0.38 3.895 [0.38]
1023290000000000.0 331798000000000.0 24288200000.0 148093000.0 0.0 2504780000.0 68667.5 0.0 52726600000.0 325473.0 0.0 0.0 34724400.0 4336940000.0 9705340.0 18590.4 0.0 0.4 3.893 [0.4]
1023290000000000.0 322539000000000.0 23917600000.0 140777000.0 0.0 2423500000.0 63050.4 0.0 52670800000.0 300602.0 0.0 0.0 34489000.0 4307230000.0 9190720.0 17539.6 0.0 0.42 3.89 [0.42]
1023290000000000.0 313543000000000.0 23553100000.0 133817000.0 0.0 2344370000.0 57884.2 0.0 52616000000.0 277704.0 0.0 0.0 34260400.0 4278340000.0 8698640.0 16553.2 0.0 0.44 3.888 [0.44]
1023290000000000.0 304782000000000.0 23193900000.0 127184000.0 0.0 2267160000.0 53127.2 0.0 52562000000.0 256599.0 0.0 0.0 34037600.0 4250180000.0 8226960.0 15626.6 0.0 0.46 3.886 [0.46]
1023290000000000.0 296280000000000.0 22841100000.0 120882000.0 0.0 2191980000.0 48751.8 0.0 52509100000.0 237175.0 0.0 0.0 33821400.0 4222830000.0 7774870.0 14756.6 0.0 0.48 3.883 [0.48]
1023290000000000.0 288017000000000.0 22494100000.0 114886000.0 0.0 2118770000.0 44727.3 0.0 52457100000.0 219277.0 0.0 0.0 33611200.0 4196230000.0 7342580.0 13939.1 0.0 0.5 3.881 [0.5]
1023290000000000.0 279961000000000.0 22151700000.0 109170000.0 0.0 2047200000.0 41018.0 0.0 52405900000.0 202765.0 0.0 0.0 33406200.0 4170260000.0 6926750.0 13170.3 0.0 0.52 3.878 [0.52]
1023290000000000.0 272139000000000.0 21815400000.0 103739000.0 0.0 1977470000.0 37605.8 0.0 52355700000.0 187556.0 0.0 0.0 33207200.0 4145030000.0 6528070.0 12447.7 0.0 0.54 3.876 [0.54]
1023290000000000.0 264522000000000.0 21484200000.0 98569200.0 0.0 1909320000.0 34461.9 0.0 52306300000.0 173530.0 0.0 0.0 33013300.0 4120430000.0 6144300.0 11768.0 0.0 0.56 3.873 [0.56]
1023290000000000.0 257104000000000.0 21157800000.0 93648100.0 0.0 1842680000.0 31565.0 0.0 52257800000.0 160591.0 0.0 0.0 32824400.0 4096450000.0 5774870.0 11128.5 0.0 0.58 3.87 [0.58]
1023290000000000.0 249875000000000.0 20836400000.0 88964300.0 0.0 1777470000.0 28895.1 0.0 52210200000.0 148652.0 0.0 0.0 32640300.0 4073050000.0 5418850.0 10526.5 0.0 0.6 3.867 [0.6]
1023290000000000.0 242852000000000.0 20520900000.0 84517200.0 0.0 1713730000.0 26436.4 0.0 52163500000.0 137651.0 0.0 0.0 32461500.0 4050290000.0 5075750.0 9960.25 0.0 0.62 3.863 [0.62]
1023290000000000.0 235948000000000.0 20207500000.0 80261900.0 0.0 1650810000.0 24160.7 0.0 52117300000.0 127462.0 0.0 0.0 32285600.0 4027870000.0 4742030.0 9426.19 0.0 0.64 3.86 [0.64]
1023290000000000.0 229231000000000.0 19899700000.0 76222000.0 0.0 1589110000.0 22063.1 0.0 52071900000.0 118070.0 0.0 0.0 32114400.0 4006030000.0 4419360.0 8923.47 0.0 0.66 3.856 [0.66]
1023290000000000.0 222663000000000.0 19596300000.0 72376400.0 0.0 1528280000.0 20124.7 0.0 52027300000.0 109396.0 0.0 0.0 31946900.0 3984630000.0 4105530.0 8449.84 0.0 0.68 3.852 [0.68]
1023290000000000.0 216230000000000.0 19297100000.0 68715400.0 0.0 1468080000.0 18330.5 0.0 51983400000.0 101384.0 0.0 0.0 31782900.0 3963630000.0 3798820.0 8003.49 0.0 0.7 3.848 [0.7]
1023290000000000.0 209922000000000.0 19002100000.0 65230800.0 0.0 1408320000.0 16668.3 0.0 51940000000.0 93983.2 0.0 0.0 31621900.0 3942970000.0 3498380.0 7582.81 0.0 0.72 3.843 [0.72]
1023290000000000.0 203724000000000.0 18711800000.0 61918800.0 0.0 1348500000.0 15121.9 0.0 51897400000.0 87154.9 0.0 0.0 31463700.0 3922630000.0 3200050.0 7186.53 0.0 0.74 3.837 [0.74]
1023290000000000.0 197564000000000.0 18423500000.0 58752000.0 0.0 1287930000.0 13675.7 0.0 51854800000.0 80828.8 0.0 0.0 31306400.0 3902310000.0 2901740.0 6812.59 0.0 0.76 3.831 [0.76]
1023290000000000.0 191468000000000.0 18139800000.0 55743900.0 0.0 1226390000.0 12322.6 0.0 51812700000.0 74992.5 0.0 0.0 31150600.0 3882120000.0 2602680.0 6460.36 0.0 0.78 3.824 [0.78]
1023290000000000.0 185351000000000.0 17859500000.0 52879000.0 0.0 1162320000.0 11040.0 0.0 51770700000.0 69602.8 0.0 0.0 30994200.0 3861720000.0 2294940.0 6128.6 0.0 0.8 3.816 [0.8]
1023290000000000.0 130600000000000.0 16510200000.0 39781200.0 0.0 301828000.0 2590.68 0.0 51589800000.0 62681.0 0.0 0.0 29587300.0 3633420000.0 6179.07 5862.16 0.0 0.82 3.427 [0.82]
1023290000000000.0 125535000000000.0 16164200000.0 37426500.0 0.0 277393000.0 2279.37 0.0 51557000000.0 57787.9 0.0 0.0 29457800.0 3613160000.0 5177.91 5561.41 0.0 0.84 3.408 [0.84]
1023290000000000.0 120887000000000.0 15831200000.0 35278700.0 0.0 256785000.0 2020.05 0.0 51525600000.0 53300.9 0.0 0.0 29338900.0 3594520000.0 4543.1 5277.39 0.0 0.86 3.391 [0.86]
1023290000000000.0 116536000000000.0 15506300000.0 33288900.0 0.0 238808000.0 1798.71 0.0 51495100000.0 49167.8 0.0 0.0 29227400.0 3576980000.0 4098.7 5008.74 0.0 0.88 3.376 [0.88]
1023290000000000.0 112405000000000.0 15186300000.0 31427300.0 0.0 222791000.0 1606.93 0.0 51465400000.0 45348.7 0.0 0.0 29121400.0 3560170000.0 3762.92 4754.31 0.0 0.9 3.362 [0.9]
1023290000000000.0 108508000000000.0 14873900000.0 29693800.0 0.0 208427000.0 1439.88 0.0 51436700000.0 41836.4 0.0 0.0 29021400.0 3544210000.0 3495.65 4513.7 0.0 0.92 3.348 [0.92]
1023290000000000.0 104799000000000.0 14567100000.0 28069800.0 0.0 195399000.0 1293.18 0.0 51409000000.0 38597.7 0.0 0.0 28926100.0 3528870000.0 3272.45 4285.91 0.0 0.94 3.335 [0.94]
1023290000000000.0 101244000000000.0 14263800000.0 26538800.0 0.0 183479000.0 1163.56 0.0 51382000000.0 35603.6 0.0 0.0 28834600.0 3514000000.0 3079.47 4070.02 0.0 0.96 3.322 [0.96]
1023290000000000.0 97842300000000.0 13965000000.0 25098100.0 0.0 172532000.0 1048.68 0.0 51355800000.0 32840.2 0.0 0.0 28747000.0 3499610000.0 2908.23 3865.47 0.0 0.98 3.309 [0.98]
1023290000000000.0 94565200000000.0 13669000000.0 23735000.0 0.0 162424000.0 946.46 0.0 51330200000.0 30283.2 0.0 0.0 28662400.0 3485560000.0 2753.14 3671.47 0.0 1.0 3.297 [1.0]
