Cloudy_runs/pg1222/z=0.054479/logZ=1/component_IV_PI_nH/component_IV_PI_nH_col_density_param.txt
# %ECSV 1.0
# ---
# datatype:
# - {name: H, datatype: float64}
# - {name: H+, datatype: float64}
# - {name: C+, datatype: float64}
# - {name: C+2, datatype: float64}
# - {name: C+3, datatype: float64}
# - {name: N+, datatype: float64}
# - {name: N+2, datatype: float64}
# - {name: N+4, datatype: float64}
# - {name: O, datatype: float64}
# - {name: O+2, datatype: float64}
# - {name: O+5, datatype: float64}
# - {name: O+6, datatype: float64}
# - {name: P+, datatype: float64}
# - {name: Si+, datatype: float64}
# - {name: Si+2, datatype: float64}
# - {name: Si+3, datatype: float64}
# - {name: Si+4, datatype: float64}
# - {name: Fe+, datatype: float64}
# - {name: Al+, datatype: float64}
# - {name: log_nH, datatype: float64}
# - {name: parameters, datatype: string, subtype: 'float64[1]'}
# schema: astropy-2.0
H H+ C+ C+2 C+3 N+ N+2 N+4 O O+2 O+5 O+6 P+ Si+ Si+2 Si+3 Si+4 Fe+ Al+ log_nH parameters
[from data line 219]
1.65959e+17 2.95922e+16 275792000000000.0 3265980000000.0 0.0 18909600000000.0 2999680000.0 0.0 910257000000000.0 7343320000.0 0.0 0.0 481031000000.0 55423100000000.0 948404000.0 1484380000.0 0.0 61692800000000.0 5463770000000.0 -0.62 [-0.62]
1.65959e+17 2.87738e+16 270584000000000.0 3104940000000.0 0.0 18296000000000.0 2767020000.0 0.0 908231000000000.0 6706100000.0 0.0 0.0 478862000000.0 55025400000000.0 896976000.0 1402900000.0 0.0 61435200000000.0 5442100000000.0 -0.6 [-0.6]
1.65959e+17 2.79843e+16 265474000000000.0 2952310000000.0 0.0 17706200000000.0 2553210000.0 0.0 906245000000000.0 6128040000.0 0.0 0.0 476770000000.0 54636600000000.0 848532000.0 1326190000.0 0.0 61186700000000.0 5421180000000.0 -0.58 [-0.58]
1.65959e+17 2.72148e+16 260403000000000.0 2806260000000.0 0.0 17133700000000.0 2355950000.0 0.0 904286000000000.0 5599730000.0 0.0 0.0 474722000000.0 54251300000000.0 802794000.0 1253800000.0 0.0 60944400000000.0 5400780000000.0 -0.56 [-0.56]
1.65959e+17 2.64738e+16 255436000000000.0 2668060000000.0 0.0 16584000000000.0 2174670000.0 0.0 902372000000000.0 5120360000.0 0.0 0.0 472753000000.0 53875200000000.0 759699000.0 1185650000.0 0.0 60711000000000.0 5381120000000.0 -0.54 [-0.54]
1.65959e+17 2.57531e+16 250520000000000.0 2536080000000.0 0.0 16051500000000.0 2007510000.0 0.0 900489000000000.0 4682690000.0 0.0 0.0 470830000000.0 53503300000000.0 719010000.0 1121320000.0 0.0 60484000000000.0 5361990000000.0 -0.52 [-0.52]
1.65959e+17 2.50512e+16 245654000000000.0 2410020000000.0 0.0 15535500000000.0 1853260000.0 0.0 898632000000000.0 4283000000.0 0.0 0.0 468952000000.0 53135100000000.0 680569000.0 1060580000.0 0.0 60262900000000.0 5343360000000.0 -0.5 [-0.5]
1.65959e+17 2.43723e+16 240861000000000.0 2290230000000.0 0.0 15037600000000.0 1711230000.0 0.0 896817000000000.0 3918640000.0 0.0 0.0 467132000000.0 52773100000000.0 644297000.0 1003300000.0 0.0 60049000000000.0 5325320000000.0 -0.48 [-0.48]
1.65959e+17 2.37139e+16 236140000000000.0 2176270000000.0 0.0 14556900000000.0 1580350000.0 0.0 895033000000000.0 3586770000.0 0.0 0.0 465364000000.0 52416100000000.0 610046000.0 949250000.0 0.0 59841500000000.0 5307820000000.0 -0.46 [-0.46]
1.65959e+17 2.30748e+16 231482000000000.0 2067730000000.0 0.0 14092200000000.0 1459670000.0 0.0 893281000000000.0 3283940000.0 0.0 0.0 463645000000.0 52063600000000.0 577690000.0 898215000.0 0.0 59640100000000.0 5290820000000.0 -0.44 [-0.44]
1.65959e+17 2.24579e+16 226912000000000.0 1964850000000.0 0.0 13645200000000.0 1348610000.0 0.0 891568000000000.0 3008490000.0 0.0 0.0 461986000000.0 51717800000000.0 547155000.0 850079000.0 0.0 59445600000000.0 5274400000000.0 -0.42 [-0.42]
1.65959e+17 2.1856e+16 222382000000000.0 1866460000000.0 0.0 13210900000000.0 1245970000.0 0.0 889883000000000.0 2756050000.0 0.0 0.0 460360000000.0 51373900000000.0 518266000.0 804568000.0 0.0 59255900000000.0 5258380000000.0 -0.4 [-0.4]
1.65959e+17 2.12731e+16 217926000000000.0 1772990000000.0 0.0 12791900000000.0 1151360000.0 0.0 888232000000000.0 2525870000.0 0.0 0.0 458783000000.0 51035000000000.0 490973000.0 761598000.0 0.0 59072100000000.0 5242850000000.0 -0.38 [-0.38]
1.65959e+17 2.07066e+16 213526000000000.0 1683910000000.0 0.0 12386300000000.0 1064050000.0 0.0 886612000000000.0 2315430000.0 0.0 0.0 457247000000.0 50699300000000.0 465165000.0 720988000.0 0.0 58893500000000.0 5227750000000.0 -0.36 [-0.36]
1.65959e+17 2.01549e+16 209172000000000.0 1598850000000.0 0.0 11993000000000.0 983386000.0 0.0 885020000000000.0 2122660000.0 0.0 0.0 455743000000.0 50365700000000.0 440746000.0 682586000.0 0.0 58719400000000.0 5213040000000.0 -0.34 [-0.34]
1.65959e+17 1.96198e+16 204889000000000.0 1518020000000.0 0.0 11613100000000.0 908982000.0 0.0 883459000000000.0 1946790000.0 0.0 0.0 454284000000.0 50035900000000.0 417657000.0 646299000.0 0.0 58550600000000.0 5198760000000.0 -0.32 [-0.32]
1.65959e+17 1.91014e+16 200677000000000.0 1441240000000.0 0.0 11246400000000.0 840354000.0 0.0 881933000000000.0 1786180000.0 0.0 0.0 452869000000.0 49710300000000.0 395825000.0 612011000.0 0.0 58387100000000.0 5184930000000.0 -0.3 [-0.3]
1.65959e+17 1.85961e+16 196510000000000.0 1367940000000.0 0.0 10890500000000.0 776928000.0 0.0 880432000000000.0 1638980000.0 0.0 0.0 451482000000.0 49386100000000.0 375157000.0 579569000.0 0.0 58227600000000.0 5171440000000.0 -0.28 [-0.28]
1.65959e+17 1.81071e+16 192420000000000.0 1298430000000.0 0.0 10547500000000.0 718439000.0 0.0 878965000000000.0 1504670000.0 0.0 0.0 450141000000.0 49066300000000.0 355614000.0 548914000.0 0.0 58073300000000.0 5158380000000.0 -0.26 [-0.26]
1.65959e+17 1.76306e+16 188375000000000.0 1232080000000.0 0.0 10214500000000.0 664372000.0 0.0 877525000000000.0 1381430000.0 0.0 0.0 448827000000.0 48747700000000.0 337107000.0 519902000.0 0.0 57922900000000.0 5145640000000.0 -0.24 [-0.24]
1.65959e+17 1.71679e+16 184394000000000.0 1169000000000.0 0.0 9892610000000.0 614449000.0 0.0 876114000000000.0 1268760000.0 0.0 0.0 447550000000.0 48431800000000.0 319591000.0 492461000.0 0.0 57776800000000.0 5133270000000.0 -0.22 [-0.22]
1.65959e+17 1.67186e+16 180475000000000.0 1109030000000.0 0.0 9581290000000.0 568346000.0 0.0 874732000000000.0 1165640000.0 0.0 0.0 446306000000.0 48118500000000.0 303011000.0 466503000.0 0.0 57635000000000.0 5121250000000.0 -0.2 [-0.2]
1.65959e+17 1.62806e+16 176600000000000.0 1051810000000.0 0.0 9279130000000.0 525712000.0 0.0 873375000000000.0 1070980000.0 0.0 0.0 445087000000.0 47805900000000.0 287303000.0 441926000.0 0.0 57496800000000.0 5109530000000.0 -0.18 [-0.18]
1.65959e+17 1.58555e+16 172789000000000.0 997448000000.0 0.0 8987020000000.0 486340000.0 0.0 872048000000000.0 984347000.0 0.0 0.0 443902000000.0 47495700000000.0 272431000.0 418672000.0 0.0 57362500000000.0 5098150000000.0 -0.16 [-0.16]
1.65959e+17 1.54439e+16 169050000000000.0 945913000000.0 0.0 8705090000000.0 449999000.0 0.0 870752000000000.0 905123000.0 0.0 0.0 442756000000.0 47188900000000.0 258356000.0 396681000.0 0.0 57232500000000.0 5087130000000.0 -0.14 [-0.14]
1.65959e+17 1.50424e+16 165355000000000.0 896758000000.0 0.0 8431410000000.0 416379000.0 0.0 869480000000000.0 832356000.0 0.0 0.0 441630000000.0 46882400000000.0 245014000.0 375848000.0 0.0 57105700000000.0 5076370000000.0 -0.12 [-0.12]
1.65959e+17 1.46519e+16 161717000000000.0 850008000000.0 0.0 8166410000000.0 385302000.0 0.0 868233000000000.0 765657000.0 0.0 0.0 440532000000.0 46577000000000.0 232374000.0 356124000.0 0.0 56982300000000.0 5065900000000.0 -0.1 [-0.1]
1.65959e+17 1.42724e+16 158138000000000.0 805585000000.0 0.0 7909940000000.0 356580000.0 0.0 867013000000000.0 704508000.0 0.0 0.0 439463000000.0 46273200000000.0 220398000.0 337450000.0 0.0 56862400000000.0 5055730000000.0 -0.08 [-0.08]
1.65959e+17 1.39031e+16 154611000000000.0 763320000000.0 0.0 7661420000000.0 330021000.0 0.0 865817000000000.0 648378000.0 0.0 0.0 438418000000.0 45970200000000.0 209049000.0 319764000.0 0.0 56745700000000.0 5045820000000.0 -0.06 [-0.06]
1.65959e+17 1.35442e+16 151142000000000.0 723163000000.0 0.0 7420850000000.0 305469000.0 0.0 864648000000000.0 596884000.0 0.0 0.0 437399000000.0 45668500000000.0 198294000.0 303016000.0 0.0 56632200000000.0 5036190000000.0 -0.04 [-0.04]
1.65959e+17 1.3195e+16 147725000000000.0 684978000000.0 0.0 7187740000000.0 282764000.0 0.0 863503000000000.0 549587000.0 0.0 0.0 436404000000.0 45367500000000.0 188099000.0 287152000.0 0.0 56521800000000.0 5026810000000.0 -0.02 [-0.02]
1.65959e+17 1.28553e+16 144364000000000.0 648701000000.0 0.0 6962070000000.0 261769000.0 0.0 862382000000000.0 506212000.0 0.0 0.0 435434000000.0 45067200000000.0 178436000.0 272125000.0 0.0 56414400000000.0 5017690000000.0 -0.0 [-0.0]
1.65959e+17 1.25245e+16 141054000000000.0 614196000000.0 0.0 6743230000000.0 242343000.0 0.0 861283000000000.0 466330000.0 0.0 0.0 434484000000.0 44767000000000.0 169273000.0 257886000.0 0.0 56309800000000.0 5008800000000.0 0.02 [0.02]
1.65959e+17 1.22031e+16 137800000000000.0 581445000000.0 0.0 6531420000000.0 224382000.0 0.0 860210000000000.0 429715000.0 0.0 0.0 433558000000.0 44467900000000.0 160587000.0 244399000.0 0.0 56208100000000.0 5000160000000.0 0.04 [0.04]
1.65959e+17 1.189e+16 134596000000000.0 550303000000.0 0.0 6326040000000.0 207762000.0 0.0 859159000000000.0 396045000.0 0.0 0.0 432652000000.0 44168600000000.0 152349000.0 231617000.0 0.0 56109100000000.0 4991740000000.0 0.06 [0.06]
1.65959e+17 1.15853e+16 131445000000000.0 520726000000.0 0.0 6127070000000.0 192386000.0 0.0 858129000000000.0 365118000.0 0.0 0.0 431767000000.0 43869400000000.0 144538000.0 219504000.0 0.0 56012700000000.0 4983550000000.0 0.08 [0.08]
1.65959e+17 1.12888e+16 128347000000000.0 492639000000.0 0.0 5934270000000.0 178161000.0 0.0 857121000000000.0 336681000.0 0.0 0.0 430902000000.0 43570200000000.0 137129000.0 208024000.0 0.0 55918900000000.0 4975570000000.0 0.1 [0.1]
1.65959e+17 1.10003e+16 125300000000000.0 465972000000.0 0.0 5747470000000.0 164999000.0 0.0 856136000000000.0 310530000.0 0.0 0.0 430056000000.0 43271200000000.0 130103000.0 197146000.0 0.0 55827600000000.0 4967800000000.0 0.12 [0.12]
1.65959e+17 1.07196e+16 122305000000000.0 440663000000.0 0.0 5566520000000.0 152821000.0 0.0 855173000000000.0 286477000.0 0.0 0.0 429231000000.0 42972300000000.0 123439000.0 186837000.0 0.0 55738800000000.0 4960240000000.0 0.14 [0.14]
1.65959e+17 1.04462e+16 119359000000000.0 416629000000.0 0.0 5391090000000.0 141549000.0 0.0 854231000000000.0 264346000.0 0.0 0.0 428423000000.0 42672800000000.0 117117000.0 177063000.0 0.0 55652200000000.0 4952870000000.0 0.16 [0.16]
1.65959e+17 1.01798e+16 116461000000000.0 393797000000.0 0.0 5220910000000.0 131114000.0 0.0 853307000000000.0 243966000.0 0.0 0.0 427629000000.0 42372500000000.0 111118000.0 167796000.0 0.0 55567800000000.0 4945690000000.0 0.18 [0.18]
1.65959e+17 9919740000000000.0 113607000000000.0 372096000000.0 0.0 5055700000000.0 121449000.0 0.0 852402000000000.0 225181000.0 0.0 0.0 426849000000.0 42070700000000.0 105425000.0 159008000.0 0.0 55485500000000.0 4938680000000.0 0.2 [0.2]
1.65959e+17 9667650000000000.0 110813000000000.0 351578000000.0 0.0 4896070000000.0 112513000.0 0.0 851519000000000.0 207933000.0 0.0 0.0 426093000000.0 41770200000000.0 100027000.0 150683000.0 0.0 55405600000000.0 4931880000000.0 0.22 [0.22]
1.65959e+17 9420850000000000.0 108053000000000.0 332027000000.0 0.0 4740750000000.0 104231000.0 0.0 850652000000000.0 191994000.0 0.0 0.0 425343000000.0 41466600000000.0 94900800.0 142782000.0 0.0 55327400000000.0 4925220000000.0 0.24 [0.24]
1.65959e+17 9181430000000000.0 105351000000000.0 313545000000.0 0.0 4590620000000.0 96570700.0 0.0 849807000000000.0 177354000.0 0.0 0.0 424615000000.0 41163900000000.0 90040000.0 135297000.0 0.0 55251500000000.0 4918750000000.0 0.26 [0.26]
1.65959e+17 8948040000000000.0 102695000000000.0 296005000000.0 0.0 4444990000000.0 89477300.0 0.0 848980000000000.0 163854000.0 0.0 0.0 423900000000.0 40859900000000.0 85426900.0 128199000.0 0.0 55177600000000.0 4912450000000.0 0.28 [0.28]
1.65959e+17 8720860000000000.0 100087000000000.0 279385000000.0 0.0 4303870000000.0 82910800.0 0.0 848171000000000.0 151417000.0 0.0 0.0 423200000000.0 40555300000000.0 81049500.0 121469000.0 0.0 55105500000000.0 4906310000000.0 0.3 [0.3]
1.65959e+17 8499410000000000.0 97525100000000.0 263624000000.0 0.0 4167010000000.0 76829600.0 0.0 847379000000000.0 139950000.0 0.0 0.0 422513000000.0 40249300000000.0 76894900.0 115087000.0 0.0 55035300000000.0 4900330000000.0 0.32 [0.32]
1.65959e+17 8283680000000000.0 95009200000000.0 248688000000.0 0.0 4034350000000.0 71198600.0 0.0 846605000000000.0 129383000.0 0.0 0.0 421839000000.0 39942200000000.0 72952100.0 109036000.0 0.0 54966900000000.0 4894490000000.0 0.34 [0.34]
1.65959e+17 8073920000000000.0 92542400000000.0 234554000000.0 0.0 3905900000000.0 65986800.0 0.0 845849000000000.0 119646000.0 0.0 0.0 421181000000.0 39634700000000.0 69211300.0 103300000.0 0.0 54900300000000.0 4888810000000.0 0.36 [0.36]
1.65959e+17 7868980000000000.0 90114500000000.0 221135000000.0 0.0 3781110000000.0 61156600.0 0.0 845107000000000.0 110644000.0 0.0 0.0 420530000000.0 39324900000000.0 65659300.0 97857800.0 0.0 54835300000000.0 4883270000000.0 0.38 [0.38]
1.65959e+17 7669290000000000.0 87732600000000.0 208431000000.0 0.0 3660160000000.0 56683600.0 0.0 844382000000000.0 102346000.0 0.0 0.0 419891000000.0 39013700000000.0 62288200.0 92697500.0 0.0 54771900000000.0 4877860000000.0 0.4 [0.4]
1.65959e+17 7474680000000000.0 85394500000000.0 196401000000.0 0.0 3542890000000.0 52540700.0 0.0 843673000000000.0 94687300.0 0.0 0.0 419263000000.0 38701200000000.0 59088400.0 87803900.0 0.0 54710100000000.0 4872590000000.0 0.42 [0.42]
1.65959e+17 7284990000000000.0 83099400000000.0 185009000000.0 0.0 3429170000000.0 48703100.0 0.0 842980000000000.0 87615700.0 0.0 0.0 418645000000.0 38387100000000.0 56051200.0 83163200.0 0.0 54649800000000.0 4867440000000.0 0.44 [0.44]
1.65959e+17 7100080000000000.0 80847800000000.0 174229000000.0 0.0 3318910000000.0 45148700.0 0.0 842302000000000.0 81086600.0 0.0 0.0 418037000000.0 38071600000000.0 53168500.0 78762700.0 0.0 54591100000000.0 4862430000000.0 0.46 [0.46]
1.65959e+17 6919830000000000.0 78639800000000.0 164042000000.0 0.0 3212020000000.0 41856100.0 0.0 841639000000000.0 75058700.0 0.0 0.0 417439000000.0 37754600000000.0 50432200.0 74590100.0 0.0 54533800000000.0 4857540000000.0 0.48 [0.48]
1.65959e+17 6744130000000000.0 76474400000000.0 154418000000.0 0.0 3108380000000.0 38806000.0 0.0 840990000000000.0 69490300.0 0.0 0.0 416849000000.0 37435900000000.0 47834900.0 70633300.0 0.0 54477900000000.0 4852770000000.0 0.5 [0.5]
1.65959e+17 6573360000000000.0 74354600000000.0 145344000000.0 0.0 3008080000000.0 35982600.0 0.0 840358000000000.0 64349800.0 0.0 0.0 416274000000.0 37117300000000.0 45371100.0 66884600.0 0.0 54423600000000.0 4848120000000.0 0.52 [0.52]
1.65959e+17 6406330000000000.0 72272600000000.0 136760000000.0 0.0 2910680000000.0 33365200.0 0.0 839738000000000.0 59595900.0 0.0 0.0 415702000000.0 36795700000000.0 43031400.0 63327800.0 0.0 54370500000000.0 4843580000000.0 0.54 [0.54]
1.65959e+17 6243150000000000.0 70230200000000.0 128645000000.0 0.0 2816150000000.0 30939300.0 0.0 839130000000000.0 55200200.0 0.0 0.0 415134000000.0 36471500000000.0 40809900.0 59953800.0 0.0 54318500000000.0 4839140000000.0 0.56 [0.56]
1.65959e+17 6084320000000000.0 68231100000000.0 120995000000.0 0.0 2724600000000.0 28692600.0 0.0 838536000000000.0 51139600.0 0.0 0.0 414576000000.0 36146600000000.0 38702000.0 56756400.0 0.0 54268000000000.0 4834810000000.0 0.58 [0.58]
1.65959e+17 5929370000000000.0 66271800000000.0 113772000000.0 0.0 2635830000000.0 26610900.0 0.0 837956000000000.0 47384600.0 0.0 0.0 414025000000.0 35820000000000.0 36701200.0 53724900.0 0.0 54218600000000.0 4830590000000.0 0.6 [0.6]
1.65959e+17 5778180000000000.0 64350400000000.0 106951000000.0 0.0 2549750000000.0 24681900.0 0.0 837388000000000.0 43909700.0 0.0 0.0 413479000000.0 35491600000000.0 34802100.0 50850600.0 0.0 54170400000000.0 4826460000000.0 0.62 [0.62]
1.65959e+17 5630870000000000.0 62471700000000.0 100523000000.0 0.0 2466360000000.0 22894900.0 0.0 836833000000000.0 40699300.0 0.0 0.0 412941000000.0 35162100000000.0 33000100.0 48126600.0 0.0 54123400000000.0 4822430000000.0 0.64 [0.64]
1.65959e+17 5486930000000000.0 60628600000000.0 94451400000.0 0.0 2385460000000.0 21238500.0 0.0 836289000000000.0 37726300.0 0.0 0.0 412405000000.0 34830300000000.0 31289400.0 45543500.0 0.0 54077500000000.0 4818500000000.0 0.66 [0.66]
