Cloudy_runs/pg1222/z=0.054479/logZ=1/component_IV_PI_nH/component_IV_PI_nH_col_density_param.txt
# %ECSV 1.0
# ---
# datatype:
# - {name: H, datatype: float64}
# - {name: H+, datatype: float64}
# - {name: C+, datatype: float64}
# - {name: C+2, datatype: float64}
# - {name: C+3, datatype: float64}
# - {name: N+, datatype: float64}
# - {name: N+2, datatype: float64}
# - {name: N+4, datatype: float64}
# - {name: O, datatype: float64}
# - {name: O+2, datatype: float64}
# - {name: O+5, datatype: float64}
# - {name: O+6, datatype: float64}
# - {name: P+, datatype: float64}
# - {name: Si+, datatype: float64}
# - {name: Si+2, datatype: float64}
# - {name: Si+3, datatype: float64}
# - {name: Si+4, datatype: float64}
# - {name: Fe+, datatype: float64}
# - {name: Al+, datatype: float64}
# - {name: log_nH, datatype: float64}
# - {name: parameters, datatype: string, subtype: 'float64[1]'}
# schema: astropy-2.0
H H+ C+ C+2 C+3 N+ N+2 N+4 O O+2 O+5 O+6 P+ Si+ Si+2 Si+3 Si+4 Fe+ Al+ log_nH parameters
[from data line 285]
1.65959e+17 5209550000000000.0 57062400000000.0 83329200000.0 0.0 2231010000000.0 18280900.0 0.0 835237000000000.0 32432500.0 0.0 0.0 411349000000.0 34162200000000.0 28125200.0 40774500.0 0.0 53989000000000.0 4810910000000.0 0.7 [0.7]
1.65959e+17 5076050000000000.0 55336000000000.0 78240400000.0 0.0 2157370000000.0 16962800.0 0.0 834729000000000.0 30078900.0 0.0 0.0 410829000000.0 33826400000000.0 26663400.0 38575500.0 0.0 53946300000000.0 4807250000000.0 0.72 [0.72]
1.65959e+17 4945600000000000.0 53644200000000.0 73440500000.0 0.0 2085950000000.0 15741000.0 0.0 834231000000000.0 27898000.0 0.0 0.0 410309000000.0 33488600000000.0 25276000.0 36491000.0 0.0 53904600000000.0 4803670000000.0 0.74 [0.74]
1.65959e+17 4818390000000000.0 51990000000000.0 68915600000.0 0.0 2016740000000.0 14608600.0 0.0 833745000000000.0 25880600.0 0.0 0.0 409794000000.0 33149600000000.0 23959500.0 34515900.0 0.0 53863900000000.0 4800170000000.0 0.76 [0.76]
1.65959e+17 4694280000000000.0 50372500000000.0 64655200000.0 0.0 1949690000000.0 13559100.0 0.0 833269000000000.0 24012400.0 0.0 0.0 409281000000.0 32809300000000.0 22710500.0 32644500.0 0.0 53824100000000.0 4796760000000.0 0.78 [0.78]
1.65959e+17 4573130000000000.0 48791400000000.0 60641300000.0 0.0 1884700000000.0 12586300.0 0.0 832804000000000.0 22282500.0 0.0 0.0 408771000000.0 32467800000000.0 21525400.0 30871400.0 0.0 53785300000000.0 4793430000000.0 0.8 [0.8]
1.65959e+17 4454820000000000.0 47243500000000.0 56855500000.0 0.0 1821700000000.0 11684500.0 0.0 832348000000000.0 20679300.0 0.0 0.0 408260000000.0 32124800000000.0 20401000.0 29191400.0 0.0 53747400000000.0 4790170000000.0 0.82 [0.82]
1.65959e+17 4339400000000000.0 45732100000000.0 53289000000.0 0.0 1760660000000.0 10848400.0 0.0 831902000000000.0 19195000.0 0.0 0.0 407752000000.0 31780900000000.0 19334200.0 27599800.0 0.0 53710300000000.0 4786990000000.0 0.84 [0.84]
1.65959e+17 4226700000000000.0 44254300000000.0 49927400000.0 0.0 1701510000000.0 10073300.0 0.0 831466000000000.0 17820100.0 0.0 0.0 407243000000.0 31435600000000.0 18322200.0 26092200.0 0.0 53674100000000.0 4783880000000.0 0.86 [0.86]
1.65959e+17 4116770000000000.0 42811700000000.0 46762700000.0 0.0 1644220000000.0 9354830.0 0.0 831040000000000.0 16546700.0 0.0 0.0 406736000000.0 31089800000000.0 17362400.0 24664600.0 0.0 53638700000000.0 4780840000000.0 0.88 [0.88]
1.65959e+17 4009270000000000.0 41401100000000.0 43779900000.0 0.0 1588670000000.0 8688470.0 0.0 830622000000000.0 15365900.0 0.0 0.0 406225000000.0 30742300000000.0 16451600.0 23312000.0 0.0 53604100000000.0 4777870000000.0 0.9 [0.9]
1.65959e+17 3904420000000000.0 40024500000000.0 40973700000.0 0.0 1534870000000.0 8070680.0 0.0 830213000000000.0 14272000.0 0.0 0.0 405714000000.0 30394500000000.0 15587900.0 22031400.0 0.0 53570300000000.0 4774960000000.0 0.92 [0.92]
1.65959e+17 3802060000000000.0 38682400000000.0 38335000000.0 0.0 1482780000000.0 7497930.0 0.0 829813000000000.0 13258800.0 0.0 0.0 405202000000.0 30045900000000.0 14768900.0 20819000.0 0.0 53537300000000.0 4772130000000.0 0.94 [0.94]
1.65959e+17 3702000000000000.0 37372100000000.0 35851800000.0 0.0 1432290000000.0 6966680.0 0.0 829421000000000.0 12319200.0 0.0 0.0 404686000000.0 29696300000000.0 13992000.0 19670800.0 0.0 53504900000000.0 4769350000000.0 0.96 [0.96]
1.65959e+17 3604390000000000.0 36094800000000.0 33518500000.0 0.0 1383420000000.0 6474100.0 0.0 829038000000000.0 11448300.0 0.0 0.0 404168000000.0 29346700000000.0 13255400.0 18584300.0 0.0 53473300000000.0 4766630000000.0 0.98 [0.98]
1.65959e+17 3509150000000000.0 34849900000000.0 31326500000.0 0.0 1336110000000.0 6017340.0 0.0 828664000000000.0 10641600.0 0.0 0.0 403649000000.0 28996900000000.0 12557000.0 17555900.0 0.0 53442400000000.0 4763980000000.0 1.0 [1.0]
