Cloudy_runs/pg1222/z=0.054479/logZ=1/component_IV_PI_nH/component_IV_PI_nH_col_density_param.txt
# %ECSV 1.0
# ---
# datatype:
# - {name: H, datatype: float64}
# - {name: H+, datatype: float64}
# - {name: C+, datatype: float64}
# - {name: C+2, datatype: float64}
# - {name: C+3, datatype: float64}
# - {name: N+, datatype: float64}
# - {name: N+2, datatype: float64}
# - {name: N+4, datatype: float64}
# - {name: O, datatype: float64}
# - {name: O+2, datatype: float64}
# - {name: O+5, datatype: float64}
# - {name: O+6, datatype: float64}
# - {name: P+, datatype: float64}
# - {name: Si+, datatype: float64}
# - {name: Si+2, datatype: float64}
# - {name: Si+3, datatype: float64}
# - {name: Si+4, datatype: float64}
# - {name: Fe+, datatype: float64}
# - {name: Al+, datatype: float64}
# - {name: log_nH, datatype: float64}
# - {name: parameters, datatype: string, subtype: 'float64[1]'}
# schema: astropy-2.0
H H+ C+ C+2 C+3 N+ N+2 N+4 O O+2 O+5 O+6 P+ Si+ Si+2 Si+3 Si+4 Fe+ Al+ log_nH parameters
[from data line 104]
1.6596e+17 2.36556e+18 3586400000000000.0 3174740000000000.0 19620100000000.0 1352090000000000.0 299313000000000.0 120327000000.0 879848000000000.0 2065560000000000.0 0.0 0.0 5291910000000.0 772428000000000.0 18502100000000.0 27467100000000.0 433192000000.0 366306000000000.0 40755400000000.0 -2.92 [-2.92]
1.65959e+17 2.25957e+18 3506450000000000.0 2971550000000000.0 17104000000000.0 1310880000000000.0 269151000000000.0 100056000000.0 896116000000000.0 1862230000000000.0 0.0 0.0 5111000000000.0 742869000000000.0 16594700000000.0 24645500000000.0 371841000000.0 369961000000000.0 39868100000000.0 -2.9 [-2.9]
1.65959e+17 2.15808e+18 3426410000000000.0 2780230000000000.0 14899500000000.0 1269820000000000.0 241739000000000.0 83097500000.0 911873000000000.0 1676670000000000.0 0.0 0.0 4934810000000.0 714296000000000.0 14873200000000.0 22101100000000.0 319357000000.0 372663000000000.0 38977200000000.0 -2.88 [-2.88]
1.65959e+17 2.06086e+18 3346340000000000.0 2600120000000000.0 12969300000000.0 1228990000000000.0 216860000000000.0 68928000000.0 927114000000000.0 1507500000000000.0 0.0 0.0 4763230000000.0 686679000000000.0 13320200000000.0 19807300000000.0 274428000000.0 374402000000000.0 38084100000000.0 -2.86 [-2.86]
1.6596e+17 1.96779e+18 3266460000000000.0 2430720000000000.0 11281200000000.0 1188520000000000.0 194325000000000.0 57109800000.0 941819000000000.0 1353630000000000.0 0.0 0.0 4596410000000.0 660016000000000.0 11921400000000.0 17742000000000.0 235969000000.0 375183000000000.0 37190900000000.0 -2.84 [-2.84]
1.6596e+17 1.87877e+18 3186950000000000.0 2271610000000000.0 9807030000000.0 1148530000000000.0 173959000000000.0 47272600000.0 955970000000000.0 1213980000000000.0 0.0 0.0 4434490000000.0 634311000000000.0 10663500000000.0 15884900000000.0 203054000000.0 375026000000000.0 36299900000000.0 -2.82 [-2.82]
1.65959e+17 1.79347e+18 3107710000000000.0 2122040000000000.0 8519510000000.0 1109010000000000.0 155559000000000.0 39086100000.0 969586000000000.0 1087240000000000.0 0.0 0.0 4277080000000.0 609495000000000.0 9531510000000.0 14213900000000.0 174837000000.0 373944000000000.0 35410900000000.0 -2.8 [-2.8]
1.65959e+17 1.71204e+18 3029340000000000.0 1981820000000000.0 7397770000000.0 1070210000000000.0 138998000000000.0 32295700000.0 982610000000000.0 972758000000000.0 0.0 0.0 4124830000000.0 585637000000000.0 8516910000000.0 12715200000000.0 150691000000.0 372002000000000.0 34528800000000.0 -2.78 [-2.78]
1.65959e+17 1.63388e+18 2951240000000000.0 1850010000000000.0 6418720000000.0 1031940000000000.0 124059000000000.0 26652400000.0 995123000000000.0 869013000000000.0 0.0 0.0 3976740000000.0 562587000000000.0 7603990000000.0 11366700000000.0 129942000000.0 369204000000000.0 33650100000000.0 -2.76 [-2.76]
1.65959e+17 1.55938e+18 2874310000000000.0 1726680000000000.0 5567740000000.0 994550000000000.0 110663000000000.0 21986200000.0 1007030000000000.0 775674000000000.0 0.0 0.0 3833890000000.0 540476000000000.0 6787840000000.0 10159900000000.0 112181000000.0 365657000000000.0 32781800000000.0 -2.74 [-2.74]
1.65959e+17 1.48828e+18 2798490000000000.0 1611300000000000.0 4828270000000.0 958040000000000.0 98655000000000.0 18129100000.0 1018360000000000.0 691734000000000.0 0.0 0.0 3695990000000.0 519254000000000.0 6058030000000.0 9079730000000.0 96952800000.0 361415000000000.0 31924300000000.0 -2.72 [-2.72]
1.65959e+17 1.42046e+18 2723930000000000.0 1503360000000000.0 4185900000000.0 922456000000000.0 87904200000000.0 14943000000.0 1029100000000000.0 616361000000000.0 0.0 0.0 3563010000000.0 498900000000000.0 5405870000000.0 8113300000000.0 83886200000.0 356547000000000.0 31079000000000.0 -2.7 [-2.7]
1.65959e+17 1.35555e+18 2650300000000000.0 1402240000000000.0 3627390000000.0 887699000000000.0 78268700000000.0 12308600000.0 1039300000000000.0 548581000000000.0 0.0 0.0 3434380000000.0 479320000000000.0 4821880000000.0 7247130000000.0 72641800000.0 351088000000000.0 30243900000000.0 -2.68 [-2.68]
1.65959e+17 1.29345e+18 2577740000000000.0 1307510000000000.0 3141940000000.0 853802000000000.0 69641600000000.0 10132000000.0 1048960000000000.0 487720000000000.0 0.0 0.0 3310030000000.0 460495000000000.0 4299310000000.0 6471240000000.0 62957800000.0 345104000000000.0 29420200000000.0 -2.66 [-2.66]
1.6596e+17 1.23434e+18 2506760000000000.0 1219150000000000.0 2721560000000.0 820966000000000.0 61951900000000.0 8340690000.0 1058050000000000.0 433364000000000.0 0.0 0.0 3190550000000.0 442493000000000.0 3833890000000.0 5779060000000.0 54638300000.0 338713000000000.0 28612900000000.0 -2.64 [-2.64]
1.65959e+17 1.17796e+18 2437220000000000.0 1136640000000000.0 2357240000000.0 789134000000000.0 55093900000000.0 6865280000.0 1066580000000000.0 384794000000000.0 0.0 0.0 3075560000000.0 425254000000000.0 3418840000000.0 5160910000000.0 47474300000.0 331963000000000.0 27821100000000.0 -2.62 [-2.62]
1.65959e+17 1.12416e+18 2369140000000000.0 1059550000000000.0 2041430000000.0 758288000000000.0 48978900000000.0 5649890000.0 1074580000000000.0 341419000000000.0 0.0 0.0 2964880000000.0 408738000000000.0 3048650000000.0 4608730000000.0 41295800000.0 324912000000000.0 27045000000000.0 -2.6 [-2.6]
1.65959e+17 1.0729e+18 2302630000000000.0 987676000000000.0 1768090000000.0 728473000000000.0 43536200000000.0 4650180000.0 1082050000000000.0 302765000000000.0 0.0 0.0 2858540000000.0 392943000000000.0 2718940000000.0 4116170000000.0 35967100000.0 317636000000000.0 26286200000000.0 -2.58 [-2.58]
1.6596e+17 1.02413e+18 2237830000000000.0 920742000000000.0 1531750000000.0 699726000000000.0 38698600000000.0 3828630000.0 1088990000000000.0 268383000000000.0 0.0 0.0 2756580000000.0 377864000000000.0 2425630000000.0 3677280000000.0 31369800000.0 310204000000000.0 25546200000000.0 -2.56 [-2.56]
1.6596e+17 9.77503e+17 2174390000000000.0 858153000000000.0 1326760000000.0 671888000000000.0 34386900000000.0 3151530000.0 1095450000000000.0 237717000000000.0 0.0 0.0 2658340000000.0 363399000000000.0 2163810000000.0 3284920000000.0 27386500000.0 302622000000000.0 24821700000000.0 -2.54 [-2.54]
1.65959e+17 9.33174e+17 2112750000000000.0 799919000000000.0 1149650000000.0 645112000000000.0 30559900000000.0 2595440000.0 1101390000000000.0 210504000000000.0 0.0 0.0 2564290000000.0 349606000000000.0 1931090000000.0 2935590000000.0 23943600000.0 294992000000000.0 24117200000000.0 -2.52 [-2.52]
1.65959e+17 8.9091e+17 2052690000000000.0 745607000000000.0 996325000000.0 619297000000000.0 27157700000000.0 2137920000.0 1106860000000000.0 186321000000000.0 0.0 0.0 2473990000000.0 336418000000000.0 1723700000000.0 2623930000000.0 20958600000.0 287329000000000.0 23430600000000.0 -2.5 [-2.5]
1.65959e+17 8.50692e+17 1994360000000000.0 695047000000000.0 863775000000.0 594478000000000.0 24137900000000.0 1761880000.0 1111840000000000.0 164876000000000.0 0.0 0.0 2387510000000.0 323836000000000.0 1538880000000.0 2346270000000.0 18370600000.0 279690000000000.0 22763600000000.0 -2.48 [-2.48]
1.65959e+17 8.12524e+17 1937900000000000.0 648103000000000.0 749380000000.0 570696000000000.0 21462900000000.0 1453250000.0 1116350000000000.0 145909000000000.0 0.0 0.0 2304940000000.0 311865000000000.0 1374660000000.0 2099330000000.0 16127800000.0 272133000000000.0 22117700000000.0 -2.46 [-2.46]
1.65959e+17 7.7608e+17 1882920000000000.0 604279000000000.0 650232000000.0 547773000000000.0 19083700000000.0 1198910000.0 1120420000000000.0 129063000000000.0 0.0 0.0 2225620000000.0 300408000000000.0 1228200000000.0 1878770000000.0 14174100000.0 264632000000000.0 21489200000000.0 -2.44 [-2.44]
1.65959e+17 7.41371e+17 1829560000000000.0 563468000000000.0 564443000000.0 525750000000000.0 16971600000000.0 989593000.0 1124070000000000.0 114139000000000.0 0.0 0.0 2149640000000.0 289473000000000.0 1097770000000.0 1682090000000.0 12473100000.0 257237000000000.0 20879500000000.0 -2.42 [-2.42]
1.65959e+17 7.08307e+17 1777800000000000.0 525462000000000.0 490201000000.0 504593000000000.0 15096800000000.0 817284000.0 1127300000000000.0 100923000000000.0 0.0 0.0 2076870000000.0 279034000000000.0 981660000000.0 1506680000000.0 10990200000.0 249966000000000.0 20288400000000.0 -2.4 [-2.4]
1.6596e+17 6.76757e+17 1727530000000000.0 490003000000000.0 425843000000.0 484246000000000.0 13430300000000.0 675194000.0 1130110000000000.0 89210300000000.0 0.0 0.0 2007060000000.0 269053000000000.0 878141000000.0 1350010000000.0 9694400000.0 242825000000000.0 19714800000000.0 -2.38 [-2.38]
1.65959e+17 6.46842e+17 1679050000000000.0 457138000000000.0 370317000000.0 464806000000000.0 11956000000000.0 558506000.0 1132530000000000.0 78883600000000.0 0.0 0.0 1940550000000.0 259572000000000.0 786217000000.0 1210700000000.0 8565520000.0 235878000000000.0 19162000000000.0 -2.36 [-2.36]
1.6596e+17 6.18381e+17 1632140000000000.0 426570000000000.0 322257000000.0 446176000000000.0 10647900000000.0 462368000.0 1134590000000000.0 69756300000000.0 0.0 0.0 1876960000000.0 250536000000000.0 704375000000.0 1086470000000.0 7578400000.0 229110000000000.0 18628000000000.0 -2.34 [-2.34]
1.65959e+17 5.91253e+17 1586710000000000.0 398098000000000.0 280598000000.0 428295000000000.0 9485970000000.0 383024000.0 1136280000000000.0 61680600000000.0 0.0 0.0 1816080000000.0 241910000000000.0 631406000000.0 975506000000.0 6713230000.0 222518000000000.0 18111400000000.0 -2.32 [-2.32]
1.65959e+17 5.65392e+17 1542710000000000.0 371568000000000.0 244469000000.0 411133000000000.0 8453560000000.0 317510000.0 1137610000000000.0 54537400000000.0 0.0 0.0 1757770000000.0 233672000000000.0 566336000000.0 876369000000.0 5954030000.0 216107000000000.0 17612000000000.0 -2.3 [-2.3]
1.65959e+17 5.40773e+17 1500190000000000.0 346886000000000.0 213156000000.0 394689000000000.0 7536960000000.0 263427000.0 1138620000000000.0 48226700000000.0 0.0 0.0 1702040000000.0 225819000000000.0 508340000000.0 787851000000.0 5287610000.0 209893000000000.0 17130000000000.0 -2.28 [-2.28]
1.6596e+17 5.17312e+17 1459050000000000.0 323902000000000.0 185988000000.0 378918000000000.0 6722480000000.0 218728000.0 1139300000000000.0 42648300000000.0 0.0 0.0 1648720000000.0 218325000000000.0 456592000000.0 708734000000.0 4701590000.0 203873000000000.0 16664800000000.0 -2.26 [-2.26]
1.6596e+17 4.94943e+17 1419260000000000.0 302480000000000.0 162391000000.0 363792000000000.0 5998240000000.0 181743000.0 1139650000000000.0 37717400000000.0 0.0 0.0 1597680000000.0 211170000000000.0 410388000000.0 637963000000.0 4185490000.0 198045000000000.0 16215700000000.0 -2.24 [-2.24]
1.65959e+17 4.73717e+17 1380960000000000.0 282616000000000.0 141961000000.0 349351000000000.0 5356300000000.0 151219000.0 1139710000000000.0 33374000000000.0 0.0 0.0 1549060000000.0 204371000000000.0 369257000000.0 574842000000.0 3731830000.0 192438000000000.0 15784400000000.0 -2.22 [-2.22]
1.6596e+17 4.53531e+17 1344030000000000.0 264159000000000.0 124231000000.0 335536000000000.0 4786130000000.0 125963000.0 1139510000000000.0 29540600000000.0 0.0 0.0 1502670000000.0 197897000000000.0 332553000000.0 518422000000.0 3331950000.0 187040000000000.0 15369600000000.0 -2.2 [-2.2]
1.6596e+17 4.34232e+17 1308240000000000.0 246914000000000.0 108777000000.0 322251000000000.0 4277720000000.0 104981000.0 1139020000000000.0 26145400000000.0 0.0 0.0 1458160000000.0 191700000000000.0 299665000000.0 467792000000.0 2977930000.0 181816000000000.0 14968700000000.0 -2.18 [-2.18]
1.6596e+17 4.15858e+17 1273710000000000.0 230869000000000.0 95339400000.0 309532000000000.0 3825560000000.0 87583400.0 1138270000000000.0 23147900000000.0 0.0 0.0 1415640000000.0 185793000000000.0 270270000000.0 422464000000.0 2664980000.0 176790000000000.0 14583000000000.0 -2.16 [-2.16]
1.6596e+17 3.98364e+17 1240400000000000.0 215940000000000.0 83648400000.0 297355000000000.0 3423270000000.0 73146900.0 1137260000000000.0 20501300000000.0 0.0 0.0 1375030000000.0 180162000000000.0 243983000000.0 381861000000.0 2388030000.0 171957000000000.0 14212200000000.0 -2.14 [-2.14]
1.6596e+17 3.81702e+17 1208270000000000.0 202043000000000.0 73465800000.0 285694000000000.0 3065080000000.0 59768600.0 1136020000000000.0 18163700000000.0 0.0 0.0 1336240000000.0 174793000000000.0 220452000000.0 345459000000.0 2142570000.0 167313000000000.0 13855600000000.0 -2.12 [-2.12]
1.65959e+17 3.65784e+17 1177180000000000.0 189073000000000.0 64575700000.0 274491000000000.0 2745490000000.0 39628300.0 1134550000000000.0 16094400000000.0 0.0 0.0 1299060000000.0 169658000000000.0 199335000000.0 312747000000.0 1924440000.0 162838000000000.0 13511800000000.0 -2.1 [-2.1]
1.65959e+17 3.50678e+17 1147320000000000.0 177037000000000.0 56840500000.0 263805000000000.0 2461390000000.0 22364800.0 1132850000000000.0 14272000000000.0 0.0 0.0 1263690000000.0 164779000000000.0 180461000000.0 283454000000.0 1731110000.0 158559000000000.0 13182800000000.0 -2.08 [-2.08]
1.65959e+17 3.36255e+17 1118450000000000.0 165809000000000.0 50078200000.0 253546000000000.0 2207720000000.0 9917040.0 1130960000000000.0 12658700000000.0 0.0 0.0 1229820000000.0 160116000000000.0 163505000000.0 257104000000.0 1558940000.0 154445000000000.0 12865900000000.0 -2.06 [-2.06]
1.65959e+17 3.22507e+17 1090600000000000.0 155349000000000.0 44169000000.0 243716000000000.0 1981400000000.0 0.0 1128880000000000.0 11232500000000.0 0.0 0.0 1197450000000.0 155666000000000.0 148282000000.0 233415000000.0 1405630000.0 150498000000000.0 12561600000000.0 -2.04 [-2.04]
1.65959e+17 3.09394e+17 1063720000000000.0 145597000000000.0 38998400000.0 234291000000000.0 1779290000000.0 0.0 1126610000000000.0 9970860000000.0 0.0 0.0 1166500000000.0 151417000000000.0 134599000000.0 212093000000.0 1268890000.0 146710000000000.0 12269000000000.0 -2.02 [-2.02]
1.65959e+17 2.96897e+17 1037790000000000.0 136512000000000.0 34473200000.0 225261000000000.0 1598810000000.0 0.0 1124170000000000.0 8855330000000.0 0.0 0.0 1136930000000.0 147362000000000.0 122299000000.0 192899000000.0 1146860000.0 143081000000000.0 11988200000000.0 -2.0 [-2.0]
1.65959e+17 2.84967e+17 1012750000000000.0 128036000000000.0 30505400000.0 216597000000000.0 1437420000000.0 0.0 1121570000000000.0 7867680000000.0 0.0 0.0 1108640000000.0 143487000000000.0 111223000000.0 175594000000.0 1037740000.0 139598000000000.0 11718200000000.0 -1.98 [-1.98]
1.6596e+17 2.736e+17 988607000000000.0 120139000000000.0 27027300000.0 208300000000000.0 1293180000000.0 0.0 1118820000000000.0 6994190000000.0 0.0 0.0 1081620000000.0 139791000000000.0 101254000000.0 159997000000.0 940168000.0 136263000000000.0 11459300000000.0 -1.96 [-1.96]
1.65959e+17 2.62754e+17 965296000000000.0 112773000000000.0 23973300000.0 200340000000000.0 1164110000000.0 0.0 1115930000000000.0 6220610000000.0 0.0 0.0 1055770000000.0 136260000000000.0 92265700000.0 145918000000.0 852755000.0 133067000000000.0 11210600000000.0 -1.94 [-1.94]
1.6596e+17 2.52449e+17 942902000000000.0 105927000000000.0 21295400000.0 192746000000000.0 1048810000000.0 0.0 1112900000000000.0 5537510000000.0 0.0 0.0 1031170000000.0 132901000000000.0 84175800000.0 133228000000.0 774527000.0 130019000000000.0 10973000000000.0 -1.92 [-1.92]
1.65959e+17 2.42502e+17 921017000000000.0 99471500000000.0 18923800000.0 185370000000000.0 944876000000.0 0.0 1109760000000000.0 4927300000000.0 0.0 0.0 1007360000000.0 129654000000000.0 76822200000.0 121686000000.0 703881000.0 127064000000000.0 10742200000000.0 -1.9 [-1.9]
1.6596e+17 2.33052e+17 899988000000000.0 93471600000000.0 16841400000.0 178331000000000.0 851974000000.0 0.0 1106500000000000.0 4388410000000.0 0.0 0.0 984703000000.0 126566000000000.0 70196000000.0 111270000000.0 640548000.0 124248000000000.0 10521700000000.0 -1.88 [-1.88]
