Cloudy_runs/uks0242/z=0.06385/logZ=-1/component_II_PI_nH/component_II_PI_nH_col_density_param.txt
# %ECSV 1.0
# ---
# datatype:
# - {name: H, datatype: float64}
# - {name: H+, datatype: float64}
# - {name: C+, datatype: float64}
# - {name: C+2, datatype: float64}
# - {name: C+3, datatype: float64}
# - {name: N+, datatype: float64}
# - {name: N+2, datatype: float64}
# - {name: N+4, datatype: float64}
# - {name: O, datatype: float64}
# - {name: O+2, datatype: float64}
# - {name: O+5, datatype: float64}
# - {name: O+6, datatype: float64}
# - {name: P+, datatype: float64}
# - {name: Si+, datatype: float64}
# - {name: Si+2, datatype: float64}
# - {name: Si+3, datatype: float64}
# - {name: Si+4, datatype: float64}
# - {name: Fe+, datatype: float64}
# - {name: Al+, datatype: float64}
# - {name: log_nH, datatype: float64}
# - {name: parameters, datatype: string, subtype: 'float64[1]'}
# schema: astropy-2.0
H H+ C+ C+2 C+3 N+ N+2 N+4 O O+2 O+5 O+6 P+ Si+ Si+2 Si+3 Si+4 Fe+ Al+ log_nH parameters
1479110000000000.0 4.38046e+19 136591000000.0 18096000000000.0 59193500000000.0 10109400000.0 2929320000000.0 49529300000000.0 811202.0 7954520000000.0 507194000000000.0 678673000000000.0 8320320.0 134988000.0 6179390000.0 26296800000.0 2292020000000.0 31645.6 4230730.0 -5.0 [-5.0]
1479110000000000.0 4.14987e+19 147529000000.0 19017300000000.0 59860900000000.0 11008900000.0 3107620000000.0 48617400000000.0 907762.0 8464560000000.0 478432000000000.0 610448000000000.0 9737490.0 159110000.0 7135340000.0 29378700000.0 2425690000000.0 38364.3 5034930.0 -4.98 [-4.98]
1479110000000000.0 3.93188e+19 159171000000.0 19961800000000.0 60466600000000.0 11975700000.0 3292550000000.0 47641200000000.0 1015530.0 8994580000000.0 450332000000000.0 548016000000000.0 11376300.0 187180000.0 8226170000.0 32772200000.0 2563400000000.0 46466.7 5978180.0 -4.96 [-4.96]
1479110000000000.0 3.72574e+19 171547000000.0 20928300000000.0 61009100000000.0 13012800000.0 3483860000000.0 46603900000000.0 1135780.0 9544060000000.0 422973000000000.0 491011000000000.0 13268000.0 219778000.0 9468780000.0 36502900000.0 2704920000000.0 56227.3 7082170.0 -4.94 [-4.94]
1479110000000000.0 3.53076e+19 184686000000.0 21915800000000.0 61486700000000.0 14123100000.0 3681270000000.0 45508900000000.0 1269870.0 10112400000000.0 396428000000000.0 439067000000000.0 15447300.0 257557000.0 10882000000.0 40597800000.0 2850040000000.0 67972.2 8371750.0 -4.92 [-4.92]
1479110000000000.0 3.34628e+19 198614000000.0 22922700000000.0 61898000000000.0 15309400000.0 3884380000000.0 44360100000000.0 1419340.0 10698900000000.0 370756000000000.0 391844000000000.0 17953100.0 301252000.0 12486600000.0 45085300000.0 2998500000000.0 82088.9 9875160.0 -4.9 [-4.9]
1479110000000000.0 3.1717e+19 213358000000.0 23947500000000.0 62241600000000.0 16574100000.0 4092790000000.0 43161600000000.0 1585890.0 11302500000000.0 346010000000000.0 349013000000000.0 20828900.0 351683000.0 14305300000.0 49995100000.0 3150020000000.0 99036.6 11624500.0 -4.88 [-4.88]
1479110000000000.0 3.00645e+19 228950000000.0 24988700000000.0 62516200000000.0 17920300000.0 4306030000000.0 41917700000000.0 1771510.0 11922700000000.0 322231000000000.0 310241000000000.0 24123700.0 409779000.0 16363600000.0 55358800000.0 3304260000000.0 119363.0 13656300.0 -4.86 [-4.86]
1479110000000000.0 2.85002e+19 245403000000.0 26043900000000.0 62720700000000.0 19349100000.0 4523470000000.0 40633300000000.0 1978190.0 12557900000000.0 299458000000000.0 275237000000000.0 27889400.0 476543000.0 18688400000.0 61208000000.0 3460850000000.0 143706.0 16011500.0 -4.84 [-4.84]
1479110000000000.0 2.70188e+19 262739000000.0 27111100000000.0 62853900000000.0 20862400000.0 4744480000000.0 39313100000000.0 2208300.0 13207000000000.0 277712000000000.0 243703000000000.0 32185300.0 553116000.0 21310100000.0 67577100000.0 3619400000000.0 172826.0 18736800.0 -4.82 [-4.82]
1479110000000000.0 2.56157e+19 280976000000.0 28187800000000.0 62914700000000.0 22461700000.0 4968390000000.0 37962500000000.0 2464490.0 13868700000000.0 257012000000000.0 215363000000000.0 37076400.0 640752000.0 24261500000.0 74500700000.0 3779470000000.0 207620.0 21884900.0 -4.8 [-4.8]
1479110000000000.0 2.42868e+19 300135000000.0 29271600000000.0 62902500000000.0 24148600000.0 5194510000000.0 36586800000000.0 2749800.0 14542000000000.0 237365000000000.0 189951000000000.0 42634800.0 740841000.0 27578200000.0 82014300000.0 3940590000000.0 249141.0 25514700.0 -4.78 [-4.78]
1479110000000000.0 2.30279e+19 320231000000.0 30359900000000.0 62816600000000.0 25924000000.0 5422100000000.0 35191400000000.0 3067580.0 15225400000000.0 218775000000000.0 167218000000000.0 48938900.0 854907000.0 31298800000.0 90154200000.0 4102260000000.0 298630.0 29692600.0 -4.76 [-4.76]
1479110000000000.0 2.18353e+19 341274000000.0 31449700000000.0 62656300000000.0 27788600000.0 5650350000000.0 33781800000000.0 3421610.0 15917600000000.0 201235000000000.0 146926000000000.0 56075000.0 984626000.0 35465400000.0 98957600000.0 4263920000000.0 357540.0 34493100.0 -4.74 [-4.74]
1479110000000000.0 2.07053e+19 363272000000.0 32537800000000.0 62421400000000.0 29742600000.0 5878410000000.0 32363800000000.0 3816140.0 16617100000000.0 184733000000000.0 128854000000000.0 64136500.0 1131820000.0 40122600000.0 108461000000.0 4425020000000.0 427568.0 39998700.0 -4.72 [-4.72]
1479110000000000.0 1.96346e+19 386229000000.0 33620900000000.0 62111600000000.0 31786300000.0 6105450000000.0 30942800000000.0 4256010.0 17322600000000.0 169252000000000.0 112795000000000.0 73224600.0 1298500000.0 45319100000.0 118703000000.0 4584940000000.0 510658.0 46297100.0 -4.7 [-4.7]
1479110000000000.0 1.862e+19 410146000000.0 34695500000000.0 61726900000000.0 33919200000.0 6330570000000.0 29524200000000.0 4746620.0 18032400000000.0 154769000000000.0 98556100000000.0 83449900.0 1486820000.0 51106500000.0 129720000000.0 4743050000000.0 609136.0 53492400.0 -4.68 [-4.68]
1479110000000000.0 1.76586e+19 435018000000.0 35757900000000.0 61267400000000.0 36141000000.0 6552930000000.0 28113500000000.0 5294150.0 18745100000000.0 141254000000000.0 85958300000000.0 94933200.0 1699120000.0 57540000000.0 141548000000.0 4898680000000.0 725716.0 61700300.0 -4.66 [-4.66]
1479110000000000.0 1.67474e+19 460839000000.0 36804500000000.0 60733600000000.0 38451200000.0 6771630000000.0 26715600000000.0 5905560.0 19459300000000.0 128676000000000.0 74840600000000.0 107804000.0 1937960000.0 64678500000.0 154223000000.0 5051150000000.0 863542.0 71047400.0 -4.64 [-4.64]
1479110000000000.0 1.58838e+19 487596000000.0 37831100000000.0 60126100000000.0 40848600000.0 6985830000000.0 25335600000000.0 6588700.0 20173200000000.0 117000000000000.0 65050500000000.0 122202000.0 2206050000.0 72584200000.0 167780000000.0 5199770000000.0 1026260.0 81673000.0 -4.62 [-4.62]
1479110000000000.0 1.50654e+19 515273000000.0 38833800000000.0 59445800000000.0 43332400000.0 7194680000000.0 23978000000000.0 7352490.0 20885500000000.0 106188000000000.0 56447100000000.0 138277000.0 2506310000.0 81322400000.0 182248000000.0 5343810000000.0 1218080.0 93730800.0 -4.6 [-4.6]
1479110000000000.0 1.42897e+19 543845000000.0 39808600000000.0 58694000000000.0 45901200000.0 7397360000000.0 22647100000000.0 8207010.0 21594800000000.0 96202600000000.0 48901700000000.0 156186000.0 2841850000.0 90961800000.0 197659000000.0 5482520000000.0 1443900.0 107390000.0 -4.58 [-4.58]
1479110000000000.0 1.35545e+19 573285000000.0 40751100000000.0 57872000000000.0 48553600000.0 7593090000000.0 21346800000000.0 9163680.0 22299400000000.0 87001500000000.0 42297100000000.0 176101000.0 3215980000.0 101574000000.0 214039000000.0 5615180000000.0 1709350.0 122835000.0 -4.56 [-4.56]
1479110000000000.0 1.28577e+19 603559000000.0 41657200000000.0 56981600000000.0 51288200000.0 7781110000000.0 20080700000000.0 10235400.0 22998000000000.0 78543500000000.0 36526900000000.0 198199000.0 3632220000.0 113234000000.0 231409000000.0 5741050000000.0 2020940.0 140269000.0 -4.54 [-4.54]
1479110000000000.0 1.21972e+19 634632000000.0 42522700000000.0 56024800000000.0 54103800000.0 7960750000000.0 18852000000000.0 11437000.0 23689300000000.0 70786400000000.0 31495400000000.0 222672000.0 4094260000.0 126019000000.0 249789000000.0 5859360000000.0 2386140.0 159913000.0 -4.52 [-4.52]
1479110000000000.0 1.15713e+19 666461000000.0 43343700000000.0 55004100000000.0 56999100000.0 8131340000000.0 17663300000000.0 12785000.0 24371700000000.0 63688300000000.0 27116000000000.0 249720000.0 4605990000.0 140007000000.0 269190000000.0 5969410000000.0 2813540.0 182007000.0 -4.5 [-4.5]
1479110000000000.0 1.09779e+19 698994000000.0 44115800000000.0 53922100000000.0 59972200000.0 8292270000000.0 16517000000000.0 14298000.0 25043900000000.0 57207300000000.0 23310900000000.0 279547000.0 5171440000.0 155279000000.0 289621000000.0 6070470000000.0 3312950.0 206810000.0 -4.48 [-4.48]
1479110000000000.0 1.04155e+19 732176000000.0 44835200000000.0 52781700000000.0 63021900000.0 8443000000000.0 15414900000000.0 15997300.0 25704500000000.0 51302300000000.0 20010700000000.0 312368000.0 5794840000.0 171917000000.0 311081000000.0 6161840000000.0 3895630.0 234605000.0 -4.46 [-4.46]
1479110000000000.0 9.88248e+18 765944000000.0 45498100000000.0 51586400000000.0 66146500000.0 8583020000000.0 14358600000000.0 17906900.0 26352200000000.0 45933600000000.0 17153200000000.0 348402000.0 6480470000.0 190001000000.0 333563000000.0 6242840000000.0 4574380.0 265691000.0 -4.44 [-4.44]
1479110000000000.0 9.37716e+18 800231000000.0 46100700000000.0 50339400000000.0 69344600000.0 8711890000000.0 13349000000000.0 20053700.0 26985500000000.0 41062000000000.0 14683100000000.0 387876000.0 7232800000.0 209612000000.0 357051000000.0 6312830000000.0 5363820.0 300396000.0 -4.42 [-4.42]
1479110000000000.0 8.89811e+18 834959000000.0 46639600000000.0 49044800000000.0 72614300000.0 8829180000000.0 12386900000000.0 22468400.0 27603200000000.0 36650400000000.0 12551400000000.0 431018000.0 8056280000.0 230828000000.0 381520000000.0 6371180000000.0 6280520.0 339064000.0 -4.4 [-4.4]
1479110000000000.0 8.444e+18 870057000000.0 47112000000000.0 47706900000000.0 75954900000.0 8934640000000.0 11472600000000.0 25185200.0 28204100000000.0 32663200000000.0 10714600000000.0 478045000.0 8955470000.0 253723000000.0 406935000000.0 6417370000000.0 7343320.0 382066000.0 -4.38 [-4.38]
1479110000000000.0 8.01354e+18 905443000000.0 47515100000000.0 46330200000000.0 79364800000.0 9027990000000.0 10606200000000.0 28242800.0 28787000000000.0 29066400000000.0 9134510000000.0 529172000.0 9934850000.0 278370000000.0 433251000000.0 6450890000000.0 8573490.0 429794000.0 -4.36 [-4.36]
1479110000000000.0 7.60547e+18 941028000000.0 47846600000000.0 44919300000000.0 82843000000.0 9109040000000.0 9787350000000.0 31684700.0 29350600000000.0 25827800000000.0 7777200000000.0 584607000.0 10998900000.0 304832000000.0 460413000000.0 6471300000000.0 9995080.0 482663000.0 -4.34 [-4.34]
1479110000000000.0 7.21859e+18 976719000000.0 48104300000000.0 43479100000000.0 86387900000.0 9177620000000.0 9015430000000.0 35560000.0 29893900000000.0 22916900000000.0 6613020000000.0 644541000.0 12151800000.0 333166000000.0 488346000000.0 6478190000000.0 11635200.0 541109000.0 -4.32 [-4.32]
1479110000000000.0 6.85179e+18 1012420000000.0 48286700000000.0 42014500000000.0 89998100000.0 9233630000000.0 8289580000000.0 39923800.0 30415700000000.0 20305100000000.0 5615910000000.0 709149000.0 13397700000.0 363417000000.0 516971000000.0 6471250000000.0 13524200.0 605588000.0 -4.3 [-4.3]
1479110000000000.0 6.504e+18 1048030000000.0 48392500000000.0 40530600000000.0 93672100000.0 9277020000000.0 7608770000000.0 44837600.0 30914700000000.0 17965700000000.0 4763090000000.0 778573000.0 14740300000.0 395621000000.0 546193000000.0 6450240000000.0 15696400.0 676576000.0 -4.28 [-4.28]
1479110000000000.0 6.17421e+18 1083440000000.0 48421000000000.0 39032700000000.0 97408500000.0 9307760000000.0 6971740000000.0 50371000.0 31390000000000.0 15873900000000.0 4034710000000.0 852930000.0 16182800000.0 429796000000.0 575897000000.0 6414980000000.0 18190100.0 754565000.0 -4.26 [-4.26]
1479110000000000.0 5.86106e+18 1118310000000.0 48367600000000.0 37525500000000.0 101187000000.0 9325340000000.0 6376900000000.0 56598300.0 31839400000000.0 14005700000000.0 3413010000000.0 932075000.0 17726100000.0 465917000000.0 606012000000.0 6365230000000.0 21048200.0 840064000.0 -4.24 [-4.24]
1479110000000000.0 5.56451e+18 1153050000000.0 48241900000000.0 36015000000000.0 105047000000.0 9331110000000.0 5823080000000.0 63614100.0 32264300000000.0 12341200000000.0 2883900000000.0 1016500000.0 19376700000.0 504029000000.0 636292000000.0 6301320000000.0 24318200.0 933593000.0 -4.22 [-4.22]
1479110000000000.0 5.28325e+18 1187290000000.0 48039900000000.0 34506000000000.0 108965000000.0 9324540000000.0 5308430000000.0 71512200.0 32662500000000.0 10859900000000.0 2433790000000.0 1105970000.0 21134100000.0 544065000000.0 666636000000.0 6223190000000.0 28053500.0 1035680000.0 -4.2 [-4.2]
1479110000000000.0 5.01646e+18 1220930000000.0 47762700000000.0 33003500000000.0 112941000000.0 9305810000000.0 4831240000000.0 80401500.0 33032900000000.0 9543630000000.0 2051380000000.0 1200400000.0 22999000000.0 585965000000.0 696877000000.0 6131050000000.0 32313100.0 1146870000.0 -4.18 [-4.18]
1479110000000000.0 4.76337e+18 1253870000000.0 47411900000000.0 31512200000000.0 116974000000.0 9275130000000.0 4389720000000.0 90404100.0 33374700000000.0 8375770000000.0 1726900000000.0 1299660000.0 24970900000.0 629641000000.0 726835000000.0 6025180000000.0 37162600.0 1267690000.0 -4.16 [-4.16]
1479110000000000.0 4.52325e+18 1286010000000.0 46989800000000.0 30036900000000.0 121061000000.0 9232760000000.0 3982080000000.0 101656000.0 33687000000000.0 7341100000000.0 1451910000000.0 1403550000.0 27048800000.0 674979000000.0 756317000000.0 5905990000000.0 42674600.0 1398670000.0 -4.14 [-4.14]
1479110000000000.0 4.29541e+18 1317260000000.0 46498800000000.0 28581900000000.0 125201000000.0 9178990000000.0 3606480000000.0 114309000.0 33968900000000.0 6425760000000.0 1219170000000.0 1511810000.0 29230000000.0 721832000000.0 785117000000.0 5773990000000.0 48929400.0 1540340000.0 -4.12 [-4.12]
1479110000000000.0 4.0792e+18 1347530000000.0 45942000000000.0 27151400000000.0 129394000000.0 9114150000000.0 3261100000000.0 128533000.0 34219500000000.0 5617110000000.0 1022420000000.0 1624090000.0 31510700000.0 770022000000.0 813021000000.0 5629790000000.0 56015600.0 1693200000.0 -4.1 [-4.1]
1479110000000000.0 3.87401e+18 1376740000000.0 45322700000000.0 25749100000000.0 133639000000.0 9038590000000.0 2944140000000.0 144516000.0 34438300000000.0 4903730000000.0 856308000000.0 1739990000.0 33885800000.0 819339000000.0 839811000000.0 5474100000000.0 64030800.0 1857750000.0 -4.08 [-4.08]
1479110000000000.0 3.67926e+18 1404830000000.0 44644600000000.0 24378600000000.0 137935000000.0 8952720000000.0 2653830000000.0 162467000.0 34624300000000.0 4275270000000.0 716249000000.0 1859040000.0 36349000000.0 869543000000.0 865259000000.0 5307750000000.0 73082100.0 2034450000.0 -4.06 [-4.06]
1479110000000000.0 3.49441e+18 1431720000000.0 43911700000000.0 23043100000000.0 142281000000.0 8856930000000.0 2388430000000.0 182620000.0 34777000000000.0 3722390000000.0 598297000000.0 1980710000.0 38892300000.0 920363000000.0 889142000000.0 5131670000000.0 83287500.0 2223720000.0 -4.04 [-4.04]
1479110000000000.0 3.31892e+18 1457350000000.0 43127800000000.0 21745200000000.0 146676000000.0 8751620000000.0 2146260000000.0 205231000.0 34895400000000.0 3236640000000.0 499086000000.0 2104360000.0 41505900000.0 971485000000.0 911238000000.0 4946820000000.0 94776000.0 2425930000.0 -4.02 [-4.02]
1479110000000000.0 3.1523e+18 1481680000000.0 42297300000000.0 20487400000000.0 151119000000.0 8637280000000.0 1925690000000.0 230589000.0 34979200000000.0 2810450000000.0 415749000000.0 2229370000.0 44179200000.0 1022580000000.0 931332000000.0 4754330000000.0 107689000.0 2641440000.0 -4.0 [-4.0]
1479110000000000.0 2.9941e+18 1504660000000.0 41424900000000.0 19271800000000.0 155611000000.0 8514380000000.0 1725160000000.0 259009000.0 35027700000000.0 2437030000000.0 345836000000.0 2355040000.0 46900200000.0 1073280000000.0 949214000000.0 4555350000000.0 122181000.0 2870510000.0 -3.98 [-3.98]
1479110000000000.0 2.84388e+18 1526260000000.0 40514900000000.0 18099900000000.0 160152000000.0 8383410000000.0 1543180000000.0 290841000.0 35040300000000.0 2110290000000.0 287265000000.0 2480670000.0 49655400000.0 1123230000000.0 964694000000.0 4351120000000.0 138420000.0 3113360000.0 -3.96 [-3.96]
1479110000000000.0 2.70123e+18 1546480000000.0 39572000000000.0 16973100000000.0 164743000000.0 8244890000000.0 1378330000000.0 326471000.0 35016600000000.0 1824780000000.0 238261000000.0 2605530000.0 52430800000.0 1172010000000.0 977596000000.0 4142890000000.0 156591000.0 3370130000.0 -3.94 [-3.94]
