Cloudy_runs/uks0242/z=0.06385/logZ=-1/component_II_PI_nH/component_II_PI_nH_col_density_param.txt
# %ECSV 1.0
# ---
# datatype:
# - {name: H, datatype: float64}
# - {name: H+, datatype: float64}
# - {name: C+, datatype: float64}
# - {name: C+2, datatype: float64}
# - {name: C+3, datatype: float64}
# - {name: N+, datatype: float64}
# - {name: N+2, datatype: float64}
# - {name: N+4, datatype: float64}
# - {name: O, datatype: float64}
# - {name: O+2, datatype: float64}
# - {name: O+5, datatype: float64}
# - {name: O+6, datatype: float64}
# - {name: P+, datatype: float64}
# - {name: Si+, datatype: float64}
# - {name: Si+2, datatype: float64}
# - {name: Si+3, datatype: float64}
# - {name: Si+4, datatype: float64}
# - {name: Fe+, datatype: float64}
# - {name: Al+, datatype: float64}
# - {name: log_nH, datatype: float64}
# - {name: parameters, datatype: string, subtype: 'float64[1]'}
# schema: astropy-2.0
H H+ C+ C+2 C+3 N+ N+2 N+4 O O+2 O+5 O+6 P+ Si+ Si+2 Si+3 Si+4 Fe+ Al+ log_nH parameters
[from data line 110]
1479110000000000.0 1.47469e+17 1246340000000.0 2703940000000.0 49165700000.0 476287000000.0 515027000000.0 291617000.0 45969000000.0 3242620000000.0 19651700.0 0.0 2244880000.0 101921000000.0 334118000000.0 41488200000.0 5003270000.0 16453000000.0 15691000000.0 -2.8 [-2.8]
1479110000000000.0 1.40295e+17 1226510000000.0 2537690000000.0 42835800000.0 473937000000.0 470750000000.0 243242000.0 47901400000.0 2950010000000.0 15059200.0 0.0 2179090000.0 101805000000.0 315714000000.0 37475500000.0 4296030000.0 17020100000.0 15467900000.0 -2.78 [-2.78]
1479110000000000.0 1.33497e+17 1206480000000.0 2380910000000.0 37295900000.0 470821000000.0 429508000000.0 202670000.0 49814600000.0 2678960000000.0 11520900.0 0.0 2114370000.0 101636000000.0 298130000000.0 33818800000.0 3687820000.0 17577400000.0 15233900000.0 -2.76 [-2.76]
1479110000000000.0 1.27001e+17 1186060000000.0 2231860000000.0 32419900000.0 466843000000.0 390924000000.0 168484000.0 51710800000.0 2426870000000.0 8786490.0 0.0 2050190000.0 101412000000.0 281189000000.0 30465800000.0 3161860000.0 18127200000.0 14987900000.0 -2.74 [-2.74]
1479110000000000.0 1.20865e+17 1165550000000.0 2091900000000.0 28172600000.0 462168000000.0 355253000000.0 139963000.0 53571400000.0 2195200000000.0 6694370.0 0.0 1987390000.0 101130000000.0 265081000000.0 27427700000.0 2711120000.0 18663800000.0 14733800000.0 -2.72 [-2.72]
1479110000000000.0 1.15016e+17 1144760000000.0 1959360000000.0 24451100000.0 456709000000.0 322129000000.0 116052000.0 55399300000.0 1981410000000.0 5087800.0 0.0 1925450000.0 100787000000.0 249637000000.0 24657000000.0 2322550000.0 19189400000.0 14470400000.0 -2.7 [-2.7]
1479110000000000.0 1.09459e+17 1123780000000.0 1834320000000.0 21202100000.0 450539000000.0 291526000000.0 96082800.0 57185700000.0 1785130000000.0 3859550.0 0.0 1864610000.0 100380000000.0 234888000000.0 22140800000.0 1988540000.0 19701900000.0 14199200000.0 -2.68 [-2.68]
1479110000000000.0 1.04177e+17 1102630000000.0 1716400000000.0 18368600000.0 443695000000.0 263326000000.0 79432700.0 58925600000.0 1605390000000.0 2922560.0 0.0 1804900000.0 99908400000.0 220817000000.0 19859000000.0 1701600000.0 20200400000.0 13921300000.0 -2.66 [-2.66]
1479110000000000.0 9.91575e+16 1081340000000.0 1605280000000.0 15900100000.0 436224000000.0 237408000000.0 65572600.0 60614400000.0 1441240000000.0 2209280.0 0.0 1746360000.0 99369900000.0 207406000000.0 17792700000.0 1455250000.0 20684200000.0 13637500000.0 -2.64 [-2.64]
1479110000000000.0 9.4387e+16 1059930000000.0 1500620000000.0 13752000000.0 428175000000.0 213653000000.0 54054000.0 62248200000.0 1291710000000.0 1667400.0 0.0 1689040000.0 98762800000.0 194637000000.0 15924400000.0 1243870000.0 21152400000.0 13348800000.0 -2.62 [-2.62]
1479110000000000.0 8.98383e+16 1038350000000.0 1401800000000.0 11880000000.0 419556000000.0 191883000000.0 44477400.0 63826400000.0 1155520000000.0 1255810.0 0.0 1632770000.0 98084800000.0 182450000000.0 14232800000.0 1062220000.0 21605500000.0 13055100000.0 -2.6 [-2.6]
1479110000000000.0 8.55288e+16 1016770000000.0 1309140000000.0 10258500000.0 410515000000.0 172082000000.0 36563400.0 65341100000.0 1032380000000.0 945012.0 0.0 1577940000.0 97339300000.0 170909000000.0 12711900000.0 906929000.0 22040900000.0 12759100000.0 -2.58 [-2.58]
1479110000000000.0 8.14315e+16 995131000000.0 1222000000000.0 8851370000.0 401061000000.0 154067000000.0 30017200.0 66793000000.0 920981000000.0 710174.0 0.0 1524390000.0 96523900000.0 159952000000.0 11342000000.0 773906000.0 22459300000.0 12460700000.0 -2.56 [-2.56]
1479110000000000.0 7.75376e+16 973476000000.0 1140150000000.0 7631920000.0 391260000000.0 137724000000.0 24612700.0 68180500000.0 820479000000.0 533077.0 0.0 1472140000.0 95639500000.0 149565000000.0 10110400000.0 660068000.0 22859900000.0 12160600000.0 -2.54 [-2.54]
1479110000000000.0 7.38358e+16 951820000000.0 1063290000000.0 6575830000.0 381168000000.0 122929000000.0 20156700.0 69502900000.0 729979000000.0 0.0 0.0 1421210000.0 94686900000.0 139727000000.0 9004200000.0 562684000.0 23242500000.0 11859700000.0 -2.52 [-2.52]
1479110000000000.0 7.03169e+16 930194000000.0 991160000000.0 5662120000.0 370844000000.0 109567000000.0 16488600.0 70759900000.0 648658000000.0 0.0 0.0 1371600000.0 93666900000.0 130421000000.0 8012040000.0 479435000.0 23606700000.0 11558700000.0 -2.5 [-2.5]
1479110000000000.0 6.69711e+16 908614000000.0 923509000000.0 4872180000.0 360342000000.0 97525600000.0 13473000.0 71951700000.0 575718000000.0 0.0 0.0 1323310000.0 92581500000.0 121625000000.0 7123150000.0 408303000.0 23952200000.0 11258100000.0 -2.48 [-2.48]
1479110000000000.0 6.379e+16 887109000000.0 860097000000.0 4189820000.0 349718000000.0 86696500000.0 10997500.0 73079000000.0 510419000000.0 0.0 0.0 1276350000.0 91432700000.0 113323000000.0 6327790000.0 347563000.0 24279000000.0 10958600000.0 -2.46 [-2.46]
1479110000000000.0 6.07652e+16 865700000000.0 800692000000.0 3600900000.0 339021000000.0 76977400000.0 8968040.0 74142600000.0 452061000000.0 0.0 0.0 1230710000.0 90223000000.0 105494000000.0 5616930000.0 295725000.0 24586600000.0 10660800000.0 -2.44 [-2.44]
1479110000000000.0 5.78891e+16 844413000000.0 745078000000.0 3093050000.0 328302000000.0 68271600000.0 7306430.0 75144000000.0 399996000000.0 0.0 0.0 1186390000.0 88954700000.0 98121800000.0 4982350000.0 251514000.0 24874800000.0 10365200000.0 -2.42 [-2.42]
1479110000000000.0 5.51675e+16 823376000000.0 693291000000.0 2656960000.0 317666000000.0 60513700000.0 5951570.0 76082500000.0 353767000000.0 0.0 0.0 1143600000.0 87637100000.0 91222100000.0 4418600000.0 213953000.0 25142300000.0 10073900000.0 -2.4 [-2.4]
1479110000000000.0 5.25665e+16 802401000000.0 644624000000.0 2279990000.0 307028000000.0 53563500000.0 4841050.0 76964500000.0 312497000000.0 0.0 0.0 1101900000.0 86262000000.0 84705600000.0 3914320000.0 181831000.0 25391100000.0 9784370000.0 -2.38 [-2.38]
1479110000000000.0 5.00927e+16 781611000000.0 599136000000.0 1955590000.0 296487000000.0 47369200000.0 3934880.0 77789700000.0 275834000000.0 0.0 0.0 1061490000.0 84838700000.0 78589200000.0 3465530000.0 154476000.0 25620300000.0 9498420000.0 -2.36 [-2.36]
1479110000000000.0 4.77393e+16 761022000000.0 556638000000.0 1676580000.0 286072000000.0 41856300000.0 3196110.0 78560400000.0 243301000000.0 0.0 0.0 1022340000.0 83370800000.0 72853700000.0 3066440000.0 131191000.0 25829600000.0 9216400000.0 -2.34 [-2.34]
1479110000000000.0 4.55024e+16 740674000000.0 516991000000.0 1436920000.0 275824000000.0 36959700000.0 2594720.0 79278600000.0 214483000000.0 0.0 0.0 984476000.0 81862700000.0 67487700000.0 2712110000.0 111394000.0 26018400000.0 8938960000.0 -2.32 [-2.32]
1479110000000000.0 4.33741e+16 720565000000.0 479989000000.0 1231040000.0 265756000000.0 32613400000.0 2105300.0 79946800000.0 188967000000.0 0.0 0.0 947842000.0 80317800000.0 62467500000.0 2397580000.0 94556900.0 26187000000.0 8666130000.0 -2.3 [-2.3]
1479110000000000.0 4.13499e+16 700722000000.0 445491000000.0 1054340000.0 255896000000.0 28761300000.0 1707420.0 80567400000.0 166405000000.0 0.0 0.0 912435000.0 78740400000.0 57779000000.0 2118690000.0 80249900.0 26334800000.0 8398310000.0 -2.28 [-2.28]
1479110000000000.0 3.94231e+16 681145000000.0 413321000000.0 902681000.0 246252000000.0 25349200000.0 1384070.0 81142800000.0 146464000000.0 0.0 0.0 878204000.0 77135800000.0 53399300000.0 1871460000.0 68089300.0 26463400000.0 8135470000.0 -2.26 [-2.26]
1479110000000000.0 3.75919e+16 661885000000.0 383381000000.0 772722000.0 236857000000.0 22333300000.0 1121680.0 81675200000.0 128871000000.0 0.0 0.0 845187000.0 75506400000.0 49323900000.0 1652700000.0 57772200.0 26569600000.0 7878390000.0 -2.24 [-2.24]
1479110000000000.0 3.58379e+16 642802000000.0 355326000000.0 660820000.0 227645000000.0 19656300000.0 907979.0 82168300000.0 113286000000.0 0.0 0.0 813102000.0 73849900000.0 45500300000.0 1458170000.0 48972300.0 26657600000.0 7625080000.0 -2.22 [-2.22]
1479110000000000.0 3.41906e+16 624287000000.0 329553000000.0 565859000.0 218820000000.0 17313900000.0 736052.0 82620400000.0 99666900000.0 0.0 0.0 782555000.0 72197400000.0 41992600000.0 1287830000.0 41575300.0 26723200000.0 7380820000.0 -2.2 [-2.2]
1479110000000000.0 3.26023e+16 605862000000.0 305265000000.0 483742000.0 210136000000.0 15228300000.0 595543.0 83039000000.0 87562400000.0 0.0 0.0 752709000.0 70513300000.0 38688500000.0 1135760000.0 35240000.0 26769100000.0 7139180000.0 -2.18 [-2.18]
1479110000000000.0 3.11013e+16 587907000000.0 282842000000.0 413816000.0 201786000000.0 13398600000.0 482214.0 83422300000.0 76956600000.0 0.0 0.0 724143000.0 68833100000.0 35643500000.0 1002150000.0 29895200.0 26793900000.0 6905140000.0 -2.16 [-2.16]
1479110000000000.0 2.9673e+16 570310000000.0 262010000000.0 353976000.0 193711000000.0 11786600000.0 390427.0 83773600000.0 67624300000.0 0.0 0.0 696631000.0 67150300000.0 32820800000.0 884184000.0 25363900.0 26798200000.0 6677190000.0 -2.14 [-2.14]
1479110000000000.0 2.83139e+16 553077000000.0 242662000000.0 302782000.0 185911000000.0 10367200000.0 316105.0 84094800000.0 59416400000.0 0.0 0.0 670142000.0 65469000000.0 30205900000.0 780072000.0 21522400.0 26782200000.0 6455330000.0 -2.12 [-2.12]
1479110000000000.0 2.70206e+16 536220000000.0 224705000000.0 259000000.0 178386000000.0 9117930000.0 255942.0 84388000000.0 52200700000.0 0.0 0.0 644654000.0 63792700000.0 27786600000.0 688228000.0 18266900.0 26745700000.0 6239630000.0 -2.1 [-2.1]
1479110000000000.0 2.57903e+16 519750000000.0 208049000000.0 221574000.0 171138000000.0 8019280000.0 207257.0 84654600000.0 45860600000.0 0.0 0.0 620148000.0 62124300000.0 25552200000.0 607252000.0 15509200.0 26688000000.0 6030210000.0 -2.08 [-2.08]
1479110000000000.0 2.46195e+16 503665000000.0 192602000000.0 189577000.0 164158000000.0 7053040000.0 167855.0 84896500000.0 40290200000.0 0.0 0.0 596584000.0 60468100000.0 23488100000.0 535852000.0 13171900.0 26610600000.0 5826910000.0 -2.06 [-2.06]
1479110000000000.0 2.35049e+16 487967000000.0 178279000000.0 162223000.0 157444000000.0 6203460000.0 135967.0 85115100000.0 35397100000.0 0.0 0.0 573931000.0 58827100000.0 21582500000.0 472905000.0 11190800.0 26514000000.0 5629690000.0 -2.04 [-2.04]
1479110000000000.0 2.24441e+16 472661000000.0 165006000000.0 138843000.0 150990000000.0 5456730000.0 110163.0 85312100000.0 31100300000.0 0.0 0.0 552165000.0 57204200000.0 19825300000.0 417426000.0 9511870.0 26398400000.0 5438550000.0 -2.02 [-2.02]
1479110000000000.0 2.14341e+16 457744000000.0 152706000000.0 118857000.0 144789000000.0 4800360000.0 89277.4 85488700000.0 27327100000.0 0.0 0.0 531252000.0 55601900000.0 18205100000.0 368524000.0 8088320.0 26264600000.0 5253350000.0 -2.0 [-2.0]
1479110000000000.0 2.04804e+16 443341000000.0 141406000000.0 101870000.0 138887000000.0 4226650000.0 72449.3 85646000000.0 24031400000.0 0.0 0.0 511335000.0 54035300000.0 16725300000.0 325674000.0 6888130.0 26113700000.0 5075570000.0 -1.98 [-1.98]
1479110000000000.0 1.9565e+16 429214000000.0 130857000000.0 87259000.0 133177000000.0 3719650000.0 58754.9 85785800000.0 21121900000.0 0.0 0.0 492056000.0 52481600000.0 15351700000.0 287679000.0 5864010.0 25944400000.0 4902180000.0 -1.96 [-1.96]
1479110000000000.0 1.86933e+16 415480000000.0 121093000000.0 74770000.0 127702000000.0 3274210000.0 47667.7 85908900000.0 18568000000.0 0.0 0.0 473554000.0 50955100000.0 14088300000.0 254197000.0 4995340.0 25758200000.0 4734550000.0 -1.94 [-1.94]
1479110000000000.0 1.78634e+16 402136000000.0 112057000000.0 64093200.0 122455000000.0 2882840000.0 38689.1 86016300000.0 16326100000.0 0.0 0.0 455801000.0 49457600000.0 12926900000.0 224689000.0 4258250.0 25555800000.0 4572580000.0 -1.92 [-1.92]
1479110000000000.0 1.7064e+16 389030000000.0 103605000000.0 54893500.0 117369000000.0 2536450000.0 31371.1 86109000000.0 14343900000.0 0.0 0.0 438575000.0 47973300000.0 11847600000.0 198480000.0 3627830.0 25335100000.0 4414350000.0 -1.9 [-1.9]
1479110000000000.0 1.63115e+16 376459000000.0 95877500000.0 47095100.0 112555000000.0 2234530000.0 25485.6 86187800000.0 12617600000.0 0.0 0.0 422245000.0 46537700000.0 10868400000.0 175573000.0 3097130.0 25102100000.0 4263370000.0 -1.88 [-1.88]
1479110000000000.0 1.56036e+16 364421000000.0 88818300000.0 40480000.0 108005000000.0 1971270000.0 20747.0 86253800000.0 11113600000.0 0.0 0.0 406781000.0 45152300000.0 9980400000.0 155545000.0 2649950.0 24858500000.0 4119520000.0 -1.86 [-1.86]
1479110000000000.0 1.49208e+16 352608000000.0 82209000000.0 34766900.0 103595000000.0 1737890000.0 16874.1 86307600000.0 9781860000.0 0.0 0.0 391771000.0 43783500000.0 9155280000.0 137722000.0 2266290.0 24598500000.0 3979070000.0 -1.84 [-1.84]
1479110000000000.0 1.42648e+16 341066000000.0 76047700000.0 29848900.0 99337300000.0 1531610000.0 13717.9 86349700000.0 8606130000.0 0.0 0.0 377258000.0 42437500000.0 8391730000.0 121911000.0 1938080.0 24324200000.0 3842500000.0 -1.82 [-1.82]
1479110000000000.0 1.36454e+16 329990000000.0 70403700000.0 25666300.0 95301400000.0 1351340000.0 0.0 86381100000.0 7579640000.0 0.0 0.0 363474000.0 41138000000.0 7698380000.0 108051000.0 1660640.0 24040200000.0 3712090000.0 -1.8 [-1.8]
1479110000000000.0 1.30551e+16 319272000000.0 65186900000.0 22083700.0 91440700000.0 1192780000.0 0.0 86402400000.0 6677840000.0 0.0 0.0 350266000.0 39873600000.0 7062690000.0 95817200.0 1424320.0 23745800000.0 3586460000.0 -1.78 [-1.78]
1479110000000000.0 1.24982e+16 309009000000.0 60412200000.0 19034100.0 87785200000.0 1054150000.0 0.0 86414400000.0 5890250000.0 0.0 0.0 337736000.0 38656700000.0 6486020000.0 85085600.0 1224240.0 23444600000.0 3466700000.0 -1.76 [-1.76]
1479110000000000.0 1.19571e+16 298893000000.0 55915100000.0 16384100.0 84221100000.0 930615000.0 0.0 86416600000.0 5189440000.0 0.0 0.0 325500000.0 37452100000.0 5947270000.0 75482500.0 1051270.0 23128700000.0 3349190000.0 -1.74 [-1.74]
1479110000000000.0 1.14465e+16 289215000000.0 51801100000.0 14128000.0 80847400000.0 822602000.0 0.0 86410600000.0 4577440000.0 0.0 0.0 313896000.0 36294700000.0 5458860000.0 67056900.0 904703.0 22808000000.0 3237240000.0 -1.72 [-1.72]
1479110000000000.0 1.09598e+16 279867000000.0 47999800000.0 12191800.0 77621900000.0 727486000.0 0.0 86396500000.0 4039260000.0 0.0 0.0 302783000.0 35172800000.0 5011490000.0 59609200.0 779472.0 22480500000.0 3129540000.0 -1.7 [-1.7]
1479110000000000.0 1.0496e+16 270843000000.0 44488100000.0 10529600.0 74538800000.0 643709000.0 0.0 86374700000.0 3565950000.0 0.0 0.0 292143000.0 34086100000.0 4601910000.0 53023700.0 672398.0 22147000000.0 3026000000.0 -1.68 [-1.68]
1479110000000000.0 1.00588e+16 262235000000.0 41279800000.0 9112440.0 71625600000.0 570414000.0 0.0 86346400000.0 3152390000.0 0.0 0.0 282074000.0 33046200000.0 4231400000.0 47239900.0 581447.0 21812000000.0 2927620000.0 -1.66 [-1.66]
1479110000000000.0 9632200000000000.0 253734000000.0 38246700000.0 7874590.0 68774900000.0 504819000.0 0.0 86309500000.0 2783060000.0 0.0 0.0 272205000.0 32017000000.0 3883730000.0 42041500.0 502254.0 21465800000.0 2830820000.0 -1.64 [-1.64]
1479110000000000.0 9230220000000000.0 245632000000.0 35477300000.0 6819000.0 66082200000.0 447431000.0 0.0 86266900000.0 2460420000.0 0.0 0.0 262870000.0 31033500000.0 3569450000.0 37474900.0 434923.0 21119900000.0 2738910000.0 -1.62 [-1.62]
1479110000000000.0 8846890000000000.0 237820000000.0 32918500000.0 5910450.0 63508300000.0 396798000.0 0.0 86218000000.0 2176270000.0 0.0 0.0 253934000.0 30083400000.0 3281770000.0 33428700.0 377122.0 20771500000.0 2650620000.0 -1.6 [-1.6]
1479110000000000.0 8481280000000000.0 230291000000.0 30553800000.0 5127860.0 61047500000.0 352104000.0 0.0 86163200000.0 1925910000.0 0.0 0.0 245380000.0 29165900000.0 3018320000.0 29841500.0 327442.0 20421600000.0 2565810000.0 -1.58 [-1.58]
