Cloudy_runs/uks0242/z=0.06385/logZ=-1/component_II_PI_nH/component_II_PI_nH_col_density_param.txt
# %ECSV 1.0
# ---
# datatype:
# - {name: H, datatype: float64}
# - {name: H+, datatype: float64}
# - {name: C+, datatype: float64}
# - {name: C+2, datatype: float64}
# - {name: C+3, datatype: float64}
# - {name: N+, datatype: float64}
# - {name: N+2, datatype: float64}
# - {name: N+4, datatype: float64}
# - {name: O, datatype: float64}
# - {name: O+2, datatype: float64}
# - {name: O+5, datatype: float64}
# - {name: O+6, datatype: float64}
# - {name: P+, datatype: float64}
# - {name: Si+, datatype: float64}
# - {name: Si+2, datatype: float64}
# - {name: Si+3, datatype: float64}
# - {name: Si+4, datatype: float64}
# - {name: Fe+, datatype: float64}
# - {name: Al+, datatype: float64}
# - {name: log_nH, datatype: float64}
# - {name: parameters, datatype: string, subtype: 'float64[1]'}
# schema: astropy-2.0
H H+ C+ C+2 C+3 N+ N+2 N+4 O O+2 O+5 O+6 P+ Si+ Si+2 Si+3 Si+4 Fe+ Al+ log_nH parameters
[from data line 243]
1479110000000000.0 700791000000000.0 43570000000.0 396590000.0 0.0 5494700000.0 284568.0 0.0 77425500000.0 1323990.0 0.0 0.0 55807800.0 6974800000.0 27561200.0 64560.8 0.0 6747400000.0 609132000.0 -0.14 [-0.14]
1479110000000000.0 680734000000000.0 42881800000.0 376998000.0 0.0 5323930000.0 261205.0 0.0 77324900000.0 1218070.0 0.0 0.0 55299300.0 6910960000.0 26153000.0 60632.6 0.0 6691030000.0 603670000.0 -0.12 [-0.12]
1479110000000000.0 661238000000000.0 42205700000.0 358347000.0 0.0 5157630000.0 239753.0 0.0 77225400000.0 1120850.0 0.0 0.0 54804900.0 6848850000.0 24813300.0 56962.7 0.0 6636110000.0 598359000.0 -0.1 [-0.1]
1479110000000000.0 642407000000000.0 41545600000.0 340681000.0 0.0 4996520000.0 220106.0 0.0 77127900000.0 1031850.0 0.0 0.0 54327300.0 6788830000.0 23543300.0 53538.7 0.0 6582950000.0 593227000.0 -0.08 [-0.08]
1479110000000000.0 624209000000000.0 40900800000.0 323939000.0 0.0 4840350000.0 202103.0 0.0 77032200000.0 950347.0 0.0 0.0 53865700.0 6730790000.0 22338200.0 50342.3 0.0 6531480000.0 588265000.0 -0.06 [-0.06]
1479110000000000.0 606453000000000.0 40264500000.0 307951000.0 0.0 4687830000.0 185537.0 0.0 76937400000.0 875340.0 0.0 0.0 53415100.0 6674110000.0 21187500.0 47349.1 0.0 6481140000.0 583422000.0 -0.04 [-0.04]
1479110000000000.0 589317000000000.0 39643500000.0 292815000.0 0.0 4540150000.0 170363.0 0.0 76844600000.0 806648.0 0.0 0.0 52980200.0 6619370000.0 20096100.0 44553.7 0.0 6432470000.0 578746000.0 -0.02 [-0.02]
1479110000000000.0 572685000000000.0 39034000000.0 278420000.0 0.0 4396510000.0 156427.0 0.0 76753300000.0 743558.0 0.0 0.0 52558000.0 6566210000.0 19056100.0 41937.8 0.0 6385140000.0 574206000.0 -0.0 [-0.0]
1479110000000000.0 556551000000000.0 38435600000.0 264732000.0 0.0 4257060000.0 143641.0 0.0 76663400000.0 685578.0 0.0 0.0 52148400.0 6514600000.0 18071300.0 39488.7 0.0 6339110000.0 569800000.0 0.02 [0.02]
1479110000000000.0 540877000000000.0 37847700000.0 251709000.0 0.0 4121140000.0 131880.0 0.0 76574900000.0 632303.0 0.0 0.0 51750300.0 6464430000.0 17126600.0 37195.3 0.0 6294340000.0 565519000.0 0.04 [0.04]
1479110000000000.0 525658000000000.0 37270400000.0 239321000.0 0.0 3988850000.0 121072.0 0.0 76487900000.0 583331.0 0.0 0.0 51363800.0 6415680000.0 16224600.0 35046.8 0.0 6250800000.0 561360000.0 0.06 [0.06]
1479110000000000.0 510886000000000.0 36703300000.0 227541000.0 0.0 3860150000.0 111141.0 0.0 76402400000.0 538308.0 0.0 0.0 50988500.0 6368320000.0 15364000.0 33033.3 0.0 6208470000.0 557322000.0 0.08 [0.08]
1479110000000000.0 496538000000000.0 36146000000.0 216333000.0 0.0 3734870000.0 102013.0 0.0 76318300000.0 496894.0 0.0 0.0 50623900.0 6322290000.0 14542000.0 31145.5 0.0 6167290000.0 553399000.0 0.1 [0.1]
1479110000000000.0 482571000000000.0 35597100000.0 205655000.0 0.0 3612640000.0 93611.9 0.0 76235400000.0 458758.0 0.0 0.0 50268900.0 6277430000.0 13754400.0 29374.1 0.0 6127150000.0 549578000.0 0.12 [0.12]
1479110000000000.0 469032000000000.0 35058700000.0 195512000.0 0.0 3493780000.0 85893.5 0.0 76154100000.0 423700.0 0.0 0.0 49924700.0 6233930000.0 13001900.0 27713.0 0.0 6088180000.0 545874000.0 0.14 [0.14]
1479110000000000.0 455872000000000.0 34529300000.0 185861000.0 0.0 3377950000.0 78794.9 0.0 76074200000.0 391423.0 0.0 0.0 49590100.0 6191600000.0 12281900.0 26153.8 0.0 6050250000.0 542272000.0 0.16 [0.16]
1479110000000000.0 443078000000000.0 34008400000.0 176675000.0 0.0 3265010000.0 72263.7 0.0 75995700000.0 361700.0 0.0 0.0 49264700.0 6150410000.0 11591900.0 24689.8 0.0 6013330000.0 538770000.0 0.18 [0.18]
1479110000000000.0 430633000000000.0 33495800000.0 167933000.0 0.0 3154800000.0 66252.7 0.0 75918400000.0 334319.0 0.0 0.0 48948100.0 6110310000.0 10929800.0 23314.7 0.0 5977380000.0 535362000.0 0.2 [0.2]
1479110000000000.0 418527000000000.0 32991400000.0 159613000.0 0.0 3047240000.0 60720.7 0.0 75842600000.0 309091.0 0.0 0.0 48640100.0 6071270000.0 10294600.0 22022.6 0.0 5942370000.0 532046000.0 0.22 [0.22]
1479110000000000.0 406717000000000.0 32493800000.0 151681000.0 0.0 2941930000.0 55621.1 0.0 75767800000.0 285818.0 0.0 0.0 48339500.0 6033130000.0 9682510.0 20807.6 0.0 5908180000.0 528810000.0 0.24 [0.24]
1479110000000000.0 395239000000000.0 32004700000.0 144141000.0 0.0 2839100000.0 50927.5 0.0 75694500000.0 264382.0 0.0 0.0 48047400.0 5996030000.0 9094010.0 19665.7 0.0 5874920000.0 525664000.0 0.26 [0.26]
1479110000000000.0 384062000000000.0 31523200000.0 136965000.0 0.0 2738500000.0 46604.9 0.0 75622300000.0 244617.0 0.0 0.0 47762800.0 5959840000.0 8527860.0 18591.7 0.0 5842490000.0 522600000.0 0.28 [0.28]
1479110000000000.0 373197000000000.0 31050600000.0 130149000.0 0.0 2640030000.0 42622.6 0.0 75551700000.0 226414.0 0.0 0.0 47486100.0 5924640000.0 7980810.0 17582.1 0.0 5810970000.0 519621000.0 0.3 [0.3]
1479110000000000.0 362523000000000.0 30581200000.0 123626000.0 0.0 2542920000.0 38940.6 0.0 75481600000.0 209563.0 0.0 0.0 47214200.0 5889990000.0 7450550.0 16630.4 0.0 5779960000.0 516693000.0 0.32 [0.32]
1479110000000000.0 352128000000000.0 30120200000.0 117430000.0 0.0 2447490000.0 35544.1 0.0 75413000000.0 194038.0 0.0 0.0 46949300.0 5856190000.0 6935920.0 15735.3 0.0 5749760000.0 513841000.0 0.34 [0.34]
1479110000000000.0 341972000000000.0 29666000000.0 111533000.0 0.0 2353460000.0 32408.1 0.0 75345400000.0 179711.0 0.0 0.0 46690400.0 5823110000.0 6436440.0 14892.5 0.0 5720240000.0 511055000.0 0.36 [0.36]
1479110000000000.0 332026000000000.0 29218000000.0 105916000.0 0.0 2260430000.0 29507.3 0.0 75278700000.0 166482.0 0.0 0.0 46436800.0 5790640000.0 5949040.0 14098.8 0.0 5691330000.0 508325000.0 0.38 [0.38]
1479110000000000.0 322270000000000.0 28776300000.0 100569000.0 0.0 2167980000.0 26819.5 0.0 75213000000.0 154269.0 0.0 0.0 46187900.0 5758710000.0 5471030.0 13351.1 0.0 5662980000.0 505647000.0 0.4 [0.4]
1479110000000000.0 312675000000000.0 28341500000.0 95481700.0 0.0 2075290000.0 24318.3 0.0 75148200000.0 143005.0 0.0 0.0 45943100.0 5727220000.0 4995840.0 12647.2 0.0 5635120000.0 503012000.0 0.42 [0.42]
1479110000000000.0 303173000000000.0 27910900000.0 90626400.0 0.0 1981740000.0 21984.9 0.0 75083900000.0 132587.0 0.0 0.0 45700500.0 5695910000.0 4523110.0 11983.7 0.0 5607560000.0 500403000.0 0.44 [0.44]
1479110000000000.0 293732000000000.0 27484700000.0 85995600.0 0.0 1886640000.0 19802.5 0.0 75019800000.0 122956.0 0.0 0.0 45459200.0 5664640000.0 4050910.0 11358.3 0.0 5580180000.0 497809000.0 0.46 [0.46]
1479110000000000.0 284310000000000.0 27065600000.0 81596800.0 0.0 1788220000.0 17742.8 0.0 74956200000.0 114082.0 0.0 0.0 45218400.0 5633260000.0 3569010.0 10769.9 0.0 5552940000.0 495221000.0 0.48 [0.48]
1479110000000000.0 274707000000000.0 26649700000.0 77396600.0 0.0 1683160000.0 15766.1 0.0 74891900000.0 105886.0 0.0 0.0 44972600.0 5600980000.0 3064740.0 10216.1 0.0 5525250000.0 492583000.0 0.5 [0.5]
1479110000000000.0 199014000000000.0 24877300000.0 59481500.0 0.0 486904000.0 4169.9 0.0 74634100000.0 96032.7 0.0 0.0 43027800.0 5288310000.0 11947.3 9755.53 0.0 5306320000.0 472013000.0 0.52 [0.52]
1479110000000000.0 190549000000000.0 24337000000.0 55748100.0 0.0 441388000.0 3622.65 0.0 74582800000.0 88424.7 0.0 0.0 42811500.0 5254210000.0 9144.16 9250.05 0.0 5279940000.0 469706000.0 0.54 [0.54]
1479110000000000.0 183151000000000.0 23835600000.0 52470200.0 0.0 405560000.0 3189.33 0.0 74535100000.0 81540.6 0.0 0.0 42622300.0 5224480000.0 7631.96 8775.03 0.0 5256850000.0 467687000.0 0.56 [0.56]
1479110000000000.0 176325000000000.0 23349500000.0 49464700.0 0.0 375286000.0 2827.74 0.0 74488800000.0 75206.0 0.0 0.0 42447400.0 5196940000.0 6678.35 8325.92 0.0 5235510000.0 465822000.0 0.58 [0.58]
1479110000000000.0 169927000000000.0 22874300000.0 46677300.0 0.0 348891000.0 2519.11 0.0 74443900000.0 69366.8 0.0 0.0 42283400.0 5170950000.0 6014.08 7901.07 0.0 5215500000.0 464073000.0 0.6 [0.6]
1479110000000000.0 163929000000000.0 22412100000.0 44095400.0 0.0 325521000.0 2252.66 0.0 74400900000.0 64003.3 0.0 0.0 42129500.0 5146430000.0 5516.11 7499.61 0.0 5196750000.0 462433000.0 0.62 [0.62]
1479110000000000.0 158216000000000.0 21956200000.0 41673000.0 0.0 304483000.0 2019.88 0.0 74358900000.0 59047.4 0.0 0.0 41982700.0 5122840000.0 5120.13 7119.38 0.0 5178870000.0 460870000.0 0.64 [0.64]
1479110000000000.0 152772000000000.0 21507300000.0 39399600.0 0.0 285405000.0 1815.4 0.0 74318200000.0 54473.2 0.0 0.0 41842700.0 5100120000.0 4790.78 6759.32 0.0 5161830000.0 459380000.0 0.66 [0.66]
1479110000000000.0 147568000000000.0 21064700000.0 37261600.0 0.0 267985000.0 1634.85 0.0 74278800000.0 50249.8 0.0 0.0 41708700.0 5078160000.0 4506.83 6418.25 0.0 5145550000.0 457956000.0 0.68 [0.68]
1479110000000000.0 142572000000000.0 20626800000.0 35243700.0 0.0 251978000.0 1474.69 0.0 74240300000.0 46345.5 0.0 0.0 41580000.0 5056800000.0 4255.21 6094.97 0.0 5129920000.0 456589000.0 0.7 [0.7]
1479110000000000.0 137794000000000.0 20195800000.0 33345100.0 0.0 237243000.0 1332.37 0.0 74203100000.0 42744.3 0.0 0.0 41456700.0 5036120000.0 4027.85 5788.71 0.0 5114970000.0 455281000.0 0.72 [0.72]
1479110000000000.0 133212000000000.0 19770700000.0 31553500.0 0.0 223607000.0 1205.4 0.0 74166900000.0 39420.0 0.0 0.0 41338300.0 5016040000.0 3819.32 5498.41 0.0 5100650000.0 454028000.0 0.74 [0.74]
1479110000000000.0 128807000000000.0 19350900000.0 29861100.0 0.0 210957000.0 1091.91 0.0 74131900000.0 36349.5 0.0 0.0 41224400.0 4996430000.0 3625.86 5223.15 0.0 5086870000.0 452823000.0 0.76 [0.76]
1479110000000000.0 124567000000000.0 18935900000.0 28260500.0 0.0 199187000.0 990.228 0.0 74097700000.0 33512.8 0.0 0.0 41114600.0 4977260000.0 3445.07 4962.08 0.0 5073620000.0 451663000.0 0.78 [0.78]
1479110000000000.0 120486000000000.0 18526400000.0 26746800.0 0.0 188210000.0 898.953 0.0 74064600000.0 30893.3 0.0 0.0 41008800.0 4958510000.0 3275.25 4714.43 0.0 5060870000.0 450547000.0 0.8 [0.8]
1479110000000000.0 116562000000000.0 18122600000.0 25316100.0 0.0 177959000.0 816.918 0.0 74032600000.0 28476.0 0.0 0.0 40906900.0 4940190000.0 3115.2 4479.52 0.0 5048610000.0 449474000.0 0.82 [0.82]
1479110000000000.0 112772000000000.0 17723100000.0 23959300.0 0.0 168359000.0 743.034 0.0 74001300000.0 26241.7 0.0 0.0 40808400.0 4922140000.0 2963.88 4256.54 0.0 5036780000.0 448438000.0 0.84 [0.84]
1479110000000000.0 109116000000000.0 17328600000.0 22674000.0 0.0 159356000.0 676.401 0.0 73971000000.0 24178.6 0.0 0.0 40713200.0 4904410000.0 2820.59 4044.9 0.0 5025370000.0 447440000.0 0.86 [0.86]
1479110000000000.0 105590000000000.0 16939000000.0 21455600.0 0.0 150897000.0 616.225 0.0 73941500000.0 22273.9 0.0 0.0 40621200.0 4886960000.0 2684.75 3844.0 0.0 5014370000.0 446477000.0 0.88 [0.88]
1479110000000000.0 102182000000000.0 16554000000.0 20299500.0 0.0 142946000.0 561.843 0.0 73912800000.0 20514.8 0.0 0.0 40532100.0 4869730000.0 2555.81 3653.21 0.0 5003750000.0 445547000.0 0.9 [0.9]
1479110000000000.0 98901900000000.0 16175100000.0 19205600.0 0.0 135467000.0 512.657 0.0 73885000000.0 18893.8 0.0 0.0 40446300.0 4852810000.0 2433.43 3472.13 0.0 4993530000.0 444653000.0 0.92 [0.92]
1479110000000000.0 95733100000000.0 15801100000.0 18167700.0 0.0 128416000.0 468.947 0.0 73858000000.0 17376.7 0.0 0.0 40363100.0 4836090000.0 2317.16 3300.15 0.0 4983660000.0 443789000.0 0.94 [0.94]
1479110000000000.0 92673400000000.0 15432200000.0 17183500.0 0.0 121772000.0 429.732 0.0 73831800000.0 15973.0 0.0 0.0 40282700.0 4819570000.0 2206.67 3136.81 0.0 4974140000.0 442956000.0 0.96 [0.96]
1479110000000000.0 89719200000000.0 15068600000.0 16249600.0 0.0 115498000.0 394.043 0.0 73806300000.0 14685.2 0.0 0.0 40204900.0 4803240000.0 2101.63 2981.67 0.0 4964950000.0 442152000.0 0.98 [0.98]
1479110000000000.0 86871400000000.0 14710900000.0 15364700.0 0.0 109577000.0 361.562 0.0 73781600000.0 13504.2 0.0 0.0 40129700.0 4787120000.0 2001.78 2834.32 0.0 4956090000.0 441378000.0 1.0 [1.0]
