Cloudy_runs/uks0242/z=0.06385/logZ=-1/component_II_PI_nH/component_II_PI_nH_col_density_param.txt
# %ECSV 1.0
# ---
# datatype:
# - {name: H, datatype: float64}
# - {name: H+, datatype: float64}
# - {name: C+, datatype: float64}
# - {name: C+2, datatype: float64}
# - {name: C+3, datatype: float64}
# - {name: N+, datatype: float64}
# - {name: N+2, datatype: float64}
# - {name: N+4, datatype: float64}
# - {name: O, datatype: float64}
# - {name: O+2, datatype: float64}
# - {name: O+5, datatype: float64}
# - {name: O+6, datatype: float64}
# - {name: P+, datatype: float64}
# - {name: Si+, datatype: float64}
# - {name: Si+2, datatype: float64}
# - {name: Si+3, datatype: float64}
# - {name: Si+4, datatype: float64}
# - {name: Fe+, datatype: float64}
# - {name: Al+, datatype: float64}
# - {name: log_nH, datatype: float64}
# - {name: parameters, datatype: string, subtype: 'float64[1]'}
# schema: astropy-2.0
H H+ C+ C+2 C+3 N+ N+2 N+4 O O+2 O+5 O+6 P+ Si+ Si+2 Si+3 Si+4 Fe+ Al+ log_nH parameters
[from data line 55]
1479110000000000.0 2.4371e+18 1582710000000.0 37605800000000.0 14857900000000.0 174079000000.0 7947300000000.0 1094700000000.0 410872000.0 34859100000000.0 1358550000000.0 163161000000.0 2850020000.0 57981700000.0 1264530000000.0 995081000000.0 3719710000000.0 199538000.0 3925640000.0 -3.9 [-3.9]
1479110000000000.0 2.3149e+18 1598720000000.0 36591400000000.0 13870500000000.0 178827000000.0 7789300000000.0 973428000000.0 460623000.0 34724500000000.0 1169640000000.0 134703000000.0 2968210000.0 60725600000.0 1307450000000.0 999446000000.0 3507380000000.0 224767000.0 4224250000.0 -3.88 [-3.88]
1479110000000000.0 2.19884e+18 1613350000000.0 35561700000000.0 12930000000000.0 183631000000.0 7625880000000.0 864332000000.0 516145000.0 34552600000000.0 1005480000000.0 111029000000.0 3082800000.0 63427600000.0 1347650000000.0 1000800000000.0 3296250000000.0 252833000.0 4536540000.0 -3.86 [-3.86]
1479110000000000.0 2.0886e+18 1626630000000.0 34521200000000.0 12036000000000.0 188496000000.0 7457630000000.0 766357000000.0 578050000.0 34343300000000.0 863041000000.0 91365600000.0 3193190000.0 66072600000.0 1384770000000.0 999106000000.0 3087600000000.0 284007000.0 4862220000.0 -3.84 [-3.84]
1479110000000000.0 1.9839e+18 1638600000000.0 33473600000000.0 11188100000000.0 193423000000.0 7285070000000.0 678515000000.0 647012000.0 34096700000000.0 739631000000.0 75059300000.0 3298820000.0 68646000000.0 1418490000000.0 994376000000.0 2882590000000.0 318586000.0 5200900000.0 -3.82 [-3.82]
1479110000000000.0 1.88445e+18 1649270000000.0 32422800000000.0 10385500000000.0 198417000000.0 7108760000000.0 599889000000.0 723762000.0 33812800000000.0 632864000000.0 61557900000.0 3399170000.0 71134200000.0 1448520000000.0 986651000000.0 2682290000000.0 356889000.0 5552080000.0 -3.8 [-3.8]
1479110000000000.0 1.79008e+18 1658540000000.0 31372800000000.0 9628550000000.0 203465000000.0 6929390000000.0 529718000000.0 808998000.0 33492400000000.0 540743000000.0 50407700000.0 3493320000.0 73515100000.0 1474540000000.0 976100000000.0 2487900000000.0 399196000.0 5914420000.0 -3.78 [-3.78]
1479110000000000.0 1.70036e+18 1666760000000.0 30325700000000.0 8913660000000.0 208604000000.0 6747200000000.0 467029000000.0 903769000.0 33135300000000.0 461185000000.0 41195700000.0 3581830000.0 75797300000.0 1496520000000.0 962662000000.0 2299910000000.0 445985000.0 6288680000.0 -3.76 [-3.76]
1479110000000000.0 1.61505e+18 1673940000000.0 29284200000000.0 8239740000000.0 213836000000.0 6562660000000.0 411115000000.0 1009050000.0 32741700000000.0 392591000000.0 33598700000.0 3664350000.0 77971700000.0 1514300000000.0 946470000000.0 2119090000000.0 497667000.0 6674200000.0 -3.74 [-3.74]
1479110000000000.0 1.53411e+18 1679880000000.0 28252600000000.0 7607730000000.0 219137000000.0 6376630000000.0 361466000000.0 1125620000.0 32313300000000.0 333699000000.0 27358300000.0 3739760000.0 80011800000.0 1527650000000.0 927885000000.0 1946450000000.0 554522000.0 7068490000.0 -3.72 [-3.72]
1479110000000000.0 1.45724e+18 1684740000000.0 27232700000000.0 7015040000000.0 224507000000.0 6189480000000.0 317388000000.0 1254660000.0 31850600000000.0 283150000000.0 22235700000.0 3808350000.0 81922000000.0 1536620000000.0 907011000000.0 1782300000000.0 617054000.0 7471320000.0 -3.7 [-3.7]
1479110000000000.0 1.38422e+18 1688590000000.0 26226700000000.0 6460160000000.0 229960000000.0 6001640000000.0 278315000000.0 1397360000.0 31354400000000.0 239835000000.0 18037900000.0 3869980000.0 83698700000.0 1541220000000.0 884065000000.0 1627010000000.0 685737000.0 7881650000.0 -3.68 [-3.68]
1479110000000000.0 1.31487e+18 1691460000000.0 25236600000000.0 5941520000000.0 235507000000.0 5813570000000.0 243732000000.0 1554980000.0 30825800000000.0 202781000000.0 14604500000.0 3924580000.0 85340700000.0 1541520000000.0 859278000000.0 1480820000000.0 761073000.0 8298310000.0 -3.66 [-3.66]
1479110000000000.0 1.24901e+18 1693400000000.0 24264000000000.0 5457550000000.0 241153000000.0 5625730000000.0 213172000000.0 1728850000.0 30266200000000.0 171140000000.0 11801600000.0 3972140000.0 86848100000.0 1537640000000.0 832896000000.0 1343850000000.0 843583000.0 8720060000.0 -3.64 [-3.64]
1479110000000000.0 1.18645e+18 1694450000000.0 23310500000000.0 5006620000000.0 246899000000.0 5438480000000.0 186205000000.0 1920410000.0 29676800000000.0 144167000000.0 9517780000.0 4012690000.0 88222800000.0 1529740000000.0 805163000000.0 1216110000000.0 933822000.0 9145560000.0 -3.62 [-3.62]
1479110000000000.0 1.12703e+18 1694650000000.0 22377400000000.0 4587170000000.0 252752000000.0 5252230000000.0 162446000000.0 2131190000.0 29059200000000.0 121216000000.0 7660590000.0 4046320000.0 89468800000.0 1518010000000.0 776328000000.0 1097520000000.0 1032370000.0 9573490000.0 -3.6 [-3.6]
1479110000000000.0 1.0706e+18 1694040000000.0 21465800000000.0 4197560000000.0 258714000000.0 5067370000000.0 141545000000.0 2362800000.0 28415200000000.0 101724000000.0 6153400000.0 4073150000.0 90591300000.0 1502680000000.0 746635000000.0 987878000000.0 1139820000.0 10002400000.0 -3.58 [-3.58]
1479110000000000.0 1.01698e+18 1692610000000.0 20576200000000.0 3836180000000.0 264786000000.0 4884120000000.0 123181000000.0 2617000000.0 27746100000000.0 85196700000.0 4932400000.0 4093220000.0 91595500000.0 1483980000000.0 716324000000.0 886917000000.0 1256850000.0 10430800000.0 -3.56 [-3.56]
1479110000000000.0 9.66078e+17 1690500000000.0 19710100000000.0 3501540000000.0 270978000000.0 4702990000000.0 107075000000.0 2895520000.0 27054500000000.0 71216900000.0 3945800000.0 4106950000.0 92490900000.0 1462240000000.0 685608000000.0 794356000000.0 1384040000.0 10857300000.0 -3.54 [-3.54]
1479110000000000.0 9.17734e+17 1687680000000.0 18867700000000.0 3192070000000.0 277290000000.0 4524170000000.0 92966300000.0 3200300000.0 26342200000000.0 59412200000.0 3150030000.0 4114430000.0 93284400000.0 1437710000000.0 654705000000.0 709795000000.0 1522090000.0 11280400000.0 -3.52 [-3.52]
1479110000000000.0 8.7182e+17 1684200000000.0 18049500000000.0 2906290000000.0 283722000000.0 4347920000000.0 80624600000.0 3533340000.0 25611100000000.0 49464000000.0 2509550000.0 4115880000.0 93984600000.0 1410680000000.0 623811000000.0 632822000000.0 1671690000.0 11698500000.0 -3.5 [-3.5]
1479110000000000.0 8.28216e+17 1680080000000.0 17255700000000.0 2642770000000.0 290278000000.0 4174520000000.0 69843400000.0 3896720000.0 24863400000000.0 41097400000.0 1995140000.0 4111560000.0 94600400000.0 1381460000000.0 593105000000.0 562997000000.0 1833540000.0 12110200000.0 -3.48 [-3.48]
1479110000000000.0 7.86905e+17 1675340000000.0 16488500000000.0 2400660000000.0 296951000000.0 4004580000000.0 60457000000.0 4291870000.0 24103700000000.0 34088800000.0 1583630000.0 4101700000.0 95135800000.0 1350420000000.0 562844000000.0 499975000000.0 2007970000.0 12512900000.0 -3.46 [-3.46]
1479110000000000.0 7.47475e+17 1670000000000.0 15742100000000.0 2176960000000.0 303753000000.0 3837000000000.0 52242000000.0 4723190000.0 23327400000000.0 28193900000.0 1253170000.0 4086540000.0 95614600000.0 1317530000000.0 532886000000.0 442945000000.0 2196800000.0 12908200000.0 -3.44 [-3.44]
1479110000000000.0 7.10123e+17 1664080000000.0 15022200000000.0 1972060000000.0 310670000000.0 3673250000000.0 45110400000.0 5190850000.0 22543600000000.0 23278200000.0 990073000.0 4066370000.0 96030500000.0 1283390000000.0 503639000000.0 391791000000.0 2399630000.0 13291500000.0 -3.42 [-3.42]
1479110000000000.0 6.74649e+17 1657610000000.0 14326800000000.0 1784150000000.0 317704000000.0 3513050000000.0 38911900000.0 5697950000.0 21752200000000.0 19178600000.0 780584000.0 4041450000.0 96397400000.0 1248140000000.0 475114000000.0 345941000000.0 2617530000.0 13662500000.0 -3.4 [-3.4]
1479110000000000.0 6.41004e+17 1650560000000.0 13656600000000.0 1612330000000.0 324841000000.0 3356730000000.0 33538100000.0 6246280000.0 20956800000000.0 15770600000.0 614311000.0 4011940000.0 96719500000.0 1212050000000.0 447469000000.0 304994000000.0 2850920000.0 14018900000.0 -3.38 [-3.38]
1479110000000000.0 6.09013e+17 1643060000000.0 13009800000000.0 1454960000000.0 332093000000.0 3204010000000.0 28871800000.0 6839420000.0 20157600000000.0 12937200000.0 482336000.0 3978440000.0 97011700000.0 1175330000000.0 420632000000.0 268439000000.0 3100870000.0 14361700000.0 -3.36 [-3.36]
1479110000000000.0 5.78653e+17 1635080000000.0 12387000000000.0 1311310000000.0 339444000000.0 3055250000000.0 24832300000.0 7479070000.0 19358200000000.0 10590500000.0 377982000.0 3941150000.0 97276100000.0 1138220000000.0 394741000000.0 235928000000.0 3367590000.0 14688700000.0 -3.34 [-3.34]
1479110000000000.0 5.49821e+17 1626550000000.0 11787700000000.0 1180370000000.0 346874000000.0 2910430000000.0 21338400000.0 8167700000.0 18560400000000.0 8650670000.0 295611000.0 3900020000.0 97518700000.0 1100860000000.0 369863000000.0 207068000000.0 3651830000.0 14997900000.0 -3.32 [-3.32]
1479110000000000.0 5.22426e+17 1617540000000.0 11210900000000.0 1061070000000.0 354378000000.0 2769530000000.0 18317400000.0 8908110000.0 17765800000000.0 7049790000.0 230700000.0 3855510000.0 97746700000.0 1063410000000.0 345981000000.0 181487000000.0 3954120000.0 15289300000.0 -3.3 [-3.3]
1479110000000000.0 4.96405e+17 1608020000000.0 10656600000000.0 952591000000.0 361936000000.0 2632630000000.0 15709300000.0 9702480000.0 16976800000000.0 5732160000.0 179677000.0 3807790000.0 97964400000.0 1026040000000.0 323144000000.0 158864000000.0 4274880000.0 15561400000.0 -3.28 [-3.28]
1479110000000000.0 4.71623e+17 1597970000000.0 10122700000000.0 853863000000.0 369528000000.0 2499400000000.0 13455300000.0 10554500000.0 16193100000000.0 4648090000.0 139583000.0 3756920000.0 98179700000.0 988757000000.0 301300000000.0 138855000000.0 4615170000.0 15813800000.0 -3.26 [-3.26]
1479110000000000.0 4.4816e+17 1587500000000.0 9611960000000.0 764582000000.0 377142000000.0 2370630000000.0 11518400000.0 11463300000.0 15421300000000.0 3762210000.0 108285000.0 3703600000.0 98387900000.0 951963000000.0 280569000000.0 121264000000.0 4973630000.0 16045100000.0 -3.24 [-3.24]
1479110000000000.0 4.25876e+17 1576550000000.0 9122190000000.0 683750000000.0 384751000000.0 2245930000000.0 9851360000.0 12432300000.0 14660800000000.0 3038170000.0 83842300.0 3647820000.0 98595800000.0 915617000000.0 260886000000.0 105787000000.0 5351170000.0 16255000000.0 -3.22 [-3.22]
1479110000000000.0 4.04773e+17 1565170000000.0 8654190000000.0 610840000000.0 392333000000.0 2125620000000.0 8420940000.0 13461300000.0 13915300000000.0 2448920000.0 64829400.0 3590000000.0 98801900000.0 879928000000.0 242289000000.0 92217600000.0 5746900000.0 16442600000.0 -3.2 [-3.2]
1479110000000000.0 3.84674e+17 1553300000000.0 8204740000000.0 544849000000.0 399851000000.0 2009040000000.0 7189110000.0 14555300000.0 13182200000000.0 1968470000.0 50007500.0 3530020000.0 99014800000.0 844749000000.0 224654000000.0 80288100000.0 6162380000.0 16608400000.0 -3.18 [-3.18]
1479110000000000.0 3.65586e+17 1540970000000.0 7774620000000.0 485362000000.0 407276000000.0 1896470000000.0 6131840000.0 15713900000.0 12465100000000.0 1578560000.0 38503500.0 3468240000.0 99231700000.0 810252000000.0 208015000000.0 69836900000.0 6596510000.0 16751400000.0 -3.16 [-3.16]
1479110000000000.0 3.4746e+17 1528180000000.0 7363270000000.0 431817000000.0 414572000000.0 1787920000000.0 5225260000.0 16937700000.0 11765300000000.0 1262900000.0 29593000.0 3404890000.0 99452600000.0 776500000000.0 192343000000.0 60692600000.0 7048820000.0 16871800000.0 -3.14 [-3.14]
1479110000000000.0 3.30246e+17 1514940000000.0 6970130000000.0 383691000000.0 421702000000.0 1683350000000.0 4448540000.0 18227000000.0 11084100000000.0 1007970000.0 22704600.0 3340150000.0 99677200000.0 743533000000.0 177610000000.0 52700900000.0 7518740000.0 16969200000.0 -3.12 [-3.12]
1479110000000000.0 3.13902e+17 1501260000000.0 6594690000000.0 340501000000.0 428625000000.0 1582730000000.0 3783750000.0 19581800000.0 10422600000000.0 802590000.0 17390400.0 3274240000.0 99903700000.0 711398000000.0 163785000000.0 45725300000.0 8005410000.0 17043900000.0 -3.1 [-3.1]
1479110000000000.0 2.98376e+17 1487130000000.0 6236230000000.0 301790000000.0 435296000000.0 1485990000000.0 3215120000.0 21001600000.0 9781550000000.0 637505000.0 13297400.0 3207270000.0 100133000000.0 680098000000.0 150834000000.0 39641300000.0 8508210000.0 17095700000.0 -3.08 [-3.08]
1479110000000000.0 2.83631e+17 1472550000000.0 5894260000000.0 267147000000.0 441670000000.0 1393110000000.0 2729220000.0 22485200000.0 9161980000000.0 505151000.0 10151200.0 3139450000.0 100361000000.0 649668000000.0 138722000000.0 34341000000.0 9026000000.0 17124900000.0 -3.06 [-3.06]
1479110000000000.0 2.69628e+17 1457540000000.0 5568230000000.0 236188000000.0 447701000000.0 1304060000000.0 2314390000.0 24030900000.0 8564620000000.0 399303000.0 7737240.0 3070940000.0 100587000000.0 620120000000.0 127414000000.0 29727800000.0 9557570000.0 17131800000.0 -3.04 [-3.04]
1479110000000000.0 2.56329e+17 1442100000000.0 5257560000000.0 208562000000.0 453339000000.0 1218780000000.0 1960540000.0 25636300000.0 7990100000000.0 314865000.0 5888410.0 3001910000.0 100808000000.0 591466000000.0 116873000000.0 25716200000.0 10101600000.0 17116900000.0 -3.02 [-3.02]
1479110000000000.0 2.43699e+17 1426240000000.0 4961740000000.0 183946000000.0 458535000000.0 1137230000000.0 1658990000.0 27298500000.0 7438960000000.0 247677000.0 4474870.0 2932510000.0 101020000000.0 563709000000.0 107063000000.0 22230900000.0 10656600000.0 17080700000.0 -3.0 [-3.0]
1479110000000000.0 2.31702e+17 1409960000000.0 4680170000000.0 162040000000.0 463238000000.0 1059360000000.0 1402240000.0 29013700000.0 6911530000000.0 194346000.0 3395830.0 2862840000.0 101222000000.0 536843000000.0 97948500000.0 19204900000.0 11221300000.0 17023400000.0 -2.98 [-2.98]
1479110000000000.0 2.20308e+17 1393280000000.0 4412370000000.0 142573000000.0 467401000000.0 985119000000.0 1183840000.0 30777800000.0 6408170000000.0 152127000.0 2573590.0 2793090000.0 101408000000.0 510874000000.0 89492800000.0 16580200000.0 11793700000.0 16946100000.0 -2.96 [-2.96]
1479110000000000.0 2.09488e+17 1376200000000.0 4157830000000.0 125299000000.0 470977000000.0 914470000000.0 998276000.0 32585900000.0 5929050000000.0 118790000.0 1948000.0 2723370000.0 101576000000.0 485796000000.0 81661300000.0 14305200000.0 12372300000.0 16849300000.0 -2.94 [-2.94]
1479110000000000.0 1.99209e+17 1358720000000.0 3915970000000.0 109992000000.0 473920000000.0 847342000000.0 840750000.0 34432500000.0 5474160000000.0 92531900.0 0.0 2653780000.0 101723000000.0 461594000000.0 74418600000.0 12334600000.0 12955400000.0 16733600000.0 -2.92 [-2.92]
1479110000000000.0 1.89446e+17 1340870000000.0 3686330000000.0 96445600000.0 476188000000.0 783684000000.0 707180000.0 36311900000.0 5043480000000.0 71903700.0 0.0 2584440000.0 101843000000.0 438262000000.0 67731100000.0 10628900000.0 13541300000.0 16599900000.0 -2.9 [-2.9]
1479110000000000.0 1.80173e+17 1322650000000.0 3468400000000.0 84473500000.0 477746000000.0 723433000000.0 594048000.0 38217600000.0 4636810000000.0 55739700.0 0.0 2515470000.0 101933000000.0 415786000000.0 61565600000.0 9153480000.0 14128100000.0 16449000000.0 -2.88 [-2.88]
1479110000000000.0 1.71363e+17 1304080000000.0 3261700000000.0 73906500000.0 478560000000.0 666525000000.0 498340000.0 40142900000.0 4253890000000.0 43106600.0 0.0 2446950000.0 101990000000.0 394154000000.0 55890000000.0 7878140000.0 14714300000.0 16281800000.0 -2.86 [-2.86]
1479110000000000.0 1.62994e+17 1285180000000.0 3065780000000.0 64591700000.0 478606000000.0 612890000000.0 417471000.0 42081000000.0 3894330000000.0 33258200.0 0.0 2379000000.0 102009000000.0 373353000000.0 50673000000.0 6776450000.0 15297900000.0 16099400000.0 -2.84 [-2.84]
