Cloudy_runs/1es1553/component_IV_PI_nH/component_IV_PI_nH_col_density_param.txt
# %ECSV 1.0
# ---
# datatype:
# - {name: H, datatype: float64}
# - {name: H+, datatype: float64}
# - {name: C+, datatype: float64}
# - {name: C+2, datatype: float64}
# - {name: C+3, datatype: float64}
# - {name: N+2, datatype: float64}
# - {name: N+4, datatype: float64}
# - {name: O, datatype: float64}
# - {name: O+2, datatype: float64}
# - {name: O+5, datatype: float64}
# - {name: O+6, datatype: float64}
# - {name: Si+, datatype: float64}
# - {name: Si+2, datatype: float64}
# - {name: Si+3, datatype: float64}
# - {name: Si+4, datatype: float64}
# - {name: log_nH, datatype: float64}
# - {name: log_Te, datatype: float64}
# - {name: parameters, datatype: string, subtype: 'float64[1]'}
# schema: astropy-2.0
H H+ C+ C+2 C+3 N+2 N+4 O O+2 O+5 O+6 Si+ Si+2 Si+3 Si+4 log_nH log_Te parameters
28840300000000.0 1.51464e+18 1142230000.0 212031000000.0 1022040000000.0 31919100000.0 1135000000000.0 4968.28 81097600000.0 16307500000000.0 34873700000000.0 495579.0 28999100.0 171696000.0 25543100000.0 -5.0 4.584 [-5.0]
28840300000000.0 1.43266e+18 1246350000.0 225386000000.0 1044830000000.0 34186300000.0 1130120000000.0 5563.57 87306000000.0 15699600000000.0 31898800000000.0 595391.0 34004000.0 194640000.0 27405900000.0 -4.98 4.579 [-4.98]
28840300000000.0 1.35543e+18 1358370000.0 239264000000.0 1066780000000.0 36581700000.0 1123640000000.0 6231.03 93893900000.0 15083100000000.0 29125900000000.0 713813.0 39803600.0 220281000.0 29360400000.0 -4.96 4.574 [-4.96]
28840300000000.0 1.28263e+18 1478780000.0 253667000000.0 1087850000000.0 39108800000.0 1115590000000.0 6979.21 100871000000.0 14460600000000.0 26546300000000.0 854025.0 46512500.0 248886000.0 31407300000.0 -4.94 4.569 [-4.94]
28840300000000.0 1.214e+18 1608080000.0 268595000000.0 1107990000000.0 41770500000.0 1105970000000.0 7817.45 108244000000.0 13834500000000.0 24151100000000.0 1019710.0 54260700.0 280746000.0 33546900000.0 -4.92 4.564 [-4.92]
28840300000000.0 1.14925e+18 1746780000.0 284047000000.0 1127160000000.0 44569500000.0 1094790000000.0 8756.12 116020000000.0 13207500000000.0 21931300000000.0 1215090.0 63194200.0 316173000.0 35779300000.0 -4.9 4.559 [-4.9]
28840300000000.0 1.08815e+18 1895380000.0 300019000000.0 1145310000000.0 47506600000.0 1082100000000.0 9806.16 124199000000.0 12581900000000.0 19878500000000.0 1445010.0 73476400.0 355502000.0 38103800000.0 -4.88 4.555 [-4.88]
28840300000000.0 1.03047e+18 2054540000.0 316512000000.0 1162410000000.0 50585100000.0 1067900000000.0 10981.8 132791000000.0 11960100000000.0 17983700000000.0 1715130.0 85294400.0 399091000.0 40519900000.0 -4.86 4.55 [-4.86]
28840300000000.0 9.75999e+17 2224630000.0 333509000000.0 1178410000000.0 53802100000.0 1052250000000.0 12294.7 141784000000.0 11344600000000.0 16238600000000.0 2031690.0 98850900.0 447324000.0 43025700000.0 -4.84 4.545 [-4.84]
28840300000000.0 9.24548e+17 2406390000.0 351010000000.0 1193280000000.0 57159600000.0 1035180000000.0 13762.5 151187000000.0 10737400000000.0 14634700000000.0 2402070.0 114380000.0 500607000.0 45619600000.0 -4.82 4.541 [-4.82]
28840300000000.0 8.75958e+17 2600580000.0 369011000000.0 1206990000000.0 60658400000.0 1016730000000.0 15404.8 161000000000.0 10140700000000.0 13164400000000.0 2834550.0 132137000.0 559349000.0 48298300000.0 -4.8 4.537 [-4.8]
28840300000000.0 8.30021e+17 2807500000.0 387487000000.0 1219510000000.0 64291500000.0 996971000000.0 17237.0 171204000000.0 9556340000000.0 11818700000000.0 3338500.0 152410000.0 624040000.0 51059600000.0 -4.78 4.532 [-4.78]
28840300000000.0 7.86581e+17 3027730000.0 406421000000.0 1230790000000.0 68054700000.0 975947000000.0 19279.8 181789000000.0 8986090000000.0 10590000000000.0 3924500.0 175516000.0 695168000.0 53899800000.0 -4.76 4.528 [-4.76]
28840300000000.0 7.45493e+17 3261890000.0 425795000000.0 1240820000000.0 71943600000.0 953727000000.0 21557.1 192745000000.0 8431550000000.0 9470520000000.0 4604580.0 201810000.0 773243000.0 56814600000.0 -4.74 4.524 [-4.74]
28840300000000.0 7.06619e+17 3510460000.0 445583000000.0 1249570000000.0 75950500000.0 930387000000.0 24093.5 204055000000.0 7894140000000.0 8452930000000.0 5392200.0 231680000.0 858812000.0 59799100000.0 -4.72 4.52 [-4.72]
28840300000000.0 6.69831e+17 3774000000.0 465758000000.0 1257000000000.0 80067900000.0 906006000000.0 26917.5 215704000000.0 7375090000000.0 7530030000000.0 6302490.0 265556000.0 952444000.0 62847800000.0 -4.7 4.515 [-4.7]
28840300000000.0 6.35008e+17 4053020000.0 486289000000.0 1263090000000.0 84286400000.0 880669000000.0 30060.3 227673000000.0 6875430000000.0 6694930000000.0 7352380.0 303911000.0 1054730000.0 65954200000.0 -4.68 4.511 [-4.68]
28840300000000.0 6.02042e+17 4348060000.0 507146000000.0 1267830000000.0 88596500000.0 854468000000.0 33557.9 239943000000.0 6396020000000.0 5941020000000.0 8560830.0 347264000.0 1166290000.0 69111300000.0 -4.66 4.507 [-4.66]
28840300000000.0 5.70821e+17 4659440000.0 528284000000.0 1271180000000.0 92984500000.0 827501000000.0 37446.9 252488000000.0 5937490000000.0 5261870000000.0 9948780.0 396182000.0 1287790000.0 72311800000.0 -4.64 4.503 [-4.64]
28840300000000.0 5.4125e+17 4987620000.0 549661000000.0 1273130000000.0 97438200000.0 799869000000.0 41771.3 265287000000.0 5500340000000.0 4651530000000.0 11539600.0 451286000.0 1419880000.0 75546900000.0 -4.62 4.499 [-4.62]
28840300000000.0 5.13231e+17 5332770000.0 571225000000.0 1273650000000.0 101942000000.0 771675000000.0 46576.8 278309000000.0 5084810000000.0 4104190000000.0 13358800.0 513248000.0 1563270000.0 78807900000.0 -4.6 4.495 [-4.6]
28840300000000.0 4.86687e+17 5695370000.0 592931000000.0 1272730000000.0 106482000000.0 743032000000.0 51920.2 291535000000.0 4691080000000.0 3614480000000.0 15435000.0 582803000.0 1718650000.0 82084700000.0 -4.58 4.491 [-4.58]
28840300000000.0 4.61534e+17 6075680000.0 614724000000.0 1270370000000.0 111043000000.0 714052000000.0 57861.7 304938000000.0 4319090000000.0 3177360000000.0 17799300.0 660740000.0 1886730000.0 85366600000.0 -4.56 4.487 [-4.56]
28840300000000.0 4.37698e+17 6473840000.0 636543000000.0 1266540000000.0 115608000000.0 684846000000.0 64469.4 318489000000.0 3968670000000.0 2788000000000.0 20486000.0 747917000.0 2068260000.0 88642800000.0 -4.54 4.484 [-4.54]
28840300000000.0 4.15108e+17 6890100000.0 658330000000.0 1261240000000.0 120162000000.0 655528000000.0 71822.0 332164000000.0 3639500000000.0 2441960000000.0 23532600.0 845256000.0 2263940000.0 91901200000.0 -4.52 4.48 [-4.52]
28840300000000.0 3.93696e+17 7324230000.0 680007000000.0 1254470000000.0 124683000000.0 626209000000.0 80001.8 345929000000.0 3331160000000.0 2135080000000.0 26979100.0 953731000.0 2474530000.0 95129300000.0 -4.5 4.476 [-4.5]
28840300000000.0 3.73406e+17 7776950000.0 701528000000.0 1246230000000.0 129162000000.0 597001000000.0 89118.0 359768000000.0 3043130000000.0 1863560000000.0 30870800.0 1074410000.0 2700660000.0 98313900000.0 -4.48 4.472 [-4.48]
28840300000000.0 3.54174e+17 8247630000.0 722803000000.0 1236520000000.0 133575000000.0 568010000000.0 99273.6 373645000000.0 2774780000000.0 1623780000000.0 35254600.0 1208410000.0 2943100000.0 101442000000.0 -4.46 4.468 [-4.46]
28840300000000.0 3.35941e+17 8736040000.0 743753000000.0 1225350000000.0 137906000000.0 539337000000.0 110593.0 387531000000.0 2525400000000.0 1412460000000.0 40181700.0 1356910000.0 3202530000.0 104499000000.0 -4.44 4.464 [-4.44]
28840300000000.0 3.18658e+17 9241890000.0 764298000000.0 1212730000000.0 142136000000.0 511080000000.0 123217.0 401397000000.0 2294260000000.0 1226630000000.0 45706700.0 1521170000.0 3479590000.0 107471000000.0 -4.42 4.46 [-4.42]
28840300000000.0 3.02274e+17 9765140000.0 784368000000.0 1198680000000.0 146253000000.0 483329000000.0 137313.0 415222000000.0 2080540000000.0 1063510000000.0 51889800.0 1702510000.0 3774860000.0 110344000000.0 -4.4 4.457 [-4.4]
28840300000000.0 2.86741e+17 10305100000.0 803871000000.0 1183210000000.0 150238000000.0 456167000000.0 153058.0 428973000000.0 1883390000000.0 920608000000.0 58793100.0 1902320000.0 4088910000.0 113102000000.0 -4.38 4.453 [-4.38]
28840300000000.0 2.72013e+17 10861700000.0 822740000000.0 1166360000000.0 154080000000.0 429664000000.0 170668.0 442633000000.0 1701920000000.0 795637000000.0 66486800.0 2122110000.0 4422270000.0 115732000000.0 -4.36 4.449 [-4.36]
28840300000000.0 2.58057e+17 11433200000.0 840854000000.0 1148180000000.0 157756000000.0 403911000000.0 190350.0 456155000000.0 1535400000000.0 686627000000.0 75031300.0 2363160000.0 4775170000.0 118217000000.0 -4.34 4.445 [-4.34]
28840300000000.0 2.44824e+17 12019800000.0 858164000000.0 1128680000000.0 161261000000.0 378946000000.0 212394.0 469532000000.0 1382820000000.0 591642000000.0 84510300.0 2627210000.0 5148080000.0 120543000000.0 -4.32 4.441 [-4.32]
28840300000000.0 2.32279e+17 12620500000.0 874575000000.0 1107930000000.0 164580000000.0 354829000000.0 237090.0 482731000000.0 1243360000000.0 509048000000.0 94998100.0 2915770000.0 5541150000.0 122696000000.0 -4.3 4.438 [-4.3]
28840300000000.0 2.20387e+17 13234500000.0 890013000000.0 1085960000000.0 167703000000.0 331602000000.0 264779.0 495731000000.0 1116150000000.0 437354000000.0 106576000.0 3230440000.0 5954410000.0 124662000000.0 -4.28 4.434 [-4.28]
28840300000000.0 2.09112e+17 13860100000.0 904381000000.0 1062850000000.0 170617000000.0 309300000000.0 295833.0 508499000000.0 1000370000000.0 375223000000.0 119326000.0 3572800000.0 6387910000.0 126426000000.0 -4.26 4.43 [-4.26]
28840300000000.0 1.98427e+17 14497300000.0 917637000000.0 1038660000000.0 173318000000.0 287949000000.0 330702.0 521021000000.0 895198000000.0 321479000000.0 133338000.0 3944520000.0 6841240000.0 127976000000.0 -4.24 4.427 [-4.24]
28840300000000.0 1.88295e+17 15143600000.0 929670000000.0 1013450000000.0 175793000000.0 267568000000.0 369850.0 533263000000.0 799852000000.0 275053000000.0 148694000.0 4347100000.0 7314240000.0 129300000000.0 -4.22 4.423 [-4.22]
28840300000000.0 1.78685e+17 15798200000.0 940432000000.0 987299000000.0 178037000000.0 248157000000.0 413854.0 545209000000.0 713545000000.0 234999000000.0 165494000.0 4782260000.0 7806440000.0 130384000000.0 -4.2 4.419 [-4.2]
28840300000000.0 1.69578e+17 16459200000.0 949853000000.0 960304000000.0 180044000000.0 229739000000.0 463294.0 556826000000.0 635638000000.0 200528000000.0 183809000.0 5251150000.0 8316760000.0 131220000000.0 -4.18 4.416 [-4.18]
28840300000000.0 1.60948e+17 17124900000.0 957880000000.0 932561000000.0 181809000000.0 212311000000.0 518858.0 568093000000.0 565445000000.0 170906000000.0 203725000.0 5755070000.0 8844190000.0 131797000000.0 -4.16 4.412 [-4.16]
28840300000000.0 1.52758e+17 17794800000.0 964473000000.0 904113000000.0 183331000000.0 195836000000.0 581411.0 579001000000.0 502219000000.0 145450000000.0 225361000.0 6295880000.0 9388060000.0 132106000000.0 -4.14 4.409 [-4.14]
28840300000000.0 1.44996e+17 18465800000.0 969582000000.0 875105000000.0 184605000000.0 180328000000.0 651751.0 589514000000.0 445458000000.0 123640000000.0 248767000.0 6874010000.0 9946400000.0 132141000000.0 -4.12 4.405 [-4.12]
28840300000000.0 1.37641e+17 19136300000.0 973177000000.0 845639000000.0 185630000000.0 165765000000.0 730852.0 599611000000.0 394590000000.0 104979000000.0 274013000.0 7490250000.0 10517500000.0 131897000000.0 -4.1 4.402 [-4.1]
28840300000000.0 1.30662e+17 19805100000.0 975236000000.0 815779000000.0 186407000000.0 152108000000.0 819905.0 609280000000.0 349025000000.0 89017200000.0 301203000.0 8145740000.0 11099700000.0 131369000000.0 -4.08 4.398 [-4.08]
28840300000000.0 1.24039e+17 20470200000.0 975742000000.0 785623000000.0 186935000000.0 139330000000.0 920183.0 618501000000.0 308276000000.0 75381600000.0 330406000.0 8840890000.0 11691000000.0 130552000000.0 -4.06 4.395 [-4.06]
28840300000000.0 1.17766e+17 21128400000.0 974694000000.0 755342000000.0 187216000000.0 127424000000.0 1032900.0 627241000000.0 271962000000.0 63770600000.0 361611000.0 9574650000.0 12288000000.0 129449000000.0 -4.04 4.391 [-4.04]
28840300000000.0 1.11813e+17 21779300000.0 972099000000.0 724972000000.0 187253000000.0 116335000000.0 1159820.0 635496000000.0 239587000000.0 53877000000.0 394925000.0 10347700000.0 12888600000.0 128059000000.0 -4.02 4.388 [-4.02]
28840300000000.0 1.06166e+17 22420500000.0 967972000000.0 694637000000.0 187048000000.0 106036000000.0 1302620.0 643242000000.0 210787000000.0 45463500000.0 430351000.0 11158900000.0 13489500000.0 126384000000.0 -4.0 4.384 [-4.0]
28840300000000.0 1.00809e+17 23049900000.0 962335000000.0 664438000000.0 186606000000.0 96491400000.0 1463280.0 650460000000.0 185206000000.0 38317300000.0 467898000.0 12006900000.0 14087400000.0 124430000000.0 -3.98 4.381 [-3.98]
28840300000000.0 9.5723e+16 23665900000.0 955210000000.0 634444000000.0 185928000000.0 87657200000.0 1644100.0 657135000000.0 162499000000.0 32250600000.0 507586000.0 12890200000.0 14679000000.0 122200000000.0 -3.96 4.378 [-3.96]
28840300000000.0 9.09053e+16 24265800000.0 946676000000.0 604825000000.0 185025000000.0 79517000000.0 1847170.0 663245000000.0 142421000000.0 27118600000.0 549287000.0 13805300000.0 15259800000.0 119712000000.0 -3.94 4.374 [-3.94]
28840300000000.0 8.63296e+16 24848800000.0 936748000000.0 575592000000.0 183898000000.0 72013000000.0 2075600.0 668778000000.0 124648000000.0 22771900000.0 593041000.0 14750300000.0 15826300000.0 116967000000.0 -3.92 4.371 [-3.92]
28840300000000.0 8.19872e+16 25412900000.0 925498000000.0 546853000000.0 182555000000.0 65114800000.0 2332310.0 673717000000.0 108951000000.0 19098000000.0 638735000.0 15721300000.0 16374300000.0 113981000000.0 -3.9 4.368 [-3.9]
28840300000000.0 7.78617e+16 25956800000.0 912974000000.0 518657000000.0 181000000000.0 58780100000.0 2620920.0 678045000000.0 95094400000.0 15993800000.0 686305000.0 16714500000.0 16899600000.0 110766000000.0 -3.88 4.364 [-3.88]
28840300000000.0 7.395e+16 26478900000.0 899289000000.0 491127000000.0 179247000000.0 52984800000.0 2944780.0 681750000000.0 82901900000.0 13379200000.0 735533000.0 17724000000.0 17397300000.0 107345000000.0 -3.86 4.361 [-3.86]
28840300000000.0 7.02364e+16 26977900000.0 884499000000.0 464299000000.0 177300000000.0 47687600000.0 3308300.0 684816000000.0 72177000000.0 11177300000.0 786291000.0 18744700000.0 17863500000.0 103734000000.0 -3.84 4.358 [-3.84]
28840300000000.0 6.67112e+16 27453000000.0 868695000000.0 438231000000.0 175169000000.0 42855200000.0 3716090.0 687231000000.0 62757200000.0 9325500000.0 838386000.0 19770600000.0 18293700000.0 99952600000.0 -3.82 4.354 [-3.82]
28840300000000.0 6.3364e+16 27903300000.0 851958000000.0 412966000000.0 172862000000.0 38454100000.0 4173370.0 688982000000.0 54493000000.0 7769830000.0 891607000.0 20794900000.0 18683700000.0 96023300000.0 -3.8 4.351 [-3.8]
28840300000000.0 6.01855e+16 28327800000.0 834376000000.0 388545000000.0 170388000000.0 34453100000.0 4685830.0 690057000000.0 47252800000.0 6464660000.0 945700000.0 21810400000.0 19029600000.0 91969300000.0 -3.78 4.348 [-3.78]
28840300000000.0 5.71673e+16 28726300000.0 816046000000.0 365004000000.0 167758000000.0 30822400000.0 5259790.0 690446000000.0 40918500000.0 5371130000.0 1000400000.0 22809700000.0 19327700000.0 87815300000.0 -3.76 4.344 [-3.76]
28840300000000.0 5.43009e+16 29098200000.0 797055000000.0 342365000000.0 164980000000.0 27533400000.0 5902230.0 690138000000.0 35383800000.0 4456080000.0 1055420000.0 23784900000.0 19574500000.0 83586500000.0 -3.74 4.341 [-3.74]
28840300000000.0 5.15822e+16 29443800000.0 777532000000.0 320676000000.0 162071000000.0 24562600000.0 6620090.0 689136000000.0 30560100000.0 3692300000.0 1110400000.0 24727900000.0 19767600000.0 79314500000.0 -3.72 4.338 [-3.72]
28840300000000.0 4.89933e+16 29762700000.0 757471000000.0 299868000000.0 159025000000.0 21874200000.0 7424000.0 687404000000.0 26346800000.0 3053440000.0 1165230000.0 25631400000.0 19903500000.0 75009200000.0 -3.7 4.334 [-3.7]
28840300000000.0 4.65377e+16 30055400000.0 737056000000.0 280026000000.0 155870000000.0 19454500000.0 8321090.0 684964000000.0 22685400000.0 2521780000.0 1219390000.0 26487000000.0 19981500000.0 70712800000.0 -3.68 4.331 [-3.68]
28840300000000.0 4.42052e+16 30321800000.0 716338000000.0 261123000000.0 152608000000.0 17277400000.0 9322260.0 681803000000.0 19503700000.0 2079380000.0 1272620000.0 27287200000.0 20000100000.0 66444900000.0 -3.66 4.328 [-3.66]
28840300000000.0 4.19929e+16 30562900000.0 695440000000.0 243178000000.0 149259000000.0 15324500000.0 10437400.0 677932000000.0 16746400000.0 1712260000.0 1324570000.0 28025200000.0 19959300000.0 62235800000.0 -3.64 4.324 [-3.64]
28840300000000.0 3.98884e+16 30779100000.0 674369000000.0 226131000000.0 145820000000.0 13570800000.0 11681000.0 673326000000.0 14353900000.0 1407280000.0 1375080000.0 28694700000.0 19858300000.0 58097500000.0 -3.62 4.321 [-3.62]
