Cloudy_runs/1es1553/component_IV_PI_nH/component_IV_PI_nH_col_density_param.txt
# %ECSV 1.0
# ---
# datatype:
# - {name: H, datatype: float64}
# - {name: H+, datatype: float64}
# - {name: C+, datatype: float64}
# - {name: C+2, datatype: float64}
# - {name: C+3, datatype: float64}
# - {name: N+2, datatype: float64}
# - {name: N+4, datatype: float64}
# - {name: O, datatype: float64}
# - {name: O+2, datatype: float64}
# - {name: O+5, datatype: float64}
# - {name: O+6, datatype: float64}
# - {name: Si+, datatype: float64}
# - {name: Si+2, datatype: float64}
# - {name: Si+3, datatype: float64}
# - {name: Si+4, datatype: float64}
# - {name: log_nH, datatype: float64}
# - {name: log_Te, datatype: float64}
# - {name: parameters, datatype: string, subtype: 'float64[1]'}
# schema: astropy-2.0
H H+ C+ C+2 C+3 N+2 N+4 O O+2 O+5 O+6 Si+ Si+2 Si+3 Si+4 log_nH log_Te parameters
[from data line 71]
28840300000000.0 3.59909e+16 31139800000.0 632112000000.0 194745000000.0 138735000000.0 10597700000.0 14604500.0 661955000000.0 10495900000.0 945795000.0 1470560000.0 29806100000.0 19481200000.0 50133900000.0 -3.58 4.314 [-3.58]
28840300000000.0 3.41874e+16 31285900000.0 611059000000.0 180364000000.0 135109000000.0 9345570000.0 16314400.0 655200000000.0 8953450000.0 773341000.0 1515070000.0 30239500000.0 19209000000.0 46345400000.0 -3.56 4.311 [-3.56]
28840300000000.0 3.24744e+16 31410400000.0 590138000000.0 166827000000.0 131441000000.0 8230090000.0 18212100.0 647744000000.0 7625060000.0 631202000.0 1557180000.0 30587200000.0 18884600000.0 42706300000.0 -3.54 4.308 [-3.54]
28840300000000.0 3.08472e+16 31514100000.0 569405000000.0 154106000000.0 127741000000.0 7237900000.0 20315700.0 639599000000.0 6482820000.0 514254000.0 1596750000.0 30847700000.0 18511600000.0 39229000000.0 -3.52 4.304 [-3.52]
28840300000000.0 2.93017e+16 31598000000.0 548908000000.0 142173000000.0 124019000000.0 6356780000.0 22645100.0 630778000000.0 5502240000.0 418199000.0 1633670000.0 31020200000.0 18093600000.0 35923400000.0 -3.5 4.301 [-3.5]
28840300000000.0 2.78313e+16 31663100000.0 528656000000.0 130980000000.0 120277000000.0 5574350000.0 25224800.0 621275000000.0 4660620000.0 339343000.0 1667990000.0 31104400000.0 17633800000.0 32792300000.0 -3.48 4.297 [-3.48]
28840300000000.0 2.64373e+16 31710500000.0 508764000000.0 120532000000.0 116539000000.0 4882850000.0 28071400.0 611160000000.0 3941760000.0 274919000.0 1699490000.0 31103600000.0 17139100000.0 29849400000.0 -3.46 4.294 [-3.46]
28840300000000.0 2.51132e+16 31740800000.0 489227000000.0 110779000000.0 112805000000.0 4271610000.0 31212200.0 600430000000.0 3327750000.0 222295000.0 1728280000.0 31019100000.0 16613100000.0 27092400000.0 -3.44 4.29 [-3.44]
28840300000000.0 2.38556e+16 31754900000.0 470077000000.0 101689000000.0 109084000000.0 3732130000.0 34673400.0 589111000000.0 2804240000.0 179393000.0 1754390000.0 30854100000.0 16060700000.0 24521200000.0 -3.42 4.287 [-3.42]
28840300000000.0 2.26611e+16 31753600000.0 451338000000.0 93229600000.0 105383000000.0 3256690000.0 38482800.0 577233000000.0 2358680000.0 144485000.0 1777920000.0 30612700000.0 15486700000.0 22133800000.0 -3.4 4.284 [-3.4]
28840300000000.0 2.15267e+16 31737800000.0 433032000000.0 85368300000.0 101709000000.0 2838320000.0 42669900.0 564825000000.0 1980170000.0 116137000.0 1798970000.0 30299400000.0 14895900000.0 19926700000.0 -3.38 4.28 [-3.38]
28840300000000.0 2.04492e+16 31708100000.0 415178000000.0 78073700000.0 98069700000.0 2470700000.0 47266000.0 551921000000.0 1659200000.0 93162000.0 1817670000.0 29919300000.0 14292900000.0 17894400000.0 -3.36 4.277 [-3.36]
28840300000000.0 1.94259e+16 31665200000.0 397790000000.0 71314600000.0 94470600000.0 2148140000.0 52304100.0 538559000000.0 1387560000.0 74580400.0 1834170000.0 29477800000.0 13682200000.0 16030500000.0 -3.34 4.273 [-3.34]
28840300000000.0 1.84541e+16 31610000000.0 380880000000.0 65060600000.0 90917500000.0 1865500000.0 57819000.0 524775000000.0 1158110000.0 59582800.0 1848630000.0 28980700000.0 13067900000.0 14327400000.0 -3.32 4.27 [-3.32]
28840300000000.0 1.75311e+16 31542800000.0 364455000000.0 59282000000.0 87415700000.0 1618200000.0 63847200.0 510611000000.0 964675000.0 47503200.0 1861230000.0 28433800000.0 12453900000.0 12776900000.0 -3.3 4.266 [-3.3]
28840300000000.0 1.66545e+16 31464300000.0 348522000000.0 53950000000.0 83970100000.0 1402110000.0 70427000.0 496107000000.0 801929000.0 37794400.0 1872140000.0 27842900000.0 11843700000.0 11370000000.0 -3.28 4.263 [-3.28]
28840300000000.0 1.58239e+16 31375600000.0 333120000000.0 49046500000.0 80592800000.0 1213890000.0 77587100.0 481347000000.0 665516000.0 30020500.0 1881480000.0 27216000000.0 11241800000.0 10099800000.0 -3.26 4.259 [-3.26]
28840300000000.0 1.50332e+16 31275900000.0 318177000000.0 44524900000.0 77271500000.0 1049510000.0 85389900.0 466295000000.0 550981000.0 23786200.0 1889580000.0 26554500000.0 10648200000.0 8952340000.0 -3.24 4.256 [-3.24]
28840300000000.0 1.42806e+16 31165600000.0 303693000000.0 40361600000.0 74009700000.0 906168000.0 93881400.0 450992000000.0 455042000.0 18799100.0 1896610000.0 25863500000.0 10065400000.0 7919030000.0 -3.22 4.252 [-3.22]
28840300000000.0 1.35675e+16 31046200000.0 289736000000.0 36549200000.0 70826100000.0 781822000.0 103080000.0 435567000000.0 375155000.0 14833300.0 1902590000.0 25152800000.0 9498370000.0 6994340000.0 -3.2 4.249 [-3.2]
28840300000000.0 1.28919e+16 30918000000.0 276301000000.0 33062500000.0 67722900000.0 674062000.0 113028000.0 420064000000.0 308755000.0 11685300.0 1907700000.0 24427300000.0 8948720000.0 6168870000.0 -3.18 4.245 [-3.18]
28840300000000.0 1.22488e+16 30780200000.0 263314000000.0 29864600000.0 64687100000.0 580409000.0 123801000.0 404446000000.0 253473000.0 9182350.0 1912210000.0 23687100000.0 8415180000.0 5431150000.0 -3.16 4.242 [-3.16]
28840300000000.0 1.16366e+16 30633100000.0 250773000000.0 26936100000.0 61720800000.0 499133000.0 135447000.0 388759000000.0 207564000.0 7197520.0 1916270000.0 22936300000.0 7899030000.0 4773490000.0 -3.14 4.238 [-3.14]
28840300000000.0 1.10581e+16 30478600000.0 238763000000.0 24274900000.0 58847000000.0 429096000.0 147960000.0 373167000000.0 169735000.0 5635570.0 1919800000.0 22185600000.0 7404920000.0 4191590000.0 -3.12 4.235 [-3.12]
28840300000000.0 1.05072e+16 30314700000.0 227179000000.0 21843900000.0 56044600000.0 368427000.0 161441000.0 357586000000.0 138442000.0 4401560.0 1923120000.0 21431300000.0 6929780000.0 3674850000.0 -3.1 4.231 [-3.1]
28840300000000.0 9982960000000000.0 30142100000.0 216021000000.0 19627000000.0 53315900000.0 315951000.0 175938000.0 342063000000.0 112629000.0 3429360.0 1926310000.0 20677100000.0 6474060000.0 3217040000.0 -3.08 4.228 [-3.08]
28840300000000.0 9486300000000000.0 29961800000.0 205331000000.0 17616700000.0 50673900000.0 270788000.0 191452000.0 326713000000.0 91462200.0 2667870.0 1929330000.0 19929800000.0 6040330000.0 2813590000.0 -3.06 4.224 [-3.06]
28840300000000.0 9014650000000000.0 29773200000.0 195072000000.0 15792100000.0 48112200000.0 231874000.0 208048000.0 311533000000.0 74108400.0 2071430.0 1932320000.0 19189500000.0 5627430000.0 2457960000.0 -3.04 4.221 [-3.04]
28840300000000.0 8566740000000000.0 29576400000.0 185232000000.0 14138600000.0 45630900000.0 198377000.0 225763000.0 296559000000.0 59913100.0 1605240.0 1935330000.0 18458600000.0 5235260000.0 2144990000.0 -3.02 4.218 [-3.02]
28840300000000.0 8141370000000000.0 29371600000.0 175801000000.0 12642000000.0 43229800000.0 169571000.0 244635000.0 281824000000.0 48328000.0 1241620.0 1938410000.0 17738700000.0 4863570000.0 1869970000.0 -3.0 4.214 [-3.0]
28840300000000.0 7738450000000000.0 29159500000.0 166791000000.0 11292400000.0 40914200000.0 144868000.0 264663000.0 267394000000.0 38911300.0 959062.0 1941510000.0 17033500000.0 4512860000.0 1629070000.0 -2.98 4.211 [-2.98]
28840300000000.0 7354730000000000.0 28938400000.0 158142000000.0 10071500000.0 38671700000.0 123614000.0 285939000.0 253223000000.0 31244300.0 739058.0 1944810000.0 16340000000.0 4180960000.0 1417510000.0 -2.96 4.207 [-2.96]
28840300000000.0 6990360000000000.0 28709600000.0 149868000000.0 8971370000.0 36508200000.0 105387000.0 308450000.0 239378000000.0 25030900.0 568514.0 1948220000.0 15661600000.0 3868230000.0 1232360000.0 -2.94 4.204 [-2.94]
28840300000000.0 6644320000000000.0 28472800000.0 141958000000.0 7981350000.0 34422600000.0 89766900.0 332213000.0 225881000000.0 20006800.0 436554.0 1951750000.0 14999100000.0 3574110000.0 1070490000.0 -2.92 4.201 [-2.92]
28840300000000.0 6315700000000000.0 28228100000.0 134400000000.0 7091710000.0 32414300000.0 76393500.0 357233000.0 212755000000.0 15954100.0 334648.0 1955380000.0 14353200000.0 3297960000.0 929131000.0 -2.9 4.197 [-2.9]
28840300000000.0 6003600000000000.0 27975600000.0 127183000000.0 6293430000.0 30482400000.0 64953200.0 383510000.0 200019000000.0 12692600.0 256102.0 1959080000.0 13724500000.0 3039140000.0 805820000.0 -2.88 4.194 [-2.88]
28840300000000.0 5707190000000000.0 27715300000.0 120295000000.0 5578110000.0 28625900000.0 55174300.0 411031000.0 187689000000.0 10074000.0 195671.0 1962830000.0 13113200000.0 2796960000.0 698352000.0 -2.86 4.191 [-2.86]
28840300000000.0 5425680000000000.0 27447200000.0 113724000000.0 4938050000.0 26843900000.0 46822900.0 439775000.0 175782000000.0 7976840.0 149262.0 1966580000.0 12519700000.0 2570730000.0 604782000.0 -2.84 4.188 [-2.84]
28840300000000.0 5158300000000000.0 27171400000.0 107460000000.0 4366130000.0 25135600000.0 39696400.0 469709000.0 164309000000.0 6301250.0 113687.0 1970290000.0 11944200000.0 2359720000.0 523384000.0 -2.82 4.184 [-2.82]
28840300000000.0 4904350000000000.0 26887900000.0 101492000000.0 3855830000.0 23499800000.0 33620500.0 500789000.0 153283000000.0 4965770.0 86461.8 1973900000.0 11386700000.0 2163230000.0 452636000.0 -2.8 4.181 [-2.8]
28840300000000.0 4662550000000000.0 26596200000.0 95794400000.0 3400210000.0 21932100000.0 28435300.0 533006000.0 142688000000.0 3902250.0 65628.9 1977390000.0 10845700000.0 1980110000.0 391086000.0 -2.78 4.178 [-2.78]
28840300000000.0 4433480000000000.0 26297800000.0 90386400000.0 2995710000.0 20438600000.0 24031800.0 566199000.0 132577000000.0 3060520.0 49773.6 1980610000.0 10324200000.0 1810550000.0 337781000.0 -2.76 4.175 [-2.76]
28840300000000.0 4216460000000000.0 25993100000.0 85255500000.0 2637000000.0 19017900000.0 20294300.0 600285000.0 122953000000.0 2395670.0 0.0 1983490000.0 9821990000.0 1653750000.0 291640000.0 -2.74 4.172 [-2.74]
28840300000000.0 4009770000000000.0 25680300000.0 80364500000.0 2317950000.0 17662300000.0 17112500.0 635269000.0 113773000000.0 1869940.0 0.0 1986050000.0 9335960000.0 1508260000.0 251577000.0 -2.72 4.169 [-2.72]
28840300000000.0 3813420000000000.0 25360600000.0 75717200000.0 2035210000.0 16374100000.0 14412300.0 671003000.0 105060000000.0 1456090.0 0.0 1988170000.0 8867360000.0 1373820000.0 216886000.0 -2.7 4.166 [-2.7]
28840300000000.0 3626910000000000.0 25034100000.0 71303800000.0 1784970000.0 15152100000.0 12123200.0 707374000.0 96812100000.0 1131150.0 0.0 1989780000.0 8415920000.0 1249780000.0 186866000.0 -2.68 4.163 [-2.68]
28840300000000.0 3449720000000000.0 24700900000.0 67114900000.0 1563780000.0 13995000000.0 10184600.0 744262000.0 89025000000.0 876639.0 0.0 1990810000.0 7981390000.0 1135490000.0 160905000.0 -2.66 4.16 [-2.66]
28840300000000.0 3281380000000000.0 24361400000.0 63141300000.0 1368530000.0 12901700000.0 8544790.0 781538000.0 81692900000.0 677810.0 0.0 1991160000.0 7563480000.0 1030360000.0 138470000.0 -2.64 4.157 [-2.64]
28840300000000.0 3121460000000000.0 24015700000.0 59373900000.0 1196390000.0 11870800000.0 7159340.0 819069000.0 74808300000.0 522868.0 0.0 1990770000.0 7161880000.0 933789000.0 119094000.0 -2.62 4.154 [-2.62]
28840300000000.0 2969510000000000.0 23664000000.0 55803800000.0 1044800000.0 10900800000.0 5990220.0 856718000.0 68361200000.0 402423.0 0.0 1989580000.0 6776220000.0 845219000.0 102369000.0 -2.6 4.151 [-2.6]
28840300000000.0 2824760000000000.0 23305700000.0 52413700000.0 911225000.0 9988320000.0 5003180.0 894401000.0 62328500000.0 308883.0 0.0 1987510000.0 6405180000.0 763917000.0 87916400.0 -2.58 4.148 [-2.58]
28840300000000.0 2687600000000000.0 22943100000.0 49213900000.0 794161000.0 9135720000.0 4174270.0 931869000.0 56723300000.0 236679.0 0.0 1984470000.0 6050520000.0 689762000.0 75483000.0 -2.56 4.145 [-2.56]
28840300000000.0 2557280000000000.0 22575400000.0 46186700000.0 691458000.0 8339210000.0 3477640.0 969039000.0 51518300000.0 180967.0 0.0 1980410000.0 5710810000.0 622054000.0 64771000.0 -2.54 4.142 [-2.54]
28840300000000.0 2433430000000000.0 22203000000.0 43324600000.0 601456000.0 7596940000.0 2893020.0 1005780000.0 46698300000.0 138081.0 0.0 1975270000.0 5385700000.0 560323000.0 55547500.0 -2.52 4.139 [-2.52]
28840300000000.0 2315740000000000.0 21826300000.0 40619900000.0 522676000.0 6907000000.0 2403130.0 1041960000.0 42247000000.0 105147.0 0.0 1969010000.0 5074840000.0 504124000.0 47610400.0 -2.5 4.137 [-2.5]
28840300000000.0 2203890000000000.0 21445600000.0 38065500000.0 453796000.0 6267350000.0 1993250.0 1077470000.0 38147600000.0 79911.8 0.0 1961560000.0 4777850000.0 453036000.0 40784200.0 -2.48 4.134 [-2.48]
28840300000000.0 2097900000000000.0 21062300000.0 35661400000.0 393771000.0 5677200000.0 1651500.0 1112140000.0 34390500000.0 60652.5 0.0 1952890000.0 4495250000.0 406776000.0 34928900.0 -2.46 4.131 [-2.46]
28840300000000.0 1996870000000000.0 20674800000.0 33386500000.0 341275000.0 5131630000.0 1365830.0 1145980000.0 30940700000.0 45928.8 0.0 1942960000.0 4224910000.0 364732000.0 29887600.0 -2.44 4.129 [-2.44]
28840300000000.0 1900830000000000.0 20284300000.0 31241700000.0 295524000.0 4629800000.0 1127940.0 1178850000.0 27788700000.0 34720.2 0.0 1931750000.0 3967360000.0 326675000.0 25559700.0 -2.42 4.126 [-2.42]
28840300000000.0 1809260000000000.0 19890200000.0 29214400000.0 255605000.0 4168360000.0 929782.0 1210710000.0 24909700000.0 26190.1 0.0 1919190000.0 3721460000.0 292188000.0 21838700.0 -2.4 4.123 [-2.4]
28840300000000.0 1722500000000000.0 19495200000.0 27311300000.0 220975000.0 3747170000.0 765686.0 1241410000.0 22298700000.0 19736.7 0.0 1905340000.0 3488420000.0 261148000.0 18655700.0 -2.38 4.121 [-2.38]
28840300000000.0 1640020000000000.0 19098700000.0 25520000000.0 190888000.0 3362740000.0 629697.0 1270940000.0 19930600000.0 14852.3 0.0 1890150000.0 3267080000.0 233168000.0 15928100.0 -2.36 4.118 [-2.36]
28840300000000.0 1561610000000000.0 18701100000.0 23835000000.0 164772000.0 3012760000.0 517184.0 1299260000.0 17787800000.0 11162.1 0.0 1873640000.0 3057060000.0 207981000.0 13592100.0 -2.34 4.116 [-2.34]
28840300000000.0 1487070000000000.0 18302700000.0 22250900000.0 142125000.0 2694920000.0 424236.0 1326340000.0 15853300000.0 0.0 0.0 1855810000.0 2857990000.0 185339000.0 11592600.0 -2.32 4.113 [-2.32]
28840300000000.0 1416180000000000.0 17904000000.0 20762400000.0 122503000.0 2406920000.0 347567.0 1352170000.0 14110300000.0 0.0 0.0 1836680000.0 2669490000.0 165010000.0 9882190.0 -2.3 4.111 [-2.3]
28840300000000.0 1348800000000000.0 17505500000.0 19364900000.0 105520000.0 2146610000.0 284426.0 1376730000.0 12543300000.0 0.0 0.0 1816270000.0 2491250000.0 146782000.0 8420080.0 -2.28 4.108 [-2.28]
28840300000000.0 1284730000000000.0 17107600000.0 18053400000.0 90831700.0 1911830000.0 232499.0 1400040000.0 11137200000.0 0.0 0.0 1794630000.0 2322850000.0 130458000.0 7170860.0 -2.26 4.106 [-2.26]
28840300000000.0 1223800000000000.0 16710800000.0 16823300000.0 78139500.0 1700530000.0 189853.0 1422090000.0 9877840000.0 0.0 0.0 1771780000.0 2163950000.0 115857000.0 6104180.0 -2.24 4.104 [-2.24]
28840300000000.0 1165860000000000.0 16315400000.0 15670200000.0 67180900.0 1510740000.0 154877.0 1442900000.0 8751810000.0 0.0 0.0 1747780000.0 2014170000.0 102811000.0 5193880.0 -2.22 4.101 [-2.22]
28840300000000.0 1110760000000000.0 15922000000.0 14590100000.0 57726400.0 1340600000.0 126227.0 1462510000.0 7746680000.0 0.0 0.0 1722680000.0 1873160000.0 91167900.0 4417480.0 -2.2 4.099 [-2.2]
28840300000000.0 1058360000000000.0 15530900000.0 13578800000.0 49576200.0 1188370000.0 102789.0 1480950000.0 6850870000.0 0.0 0.0 1696550000.0 1740550000.0 80788900.0 3755660.0 -2.18 4.097 [-2.18]
28840300000000.0 1008750000000000.0 15144300000.0 12636600000.0 42577500.0 1052800000.0 83687.5 1498200000.0 6056040000.0 0.0 0.0 1669550000.0 1616560000.0 71577800.0 3193550.0 -2.16 4.094 [-2.16]
28840300000000.0 961349000000000.0 14759100000.0 11751500000.0 36531100.0 931503000.0 68045.7 1514380000.0 5347340000.0 0.0 0.0 1641540000.0 1499670000.0 63352200.0 2713230.0 -2.14 4.092 [-2.14]
