Cloudy_runs/1es1553/component_IV_PI_nH/component_IV_PI_nH_col_density_param.txt
# %ECSV 1.0
# ---
# datatype:
# - {name: H, datatype: float64}
# - {name: H+, datatype: float64}
# - {name: C+, datatype: float64}
# - {name: C+2, datatype: float64}
# - {name: C+3, datatype: float64}
# - {name: N+2, datatype: float64}
# - {name: N+4, datatype: float64}
# - {name: O, datatype: float64}
# - {name: O+2, datatype: float64}
# - {name: O+5, datatype: float64}
# - {name: O+6, datatype: float64}
# - {name: Si+, datatype: float64}
# - {name: Si+2, datatype: float64}
# - {name: Si+3, datatype: float64}
# - {name: Si+4, datatype: float64}
# - {name: log_nH, datatype: float64}
# - {name: log_Te, datatype: float64}
# - {name: parameters, datatype: string, subtype: 'float64[1]'}
# schema: astropy-2.0
H H+ C+ C+2 C+3 N+2 N+4 O O+2 O+5 O+6 Si+ Si+2 Si+3 Si+4 log_nH log_Te parameters
[from data line 145]
28840300000000.0 873375000000000.0 13999600000.0 10151600000.0 26858100.0 727461000.0 44899.7 1543590000.0 4160630000.0 0.0 0.0 1583120000.0 1287580000.0 49549400.0 1956710.0 -2.1 4.088 [-2.1]
28840300000000.0 832579000000000.0 13626100000.0 9430210000.0 23016100.0 642185000.0 36441.8 1556710000.0 3666780000.0 0.0 0.0 1552870000.0 1191700000.0 43789700.0 1661050.0 -2.08 4.085 [-2.08]
28840300000000.0 793771000000000.0 13257200000.0 8757120000.0 19717200.0 566558000.0 29563.1 1568900000.0 3229900000.0 0.0 0.0 1522020000.0 1102150000.0 38683900.0 1409780.0 -2.06 4.083 [-2.06]
28840300000000.0 756851000000000.0 12893200000.0 8129450000.0 16886000.0 499564000.0 23973.0 1580210000.0 2843770000.0 0.0 0.0 1490660000.0 1018610000.0 34161200.0 1196320.0 -2.04 4.081 [-2.04]
28840300000000.0 721727000000000.0 12534400000.0 7544430000.0 14457600.0 440279000.0 19433.0 1590670000.0 2502790000.0 0.0 0.0 1458880000.0 940762000.0 30157800.0 1015060.0 -2.02 4.079 [-2.02]
28840300000000.0 688111000000000.0 12178900000.0 6996310000.0 12366900.0 387660000.0 15735.6 1600370000.0 2200770000.0 0.0 0.0 1426580000.0 867845000.0 26601100.0 860571.0 -2.0 4.077 [-2.0]
28840300000000.0 656509000000000.0 11833500000.0 6492030000.0 10591300.0 341569000.0 12758.9 1609260000.0 1936620000.0 0.0 0.0 1394370000.0 800891000.0 23485900.0 730626.0 -1.98 4.075 [-1.98]
28840300000000.0 626063000000000.0 11489700000.0 6016920000.0 9056190.0 300537000.0 10326.5 1617490000.0 1701910000.0 0.0 0.0 1361610000.0 737881000.0 20707200.0 619380.0 -1.96 4.073 [-1.96]
28840300000000.0 597274000000000.0 11154200000.0 5577830000.0 7748260.0 264514000.0 8363.66 1625040000.0 1496130000.0 0.0 0.0 1328940000.0 679801000.0 18265800.0 525497.0 -1.94 4.071 [-1.94]
28840300000000.0 569879000000000.0 10825200000.0 5169610000.0 6628710.0 232763000.0 6773.38 1631950000.0 1315010000.0 0.0 0.0 1296250000.0 625957000.0 16111000.0 445893.0 -1.92 4.068 [-1.92]
28840300000000.0 543809000000000.0 10502800000.0 4790290000.0 5670710.0 204794000.0 5485.38 1638280000.0 1155670000.0 0.0 0.0 1263610000.0 576089000.0 14209800.0 378409.0 -1.9 4.066 [-1.9]
28840300000000.0 519231000000000.0 10190200000.0 4441220000.0 4856540.0 180322000.0 4447.98 1644030000.0 1016390000.0 0.0 0.0 1231380000.0 530402000.0 12544500.0 321581.0 -1.88 4.064 [-1.88]
28840300000000.0 495397000000000.0 9878510000.0 4111040000.0 4150500.0 158506000.0 3598.28 1649300000.0 892393000.0 0.0 0.0 1198740000.0 487346000.0 11055400.0 272753.0 -1.86 4.062 [-1.86]
28840300000000.0 472932000000000.0 9576850000.0 3807610000.0 3551290.0 139446000.0 2914.9 1654060000.0 784163000.0 0.0 0.0 1166650000.0 447990000.0 9752750.0 231680.0 -1.84 4.06 [-1.84]
28840300000000.0 451548000000000.0 9282240000.0 3526130000.0 3038960.0 122683000.0 2361.71 1658370000.0 689071000.0 0.0 0.0 1134860000.0 411662000.0 8604710.0 196865.0 -1.82 4.059 [-1.82]
28840300000000.0 431192000000000.0 8994760000.0 3265100000.0 2600960.0 107943000.0 1913.92 1662250000.0 605542000.0 0.0 0.0 1103450000.0 378157000.0 7593120.0 167353.0 -1.8 4.057 [-1.8]
28840300000000.0 411812000000000.0 8714450000.0 3023130000.0 2226530.0 94984500.0 1551.45 1665740000.0 532182000.0 0.0 0.0 1072450000.0 347279000.0 6701850.0 142333.0 -1.78 4.055 [-1.78]
28840300000000.0 393362000000000.0 8441350000.0 2798900000.0 1906470.0 83594700.0 1258.01 1668840000.0 467762000.0 0.0 0.0 1041910000.0 318841000.0 5916660.0 121118.0 -1.76 4.053 [-1.76]
28840300000000.0 375930000000000.0 8177530000.0 2592730000.0 1634310.0 73633400.0 1021.42 1671600000.0 411470000.0 0.0 0.0 1012100000.0 292870000.0 5228590.0 103219.0 -1.74 4.051 [-1.74]
28840300000000.0 359201000000000.0 7918900000.0 2400310000.0 1400260.0 64831400.0 828.863 1674020000.0 361782000.0 0.0 0.0 982599000.0 268788000.0 4618870.0 87944.0 -1.72 4.049 [-1.72]
28840300000000.0 343272000000000.0 7667450000.0 2222150000.0 1200170.0 57095900.0 672.894 1676140000.0 318156000.0 0.0 0.0 953671000.0 246650000.0 4081690.0 74981.4 -1.7 4.047 [-1.7]
28840300000000.0 327945000000000.0 7420610000.0 2055580000.0 1027870.0 50252400.0 545.814 1677970000.0 279603000.0 0.0 0.0 925046000.0 226101000.0 3605030.0 63900.6 -1.68 4.045 [-1.68]
28840300000000.0 313501000000000.0 7183440000.0 1903070000.0 881703.0 44281400.0 443.52 1679530000.0 245995000.0 0.0 0.0 897335000.0 207434000.0 3188240.0 54564.0 -1.66 4.044 [-1.66]
28840300000000.0 299792000000000.0 6954150000.0 1762460000.0 756986.0 39044900.0 360.753 1680830000.0 216551000.0 0.0 0.0 870367000.0 190358000.0 2821770.0 46649.4 -1.64 4.042 [-1.64]
28840300000000.0 286789000000000.0 6732770000.0 1632910000.0 650555.0 34452800.0 0.0 1681900000.0 190755000.0 0.0 0.0 844159000.0 174762000.0 2499540.0 39938.7 -1.62 4.04 [-1.62]
28840300000000.0 274303000000000.0 6516520000.0 1512150000.0 558929.0 30392900.0 0.0 1682730000.0 167977000.0 0.0 0.0 818422000.0 160337000.0 2213760.0 34195.8 -1.6 4.038 [-1.6]
28840300000000.0 262311000000000.0 6305330000.0 1399590000.0 480059.0 26803800.0 0.0 1683350000.0 147866000.0 0.0 0.0 793161000.0 147000000.0 1960310.0 29280.4 -1.58 4.036 [-1.58]
28840300000000.0 251076000000000.0 6104320000.0 1297240000.0 413322.0 23681700.0 0.0 1683780000.0 130389000.0 0.0 0.0 768995000.0 134991000.0 1739280.0 25144.0 -1.56 4.035 [-1.56]
28840300000000.0 240278000000000.0 5908130000.0 1201800000.0 355779.0 20918200.0 0.0 1684020000.0 114940000.0 0.0 0.0 745315000.0 123884000.0 1542990.0 21595.0 -1.54 4.033 [-1.54]
28840300000000.0 229989000000000.0 5718390000.0 1113580000.0 306461.0 18485900.0 0.0 1684070000.0 101362000.0 0.0 0.0 722328000.0 113709000.0 1369670.0 18567.6 -1.52 4.031 [-1.52]
28840300000000.0 220091000000000.0 5533260000.0 1031300000.0 263913.0 16332100.0 0.0 1683950000.0 89356600.0 0.0 0.0 699827000.0 104300000.0 1215670.0 15967.0 -1.5 4.03 [-1.5]
28840300000000.0 210836000000000.0 5357760000.0 956662000.0 227894.0 14458600.0 0.0 1683690000.0 78925500.0 0.0 0.0 678421000.0 95854600.0 1081300.0 13774.4 -1.48 4.028 [-1.48]
28840300000000.0 201839000000000.0 5184890000.0 886337000.0 196554.0 12786800.0 0.0 1683260000.0 69635300.0 0.0 0.0 657290000.0 87959000.0 960956.0 11873.2 -1.46 4.026 [-1.46]
28840300000000.0 193432000000000.0 5021310000.0 822611000.0 170010.0 11332500.0 0.0 1682700000.0 61563400.0 0.0 0.0 637237000.0 80881500.0 855917.0 10268.4 -1.44 4.025 [-1.44]
28840300000000.0 185283000000000.0 4860790000.0 762742000.0 146934.0 10036100.0 0.0 1681990000.0 54383400.0 0.0 0.0 617530000.0 74283300.0 761935.0 8876.86 -1.42 4.023 [-1.42]
28840300000000.0 177530000000000.0 4706260000.0 707529000.0 127128.0 8894620.0 0.0 1681150000.0 48070900.0 0.0 0.0 598515000.0 68263000.0 678866.0 7685.82 -1.4 4.021 [-1.4]
28840300000000.0 170167000000000.0 4557830000.0 656709000.0 110138.0 7890090.0 0.0 1680190000.0 42526300.0 0.0 0.0 580226000.0 62773100.0 605489.0 6666.11 -1.38 4.02 [-1.38]
28840300000000.0 163145000000000.0 4414720000.0 609730000.0 95509.2 7003190.0 0.0 1679120000.0 37640400.0 0.0 0.0 562569000.0 57745900.0 540448.0 5789.52 -1.36 4.018 [-1.36]
28840300000000.0 156446000000000.0 4276760000.0 566294000.0 82903.2 6219760.0 0.0 1677940000.0 33333300.0 0.0 0.0 545529000.0 53142100.0 482763.0 5035.11 -1.34 4.016 [-1.34]
28840300000000.0 150055000000000.0 4143800000.0 526131000.0 72032.1 5527380.0 0.0 1676650000.0 29534800.0 0.0 0.0 529093000.0 48925400.0 431569.0 4385.09 -1.32 4.015 [-1.32]
28840300000000.0 143986000000000.0 4016310000.0 489159000.0 62678.8 4916920.0 0.0 1675260000.0 26193000.0 0.0 0.0 513324000.0 45080100.0 386241.0 3826.03 -1.3 4.013 [-1.3]
28840300000000.0 138137000000000.0 3892270000.0 454630000.0 54545.9 4373490.0 0.0 1673770000.0 23225100.0 0.0 0.0 497973000.0 41523700.0 345712.0 3340.08 -1.28 4.012 [-1.28]
28840300000000.0 132610000000000.0 3774000000.0 422998000.0 47562.2 3895450.0 0.0 1672200000.0 20620500.0 0.0 0.0 483333000.0 38295000.0 309900.0 2922.54 -1.26 4.01 [-1.26]
28840300000000.0 127306000000000.0 3659510000.0 393578000.0 41497.9 3470650.0 0.0 1670540000.0 18311600.0 0.0 0.0 469159000.0 35321000.0 277931.0 2559.78 -1.24 4.009 [-1.24]
28840300000000.0 122243000000000.0 3549280000.0 366350000.0 36246.1 3094200.0 0.0 1668790000.0 16270800.0 0.0 0.0 455512000.0 32594300.0 249465.0 2245.3 -1.22 4.007 [-1.22]
28840300000000.0 117408000000000.0 3443150000.0 341142000.0 31693.7 2760380.0 0.0 1666960000.0 14465800.0 0.0 0.0 442376000.0 30093300.0 224102.0 1972.29 -1.2 4.006 [-1.2]
28840300000000.0 112790000000000.0 3340980000.0 317799000.0 27744.0 2464200.0 0.0 1665060000.0 12868800.0 0.0 0.0 429733000.0 27798800.0 201486.0 1735.0 -1.18 4.004 [-1.18]
28840300000000.0 108366000000000.0 3242350000.0 296119000.0 24307.8 2200830.0 0.0 1663080000.0 11452500.0 0.0 0.0 417534000.0 25687500.0 181273.0 1528.13 -1.16 4.003 [-1.16]
28840300000000.0 104163000000000.0 3147970000.0 276146000.0 21332.1 1967690.0 0.0 1661040000.0 10202600.0 0.0 0.0 405867000.0 23759700.0 163287.0 1348.49 -1.14 4.001 [-1.14]
28840300000000.0 100135000000000.0 3056850000.0 257580000.0 18737.4 1760070.0 0.0 1658940000.0 9092780.0 0.0 0.0 394611000.0 21984000.0 147184.0 1191.42 -1.12 4.0 [-1.12]
28840300000000.0 96285400000000.0 2969140000.0 240367000.0 16477.2 1575400.0 0.0 1656770000.0 8108660.0 0.0 0.0 383787000.0 20352400.0 132783.0 1054.16 -1.1 3.998 [-1.1]
28840300000000.0 92604900000000.0 2884730000.0 224404000.0 14506.5 1411050.0 0.0 1654550000.0 7235540.0 0.0 0.0 373377000.0 18852600.0 119894.0 934.052 -1.08 3.997 [-1.08]
28840300000000.0 89085700000000.0 2803480000.0 209595000.0 12786.4 1264680.0 0.0 1652270000.0 6460450.0 0.0 0.0 363369000.0 17473400.0 108349.0 828.813 -1.06 3.995 [-1.06]
28840300000000.0 85720200000000.0 2725280000.0 195851000.0 11283.4 1134240.0 0.0 1649950000.0 5772020.0 0.0 0.0 353746000.0 16204600.0 98000.8 736.476 -1.04 3.994 [-1.04]
28840300000000.0 82500900000000.0 2650000000.0 183091000.0 9968.84 1017930.0 0.0 1647570000.0 5160200.0 0.0 0.0 344496000.0 15036900.0 88717.6 655.351 -1.02 3.992 [-1.02]
28840300000000.0 79420900000000.0 2577540000.0 171241000.0 8817.73 914152.0 0.0 1645150000.0 4616150.0 0.0 0.0 335603000.0 13961500.0 80383.2 583.979 -1.0 3.991 [-1.0]
28840300000000.0 76473500000000.0 2507790000.0 160231000.0 7808.71 821486.0 0.0 1642690000.0 4132070.0 0.0 0.0 327054000.0 12970900.0 72894.5 521.102 -0.98 3.99 [-0.98]
28840300000000.0 73652300000000.0 2440620000.0 149997000.0 6923.25 738691.0 0.0 1640190000.0 3701090.0 0.0 0.0 318836000.0 12057700.0 66160.4 465.633 -0.96 3.988 [-0.96]
28840300000000.0 70951500000000.0 2375950000.0 140481000.0 6145.39 664669.0 0.0 1637650000.0 3317170.0 0.0 0.0 310936000.0 11215500.0 60100.0 416.635 -0.94 3.987 [-0.94]
28840300000000.0 68365300000000.0 2313670000.0 131629000.0 5461.3 598446.0 0.0 1635080000.0 2974960.0 0.0 0.0 303341000.0 10438500.0 54641.5 373.295 -0.92 3.985 [-0.92]
28840300000000.0 65888200000000.0 2253690000.0 123391000.0 4859.0 539161.0 0.0 1632480000.0 2669740.0 0.0 0.0 296040000.0 9721130.0 49721.0 334.907 -0.9 3.984 [-0.9]
28840300000000.0 63515100000000.0 2195910000.0 115721000.0 4328.13 486052.0 0.0 1629850000.0 2397350.0 0.0 0.0 289020000.0 9058490.0 45282.0 300.862 -0.88 3.983 [-0.88]
28840300000000.0 61241200000000.0 2140240000.0 108576000.0 3859.7 438445.0 0.0 1627200000.0 2154100.0 0.0 0.0 282271000.0 8446100.0 41274.0 270.627 -0.86 3.981 [-0.86]
28840300000000.0 59061800000000.0 2086600000.0 101919000.0 3445.91 395743.0 0.0 1624520000.0 1936750.0 0.0 0.0 275781000.0 7879820.0 37652.3 243.743 -0.84 3.98 [-0.84]
28840300000000.0 56972500000000.0 2034900000.0 95712300.0 3079.97 357415.0 0.0 1621830000.0 1742430.0 0.0 0.0 269541000.0 7355890.0 34377.1 219.805 -0.82 3.979 [-0.82]
28840300000000.0 54969100000000.0 1985070000.0 89923200.0 2756.0 322990.0 0.0 1619120000.0 1568570.0 0.0 0.0 263539000.0 6870840.0 31412.6 198.465 -0.8 3.977 [-0.8]
28840300000000.0 53039500000000.0 1936810000.0 84500100.0 2468.19 291981.0 0.0 1616380000.0 1412580.0 0.0 0.0 257742000.0 6419860.0 28721.7 179.374 -0.78 3.976 [-0.78]
28840300000000.0 51204100000000.0 1890670000.0 79478100.0 2214.07 264229.0 0.0 1613650000.0 1273530.0 0.0 0.0 252214000.0 6005140.0 26292.8 162.389 -0.76 3.975 [-0.76]
28840300000000.0 49435300000000.0 1845970000.0 74767800.0 1987.76 239192.0 0.0 1610900000.0 1148580.0 0.0 0.0 246873000.0 5618980.0 24084.0 147.153 -0.74 3.973 [-0.74]
28840300000000.0 47737500000000.0 1802840000.0 70366400.0 1786.51 216648.0 0.0 1608140000.0 1036520.0 0.0 0.0 241733000.0 5260670.0 22078.3 133.502 -0.72 3.972 [-0.72]
28840300000000.0 46107600000000.0 1761210000.0 66251700.0 1607.36 196337.0 0.0 1605380000.0 935961.0 0.0 0.0 236788000.0 4928030.0 20255.7 121.256 -0.7 3.97 [-0.7]
28840300000000.0 44542500000000.0 1721030000.0 62403100.0 1447.7 178025.0 0.0 1602610000.0 845660.0 0.0 0.0 232028000.0 4618980.0 18598.0 110.258 -0.68 3.969 [-0.68]
28840300000000.0 43039200000000.0 1682230000.0 58801600.0 1305.26 161506.0 0.0 1599840000.0 764525.0 0.0 0.0 227447000.0 4331720.0 17089.2 100.367 -0.66 3.968 [-0.66]
28840300000000.0 41588700000000.0 1644590000.0 55416600.0 1177.76 146562.0 0.0 1597060000.0 691414.0 0.0 0.0 223017000.0 4063500.0 15712.0 91.445 -0.64 3.967 [-0.64]
28840300000000.0 40200900000000.0 1608380000.0 52259400.0 1064.06 133099.0 0.0 1594300000.0 625811.0 0.0 0.0 218771000.0 3814920.0 14459.2 83.4218 -0.62 3.965 [-0.62]
28840300000000.0 38867100000000.0 1573390000.0 49300800.0 962.292 120932.0 0.0 1591540000.0 566759.0 0.0 0.0 214682000.0 3583440.0 13316.2 76.182 -0.6 3.964 [-0.6]
28840300000000.0 37590100000000.0 1539710000.0 46537900.0 871.313 109956.0 0.0 1588790000.0 513692.0 0.0 0.0 210760000.0 3368580.0 12274.6 69.655 -0.58 3.963 [-0.58]
28840300000000.0 36356600000000.0 1506990000.0 43935500.0 789.517 99999.9 0.0 1586040000.0 465747.0 0.0 0.0 206966000.0 3167440.0 11320.7 63.7391 -0.56 3.961 [-0.56]
28840300000000.0 35170100000000.0 1475340000.0 41493500.0 716.082 90987.9 0.0 1583310000.0 422512.0 0.0 0.0 203310000.0 2979810.0 10448.5 58.3832 -0.54 3.96 [-0.54]
28840300000000.0 34028500000000.0 1444710000.0 39200700.0 650.084 82825.3 0.0 1580580000.0 383502.0 0.0 0.0 199786000.0 2804670.0 9650.2 53.529 -0.52 3.959 [-0.52]
28840300000000.0 32929800000000.0 1415060000.0 37047200.0 590.713 75428.4 0.0 1577860000.0 348284.0 0.0 0.0 196391000.0 2641110.0 8919.11 49.125 -0.5 3.957 [-0.5]
28840300000000.0 31872300000000.0 1386350000.0 35023600.0 537.249 68721.5 0.0 1575160000.0 316470.0 0.0 0.0 193117000.0 2488250.0 8249.04 45.1251 -0.48 3.956 [-0.48]
28840300000000.0 30854000000000.0 1358530000.0 33121200.0 489.058 62637.2 0.0 1572480000.0 287715.0 0.0 0.0 189961000.0 2345320.0 7634.45 41.4887 -0.46 3.955 [-0.46]
28840300000000.0 29873300000000.0 1331580000.0 31331900.0 445.577 57114.9 0.0 1569810000.0 261710.0 0.0 0.0 186917000.0 2211600.0 7070.32 38.1793 -0.44 3.953 [-0.44]
28840300000000.0 28928600000000.0 1305450000.0 29648200.0 406.308 52100.1 0.0 1567160000.0 238178.0 0.0 0.0 183980000.0 2086420.0 6552.16 35.1646 -0.42 3.952 [-0.42]
28840300000000.0 28018400000000.0 1280120000.0 28063300.0 370.81 47544.0 0.0 1564520000.0 216873.0 0.0 0.0 181148000.0 1969180.0 6075.86 32.4156 -0.4 3.951 [-0.4]
28840300000000.0 27141200000000.0 1255540000.0 26570700.0 338.692 43402.7 0.0 1561910000.0 197573.0 0.0 0.0 178415000.0 1859300.0 5637.75 29.9065 -0.38 3.949 [-0.38]
28840300000000.0 26295500000000.0 1231690000.0 25164400.0 309.603 39636.5 0.0 1559320000.0 180080.0 0.0 0.0 175777000.0 1756260.0 5234.47 27.6142 -0.36 3.948 [-0.36]
28840300000000.0 25480100000000.0 1208530000.0 23838900.0 283.236 36209.9 0.0 1556750000.0 164216.0 0.0 0.0 173230000.0 1659570.0 4863.01 25.5181 -0.34 3.947 [-0.34]
28840300000000.0 24693800000000.0 1186040000.0 22589000.0 259.313 33090.9 0.0 1554200000.0 149821.0 0.0 0.0 170772000.0 1568810.0 4520.61 23.5995 -0.32 3.945 [-0.32]
