Cloudy_runs/pg1222/z=0.378389/component_V_PI_nH/component_V_PI_nH_col_density_param.txt
# %ECSV 1.0
# ---
# datatype:
# - {name: H, datatype: float64}
# - {name: H+, datatype: float64}
# - {name: C+, datatype: float64}
# - {name: C+2, datatype: float64}
# - {name: C+3, datatype: float64}
# - {name: N+2, datatype: float64}
# - {name: N+4, datatype: float64}
# - {name: O, datatype: float64}
# - {name: O+2, datatype: float64}
# - {name: O+5, datatype: float64}
# - {name: O+6, datatype: float64}
# - {name: Si+, datatype: float64}
# - {name: Si+2, datatype: float64}
# - {name: Si+3, datatype: float64}
# - {name: Si+4, datatype: float64}
# - {name: log_nH, datatype: float64}
# - {name: log_Te, datatype: float64}
# - {name: parameters, datatype: string, subtype: 'float64[1]'}
# schema: astropy-2.0
H H+ C+ C+2 C+3 N+2 N+4 O O+2 O+5 O+6 Si+ Si+2 Si+3 Si+4 log_nH log_Te parameters
537032000000000.0 6.13868e+19 5548770000.0 1652000000000.0 14242300000000.0 232016000000.0 22222100000000.0 17154.9 571069000000.0 464185000000000.0 1835190000000000.0 774710.0 66960200.0 647090000.0 194644000000.0 -5.0 4.651 [-5.0]
537032000000000.0 5.78899e+19 6161230000.0 1788100000000.0 14798500000000.0 251170000000.0 22483300000000.0 19198.4 620727000000.0 456895000000000.0 1710240000000000.0 957383.0 80340900.0 749255000.0 212768000000.0 -4.98 4.644 [-4.98]
537032000000000.0 5.46095e+19 6828860000.0 1931930000000.0 15352300000000.0 271635000000.0 22716000000000.0 21487.3 674276000000.0 448926000000000.0 1591550000000000.0 1179960.0 96185100.0 865858000.0 232191000000.0 -4.96 4.637 [-4.96]
537031000000000.0 5.15311e+19 7555490000.0 2083690000000.0 15902400000000.0 293485000000.0 22919600000000.0 24051.5 731967000000.0 440311000000000.0 1478990000000000.0 1450480.0 114909000.0 998696000.0 252970000000.0 -4.94 4.631 [-4.94]
537031000000000.0 4.86417e+19 8345800000.0 2243600000000.0 16447500000000.0 316815000000.0 23093600000000.0 26929.7 794110000000.0 431085000000000.0 1372410000000000.0 1778510.0 136993000.0 1149720000.0 275159000000.0 -4.92 4.625 [-4.92]
537032000000000.0 4.59282e+19 9204280000.0 2411830000000.0 16986200000000.0 341707000000.0 23237500000000.0 30160.8 860979000000.0 421287000000000.0 1271640000000000.0 2175360.0 162990000.0 1321110000.0 298812000000.0 -4.9 4.619 [-4.9]
537032000000000.0 4.33788e+19 10135800000.0 2588580000000.0 17517400000000.0 368250000000.0 23351000000000.0 33789.5 932853000000.0 410955000000000.0 1176510000000000.0 2654370.0 193536000.0 1515260000.0 323982000000.0 -4.88 4.613 [-4.88]
537032000000000.0 4.09826e+19 11145100000.0 2773910000000.0 18039700000000.0 396517000000.0 23433900000000.0 37866.0 1010020000000.0 400132000000000.0 1086840000000000.0 3231260.0 229359000.0 1734780000.0 350719000000.0 -4.86 4.607 [-4.86]
537032000000000.0 3.87294e+19 12238100000.0 2968080000000.0 18552000000000.0 426614000000.0 23485700000000.0 42447.7 1092790000000.0 388864000000000.0 1002450000000000.0 3924560.0 271297000.0 1982550000.0 379071000000.0 -4.84 4.602 [-4.84]
537032000000000.0 3.66098e+19 13420400000.0 3171220000000.0 19053100000000.0 458628000000.0 23506300000000.0 47597.6 1181430000000.0 377195000000000.0 923147000000000.0 4755980.0 320305000.0 2261700000.0 409084000000.0 -4.82 4.596 [-4.82]
537032000000000.0 3.4615e+19 14698200000.0 3383480000000.0 19542000000000.0 492651000000.0 23495500000000.0 53386.3 1276210000000.0 365171000000000.0 848750000000000.0 5750970.0 377476000.0 2575670000.0 440798000000.0 -4.8 4.591 [-4.8]
537032000000000.0 3.27369e+19 16077600000.0 3604890000000.0 20017700000000.0 528758000000.0 23453400000000.0 59893.3 1377420000000.0 352841000000000.0 779071000000000.0 6939220.0 444052000.0 2928160000.0 474249000000.0 -4.78 4.586 [-4.78]
537032000000000.0 3.09681e+19 17566000000.0 3835700000000.0 20479000000000.0 567056000000.0 23379700000000.0 67207.6 1485300000000.0 340256000000000.0 713920000000000.0 8355420.0 521448000.0 3323230000.0 509470000000.0 -4.76 4.581 [-4.76]
537031000000000.0 2.93013e+19 19170000000.0 4075900000000.0 20925000000000.0 607606000000.0 23274600000000.0 75425.5 1600080000000.0 327467000000000.0 653096000000000.0 10039900.0 611272000.0 3765280000.0 546488000000.0 -4.74 4.576 [-4.74]
537032000000000.0 2.77301e+19 20898400000.0 4325770000000.0 21354900000000.0 650520000000.0 23138200000000.0 84659.4 1722000000000.0 314524000000000.0 596422000000000.0 12039600.0 715346000.0 4259050000.0 585321000000.0 -4.72 4.571 [-4.72]
537031000000000.0 2.62481e+19 22755600000.0 4584950000000.0 21767700000000.0 695788000000.0 22970600000000.0 95013.0 1851150000000.0 301477000000000.0 543696000000000.0 14408400.0 835724000.0 4809780000.0 625993000000.0 -4.7 4.566 [-4.7]
537031000000000.0 2.48506e+19 24754700000.0 4854100000000.0 22162600000000.0 743604000000.0 22772200000000.0 106654.0 1987880000000.0 288382000000000.0 494758000000000.0 17209500.0 974737000.0 5422750000.0 668495000000.0 -4.68 4.561 [-4.68]
537032000000000.0 2.35319e+19 26900700000.0 5132740000000.0 22538900000000.0 793927000000.0 22543200000000.0 119712.0 2132240000000.0 275284000000000.0 449410000000000.0 20514700.0 1134990000.0 6103990000.0 712835000000.0 -4.66 4.556 [-4.66]
537031000000000.0 2.2287e+19 29203200000.0 5421030000000.0 22895700000000.0 846824000000.0 22284200000000.0 134355.0 2284290000000.0 262233000000000.0 407472000000000.0 24407500.0 1319450000.0 6859890000.0 759004000000.0 -4.64 4.552 [-4.64]
537032000000000.0 2.1111e+19 31670700000.0 5718930000000.0 23232400000000.0 902313000000.0 21995400000000.0 150753.0 2444050000000.0 249274000000000.0 368753000000000.0 28983500.0 1531420000.0 7697450000.0 806989000000.0 -4.62 4.547 [-4.62]
537032000000000.0 2.00004e+19 34312700000.0 6026340000000.0 23548300000000.0 960418000000.0 21677900000000.0 169117.0 2611590000000.0 236459000000000.0 333097000000000.0 34350700.0 1774560000.0 8623620000.0 856750000000.0 -4.6 4.543 [-4.6]
537032000000000.0 1.8951e+19 37140300000.0 6343270000000.0 23842700000000.0 1021170000000.0 21332300000000.0 189683.0 2786960000000.0 223828000000000.0 300321000000000.0 40635400.0 2053070000.0 9646290000.0 908259000000.0 -4.58 4.539 [-4.58]
537032000000000.0 1.79594e+19 40165100000.0 6669750000000.0 24115100000000.0 1084590000000.0 20959600000000.0 212714.0 2970130000000.0 211423000000000.0 270261000000000.0 47980200.0 2371560000.0 10773400000.0 961457000000.0 -4.56 4.535 [-4.56]
537032000000000.0 1.70217e+19 43392400000.0 7005180000000.0 24364800000000.0 1150530000000.0 20560400000000.0 238444.0 3160830000000.0 199281000000000.0 242742000000000.0 56545200.0 2735140000.0 12014100000.0 1016300000000.0 -4.54 4.53 [-4.54]
537032000000000.0 1.61347e+19 46833000000.0 7349440000000.0 24591200000000.0 1218980000000.0 20136100000000.0 267174.0 3358910000000.0 187438000000000.0 217604000000000.0 66513800.0 3149540000.0 13377600000.0 1072700000000.0 -4.52 4.526 [-4.52]
537032000000000.0 1.52954e+19 50496900000.0 7702270000000.0 24793900000000.0 1289830000000.0 19687900000000.0 299236.0 3564180000000.0 175924000000000.0 194692000000000.0 78092600.0 3621090000.0 14873700000.0 1130590000000.0 -4.5 4.522 [-4.5]
537032000000000.0 1.45011e+19 54393500000.0 8063300000000.0 24972300000000.0 1363000000000.0 19217100000000.0 334993.0 3776370000000.0 164768000000000.0 173854000000000.0 91514600.0 4156770000.0 16512500000.0 1189870000000.0 -4.48 4.518 [-4.48]
537032000000000.0 1.37492e+19 58532400000.0 8432110000000.0 25125900000000.0 1438340000000.0 18725300000000.0 374844.0 3995190000000.0 153994000000000.0 154945000000000.0 107042000.0 4764310000.0 18305100000.0 1250430000000.0 -4.46 4.514 [-4.46]
537032000000000.0 1.30373e+19 62922600000.0 8808220000000.0 25254200000000.0 1515700000000.0 18214200000000.0 419234.0 4220310000000.0 143622000000000.0 137824000000000.0 124967000.0 5452200000.0 20262600000.0 1312150000000.0 -4.44 4.51 [-4.44]
537031000000000.0 1.2363e+19 67576300000.0 9191390000000.0 25356800000000.0 1594970000000.0 17685300000000.0 468677.0 4451410000000.0 133668000000000.0 122357000000000.0 145622000.0 6229890000.0 22397000000.0 1374900000000.0 -4.42 4.506 [-4.42]
537032000000000.0 1.17244e+19 72496600000.0 9580450000000.0 25433300000000.0 1675830000000.0 17140700000000.0 523685.0 4687950000000.0 124146000000000.0 108422000000000.0 169366000.0 7107330000.0 24720100000.0 1438510000000.0 -4.4 4.502 [-4.4]
537031000000000.0 1.11193e+19 77693900000.0 9974960000000.0 25483300000000.0 1758120000000.0 16582400000000.0 584881.0 4929540000000.0 115064000000000.0 95893500000000.0 196606000.0 8095760000.0 27244600000.0 1502840000000.0 -4.38 4.498 [-4.38]
537031000000000.0 1.05459e+19 83173400000.0 10374100000000.0 25506400000000.0 1841550000000.0 16012300000000.0 652914.0 5175660000000.0 106429000000000.0 84653900000000.0 227790000.0 9207310000.0 29984000000.0 1567690000000.0 -4.36 4.494 [-4.36]
537032000000000.0 1.00025e+19 88943900000.0 10777100000000.0 25502300000000.0 1925900000000.0 15432600000000.0 728571.0 5425900000000.0 98243100000000.0 74594000000000.0 263414000.0 10455100000.0 32951300000.0 1632890000000.0 -4.34 4.491 [-4.34]
537032000000000.0 9.4874e+18 95011200000.0 11183000000000.0 25470800000000.0 2010890000000.0 14845500000000.0 812701.0 5679770000000.0 90505600000000.0 65609800000000.0 304025000.0 11853500000.0 36160000000.0 1698220000000.0 -4.32 4.487 [-4.32]
537032000000000.0 8.99918e+18 101381000000.0 11590900000000.0 25411500000000.0 2096220000000.0 14253300000000.0 906263.0 5936760000000.0 83212900000000.0 57603700000000.0 350221000.0 13417800000.0 39623800000.0 1763460000000.0 -4.3 4.483 [-4.3]
537032000000000.0 8.53635e+18 108057000000.0 11999700000000.0 25324400000000.0 2181590000000.0 13658100000000.0 1010330.0 6196370000000.0 76358900000000.0 50484700000000.0 402657000.0 15164600000.0 43356500000.0 1828400000000.0 -4.28 4.479 [-4.28]
537032000000000.0 8.09757e+18 115042000000.0 12408200000000.0 25209300000000.0 2266680000000.0 13062100000000.0 1126110.0 6458040000000.0 69935000000000.0 44168100000000.0 462044000.0 17111600000.0 47371900000.0 1892780000000.0 -4.26 4.475 [-4.26]
537032000000000.0 7.68155e+18 122341000000.0 12815400000000.0 25066000000000.0 2351200000000.0 12467600000000.0 1254970.0 6721290000000.0 63930300000000.0 38575100000000.0 529163000.0 19277900000.0 51683700000.0 1956350000000.0 -4.24 4.472 [-4.24]
537032000000000.0 7.28711e+18 129952000000.0 13219900000000.0 24894600000000.0 2434800000000.0 11876600000000.0 1398450.0 6985570000000.0 58332300000000.0 33633300000000.0 604848000.0 21683700000.0 56305000000.0 2018850000000.0 -4.22 4.468 [-4.22]
537031000000000.0 6.9131e+18 137876000000.0 13620400000000.0 24695100000000.0 2517170000000.0 11291400000000.0 1558280.0 7250350000000.0 53126800000000.0 29275700000000.0 690007000.0 24350400000.0 61248900000.0 2080010000000.0 -4.2 4.464 [-4.2]
537031000000000.0 6.55846e+18 146112000000.0 14015400000000.0 24467800000000.0 2598010000000.0 10713700000000.0 1736430.0 7515130000000.0 48298400000000.0 25441000000000.0 785615000.0 27300800000.0 66527600000.0 2139560000000.0 -4.18 4.46 [-4.18]
537031000000000.0 6.22219e+18 154656000000.0 14403700000000.0 24212700000000.0 2677000000000.0 10145600000000.0 1935130.0 7779370000000.0 43830900000000.0 22073000000000.0 892719000.0 30558900000.0 72152800000.0 2197200000000.0 -4.16 4.457 [-4.16]
537031000000000.0 5.90332e+18 163505000000.0 14783600000000.0 23930200000000.0 2753850000000.0 9588620000000.0 2156880.0 8042580000000.0 39707000000000.0 19120700000000.0 1012430000.0 34149700000.0 78134800000.0 2252660000000.0 -4.14 4.453 [-4.14]
537031000000000.0 5.60096e+18 172652000000.0 15153700000000.0 23620800000000.0 2828260000000.0 9044470000000.0 2404540.0 8304220000000.0 35909300000000.0 16537700000000.0 1145930000.0 38099400000.0 84483100000.0 2305640000000.0 -4.12 4.449 [-4.12]
537031000000000.0 5.31425e+18 182090000000.0 15512300000000.0 23284900000000.0 2899970000000.0 8514540000000.0 2681300.0 8563800000000.0 32419900000000.0 14281800000000.0 1294490000.0 42435300000.0 91205800000.0 2355850000000.0 -4.1 4.446 [-4.1]
537031000000000.0 5.04237e+18 191808000000.0 15858100000000.0 22923100000000.0 2968710000000.0 8000100000000.0 2990820.0 8820820000000.0 29220900000000.0 12315300000000.0 1459420000.0 47185300000.0 98309300000.0 2403010000000.0 -4.08 4.442 [-4.08]
537031000000000.0 4.78457e+18 201793000000.0 16189000000000.0 22536300000000.0 3034210000000.0 7502300000000.0 3337190.0 9074800000000.0 26294600000000.0 10604200000000.0 1642100000.0 52378400000.0 105797000000.0 2446840000000.0 -4.06 4.438 [-4.06]
537031000000000.0 4.54013e+18 212040000000.0 16504300000000.0 22125200000000.0 3096350000000.0 7022030000000.0 3725140.0 9325270000000.0 23623400000000.0 9117790000000.0 1844010000.0 58044200000.0 113673000000.0 2487050000000.0 -4.04 4.435 [-4.04]
537031000000000.0 4.30835e+18 222531000000.0 16802000000000.0 21690800000000.0 3154880000000.0 6560080000000.0 4159890.0 9571750000000.0 21190100000000.0 7828770000000.0 2066650000.0 64212400000.0 121935000000.0 2523390000000.0 -4.02 4.431 [-4.02]
537032000000000.0 4.08857e+18 233249000000.0 17080600000000.0 21234200000000.0 3209620000000.0 6117040000000.0 4647370.0 9813760000000.0 18977900000000.0 6712780000000.0 2311580000.0 70912800000.0 130582000000.0 2555600000000.0 -4.0 4.427 [-4.0]
537032000000000.0 3.88018e+18 244175000000.0 17338700000000.0 20756600000000.0 3260390000000.0 5693360000000.0 5194330.0 10050900000000.0 16970800000000.0 5748150000000.0 2580390000.0 78175300000.0 139607000000.0 2583430000000.0 -3.98 4.424 [-3.98]
537032000000000.0 3.68258e+18 255289000000.0 17574900000000.0 20259300000000.0 3307070000000.0 5289320000000.0 5808320.0 10282600000000.0 15153300000000.0 4915650000000.0 2874720000.0 86028800000.0 149000000000.0 2606660000000.0 -3.96 4.42 [-3.96]
537031000000000.0 3.4952e+18 266569000000.0 17787900000000.0 19743800000000.0 3349530000000.0 4905050000000.0 6497880.0 10508500000000.0 13510400000000.0 4198270000000.0 3196220000.0 94501500000.0 158750000000.0 2625070000000.0 -3.94 4.417 [-3.94]
537032000000000.0 3.3175e+18 277984000000.0 17976200000000.0 19211600000000.0 3387590000000.0 4540550000000.0 7272650.0 10728200000000.0 12028200000000.0 3581010000000.0 3546510000.0 103619000000.0 168839000000.0 2638470000000.0 -3.92 4.413 [-3.92]
537031000000000.0 3.14899e+18 289519000000.0 18139200000000.0 18664300000000.0 3421310000000.0 4195700000000.0 8143520.0 10941200000000.0 10693200000000.0 3050680000000.0 3927250000.0 113408000000.0 179247000000.0 2646700000000.0 -3.9 4.41 [-3.9]
537031000000000.0 2.98921e+18 301144000000.0 18275700000000.0 18103700000000.0 3450570000000.0 3870290000000.0 9122650.0 11147100000000.0 9493150000000.0 2595700000000.0 4340030000.0 123890000000.0 189948000000.0 2649630000000.0 -3.88 4.406 [-3.88]
537031000000000.0 2.83768e+18 312828000000.0 18385000000000.0 17531600000000.0 3475330000000.0 3563960000000.0 10223800.0 11345600000000.0 8416090000000.0 2205890000000.0 4786380000.0 135085000000.0 200914000000.0 2647130000000.0 -3.86 4.403 [-3.86]
537031000000000.0 2.69398e+18 324537000000.0 18466000000000.0 16950100000000.0 3495500000000.0 3276320000000.0 11462300.0 11536300000000.0 7451080000000.0 1872380000000.0 5267730000.0 147006000000.0 212110000000.0 2639110000000.0 -3.84 4.399 [-3.84]
537031000000000.0 2.55769e+18 336248000000.0 18518800000000.0 16360800000000.0 3511190000000.0 3006820000000.0 12855600.0 11718700000000.0 6587850000000.0 1587410000000.0 5785390000.0 159666000000.0 223496000000.0 2625530000000.0 -3.82 4.396 [-3.82]
537031000000000.0 2.42843e+18 347921000000.0 18542600000000.0 15765800000000.0 3522330000000.0 2754910000000.0 14423000.0 11892500000000.0 5816890000000.0 1344220000000.0 6340530000.0 173069000000.0 235029000000.0 2606350000000.0 -3.8 4.393 [-3.8]
537031000000000.0 2.30588e+18 359508000000.0 18537100000000.0 15167700000000.0 3528900000000.0 2520120000000.0 16185200.0 12057300000000.0 5129810000000.0 1137070000000.0 6933600000.0 187206000000.0 246656000000.0 2581590000000.0 -3.78 4.389 [-3.78]
537031000000000.0 2.18958e+18 371016000000.0 18502900000000.0 14567300000000.0 3531070000000.0 2301480000000.0 18169000.0 12213000000000.0 4517680000000.0 960648000000.0 7566400000.0 202085000000.0 258326000000.0 2551270000000.0 -3.76 4.386 [-3.76]
537032000000000.0 2.07926e+18 382390000000.0 18439900000000.0 13967200000000.0 3528810000000.0 2098440000000.0 20400500.0 12359000000000.0 3973490000000.0 810656000000.0 8238900000.0 217684000000.0 269977000000.0 2515480000000.0 -3.74 4.383 [-3.74]
537031000000000.0 1.97452e+18 393609000000.0 18348200000000.0 13369000000000.0 3522170000000.0 1910150000000.0 22912100.0 12495200000000.0 3490070000000.0 683216000000.0 8951960000.0 233985000000.0 281548000000.0 2474290000000.0 -3.72 4.379 [-3.72]
