Cloudy_runs/pg1222/z=0.378389/component_V_PI_nH/component_V_PI_nH_col_density_param.txt
# %ECSV 1.0
# ---
# datatype:
# - {name: H, datatype: float64}
# - {name: H+, datatype: float64}
# - {name: C+, datatype: float64}
# - {name: C+2, datatype: float64}
# - {name: C+3, datatype: float64}
# - {name: N+2, datatype: float64}
# - {name: N+4, datatype: float64}
# - {name: O, datatype: float64}
# - {name: O+2, datatype: float64}
# - {name: O+5, datatype: float64}
# - {name: O+6, datatype: float64}
# - {name: Si+, datatype: float64}
# - {name: Si+2, datatype: float64}
# - {name: Si+3, datatype: float64}
# - {name: Si+4, datatype: float64}
# - {name: log_nH, datatype: float64}
# - {name: log_Te, datatype: float64}
# - {name: parameters, datatype: string, subtype: 'float64[1]'}
# schema: astropy-2.0
H H+ C+ C+2 C+3 N+2 N+4 O O+2 O+5 O+6 Si+ Si+2 Si+3 Si+4 log_nH log_Te parameters
[from data line 66]
537031000000000.0 1.78096e+18 415376000000.0 18081500000000.0 12187300000000.0 3496110000000.0 1575520000000.0 28908300.0 12736400000000.0 2682720000000.0 483688000000.0 10495100000.0 268501000000.0 304162000000.0 2376500000000.0 -3.68 4.373 [-3.68]
537031000000000.0 1.69152e+18 425874000000.0 17908000000000.0 11607000000000.0 3476870000000.0 1427570000000.0 32475200.0 12840800000000.0 2347580000000.0 406257000000.0 11324300000.0 286623000000.0 315056000000.0 2320290000000.0 -3.66 4.37 [-3.66]
537032000000000.0 1.60664e+18 436075000000.0 17709100000000.0 11036000000000.0 3453640000000.0 1291520000000.0 36483100.0 12934100000000.0 2051710000000.0 340814000000.0 12190000000.0 305236000000.0 325572000000.0 2259530000000.0 -3.64 4.366 [-3.64]
537031000000000.0 1.52606e+18 445953000000.0 17486000000000.0 10475800000000.0 3426530000000.0 1166670000000.0 40985100.0 13016000000000.0 1790860000000.0 285566000000.0 13090200000.0 324259000000.0 335628000000.0 2194530000000.0 -3.62 4.363 [-3.62]
537032000000000.0 1.44957e+18 455478000000.0 17239800000000.0 9927700000000.0 3395680000000.0 1052310000000.0 46039800.0 13086200000000.0 1561190000000.0 238981000000.0 14022400000.0 343601000000.0 345141000000.0 2125610000000.0 -3.6 4.36 [-3.6]
537031000000000.0 1.37695e+18 464635000000.0 16972300000000.0 9393050000000.0 3361240000000.0 947734000000.0 51713100.0 13144500000000.0 1359240000000.0 199747000000.0 14983800000.0 363161000000.0 354027000000.0 2053150000000.0 -3.58 4.357 [-3.58]
537032000000000.0 1.308e+18 473397000000.0 16684700000000.0 8872920000000.0 3323340000000.0 852283000000.0 58077600.0 13190700000000.0 1181890000000.0 166742000000.0 15970500000.0 382823000000.0 362207000000.0 1977550000000.0 -3.56 4.353 [-3.56]
537032000000000.0 1.24253e+18 481746000000.0 16378600000000.0 8368340000000.0 3282130000000.0 765313000000.0 65214000.0 13224500000000.0 1026350000000.0 139009000000.0 16978700000.0 402463000000.0 369603000000.0 1899210000000.0 -3.54 4.35 [-3.54]
537032000000000.0 1.18035e+18 489665000000.0 16055700000000.0 7880100000000.0 3237780000000.0 686206000000.0 73211800.0 13245700000000.0 890108000000.0 115736000000.0 18003600000.0 421947000000.0 376140000000.0 1818600000000.0 -3.52 4.347 [-3.52]
537031000000000.0 1.1213e+18 497146000000.0 15717600000000.0 7408900000000.0 3190470000000.0 614375000000.0 82170000.0 13254100000000.0 770926000000.0 96228000000.0 19040400000.0 441134000000.0 381750000000.0 1736190000000.0 -3.5 4.344 [-3.5]
537031000000000.0 1.06522e+18 504183000000.0 15366300000000.0 6955240000000.0 3140380000000.0 549260000000.0 92198500.0 13249600000000.0 666805000000.0 79897700000.0 20083800000.0 459880000000.0 386368000000.0 1652460000000.0 -3.48 4.341 [-3.48]
537031000000000.0 1.01194e+18 510765000000.0 15003300000000.0 6519590000000.0 3087680000000.0 490335000000.0 103418000.0 13232000000000.0 575960000000.0 66244700000.0 21128000000.0 478035000000.0 389943000000.0 1567900000000.0 -3.46 4.337 [-3.46]
537032000000000.0 9.61341e+17 516894000000.0 14630400000000.0 6102230000000.0 3032540000000.0 437099000000.0 115960000.0 13201200000000.0 496803000000.0 54845300000.0 22167400000.0 495449000000.0 392428000000.0 1483010000000.0 -3.44 4.334 [-3.44]
537031000000000.0 9.13273e+17 522570000000.0 14249200000000.0 5703320000000.0 2975160000000.0 389085000000.0 129973000.0 13157100000000.0 427922000000.0 45340300000.0 23196000000.0 511977000000.0 393790000000.0 1398280000000.0 -3.42 4.331 [-3.42]
537031000000000.0 8.67609e+17 527790000000.0 13861200000000.0 5322900000000.0 2915710000000.0 345850000000.0 145615000.0 13099600000000.0 368063000000.0 37425400000.0 24207700000.0 527471000000.0 394011000000.0 1314190000000.0 -3.4 4.328 [-3.4]
537031000000000.0 8.24229e+17 532565000000.0 13468300000000.0 4960890000000.0 2854390000000.0 306981000000.0 163065000.0 13028700000000.0 316116000000.0 30844400000.0 25197000000.0 541802000000.0 393078000000.0 1231200000000.0 -3.38 4.324 [-3.38]
537031000000000.0 7.83018e+17 536905000000.0 13071800000000.0 4617120000000.0 2791410000000.0 272096000000.0 182513000.0 12944300000000.0 271098000000.0 25380200000.0 26158200000.0 554847000000.0 390995000000.0 1149750000000.0 -3.36 4.321 [-3.36]
537031000000000.0 7.43869e+17 540819000000.0 12673300000000.0 4291350000000.0 2726950000000.0 240837000000.0 204171000.0 12846600000000.0 232140000000.0 20850400000.0 27086400000.0 566496000000.0 387781000000.0 1070240000000.0 -3.34 4.318 [-3.34]
537031000000000.0 7.06678e+17 544319000000.0 12274100000000.0 3983230000000.0 2661200000000.0 212872000000.0 228267000.0 12735500000000.0 198476000000.0 17100700000.0 27976700000.0 576656000000.0 383464000000.0 993050000000.0 -3.32 4.315 [-3.32]
537032000000000.0 6.71392e+17 547396000000.0 11875900000000.0 3692810000000.0 2594450000000.0 187927000000.0 255020000.0 12611500000000.0 169465000000.0 14005200000.0 28822400000.0 585241000000.0 378116000000.0 918590000000.0 -3.3 4.311 [-3.3]
537032000000000.0 6.37811e+17 550091000000.0 11478700000000.0 3418650000000.0 2526660000000.0 165643000000.0 284767000.0 12474000000000.0 144426000000.0 11446800000.0 29624600000.0 592199000000.0 371740000000.0 846941000000.0 -3.28 4.308 [-3.28]
537031000000000.0 6.05894e+17 552473000000.0 11084500000000.0 3160460000000.0 2458130000000.0 145784000000.0 317794000.0 12323700000000.0 122870000000.0 9338100000.0 30382300000.0 597535000000.0 364385000000.0 778417000000.0 -3.26 4.305 [-3.26]
537031000000000.0 5.7563e+17 554411000000.0 10694500000000.0 2918760000000.0 2389160000000.0 128174000000.0 354324000.0 12161100000000.0 104397000000.0 7607260000.0 31082700000.0 601146000000.0 356234000000.0 713362000000.0 -3.24 4.301 [-3.24]
537031000000000.0 5.46828e+17 556104000000.0 10308800000000.0 2691490000000.0 2319710000000.0 112504000000.0 394842000.0 11986000000000.0 88518900000.0 6183570000.0 31738600000.0 603138000000.0 347221000000.0 651682000000.0 -3.22 4.298 [-3.22]
537031000000000.0 5.19494e+17 557428000000.0 9928950000000.0 2479130000000.0 2250110000000.0 98635000000.0 439603000.0 11799000000000.0 74941400000.0 5018060000.0 32338500000.0 603456000000.0 337545000000.0 593637000000.0 -3.2 4.295 [-3.2]
537032000000000.0 4.93529e+17 558440000000.0 9555310000000.0 2280730000000.0 2180470000000.0 86363900000.0 489041000.0 11600600000000.0 63336800000.0 4064650000.0 32885900000.0 602164000000.0 327262000000.0 539218000000.0 -3.18 4.291 [-3.18]
537031000000000.0 4.68864e+17 559156000000.0 9188530000000.0 2095630000000.0 2110940000000.0 75521900000.0 543581000.0 11391000000000.0 53434400000.0 3286130000.0 33381500000.0 599319000000.0 316464000000.0 488426000000.0 -3.16 4.288 [-3.16]
537031000000000.0 4.45434e+17 559592000000.0 8829160000000.0 1923210000000.0 2041660000000.0 65957400000.0 603678000.0 11170900000000.0 44999300000.0 2651630000.0 33826700000.0 594991000000.0 305243000000.0 441226000000.0 -3.14 4.285 [-3.14]
537032000000000.0 4.23177e+17 559761000000.0 8477630000000.0 1762830000000.0 1972780000000.0 57531700000.0 669818000.0 10940800000000.0 37826500000.0 2135460000.0 34223400000.0 589265000000.0 293692000000.0 397547000000.0 -3.12 4.281 [-3.12]
537031000000000.0 4.02035e+17 559677000000.0 8134380000000.0 1613870000000.0 1904420000000.0 50120400000.0 742515000.0 10701200000000.0 31738200000.0 1716400000.0 34573900000.0 582234000000.0 281899000000.0 357291000000.0 -3.1 4.278 [-3.1]
537031000000000.0 3.81953e+17 559352000000.0 7799690000000.0 1475710000000.0 1836710000000.0 43610800000.0 822319000.0 10452900000000.0 26580000000.0 1376840000.0 34881100000.0 574000000000.0 269951000000.0 320335000000.0 -3.08 4.274 [-3.08]
537031000000000.0 3.62878e+17 558798000000.0 7473820000000.0 1347750000000.0 1769770000000.0 37901500000.0 909809000.0 10196500000000.0 22217800000.0 1102240000.0 35147800000.0 564670000000.0 257928000000.0 286534000000.0 -3.06 4.271 [-3.06]
537032000000000.0 3.44759e+17 558027000000.0 7156980000000.0 1229390000000.0 1703690000000.0 32901000000.0 1005600000.0 9932730000000.0 18535800000.0 880640000.0 35377600000.0 554354000000.0 245905000000.0 255730000000.0 -3.04 4.268 [-3.04]
537031000000000.0 3.27548e+17 557048000000.0 6849300000000.0 1120080000000.0 1638570000000.0 28527400000.0 1110330000.0 9662320000000.0 15433900000.0 702167000.0 35573600000.0 543164000000.0 233951000000.0 227752000000.0 -3.02 4.264 [-3.02]
537031000000000.0 3.11201e+17 555870000000.0 6550870000000.0 1019240000000.0 1574490000000.0 24707300000.0 1224680000.0 9386060000000.0 12825800000.0 558726000.0 35739600000.0 531209000000.0 222127000000.0 202423000000.0 -3.0 4.261 [-3.0]
537031000000000.0 2.95675e+17 554503000000.0 6261750000000.0 926365000000.0 1511550000000.0 21375100000.0 1349360000.0 9104740000000.0 10637300000.0 443685000.0 35878800000.0 518600000000.0 210489000000.0 179563000000.0 -2.98 4.257 [-2.98]
537032000000000.0 2.80927e+17 552952000000.0 5981940000000.0 840923000000.0 1449790000000.0 18472300000.0 1485110000.0 8819160000000.0 8804490000.0 351610000.0 35994900000.0 505439000000.0 199085000000.0 158992000000.0 -2.96 4.254 [-2.96]
537032000000000.0 2.66919e+17 551225000000.0 5711400000000.0 762429000000.0 1389290000000.0 15946800000.0 1632690000.0 8530130000000.0 7272720000.0 278074000.0 36091000000.0 491827000000.0 187956000000.0 140531000000.0 -2.94 4.25 [-2.94]
537032000000000.0 2.53614e+17 549327000000.0 5450080000000.0 690412000000.0 1330100000000.0 13752200000.0 1792910000.0 8238460000000.0 5995180000.0 219470000.0 36170400000.0 477859000000.0 177137000000.0 124007000000.0 -2.92 4.247 [-2.92]
537031000000000.0 2.40976e+17 547261000000.0 5197860000000.0 624423000000.0 1272250000000.0 11847500000.0 1966580000.0 7944940000000.0 4931770000.0 172860000.0 36236100000.0 463620000000.0 166657000000.0 109253000000.0 -2.9 4.244 [-2.9]
537031000000000.0 2.29005e+17 545051000000.0 4955390000000.0 564182000000.0 1215950000000.0 10200000000.0 2154180000.0 7651340000000.0 4050370000.0 135946000.0 36289500000.0 449251000000.0 156565000000.0 96136100000.0 -2.88 4.24 [-2.88]
537032000000000.0 2.17606e+17 542676000000.0 4721170000000.0 509002000000.0 1160920000000.0 8770130000.0 2357220000.0 7356690000000.0 3318220000.0 106648000.0 36335900000.0 434726000000.0 146825000000.0 84454000000.0 -2.86 4.237 [-2.86]
537032000000000.0 2.06779e+17 540148000000.0 4495710000000.0 458647000000.0 1107350000000.0 7533560000.0 2576240000.0 7062600000000.0 2712700000.0 83497700.0 36376000000.0 420160000000.0 137477000000.0 74092100000.0 -2.84 4.233 [-2.84]
537032000000000.0 1.96496e+17 537470000000.0 4278850000000.0 412760000000.0 1055230000000.0 6465320000.0 2812110000.0 6769820000000.0 2212990000.0 65242900.0 36412100000.0 405615000000.0 128530000000.0 64919300000.0 -2.82 4.23 [-2.82]
537032000000000.0 1.86704e+17 534631000000.0 4069820000000.0 370906000000.0 1004460000000.0 5541550000.0 3066130000.0 6478230000000.0 1800710000.0 50852000.0 36447000000.0 391098000000.0 119966000000.0 56798400000.0 -2.8 4.227 [-2.8]
537032000000000.0 1.7743e+17 531657000000.0 3869630000000.0 332962000000.0 955304000000.0 4747120000.0 3338300000.0 6190190000000.0 1462720000.0 39578700.0 36479700000.0 376751000000.0 111832000000.0 49649800000.0 -2.78 4.223 [-2.78]
537032000000000.0 1.68622e+17 528540000000.0 3677500000000.0 298529000000.0 907646000000.0 4063020000.0 3629810000.0 5905560000000.0 1185630000.0 30746200.0 36512700000.0 362575000000.0 104102000000.0 43354600000.0 -2.76 4.22 [-2.76]
537032000000000.0 1.60255e+17 525273000000.0 3493140000000.0 267316000000.0 861460000000.0 3474360000.0 3941520000.0 5624820000000.0 958910000.0 23838000.0 36547100000.0 348593000000.0 96772400000.0 37817700000.0 -2.74 4.217 [-2.74]
537031000000000.0 1.52309e+17 521864000000.0 3316460000000.0 239071000000.0 816763000000.0 2968480000.0 4274090000.0 5348700000000.0 773868000.0 18448000.0 36583600000.0 334849000000.0 89837200000.0 32956300000.0 -2.72 4.213 [-2.72]
537032000000000.0 1.44784e+17 518328000000.0 3147670000000.0 213601000000.0 773658000000.0 2534970000.0 4627610000.0 5078430000000.0 623446000.0 14258200.0 36621200000.0 321410000000.0 83303600000.0 28701300000.0 -2.7 4.21 [-2.7]
537032000000000.0 1.37615e+17 514636000000.0 2985590000000.0 190556000000.0 731894000000.0 2162130000.0 5003870000.0 4812990000000.0 500921000.0 10993900.0 36663000000.0 308210000000.0 77127100000.0 24966400000.0 -2.68 4.207 [-2.68]
537032000000000.0 1.30806e+17 510802000000.0 2830510000000.0 169784000000.0 691581000000.0 1842540000.0 5402800000.0 4553610000000.0 401576000.0 8461710.0 36707700000.0 295310000000.0 71314800000.0 21699100000.0 -2.66 4.203 [-2.66]
537032000000000.0 1.2434e+17 506827000000.0 2682200000000.0 151090000000.0 652705000000.0 1568830000.0 5824780000.0 4300720000000.0 321211000.0 6501360.0 36755300000.0 282727000000.0 65854700000.0 18844000000.0 -2.64 4.2 [-2.64]
537032000000000.0 1.18197e+17 502713000000.0 2540460000000.0 134287000000.0 615251000000.0 1334610000.0 6270090000.0 4054690000000.0 256348000.0 4986590.0 36805200000.0 270471000000.0 60733800000.0 16351900000.0 -2.62 4.197 [-2.62]
537032000000000.0 1.12364e+17 498458000000.0 2405080000000.0 119208000000.0 579202000000.0 1134360000.0 6738800000.0 3815870000000.0 204118000.0 3818350.0 36857000000.0 258551000000.0 55939200000.0 14178800000.0 -2.6 4.194 [-2.6]
537032000000000.0 1.06823e+17 494064000000.0 2275830000000.0 105693000000.0 544539000000.0 963297000.0 7230900000.0 3584550000000.0 162157000.0 2919000.0 36910300000.0 246972000000.0 51457100000.0 12285600000.0 -2.58 4.19 [-2.58]
537032000000000.0 1.0156e+17 489531000000.0 2152510000000.0 93597600000.0 511244000000.0 817274000.0 7746160000.0 3361000000000.0 128524000.0 2227910.0 36964000000.0 235739000000.0 47273800000.0 10637700000.0 -2.56 4.187 [-2.56]
537032000000000.0 9.65613e+16 484864000000.0 2034940000000.0 82788300000.0 479306000000.0 692748000.0 8284100000.0 3145480000000.0 101633000.0 1697870.0 37017000000.0 224857000000.0 43375400000.0 9204800000.0 -2.54 4.184 [-2.54]
537032000000000.0 9.18125e+16 480056000000.0 1922850000000.0 73139300000.0 448690000000.0 586617000.0 8844190000.0 2938100000000.0 80178400.0 1291930.0 37069100000.0 214318000000.0 39747900000.0 7959510000.0 -2.52 4.181 [-2.52]
537031000000000.0 8.729e+16 475099000000.0 1815800000000.0 64521400000.0 419320000000.0 496082000.0 9426430000.0 2738600000000.0 63076300.0 981107.0 37119400000.0 204098000000.0 36369300000.0 6876350000.0 -2.5 4.178 [-2.5]
537031000000000.0 8.3006e+16 470025000000.0 1714170000000.0 56868800000.0 391315000000.0 419234000.0 10028000000.0 2548040000000.0 49527900.0 744425.0 37165000000.0 194254000000.0 33243300000.0 5938560000.0 -2.48 4.175 [-2.48]
537031000000000.0 7.89367e+16 464819000000.0 1617470000000.0 50066500000.0 364583000000.0 353915000.0 10648400000.0 2366000000000.0 38798000.0 564088.0 37205400000.0 184751000000.0 30347600000.0 5125540000.0 -2.46 4.171 [-2.46]
537032000000000.0 7.50808e+16 459498000000.0 1525730000000.0 44040100000.0 339162000000.0 298547000.0 11285300000.0 2192910000000.0 30334600.0 0.0 37239100000.0 175610000000.0 27675900000.0 4422410000.0 -2.44 4.168 [-2.44]
537032000000000.0 7.14077e+16 454037000000.0 1438300000000.0 38684600000.0 314912000000.0 251467000.0 11938800000.0 2027990000000.0 23650600.0 0.0 37265600000.0 166776000000.0 25201600000.0 3812370000.0 -2.42 4.165 [-2.42]
537032000000000.0 6.79183e+16 448452000000.0 1355220000000.0 33943000000.0 291874000000.0 211563000.0 12606000000.0 1871610000000.0 18396000.0 0.0 37283000000.0 158269000000.0 22919700000.0 3284560000.0 -2.4 4.162 [-2.4]
537032000000000.0 6.46024e+16 442744000000.0 1276330000000.0 29749700000.0 270023000000.0 177770000.0 13285000000.0 1723700000000.0 14274700.0 0.0 37290000000.0 150082000000.0 20818200000.0 2828120000.0 -2.38 4.159 [-2.38]
