Cloudy_runs/h1821/z=0.224981/logZ=-1/component_I_PI_nH/component_I_PI_nH_col_density_param.txt
# %ECSV 1.0
# ---
# datatype:
# - {name: H, datatype: float64}
# - {name: H+, datatype: float64}
# - {name: C+, datatype: float64}
# - {name: C+2, datatype: float64}
# - {name: C+3, datatype: float64}
# - {name: N+, datatype: float64}
# - {name: N+2, datatype: float64}
# - {name: N+4, datatype: float64}
# - {name: O, datatype: float64}
# - {name: O+2, datatype: float64}
# - {name: O+5, datatype: float64}
# - {name: O+6, datatype: float64}
# - {name: P+, datatype: float64}
# - {name: Si+, datatype: float64}
# - {name: Si+2, datatype: float64}
# - {name: Si+3, datatype: float64}
# - {name: Si+4, datatype: float64}
# - {name: log_nH, datatype: float64}
# - {name: log_Te, datatype: float64}
# - {name: parameters, datatype: string, subtype: 'float64[1]'}
# schema: astropy-2.0
H H+ C+ C+2 C+3 N+ N+2 N+4 O O+2 O+5 O+6 P+ Si+ Si+2 Si+3 Si+4 log_nH log_Te parameters
[from data line 127]
74131000000000.0 6222740000000000.0 56489600000.0 111102000000.0 1525760000.0 22558000000.0 19498000000.0 7164050.0 2580900000.0 119770000000.0 333332.0 0.0 100578000.0 5079070000.0 13767100000.0 1415190000.0 138246000.0 -2.46 4.139 [-2.46]
74131000000000.0 5921890000000000.0 55536400000.0 104176000000.0 1325910000.0 22345900000.0 17729700000.0 5950850.0 2673980000.0 108362000000.0 253823.0 0.0 97491300.0 5062320000.0 12971100000.0 1273020000.0 118485000.0 -2.44 4.136 [-2.44]
74131000000000.0 5635970000000000.0 54572800000.0 97634200000.0 1151180000.0 22097400000.0 16089900000.0 4935810.0 2765340000.0 97854500000.0 192903.0 0.0 94456500.0 5042540000.0 12210700000.0 1143810000.0 101492000.0 -2.42 4.134 [-2.42]
74131000000000.0 5365010000000000.0 53602800000.0 91476900000.0 998905000.0 21816000000.0 14576800000.0 4089530.0 2854550000.0 88223300000.0 146409.0 0.0 91484600.0 5019650000.0 11487300000.0 1026840000.0 86916300.0 -2.4 4.131 [-2.4]
74131000000000.0 5106710000000000.0 52621600000.0 85650100000.0 865737000.0 21499800000.0 13177800000.0 3382130.0 2941650000.0 79379200000.0 110865.0 0.0 88559800.0 4993510000.0 10795400000.0 920543000.0 74367900.0 -2.38 4.128 [-2.38]
74131000000000.0 4861190000000000.0 51632900000.0 80155800000.0 749682000.0 21152600000.0 11890600000.0 2793060.0 3026250000.0 71297600000.0 83806.7 0.0 85692600.0 4964060000.0 10136400000.0 824352000.0 63595800.0 -2.36 4.126 [-2.36]
74131000000000.0 4627090000000000.0 50634800000.0 74962300000.0 648417000.0 20774700000.0 10706900000.0 2302380.0 3108280000.0 63915300000.0 63215.0 0.0 82876000.0 4931190000.0 9507180000.0 737203000.0 54334800.0 -2.34 4.123 [-2.34]
74131000000000.0 4405270000000000.0 49634400000.0 70086300000.0 560574000.0 20372600000.0 9626230000.0 1896060.0 3187330000.0 57219500000.0 47636.8 0.0 80129000.0 4894990000.0 8911010000.0 658776000.0 46413400.0 -2.32 4.121 [-2.32]
74131000000000.0 4194390000000000.0 48629900000.0 65496500000.0 484252000.0 19947000000.0 8639730000.0 1559330.0 3263370000.0 51146300000.0 35846.7 0.0 77443700.0 4855380000.0 8344840000.0 588099000.0 39625600.0 -2.3 4.118 [-2.3]
74131000000000.0 3993920000000000.0 47622200000.0 61178700000.0 418006000.0 19500700000.0 7741470000.0 1280740.0 3336320000.0 45650400000.0 26939.0 0.0 74821400.0 4812380000.0 7807710000.0 524490000.0 33812700.0 -2.28 4.116 [-2.28]
74131000000000.0 3803330000000000.0 46612600000.0 57119000000.0 360557000.0 19036400000.0 6925540000.0 1050580.0 3406080000.0 40688000000.0 0.0 0.0 72262500.0 4766010000.0 7298670000.0 467317000.0 28837600.0 -2.26 4.113 [-2.26]
74131000000000.0 3622110000000000.0 45602000000.0 53304200000.0 310786000.0 18557000000.0 6186180000.0 860745.0 3472620000.0 36217000000.0 0.0 0.0 69767800.0 4716320000.0 6816780000.0 415997000.0 24582100.0 -2.24 4.111 [-2.24]
74131000000000.0 3449820000000000.0 44591700000.0 49721700000.0 267703000.0 18065400000.0 5517750000.0 704393.0 3535900000.0 32196900000.0 0.0 0.0 67337600.0 4663380000.0 6361080000.0 369987000.0 20944300.0 -2.22 4.108 [-2.22]
74131000000000.0 3285980000000000.0 43582800000.0 46359300000.0 230442000.0 17564200000.0 4914760000.0 575804.0 3595950000.0 28589200000.0 0.0 0.0 64972200.0 4607280000.0 5930630000.0 328790000.0 17836400.0 -2.2 4.106 [-2.2]
74131000000000.0 3130190000000000.0 42576300000.0 43205300000.0 198243000.0 17056000000.0 4372000000.0 470198.0 3652780000.0 25357600000.0 0.0 0.0 62671600.0 4548110000.0 5524500000.0 291945000.0 15182700.0 -2.18 4.103 [-2.18]
74131000000000.0 2982040000000000.0 41573400000.0 40248600000.0 170442000.0 16543400000.0 3884430000.0 383583.0 3706430000.0 22468000000.0 0.0 0.0 60435800.0 4486020000.0 5141730000.0 259033000.0 12918100.0 -2.16 4.101 [-2.16]
74131000000000.0 2841150000000000.0 40575100000.0 37478300000.0 146457000.0 16028700000.0 3447280000.0 312634.0 3756970000.0 19888500000.0 0.0 0.0 58264400.0 4421120000.0 4781400000.0 229664000.0 10986800.0 -2.14 4.099 [-2.14]
74131000000000.0 2707160000000000.0 39582600000.0 34884400000.0 125780000.0 15514100000.0 3056090000.0 254590.0 3804480000.0 17589400000.0 0.0 0.0 56157300.0 4353590000.0 4442590000.0 203488000.0 9340500.0 -2.12 4.096 [-2.12]
74131000000000.0 2579730000000000.0 38596900000.0 32457000000.0 107968000.0 15001700000.0 2706620000.0 207158.0 3849040000.0 15543200000.0 0.0 0.0 54113900.0 4283580000.0 4124370000.0 180182000.0 7938030.0 -2.1 4.094 [-2.1]
74131000000000.0 2458520000000000.0 37618900000.0 30186600000.0 92634400.0 14493200000.0 2394930000.0 168439.0 3890750000.0 13724600000.0 0.0 0.0 52133500.0 4211280000.0 3825840000.0 159450000.0 6743850.0 -2.08 4.092 [-2.08]
74131000000000.0 2343760000000000.0 36654200000.0 28074000000.0 79486800.0 13993100000.0 2118240000.0 136952.0 3929640000.0 12115400000.0 0.0 0.0 50224500.0 4137210000.0 3547420000.0 141093000.0 5730780.0 -2.06 4.09 [-2.06]
74131000000000.0 2234090000000000.0 35694800000.0 26091200000.0 68141900.0 13497300000.0 1871350000.0 111217.0 3965980000.0 10683800000.0 0.0 0.0 48368200.0 4060920000.0 3285550000.0 124731000.0 4865950.0 -2.04 4.087 [-2.04]
74131000000000.0 2129760000000000.0 34746000000.0 24239700000.0 58394400.0 13009900000.0 1652100000.0 90268.5 3999800000.0 9416000000.0 0.0 0.0 46572600.0 3982940000.0 3040710000.0 110217000.0 4130640.0 -2.02 4.085 [-2.02]
74131000000000.0 2030510000000000.0 33808800000.0 22512100000.0 50024500.0 12531900000.0 1457630000.0 73231.4 4031230000.0 8294390000.0 0.0 0.0 44836800.0 3903480000.0 2812070000.0 97352600.0 3505760.0 -2.0 4.083 [-2.0]
74131000000000.0 1936090000000000.0 32883800000.0 20900800000.0 42841400.0 12064300000.0 1285360000.0 59385.5 4060380000.0 7303040000.0 0.0 0.0 43159800.0 3822730000.0 2598790000.0 85959200.0 2974930.0 -1.98 4.081 [-1.98]
74131000000000.0 1846260000000000.0 31971900000.0 19398800000.0 36680000.0 11607900000.0 1132890000.0 48140.3 4087360000.0 6427570000.0 0.0 0.0 41540400.0 3740910000.0 2400060000.0 75875800.0 2524190.0 -1.96 4.079 [-1.96]
74131000000000.0 1760290000000000.0 31068300000.0 17991300000.0 31375600.0 11160400000.0 997553000.0 38982.1 4112350000.0 5652090000.0 0.0 0.0 39968100.0 3657800000.0 2213930000.0 66918400.0 2140000.0 -1.94 4.077 [-1.94]
74131000000000.0 1679470000000000.0 30190000000.0 16696300000.0 26870200.0 10730900000.0 878997000.0 31608.6 4135290000.0 4973840000.0 0.0 0.0 38469800.0 3574960000.0 2043040000.0 59074300.0 1816860.0 -1.92 4.075 [-1.92]
74131000000000.0 1601600000000000.0 29315800000.0 15476000000.0 22975300.0 10308400000.0 773447000.0 25583.4 4156510000.0 4371130000.0 0.0 0.0 37006900.0 3490720000.0 1882230000.0 52078400.0 1540240.0 -1.9 4.073 [-1.9]
74131000000000.0 1527980000000000.0 28462700000.0 14348100000.0 19656700.0 9901690000.0 680775000.0 20721.0 4175960000.0 3842720000.0 0.0 0.0 35606100.0 3406740000.0 1734010000.0 45932800.0 1306790.0 -1.88 4.07 [-1.88]
74131000000000.0 1458390000000000.0 27631600000.0 13306400000.0 16829600.0 9510940000.0 599457000.0 16796.8 4193740000.0 3379650000.0 0.0 0.0 34266100.0 3323270000.0 1597580000.0 40536000.0 1109770.0 -1.86 4.068 [-1.86]
74131000000000.0 1391230000000000.0 26805500000.0 12324800000.0 14385400.0 9127670000.0 527131000.0 13590.8 4210090000.0 2968410000.0 0.0 0.0 32957800.0 3238840000.0 1469380000.0 35724900.0 941042.0 -1.84 4.066 [-1.84]
74131000000000.0 1328370000000000.0 26010000000.0 11427900000.0 12319700.0 8764130000.0 464164000.0 11020.9 4224920000.0 2610730000.0 0.0 0.0 31719500.0 3156040000.0 1352820000.0 31534600.0 799742.0 -1.82 4.064 [-1.82]
74131000000000.0 1267410000000000.0 25216800000.0 10579300000.0 10528300.0 8406580000.0 408027000.0 8915.83 4238510000.0 2292290000.0 0.0 0.0 30505600.0 3072220000.0 1242970000.0 27788100.0 678325.0 -1.8 4.062 [-1.8]
74131000000000.0 1209950000000000.0 24449000000.0 9799450000.0 9007960.0 8065660000.0 358979000.0 7222.75 4250800000.0 2014330000.0 0.0 0.0 29349600.0 2989810000.0 1142570000.0 24511200.0 576195.0 -1.78 4.06 [-1.78]
74131000000000.0 1155260000000000.0 23699000000.0 9075890000.0 7708090.0 7737530000.0 315840000.0 5852.21 4261910000.0 1770100000.0 0.0 0.0 28238300.0 2908230000.0 1049900000.0 21623700.0 489625.0 -1.76 4.059 [-1.76]
74131000000000.0 1103190000000000.0 22967000000.0 8404830000.0 6596830.0 7421980000.0 277905000.0 4742.79 4271920000.0 1555570000.0 0.0 0.0 27170400.0 2827590000.0 964442000.0 19079600.0 416240.0 -1.74 4.057 [-1.74]
74131000000000.0 1053630000000000.0 22253200000.0 7782700000.0 5646890.0 7118770000.0 244555000.0 3844.69 4280890000.0 1367150000.0 0.0 0.0 26144400.0 2748040000.0 885682000.0 16838400.0 354024.0 -1.72 4.055 [-1.72]
74131000000000.0 1006430000000000.0 21557600000.0 7206130000.0 4834890.0 6827590000.0 215239000.0 3117.62 4288900000.0 1201690000.0 0.0 0.0 25159200.0 2669680000.0 813151000.0 14864200.0 301269.0 -1.7 4.053 [-1.7]
74131000000000.0 961844000000000.0 20885600000.0 6675930000.0 4144420.0 6550330000.0 189600000.0 2531.4 4295990000.0 1057100000.0 0.0 0.0 24220500.0 2593210000.0 746915000.0 13134400.0 256758.0 -1.68 4.051 [-1.68]
74131000000000.0 919056000000000.0 20226700000.0 6181020000.0 3550680.0 6282290000.0 166943000.0 2054.26 4302250000.0 929468000.0 0.0 0.0 23312500.0 2517550000.0 685497000.0 11601800.0 218772.0 -1.66 4.049 [-1.66]
74131000000000.0 878311000000000.0 19586000000.0 5722760000.0 3043090.0 6025310000.0 147031000.0 1667.78 4307710000.0 817408000.0 0.0 0.0 22441300.0 2443370000.0 629041000.0 10251600.0 186536.0 -1.64 4.047 [-1.64]
74131000000000.0 839509000000000.0 18963500000.0 5298570000.0 2609090.0 5779060000.0 129530000.0 1354.64 4312430000.0 719017000.0 0.0 0.0 21605600.0 2370720000.0 577172000.0 9062080.0 159169.0 -1.62 4.045 [-1.62]
74131000000000.0 802158000000000.0 18352500000.0 4901860000.0 2235270.0 5540610000.0 114042000.0 1099.37 4316440000.0 632042000.0 0.0 0.0 20795400.0 2298920000.0 529035000.0 8006320.0 135758.0 -1.6 4.044 [-1.6]
74131000000000.0 767092000000000.0 17768000000.0 4540080000.0 1918930.0 5315590000.0 100560000.0 894.252 4319800000.0 556407000.0 0.0 0.0 20029600.0 2229780000.0 485490000.0 7085530.0 116074.0 -1.58 4.042 [-1.58]
74131000000000.0 733831000000000.0 17203700000.0 4206730000.0 1648990.0 5101120000.0 88737600.0 0.0 4322540000.0 490140000.0 0.0 0.0 19298700.0 2162610000.0 445722000.0 6275960.0 99382.5 -1.56 4.04 [-1.56]
74131000000000.0 701894000000000.0 16652300000.0 3895940000.0 1416610.0 4894210000.0 78284500.0 0.0 4324690000.0 431624000.0 0.0 0.0 18592500.0 2096640000.0 408940000.0 5558030.0 85097.9 -1.54 4.038 [-1.54]
74131000000000.0 671217000000000.0 16113800000.0 3606230000.0 1216600.0 4694590000.0 69043200.0 0.0 4326290000.0 379960000.0 0.0 0.0 17910100.0 2031910000.0 374929000.0 4921390.0 72870.8 -1.52 4.037 [-1.52]
74131000000000.0 642480000000000.0 15601200000.0 3342790000.0 1047370.0 4506890000.0 61004100.0 0.0 4327400000.0 335059000.0 0.0 0.0 17267300.0 1969980000.0 344310000.0 4366250.0 62581.2 -1.5 4.035 [-1.5]
74131000000000.0 614858000000000.0 15100800000.0 3097100000.0 901456.0 4325770000.0 53888000.0 0.0 4328000000.0 295370000.0 0.0 0.0 16646200.0 1909310000.0 315989000.0 3873260.0 53752.3 -1.48 4.033 [-1.48]
74131000000000.0 588536000000000.0 14616800000.0 2869970000.0 776411.0 4152570000.0 47624600.0 0.0 4328140000.0 260485000.0 0.0 0.0 16051200.0 1850410000.0 290044000.0 3438010.0 46220.4 -1.46 4.031 [-1.46]
74131000000000.0 563218000000000.0 14144600000.0 2658120000.0 668540.0 3985410000.0 42077900.0 0.0 4327830000.0 229639000.0 0.0 0.0 15476000.0 1792770000.0 266052000.0 3051280.0 39749.9 -1.44 4.03 [-1.44]
74131000000000.0 539541000000000.0 13696800000.0 2465930000.0 577229.0 3828620000.0 37253000.0 0.0 4327150000.0 202839000.0 0.0 0.0 14935600.0 1737940000.0 244517000.0 2713910.0 34294.5 -1.42 4.028 [-1.42]
74131000000000.0 516525000000000.0 13255700000.0 2284830000.0 497783.0 3675740000.0 32947300.0 0.0 4326030000.0 178969000.0 0.0 0.0 14407900.0 1683810000.0 224384000.0 2411750.0 29563.5 -1.4 4.026 [-1.4]
74131000000000.0 495020000000000.0 12838300000.0 2120710000.0 430505.0 3532500000.0 29201600.0 0.0 4324600000.0 158228000.0 0.0 0.0 13912700.0 1632450000.0 206337000.0 2148040.0 25570.0 -1.38 4.025 [-1.38]
74131000000000.0 474089000000000.0 12427000000.0 1965900000.0 371865.0 3392700000.0 25854200.0 0.0 4322750000.0 139733000.0 0.0 0.0 13428700.0 1581770000.0 189450000.0 1911500.0 22098.0 -1.36 4.023 [-1.36]
74131000000000.0 454339000000000.0 12034200000.0 1824280000.0 321830.0 3260440000.0 22922300.0 0.0 4320600000.0 123559000.0 0.0 0.0 12970200.0 1533280000.0 174161000.0 1703590.0 19142.5 -1.34 4.021 [-1.34]
74131000000000.0 435503000000000.0 11655400000.0 1693370000.0 278781.0 3134000000.0 20334700.0 0.0 4318140000.0 109311000.0 0.0 0.0 12531300.0 1486440000.0 160161000.0 1519400.0 16604.3 -1.32 4.02 [-1.32]
74131000000000.0 417538000000000.0 11290000000.0 1572340000.0 241716.0 3013090000.0 18049900.0 0.0 4315370000.0 96756000.0 0.0 0.0 12111100.0 1441230000.0 147342000.0 1356150.0 14422.2 -1.3 4.018 [-1.3]
74131000000000.0 400400000000000.0 10937800000.0 1460420000.0 209781.0 2897490000.0 16031700.0 0.0 4312320000.0 85687600.0 0.0 0.0 11709000.0 1397600000.0 135601000.0 1211370.0 12544.2 -1.28 4.017 [-1.28]
74131000000000.0 384050000000000.0 10598300000.0 1356940000.0 182245.0 2786950000.0 14247900.0 0.0 4308990000.0 75926000.0 0.0 0.0 11324000.0 1355510000.0 124848000.0 1082890.0 10925.8 -1.26 4.015 [-1.26]
74131000000000.0 368524000000000.0 10272800000.0 1261670000.0 158555.0 2681730000.0 12675100.0 0.0 4305440000.0 67338100.0 0.0 0.0 10957300.0 1315140000.0 115042000.0 969136.0 9533.85 -1.24 4.013 [-1.24]
74131000000000.0 353561000000000.0 9956050000.0 1172680000.0 137960.0 2580100000.0 11274900.0 0.0 4301580000.0 59710400.0 0.0 0.0 10602700.0 1275840000.0 105972000.0 867430.0 8323.78 -1.22 4.012 [-1.22]
74131000000000.0 339420000000000.0 9653990000.0 1091160000.0 120277.0 2483830000.0 10043100.0 0.0 4297540000.0 53016300.0 0.0 0.0 10266800.0 1238350000.0 97737400.0 777563.0 7283.98 -1.2 4.01 [-1.2]
74131000000000.0 325852000000000.0 9361600000.0 1015330000.0 104924.0 2391260000.0 8948510.0 0.0 4293250000.0 47082100.0 0.0 0.0 9943480.0 1202070000.0 90152600.0 697341.0 6380.53 -1.18 4.009 [-1.18]
74131000000000.0 312898000000000.0 9080040000.0 945148000.0 91629.4 2302680000.0 7978410.0 0.0 4288750000.0 41836600.0 0.0 0.0 9634000.0 1167130000.0 83198100.0 625915.0 5597.23 -1.16 4.007 [-1.16]
74131000000000.0 300527000000000.0 8808940000.0 880168000.0 80107.3 2217890000.0 7118130.0 0.0 4284050000.0 37197300.0 0.0 0.0 9337710.0 1133500000.0 76819000.0 562275.0 4917.19 -1.14 4.006 [-1.14]
74131000000000.0 288712000000000.0 8547930000.0 819990000.0 70111.7 2136730000.0 6354810.0 0.0 4279150000.0 33092100.0 0.0 0.0 9054030.0 1101140000.0 70966100.0 505530.0 4326.04 -1.12 4.004 [-1.12]
74131000000000.0 277425000000000.0 8296660000.0 764248000.0 61432.4 2059010000.0 5677100.0 0.0 4274070000.0 29457800.0 0.0 0.0 8782400.0 1070000000.0 65594400.0 454898.0 3811.49 -1.1 4.003 [-1.1]
74131000000000.0 266641000000000.0 8054790000.0 712598000.0 53888.6 1984590000.0 5075060.0 0.0 4268810000.0 26238500.0 0.0 0.0 8522300.0 1040050000.0 60662700.0 409688.0 3363.02 -1.08 4.001 [-1.08]
74131000000000.0 256334000000000.0 7821950000.0 664723000.0 47325.0 1913290000.0 4539860.0 0.0 4263400000.0 23385300.0 0.0 0.0 8273190.0 1011230000.0 56132400.0 369285.0 2971.6 -1.06 4.0 [-1.06]
74131000000000.0 246484000000000.0 7597840000.0 620338000.0 41608.9 1844970000.0 4063820.0 0.0 4257820000.0 20855400.0 0.0 0.0 8034610.0 983525000.0 51969900.0 333155.0 2629.53 -1.04 3.998 [-1.04]
74131000000000.0 237067000000000.0 7382100000.0 579169000.0 36625.3 1779500000.0 3640100.0 0.0 4252100000.0 18610600.0 0.0 0.0 7806070.0 956880000.0 48143300.0 300817.0 2330.17 -1.02 3.997 [-1.02]
