Cloudy_runs/h1821/z=0.224981/logZ=-1/component_I_PI_nH/component_I_PI_nH_col_density_param.txt
# %ECSV 1.0
# ---
# datatype:
# - {name: H, datatype: float64}
# - {name: H+, datatype: float64}
# - {name: C+, datatype: float64}
# - {name: C+2, datatype: float64}
# - {name: C+3, datatype: float64}
# - {name: N+, datatype: float64}
# - {name: N+2, datatype: float64}
# - {name: N+4, datatype: float64}
# - {name: O, datatype: float64}
# - {name: O+2, datatype: float64}
# - {name: O+5, datatype: float64}
# - {name: O+6, datatype: float64}
# - {name: P+, datatype: float64}
# - {name: Si+, datatype: float64}
# - {name: Si+2, datatype: float64}
# - {name: Si+3, datatype: float64}
# - {name: Si+4, datatype: float64}
# - {name: log_nH, datatype: float64}
# - {name: log_Te, datatype: float64}
# - {name: parameters, datatype: string, subtype: 'float64[1]'}
# schema: astropy-2.0
H H+ C+ C+2 C+3 N+ N+2 N+4 O O+2 O+5 O+6 P+ Si+ Si+2 Si+3 Si+4 log_nH log_Te parameters
[from data line 289]
74131000000000.0 13824700000000.0 1312250000.0 4029410.0 0.0 88681700.0 889.258 0.0 3753140000.0 5397.71 0.0 0.0 2255490.0 281100000.0 188511.0 466.641 0.0 0.78 3.825 [0.78]
74131000000000.0 13383800000000.0 1292000000.0 3822350.0 0.0 84062200.0 796.854 0.0 3750100000.0 5009.96 0.0 0.0 2244210.0 279630000.0 166327.0 442.69 0.0 0.8 3.817 [0.8]
74131000000000.0 9432470000000.0 1194780000.0 2876890.0 0.0 21816700.0 186.827 0.0 3737070000.0 4515.72 0.0 0.0 2142680.0 263147000.0 446.332 423.628 0.0 0.82 3.428 [0.82]
74130900000000.0 9066510000000.0 1169710000.0 2706440.0 0.0 20051300.0 164.387 0.0 3734700000.0 4163.17 0.0 0.0 2133320.0 261682000.0 374.141 401.901 0.0 0.84 3.409 [0.84]
74131000000000.0 8731050000000.0 1145630000.0 2551120.0 0.0 18562300.0 145.693 0.0 3732440000.0 3840.07 0.0 0.0 2124740.0 260337000.0 328.333 381.386 0.0 0.86 3.392 [0.86]
74131000000000.0 8416480000000.0 1122090000.0 2407060.0 0.0 17262500.0 129.729 0.0 3730230000.0 3542.21 0.0 0.0 2116680.0 259067000.0 296.242 361.975 0.0 0.88 3.377 [0.88]
74131000000000.0 8118640000000.0 1098970000.0 2272540.0 0.0 16105900.0 115.908 0.0 3728090000.0 3267.3 0.0 0.0 2109040.0 257856000.0 272.028 343.598 0.0 0.9 3.362 [0.9]
74131000000000.0 7836990000000.0 1076350000.0 2147080.0 0.0 15067500.0 103.86 0.0 3726020000.0 3014.23 0.0 0.0 2101810.0 256701000.0 252.717 326.214 0.0 0.92 3.348 [0.92]
74131000000000.0 7569400000000.0 1054160000.0 2029670.0 0.0 14126300.0 93.2853 0.0 3724020000.0 2781.02 0.0 0.0 2094930.0 255594000.0 236.601 309.758 0.0 0.94 3.335 [0.94]
74131000000000.0 7312780000000.0 1032220000.0 1918970.0 0.0 13265000.0 83.9388 0.0 3722070000.0 2565.37 0.0 0.0 2088330.0 254520000.0 222.659 294.161 0.0 0.96 3.322 [0.96]
74131000000000.0 7066950000000.0 1010590000.0 1814710.0 0.0 12473900.0 75.6545 0.0 3720180000.0 2366.24 0.0 0.0 2081990.0 253480000.0 210.283 279.381 0.0 0.98 3.31 [0.98]
74131000000000.0 6830560000000.0 989184000.0 1716190.0 0.0 11743100.0 68.2817 0.0 3718340000.0 2182.13 0.0 0.0 2075900.0 252466000.0 199.077 265.366 0.0 1.0 3.297 [1.0]
