Cloudy_runs/h1821/z=0.224981/logZ=-1/component_I_PI_nH/component_I_PI_nH_col_density_param.txt
# %ECSV 1.0
# ---
# datatype:
# - {name: H, datatype: float64}
# - {name: H+, datatype: float64}
# - {name: C+, datatype: float64}
# - {name: C+2, datatype: float64}
# - {name: C+3, datatype: float64}
# - {name: N+, datatype: float64}
# - {name: N+2, datatype: float64}
# - {name: N+4, datatype: float64}
# - {name: O, datatype: float64}
# - {name: O+2, datatype: float64}
# - {name: O+5, datatype: float64}
# - {name: O+6, datatype: float64}
# - {name: P+, datatype: float64}
# - {name: Si+, datatype: float64}
# - {name: Si+2, datatype: float64}
# - {name: Si+3, datatype: float64}
# - {name: Si+4, datatype: float64}
# - {name: log_nH, datatype: float64}
# - {name: log_Te, datatype: float64}
# - {name: parameters, datatype: string, subtype: 'float64[1]'}
# schema: astropy-2.0
H H+ C+ C+2 C+3 N+ N+2 N+4 O O+2 O+5 O+6 P+ Si+ Si+2 Si+3 Si+4 log_nH log_Te parameters
74131000000000.0 4.55483e+18 2268380000.0 464586000000.0 2515750000000.0 157751000.0 68589800000.0 2995570000000.0 9083.18 172883000000.0 46698000000000.0 112988000000000.0 53292.4 789901.0 49805400.0 325032000.0 55722200000.0 -5.0 4.597 [-5.0]
74131000000000.0 4.30603e+18 2482630000.0 495476000000.0 2579700000000.0 173283000.0 73620900000.0 2992760000000.0 10170.7 186570000000.0 45179300000000.0 103783000000000.0 63688.8 954028.0 58653100.0 369970000.0 60005100000.0 -4.98 4.592 [-4.98]
74131000000000.0 4.07182e+18 2713700000.0 527679000000.0 2641820000000.0 190240000.0 78953800000.0 2985790000000.0 11391.1 201160000000.0 43622300000000.0 95166500000000.0 75967.3 1149760.0 68948100.0 420397000.0 64518900000.0 -4.96 4.586 [-4.96]
74131000000000.0 3.8513e+18 2962740000.0 561209000000.0 2701950000000.0 208747000.0 84600900000.0 2974660000000.0 12760.9 216688000000.0 42033700000000.0 87115500000000.0 90445.0 1382680.0 80906200.0 476878000.0 69266900000.0 -4.94 4.581 [-4.94]
74131000000000.0 3.64354e+18 3230810000.0 596074000000.0 2759970000000.0 228917000.0 90571300000.0 2959390000000.0 14297.2 233181000000.0 40419800000000.0 79605400000000.0 107484.0 1659320.0 94773100.0 540041000.0 74252800000.0 -4.92 4.576 [-4.92]
74131000000000.0 3.44774e+18 3519130000.0 632283000000.0 2815750000000.0 250887000.0 96875700000.0 2939990000000.0 16020.1 250666000000.0 38787300000000.0 72613200000000.0 127505.0 1987200.0 110826000.0 610553000.0 79478500000.0 -4.9 4.571 [-4.9]
74131000000000.0 3.26313e+18 3828940000.0 669839000000.0 2869180000000.0 274791000.0 103523000000.0 2916490000000.0 17951.6 269166000000.0 37143000000000.0 66115700000000.0 150989.0 2375030.0 129379000.0 689138000.0 84945400000.0 -4.88 4.566 [-4.88]
74131000000000.0 3.08903e+18 4161570000.0 708745000000.0 2920130000000.0 300778000.0 110521000000.0 2888940000000.0 20116.7 288702000000.0 35493500000000.0 60089900000000.0 178492.0 2832870.0 150785000.0 776566000.0 90653500000.0 -4.86 4.561 [-4.86]
74131000000000.0 2.92473e+18 4518220000.0 748993000000.0 2968510000000.0 328978000.0 117872000000.0 2857390000000.0 22540.3 309279000000.0 33845100000000.0 54511700000000.0 210638.0 3372270.0 175443000.0 873693000.0 96603100000.0 -4.84 4.556 [-4.84]
74131000000000.0 2.76965e+18 4900280000.0 790576000000.0 3014210000000.0 359545000.0 125583000000.0 2821910000000.0 25252.8 330906000000.0 32204200000000.0 49358600000000.0 248148.0 4006480.0 203800000.0 981406000.0 102792000000.0 -4.82 4.552 [-4.82]
74131000000000.0 2.62321e+18 5309140000.0 833479000000.0 3057120000000.0 392630000.0 133655000000.0 2782580000000.0 28286.8 353588000000.0 30577100000000.0 44608300000000.0 291840.0 4750700.0 236357000.0 1100670000.0 109216000000.0 -4.8 4.547 [-4.8]
74131000000000.0 2.48489e+18 5746210000.0 877686000000.0 3097170000000.0 428386000.0 142087000000.0 2739510000000.0 31678.1 377318000000.0 28969500000000.0 40238100000000.0 342644.0 5622280.0 273676000.0 1232510000.0 115873000000.0 -4.78 4.543 [-4.78]
74131000000000.0 2.35424e+18 6213350000.0 923187000000.0 3134240000000.0 467013000.0 150883000000.0 2692810000000.0 35472.3 402108000000.0 27387300000000.0 36227600000000.0 401644.0 6641040.0 316380000.0 1377970000.0 122754000000.0 -4.76 4.538 [-4.76]
74131000000000.0 2.23078e+18 6711850000.0 969948000000.0 3168260000000.0 508647000.0 160034000000.0 2642600000000.0 39711.4 427933000000.0 25835400000000.0 32554300000000.0 470027.0 7829480.0 365170000.0 1538220000.0 129853000000.0 -4.74 4.534 [-4.74]
74131000000000.0 2.11403e+18 7242860000.0 1017910000000.0 3199160000000.0 553406000.0 169526000000.0 2589040000000.0 44439.9 454755000000.0 24318600000000.0 29196700000000.0 549105.0 9212930.0 420820000.0 1714520000.0 137162000000.0 -4.72 4.53 [-4.72]
74131000000000.0 2.00361e+18 7807910000.0 1067050000000.0 3226840000000.0 601445000.0 179350000000.0 2532280000000.0 49712.6 482550000000.0 22841400000000.0 26134600000000.0 640394.0 10820200.0 484191000.0 1908160000.0 144671000000.0 -4.7 4.526 [-4.7]
74131000000000.0 1.89915e+18 8408450000.0 1117300000000.0 3251260000000.0 652904000.0 189489000000.0 2472500000000.0 55588.5 511283000000.0 21407600000000.0 23348300000000.0 745579.0 12683700.0 556235000.0 2120520000.0 152367000000.0 -4.68 4.521 [-4.68]
74131000000000.0 1.8003e+18 9045780000.0 1168590000000.0 3272300000000.0 707913000.0 199926000000.0 2409910000000.0 62133.2 540914000000.0 20020600000000.0 20818700000000.0 866544.0 14839900.0 638004000.0 2353020000.0 160238000000.0 -4.66 4.517 [-4.66]
74131000000000.0 1.70673e+18 9721210000.0 1220860000000.0 3289930000000.0 766591000.0 210638000000.0 2344720000000.0 69418.7 571395000000.0 18683500000000.0 18527200000000.0 1005380.0 17329600.0 730653000.0 2607190000.0 168267000000.0 -4.64 4.513 [-4.64]
74131000000000.0 1.61814e+18 10436000000.0 1274020000000.0 3304070000000.0 829051000.0 221600000000.0 2277150000000.0 77525.8 602678000000.0 17398700000000.0 16456200000000.0 1164430.0 20198300.0 835454000.0 2884580000.0 176437000000.0 -4.62 4.509 [-4.62]
74131000000000.0 1.53425e+18 11191400000.0 1327970000000.0 3314670000000.0 895389000.0 232782000000.0 2207460000000.0 86544.4 634708000000.0 16168000000000.0 14588800000000.0 1346270.0 23497100.0 953799000.0 3186840000.0 184728000000.0 -4.6 4.505 [-4.6]
74131000000000.0 1.4548e+18 11988600000.0 1382630000000.0 3321680000000.0 965698000.0 244155000000.0 2135900000000.0 96574.4 667427000000.0 14993000000000.0 12908600000000.0 1553760.0 27282400.0 1087210000.0 3515660000.0 193121000000.0 -4.58 4.501 [-4.58]
74131000000000.0 1.37953e+18 12828100000.0 1437860000000.0 3325030000000.0 1040020000.0 255680000000.0 2062750000000.0 107723.0 700763000000.0 13874500000000.0 11400400000000.0 1789990.0 31616400.0 1237350000.0 3872810000.0 201593000000.0 -4.56 4.497 [-4.56]
74131000000000.0 1.30821e+18 13711000000.0 1493540000000.0 3324690000000.0 1118400000.0 267321000000.0 1988270000000.0 120116.0 734655000000.0 12813200000000.0 10049500000000.0 2058440.0 36568200.0 1406020000.0 4260110000.0 210118000000.0 -4.54 4.493 [-4.54]
74131000000000.0 1.24064e+18 14638200000.0 1549550000000.0 3320620000000.0 1200920000.0 279041000000.0 1912770000000.0 133895.0 769040000000.0 11809100000000.0 8842330000000.0 2362900.0 42214000.0 1595170000.0 4679350000.0 218670000000.0 -4.52 4.489 [-4.52]
74131000000000.0 1.1766e+18 15610200000.0 1605740000000.0 3312800000000.0 1287590000.0 290797000000.0 1836530000000.0 149217.0 803849000000.0 10861800000000.0 7765960000000.0 2707520.0 48637200.0 1806910000.0 5132400000.0 227221000000.0 -4.5 4.485 [-4.5]
74131000000000.0 1.1159e+18 16627600000.0 1661960000000.0 3301180000000.0 1378420000.0 302549000000.0 1759860000000.0 166260.0 839012000000.0 9970880000000.0 6808340000000.0 3096820.0 55929000.0 2043530000.0 5621130000.0 235741000000.0 -4.48 4.482 [-4.48]
74131000000000.0 1.05837e+18 17690700000.0 1718040000000.0 3285770000000.0 1473410000.0 314251000000.0 1683030000000.0 185222.0 874457000000.0 9135170000000.0 5958200000000.0 3535710.0 64188900.0 2307450000.0 6147430000.0 244197000000.0 -4.46 4.478 [-4.46]
74131000000000.0 1.00385e+18 18799600000.0 1773810000000.0 3266550000000.0 1572550000.0 325860000000.0 1606340000000.0 206329.0 910113000000.0 8353460000000.0 5205110000000.0 4029430.0 73525000.0 2601300000.0 6713150000.0 252558000000.0 -4.44 4.474 [-4.44]
74131000000000.0 9.52159e+17 19954400000.0 1829090000000.0 3243520000000.0 1675810000.0 337330000000.0 1530080000000.0 229833.0 945906000000.0 7624210000000.0 4539380000000.0 4583780.0 84054400.0 2927860000.0 7320110000.0 260788000000.0 -4.42 4.47 [-4.42]
74131000000000.0 9.03159e+17 21154600000.0 1883690000000.0 3216700000000.0 1783140000.0 348618000000.0 1454510000000.0 256024.0 981767000000.0 6945650000000.0 3952080000000.0 5204990.0 95903700.0 3290100000.0 7970120000.0 268853000000.0 -4.4 4.466 [-4.4]
74131000000000.0 8.56704e+17 22399300000.0 1937390000000.0 3186100000000.0 1894450000.0 359674000000.0 1379900000000.0 285216.0 1017620000000.0 6315910000000.0 3435050000000.0 5899540.0 109207000.0 3691120000.0 8664920000.0 276715000000.0 -4.38 4.462 [-4.38]
74131000000000.0 8.12666e+17 23688900000.0 1990020000000.0 3151780000000.0 2009780000.0 370464000000.0 1306490000000.0 317794.0 1053400000000.0 5732900000000.0 2980790000000.0 6674920.0 124114000.0 4134270000.0 9406010000.0 284336000000.0 -4.36 4.459 [-4.36]
74131000000000.0 7.70919e+17 25021900000.0 2041360000000.0 3113770000000.0 2129020000.0 380943000000.0 1234510000000.0 354166.0 1089030000000.0 5194490000000.0 2582460000000.0 7538630.0 140777000.0 4623010000.0 10194900000.0 291679000000.0 -4.34 4.455 [-4.34]
74131000000000.0 7.3134e+17 26397200000.0 2091190000000.0 3072140000000.0 2252080000.0 391070000000.0 1164170000000.0 394801.0 1124450000000.0 4698450000000.0 2233860000000.0 8498760.0 159362000.0 5160940000.0 11032900000.0 298705000000.0 -4.32 4.451 [-4.32]
74131000000000.0 6.93811e+17 27815000000.0 2139350000000.0 3026950000000.0 2379060000.0 400818000000.0 1095640000000.0 440268.0 1159610000000.0 4242350000000.0 1929260000000.0 9564740.0 180057000.0 5752050000.0 11921300000.0 305377000000.0 -4.3 4.447 [-4.3]
74131000000000.0 6.58249e+17 29269600000.0 2185490000000.0 2978340000000.0 2509520000.0 410127000000.0 1029150000000.0 491081.0 1194380000000.0 3824330000000.0 1663810000000.0 10743500.0 203014000.0 6399620000.0 12860600000.0 311653000000.0 -4.28 4.443 [-4.28]
74131000000000.0 6.24511e+17 30762900000.0 2229520000000.0 2926350000000.0 2643720000.0 418986000000.0 964757000000.0 548021.0 1228760000000.0 3441550000000.0 1432610000000.0 12047000.0 228467000.0 7108460000.0 13852200000.0 317500000000.0 -4.26 4.44 [-4.26]
74131000000000.0 5.92549e+17 32290000000.0 2271150000000.0 2871190000000.0 2781350000.0 427351000000.0 902683000000.0 611769.0 1262620000000.0 3092280000000.0 1231880000000.0 13482900.0 256577000.0 7881760000.0 14895500000.0 322875000000.0 -4.24 4.436 [-4.24]
74131000000000.0 5.62237e+17 33850300000.0 2310220000000.0 2812930000000.0 2922500000.0 435203000000.0 842959000000.0 683265.0 1295950000000.0 2773910000000.0 1057720000000.0 15063100.0 287587000.0 8724330000.0 15991300000.0 327746000000.0 -4.22 4.432 [-4.22]
74131000000000.0 5.33499e+17 35440500000.0 2346510000000.0 2751750000000.0 3067060000.0 442515000000.0 785688000000.0 763472.0 1328660000000.0 2484410000000.0 906907000000.0 16797700.0 321702000.0 9640070000.0 17139100000.0 332077000000.0 -4.2 4.429 [-4.2]
74131000000000.0 5.06251e+17 37057000000.0 2379820000000.0 2687820000000.0 3214890000.0 449263000000.0 730924000000.0 853494.0 1360700000000.0 2221680000000.0 776526000000.0 18696900.0 359143000.0 10633100000.0 18338300000.0 335836000000.0 -4.18 4.425 [-4.18]
74131000000000.0 4.80418e+17 38700600000.0 2410060000000.0 2621310000000.0 3366280000.0 455444000000.0 678692000000.0 954682.0 1392020000000.0 1983640000000.0 663975000000.0 20774700.0 400172000.0 11707900000.0 19587200000.0 338991000000.0 -4.16 4.421 [-4.16]
74131000000000.0 4.55925e+17 40357200000.0 2436800000000.0 2552490000000.0 3520300000.0 461001000000.0 629063000000.0 1068200.0 1422480000000.0 1768590000000.0 567021000000.0 23034400.0 444917000.0 12866700000.0 20884800000.0 341509000000.0 -4.14 4.418 [-4.14]
74131000000000.0 4.32709e+17 42038500000.0 2460270000000.0 2481480000000.0 3678150000.0 465977000000.0 581974000000.0 1196010.0 1452160000000.0 1574440000000.0 483577000000.0 25497800.0 493752000.0 14115700000.0 22227800000.0 343371000000.0 -4.12 4.414 [-4.12]
74131000000000.0 4.10695e+17 43727800000.0 2480020000000.0 2408600000000.0 3838730000.0 470317000000.0 537455000000.0 1339610.0 1480890000000.0 1399620000000.0 411894000000.0 28165500.0 546783000.0 15456200000.0 23614500000.0 344549000000.0 -4.1 4.411 [-4.1]
74131000000000.0 3.89829e+17 45423500000.0 2496010000000.0 2334080000000.0 4002200000.0 474025000000.0 495476000000.0 1501040.0 1508630000000.0 1242500000000.0 350415000000.0 31048500.0 604236000.0 16891400000.0 25040900000.0 345025000000.0 -4.08 4.407 [-4.08]
74131000000000.0 3.70038e+17 47124300000.0 2508200000000.0 2258110000000.0 4168760000.0 477104000000.0 455962000000.0 1682720.0 1535360000000.0 1101430000000.0 297726000000.0 34159000.0 666381000.0 18424900000.0 26503500000.0 344781000000.0 -4.06 4.404 [-4.06]
74131000000000.0 3.51273e+17 48823300000.0 2516470000000.0 2181010000000.0 4338170000.0 479544000000.0 418878000000.0 1887090.0 1561000000000.0 975041000000.0 252654000000.0 37502100.0 733368000.0 20057800000.0 27997200000.0 343806000000.0 -4.04 4.4 [-4.04]
74131000000000.0 3.33475e+17 50516300000.0 2520760000000.0 2103000000000.0 4510410000.0 481346000000.0 384147000000.0 2117090.0 1585520000000.0 861964000000.0 214139000000.0 41084800.0 805394000.0 21791900000.0 29517000000.0 342088000000.0 -4.02 4.397 [-4.02]
74131000000000.0 3.16588e+17 52200400000.0 2521070000000.0 2024320000000.0 4685600000.0 482516000000.0 351683000000.0 2376050.0 1608860000000.0 760919000000.0 181260000000.0 44914600.0 882666000.0 23628500000.0 31056800000.0 339623000000.0 -4.0 4.393 [-4.0]
74131000000000.0 3.00588e+17 53864200000.0 2517340000000.0 1945380000000.0 4863130000.0 483049000000.0 321459000000.0 2667110.0 1630940000000.0 670922000000.0 153271000000.0 48984000.0 965118000.0 25564300000.0 32609300000.0 336415000000.0 -3.98 4.39 [-3.98]
74131000000000.0 2.85403e+17 55509700000.0 2509650000000.0 1866300000000.0 5043530000.0 482960000000.0 293331000000.0 2994800.0 1651760000000.0 590741000000.0 129437000000.0 53304000.0 1053040000.0 27601000000.0 34167400000.0 332464000000.0 -3.96 4.386 [-3.96]
74131000000000.0 2.70994e+17 57133400000.0 2498060000000.0 1787330000000.0 5226840000.0 482260000000.0 267212000000.0 3363730.0 1671270000000.0 519424000000.0 109169000000.0 57874400.0 1146520000.0 29736300000.0 35722600000.0 327778000000.0 -3.94 4.383 [-3.94]
74131000000000.0 2.57338e+17 58719900000.0 2482540000000.0 1708910000000.0 5412120000.0 480947000000.0 243056000000.0 3778160.0 1689370000000.0 456195000000.0 91981500000.0 62672800.0 1245260000.0 31962100000.0 37266400000.0 322381000000.0 -3.92 4.38 [-3.92]
74131000000000.0 2.44374e+17 60274700000.0 2463270000000.0 1631110000000.0 5600180000.0 479044000000.0 220716000000.0 4244550.0 1706070000000.0 400109000000.0 77398600000.0 67708200.0 1349520000.0 34277700000.0 38789100000.0 316282000000.0 -3.9 4.376 [-3.9]
74131000000000.0 2.32072e+17 61787800000.0 2440310000000.0 1554210000000.0 5790500000.0 476556000000.0 200111000000.0 4768890.0 1721300000000.0 350463000000.0 65047500000.0 72960400.0 1459050000.0 36674200000.0 40281100000.0 309508000000.0 -3.88 4.373 [-3.88]
74131000000000.0 2.20403e+17 63262000000.0 2413920000000.0 1478460000000.0 5983570000.0 473514000000.0 181148000000.0 5358310.0 1735050000000.0 306587000000.0 54603100000.0 78424300.0 1573810000.0 39145300000.0 41730200000.0 302096000000.0 -3.86 4.37 [-3.86]
74131000000000.0 2.09325e+17 64684000000.0 2384100000000.0 1404040000000.0 6178640000.0 469915000000.0 163725000000.0 6020540.0 1747250000000.0 267853000000.0 45776800000.0 84069200.0 1693430000.0 41678700000.0 43127900000.0 294072000000.0 -3.84 4.366 [-3.84]
74131000000000.0 1.98799e+17 66055200000.0 2351040000000.0 1331090000000.0 6376090000.0 465780000000.0 147736000000.0 6764970.0 1757860000000.0 233679000000.0 38322800000.0 89883700.0 1817780000.0 44265400000.0 44462100000.0 285471000000.0 -3.82 4.363 [-3.82]
74131000000000.0 1.88818e+17 67369800000.0 2315030000000.0 1259930000000.0 6575610000.0 461140000000.0 133116000000.0 7600160.0 1766850000000.0 203625000000.0 32046300000.0 95833600.0 1946250000.0 46889300000.0 45721100000.0 276357000000.0 -3.8 4.36 [-3.8]
74131000000000.0 1.79342e+17 68626400000.0 2276230000000.0 1190630000000.0 6777320000.0 456011000000.0 119761000000.0 8537440.0 1774200000000.0 177203000000.0 26763000000.0 101897000.0 2078510000.0 49537200000.0 46893700000.0 266771000000.0 -3.78 4.356 [-3.78]
