Cloudy_runs/pg1222/z=0.378389/component_II_PI_nH/component_II_PI_nH_col_density_param.txt
# %ECSV 1.0
# ---
# datatype:
# - {name: H, datatype: float64}
# - {name: H+, datatype: float64}
# - {name: C+, datatype: float64}
# - {name: C+2, datatype: float64}
# - {name: C+3, datatype: float64}
# - {name: N+2, datatype: float64}
# - {name: N+4, datatype: float64}
# - {name: O, datatype: float64}
# - {name: O+2, datatype: float64}
# - {name: O+5, datatype: float64}
# - {name: O+6, datatype: float64}
# - {name: Si+, datatype: float64}
# - {name: Si+2, datatype: float64}
# - {name: Si+3, datatype: float64}
# - {name: Si+4, datatype: float64}
# - {name: log_nH, datatype: float64}
# - {name: log_Te, datatype: float64}
# - {name: parameters, datatype: string, subtype: 'float64[1]'}
# schema: astropy-2.0
H H+ C+ C+2 C+3 N+2 N+4 O O+2 O+5 O+6 Si+ Si+2 Si+3 Si+4 log_nH log_Te parameters
34673700000000.0 3.9354e+18 367251000.0 107757000000.0 913093000000.0 15268500000.0 1426410000000.0 1157.15 36893200000.0 29562100000000.0 117852000000000.0 50887.0 4374670.0 41816000.0 12554800000.0 -5.0 4.654 [-5.0]
34673700000000.0 3.71109e+18 407785000.0 116630000000.0 948697000000.0 16526300000.0 1443080000000.0 1294.89 40101300000.0 29104400000000.0 109825000000000.0 62892.9 5248910.0 48415600.0 13722900000.0 -4.98 4.648 [-4.98]
34673700000000.0 3.50068e+18 451963000.0 126006000000.0 984149000000.0 17869700000.0 1457930000000.0 1449.1 43560400000.0 28603600000000.0 102198000000000.0 77522.2 6284140.0 55948000.0 14974700000.0 -4.96 4.641 [-4.96]
34673700000000.0 3.30324e+18 500047000.0 135898000000.0 1019360000000.0 19303800000.0 1470900000000.0 1621.89 47287900000.0 28061600000000.0 94963900000000.0 95304.1 7507490.0 64528200.0 16313700000.0 -4.94 4.635 [-4.94]
34673700000000.0 3.11789e+18 552322000.0 146318000000.0 1054240000000.0 20833900000.0 1481970000000.0 1815.65 51301600000.0 27480500000000.0 88112500000000.0 116866.0 8950360.0 74283500.0 17743500000.0 -4.92 4.628 [-4.92]
34673700000000.0 2.94382e+18 609086000.0 157277000000.0 1088720000000.0 22465600000.0 1491120000000.0 2033.03 55619700000.0 26862500000000.0 81633800000000.0 142953.0 10648900.0 85354400.0 19267700000.0 -4.9 4.622 [-4.9]
34673700000000.0 2.78028e+18 670660000.0 168787000000.0 1122700000000.0 24204600000.0 1498300000000.0 2277.07 60260800000.0 26210300000000.0 75516900000000.0 174440.0 12644500.0 97894700.0 20889500000.0 -4.88 4.616 [-4.88]
34673700000000.0 2.62658e+18 737382000.0 180859000000.0 1156120000000.0 26056600000.0 1503520000000.0 2551.14 65243600000.0 25526200000000.0 69750800000000.0 212362.0 14984900.0 112074000.0 22612200000.0 -4.86 4.611 [-4.86]
34673700000000.0 2.48206e+18 809614000.0 193503000000.0 1188880000000.0 28027500000.0 1506740000000.0 2859.04 70586600000.0 24813100000000.0 64323800000000.0 257935.0 17724700.0 128077000.0 24438800000.0 -4.84 4.605 [-4.84]
34673700000000.0 2.34612e+18 887731000.0 206728000000.0 1220940000000.0 30123200000.0 1507960000000.0 3204.98 76307700000.0 24073900000000.0 59224300000000.0 312586.0 20926400.0 146106000.0 26372200000.0 -4.82 4.599 [-4.82]
34673700000000.0 2.21819e+18 972135000.0 220543000000.0 1252200000000.0 32349400000.0 1507170000000.0 3593.65 82424600000.0 23311400000000.0 54440200000000.0 377985.0 24661200.0 166383000.0 28415100000.0 -4.8 4.594 [-4.8]
34673700000000.0 2.09776e+18 1063260000.0 234958000000.0 1282600000000.0 34712300000.0 1504360000000.0 4030.45 88955200000.0 22528800000000.0 49959600000000.0 456087.0 29010200.0 189148000.0 30569800000.0 -4.78 4.589 [-4.78]
34673700000000.0 1.98434e+18 1161550000.0 249979000000.0 1312090000000.0 37217200000.0 1499530000000.0 4521.27 95915700000.0 21729200000000.0 45770600000000.0 549166.0 34065900.0 214660000.0 32838200000.0 -4.76 4.583 [-4.76]
34673700000000.0 1.87748e+18 1267480000.0 265613000000.0 1340590000000.0 39869600000.0 1492680000000.0 5072.63 103321000000.0 20915900000000.0 41860800000000.0 659875.0 39933300.0 243204000.0 35222200000.0 -4.74 4.578 [-4.74]
34673700000000.0 1.77676e+18 1381530000.0 281866000000.0 1368060000000.0 42674600000.0 1483830000000.0 5691.84 111184000000.0 20092200000000.0 38218300000000.0 791284.0 46730900.0 275085000.0 37722900000.0 -4.72 4.573 [-4.72]
34673700000000.0 1.68179e+18 1504240000.0 298742000000.0 1394430000000.0 45636800000.0 1472970000000.0 6387.02 119518000000.0 19261300000000.0 34831100000000.0 946957.0 54593200.0 310632000.0 40341300000.0 -4.7 4.569 [-4.7]
34673700000000.0 1.59221e+18 1636120000.0 316243000000.0 1419650000000.0 48760100000.0 1460140000000.0 7167.01 128332000000.0 18426400000000.0 31687100000000.0 1131010.0 63672000.0 350203000.0 43077800000.0 -4.68 4.564 [-4.68]
34673700000000.0 1.50769e+18 1777740000.0 334371000000.0 1443670000000.0 52048100000.0 1445350000000.0 8041.79 137633000000.0 17590900000000.0 28774400000000.0 1348190.0 74138200.0 394180000.0 45932300000.0 -4.66 4.559 [-4.66]
34673700000000.0 1.4279e+18 1929660000.0 353124000000.0 1466440000000.0 55503400000.0 1428620000000.0 9022.17 147428000000.0 16758000000000.0 26081400000000.0 1603950.0 86184200.0 442974000.0 48904400000.0 -4.64 4.555 [-4.64]
34673700000000.0 1.35255e+18 2092480000.0 372501000000.0 1487920000000.0 59127700000.0 1410000000000.0 10120.2 157719000000.0 15930700000000.0 23596400000000.0 1904550.0 100026000.0 497024000.0 51992800000.0 -4.62 4.55 [-4.62]
34673700000000.0 1.28137e+18 2266810000.0 392497000000.0 1508070000000.0 62922100000.0 1389530000000.0 11349.4 168507000000.0 15112000000000.0 21308200000000.0 2257170.0 115905000.0 556800000.0 55195700000.0 -4.6 4.546 [-4.6]
34673700000000.0 1.21411e+18 2453250000.0 413102000000.0 1526840000000.0 66885800000.0 1367250000000.0 12724.0 179788000000.0 14304700000000.0 19205400000000.0 2669990.0 134091000.0 622805000.0 58510800000.0 -4.58 4.541 [-4.58]
34673700000000.0 1.15058e+18 2652690000.0 434320000000.0 1544190000000.0 71022100000.0 1343240000000.0 14263.5 191570000000.0 13511700000000.0 17277900000000.0 3152390.0 154885000.0 695535000.0 61933900000.0 -4.56 4.537 [-4.56]
34673700000000.0 1.09049e+18 2865550000.0 456128000000.0 1560080000000.0 75324200000.0 1317530000000.0 15983.3 203834000000.0 12735200000000.0 15514100000000.0 3714920.0 178624000.0 775582000.0 65462200000.0 -4.54 4.533 [-4.54]
34673700000000.0 1.03366e+18 3092430000.0 478507000000.0 1574490000000.0 79787200000.0 1290220000000.0 17902.3 216565000000.0 11977700000000.0 13903500000000.0 4369590.0 205679000.0 863550000.0 69091200000.0 -4.52 4.529 [-4.52]
34673700000000.0 9.79886e+17 3334000000.0 501438000000.0 1587370000000.0 84406100000.0 1261370000000.0 20042.8 229751000000.0 11241100000000.0 12436300000000.0 5129940.0 236465000.0 960062000.0 72815400000.0 -4.5 4.524 [-4.5]
34673700000000.0 9.28997e+17 3590890000.0 524900000000.0 1598690000000.0 89173900000.0 1231080000000.0 22428.9 243376000000.0 10527300000000.0 11102500000000.0 6011280.0 271436000.0 1065780000.0 76628600000.0 -4.48 4.52 [-4.48]
34673700000000.0 8.80824e+17 3863720000.0 548864000000.0 1608430000000.0 94081700000.0 1199450000000.0 25086.9 257420000000.0 9837920000000.0 9892770000000.0 7030760.0 311097000.0 1181410000.0 80523800000.0 -4.46 4.516 [-4.46]
34673700000000.0 8.35212e+17 4153070000.0 573298000000.0 1616540000000.0 99119200000.0 1166580000000.0 28046.1 271861000000.0 9174260000000.0 8798000000000.0 8207590.0 356001000.0 1307660000.0 84493200000.0 -4.44 4.512 [-4.44]
34673700000000.0 7.92015e+17 4459540000.0 598168000000.0 1623000000000.0 104275000000.0 1132580000000.0 31339.2 286675000000.0 8537430000000.0 7809510000000.0 9563290.0 406756000.0 1445300000.0 88528000000.0 -4.42 4.508 [-4.42]
34673700000000.0 7.51098e+17 4783670000.0 623431000000.0 1627790000000.0 109535000000.0 1097580000000.0 35002.5 301837000000.0 7928260000000.0 6918970000000.0 11121800.0 464028000.0 1595120000.0 92618400000.0 -4.4 4.505 [-4.4]
34673700000000.0 7.12334e+17 5125980000.0 649043000000.0 1630880000000.0 114886000000.0 1061690000000.0 39076.0 317318000000.0 7347380000000.0 6118480000000.0 12909600.0 528541000.0 1757920000.0 96754100000.0 -4.38 4.501 [-4.38]
34673700000000.0 6.75596e+17 5486800000.0 674948000000.0 1632240000000.0 120308000000.0 1025070000000.0 43603.0 333084000000.0 6795130000000.0 5400480000000.0 14956200.0 601088000.0 1934560000.0 100924000000.0 -4.36 4.497 [-4.36]
34673700000000.0 6.4078e+17 5866660000.0 701096000000.0 1631860000000.0 125787000000.0 987826000000.0 48634.9 349109000000.0 6271700000000.0 4757960000000.0 17293900.0 682524000.0 2125890000.0 105115000000.0 -4.34 4.493 [-4.34]
34673700000000.0 6.0778e+17 6265930000.0 727425000000.0 1629720000000.0 131304000000.0 950119000000.0 54227.5 365361000000.0 5777020000000.0 4184230000000.0 19958500.0 773781000.0 2332780000.0 109314000000.0 -4.32 4.489 [-4.32]
34673700000000.0 5.76503e+17 6685080000.0 753877000000.0 1625800000000.0 136841000000.0 912087000000.0 60446.2 381812000000.0 5310890000000.0 3673110000000.0 22989400.0 875864000.0 2556090000.0 113507000000.0 -4.3 4.485 [-4.3]
34673700000000.0 5.46849e+17 7124110000.0 780374000000.0 1620090000000.0 142376000000.0 873871000000.0 67358.4 398422000000.0 4872860000000.0 3218680000000.0 26429200.0 989847000.0 2796750000.0 117680000000.0 -4.28 4.481 [-4.28]
34673700000000.0 5.1873e+17 7583500000.0 806852000000.0 1612580000000.0 147890000000.0 835607000000.0 75048.0 415166000000.0 4462290000000.0 2815450000000.0 30325600.0 1116920000.0 3055670000.0 121817000000.0 -4.26 4.478 [-4.26]
34673700000000.0 4.9208e+17 8062930000.0 833212000000.0 1603270000000.0 153360000000.0 797461000000.0 83597.8 431996000000.0 4078760000000.0 2458640000000.0 34726300.0 1258230000.0 3333590000.0 125901000000.0 -4.24 4.474 [-4.24]
34673700000000.0 4.66808e+17 8562860000.0 859391000000.0 1592160000000.0 158769000000.0 759545000000.0 93116.4 448893000000.0 3721190000000.0 2143350000000.0 39689300.0 1415190000.0 3631510000.0 129915000000.0 -4.22 4.47 [-4.22]
34673700000000.0 4.42842e+17 9083010000.0 885293000000.0 1579240000000.0 164093000000.0 721998000000.0 103715.0 465817000000.0 3388730000000.0 1865370000000.0 45272700.0 1589170000.0 3950230000.0 133843000000.0 -4.2 4.466 [-4.2]
34673700000000.0 4.20116e+17 9623290000.0 910827000000.0 1564530000000.0 169312000000.0 684947000000.0 115523.0 482736000000.0 3080400000000.0 1620780000000.0 51540200.0 1781630000.0 4290550000.0 137667000000.0 -4.18 4.463 [-4.18]
34673700000000.0 3.98568e+17 10183500000.0 935900000000.0 1548050000000.0 174408000000.0 648513000000.0 128688.0 499618000000.0 2795160000000.0 1406010000000.0 58559600.0 1994150000.0 4653180000.0 141367000000.0 -4.16 4.459 [-4.16]
34673700000000.0 3.78142e+17 10764100000.0 960445000000.0 1529810000000.0 179365000000.0 612807000000.0 143388.0 516443000000.0 2531920000000.0 1217810000000.0 66406600.0 2228380000.0 5038660000.0 144926000000.0 -4.14 4.455 [-4.14]
34673700000000.0 3.58773e+17 11363900000.0 984330000000.0 1509850000000.0 184160000000.0 577929000000.0 159799.0 533163000000.0 2289540000000.0 1053170000000.0 75155800.0 2485990000.0 5447750000.0 148324000000.0 -4.12 4.451 [-4.12]
34673700000000.0 3.404e+17 11982200000.0 1007460000000.0 1488180000000.0 188776000000.0 543963000000.0 178133.0 549750000000.0 2066810000000.0 909369000000.0 84891300.0 2768810000.0 5881050000.0 151545000000.0 -4.1 4.448 [-4.1]
34673700000000.0 3.22986e+17 12618000000.0 1029710000000.0 1464870000000.0 193192000000.0 511015000000.0 198618.0 566161000000.0 1862760000000.0 784094000000.0 95690800.0 3078470000.0 6338730000.0 154567000000.0 -4.08 4.444 [-4.08]
34673700000000.0 3.06464e+17 13271800000.0 1051030000000.0 1439940000000.0 197401000000.0 479118000000.0 221558.0 582390000000.0 1676010000000.0 675038000000.0 107661000.0 3417170000.0 6821360000.0 157375000000.0 -4.06 4.44 [-4.06]
34673700000000.0 2.90807e+17 13941300000.0 1071260000000.0 1413480000000.0 201381000000.0 448373000000.0 247221.0 598379000000.0 1505670000000.0 580374000000.0 120876000.0 3786440000.0 7328720000.0 159949000000.0 -4.04 4.437 [-4.04]
34673700000000.0 2.75956e+17 14626500000.0 1090350000000.0 1385510000000.0 205126000000.0 418796000000.0 275984.0 614119000000.0 1350470000000.0 498263000000.0 135451000.0 4188510000.0 7861110000.0 162274000000.0 -4.02 4.433 [-4.02]
34673700000000.0 2.61876e+17 15326300000.0 1108190000000.0 1356140000000.0 208623000000.0 390438000000.0 308237.0 629578000000.0 1209390000000.0 427191000000.0 151482000.0 4625240000.0 8418120000.0 164332000000.0 -4.0 4.429 [-4.0]
34673700000000.0 2.48525e+17 16039000000.0 1124680000000.0 1325420000000.0 211860000000.0 363325000000.0 344413.0 644721000000.0 1081400000000.0 365763000000.0 169071000.0 5098510000.0 8999480000.0 166107000000.0 -3.98 4.426 [-3.98]
34673700000000.0 2.35865e+17 16763700000.0 1139750000000.0 1293450000000.0 214830000000.0 337475000000.0 385023.0 659524000000.0 965516000000.0 312757000000.0 188326000.0 5610240000.0 9604500000.0 167585000000.0 -3.96 4.422 [-3.96]
34673700000000.0 2.2386e+17 17498200000.0 1153280000000.0 1260310000000.0 217522000000.0 312896000000.0 430617.0 673954000000.0 860778000000.0 267085000000.0 209351000.0 6162190000.0 10232500000.0 168753000000.0 -3.94 4.419 [-3.94]
34673700000000.0 2.12475e+17 18242800000.0 1165240000000.0 1226100000000.0 219938000000.0 289578000000.0 481882.0 688000000000.0 766255000000.0 227783000000.0 232273000.0 6756440000.0 10882200000.0 169598000000.0 -3.92 4.415 [-3.92]
34673700000000.0 2.01686e+17 18992800000.0 1175520000000.0 1190980000000.0 222062000000.0 267543000000.0 539433.0 701607000000.0 681212000000.0 194045000000.0 257149000.0 7393740000.0 11552100000.0 170111000000.0 -3.9 4.412 [-3.9]
34673700000000.0 1.91446e+17 19748700000.0 1184070000000.0 1154970000000.0 223897000000.0 246734000000.0 604191.0 714776000000.0 604688000000.0 165076000000.0 284140000.0 8076540000.0 12241300000.0 170280000000.0 -3.88 4.408 [-3.88]
34673700000000.0 1.81739e+17 20507500000.0 1190840000000.0 1118260000000.0 225439000000.0 227160000000.0 676980.0 727465000000.0 536048000000.0 140272000000.0 313301000.0 8805310000.0 12947100000.0 170100000000.0 -3.86 4.405 [-3.86]
34673700000000.0 1.7254e+17 21267000000.0 1195780000000.0 1080970000000.0 226685000000.0 208793000000.0 758803.0 739650000000.0 474588000000.0 119063000000.0 344718000.0 9580880000.0 13667300000.0 169565000000.0 -3.84 4.401 [-3.84]
34673700000000.0 1.6381e+17 22026000000.0 1198870000000.0 1043180000000.0 227637000000.0 191580000000.0 850884.0 751318000000.0 419581000000.0 100933000000.0 378513000.0 10404600000.0 14399800000.0 168670000000.0 -3.82 4.398 [-3.82]
34673700000000.0 1.55529e+17 22781800000.0 1200080000000.0 1005030000000.0 228294000000.0 175494000000.0 954468.0 762438000000.0 370457000000.0 85461600000.0 414739000.0 11276400000.0 15141500000.0 167415000000.0 -3.8 4.394 [-3.8]
34673700000000.0 1.47675e+17 23532400000.0 1199410000000.0 966669000000.0 228659000000.0 160495000000.0 1071000.0 772989000000.0 326655000000.0 72277500000.0 453460000.0 12196100000.0 15889200000.0 165799000000.0 -3.78 4.391 [-3.78]
34673700000000.0 1.40225e+17 24275800000.0 1196850000000.0 928209000000.0 228734000000.0 146539000000.0 1202090.0 782950000000.0 287658000000.0 61056400000.0 494723000.0 13163300000.0 16639400000.0 163825000000.0 -3.76 4.388 [-3.76]
34673700000000.0 1.33158e+17 25009800000.0 1192420000000.0 889780000000.0 228523000000.0 133583000000.0 1349550.0 792299000000.0 252991000000.0 51517700000.0 538552000.0 14176800000.0 17388000000.0 161499000000.0 -3.74 4.384 [-3.74]
34673700000000.0 1.26453e+17 25731900000.0 1186140000000.0 851505000000.0 228029000000.0 121579000000.0 1515400.0 801014000000.0 222216000000.0 43418400000.0 584958000.0 15234900000.0 18131100000.0 158828000000.0 -3.72 4.381 [-3.72]
34673700000000.0 1.20086e+17 26440800000.0 1178050000000.0 813474000000.0 227257000000.0 110471000000.0 1702020.0 809079000000.0 194916000000.0 36544900000.0 633966000.0 16335900000.0 18864200000.0 155818000000.0 -3.7 4.378 [-3.7]
34673700000000.0 1.14054e+17 27132300000.0 1168210000000.0 775897000000.0 226216000000.0 100237000000.0 1911560.0 816462000000.0 170789000000.0 30731300000.0 685398000.0 17475000000.0 19582300000.0 152491000000.0 -3.68 4.374 [-3.68]
34673700000000.0 1.08325e+17 27806400000.0 1156660000000.0 738791000000.0 224909000000.0 90803400000.0 2147210.0 823157000000.0 149442000000.0 25808600000.0 739319000.0 18650200000.0 20280800000.0 148852000000.0 -3.66 4.371 [-3.66]
34673700000000.0 1.02887e+17 28460500000.0 1143470000000.0 702289000000.0 223345000000.0 82131900000.0 2411990.0 829140000000.0 130598000000.0 21648300000.0 795580000.0 19856400000.0 20954600000.0 144921000000.0 -3.64 4.368 [-3.64]
34673700000000.0 9.77207e+16 29093400000.0 1128710000000.0 666454000000.0 221529000000.0 74168600000.0 2709650.0 834395000000.0 113971000000.0 18133700000.0 854110000.0 21089200000.0 21598300000.0 140713000000.0 -3.62 4.364 [-3.62]
