Cloudy_runs/pg1222/z=0.378389/component_II_PI_nH/component_II_PI_nH_col_density_param.txt
# %ECSV 1.0
# ---
# datatype:
# - {name: H, datatype: float64}
# - {name: H+, datatype: float64}
# - {name: C+, datatype: float64}
# - {name: C+2, datatype: float64}
# - {name: C+3, datatype: float64}
# - {name: N+2, datatype: float64}
# - {name: N+4, datatype: float64}
# - {name: O, datatype: float64}
# - {name: O+2, datatype: float64}
# - {name: O+5, datatype: float64}
# - {name: O+6, datatype: float64}
# - {name: Si+, datatype: float64}
# - {name: Si+2, datatype: float64}
# - {name: Si+3, datatype: float64}
# - {name: Si+4, datatype: float64}
# - {name: log_nH, datatype: float64}
# - {name: log_Te, datatype: float64}
# - {name: parameters, datatype: string, subtype: 'float64[1]'}
# schema: astropy-2.0
H H+ C+ C+2 C+3 N+2 N+4 O O+2 O+5 O+6 Si+ Si+2 Si+3 Si+4 log_nH log_Te parameters
[from data line 71]
34673700000000.0 8.81688e+16 30286100000.0 1094890000000.0 597303000000.0 217187000000.0 60221800000.0 3418440.0 842647000000.0 86486400000.0 12680200000.0 976961000.0 23605800000.0 22774200000.0 131577000000.0 -3.58 4.358 [-3.58]
34673700000000.0 8.37522e+16 30844200000.0 1076010000000.0 564104000000.0 214679000000.0 54143800000.0 3838930.0 845616000000.0 75194300000.0 10583200000.0 1040910000.0 24876300000.0 23295800000.0 126695000000.0 -3.56 4.355 [-3.56]
34673700000000.0 7.95584e+16 31375200000.0 1055960000000.0 531907000000.0 211960000000.0 48607100000.0 4310410.0 847793000000.0 65291400000.0 8821560000.0 1106200000.0 26144200000.0 23766500000.0 121639000000.0 -3.54 4.351 [-3.54]
34673700000000.0 7.55754e+16 31877300000.0 1034840000000.0 500765000000.0 209038000000.0 43572300000.0 4838790.0 849162000000.0 56617600000.0 7343220000.0 1172510000.0 27400600000.0 24181600000.0 116439000000.0 -3.52 4.348 [-3.52]
34673700000000.0 7.1793e+16 32351100000.0 1012760000000.0 470721000000.0 205927000000.0 39001800000.0 5430610.0 849714000000.0 49030800000.0 6104360000.0 1239540000.0 28636600000.0 24536500000.0 111126000000.0 -3.5 4.345 [-3.5]
34673700000000.0 6.82001e+16 32795000000.0 989826000000.0 441808000000.0 202636000000.0 34859600000.0 6093120.0 849435000000.0 42402800000.0 5067350000.0 1306910000.0 29842600000.0 24827500000.0 105730000000.0 -3.48 4.342 [-3.48]
34673700000000.0 6.47922e+16 33209300000.0 966201000000.0 414089000000.0 199185000000.0 31116800000.0 6833440.0 848328000000.0 36627400000.0 4201500000.0 1374190000.0 31008500000.0 25051400000.0 100290000000.0 -3.46 4.338 [-3.46]
34673700000000.0 6.15509e+16 33594100000.0 941917000000.0 387509000000.0 195574000000.0 27731900000.0 7661810.0 846364000000.0 31589000000.0 3477770000.0 1441170000.0 32125600000.0 25204600000.0 94825800000.0 -3.44 4.335 [-3.44]
34673700000000.0 5.84679e+16 33949300000.0 917079000000.0 362080000000.0 191814000000.0 24676200000.0 8588150.0 843532000000.0 27200100000.0 2873760000.0 1507470000.0 33184100000.0 25285000000.0 89367800000.0 -3.42 4.332 [-3.42]
34673700000000.0 5.55429e+16 34274900000.0 891867000000.0 337867000000.0 187929000000.0 21928800000.0 9621320.0 839850000000.0 23391200000.0 2371520000.0 1572530000.0 34174300000.0 25292200000.0 83960300000.0 -3.4 4.329 [-3.4]
34673700000000.0 5.27685e+16 34571900000.0 866394000000.0 314864000000.0 183934000000.0 19462700000.0 10772400.0 835324000000.0 20090300000.0 1954500000.0 1635980000.0 35088200000.0 25226000000.0 78633900000.0 -3.38 4.325 [-3.38]
34673700000000.0 5.01289e+16 34840500000.0 840672000000.0 292997000000.0 179826000000.0 17246900000.0 12056600.0 829919000000.0 17226100000.0 1607850000.0 1697650000.0 35917800000.0 25085400000.0 73402500000.0 -3.36 4.322 [-3.36]
34673700000000.0 4.76177e+16 35081400000.0 814790000000.0 272251000000.0 175619000000.0 15259300000.0 13488100.0 823632000000.0 14744600000.0 1320180000.0 1757210000.0 36655800000.0 24871100000.0 68292200000.0 -3.34 4.319 [-3.34]
34673700000000.0 4.52358e+16 35295800000.0 788927000000.0 252663000000.0 171338000000.0 13484200000.0 15079000.0 816507000000.0 12603700000.0 1082460000.0 1814170000.0 37296900000.0 24587100000.0 63340400000.0 -3.32 4.315 [-3.32]
34673700000000.0 4.29767e+16 35484600000.0 763166000000.0 234204000000.0 166999000000.0 11901400000.0 16845100.0 808556000000.0 10759200000.0 886292000.0 1868280000.0 37836900000.0 24236600000.0 58567800000.0 -3.3 4.312 [-3.3]
34673700000000.0 4.0827e+16 35648300000.0 737489000000.0 216788000000.0 162595000000.0 10488000000.0 18808100.0 799742000000.0 9167800000.0 724217000.0 1919510000.0 38271000000.0 23820700000.0 53978600000.0 -3.28 4.309 [-3.28]
34673700000000.0 3.8785e+16 35788200000.0 712012000000.0 200411000000.0 158147000000.0 9229930000.0 20985500.0 790101000000.0 7799010000.0 590737000.0 1967580000.0 38597600000.0 23344900000.0 49594700000.0 -3.26 4.305 [-3.26]
34673700000000.0 3.68451e+16 35905200000.0 686797000000.0 185037000000.0 153667000000.0 8111810000.0 23398100.0 779648000000.0 6623550000.0 480995000.0 2012370000.0 38815700000.0 22813900000.0 45427800000.0 -3.24 4.302 [-3.24]
34673700000000.0 3.49992e+16 36000400000.0 661856000000.0 170605000000.0 149156000000.0 7118170000.0 26071800.0 768374000000.0 5614270000.0 390802000.0 2053900000.0 38924900000.0 22231300000.0 41480900000.0 -3.22 4.299 [-3.22]
34673700000000.0 3.3249e+16 36075300000.0 637335000000.0 157124000000.0 144645000000.0 6239310000.0 29024300.0 756361000000.0 4751820000.0 317035000.0 2091940000.0 38928900000.0 21605900000.0 37771200000.0 -3.2 4.295 [-3.2]
34673700000000.0 3.15864e+16 36130400000.0 613228000000.0 144531000000.0 140134000000.0 5461840000.0 32284700.0 743605000000.0 4014810000.0 256708000.0 2126600000.0 38829400000.0 20942000000.0 34295100000.0 -3.18 4.292 [-3.18]
34673700000000.0 3.00071e+16 36166800000.0 589576000000.0 132784000000.0 135632000000.0 4775110000.0 35880900.0 730135000000.0 3386070000.0 207464000.0 2157920000.0 38630200000.0 20245700000.0 31052600000.0 -3.16 4.288 [-3.16]
34673700000000.0 2.8507e+16 36185300000.0 566412000000.0 121844000000.0 131149000000.0 4169430000.0 39842400.0 715984000000.0 2850630000.0 167342000.0 2186010000.0 38336000000.0 19522800000.0 28041100000.0 -3.14 4.285 [-3.14]
34673700000000.0 2.70821e+16 36187000000.0 543764000000.0 111669000000.0 126695000000.0 3636030000.0 44201200.0 701187000000.0 2395450000.0 134716000.0 2210990000.0 37952400000.0 18779400000.0 25255900000.0 -3.12 4.282 [-3.12]
34673700000000.0 2.57285e+16 36172600000.0 521658000000.0 102221000000.0 122276000000.0 3166970000.0 48990800.0 685783000000.0 2009210000.0 108237000.0 2233020000.0 37485600000.0 18021100000.0 22690500000.0 -3.1 4.278 [-3.1]
34673700000000.0 2.44429e+16 36143100000.0 500111000000.0 93458900000.0 117902000000.0 2755080000.0 54247100.0 669813000000.0 1682070000.0 86788800.0 2252280000.0 36942100000.0 17253300000.0 20336500000.0 -3.08 4.275 [-3.08]
34673700000000.0 2.32218e+16 36099100000.0 479141000000.0 85344900000.0 113579000000.0 2393920000.0 60007900.0 653323000000.0 1405500000.0 69451500.0 2268980000.0 36329000000.0 16481300000.0 18184700000.0 -3.06 4.271 [-3.06]
34673700000000.0 2.20619e+16 36041400000.0 458758000000.0 77841200000.0 109314000000.0 2077670000.0 66313000.0 636357000000.0 1172140000.0 55465300.0 2283330000.0 35653400000.0 15709800000.0 16224500000.0 -3.04 4.268 [-3.04]
34673700000000.0 2.09603e+16 35970700000.0 438971000000.0 70911600000.0 105113000000.0 1801140000.0 73204500.0 618965000000.0 975606000.0 44205800.0 2295540000.0 34922400000.0 14943100000.0 14445100000.0 -3.02 4.264 [-3.02]
34673700000000.0 1.99162e+16 35888000000.0 419830000000.0 64533000000.0 100991000000.0 1560100000.0 80714900.0 601245000000.0 810705000.0 35175000.0 2305770000.0 34146000000.0 14187000000.0 12837500000.0 -3.0 4.261 [-3.0]
34673700000000.0 1.89224e+16 35792900000.0 401248000000.0 58645800000.0 96933100000.0 1349460000.0 88911900.0 583153000000.0 672104000.0 27920600.0 2314420000.0 33325900000.0 13441300000.0 11384700000.0 -2.98 4.258 [-2.98]
34673700000000.0 1.79762e+16 35685700000.0 383225000000.0 53220100000.0 92944200000.0 1165670000.0 97847100.0 564738000000.0 555873000.0 22107200.0 2321690000.0 32468400000.0 12709100000.0 10075600000.0 -2.96 4.254 [-2.96]
34673700000000.0 1.70797e+16 35568000000.0 365848000000.0 48246800000.0 89047300000.0 1006130000.0 107544000.0 546151000000.0 458971000.0 17475900.0 2327630000.0 31585600000.0 11996700000.0 8903500000.0 -2.94 4.251 [-2.94]
34673700000000.0 1.62282e+16 35439500000.0 349067000000.0 43684500000.0 85235900000.0 867527000.0 118065000.0 527397000000.0 378183000.0 13786600.0 2332540000.0 30680800000.0 11304400000.0 7854750000.0 -2.92 4.247 [-2.92]
34673700000000.0 1.54214e+16 35301400000.0 332916000000.0 39513400000.0 81522000000.0 747491000.0 129448000.0 508578000000.0 311090000.0 10859100.0 2336510000.0 29762600000.0 10635600000.0 6920310000.0 -2.9 4.244 [-2.9]
34673700000000.0 1.46533e+16 35152800000.0 317310000000.0 35689000000.0 77890000000.0 643240000.0 141777000.0 489649000000.0 255276000.0 8532120.0 2339900000.0 28830700000.0 9988460000.0 6086680000.0 -2.88 4.24 [-2.88]
34673700000000.0 1.39221e+16 34993700000.0 302243000000.0 32187700000.0 74341900000.0 552822000.0 155115000.0 470660000000.0 208956000.0 6687190.0 2342870000.0 27889800000.0 9364250000.0 5344700000.0 -2.86 4.237 [-2.86]
34673700000000.0 1.32309e+16 34826200000.0 287813000000.0 29006600000.0 70904900000.0 474956000.0 169452000.0 451806000000.0 170812000.0 5235560.0 2345300000.0 26952300000.0 8768320000.0 4689140000.0 -2.84 4.233 [-2.84]
34673700000000.0 1.2573e+16 34648900000.0 273903000000.0 26101700000.0 67555000000.0 407559000.0 184906000.0 432995000000.0 139284000.0 4089130.0 2347570000.0 26014500000.0 8196600000.0 4107910000.0 -2.82 4.23 [-2.82]
34673700000000.0 1.19466e+16 34461400000.0 260501000000.0 23452800000.0 64292500000.0 349294000.0 201539000.0 414266000000.0 113286000.0 3185860.0 2349790000.0 25079000000.0 7649600000.0 3593510000.0 -2.8 4.227 [-2.8]
34673700000000.0 1.13532e+16 34265300000.0 247664000000.0 21051300000.0 61134500000.0 299184000.0 219354000.0 395763000000.0 91979800.0 2478480.0 2351900000.0 24154900000.0 7130060000.0 3140740000.0 -2.78 4.223 [-2.78]
34673700000000.0 1.07895e+16 34060000000.0 235345000000.0 18872000000.0 58072900000.0 256037000.0 238426000.0 377481000000.0 74519400.0 1924460.0 2354040000.0 23241900000.0 6636450000.0 2742080000.0 -2.76 4.22 [-2.76]
34673700000000.0 1.02543e+16 33845700000.0 223529000000.0 16897100000.0 55107500000.0 218922000.0 258806000.0 359458000000.0 60242300.0 1491450.0 2356290000.0 22342400000.0 6168490000.0 2391590000.0 -2.74 4.216 [-2.74]
34673700000000.0 9745860000000000.0 33622300000.0 212205000000.0 15110000000.0 52237800000.0 187025000.0 280541000.0 341732000000.0 48593900.0 1153700.0 2358680000.0 21458400000.0 5725720000.0 2083870000.0 -2.72 4.213 [-2.72]
34673700000000.0 9263030000000000.0 33389800000.0 201359000000.0 13495100000.0 49463500000.0 159639000.0 303671000.0 324339000000.0 39111700.0 890797.0 2361240000.0 20591400000.0 5307600000.0 1814070000.0 -2.7 4.21 [-2.7]
34673700000000.0 8805580000000000.0 33149200000.0 191002000000.0 12040700000.0 46790200000.0 136190000.0 328196000.0 307351000000.0 31423000.0 686901.0 2363920000.0 19745400000.0 4914450000.0 1578230000.0 -2.68 4.206 [-2.68]
34673700000000.0 8369980000000000.0 32898800000.0 181067000000.0 10727100000.0 44203900000.0 116049000.0 354222000.0 290713000000.0 25179100.0 528468.0 2366870000.0 18916500000.0 4543600000.0 1371540000.0 -2.66 4.203 [-2.66]
34673700000000.0 7956200000000000.0 32639400000.0 171566000000.0 9544810000.0 41710000000.0 98798800.0 381737000.0 274494000000.0 20130100.0 405855.0 2370000000.0 18108000000.0 4195200000.0 1190930000.0 -2.64 4.2 [-2.64]
34673700000000.0 7563280000000000.0 32371300000.0 162489000000.0 8482570000.0 39308300000.0 84041800.0 410751000.0 258723000000.0 16057600.0 311170.0 2373280000.0 17321000000.0 3868560000.0 1033340000.0 -2.62 4.197 [-2.62]
34673700000000.0 7190060000000000.0 32094200000.0 153819000000.0 7529290000.0 36997100000.0 71425400.0 441274000.0 243418000000.0 12779800.0 238175.0 2376690000.0 16555700000.0 3562760000.0 895924000.0 -2.6 4.193 [-2.6]
34673700000000.0 6835580000000000.0 31808300000.0 145543000000.0 6675020000.0 34775200000.0 60648500.0 473299000.0 228599000000.0 10147800.0 182006.0 2380170000.0 15812500000.0 3276920000.0 776226000.0 -2.58 4.19 [-2.58]
34673700000000.0 6498880000000000.0 31513600000.0 137648000000.0 5910550000.0 32641600000.0 51450200.0 506810000.0 214281000000.0 8039240.0 138863.0 2383690000.0 15091600000.0 3010160000.0 672053000.0 -2.56 4.187 [-2.56]
34673700000000.0 6179060000000000.0 31210200000.0 130120000000.0 5227380000.0 30594900000.0 43606000.0 541777000.0 200481000000.0 6354060.0 105783.0 2387170000.0 14393200000.0 2761610000.0 581469000.0 -2.54 4.184 [-2.54]
34673700000000.0 5875280000000000.0 30898100000.0 122946000000.0 4617700000.0 28634000000.0 36921800.0 578157000.0 187209000000.0 5010410.0 80464.1 2390550000.0 13717200000.0 2530360000.0 502766000.0 -2.52 4.181 [-2.52]
34673700000000.0 5586000000000000.0 30576500000.0 116095000000.0 4073270000.0 26753400000.0 31220800.0 615948000.0 174447000000.0 3939940.0 61085.7 2393810000.0 13061800000.0 2315020000.0 434319000.0 -2.5 4.177 [-2.5]
34673700000000.0 5311930000000000.0 30247400000.0 109591000000.0 3589820000.0 24960400000.0 26381500.0 654970000.0 162259000000.0 3092230.0 46333.9 2396760000.0 12430400000.0 2115790000.0 375059000.0 -2.48 4.174 [-2.48]
34673700000000.0 5051590000000000.0 29909900000.0 103403000000.0 3160140000.0 23249400000.0 22268600.0 695191000.0 150622000000.0 2421220.0 35098.4 2399360000.0 11821100000.0 1931260000.0 323688000.0 -2.46 4.171 [-2.46]
34673700000000.0 4804900000000000.0 29565200000.0 97532400000.0 2779500000.0 21622600000.0 18782500.0 736452000.0 139560000000.0 1892180.0 0.0 2401500000.0 11235000000.0 1761000000.0 279261000.0 -2.44 4.168 [-2.44]
34673700000000.0 4569910000000000.0 29211500000.0 91937900000.0 2441310000.0 20071300000.0 15818700.0 778758000.0 129024000000.0 1474610.0 0.0 2403170000.0 10668700000.0 1603360000.0 240723000.0 -2.42 4.165 [-2.42]
34673700000000.0 4346680000000000.0 28849900000.0 86623300000.0 2141920000.0 18598000000.0 13306800.0 821925000.0 119039000000.0 1146490.0 0.0 2404250000.0 10123500000.0 1458010000.0 207381000.0 -2.4 4.162 [-2.4]
34673700000000.0 4134580000000000.0 28480600000.0 81577100000.0 1877210000.0 17201300000.0 11180200.0 865814000.0 109600000000.0 889292.0 0.0 2404630000.0 9598910000.0 1324180000.0 178554000.0 -2.38 4.159 [-2.38]
34673700000000.0 3932550000000000.0 28102700000.0 76775800000.0 1642980000.0 15876700000.0 9378340.0 910343000.0 100681000000.0 687873.0 0.0 2404250000.0 9093270000.0 1200850000.0 153601000.0 -2.36 4.156 [-2.36]
34673700000000.0 3741610000000000.0 27719800000.0 72246100000.0 1437300000.0 14631600000.0 7862130.0 955161000.0 92331100000.0 531344.0 0.0 2402940000.0 8610290000.0 1088170000.0 132136000.0 -2.34 4.153 [-2.34]
34673700000000.0 3559210000000000.0 27327700000.0 67928800000.0 1255330000.0 13452900000.0 6577710.0 1000370000.0 84465800000.0 409116.0 0.0 2400720000.0 8144080000.0 984373000.0 113539000.0 -2.32 4.151 [-2.32]
34673700000000.0 3386370000000000.0 26930100000.0 63849300000.0 1095610000.0 12347200000.0 5497540.0 1045600000.0 77126200000.0 314447.0 0.0 2397430000.0 7698250000.0 889604000.0 97532800.0 -2.3 4.148 [-2.3]
34673700000000.0 3222120000000000.0 26526000000.0 59986200000.0 955265000.0 11310000000.0 4588400.0 1090750000.0 70280800000.0 241154.0 0.0 2393010000.0 7271040000.0 802985000.0 83736000.0 -2.28 4.145 [-2.28]
34673700000000.0 3066040000000000.0 26115900000.0 56329700000.0 832075000.0 10339300000.0 3824180.0 1135660000.0 63913300000.0 184545.0 0.0 2387390000.0 6861960000.0 723927000.0 71849900.0 -2.26 4.142 [-2.26]
34673700000000.0 2917710000000000.0 25700100000.0 52870700000.0 724081000.0 9433020000.0 3182700.0 1180170000.0 58007000000.0 140928.0 0.0 2380500000.0 6470600000.0 651879000.0 61616600.0 -2.24 4.139 [-2.24]
34673700000000.0 2777130000000000.0 25280200000.0 49609400000.0 629710000.0 8590930000.0 2646010.0 1224040000.0 52555100000.0 107456.0 0.0 2372270000.0 6097600000.0 586471000.0 52828000.0 -2.22 4.137 [-2.22]
34673700000000.0 2642760000000000.0 24852900000.0 46509900000.0 546789000.0 7805160000.0 2194980.0 1267330000.0 47503300000.0 81687.9 0.0 2362640000.0 5739210000.0 526730000.0 45238600.0 -2.2 4.134 [-2.2]
34673700000000.0 2515780000000000.0 24423500000.0 43599500000.0 474667000.0 7080500000.0 1819600.0 1309640000.0 42876200000.0 62045.5 0.0 2351590000.0 5399310000.0 472798000.0 38743300.0 -2.18 4.131 [-2.18]
