Cloudy_runs/pks0637/z=0.161064/logZ=1/component_I_PI_nH/component_I_PI_nH_col_density_param.txt
# %ECSV 1.0
# ---
# datatype:
# - {name: H, datatype: float64}
# - {name: H+, datatype: float64}
# - {name: C+, datatype: float64}
# - {name: C+2, datatype: float64}
# - {name: C+3, datatype: float64}
# - {name: N+, datatype: float64}
# - {name: N+2, datatype: float64}
# - {name: N+4, datatype: float64}
# - {name: O, datatype: float64}
# - {name: O+2, datatype: float64}
# - {name: O+5, datatype: float64}
# - {name: O+6, datatype: float64}
# - {name: P+, datatype: float64}
# - {name: Si+, datatype: float64}
# - {name: Si+2, datatype: float64}
# - {name: Si+3, datatype: float64}
# - {name: Si+4, datatype: float64}
# - {name: log_nH, datatype: float64}
# - {name: parameters, datatype: string, subtype: 'float64[1]'}
# schema: astropy-2.0
H H+ C+ C+2 C+3 N+ N+2 N+4 O O+2 O+5 O+6 P+ Si+ Si+2 Si+3 Si+4 log_nH parameters
[from data line 59]
39810700000000.0 9021000000000000.0 1729640000000.0 18549100000000.0 3584170000000.0 366509000000.0 3916810000000.0 197987000000.0 8790930000.0 26624400000000.0 32567600000.0 663834000.0 4118580000.0 544030000000.0 532259000000.0 1226530000000.0 595260000000.0 -3.82 [-3.82]
39810700000000.0 8520350000000000.0 1712050000000.0 17615400000000.0 3256450000000.0 374932000000.0 3745980000000.0 171128000000.0 9724250000.0 25576900000000.0 26715200000.0 519340000.0 4134440000.0 562640000000.0 511471000000.0 1147430000000.0 521218000000.0 -3.8 [-3.8]
39810700000000.0 8049200000000000.0 1694320000000.0 16724700000000.0 2956360000000.0 383180000000.0 3579180000000.0 147828000000.0 10738600000.0 24534000000000.0 21891100000.0 405919000.0 4142050000.0 579803000000.0 489894000000.0 1070890000000.0 455218000000.0 -3.78 [-3.78]
39810700000000.0 7605820000000000.0 1676530000000.0 15875500000000.0 2681710000000.0 391241000000.0 3416640000000.0 127631000000.0 11838700000.0 23498900000000.0 17919100000.0 316983000.0 4141870000.0 595377000000.0 467726000000.0 997143000000.0 396584000000.0 -3.76 [-3.76]
39810700000000.0 7188570000000000.0 1658760000000.0 15066300000000.0 2430530000000.0 399103000000.0 3258530000000.0 110138000000.0 13029200000.0 22475000000000.0 14652400000.0 247322000.0 4134360000.0 609243000000.0 445168000000.0 926402000000.0 344671000000.0 -3.74 [-3.74]
39810700000000.0 6795790000000000.0 1641030000000.0 14295400000000.0 2200950000000.0 406754000000.0 3104940000000.0 94994600000.0 14315200000.0 21464700000000.0 11968200000.0 192801000.0 4119980000.0 621308000000.0 422401000000.0 858810000000.0 298848000000.0 -3.72 [-3.72]
39810700000000.0 6426120000000000.0 1623430000000.0 13561600000000.0 1991270000000.0 414177000000.0 2956020000000.0 81896500000.0 15700900000.0 20471200000000.0 9765490000.0 150183000.0 4099260000.0 631497000000.0 399617000000.0 794502000000.0 258539000000.0 -3.7 [-3.7]
39810700000000.0 6078270000000000.0 1606010000000.0 12863400000000.0 1799940000000.0 421362000000.0 2811890000000.0 70576200000.0 17190700000.0 19497200000000.0 7960350000.0 116906000.0 4072770000.0 639769000000.0 376992000000.0 733571000000.0 223199000000.0 -3.68 [-3.68]
39810700000000.0 5750980000000000.0 1588830000000.0 12199600000000.0 1625520000000.0 428296000000.0 2672620000000.0 60799100000.0 18788600000.0 18545000000000.0 6482820000.0 90948900.0 4041040000.0 646108000000.0 354690000000.0 676066000000.0 192312000000.0 -3.66 [-3.66]
39810700000000.0 5443090000000000.0 1571950000000.0 11568700000000.0 1466650000000.0 434965000000.0 2538260000000.0 52360600000.0 20498300000.0 17616800000000.0 5274930000.0 70721000.0 4004590000.0 650525000000.0 332855000000.0 621999000000.0 165401000000.0 -3.64 [-3.64]
39810700000000.0 5153490000000000.0 1555400000000.0 10969500000000.0 1322110000000.0 441359000000.0 2408830000000.0 45081700000.0 22323300000.0 16714700000000.0 4288640000.0 54971500.0 3963940000.0 653059000000.0 311617000000.0 571350000000.0 142023000000.0 -3.62 [-3.62]
39810700000000.0 4881100000000000.0 1539200000000.0 10400500000000.0 1190730000000.0 447465000000.0 2284330000000.0 38806000000.0 24266700000.0 15840000000000.0 3484120000.0 42717100.0 3919560000.0 653770000000.0 291077000000.0 524059000000.0 121768000000.0 -3.6 [-3.6]
39810700000000.0 4624970000000000.0 1523390000000.0 9860560000000.0 1071460000000.0 453272000000.0 2164760000000.0 33398600000.0 26330800000.0 14994400000000.0 2828670000.0 33189900.0 3871950000.0 652742000000.0 271331000000.0 480054000000.0 104266000000.0 -3.58 [-3.58]
39810700000000.0 4384120000000000.0 1507980000000.0 9348340000000.0 963301000000.0 458770000000.0 2050060000000.0 28741100000.0 28517700000.0 14178800000000.0 2295160000.0 25786600.0 3821530000.0 650072000000.0 252443000000.0 439228000000.0 89179200000.0 -3.56 [-3.56]
39810700000000.0 4157650000000000.0 1492970000000.0 8862550000000.0 865327000000.0 463949000000.0 1940150000000.0 24730800000.0 30829400000.0 13394000000000.0 1861290000.0 20035900.0 3768690000.0 645876000000.0 234463000000.0 401454000000.0 76201700000.0 -3.54 [-3.54]
39810700000000.0 3944680000000000.0 1478360000000.0 8401920000000.0 776677000000.0 468800000000.0 1834960000000.0 21278700000.0 33266900000.0 12640500000000.0 1508710000.0 15570000.0 3713770000.0 640275000000.0 217421000000.0 366592000000.0 65060000000.0 -3.52 [-3.52]
39810700000000.0 3744380000000000.0 1464150000000.0 7965230000000.0 696556000000.0 473315000000.0 1734370000000.0 18307500000.0 35831300000.0 11918400000000.0 1222400000.0 12102400.0 3657110000.0 633400000000.0 201331000000.0 334491000000.0 55511000000.0 -3.5 [-3.5]
39810700000000.0 3555940000000000.0 1450290000000.0 7551260000000.0 624221000000.0 477485000000.0 1638270000000.0 15750700000.0 38522800000.0 11227900000000.0 990031000.0 9409860.0 3598970000.0 625382000000.0 186194000000.0 304990000000.0 47338900000.0 -3.48 [-3.48]
39810700000000.0 3378120000000000.0 1436730000000.0 7157690000000.0 558824000000.0 481297000000.0 1546270000000.0 13545000000.0 41346800000.0 10566600000000.0 801141000.0 7314470.0 3539410000.0 616314000000.0 171959000000.0 277855000000.0 40338200000.0 -3.46 [-3.46]
39810700000000.0 3211730000000000.0 1423580000000.0 6786860000000.0 500208000000.0 484763000000.0 1459000000000.0 11657400000.0 44287100000.0 9940000000000.0 648720000.0 5695010.0 3479250000.0 606441000000.0 158724000000.0 253141000000.0 34389900000.0 -3.44 [-3.44]
39810700000000.0 3054100000000000.0 1410620000000.0 6433170000000.0 447176000000.0 487849000000.0 1375310000000.0 10024100000.0 47364200000.0 9340000000000.0 524595000.0 4430620.0 3417860000.0 595728000000.0 146307000000.0 230408000000.0 29290900000.0 -3.42 [-3.42]
39810700000000.0 2906500000000000.0 1398000000000.0 6099890000000.0 399737000000.0 490580000000.0 1296020000000.0 8626330000.0 50554400000.0 8773030000000.0 424508000.0 3452840.0 3356240000.0 584459000000.0 134817000000.0 209754000000.0 24965000000.0 -3.4 [-3.4]
39810700000000.0 2766930000000000.0 1385540000000.0 5782880000000.0 356998000000.0 492925000000.0 1220280000000.0 7419800000.0 53873100000.0 8233050000000.0 343226000.0 2690500.0 3293910000.0 572617000000.0 124110000000.0 190847000000.0 21269600000.0 -3.38 [-3.38]
39810700000000.0 2635310000000000.0 1373250000000.0 5482230000000.0 318632000000.0 494885000000.0 1148180000000.0 6381320000.0 57312500000.0 7720920000000.0 277409000.0 0.0 3231210000.0 560344000000.0 114180000000.0 173602000000.0 18122300000.0 -3.36 [-3.36]
39810700000000.0 2511100000000000.0 1361110000000.0 5197070000000.0 284220000000.0 496456000000.0 1079570000000.0 5487450000.0 60869900000.0 7235690000000.0 224129000.0 0.0 3168250000.0 547735000000.0 104984000000.0 157885000000.0 15442500000.0 -3.34 [-3.34]
39810700000000.0 2393820000000000.0 1349060000000.0 4926530000000.0 253376000000.0 497633000000.0 1014310000000.0 4717970000.0 64542300000.0 6776370000000.0 181010000.0 0.0 3105130000.0 534872000000.0 96477100000.0 143567000000.0 13161100000.0 -3.32 [-3.32]
39810700000000.0 2283010000000000.0 1337090000000.0 4669820000000.0 225750000000.0 498411000000.0 952262000000.0 4055520000.0 68326300000.0 6341920000000.0 146121000.0 0.0 3041940000.0 521832000000.0 88617000000.0 130530000000.0 11219000000.0 -3.3 [-3.3]
39810700000000.0 2178230000000000.0 1325150000000.0 4426170000000.0 201024000000.0 498785000000.0 893297000000.0 3485180000.0 72218100000.0 5931310000000.0 117901000.0 0.0 2978770000.0 508682000000.0 81360400000.0 118661000000.0 9565740000.0 -3.28 [-3.28]
39810700000000.0 2079100000000000.0 1313220000000.0 4194870000000.0 178906000000.0 498750000000.0 837285000000.0 2994130000.0 76213300000.0 5543500000000.0 95080200.0 0.0 2915680000.0 495480000000.0 74665900000.0 107860000000.0 8158150000.0 -3.26 [-3.26]
39810700000000.0 1985240000000000.0 1301260000000.0 3975240000000.0 159134000000.0 498304000000.0 784102000000.0 2571340000.0 80307400000.0 5177460000000.0 76632600.0 0.0 2852750000.0 482278000000.0 68493800000.0 98031000000.0 6959570000.0 -3.24 [-3.24]
39810700000000.0 1896310000000000.0 1289240000000.0 3766650000000.0 141469000000.0 497442000000.0 733632000000.0 2207360000.0 84495200000.0 4832170000000.0 61725300.0 0.0 2790020000.0 469121000000.0 62806400000.0 89087800000.0 5938760000.0 -3.22 [-3.22]
39810700000000.0 1811970000000000.0 1277140000000.0 3568490000000.0 125695000000.0 496160000000.0 685759000000.0 1894010000.0 88771300000.0 4506650000000.0 49683500.0 0.0 2727560000.0 456048000000.0 57567600000.0 80950800000.0 5069140000.0 -3.2 [-3.2]
39810700000000.0 1731950000000000.0 1264930000000.0 3380210000000.0 111617000000.0 494458000000.0 640378000000.0 1624300000.0 93129800000.0 4199930000000.0 39960800.0 0.0 2665410000.0 443090000000.0 52743900000.0 73547300000.0 4328110000.0 -3.18 [-3.18]
39810700000000.0 1655950000000000.0 1252580000000.0 3201280000000.0 99059900000.0 492332000000.0 597385000000.0 1392180000.0 97564800000.0 3911060000000.0 32114400.0 0.0 2603620000.0 430277000000.0 48303700000.0 66811100000.0 3696460000.0 -3.16 [-3.16]
39810700000000.0 1583730000000000.0 1240070000000.0 3031200000000.0 87865000000.0 489781000000.0 556681000000.0 1192470000.0 102070000000.0 3639160000000.0 25785800.0 0.0 2542230000.0 417630000000.0 44217400000.0 60681700000.0 3157870000.0 -3.14 [-3.14]
39810700000000.0 1515030000000000.0 1227370000000.0 2869500000000.0 77889400000.0 486805000000.0 518173000000.0 1020690000.0 106638000000.0 3383340000000.0 20684300.0 0.0 2481260000.0 405169000000.0 40457600000.0 55104000000.0 2698490000.0 -3.12 [-3.12]
39810700000000.0 1449640000000000.0 1214460000000.0 2715750000000.0 69004900000.0 483404000000.0 481771000000.0 872978000.0 111262000000.0 3142780000000.0 16574900.0 0.0 2420770000.0 392909000000.0 36999000000.0 50028100000.0 2306530000.0 -3.1 [-3.1]
39810700000000.0 1387090000000000.0 1201250000000.0 2568910000000.0 61070500000.0 479539000000.0 447266000000.0 745609000.0 115945000000.0 2915830000000.0 13258200.0 0.0 2360490000.0 380805000000.0 33806500000.0 45392200000.0 1971030000.0 -3.08 [-3.08]
39810700000000.0 1327980000000000.0 1187920000000.0 2430470000000.0 54059600000.0 475338000000.0 414945000000.0 636970000.0 120649000000.0 2704320000000.0 10606900.0 0.0 2301300000.0 369038000000.0 30893100000.0 41204300000.0 1686380000.0 -3.06 [-3.06]
39810700000000.0 1271340000000000.0 1174260000000.0 2298200000000.0 47802400000.0 470678000000.0 384360000000.0 543334000.0 125397000000.0 2504930000000.0 8469270.0 0.0 2242370000.0 357442000000.0 28204100000.0 37377700000.0 1442440000.0 -3.04 [-3.04]
39810700000000.0 1217260000000000.0 1160300000000.0 2172380000000.0 42241000000.0 465606000000.0 355557000000.0 462989000.0 130171000000.0 2317860000000.0 6753250.0 0.0 2184030000.0 346081000000.0 25732500000.0 33894700000.0 1234040000.0 -3.02 [-3.02]
39810700000000.0 1165590000000000.0 1146040000000.0 2052690000000.0 37300800000.0 460131000000.0 328464000000.0 394099000.0 134963000000.0 2142440000000.0 5377190.0 0.0 2126270000.0 334958000000.0 23461300000.0 30724500000.0 1055950000.0 -3.0 [-3.0]
39810700000000.0 1116180000000000.0 1131460000000.0 1938830000000.0 32914400000.0 454257000000.0 303006000000.0 335067000.0 139765000000.0 1978050000000.0 4274890.0 0.0 2069130000.0 324073000000.0 21374700000.0 27838800000.0 903695000.0 -2.98 [-2.98]
39810700000000.0 1068690000000000.0 1116470000000.0 1830020000000.0 29008800000.0 447944000000.0 279029000000.0 284361000.0 144579000000.0 1823510000000.0 3390570.0 0.0 2012350000.0 313374000000.0 19451400000.0 25202800000.0 773119000.0 -2.96 [-2.96]
39810700000000.0 1023480000000000.0 1101230000000.0 1727100000000.0 25560600000.0 441315000000.0 256664000000.0 241190000.0 149375000000.0 1679640000000.0 2686940.0 0.0 1956550000.0 302978000000.0 17694400000.0 22815200000.0 661898000.0 -2.94 [-2.94]
39810700000000.0 980125000000000.0 1085620000000.0 1629140000000.0 22502900000.0 434314000000.0 235720000000.0 204281000.0 154158000000.0 1545030000000.0 2125260.0 0.0 1901360000.0 292811000000.0 16080900000.0 20641400000.0 566696000.0 -2.92 [-2.92]
39810700000000.0 938818000000000.0 1069770000000.0 1536540000000.0 19806700000.0 427038000000.0 216245000000.0 172919000.0 158906000000.0 1419970000000.0 1679510.0 0.0 1847220000.0 282946000000.0 14608700000.0 18673500000.0 485566000.0 -2.9 [-2.9]
39810700000000.0 898798000000000.0 1053390000000.0 1447630000000.0 17401500000.0 419315000000.0 197930000000.0 145973000.0 163643000000.0 1302280000000.0 1322610.0 0.0 1793240000.0 273213000000.0 13248300000.0 16868900000.0 415653000.0 -2.88 [-2.88]
39810700000000.0 860599000000000.0 1036750000000.0 1363570000000.0 15283300000.0 411342000000.0 180945000000.0 123128000.0 168332000000.0 1193110000000.0 1040340.0 0.0 1740280000.0 263767000000.0 12007800000.0 15235500000.0 356044000.0 -2.86 [-2.86]
39810700000000.0 823941000000000.0 1019770000000.0 1283740000000.0 13411600000.0 403082000000.0 165157000000.0 103708000.0 172973000000.0 1091520000000.0 816691.0 0.0 1688100000.0 254557000000.0 10873000000.0 13751600000.0 305032000.0 -2.84 [-2.84]
39810700000000.0 788753000000000.0 1002460000000.0 1207950000000.0 11759200000.0 394560000000.0 150510000000.0 87222200.0 177559000000.0 997122000000.0 639831.0 0.0 1636720000.0 245582000000.0 9835760000.0 12404000000.0 261375000.0 -2.82 [-2.82]
39810700000000.0 754966000000000.0 984850000000.0 1136040000000.0 10301600000.0 385800000000.0 136946000000.0 73248600.0 182082000000.0 909531000000.0 500250.0 0.0 1586180000.0 236840000000.0 8888610000.0 11181000000.0 224010000.0 -2.8 [-2.8]
39810700000000.0 722521000000000.0 966944000000.0 1067850000000.0 9016870000.0 376829000000.0 124409000000.0 61422400.0 186535000000.0 828382000000.0 0.0 0.0 1536500000.0 228331000000.0 8024640000.0 10071700000.0 192030000.0 -2.78 [-2.78]
39810700000000.0 691362000000000.0 948772000000.0 1003210000000.0 7885650000.0 367676000000.0 112846000000.0 51429800.0 190909000000.0 753326000000.0 0.0 0.0 1487720000.0 220053000000.0 7237470000.0 9066260000.0 164658000.0 -2.76 [-2.76]
39810700000000.0 661438000000000.0 930361000000.0 942001000000.0 6890490000.0 358369000000.0 102202000000.0 43000300.0 195199000000.0 684025000000.0 0.0 0.0 1439860000.0 212005000000.0 6521100000.0 8155590000.0 141229000.0 -2.74 [-2.74]
39810700000000.0 632702000000000.0 911741000000.0 884063000000.0 6015890000.0 348939000000.0 92423700000.0 35901200.0 199397000000.0 620151000000.0 0.0 0.0 1392950000.0 204188000000.0 5869960000.0 7331410000.0 121175000.0 -2.72 [-2.72]
39810700000000.0 605111000000000.0 892946000000.0 829267000000.0 5247990000.0 339415000000.0 83459900000.0 29932400.0 203497000000.0 561387000000.0 0.0 0.0 1347030000.0 196599000000.0 5278880000.0 6586120000.0 104010000.0 -2.7 [-2.7]
39810700000000.0 578625000000000.0 874012000000.0 777483000000.0 4574460000.0 329829000000.0 75259800000.0 24922700.0 207493000000.0 507431000000.0 0.0 0.0 1302120000.0 189239000000.0 4743040000.0 5912770000.0 89315300.0 -2.68 [-2.68]
39810700000000.0 553421000000000.0 855129000000.0 729004000000.0 3988020000.0 320309000000.0 67819500000.0 20748700.0 211369000000.0 458303000000.0 0.0 0.0 1258630000.0 182169000000.0 4260910000.0 5308820000.0 76802000.0 -2.66 [-2.66]
39810700000000.0 528818000000000.0 835876000000.0 682442000000.0 3467710000.0 310590000000.0 60953100000.0 17212800.0 215152000000.0 412756000000.0 0.0 0.0 1215460000.0 175199000000.0 3819220000.0 4756750000.0 65963400.0 -2.64 [-2.64]
39810700000000.0 505428000000000.0 816751000000.0 638940000000.0 3015970000.0 300995000000.0 54751400000.0 14279600.0 218806000000.0 371470000000.0 0.0 0.0 1173740000.0 168517000000.0 3423090000.0 4262780000.0 56738400.0 -2.62 [-2.62]
39810700000000.0 483137000000000.0 797746000000.0 598211000000.0 2623090000.0 291519000000.0 49147500000.0 11843100.0 222331000000.0 334025000000.0 0.0 0.0 1133370000.0 162099000000.0 3067390000.0 3820060000.0 48865800.0 -2.6 [-2.6]
