Cloudy_runs/s135712/z=0.097869/component_IV_PI_nH/component_IV_PI_nH_col_density_param.txt
# %ECSV 1.0
# ---
# datatype:
# - {name: H, datatype: float64}
# - {name: H+, datatype: float64}
# - {name: C+, datatype: float64}
# - {name: C+2, datatype: float64}
# - {name: C+3, datatype: float64}
# - {name: N+2, datatype: float64}
# - {name: N+4, datatype: float64}
# - {name: O, datatype: float64}
# - {name: O+2, datatype: float64}
# - {name: O+5, datatype: float64}
# - {name: O+6, datatype: float64}
# - {name: Si+, datatype: float64}
# - {name: Si+2, datatype: float64}
# - {name: Si+3, datatype: float64}
# - {name: Si+4, datatype: float64}
# - {name: log_nH, datatype: float64}
# - {name: log_Te, datatype: float64}
# - {name: parameters, datatype: string, subtype: 'float64[1]'}
# schema: astropy-2.0
H H+ C+ C+2 C+3 N+2 N+4 O O+2 O+5 O+6 Si+ Si+2 Si+3 Si+4 log_nH log_Te parameters
[from data line 70]
33113100000000.0 2.90956e+16 37661300000.0 561846000000.0 129319000000.0 129593000000.0 5241380000.0 36027600.0 683516000000.0 4323740000.0 305477000.0 1930890000.0 34767400000.0 19006000000.0 32321700000.0 -3.6 4.292 [-3.6]
33113100000000.0 2.76373e+16 37683300000.0 540007000000.0 118761000000.0 125353000000.0 4582060000.0 40042600.0 671056000000.0 3646680000.0 246681000.0 1963150000.0 34644900000.0 18409200000.0 29305500000.0 -3.58 4.288 [-3.58]
33113100000000.0 2.62522e+16 37686300000.0 518616000000.0 108928000000.0 121132000000.0 4000620000.0 44463600.0 657933000000.0 3069860000.0 198805000.0 1992440000.0 34433000000.0 17783800000.0 26496700000.0 -3.56 4.285 [-3.56]
33113100000000.0 2.49368e+16 37671300000.0 497700000000.0 99783800000.0 116938000000.0 3488610000.0 49325100.0 644179000000.0 2579360000.0 159899000.0 2018870000.0 34136700000.0 17135500000.0 23892500000.0 -3.54 4.281 [-3.54]
33113100000000.0 2.36876e+16 37639200000.0 477283000000.0 91292900000.0 112779000000.0 3038410000.0 54663800.0 629834000000.0 2163040000.0 128346000.0 2042560000.0 33761100000.0 16469600000.0 21488300000.0 -3.52 4.278 [-3.52]
33113100000000.0 2.25012e+16 37590800000.0 457383000000.0 83420300000.0 108662000000.0 2643130000.0 60518500.0 614936000000.0 1810360000.0 102808000.0 2063670000.0 33312400000.0 15791300000.0 19277600000.0 -3.5 4.274 [-3.5]
33113100000000.0 2.13745e+16 37527000000.0 438015000000.0 76131400000.0 104595000000.0 2296560000.0 66929600.0 599529000000.0 1512170000.0 82181600.0 2082370000.0 32796700000.0 15105500000.0 17253000000.0 -3.48 4.271 [-3.48]
33113100000000.0 2.03044e+16 37448500000.0 419191000000.0 69392700000.0 100583000000.0 1993140000.0 73940200.0 583658000000.0 1260560000.0 65557400.0 2098860000.0 32220500000.0 14416700000.0 15405500000.0 -3.46 4.267 [-3.46]
33113100000000.0 1.92883e+16 37356000000.0 400918000000.0 63171300000.0 96632200000.0 1727840000.0 81594600.0 567369000000.0 1048670000.0 52187100.0 2113320000.0 31590500000.0 13729400000.0 13725600000.0 -3.44 4.264 [-3.44]
33113100000000.0 1.83254e+16 37250600000.0 383245000000.0 57446900000.0 92757200000.0 1496620000.0 89926700.0 550757000000.0 870908000.0 41474600.0 2125890000.0 30915700000.0 13048900000.0 12205900000.0 -3.42 4.26 [-3.42]
33113100000000.0 1.7409e+16 37131900000.0 366088000000.0 52165600000.0 88944000000.0 1294580000.0 99009000.0 533783000000.0 721525000.0 32878400.0 2136940000.0 30197800000.0 12375500000.0 10830600000.0 -3.4 4.257 [-3.4]
33113100000000.0 1.65366e+16 37000000000.0 349451000000.0 47300600000.0 85196800000.0 1118290000.0 108895000.0 516494000000.0 596290000.0 25997800.0 2146650000.0 29442800000.0 11712200000.0 9589970000.0 -3.38 4.253 [-3.38]
33113100000000.0 1.57102e+16 36856900000.0 333412000000.0 42843500000.0 81537200000.0 965276000.0 119607000.0 499035000000.0 491920000.0 20522900.0 2155070000.0 28661800000.0 11064900000.0 8477950000.0 -3.36 4.25 [-3.36]
33113100000000.0 1.49272e+16 36702800000.0 317965000000.0 38765500000.0 77968100000.0 832600000.0 131193000.0 481460000000.0 405101000.0 16174600.0 2162380000.0 27860600000.0 10435800000.0 7483780000.0 -3.34 4.246 [-3.34]
33113100000000.0 1.41818e+16 36537000000.0 303028000000.0 35023700000.0 74474500000.0 717231000.0 143741000.0 463726000000.0 332761000.0 12715400.0 2168930000.0 27039500000.0 9823690000.0 6594050000.0 -3.32 4.243 [-3.32]
33113100000000.0 1.34741e+16 36360400000.0 288635000000.0 31602800000.0 71067800000.0 617249000.0 157287000.0 445934000000.0 272749000.0 9975600.0 2174790000.0 26206300000.0 9231590000.0 5801240000.0 -3.3 4.239 [-3.3]
33113100000000.0 1.2802e+16 36173200000.0 274776000000.0 28479500000.0 67749400000.0 530694000.0 171885000.0 428132000000.0 223069000.0 7810080.0 2180120000.0 25365200000.0 8660770000.0 5096340000.0 -3.28 4.236 [-3.28]
33113100000000.0 1.21637e+16 35975300000.0 261441000000.0 25632000000.0 64520300000.0 455844000.0 187588000.0 410368000000.0 182033000.0 6102120.0 2185040000.0 24520100000.0 8112180000.0 4470920000.0 -3.26 4.232 [-3.26]
33113100000000.0 1.15562e+16 35766800000.0 248591000000.0 23034300000.0 61374700000.0 391068000.0 204475000.0 392648000000.0 148160000.0 4755890.0 2189750000.0 23672900000.0 7585060000.0 3916240000.0 -3.24 4.229 [-3.24]
33113100000000.0 1.09808e+16 35548600000.0 236279000000.0 20677900000.0 58328200000.0 335293000.0 222545000.0 375106000000.0 120367000.0 3701000.0 2194200000.0 22831400000.0 7082540000.0 3426960000.0 -3.22 4.226 [-3.22]
33113100000000.0 1.04343e+16 35320500000.0 224459000000.0 18538700000.0 55373300000.0 287213000.0 241871000.0 357741000000.0 97566600.0 2874420.0 2198560000.0 21996200000.0 6603420000.0 2995310000.0 -3.2 4.222 [-3.2]
33113100000000.0 9915400000000000.0 35082400000.0 213121000000.0 16599500000.0 52510400000.0 245806000.0 262498000.0 340595000000.0 78905900.0 2228110.0 2202890000.0 21169900000.0 6147700000.0 2615130000.0 -3.18 4.219 [-3.18]
33113100000000.0 9422630000000000.0 34834400000.0 202251000000.0 14843900000.0 49739300000.0 210181000.0 284465000.0 323707000000.0 63668600.0 1723810.0 2207250000.0 20354700000.0 5715190000.0 2280800000.0 -3.16 4.215 [-3.16]
33113100000000.0 8955850000000000.0 34577500000.0 191866000000.0 13260300000.0 47066200000.0 179618000.0 307774000.0 307156000000.0 51277200.0 1331820.0 2211600000.0 19554900000.0 5306580000.0 1987750000.0 -3.14 4.212 [-3.14]
33113100000000.0 8510280000000000.0 34309100000.0 181871000000.0 11824500000.0 44471100000.0 153261000.0 332562000.0 290853000000.0 41167100.0 1026010.0 2216210000.0 18765100000.0 4918480000.0 1729800000.0 -3.12 4.208 [-3.12]
33113100000000.0 8089300000000000.0 34032800000.0 172357000000.0 10536100000.0 41979000000.0 130740000.0 358703000.0 274990000000.0 33001100.0 789790.0 2220780000.0 17995800000.0 4554230000.0 1504740000.0 -3.1 4.205 [-3.1]
33113100000000.0 7688500000000000.0 33746000000.0 163237000000.0 9373720000.0 39570600000.0 111390000.0 386326000.0 259480000000.0 26382100.0 606571.0 2225530000.0 17241500000.0 4210400000.0 1307490000.0 -3.08 4.202 [-3.08]
33113100000000.0 7307870000000000.0 33449700000.0 154522000000.0 8329080000.0 37251200000.0 94817100.0 415398000.0 244389000000.0 21040900.0 465049.0 2230370000.0 16505300000.0 3887270000.0 1135160000.0 -3.06 4.198 [-3.06]
33113100000000.0 6946410000000000.0 33143900000.0 146200000000.0 7391570000.0 35020000000.0 80634400.0 445914000.0 229739000000.0 16741400.0 355946.0 2235280000.0 15788000000.0 3584130000.0 984762000.0 -3.04 4.195 [-3.04]
33113100000000.0 6603140000000000.0 32828700000.0 138257000000.0 6551400000.0 32876100000.0 68507400.0 477858000.0 215554000000.0 13288800.0 271990.0 2240230000.0 15090100000.0 3300230000.0 853634000.0 -3.02 4.192 [-3.02]
33113100000000.0 6277130000000000.0 32504200000.0 130680000000.0 5799550000.0 30818300000.0 58147000.0 511202000.0 201850000000.0 10522900.0 207505.0 2245180000.0 14411800000.0 3034800000.0 739420000.0 -3.0 4.188 [-3.0]
33113100000000.0 5967520000000000.0 32170400000.0 123457000000.0 5127680000.0 28845700000.0 49303600.0 545905000.0 188644000000.0 8312660.0 158064.0 2250070000.0 13753600000.0 2787040000.0 640031000.0 -2.98 4.185 [-2.98]
33113100000000.0 5673460000000000.0 31827400000.0 116576000000.0 4528150000.0 26957200000.0 41761500.0 581914000.0 175950000000.0 6550820.0 120223.0 2254840000.0 13115500000.0 2556140000.0 553617000.0 -2.96 4.182 [-2.96]
33113100000000.0 5393480000000000.0 31474500000.0 110006000000.0 3992840000.0 25147800000.0 35323500.0 619214000.0 163751000000.0 5147670.0 91264.0 2259480000.0 12496000000.0 2340800000.0 478417000.0 -2.94 4.179 [-2.94]
33113100000000.0 5128260000000000.0 31113700000.0 103771000000.0 3517570000.0 23424500000.0 29854700.0 657617000.0 152110000000.0 4037040.0 69221.3 2263800000.0 11898400000.0 2141270000.0 413273000.0 -2.92 4.176 [-2.92]
33113100000000.0 4877000000000000.0 30745300000.0 97856300000.0 3096100000.0 21785600000.0 25212200.0 697023000.0 141030000000.0 3159810.0 52461.9 2267730000.0 11322600000.0 1956640000.0 356871000.0 -2.9 4.172 [-2.9]
33113100000000.0 4637710000000000.0 30367300000.0 92218700000.0 2721240000.0 20222400000.0 21259200.0 737438000.0 130462000000.0 2466140.0 0.0 2271300000.0 10765000000.0 1785220000.0 307888000.0 -2.88 4.169 [-2.88]
33113100000000.0 4410420000000000.0 29981100000.0 86862500000.0 2389040000.0 18737500000.0 17904000.0 778686000.0 120434000000.0 1920110.0 0.0 2274360000.0 10227100000.0 1626720000.0 265463000.0 -2.86 4.166 [-2.86]
33113100000000.0 4194510000000000.0 29586700000.0 81776700000.0 2095030000.0 17329600000.0 15059300.0 820635000.0 110943000000.0 1491400.0 0.0 2276830000.0 9708690000.0 1480390000.0 228745000.0 -2.84 4.163 [-2.84]
33113100000000.0 3989410000000000.0 29184600000.0 76950400000.0 1835180000.0 15997200000.0 12650100.0 863144000.0 101984000000.0 1155670.0 0.0 2278630000.0 9209460000.0 1345500000.0 196987000.0 -2.82 4.16 [-2.82]
33113100000000.0 3794070000000000.0 28773700000.0 72360800000.0 1605340000.0 14736100000.0 10608400.0 906129000.0 93534200000.0 892991.0 0.0 2279700000.0 8727780000.0 1221060000.0 169487000.0 -2.8 4.157 [-2.8]
33113100000000.0 3609490000000000.0 28358000000.0 68033900000.0 1403610000.0 13553100000.0 8890190.0 949245000.0 85637000000.0 689068.0 0.0 2279850000.0 8267340000.0 1107260000.0 145826000.0 -2.78 4.154 [-2.78]
33113100000000.0 3433630000000000.0 27934100000.0 63923000000.0 1225570000.0 12438000000.0 7437190.0 992523000.0 78227700000.0 530245.0 0.0 2279100000.0 7823700000.0 1002560000.0 125357000.0 -2.76 4.151 [-2.76]
33113100000000.0 3266120000000000.0 27502400000.0 60020200000.0 1068700000.0 11389800000.0 6210550.0 1035800000.0 71297200000.0 406920.0 0.0 2277350000.0 7396700000.0 906415000.0 107666000.0 -2.74 4.148 [-2.74]
33113100000000.0 3107400000000000.0 27065700000.0 56337300000.0 931242000.0 10411100000.0 5180530.0 1078800000.0 64860900000.0 311744.0 0.0 2274470000.0 6988420000.0 818681000.0 92445900.0 -2.72 4.145 [-2.72]
33113100000000.0 2957000000000000.0 26624500000.0 52863700000.0 810914000.0 9499400000.0 4316580.0 1121350000.0 58899300000.0 238440.0 0.0 2270410000.0 6598350000.0 738732000.0 79356200.0 -2.7 4.143 [-2.7]
33113100000000.0 2813290000000000.0 26175300000.0 49561700000.0 705012000.0 8646620000.0 3588730.0 1163510000.0 53356900000.0 181812.0 0.0 2265120000.0 6222700000.0 665444000.0 68038200.0 -2.68 4.14 [-2.68]
33113100000000.0 2677120000000000.0 25722400000.0 46451300000.0 612549000.0 7856410000.0 2980270.0 1204930000.0 48252700000.0 138424.0 0.0 2258520000.0 5864460000.0 598872000.0 58319200.0 -2.66 4.137 [-2.66]
33113100000000.0 2547720000000000.0 25264900000.0 43514600000.0 531721000.0 7124390000.0 2471300.0 1245540000.0 43554200000.0 105187.0 0.0 2250550000.0 5522120000.0 538333000.0 49960000.0 -2.64 4.134 [-2.64]
33113100000000.0 2425100000000000.0 24804800000.0 40751600000.0 461295000.0 6449560000.0 2047030.0 1285170000.0 39250100000.0 79824.7 0.0 2241170000.0 5196270000.0 483496000.0 42789000.0 -2.62 4.132 [-2.62]
33113100000000.0 2308220000000000.0 24339600000.0 38138000000.0 399715000.0 5826210000.0 1692460.0 1323810000.0 35300100000.0 60439.2 0.0 2230320000.0 4884460000.0 433638000.0 36614600.0 -2.6 4.129 [-2.6]
33113100000000.0 2197130000000000.0 23871400000.0 35674600000.0 346061000.0 5253320000.0 1397280.0 1361320000.0 31692900000.0 45684.6 0.0 2217980000.0 4587330000.0 388495000.0 31313800.0 -2.58 4.126 [-2.58]
33113100000000.0 2091220000000000.0 23399000000.0 33347000000.0 299251000.0 4726950000.0 1151460.0 1397650000.0 28399600000.0 34457.4 0.0 2204090000.0 4303550000.0 347573000.0 26755800.0 -2.56 4.124 [-2.56]
33113100000000.0 1990860000000000.0 22926000000.0 31162800000.0 258656000.0 4246880000.0 947970.0 1432630000.0 25414300000.0 25965.1 0.0 2188690000.0 4034550000.0 310728000.0 22856800.0 -2.54 4.121 [-2.54]
33113100000000.0 1895470000000000.0 22451400000.0 29107800000.0 223392000.0 3809080000.0 779386.0 1466260000.0 22708100000.0 19538.5 0.0 2171730000.0 3778990000.0 277508000.0 19515400.0 -2.52 4.118 [-2.52]
33113100000000.0 1804790000000000.0 21975800000.0 27175400000.0 192791000.0 3410810000.0 639945.0 1498490000.0 20260500000.0 14683.6 0.0 2153230000.0 3536460000.0 247595000.0 16653600.0 -2.5 4.116 [-2.5]
33113100000000.0 1718580000000000.0 21499600000.0 25359500000.0 166260000.0 3049380000.0 524788.0 1529300000.0 18051700000.0 11021.8 0.0 2133190000.0 3306510000.0 220696000.0 14204100.0 -2.48 4.113 [-2.48]
33113100000000.0 1636620000000000.0 21023400000.0 23654000000.0 143279000.0 2722170000.0 429835.0 1558650000.0 16062600000.0 0.0 0.0 2111640000.0 3088760000.0 196540000.0 12108700.0 -2.46 4.111 [-2.46]
33113100000000.0 1558700000000000.0 20547700000.0 22053300000.0 123392000.0 2426610000.0 351656.0 1586560000.0 14275000000.0 0.0 0.0 2088600000.0 2882780000.0 174873000.0 10317300.0 -2.44 4.108 [-2.44]
33113100000000.0 1484600000000000.0 20073000000.0 20551400000.0 106195000.0 2160190000.0 287376.0 1613020000.0 12671500000.0 0.0 0.0 2064110000.0 2688120000.0 155463000.0 8786500.0 -2.42 4.106 [-2.42]
33113100000000.0 1414160000000000.0 19600000000.0 19143600000.0 91338800.0 1920590000.0 234606.0 1638050000.0 11235900000.0 0.0 0.0 2038220000.0 2504430000.0 138097000.0 7479530.0 -2.4 4.104 [-2.4]
33113100000000.0 1347170000000000.0 19129100000.0 17824600000.0 78515300.0 1705530000.0 191339.0 1661670000.0 9952740000.0 0.0 0.0 2010980000.0 2331250000.0 122578000.0 6364150.0 -2.38 4.101 [-2.38]
33113100000000.0 1283470000000000.0 18660800000.0 16589400000.0 67454300.0 1512860000.0 155909.0 1683910000.0 8807770000.0 0.0 0.0 1982440000.0 2168180000.0 108724000.0 5412800.0 -2.36 4.099 [-2.36]
33113100000000.0 1222890000000000.0 18195500000.0 15433500000.0 57921300.0 1340560000.0 126932.0 1704800000.0 7787670000.0 0.0 0.0 1952690000.0 2014810000.0 96371200.0 4601860.0 -2.34 4.097 [-2.34]
33113100000000.0 1165530000000000.0 17736000000.0 14357100000.0 49737000.0 1187210000.0 103322.0 1724340000.0 6882830000.0 0.0 0.0 1921920000.0 1871380000.0 85405100.0 3913070.0 -2.32 4.094 [-2.32]
33113100000000.0 1110490000000000.0 17276300000.0 13341900000.0 42644900.0 1049640000.0 83941.5 1742710000.0 6073820000.0 0.0 0.0 1889840000.0 1735520000.0 75575700.0 3322660.0 -2.3 4.092 [-2.3]
33113100000000.0 1058620000000000.0 16825500000.0 12402200000.0 36588000.0 928026000.0 68236.9 1759790000.0 5360600000.0 0.0 0.0 1857050000.0 1609410000.0 66902200.0 2823610.0 -2.28 4.09 [-2.28]
33113100000000.0 1009050000000000.0 16377400000.0 11520600000.0 31362100.0 819556000.0 55402.9 1775740000.0 4726270000.0 0.0 0.0 1823240000.0 1490750000.0 59167700.0 2397510.0 -2.26 4.087 [-2.26]
33113100000000.0 961892000000000.0 15934600000.0 10697900000.0 26873000.0 723283000.0 44959.0 1790590000.0 4164670000.0 0.0 0.0 1788630000.0 1379790000.0 52303800.0 2035210.0 -2.24 4.085 [-2.24]
33113100000000.0 917036000000000.0 15497600000.0 9930620000.0 23019000.0 637938000.0 36466.9 1804380000.0 3667960000.0 0.0 0.0 1753320000.0 1276140000.0 46217500.0 1727310.0 -2.22 4.083 [-2.22]
33113100000000.0 874365000000000.0 15066700000.0 9215440000.0 19712100.0 562364000.0 29566.9 1817160000.0 3229050000.0 0.0 0.0 1717400000.0 1179450000.0 40824900.0 1465750.0 -2.2 4.081 [-2.2]
33113100000000.0 833771000000000.0 14642300000.0 8549200000.0 16876100.0 495514000.0 23964.3 1829000000.0 2841540000.0 0.0 0.0 1680970000.0 1089330000.0 36050400.0 1243660.0 -2.18 4.079 [-2.18]
33113100000000.0 794920000000000.0 14222000000.0 7925190000.0 14434900.0 436197000.0 19402.2 1839950000.0 2498350000.0 0.0 0.0 1643930000.0 1004910000.0 31807300.0 1054340.0 -2.16 4.077 [-2.16]
33113100000000.0 758397000000000.0 13813900000.0 7351360000.0 12361800.0 384256000.0 15729.9 1850010000.0 2198260000.0 0.0 0.0 1606980000.0 927387000.0 28089900.0 895112.0 -2.14 4.074 [-2.14]
33113100000000.0 723214000000000.0 13408000000.0 6811010000.0 10569900.0 338033000.0 12729.7 1859310000.0 1931660000.0 0.0 0.0 1569390000.0 854429000.0 24773400.0 758805.0 -2.12 4.072 [-2.12]
