Cloudy_runs/s135712/z=0.097869/component_IV_PI_nH/component_IV_PI_nH_col_density_param.txt
# %ECSV 1.0
# ---
# datatype:
# - {name: H, datatype: float64}
# - {name: H+, datatype: float64}
# - {name: C+, datatype: float64}
# - {name: C+2, datatype: float64}
# - {name: C+3, datatype: float64}
# - {name: N+2, datatype: float64}
# - {name: N+4, datatype: float64}
# - {name: O, datatype: float64}
# - {name: O+2, datatype: float64}
# - {name: O+5, datatype: float64}
# - {name: O+6, datatype: float64}
# - {name: Si+, datatype: float64}
# - {name: Si+2, datatype: float64}
# - {name: Si+3, datatype: float64}
# - {name: Si+4, datatype: float64}
# - {name: log_nH, datatype: float64}
# - {name: log_Te, datatype: float64}
# - {name: parameters, datatype: string, subtype: 'float64[1]'}
# schema: astropy-2.0
H H+ C+ C+2 C+3 N+2 N+4 O O+2 O+5 O+6 Si+ Si+2 Si+3 Si+4 log_nH log_Te parameters
33113100000000.0 1.14068e+18 2511650000.0 357181000000.0 1273510000000.0 57052800000.0 1162480000000.0 13973.0 148519000000.0 13131700000000.0 20207700000000.0 1949520.0 94494500.0 433188000.0 43945700000.0 -5.0 4.551 [-5.0]
33113100000000.0 1.08018e+18 2719940000.0 376527000000.0 1291740000000.0 60692100000.0 1146010000000.0 15633.2 158610000000.0 12464300000000.0 18257800000000.0 2310170.0 109584000.0 485945000.0 46691300000.0 -4.98 4.546 [-4.98]
33113100000000.0 1.02305e+18 2942350000.0 396442000000.0 1308700000000.0 64489300000.0 1127950000000.0 17487.5 169160000000.0 11805100000000.0 16464100000000.0 2732180.0 126878000.0 544281000.0 49535400000.0 -4.96 4.542 [-4.96]
33113100000000.0 9.69109e+17 3179890000.0 416923000000.0 1324360000000.0 68446900000.0 1108360000000.0 19562.1 180177000000.0 11156300000000.0 14818600000000.0 3225050.0 146664000.0 608646000.0 52474400000.0 -4.94 4.537 [-4.94]
33113100000000.0 9.18132e+17 3432960000.0 437943000000.0 1338680000000.0 72557500000.0 1087290000000.0 21876.9 191640000000.0 10520100000000.0 13311500000000.0 3799470.0 169267000.0 679584000.0 55506200000.0 -4.92 4.533 [-4.92]
33113100000000.0 8.69938e+17 3702200000.0 459479000000.0 1351630000000.0 76815900000.0 1064810000000.0 24457.7 203538000000.0 9898490000000.0 11934200000000.0 4467560.0 195046000.0 757647000.0 58626800000.0 -4.9 4.529 [-4.9]
33113100000000.0 8.24364e+17 3988310000.0 481507000000.0 1363160000000.0 81216400000.0 1040980000000.0 27334.2 215857000000.0 9293250000000.0 10678500000000.0 5243010.0 224395000.0 843409000.0 61831700000.0 -4.88 4.524 [-4.88]
33113100000000.0 7.81258e+17 4291930000.0 504001000000.0 1373250000000.0 85751600000.0 1015890000000.0 30538.5 228581000000.0 8706010000000.0 9536150000000.0 6141240.0 257757000.0 937481000.0 65115500000.0 -4.86 4.52 [-4.86]
33113100000000.0 7.40472e+17 4613690000.0 526928000000.0 1381850000000.0 90412400000.0 989622000000.0 34106.5 241693000000.0 8138200000000.0 8499350000000.0 7179560.0 295615000.0 1040500000.0 68472300000.0 -4.84 4.516 [-4.84]
33113100000000.0 7.01874e+17 4954140000.0 550249000000.0 1388950000000.0 95187900000.0 962275000000.0 38077.5 255171000000.0 7591000000000.0 7560500000000.0 8377300.0 338502000.0 1153150000.0 71895400000.0 -4.82 4.512 [-4.82]
33113100000000.0 6.65339e+17 5313890000.0 573926000000.0 1394520000000.0 100067000000.0 933949000000.0 42496.5 268992000000.0 7065420000000.0 6712310000000.0 9756100.0 387006000.0 1276120000.0 75377000000.0 -4.8 4.508 [-4.8]
33113100000000.0 6.3075e+17 5693480000.0 597914000000.0 1398520000000.0 105036000000.0 904748000000.0 47413.4 283134000000.0 6562240000000.0 5947760000000.0 11340000.0 441769000.0 1410140000.0 78908700000.0 -4.78 4.503 [-4.78]
33113100000000.0 5.97998e+17 6093390000.0 622163000000.0 1400940000000.0 110081000000.0 874788000000.0 52883.5 297570000000.0 6082060000000.0 5260230000000.0 13155700.0 503492000.0 1555950000.0 82481300000.0 -4.76 4.499 [-4.76]
33113100000000.0 5.66969e+17 6513650000.0 646606000000.0 1401750000000.0 115181000000.0 844180000000.0 58963.1 312262000000.0 5625210000000.0 4643220000000.0 15232500.0 572938000.0 1714400000.0 86085400000.0 -4.74 4.495 [-4.74]
33113100000000.0 5.37578e+17 6954890000.0 671193000000.0 1400940000000.0 120324000000.0 813049000000.0 65725.8 327191000000.0 5191940000000.0 4090890000000.0 17603000.0 650935000.0 1886220000.0 89709700000.0 -4.72 4.491 [-4.72]
33113100000000.0 5.09734e+17 7417380000.0 695859000000.0 1398490000000.0 125491000000.0 781518000000.0 73249.3 342325000000.0 4782270000000.0 3597540000000.0 20302900.0 738383000.0 2072250000.0 93342500000.0 -4.7 4.487 [-4.7]
33113100000000.0 4.83354e+17 7901320000.0 720537000000.0 1394400000000.0 130663000000.0 749713000000.0 81621.3 357634000000.0 4396040000000.0 3157870000000.0 23371400.0 836253000.0 2273310000.0 96971700000.0 -4.68 4.483 [-4.68]
33113100000000.0 4.58356e+17 8406760000.0 745153000000.0 1388640000000.0 135821000000.0 717756000000.0 90939.9 373086000000.0 4032970000000.0 2766890000000.0 26851200.0 945590000.0 2490250000.0 100584000000.0 -4.66 4.479 [-4.66]
33113100000000.0 4.34667e+17 8934280000.0 769645000000.0 1381220000000.0 140948000000.0 685768000000.0 101325.0 388659000000.0 3692570000000.0 2419940000000.0 30790400.0 1067540000.0 2723880000.0 104167000000.0 -4.64 4.475 [-4.64]
33113100000000.0 4.12217e+17 9482360000.0 793884000000.0 1372140000000.0 146015000000.0 653886000000.0 112880.0 404293000000.0 3374480000000.0 2112820000000.0 35235200.0 1203220000.0 2975040000.0 107703000000.0 -4.62 4.472 [-4.62]
33113100000000.0 3.90946e+17 10052800000.0 817850000000.0 1361400000000.0 151015000000.0 622214000000.0 125778.0 419992000000.0 3077870000000.0 1841490000000.0 40245300.0 1354000000.0 3244460000.0 111180000000.0 -4.6 4.468 [-4.6]
33113100000000.0 3.70787e+17 10644400000.0 841424000000.0 1349020000000.0 155921000000.0 590871000000.0 140166.0 435708000000.0 2802090000000.0 1602280000000.0 45877400.0 1521190000.0 3532970000.0 114581000000.0 -4.58 4.464 [-4.58]
33113100000000.0 3.51677e+17 11256600000.0 864511000000.0 1335000000000.0 160714000000.0 559963000000.0 156224.0 451406000000.0 2546310000000.0 1391800000000.0 52194700.0 1706230000.0 3841360000.0 117891000000.0 -4.56 4.46 [-4.56]
33113100000000.0 3.33565e+17 11889000000.0 887018000000.0 1319380000000.0 165373000000.0 529595000000.0 174159.0 467055000000.0 2309690000000.0 1206980000000.0 59264000.0 1910600000.0 4170290000.0 121094000000.0 -4.54 4.456 [-4.54]
33113100000000.0 3.16398e+17 12541300000.0 908862000000.0 1302170000000.0 169885000000.0 499856000000.0 194212.0 482629000000.0 2091320000000.0 1045020000000.0 67159200.0 2135920000.0 4520400000.0 124172000000.0 -4.52 4.452 [-4.52]
33113100000000.0 3.00125e+17 13212600000.0 929939000000.0 1283410000000.0 174229000000.0 470834000000.0 216644.0 498093000000.0 1890280000000.0 903351000000.0 75955800.0 2383820000.0 4892260000.0 127109000000.0 -4.5 4.448 [-4.5]
33113100000000.0 2.847e+17 13901900000.0 950153000000.0 1263150000000.0 178388000000.0 442607000000.0 241754.0 513417000000.0 1705610000000.0 779674000000.0 85734300.0 2655990000.0 5286360000.0 129889000000.0 -4.48 4.445 [-4.48]
33113100000000.0 2.70077e+17 14609200000.0 969431000000.0 1241410000000.0 182352000000.0 415232000000.0 269904.0 528581000000.0 1536320000000.0 671879000000.0 96586300.0 2954320000.0 5703100000.0 132495000000.0 -4.46 4.441 [-4.46]
33113100000000.0 2.56222e+17 15331500000.0 987631000000.0 1218280000000.0 186098000000.0 388796000000.0 301429.0 543529000000.0 1381640000000.0 578172000000.0 108584000.0 3280280000.0 6142550000.0 134909000000.0 -4.44 4.437 [-4.44]
33113100000000.0 2.43086e+17 16069400000.0 1004710000000.0 1193800000000.0 189621000000.0 363320000000.0 336812.0 558257000000.0 1240450000000.0 496784000000.0 121836000.0 3636010000.0 6605030000.0 137117000000.0 -4.42 4.433 [-4.42]
33113100000000.0 2.30636e+17 16821100000.0 1020560000000.0 1168040000000.0 192906000000.0 338853000000.0 376531.0 572728000000.0 1111900000000.0 426242000000.0 136434000.0 4023240000.0 7090390000.0 139104000000.0 -4.4 4.43 [-4.4]
33113100000000.0 2.18836e+17 17585300000.0 1035100000000.0 1141080000000.0 195945000000.0 315426000000.0 421145.0 586916000000.0 995104000000.0 365206000000.0 152476000.0 4443820000.0 7598370000.0 140853000000.0 -4.38 4.426 [-4.38]
33113100000000.0 2.07643e+17 18359900000.0 1048240000000.0 1112980000000.0 198726000000.0 293047000000.0 471292.0 600791000000.0 889141000000.0 312450000000.0 170070000.0 4899690000.0 8128890000.0 142351000000.0 -4.36 4.422 [-4.36]
33113100000000.0 1.97042e+17 19142600000.0 1059910000000.0 1083870000000.0 201239000000.0 271762000000.0 527617.0 614312000000.0 793334000000.0 266989000000.0 189290000.0 5392090000.0 8680740000.0 143583000000.0 -4.34 4.419 [-4.34]
33113100000000.0 1.86984e+17 19933100000.0 1070050000000.0 1053800000000.0 203482000000.0 251534000000.0 591017.0 627475000000.0 706709000000.0 227803000000.0 210279000.0 5923420000.0 9253790000.0 144539000000.0 -4.32 4.415 [-4.32]
33113100000000.0 1.77453e+17 20728200000.0 1078590000000.0 1022910000000.0 205448000000.0 232393000000.0 662311.0 640239000000.0 628645000000.0 194126000000.0 233105000.0 6494650000.0 9846380000.0 145207000000.0 -4.3 4.411 [-4.3]
33113100000000.0 1.68422e+17 21525900000.0 1085480000000.0 991304000000.0 207133000000.0 214327000000.0 742494.0 652577000000.0 558428000000.0 165227000000.0 257862000.0 7107090000.0 10457100000.0 145578000000.0 -4.28 4.408 [-4.28]
33113100000000.0 1.59851e+17 22325300000.0 1090680000000.0 959036000000.0 208535000000.0 197293000000.0 832828.0 664479000000.0 495278000000.0 140426000000.0 284689000.0 7762740000.0 11085100000.0 145642000000.0 -4.26 4.404 [-4.26]
33113100000000.0 1.51734e+17 23122500000.0 1094160000000.0 926298000000.0 209651000000.0 181308000000.0 934410.0 675900000000.0 438709000000.0 119217000000.0 313611000.0 8461450000.0 11727300000.0 145394000000.0 -4.24 4.401 [-4.24]
33113100000000.0 1.44032e+17 23916400000.0 1095890000000.0 893143000000.0 210481000000.0 166318000000.0 1048820.0 686831000000.0 388033000000.0 101075000000.0 344758000.0 9204730000.0 12382400000.0 144827000000.0 -4.22 4.397 [-4.22]
33113100000000.0 1.36729e+17 24704100000.0 1095870000000.0 859707000000.0 211027000000.0 152303000000.0 1177610.0 697243000000.0 342736000000.0 85585800000.0 378183000.0 9992600000.0 13047500000.0 143939000000.0 -4.2 4.394 [-4.2]
33113100000000.0 1.29803e+17 25483600000.0 1094080000000.0 826108000000.0 211289000000.0 139231000000.0 1322590.0 707114000000.0 302316000000.0 72380900000.0 413946000.0 10825000000.0 13719700000.0 142729000000.0 -4.18 4.39 [-4.18]
33113100000000.0 1.23235e+17 26252800000.0 1090550000000.0 792459000000.0 211271000000.0 127066000000.0 1485790.0 716424000000.0 266302000000.0 61137500000.0 452095000.0 11701500000.0 14395700000.0 141197000000.0 -4.16 4.387 [-4.16]
33113100000000.0 1.17e+17 27009700000.0 1085290000000.0 758848000000.0 210976000000.0 115762000000.0 1669600.0 725153000000.0 234241000000.0 51570300000.0 492688000.0 12621500000.0 15072300000.0 139344000000.0 -4.14 4.383 [-4.14]
33113100000000.0 1.11096e+17 27750100000.0 1078350000000.0 725467000000.0 210411000000.0 105304000000.0 1876160.0 733268000000.0 205806000000.0 43456900000.0 535626000.0 13582000000.0 15745000000.0 137182000000.0 -4.12 4.38 [-4.12]
33113100000000.0 1.05489e+17 28473700000.0 1069750000000.0 692341000000.0 209577000000.0 95626900000.0 2108680.0 740762000000.0 180565000000.0 36569700000.0 580999000.0 14582200000.0 16410300000.0 134711000000.0 -4.1 4.376 [-4.1]
33113100000000.0 1.0017e+17 29177800000.0 1059550000000.0 659600000000.0 208483000000.0 86698800000.0 2370190.0 747609000000.0 158210000000.0 30735200000.0 628729000.0 15618700000.0 17063700000.0 131943000000.0 -4.08 4.373 [-4.08]
33113100000000.0 9.51233e+16 29860300000.0 1047810000000.0 627340000000.0 207135000000.0 78478200000.0 2664210.0 753792000000.0 138440000000.0 25798900000.0 678748000.0 16688100000.0 17700500000.0 128891000000.0 -4.06 4.37 [-4.06]
33113100000000.0 9.03337e+16 30519200000.0 1034610000000.0 595652000000.0 205541000000.0 70924200000.0 2994670.0 759291000000.0 120980000000.0 21627500000.0 730957000.0 17786000000.0 18316000000.0 125569000000.0 -4.04 4.366 [-4.04]
33113100000000.0 8.57836e+16 31153300000.0 1019990000000.0 564588000000.0 203706000000.0 63990000000.0 3366230.0 764088000000.0 105568000000.0 18104000000.0 785280000.0 18908000000.0 18905200000.0 121989000000.0 -4.02 4.363 [-4.02]
33113100000000.0 8.14696e+16 31760700000.0 1004100000000.0 534284000000.0 201647000000.0 57649200000.0 3783200.0 768169000000.0 92008200000.0 15137000000.0 841459000.0 20047400000.0 19462900000.0 118179000000.0 -4.0 4.36 [-4.0]
33113100000000.0 7.73741e+16 32339700000.0 986996000000.0 504778000000.0 199367000000.0 51855900000.0 4251220.0 771514000000.0 80082200000.0 12639100000.0 899340000.0 21197900000.0 19984300000.0 114156000000.0 -3.98 4.356 [-3.98]
33113100000000.0 7.34864e+16 32889500000.0 968778000000.0 476130000000.0 196879000000.0 46573300000.0 4776280.0 774109000000.0 69608000000.0 10539000000.0 958701000.0 22352700000.0 20464400000.0 109943000000.0 -3.96 4.353 [-3.96]
33113100000000.0 6.97953e+16 33409400000.0 949546000000.0 448390000000.0 194193000000.0 41764800000.0 5365000.0 775941000000.0 60420900000.0 8775580000.0 1019290000.0 23504100000.0 20898300000.0 105566000000.0 -3.94 4.35 [-3.94]
33113100000000.0 6.62909e+16 33897800000.0 929401000000.0 421604000000.0 191319000000.0 37396500000.0 6024650.0 776994000000.0 52374600000.0 7296900000.0 1080800000.0 24643300000.0 21281800000.0 101051000000.0 -3.92 4.346 [-3.92]
33113100000000.0 6.2967e+16 34355100000.0 908481000000.0 395829000000.0 188273000000.0 33438500000.0 6762750.0 777265000000.0 45343000000.0 6059700000.0 1142880000.0 25761900000.0 21610700000.0 96431800000.0 -3.9 4.343 [-3.9]
33113100000000.0 5.98067e+16 34780600000.0 886827000000.0 371036000000.0 185059000000.0 29851200000.0 7589450.0 776729000000.0 39193600000.0 5023790000.0 1205330000.0 26851500000.0 21880900000.0 91726200000.0 -3.88 4.34 [-3.88]
33113100000000.0 5.68054e+16 35174400000.0 864574000000.0 347272000000.0 181692000000.0 26609000000.0 8514000.0 775382000000.0 33829300000.0 4158630000.0 1267730000.0 27902600000.0 22089400000.0 86969100000.0 -3.86 4.336 [-3.86]
33113100000000.0 5.39552e+16 35536600000.0 841824000000.0 324548000000.0 178186000000.0 23684100000.0 9547170.0 773217000000.0 29156400000.0 3437130000.0 1329740000.0 28906300000.0 22233600000.0 82190300000.0 -3.84 4.333 [-3.84]
33113100000000.0 5.12482e+16 35867400000.0 818675000000.0 302870000000.0 174550000000.0 21049900000.0 10700800.0 770228000000.0 25091600000.0 2836290000.0 1390990000.0 29853700000.0 22311500000.0 77419000000.0 -3.82 4.329 [-3.82]
33113100000000.0 4.8677e+16 36167100000.0 795224000000.0 282234000000.0 170800000000.0 18681400000.0 11988000.0 766409000000.0 21560600000.0 2336670000.0 1451130000.0 30736300000.0 22322100000.0 72683600000.0 -3.8 4.326 [-3.8]
33113100000000.0 4.62351e+16 36436700000.0 771564000000.0 262633000000.0 166946000000.0 16555500000.0 13422800.0 761761000000.0 18497900000.0 1921880000.0 1509820000.0 31546700000.0 22264700000.0 68012000000.0 -3.78 4.323 [-3.78]
33113100000000.0 4.39122e+16 36676900000.0 747741000000.0 244027000000.0 162994000000.0 14648000000.0 15022600.0 756263000000.0 15841900000.0 1577620000.0 1566840000.0 32277400000.0 22139100000.0 63423700000.0 -3.76 4.319 [-3.76]
33113100000000.0 4.17094e+16 36888700000.0 723921000000.0 226451000000.0 158970000000.0 12944200000.0 16800800.0 749956000000.0 13548400000.0 1293130000.0 1621710000.0 32922800000.0 21947900000.0 58955200000.0 -3.74 4.316 [-3.74]
33113100000000.0 3.96207e+16 37073200000.0 700184000000.0 209882000000.0 154888000000.0 11424600000.0 18774900.0 742851000000.0 11570800000.0 1058390000.0 1674170000.0 33478100000.0 21693500000.0 54627800000.0 -3.72 4.313 [-3.72]
33113100000000.0 3.76335e+16 37231000000.0 676512000000.0 194244000000.0 150744000000.0 10067600000.0 20969200.0 734912000000.0 9863120000.0 864469000.0 1724160000.0 33938500000.0 21376700000.0 50448200000.0 -3.7 4.309 [-3.7]
33113100000000.0 3.57461e+16 37363400000.0 653015000000.0 179534000000.0 146557000000.0 8859550000.0 23403000.0 726172000000.0 8393260000.0 704790000.0 1771410000.0 34301500000.0 21001700000.0 46438800000.0 -3.68 4.306 [-3.68]
33113100000000.0 3.39535e+16 37471400000.0 629753000000.0 165722000000.0 142338000000.0 7785900000.0 26099500.0 716646000000.0 7130140000.0 573539000.0 1815780000.0 34565700000.0 20572600000.0 42612900000.0 -3.66 4.302 [-3.66]
33113100000000.0 3.2248e+16 37556200000.0 606736000000.0 152753000000.0 138091000000.0 6831760000.0 29087400.0 706322000000.0 6044930000.0 465705000.0 1857260000.0 34729800000.0 20092500000.0 38975900000.0 -3.64 4.299 [-3.64]
