Cloudy_runs/pg0832/z=0.017505/logZ=1/component_V_PI_nH/component_V_PI_nH_col_density_param.txt
# %ECSV 1.0
# ---
# datatype:
# - {name: H, datatype: float64}
# - {name: H+, datatype: float64}
# - {name: C+, datatype: float64}
# - {name: C+2, datatype: float64}
# - {name: C+3, datatype: float64}
# - {name: N+, datatype: float64}
# - {name: N+2, datatype: float64}
# - {name: N+4, datatype: float64}
# - {name: O, datatype: float64}
# - {name: O+2, datatype: float64}
# - {name: O+5, datatype: float64}
# - {name: O+6, datatype: float64}
# - {name: P+, datatype: float64}
# - {name: Si+, datatype: float64}
# - {name: Si+2, datatype: float64}
# - {name: Si+3, datatype: float64}
# - {name: Si+4, datatype: float64}
# - {name: Fe+, datatype: float64}
# - {name: Al+, datatype: float64}
# - {name: log_nH, datatype: float64}
# - {name: parameters, datatype: string, subtype: 'float64[1]'}
# schema: astropy-2.0
H H+ C+ C+2 C+3 N+ N+2 N+4 O O+2 O+5 O+6 P+ Si+ Si+2 Si+3 Si+4 Fe+ Al+ log_nH parameters
[from data line 108]
151356000000000.0 1740710000000000.0 3012400000000.0 2036770000000.0 8540310000.0 1073080000000.0 155804000000.0 38937900.0 868635000000.0 1078760000000.0 0.0 0.0 4135460000.0 587480000000.0 10222300000.0 13736900000.0 172020000.0 353082000000.0 34057800000.0 -2.84 [-2.84]
151356000000000.0 1662180000000000.0 2935770000000.0 1902660000000.0 7406250000.0 1036310000000.0 139280000000.0 32158100.0 880893000000.0 965480000000.0 0.0 0.0 3988340000.0 564591000000.0 9134730000.0 12282800000.0 148089000.0 351816000000.0 33230500000.0 -2.82 [-2.82]
151356000000000.0 1587060000000000.0 2859980000000.0 1776710000000.0 6419400000.0 1000130000000.0 124399000000.0 26539000.0 892650000000.0 863076000000.0 0.0 0.0 3845810000.0 542541000000.0 8158950000.0 10978600000.0 127604000.0 349735000000.0 32407800000.0 -2.8 [-2.8]
151356000000000.0 1515230000000000.0 2784980000000.0 1658690000000.0 5561900000.0 964637000000.0 111021000000.0 21888000.0 903897000000.0 770704000000.0 0.0 0.0 3707830000.0 521318000000.0 7284410000.0 9809800000.0 110059000.0 346884000000.0 31588800000.0 -2.78 [-2.78]
151356000000000.0 1446570000000000.0 2710970000000.0 1548080000000.0 4817130000.0 929874000000.0 99010100000.0 18042200.0 914637000000.0 687502000000.0 0.0 0.0 3574410000.0 500906000000.0 6501290000.0 8763040000.0 95021900.0 343322000000.0 30776600000.0 -2.76 [-2.76]
151356000000000.0 1380430000000000.0 2637460000000.0 1443610000000.0 4166800000.0 895590000000.0 88179300000.0 14848200.0 924878000000.0 612229000000.0 0.0 0.0 3444430000.0 481122000000.0 5796530000.0 7820570000.0 82059400.0 339034000000.0 29965700000.0 -2.74 [-2.74]
151356000000000.0 1317910000000000.0 2565850000000.0 1346910000000.0 3607470000.0 862522000000.0 78556300000.0 12232000.0 934594000000.0 545189000000.0 0.0 0.0 3320270000.0 462325000000.0 5171500000.0 6984440000.0 71013200.0 334253000000.0 29172900000.0 -2.72 [-2.72]
151356000000000.0 1258090000000000.0 2495360000000.0 1256260000000.0 3121900000.0 830251000000.0 69937300000.0 10071300.0 943808000000.0 484993000000.0 0.0 0.0 3200280000.0 444248000000.0 4612330000.0 6235880000.0 61511600.0 328936000000.0 28389400000.0 -2.7 [-2.7]
151356000000000.0 1200980000000000.0 2426190000000.0 1171510000000.0 2701240000.0 798873000000.0 62236700000.0 8290330.0 952524000000.0 431094000000.0 0.0 0.0 3084620000.0 426907000000.0 4113120000.0 5567080000.0 53342300.0 323169000000.0 27618000000.0 -2.68 [-2.68]
151356000000000.0 1146480000000000.0 2358410000000.0 1092320000000.0 2337040000.0 768411000000.0 55364000000.0 6823420.0 960747000000.0 382902000000.0 0.0 0.0 2973240000.0 410285000000.0 3667760000.0 4969850000.0 46312500.0 317017000000.0 26859700000.0 -2.66 [-2.66]
151356000000000.0 1094860000000000.0 2292540000000.0 1018920000000.0 2023530000.0 739107000000.0 49266400000.0 5621270.0 968485000000.0 340088000000.0 0.0 0.0 2866830000.0 394479000000.0 3272630000.0 4439530000.0 40284500.0 310616000000.0 26120900000.0 -2.64 [-2.64]
151356000000000.0 1045330000000000.0 2227790000000.0 949933000000.0 1750920000.0 710554000000.0 43808500000.0 4627380.0 975741000000.0 301719000000.0 0.0 0.0 2763870000.0 379249000000.0 2918840000.0 3964080000.0 35064700.0 303901000000.0 25392500000.0 -2.62 [-2.62]
151356000000000.0 998009000000000.0 2164450000000.0 885465000000.0 1514910000.0 682897000000.0 38943800000.0 3808850.0 982536000000.0 267488000000.0 0.0 0.0 2664740000.0 364648000000.0 2603230000.0 3539490000.0 30554600.0 296971000000.0 24678600000.0 -2.6 [-2.6]
151356000000000.0 952891000000000.0 2102650000000.0 825323000000.0 1310860000.0 656177000000.0 34615200000.0 3135580.0 988874000000.0 237016000000.0 0.0 0.0 2569500000.0 350678000000.0 2322120000.0 3160840000.0 26657600.0 289893000000.0 23980700000.0 -2.58 [-2.58]
151356000000000.0 909447000000000.0 2041810000000.0 768682000000.0 1133260000.0 630121000000.0 30740200000.0 2578580.0 994766000000.0 209724000000.0 0.0 0.0 2477130000.0 337181000000.0 2070050000.0 2820910000.0 23266100.0 282624000000.0 23292500000.0 -2.56 [-2.56]
151356000000000.0 868871000000000.0 1983750000000.0 716946000000.0 982026000.0 605523000000.0 27344100000.0 2126560.0 1000220000000.0 185836000000.0 0.0 0.0 2390270000.0 324541000000.0 1848900000.0 2522270000.0 20367200.0 275488000000.0 22635100000.0 -2.54 [-2.54]
151356000000000.0 829457000000000.0 1926210000000.0 667774000000.0 849487000.0 581357000000.0 24286700000.0 1750220.0 1005220000000.0 164333000000.0 0.0 0.0 2305350000.0 312225000000.0 1649350000.0 2252450000.0 17823300.0 268170000000.0 21982400000.0 -2.52 [-2.52]
151356000000000.0 792223000000000.0 1870720000000.0 622386000000.0 735754000.0 558297000000.0 21588200000.0 1442620.0 1009830000000.0 145379000000.0 0.0 0.0 2224610000.0 300561000000.0 1472860000.0 2013510000.0 15628200.0 260951000000.0 21352800000.0 -2.5 [-2.5]
151356000000000.0 756847000000000.0 1816960000000.0 580241000000.0 637691000.0 536178000000.0 19196800000.0 1190070.0 1014060000000.0 128608000000.0 0.0 0.0 2147440000.0 289452000000.0 1316070000.0 1800980000.0 13724200.0 253814000000.0 20742700000.0 -2.48 [-2.48]
151356000000000.0 723039000000000.0 1764630000000.0 540854000000.0 552742000.0 514846000000.0 17069300000.0 981874.0 1017880000000.0 113717000000.0 0.0 0.0 2073270000.0 278811000000.0 1176210000.0 1611140000.0 12064400.0 246733000000.0 20148500000.0 -2.46 [-2.46]
151356000000000.0 690921000000000.0 1714000000000.0 504283000000.0 479474000.0 494406000000.0 15184400000.0 810838.0 1021320000000.0 100558000000.0 0.0 0.0 2002420000.0 268680000000.0 1051920000.0 1442270000.0 10621300.0 239782000000.0 19573600000.0 -2.44 [-2.44]
151356000000000.0 660328000000000.0 1664970000000.0 470201000000.0 416105000.0 474783000000.0 13511100000.0 669995.0 1024360000000.0 88914400000.0 0.0 0.0 1934600000.0 259011000000.0 940655000.0 1291710000.0 9362670.0 232957000000.0 19016500000.0 -2.42 [-2.42]
151356000000000.0 630989000000000.0 1617130000000.0 438258000000.0 361061000.0 455815000000.0 12019400000.0 553537.0 1027030000000.0 78565300000.0 0.0 0.0 1869240000.0 249719000000.0 841163000.0 1156870000.0 8259310.0 226223000000.0 18473200000.0 -2.4 [-2.4]
151356000000000.0 603239000000000.0 1571130000000.0 408739000000.0 313709000.0 437741000000.0 10701800000.0 458020.0 1029360000000.0 69459900000.0 0.0 0.0 1807120000.0 240916000000.0 753026000.0 1037210000.0 7299240.0 219698000000.0 17951100000.0 -2.38 [-2.38]
151356000000000.0 576807000000000.0 1526600000000.0 381264000000.0 272742000.0 420403000000.0 9532190000.0 379269.0 1031350000000.0 61409400000.0 0.0 0.0 1747680000.0 232516000000.0 674534000.0 930474000.0 6458990.0 213340000000.0 17446300000.0 -2.36 [-2.36]
151356000000000.0 551611000000000.0 1483490000000.0 355676000000.0 237271000.0 403762000000.0 8493300000.0 314278.0 1033030000000.0 54290200000.0 0.0 0.0 1690770000.0 224495000000.0 604579000.0 835186000.0 5722440.0 207151000000.0 16958000000.0 -2.34 [-2.34]
151356000000000.0 527752000000000.0 1442040000000.0 332000000000.0 206681000.0 387900000000.0 7574260000.0 260810.0 1034400000000.0 48024500000.0 0.0 0.0 1636660000.0 216889000000.0 542481000.0 750457000.0 5078530.0 201182000000.0 16489200000.0 -2.32 [-2.32]
151356000000000.0 504839000000000.0 1401640000000.0 309785000000.0 180031000.0 372567000000.0 6753580000.0 216427.0 1035450000000.0 42456500000.0 0.0 0.0 1584480000.0 209572000000.0 486815000.0 674386000.0 4510120.0 195345000000.0 16033000000.0 -2.3 [-2.3]
151356000000000.0 483145000000000.0 1362840000000.0 289240000000.0 157035000.0 357960000000.0 6027430000.0 179875.0 1036230000000.0 37558600000.0 0.0 0.0 1534890000.0 202636000000.0 437370000.0 606708000.0 4012150.0 189733000000.0 15595600000.0 -2.28 [-2.28]
151356000000000.0 462480000000000.0 1325350000000.0 270120000000.0 137094000.0 343959000000.0 5382080000.0 149635.0 1036740000000.0 33231600000.0 0.0 0.0 1487480000.0 196020000000.0 393248000.0 546221000.0 3573680.0 184309000000.0 15173800000.0 -2.26 [-2.26]
151356000000000.0 442665000000000.0 1288910000000.0 252206000000.0 119713000.0 330455000000.0 4805990000.0 124506.0 1036950000000.0 29393100000.0 0.0 0.0 1441860000.0 189667000000.0 353696000.0 491913000.0 3185700.0 179036000000.0 14764800000.0 -2.24 [-2.24]
151356000000000.0 423850000000000.0 1253830000000.0 235592000000.0 104663000.0 317556000000.0 4294870000.0 103732.0 1036920000000.0 26010900000.0 0.0 0.0 1398390000.0 183627000000.0 318448000.0 443443000.0 2844030.0 173969000000.0 14372000000.0 -2.22 [-2.22]
151356000000000.0 405879000000000.0 1219890000000.0 220090000000.0 91568700.0 305166000000.0 3839500000.0 86484.6 1036630000000.0 23019100000.0 0.0 0.0 1356740000.0 177851000000.0 286904000.0 399999000.0 2541760.0 169074000000.0 13992900000.0 -2.2 [-2.2]
151356000000000.0 388840000000000.0 1187290000000.0 205735000000.0 80225900.0 293348000000.0 3435540000.0 72213.5 1036130000000.0 20385100000.0 0.0 0.0 1317120000.0 172368000000.0 258785000.0 361218000.0 2275160.0 164386000000.0 13629700000.0 -2.18 [-2.18]
151356000000000.0 372564000000000.0 1155750000000.0 192338000000.0 70342400.0 281997000000.0 3075320000.0 60343.0 1035380000000.0 18054800000.0 0.0 0.0 1279160000.0 167124000000.0 233589000.0 326417000.0 2038730.0 159865000000.0 13279500000.0 -2.16 [-2.16]
151356000000000.0 357050000000000.0 1125300000000.0 179864000000.0 61738100.0 271116000000.0 2754440000.0 50474.0 1034420000000.0 15995900000.0 0.0 0.0 1242880000.0 162120000000.0 211029000.0 295214000.0 1829110.0 155519000000.0 12942600000.0 -2.14 [-2.14]
151356000000000.0 342263000000000.0 1095930000000.0 168250000000.0 54242300.0 260687000000.0 2468490000.0 0.0 1033260000000.0 14176900000.0 0.0 0.0 1208200000.0 157345000000.0 190819000.0 267221000.0 1643040.0 151342000000.0 12618700000.0 -2.12 [-2.12]
151356000000000.0 328168000000000.0 1067590000000.0 157435000000.0 47707000.0 250691000000.0 2213540000.0 0.0 1031890000000.0 12569400000.0 0.0 0.0 1175050000.0 152788000000.0 172700000.0 242093000.0 1477690.0 147332000000.0 12307300000.0 -2.1 [-2.1]
151356000000000.0 314730000000000.0 1040240000000.0 147362000000.0 42004100.0 241108000000.0 1986100000.0 0.0 1030340000000.0 11148600000.0 0.0 0.0 1143360000.0 148438000000.0 156445000.0 219519000.0 1330590.0 143482000000.0 12008000000.0 -2.08 [-2.08]
151356000000000.0 301915000000000.0 1013850000000.0 137979000000.0 37023000.0 231919000000.0 1783090000.0 0.0 1028610000000.0 9892430000.0 0.0 0.0 1113070000.0 144285000000.0 141851000.0 199225000.0 1199550.0 139788000000.0 11720400000.0 -2.06 [-2.06]
151356000000000.0 289696000000000.0 988392000000.0 129238000000.0 32669400.0 223110000000.0 1601830000.0 0.0 1026720000000.0 8781750000.0 0.0 0.0 1084120000.0 140322000000.0 128739000.0 180971000.0 1082720.0 136246000000.0 11444100000.0 -2.04 [-2.04]
151356000000000.0 278041000000000.0 963821000000.0 121092000000.0 28859800.0 214660000000.0 1439840000.0 0.0 1024660000000.0 7799180000.0 0.0 0.0 1056440000.0 136536000000.0 116948000.0 164536000.0 978408.0 132848000000.0 11178800000.0 -2.02 [-2.02]
151356000000000.0 266922000000000.0 940109000000.0 113500000000.0 25523400.0 206556000000.0 1295020000.0 0.0 1022450000000.0 6929780000.0 0.0 0.0 1029970000.0 132920000000.0 106337000.0 149728000.0 885178.0 129591000000.0 10923900000.0 -2.0 [-2.0]
151356000000000.0 256285000000000.0 917160000000.0 106403000000.0 22593700.0 198761000000.0 1165260000.0 0.0 1020080000000.0 6159020000.0 0.0 0.0 1004600000.0 129456000000.0 96766300.0 136355000.0 801640.0 126461000000.0 10678500000.0 -1.98 [-1.98]
151356000000000.0 246189000000000.0 895126000000.0 99822200000.0 20031900.0 191320000000.0 1049500000.0 0.0 1017620000000.0 5478840000.0 0.0 0.0 980462000.0 126165000000.0 88165800.0 124326000.0 727025.0 123478000000.0 10444200000.0 -1.96 [-1.96]
151356000000000.0 236526000000000.0 873793000000.0 93666300000.0 17777300.0 184160000000.0 945631000.0 0.0 1015020000000.0 4875250000.0 0.0 0.0 957311000.0 123010000000.0 80393700.0 113444000.0 660003.0 120610000000.0 10218500000.0 -1.94 [-1.94]
151356000000000.0 227301000000000.0 853193000000.0 87923500000.0 15794900.0 177289000000.0 852553000.0 0.0 1012300000000.0 4340430000.0 0.0 0.0 935168000.0 119995000000.0 73376200.0 103608000.0 599830.0 117863000000.0 10001900000.0 -1.92 [-1.92]
151356000000000.0 218469000000000.0 833243000000.0 82550300000.0 14047200.0 170677000000.0 768963000.0 0.0 1009450000000.0 3865610000.0 0.0 0.0 913926000.0 117104000000.0 67025300.0 94697800.0 545673.0 115224000000.0 9793440000.0 -1.9 [-1.9]
151356000000000.0 210057000000000.0 814019000000.0 77548200000.0 12509900.0 164343000000.0 694082000.0 0.0 1006530000000.0 3445190000.0 0.0 0.0 893656000.0 114347000000.0 61289400.0 86642600.0 497010.0 112703000000.0 9593840000.0 -1.88 [-1.88]
151356000000000.0 202040000000000.0 795486000000.0 72888500000.0 11155700.0 158275000000.0 626945000.0 0.0 1003530000000.0 3072660000.0 0.0 0.0 874305000.0 111715000000.0 56103100.0 79352600.0 453224.0 110293000000.0 9402700000.0 -1.86 [-1.86]
151356000000000.0 194362000000000.0 777528000000.0 68525400000.0 9957980.0 152434000000.0 566545000.0 0.0 1000430000000.0 2741500000.0 0.0 0.0 855737000.0 109191000000.0 51397300.0 72732000.0 413686.0 107979000000.0 9218750000.0 -1.84 [-1.84]
151356000000000.0 187023000000000.0 760159000000.0 64447700000.0 8899020.0 146821000000.0 512245000.0 0.0 997260000000.0 2447350000.0 0.0 0.0 837957000.0 106774000000.0 47128900.0 66721600.0 377986.0 105761000000.0 9042130000.0 -1.82 [-1.82]
151356000000000.0 180007000000000.0 743359000000.0 60636300000.0 7961810.0 141429000000.0 463406000.0 0.0 994017000000.0 2186000000.0 0.0 0.0 820932000.0 104459000000.0 43254200.0 61261100.0 345721.0 103636000000.0 8872570000.0 -1.8 [-1.8]
151356000000000.0 173298000000000.0 727101000000.0 57072300000.0 7131430.0 136248000000.0 419451000.0 0.0 990713000000.0 1953650000.0 0.0 0.0 804625000.0 102242000000.0 39733600.0 56295700.0 316528.0 101599000000.0 8709760000.0 -1.78 [-1.78]
151356000000000.0 166881000000000.0 711362000000.0 53738200000.0 6394820.0 131267000000.0 379867000.0 0.0 987356000000.0 1746980000.0 0.0 0.0 789002000.0 100118000000.0 36531700.0 51776400.0 290085.0 99647200000.0 8553410000.0 -1.76 [-1.76]
151356000000000.0 160745000000000.0 696126000000.0 50619000000.0 5740820.0 126482000000.0 344205000.0 0.0 983950000000.0 1563100000.0 0.0 0.0 774037000.0 98082200000.0 33617700.0 47660500.0 266112.0 97776700000.0 8403320000.0 -1.74 [-1.74]
151356000000000.0 154872000000000.0 681360000000.0 47698500000.0 5159340.0 121879000000.0 312047000.0 0.0 980503000000.0 1399370000.0 0.0 0.0 759693000.0 96130100000.0 30962600.0 43907800.0 244352.0 95983300000.0 8259170000.0 -1.72 [-1.72]
151356000000000.0 149250000000000.0 667052000000.0 44963500000.0 4641840.0 117455000000.0 283040000.0 0.0 977020000000.0 1253510000.0 0.0 0.0 745944000.0 94257800000.0 28541500.0 40483500.0 224581.0 94264000000.0 8120710000.0 -1.7 [-1.7]
151356000000000.0 143866000000000.0 653172000000.0 42399800000.0 4180620.0 113198000000.0 256852000.0 0.0 973506000000.0 1123460000.0 0.0 0.0 732753000.0 92460400000.0 26331200.0 37355500.0 206595.0 92614500000.0 7987650000.0 -1.68 [-1.68]
151356000000000.0 138714000000000.0 639719000000.0 39998800000.0 3769410.0 109108000000.0 233211000.0 0.0 969971000000.0 1007550000.0 0.0 0.0 720114000.0 90736600000.0 24312800.0 34497400.0 190226.0 91033800000.0 7859920000.0 -1.66 [-1.66]
151356000000000.0 133778000000000.0 626660000000.0 37746600000.0 3402120.0 105172000000.0 211844000.0 0.0 966417000000.0 904089000.0 0.0 0.0 707985000.0 89080800000.0 22467000.0 31882400.0 175305.0 89517100000.0 7737150000.0 -1.64 [-1.64]
