Cloudy_runs/pg0832/z=0.017505/logZ=1/component_V_PI_nH/component_V_PI_nH_col_density_param.txt
# %ECSV 1.0
# ---
# datatype:
# - {name: H, datatype: float64}
# - {name: H+, datatype: float64}
# - {name: C+, datatype: float64}
# - {name: C+2, datatype: float64}
# - {name: C+3, datatype: float64}
# - {name: N+, datatype: float64}
# - {name: N+2, datatype: float64}
# - {name: N+4, datatype: float64}
# - {name: O, datatype: float64}
# - {name: O+2, datatype: float64}
# - {name: O+5, datatype: float64}
# - {name: O+6, datatype: float64}
# - {name: P+, datatype: float64}
# - {name: Si+, datatype: float64}
# - {name: Si+2, datatype: float64}
# - {name: Si+3, datatype: float64}
# - {name: Si+4, datatype: float64}
# - {name: Fe+, datatype: float64}
# - {name: Al+, datatype: float64}
# - {name: log_nH, datatype: float64}
# - {name: parameters, datatype: string, subtype: 'float64[1]'}
# schema: astropy-2.0
H H+ C+ C+2 C+3 N+ N+2 N+4 O O+2 O+5 O+6 P+ Si+ Si+2 Si+3 Si+4 Fe+ Al+ log_nH parameters
151356000000000.0 1.99485e+18 491132000000.0 125777000000000.0 641996000000000.0 46129500000.0 26382800000000.0 389240000000000.0 5458520.0 84670300000000.0 2948710000000000.0 1750020000000000.0 30372000.0 926151000.0 87640200000.0 1126750000000.0 40725300000000.0 1056230.0 99185200.0 -5.0 [-5.0]
151356000000000.0 1.86142e+18 531132000000.0 129751000000000.0 641553000000000.0 51909900000.0 28253500000000.0 372786000000000.0 6741580.0 91350100000000.0 2687730000000000.0 1501310000000000.0 35346200.0 1044790000.0 97726600000.0 1273300000000.0 42702100000000.0 1310800.0 111412000.0 -4.98 [-4.98]
151356000000000.0 1.73392e+18 576948000000.0 134013000000000.0 639867000000000.0 58587900000.0 30231400000000.0 355533000000000.0 8347500.0 98322800000000.0 2437470000000000.0 1279890000000000.0 41253400.0 1181770000.0 108949000000.0 1438750000000.0 44689700000000.0 1627750.0 124399000.0 -4.96 [-4.96]
151356000000000.0 1.61181e+18 630114000000.0 138682000000000.0 636804000000000.0 66341100000.0 32318900000000.0 337483000000000.0 10364100.0 105554000000000.0 2198300000000000.0 1083500000000000.0 48326600.0 1342590000.0 121559000000.0 1625940000000.0 46678100000000.0 2023440.0 138011000.0 -4.94 [-4.94]
151356000000000.0 1.49448e+18 692696000000.0 143913000000000.0 632162000000000.0 75382600000.0 34514700000000.0 318609000000000.0 12906300.0 112993000000000.0 1970480000000000.0 909766000000000.0 56879400.0 1535560000.0 135940000000.0 1838270000000.0 48654100000000.0 2519180.0 152072000.0 -4.92 [-4.92]
151356000000000.0 1.38105e+18 767639000000.0 149922000000000.0 625669000000000.0 85987700000.0 36816300000000.0 298849000000000.0 16129600.0 120569000000000.0 1753790000000000.0 756380000000000.0 67349200.0 1773340000.0 152680000000.0 2080490000000.0 50605000000000.0 3143740.0 166376000.0 -4.9 [-4.9]
151356000000000.0 1.27043e+18 859467000000.0 157026000000000.0 616909000000000.0 98537900000.0 39219600000000.0 278081000000000.0 20256900.0 128180000000000.0 1547670000000000.0 621033000000000.0 80391300.0 2076840000.0 172753000000.0 2359470000000.0 52516400000000.0 3938260.0 180789000.0 -4.88 [-4.88]
151356000000000.0 1.16116e+18 975349000000.0 165698000000000.0 605193000000000.0 113546000000.0 41707600000000.0 256106000000000.0 25612200.0 135636000000000.0 1351130000000000.0 501570000000000.0 97044500.0 2482270000.0 197802000000.0 2685180000000.0 54367800000000.0 4962910.0 195511000.0 -4.86 [-4.86]
151356000000000.0 1.05159e+18 1127040000000.0 176656000000000.0 589484000000000.0 131711000000.0 44242300000000.0 232675000000000.0 32689700.0 142628000000000.0 1163030000000000.0 396115000000000.0 119068000.0 3056610000.0 230715000000.0 3072540000000.0 56121400000000.0 6312070.0 211991000.0 -4.84 [-4.84]
151356000000000.0 9.37834e+17 1338140000000.0 191180000000000.0 567679000000000.0 154244000000.0 46743900000000.0 207107000000000.0 42409700.0 148563000000000.0 979571000000000.0 301844000000000.0 150014000.0 3943140000.0 277217000000.0 3552690000000.0 57723700000000.0 8164680.0 235020000.0 -4.82 [-4.82]
151355000000000.0 8.12608e+17 1662320000000.0 211606000000000.0 535023000000000.0 183202000000.0 48955000000000.0 178107000000000.0 56745500.0 152063000000000.0 792705000000000.0 215264000000000.0 198571000.0 5514700000.0 350048000000.0 4194510000000.0 59026700000000.0 10919400.0 281505000.0 -4.8 [-4.8]
151356000000000.0 7.08221e+17 2044140000000.0 231845000000000.0 499720000000000.0 212516000000.0 50377200000000.0 153205000000000.0 74384400.0 153660000000000.0 638827000000000.0 153801000000000.0 263229000.0 7782980000.0 438989000000.0 4856140000000.0 59546400000000.0 14480100.0 365137000.0 -4.78 [-4.78]
151356000000000.0 6.22218e+17 2467290000000.0 249663000000000.0 463634000000000.0 241084000000.0 51072800000000.0 132451000000000.0 95732700.0 154155000000000.0 513109000000000.0 110514000000000.0 345884000.0 10862800000.0 538640000000.0 5513130000000.0 59346500000000.0 18978900.0 487124000.0 -4.76 [-4.76]
151356000000000.0 5.40313e+17 2999600000000.0 266543000000000.0 422061000000000.0 270855000000.0 50849000000000.0 113153000000000.0 124638000.0 152921000000000.0 397359000000000.0 75950100000000.0 464611000.0 15577500000.0 659024000000.0 6247170000000.0 58333900000000.0 25206200.0 675260000.0 -4.74 [-4.74]
151356000000000.0 4.62721e+17 3667570000000.0 280515000000000.0 375195000000000.0 300884000000.0 49489200000000.0 95573300000000.0 165494000.0 150441000000000.0 292088000000000.0 49152200000000.0 643043000.0 22942800000.0 798927000000.0 7053840000000.0 56300200000000.0 34056300.0 961778000.0 -4.72 [-4.72]
151355000000000.0 3.91962e+17 4460230000000.0 288807000000000.0 325581000000000.0 330140000000.0 47007500000000.0 80089900000000.0 225082000.0 148058000000000.0 202478000000000.0 29845100000000.0 915366000.0 34201500000.0 950352000000.0 7887480000000.0 53156000000000.0 46727500.0 1378980000.0 -4.7 [-4.7]
151356000000000.0 3.34125e+17 5253640000000.0 289753000000000.0 280210000000000.0 358310000000.0 44123400000000.0 67307700000000.0 307440000.0 147537000000000.0 137372000000000.0 17897200000000.0 1289240000.0 49462500000.0 1096640000000.0 8626620000000.0 49352200000000.0 63699800.0 1905130000.0 -4.68 [-4.68]
151355000000000.0 2.90405e+17 5926430000000.0 285155000000000.0 243188000000000.0 386451000000.0 41601100000000.0 57085900000000.0 411229000.0 148897000000000.0 95481500000000.0 11185900000000.0 1732040000.0 67762600000.0 1229730000000.0 9198500000000.0 45544400000000.0 84602100.0 2478550000.0 -4.66 [-4.66]
151355000000000.0 2.57092e+17 6461420000000.0 277570000000000.0 213551000000000.0 415432000000.0 39588700000000.0 48800700000000.0 535216000.0 151099000000000.0 68750500000000.0 7349480000000.0 2215960000.0 88610000000.0 1351820000000.0 9620270000000.0 42005000000000.0 109374000.0 3066460000.0 -4.64 [-4.64]
151356000000000.0 2.30601e+17 6886060000000.0 268513000000000.0 189233000000000.0 445567000000.0 37958200000000.0 41921800000000.0 680814000.0 153421000000000.0 50923100000000.0 5017420000000.0 2731730000.0 112134000000.0 1466280000000.0 9928600000000.0 38746100000000.0 138509000.0 3664290000.0 -4.62 [-4.62]
151356000000000.0 2.08674e+17 7224910000000.0 258662000000000.0 168709000000000.0 476932000000.0 36574900000000.0 36105700000000.0 851126000.0 155523000000000.0 38479400000000.0 3517720000000.0 3277710000.0 138689000000.0 1574900000000.0 10149700000000.0 35723900000000.0 172791000.0 4275320000.0 -4.6 [-4.6]
151356000000000.0 1.90087e+17 7494520000000.0 248445000000000.0 151109000000000.0 509458000000.0 35363300000000.0 31152900000000.0 1049050000.0 157251000000000.0 29530100000000.0 2517000000000.0 3850660000.0 168496000000.0 1678150000000.0 10299200000000.0 32916700000000.0 212992000.0 4900480000.0 -4.58 [-4.58]
151356000000000.0 1.74048e+17 7707380000000.0 238121000000000.0 135836000000000.0 543061000000.0 34271900000000.0 26917500000000.0 1277850000.0 158543000000000.0 22942100000000.0 1830030000000.0 4447350000.0 201746000000.0 1775990000000.0 10388000000000.0 30306100000000.0 259960000.0 5540790000.0 -4.56 [-4.56]
151356000000000.0 1.59985e+17 7872890000000.0 227821000000000.0 122433000000000.0 577694000000.0 33260400000000.0 23276900000000.0 1541850000.0 159387000000000.0 17990100000000.0 1346680000000.0 5065610000.0 238705000000.0 1868280000000.0 10424300000000.0 27870000000000.0 314746000.0 6198270000.0 -4.54 [-4.54]
151356000000000.0 1.47588e+17 7999480000000.0 217725000000000.0 110636000000000.0 613190000000.0 32315300000000.0 20153500000000.0 1843890000.0 159785000000000.0 14231300000000.0 1002240000000.0 5699440000.0 279338000000.0 1954650000000.0 10414300000000.0 25607600000000.0 378200000.0 6872080000.0 -4.52 [-4.52]
151356000000000.0 1.36524e+17 8092950000000.0 207855000000000.0 100160000000000.0 649536000000.0 31411500000000.0 17460000000000.0 2189460000.0 159760000000000.0 11331000000000.0 752141000000.0 6346490000.0 323899000000.0 2034850000000.0 10362900000000.0 23498600000000.0 451626000.0 7564560000.0 -4.5 [-4.5]
151356000000000.0 1.26576e+17 8158100000000.0 198252000000000.0 90809400000000.0 686654000000.0 30536400000000.0 15132600000000.0 2583780000.0 159335000000000.0 9069810000000.0 568312000000.0 7002470000.0 372510000000.0 2108520000000.0 10274200000000.0 21532300000000.0 536336000.0 8276590000.0 -4.48 [-4.48]
151356000000000.0 1.17593e+17 8199560000000.0 188965000000000.0 82439700000000.0 724448000000.0 29683500000000.0 13121200000000.0 3032030000.0 158535000000000.0 7294210000000.0 432007000000.0 7662360000.0 425185000000.0 2175380000000.0 10152000000000.0 19702600000000.0 633683000.0 9008730000.0 -4.46 [-4.46]
151356000000000.0 1.09445e+17 8220880000000.0 180015000000000.0 74926100000000.0 762819000000.0 28846700000000.0 11381400000000.0 3540030000.0 157387000000000.0 5890240000000.0 330110000000.0 8321130000.0 481927000000.0 2235110000000.0 9999570000000.0 18002000000000.0 745152000.0 9761340000.0 -4.44 [-4.44]
151356000000000.0 1.02019e+17 8225400000000.0 171411000000000.0 68156400000000.0 801690000000.0 28021700000000.0 9874210000000.0 4114540000.0 155916000000000.0 4772560000000.0 253333000000.0 8974650000.0 542745000000.0 2287530000000.0 9819760000000.0 16422200000000.0 872494000.0 10536000000.0 -4.42 [-4.42]
151356000000000.0 9.52333e+16 8215850000000.0 163161000000000.0 62047000000000.0 840641000000.0 27206100000000.0 8568610000000.0 4762590000.0 154146000000000.0 3878760000000.0 195169000000.0 9617860000.0 607522000000.0 2332390000000.0 9615530000000.0 14957500000000.0 1017430000.0 11332700000.0 -4.4 [-4.4]
151356000000000.0 8.90148e+16 8194540000000.0 155268000000000.0 56521700000000.0 879841000000.0 26398400000000.0 7437060000000.0 5490930000.0 152103000000000.0 3160760000000.0 150872000000.0 10246200000.0 676112000000.0 2369550000000.0 9389550000000.0 13601500000000.0 1181830000.0 12151900000.0 -4.38 [-4.38]
151356000000000.0 8.32992e+16 8163490000000.0 147725000000000.0 51514200000000.0 919250000000.0 25597100000000.0 6455610000000.0 6307760000.0 149810000000000.0 2581450000000.0 116964000000.0 10855900000.0 748371000000.0 2398900000000.0 9144250000000.0 12347600000000.0 1367870000.0 12994800000.0 -4.36 [-4.36]
151356000000000.0 7.80332e+16 8124340000000.0 140522000000000.0 46968800000000.0 958768000000.0 24801500000000.0 5604040000000.0 7221490000.0 147287000000000.0 2112380000000.0 90901700000.0 11443000000.0 824042000000.0 2420280000000.0 8882100000000.0 11189900000000.0 1577740000.0 13860800000.0 -4.34 [-4.34]
151356000000000.0 7.31706e+16 8078510000000.0 133650000000000.0 42836400000000.0 998325000000.0 24011900000000.0 4864870000000.0 8241330000.0 144557000000000.0 1731340000000.0 70796000000.0 12004200000.0 902850000000.0 2433660000000.0 8605340000000.0 10122600000000.0 1813910000.0 14750500000.0 -4.32 [-4.32]
151356000000000.0 6.86709e+16 8027040000000.0 127097000000000.0 39074400000000.0 1037830000000.0 23228100000000.0 4223020000000.0 9377160000.0 141638000000000.0 1420930000000.0 55233800000.0 12536400000.0 984464000000.0 2439030000000.0 8316140000000.0 9140200000000.0 2078940000.0 15663800000.0 -4.3 [-4.3]
151356000000000.0 6.44983e+16 7970860000000.0 120848000000000.0 35645500000000.0 1077240000000.0 22450500000000.0 3665440000000.0 10639800000.0 138549000000000.0 1167380000000.0 43152600000.0 13037200000.0 1068510000000.0 2436400000000.0 8016510000000.0 8237130000000.0 2375740000.0 16600800000.0 -4.28 [-4.28]
151356000000000.0 6.06209e+16 7910450000000.0 114887000000000.0 32516700000000.0 1116490000000.0 21679300000000.0 3180840000000.0 12041100000.0 135308000000000.0 959765000000.0 33748500000.0 13504100000.0 1154590000000.0 2425790000000.0 7708350000000.0 7408190000000.0 2707350000.0 17560800000.0 -4.26 [-4.26]
151356000000000.0 5.70127e+16 7846570000000.0 109205000000000.0 29659500000000.0 1155520000000.0 20915400000000.0 2759690000000.0 13592900000.0 131930000000000.0 789497000000.0 26414900000.0 13935400000.0 1242190000000.0 2407350000000.0 7393630000000.0 6648800000000.0 3077000000.0 18543400000.0 -4.24 [-4.24]
151356000000000.0 5.365e+16 7779680000000.0 103786000000000.0 27048600000000.0 1194260000000.0 20159600000000.0 2393640000000.0 15308400000.0 128433000000000.0 649644000000.0 20686300000.0 14329600000.0 1330770000000.0 2381250000000.0 7074190000000.0 5954420000000.0 3488140000.0 19547800000.0 -4.22 [-4.22]
151356000000000.0 5.05114e+16 7710160000000.0 98619800000000.0 24661500000000.0 1232670000000.0 19412700000000.0 2075470000000.0 17201500000.0 124832000000000.0 534623000000.0 16205000000.0 14685600000.0 1419780000000.0 2347730000000.0 6751790000000.0 5320730000000.0 3944490000.0 20573000000.0 -4.2 [-4.2]
151356000000000.0 4.75784e+16 7638310000000.0 93693200000000.0 22478100000000.0 1270700000000.0 18675600000000.0 1798930000000.0 19287000000.0 121142000000000.0 439930000000.0 12695600000.0 15002500000.0 1508600000000.0 2307080000000.0 6428110000000.0 4743610000000.0 4449980000.0 21617900000.0 -4.18 [-4.18]
151356000000000.0 4.48346e+16 7564260000000.0 88995500000000.0 20481000000000.0 1308290000000.0 17949000000000.0 1558650000000.0 21580400000.0 117378000000000.0 361927000000.0 9945580000.0 15279800000.0 1596590000000.0 2259630000000.0 6104850000000.0 4219260000000.0 5008670000.0 22680500000.0 -4.16 [-4.16]
151356000000000.0 4.22627e+16 7488170000000.0 84511900000000.0 18652200000000.0 1345420000000.0 17233200000000.0 1349710000000.0 24100000000.0 113551000000000.0 297588000000.0 7787660000.0 15517700000.0 1683130000000.0 2205760000000.0 5783210000000.0 3743560000000.0 5625470000.0 23760500000.0 -4.14 [-4.14]
151356000000000.0 3.98514e+16 7410960000000.0 80239400000000.0 16974800000000.0 1382070000000.0 16529900000000.0 1167840000000.0 26867700000.0 109697000000000.0 244461000000.0 6092990000.0 15717400000.0 1767970000000.0 2146510000000.0 5466290000000.0 3311140000000.0 6319740000.0 24857800000.0 -4.12 [-4.12]
151356000000000.0 3.75937e+16 7333300000000.0 76176800000000.0 15439300000000.0 1418150000000.0 15841300000000.0 1009990000000.0 29895700000.0 105829000000000.0 200699000000.0 4765240000.0 15879700000.0 1850120000000.0 2082380000000.0 5155400000000.0 2920470000000.0 7096510000.0 25968600000.0 -4.1 [-4.1]
151356000000000.0 3.54737e+16 7254200000000.0 72302600000000.0 14034300000000.0 1453600000000.0 15166200000000.0 872994000000.0 33203500000.0 101937000000000.0 164630000000.0 3724100000.0 16003900000.0 1928740000000.0 2013340000000.0 4850110000000.0 2569180000000.0 7953890000.0 27090000000.0 -4.08 [-4.08]
151356000000000.0 3.34822e+16 7174320000000.0 68609900000000.0 12748400000000.0 1488360000000.0 14505600000000.0 754159000000.0 36809200000.0 98035000000000.0 134919000000.0 2908180000.0 16091800000.0 2003120000000.0 1940090000000.0 4551670000000.0 2254290000000.0 8898630000.0 28220300000.0 -4.06 [-4.06]
151356000000000.0 3.16104e+16 7093640000000.0 65090400000000.0 11572000000000.0 1522390000000.0 13860100000000.0 651124000000.0 40733000000.0 94135200000000.0 110456000000.0 2269030000.0 16144400000.0 2072670000000.0 1863290000000.0 4261200000000.0 1972850000000.0 9937980000.0 29356900000.0 -4.04 [-4.04]
151356000000000.0 2.98498e+16 7012330000000.0 61736100000000.0 10496000000000.0 1555630000000.0 13230100000000.0 561823000000.0 44995200000.0 90249000000000.0 90327800000.0 1768650000.0 16163300000.0 2136800000000.0 1783600000000.0 3979640000000.0 1722050000000.0 11079700000.0 30497000000.0 -4.02 [-4.02]
151356000000000.0 2.81943e+16 6930750000000.0 58542400000000.0 9512670000000.0 1588030000000.0 12616600000000.0 484513000000.0 49613600000.0 86391200000000.0 73788300000.0 1377420000.0 16150400000.0 2194990000000.0 1701820000000.0 3708060000000.0 1499380000000.0 12331200000.0 31637300000.0 -4.0 [-4.0]
151356000000000.0 2.66374e+16 6849220000000.0 55502600000000.0 8614420000000.0 1619510000000.0 12020100000000.0 417625000000.0 54607500000.0 82573200000000.0 60211400000.0 1071810000.0 16107800000.0 2246780000000.0 1618650000000.0 3447200000000.0 1302320000000.0 13700600000.0 32774800000.0 -3.98 [-3.98]
