Cloudy_runs/pg0832/z=0.017505/logZ=1/component_V_PI_nH/component_V_PI_nH_col_density_param.txt
# %ECSV 1.0
# ---
# datatype:
# - {name: H, datatype: float64}
# - {name: H+, datatype: float64}
# - {name: C+, datatype: float64}
# - {name: C+2, datatype: float64}
# - {name: C+3, datatype: float64}
# - {name: N+, datatype: float64}
# - {name: N+2, datatype: float64}
# - {name: N+4, datatype: float64}
# - {name: O, datatype: float64}
# - {name: O+2, datatype: float64}
# - {name: O+5, datatype: float64}
# - {name: O+6, datatype: float64}
# - {name: P+, datatype: float64}
# - {name: Si+, datatype: float64}
# - {name: Si+2, datatype: float64}
# - {name: Si+3, datatype: float64}
# - {name: Si+4, datatype: float64}
# - {name: Fe+, datatype: float64}
# - {name: Al+, datatype: float64}
# - {name: log_nH, datatype: float64}
# - {name: parameters, datatype: string, subtype: 'float64[1]'}
# schema: astropy-2.0
H H+ C+ C+2 C+3 N+ N+2 N+4 O O+2 O+5 O+6 P+ Si+ Si+2 Si+3 Si+4 Fe+ Al+ log_nH parameters
[from data line 53]
151356000000000.0 2.37957e+16 6687300000000.0 49861100000000.0 7046270000000.0 1679520000000.0 10880300000000.0 309829000000.0 65793300000.0 75102400000000.0 39962900000.0 647424000.0 15941800000.0 2329870000000.0 1451010000000.0 2960110000000.0 975703000000.0 16827000000.0 35027200000.0 -3.94 [-3.94]
151356000000000.0 2.25005e+16 6607490000000.0 47248100000000.0 6364320000000.0 1707930000000.0 10337700000000.0 266694000000.0 72019100000.0 71471000000000.0 32506700000.0 502657000.0 15823000000.0 2360770000000.0 1367880000000.0 2734750000000.0 841814000000.0 18601300000.0 36134900000.0 -3.92 [-3.92]
151356000000000.0 2.12825e+16 6528770000000.0 44766400000000.0 5743190000000.0 1735200000000.0 9813810000000.0 229480000000.0 78687200000.0 67921800000000.0 26416100000.0 390040000.0 15683500000.0 2384460000000.0 1286030000000.0 2521840000000.0 724871000000.0 20528100000.0 37225300000.0 -3.9 [-3.9]
151356000000000.0 2.01374e+16 6451360000000.0 42410600000000.0 5178010000000.0 1761280000000.0 9308770000000.0 197397000000.0 85810600000.0 64463500000000.0 21447500000.0 302518000.0 15525300000.0 2400990000000.0 1205980000000.0 2321490000000.0 623050000000.0 22616300000.0 38294300000.0 -3.88 [-3.88]
151356000000000.0 1.90606e+16 6375390000000.0 40174800000000.0 4664150000000.0 1786120000000.0 8822530000000.0 169748000000.0 93403100000.0 61102500000000.0 17398100000.0 234541000.0 15350700000.0 2410520000000.0 1128180000000.0 2133590000000.0 534633000000.0 24875600000.0 39338500000.0 -3.86 [-3.86]
151356000000000.0 1.80484e+16 6301000000000.0 38054300000000.0 4197520000000.0 1809660000000.0 8355190000000.0 145939000000.0 101474000000.0 57845800000000.0 14102400000.0 181796000.0 15161700000.0 2413290000000.0 1053040000000.0 1958010000000.0 458084000000.0 27314800000.0 40353600000.0 -3.84 [-3.84]
151356000000000.0 1.7097e+16 6228330000000.0 36043900000000.0 3774210000000.0 1831870000000.0 7906640000000.0 125446000000.0 110030000000.0 54698700000000.0 11422900000.0 140895000.0 14960200000.0 2409590000000.0 980857000000.0 1794480000000.0 391980000000.0 29943200000.0 41335900000.0 -3.82 [-3.82]
151356000000000.0 1.62026e+16 6157420000000.0 34138400000000.0 3390590000000.0 1852690000000.0 7476660000000.0 107813000000.0 119080000000.0 51665000000000.0 9246580000.0 109192000.0 14748000000.0 2399810000000.0 911880000000.0 1642620000000.0 335029000000.0 32770100000.0 42282000000.0 -3.8 [-3.8]
151356000000000.0 1.53617e+16 6088280000000.0 32332400000000.0 3043250000000.0 1872090000000.0 7064890000000.0 92642800000.0 128629000000.0 48746900000000.0 7480200000.0 84625000.0 14526700000.0 2384350000000.0 846259000000.0 1501960000000.0 286062000000.0 35805400000.0 43188500000.0 -3.78 [-3.78]
151356000000000.0 1.45716e+16 6021020000000.0 30622300000000.0 2729330000000.0 1890030000000.0 6671320000000.0 79605300000.0 138673000000.0 45948600000000.0 6048690000.0 65604200.0 14298000000.0 2363710000000.0 784155000000.0 1372110000000.0 244067000000.0 39056700000.0 44051800000.0 -3.76 [-3.76]
151356000000000.0 1.38286e+16 5955430000000.0 29002000000000.0 2445740000000.0 1906470000000.0 6295210000000.0 68394500000.0 149219000000.0 43268600000000.0 4888590000.0 50869100.0 14062900000.0 2338330000000.0 725554000000.0 1252410000000.0 208089000000.0 42534900000.0 44869400000.0 -3.74 [-3.74]
151356000000000.0 1.31298e+16 5891510000000.0 27467500000000.0 2189890000000.0 1921390000000.0 5936250000000.0 58758900000.0 160262000000.0 40707900000000.0 3949340000.0 39457400.0 13822700000.0 2308720000000.0 670477000000.0 1142330000000.0 177322000000.0 46248200000.0 45638700000.0 -3.72 [-3.72]
151356000000000.0 1.24722e+16 5829070000000.0 26013600000000.0 1959260000000.0 1934750000000.0 5593780000000.0 50474800000.0 171805000000.0 38264300000000.0 3189050000.0 30615400.0 13578200000.0 2275350000000.0 618848000000.0 1041240000000.0 151034000000.0 50207700000.0 46357700000.0 -3.7 [-3.7]
151356000000000.0 1.18535e+16 5768110000000.0 24637000000000.0 1751650000000.0 1946540000000.0 5267510000000.0 43356900000.0 183835000000.0 35937900000000.0 2574270000.0 23766900.0 13330700000.0 2238720000000.0 570622000000.0 948619000000.0 128610000000.0 54420600000.0 47024200000.0 -3.68 [-3.68]
151356000000000.0 1.12709e+16 5708350000000.0 23332500000000.0 1564890000000.0 1956720000000.0 4956670000000.0 37237900000.0 196352000000.0 33725000000000.0 2077090000.0 18457900.0 13080500000.0 2199270000000.0 525653000000.0 863813000000.0 109489000000.0 58897600000.0 47636900000.0 -3.66 [-3.66]
151356000000000.0 1.07208e+16 5649550000000.0 22093900000000.0 1396770000000.0 1965230000000.0 4660200000000.0 31968900000.0 209363000000.0 31618900000000.0 1674650000.0 14335400.0 12827800000.0 2157310000000.0 483739000000.0 786121000000.0 93172500000.0 63653800000.0 48195700000.0 -3.64 [-3.64]
151356000000000.0 1.02051e+16 5592180000000.0 20926400000000.0 1246470000000.0 1972180000000.0 4379570000000.0 27460900000.0 222797000000.0 29631600000000.0 1350830000.0 11151200.0 12575400000.0 2113650000000.0 445024000000.0 715501000000.0 79337400000.0 68674600000.0 48696300000.0 -3.62 [-3.62]
151356000000000.0 9717890000000000.0 5535470000000.0 19818000000000.0 1111430000000.0 1977440000000.0 4112280000000.0 23579100000.0 236699000000.0 27745400000000.0 1088860000.0 0.0 12321800000.0 2068290000000.0 409074000000.0 650938000000.0 67543200000.0 73989700000.0 49141700000.0 -3.6 [-3.6]
151356000000000.0 9257400000000000.0 5479240000000.0 18765700000000.0 990256000000.0 1980970000000.0 3857920000000.0 20237600000.0 251054000000.0 25957500000000.0 877069000.0 0.0 12067300000.0 2021590000000.0 375747000000.0 591972000000.0 57495300000.0 79606800000.0 49530800000.0 -3.58 [-3.58]
151356000000000.0 8822890000000000.0 5423610000000.0 17768800000000.0 881787000000.0 1982820000000.0 3616490000000.0 17366800000.0 265828000000.0 24268100000000.0 706220000.0 0.0 11813100000.0 1973970000000.0 344961000000.0 538259000000.0 48952400000.0 85525700000.0 49863200000.0 -3.56 [-3.56]
151356000000000.0 8412290000000000.0 5368300000000.0 16823300000000.0 784714000000.0 1982950000000.0 3387300000000.0 14898800000.0 281010000000.0 22672100000000.0 568356000.0 0.0 11559200000.0 1925670000000.0 316528000000.0 489319000000.0 41685100000.0 91754400000.0 50139400000.0 -3.54 [-3.54]
151356000000000.0 8024010000000000.0 5313170000000.0 15926500000000.0 697897000000.0 1981340000000.0 3169810000000.0 12777000000.0 296586000000.0 21165200000000.0 457138000.0 0.0 11306000000.0 1876940000000.0 290288000000.0 444742000000.0 35502700000.0 98300100000.0 50359900000.0 -3.52 [-3.52]
151356000000000.0 7656660000000000.0 5258150000000.0 15075900000000.0 620317000000.0 1978010000000.0 2963610000000.0 10953300000.0 312531000000.0 19744100000000.0 367471000.0 0.0 11053800000.0 1828000000000.0 266101000000.0 404160000000.0 30244100000.0 105165000000.0 50525400000.0 -3.5 [-3.5]
151356000000000.0 7308760000000000.0 5203030000000.0 14268700000000.0 551030000000.0 1972920000000.0 2768160000000.0 9385620000.0 328827000000.0 18404300000000.0 295190000.0 0.0 10802600000.0 1779030000000.0 243810000000.0 367213000000.0 25769700000.0 112354000000.0 50636800000.0 -3.48 [-3.48]
151356000000000.0 6979120000000000.0 5147750000000.0 13502700000000.0 489190000000.0 1966090000000.0 2583070000000.0 8038400000.0 345449000000.0 17142400000000.0 236961000.0 0.0 10553000000.0 1730210000000.0 223286000000.0 333588000000.0 21962700000.0 119866000000.0 50695000000.0 -3.46 [-3.46]
151356000000000.0 6666520000000000.0 5092190000000.0 12775600000000.0 434029000000.0 1957500000000.0 2407890000000.0 6880780000.0 362371000000.0 15954600000000.0 190073000.0 0.0 10304900000.0 1681680000000.0 204395000000.0 302986000000.0 18722800000.0 127700000000.0 50701400000.0 -3.44 [-3.44]
151356000000000.0 6369780000000000.0 5036150000000.0 12085200000000.0 384851000000.0 1947160000000.0 2242160000000.0 5886130000.0 379576000000.0 14836700000000.0 152328000.0 0.0 10058500000.0 1633550000000.0 187009000000.0 275132000000.0 15964200000.0 135854000000.0 50656900000.0 -3.42 [-3.42]
151356000000000.0 6087900000000000.0 4979550000000.0 11429600000000.0 341033000000.0 1935060000000.0 2085510000000.0 5031800000.0 397034000000.0 13785400000000.0 121965000.0 0.0 9813950000.0 1585920000000.0 171014000000.0 249783000000.0 13615100000.0 144322000000.0 50563000000.0 -3.4 [-3.4]
151356000000000.0 5819960000000000.0 4922320000000.0 10806900000000.0 302017000000.0 1921230000000.0 1937580000000.0 4298320000.0 414717000000.0 12797500000000.0 97557600.0 0.0 9571430000.0 1538880000000.0 156307000000.0 226715000000.0 11614400000.0 153093000000.0 50420900000.0 -3.38 [-3.38]
151356000000000.0 5565070000000000.0 4864350000000.0 10215500000000.0 267293000000.0 1905670000000.0 1797990000000.0 3668810000.0 432598000000.0 11869600000000.0 77951300.0 0.0 9331040000.0 1492520000000.0 142787000000.0 205723000000.0 9909760000.0 162155000000.0 50232300000.0 -3.36 [-3.36]
151356000000000.0 5322380000000000.0 4805550000000.0 9653650000000.0 236407000000.0 1888390000000.0 1666390000000.0 3128760000.0 450649000000.0 10998500000000.0 62213000.0 0.0 9092870000.0 1446870000000.0 130360000000.0 186619000000.0 8457010000.0 171492000000.0 49998200000.0 -3.34 [-3.34]
151356000000000.0 5091140000000000.0 4745810000000.0 9119850000000.0 208950000000.0 1869420000000.0 1542440000000.0 2665710000.0 468838000000.0 10181300000000.0 49591100.0 0.0 8857020000.0 1401980000000.0 118941000000.0 169234000000.0 7218600000.0 181081000000.0 49720400000.0 -3.32 [-3.32]
151356000000000.0 4870670000000000.0 4685100000000.0 8612730000000.0 184556000000.0 1848790000000.0 1425840000000.0 2268960000.0 487137000000.0 9415140000000.0 39478700.0 0.0 8623630000.0 1357910000000.0 108453000000.0 153415000000.0 6162700000.0 190897000000.0 49400300000.0 -3.3 [-3.3]
151356000000000.0 4660270000000000.0 4623300000000.0 8130860000000.0 162894000000.0 1826520000000.0 1316250000000.0 1929190000.0 505516000000.0 8697210000000.0 31383900.0 0.0 8392720000.0 1314660000000.0 98820900000.0 139019000000.0 5262030000.0 200909000000.0 49039200000.0 -3.28 [-3.28]
151356000000000.0 4459380000000000.0 4560410000000.0 7673090000000.0 143673000000.0 1802670000000.0 1213400000000.0 1638490000.0 523941000000.0 8025120000000.0 24912700.0 0.0 8164460000.0 1272270000000.0 89979900000.0 125922000000.0 4493760000.0 211078000000.0 48638800000.0 -3.26 [-3.26]
151356000000000.0 4266450000000000.0 4495950000000.0 7236050000000.0 126562000000.0 1777040000000.0 1116590000000.0 1389030000.0 542428000000.0 7393610000000.0 19728900.0 0.0 7937670000.0 1230520000000.0 81833000000.0 113958000000.0 3836020000.0 221381000000.0 48197900000.0 -3.24 [-3.24]
151356000000000.0 4082900000000000.0 4430650000000.0 6822930000000.0 111457000000.0 1750140000000.0 1026340000000.0 1176860000.0 560857000000.0 6805920000000.0 15610400.0 0.0 7714810000.0 1189880000000.0 74393400000.0 103122000000.0 3276790000.0 231732000000.0 47722900000.0 -3.22 [-3.22]
151356000000000.0 3907280000000000.0 4364120000000.0 6430560000000.0 98078900000.0 1721790000000.0 941983000000.0 995816000.0 579239000000.0 6257050000000.0 12330600.0 0.0 7494800000.0 1150120000000.0 67573100000.0 93267200000.0 2799440000.0 242096000000.0 47213000000.0 -3.2 [-3.2]
151356000000000.0 3739160000000000.0 4296340000000.0 6057970000000.0 86237400000.0 1692080000000.0 863243000000.0 841503000.0 597543000000.0 5744960000000.0 9722640.0 0.0 7277720000.0 1111250000000.0 61324200000.0 84307400000.0 2391920000.0 252412000000.0 46669800000.0 -3.18 [-3.18]
151356000000000.0 3579010000000000.0 4227740000000.0 5706160000000.0 75806600000.0 1661350000000.0 790185000000.0 710654000.0 615692000000.0 5269890000000.0 7659130.0 0.0 7064890000.0 1073510000000.0 55628200000.0 76199500000.0 2045250000.0 262600000000.0 46098300000.0 -3.16 [-3.16]
151356000000000.0 3424690000000000.0 4157510000000.0 5370420000000.0 66546000000.0 1629150000000.0 721906000000.0 598880000.0 633746000000.0 4825460000000.0 6016860.0 0.0 6853960000.0 1036440000000.0 50391700000.0 68797700000.0 1748010000.0 272620000000.0 45493400000.0 -3.14 [-3.14]
151356000000000.0 3276760000000000.0 4086070000000.0 5051890000000.0 58367400000.0 1595820000000.0 658494000000.0 503962000.0 651630000000.0 4412220000000.0 4717540.0 0.0 6646240000.0 1000260000000.0 45604300000.0 62075300000.0 1494180000.0 282382000000.0 44859900000.0 -3.12 [-3.12]
151356000000000.0 3134030000000000.0 4013010000000.0 4748030000000.0 51118500000.0 1561180000000.0 599436000000.0 423128000.0 669358000000.0 4026590000000.0 3687800.0 0.0 6440550000.0 964750000000.0 41210400000.0 55943900000.0 1276570000.0 291813000000.0 44195300000.0 -3.1 [-3.1]
151356000000000.0 2998820000000000.0 3939830000000.0 4463520000000.0 44787700000.0 1526210000000.0 545317000000.0 355320000.0 686760000000.0 3672740000000.0 0.0 0.0 6240840000.0 930593000000.0 37241300000.0 50436800000.0 1092310000.0 300818000000.0 43514400000.0 -3.08 [-3.08]
151356000000000.0 2868280000000000.0 3865160000000.0 4192300000000.0 39182700000.0 1490120000000.0 495087000000.0 297699000.0 703948000000.0 3343380000000.0 0.0 0.0 6043380000.0 897103000000.0 33603900000.0 45417100000.0 934225000.0 309334000000.0 42805900000.0 -3.06 [-3.06]
151356000000000.0 2743030000000000.0 3789580000000.0 3935510000000.0 34249800000.0 1453340000000.0 448791000000.0 249059000.0 720847000000.0 3038960000000.0 0.0 0.0 5849570000.0 864509000000.0 30291900000.0 40869000000.0 799220000.0 317280000000.0 42076100000.0 -3.04 [-3.04]
151356000000000.0 2622140000000000.0 3712750000000.0 3691060000000.0 29892900000.0 1415680000000.0 406016000000.0 207895000.0 737466000000.0 2756720000000.0 0.0 0.0 5658360000.0 832607000000.0 27265800000.0 36731700000.0 683480000.0 324572000000.0 41322200000.0 -3.02 [-3.02]
151356000000000.0 2506850000000000.0 3635690000000.0 3461360000000.0 26085000000.0 1377840000000.0 366938000000.0 173429000.0 753704000000.0 2498070000000.0 0.0 0.0 5472180000.0 801802000000.0 24530500000.0 33007700000.0 585070000.0 331155000000.0 40555500000.0 -3.0 [-3.0]
151356000000000.0 2396260000000000.0 3558080000000.0 3244320000000.0 22743400000.0 1339660000000.0 331143000000.0 144479000.0 769574000000.0 2260290000000.0 0.0 0.0 5289990000.0 771891000000.0 22049100000.0 29641400000.0 501025000.0 336964000000.0 39773600000.0 -2.98 [-2.98]
151356000000000.0 2290180000000000.0 3480060000000.0 3039400000000.0 19814000000.0 1301260000000.0 298420000000.0 120200000.0 785053000000.0 2042080000000.0 0.0 0.0 5111900000.0 742872000000.0 19800700000.0 26601000000.0 429242000.0 341947000000.0 38978500000.0 -2.96 [-2.96]
151356000000000.0 2189290000000000.0 3402400000000.0 2847700000000.0 17264400000.0 1263150000000.0 268747000000.0 99988800.0 800079000000.0 1843490000000.0 0.0 0.0 4939430000.0 714985000000.0 17778700000.0 23874600000.0 368248000.0 346095000000.0 38179200000.0 -2.94 [-2.94]
151356000000000.0 2091770000000000.0 3324050000000.0 2665420000000.0 15018500000.0 1224690000000.0 241558000000.0 82984400.0 814715000000.0 1660740000000.0 0.0 0.0 4769850000.0 687744000000.0 15939500000.0 21399900000.0 315834000.0 349321000000.0 37364700000.0 -2.92 [-2.92]
151356000000000.0 1998320000000000.0 3245750000000.0 2493720000000.0 13055600000.0 1186360000000.0 216854000000.0 68793700.0 828902000000.0 1494020000000.0 0.0 0.0 4604660000.0 661389000000.0 14279600000.0 19170900000.0 271052000.0 351633000000.0 36543500000.0 -2.9 [-2.9]
151356000000000.0 1908510000000000.0 3167420000000.0 2331580000000.0 11337500000.0 1148130000000.0 194399000000.0 56943700.0 842636000000.0 1341830000000.0 0.0 0.0 4443400000.0 635828000000.0 12779800000.0 17160100000.0 232702000.0 353008000000.0 35715000000.0 -2.88 [-2.88]
