Cloudy_runs/pg0003/z=0.421923/component_III_PI_nH/component_III_PI_nH_col_density_param.txt
# %ECSV 1.0
# ---
# datatype:
# - {name: H, datatype: float64}
# - {name: H+, datatype: float64}
# - {name: C+, datatype: float64}
# - {name: C+2, datatype: float64}
# - {name: C+3, datatype: float64}
# - {name: N+2, datatype: float64}
# - {name: N+4, datatype: float64}
# - {name: O, datatype: float64}
# - {name: O+2, datatype: float64}
# - {name: O+5, datatype: float64}
# - {name: O+6, datatype: float64}
# - {name: Si+, datatype: float64}
# - {name: Si+2, datatype: float64}
# - {name: Si+3, datatype: float64}
# - {name: Si+4, datatype: float64}
# - {name: log_nH, datatype: float64}
# - {name: log_Te, datatype: float64}
# - {name: parameters, datatype: string, subtype: 'float64[1]'}
# schema: astropy-2.0
H H+ C+ C+2 C+3 N+2 N+4 O O+2 O+5 O+6 Si+ Si+2 Si+3 Si+4 log_nH log_Te parameters
512861000000000.0 6.90136e+19 3918340000.0 1279860000000.0 12451600000000.0 179472000000.0 20899700000000.0 11614.2 438089000000.0 467465000000000.0 2114720000000000.0 424856.0 40090500.0 429587000.0 150053000000.0 -5.0 4.667 [-5.0]
512861000000000.0 6.50341e+19 4371390000.0 1391490000000.0 12987000000000.0 194798000000.0 21215800000000.0 13004.9 477015000000.0 462053000000000.0 1977280000000000.0 528640.0 48367700.0 499812000.0 164709000000.0 -4.98 4.66 [-4.98]
512861000000000.0 6.13044e+19 4866980000.0 1509960000000.0 13523400000000.0 211193000000.0 21505900000000.0 14560.0 519047000000.0 455918000000000.0 1846260000000000.0 655893.0 58219100.0 580345000.0 180485000000.0 -4.96 4.653 [-4.96]
512861000000000.0 5.78077e+19 5408270000.0 1635460000000.0 14059300000000.0 228724000000.0 21769400000000.0 16300.4 564419000000.0 449088000000000.0 1721560000000000.0 811509.0 69918600.0 672509000.0 197433000000.0 -4.94 4.647 [-4.94]
512861000000000.0 5.45277e+19 5998610000.0 1768180000000.0 14593500000000.0 247458000000.0 22005500000000.0 18249.3 613361000000.0 441587000000000.0 1603050000000000.0 1001330.0 83784900.0 777790000.0 215611000000.0 -4.92 4.64 [-4.92]
512861000000000.0 5.14503e+19 6641730000.0 1908310000000.0 15124700000000.0 267473000000.0 22213800000000.0 20434.8 666141000000.0 433446000000000.0 1490590000000000.0 1232320.0 100185000.0 897806000.0 235070000000.0 -4.9 4.634 [-4.9]
512861000000000.0 4.85619e+19 7341390000.0 2056030000000.0 15651500000000.0 288846000000.0 22393700000000.0 22887.1 723018000000.0 424701000000000.0 1384060000000000.0 1512710.0 119545000.0 1034370000.0 255868000000.0 -4.88 4.628 [-4.88]
512861000000000.0 4.58494e+19 8101730000.0 2211520000000.0 16172800000000.0 311654000000.0 22544900000000.0 25640.2 784251000000.0 415385000000000.0 1283280000000000.0 1852300.0 142355000.0 1189470000.0 278056000000.0 -4.86 4.622 [-4.86]
512861000000000.0 4.33013e+19 8927100000.0 2374950000000.0 16687300000000.0 335981000000.0 22666900000000.0 28732.6 850116000000.0 405535000000000.0 1188080000000000.0 2262650.0 169178000.0 1365310000.0 301686000000.0 -4.84 4.616 [-4.84]
512861000000000.0 4.09065e+19 9822130000.0 2546500000000.0 17193800000000.0 361911000000.0 22759400000000.0 32207.5 920887000000.0 395191000000000.0 1098290000000000.0 2757400.0 200663000.0 1564280000.0 326807000000.0 -4.82 4.61 [-4.82]
512861000000000.0 3.86548e+19 10791900000.0 2726350000000.0 17691200000000.0 389535000000.0 22822200000000.0 36114.3 996849000000.0 384399000000000.0 1013730000000000.0 3352630.0 237552000.0 1789030000.0 353468000000.0 -4.8 4.604 [-4.8]
512861000000000.0 3.65369e+19 11841700000.0 2914650000000.0 18178400000000.0 418938000000.0 22855000000000.0 40507.4 1078270000000.0 373197000000000.0 934221000000000.0 4067230.0 280697000.0 2042440000.0 381713000000.0 -4.78 4.599 [-4.78]
512861000000000.0 3.4544e+19 12976600000.0 3111480000000.0 18654300000000.0 450199000000.0 22857600000000.0 45446.7 1165420000000.0 361630000000000.0 859581000000000.0 4923310.0 331068000.0 2327660000.0 411583000000.0 -4.76 4.593 [-4.76]
512861000000000.0 3.26678e+19 14202900000.0 3317020000000.0 19117900000000.0 483411000000.0 22830000000000.0 51001.4 1258560000000.0 349746000000000.0 789623000000000.0 5946820.0 389775000.0 2648140000.0 443116000000.0 -4.74 4.588 [-4.74]
512861000000000.0 3.0901e+19 15526500000.0 3531380000000.0 19568200000000.0 518658000000.0 22772200000000.0 57247.7 1357940000000.0 337592000000000.0 724165000000000.0 7167950.0 458076000.0 3007590000.0 476344000000.0 -4.72 4.583 [-4.72]
512861000000000.0 2.92363e+19 16953900000.0 3754670000000.0 20004300000000.0 556017000000.0 22684000000000.0 64269.5 1463800000000.0 325219000000000.0 663011000000000.0 8621970.0 537408000.0 3410070000.0 511297000000.0 -4.7 4.578 [-4.7]
512861000000000.0 2.76666e+19 18490800000.0 3986830000000.0 20425400000000.0 595525000000.0 22565500000000.0 72147.9 1576250000000.0 312672000000000.0 605964000000000.0 10349700.0 629399000.0 3860110000.0 548004000000.0 -4.68 4.573 [-4.68]
512861000000000.0 2.61874e+19 20147500000.0 4228250000000.0 20830300000000.0 637351000000.0 22417000000000.0 81018.6 1695720000000.0 300005000000000.0 552884000000000.0 12398900.0 735882000.0 4362130000.0 586464000000.0 -4.66 4.568 [-4.66]
512861000000000.0 2.47922e+19 21928700000.0 4478710000000.0 21218600000000.0 681486000000.0 22238600000000.0 90979.1 1822260000000.0 287266000000000.0 503558000000000.0 14824400.0 858939000.0 4921410000.0 626700000000.0 -4.64 4.563 [-4.64]
512861000000000.0 2.34757e+19 23843600000.0 4738510000000.0 21589300000000.0 728031000000.0 22030600000000.0 102161.0 1955990000000.0 274502000000000.0 457810000000000.0 17689800.0 1000930000.0 5543480000.0 668712000000.0 -4.62 4.559 [-4.62]
512861000000000.0 2.22331e+19 25899100000.0 5007370000000.0 21941800000000.0 776998000000.0 21793400000000.0 114709.0 2097060000000.0 261762000000000.0 415466000000000.0 21068000.0 1164470000.0 6234150000.0 712495000000.0 -4.6 4.554 [-4.6]
512861000000000.0 2.10597e+19 28103600000.0 5285420000000.0 22275400000000.0 828428000000.0 21527500000000.0 128773.0 2245500000000.0 249093000000000.0 376342000000000.0 25043200.0 1352550000.0 6999860000.0 758040000000.0 -4.58 4.55 [-4.58]
512861000000000.0 1.9951e+19 30465300000.0 5572560000000.0 22589300000000.0 882339000000.0 21233200000000.0 144525.0 2401300000000.0 236539000000000.0 340265000000000.0 29711600.0 1568480000.0 7847390000.0 805322000000.0 -4.56 4.545 [-4.56]
512861000000000.0 1.89037e+19 32994600000.0 5868910000000.0 22883100000000.0 938782000000.0 20911500000000.0 162169.0 2564570000000.0 224145000000000.0 307072000000000.0 35183600.0 1816010000.0 8783900000.0 854312000000.0 -4.54 4.541 [-4.54]
512861000000000.0 1.79142e+19 35701300000.0 6174250000000.0 23156100000000.0 997753000000.0 20563200000000.0 181942.0 2735360000000.0 211953000000000.0 276600000000000.0 41585400.0 2099280000.0 9816730000.0 904957000000.0 -4.52 4.537 [-4.52]
512861000000000.0 1.69787e+19 38593400000.0 6488410000000.0 23407700000000.0 1059200000000.0 20189100000000.0 204057.0 2913460000000.0 199999000000000.0 248678000000000.0 49059600.0 2422920000.0 10954300000.0 957213000000.0 -4.5 4.532 [-4.5]
512861000000000.0 1.60938e+19 41679100000.0 6811170000000.0 23637300000000.0 1123070000000.0 19790000000000.0 228763.0 3098700000000.0 188320000000000.0 223145000000000.0 57768400.0 2792080000.0 12205300000.0 1011020000000.0 -4.48 4.528 [-4.48]
512861000000000.0 1.52567e+19 44968900000.0 7142440000000.0 23844500000000.0 1189320000000.0 19367300000000.0 256350.0 3290920000000.0 176948000000000.0 199846000000000.0 67896100.0 3212510000.0 13578900000.0 1066300000000.0 -4.46 4.524 [-4.46]
512861000000000.0 1.44644e+19 48470000000.0 7481640000000.0 24028700000000.0 1257820000000.0 18922000000000.0 287129.0 3489900000000.0 165910000000000.0 178635000000000.0 79649000.0 3690490000.0 15084600000.0 1122980000000.0 -4.44 4.52 [-4.44]
512861000000000.0 1.37145e+19 52192600000.0 7828570000000.0 24189500000000.0 1328490000000.0 18455700000000.0 321450.0 3695390000000.0 155234000000000.0 159365000000000.0 93261100.0 4233040000.0 16732600000.0 1180940000000.0 -4.42 4.516 [-4.42]
512861000000000.0 1.30045e+19 56145100000.0 8182790000000.0 24326400000000.0 1401180000000.0 17969800000000.0 359695.0 3907080000000.0 144939000000000.0 141898000000000.0 108994000.0 4847840000.0 18533500000.0 1240080000000.0 -4.4 4.512 [-4.4]
512861000000000.0 1.2332e+19 60337600000.0 8543930000000.0 24439000000000.0 1475760000000.0 17465800000000.0 402303.0 4124690000000.0 135043000000000.0 126100000000000.0 127144000.0 5543440000.0 20498600000.0 1300290000000.0 -4.38 4.508 [-4.38]
512861000000000.0 1.16951e+19 64776700000.0 8911310000000.0 24526900000000.0 1552020000000.0 16945800000000.0 449725.0 4347730000000.0 125562000000000.0 111850000000000.0 148034000.0 6328950000.0 22638800000.0 1361400000000.0 -4.36 4.504 [-4.36]
512861000000000.0 1.10918e+19 69471200000.0 9284410000000.0 24589600000000.0 1629790000000.0 16411400000000.0 502496.0 4575850000000.0 116505000000000.0 99024700000000.0 172029000.0 7214580000.0 24966300000.0 1423280000000.0 -4.34 4.501 [-4.34]
512861000000000.0 1.052e+19 74428900000.0 9662700000000.0 24626800000000.0 1708850000000.0 15864500000000.0 561188.0 4808590000000.0 107880000000000.0 87505600000000.0 199533000.0 8211410000.0 27493500000.0 1485760000000.0 -4.32 4.497 [-4.32]
512861000000000.0 9.97811e+18 79653100000.0 10045000000000.0 24638200000000.0 1788900000000.0 15307200000000.0 626440.0 5045490000000.0 99691200000000.0 77183000000000.0 230991000.0 9331380000.0 30233200000.0 1548660000000.0 -4.3 4.493 [-4.3]
512861000000000.0 9.46451e+18 85153100000.0 10430800000000.0 24623600000000.0 1869730000000.0 14741600000000.0 699003.0 5286140000000.0 91939200000000.0 67953700000000.0 266896000.0 10587600000.0 33197800000.0 1611800000000.0 -4.28 4.489 [-4.28]
512861000000000.0 8.97766e+18 90933600000.0 10819200000000.0 24582500000000.0 1951070000000.0 14169800000000.0 779686.0 5530060000000.0 84622000000000.0 59719800000000.0 307789000.0 11994000000.0 36400700000.0 1674970000000.0 -4.26 4.485 [-4.26]
512861000000000.0 8.51612e+18 97000700000.0 11209200000000.0 24515000000000.0 2032640000000.0 13593900000000.0 869422.0 5776780000000.0 77734800000000.0 52389900000000.0 354266000.0 13566100000.0 39855100000.0 1737950000000.0 -4.24 4.481 [-4.24]
512861000000000.0 8.07856e+18 103357000000.0 11599800000000.0 24420600000000.0 2114140000000.0 13016100000000.0 969232.0 6025790000000.0 71270600000000.0 45878900000000.0 406969000.0 15319800000.0 43573900000.0 1800520000000.0 -4.22 4.478 [-4.22]
512861000000000.0 7.66369e+18 110007000000.0 11989900000000.0 24299500000000.0 2195270000000.0 12438500000000.0 1080280.0 6276590000000.0 65219600000000.0 40107400000000.0 466607000.0 17272900000.0 47570400000.0 1862430000000.0 -4.2 4.474 [-4.2]
512861000000000.0 7.27032e+18 116951000000.0 12378400000000.0 24151400000000.0 2275740000000.0 11863200000000.0 1203880.0 6528670000000.0 59570700000000.0 35002200000000.0 533942000.0 19443900000.0 51857600000.0 1923440000000.0 -4.18 4.47 [-4.18]
512861000000000.0 6.89731e+18 124190000000.0 12764100000000.0 23976400000000.0 2355240000000.0 11292300000000.0 1341520.0 6781550000000.0 54310600000000.0 30495500000000.0 609802000.0 21852700000.0 56448000000.0 1983290000000.0 -4.16 4.466 [-4.16]
512861000000000.0 6.5436e+18 131725000000.0 13145500000000.0 23774600000000.0 2433460000000.0 10727700000000.0 1494850.0 7034730000000.0 49424900000000.0 26525300000000.0 695079000.0 24520300000.0 61353800000.0 2041720000000.0 -4.14 4.463 [-4.14]
512861000000000.0 6.20819e+18 139553000000.0 13521500000000.0 23546200000000.0 2510110000000.0 10171300000000.0 1665790.0 7287700000000.0 44898400000000.0 23034600000000.0 790728000.0 27468900000.0 66586400000.0 2098450000000.0 -4.12 4.459 [-4.12]
512861000000000.0 5.89013e+18 147672000000.0 13890700000000.0 23291300000000.0 2584910000000.0 9624750000000.0 1856450.0 7539990000000.0 40714700000000.0 19971500000000.0 897776000.0 30721900000.0 72156500000.0 2153220000000.0 -4.1 4.455 [-4.1]
512861000000000.0 5.58851e+18 156075000000.0 14251300000000.0 23010300000000.0 2657510000000.0 9089740000000.0 2069260.0 7791100000000.0 36856900000000.0 17288800000000.0 1017310000.0 34303500000.0 78073400000.0 2205750000000.0 -4.08 4.452 [-4.08]
512861000000000.0 5.30249e+18 164761000000.0 14602500000000.0 22703600000000.0 2727760000000.0 8567710000000.0 2306960.0 8040540000000.0 33307900000000.0 14943500000000.0 1150490000.0 38239400000.0 84345900000.0 2255750000000.0 -4.06 4.448 [-4.06]
512861000000000.0 5.03125e+18 173719000000.0 14942400000000.0 22371700000000.0 2795340000000.0 8059980000000.0 2572640.0 8287840000000.0 30050300000000.0 12897000000000.0 1298540000.0 42555900000.0 90980900000.0 2302950000000.0 -4.04 4.444 [-4.04]
512861000000000.0 4.77404e+18 182940000000.0 15269600000000.0 22015300000000.0 2860030000000.0 7567730000000.0 2869800.0 8532530000000.0 27066700000000.0 11114400000000.0 1462740000.0 47280200000.0 97983600000.0 2347070000000.0 -4.02 4.441 [-4.02]
512861000000000.0 4.53015e+18 192417000000.0 15582600000000.0 21635000000000.0 2921610000000.0 7091970000000.0 3202420.0 8774170000000.0 24340000000000.0 9564480000000.0 1644470000.0 52440000000.0 105357000000.0 2387850000000.0 -4.0 4.437 [-4.0]
512861000000000.0 4.29888e+18 202135000000.0 15880100000000.0 21231700000000.0 2979870000000.0 6633520000000.0 3574960.0 9012280000000.0 21853200000000.0 8219090000000.0 1845110000.0 58063700000.0 113102000000.0 2425020000000.0 -3.98 4.433 [-3.98]
512861000000000.0 4.07957e+18 212080000000.0 16160400000000.0 20806400000000.0 3034630000000.0 6193060000000.0 3992500.0 9246440000000.0 19589800000000.0 7053190000000.0 2066130000.0 64179800000.0 121218000000.0 2458340000000.0 -3.96 4.43 [-3.96]
512861000000000.0 3.87162e+18 222236000000.0 16422200000000.0 20360200000000.0 3085730000000.0 5771110000000.0 4460730.0 9476190000000.0 17533900000000.0 6044500000000.0 2309040000.0 70816700000.0 129701000000.0 2487560000000.0 -3.94 4.426 [-3.94]
512861000000000.0 3.67443e+18 232584000000.0 16663900000000.0 19894300000000.0 3132970000000.0 5368040000000.0 4986100.0 9701110000000.0 15670200000000.0 5173200000000.0 2575360000.0 78002600000.0 138542000000.0 2512450000000.0 -3.92 4.423 [-3.92]
512861000000000.0 3.48744e+18 243110000000.0 16884600000000.0 19409800000000.0 3176320000000.0 4984040000000.0 5575930.0 9920790000000.0 13983700000000.0 4421730000000.0 2866680000.0 85765200000.0 147734000000.0 2532810000000.0 -3.9 4.419 [-3.9]
512861000000000.0 3.31012e+18 253787000000.0 17082800000000.0 18908100000000.0 3215610000000.0 4619200000000.0 6238400.0 10134700000000.0 12460500000000.0 3774570000000.0 3184560000.0 94130700000.0 157260000000.0 2548440000000.0 -3.88 4.416 [-3.88]
512861000000000.0 3.14194e+18 264594000000.0 17257500000000.0 18390800000000.0 3250760000000.0 4273450000000.0 6982810.0 10342600000000.0 11087300000000.0 3218070000000.0 3530570000.0 103124000000.0 167104000000.0 2559160000000.0 -3.86 4.412 [-3.86]
512861000000000.0 2.98247e+18 275502000000.0 17407300000000.0 17859700000000.0 3281650000000.0 3946680000000.0 7819480.0 10544000000000.0 9851450000000.0 2740230000000.0 3906240000.0 112767000000.0 177244000000.0 2564830000000.0 -3.84 4.409 [-3.84]
512861000000000.0 2.83125e+18 286494000000.0 17532000000000.0 17316200000000.0 3308340000000.0 3638590000000.0 8760220.0 10738500000000.0 8741210000000.0 2330510000000.0 4313100000.0 123082000000.0 187655000000.0 2565340000000.0 -3.82 4.405 [-3.82]
512861000000000.0 2.68783e+18 297539000000.0 17630400000000.0 16762200000000.0 3330730000000.0 3348820000000.0 9818170.0 10925900000000.0 7745470000000.0 1979680000000.0 4752580000.0 134085000000.0 198306000000.0 2560570000000.0 -3.8 4.402 [-3.8]
512861000000000.0 2.55182e+18 308603000000.0 17701700000000.0 16199600000000.0 3348770000000.0 3076950000000.0 11008100.0 11105600000000.0 6853900000000.0 1679660000000.0 5225990000.0 145788000000.0 209161000000.0 2550470000000.0 -3.78 4.398 [-3.78]
512861000000000.0 2.42281e+18 319663000000.0 17745900000000.0 15630100000000.0 3362520000000.0 2822440000000.0 12346600.0 11277400000000.0 6056870000000.0 1423440000000.0 5734560000.0 158201000000.0 220183000000.0 2534980000000.0 -3.76 4.395 [-3.76]
512861000000000.0 2.30045e+18 330680000000.0 17762200000000.0 15055700000000.0 3371930000000.0 2584730000000.0 13852400.0 11440900000000.0 5345470000000.0 1204900000000.0 6279310000.0 171325000000.0 231326000000.0 2514090000000.0 -3.74 4.392 [-3.74]
512861000000000.0 2.18444e+18 341616000000.0 17750700000000.0 14478600000000.0 3377050000000.0 2363320000000.0 15545300.0 11595700000000.0 4711850000000.0 1018820000000.0 6860630000.0 185151000000.0 242539000000.0 2487860000000.0 -3.72 4.388 [-3.72]
