Cloudy_runs/pg0003/z=0.421923/component_III_PI_nH/component_III_PI_nH_col_density_param.txt
# %ECSV 1.0
# ---
# datatype:
# - {name: H, datatype: float64}
# - {name: H+, datatype: float64}
# - {name: C+, datatype: float64}
# - {name: C+2, datatype: float64}
# - {name: C+3, datatype: float64}
# - {name: N+2, datatype: float64}
# - {name: N+4, datatype: float64}
# - {name: O, datatype: float64}
# - {name: O+2, datatype: float64}
# - {name: O+5, datatype: float64}
# - {name: O+6, datatype: float64}
# - {name: Si+, datatype: float64}
# - {name: Si+2, datatype: float64}
# - {name: Si+3, datatype: float64}
# - {name: Si+4, datatype: float64}
# - {name: log_nH, datatype: float64}
# - {name: log_Te, datatype: float64}
# - {name: parameters, datatype: string, subtype: 'float64[1]'}
# schema: astropy-2.0
H H+ C+ C+2 C+3 N+2 N+4 O O+2 O+5 O+6 Si+ Si+2 Si+3 Si+4 log_nH log_Te parameters
[from data line 66]
512861000000000.0 1.96984e+18 363209000000.0 17645400000000.0 13321800000000.0 3374710000000.0 1965980000000.0 19595700.0 11878600000000.0 3646100000000.0 725742000000.0 8138370000.0 214906000000.0 264960000000.0 2419460000000.0 -3.68 4.382 [-3.68]
512861000000000.0 1.87073e+18 373767000000.0 17551700000000.0 12746500000000.0 3367290000000.0 1788920000000.0 22006500.0 12005700000000.0 3201350000000.0 611493000000.0 8834100000.0 230774000000.0 276045000000.0 2377550000000.0 -3.66 4.378 [-3.66]
512861000000000.0 1.7767e+18 384129000000.0 17431300000000.0 12175700000000.0 3355820000000.0 1625260000000.0 24717200.0 12123100000000.0 2807300000000.0 514634000000.0 9567610000.0 247258000000.0 286957000000.0 2330700000000.0 -3.64 4.375 [-3.64]
512861000000000.0 1.68746e+18 394263000000.0 17284900000000.0 11611000000000.0 3340370000000.0 1474310000000.0 27764500.0 12230200000000.0 2458650000000.0 432611000000.0 10338200000.0 264314000000.0 297627000000.0 2279090000000.0 -3.62 4.372 [-3.62]
512861000000000.0 1.60277e+18 404141000000.0 17113500000000.0 11054000000000.0 3321040000000.0 1335320000000.0 31189100.0 12327000000000.0 2150590000000.0 363234000000.0 11144700000.0 281882000000.0 307979000000.0 2222950000000.0 -3.6 4.369 [-3.6]
512861000000000.0 1.52238e+18 413735000000.0 16918100000000.0 10506300000000.0 3297940000000.0 1207610000000.0 35036800.0 12413100000000.0 1878770000000.0 304620000000.0 11985600000.0 299895000000.0 317937000000.0 2162560000000.0 -3.58 4.365 [-3.58]
512861000000000.0 1.44607e+18 423020000000.0 16699700000000.0 9969300000000.0 3271200000000.0 1090460000000.0 39358100.0 12488200000000.0 1639230000000.0 255156000000.0 12858800000.0 318273000000.0 327423000000.0 2098210000000.0 -3.56 4.362 [-3.56]
512861000000000.0 1.37363e+18 431969000000.0 16459600000000.0 9444360000000.0 3240910000000.0 983204000000.0 44209400.0 12552200000000.0 1428420000000.0 213464000000.0 13761700000.0 336925000000.0 336359000000.0 2030240000000.0 -3.54 4.359 [-3.54]
512861000000000.0 1.30485e+18 440570000000.0 16199400000000.0 8932560000000.0 3207270000000.0 885178000000.0 49653800.0 12604800000000.0 1243140000000.0 178362000000.0 14691400000.0 355750000000.0 344663000000.0 1959000000000.0 -3.52 4.356 [-3.52]
512861000000000.0 1.23954e+18 448797000000.0 15920400000000.0 8434980000000.0 3170380000000.0 795744000000.0 55760800.0 12645700000000.0 1080510000000.0 148843000000.0 15644100000.0 374636000000.0 352262000000.0 1884900000000.0 -3.5 4.352 [-3.5]
512861000000000.0 1.17753e+18 456631000000.0 15624000000000.0 7952550000000.0 3130380000000.0 714295000000.0 62607700.0 12674800000000.0 937931000000.0 124048000000.0 16616000000.0 393459000000.0 359081000000.0 1808340000000.0 -3.48 4.349 [-3.48]
512861000000000.0 1.11863e+18 464059000000.0 15311900000000.0 7486040000000.0 3087430000000.0 640243000000.0 70279800.0 12691800000000.0 813102000000.0 103247000000.0 17602400000.0 412090000000.0 365050000000.0 1729770000000.0 -3.46 4.346 [-3.46]
512861000000000.0 1.06269e+18 471072000000.0 14985700000000.0 7036080000000.0 3041680000000.0 573033000000.0 78872000.0 12696700000000.0 703952000000.0 85817500000.0 18598500000.0 430392000000.0 370106000000.0 1649650000000.0 -3.44 4.343 [-3.44]
512861000000000.0 1.00956e+18 477662000000.0 14647100000000.0 6603180000000.0 2993310000000.0 512134000000.0 88488800.0 12689200000000.0 608636000000.0 71231700000.0 19599100000.0 448224000000.0 374191000000.0 1568440000000.0 -3.42 4.34 [-3.42]
512861000000000.0 9.59094e+17 483825000000.0 14297500000000.0 6187690000000.0 2942490000000.0 457046000000.0 99245400.0 12669200000000.0 525509000000.0 59041400000.0 20598700000.0 465444000000.0 377257000000.0 1486610000000.0 -3.4 4.336 [-3.4]
512861000000000.0 9.11154e+17 489559000000.0 13938900000000.0 5789850000000.0 2889380000000.0 407298000000.0 111269000.0 12636500000000.0 453107000000.0 48866400000.0 21591800000.0 481910000000.0 379264000000.0 1404640000000.0 -3.38 4.333 [-3.38]
512861000000000.0 8.65613e+17 494865000000.0 13572600000000.0 5409800000000.0 2834180000000.0 362447000000.0 124700000.0 12591200000000.0 390130000000.0 40384900000.0 22572700000.0 497481000000.0 380185000000.0 1323000000000.0 -3.36 4.33 [-3.36]
512861000000000.0 8.22348e+17 499743000000.0 13200200000000.0 5047530000000.0 2777050000000.0 322073000000.0 139690000.0 12533100000000.0 335425000000.0 33324800000.0 23535700000.0 512021000000.0 380003000000.0 1242140000000.0 -3.34 4.327 [-3.34]
512861000000000.0 7.81246e+17 504204000000.0 12823400000000.0 4702970000000.0 2718180000000.0 285793000000.0 156408000.0 12462200000000.0 287971000000.0 27456300000.0 24475300000.0 525407000000.0 378714000000.0 1162500000000.0 -3.32 4.323 [-3.32]
512861000000000.0 7.422e+17 508256000000.0 12443400000000.0 4375910000000.0 2657760000000.0 253241000000.0 175039000.0 12378600000000.0 246864000000.0 22585500000.0 25386500000.0 537527000000.0 376325000000.0 1084490000000.0 -3.3 4.32 [-3.3]
512861000000000.0 7.05106e+17 511908000000.0 12061800000000.0 4066110000000.0 2595970000000.0 224084000000.0 195782000.0 12282200000000.0 211307000000.0 18548800000.0 26264500000.0 548279000000.0 372856000000.0 1008480000000.0 -3.28 4.317 [-3.28]
512861000000000.0 6.69909e+17 515150000000.0 11680200000000.0 3773660000000.0 2533070000000.0 198042000000.0 218829000.0 12173300000000.0 180630000000.0 15212000000.0 27102200000.0 557568000000.0 368366000000.0 934906000000.0 -3.26 4.314 [-3.26]
512861000000000.0 6.36414e+17 518021000000.0 11298700000000.0 3497210000000.0 2469040000000.0 174750000000.0 244474000.0 12051600000000.0 154127000000.0 12450700000.0 27900500000.0 565335000000.0 362855000000.0 863867000000.0 -3.24 4.31 [-3.24]
512861000000000.0 6.0458e+17 520588000000.0 10919200000000.0 3236490000000.0 2404170000000.0 153966000000.0 272971000.0 11917500000000.0 131285000000.0 10171900000.0 28657800000.0 571570000000.0 356361000000.0 795693000000.0 -3.22 4.307 [-3.22]
512861000000000.0 5.74364e+17 522766000000.0 10542800000000.0 2991700000000.0 2338690000000.0 135491000000.0 304550000.0 11771300000000.0 111666000000.0 8297090000.0 29364900000.0 576182000000.0 349017000000.0 730694000000.0 -3.2 4.304 [-3.2]
512861000000000.0 5.45677e+17 524570000000.0 10170400000000.0 2762230000000.0 2272750000000.0 119087000000.0 339510000.0 11613200000000.0 94835900000.0 6756810000.0 30020000000.0 579162000000.0 340895000000.0 669012000000.0 -3.18 4.3 [-3.18]
512861000000000.0 5.18391e+17 526141000000.0 9802400000000.0 2546640000000.0 2206420000000.0 104503000000.0 378263000.0 11443400000000.0 80383400000.0 5490850000.0 30631200000.0 580593000000.0 331980000000.0 610644000000.0 -3.16 4.297 [-3.16]
512861000000000.0 4.92489e+17 527366000000.0 9440010000000.0 2345230000000.0 2139970000000.0 91596800000.0 421073000.0 11262300000000.0 68027600000.0 4454600000.0 31188900000.0 580427000000.0 322454000000.0 555788000000.0 -3.14 4.294 [-3.14]
512861000000000.0 4.67881e+17 528300000000.0 9083700000000.0 2157090000000.0 2073490000000.0 80179700000.0 468349000.0 11070400000000.0 57470700000.0 3607130000.0 31696300000.0 578729000000.0 312371000000.0 504427000000.0 -3.12 4.29 [-3.12]
512861000000000.0 4.44507e+17 528959000000.0 8734080000000.0 1981630000000.0 2007150000000.0 70095900000.0 520492000.0 10868000000000.0 48466500000.0 2915380000.0 32154200000.0 575562000000.0 301822000000.0 456556000000.0 -3.1 4.287 [-3.1]
512861000000000.0 4.22302e+17 529355000000.0 8391630000000.0 1818230000000.0 1941070000000.0 61202400000.0 577937000.0 10655700000000.0 40799600000.0 2351760000.0 32564300000.0 570994000000.0 290895000000.0 412126000000.0 -3.08 4.284 [-3.08]
512861000000000.0 4.01208e+17 529500000000.0 8056760000000.0 1666290000000.0 1875390000000.0 53370300000.0 641147000.0 10433900000000.0 34282900000.0 1893400000.0 32928200000.0 565107000000.0 279679000000.0 371061000000.0 -3.06 4.28 [-3.06]
512861000000000.0 3.81171e+17 529409000000.0 7729860000000.0 1525190000000.0 1810240000000.0 46483100000.0 710611000.0 10203300000000.0 28753800000.0 1521380000.0 33248500000.0 557997000000.0 268258000000.0 333259000000.0 -3.04 4.277 [-3.04]
512861000000000.0 3.62137e+17 529093000000.0 7411200000000.0 1394360000000.0 1745720000000.0 40435500000.0 786851000.0 9964410000000.0 24071300000.0 1220040000.0 33527900000.0 549762000000.0 256713000000.0 298593000000.0 -3.02 4.274 [-3.02]
512861000000000.0 3.44058e+17 528563000000.0 7101030000000.0 1273230000000.0 1681950000000.0 35132900000.0 870419000.0 9717980000000.0 20113100000.0 976438000.0 33769500000.0 540505000000.0 245119000000.0 266921000000.0 -3.0 4.27 [-3.0]
512861000000000.0 3.26885e+17 527828000000.0 6799520000000.0 1161210000000.0 1619010000000.0 30489900000.0 961898000.0 9464660000000.0 16773600000.0 779904000.0 33976300000.0 530331000000.0 233547000000.0 238086000000.0 -2.98 4.267 [-2.98]
512861000000000.0 3.10572e+17 526900000000.0 6506780000000.0 1057770000000.0 1557010000000.0 26430100000.0 1061900000.0 9205180000000.0 13961300000.0 621670000.0 34151700000.0 519350000000.0 222060000000.0 211920000000.0 -2.96 4.263 [-2.96]
512861000000000.0 2.95078e+17 525785000000.0 6222910000000.0 962387000000.0 1496020000000.0 22885100000.0 1171070000.0 8940260000000.0 11597800000.0 494536000.0 34299100000.0 507664000000.0 210717000000.0 188253000000.0 -2.94 4.26 [-2.94]
512861000000000.0 2.80394e+17 524498000000.0 5948590000000.0 874720000000.0 1436260000000.0 19799500000.0 1289900000.0 8671420000000.0 9618810000.0 392774000.0 34420400000.0 495419000000.0 199597000000.0 166947000000.0 -2.92 4.257 [-2.92]
512861000000000.0 2.66382e+17 523028000000.0 5681860000000.0 793748000000.0 1377360000000.0 17101300000.0 1419650000.0 8397190000000.0 7955740000.0 311045000.0 34523100000.0 482593000000.0 188657000000.0 147720000000.0 -2.9 4.253 [-2.9]
512861000000000.0 2.53104e+17 521397000000.0 5424650000000.0 719541000000.0 1319800000000.0 14759500000.0 1560490000.0 8120560000000.0 6569310000.0 245927000.0 34606100000.0 469399000000.0 178023000000.0 130511000000.0 -2.88 4.25 [-2.88]
512861000000000.0 2.40493e+17 519606000000.0 5176240000000.0 651472000000.0 1263500000000.0 12725200000.0 1713360000.0 7841570000000.0 5413440000.0 194047000.0 34673900000.0 455889000000.0 167696000000.0 115118000000.0 -2.86 4.246 [-2.86]
512861000000000.0 2.28542e+17 517667000000.0 4937140000000.0 589247000000.0 1208630000000.0 10963500000.0 1878780000.0 7561760000000.0 4453510000.0 152872000.0 34728000000.0 442186000000.0 157730000000.0 101407000000.0 -2.84 4.243 [-2.84]
512861000000000.0 2.17165e+17 515575000000.0 4706080000000.0 532197000000.0 1154960000000.0 9433530000.0 2058030000.0 7280430000000.0 3654910000.0 120139000.0 34773600000.0 428291000000.0 148090000000.0 89178000000.0 -2.82 4.24 [-2.82]
512861000000000.0 2.06332e+17 513326000000.0 4482930000000.0 479960000000.0 1102520000000.0 8106460000.0 2252030000.0 6998230000000.0 2992030000.0 94177900.0 34813100000.0 414265000000.0 138795000000.0 78295000000.0 -2.8 4.236 [-2.8]
512861000000000.0 1.96096e+17 510953000000.0 4269300000000.0 432518000000.0 1051730000000.0 6964080000.0 2460610000.0 6718290000000.0 2446280000.0 73754000.0 34844600000.0 400306000000.0 129930000000.0 68684600000.0 -2.78 4.233 [-2.78]
512861000000000.0 1.86348e+17 508428000000.0 4063270000000.0 389189000000.0 1002200000000.0 5975120000.0 2685560000.0 6438930000000.0 1995040000.0 57616200.0 34874000000.0 386338000000.0 121428000000.0 60163400000.0 -2.76 4.229 [-2.76]
512861000000000.0 1.77065e+17 505751000000.0 3864700000000.0 349676000000.0 953954000000.0 5120130000.0 2927820000.0 6160820000000.0 1622870000.0 44897300.0 34902800000.0 372410000000.0 113295000000.0 52622600000.0 -2.74 4.226 [-2.74]
512861000000000.0 1.68273e+17 502948000000.0 3674540000000.0 313861000000.0 907254000000.0 4385040000.0 3187360000.0 5886200000000.0 1317880000.0 34936700.0 34929900000.0 358658000000.0 105576000000.0 45987700000.0 -2.72 4.223 [-2.72]
512861000000000.0 1.59922e+17 500006000000.0 3492020000000.0 281362000000.0 861970000000.0 3752140000.0 3465370000.0 5614890000000.0 1067910000.0 27133400.0 34957600000.0 345076000000.0 98245600000.0 40146400000.0 -2.7 4.219 [-2.7]
512861000000000.0 1.51991e+17 496932000000.0 3316980000000.0 251915000000.0 818109000000.0 3207820000.0 3762570000.0 5347500000000.0 863495000.0 21033700.0 34986800000.0 331702000000.0 91298000000.0 35012000000.0 -2.68 4.216 [-2.68]
512861000000000.0 1.44478e+17 493730000000.0 3149660000000.0 225329000000.0 775768000000.0 2741060000.0 4079140000.0 5085240000000.0 697002000.0 16283400.0 35017100000.0 318597000000.0 84746100000.0 30513300000.0 -2.66 4.213 [-2.66]
512861000000000.0 1.37303e+17 490369000000.0 2988450000000.0 201190000000.0 734603000000.0 2338540000.0 4417360000.0 4826480000000.0 560868000.0 12568900.0 35052500000.0 305668000000.0 78526700000.0 26553300000.0 -2.64 4.209 [-2.64]
512861000000000.0 1.30526e+17 486901000000.0 2834990000000.0 179510000000.0 695050000000.0 1994830000.0 4775560000.0 4574520000000.0 450738000.0 9694800.0 35088300000.0 293097000000.0 72697800000.0 23100100000.0 -2.62 4.206 [-2.62]
512861000000000.0 1.24071e+17 483286000000.0 2687740000000.0 159925000000.0 656768000000.0 1699570000.0 5155950000.0 4327700000000.0 361264000.0 7460510.0 35128200000.0 280779000000.0 67199900000.0 20073400000.0 -2.6 4.203 [-2.6]
512861000000000.0 1.17939e+17 479538000000.0 2546930000000.0 142300000000.0 619854000000.0 1446760000.0 5558330000.0 4087110000000.0 288905000.0 5731110.0 35170900000.0 268769000000.0 62037400000.0 17429400000.0 -2.58 4.199 [-2.58]
512861000000000.0 1.12116e+17 475657000000.0 2412360000000.0 126462000000.0 584292000000.0 1230490000.0 5982950000.0 3853110000000.0 230518000.0 4395060.0 35216000000.0 257075000000.0 57197800000.0 15122000000.0 -2.56 4.196 [-2.56]
512861000000000.0 1.06584e+17 471645000000.0 2283830000000.0 112250000000.0 550065000000.0 1045630000.0 6429920000.0 3626000000000.0 183515000.0 3364850.0 35262900000.0 245707000000.0 52668200000.0 13110400000.0 -2.54 4.193 [-2.54]
512861000000000.0 1.0133e+17 467500000000.0 2161120000000.0 99514000000.0 517156000000.0 887748000.0 6899200000.0 3406080000000.0 145762000.0 2571900.0 35311100000.0 234668000000.0 48435600000.0 11358300000.0 -2.52 4.19 [-2.52]
512861000000000.0 9.63397e+16 463224000000.0 2044050000000.0 88117100000.0 485546000000.0 753015000.0 7390600000.0 3193570000000.0 115510000.0 1962680.0 35359800000.0 223961000000.0 44486500000.0 9833490000.0 -2.5 4.187 [-2.5]
512861000000000.0 9.16002e+16 458822000000.0 1932440000000.0 77933600000.0 455224000000.0 638142000.0 7903660000.0 2988720000000.0 91326500.0 1495500.0 35407700000.0 213592000000.0 40807600000.0 8507840000.0 -2.48 4.183 [-2.48]
512861000000000.0 8.70971e+16 454286000000.0 1826030000000.0 68844400000.0 426160000000.0 540264000.0 8437880000.0 2791630000000.0 72036400.0 1137780.0 35454700000.0 203553000000.0 37385700000.0 7355950000.0 -2.46 4.18 [-2.46]
512861000000000.0 8.28087e+16 449610000000.0 1724420000000.0 60727800000.0 398277000000.0 456790000.0 8993270000.0 2602060000000.0 56662800.0 863911.0 35499900000.0 193821000000.0 34199500000.0 6354210000.0 -2.44 4.177 [-2.44]
512861000000000.0 7.87462e+16 444823000000.0 1627940000000.0 53520900000.0 371691000000.0 385952000.0 9567120000.0 2421000000000.0 44485800.0 655404.0 35540400000.0 184448000000.0 31252600000.0 5487040000.0 -2.42 4.174 [-2.42]
512861000000000.0 7.48872e+16 439911000000.0 1536140000000.0 47115500000.0 346314000000.0 325756000.0 10159000000.0 2248050000000.0 34843800.0 496559.0 35576000000.0 175402000000.0 28523600000.0 4735340000.0 -2.4 4.171 [-2.4]
512861000000000.0 7.12308e+16 434890000000.0 1449070000000.0 41441700000.0 322181000000.0 274744000.0 10766700000.0 2083610000000.0 27239900.0 0.0 35605100000.0 166703000000.0 26006500000.0 4085340000.0 -2.38 4.168 [-2.38]
