Cloudy_runs/uks0242/z=0.06385/logZ=1/component_III_PI_nH/component_III_PI_nH_col_density_param.txt
# %ECSV 1.0
# ---
# datatype:
# - {name: H, datatype: float64}
# - {name: H+, datatype: float64}
# - {name: C+, datatype: float64}
# - {name: C+2, datatype: float64}
# - {name: C+3, datatype: float64}
# - {name: N+, datatype: float64}
# - {name: N+2, datatype: float64}
# - {name: N+4, datatype: float64}
# - {name: O, datatype: float64}
# - {name: O+2, datatype: float64}
# - {name: O+5, datatype: float64}
# - {name: O+6, datatype: float64}
# - {name: P+, datatype: float64}
# - {name: Si+, datatype: float64}
# - {name: Si+2, datatype: float64}
# - {name: Si+3, datatype: float64}
# - {name: Si+4, datatype: float64}
# - {name: Fe+, datatype: float64}
# - {name: Al+, datatype: float64}
# - {name: log_nH, datatype: float64}
# - {name: parameters, datatype: string, subtype: 'float64[1]'}
# schema: astropy-2.0
H H+ C+ C+2 C+3 N+ N+2 N+4 O O+2 O+5 O+6 P+ Si+ Si+2 Si+3 Si+4 Fe+ Al+ log_nH parameters
[from data line 222]
2187760000000000.0 411375000000000.0 3566370000000.0 41158800000.0 0.0 275602000000.0 42235700.0 0.0 12031700000000.0 102281000.0 0.0 0.0 6405270000.0 726075000000.0 13068300.0 17702000.0 0.0 820023000000.0 72667600000.0 -0.56 [-0.56]
2187760000000000.0 400074000000000.0 3496900000000.0 39107500000.0 0.0 266742000000.0 38959700.0 0.0 12004700000000.0 93464300.0 0.0 0.0 6375560000.0 720521000000.0 12352500.0 16720400.0 0.0 816466000000.0 72366300000.0 -0.54 [-0.54]
2187760000000000.0 389107000000000.0 3428360000000.0 37154200000.0 0.0 258172000000.0 35942300.0 0.0 11978200000000.0 85426800.0 0.0 0.0 6346670000.0 715049000000.0 11677900.0 15795700.0 0.0 813014000000.0 72073700000.0 -0.52 [-0.52]
2187760000000000.0 378470000000000.0 3360780000000.0 35295500000.0 0.0 249889000000.0 33163500.0 0.0 11952200000000.0 78101400.0 0.0 0.0 6318590000.0 709661000000.0 11041900.0 14924500.0 0.0 809664000000.0 71789800000.0 -0.5 [-0.5]
2187760000000000.0 368163000000000.0 3294220000000.0 33528300000.0 0.0 241890000000.0 30604800.0 0.0 11926600000000.0 71428700.0 0.0 0.0 6291350000.0 704358000000.0 10442300.0 14103700.0 0.0 806418000000.0 71514500000.0 -0.48 [-0.48]
2187760000000000.0 358161000000000.0 3228600000000.0 31846400000.0 0.0 234155000000.0 28247400.0 0.0 11901400000000.0 65342500.0 0.0 0.0 6264850000.0 699131000000.0 9876820.0 13330000.0 0.0 803268000000.0 71247200000.0 -0.46 [-0.46]
2187760000000000.0 348462000000000.0 3163840000000.0 30245800000.0 0.0 226676000000.0 26074900.0 0.0 11876700000000.0 59793700.0 0.0 0.0 6239110000.0 693977000000.0 9343390.0 12600500.0 0.0 800212000000.0 70987900000.0 -0.44 [-0.44]
2187760000000000.0 339046000000000.0 3099900000000.0 28721600000.0 0.0 219439000000.0 24072100.0 0.0 11852400000000.0 54731900.0 0.0 0.0 6214070000.0 688889000000.0 8840000.0 11912500.0 0.0 797245000000.0 70736000000.0 -0.42 [-0.42]
2187760000000000.0 329917000000000.0 3037110000000.0 27274000000.0 0.0 212455000000.0 22227500.0 0.0 11828600000000.0 50112600.0 0.0 0.0 6189760000.0 683874000000.0 8364980.0 11263700.0 0.0 794368000000.0 70491600000.0 -0.4 [-0.4]
2187760000000000.0 321058000000000.0 2975240000000.0 25896800000.0 0.0 205704000000.0 20527000.0 0.0 11805200000000.0 45896400.0 0.0 0.0 6166130000.0 678923000000.0 7916530.0 10651600.0 0.0 791577000000.0 70254400000.0 -0.38 [-0.38]
2187760000000000.0 312461000000000.0 2914280000000.0 24586800000.0 0.0 199175000000.0 18959100.0 0.0 11782200000000.0 42046500.0 0.0 0.0 6143140000.0 674033000000.0 7493100.0 10074000.0 0.0 788866000000.0 70024100000.0 -0.36 [-0.36]
2187760000000000.0 304165000000000.0 2854530000000.0 23346200000.0 0.0 192889000000.0 17515800.0 0.0 11759800000000.0 38537700.0 0.0 0.0 6120990000.0 669235000000.0 7093640.0 9529400.0 0.0 786252000000.0 69801800000.0 -0.34 [-0.34]
2187760000000000.0 296057000000000.0 2795330000000.0 22160000000.0 0.0 186778000000.0 16181800.0 0.0 11737700000000.0 35322800.0 0.0 0.0 6099220000.0 664453000000.0 6715830.0 9014630.0 0.0 783695000000.0 69584400000.0 -0.32 [-0.32]
2187760000000000.0 288194000000000.0 2737080000000.0 21032500000.0 0.0 180874000000.0 14951400.0 0.0 11716000000000.0 32388500.0 0.0 0.0 6078080000.0 659728000000.0 6358870.0 8528570.0 0.0 781216000000.0 69373500000.0 -0.3 [-0.3]
2187760000000000.0 280561000000000.0 2679710000000.0 19960400000.0 0.0 175164000000.0 13816400.0 0.0 11694700000000.0 29705600.0 0.0 0.0 6057520000.0 655054000000.0 6021580.0 8069600.0 0.0 778808000000.0 69168600000.0 -0.28 [-0.28]
2187760000000000.0 273143000000000.0 2623180000000.0 18940200000.0 0.0 169637000000.0 12768800.0 0.0 11673800000000.0 27251700.0 0.0 0.0 6037490000.0 650422000000.0 5702730.0 7636000.0 0.0 776468000000.0 68969400000.0 -0.26 [-0.26]
2187760000000000.0 265927000000000.0 2567440000000.0 17968800000.0 0.0 164283000000.0 11801500.0 0.0 11653200000000.0 25004800.0 0.0 0.0 6017950000.0 645826000000.0 5401220.0 7226240.0 0.0 774192000000.0 68775600000.0 -0.24 [-0.24]
2187760000000000.0 258891000000000.0 2512330000000.0 17042100000.0 0.0 159086000000.0 10907500.0 0.0 11633000000000.0 22945800.0 0.0 0.0 5998800000.0 641246000000.0 5115890.0 6838700.0 0.0 771972000000.0 68586500000.0 -0.22 [-0.22]
2187760000000000.0 252092000000000.0 2458340000000.0 16164700000.0 0.0 154079000000.0 10083600.0 0.0 11613300000000.0 21066200.0 0.0 0.0 5980320000.0 636736000000.0 4846360.0 6472870.0 0.0 769827000000.0 68403800000.0 -0.2 [-0.2]
2187760000000000.0 245487000000000.0 2405190000000.0 15330300000.0 0.0 149232000000.0 9322930.0 0.0 11594000000000.0 19345600.0 0.0 0.0 5962320000.0 632262000000.0 4591400.0 6127060.0 0.0 767742000000.0 68226100000.0 -0.18 [-0.18]
2187760000000000.0 239067000000000.0 2352870000000.0 14537000000.0 0.0 144541000000.0 8620480.0 0.0 11575100000000.0 17770200.0 0.0 0.0 5944790000.0 627821000000.0 4350200.0 5800140.0 0.0 765716000000.0 68053400000.0 -0.16 [-0.16]
2187760000000000.0 232865000000000.0 2301640000000.0 13786400000.0 0.0 140022000000.0 7972900.0 0.0 11556600000000.0 16331500.0 0.0 0.0 5927880000.0 623446000000.0 4122250.0 5491380.0 0.0 763758000000.0 67886500000.0 -0.14 [-0.14]
2187760000000000.0 226769000000000.0 2250720000000.0 13066300000.0 0.0 135609000000.0 7372590.0 0.0 11538300000000.0 15006600.0 0.0 0.0 5911090000.0 619033000000.0 3906040.0 5198700.0 0.0 761833000000.0 67722300000.0 -0.12 [-0.12]
2187760000000000.0 220873000000000.0 2200820000000.0 12384600000.0 0.0 131352000000.0 6818960.0 0.0 11520500000000.0 13794500.0 0.0 0.0 5894860000.0 614678000000.0 3701630.0 4922200.0 0.0 759972000000.0 67563500000.0 -0.1 [-0.1]
2187760000000000.0 215172000000000.0 2151940000000.0 11739200000.0 0.0 127247000000.0 6308230.0 0.0 11503200000000.0 12686000.0 0.0 0.0 5879190000.0 610378000000.0 3508320.0 4660910.0 0.0 758172000000.0 67409900000.0 -0.08 [-0.08]
2187760000000000.0 209598000000000.0 2103620000000.0 11123200000.0 0.0 123255000000.0 5835490.0 0.0 11486000000000.0 11667100.0 0.0 0.0 5863770000.0 606068000000.0 3325110.0 4413420.0 0.0 756411000000.0 67259600000.0 -0.06 [-0.06]
2187760000000000.0 204151000000000.0 2055870000000.0 10535600000.0 0.0 119375000000.0 5397960.0 0.0 11469200000000.0 10730900.0 0.0 0.0 5848600000.0 601748000000.0 3151470.0 4179010.0 0.0 754690000000.0 67112700000.0 -0.04 [-0.04]
2187760000000000.0 198881000000000.0 2009120000000.0 9979430000.0 0.0 115632000000.0 4994240.0 0.0 11452800000000.0 9873700.0 0.0 0.0 5833940000.0 597476000000.0 2987210.0 3957420.0 0.0 753026000000.0 66970500000.0 -0.02 [-0.02]
2187760000000000.0 193756000000000.0 1963120000000.0 9451000000.0 0.0 112006000000.0 4621060.0 0.0 11436700000000.0 9087070.0 0.0 0.0 5819630000.0 593220000000.0 2831630.0 3747700.0 0.0 751406000000.0 66832200000.0 -0.0 [-0.0]
2187760000000000.0 188793000000000.0 1918060000000.0 8950710000.0 0.0 108505000000.0 4276540.0 0.0 11421000000000.0 8366290.0 0.0 0.0 5805790000.0 589005000000.0 2684390.0 3549380.0 0.0 749838000000.0 66698200000.0 0.02 [0.02]
2187760000000000.0 183937000000000.0 1873530000000.0 8473400000.0 0.0 105100000000.0 3957470.0 0.0 11405600000000.0 7702870.0 0.0 0.0 5792140000.0 584769000000.0 2544760.0 3361430.0 0.0 748303000000.0 66567100000.0 0.04 [0.04]
2187760000000000.0 179218000000000.0 1829780000000.0 8020350000.0 0.0 101803000000.0 3662520.0 0.0 11390500000000.0 7093960.0 0.0 0.0 5778840000.0 580548000000.0 2412490.0 3183510.0 0.0 746811000000.0 66439600000.0 0.06 [0.06]
2187760000000000.0 174626000000000.0 1786770000000.0 7590110000.0 0.0 98609000000.0 3389780.0 0.0 11375700000000.0 6534640.0 0.0 0.0 5765860000.0 576335000000.0 2287160.0 3015050.0 0.0 745360000000.0 66315500000.0 0.08 [0.08]
2187760000000000.0 170157000000000.0 1744480000000.0 7181540000.0 0.0 95513900000.0 3137550.0 0.0 11361200000000.0 6020680.0 0.0 0.0 5753180000.0 572129000000.0 2168390.0 2855530.0 0.0 743947000000.0 66194700000.0 0.1 [0.1]
2187760000000000.0 165809000000000.0 1702910000000.0 6793630000.0 0.0 92514700000.0 2904270.0 0.0 11347000000000.0 5548330.0 0.0 0.0 5740800000.0 567928000000.0 2055840.0 2704470.0 0.0 742572000000.0 66077100000.0 0.12 [0.12]
2187760000000000.0 161581000000000.0 1662080000000.0 6425620000.0 0.0 89610500000.0 2688550.0 0.0 11333200000000.0 5114340.0 0.0 0.0 5728730000.0 563736000000.0 1949180.0 2561420.0 0.0 741235000000.0 65962700000.0 0.14 [0.14]
2187760000000000.0 157461000000000.0 1621930000000.0 6076070000.0 0.0 86793700000.0 2488950.0 0.0 11319600000000.0 4715060.0 0.0 0.0 5716910000.0 559539000000.0 1848060.0 2425920.0 0.0 739931000000.0 65851200000.0 0.16 [0.16]
2187760000000000.0 153450000000000.0 1582480000000.0 5744310000.0 0.0 84063700000.0 2304300.0 0.0 11306300000000.0 4347810.0 0.0 0.0 5705350000.0 555342000000.0 1752210.0 2297560.0 0.0 738663000000.0 65742600000.0 0.18 [0.18]
2187760000000000.0 149545000000000.0 1543720000000.0 5429500000.0 0.0 81417600000.0 2133460.0 0.0 11293300000000.0 4009980.0 0.0 0.0 5694050000.0 551143000000.0 1661340.0 2175970.0 0.0 737427000000.0 65636800000.0 0.2 [0.2]
2187760000000000.0 145743000000000.0 1505630000000.0 5130790000.0 0.0 78852600000.0 1975380.0 0.0 11280500000000.0 3699110.0 0.0 0.0 5683000000.0 546940000000.0 1575180.0 2060780.0 0.0 736224000000.0 65533800000.0 0.22 [0.22]
2187760000000000.0 142041000000000.0 1468240000000.0 4847510000.0 0.0 76366900000.0 1829130.0 0.0 11268000000000.0 3413000.0 0.0 0.0 5672180000.0 542734000000.0 1493500.0 1951650.0 0.0 735052000000.0 65433500000.0 0.24 [0.24]
2187760000000000.0 138437000000000.0 1431500000000.0 4578780000.0 0.0 73957000000.0 1693790.0 0.0 11255800000000.0 3149660.0 0.0 0.0 5661610000.0 538523000000.0 1416040.0 1848250.0 0.0 733911000000.0 65335700000.0 0.26 [0.26]
2187760000000000.0 134926000000000.0 1395420000000.0 4323940000.0 0.0 71620700000.0 1568530.0 0.0 11243900000000.0 2907180.0 0.0 0.0 5651260000.0 534303000000.0 1342600.0 1750290.0 0.0 732799000000.0 65240500000.0 0.28 [0.28]
2187760000000000.0 131507000000000.0 1359990000000.0 4082310000.0 0.0 69355900000.0 1452610.0 0.0 11232200000000.0 2683860.0 0.0 0.0 5641120000.0 530076000000.0 1272950.0 1657460.0 0.0 731717000000.0 65147700000.0 0.3 [0.3]
2187760000000000.0 128177000000000.0 1325200000000.0 3853220000.0 0.0 67159800000.0 1345320.0 0.0 11220800000000.0 2478130.0 0.0 0.0 5631190000.0 525839000000.0 1206890.0 1569500.0 0.0 730662000000.0 65057300000.0 0.32 [0.32]
2187760000000000.0 124933000000000.0 1291050000000.0 3636120000.0 0.0 65031000000.0 1246010.0 0.0 11209600000000.0 2288600.0 0.0 0.0 5621470000.0 521592000000.0 1144250.0 1486150.0 0.0 729634000000.0 64969200000.0 0.34 [0.34]
2187760000000000.0 121772000000000.0 1257530000000.0 3430360000.0 0.0 62966900000.0 1154090.0 0.0 11198600000000.0 2113930.0 0.0 0.0 5611940000.0 517333000000.0 1084840.0 1407170.0 0.0 728632000000.0 64883400000.0 0.36 [0.36]
2187760000000000.0 118693000000000.0 1224630000000.0 3235420000.0 0.0 60965600000.0 1068990.0 0.0 11187900000000.0 1952920.0 0.0 0.0 5602600000.0 513061000000.0 1028480.0 1332310.0 0.0 727657000000.0 64799700000.0 0.38 [0.38]
2187760000000000.0 115692000000000.0 1192350000000.0 3050760000.0 0.0 59025200000.0 990219.0 0.0 11177400000000.0 1804490.0 0.0 0.0 5593440000.0 508777000000.0 975034.0 1261380.0 0.0 726705000000.0 64718100000.0 0.4 [0.4]
2187760000000000.0 112769000000000.0 1160670000000.0 2875870000.0 0.0 57143700000.0 917289.0 0.0 11167200000000.0 1667620.0 0.0 0.0 5584450000.0 504478000000.0 924336.0 1194160.0 0.0 725778000000.0 64638600000.0 0.42 [0.42]
2187760000000000.0 109920000000000.0 1129600000000.0 2710260000.0 0.0 55319400000.0 849768.0 0.0 11157200000000.0 1541370.0 0.0 0.0 5575630000.0 500164000000.0 876248.0 1130450.0 0.0 724874000000.0 64561100000.0 0.44 [0.44]
2187760000000000.0 107143000000000.0 1099110000000.0 2553480000.0 0.0 53550400000.0 787252.0 0.0 11147300000000.0 1424910.0 0.0 0.0 5566980000.0 495834000000.0 830633.0 1070080.0 0.0 723994000000.0 64485500000.0 0.46 [0.46]
2187760000000000.0 104437000000000.0 1069220000000.0 2405090000.0 0.0 51835100000.0 729368.0 0.0 11137700000000.0 1317460.0 0.0 0.0 5558470000.0 491488000000.0 787364.0 1012870.0 0.0 723135000000.0 64411800000.0 0.48 [0.48]
2187760000000000.0 101793000000000.0 1039840000000.0 2264450000.0 0.0 50169700000.0 675740.0 0.0 11128300000000.0 1218240.0 0.0 0.0 5550070000.0 487111000000.0 746302.0 958618.0 0.0 722295000000.0 64339700000.0 0.5 [0.5]
2187760000000000.0 99227500000000.0 1011150000000.0 2131820000.0 0.0 48559200000.0 626140.0 0.0 11119100000000.0 1126760.0 0.0 0.0 5541910000.0 482746000000.0 707389.0 907266.0 0.0 721481000000.0 64269800000.0 0.52 [0.52]
2187760000000000.0 96720200000000.0 982971000000.0 2006190000.0 0.0 46995200000.0 580180.0 0.0 11110200000000.0 1042260.0 0.0 0.0 5533830000.0 478349000000.0 670458.0 858572.0 0.0 720684000000.0 64201400000.0 0.54 [0.54]
2187760000000000.0 94276600000000.0 955350000000.0 1887370000.0 0.0 45478900000.0 537619.0 0.0 11101400000000.0 964231.0 0.0 0.0 5525880000.0 473935000000.0 635427.0 812430.0 0.0 719908000000.0 64134800000.0 0.56 [0.56]
2187760000000000.0 91893600000000.0 928280000000.0 1775030000.0 0.0 44008600000.0 498204.0 0.0 11092800000000.0 892170.0 0.0 0.0 5518060000.0 469503000000.0 602197.0 768705.0 0.0 719151000000.0 64069700000.0 0.58 [0.58]
2187760000000000.0 89570000000000.0 901754000000.0 1668860000.0 0.0 42582900000.0 461700.0 0.0 11084300000000.0 825605.0 0.0 0.0 5510360000.0 465052000000.0 570677.0 727273.0 0.0 718412000000.0 64006300000.0 0.6 [0.6]
2187760000000000.0 87304200000000.0 875769000000.0 1568530000.0 0.0 41200600000.0 427892.0 0.0 11076100000000.0 764111.0 0.0 0.0 5502760000.0 460584000000.0 540779.0 688015.0 0.0 717691000000.0 63944400000.0 0.62 [0.62]
2187760000000000.0 85094400000000.0 850316000000.0 1473760000.0 0.0 39860200000.0 396581.0 0.0 11068100000000.0 707288.0 0.0 0.0 5495280000.0 456098000000.0 512421.0 650818.0 0.0 716989000000.0 63884000000.0 0.64 [0.64]
2187760000000000.0 82938800000000.0 825389000000.0 1384250000.0 0.0 38560600000.0 367579.0 0.0 11060200000000.0 654774.0 0.0 0.0 5487880000.0 451593000000.0 485523.0 615576.0 0.0 716302000000.0 63825000000.0 0.66 [0.66]
2187760000000000.0 80836700000000.0 800984000000.0 1299750000.0 0.0 37300600000.0 340717.0 0.0 11052500000000.0 606236.0 0.0 0.0 5480580000.0 447072000000.0 460011.0 582188.0 0.0 715633000000.0 63767500000.0 0.68 [0.68]
2187760000000000.0 78786300000000.0 777094000000.0 1219990000.0 0.0 36079100000.0 315837.0 0.0 11044900000000.0 561364.0 0.0 0.0 5473370000.0 442534000000.0 435815.0 550559.0 0.0 714980000000.0 63711300000.0 0.7 [0.7]
2187760000000000.0 76786100000000.0 753712000000.0 1144740000.0 0.0 34894800000.0 292790.0 0.0 11037600000000.0 519874.0 0.0 0.0 5466250000.0 437978000000.0 412868.0 520597.0 0.0 714342000000.0 63656500000.0 0.72 [0.72]
2187760000000000.0 74834800000000.0 730835000000.0 1073750000.0 0.0 33746800000.0 271442.0 0.0 11030300000000.0 481508.0 0.0 0.0 5459190000.0 433407000000.0 391106.0 492216.0 0.0 713720000000.0 63603000000.0 0.74 [0.74]
2187760000000000.0 72931000000000.0 708454000000.0 1006810000.0 0.0 32633900000.0 251666.0 0.0 11023300000000.0 446024.0 0.0 0.0 5452210000.0 428820000000.0 370468.0 465336.0 0.0 713112000000.0 63550700000.0 0.76 [0.76]
2187760000000000.0 71073500000000.0 686568000000.0 943705000.0 0.0 31555100000.0 233347.0 0.0 11016400000000.0 413201.0 0.0 0.0 5445290000.0 424219000000.0 350898.0 439878.0 0.0 712519000000.0 63499700000.0 0.78 [0.78]
2187760000000000.0 69261000000000.0 665170000000.0 884240000.0 0.0 30509400000.0 216377.0 0.0 11009600000000.0 382835.0 0.0 0.0 5438430000.0 419603000000.0 332342.0 415770.0 0.0 711940000000.0 63449900000.0 0.8 [0.8]
2187760000000000.0 67492100000000.0 644275000000.0 828502000.0 0.0 29496200000.0 200658.0 0.0 11003000000000.0 354734.0 0.0 0.0 5431620000.0 414975000000.0 314747.0 392945.0 0.0 711374000000.0 63401300000.0 0.82 [0.82]
