Cloudy_runs/uks0242/z=0.06385/logZ=1/component_III_PI_nH/component_III_PI_nH_col_density_param.txt
# %ECSV 1.0
# ---
# datatype:
# - {name: H, datatype: float64}
# - {name: H+, datatype: float64}
# - {name: C+, datatype: float64}
# - {name: C+2, datatype: float64}
# - {name: C+3, datatype: float64}
# - {name: N+, datatype: float64}
# - {name: N+2, datatype: float64}
# - {name: N+4, datatype: float64}
# - {name: O, datatype: float64}
# - {name: O+2, datatype: float64}
# - {name: O+5, datatype: float64}
# - {name: O+6, datatype: float64}
# - {name: P+, datatype: float64}
# - {name: Si+, datatype: float64}
# - {name: Si+2, datatype: float64}
# - {name: Si+3, datatype: float64}
# - {name: Si+4, datatype: float64}
# - {name: Fe+, datatype: float64}
# - {name: Al+, datatype: float64}
# - {name: log_nH, datatype: float64}
# - {name: parameters, datatype: string, subtype: 'float64[1]'}
# schema: astropy-2.0
H H+ C+ C+2 C+3 N+ N+2 N+4 O O+2 O+5 O+6 P+ Si+ Si+2 Si+3 Si+4 Fe+ Al+ log_nH parameters
[from data line 159]
2187760000000000.0 3234020000000000.0 12196900000000.0 1255590000000.0 213704000.0 2524520000000.0 12000300000.0 0.0 14609500000000.0 60348400000.0 0.0 0.0 13393900000.0 1716870000000.0 1016190000.0 1398400000.0 8049790.0 1688130000000.0 143520000000.0 -1.82 [-1.82]
2187760000000000.0 3108440000000000.0 11912700000000.0 1178930000000.0 190054000.0 2430320000000.0 10825000000.0 0.0 14567900000000.0 53749400000.0 0.0 0.0 13091600000.0 1675720000000.0 928458000.0 1278440000.0 7325500.0 1650570000000.0 140540000000.0 -1.8 [-1.8]
2187760000000000.0 2989060000000000.0 11639400000000.0 1107690000000.0 169274000.0 2340280000000.0 9773210000.0 0.0 14525100000000.0 47914600000.0 0.0 0.0 12803700000.0 1636550000000.0 849297000.0 1170080000.0 6675080.0 1614760000000.0 137693000000.0 -1.78 [-1.78]
2187760000000000.0 2875000000000000.0 11375300000000.0 1041160000000.0 150941000.0 2253800000000.0 8828640000.0 0.0 14481100000000.0 42736600000.0 0.0 0.0 12528200000.0 1599070000000.0 777606000.0 1071860000.0 6088880.0 1580440000000.0 134960000000.0 -1.76 [-1.76]
2187760000000000.0 2766330000000000.0 11120600000000.0 979174000000.0 134775000.0 2170960000000.0 7981200000.0 0.0 14436200000000.0 38146800000.0 0.0 0.0 12265200000.0 1563310000000.0 712718000.0 982881000.0 5560710.0 1547660000000.0 132344000000.0 -1.74 [-1.74]
2187760000000000.0 2662300000000000.0 10873900000000.0 921154000000.0 120467000.0 2091290000000.0 7218530000.0 0.0 14390000000000.0 34066300000.0 0.0 0.0 12013000000.0 1529010000000.0 653799000.0 902012000.0 5083260.0 1516210000000.0 129829000000.0 -1.72 [-1.72]
2187760000000000.0 2562690000000000.0 10634800000000.0 866822000000.0 107789000.0 2014600000000.0 6531740000.0 0.0 14342800000000.0 30435400000.0 0.0 0.0 11771100000.0 1496120000000.0 600244000.0 828453000.0 4651190.0 1486010000000.0 127411000000.0 -1.7 [-1.7]
2187760000000000.0 2467420000000000.0 10403400000000.0 816006000000.0 96554700.0 1940890000000.0 5913470000.0 0.0 14294800000000.0 27206900000.0 0.0 0.0 11539400000.0 1464600000000.0 551566000.0 761543000.0 4260080.0 1457080000000.0 125089000000.0 -1.68 [-1.68]
2187760000000000.0 2376310000000000.0 10179400000000.0 768463000000.0 86588400.0 1870060000000.0 5356600000.0 0.0 14246100000000.0 24334800000.0 0.0 0.0 11317400000.0 1434400000000.0 507283000.0 700628000.0 3905690.0 1429340000000.0 122860000000.0 -1.66 [-1.66]
2187760000000000.0 2289130000000000.0 9962370000000.0 723963000000.0 77736800.0 1801960000000.0 4854690000.0 0.0 14196700000000.0 21778300000.0 0.0 0.0 11104700000.0 1405450000000.0 466961000.0 645122000.0 3584220.0 1402760000000.0 120720000000.0 -1.64 [-1.64]
2187760000000000.0 2205710000000000.0 9752040000000.0 682295000000.0 69866800.0 1736470000000.0 4402050000.0 0.0 14146700000000.0 19501700000.0 0.0 0.0 10900800000.0 1377690000000.0 430215000.0 594504000.0 3292330.0 1377270000000.0 118664000000.0 -1.62 [-1.62]
2187760000000000.0 2125860000000000.0 9548180000000.0 643266000000.0 62861800.0 1673520000000.0 3993670000.0 0.0 14096300000000.0 17473200000.0 0.0 0.0 10705400000.0 1351050000000.0 396694000.0 548301000.0 3027010.0 1352840000000.0 116690000000.0 -1.6 [-1.6]
2187760000000000.0 2048960000000000.0 9349280000000.0 606486000000.0 56599900.0 1612620000000.0 3623840000.0 0.0 14045300000000.0 15658000000.0 0.0 0.0 10516800000.0 1325340000000.0 366002000.0 505977000.0 2784980.0 1329270000000.0 114783000000.0 -1.58 [-1.58]
2187760000000000.0 1976160000000000.0 9158590000000.0 572396000000.0 51050400.0 1554750000000.0 3291890000.0 0.0 13994300000000.0 14051300000.0 0.0 0.0 10338200000.0 1300950000000.0 338119000.0 467494000.0 2565690.0 1306930000000.0 112971000000.0 -1.56 [-1.56]
2187760000000000.0 1905990000000000.0 8972290000000.0 540224000000.0 46076100.0 1498720000000.0 2990800000.0 0.0 13943000000000.0 12611100000.0 0.0 0.0 10165700000.0 1277380000000.0 312534000.0 432169000.0 2365190.0 1285360000000.0 111220000000.0 -1.54 [-1.54]
2187760000000000.0 1838800000000000.0 8791530000000.0 510063000000.0 41630800.0 1444870000000.0 2718660000.0 0.0 13891400000000.0 11325700000.0 0.0 0.0 10000300000.0 1254750000000.0 289123000.0 399829000.0 2182280.0 1264680000000.0 109539000000.0 -1.52 [-1.52]
2187760000000000.0 1774010000000000.0 8614790000000.0 481583000000.0 37639200.0 1392740000000.0 2471640000.0 0.0 13839600000000.0 10172900000.0 0.0 0.0 9840490000.0 1232860000000.0 267611000.0 370102000.0 2014770.0 1244720000000.0 107913000000.0 -1.5 [-1.5]
2187760000000000.0 1712250000000000.0 8444020000000.0 454992000000.0 34074600.0 1342880000000.0 2248750000.0 0.0 13787900000000.0 9146300000.0 0.0 0.0 9688050000.0 1211950000000.0 247941000.0 342906000.0 1862000.0 1225670000000.0 106359000000.0 -1.48 [-1.48]
2187760000000000.0 1653040000000000.0 8277980000000.0 430016000000.0 30877700.0 1294920000000.0 2046890000.0 0.0 13736300000000.0 8228170000.0 0.0 0.0 9541700000.0 1191830000000.0 229890000.0 317938000.0 1722210.0 1207380000000.0 104866000000.0 -1.46 [-1.46]
2187760000000000.0 1596260000000000.0 8116440000000.0 406543000000.0 28007200.0 1248770000000.0 1863980000.0 0.0 13684700000000.0 7406480000.0 0.0 0.0 9401140000.0 1172480000000.0 213309000.0 294994000.0 1594150.0 1189830000000.0 103430000000.0 -1.44 [-1.44]
2187760000000000.0 1541900000000000.0 7959560000000.0 384521000000.0 25430100.0 1204460000000.0 1698340000.0 0.0 13633500000000.0 6671560000.0 0.0 0.0 9266440000.0 1153900000000.0 198081000.0 273915000.0 1476840.0 1173010000000.0 102053000000.0 -1.42 [-1.42]
2187760000000000.0 1489570000000000.0 7806270000000.0 363739000000.0 23107100.0 1161670000000.0 1547830000.0 0.0 13582300000000.0 6011760000.0 0.0 0.0 9136540000.0 1135940000000.0 184048000.0 254486000.0 1369050.0 1156800000000.0 100724000000.0 -1.4 [-1.4]
2187760000000000.0 1439490000000000.0 7657490000000.0 344246000000.0 21018400.0 1120680000000.0 1411490000.0 0.0 13531200000000.0 5421870000.0 0.0 0.0 9012150000.0 1118700000000.0 171146000.0 236614000.0 1270160.0 1141280000000.0 99449200000.0 -1.38 [-1.38]
2187760000000000.0 1391630000000000.0 7513250000000.0 325981000000.0 19139500.0 1081470000000.0 1287980000.0 0.0 13480200000000.0 4894640000.0 0.0 0.0 8893180000.0 1102170000000.0 159280000.0 220168000.0 1179420.0 1126440000000.0 98228500000.0 -1.36 [-1.36]
2187760000000000.0 1345570000000000.0 7372310000000.0 308742000000.0 17441700.0 1043650000000.0 1175660000.0 0.0 13429600000000.0 4420610000.0 0.0 0.0 8778530000.0 1086190000000.0 148323000.0 204982000.0 1095840.0 1112140000000.0 97051400000.0 -1.34 [-1.34]
2187760000000000.0 1301310000000000.0 7234740000000.0 292489000000.0 15907100.0 1007220000000.0 1073540000.0 0.0 13379400000000.0 3994620000.0 0.0 0.0 8668200000.0 1070780000000.0 138206000.0 190958000.0 1018860.0 1098390000000.0 95917900000.0 -1.32 [-1.32]
2187760000000000.0 1258740000000000.0 7100370000000.0 277157000000.0 14518600.0 972127000000.0 980648000.0 0.0 13329500000000.0 3611540000.0 0.0 0.0 8561980000.0 1055890000000.0 128856000.0 177995000.0 947889.0 1085160000000.0 94826000000.0 -1.3 [-1.3]
2187760000000000.0 1217600000000000.0 6968380000000.0 262620000000.0 13258300.0 938145000000.0 895911000.0 0.0 13280000000000.0 3265840000.0 0.0 0.0 8459130000.0 1041440000000.0 120192000.0 165984000.0 882290.0 1072360000000.0 93768800000.0 -1.28 [-1.28]
2187760000000000.0 1178280000000000.0 6840240000000.0 248986000000.0 12119800.0 905643000000.0 819032000.0 0.0 13231100000000.0 2956040000.0 0.0 0.0 8360790000.0 1027570000000.0 112196000.0 154896000.0 821871.0 1060120000000.0 92756800000.0 -1.26 [-1.26]
2187760000000000.0 1140490000000000.0 6715010000000.0 236119000000.0 11087400.0 874340000000.0 749036000.0 0.0 13182900000000.0 2677030000.0 0.0 0.0 8266140000.0 1014170000000.0 104792000.0 144630000.0 766055.0 1048350000000.0 91782400000.0 -1.24 [-1.24]
2187760000000000.0 1104030000000000.0 6592200000000.0 223936000000.0 10148800.0 844117000000.0 685188000.0 0.0 13135100000000.0 2425270000.0 0.0 0.0 8174700000.0 1001170000000.0 97924500.0 135107000.0 714397.0 1036990000000.0 90840900000.0 -1.22 [-1.22]
2187760000000000.0 1068980000000000.0 6472180000000.0 212439000000.0 9296500.0 815043000000.0 627031000.0 0.0 13087800000000.0 2198500000.0 0.0 0.0 8086700000.0 988621000000.0 91558700.0 126280000.0 666617.0 1026060000000.0 89934400000.0 -1.2 [-1.2]
2187760000000000.0 1035170000000000.0 6354430000000.0 201552000000.0 8520660.0 786977000000.0 573958000.0 0.0 13041100000000.0 1993700000.0 0.0 0.0 8001700000.0 976446000000.0 85647000.0 118084000.0 622344.0 1015520000000.0 89058800000.0 -1.18 [-1.18]
2187760000000000.0 1002620000000000.0 6239090000000.0 191257000000.0 7814500.0 759937000000.0 525549000.0 0.0 12995000000000.0 1808870000.0 0.0 0.0 7919750000.0 964656000000.0 80157600.0 110473000.0 581319.0 1005360000000.0 88214500000.0 -1.16 [-1.16]
2187760000000000.0 971167000000000.0 6125750000000.0 181492000000.0 7170440.0 733816000000.0 481321000.0 0.0 12949300000000.0 1641740000.0 0.0 0.0 7840460000.0 953199000000.0 75051600.0 103395000.0 543243.0 995538000000.0 87397700000.0 -1.14 [-1.14]
2187760000000000.0 940902000000000.0 6014710000000.0 172261000000.0 6583590.0 708659000000.0 440971000.0 0.0 12904400000000.0 1490790000.0 0.0 0.0 7764050000.0 942104000000.0 70306200.0 96817800.0 507927.0 986083000000.0 86610600000.0 -1.12 [-1.12]
2187760000000000.0 911778000000000.0 5906010000000.0 163537000000.0 6048600.0 684462000000.0 404154000.0 0.0 12860200000000.0 1354520000.0 0.0 0.0 7690460000.0 931363000000.0 65893700.0 90702400.0 475152.0 976982000000.0 85852200000.0 -1.1 [-1.1]
2187760000000000.0 883737000000000.0 5799520000000.0 155287000000.0 5560430.0 661179000000.0 370543000.0 0.0 12816500000000.0 1231400000.0 0.0 0.0 7619530000.0 920954000000.0 61787700.0 85012400.0 444713.0 968215000000.0 85121100000.0 -1.08 [-1.08]
2187760000000000.0 856705000000000.0 5694970000000.0 147471000000.0 5114380.0 638727000000.0 339828000.0 0.0 12773700000000.0 1119950000.0 0.0 0.0 7551060000.0 910851000000.0 57962900.0 79713200.0 416415.0 959761000000.0 84415500000.0 -1.06 [-1.06]
2187760000000000.0 830620000000000.0 5592310000000.0 140064000000.0 4706440.0 617084000000.0 311744000.0 0.0 12731400000000.0 1019040000.0 0.0 0.0 7484900000.0 901035000000.0 54397400.0 74774300.0 390086.0 951600000000.0 83733800000.0 -1.04 [-1.04]
2187760000000000.0 805456000000000.0 5491410000000.0 133036000000.0 4333090.0 596205000000.0 286055000.0 0.0 12706200000000.0 920035000.0 0.0 0.0 7421000000.0 891492000000.0 51071900.0 70168700.0 365577.0 943724000000.0 83075500000.0 -1.02 [-1.02]
2187760000000000.0 781182000000000.0 5392280000000.0 126374000000.0 3991240.0 576075000000.0 262555000.0 0.0 12688600000000.0 827420000.0 0.0 0.0 7359270000.0 882217000000.0 47969000.0 65872400.0 342751.0 936124000000.0 82439800000.0 -1.0 [-1.0]
2187760000000000.0 757700000000000.0 5294650000000.0 120043000000.0 3677760.0 556632000000.0 241030000.0 0.0 12669800000000.0 744208000.0 0.0 0.0 7299460000.0 873173000000.0 45069800.0 61859300.0 321466.0 928769000000.0 81824200000.0 -0.98 [-0.98]
2187760000000000.0 735081000000000.0 5198870000000.0 114050000000.0 3390650.0 537921000000.0 221347000.0 0.0 12650100000000.0 669578000.0 0.0 0.0 7241790000.0 864393000000.0 42363600.0 58114300.0 301633.0 921683000000.0 81230600000.0 -0.96 [-0.96]
2187760000000000.0 713237000000000.0 5104680000000.0 108365000000.0 3127260.0 519878000000.0 203324000.0 0.0 12627900000000.0 603148000.0 0.0 0.0 7186020000.0 855843000000.0 39834200.0 54615000.0 283130.0 914836000000.0 80656800000.0 -0.94 [-0.94]
2187760000000000.0 692153000000000.0 5012130000000.0 102976000000.0 2885610.0 502494000000.0 186823000.0 0.0 12593200000000.0 547668000.0 0.0 0.0 7132130000.0 847523000000.0 37469600.0 51344800.0 265862.0 908227000000.0 80102400000.0 -0.92 [-0.92]
2187760000000000.0 671636000000000.0 4920440000000.0 97827800000.0 2663030.0 485624000000.0 171660000.0 0.0 12558200000000.0 497408000.0 0.0 0.0 7079550000.0 839349000000.0 35252700.0 48279800.0 249705.0 901793000000.0 79562300000.0 -0.9 [-0.9]
2187760000000000.0 651897000000000.0 4830580000000.0 92959400000.0 2458880.0 469414000000.0 157789000.0 0.0 12523800000000.0 451999000.0 0.0 0.0 7028930000.0 831416000000.0 33180500.0 45415900.0 234628.0 895602000000.0 79042300000.0 -0.88 [-0.88]
2187760000000000.0 632957000000000.0 4742770000000.0 88365900000.0 2271710.0 453881000000.0 145110000.0 0.0 12489900000000.0 411038000.0 0.0 0.0 6980370000.0 823737000000.0 31243800.0 42740000.0 220559.0 889659000000.0 78542900000.0 -0.86 [-0.86]
2187760000000000.0 614435000000000.0 4655330000000.0 83957600000.0 2098740.0 438739000000.0 133428000.0 0.0 12456100000000.0 373682000.0 0.0 0.0 6932690000.0 816146000000.0 29423600.0 40226200.0 207363.0 883846000000.0 78054100000.0 -0.84 [-0.84]
2187760000000000.0 596656000000000.0 4569830000000.0 79797000000.0 1940000.0 424225000000.0 122743000.0 0.0 12423000000000.0 339959000.0 0.0 0.0 6886930000.0 808791000000.0 27720900.0 37875500.0 195038.0 878265000000.0 77584500000.0 -0.82 [-0.82]
2187760000000000.0 579514000000000.0 4485900000000.0 75854800000.0 1794010.0 410262000000.0 112952000.0 0.0 12390400000000.0 309435000.0 0.0 0.0 6842780000.0 801630000000.0 26125600.0 35673900.0 183510.0 872884000000.0 77131400000.0 -0.8 [-0.8]
2187760000000000.0 562796000000000.0 4402570000000.0 72080900000.0 1659080.0 396687000000.0 103935000.0 0.0 12357900000000.0 281622000.0 0.0 0.0 6799580000.0 794565000000.0 24625700.0 33604900.0 172691.0 867633000000.0 76689200000.0 -0.78 [-0.78]
2187760000000000.0 546750000000000.0 4321100000000.0 68519200000.0 1535100.0 383678000000.0 95683100.0 0.0 12326100000000.0 256491000.0 0.0 0.0 6758130000.0 787716000000.0 23221100.0 31668200.0 162575.0 862593000000.0 76264400000.0 -0.76 [-0.76]
2187760000000000.0 531162000000000.0 4240540000000.0 65122100000.0 1420610.0 371080000000.0 88093800.0 0.0 12294700000000.0 233633000.0 0.0 0.0 6717770000.0 780984000000.0 21901000.0 29848800.0 153085.0 857695000000.0 75851400000.0 -0.74 [-0.74]
2187760000000000.0 516080000000000.0 4161180000000.0 61893200000.0 1315010.0 358923000000.0 81123300.0 0.0 12263700000000.0 212882000.0 0.0 0.0 6678660000.0 774396000000.0 20661300.0 28140900.0 144186.0 852956000000.0 75451600000.0 -0.72 [-0.72]
2187760000000000.0 501425000000000.0 4082710000000.0 58813400000.0 1217430.0 347149000000.0 74710300.0 0.0 12233000000000.0 193998000.0 0.0 0.0 6640560000.0 767915000000.0 19495400.0 26535600.0 135832.0 848349000000.0 75062800000.0 -0.7 [-0.7]
2187760000000000.0 487347000000000.0 4005930000000.0 55904600000.0 1127600.0 335858000000.0 68834000.0 0.0 12203000000000.0 176912000.0 0.0 0.0 6603980000.0 761618000000.0 18401700.0 25030200.0 128007.0 843923000000.0 74689000000.0 -0.68 [-0.68]
2187760000000000.0 473661000000000.0 3930000000000.0 53129300000.0 1044520.0 324921000000.0 63424500.0 0.0 12173300000000.0 161351000.0 0.0 0.0 6568320000.0 755418000000.0 17372300.0 23614200.0 120655.0 839619000000.0 74325400000.0 -0.66 [-0.66]
2187760000000000.0 460363000000000.0 3854940000000.0 50482800000.0 967689.0 314332000000.0 58445300.0 0.0 12144000000000.0 147182000.0 0.0 0.0 6533590000.0 749313000000.0 16403400.0 22282000.0 113747.0 835437000000.0 73971900000.0 -0.64 [-0.64]
2187760000000000.0 447526000000000.0 3781210000000.0 47973400000.0 0.0 304136000000.0 53872300.0 0.0 12115200000000.0 134317000.0 0.0 0.0 6500040000.0 743345000000.0 15492600.0 21030200.0 0.0 831399000000.0 73630400000.0 -0.62 [-0.62]
2187760000000000.0 435094000000000.0 3708550000000.0 45587200000.0 0.0 294293000000.0 49666300.0 0.0 12086900000000.0 122618000.0 0.0 0.0 6467510000.0 737487000000.0 14635400.0 19852800.0 0.0 827488000000.0 73299500000.0 -0.6 [-0.6]
