Cloudy_runs/pg0832/z=0.017505/logZ=-1/component_I_PI_nH/component_I_PI_nH_col_density_param.txt
# %ECSV 1.0
# ---
# datatype:
# - {name: H, datatype: float64}
# - {name: H+, datatype: float64}
# - {name: C+, datatype: float64}
# - {name: C+2, datatype: float64}
# - {name: C+3, datatype: float64}
# - {name: N+, datatype: float64}
# - {name: N+2, datatype: float64}
# - {name: N+4, datatype: float64}
# - {name: O, datatype: float64}
# - {name: O+2, datatype: float64}
# - {name: O+5, datatype: float64}
# - {name: O+6, datatype: float64}
# - {name: P+, datatype: float64}
# - {name: Si+, datatype: float64}
# - {name: Si+2, datatype: float64}
# - {name: Si+3, datatype: float64}
# - {name: Si+4, datatype: float64}
# - {name: Fe+, datatype: float64}
# - {name: Al+, datatype: float64}
# - {name: log_nH, datatype: float64}
# - {name: parameters, datatype: string, subtype: 'float64[1]'}
# schema: astropy-2.0
H H+ C+ C+2 C+3 N+ N+2 N+4 O O+2 O+5 O+6 P+ Si+ Si+2 Si+3 Si+4 Fe+ Al+ log_nH parameters
6606900000000000.0 1.56402e+20 844208000000.0 100225000000000.0 283002000000000.0 61823000000.0 16515900000000.0 202298000000000.0 5646770.0 48424700000000.0 1769230000000000.0 1890990000000000.0 66290600.0 1160690000.0 48954400000.0 186354000000.0 12811300000000.0 322444.0 39781700.0 -5.0 [-5.0]
6606900000000000.0 1.48221e+20 907722000000.0 104802000000000.0 284826000000000.0 67031600000.0 17427100000000.0 197092000000000.0 6315380.0 51201100000000.0 1652620000000000.0 1688380000000000.0 77067500.0 1356880000.0 56154800000.0 206916000000.0 13475800000000.0 389593.0 46894500.0 -4.98 [-4.98]
6606900000000000.0 1.40479e+20 974914000000.0 109455000000000.0 286326000000000.0 72585500000.0 18361600000000.0 191667000000000.0 7061150.0 54056800000000.0 1540470000000000.0 1504660000000000.0 89439600.0 1583190000.0 64313300000.0 229408000000.0 14153800000000.0 470238.0 55164900.0 -4.96 [-4.96]
6606930000000000.0 1.33151e+20 1045890000000.0 114175000000000.0 287497000000000.0 78495600000.0 19317500000000.0 186046000000000.0 7892790.0 56987700000000.0 1432950000000000.0 1338430000000000.0 103616000.0 1843700000.0 73542200000.0 253974000000.0 14843700000000.0 566973.0 64763600.0 -4.94 [-4.94]
6606900000000000.0 1.26212e+20 1120710000000.0 118950000000000.0 288330000000000.0 84767600000.0 20291500000000.0 180248000000000.0 8819620.0 59987400000000.0 1330200000000000.0 1188300000000000.0 119823000.0 2142920000.0 83962600000.0 280760000000.0 15543600000000.0 682859.0 75882800.0 -4.92 [-4.92]
6606930000000000.0 1.19643e+20 1199520000000.0 123773000000000.0 288826000000000.0 91414600000.0 21281600000000.0 174299000000000.0 9853120.0 63052300000000.0 1232290000000000.0 1053070000000000.0 138322000.0 2485930000.0 95710000000.0 309921000000.0 16252100000000.0 821537.0 88740400.0 -4.9 [-4.9]
6606900000000000.0 1.1342e+20 1282330000000.0 128629000000000.0 288975000000000.0 98439300000.0 22284300000000.0 168219000000000.0 11004900.0 66174700000000.0 1139260000000000.0 931486000000000.0 159389000.0 2878230000.0 108928000000.0 341613000000.0 16966800000000.0 987259.0 103581000.0 -4.88 [-4.88]
6606930000000000.0 1.07528e+20 1369290000000.0 133511000000000.0 288779000000000.0 105854000000.0 23297100000000.0 162036000000000.0 12289700.0 69351000000000.0 1051150000000000.0 822426000000000.0 183344000.0 3326060000.0 123778000000.0 375997000000.0 17685900000000.0 1185080.0 120680000.0 -4.86 [-4.86]
6606930000000000.0 1.01946e+20 1460400000000.0 138401000000000.0 288232000000000.0 113659000000.0 24316100000000.0 155773000000000.0 13722400.0 72573400000000.0 967918000000000.0 724795000000000.0 210521000.0 3836120000.0 140430000000.0 413238000000.0 18407000000000.0 1420880.0 140345000.0 -4.84 [-4.84]
6606930000000000.0 9.66589e+19 1555720000000.0 143289000000000.0 287334000000000.0 121859000000.0 25337900000000.0 149454000000000.0 15320700.0 75835700000000.0 889529000000000.0 637578000000000.0 241294000.0 4415820000.0 159069000000.0 453503000000.0 19127600000000.0 1701510.0 162912000.0 -4.82 [-4.82]
6606930000000000.0 9.16498e+19 1655290000000.0 148158000000000.0 286086000000000.0 130458000000.0 26358800000000.0 143106000000000.0 17104800.0 79131600000000.0 815903000000000.0 559822000000000.0 276074000.0 5073300000.0 179897000000.0 496961000000.0 19845100000000.0 2035090.0 188766000.0 -4.8 [-4.8]
6606920000000000.0 8.69038e+19 1759110000000.0 152995000000000.0 284484000000000.0 139456000000.0 27375000000000.0 136751000000000.0 19096600.0 82454100000000.0 746934000000000.0 490644000000000.0 315304000.0 5817350000.0 203126000000.0 543779000000.0 20556800000000.0 2431010.0 218332000.0 -4.78 [-4.78]
6606920000000000.0 8.24072e+19 1867180000000.0 157782000000000.0 282532000000000.0 148852000000.0 28382500000000.0 130414000000000.0 21321600.0 85796400000000.0 682503000000000.0 429220000000000.0 359468000.0 6657570000.0 228986000000.0 594124000000.0 21259900000000.0 2900360.0 252090000.0 -4.76 [-4.76]
6606920000000000.0 7.81464e+19 1979500000000.0 162503000000000.0 280232000000000.0 158647000000.0 29377300000000.0 124118000000000.0 23808600.0 89151000000000.0 622460000000000.0 374810000000000.0 409100000.0 7604440000.0 257725000000.0 648165000000.0 21951500000000.0 3456050.0 290571000.0 -4.74 [-4.74]
6606930000000000.0 7.41093e+19 2096000000000.0 167141000000000.0 277586000000000.0 168837000000.0 30355500000000.0 117886000000000.0 26590000.0 92510600000000.0 566651000000000.0 326717000000000.0 464763000.0 8669080000.0 289601000000.0 706056000000.0 22628500000000.0 4113020.0 334358000.0 -4.72 [-4.72]
6606930000000000.0 7.02836e+19 2216640000000.0 171678000000000.0 274599000000000.0 179419000000.0 31313300000000.0 111738000000000.0 29702200.0 95867800000000.0 514906000000000.0 284284000000000.0 527070000.0 9863550000.0 324889000000.0 767944000000.0 23287600000000.0 4888580.0 384094000.0 -4.7 [-4.7]
6606920000000000.0 6.66583e+19 2341340000000.0 176097000000000.0 271275000000000.0 190390000000.0 32246800000000.0 105696000000000.0 33186700.0 99215200000000.0 467045000000000.0 246926000000000.0 596678000.0 11200700000.0 363876000000.0 833972000000.0 23925500000000.0 5802830.0 440488000.0 -4.68 [-4.68]
6606910000000000.0 6.32226e+19 2469960000000.0 180378000000000.0 267624000000000.0 201743000000.0 33152300000000.0 99778500000000.0 37090200.0 102545000000000.0 422882000000000.0 214107000000000.0 674282000.0 12694300000.0 406867000000.0 904273000000.0 24539100000000.0 6879020.0 504321000.0 -4.66 [-4.66]
6606920000000000.0 5.99673e+19 2602500000000.0 184507000000000.0 263656000000000.0 213482000000.0 34026900000000.0 94002300000000.0 41467100.0 105851000000000.0 382228000000000.0 185330000000000.0 760663000.0 14359200000.0 454182000000.0 978952000000.0 25125000000000.0 8143990.0 576444000.0 -4.64 [-4.64]
6606910000000000.0 5.68821e+19 2738700000000.0 188462000000000.0 259377000000000.0 225594000000.0 34866600000000.0 88382700000000.0 46375900.0 109125000000000.0 344888000000000.0 160149000000000.0 856594000.0 16210600000.0 506148000000.0 1058120000000.0 25680100000000.0 9628520.0 657789000.0 -4.62 [-4.62]
6606910000000000.0 5.39582e+19 2878410000000.0 192225000000000.0 254799000000000.0 238076000000.0 35668400000000.0 82933400000000.0 51885200.0 112360000000000.0 310668000000000.0 138157000000000.0 962916000.0 18265100000.0 563106000000.0 1141850000000.0 26200900000000.0 11368200.0 749371000.0 -4.6 [-4.6]
6606930000000000.0 5.11877e+19 3021540000000.0 195781000000000.0 249935000000000.0 250928000000.0 36429900000000.0 77666500000000.0 58072900.0 115549000000000.0 279379000000000.0 118993000000000.0 1080550000.0 20540100000.0 625408000000.0 1230180000000.0 26684300000000.0 13403800.0 852293000.0 -4.58 [-4.58]
6606910000000000.0 4.85616e+19 3167740000000.0 199110000000000.0 244799000000000.0 264134000000.0 37147500000000.0 72591000000000.0 65023500.0 118683000000000.0 250827000000000.0 102324000000000.0 1210370000.0 23052800000.0 693401000000.0 1323150000000.0 27127000000000.0 15781500.0 967739000.0 -4.56 [-4.56]
6606900000000000.0 4.60731e+19 3316880000000.0 202198000000000.0 239406000000000.0 277699000000.0 37819400000000.0 67715500000000.0 72837100.0 121758000000000.0 224830000000000.0 87855000000000.0 1353390000.0 25822600000.0 767452000000.0 1420750000000.0 27526000000000.0 18554900.0 1097000000.0 -4.54 [-4.54]
6606910000000000.0 4.37141e+19 3468510000000.0 205024000000000.0 233773000000000.0 291598000000.0 38442800000000.0 63045700000000.0 81619700.0 124765000000000.0 201207000000000.0 75315400000000.0 1510510000.0 28867800000.0 847911000000.0 1522960000000.0 27878400000000.0 21784200.0 1241470000.0 -4.52 [-4.52]
6606920000000000.0 4.14784e+19 3622580000000.0 207579000000000.0 227916000000000.0 305852000000.0 39016100000000.0 58586100000000.0 91504000.0 127697000000000.0 179785000000000.0 64468700000000.0 1682890000.0 32209000000.0 935139000000.0 1629670000000.0 28181200000000.0 25539100.0 1402620000.0 -4.5 [-4.5]
6606910000000000.0 3.93588e+19 3778590000000.0 209843000000000.0 221854000000000.0 320436000000.0 39537100000000.0 54338800000000.0 102626000.0 130548000000000.0 160394000000000.0 55101200000000.0 1871450000.0 35865100000.0 1029470000000.0 1740770000000.0 28431600000000.0 29897300.0 1582020000.0 -4.48 [-4.48]
6606920000000000.0 3.73501e+19 3936340000000.0 211809000000000.0 215609000000000.0 335357000000.0 40005100000000.0 50305900000000.0 115145000.0 133313000000000.0 142880000000000.0 47026700000000.0 2077220000.0 39857100000.0 1131240000000.0 1856100000000.0 28627600000000.0 34947900.0 1781380000.0 -4.46 [-4.46]
6606910000000000.0 3.5446e+19 4095390000000.0 213463000000000.0 209200000000000.0 350603000000.0 40418600000000.0 46486700000000.0 129238000.0 135985000000000.0 127089000000000.0 40081000000000.0 2301160000.0 44204200000.0 1240760000000.0 1975440000000.0 28766800000000.0 40790800.0 2002460000.0 -4.44 [-4.44]
6606920000000000.0 3.36409e+19 4255250000000.0 214794000000000.0 202652000000000.0 366160000000.0 40776300000000.0 42879700000000.0 145101000.0 138558000000000.0 112877000000000.0 34115900000000.0 2544170000.0 48925700000.0 1358290000000.0 2098550000000.0 28847400000000.0 47538600.0 2247160000.0 -4.42 [-4.42]
6606910000000000.0 3.19298e+19 4415770000000.0 215797000000000.0 195983000000000.0 382045000000.0 41078200000000.0 39481400000000.0 162969000.0 141027000000000.0 100110000000000.0 29001000000000.0 2807280000.0 54042000000.0 1484120000000.0 2225050000000.0 28867600000000.0 55320400.0 2517460000.0 -4.4 [-4.4]
6606910000000000.0 3.03077e+19 4576380000000.0 216466000000000.0 189220000000000.0 398237000000.0 41323500000000.0 36288100000000.0 183087000.0 143386000000000.0 88661400000000.0 24621400000000.0 3091200000.0 59570200000.0 1618420000000.0 2354610000000.0 28826200000000.0 64277600.0 2815430000.0 -4.38 [-4.38]
6606910000000000.0 2.87696e+19 4736660000000.0 216795000000000.0 182383000000000.0 414732000000.0 41512000000000.0 33294700000000.0 205741000.0 145630000000000.0 78411400000000.0 20876400000000.0 3396640000.0 65527000000.0 1761340000000.0 2486750000000.0 28722000000000.0 74570900.0 3143210000.0 -4.36 [-4.36]
6606920000000000.0 2.73114e+19 4896280000000.0 216786000000000.0 175499000000000.0 431535000000.0 41643900000000.0 30495700000000.0 231248000.0 147756000000000.0 69250900000000.0 17679000000000.0 3724260000.0 71928400000.0 1912980000000.0 2620960000000.0 28554500000000.0 86379600.0 3503040000.0 -4.34 [-4.34]
6606910000000000.0 2.59285e+19 5054640000000.0 216433000000000.0 168589000000000.0 448626000000.0 41719100000000.0 27884100000000.0 259963000.0 149756000000000.0 61076600000000.0 14952300000000.0 4074350000.0 78785800000.0 2073340000000.0 2756680000000.0 28323200000000.0 99903300.0 3897190000.0 -4.32 [-4.32]
6606910000000000.0 2.46171e+19 5211430000000.0 215744000000000.0 161677000000000.0 466012000000.0 41738300000000.0 25453200000000.0 292286000.0 151626000000000.0 53794500000000.0 12630500000000.0 4447240000.0 86110600000.0 2242350000000.0 2893260000000.0 28028300000000.0 115366000.0 4328030000.0 -4.3 [-4.3]
6606900000000000.0 2.33733e+19 5366120000000.0 214718000000000.0 154786000000000.0 483680000000.0 41702000000000.0 23195600000000.0 328660000.0 153364000000000.0 47317000000000.0 10655800000000.0 4842850000.0 93909200000.0 2419840000000.0 3030000000000.0 27670400000000.0 133014000.0 4797910000.0 -4.28 [-4.28]
6606910000000000.0 2.21934e+19 5518140000000.0 213361000000000.0 147935000000000.0 501622000000.0 41610800000000.0 21103300000000.0 369583000.0 154963000000000.0 41564000000000.0 8978630000000.0 5260870000.0 102184000000.0 2605530000000.0 3166150000000.0 27250400000000.0 153124000.0 5309240000.0 -4.26 [-4.26]
6606900000000000.0 2.10741e+19 5667130000000.0 211680000000000.0 141147000000000.0 519839000000.0 41466100000000.0 19168400000000.0 415610000.0 156420000000000.0 36462000000000.0 7555890000000.0 5700890000.0 110936000000.0 2799040000000.0 3300870000000.0 26769600000000.0 176000000.0 5864430000.0 -4.24 [-4.24]
6606910000000000.0 2.00122e+19 5812640000000.0 209686000000000.0 134442000000000.0 538322000000.0 41268900000000.0 17382900000000.0 467359000.0 157731000000000.0 31944100000000.0 6350610000000.0 6162020000.0 120158000000.0 2999840000000.0 3433280000000.0 26230000000000.0 201979000.0 6465820000.0 -4.22 [-4.22]
6606910000000000.0 1.90046e+19 5954220000000.0 207391000000000.0 127838000000000.0 557065000000.0 41020600000000.0 15738500000000.0 525521000.0 158893000000000.0 27949200000000.0 5330770000000.0 6643110000.0 129839000000.0 3207280000000.0 3562470000000.0 25633800000000.0 231434000.0 7115750000.0 -4.2 [-4.2]
6606910000000000.0 1.80484e+19 6091540000000.0 204807000000000.0 121355000000000.0 576067000000.0 40722600000000.0 14227100000000.0 590861000.0 159901000000000.0 24421800000000.0 4468960000000.0 7142790000.0 139963000000.0 3420570000000.0 3687450000000.0 24983900000000.0 264773000.0 7816430000.0 -4.18 [-4.18]
6606910000000000.0 1.71409e+19 6224210000000.0 201951000000000.0 115009000000000.0 595319000000.0 40376500000000.0 12840700000000.0 664236000.0 160754000000000.0 21311300000000.0 3741590000000.0 7659250000.0 150508000000.0 3638770000000.0 3807240000000.0 24283600000000.0 302449000.0 8570060000.0 -4.16 [-4.16]
6606920000000000.0 1.62797e+19 6351960000000.0 198840000000000.0 108815000000000.0 614825000000.0 39984400000000.0 11571500000000.0 746592000.0 161449000000000.0 18572600000000.0 3128490000000.0 8190520000.0 161446000000.0 3860830000000.0 3920830000000.0 23536500000000.0 344957000.0 9378630000.0 -4.14 [-4.14]
6606910000000000.0 1.5462e+19 6474370000000.0 195489000000000.0 102786000000000.0 634570000000.0 39547500000000.0 10411600000000.0 838979000.0 161980000000000.0 16164100000000.0 2612320000000.0 8734050000.0 172739000000.0 4085480000000.0 4027190000000.0 22746600000000.0 392837000.0 10243900000.0 -4.12 [-4.12]
6606910000000000.0 1.46857e+19 6591250000000.0 191918000000000.0 96934700000000.0 654558000000.0 39068300000000.0 9353630000000.0 942568000.0 162348000000000.0 14049100000000.0 2178320000000.0 9287300000.0 184348000000.0 4311380000000.0 4125350000000.0 21918600000000.0 446687000.0 11167600000.0 -4.1 [-4.1]
6606920000000000.0 1.39487e+19 6702420000000.0 188147000000000.0 91270700000000.0 674790000000.0 38548800000000.0 8390450000000.0 1058650000.0 162550000000000.0 12194400000000.0 1813910000000.0 9847450000.0 196225000000.0 4537080000000.0 4214330000000.0 21057400000000.0 507157000.0 12151200000.0 -4.08 [-4.08]
6606910000000000.0 1.32489e+19 6807650000000.0 184195000000000.0 85802300000000.0 695263000000.0 37991100000000.0 7515120000000.0 1188640000.0 162583000000000.0 10570100000000.0 1508310000000.0 10411400000.0 208317000000.0 4760970000000.0 4293180000000.0 20168100000000.0 574952000.0 13195700000.0 -4.06 [-4.06]
6606920000000000.0 1.25844e+19 6906840000000.0 180083000000000.0 80536800000000.0 715982000000.0 37397600000000.0 6721070000000.0 1334140000.0 162447000000000.0 9149450000000.0 1252390000000.0 10976100000.0 220565000000.0 4981400000000.0 4361090000000.0 19256300000000.0 650850000.0 14302200000.0 -4.04 [-4.04]
6606920000000000.0 1.19533e+19 6999890000000.0 175830000000000.0 75478500000000.0 736949000000.0 36770500000000.0 6001990000000.0 1496870000.0 162139000000000.0 7908670000000.0 1038350000000.0 11538100000.0 232908000000.0 5196620000000.0 4417240000000.0 18327500000000.0 735689000.0 15470900000.0 -4.02 [-4.02]
6606910000000000.0 1.13539e+19 7086720000000.0 171456000000000.0 70631400000000.0 758171000000.0 36112100000000.0 5351950000000.0 1678760000.0 161658000000000.0 6826420000000.0 859585000000.0 12094100000.0 245278000000.0 5404870000000.0 4460990000000.0 17387600000000.0 830390000.0 16702300000.0 -4.0 [-4.0]
6606920000000000.0 1.07847e+19 7167400000000.0 166983000000000.0 65997600000000.0 779657000000.0 35425000000000.0 4765340000000.0 1881920000.0 161005000000000.0 5883800000000.0 710504000000.0 12641100000.0 257609000000.0 5604400000000.0 4491780000000.0 16442500000000.0 935941000.0 17996000000.0 -3.98 [-3.98]
