Cloudy_runs/pg0832/z=0.017505/logZ=-1/component_I_PI_nH/component_I_PI_nH_col_density_param.txt
# %ECSV 1.0
# ---
# datatype:
# - {name: H, datatype: float64}
# - {name: H+, datatype: float64}
# - {name: C+, datatype: float64}
# - {name: C+2, datatype: float64}
# - {name: C+3, datatype: float64}
# - {name: N+, datatype: float64}
# - {name: N+2, datatype: float64}
# - {name: N+4, datatype: float64}
# - {name: O, datatype: float64}
# - {name: O+2, datatype: float64}
# - {name: O+5, datatype: float64}
# - {name: O+6, datatype: float64}
# - {name: P+, datatype: float64}
# - {name: Si+, datatype: float64}
# - {name: Si+2, datatype: float64}
# - {name: Si+3, datatype: float64}
# - {name: Si+4, datatype: float64}
# - {name: Fe+, datatype: float64}
# - {name: Al+, datatype: float64}
# - {name: log_nH, datatype: float64}
# - {name: parameters, datatype: string, subtype: 'float64[1]'}
# schema: astropy-2.0
H H+ C+ C+2 C+3 N+ N+2 N+4 O O+2 O+5 O+6 P+ Si+ Si+2 Si+3 Si+4 Fe+ Al+ log_nH parameters
[from data line 234]
6606930000000000.0 3587910000000000.0 209682000000.0 2168140000.0 0.0 28183900000.0 1816590.0 0.0 348051000000.0 8566620.0 0.0 0.0 260891000.0 32607000000.0 154654000.0 394543.0 0.0 31428700000.0 2845170000.0 -0.32 [-0.32]
6606930000000000.0 3483690000000000.0 206269000000.0 2060110000.0 0.0 27312200000.0 1666130.0 0.0 347568000000.0 7868360.0 0.0 0.0 258252000.0 32276200000.0 146667000.0 369827.0 0.0 31138800000.0 2816860000.0 -0.3 [-0.3]
6606930000000000.0 3382800000000000.0 202933000000.0 1957640000.0 0.0 26466100000.0 1528370.0 0.0 347092000000.0 7229610.0 0.0 0.0 255695000.0 31955700000.0 139104000.0 346810.0 0.0 30857500000.0 2789440000.0 -0.28 [-0.28]
6606930000000000.0 3285180000000000.0 199673000000.0 1860480000.0 0.0 25645200000.0 1402240.0 0.0 346623000000.0 6645180.0 0.0 0.0 253221000.0 31645300000.0 131947000.0 325365.0 0.0 30584600000.0 2762890000.0 -0.26 [-0.26]
6606930000000000.0 3190570000000000.0 196481000000.0 1768230000.0 0.0 24847600000.0 1286610.0 0.0 346161000000.0 6110000.0 0.0 0.0 250823000.0 31344400000.0 125149000.0 305370.0 0.0 30319400000.0 2737160000.0 -0.24 [-0.24]
6606930000000000.0 3098840000000000.0 193355000000.0 1680630000.0 0.0 24072000000.0 1180550.0 0.0 345706000000.0 5619780.0 0.0 0.0 248498000.0 31052400000.0 118676000.0 286717.0 0.0 30061800000.0 2712190000.0 -0.22 [-0.22]
6606930000000000.0 3010060000000000.0 190298000000.0 1597520000.0 0.0 23319600000.0 1083410.0 0.0 345258000000.0 5170730.0 0.0 0.0 246246000.0 30769500000.0 112551000.0 269315.0 0.0 29811800000.0 2688010000.0 -0.2 [-0.2]
6606930000000000.0 2923840000000000.0 187295000000.0 1518450000.0 0.0 22587800000.0 994278.0 0.0 344816000000.0 4758620.0 0.0 0.0 244059000.0 30494600000.0 106740000.0 253055.0 0.0 29568400000.0 2664530000.0 -0.18 [-0.18]
6606930000000000.0 2840760000000000.0 184372000000.0 1443710000.0 0.0 21880200000.0 912737.0 0.0 344383000000.0 4381820.0 0.0 0.0 241951000.0 30229600000.0 101238000.0 237894.0 0.0 29333400000.0 2641890000.0 -0.16 [-0.16]
6606930000000000.0 2759580000000000.0 181485000000.0 1372270000.0 0.0 21187300000.0 837604.0 0.0 343954000000.0 4035050.0 0.0 0.0 239891000.0 29970400000.0 95949700.0 223697.0 0.0 29103400000.0 2619750000.0 -0.14 [-0.14]
6606930000000000.0 2681180000000000.0 178666000000.0 1304610000.0 0.0 20516500000.0 768814.0 0.0 343533000000.0 3717390.0 0.0 0.0 237901000.0 29719900000.0 90946600.0 210438.0 0.0 28880800000.0 2598370000.0 -0.12 [-0.12]
6606930000000000.0 2605150000000000.0 175901000000.0 1240320000.0 0.0 19864400000.0 705680.0 0.0 343119000000.0 3425800.0 0.0 0.0 235971000.0 29476800000.0 86185900.0 198037.0 0.0 28664500000.0 2577620000.0 -0.1 [-0.1]
6606930000000000.0 2531370000000000.0 173187000000.0 1179190000.0 0.0 19230100000.0 647701.0 0.0 342712000000.0 3158020.0 0.0 0.0 234097000.0 29240700000.0 81646900.0 186432.0 0.0 28454200000.0 2557480000.0 -0.08 [-0.08]
6606930000000000.0 2459780000000000.0 170524000000.0 1121070000.0 0.0 18613000000.0 594456.0 0.0 342312000000.0 2912030.0 0.0 0.0 232279000.0 29011500000.0 77320200.0 175568.0 0.0 28249700000.0 2537940000.0 -0.06 [-0.06]
6606930000000000.0 2390320000000000.0 167911000000.0 1065830000.0 0.0 18013100000.0 545567.0 0.0 341918000000.0 2686010.0 0.0 0.0 230515000.0 28788900000.0 73198800.0 165394.0 0.0 28051000000.0 2518960000.0 -0.04 [-0.04]
6606930000000000.0 2322850000000000.0 165344000000.0 1013290000.0 0.0 17428800000.0 500630.0 0.0 341530000000.0 2478220.0 0.0 0.0 228800000.0 28572600000.0 69259300.0 155861.0 0.0 27857800000.0 2500530000.0 -0.02 [-0.02]
6606930000000000.0 2257350000000000.0 162822000000.0 963314000.0 0.0 16860100000.0 459342.0 0.0 341149000000.0 2287170.0 0.0 0.0 227136000.0 28362400000.0 65499000.0 146926.0 0.0 27669800000.0 2482620000.0 -0.0 [-0.0]
6606930000000000.0 2193840000000000.0 160346000000.0 915818000.0 0.0 16308400000.0 421484.0 0.0 340775000000.0 2111420.0 0.0 0.0 225521000.0 28158300000.0 61943300.0 138548.0 0.0 27487200000.0 2465260000.0 0.02 [0.02]
6606930000000000.0 2132040000000000.0 157911000000.0 870600000.0 0.0 15769000000.0 386595.0 0.0 340407000000.0 1949710.0 0.0 0.0 223950000.0 27959600000.0 58507700.0 130689.0 0.0 27309300000.0 2448350000.0 0.04 [0.04]
6606930000000000.0 2071940000000000.0 155516000000.0 827569000.0 0.0 15242900000.0 354501.0 0.0 340045000000.0 1800880.0 0.0 0.0 222422000.0 27766300000.0 55214900.0 123314.0 0.0 27136100000.0 2431910000.0 0.06 [0.06]
6606930000000000.0 2013500000000000.0 153160000000.0 786614000.0 0.0 14729400000.0 324969.0 0.0 339689000000.0 1663830.0 0.0 0.0 220935000.0 27578000000.0 52055900.0 116390.0 0.0 26967500000.0 2415920000.0 0.08 [0.08]
6606930000000000.0 1956840000000000.0 150851000000.0 747738000.0 0.0 14229600000.0 297833.0 0.0 339340000000.0 1537810.0 0.0 0.0 219494000.0 27395400000.0 49031200.0 109894.0 0.0 26803900000.0 2400410000.0 0.1 [0.1]
6606930000000000.0 1901540000000000.0 148570000000.0 710647000.0 0.0 13740200000.0 272825.0 0.0 338996000000.0 1421540.0 0.0 0.0 218087000.0 27216900000.0 46122600.0 103786.0 0.0 26644000000.0 2385260000.0 0.12 [0.12]
6606930000000000.0 1847620000000000.0 146321000000.0 675300000.0 0.0 13261700000.0 249800.0 0.0 338656000000.0 1314290.0 0.0 0.0 216714000.0 27042700000.0 43331300.0 98043.6 0.0 26487800000.0 2370490000.0 0.14 [0.14]
6606930000000000.0 1795120000000000.0 144108000000.0 641664000.0 0.0 12793500000.0 228593.0 0.0 338323000000.0 1215470.0 0.0 0.0 215378000.0 26872900000.0 40642700.0 92646.3 0.0 26335700000.0 2356110000.0 0.16 [0.16]
6606930000000000.0 1744020000000000.0 141932000000.0 609683000.0 0.0 12335000000.0 209057.0 0.0 337996000000.0 1124430.0 0.0 0.0 214077000.0 26707400000.0 38047100.0 87573.2 0.0 26187500000.0 2342110000.0 0.18 [0.18]
6606930000000000.0 1694280000000000.0 139796000000.0 579291000.0 0.0 11884900000.0 191038.0 0.0 337675000000.0 1040580.0 0.0 0.0 212810000.0 26546100000.0 35528900.0 82804.4 0.0 26043300000.0 2328470000.0 0.2 [0.2]
6606930000000000.0 1645350000000000.0 137671000000.0 550181000.0 0.0 11440400000.0 174379.0 0.0 337356000000.0 962938.0 0.0 0.0 211563000.0 26387000000.0 33090100.0 78309.3 0.0 25901200000.0 2315050000.0 0.22 [0.22]
6606930000000000.0 1597890000000000.0 135593000000.0 522611000.0 0.0 11005300000.0 159054.0 0.0 337044000000.0 891521.0 0.0 0.0 210353000.0 26232600000.0 30738600.0 74084.9 0.0 25763300000.0 2302040000.0 0.24 [0.24]
6606930000000000.0 1551400000000000.0 133544000000.0 496352000.0 0.0 10574100000.0 144864.0 0.0 336737000000.0 825627.0 0.0 0.0 209168000.0 26081000000.0 28433600.0 70108.6 0.0 25628300000.0 2289280000.0 0.26 [0.26]
6606930000000000.0 1505850000000000.0 131523000000.0 471340000.0 0.0 10147600000.0 131753.0 0.0 336434000000.0 764769.0 0.0 0.0 208006000.0 25932100000.0 26195200.0 66363.5 0.0 25496000000.0 2276780000.0 0.28 [0.28]
6606930000000000.0 1460970000000000.0 129526000000.0 447490000.0 0.0 9720310000.0 119558.0 0.0 336134000000.0 708566.0 0.0 0.0 206861000.0 25785000000.0 23975300.0 62836.3 0.0 25365600000.0 2264470000.0 0.3 [0.3]
6606930000000000.0 1417170000000000.0 127572000000.0 424905000.0 0.0 9296340000.0 108292.0 0.0 335840000000.0 656828.0 0.0 0.0 205743000.0 25641000000.0 21813800.0 59518.3 0.0 25238500000.0 2252440000.0 0.32 [0.32]
6606930000000000.0 1373370000000000.0 125626000000.0 403252000.0 0.0 8862650000.0 97706.4 0.0 335546000000.0 608887.0 0.0 0.0 204625000.0 25496300000.0 19628000.0 56388.7 0.0 25111400000.0 2240420000.0 0.34 [0.34]
6606930000000000.0 1329650000000000.0 123700000000.0 382606000.0 0.0 8416900000.0 87751.8 0.0 335253000000.0 564606.0 0.0 0.0 203507000.0 25351100000.0 17417100.0 53441.2 0.0 24984800000.0 2228410000.0 0.36 [0.36]
6606940000000000.0 1286330000000000.0 121827000000.0 363137000.0 0.0 7957310000.0 78396.2 0.0 334964000000.0 523979.0 0.0 0.0 202399000.0 25206400000.0 15186600.0 50673.1 0.0 24859700000.0 2216510000.0 0.38 [0.38]
6606930000000000.0 1241280000000000.0 119944000000.0 344397000.0 0.0 7455240000.0 69301.0 0.0 334666000000.0 486278.0 0.0 0.0 201246000.0 25054100000.0 12814500.0 48063.9 0.0 24729800000.0 2204140000.0 0.4 [0.4]
6606940000000000.0 1192370000000000.0 118056000000.0 326424000.0 0.0 6861270000.0 60014.3 0.0 334353000000.0 451518.0 0.0 0.0 199991000.0 24885900000.0 10109700.0 45617.1 0.0 24589800000.0 2190700000.0 0.42 [0.42]
6606920000000000.0 866633000000000.0 109687000000.0 248934000.0 0.0 2010590000.0 16515.2 0.0 333280000000.0 405185.0 0.0 0.0 191626000.0 23511200000.0 42532.4 43425.0 0.0 23633000000.0 2102260000.0 0.44 [0.44]
6606940000000000.0 832344000000000.0 107402000000.0 234139000.0 0.0 1844050000.0 14517.7 0.0 333060000000.0 373433.0 0.0 0.0 190749000.0 23373200000.0 35163.6 41184.8 0.0 23525900000.0 2092910000.0 0.46 [0.46]
6606930000000000.0 801064000000000.0 105209000000.0 220700000.0 0.0 1704760000.0 12863.2 0.0 332849000000.0 344368.0 0.0 0.0 189948000.0 23246900000.0 30606.9 39071.3 0.0 23428100000.0 2084360000.0 0.48 [0.48]
6606930000000000.0 771713000000000.0 103062000000.0 208224000.0 0.0 1583610000.0 11453.3 0.0 332644000000.0 317550.0 0.0 0.0 189196000.0 23127600000.0 27471.0 37071.5 0.0 23336300000.0 2076330000.0 0.5 [0.5]
6606940000000000.0 744308000000000.0 100980000000.0 196703000.0 0.0 1476790000.0 10239.5 0.0 332448000000.0 292958.0 0.0 0.0 188492000.0 23015400000.0 25144.9 35183.2 0.0 23250600000.0 2068840000.0 0.52 [0.52]
6606930000000000.0 718208000000000.0 98925400000.0 185889000.0 0.0 1380780000.0 9180.1 0.0 332256000000.0 270229.0 0.0 0.0 187822000.0 22907600000.0 23310.4 33394.8 0.0 23168900000.0 2061700000.0 0.54 [0.54]
6606930000000000.0 693391000000000.0 96906100000.0 175760000.0 0.0 1293870000.0 8250.56 0.0 332071000000.0 249276.0 0.0 0.0 187183000.0 22804000000.0 21792.1 31702.3 0.0 23091200000.0 2054910000.0 0.56 [0.56]
6606940000000000.0 669587000000000.0 94908100000.0 166213000.0 0.0 1214490000.0 7429.69 0.0 331891000000.0 229901.0 0.0 0.0 186570000.0 22703300000.0 20486.9 30098.5 0.0 23016700000.0 2048390000.0 0.58 [0.58]
6606930000000000.0 646994000000000.0 92952200000.0 157269000.0 0.0 1141930000.0 6703.66 0.0 331718000000.0 212074.0 0.0 0.0 185988000.0 22606900000.0 19337.2 28580.8 0.0 22946000000.0 2042210000.0 0.6 [0.6]
6606930000000000.0 625222000000000.0 91012400000.0 148809000.0 0.0 1074960000.0 6057.42 0.0 331548000000.0 195578.0 0.0 0.0 185426000.0 22512600000.0 18298.5 27141.7 0.0 22877900000.0 2036250000.0 0.62 [0.62]
6606930000000000.0 604350000000000.0 89099100000.0 140826000.0 0.0 1013040000.0 5481.19 0.0 331384000000.0 180351.0 0.0 0.0 184887000.0 22420900000.0 17347.3 25777.8 0.0 22812600000.0 2030540000.0 0.64 [0.64]
6606930000000000.0 584256000000000.0 87206600000.0 133277000.0 0.0 955597000.0 4966.0 0.0 331224000000.0 166278.0 0.0 0.0 184368000.0 22331400000.0 16465.5 24484.4 0.0 22749800000.0 2025040000.0 0.66 [0.66]
6606930000000000.0 564912000000000.0 85336300000.0 126135000.0 0.0 902161000.0 4504.42 0.0 331069000000.0 153278.0 0.0 0.0 183867000.0 22243700000.0 15642.1 23257.8 0.0 22689300000.0 2019750000.0 0.68 [0.68]
6606930000000000.0 546370000000000.0 83495900000.0 119402000.0 0.0 852416000.0 4090.49 0.0 330919000000.0 141295.0 0.0 0.0 183386000.0 22158500000.0 14869.5 22095.1 0.0 22631300000.0 2014680000.0 0.7 [0.7]
6606930000000000.0 528513000000000.0 81679000000.0 113031000.0 0.0 805971000.0 3718.42 0.0 330773000000.0 130229.0 0.0 0.0 182922000.0 22074900000.0 14141.4 20992.1 0.0 22575500000.0 2009790000.0 0.72 [0.72]
6606930000000000.0 511256000000000.0 79880000000.0 106986000.0 0.0 762469000.0 3383.22 0.0 330631000000.0 119998.0 0.0 0.0 182474000.0 21992600000.0 13453.2 19945.2 0.0 22521600000.0 2005080000.0 0.74 [0.74]
6606930000000000.0 494617000000000.0 78103300000.0 101259000.0 0.0 721681000.0 3080.91 0.0 330493000000.0 110553.0 0.0 0.0 182040000.0 21911700000.0 12801.7 18951.5 0.0 22469700000.0 2000530000.0 0.76 [0.76]
6606930000000000.0 478592000000000.0 76351400000.0 95835800.0 0.0 683395000.0 2807.98 0.0 330359000000.0 101840.0 0.0 0.0 181622000.0 21832200000.0 12184.2 18008.6 0.0 22419700000.0 1996150000.0 0.78 [0.78]
6606930000000000.0 463121000000000.0 74621300000.0 90693700.0 0.0 647412000.0 2561.29 0.0 330229000000.0 93796.1 0.0 0.0 181218000.0 21753900000.0 11598.3 17113.4 0.0 22371400000.0 1991930000.0 0.8 [0.8]
6606930000000000.0 448159000000000.0 72909800000.0 85805700.0 0.0 613453000.0 2337.72 0.0 330102000000.0 86368.8 0.0 0.0 180826000.0 21676400000.0 11041.8 16263.2 0.0 22324800000.0 1987850000.0 0.82 [0.82]
6606930000000000.0 433750000000000.0 71225500000.0 81183100.0 0.0 581565000.0 2139.37 0.0 329979000000.0 79428.8 0.0 0.0 180448000.0 21600000000.0 10513.4 15456.2 0.0 22279900000.0 1983920000.0 0.84 [0.84]
6606930000000000.0 419872000000000.0 69568400000.0 76805300.0 0.0 551525000.0 1961.49 0.0 329860000000.0 73012.1 0.0 0.0 180083000.0 21524800000.0 10011.5 14689.9 0.0 22236700000.0 1980140000.0 0.86 [0.86]
6606930000000000.0 406410000000000.0 67926800000.0 72637400.0 0.0 523109000.0 1799.44 0.0 329744000000.0 67113.5 0.0 0.0 179729000.0 21449800000.0 9534.14 13961.7 0.0 22194800000.0 1976480000.0 0.88 [0.88]
6606930000000000.0 393458000000000.0 66314900000.0 68695100.0 0.0 496352000.0 1652.1 0.0 329632000000.0 61708.6 0.0 0.0 179387000.0 21376000000.0 9080.52 13270.4 0.0 22154500000.0 1972950000.0 0.9 [0.9]
6606930000000000.0 380966000000000.0 64728200000.0 64952500.0 0.0 471008000.0 1517.63 0.0 329522000000.0 56752.0 0.0 0.0 179056000.0 21303100000.0 8649.1 12613.7 0.0 22115700000.0 1969560000.0 0.92 [0.92]
6606930000000000.0 368876000000000.0 63162600000.0 61395100.0 0.0 447024000.0 1394.95 0.0 329416000000.0 52198.2 0.0 0.0 178736000.0 21230500000.0 8238.65 11989.7 0.0 22078100000.0 1966280000.0 0.94 [0.94]
6606930000000000.0 357208000000000.0 61622100000.0 58018400.0 0.0 424307000.0 1282.92 0.0 329313000000.0 48019.3 0.0 0.0 178425000.0 21158600000.0 7848.18 11396.9 0.0 22041900000.0 1963110000.0 0.96 [0.96]
6606930000000000.0 345932000000000.0 60105400000.0 54812300.0 0.0 402800000.0 1180.62 0.0 329213000000.0 44181.2 0.0 0.0 178124000.0 21087000000.0 7476.65 10833.5 0.0 22006900000.0 1960060000.0 0.98 [0.98]
6606930000000000.0 335048000000000.0 58614700000.0 51768700.0 0.0 382421000.0 1087.1 0.0 329116000000.0 40658.4 0.0 0.0 177833000.0 21016000000.0 7123.08 10298.3 0.0 21973200000.0 1957120000.0 1.0 [1.0]
