Cloudy_runs/pg0832/z=0.017505/logZ=-1/component_I_PI_nH/component_I_PI_nH_col_density_param.txt
# %ECSV 1.0
# ---
# datatype:
# - {name: H, datatype: float64}
# - {name: H+, datatype: float64}
# - {name: C+, datatype: float64}
# - {name: C+2, datatype: float64}
# - {name: C+3, datatype: float64}
# - {name: N+, datatype: float64}
# - {name: N+2, datatype: float64}
# - {name: N+4, datatype: float64}
# - {name: O, datatype: float64}
# - {name: O+2, datatype: float64}
# - {name: O+5, datatype: float64}
# - {name: O+6, datatype: float64}
# - {name: P+, datatype: float64}
# - {name: Si+, datatype: float64}
# - {name: Si+2, datatype: float64}
# - {name: Si+3, datatype: float64}
# - {name: Si+4, datatype: float64}
# - {name: Fe+, datatype: float64}
# - {name: Al+, datatype: float64}
# - {name: log_nH, datatype: float64}
# - {name: parameters, datatype: string, subtype: 'float64[1]'}
# schema: astropy-2.0
H H+ C+ C+2 C+3 N+ N+2 N+4 O O+2 O+5 O+6 P+ Si+ Si+2 Si+3 Si+4 Fe+ Al+ log_nH parameters
[from data line 105]
6606910000000000.0 6.84968e+17 5756560000000.0 12568800000000.0 242604000000.0 2162830000000.0 2435320000000.0 1520810000.0 199116000000.0 15560500000000.0 110932000.0 0.0 10332000000.0 457544000000.0 1556360000000.0 201100000000.0 25382000000.0 72298000000.0 70760000000.0 -2.9 [-2.9]
6606910000000000.0 6.51449e+17 5665290000000.0 11792700000000.0 211345000000.0 2153990000000.0 2227000000000.0 1268870000.0 207868000000.0 14167400000000.0 85110900.0 0.0 10030200000.0 457186000000.0 1471140000000.0 181705000000.0 21792400000.0 74882900000.0 69795800000.0 -2.88 [-2.88]
6606910000000000.0 6.19806e+17 5573280000000.0 11063300000000.0 184053000000.0 2141790000000.0 2033300000000.0 1057940000.0 216538000000.0 12878300000000.0 65222300.0 0.0 9734060000.0 456605000000.0 1389930000000.0 164075000000.0 18712100000.0 77423100000.0 68783000000.0 -2.86 [-2.86]
6606910000000000.0 5.89647e+17 5479750000000.0 10371700000000.0 160070000000.0 2125770000000.0 1852250000000.0 880369000.0 225140000000.0 11679700000000.0 49845100.0 0.0 9441030000.0 455783000000.0 1311870000000.0 147931000000.0 16052300000.0 79927400000.0 67717200000.0 -2.84 [-2.84]
6606910000000000.0 5.60991e+17 5385090000000.0 9718290000000.0 139075000000.0 2106150000000.0 1683900000000.0 731477000.0 233631000000.0 10571200000000.0 38011600.0 0.0 9152320000.0 454709000000.0 1237120000000.0 133216000000.0 13762500000.0 82386200000.0 66605400000.0 -2.82 [-2.82]
6606910000000000.0 5.33766e+17 5289410000000.0 9101440000000.0 120718000000.0 2083060000000.0 1527780000000.0 606836000.0 241978000000.0 9549090000000.0 28927700.0 0.0 8868250000.0 453367000000.0 1165630000000.0 119822000000.0 11792500000.0 84792800000.0 65452400000.0 -2.8 [-2.8]
6606910000000000.0 5.07896e+17 5192770000000.0 8519400000000.0 104687000000.0 2056610000000.0 1383390000000.0 502665000.0 250155000000.0 8609210000000.0 21970900.0 0.0 8589010000.0 451748000000.0 1097300000000.0 107649000000.0 10098600000.0 87143500000.0 64262000000.0 -2.78 [-2.78]
6606910000000000.0 4.8332e+17 5095350000000.0 7970700000000.0 90704100000.0 2027000000000.0 1250230000000.0 415757000.0 258134000000.0 7747520000000.0 16656200.0 0.0 8314940000.0 449834000000.0 1032100000000.0 96603100000.0 8643280000.0 89430900000.0 63039600000.0 -2.76 [-2.76]
6606910000000000.0 4.59965e+17 4997190000000.0 7453570000000.0 78519600000.0 1994400000000.0 1127730000000.0 343361000.0 265894000000.0 6959480000000.0 12604300.0 0.0 8046080000.0 447626000000.0 969901000000.0 86594000000.0 7393390000.0 91654600000.0 61788100000.0 -2.74 [-2.74]
6606910000000000.0 4.37768e+17 4898400000000.0 6966480000000.0 67913100000.0 1959030000000.0 1015320000000.0 283152000.0 273416000000.0 6240650000000.0 9521510.0 0.0 7782620000.0 445117000000.0 910626000000.0 77536500000.0 6320590000.0 93810900000.0 60511700000.0 -2.72 [-2.72]
6606910000000000.0 4.16677e+17 4799150000000.0 6508080000000.0 58691500000.0 1921160000000.0 912477000000.0 233169000.0 280683000000.0 5586720000000.0 7181260.0 0.0 7524790000.0 442294000000.0 854219000000.0 69353000000.0 5400530000.0 95894400000.0 59215200000.0 -2.7 [-2.7]
6606910000000000.0 3.96631e+17 4699510000000.0 6076860000000.0 50681300000.0 1881010000000.0 818614000000.0 191741000.0 287680000000.0 4993310000000.0 5408040.0 0.0 7272640000.0 439161000000.0 800579000000.0 61968900000.0 4611830000.0 97904100000.0 57901700000.0 -2.68 [-2.68]
6606910000000000.0 3.77581e+17 4599610000000.0 5671510000000.0 43730700000.0 1838870000000.0 733173000000.0 157462000.0 294396000000.0 4456130000000.0 4067000.0 0.0 7026320000.0 435712000000.0 749634000000.0 55315500000.0 3936200000.0 99836800000.0 56575300000.0 -2.66 [-2.66]
6606910000000000.0 3.59473e+17 4499540000000.0 5290630000000.0 37704700000.0 1794990000000.0 655579000000.0 129140000.0 300825000000.0 3970900000000.0 0.0 0.0 6785850000.0 431953000000.0 701286000000.0 49328300000.0 3357710000.0 101692000000.0 55239100000.0 -2.64 [-2.64]
6606910000000000.0 3.42262e+17 4399460000000.0 4933040000000.0 32486000000.0 1749660000000.0 585296000000.0 105781000.0 306960000000.0 3533650000000.0 0.0 0.0 6551380000.0 427879000000.0 655473000000.0 43948000000.0 2862790000.0 103466000000.0 53897200000.0 -2.62 [-2.62]
6606910000000000.0 3.25903e+17 4299470000000.0 4597510000000.0 27970400000.0 1703140000000.0 521780000000.0 86543300.0 312797000000.0 3140470000000.0 0.0 0.0 6322910000.0 423499000000.0 612099000000.0 39119500000.0 2439570000.0 105157000000.0 52552400000.0 -2.6 [-2.6]
6606910000000000.0 3.1035e+17 4199650000000.0 4282790000000.0 24066100000.0 1655680000000.0 464500000000.0 70722100.0 318338000000.0 2787550000000.0 0.0 0.0 6100420000.0 418821000000.0 571071000000.0 34790900000.0 2077850000.0 106767000000.0 51207400000.0 -2.58 [-2.58]
6606910000000000.0 2.95564e+17 4100140000000.0 3987840000000.0 20693600000.0 1607560000000.0 412963000000.0 57730800.0 323584000000.0 2471450000000.0 0.0 0.0 5884000000.0 413851000000.0 532317000000.0 30915800000.0 1768910000.0 108292000000.0 49865600000.0 -2.56 [-2.56]
6606910000000000.0 2.8151e+17 4001090000000.0 3711620000000.0 17783200000.0 1559020000000.0 366696000000.0 47078900.0 328539000000.0 2188860000000.0 0.0 0.0 5673680000.0 408594000000.0 495766000000.0 27451200000.0 1505260000.0 109729000000.0 48530200000.0 -2.54 [-2.54]
6606910000000000.0 2.68149e+17 3902590000000.0 3453050000000.0 15273400000.0 1510270000000.0 325237000000.0 38355600.0 333207000000.0 1936630000000.0 0.0 0.0 5469410000.0 403056000000.0 461330000000.0 24356600000.0 1280360000.0 111075000000.0 47203600000.0 -2.52 [-2.52]
6606920000000000.0 2.55425e+17 3804530000000.0 3210800000000.0 13108700000.0 1461430000000.0 288112000000.0 31215400.0 337598000000.0 1711680000000.0 0.0 0.0 5270770000.0 397284000000.0 428828000000.0 21592900000.0 1088360000.0 112349000000.0 45884200000.0 -2.5 [-2.5]
6606920000000000.0 2.43354e+17 3707470000000.0 2984790000000.0 11247700000.0 1412920000000.0 255020000000.0 25389800.0 341713000000.0 1511800000000.0 0.0 0.0 5078600000.0 391244000000.0 398377000000.0 19133800000.0 925069000.0 113517000000.0 44582200000.0 -2.48 [-2.48]
6606920000000000.0 2.31867e+17 3611150000000.0 2773470000000.0 9645800000.0 1364740000000.0 225506000000.0 20634800.0 345566000000.0 1334170000000.0 0.0 0.0 4892160000.0 385004000000.0 369727000000.0 16943600000.0 785891000.0 114612000000.0 43293000000.0 -2.46 [-2.46]
6606920000000000.0 2.20941e+17 3515770000000.0 2576060000000.0 8268120000.0 1317080000000.0 199235000000.0 16757800.0 349166000000.0 1176520000000.0 0.0 0.0 4711540000.0 378536000000.0 342858000000.0 14995100000.0 667418000.0 115611000000.0 42020800000.0 -2.44 [-2.44]
6606920000000000.0 2.10557e+17 3421490000000.0 2391910000000.0 7084720000.0 1270130000000.0 175896000000.0 13601500.0 352524000000.0 1036850000000.0 0.0 0.0 4536830000.0 371864000000.0 317713000000.0 13264400000.0 566681000.0 116512000000.0 40768300000.0 -2.42 [-2.42]
6606920000000000.0 2.00677e+17 3328290000000.0 2220070000000.0 6068240000.0 1223950000000.0 155178000000.0 11033000.0 355649000000.0 913193000000.0 0.0 0.0 4367730000.0 365021000000.0 294163000000.0 11727500000.0 480990000.0 117328000000.0 39535000000.0 -2.4 [-2.4]
6606920000000000.0 1.91283e+17 3236330000000.0 2059910000000.0 5196030000.0 1178680000000.0 136817000000.0 8945320.0 358552000000.0 803868000000.0 0.0 0.0 4204310000.0 358016000000.0 272164000000.0 10364500000.0 408179000.0 118047000000.0 38323500000.0 -2.38 [-2.38]
6606920000000000.0 1.82348e+17 3145650000000.0 1910680000000.0 4447890000.0 1134400000000.0 120561000000.0 7249610.0 361244000000.0 707302000000.0 0.0 0.0 4046390000.0 350883000000.0 251613000000.0 9156410000.0 346314000.0 118681000000.0 37134300000.0 -2.36 [-2.36]
6606920000000000.0 1.73848e+17 3056340000000.0 1771700000000.0 3806460000.0 1091180000000.0 106184000000.0 5873040.0 363737000000.0 622065000000.0 0.0 0.0 3893900000.0 343624000000.0 232455000000.0 8086400000.0 293783000.0 119217000000.0 35968900000.0 -2.34 [-2.34]
6606920000000000.0 1.65761e+17 2968430000000.0 1642310000000.0 3256690000.0 1049080000000.0 93477900000.0 4756160.0 366041000000.0 546883000000.0 0.0 0.0 3746670000.0 336262000000.0 214603000000.0 7139170000.0 249183000.0 119661000000.0 34827700000.0 -2.32 [-2.32]
6606920000000000.0 1.58072e+17 2882050000000.0 1522010000000.0 2786000000.0 1008160000000.0 82265700000.0 3850970.0 368165000000.0 480659000000.0 0.0 0.0 3604720000.0 328828000000.0 197996000000.0 6301710000.0 211350000.0 120014000000.0 33712200000.0 -2.3 [-2.3]
6606920000000000.0 1.50755e+17 2797210000000.0 1410120000000.0 2382920000.0 968447000000.0 72373900000.0 3117310.0 370122000000.0 422329000000.0 0.0 0.0 3467820000.0 321330000000.0 182558000000.0 5561270000.0 179253000.0 120273000000.0 32622300000.0 -2.28 [-2.28]
6606920000000000.0 1.43793e+17 2713960000000.0 1306130000000.0 2037930000.0 929961000000.0 63654900000.0 2523050.0 371919000000.0 370994000000.0 0.0 0.0 3335880000.0 313791000000.0 168219000000.0 4907080000.0 152031000.0 120440000000.0 31558800000.0 -2.26 [-2.26]
6606920000000000.0 1.37171e+17 2632380000000.0 1209560000000.0 1742790000.0 892729000000.0 55975900000.0 2041930.0 373568000000.0 325847000000.0 0.0 0.0 3208810000.0 306229000000.0 154923000000.0 4329460000.0 128957000.0 120513000000.0 30522300000.0 -2.24 [-2.24]
6606920000000000.0 1.3087e+17 2552490000000.0 1119900000000.0 1490350000.0 856753000000.0 49216100000.0 1652510.0 375077000000.0 286159000000.0 0.0 0.0 3086470000.0 298663000000.0 142602000000.0 3819630000.0 109398000.0 120494000000.0 29512900000.0 -2.22 [-2.22]
6606920000000000.0 1.24889e+17 2474520000000.0 1036870000000.0 1274830000.0 822115000000.0 43277400000.0 1337760.0 376452000000.0 251332000000.0 0.0 0.0 2969000000.0 291121000000.0 131227000000.0 3370520000.0 92849300.0 120379000000.0 28533300000.0 -2.2 [-2.2]
6606920000000000.0 1.19187e+17 2398170000000.0 959729000000.0 1090340000.0 788664000000.0 38048100000.0 1082810.0 377706000000.0 220701000000.0 0.0 0.0 2855810000.0 283593000000.0 120691000000.0 2973850000.0 78808900.0 120170000000.0 27579600000.0 -2.18 [-2.18]
6606920000000000.0 1.13761e+17 2323600000000.0 888193000000.0 932634000.0 756445000000.0 33450300000.0 876547.0 378844000000.0 193802000000.0 0.0 0.0 2746950000.0 276111000000.0 110952000000.0 2624050000.0 66910000.0 119872000000.0 26653100000.0 -2.16 [-2.16]
6606920000000000.0 1.08594e+17 2250780000000.0 821855000000.0 797810000.0 725425000000.0 29407700000.0 709651.0 379875000000.0 170179000000.0 0.0 0.0 2642250000.0 268689000000.0 101949000000.0 2315540000.0 56821400.0 119491000000.0 25753200000.0 -2.14 [-2.14]
6606920000000000.0 1.03679e+17 2179820000000.0 760424000000.0 682640000.0 695620000000.0 25857000000.0 574688.0 380805000000.0 149450000000.0 0.0 0.0 2541700000.0 261340000000.0 93653600000.0 2043720000.0 48277500.0 119019000000.0 24881200000.0 -2.12 [-2.12]
6606920000000000.0 9.89817e+16 2110390000000.0 703293000000.0 583947000.0 666861000000.0 22729100000.0 465266.0 381641000000.0 131211000000.0 0.0 0.0 2444690000.0 254048000000.0 85970400000.0 1803450000.0 41015600.0 118463000000.0 24032500000.0 -2.1 [-2.1]
6606920000000000.0 9.44946e+16 2042540000000.0 650220000000.0 499443000.0 639151000000.0 19976200000.0 376610.0 382389000000.0 115173000000.0 0.0 0.0 2351210000.0 246823000000.0 78874400000.0 1591270000.0 34849800.0 117815000000.0 23207700000.0 -2.08 [-2.08]
6606920000000000.0 9.02898e+16 1977570000000.0 601863000000.0 428047000.0 612992000000.0 17583500000.0 305548.0 383051000000.0 101247000000.0 0.0 0.0 2262860000.0 239824000000.0 72438800000.0 1406390000.0 29678800.0 117105000000.0 22421900000.0 -2.06 [-2.06]
6606920000000000.0 8.62545e+16 1913910000000.0 556752000000.0 366664000.0 587700000000.0 15470500000.0 247746.0 383637000000.0 88960500000.0 0.0 0.0 2177390000.0 232883000000.0 66472500000.0 1242500000.0 25268700.0 116308000000.0 21655800000.0 -2.04 [-2.04]
6606920000000000.0 8.24125e+16 1852060000000.0 515020000000.0 314202000.0 563458000000.0 13614600000.0 200962.0 384151000000.0 78180500000.0 0.0 0.0 2095380000.0 226067000000.0 60986600000.0 1098060000.0 21527900.0 115436000000.0 20915200000.0 -2.02 [-2.02]
6606920000000000.0 7.87544e+16 1792010000000.0 476427000000.0 269362000.0 540234000000.0 11984800000.0 163087.0 384597000000.0 68722500000.0 0.0 0.0 2016720000.0 219385000000.0 55946200000.0 970778000.0 18354100.0 114492000000.0 20199800000.0 -2.0 [-2.0]
6606920000000000.0 7.5271e+16 1733750000000.0 440742000000.0 231026000.0 517993000000.0 10553300000.0 132415.0 384979000000.0 60423500000.0 0.0 0.0 1941280000.0 212843000000.0 51316600000.0 858584000.0 15660000.0 113479000000.0 19509000000.0 -1.98 [-1.98]
6606920000000000.0 7.19539e+16 1677270000000.0 407755000000.0 198245000.0 496702000000.0 9295780000.0 107568.0 385301000000.0 53141200000.0 0.0 0.0 1868940000.0 206445000000.0 47067100000.0 759681000.0 13372300.0 112402000000.0 18842400000.0 -1.96 [-1.96]
6606920000000000.0 6.87949e+16 1622530000000.0 377268000000.0 170209000.0 476327000000.0 8191090000.0 87432.0 385568000000.0 46750500000.0 0.0 0.0 1799610000.0 200197000000.0 43168400000.0 672479000.0 11428700.0 111262000000.0 18199400000.0 -1.94 [-1.94]
6606920000000000.0 6.57863e+16 1569520000000.0 349098000000.0 146222000.0 456833000000.0 7220470000.0 0.0 385781000000.0 41141300000.0 0.0 0.0 1733160000.0 194102000000.0 39593100000.0 595577000.0 9776550.0 110064000000.0 17579400000.0 -1.92 [-1.92]
6606920000000000.0 6.29206e+16 1518210000000.0 323070000000.0 125692000.0 438187000000.0 6367430000.0 0.0 385945000000.0 36217300000.0 0.0 0.0 1669490000.0 188164000000.0 36315300000.0 527739000.0 8371270.0 108812000000.0 16982000000.0 -1.9 [-1.9]
6606920000000000.0 6.01905e+16 1468570000000.0 299023000000.0 108114000.0 420354000000.0 5617530000.0 0.0 386062000000.0 31893800000.0 0.0 0.0 1608490000.0 182384000000.0 33310700000.0 467875000.0 7175090.0 107511000000.0 16406400000.0 -1.88 [-1.88]
6606920000000000.0 5.759e+16 1420570000000.0 276814000000.0 93060400.0 403305000000.0 4958250000.0 0.0 386135000000.0 28097200000.0 0.0 0.0 1550060000.0 176764000000.0 30558800000.0 415040000.0 6156450.0 106163000000.0 15852200000.0 -1.86 [-1.86]
6606920000000000.0 5.51116e+16 1374170000000.0 256295000000.0 80157800.0 387001000000.0 4378280000.0 0.0 386166000000.0 24761800000.0 0.0 0.0 1494090000.0 171303000000.0 28036600000.0 368379000.0 5287930.0 104774000000.0 15318500000.0 -1.84 [-1.84]
6606920000000000.0 5.27505e+16 1329350000000.0 237347000000.0 69097400.0 371419000000.0 3868090000.0 0.0 386158000000.0 21831500000.0 0.0 0.0 1440490000.0 166004000000.0 25727700000.0 327166000.0 4547210.0 103347000000.0 14805100000.0 -1.82 [-1.82]
6606920000000000.0 5.05004e+16 1286070000000.0 219846000000.0 59608600.0 356523000000.0 3419050000.0 0.0 386112000000.0 19255900000.0 0.0 0.0 1389170000.0 160864000000.0 23613400000.0 290746000.0 3914780.0 101887000000.0 14311200000.0 -1.8 [-1.8]
6606920000000000.0 4.83354e+16 1243890000000.0 203532000000.0 51414100.0 342149000000.0 3021400000.0 0.0 386029000000.0 16978400000.0 0.0 0.0 1339570000.0 155835000000.0 21661200000.0 258352000.0 3371180.0 100380000000.0 13831600000.0 -1.78 [-1.78]
6606920000000000.0 4.62916e+16 1203580000000.0 188612000000.0 44426900.0 328544000000.0 2673430000.0 0.0 385915000000.0 14988600000.0 0.0 0.0 1292530000.0 151013000000.0 19890000000.0 229891000.0 2909320.0 98865200000.0 13375000000.0 -1.76 [-1.76]
6606920000000000.0 4.43433e+16 1164690000000.0 174833000000.0 38422900.0 315540000000.0 2366830000.0 0.0 385769000000.0 13238100000.0 0.0 0.0 1247510000.0 146348000000.0 18268700000.0 204705000.0 2513910.0 97329700000.0 12936000000.0 -1.74 [-1.74]
6606920000000000.0 4.24858e+16 1127200000000.0 162105000000.0 33260400.0 303111000000.0 2096580000.0 0.0 385593000000.0 11697800000.0 0.0 0.0 1204410000.0 141836000000.0 16784500000.0 182406000.0 2175040.0 95777400000.0 12514100000.0 -1.72 [-1.72]
