Cloudy_runs/pg0832/z=0.017505/logZ=1/component_I_PI_nH/component_I_PI_nH_col_density_param.txt
# %ECSV 1.0
# ---
# datatype:
# - {name: H, datatype: float64}
# - {name: H+, datatype: float64}
# - {name: C+, datatype: float64}
# - {name: C+2, datatype: float64}
# - {name: C+3, datatype: float64}
# - {name: N+, datatype: float64}
# - {name: N+2, datatype: float64}
# - {name: N+4, datatype: float64}
# - {name: O, datatype: float64}
# - {name: O+2, datatype: float64}
# - {name: O+5, datatype: float64}
# - {name: O+6, datatype: float64}
# - {name: P+, datatype: float64}
# - {name: Si+, datatype: float64}
# - {name: Si+2, datatype: float64}
# - {name: Si+3, datatype: float64}
# - {name: Si+4, datatype: float64}
# - {name: Fe+, datatype: float64}
# - {name: Al+, datatype: float64}
# - {name: log_nH, datatype: float64}
# - {name: parameters, datatype: string, subtype: 'float64[1]'}
# schema: astropy-2.0
H H+ C+ C+2 C+3 N+ N+2 N+4 O O+2 O+5 O+6 P+ Si+ Si+2 Si+3 Si+4 Fe+ Al+ log_nH parameters
[from data line 219]
6606930000000000.0 1186050000000000.0 10425100000000.0 111858000000.0 0.0 777673000000.0 108160000.0 0.0 36224300000000.0 260463000.0 0.0 0.0 19189400000.0 2167560000000.0 35961800.0 50208500.0 0.0 2458710000000.0 217930000000.0 -0.62 [-0.62]
6606930000000000.0 1153330000000000.0 10218400000000.0 106233000000.0 0.0 752508000000.0 99769400.0 0.0 36143900000000.0 238003000.0 0.0 0.0 19102800000.0 2151040000000.0 33999100.0 47432200.0 0.0 2448400000000.0 217057000000.0 -0.6 [-0.6]
6606930000000000.0 1121890000000000.0 10016600000000.0 100925000000.0 0.0 728394000000.0 92069900.0 0.0 36065400000000.0 217653000.0 0.0 0.0 19019700000.0 2134950000000.0 32152600.0 44821800.0 0.0 2438500000000.0 216218000000.0 -0.58 [-0.58]
6606930000000000.0 1091390000000000.0 9817260000000.0 95871200000.0 0.0 705071000000.0 84975300.0 0.0 35988300000000.0 199102000.0 0.0 0.0 18938900000.0 2119090000000.0 30411100.0 42361400.0 0.0 2428890000000.0 215404000000.0 -0.56 [-0.56]
6606930000000000.0 1061830000000000.0 9620720000000.0 91063100000.0 0.0 682529000000.0 78438800.0 0.0 35912500000000.0 182192000.0 0.0 0.0 18860500000.0 2103460000000.0 28768500.0 40042100.0 0.0 2419580000000.0 214614000000.0 -0.54 [-0.54]
6606930000000000.0 1033120000000000.0 9427400000000.0 86490000000.0 0.0 660752000000.0 72416800.0 0.0 35838100000000.0 166756000.0 0.0 0.0 18784200000.0 2088040000000.0 27218400.0 37854700.0 0.0 2410530000000.0 213847000000.0 -0.52 [-0.52]
6606930000000000.0 1005280000000000.0 9236960000000.0 82140400000.0 0.0 639707000000.0 66867400.0 0.0 35765100000000.0 152676000.0 0.0 0.0 18710100000.0 2072830000000.0 25755600.0 35791800.0 0.0 2401760000000.0 213102000000.0 -0.5 [-0.5]
6606930000000000.0 978261000000000.0 9049270000000.0 78001500000.0 0.0 619358000000.0 61751500.0 0.0 35693400000000.0 139822000.0 0.0 0.0 18638000000.0 2057810000000.0 24374700.0 33845600.0 0.0 2393250000000.0 212379000000.0 -0.48 [-0.48]
6606930000000000.0 952046000000000.0 8864400000000.0 74064900000.0 0.0 599689000000.0 57035100.0 0.0 35623000000000.0 128090000.0 0.0 0.0 18567900000.0 2042980000000.0 23070900.0 32009200.0 0.0 2384980000000.0 211678000000.0 -0.46 [-0.46]
6606930000000000.0 926769000000000.0 8683450000000.0 70341100000.0 0.0 580780000000.0 52695800.0 0.0 35554200000000.0 117418000.0 0.0 0.0 18500500000.0 2028440000000.0 21841200.0 30278400.0 0.0 2377010000000.0 211001000000.0 -0.44 [-0.44]
6606930000000000.0 902057000000000.0 8503970000000.0 66776700000.0 0.0 562380000000.0 48683400.0 0.0 35486400000000.0 107625000.0 0.0 0.0 18434200000.0 2013950000000.0 20678000.0 28642000.0 0.0 2369220000000.0 210339000000.0 -0.42 [-0.42]
6606930000000000.0 878063000000000.0 8327150000000.0 63385600000.0 0.0 544584000000.0 44982000.0 0.0 35419800000000.0 98677300.0 0.0 0.0 18369700000.0 1999610000000.0 19578800.0 27096900.0 0.0 2361660000000.0 209696000000.0 -0.4 [-0.4]
6606930000000000.0 854766000000000.0 8152970000000.0 60159800000.0 0.0 527370000000.0 41567000.0 0.0 35354500000000.0 90497600.0 0.0 0.0 18306900000.0 1985420000000.0 18540200.0 25637800.0 0.0 2354310000000.0 209071000000.0 -0.38 [-0.38]
6606930000000000.0 832142000000000.0 7981410000000.0 57091400000.0 0.0 510718000000.0 38415800.0 0.0 35290500000000.0 83018200.0 0.0 0.0 18245800000.0 1971370000000.0 17558500.0 24259500.0 0.0 2347170000000.0 208464000000.0 -0.36 [-0.36]
6606930000000000.0 810169000000000.0 7812470000000.0 54173500000.0 0.0 494608000000.0 35507600.0 0.0 35227700000000.0 76178600.0 0.0 0.0 18186400000.0 1957450000000.0 16630400.0 22957300.0 0.0 2340240000000.0 207874000000.0 -0.34 [-0.34]
6606930000000000.0 788713000000000.0 7645330000000.0 51386400000.0 0.0 478961000000.0 32818800.0 0.0 35165800000000.0 69909200.0 0.0 0.0 18128000000.0 1943560000000.0 15751900.0 21725600.0 0.0 2333470000000.0 207298000000.0 -0.32 [-0.32]
6606930000000000.0 767981000000000.0 7481530000000.0 48747200000.0 0.0 463880000000.0 30341000.0 0.0 35105400000000.0 64183700.0 0.0 0.0 18071600000.0 1929890000000.0 14922000.0 20562900.0 0.0 2326930000000.0 206741000000.0 -0.3 [-0.3]
6606930000000000.0 747840000000000.0 7320270000000.0 46237400000.0 0.0 449287000000.0 28053300.0 0.0 35046300000000.0 58943100.0 0.0 0.0 18016800000.0 1916320000000.0 14137100.0 19463900.0 0.0 2320570000000.0 206200000000.0 -0.28 [-0.28]
6606930000000000.0 728268000000000.0 7161490000000.0 43850700000.0 0.0 435162000000.0 25940700.0 0.0 34988300000000.0 54144400.0 0.0 0.0 17963300000.0 1902850000000.0 13394500.0 18424800.0 0.0 2314400000000.0 205674000000.0 -0.26 [-0.26]
6606930000000000.0 709335000000000.0 7005870000000.0 41589800000.0 0.0 421538000000.0 23992500.0 0.0 34931700000000.0 49757100.0 0.0 0.0 17911700000.0 1889560000000.0 12692600.0 17443500.0 0.0 2308420000000.0 205164000000.0 -0.24 [-0.24]
6606930000000000.0 690843000000000.0 6852000000000.0 39431400000.0 0.0 408300000000.0 22190000.0 0.0 34876000000000.0 45729600.0 0.0 0.0 17860900000.0 1876270000000.0 12027700.0 16514400.0 0.0 2302580000000.0 204667000000.0 -0.22 [-0.22]
6606930000000000.0 672869000000000.0 6700570000000.0 37379400000.0 0.0 395485000000.0 20524800.0 0.0 34821400000000.0 42038800.0 0.0 0.0 17811500000.0 1863060000000.0 11398400.0 15635700.0 0.0 2296910000000.0 204183000000.0 -0.2 [-0.2]
6606930000000000.0 655394000000000.0 6551540000000.0 35428700000.0 0.0 383076000000.0 18986200.0 0.0 34767900000000.0 38655400.0 0.0 0.0 17763300000.0 1849920000000.0 10802600.0 14804400.0 0.0 2291390000000.0 203713000000.0 -0.18 [-0.18]
6606930000000000.0 638404000000000.0 6404890000000.0 33574400000.0 0.0 371060000000.0 17564500.0 0.0 34715500000000.0 35553200.0 0.0 0.0 17716300000.0 1836860000000.0 10238600.0 14018100.0 0.0 2286020000000.0 203255000000.0 -0.16 [-0.16]
6606930000000000.0 621882000000000.0 6260590000000.0 31811900000.0 0.0 359424000000.0 16250600.0 0.0 34664200000000.0 32707700.0 0.0 0.0 17670400000.0 1823850000000.0 9704610.0 13274000.0 0.0 2280800000000.0 202810000000.0 -0.14 [-0.14]
6606930000000000.0 605816000000000.0 6118640000000.0 30137000000.0 0.0 348155000000.0 15036200.0 0.0 34613900000000.0 30097400.0 0.0 0.0 17625700000.0 1810900000000.0 9198910.0 12569900.0 0.0 2275730000000.0 202377000000.0 -0.12 [-0.12]
6606930000000000.0 590190000000000.0 5979010000000.0 28545400000.0 0.0 337240000000.0 13913700.0 0.0 34564600000000.0 27702000.0 0.0 0.0 17582100000.0 1798000000000.0 8719960.0 11903600.0 0.0 2270790000000.0 201955000000.0 -0.1 [-0.1]
6606930000000000.0 574991000000000.0 5841670000000.0 27033200000.0 0.0 326668000000.0 12876000.0 0.0 34516400000000.0 25503300.0 0.0 0.0 17539600000.0 1785140000000.0 8266310.0 11272900.0 0.0 2265990000000.0 201545000000.0 -0.08 [-0.08]
6606930000000000.0 560206000000000.0 5706610000000.0 25596500000.0 0.0 316427000000.0 11916600.0 0.0 34469200000000.0 23484700.0 0.0 0.0 17498100000.0 1772320000000.0 7836560.0 10675900.0 0.0 2261320000000.0 201146000000.0 -0.06 [-0.06]
6606930000000000.0 545821000000000.0 5573780000000.0 24231700000.0 0.0 306505000000.0 11029400.0 0.0 34422900000000.0 21630700.0 0.0 0.0 17457500000.0 1759530000000.0 7429410.0 10110700.0 0.0 2256770000000.0 200758000000.0 -0.04 [-0.04]
6606930000000000.0 531827000000000.0 5443170000000.0 22935300000.0 0.0 296892000000.0 10209000.0 0.0 34377700000000.0 19927400.0 0.0 0.0 17418000000.0 1746770000000.0 7043600.0 9575550.0 0.0 2252340000000.0 200380000000.0 -0.02 [-0.02]
6606930000000000.0 518208000000000.0 5314780000000.0 21704100000.0 0.0 287578000000.0 9450280.0 0.0 34333300000000.0 18362600.0 0.0 0.0 17379300000.0 1734030000000.0 6678020.0 9068840.0 0.0 2248040000000.0 200012000000.0 -0.0 [-0.0]
6606930000000000.0 504955000000000.0 5188550000000.0 20535100000.0 0.0 278553000000.0 8748540.0 0.0 34290000000000.0 16924300.0 0.0 0.0 17341600000.0 1721300000000.0 6331560.0 8589000.0 0.0 2243850000000.0 199654000000.0 0.02 [0.02]
6606930000000000.0 492056000000000.0 5064500000000.0 19425100000.0 0.0 269807000000.0 8099440.0 0.0 34247500000000.0 15602200.0 0.0 0.0 17304700000.0 1708590000000.0 6003210.0 8134590.0 0.0 2239770000000.0 199305000000.0 0.04 [0.04]
6606930000000000.0 479501000000000.0 4942560000000.0 18371400000.0 0.0 261332000000.0 7498950.0 0.0 34205900000000.0 14386400.0 0.0 0.0 17268700000.0 1695880000000.0 5691960.0 7704180.0 0.0 2235800000000.0 198966000000.0 0.06 [0.06]
6606930000000000.0 467280000000000.0 4822740000000.0 17371200000.0 0.0 253117000000.0 6943410.0 0.0 34165200000000.0 13268200.0 0.0 0.0 17233500000.0 1683180000000.0 5396930.0 7296510.0 0.0 2231930000000.0 198635000000.0 0.08 [0.08]
6606930000000000.0 455380000000000.0 4705020000000.0 16422000000.0 0.0 245156000000.0 6429410.0 0.0 34125300000000.0 12239300.0 0.0 0.0 17199100000.0 1670470000000.0 5117220.0 6910340.0 0.0 2228170000000.0 198313000000.0 0.1 [0.1]
6606930000000000.0 443796000000000.0 4589380000000.0 15521400000.0 0.0 237440000000.0 5953820.0 0.0 34086300000000.0 11292600.0 0.0 0.0 17165400000.0 1657750000000.0 4852040.0 6544510.0 0.0 2224500000000.0 197999000000.0 0.12 [0.12]
6606930000000000.0 432517000000000.0 4475750000000.0 14666800000.0 0.0 229960000000.0 5513710.0 0.0 34048200000000.0 10421300.0 0.0 0.0 17132500000.0 1645020000000.0 4600610.0 6197940.0 0.0 2220930000000.0 197694000000.0 0.14 [0.14]
6606930000000000.0 421532000000000.0 4364140000000.0 13856100000.0 0.0 222708000000.0 5106410.0 0.0 34010800000000.0 9619140.0 0.0 0.0 17100300000.0 1632280000000.0 4362200.0 5869590.0 0.0 2217450000000.0 197396000000.0 0.16 [0.16]
6606930000000000.0 410836000000000.0 4254520000000.0 13087200000.0 0.0 215679000000.0 4729460.0 0.0 33974300000000.0 8880500.0 0.0 0.0 17068700000.0 1619510000000.0 4136130.0 5558490.0 0.0 2214070000000.0 197106000000.0 0.18 [0.18]
6606930000000000.0 400418000000000.0 4146870000000.0 12358100000.0 0.0 208865000000.0 4380560.0 0.0 33938500000000.0 8200200.0 0.0 0.0 17037800000.0 1606730000000.0 3921750.0 5263710.0 0.0 2210770000000.0 196824000000.0 0.2 [0.2]
6606930000000000.0 390271000000000.0 4041180000000.0 11666700000.0 0.0 202258000000.0 4057620.0 0.0 33903500000000.0 7573450.0 0.0 0.0 17007600000.0 1593920000000.0 3718430.0 4984400.0 0.0 2207550000000.0 196548000000.0 0.22 [0.22]
6606930000000000.0 380387000000000.0 3937410000000.0 11011400000.0 0.0 195853000000.0 3758680.0 0.0 33869300000000.0 6995920.0 0.0 0.0 16978000000.0 1581070000000.0 3525610.0 4719730.0 0.0 2204420000000.0 196280000000.0 0.24 [0.24]
6606930000000000.0 370758000000000.0 3835540000000.0 10390200000.0 0.0 189642000000.0 3481940.0 0.0 33835800000000.0 6463630.0 0.0 0.0 16949000000.0 1568200000000.0 3342720.0 4468920.0 0.0 2201370000000.0 196019000000.0 0.26 [0.26]
6606930000000000.0 361376000000000.0 3735560000000.0 9801590000.0 0.0 183621000000.0 3225730.0 0.0 33803000000000.0 5972920.0 0.0 0.0 16920500000.0 1555280000000.0 3169270.0 4231260.0 0.0 2198400000000.0 195764000000.0 0.28 [0.28]
6606930000000000.0 352235000000000.0 3637430000000.0 9243910000.0 0.0 177782000000.0 2988530.0 0.0 33771000000000.0 5520460.0 0.0 0.0 16892600000.0 1542330000000.0 3004740.0 4006030.0 0.0 2195500000000.0 195516000000.0 0.3 [0.3]
6606930000000000.0 343328000000000.0 3541140000000.0 8715630000.0 0.0 172121000000.0 2768910.0 0.0 33739600000000.0 5103160.0 0.0 0.0 16865200000.0 1529340000000.0 2848680.0 3792590.0 0.0 2192670000000.0 195274000000.0 0.32 [0.32]
6606930000000000.0 334648000000000.0 3446670000000.0 8215330000.0 0.0 166632000000.0 2565550.0 0.0 33708900000000.0 4718220.0 0.0 0.0 16838300000.0 1516300000000.0 2700650.0 3590320.0 0.0 2189920000000.0 195038000000.0 0.34 [0.34]
6606930000000000.0 326188000000000.0 3354000000000.0 7741600000.0 0.0 161309000000.0 2377250.0 0.0 33678900000000.0 4363060.0 0.0 0.0 16811900000.0 1503220000000.0 2560230.0 3398630.0 0.0 2187240000000.0 194808000000.0 0.36 [0.36]
6606930000000000.0 317925000000000.0 3262930000000.0 7292470000.0 0.0 156141000000.0 2202780.0 0.0 33649400000000.0 4035180.0 0.0 0.0 16785900000.0 1490050000000.0 2426970.0 3216880.0 0.0 2184610000000.0 194583000000.0 0.38 [0.38]
6606930000000000.0 309907000000000.0 3173940000000.0 6868710000.0 0.0 151143000000.0 2041400.0 0.0 33620800000000.0 3732780.0 0.0 0.0 16760500000.0 1476920000000.0 2300680.0 3044830.0 0.0 2182070000000.0 194364000000.0 0.4 [0.4]
6606930000000000.0 302073000000000.0 3086520000000.0 6467130000.0 0.0 146290000000.0 1891850.0 0.0 33592700000000.0 3453480.0 0.0 0.0 16735500000.0 1463690000000.0 2180820.0 2881690.0 0.0 2179580000000.0 194151000000.0 0.42 [0.42]
6606930000000000.0 294436000000000.0 3000810000000.0 6087180000.0 0.0 141584000000.0 1753350.0 0.0 33565200000000.0 3195580.0 0.0 0.0 16710800000.0 1450410000000.0 2067130.0 2727090.0 0.0 2177160000000.0 193943000000.0 0.44 [0.44]
6606930000000000.0 286990000000000.0 2916790000000.0 5727810000.0 0.0 137020000000.0 1625070.0 0.0 33538300000000.0 2957390.0 0.0 0.0 16686600000.0 1437080000000.0 1959270.0 2580590.0 0.0 2174790000000.0 193740000000.0 0.46 [0.46]
6606930000000000.0 279730000000000.0 2834440000000.0 5388000000.0 0.0 132596000000.0 1506260.0 0.0 33512000000000.0 2737380.0 0.0 0.0 16662700000.0 1423690000000.0 1856960.0 2441770.0 0.0 2172480000000.0 193542000000.0 0.48 [0.48]
6606930000000000.0 272651000000000.0 2753740000000.0 5066760000.0 0.0 128305000000.0 1396210.0 0.0 33486200000000.0 2534090.0 0.0 0.0 16639200000.0 1410260000000.0 1759920.0 2310230.0 0.0 2170230000000.0 193349000000.0 0.5 [0.5]
6606930000000000.0 265748000000000.0 2674670000000.0 4763180000.0 0.0 124145000000.0 1294280.0 0.0 33461100000000.0 2346260.0 0.0 0.0 16616000000.0 1396770000000.0 1667860.0 2185590.0 0.0 2168040000000.0 193160000000.0 0.52 [0.52]
6606930000000000.0 259016000000000.0 2597220000000.0 4476330000.0 0.0 120111000000.0 1199850.0 0.0 33436400000000.0 2172650.0 0.0 0.0 16593100000.0 1383230000000.0 1580540.0 2067500.0 0.0 2165900000000.0 192976000000.0 0.54 [0.54]
6606930000000000.0 252450000000000.0 2521360000000.0 4205380000.0 0.0 116199000000.0 1112380.0 0.0 33412400000000.0 2012160.0 0.0 0.0 16570500000.0 1369630000000.0 1497710.0 1955610.0 0.0 2163810000000.0 192797000000.0 0.56 [0.56]
6606930000000000.0 246046000000000.0 2447070000000.0 3949510000.0 0.0 112407000000.0 1031350.0 0.0 33388800000000.0 1863770.0 0.0 0.0 16548200000.0 1355990000000.0 1419150.0 1849600.0 0.0 2161770000000.0 192622000000.0 0.58 [0.58]
6606930000000000.0 239799000000000.0 2374340000000.0 3707960000.0 0.0 108730000000.0 956283.0 0.0 33365700000000.0 1726560.0 0.0 0.0 16526200000.0 1342290000000.0 1344640.0 1749180.0 0.0 2159770000000.0 192451000000.0 0.6 [0.6]
6606930000000000.0 233705000000000.0 2303150000000.0 3479990000.0 0.0 105165000000.0 886734.0 0.0 33343200000000.0 1599650.0 0.0 0.0 16504400000.0 1328550000000.0 1273960.0 1654050.0 0.0 2157830000000.0 192284000000.0 0.62 [0.62]
6606930000000000.0 227760000000000.0 2233490000000.0 3264900000.0 0.0 101709000000.0 822302.0 0.0 33321100000000.0 1482260.0 0.0 0.0 16482900000.0 1314750000000.0 1206940.0 1563940.0 0.0 2155940000000.0 192121000000.0 0.64 [0.64]
6606930000000000.0 221959000000000.0 2165340000000.0 3062050000.0 0.0 98358500000.0 762611.0 0.0 33299600000000.0 1373660.0 0.0 0.0 16461500000.0 1300910000000.0 1143380.0 1478600.0 0.0 2154090000000.0 191962000000.0 0.66 [0.66]
6606930000000000.0 216300000000000.0 2098680000000.0 2870770000.0 0.0 95110700000.0 707302.0 0.0 33278500000000.0 1273170.0 0.0 0.0 16440400000.0 1287030000000.0 1083100.0 1397770.0 0.0 2152280000000.0 191807000000.0 0.68 [0.68]
6606930000000000.0 210776000000000.0 2033600000000.0 2692010000.0 0.0 91963600000.0 656067.0 0.0 33257800000000.0 1180140.0 0.0 0.0 16419300000.0 1273100000000.0 1025940.0 1321240.0 0.0 2150510000000.0 191655000000.0 0.7 [0.7]
