Cloudy_runs/pg0832/z=0.017505/logZ=1/component_I_PI_nH/component_I_PI_nH_col_density_param.txt
# %ECSV 1.0
# ---
# datatype:
# - {name: H, datatype: float64}
# - {name: H+, datatype: float64}
# - {name: C+, datatype: float64}
# - {name: C+2, datatype: float64}
# - {name: C+3, datatype: float64}
# - {name: N+, datatype: float64}
# - {name: N+2, datatype: float64}
# - {name: N+4, datatype: float64}
# - {name: O, datatype: float64}
# - {name: O+2, datatype: float64}
# - {name: O+5, datatype: float64}
# - {name: O+6, datatype: float64}
# - {name: P+, datatype: float64}
# - {name: Si+, datatype: float64}
# - {name: Si+2, datatype: float64}
# - {name: Si+3, datatype: float64}
# - {name: Si+4, datatype: float64}
# - {name: Fe+, datatype: float64}
# - {name: Al+, datatype: float64}
# - {name: log_nH, datatype: float64}
# - {name: parameters, datatype: string, subtype: 'float64[1]'}
# schema: astropy-2.0
H H+ C+ C+2 C+3 N+ N+2 N+4 O O+2 O+5 O+6 P+ Si+ Si+2 Si+3 Si+4 Fe+ Al+ log_nH parameters
[from data line 50]
6606900000000000.0 1.22134e+18 298286000000000.0 2544880000000000.0 407582000000000.0 69771100000000.0 548653000000000.0 20042000000000.0 2201120000000.0 3802790000000000.0 2967940000000.0 54077000000.0 701158000000.0 99180900000000.0 73929300000000.0 159790000000000.0 61737400000000.0 556783000000.0 1433310000000.0 -4.0 [-4.0]
6606910000000000.0 1.15411e+18 294955000000000.0 2412820000000000.0 369048000000000.0 71152800000000.0 522558000000000.0 17299700000000.0 2421670000000.0 3630010000000000.0 2426260000000.0 42187600000.0 699269000000.0 101234000000000.0 70171900000000.0 148358000000000.0 53697400000000.0 617963000000.0 1483150000000.0 -3.98 [-3.98]
6606910000000000.0 1.09086e+18 291636000000000.0 2287170000000000.0 333865000000000.0 72492200000000.0 497245000000000.0 14924700000000.0 2659620000000.0 3460160000000000.0 1981190000000.0 32883900000.0 696212000000.0 102991000000000.0 66411500000000.0 137465000000000.0 46594100000000.0 684744000000.0 1532630000000.0 -3.96 [-3.96]
6606910000000000.0 1.03136e+18 288342000000000.0 2167700000000000.0 301772000000000.0 73786300000000.0 472741000000000.0 12869600000000.0 2915700000000.0 3293720000000000.0 1616030000000.0 25612900000.0 692087000000.0 104443000000000.0 62677400000000.0 127128000000000.0 40339100000000.0 757491000000.0 1581570000000.0 -3.94 [-3.94]
6606910000000000.0 9.75385e+17 285083000000000.0 2054170000000000.0 272519000000000.0 75032600000000.0 449055000000000.0 11092500000000.0 3190640000000.0 3131070000000000.0 1316790000000.0 19935900000.0 686985000000.0 105586000000000.0 58994600000000.0 117354000000000.0 34847900000000.0 836594000000.0 1629820000000.0 -3.92 [-3.92]
6606920000000000.0 9.22745e+17 281869000000000.0 1946340000000000.0 245879000000000.0 76229100000000.0 426197000000000.0 9556970000000.0 3485100000000.0 2972570000000000.0 1071900000000.0 15508100000.0 681003000000.0 106421000000000.0 55386800000000.0 108145000000000.0 30041200000000.0 922451000000.0 1677210000000.0 -3.9 [-3.9]
6606920000000000.0 8.73248e+17 278708000000000.0 1843980000000000.0 221644000000000.0 77372700000000.0 404177000000000.0 8231150000000.0 3799660000000.0 2818560000000000.0 871759000000.0 12058100000.0 674235000000.0 106950000000000.0 51875000000000.0 99499800000000.0 25847100000000.0 1015440000000.0 1723570000000.0 -3.88 [-3.88]
6606920000000000.0 8.26711e+17 275608000000000.0 1746860000000000.0 199617000000000.0 78461200000000.0 382995000000000.0 7087130000000.0 4134800000000.0 2669310000000000.0 708386000000.0 9372280000.0 666774000000.0 107180000000000.0 48475800000000.0 91409000000000.0 22202500000000.0 1115970000000.0 1768730000000.0 -3.86 [-3.86]
6606930000000000.0 7.82956e+17 272572000000000.0 1654740000000000.0 179618000000000.0 79492500000000.0 362646000000000.0 6100460000000.0 4491020000000.0 2525030000000000.0 575169000000.0 7282720000.0 658698000000.0 107123000000000.0 45203200000000.0 83860300000000.0 19044400000000.0 1224450000000.0 1812520000000.0 -3.84 [-3.84]
6606930000000000.0 7.41826e+17 269604000000000.0 1567410000000000.0 161481000000000.0 80464200000000.0 343126000000000.0 5250020000000.0 4868590000000.0 2385910000000000.0 466674000000.0 5658270000.0 650089000000.0 106792000000000.0 42069400000000.0 76839400000000.0 16314900000000.0 1341260000000.0 1854760000000.0 -3.82 [-3.82]
6606930000000000.0 7.03161e+17 266707000000000.0 1484640000000000.0 145050000000000.0 81374400000000.0 324425000000000.0 4517320000000.0 5267810000000.0 2252080000000000.0 378399000000.0 4396020000.0 641023000000.0 106206000000000.0 39082900000000.0 70327900000000.0 13961200000000.0 1466810000000.0 1895330000000.0 -3.8 [-3.8]
6606870000000000.0 6.66807e+17 263878000000000.0 1406190000000000.0 130181000000000.0 82221100000000.0 306526000000000.0 3886230000000.0 5688810000000.0 2123610000000000.0 306638000000.0 3415520000.0 631561000000.0 105383000000000.0 36248900000000.0 64303500000000.0 11935700000000.0 1601510000000.0 1934040000000.0 -3.78 [-3.78]
6606950000000000.0 6.32639e+17 261123000000000.0 1331900000000000.0 116743000000000.0 83004800000000.0 289420000000000.0 3342920000000.0 6131840000000.0 2000590000000000.0 248356000000.0 2654130000.0 621780000000.0 104345000000000.0 33571400000000.0 58744600000000.0 10196100000000.0 1745800000000.0 1970840000000.0 -3.76 [-3.76]
6606940000000000.0 6.00499e+17 258430000000000.0 1261500000000000.0 104608000000000.0 83720800000000.0 273079000000000.0 2875180000000.0 6596740000000.0 1882960000000000.0 201048000000.0 2062890000.0 611713000000.0 103111000000000.0 31049700000000.0 53624100000000.0 8704070000000.0 1900030000000.0 2005540000000.0 -3.74 [-3.74]
6606940000000000.0 5.70267e+17 255798000000000.0 1194820000000000.0 93662100000000.0 84369100000000.0 257484000000000.0 2472590000000.0 7083520000000.0 1770690000000000.0 162674000000.0 1603800000.0 601416000000.0 101703000000000.0 28683000000000.0 48917000000000.0 7426390000000.0 2064630000000.0 2038070000000.0 -3.72 [-3.72]
6606940000000000.0 5.41819e+17 253224000000000.0 1131650000000000.0 83800000000000.0 84948400000000.0 242615000000000.0 2126140000000.0 7592010000000.0 1663720000000000.0 131566000000.0 1247290000.0 590931000000.0 100141000000000.0 26468000000000.0 44597100000000.0 6333650000000.0 2240010000000.0 2068330000000.0 -3.7 [-3.7]
6606940000000000.0 5.15043e+17 250702000000000.0 1071810000000000.0 74923800000000.0 85457900000000.0 228447000000000.0 1828010000000.0 8121990000000.0 1561960000000000.0 106360000000.0 970394000.0 580295000000.0 98447500000000.0 24400600000000.0 40638600000000.0 5400090000000.0 2426570000000.0 2096270000000.0 -3.68 [-3.68]
6606930000000000.0 4.89824e+17 248225000000000.0 1015120000000000.0 66941100000000.0 85895900000000.0 214954000000000.0 1571460000000.0 8673150000000.0 1465280000000000.0 85946400000.0 755270000.0 569537000000.0 96640100000000.0 22475100000000.0 37015200000000.0 4603090000000.0 2624700000000.0 2121810000000.0 -3.66 [-3.66]
6606940000000000.0 4.66077e+17 245788000000000.0 961439000000000.0 59772600000000.0 86262400000000.0 202119000000000.0 1350820000000.0 9244940000000.0 1373600000000000.0 69427100000.0 588159000.0 558696000000.0 94739100000000.0 20686300000000.0 33704200000000.0 3923460000000.0 2834720000000.0 2144910000000.0 -3.64 [-3.64]
6606930000000000.0 4.43674e+17 243382000000000.0 910532000000000.0 53333600000000.0 86555200000000.0 189903000000000.0 1160840000000.0 9837280000000.0 1286640000000000.0 56051500000.0 458167000.0 547778000000.0 92758100000000.0 19025600000000.0 30677800000000.0 3343660000000.0 3057160000000.0 2165560000000.0 -3.62 [-3.62]
6606940000000000.0 4.2255e+17 241009000000000.0 862298000000000.0 47558500000000.0 86774300000000.0 178295000000000.0 997405000000.0 10449200000000.0 1204360000000000.0 45235200000.0 0.0 536830000000.0 90715300000000.0 17487900000000.0 27916500000000.0 2849670000000.0 3292230000000.0 2183730000000.0 -3.6 [-3.6]
6606930000000000.0 4.026e+17 238647000000000.0 816554000000000.0 42381900000000.0 86918400000000.0 167258000000000.0 856722000000.0 11080600000000.0 1126480000000000.0 36484600000.0 0.0 525839000000.0 88623200000000.0 16064100000000.0 25396400000000.0 2428600000000.0 3540400000000.0 2199420000000.0 -3.58 [-3.58]
6606930000000000.0 3.83758e+17 236300000000000.0 773181000000000.0 37745800000000.0 86987300000000.0 156776000000000.0 735668000000.0 11730600000000.0 1052880000000000.0 29411200000.0 0.0 514840000000.0 86495500000000.0 14748300000000.0 23098800000000.0 2069920000000.0 3801920000000.0 2212640000000.0 -3.56 [-3.56]
6606930000000000.0 3.65948e+17 233959000000000.0 732046000000000.0 33596500000000.0 86980000000000.0 146825000000000.0 631504000000.0 12398300000000.0 983379000000000.0 23695300000.0 0.0 503844000000.0 84343500000000.0 13533200000000.0 21004800000000.0 1764400000000.0 4077050000000.0 2223410000000.0 -3.54 [-3.54]
6606930000000000.0 3.49103e+17 231619000000000.0 693025000000000.0 29885400000000.0 86896400000000.0 137384000000000.0 541881000000.0 13083100000000.0 917798000000000.0 19078500000.0 0.0 492868000000.0 82177400000000.0 12412200000000.0 19097000000000.0 1504190000000.0 4366040000000.0 2231750000000.0 -3.52 [-3.52]
6606940000000000.0 3.33158e+17 229276000000000.0 656002000000000.0 26568500000000.0 86735900000000.0 128432000000000.0 464774000000.0 13784000000000.0 855959000000000.0 15350900000.0 0.0 481923000000.0 80006300000000.0 11378600000000.0 17359300000000.0 1282560000000.0 4669060000000.0 2237690000000.0 -3.5 [-3.5]
6606940000000000.0 3.18054e+17 226922000000000.0 620868000000000.0 23605700000000.0 86498200000000.0 119947000000000.0 398444000000.0 14500100000000.0 797685000000000.0 12342700000.0 0.0 471018000000.0 77837800000000.0 10426200000000.0 15776700000000.0 1093770000000.0 4986200000000.0 2241290000000.0 -3.48 [-3.48]
6606930000000000.0 3.03735e+17 224553000000000.0 587518000000000.0 20960700000000.0 86183100000000.0 111911000000000.0 341394000000.0 15230400000000.0 742805000000000.0 9916130000.0 0.0 460164000000.0 75678800000000.0 9549030000000.0 14335700000000.0 932941000000.0 5317490000000.0 2242570000000.0 -3.46 [-3.46]
6606930000000000.0 2.90152e+17 222165000000000.0 555859000000000.0 18601000000000.0 85790800000000.0 104305000000000.0 292339000000.0 15973800000000.0 691155000000000.0 7959940000.0 0.0 449372000000.0 73535300000000.0 8741560000000.0 13023700000000.0 795913000000.0 5662890000000.0 2241610000000.0 -3.44 [-3.44]
6606930000000000.0 2.77257e+17 219752000000000.0 525797000000000.0 16496800000000.0 85321200000000.0 97110500000000.0 250168000000.0 16729300000000.0 642570000000000.0 6383820000.0 0.0 438647000000.0 71412000000000.0 7998450000000.0 11829200000000.0 679138000000.0 6022200000000.0 2238450000000.0 -3.42 [-3.42]
6606940000000000.0 2.65005e+17 217311000000000.0 497250000000000.0 14621700000000.0 84774700000000.0 90311300000000.0 213927000000.0 17495600000000.0 596896000000000.0 5114790000.0 0.0 427997000000.0 69313200000000.0 7314840000000.0 10741700000000.0 579605000000.0 6395160000000.0 2233160000000.0 -3.4 [-3.4]
6606930000000000.0 2.53341e+17 214825000000000.0 470109000000000.0 12950600000000.0 84149200000000.0 83883600000000.0 182769000000.0 18272300000000.0 553928000000000.0 4092840000.0 0.0 417407000000.0 67239600000000.0 6685250000000.0 9750780000000.0 494676000000.0 6781490000000.0 2225750000000.0 -3.38 [-3.38]
6606940000000000.0 2.42255e+17 212314000000000.0 444352000000000.0 11463900000000.0 83450000000000.0 77825700000000.0 156038000000.0 19056800000000.0 513631000000000.0 3272080000.0 0.0 406927000000.0 65199500000000.0 6107240000000.0 8849620000000.0 422327000000.0 7180240000000.0 2216360000000.0 -3.36 [-3.36]
6606930000000000.0 2.31697e+17 209761000000000.0 419880000000000.0 10141100000000.0 82675300000000.0 72114300000000.0 133095000000.0 19848500000000.0 475807000000000.0 2612690000.0 0.0 396537000000.0 63192000000000.0 5575830000000.0 8029140000000.0 360611000000.0 7590830000000.0 2205010000000.0 -3.34 [-3.34]
6606940000000000.0 2.21636e+17 207167000000000.0 396632000000000.0 8964980000000.0 81826900000000.0 66737000000000.0 113417000000.0 20646000000000.0 440337000000000.0 2083570000.0 0.0 386249000000.0 61219800000000.0 5087600000000.0 7282370000000.0 307969000000.0 8012250000000.0 2191770000000.0 -3.32 [-3.32]
6606930000000000.0 2.12052e+17 204536000000000.0 374562000000000.0 7920270000000.0 80907900000000.0 61683700000000.0 96563000000.0 21447400000000.0 407128000000000.0 1659700000.0 0.0 376082000000.0 59286400000000.0 4639650000000.0 6603230000000.0 263086000000.0 8443130000000.0 2176740000000.0 -3.3 [-3.3]
6606930000000000.0 2.02894e+17 201844000000000.0 353573000000000.0 6991810000000.0 79915100000000.0 56930200000000.0 82112600000.0 22252600000000.0 375980000000000.0 1319860000.0 0.0 366001000000.0 57387800000000.0 4227620000000.0 5984400000000.0 224739000000.0 8882490000000.0 2159920000000.0 -3.28 [-3.28]
6606930000000000.0 1.94146e+17 199101000000000.0 333630000000000.0 6167650000000.0 78852900000000.0 52469200000000.0 69744400000.0 23059800000000.0 346824000000000.0 1048010000.0 0.0 356032000000.0 55527500000000.0 3849360000000.0 5421180000000.0 192006000000.0 9328450000000.0 2141410000000.0 -3.26 [-3.26]
6606930000000000.0 1.85786e+17 196304000000000.0 314684000000000.0 5436530000000.0 77723100000000.0 48288200000000.0 59168100000.0 23867400000000.0 319555000000000.0 830824000.0 0.0 346177000000.0 53706000000000.0 3502230000000.0 4908650000000.0 164058000000.0 9779080000000.0 2121260000000.0 -3.24 [-3.24]
6606930000000000.0 1.7779e+17 193452000000000.0 296687000000000.0 4788380000000.0 76528300000000.0 44375200000000.0 50132700000.0 24674000000000.0 294071000000000.0 657548000.0 0.0 336441000000.0 51923800000000.0 3183810000000.0 4442330000000.0 140194000000.0 10232200000000.0 2099550000000.0 -3.22 [-3.22]
6606930000000000.0 1.70134e+17 190534000000000.0 279587000000000.0 4214090000000.0 75269300000000.0 40715900000000.0 42418600000.0 25479000000000.0 270259000000000.0 519430000.0 0.0 326815000000.0 50179700000000.0 2891610000000.0 4017900000000.0 119802000000.0 10685500000000.0 2076310000000.0 -3.2 [-3.2]
6606930000000000.0 1.62809e+17 187571000000000.0 263356000000000.0 3705720000000.0 73952800000000.0 37303500000000.0 35845700000.0 26279700000000.0 248068000000000.0 409639000.0 0.0 317330000000.0 48476600000000.0 2624160000000.0 3632170000000.0 102397000000.0 11136100000000.0 2051670000000.0 -3.18 [-3.18]
6606930000000000.0 1.55792e+17 184551000000000.0 247948000000000.0 3255980000000.0 72580200000000.0 34124200000000.0 30249100000.0 27075400000000.0 227391000000000.0 322450000.0 0.0 307975000000.0 46813300000000.0 2379260000000.0 3281510000000.0 87528900000.0 11581200000000.0 2025670000000.0 -3.16 [-3.16]
6606930000000000.0 1.49066e+17 181475000000000.0 233323000000000.0 2858390000000.0 71154800000000.0 31166800000000.0 25489400000.0 27864800000000.0 208144000000000.0 253320000.0 0.0 298754000000.0 45189200000000.0 2155130000000.0 2962790000000.0 74826400000.0 12017700000000.0 1998380000000.0 -3.14 [-3.14]
6606930000000000.0 1.4262e+17 178347000000000.0 219452000000000.0 2507210000000.0 69681600000000.0 28421400000000.0 21448100000.0 28646300000000.0 190259000000000.0 198628000.0 0.0 289675000000.0 43605200000000.0 1950270000000.0 2673340000000.0 63977100000.0 12442300000000.0 1969870000000.0 -3.12 [-3.12]
6606930000000000.0 1.36416e+17 175164000000000.0 206248000000000.0 2196370000000.0 68157200000000.0 25870600000000.0 18012200000.0 29419400000000.0 173615000000000.0 155347000.0 0.0 280715000000.0 42055300000000.0 1762720000000.0 2409840000000.0 54688900000.0 12851700000000.0 1940120000000.0 -3.1 [-3.1]
6606930000000000.0 1.30519e+17 171956000000000.0 193849000000000.0 1924240000000.0 66611800000000.0 23527200000000.0 15122700000.0 30179700000000.0 158298000000000.0 0.0 0.0 271979000000.0 40559200000000.0 1592740000000.0 2172480000000.0 46801700000.0 13242000000000.0 1909580000000.0 -3.08 [-3.08]
6606930000000000.0 1.2483e+17 168686000000000.0 182042000000000.0 1683460000000.0 65020700000000.0 21354600000000.0 12669300000.0 30929900000000.0 144059000000000.0 0.0 0.0 263352000000.0 39094200000000.0 1437110000000.0 1956280000000.0 40037600000.0 13610200000000.0 1877890000000.0 -3.06 [-3.06]
6606930000000000.0 1.19373e+17 165378000000000.0 170866000000000.0 1471570000000.0 63400500000000.0 19353100000000.0 10598700000.0 31667300000000.0 130905000000000.0 0.0 0.0 254886000000.0 37669200000000.0 1295440000000.0 1760410000000.0 34260300000.0 13953000000000.0 1845310000000.0 -3.04 [-3.04]
