Cloudy_runs/pg0832/z=0.017505/logZ=1/component_I_PI_nH/component_I_PI_nH_col_density_param.txt
# %ECSV 1.0
# ---
# datatype:
# - {name: H, datatype: float64}
# - {name: H+, datatype: float64}
# - {name: C+, datatype: float64}
# - {name: C+2, datatype: float64}
# - {name: C+3, datatype: float64}
# - {name: N+, datatype: float64}
# - {name: N+2, datatype: float64}
# - {name: N+4, datatype: float64}
# - {name: O, datatype: float64}
# - {name: O+2, datatype: float64}
# - {name: O+5, datatype: float64}
# - {name: O+6, datatype: float64}
# - {name: P+, datatype: float64}
# - {name: Si+, datatype: float64}
# - {name: Si+2, datatype: float64}
# - {name: Si+3, datatype: float64}
# - {name: Si+4, datatype: float64}
# - {name: Fe+, datatype: float64}
# - {name: Al+, datatype: float64}
# - {name: log_nH, datatype: float64}
# - {name: parameters, datatype: string, subtype: 'float64[1]'}
# schema: astropy-2.0
H H+ C+ C+2 C+3 N+ N+2 N+4 O O+2 O+5 O+6 P+ Si+ Si+2 Si+3 Si+4 Fe+ Al+ log_nH parameters
[from data line 157]
6606930000000000.0 8786980000000000.0 34652700000000.0 3135590000000.0 478876000.0 6840720000000.0 26857800000.0 0.0 43868200000000.0 131780000000.0 0.0 0.0 38085700000.0 4864800000000.0 2409800000.0 3432260000.0 19609600.0 4804900000000.0 409861000000.0 -1.86 [-1.86]
6606930000000000.0 8453360000000000.0 33869900000000.0 2947850000000.0 427536000.0 6587290000000.0 24268300000.0 0.0 43730600000000.0 117585000000.0 0.0 0.0 37278500000.0 4755080000000.0 2207990000.0 3146270000.0 17901000.0 4704300000000.0 401853000000.0 -1.84 [-1.84]
6606930000000000.0 8134500000000000.0 33113000000000.0 2772430000000.0 382142000.0 6343870000000.0 21940600000.0 0.0 43589800000000.0 104977000000.0 0.0 0.0 36505700000.0 4650050000000.0 2024920000.0 2886630000.0 16358200.0 4607900000000.0 394165000000.0 -1.82 [-1.82]
6606940000000000.0 7829680000000000.0 32380900000000.0 2608480000000.0 341961000.0 6110040000000.0 19847100000.0 0.0 43446100000000.0 93773300000.0 0.0 0.0 35765700000.0 4549480000000.0 1858710000.0 2650710000.0 14963600.0 4515540000000.0 386785000000.0 -1.8 [-1.8]
6606930000000000.0 7538180000000000.0 31672300000000.0 2455170000000.0 306353000.0 5885350000000.0 17963100000.0 0.0 43299700000000.0 83812700000.0 0.0 0.0 35056900000.0 4453120000000.0 1707670000.0 2436140000.0 13701600.0 4427010000000.0 379698000000.0 -1.78 [-1.78]
6606940000000000.0 7259700000000000.0 30987100000000.0 2311930000000.0 274783000.0 5669630000000.0 16267700000.0 0.0 43151600000000.0 74957000000.0 0.0 0.0 34378600000.0 4360900000000.0 1570350000.0 2240950000.0 12559000.0 4342270000000.0 372902000000.0 -1.76 [-1.76]
6606930000000000.0 6993000000000000.0 30322900000000.0 2177750000000.0 246726000.0 5462100000000.0 14739100000.0 0.0 43000800000000.0 67072200000.0 0.0 0.0 33727900000.0 4272410000000.0 1445280000.0 2063030000.0 11522300.0 4260960000000.0 366368000000.0 -1.74 [-1.74]
6606940000000000.0 6737770000000000.0 29679400000000.0 2052140000000.0 221778000.0 5262640000000.0 13361000000.0 0.0 42848300000000.0 60051000000.0 0.0 0.0 33104300000.0 4187560000000.0 1331310000.0 1900800000.0 10581200.0 4183000000000.0 360094000000.0 -1.72 [-1.72]
6606940000000000.0 6493490000000000.0 29055800000000.0 1934510000000.0 199570000.0 5070910000000.0 12118000000.0 0.0 42694300000000.0 53795900000.0 0.0 0.0 32506600000.0 4106170000000.0 1227360000.0 1752740000.0 9726090.0 4108260000000.0 354068000000.0 -1.7 [-1.7]
6606940000000000.0 6259600000000000.0 28451100000000.0 1824310000000.0 179780000.0 4886570000000.0 10996200000.0 0.0 42539200000000.0 48220200000.0 0.0 0.0 31933400000.0 4028070000000.0 1132480000.0 1617520000.0 8948200.0 4036600000000.0 348279000000.0 -1.68 [-1.68]
6606930000000000.0 6035250000000000.0 27863600000000.0 1720850000000.0 162108000.0 4709020000000.0 9982200000.0 0.0 42382700000000.0 43242100000.0 0.0 0.0 31382700000.0 3952970000000.0 1045720000.0 1493800000.0 8239390.0 3967740000000.0 342709000000.0 -1.66 [-1.66]
6606940000000000.0 5820710000000000.0 27294400000000.0 1624000000000.0 146340000.0 4538580000000.0 9066930000.0 0.0 42225800000000.0 38805100000.0 0.0 0.0 30855400000.0 3880990000000.0 966445000.0 1380700000.0 7593860.0 3901820000000.0 337367000000.0 -1.64 [-1.64]
6606940000000000.0 5615320000000000.0 26742300000000.0 1533230000000.0 132248000.0 4374800000000.0 8239860000.0 0.0 42068600000000.0 34845400000.0 0.0 0.0 30349900000.0 3811910000000.0 893921000.0 1277180000.0 7005120.0 3838620000000.0 332237000000.0 -1.62 [-1.62]
6606930000000000.0 5418400000000000.0 26205800000000.0 1448010000000.0 119631000.0 4217230000000.0 7491610000.0 0.0 41910800000000.0 31307400000.0 0.0 0.0 29864600000.0 3745490000000.0 827472000.0 1182280000.0 6467360.0 3777950000000.0 327305000000.0 -1.6 [-1.6]
6606940000000000.0 5229480000000000.0 25684100000000.0 1367940000000.0 108320000.0 4065530000000.0 6814160000.0 0.0 41752900000000.0 28143200000.0 0.0 0.0 29398300000.0 3681590000000.0 766524000.0 1095210000.0 5975630.0 3719680000000.0 322562000000.0 -1.58 [-1.58]
6606930000000000.0 5048220000000000.0 25176500000000.0 1292680000000.0 98169600.0 3919520000000.0 6200590000.0 0.0 41595000000000.0 25312300000.0 0.0 0.0 28950300000.0 3620100000000.0 710582000.0 1015250000.0 5525620.0 3663710000000.0 317998000000.0 -1.56 [-1.56]
6606940000000000.0 4874280000000000.0 24682500000000.0 1221920000000.0 89052500.0 3778970000000.0 5644600000.0 0.0 41437300000000.0 22778300000.0 0.0 0.0 28519800000.0 3560910000000.0 659193000.0 941781000.0 5113400.0 3609950000000.0 313608000000.0 -1.54 [-1.54]
6606930000000000.0 4707550000000000.0 24202200000000.0 1155470000000.0 80861000.0 3643870000000.0 5140950000.0 0.0 41280100000000.0 20510900000.0 0.0 0.0 28106600000.0 3503990000000.0 611979000.0 874256000.0 4735710.0 3558360000000.0 309391000000.0 -1.52 [-1.52]
6606940000000000.0 4547710000000000.0 23735100000000.0 1093030000000.0 73493300.0 3514060000000.0 4684480000.0 0.0 41123500000000.0 18481400000.0 0.0 0.0 27710000000.0 3449240000000.0 568566000.0 812143000.0 4389330.0 3508870000000.0 305338000000.0 -1.5 [-1.5]
6606940000000000.0 4395190000000000.0 23283200000000.0 1034630000000.0 66876600.0 3390120000000.0 4271640000.0 0.0 40967100000000.0 16670700000.0 0.0 0.0 27331400000.0 3396840000000.0 528704000.0 755080000.0 4071990.0 3461600000000.0 301462000000.0 -1.48 [-1.48]
6606930000000000.0 4248630000000000.0 22842600000000.0 979612000000.0 60906400.0 3270820000000.0 3896710000.0 0.0 40811200000000.0 15045900000.0 0.0 0.0 26967100000.0 3346300000000.0 491956000.0 702462000.0 3780190.0 3416150000000.0 297730000000.0 -1.46 [-1.46]
6606940000000000.0 4107810000000000.0 22412800000000.0 927768000000.0 55514500.0 3155940000000.0 3556060000.0 0.0 40656400000000.0 13586600000.0 0.0 0.0 26616600000.0 3297550000000.0 458053000.0 653911000.0 3511680.0 3372440000000.0 294137000000.0 -1.44 [-1.44]
6606940000000000.0 3972450000000000.0 21993400000000.0 878893000000.0 50640300.0 3045310000000.0 3246430000.0 0.0 40502800000000.0 12275400000.0 0.0 0.0 26279300000.0 3250510000000.0 426751000.0 609079000.0 3264390.0 3330390000000.0 290677000000.0 -1.42 [-1.42]
6606940000000000.0 3842340000000000.0 21583900000000.0 832802000000.0 46230000.0 2938790000000.0 2964880000.0 0.0 40350500000000.0 11096600000.0 0.0 0.0 25954700000.0 3205100000000.0 397831000.0 567654000.0 3036470.0 3289950000000.0 287344000000.0 -1.4 [-1.4]
6606940000000000.0 3717200000000000.0 21183800000000.0 789312000000.0 42235500.0 2836180000000.0 2708730000.0 0.0 40199500000000.0 10036200000.0 0.0 0.0 25642100000.0 3161240000000.0 371088000.0 529347000.0 2826230.0 3251020000000.0 284133000000.0 -1.38 [-1.38]
6606940000000000.0 3597110000000000.0 20793700000000.0 748353000000.0 38618400.0 2737610000000.0 2475860000.0 0.0 40050300000000.0 9083250000.0 0.0 0.0 25341800000.0 3118960000000.0 346366000.0 493930000.0 2632310.0 3213650000000.0 281047000000.0 -1.36 [-1.36]
6606930000000000.0 3480260000000000.0 20407800000000.0 709251000000.0 35318400.0 2641520000000.0 2262660000.0 0.0 39901500000000.0 8218930000.0 0.0 0.0 25048800000.0 3077600000000.0 323371000.0 460995000.0 2452440.0 3177250000000.0 278038000000.0 -1.34 [-1.34]
6606930000000000.0 3368840000000000.0 20033800000000.0 672648000000.0 32335600.0 2549860000000.0 2069370000.0 0.0 39755200000000.0 7444930000.0 0.0 0.0 24769400000.0 3037990000000.0 302144000.0 430586000.0 2286710.0 3142530000000.0 275165000000.0 -1.32 [-1.32]
6606930000000000.0 3262250000000000.0 19670200000000.0 638269000000.0 29632500.0 2462120000000.0 1893760000.0 0.0 39611300000000.0 6749790000.0 0.0 0.0 24502000000.0 2999910000000.0 282507000.0 402453000.0 2133700.0 3109300000000.0 272412000000.0 -1.3 [-1.3]
6606940000000000.0 3158950000000000.0 19311900000000.0 605563000000.0 27165600.0 2377050000000.0 1733150000.0 0.0 39468500000000.0 6120250000.0 0.0 0.0 24242400000.0 2962810000000.0 264239000.0 376286000.0 1991700.0 3077090000000.0 269741000000.0 -1.28 [-1.28]
6606940000000000.0 3059470000000000.0 18960900000000.0 574631000000.0 24919600.0 2295080000000.0 1586680000.0 0.0 39327400000000.0 5552100000.0 0.0 0.0 23992000000.0 2926860000000.0 247277000.0 351991000.0 1860140.0 3046040000000.0 267164000000.0 -1.26 [-1.26]
6606930000000000.0 2963620000000000.0 18616900000000.0 545368000000.0 22873100.0 2216090000000.0 1453050000.0 0.0 39188200000000.0 5039090000.0 0.0 0.0 23750400000.0 2892040000000.0 231517000.0 329420000.0 1738170.0 3016110000000.0 264677000000.0 -1.24 [-1.24]
6606930000000000.0 2871270000000000.0 18279700000000.0 517679000000.0 21007000.0 2140000000000.0 1331090000.0 0.0 39050900000000.0 4575690000.0 0.0 0.0 23517400000.0 2858290000000.0 216865000.0 308440000.0 1625000.0 2987260000000.0 262279000000.0 -1.22 [-1.22]
6606930000000000.0 2782260000000000.0 17949000000000.0 491465000000.0 19304100.0 2066670000000.0 1219740000.0 0.0 38915500000000.0 4156850000.0 0.0 0.0 23292500000.0 2825550000000.0 203234000.0 288924000.0 1519940.0 2959450000000.0 259964000000.0 -1.2 [-1.2]
6606930000000000.0 2696460000000000.0 17624600000000.0 466645000000.0 17748900.0 1996010000000.0 1118050000.0 0.0 38782100000000.0 3778130000.0 0.0 0.0 23075400000.0 2793790000000.0 190547000.0 270761000.0 1422350.0 2932620000000.0 257730000000.0 -1.18 [-1.18]
6606940000000000.0 2613030000000000.0 17303400000000.0 442946000000.0 16322400.0 1927330000000.0 1024790000.0 0.0 38649800000000.0 3433770000.0 0.0 0.0 22863900000.0 2762680000000.0 178695000.0 253802000.0 1331400.0 2906530000000.0 255555000000.0 -1.16 [-1.16]
6606930000000000.0 2533910000000000.0 16993500000000.0 420843000000.0 15027600.0 1862250000000.0 940205000.0 0.0 38546500000000.0 3112830000.0 0.0 0.0 22663400000.0 2733010000000.0 167714000.0 238086000.0 1247250.0 2881780000000.0 253489000000.0 -1.14 [-1.14]
6606930000000000.0 2457070000000000.0 16686900000000.0 399740000000.0 13838500.0 1799050000000.0 862601000.0 0.0 38490700000000.0 2799690000.0 0.0 0.0 22468300000.0 2703960000000.0 157449000.0 223401000.0 1168760.0 2857730000000.0 251481000000.0 -1.12 [-1.12]
6606940000000000.0 2382920000000000.0 16385700000000.0 379736000000.0 12749600.0 1738140000000.0 791625000.0 0.0 38434800000000.0 2517220000.0 0.0 0.0 22279800000.0 2675720000000.0 147872000.0 209703000.0 1095660.0 2834510000000.0 249542000000.0 -1.1 [-1.1]
6606930000000000.0 2311360000000000.0 16089600000000.0 360765000000.0 11751700.0 1679410000000.0 726686000.0 0.0 38375800000000.0 2263690000.0 0.0 0.0 22097600000.0 2648250000000.0 138931000.0 196918000.0 1027560.0 2812100000000.0 247668000000.0 -1.08 [-1.08]
6606930000000000.0 2242260000000000.0 15798600000000.0 342767000000.0 10836600.0 1622780000000.0 667248000.0 0.0 38312200000000.0 2036790000.0 0.0 0.0 21921500000.0 2621520000000.0 130579000.0 184979000.0 964055.0 2790450000000.0 245857000000.0 -1.06 [-1.06]
6606940000000000.0 2175480000000000.0 15512400000000.0 325690000000.0 9996780.0 1568180000000.0 612826000.0 0.0 38217600000000.0 1843650000.0 0.0 0.0 21751000000.0 2595480000000.0 122772000.0 173823000.0 904813.0 2769520000000.0 244104000000.0 -1.04 [-1.04]
6606930000000000.0 2110490000000000.0 15228500000000.0 309366000000.0 9223250.0 1515110000000.0 562818000.0 0.0 38109300000000.0 1673180000.0 0.0 0.0 21584600000.0 2569900000000.0 115456000.0 163372000.0 849403.0 2749150000000.0 242397000000.0 -1.02 [-1.02]
6606940000000000.0 2048660000000000.0 14953800000000.0 294100000000.0 8517470.0 1464750000000.0 517328000.0 0.0 38002900000000.0 1520600000.0 0.0 0.0 21426600000.0 2545380000000.0 108644000.0 153644000.0 797892.0 2729760000000.0 240772000000.0 -1.0 [-1.0]
6606930000000000.0 1988450000000000.0 14681300000000.0 279496000000.0 7866500.0 1415790000000.0 475492000.0 0.0 37897300000000.0 1381670000.0 0.0 0.0 21272300000.0 2521280000000.0 102254000.0 144521000.0 749660.0 2710870000000.0 239187000000.0 -0.98 [-0.98]
6606930000000000.0 1929910000000000.0 14411400000000.0 265549000000.0 7266380.0 1368300000000.0 437046000.0 0.0 37792500000000.0 1255400000.0 0.0 0.0 21121800000.0 2497610000000.0 96259500.0 135967000.0 704505.0 2692510000000.0 237645000000.0 -0.96 [-0.96]
6606930000000000.0 1873690000000000.0 14147400000000.0 252385000000.0 6715760.0 1322770000000.0 401898000.0 0.0 37689400000000.0 1141480000.0 0.0 0.0 20977300000.0 2474670000000.0 90655300.0 127972000.0 662358.0 2674860000000.0 236163000000.0 -0.94 [-0.94]
6606930000000000.0 1819640000000000.0 13889100000000.0 239946000000.0 6210080.0 1279100000000.0 369741000.0 0.0 37588100000000.0 1038600000.0 0.0 0.0 20838400000.0 2452420000000.0 85411700.0 120495000.0 622988.0 2657900000000.0 234737000000.0 -0.92 [-0.92]
6606930000000000.0 1767080000000000.0 13633300000000.0 228062000000.0 5743170.0 1236740000000.0 340162000.0 0.0 37487600000000.0 944986000.0 0.0 0.0 20702900000.0 2430530000000.0 80486600.0 113475000.0 586078.0 2641400000000.0 233349000000.0 -0.9 [-0.9]
6606930000000000.0 1716230000000000.0 13381200000000.0 216768000000.0 5312940.0 1195860000000.0 313019000.0 0.0 37388500000000.0 860079000.0 0.0 0.0 20571700000.0 2409150000000.0 75867000.0 106893000.0 551517.0 2625430000000.0 232005000000.0 -0.88 [-0.88]
6606930000000000.0 1667050000000000.0 13133100000000.0 206036000000.0 4916360.0 1156430000000.0 288106000.0 0.0 37290600000000.0 783068000.0 0.0 0.0 20444500000.0 2388230000000.0 71532100.0 100720000.0 519142.0 2609980000000.0 230705000000.0 -0.86 [-0.86]
6606930000000000.0 1619200000000000.0 12887100000000.0 195782000000.0 4549800.0 1118170000000.0 265178000.0 0.0 37193700000000.0 712940000.0 0.0 0.0 20320400000.0 2367640000000.0 67456600.0 94918900.0 488759.0 2594940000000.0 229438000000.0 -0.84 [-0.84]
6606930000000000.0 1573000000000000.0 12645500000000.0 186058000000.0 4212010.0 1081330000000.0 244148000.0 0.0 37098500000000.0 649370000.0 0.0 0.0 20200600000.0 2347530000000.0 63632300.0 89477700.0 460295.0 2580430000000.0 228215000000.0 -0.82 [-0.82]
6606930000000000.0 1528730000000000.0 12409700000000.0 176897000000.0 3901420.0 1046120000000.0 224906000.0 0.0 37005100000000.0 592033000.0 0.0 0.0 20085800000.0 2328070000000.0 60048500.0 84381100.0 433661.0 2566510000000.0 227041000000.0 -0.8 [-0.8]
6606930000000000.0 1485600000000000.0 12176000000000.0 168134000000.0 3613890.0 1011920000000.0 207178000.0 0.0 36912700000000.0 539721000.0 0.0 0.0 19973600000.0 2308850000000.0 56674600.0 79585400.0 408632.0 2552950000000.0 225897000000.0 -0.78 [-0.78]
6606930000000000.0 1443830000000000.0 11945600000000.0 159801000000.0 3348310.0 978913000000.0 190885000.0 0.0 36821700000000.0 492187000.0 0.0 0.0 19864800000.0 2290020000000.0 53502700.0 75079000.0 385139.0 2539820000000.0 224788000000.0 -0.76 [-0.76]
6606930000000000.0 1403170000000000.0 11717300000000.0 151838000000.0 3102400.0 946881000000.0 175875000.0 0.0 36731900000000.0 448832000.0 0.0 0.0 19758600000.0 2271430000000.0 50515500.0 70837300.0 363053.0 2527030000000.0 223709000000.0 -0.74 [-0.74]
6606930000000000.0 1364010000000000.0 11493700000000.0 144304000000.0 2875600.0 916121000000.0 162105000.0 0.0 36643700000000.0 409561000.0 0.0 0.0 19656300000.0 2253300000000.0 47709200.0 66854500.0 342336.0 2514710000000.0 222668000000.0 -0.72 [-0.72]
6606930000000000.0 1326030000000000.0 11273000000000.0 137132000000.0 0.0 886390000000.0 149437000.0 0.0 36556800000000.0 373814000.0 0.0 0.0 19556800000.0 2235490000000.0 45067600.0 63107500.0 0.0 2502760000000.0 221658000000.0 -0.7 [-0.7]
6606930000000000.0 1289280000000000.0 11055800000000.0 130317000000.0 0.0 857713000000.0 137788000.0 0.0 36471500000000.0 341320000.0 0.0 0.0 19460500000.0 2218020000000.0 42581500.0 59582900.0 0.0 2491200000000.0 220680000000.0 -0.68 [-0.68]
6606930000000000.0 1253670000000000.0 10841700000000.0 123834000000.0 0.0 830013000000.0 127069000.0 0.0 36387500000000.0 311745000.0 0.0 0.0 19367000000.0 2200840000000.0 40240200.0 56265600.0 0.0 2479990000000.0 219732000000.0 -0.66 [-0.66]
