Cloudy_runs/3c263/z=0.140756/logZ=1/component_II_PI_nH/component_II_PI_nH_col_density_param.txt
# %ECSV 1.0
# ---
# datatype:
# - {name: H, datatype: float64}
# - {name: H+, datatype: float64}
# - {name: C+, datatype: float64}
# - {name: C+2, datatype: float64}
# - {name: C+3, datatype: float64}
# - {name: N+, datatype: float64}
# - {name: N+2, datatype: float64}
# - {name: N+4, datatype: float64}
# - {name: O, datatype: float64}
# - {name: O+2, datatype: float64}
# - {name: O+5, datatype: float64}
# - {name: O+6, datatype: float64}
# - {name: P+, datatype: float64}
# - {name: Si+, datatype: float64}
# - {name: Si+2, datatype: float64}
# - {name: Si+3, datatype: float64}
# - {name: Si+4, datatype: float64}
# - {name: log_nH, datatype: float64}
# - {name: parameters, datatype: string, subtype: 'float64[1]'}
# schema: astropy-2.0
H H+ C+ C+2 C+3 N+ N+2 N+4 O O+2 O+5 O+6 P+ Si+ Si+2 Si+3 Si+4 log_nH parameters
[from data line 266]
309030000000000.0 21677400000000.0 221965000000.0 825444000.0 0.0 12026000000.0 336967.0 0.0 1596540000000.0 630800.0 0.0 0.0 806394000.0 78154600000.0 245358.0 309410.0 0.0 0.32 [0.32]
309030000000000.0 21126100000000.0 216510000000.0 780070000.0 0.0 11647200000.0 311929.0 0.0 1594720000000.0 581626.0 0.0 0.0 804803000.0 77562900000.0 232619.0 293033.0 0.0 0.34 [0.34]
309030000000000.0 20589400000000.0 211151000000.0 737028000.0 0.0 11280100000.0 288764.0 0.0 1592930000000.0 536383.0 0.0 0.0 803248000.0 76970800000.0 220541.0 277518.0 0.0 0.36 [0.36]
309030000000000.0 20066900000000.0 205888000000.0 696204000.0 0.0 10924200000.0 267333.0 0.0 1591190000000.0 494750.0 0.0 0.0 801727000.0 76378000000.0 209091.0 262819.0 0.0 0.38 [0.38]
309030000000000.0 19558000000000.0 200719000000.0 657492000.0 0.0 10579200000.0 247503.0 0.0 1589480000000.0 456429.0 0.0 0.0 800239000.0 75784400000.0 198233.0 248893.0 0.0 0.4 [0.4]
309030000000000.0 19062300000000.0 195645000000.0 620793000.0 0.0 10244800000.0 229156.0 0.0 1587810000000.0 421151.0 0.0 0.0 798783000.0 75189700000.0 187939.0 235698.0 0.0 0.42 [0.42]
309030000000000.0 18579600000000.0 190661000000.0 585996000.0 0.0 9920560000.0 212177.0 0.0 1586170000000.0 388667.0 0.0 0.0 797358000.0 74593800000.0 178177.0 223195.0 0.0 0.44 [0.44]
309030000000000.0 18109400000000.0 185769000000.0 553014000.0 0.0 9606220000.0 196463.0 0.0 1584570000000.0 358749.0 0.0 0.0 795963000.0 73996400000.0 168919.0 211348.0 0.0 0.46 [0.46]
309030000000000.0 17651400000000.0 180967000000.0 521764000.0 0.0 9301490000.0 181921.0 0.0 1583000000000.0 331192.0 0.0 0.0 794597000.0 73397700000.0 160140.0 200122.0 0.0 0.48 [0.48]
309030000000000.0 17205200000000.0 176253000000.0 492150000.0 0.0 9006020000.0 168462.0 0.0 1581460000000.0 305799.0 0.0 0.0 793258000.0 72797200000.0 151813.0 189483.0 0.0 0.5 [0.5]
309030000000000.0 16770600000000.0 171628000000.0 464100000.0 0.0 8719570000.0 156005.0 0.0 1579960000000.0 282400.0 0.0 0.0 791947000.0 72194900000.0 143915.0 179401.0 0.0 0.52 [0.52]
309030000000000.0 16347100000000.0 167091000000.0 437538000.0 0.0 8441860000.0 144475.0 0.0 1578490000000.0 260835.0 0.0 0.0 790662000.0 71590700000.0 136425.0 169847.0 0.0 0.54 [0.54]
309030000000000.0 15934400000000.0 162638000000.0 412380000.0 0.0 8172550000.0 133801.0 0.0 1577060000000.0 240950.0 0.0 0.0 789401000.0 70984300000.0 129321.0 160792.0 0.0 0.56 [0.56]
309030000000000.0 15532100000000.0 158270000000.0 388561000.0 0.0 7911400000.0 123921.0 0.0 1575650000000.0 222612.0 0.0 0.0 788163000.0 70375700000.0 122583.0 152212.0 0.0 0.58 [0.58]
309030000000000.0 15140200000000.0 153987000000.0 366019000.0 0.0 7658220000.0 114775.0 0.0 1574270000000.0 205704.0 0.0 0.0 786949000.0 69764900000.0 116191.0 144080.0 0.0 0.6 [0.6]
309030000000000.0 14758100000000.0 149786000000.0 344687000.0 0.0 7412740000.0 106307.0 0.0 1572930000000.0 190107.0 0.0 0.0 785758000.0 69151700000.0 110129.0 136373.0 0.0 0.62 [0.62]
309030000000000.0 14385800000000.0 145667000000.0 324505000.0 0.0 7174710000.0 98468.4 0.0 1571610000000.0 175717.0 0.0 0.0 784587000.0 68536200000.0 104378.0 129070.0 0.0 0.64 [0.64]
309030000000000.0 14022800000000.0 141629000000.0 305414000.0 0.0 6943900000.0 91210.9 0.0 1570320000000.0 162438.0 0.0 0.0 783437000.0 67918100000.0 98923.9 122149.0 0.0 0.66 [0.66]
309030000000000.0 13668200000000.0 137664000000.0 287333000.0 0.0 6719820000.0 84487.9 0.0 1569060000000.0 150175.0 0.0 0.0 782299000.0 67295500000.0 93747.7 115587.0 0.0 0.68 [0.68]
309030000000000.0 13323300000000.0 133785000000.0 270267000.0 0.0 6502840000.0 78266.9 0.0 1567830000000.0 138863.0 0.0 0.0 781187000.0 66672300000.0 88840.5 109372.0 0.0 0.7 [0.7]
309030000000000.0 12987800000000.0 129991000000.0 254164000.0 0.0 6292720000.0 72509.5 0.0 1566620000000.0 128426.0 0.0 0.0 780100000.0 66048700000.0 84187.9 103485.0 0.0 0.72 [0.72]
309030000000000.0 12659800000000.0 126267000000.0 238919000.0 0.0 6088730000.0 67175.7 0.0 1565440000000.0 118782.0 0.0 0.0 779023000.0 65420400000.0 79772.8 97904.8 0.0 0.74 [0.74]
309030000000000.0 12340000000000.0 122619000000.0 224516000.0 0.0 5890930000.0 62236.8 0.0 1564290000000.0 109876.0 0.0 0.0 777961000.0 64789500000.0 75585.2 92617.0 0.0 0.76 [0.76]
309030000000000.0 12028200000000.0 119047000000.0 210914000.0 0.0 5699170000.0 57663.7 0.0 1563160000000.0 101649.0 0.0 0.0 776915000.0 64156000000.0 71613.7 87607.1 0.0 0.78 [0.78]
309030000000000.0 11724000000000.0 115549000000.0 198070000.0 0.0 5513240000.0 53428.8 0.0 1562050000000.0 94048.5 0.0 0.0 775883000.0 63519900000.0 67846.8 82860.3 0.0 0.8 [0.8]
309030000000000.0 11427400000000.0 112125000000.0 185947000.0 0.0 5332990000.0 49507.1 0.0 1560970000000.0 87026.7 0.0 0.0 774865000.0 62881300000.0 64274.2 78363.2 0.0 0.82 [0.82]
309030000000000.0 11138100000000.0 108773000000.0 174507000.0 0.0 5158250000.0 45875.4 0.0 1559920000000.0 80537.9 0.0 0.0 773860000.0 62240300000.0 60886.1 74103.0 0.0 0.84 [0.84]
309030000000000.0 10855900000000.0 105493000000.0 163715000.0 0.0 4988850000.0 42512.2 0.0 1558880000000.0 74541.1 0.0 0.0 772868000.0 61596800000.0 57673.1 70067.5 0.0 0.86 [0.86]
309030000000000.0 10580600000000.0 102285000000.0 153537000.0 0.0 4824630000.0 39397.7 0.0 1557870000000.0 68998.0 0.0 0.0 771886000.0 60951000000.0 54626.2 66245.0 0.0 0.88 [0.88]
309030000000000.0 10312000000000.0 99146700000.0 143941000.0 0.0 4665460000.0 36513.4 0.0 1556880000000.0 63873.8 0.0 0.0 770915000.0 60303000000.0 51737.1 62624.8 0.0 0.9 [0.9]
309030000000000.0 10050000000000.0 96078200000.0 134898000.0 0.0 4511170000.0 33841.9 0.0 1555910000000.0 59136.6 0.0 0.0 769954000.0 59652800000.0 48997.5 59195.9 0.0 0.92 [0.92]
309030000000000.0 9794340000000.0 93078400000.0 126377000.0 0.0 4361620000.0 31367.9 0.0 1554960000000.0 54755.4 0.0 0.0 769002000.0 59000500000.0 46400.0 55949.0 0.0 0.94 [0.94]
309030000000000.0 9544880000000.0 90146800000.0 118352000.0 0.0 4216690000.0 29076.6 0.0 1554040000000.0 50703.8 0.0 0.0 768057000.0 58346400000.0 43937.3 52874.4 0.0 0.96 [0.96]
309030000000000.0 9301480000000.0 87282100000.0 110796000.0 0.0 4076230000.0 26954.3 0.0 1553130000000.0 46956.0 0.0 0.0 767121000.0 57690400000.0 41602.6 49963.3 0.0 0.98 [0.98]
309030000000000.0 9063930000000.0 84484800000.0 103686000.0 0.0 3940120000.0 24988.8 0.0 1552240000000.0 43489.6 0.0 0.0 766190000.0 57032800000.0 39389.3 47207.4 0.0 1.0 [1.0]
