Cloudy_runs/3c263/z=0.140756/logZ=1/component_II_PI_nH/component_II_PI_nH_col_density_param.txt
# %ECSV 1.0
# ---
# datatype:
# - {name: H, datatype: float64}
# - {name: H+, datatype: float64}
# - {name: C+, datatype: float64}
# - {name: C+2, datatype: float64}
# - {name: C+3, datatype: float64}
# - {name: N+, datatype: float64}
# - {name: N+2, datatype: float64}
# - {name: N+4, datatype: float64}
# - {name: O, datatype: float64}
# - {name: O+2, datatype: float64}
# - {name: O+5, datatype: float64}
# - {name: O+6, datatype: float64}
# - {name: P+, datatype: float64}
# - {name: Si+, datatype: float64}
# - {name: Si+2, datatype: float64}
# - {name: Si+3, datatype: float64}
# - {name: Si+4, datatype: float64}
# - {name: log_nH, datatype: float64}
# - {name: parameters, datatype: string, subtype: 'float64[1]'}
# schema: astropy-2.0
H H+ C+ C+2 C+3 N+ N+2 N+4 O O+2 O+5 O+6 P+ Si+ Si+2 Si+3 Si+4 log_nH parameters
[from data line 186]
309030000000000.0 217789000000000.0 1121700000000.0 55899500000.0 3491500.0 171697000000.0 248734000.0 0.0 1922670000000.0 965416000.0 0.0 0.0 1309060000.0 162768000000.0 27882800.0 36984100.0 198312.0 -1.28 [-1.28]
309030000000000.0 210395000000000.0 1100110000000.0 52875300000.0 3170330.0 165623000000.0 226719000.0 0.0 1915520000000.0 869957000.0 0.0 0.0 1290710000.0 160228000000.0 25905300.0 34358600.0 183829.0 -1.26 [-1.26]
309030000000000.0 203296000000000.0 1079060000000.0 50028400000.0 2881210.0 159775000000.0 206736000.0 0.0 1908400000000.0 784363000.0 0.0 0.0 1273080000.0 157780000000.0 24084300.0 31940300.0 170526.0 -1.24 [-1.24]
309030000000000.0 196499000000000.0 1058600000000.0 47356400000.0 2621130.0 154168000000.0 188619000.0 0.0 1901300000000.0 707778000.0 0.0 0.0 1256180000.0 155429000000.0 22408600.0 29713900.0 158311.0 -1.22 [-1.22]
309030000000000.0 189993000000000.0 1038730000000.0 44848200000.0 2386940.0 148796000000.0 172187000.0 0.0 1894220000000.0 639230000.0 0.0 0.0 1239990000.0 153169000000.0 20865400.0 27662700.0 147087.0 -1.2 [-1.2]
309030000000000.0 183741000000000.0 1019340000000.0 42483700000.0 2175430.0 143622000000.0 157248000.0 0.0 1887200000000.0 577634000.0 0.0 0.0 1224410000.0 150989000000.0 19440600.0 25768500.0 136748.0 -1.18 [-1.18]
309030000000000.0 177730000000000.0 1000400000000.0 40253600000.0 1984210.0 138637000000.0 143657000.0 0.0 1880240000000.0 522248000.0 0.0 0.0 1209420000.0 148884000000.0 18124000.0 24018100.0 127217.0 -1.16 [-1.16]
309030000000000.0 171950000000000.0 981891000000.0 38149500000.0 1811180.0 133835000000.0 131289000.0 0.0 1873330000000.0 472425000.0 0.0 0.0 1194980000.0 146851000000.0 16906600.0 22399300.0 118425.0 -1.14 [-1.14]
309030000000000.0 166389000000000.0 963794000000.0 36163000000.0 1654440.0 129207000000.0 120027000.0 0.0 1866500000000.0 427569000.0 0.0 0.0 1181080000.0 144886000000.0 15780000.0 20901100.0 110307.0 -1.12 [-1.12]
309030000000000.0 161038000000000.0 946089000000.0 34286700000.0 1512330.0 124746000000.0 109769000.0 0.0 1859730000000.0 387163000.0 0.0 0.0 1167680000.0 142986000000.0 14736600.0 19513500.0 102805.0 -1.1 [-1.1]
309030000000000.0 155889000000000.0 928767000000.0 32514500000.0 1383400.0 120449000000.0 100421000.0 0.0 1853040000000.0 350757000.0 0.0 0.0 1154770000.0 141148000000.0 13769700.0 18227800.0 95868.1 -1.08 [-1.08]
309030000000000.0 150932000000000.0 911811000000.0 30839800000.0 1266310.0 116308000000.0 91900800.0 0.0 1846430000000.0 317934000.0 0.0 0.0 1142330000.0 139370000000.0 12873200.0 17035400.0 89449.5 -1.06 [-1.06]
309030000000000.0 146160000000000.0 895208000000.0 29256900000.0 1159900.0 112318000000.0 84131200.0 0.0 1839900000000.0 288327000.0 0.0 0.0 1130340000.0 137648000000.0 12041200.0 15929100.0 83506.2 -1.04 [-1.04]
309030000000000.0 141550000000000.0 878888000000.0 27755500000.0 1062970.0 108461000000.0 77032600.0 0.0 1833420000000.0 261559000.0 0.0 0.0 1118730000.0 135975000000.0 11267800.0 14900600.0 77992.9 -1.02 [-1.02]
309030000000000.0 137122000000000.0 862940000000.0 26339300000.0 974849.0 104754000000.0 70564000.0 0.0 1827050000000.0 237429000.0 0.0 0.0 1107570000.0 134359000000.0 10550000.0 13946200.0 72886.1 -1.0 [-1.0]
309030000000000.0 132855000000000.0 847303000000.0 24999100000.0 894566.0 101181000000.0 64658300.0 0.0 1820770000000.0 215628000.0 0.0 0.0 1096810000.0 132793000000.0 9882640.0 13058900.0 68147.5 -0.98 [-0.98]
309030000000000.0 128742000000000.0 831962000000.0 23730400000.0 821363.0 97736100000.0 59264500.0 0.0 1814570000000.0 195918000.0 0.0 0.0 1086420000.0 131273000000.0 9261730.0 12233400.0 63747.6 -0.96 [-0.96]
309030000000000.0 124778000000000.0 816911000000.0 22529100000.0 754571.0 94416100000.0 54337000.0 0.0 1808470000000.0 178095000.0 0.0 0.0 1076400000.0 129799000000.0 8683740.0 11465100.0 59659.9 -0.94 [-0.94]
309030000000000.0 120955000000000.0 802135000000.0 21391200000.0 693582.0 91215200000.0 49833400.0 0.0 1802450000000.0 161966000.0 0.0 0.0 1066720000.0 128367000000.0 8145360.0 10749600.0 55859.6 -0.92 [-0.92]
309030000000000.0 117277000000000.0 787660000000.0 20315400000.0 637907.0 88135700000.0 45720200.0 0.0 1796540000000.0 147382000.0 0.0 0.0 1057400000.0 126981000000.0 7643980.0 10083400.0 52327.0 -0.9 [-0.9]
309030000000000.0 113720000000000.0 773411000000.0 19293700000.0 586946.0 85160800000.0 41954600.0 0.0 1790710000000.0 134156000.0 0.0 0.0 1048370000.0 125630000000.0 7176060.0 9461760.0 49036.5 -0.88 [-0.88]
309030000000000.0 110290000000000.0 759410000000.0 18324900000.0 540317.0 82291900000.0 38509600.0 0.0 1786770000000.0 121369000.0 0.0 0.0 1039650000.0 124317000000.0 6739510.0 8881920.0 45972.3 -0.86 [-0.86]
309030000000000.0 106983000000000.0 745660000000.0 17406600000.0 497634.0 79527100000.0 35357700.0 0.0 1784300000000.0 109211000.0 0.0 0.0 1031230000.0 123040000000.0 6332060.0 8340850.0 43117.7 -0.84 [-0.84]
309030000000000.0 103789000000000.0 732138000000.0 16535600000.0 458524.0 76860500000.0 32472000.0 0.0 1781690000000.0 98291700.0 0.0 0.0 1023090000.0 121798000000.0 5951450.0 7835550.0 40455.9 -0.82 [-0.82]
309030000000000.0 100698000000000.0 718811000000.0 15707500000.0 422636.0 74283500000.0 29826900.0 0.0 1778940000000.0 88471200.0 0.0 0.0 1015200000.0 120586000000.0 5595490.0 7363120.0 37971.1 -0.8 [-0.8]
309030000000000.0 97726700000000.0 705762000000.0 14925200000.0 389779.0 71808200000.0 27408800.0 0.0 1776090000000.0 79669400.0 0.0 0.0 1007610000.0 119411000000.0 5263140.0 6922130.0 35655.0 -0.78 [-0.78]
309030000000000.0 94834500000000.0 692839000000.0 14178100000.0 359536.0 69406900000.0 25186600.0 0.0 1771400000000.0 72311700.0 0.0 0.0 1000210000.0 118256000000.0 4951530.0 6508810.0 33487.6 -0.76 [-0.76]
309030000000000.0 92051600000000.0 680170000000.0 13471700000.0 331811.0 67098400000.0 23153500.0 0.0 1766610000000.0 65724300.0 0.0 0.0 993078000.0 117136000000.0 4660270.0 6122600.0 31465.1 -0.74 [-0.74]
309030000000000.0 89361900000000.0 667700000000.0 12800800000.0 306335.0 64871100000.0 21289500.0 0.0 1761860000000.0 59756300.0 0.0 0.0 986177000.0 116042000000.0 4387540.0 5761080.0 29574.5 -0.72 [-0.72]
309030000000000.0 86762600000000.0 655427000000.0 12163900000.0 282916.0 62722800000.0 19580100.0 0.0 1757180000000.0 54348900.0 0.0 0.0 979498000.0 114976000000.0 4132060.0 5422540.0 27806.6 -0.7 [-0.7]
309030000000000.0 84248800000000.0 643339000000.0 11558800000.0 261373.0 60649400000.0 18011900.0 0.0 1752550000000.0 49446000.0 0.0 0.0 973030000.0 113934000000.0 3892610.0 5105360.0 26152.3 -0.68 [-0.68]
309030000000000.0 81818300000000.0 631436000000.0 10984000000.0 241548.0 58648600000.0 16573000.0 0.0 1747990000000.0 44999500.0 0.0 0.0 966768000.0 112916000000.0 3668100.0 4808080.0 24603.9 -0.66 [-0.66]
309030000000000.0 79476700000000.0 619759000000.0 10439800000.0 223325.0 56724600000.0 15254400.0 0.0 1743500000000.0 40974200.0 0.0 0.0 960731000.0 111925000000.0 3457740.0 4529650.0 23155.5 -0.64 [-0.64]
309030000000000.0 77194000000000.0 608172000000.0 9919190000.0 206488.0 54855600000.0 14040000.0 0.0 1739030000000.0 37308400.0 0.0 0.0 954828000.0 110948000000.0 3259910.0 4267920.0 21795.7 -0.62 [-0.62]
309030000000000.0 74993900000000.0 596800000000.0 9426110000.0 190997.0 53057700000.0 12926600.0 0.0 1734650000000.0 33987000.0 0.0 0.0 949135000.0 109996000000.0 3074410.0 4022580.0 20522.7 -0.6 [-0.6]
309030000000000.0 72872500000000.0 585636000000.0 8958950000.0 176735.0 51327400000.0 11905300.0 0.0 1730340000000.0 30976000.0 0.0 0.0 943643000.0 109068000000.0 2900360.0 3792510.0 19330.1 -0.58 [-0.58]
309030000000000.0 70804200000000.0 574560000000.0 8512020000.0 163545.0 49646900000.0 10964300.0 0.0 1726060000000.0 28231900.0 0.0 0.0 938270000.0 108151000000.0 2736520.0 3576020.0 18209.5 -0.56 [-0.56]
309030000000000.0 68816700000000.0 563723000000.0 8089930000.0 151410.0 48034600000.0 10102000.0 0.0 1721870000000.0 25747200.0 0.0 0.0 933110000.0 107261000000.0 2582850.0 3373060.0 17160.0 -0.54 [-0.54]
309030000000000.0 66877800000000.0 552965000000.0 7685930000.0 140176.0 46467800000.0 9307040.0 0.0 1717710000000.0 23480700.0 0.0 0.0 928057000.0 106381000000.0 2438090.0 3181960.0 16173.0 -0.52 [-0.52]
309030000000000.0 65007200000000.0 542404000000.0 7303130000.0 129820.0 44959900000.0 8577260.0 0.0 1713640000000.0 21423800.0 0.0 0.0 923180000.0 105521000000.0 2302080.0 3002500.0 0.0 -0.5 [-0.5]
309030000000000.0 63195300000000.0 531997000000.0 6939120000.0 0.0 43503700000.0 7906100.0 0.0 1709620000000.0 19552800.0 0.0 0.0 918449000.0 104677000000.0 2174120.0 2833740.0 0.0 -0.48 [-0.48]
309030000000000.0 61440100000000.0 521741000000.0 6593000000.0 0.0 42097300000.0 7288770.0 0.0 1705670000000.0 17850900.0 0.0 0.0 913859000.0 103849000000.0 2053700.0 2675000.0 0.0 -0.46 [-0.46]
309030000000000.0 59739600000000.0 511633000000.0 6263830000.0 0.0 40738900000.0 6720790.0 0.0 1701780000000.0 16302000.0 0.0 0.0 909404000.0 103035000000.0 1940340.0 2525640.0 0.0 -0.44 [-0.44]
309030000000000.0 58091700000000.0 501673000000.0 5950790000.0 0.0 39426700000.0 6198110.0 0.0 1697960000000.0 14892000.0 0.0 0.0 905081000.0 102235000000.0 1833590.0 2385060.0 0.0 -0.42 [-0.42]
309030000000000.0 56494600000000.0 491856000000.0 5653060000.0 0.0 38159000000.0 5717010.0 0.0 1694200000000.0 13608000.0 0.0 0.0 900883000.0 101449000000.0 1733030.0 2252700.0 0.0 -0.4 [-0.4]
309030000000000.0 54946300000000.0 482182000000.0 5369890000.0 0.0 36934200000.0 5274090.0 0.0 1690500000000.0 12438300.0 0.0 0.0 896808000.0 100676000000.0 1638270.0 2128060.0 0.0 -0.38 [-0.38]
309030000000000.0 53445200000000.0 472648000000.0 5100530000.0 0.0 35750600000.0 4866230.0 0.0 1686860000000.0 11372300.0 0.0 0.0 892850000.0 99914400000.0 1548970.0 2010640.0 0.0 -0.36 [-0.36]
309030000000000.0 51989700000000.0 463254000000.0 4844370000.0 0.0 34606900000.0 4490600.0 0.0 1683290000000.0 10400900.0 0.0 0.0 889005000.0 99165000000.0 1464770.0 1900010.0 0.0 -0.34 [-0.34]
309030000000000.0 50578100000000.0 453995000000.0 4600690000.0 0.0 33501400000.0 4144570.0 0.0 1679770000000.0 9515100.0 0.0 0.0 885270000.0 98426700000.0 1385380.0 1795730.0 0.0 -0.32 [-0.32]
309030000000000.0 49208900000000.0 444872000000.0 4368920000.0 0.0 32432900000.0 3825750.0 0.0 1676320000000.0 8707210.0 0.0 0.0 881641000.0 97699000000.0 1310480.0 1697430.0 0.0 -0.3 [-0.3]
309030000000000.0 47880500000000.0 435882000000.0 4148460000.0 0.0 31399900000.0 3531950.0 0.0 1672930000000.0 7970140.0 0.0 0.0 878113000.0 96981400000.0 1239820.0 1604730.0 0.0 -0.28 [-0.28]
309030000000000.0 46592500000000.0 426987000000.0 3938490000.0 0.0 30399700000.0 3260960.0 0.0 1669600000000.0 7298080.0 0.0 0.0 874687000.0 96273500000.0 1173140.0 1517310.0 0.0 -0.26 [-0.26]
309030000000000.0 45341900000000.0 418259000000.0 3739040000.0 0.0 29434000000.0 3011330.0 0.0 1666330000000.0 6684030.0 0.0 0.0 871353000.0 95574700000.0 1110190.0 1434820.0 0.0 -0.24 [-0.24]
309030000000000.0 44128200000000.0 409660000000.0 3549330000.0 0.0 28500300000.0 2781160.0 0.0 1663120000000.0 6123280.0 0.0 0.0 868113000.0 94884600000.0 1050750.0 1356990.0 0.0 -0.22 [-0.22]
309030000000000.0 42950000000000.0 401189000000.0 3368890000.0 0.0 27597200000.0 2568890.0 0.0 1659970000000.0 5611120.0 0.0 0.0 864960000.0 94202700000.0 994620.0 1283530.0 0.0 -0.2 [-0.2]
309030000000000.0 41812500000000.0 392885000000.0 3198030000.0 0.0 26727400000.0 2373470.0 0.0 1656900000000.0 5144160.0 0.0 0.0 861920000.0 93533400000.0 941662.0 1214260.0 0.0 -0.18 [-0.18]
309030000000000.0 40701700000000.0 384664000000.0 3034760000.0 0.0 25882300000.0 2192830.0 0.0 1653860000000.0 4716400.0 0.0 0.0 858936000.0 92866500000.0 891562.0 1148770.0 0.0 -0.16 [-0.16]
309030000000000.0 39617700000000.0 376530000000.0 2878850000.0 0.0 25061600000.0 2025900.0 0.0 1650860000000.0 4324550.0 0.0 0.0 856010000.0 92202100000.0 844172.0 1086860.0 0.0 -0.14 [-0.14]
309030000000000.0 38575700000000.0 368594000000.0 2731850000.0 0.0 24273900000.0 1872390.0 0.0 1647960000000.0 3967690.0 0.0 0.0 853207000.0 91553400000.0 799480.0 1028510.0 0.0 -0.12 [-0.12]
309030000000000.0 37558200000000.0 360739000000.0 2591420000.0 0.0 23508400000.0 1730450.0 0.0 1645100000000.0 3640520.0 0.0 0.0 850457000.0 90906200000.0 757180.0 973318.0 0.0 -0.1 [-0.1]
309030000000000.0 36570100000000.0 353009000000.0 2457930000.0 0.0 22767900000.0 1599450.0 0.0 1642280000000.0 3341270.0 0.0 0.0 847780000.0 90265000000.0 717187.0 921168.0 0.0 -0.08 [-0.08]
309030000000000.0 35609800000000.0 345395000000.0 2330970000.0 0.0 22051200000.0 1478500.0 0.0 1639530000000.0 3067330.0 0.0 0.0 845173000.0 89629000000.0 679365.0 871879.0 0.0 -0.06 [-0.06]
309030000000000.0 34672700000000.0 337871000000.0 2209900000.0 0.0 21355200000.0 1366680.0 0.0 1636810000000.0 2816190.0 0.0 0.0 842616000.0 88994300000.0 643560.0 825246.0 0.0 -0.04 [-0.04]
309030000000000.0 33766600000000.0 330496000000.0 2095220000.0 0.0 20684000000.0 1263590.0 0.0 1634160000000.0 2586640.0 0.0 0.0 840145000.0 88368600000.0 609723.0 781207.0 0.0 -0.02 [-0.02]
309030000000000.0 32885600000000.0 323235000000.0 1986170000.0 0.0 20034100000.0 1168370.0 0.0 1631570000000.0 2376320.0 0.0 0.0 837736000.0 87746900000.0 577706.0 739564.0 0.0 -0.0 [-0.0]
309030000000000.0 32029600000000.0 316091000000.0 1882530000.0 0.0 19405000000.0 1080430.0 0.0 1629030000000.0 2183660.0 0.0 0.0 835390000.0 87129600000.0 547411.0 700185.0 0.0 0.02 [0.02]
309030000000000.0 31197300000000.0 309058000000.0 1784010000.0 0.0 18795800000.0 999187.0 0.0 1626530000000.0 2007070.0 0.0 0.0 833103000.0 86515800000.0 518737.0 662938.0 0.0 0.04 [0.04]
309030000000000.0 30387900000000.0 302138000000.0 1690380000.0 0.0 18205800000.0 924126.0 0.0 1624090000000.0 1845180.0 0.0 0.0 830873000.0 85905300000.0 491594.0 627704.0 0.0 0.06 [0.06]
309030000000000.0 29601200000000.0 295330000000.0 1601410000.0 0.0 17634600000.0 854773.0 0.0 1621690000000.0 1696750.0 0.0 0.0 828700000.0 85298100000.0 465899.0 594370.0 0.0 0.08 [0.08]
309030000000000.0 28836100000000.0 288633000000.0 1516870000.0 0.0 17081300000.0 790685.0 0.0 1619350000000.0 1560610.0 0.0 0.0 826581000.0 84693600000.0 441570.0 562830.0 0.0 0.1 [0.1]
309030000000000.0 28092100000000.0 282045000000.0 1436560000.0 0.0 16545500000.0 731456.0 0.0 1617050000000.0 1435720.0 0.0 0.0 824514000.0 84091800000.0 418532.0 532983.0 0.0 0.12 [0.12]
309030000000000.0 27368500000000.0 275566000000.0 1360260000.0 0.0 16026500000.0 676712.0 0.0 1614800000000.0 1321110.0 0.0 0.0 822498000.0 83492100000.0 396713.0 504735.0 0.0 0.14 [0.14]
309030000000000.0 26664600000000.0 269194000000.0 1287780000.0 0.0 15523700000.0 626107.0 0.0 1612600000000.0 1215920.0 0.0 0.0 820531000.0 82894400000.0 376047.0 477997.0 0.0 0.16 [0.16]
309030000000000.0 25979800000000.0 262927000000.0 1218950000.0 0.0 15036600000.0 579324.0 0.0 1610440000000.0 1119330.0 0.0 0.0 818611000.0 82298400000.0 356470.0 452686.0 0.0 0.18 [0.18]
309030000000000.0 25313600000000.0 256767000000.0 1153580000.0 0.0 14564700000.0 536072.0 0.0 1608330000000.0 1030640.0 0.0 0.0 816737000.0 81703800000.0 337923.0 428723.0 0.0 0.2 [0.2]
309030000000000.0 24667800000000.0 250729000000.0 1091680000.0 0.0 14108600000.0 496120.0 0.0 1606260000000.0 949284.0 0.0 0.0 814922000.0 81113500000.0 320363.0 406052.0 0.0 0.22 [0.22]
309030000000000.0 24036800000000.0 244775000000.0 1032730000.0 0.0 13665500000.0 459134.0 0.0 1604240000000.0 874420.0 0.0 0.0 813135000.0 80520900000.0 303710.0 384566.0 0.0 0.24 [0.24]
309030000000000.0 23422900000000.0 238921000000.0 976777000.0 0.0 13236200000.0 424928.0 0.0 1602250000000.0 805628.0 0.0 0.0 811391000.0 79928900000.0 287928.0 364219.0 0.0 0.26 [0.26]
309030000000000.0 22825400000000.0 233171000000.0 923677000.0 0.0 12820100000.0 393295.0 0.0 1600310000000.0 742401.0 0.0 0.0 809686000.0 79337500000.0 272972.0 344950.0 0.0 0.28 [0.28]
