Cloudy_runs/1es1553/z=0.187764/component_III_PI_nH/component_III_PI_nH_col_density_param.txt
# %ECSV 1.0
# ---
# datatype:
# - {name: H, datatype: float64}
# - {name: H+, datatype: float64}
# - {name: C+, datatype: float64}
# - {name: C+2, datatype: float64}
# - {name: C+3, datatype: float64}
# - {name: N+2, datatype: float64}
# - {name: N+4, datatype: float64}
# - {name: O, datatype: float64}
# - {name: O+2, datatype: float64}
# - {name: O+5, datatype: float64}
# - {name: O+6, datatype: float64}
# - {name: Si+, datatype: float64}
# - {name: Si+2, datatype: float64}
# - {name: Si+3, datatype: float64}
# - {name: Si+4, datatype: float64}
# - {name: log_nH, datatype: float64}
# - {name: log_Te, datatype: float64}
# - {name: parameters, datatype: string, subtype: 'float64[1]'}
# schema: astropy-2.0
H H+ C+ C+2 C+3 N+2 N+4 O O+2 O+5 O+6 Si+ Si+2 Si+3 Si+4 log_nH log_Te parameters
10471300000000.0 3.49421e+17 12573000000.0 5613520000000.0 41881800000000.0 707165000000.0 40342800000000.0 22963.3 1813890000000.0 526215000000000.0 704155000000000.0 11264000.0 1216300000.0 15408100000.0 1396990000000.0 -5.0 4.359 [-5.0]
10471300000000.0 3.28323e+17 13271300000.0 5828690000000.0 42588100000000.0 762289000000.0 39899000000000.0 27232.4 2000360000000.0 502088000000000.0 633791000000000.0 12892300.0 1392360000.0 17650900000.0 1498980000000.0 -4.98 4.349 [-4.98]
10471300000000.0 3.08489e+17 14020500000.0 6045290000000.0 43250800000000.0 821642000000.0 39392800000000.0 32446.3 2204250000000.0 477838000000000.0 569045000000000.0 14724400.0 1590160000.0 20188200000.0 1605560000000.0 -4.96 4.34 [-4.96]
10471300000000.0 2.89837e+17 14827800000.0 6263500000000.0 43868400000000.0 885489000000.0 38824800000000.0 38828.1 2426620000000.0 453559000000000.0 509601000000000.0 16783300.0 1811830000.0 23053700000.0 1716630000000.0 -4.94 4.33 [-4.94]
10471300000000.0 2.72203e+17 15688000000.0 6480860000000.0 44441000000000.0 954027000000.0 38193200000000.0 46651.8 2668720000000.0 429280000000000.0 454916000000000.0 19076300.0 2059140000.0 26302000000.0 1832600000000.0 -4.92 4.32 [-4.92]
10471300000000.0 2.55572e+17 16616900000.0 6699020000000.0 44965500000000.0 1027610000000.0 37499000000000.0 56274.3 2931560000000.0 405119000000000.0 404861000000000.0 21636400.0 2334570000.0 29970200000.0 1953050000000.0 -4.9 4.31 [-4.9]
10471300000000.0 2.39894e+17 17627700000.0 6918980000000.0 45439700000000.0 1106550000000.0 36743100000000.0 68135.2 3216110000000.0 381174000000000.0 359191000000000.0 24497500.0 2640790000.0 34104100000.0 2077740000000.0 -4.88 4.3 [-4.88]
10471300000000.0 2.25089e+17 18728400000.0 7140480000000.0 45861900000000.0 1191120000000.0 35925600000000.0 82779.6 3523190000000.0 357509000000000.0 317600000000000.0 27686500.0 2980180000.0 38763900000.0 2206590000000.0 -4.86 4.289 [-4.86]
10471300000000.0 2.11094e+17 19932700000.0 7364170000000.0 46229800000000.0 1281630000000.0 35046500000000.0 100902.0 3853830000000.0 334219000000000.0 279775000000000.0 31240300.0 3355520000.0 44013900000.0 2339370000000.0 -4.84 4.279 [-4.84]
10471300000000.0 1.97854e+17 21257400000.0 7591170000000.0 46541300000000.0 1378390000000.0 34106100000000.0 123367.0 4208540000000.0 311363000000000.0 245498000000000.0 35203900.0 3769880000.0 49925500000.0 2475840000000.0 -4.82 4.267 [-4.82]
10471300000000.0 1.85314e+17 22722600000.0 7822790000000.0 46793600000000.0 1481730000000.0 33104500000000.0 151266.0 4587830000000.0 289008000000000.0 214514000000000.0 39630600.0 4226630000.0 56581900000.0 2615680000000.0 -4.8 4.256 [-4.8]
10471300000000.0 1.73425e+17 24354300000.0 8061150000000.0 46983400000000.0 1591960000000.0 32042000000000.0 185973.0 4991890000000.0 267222000000000.0 186595000000000.0 44592700.0 4729940000.0 64074900000.0 2758510000000.0 -4.78 4.243 [-4.78]
10471300000000.0 1.62136e+17 26184000000.0 8308790000000.0 47106600000000.0 1709400000000.0 30918400000000.0 229236.0 5420690000000.0 246061000000000.0 161507000000000.0 50180500.0 5284800000.0 72513600000.0 2903930000000.0 -4.76 4.231 [-4.76]
10471300000000.0 1.51402e+17 28252800000.0 8569350000000.0 47158100000000.0 1834340000000.0 29733800000000.0 283266.0 5873730000000.0 225581000000000.0 139038000000000.0 56519400.0 5897860000.0 82021700000.0 3051450000000.0 -4.74 4.217 [-4.74]
10471300000000.0 1.41136e+17 30611400000.0 8846510000000.0 47131700000000.0 1967260000000.0 28483500000000.0 351073.0 6350840000000.0 205774000000000.0 118916000000000.0 63752800.0 6576990000.0 92790900000.0 3201040000000.0 -4.72 4.202 [-4.72]
10471300000000.0 1.31302e+17 33337500000.0 9147990000000.0 47018300000000.0 2108450000000.0 27166400000000.0 436434.0 6850350000000.0 186690000000000.0 100971000000000.0 72140100.0 7335760000.0 105005000000.0 3351980000000.0 -4.7 4.187 [-4.7]
10471300000000.0 1.2186e+17 36536300000.0 9484130000000.0 46806400000000.0 2258140000000.0 25780700000000.0 544283.0 7369580000000.0 168368000000000.0 85032600000000.0 82067300.0 8194690000.0 118890000000.0 3503460000000.0 -4.68 4.169 [-4.68]
10471300000000.0 1.1275e+17 40354700000.0 9868630000000.0 46479700000000.0 2416450000000.0 24322100000000.0 681272.0 7904510000000.0 150815000000000.0 70926700000000.0 94119600.0 9185330000.0 134753000000.0 3654670000000.0 -4.66 4.15 [-4.66]
10471300000000.0 1.03896e+17 45012600000.0 10321400000000.0 46014200000000.0 2583450000000.0 22781900000000.0 856689.0 8449200000000.0 134011000000000.0 58470200000000.0 109238000.0 10358800000.0 153025000000.0 3804810000000.0 -4.64 4.129 [-4.64]
10471300000000.0 9.51928e+16 50857800000.0 10872800000000.0 45371900000000.0 2758880000000.0 21145500000000.0 1084070.0 8994070000000.0 117903000000000.0 47474000000000.0 129034000.0 11802000000.0 174343000000.0 3952910000000.0 -4.62 4.103 [-4.62]
10471300000000.0 8.64901e+16 58481100000.0 11571000000000.0 44489400000000.0 2941720000000.0 19387900000000.0 1384460.0 9522490000000.0 102380000000000.0 37745600000000.0 156486000.0 13670600000.0 199737000000.0 4097610000000.0 -4.6 4.073 [-4.6]
10471300000000.0 7.75611e+16 68971800000.0 12497200000000.0 43252000000000.0 3128620000000.0 17467100000000.0 1793400.0 10002400000000.0 87245300000000.0 29088800000000.0 197665000.0 16262500000.0 230999000000.0 4236300000000.0 -4.58 4.035 [-4.58]
10471300000000.0 6.78939e+16 84817200000.0 13811400000000.0 41399600000000.0 3309550000000.0 15285200000000.0 2385980.0 10362500000000.0 71940200000000.0 21201500000000.0 267726000.0 20243800000.0 272249000000.0 4363770000000.0 -4.56 3.982 [-4.56]
10471300000000.0 5.82302e+16 107762000000.0 15477100000000.0 38851500000000.0 3446640000000.0 13033600000000.0 3223320.0 10520600000000.0 57331700000000.0 14662000000000.0 389008000.0 26138800000.0 323731000000.0 4449930000000.0 -4.54 3.915 [-4.54]
10471300000000.0 5.11261e+16 131470000000.0 16863900000000.0 36438500000000.0 3526290000000.0 11319800000000.0 4173350.0 10619700000000.0 46383300000000.0 10542000000000.0 544469000.0 32392000000.0 370788000000.0 4470860000000.0 -4.52 3.863 [-4.52]
10471300000000.0 4.43755e+16 161792000000.0 18251500000000.0 33580300000000.0 3543450000000.0 9710650000000.0 5460220.0 10592900000000.0 36251800000000.0 7266150000000.0 784917000.0 40108200000.0 424162000000.0 4434250000000.0 -4.5 3.803 [-4.5]
10471300000000.0 3.79945e+16 200574000000.0 19506900000000.0 30266200000000.0 3480620000000.0 8233710000000.0 7276690.0 10470600000000.0 26949700000000.0 4727970000000.0 1165440000.0 49282200000.0 483887000000.0 4323260000000.0 -4.48 3.734 [-4.48]
10471300000000.0 3.21322e+16 248231000000.0 20424300000000.0 26616800000000.0 3331630000000.0 6918560000000.0 9945140.0 10338700000000.0 18842900000000.0 2880630000000.0 1762340000.0 59521300000.0 547602000000.0 4124990000000.0 -4.46 3.657 [-4.46]
10471300000000.0 2.7276e+16 298230000000.0 20803500000000.0 23124200000000.0 3139700000000.0 5821730000000.0 13710600.0 10328500000000.0 12774600000000.0 1716250000000.0 2600400000.0 69708000000.0 606533000000.0 3862750000000.0 -4.44 3.582 [-4.44]
10471300000000.0 2.36009e+16 342118000000.0 20709100000000.0 20197800000000.0 2965620000000.0 4943580000000.0 18540400.0 10459500000000.0 8826090000000.0 1060990000000.0 3629230000.0 79098000000.0 653621000000.0 3587010000000.0 -4.42 3.518 [-4.42]
10471300000000.0 2.08193e+16 377811000000.0 20333900000000.0 17827000000000.0 2826710000000.0 4232550000000.0 24371700.0 10658100000000.0 6314230000000.0 690156000000.0 4816780000.0 87762100000.0 689261000000.0 3324430000000.0 -4.4 3.466 [-4.4]
10471300000000.0 1.86256e+16 406585000000.0 19806500000000.0 15869400000000.0 2715780000000.0 3642750000000.0 31258200.0 10867800000000.0 4652470000000.0 467576000000.0 6168030000.0 95931100000.0 716096000000.0 3079720000000.0 -4.38 3.423 [-4.38]
10471300000000.0 1.68272e+16 429896000000.0 19193300000000.0 14212800000000.0 2623760000000.0 3145050000000.0 39322600.0 11061500000000.0 3504110000000.0 326289000000.0 7699930000.0 103735000000.0 736156000000.0 2851670000000.0 -4.36 3.385 [-4.36]
10471300000000.0 1.5308e+16 448828000000.0 18529800000000.0 12782900000000.0 2544040000000.0 2720230000000.0 48731500.0 11227700000000.0 2681750000000.0 232601000000.0 9433180000.0 111232000000.0 750778000000.0 2638240000000.0 -4.34 3.386 [-4.34]
10471300000000.0 1.40011e+16 464126000000.0 17840000000000.0 11535000000000.0 2472820000000.0 2356140000000.0 59644100.0 11361300000000.0 2078750000000.0 168631000000.0 11381200000.0 118419000000.0 760771000000.0 2438550000000.0 -4.32 3.353 [-4.32]
10471300000000.0 1.286e+16 476389000000.0 17138900000000.0 10435500000000.0 2407390000000.0 2042850000000.0 72253100.0 11461200000000.0 1627720000000.0 123885000000.0 13559100000.0 125287000000.0 766761000000.0 2251510000000.0 -4.3 3.324 [-4.3]
10471300000000.0 1.18543e+16 486109000000.0 16439200000000.0 9461580000000.0 2346220000000.0 1773030000000.0 86739900.0 11527800000000.0 1285720000000.0 92052500000.0 15974900000.0 131814000000.0 769211000000.0 2076670000000.0 -4.28 3.298 [-4.28]
10471300000000.0 1.09581e+16 493655000000.0 15746100000000.0 8592590000000.0 2287700000000.0 1539740000000.0 103362000.0 11562700000000.0 1022470000000.0 69002900000.0 18644700000.0 137981000000.0 768494000000.0 1912900000000.0 -4.26 3.298 [-4.26]
10471300000000.0 1.01536e+16 499329000000.0 15064500000000.0 7813740000000.0 2230900000000.0 1337680000000.0 122383000.0 11567500000000.0 817688000000.0 52100900000.0 21579700000.0 143761000000.0 764904000000.0 1759550000000.0 -4.24 3.274 [-4.24]
10471300000000.0 9428130000000000.0 503417000000.0 14399500000000.0 7114020000000.0 2175350000000.0 1162660000000.0 144059000.0 11544200000000.0 657223000000.0 39595100000.0 24784500000.0 149129000000.0 758714000000.0 1616280000000.0 -4.22 3.251 [-4.22]
10471300000000.0 8769850000000000.0 506150000000.0 13752800000000.0 6482670000000.0 2120510000000.0 1010690000000.0 168726000.0 11494400000000.0 530380000000.0 30247300000.0 28269400000.0 154068000000.0 750142000000.0 1482380000000.0 -4.2 3.252 [-4.2]
10471300000000.0 8170910000000000.0 507734000000.0 13127100000000.0 5912300000000.0 2066160000000.0 878812000000.0 196688000.0 11420200000000.0 429619000000.0 23217200000.0 32034200000.0 158552000000.0 739415000000.0 1357570000000.0 -4.18 3.231 [-4.18]
10471300000000.0 7623940000000000.0 508345000000.0 12523500000000.0 5395780000000.0 2012080000000.0 764270000000.0 228327000.0 11323100000000.0 349121000000.0 17894400000.0 36079900000.0 162561000000.0 726732000000.0 1241350000000.0 -4.16 3.231 [-4.16]
10471300000000.0 7123040000000000.0 508147000000.0 11943000000000.0 4927200000000.0 1958180000000.0 664754000000.0 263999000.0 11205000000000.0 284518000000.0 13842400000.0 40403000000.0 166081000000.0 712285000000.0 1133310000000.0 -4.14 3.211 [-4.14]
10471300000000.0 6663560000000000.0 507304000000.0 11386500000000.0 4501640000000.0 1904470000000.0 578326000000.0 304078000.0 11067900000000.0 232499000000.0 10745000000.0 44994000000.0 169103000000.0 696272000000.0 1033130000000.0 -4.12 3.193 [-4.12]
10471300000000.0 6240240000000000.0 505874000000.0 10852600000000.0 4114110000000.0 1850750000000.0 503119000000.0 349068000.0 10912700000000.0 190375000000.0 8362210000.0 49850400000.0 171602000000.0 678837000000.0 940204000000.0 -4.1 3.176 [-4.1]
10471300000000.0 5849690000000000.0 503978000000.0 10341500000000.0 3760920000000.0 1797090000000.0 437701000000.0 399421000.0 10741300000000.0 156178000000.0 6523640000.0 54957000000.0 173572000000.0 660158000000.0 854200000000.0 -4.08 3.16 [-4.08]
10471300000000.0 5488600000000000.0 501693000000.0 9852720000000.0 3438600000000.0 1743530000000.0 380778000000.0 455655000.0 10555000000000.0 128329000000.0 5099820000.0 60298500000.0 175004000000.0 640391000000.0 774719000000.0 -4.06 3.144 [-4.06]
10471300000000.0 5154050000000000.0 499081000000.0 9385370000000.0 3144130000000.0 1690080000000.0 331228000000.0 518339000.0 10355100000000.0 105584000000.0 3993560000.0 65856600000.0 175891000000.0 619683000000.0 701367000000.0 -4.04 3.129 [-4.04]
10471300000000.0 4843430000000000.0 496181000000.0 8938570000000.0 2874800000000.0 1636790000000.0 288077000000.0 588092000.0 10142900000000.0 86957600000.0 3131460000.0 71610200000.0 176226000000.0 598174000000.0 633759000000.0 -4.02 3.115 [-4.02]
10471300000000.0 4554630000000000.0 493045000000.0 8511650000000.0 2628290000000.0 1583730000000.0 250500000000.0 665553000.0 9919560000000.0 71676600000.0 2458210000.0 77532200000.0 176011000000.0 576009000000.0 571560000000.0 -4.0 3.102 [-4.0]
10471300000000.0 4285660000000000.0 489706000000.0 8103750000000.0 2402540000000.0 1530970000000.0 217772000000.0 751425000.0 9686280000000.0 59115900000.0 1931320000.0 83593100000.0 175246000000.0 553320000000.0 514431000000.0 -3.98 3.089 [-3.98]
10471300000000.0 4034800000000000.0 486186000000.0 7714040000000.0 2195660000000.0 1478570000000.0 189266000000.0 846463000.0 9444150000000.0 48774800000.0 1518260000.0 89759900000.0 173938000000.0 530236000000.0 462049000000.0 -3.96 3.077 [-3.96]
10471300000000.0 3800490000000000.0 482508000000.0 7341690000000.0 2006000000000.0 1426620000000.0 164435000000.0 951476000.0 9194210000000.0 40249900000.0 1193960000.0 95996700000.0 172095000000.0 506882000000.0 414109000000.0 -3.94 3.066 [-3.94]
10471300000000.0 3581270000000000.0 478671000000.0 6985710000000.0 1832040000000.0 1375140000000.0 142800000000.0 1067380000.0 8937360000000.0 33212000000.0 938961000.0 102267000000.0 169727000000.0 483367000000.0 370303000000.0 -3.92 3.054 [-3.92]
10471300000000.0 3376030000000000.0 474704000000.0 6645560000000.0 1672480000000.0 1324230000000.0 123959000000.0 1195050000.0 8674680000000.0 27399600000.0 738372000.0 108526000000.0 166857000000.0 459816000000.0 330373000000.0 -3.9 3.043 [-3.9]
10471300000000.0 3183830000000000.0 470668000000.0 6321160000000.0 1525890000000.0 1274060000000.0 107533000000.0 1335690000.0 8409140000000.0 22592700000.0 580405000.0 114760000000.0 163558000000.0 436494000000.0 293891000000.0 -3.88 3.033 [-3.88]
10471300000000.0 3003660000000000.0 466557000000.0 6011570000000.0 1391320000000.0 1224650000000.0 93230300000.0 1490240000.0 8140490000000.0 18618800000.0 456032000.0 120905000000.0 159826000000.0 413403000000.0 260727000000.0 -3.86 3.023 [-3.86]
10471300000000.0 2834490000000000.0 462347000000.0 5715740000000.0 1267870000000.0 1176000000000.0 80786000000.0 1659700000.0 7868570000000.0 15333800000.0 358101000.0 126901000000.0 155664000000.0 390561000000.0 230718000000.0 -3.84 3.013 [-3.84]
10471300000000.0 2675530000000000.0 458050000000.0 5433090000000.0 1154630000000.0 1128180000000.0 69963100000.0 1845230000.0 7594280000000.0 12618400000.0 281002000.0 132699000000.0 151110000000.0 368067000000.0 203637000000.0 -3.82 3.003 [-3.82]
10471300000000.0 2526090000000000.0 453676000000.0 5163100000000.0 1050780000000.0 1081260000000.0 60554600000.0 2048010000.0 7318520000000.0 10374800000.0 220327000.0 138251000000.0 146202000000.0 346011000000.0 179268000000.0 -3.8 2.984 [-3.8]
10471300000000.0 2385520000000000.0 449236000000.0 4905260000000.0 955584000000.0 1035280000000.0 52380300000.0 2269260000.0 7042170000000.0 8521850000.0 172601000.0 143509000000.0 140986000000.0 324481000000.0 157404000000.0 -3.78 2.967 [-3.78]
10471300000000.0 2253250000000000.0 444746000000.0 4659120000000.0 868349000000.0 990300000000.0 45282800000.0 2510220000.0 6766120000000.0 6992710000.0 135090000.0 148430000000.0 135510000000.0 303554000000.0 137849000000.0 -3.76 2.958 [-3.76]
10471300000000.0 2128470000000000.0 440209000000.0 4423680000000.0 788269000000.0 946276000000.0 39110800000.0 2772620000.0 6490520000000.0 5729430000.0 105575000.0 152978000000.0 129807000000.0 283254000000.0 120379000000.0 -3.74 2.949 [-3.74]
