Cloudy_runs/1es1553/z=0.187764/component_III_PI_nH/component_III_PI_nH_col_density_param.txt
# %ECSV 1.0
# ---
# datatype:
# - {name: H, datatype: float64}
# - {name: H+, datatype: float64}
# - {name: C+, datatype: float64}
# - {name: C+2, datatype: float64}
# - {name: C+3, datatype: float64}
# - {name: N+2, datatype: float64}
# - {name: N+4, datatype: float64}
# - {name: O, datatype: float64}
# - {name: O+2, datatype: float64}
# - {name: O+5, datatype: float64}
# - {name: O+6, datatype: float64}
# - {name: Si+, datatype: float64}
# - {name: Si+2, datatype: float64}
# - {name: Si+3, datatype: float64}
# - {name: Si+4, datatype: float64}
# - {name: log_nH, datatype: float64}
# - {name: log_Te, datatype: float64}
# - {name: parameters, datatype: string, subtype: 'float64[1]'}
# schema: astropy-2.0
H H+ C+ C+2 C+3 N+2 N+4 O O+2 O+5 O+6 Si+ Si+2 Si+3 Si+4 log_nH log_Te parameters
[from data line 65]
10471300000000.0 1901320000000000.0 431130000000.0 3986760000000.0 648410000000.0 861916000000.0 29159400000.0 3363910000.0 5948380000000.0 3838900000.0 64411400.0 160769000000.0 118020000000.0 245073000000.0 91200700000.0 -3.7 2.917 [-3.7]
10471300000000.0 1797510000000000.0 426599000000.0 3783360000000.0 587249000000.0 821452000000.0 25154600000.0 3696220000.0 5682000000000.0 3136670000.0 50232900.0 163970000000.0 112009000000.0 227189000000.0 79088700000.0 -3.68 2.909 [-3.68]
10471300000000.0 1699800000000000.0 422099000000.0 3589700000000.0 531383000000.0 782213000000.0 21690200000.0 4054410000.0 5420010000000.0 2560250000.0 39145200.0 166677000000.0 105991000000.0 210175000000.0 68432400000.0 -3.66 2.901 [-3.66]
10471300000000.0 1607850000000000.0 417647000000.0 3405420000000.0 480397000000.0 744227000000.0 18695400000.0 4439610000.0 5163090000000.0 2087700000.0 30483800.0 168878000000.0 100012000000.0 194054000000.0 59087800000.0 -3.64 2.894 [-3.64]
10471300000000.0 1521330000000000.0 413256000000.0 3230160000000.0 433907000000.0 707516000000.0 16108300000.0 4852890000.0 4911900000000.0 1700780000.0 23724600.0 170570000000.0 94115200000.0 178839000000.0 50919000000.0 -3.62 2.866 [-3.62]
10471300000000.0 1439730000000000.0 408928000000.0 3063150000000.0 391461000000.0 672007000000.0 13870000000.0 5296020000.0 4666380000000.0 1383750000.0 18445000.0 171754000000.0 88325500000.0 164499000000.0 43785900000.0 -3.6 2.843 [-3.6]
10471300000000.0 1363350000000000.0 404704000000.0 2905310000000.0 353018000000.0 637966000000.0 11948200000.0 5767580000.0 4428920000000.0 1125900000.0 14350500.0 172442000000.0 82719200000.0 151132000000.0 37614500000.0 -3.58 2.838 [-3.58]
10471300000000.0 1291320000000000.0 400561000000.0 2755010000000.0 317984000000.0 605131000000.0 10286700000.0 6270720000.0 4198040000000.0 915005000.0 11155600.0 172648000000.0 77282000000.0 138619000000.0 32254200000.0 -3.56 2.806 [-3.56]
10471300000000.0 1223590000000000.0 396517000000.0 2612360000000.0 286173000000.0 573589000000.0 8854860000.0 6805330000.0 3974770000000.0 743126000.0 8670630.0 172393000000.0 72052600000.0 126975000000.0 27621800000.0 -3.54 2.799 [-3.54]
10471300000000.0 1159890000000000.0 392576000000.0 2477010000000.0 257322000000.0 543328000000.0 7621390000.0 7371960000.0 3759400000000.0 603182000.0 6738980.0 171704000000.0 67049100000.0 116173000000.0 23628100000.0 -3.52 2.797 [-3.52]
10471300000000.0 1100000000000000.0 388739000000.0 2348620000000.0 231184000000.0 514328000000.0 6559130000.0 7971140000.0 3552110000000.0 489330000.0 5237910.0 170611000000.0 62284400000.0 106179000000.0 20192100000.0 -3.5 2.779 [-3.5]
10471300000000.0 1043660000000000.0 385004000000.0 2226870000000.0 207530000000.0 486565000000.0 5644560000.0 8603210000.0 3353030000000.0 396780000.0 4071770.0 169146000000.0 57766800000.0 96954700000.0 17241700000.0 -3.48 2.763 [-3.48]
10471300000000.0 990682000000000.0 381368000000.0 2111420000000.0 186149000000.0 460013000000.0 4857310000.0 9268430000.0 3162230000000.0 321598000.0 3165960.0 167343000000.0 53500500000.0 88461500000.0 14712700000.0 -3.46 2.721 [-3.46]
10471300000000.0 940708000000000.0 377817000000.0 2001680000000.0 166798000000.0 434577000000.0 4178160000.0 9968130000.0 2979230000000.0 260442000.0 2461010.0 165228000000.0 49475800000.0 80637700000.0 12543800000.0 -3.44 2.716 [-3.44]
10471300000000.0 893938000000000.0 374373000000.0 1898210000000.0 149429000000.0 410416000000.0 3596610000.0 10698700000.0 2805410000000.0 211034000.0 1915860.0 162863000000.0 45720200000.0 73497900000.0 10697800000.0 -3.42 2.711 [-3.42]
10471300000000.0 849786000000000.0 371000000000.0 1799840000000.0 133738000000.0 387299000000.0 3094730000.0 11463800000.0 2639210000000.0 170862000.0 1491210.0 160254000000.0 42197800000.0 66940800000.0 9117720000.0 -3.4 2.706 [-3.4]
10471300000000.0 808210000000000.0 367698000000.0 1706570000000.0 119613000000.0 365254000000.0 2662790000.0 12261900000.0 2480990000000.0 138292000.0 1161200.0 157444000000.0 38911500000.0 60943700000.0 7769660000.0 -3.38 2.7 [-3.38]
10471300000000.0 769040000000000.0 364460000000.0 1618130000000.0 106910000000.0 344244000000.0 2291030000.0 13092800000.0 2330540000000.0 111895000.0 904642.0 154463000000.0 35852100000.0 55464700000.0 6620320000.0 -3.36 2.695 [-3.36]
10471300000000.0 732120000000000.0 361275000000.0 1534270000000.0 95495400000.0 324229000000.0 1971030000.0 13955900000.0 2187670000000.0 90506200.0 705113.0 151341000000.0 33009500000.0 50464000000.0 5640980000.0 -3.34 2.69 [-3.34]
10471300000000.0 697301000000000.0 358136000000.0 1454730000000.0 85247500000.0 305171000000.0 1695560000.0 14850800000.0 2052130000000.0 73180800.0 0.0 148105000000.0 30372800000.0 45903600000.0 4806800000.0 -3.32 2.684 [-3.32]
10471300000000.0 664446000000000.0 355032000000.0 1379270000000.0 76054300000.0 287033000000.0 1458410000.0 15776900000.0 1923690000000.0 59150400.0 0.0 144779000000.0 27930600000.0 41747300000.0 4096470000.0 -3.3 2.679 [-3.3]
10471300000000.0 633423000000000.0 351955000000.0 1307690000000.0 67813300000.0 269777000000.0 1254220000.0 16733300000.0 1802080000000.0 47791300.0 0.0 141386000000.0 25671400000.0 37961500000.0 3491700000.0 -3.28 2.673 [-3.28]
10471300000000.0 604020000000000.0 348885000000.0 1239540000000.0 60412400000.0 253320000000.0 1077940000.0 17721100000.0 1686690000000.0 38577100.0 0.0 137932000000.0 23577600000.0 34504900000.0 2975670000.0 -3.26 2.667 [-3.26]
10471300000000.0 576310000000000.0 345834000000.0 1175060000000.0 53805500000.0 237722000000.0 926599000.0 18735700000.0 1577940000000.0 31140500.0 0.0 134461000000.0 21650200000.0 31367800000.0 2537470000.0 -3.24 2.662 [-3.24]
10471300000000.0 550093000000000.0 342785000000.0 1113840000000.0 47894800000.0 222901000000.0 796269000.0 19777700000.0 1475210000000.0 25124600.0 0.0 130976000000.0 19872000000.0 28513000000.0 2164360000.0 -3.22 2.656 [-3.22]
10471300000000.0 525271000000000.0 339729000000.0 1055710000000.0 42610200000.0 208826000000.0 684035000.0 20846100000.0 1378220000000.0 20259400.0 0.0 127491000000.0 18232300000.0 25915400000.0 1846630000.0 -3.2 2.65 [-3.2]
10471300000000.0 501753000000000.0 336658000000.0 1000490000000.0 37887900000.0 195464000000.0 587388000.0 21939400000.0 1286710000000.0 16326300.0 0.0 124018000000.0 16721300000.0 23552000000.0 1576000000.0 -3.18 2.644 [-3.18]
10471300000000.0 479453000000000.0 333565000000.0 948033000000.0 33670600000.0 182786000000.0 504168000.0 23056300000.0 1200420000000.0 13147800.0 0.0 120567000000.0 15329300000.0 21401800000.0 1345420000.0 -3.16 2.638 [-3.16]
10471300000000.0 458293000000000.0 330444000000.0 898184000000.0 29906100000.0 170764000000.0 432519000.0 24195300000.0 1119100000000.0 10580400.0 0.0 117147000000.0 14047600000.0 19445600000.0 1148920000.0 -3.14 2.631 [-3.14]
10471300000000.0 438199000000000.0 327286000000.0 850805000000.0 26547600000.0 159370000000.0 370842000.0 25354800000.0 1042480000000.0 8507400.0 0.0 113764000000.0 12867500000.0 17665700000.0 981405000.0 -3.12 2.625 [-3.12]
10471300000000.0 419104000000000.0 324087000000.0 805766000000.0 23553000000.0 148580000000.0 317761000.0 26533200000.0 970355000000.0 6834650.0 0.0 110426000000.0 11781500000.0 16046300000.0 838558000.0 -3.1 2.619 [-3.1]
10471300000000.0 400944000000000.0 320839000000.0 762941000000.0 20884000000.0 138368000000.0 272091000.0 27728700000.0 902476000000.0 5485610.0 0.0 107136000000.0 10782200000.0 14572700000.0 716703000.0 -3.08 2.613 [-3.08]
10471300000000.0 383659000000000.0 317536000000.0 722217000000.0 18506500000.0 128710000000.0 232810000.0 28939400000.0 838629000000.0 4398380.0 0.0 103900000000.0 9862800000.0 13231700000.0 612720000.0 -3.06 2.606 [-3.06]
10471300000000.0 367195000000000.0 314173000000.0 683485000000.0 16389700000.0 119585000000.0 199038000.0 30163500000.0 778606000000.0 3522770.0 0.0 100720000000.0 9017130000.0 12011300000.0 523958000.0 -3.04 2.6 [-3.04]
10471300000000.0 351567000000000.0 310763000000.0 646794000000.0 14511900000.0 111000000000.0 170109000.0 31396500000.0 722415000000.0 2820040.0 0.0 97613800000.0 8242150000.0 10904500000.0 448377000.0 -3.02 2.593 [-3.02]
10471300000000.0 336595000000000.0 307265000000.0 611742000000.0 12835900000.0 102873000000.0 145170000.0 32641400000.0 669441000000.0 2253210.0 0.0 94553600000.0 7526870000.0 9893240000.0 383605000.0 -3.0 2.587 [-3.0]
10471300000000.0 322302000000000.0 303692000000.0 578394000000.0 11345900000.0 95216300000.0 123764000.0 33893700000.0 619722000000.0 1797910.0 0.0 91555400000.0 6869340000.0 8972820000.0 328261000.0 -2.98 2.58 [-2.98]
10471300000000.0 308648000000000.0 300039000000.0 546668000000.0 10022000000.0 88010400000.0 105401000.0 35151300000.0 573086000000.0 1432580.0 0.0 88620200000.0 6265040000.0 8135040000.0 280957000.0 -2.96 2.574 [-2.96]
10471300000000.0 295594000000000.0 296304000000.0 516483000000.0 8846370000.0 81236600000.0 89662000.0 36412000000.0 529372000000.0 1139780.0 0.0 85748300000.0 5709820000.0 7372490000.0 240513000.0 -2.94 2.567 [-2.94]
10471300000000.0 283051000000000.0 292463000000.0 487641000000.0 7799500000.0 74854500000.0 76138300.0 37676400000.0 488272000000.0 904753.0 0.0 82926700000.0 5198040000.0 6676000000.0 205826000.0 -2.92 2.561 [-2.92]
10471300000000.0 271097000000000.0 288550000000.0 460328000000.0 6874340000.0 68893000000.0 64610800.0 38937100000.0 449957000000.0 717488.0 0.0 80182100000.0 4729970000.0 6044610000.0 176253000.0 -2.9 2.554 [-2.9]
10471300000000.0 259648000000000.0 284547000000.0 434351000000.0 6054290000.0 63311800000.0 54757800.0 40194600000.0 414130000000.0 568000.0 0.0 77501100000.0 4300450000.0 5470150000.0 150952000.0 -2.88 2.547 [-2.88]
10471300000000.0 248727000000000.0 280472000000.0 409767000000.0 5330490000.0 58114000000.0 46374700.0 41444000000.0 380794000000.0 449193.0 0.0 74896800000.0 3908040000.0 4949600000.0 129369000.0 -2.86 2.541 [-2.86]
10471300000000.0 238153000000000.0 276262000000.0 386165000000.0 4684810000.0 53224600000.0 39170600.0 42691100000.0 349425000000.0 354027.0 0.0 72328400000.0 3545460000.0 4472360000.0 110772000.0 -2.84 2.534 [-2.84]
10471300000000.0 228059000000000.0 271982000000.0 363847000000.0 4116010000.0 48687200000.0 33060000.0 43925900000.0 320309000000.0 278702.0 0.0 69836000000.0 3214760000.0 4040350000.0 94912800.0 -2.82 2.527 [-2.82]
10471300000000.0 218373000000000.0 267611000000.0 342645000000.0 3613260000.0 44466900000.0 27862400.0 45148800000.0 293203000000.0 218973.0 0.0 67405800000.0 2912120000.0 3647790000.0 81337100.0 -2.8 2.521 [-2.8]
10471300000000.0 209074000000000.0 263153000000.0 322510000000.0 3169220000.0 40548300000.0 23447300.0 46357800000.0 267999000000.0 171698.0 0.0 65037200000.0 2635370000.0 3291220000.0 69714700.0 -2.78 2.514 [-2.78]
10471300000000.0 200145000000000.0 258611000000.0 303400000000.0 2777380000.0 36916700000.0 19702700.0 47550800000.0 244599000000.0 134355.0 0.0 62730000000.0 2382560000.0 2967530000.0 59764600.0 -2.76 2.507 [-2.76]
10471300000000.0 191570000000000.0 253990000000.0 285270000000.0 2431890000.0 33557800000.0 16531500.0 48725900000.0 222906000000.0 0.0 0.0 60483800000.0 2151850000.0 2673850000.0 51245500.0 -2.74 2.501 [-2.74]
10471300000000.0 183333000000000.0 249296000000.0 268081000000.0 2127560000.0 30457000000.0 13850200.0 49881100000.0 202828000000.0 0.0 0.0 58298400000.0 1941540000.0 2407590000.0 43951700.0 -2.72 2.494 [-2.72]
10471300000000.0 175422000000000.0 244535000000.0 251796000000.0 1859730000.0 27600500000.0 11586800.0 51014500000.0 184276000000.0 0.0 0.0 56173400000.0 1750060000.0 2166350000.0 37706700.0 -2.7 2.487 [-2.7]
10471300000000.0 167824000000000.0 239716000000.0 236376000000.0 1624250000.0 24974400000.0 9679340.0 52124200000.0 167166000000.0 0.0 0.0 54108800000.0 1575930000.0 1947960000.0 32359700.0 -2.68 2.481 [-2.68]
10471300000000.0 160527000000000.0 234847000000.0 221787000000.0 1417410000.0 22565000000.0 8074570.0 53208700000.0 151413000000.0 0.0 0.0 52104200000.0 1417770000.0 1750410000.0 27781200.0 -2.66 2.474 [-2.66]
10471300000000.0 153520000000000.0 229937000000.0 207994000000.0 1235920000.0 20359100000.0 6726720.0 54266400000.0 136938000000.0 0.0 0.0 50159400000.0 1274320000.0 1571870000.0 23860700.0 -2.64 2.468 [-2.64]
10471300000000.0 146852000000000.0 225035000000.0 195076000000.0 1077830000.0 18356100000.0 5603000.0 55292900000.0 123749000000.0 0.0 0.0 48290800000.0 1145190000.0 1411670000.0 20521100.0 -2.62 2.461 [-2.62]
10471300000000.0 140342000000000.0 220033000000.0 182665000000.0 937517000.0 16506200000.0 4650480.0 56295300000.0 111511000000.0 0.0 0.0 46448400000.0 1026830000.0 1265190000.0 17627700.0 -2.6 2.455 [-2.6]
10471300000000.0 134150000000000.0 215059000000.0 171065000000.0 815640000.0 14834100000.0 3859800.0 57264000000.0 100411000000.0 0.0 0.0 44681600000.0 920624000.0 1134080000.0 15164400.0 -2.58 2.448 [-2.58]
10471300000000.0 128213000000000.0 210084000000.0 160132000000.0 709125000.0 13315500000.0 3200010.0 58200700000.0 90290400000.0 0.0 0.0 42973200000.0 824794000.0 1016000000.0 13053700.0 -2.56 2.442 [-2.56]
10471300000000.0 122556000000000.0 205146000000.0 149902000000.0 616544000.0 11944900000.0 2652470.0 59103200000.0 81122500000.0 0.0 0.0 41333100000.0 738809000.0 910232000.0 11251600.0 -2.54 2.435 [-2.54]
10471300000000.0 117102000000000.0 200199000000.0 140214000000.0 535384000.0 10699200000.0 2194800.0 59973600000.0 72755800000.0 0.0 0.0 39740100000.0 661053000.0 814686000.0 9699940.0 -2.52 2.429 [-2.52]
10471300000000.0 111878000000000.0 195281000000.0 131105000000.0 464654000.0 9573990000.0 1814550.0 60809900000.0 65171500000.0 0.0 0.0 38203900000.0 591148000.0 728864000.0 8369090.0 -2.5 2.423 [-2.5]
10471300000000.0 106877000000000.0 190399000000.0 122548000000.0 403069000.0 8559460000.0 1499030.0 61611500000.0 58308800000.0 0.0 0.0 36723600000.0 528370000.0 651837000.0 7227080.0 -2.48 2.417 [-2.48]
10471300000000.0 102090000000000.0 185570000000.0 114506000000.0 349471000.0 7645980000.0 1237490.0 62378400000.0 52108600000.0 0.0 0.0 35298200000.0 472047000.0 582756000.0 6246560.0 -2.46 2.41 [-2.46]
10471300000000.0 97511000000000.0 180788000000.0 106969000000.0 302898000.0 6825040000.0 1021010.0 63110100000.0 46519500000.0 0.0 0.0 33926900000.0 421573000.0 520852000.0 5404270.0 -2.44 2.404 [-2.44]
10471300000000.0 93082300000000.0 176012000000.0 99823100000.0 262116000.0 6082390000.0 840694.0 63808600000.0 41446100000.0 0.0 0.0 32593300000.0 376012000.0 464962000.0 4675130.0 -2.42 2.398 [-2.42]
10471300000000.0 88917200000000.0 171381000000.0 93235900000.0 227151000.0 5424470000.0 693398.0 64469000000.0 36943500000.0 0.0 0.0 31333200000.0 335749000.0 415556000.0 4054710.0 -2.4 2.392 [-2.4]
10471300000000.0 84916900000000.0 166798000000.0 87037700000.0 196706000.0 4833270000.0 571359.0 65095900000.0 32886600000.0 0.0 0.0 30117200000.0 299615000.0 371197000.0 3518740.0 -2.38 2.386 [-2.38]
10471300000000.0 81095500000000.0 162294000000.0 81237200000.0 170311000.0 4304550000.0 470682.0 65688400000.0 29251100000.0 0.0 0.0 28950400000.0 267335000.0 331544000.0 3056970.0 -2.36 2.381 [-2.36]
10471300000000.0 77472200000000.0 157904000000.0 75852600000.0 147561000.0 3834520000.0 388054.0 66247100000.0 26014300000.0 0.0 0.0 27839800000.0 238659000.0 296295000.0 2660520.0 -2.34 2.375 [-2.34]
10471300000000.0 73960600000000.0 153538000000.0 70738600000.0 127631000.0 3410520000.0 319278.0 66772400000.0 23089100000.0 0.0 0.0 26759100000.0 212794000.0 264467000.0 2315000.0 -2.32 2.369 [-2.32]
10471300000000.0 70638300000000.0 149300000000.0 66003500000.0 110495000.0 3034810000.0 262984.0 67264500000.0 20495300000.0 0.0 0.0 25733100000.0 189876000.0 236239000.0 2018260.0 -2.3 2.364 [-2.3]
10471300000000.0 67463500000000.0 145149000000.0 61575200000.0 95651700.0 2699680000.0 216594.0 67724900000.0 18179800000.0 0.0 0.0 24749300000.0 169423000.0 211022000.0 1761400.0 -2.28 2.358 [-2.28]
