Cloudy_runs/pg1259/z=0.046284/logZ=-1/component_I_PI_nH/component_I_PI_nH_col_density_param.txt
# %ECSV 1.0
# ---
# datatype:
# - {name: H, datatype: float64}
# - {name: H+, datatype: float64}
# - {name: C+, datatype: float64}
# - {name: C+2, datatype: float64}
# - {name: C+3, datatype: float64}
# - {name: N+, datatype: float64}
# - {name: N+2, datatype: float64}
# - {name: N+4, datatype: float64}
# - {name: O, datatype: float64}
# - {name: O+2, datatype: float64}
# - {name: O+5, datatype: float64}
# - {name: O+6, datatype: float64}
# - {name: P+, datatype: float64}
# - {name: Si+, datatype: float64}
# - {name: Si+2, datatype: float64}
# - {name: Si+3, datatype: float64}
# - {name: Si+4, datatype: float64}
# - {name: Fe+, datatype: float64}
# - {name: Al+, datatype: float64}
# - {name: log_nH, datatype: float64}
# - {name: parameters, datatype: string, subtype: 'float64[1]'}
# schema: astropy-2.0
H H+ C+ C+2 C+3 N+ N+2 N+4 O O+2 O+5 O+6 P+ Si+ Si+2 Si+3 Si+4 Fe+ Al+ log_nH parameters
[from data line 63]
6165950000000.0 6079500000000000.0 7100870000.0 113407000000.0 29091900000.0 954097000.0 25783200000.0 1351320000.0 5307540.0 130675000000.0 1241020000.0 99441700.0 15897000.0 337929000.0 6344690000.0 3737550000.0 7495730000.0 2561220.0 30050100.0 -3.74 [-3.74]
6165950000000.0 5774530000000000.0 7114550000.0 109218000000.0 26799200000.0 976786000.0 25000000000.0 1185090000.0 5912420.0 128719000000.0 1051400000.0 80676100.0 16151800.0 345381000.0 6367210000.0 3646270000.0 6846970000.0 2847910.0 31722400.0 -3.72 [-3.72]
6165950000000.0 5484900000000000.0 7124110000.0 105094000000.0 24655500000.0 999852000.0 24215700000.0 1037950000.0 6580580.0 126627000000.0 889126000.0 65324800.0 16377000.0 352272000.0 6371790000.0 3547130000.0 6235510000.0 3162480.0 33422200.0 -3.7 [-3.7]
6165950000000.0 5209840000000000.0 7129760000.0 101043000000.0 22654200000.0 1023310000.0 23432300000.0 907892000.0 7317680.0 124402000000.0 750511000.0 52790400.0 16572700.0 358604000.0 6358880000.0 3441130000.0 5661990000.0 3507150.0 35144400.0 -3.68 [-3.68]
6165950000000.0 4948610000000000.0 7131690000.0 97071300000.0 20788800000.0 1047190000.0 22651400000.0 793119000.0 8129780.0 122050000000.0 632315000.0 42576100.0 16739100.0 364385000.0 6329130000.0 3329280000.0 5126570000.0 3884220.0 36883700.0 -3.66 [-3.66]
6165950000000.0 4700520000000000.0 7130090000.0 93184200000.0 19052900000.0 1071500000.0 21874700000.0 691985000.0 9023320.0 119578000000.0 531717000.0 34268900.0 16876500.0 369630000.0 6283340000.0 3212590000.0 4628990000.0 4296120.0 38634800.0 -3.64 [-3.64]
6165950000000.0 4464920000000000.0 7125130000.0 89386500000.0 17439900000.0 1096250000.0 21103800000.0 603000000.0 10005100.0 116991000000.0 446255000.0 27526400.0 16985500.0 374360000.0 6222430000.0 3092070000.0 4168580000.0 4745390.0 40391800.0 -3.62 [-3.62]
6165950000000.0 4241170000000000.0 7116980000.0 85682000000.0 15943300000.0 1121470000.0 20340000000.0 524822000.0 11082400.0 114298000000.0 373794000.0 22065100.0 17066800.0 378600000.0 6147450000.0 2968700000.0 3744340000.0 5234630.0 42148800.0 -3.6 [-3.6]
6165950000000.0 4028690000000000.0 7105810000.0 82074000000.0 14556800000.0 1147170000.0 19584600000.0 456236000.0 12262700.0 111506000000.0 312474000.0 17650700.0 17121200.0 382382000.0 6059530000.0 2843430000.0 3355000000.0 5766580.0 43899800.0 -3.58 [-3.58]
6165950000000.0 3826900000000000.0 7091760000.0 78564800000.0 13274100000.0 1173360000.0 18839000000.0 396150000.0 13554000.0 108622000000.0 260686000.0 14090100.0 17149600.0 385737000.0 5959840000.0 2717130000.0 2999050000.0 6344010.0 45638700.0 -3.56 [-3.56]
6165950000000.0 3635280000000000.0 7074950000.0 75156200000.0 12089200000.0 1200040000.0 18104200000.0 343584000.0 14964700.0 105657000000.0 217036000.0 11224300.0 17152800.0 388703000.0 5849600000.0 2590640000.0 2674820000.0 6969790.0 47359100.0 -3.54 [-3.54]
6165950000000.0 3453680000000000.0 7055560000.0 71856600000.0 10998200000.0 1227210000.0 17382800000.0 297738000.0 16501200.0 102625000000.0 180380000.0 8926040.0 17132200.0 391299000.0 5730370000.0 2465020000.0 2380960000.0 7645630.0 49051800.0 -3.52 [-3.52]
6165950000000.0 3280510000000000.0 7033570000.0 68645700000.0 9989270000.0 1254900000.0 16670900000.0 257590000.0 18179100.0 99514200000.0 149504000.0 7077930.0 17088400.0 393613000.0 5602310000.0 2340000000.0 2114240000.0 8377980.0 50720200.0 -3.5 [-3.5]
6165950000000.0 3116410000000000.0 7009210000.0 65544600000.0 9063070000.0 1283080000.0 15974200000.0 222675000.0 20001200.0 96356200000.0 123691000.0 5602840.0 17022800.0 395632000.0 5467650000.0 2217150000.0 1874090000.0 9166230.0 52348600.0 -3.48 [-3.48]
6165950000000.0 2960580000000000.0 6982490000.0 62546300000.0 8212270000.0 1311740000.0 15291700000.0 192289000.0 21979100.0 93153000000.0 102117000.0 4425820.0 16936400.0 397409000.0 5327160000.0 2096680000.0 1658140000.0 10014500.0 53934200.0 -3.46 [-3.46]
6165950000000.0 2812600000000000.0 6953520000.0 59650200000.0 7431820000.0 1340870000.0 14624000000.0 165878000.0 24122800.0 89914200000.0 84123400.0 3488720.0 16830300.0 398980000.0 5181930000.0 1979030000.0 1464490000.0 10925600.0 55471200.0 -3.44 [-3.44]
6165950000000.0 2672370000000000.0 6922430000.0 56861700000.0 6718300000.0 1370450000.0 13973100000.0 142991000.0 26438600.0 86657600000.0 69174100.0 2745440.0 16706100.0 400364000.0 5033400000.0 1864890000.0 1291570000.0 11900500.0 56951200.0 -3.42 [-3.42]
6165950000000.0 2538920000000000.0 6889190000.0 54167400000.0 6064270000.0 1400460000.0 13336500000.0 123105000.0 28943100.0 83377300000.0 56737600.0 2155150.0 16564300.0 401621000.0 4881730000.0 1753990000.0 1137040000.0 12945100.0 58375300.0 -3.4 [-3.4]
6165950000000.0 2412230000000000.0 6853930000.0 51572800000.0 5466930000.0 1430860000.0 12716400000.0 105885000.0 31642900.0 80091300000.0 46435700.0 1688340.0 16406600.0 402764000.0 4728240000.0 1646890000.0 999516000.0 14060100.0 59735500.0 -3.38 [-3.38]
6165950000000.0 2291910000000000.0 6816600000.0 49075200000.0 4922020000.0 1461590000.0 12112500000.0 90984300.0 34548500.0 76807500000.0 37919000.0 1319900.0 16233500.0 403821000.0 4573630000.0 1543780000.0 877373000.0 15248000.0 61026600.0 -3.36 [-3.36]
6165950000000.0 2177660000000000.0 6777280000.0 46673500000.0 4425740000.0 1492610000.0 11525400000.0 78108500.0 37669100.0 73535900000.0 30895500.0 1029780.0 16046400.0 404812000.0 4418670000.0 1444820000.0 769132000.0 16510500.0 62244300.0 -3.34 [-3.34]
6165950000000.0 2068890000000000.0 6735860000.0 44359600000.0 3973340000.0 1523840000.0 10953700000.0 66969800.0 41020100.0 70276000000.0 25105500.0 801405.0 15845800.0 405775000.0 4263530000.0 1349830000.0 673213000.0 17852100.0 63387400.0 -3.32 [-3.32]
6165950000000.0 1965880000000000.0 6692630000.0 42143600000.0 3563410000.0 1555220000.0 10400400000.0 57385500.0 44599700.0 67053800000.0 20362500.0 622741.0 15633700.0 406696000.0 4109720000.0 1259400000.0 588694000.0 19268800.0 64447200.0 -3.3 [-3.3]
6165950000000.0 1868050000000000.0 6647470000.0 40017300000.0 3191630000.0 1586660000.0 9864120000.0 49128100.0 48421400.0 63868600000.0 16477800.0 482959.0 15410600.0 407604000.0 3957300000.0 1173270000.0 514200000.0 20764000.0 65423100.0 -3.28 [-3.28]
6165950000000.0 1775160000000000.0 6600410000.0 37978500000.0 2854940000.0 1618050000.0 9344830000.0 42020900.0 52493000.0 60728100000.0 13303500.0 373829.0 15177500.0 408512000.0 3806700000.0 1091430000.0 448647000.0 22338100.0 66312500.0 -3.26 [-3.26]
6165950000000.0 1687170000000000.0 6551610000.0 36030000000.0 2551120000.0 1649320000.0 8843760000.0 35921400.0 56814100.0 57647400000.0 10720500.0 288956.0 14936000.0 409413000.0 3658730000.0 1014040000.0 391152000.0 23987600.0 67111400.0 -3.24 [-3.24]
6165950000000.0 1603180000000000.0 6500640000.0 34154200000.0 2275520000.0 1680270000.0 8357140000.0 30658900.0 61411200.0 54609600000.0 8611470.0 222706.0 14684900.0 410355000.0 3512450000.0 940441000.0 340512000.0 25721700.0 67822700.0 -3.22 [-3.22]
6165950000000.0 1523830000000000.0 6448120000.0 32368700000.0 2028120000.0 1710870000.0 7889710000.0 26161000.0 66260300.0 51651600000.0 6907030.0 171506.0 14428000.0 411287000.0 3369810000.0 871308000.0 296309000.0 27526000.0 68439400.0 -3.2 [-3.2]
6165950000000.0 1448280000000000.0 6393590000.0 30656600000.0 1804850000.0 1740880000.0 7437840000.0 22295100.0 71385700.0 48756800000.0 5524550.0 131774.0 14163900.0 412250000.0 3229810000.0 805987000.0 257548000.0 29408500.0 68964400.0 -3.18 [-3.18]
6165950000000.0 1376540000000000.0 6337230000.0 29020200000.0 1604110000.0 1770190000.0 7002550000.0 18982700.0 76781600.0 45937700000.0 4408280.0 101068.0 13894100.0 413229000.0 3093030000.0 744543000.0 223666000.0 31363700.0 69395700.0 -3.16 [-3.16]
6165950000000.0 1308410000000000.0 6279060000.0 27457400000.0 1423890000.0 1798610000.0 6583730000.0 16147200.0 82446900.0 43199300000.0 3509190.0 77385.6 13619500.0 414219000.0 2959640000.0 686852000.0 194084000.0 33388100.0 69733700.0 -3.14 [-3.14]
6165950000000.0 1243700000000000.0 6219070000.0 25965500000.0 1262330000.0 1825960000.0 6181170000.0 13721800.0 88379000.0 40545500000.0 2786760.0 59153.4 13340700.0 415217000.0 2829740000.0 632777000.0 168282000.0 35478400.0 69978200.0 -3.12 [-3.12]
6165950000000.0 1182260000000000.0 6157300000.0 24542300000.0 1117710000.0 1852070000.0 5794730000.0 11649200.0 94572600.0 37980200000.0 2207740.0 45144.3 13058500.0 416214000.0 2703440000.0 582182000.0 145801000.0 37630100.0 70130300.0 -3.1 [-3.1]
6165950000000.0 1123910000000000.0 6093760000.0 23185400000.0 988429000.0 1876730000.0 5424220000.0 9879560.0 101020000.0 35506600000.0 1744800.0 34399.1 12773500.0 417200000.0 2580770000.0 534920000.0 126231000.0 39838300.0 70190900.0 -3.08 [-3.08]
6165950000000.0 1068490000000000.0 6028470000.0 21892600000.0 873034000.0 1899740000.0 5069440000.0 8369940.0 107712000.0 33127400000.0 1375580.0 26172.1 12486400.0 418165000.0 2461790000.0 490845000.0 109210000.0 42097700.0 70161600.0 -3.06 [-3.06]
6165950000000.0 1015860000000000.0 5961460000.0 20661300000.0 770176000.0 1920890000.0 4730210000.0 7083310.0 114636000.0 30844600000.0 1081860.0 19883.9 12197700.0 419098000.0 2346510000.0 449806000.0 94420000.0 44402300.0 70044000.0 -3.04 [-3.04]
6165950000000.0 965746000000000.0 5892570000.0 19486600000.0 678440000.0 1939920000.0 4405610000.0 5985740.0 121787000.0 28655400000.0 848414.0 15077.7 11907400.0 419994000.0 2234640000.0 411567000.0 81555900.0 46750300.0 69839600.0 -3.02 [-3.02]
6165950000000.0 918399000000000.0 5822410000.0 18375100000.0 597251000.0 1956840000.0 4097590000.0 5055800.0 129115000.0 26575300000.0 664317.0 11430.2 11618300.0 420809000.0 2127080000.0 376252000.0 70437700.0 49121800.0 69553700.0 -3.0 [-3.0]
6165950000000.0 873309000000000.0 5750440000.0 17315600000.0 525023000.0 1971240000.0 3803760000.0 4263810.0 136634000.0 24590600000.0 518676.0 8649.81 11328500.0 421558000.0 2022880000.0 343442000.0 60779800.0 51522900.0 69186000.0 -2.98 [-2.98]
6165950000000.0 830479000000000.0 5676880000.0 16309000000.0 460997000.0 1983010000.0 3524610000.0 3591440.0 144309000.0 22706200000.0 403985.0 0.0 11039300.0 422216000.0 1922320000.0 313086000.0 52413000.0 53942500.0 68740300.0 -2.96 [-2.96]
6165950000000.0 789797000000000.0 5601790000.0 15353200000.0 404322000.0 1991980000.0 3259900000.0 3021250.0 152117000.0 20922000000.0 313899.0 0.0 10751200.0 422767000.0 1825360000.0 285045000.0 45170200.0 56373400.0 68219800.0 -2.94 [-2.94]
6165950000000.0 751153000000000.0 5525210000.0 14446100000.0 354219000.0 1998000000.0 3009380000.0 2538250.0 160031000.0 19237200000.0 243320.0 0.0 10464700.0 423195000.0 1731950000.0 259181000.0 38904500.0 58808400.0 67627800.0 -2.92 [-2.92]
6165950000000.0 714348000000000.0 5446980000.0 13583500000.0 309894000.0 2000830000.0 2772240000.0 2128840.0 168036000.0 17647400000.0 188077.0 0.0 10179300.0 423489000.0 1641780000.0 235306000.0 33478000.0 61245200.0 66965800.0 -2.9 [-2.9]
6165950000000.0 679573000000000.0 5367820000.0 12770300000.0 270982000.0 2000690000.0 2549760000.0 1784270.0 176067000.0 16161000000.0 145176.0 0.0 9897820.0 423614000.0 1555560000.0 213461000.0 28808200.0 63662500.0 66243800.0 -2.88 [-2.88]
6165950000000.0 646349000000000.0 5286860000.0 11995500000.0 236562000.0 1997040000.0 2339570000.0 1492260.0 184143000.0 14762900000.0 111694.0 0.0 9617370.0 423581000.0 1472200000.0 193304000.0 24759900.0 66073600.0 65456200.0 -2.86 [-2.86]
6165950000000.0 614878000000000.0 5204910000.0 11264100000.0 206363000.0 1990200000.0 2142870000.0 1246710.0 192197000.0 13460500000.0 85783.3 0.0 9340790.0 423352000.0 1392410000.0 174875000.0 21274600.0 68456200.0 64614600.0 -2.84 [-2.84]
6165950000000.0 584979000000000.0 5121780000.0 10571900000.0 179836000.0 1980020000.0 1958780000.0 1040050.0 200213000.0 12247800000.0 65738.8 0.0 9067530.0 422920000.0 1315870000.0 158008000.0 18269200.0 70809700.0 63720300.0 -2.82 [-2.82]
6165950000000.0 556651000000000.0 5037810000.0 9919220000.0 156613000.0 1966670000.0 1787300000.0 866697.0 208147000.0 11124300000.0 50296.2 0.0 8798690.0 422267000.0 1242730000.0 142631000.0 15684400.0 73123000.0 62780400.0 -2.8 [-2.8]
6165950000000.0 529576000000000.0 4952300000.0 9298630000.0 136168000.0 1949750000.0 1626860000.0 720609.0 216010000.0 10079400000.0 38361.2 0.0 8532120.0 421391000.0 1172240000.0 128525000.0 13448800.0 75406500.0 61789500.0 -2.78 [-2.78]
6165950000000.0 503927000000000.0 4866110000.0 8714170000.0 118317000.0 1929790000.0 1478200000.0 598481.0 223738000.0 9116790000.0 29214.6 0.0 8270470.0 420269000.0 1105010000.0 115708000.0 11528900.0 77639500.0 60760900.0 -2.76 [-2.76]
6165950000000.0 479627000000000.0 4779340000.0 8164020000.0 102746000.0 1906910000.0 1340810000.0 496510.0 231305000.0 8232460000.0 22217.9 0.0 8013960.0 418891000.0 1040940000.0 104076000.0 9880780.0 79817500.0 59699100.0 -2.74 [-2.74]
6165950000000.0 456462000000000.0 4691540000.0 7643310000.0 89113400.0 1880930000.0 1213540000.0 411139.0 238712000.0 7418430000.0 16856.3 0.0 7761180.0 417250000.0 979554000.0 93479600.0 8460620.0 81946800.0 58600900.0 -2.72 [-2.72]
6165950000000.0 434448000000000.0 4603060000.0 7152280000.0 77221200.0 1852160000.0 1096260000.0 339947.0 245927000.0 6672920000.0 12765.9 0.0 7513120.0 415338000.0 920978000.0 83867100.0 7240480.0 84018400.0 57473700.0 -2.7 [-2.7]
6165950000000.0 413526000000000.0 4514000000.0 6689520000.0 66858500.0 1820810000.0 988470000.0 280675.0 252931000.0 5991930000.0 9651.83 0.0 7269920.0 413146000.0 865140000.0 75160000.0 6192810.0 86029100.0 56321400.0 -2.68 [-2.68]
6165950000000.0 393640000000000.0 4424460000.0 6253650000.0 57837900.0 1787060000.0 889657000.0 231407.0 259708000.0 5371450000.0 7285.72 0.0 7031740.0 410669000.0 811965000.0 67284000.0 5293780.0 87975900.0 55147400.0 -2.66 [-2.66]
6165950000000.0 374678000000000.0 4334220000.0 5842030000.0 49975000.0 1750960000.0 799094000.0 190438.0 266254000.0 4806190000.0 5488.12 0.0 6797890.0 407899000.0 761203000.0 60150900.0 4521050.0 89861200.0 53951300.0 -2.64 [-2.64]
6165950000000.0 356713000000000.0 4244000000.0 5456080000.0 43162900.0 1713120000.0 716714000.0 156578.0 272539000.0 4294950000.0 4130.67 0.0 6570050.0 404842000.0 713131000.0 53735600.0 3860440.0 91672500.0 52744800.0 -2.62 [-2.62]
6165950000000.0 339637000000000.0 4153590000.0 5093230000.0 37251200.0 1673590000.0 641774000.0 128569.0 278563000.0 3832490000.0 3104.95 0.0 6347540.0 401495000.0 667496000.0 47957000.0 3294600.0 93412700.0 51527400.0 -2.6 [-2.6]
6165950000000.0 323404000000000.0 4063100000.0 4752270000.0 32125600.0 1632620000.0 573766000.0 105438.0 284322000.0 3415060000.0 2331.16 0.0 6130400.0 397859000.0 624218000.0 42758900.0 2810220.0 95080100.0 50302000.0 -2.58 [-2.58]
6165950000000.0 307972000000000.0 3972620000.0 4432090000.0 27685700.0 1590460000.0 512193000.0 86362.9 289812000.0 3039080000.0 0.0 0.0 5918680.0 393937000.0 583222000.0 38088900.0 2395830.0 96673100.0 49071900.0 -2.56 [-2.56]
6165950000000.0 293300000000000.0 3882260000.0 4131600000.0 23843300.0 1547330000.0 456576000.0 70657.1 295032000.0 2701140000.0 0.0 0.0 5712440.0 389735000.0 544430000.0 33898900.0 2041520.0 98190300.0 47840000.0 -2.54 [-2.54]
6165950000000.0 279350000000000.0 3792120000.0 3849750000.0 20520900.0 1503480000.0 406448000.0 57743.9 299982000.0 2397960000.0 0.0 0.0 5511680.0 385258000.0 507765000.0 30144200.0 1738770.0 99630300.0 46609000.0 -2.52 [-2.52]
6165950000000.0 266087000000000.0 3702300000.0 3585550000.0 17650500.0 1459120000.0 361362000.0 47141.5 304665000.0 2126470000.0 0.0 0.0 5316410.0 380516000.0 473150000.0 26783700.0 1480220.0 100992000.0 45381500.0 -2.5 [-2.5]
6165950000000.0 253475000000000.0 3612890000.0 3338040000.0 15172600.0 1414470000.0 320893000.0 38448.1 309085000.0 1883780000.0 0.0 0.0 5126620.0 375518000.0 440509000.0 23779500.0 1259550.0 102275000.0 44160100.0 -2.48 [-2.48]
