Cloudy_runs/s135712/component_II_PI_nH/component_II_PI_nH_col_density_param.txt
# %ECSV 1.0
# ---
# datatype:
# - {name: H, datatype: float64}
# - {name: H+, datatype: float64}
# - {name: C+, datatype: float64}
# - {name: C+2, datatype: float64}
# - {name: C+3, datatype: float64}
# - {name: N+2, datatype: float64}
# - {name: N+4, datatype: float64}
# - {name: O, datatype: float64}
# - {name: O+2, datatype: float64}
# - {name: O+5, datatype: float64}
# - {name: O+6, datatype: float64}
# - {name: Si+, datatype: float64}
# - {name: Si+2, datatype: float64}
# - {name: Si+3, datatype: float64}
# - {name: Si+4, datatype: float64}
# - {name: log_nH, datatype: float64}
# - {name: log_Te, datatype: float64}
# - {name: parameters, datatype: string, subtype: 'float64[1]'}
# schema: astropy-2.0
H H+ C+ C+2 C+3 N+2 N+4 O O+2 O+5 O+6 Si+ Si+2 Si+3 Si+4 log_nH log_Te parameters
3.01994e+16 1.14289e+21 3039800000000.0 501799000000000.0 1676490000000000.0 75359600000000.0 1249830000000000.0 15319100.0 268466000000000.0 1.32576e+16 1.78851e+16 2124790000.0 106061000000.0 518386000000.0 48208100000000.0 -5.0 4.546 [-5.0]
3.01993e+16 1.08202e+21 3283630000000.0 527481000000000.0 1695820000000000.0 79850800000000.0 1226150000000000.0 17087200.0 285053000000000.0 1.25074e+16 1.60969e+16 2510310000.0 122643000000.0 579998000000.0 51115800000000.0 -4.98 4.542 [-4.98]
3.01994e+16 1.0245e+21 3542420000000.0 553707000000000.0 1713110000000000.0 84492900000000.0 1200800000000000.0 19051600.0 302224000000000.0 1.17745e+16 1.44605e+16 2959850000.0 141585000000.0 647937000000.0 54119100000000.0 -4.96 4.537 [-4.96]
3.01993e+16 9.70199e+20 3817150000000.0 580456000000000.0 1728340000000000.0 89283400000000.0 1173900000000000.0 21237600.0 319970000000000.0 1.10612e+16 1.29673e+16 3483100000.0 163186000000.0 722684000000.0 57213200000000.0 -4.94 4.532 [-4.94]
3.01993e+16 9.18908e+20 4108480000000.0 607674000000000.0 1741350000000000.0 94219600000000.0 1145520000000000.0 23671800.0 338285000000000.0 1.03691e+16 1.16075e+16 4090860000.0 187772000000.0 804739000000.0 60392200000000.0 -4.92 4.528 [-4.92]
3.01993e+16 8.70425e+20 4416510000000.0 635320000000000.0 1752240000000000.0 99283100000000.0 1115820000000000.0 26371400.0 357105000000000.0 9699940000000000.0 1.03715e+16 4795250000.0 215715000000.0 894767000000.0 63654400000000.0 -4.9 4.524 [-4.9]
3.01993e+16 8.24575e+20 4741770000000.0 663312000000000.0 1760890000000000.0 104463000000000.0 1084880000000000.0 29369800.0 376399000000000.0 9055020000000000.0 9250170000000000.0 5610030000.0 247420000000.0 993355000000.0 66993000000000.0 -4.88 4.519 [-4.88]
3.01993e+16 7.81181e+20 5084090000000.0 691570000000000.0 1767300000000000.0 109739000000000.0 1052850000000000.0 32690800.0 396088000000000.0 8435380000000000.0 8234980000000000.0 6550420000.0 283335000000.0 1101200000000.0 70402700000000.0 -4.86 4.515 [-4.86]
3.01993e+16 7.40157e+20 5444900000000.0 720077000000000.0 1771430000000000.0 115112000000000.0 1019850000000000.0 36380900.0 416196000000000.0 7842100000000000.0 7318420000000000.0 7633870000.0 323949000000.0 1218860000000.0 73875000000000.0 -4.84 4.511 [-4.84]
3.01994e+16 7.01287e+20 5822120000000.0 748671000000000.0 1773240000000000.0 120544000000000.0 986013000000000.0 40446400.0 436596000000000.0 7275520000000000.0 6491780000000000.0 8877960000.0 369771000000.0 1347240000000.0 77404300000000.0 -4.82 4.506 [-4.82]
3.01994e+16 6.64546e+20 6219350000000.0 777393000000000.0 1772760000000000.0 126046000000000.0 951501000000000.0 44980000.0 457357000000000.0 6736210000000000.0 5748500000000000.0 10306200000.0 421433000000.0 1486790000000.0 80979000000000.0 -4.8 4.502 [-4.8]
3.01993e+16 6.29798e+20 6636080000000.0 806140000000000.0 1769940000000000.0 131597000000000.0 916439000000000.0 50015500.0 478400000000000.0 6224440000000000.0 5081880000000000.0 11941500000.0 479546000000.0 1638220000000.0 84588500000000.0 -4.78 4.498 [-4.78]
3.01994e+16 5.96856e+20 7069200000000.0 834719000000000.0 1764820000000000.0 137151000000000.0 880970000000000.0 55561100.0 499586000000000.0 5740300000000000.0 4484390000000000.0 13807400000.0 544782000000.0 1802710000000.0 88229100000000.0 -4.76 4.494 [-4.76]
3.01994e+16 5.65707e+20 7523330000000.0 863178000000000.0 1757350000000000.0 142725000000000.0 845248000000000.0 61746700.0 520975000000000.0 5283530000000000.0 3950850000000000.0 15936200000.0 617940000000.0 1980480000000.0 91881700000000.0 -4.74 4.49 [-4.74]
3.01994e+16 5.36191e+20 7994860000000.0 891315000000000.0 1747590000000000.0 148274000000000.0 809413000000000.0 68586700.0 542443000000000.0 4853570000000000.0 3474690000000000.0 18356200000.0 699795000000.0 2172740000000.0 95540800000000.0 -4.72 4.486 [-4.72]
3.01994e+16 5.08249e+20 8485240000000.0 919090000000000.0 1735540000000000.0 153790000000000.0 773599000000000.0 76175000.0 563970000000000.0 4450190000000000.0 3050950000000000.0 21102800000.0 791225000000.0 2380070000000.0 99190900000000.0 -4.7 4.482 [-4.7]
3.01994e+16 4.81787e+20 8993280000000.0 946380000000000.0 1721240000000000.0 159248000000000.0 737935000000000.0 84574800.0 585490000000000.0 4072760000000000.0 2674600000000000.0 24211900000.0 893137000000.0 2603360000000.0 102820000000000.0 -4.68 4.478 [-4.68]
3.01994e+16 4.56734e+20 9520540000000.0 973124000000000.0 1704730000000000.0 164635000000000.0 702549000000000.0 93922200.0 606977000000000.0 3720300000000000.0 2340930000000000.0 27727200000.0 1006600000000.0 2843230000000.0 106413000000000.0 -4.66 4.474 [-4.66]
3.01994e+16 4.33003e+20 10065700000000.0 999170000000000.0 1686040000000000.0 169922000000000.0 667565000000000.0 104318000.0 628349000000000.0 3392250000000000.0 2045600000000000.0 31693500000.0 1132730000000.0 3100620000000.0 109960000000000.0 -4.64 4.47 [-4.64]
3.01994e+16 4.10535e+20 10628300000000.0 1024460000000000.0 1665240000000000.0 175098000000000.0 633105000000000.0 115860000.0 649591000000000.0 3087480000000000.0 1784760000000000.0 36156600000.0 1272600000000.0 3376210000000.0 113443000000000.0 -4.62 4.466 [-4.62]
3.01994e+16 3.89237e+20 11206300000000.0 1048810000000000.0 1642350000000000.0 180127000000000.0 599256000000000.0 128673000.0 670582000000000.0 2805070000000000.0 1554740000000000.0 41165600000.0 1427360000000.0 3670760000000.0 116845000000000.0 -4.6 4.462 [-4.6]
3.01994e+16 3.69076e+20 11801400000000.0 1072210000000000.0 1617480000000000.0 185011000000000.0 566139000000000.0 142940000.0 691344000000000.0 2544030000000000.0 1352350000000000.0 46779500000.0 1598380000000.0 3984770000000.0 120152000000000.0 -4.58 4.458 [-4.58]
3.01994e+16 3.49972e+20 12410900000000.0 1094500000000000.0 1590690000000000.0 189718000000000.0 533835000000000.0 158802000.0 711784000000000.0 2303240000000000.0 1174510000000000.0 53054200000.0 1786920000000.0 4319060000000.0 123348000000000.0 -4.56 4.454 [-4.56]
3.01994e+16 3.31849e+20 13031800000000.0 1115500000000000.0 1562090000000000.0 194217000000000.0 502411000000000.0 176415000.0 731818000000000.0 2081580000000000.0 1018420000000000.0 60045200000.0 1994300000000.0 4674550000000.0 126417000000000.0 -4.54 4.45 [-4.54]
3.01994e+16 3.14738e+20 13673700000000.0 1135430000000000.0 1531760000000000.0 198549000000000.0 471964000000000.0 196183000.0 751555000000000.0 1878130000000000.0 881986000000000.0 67847100000.0 2222370000000.0 5050180000000.0 129342000000000.0 -4.52 4.446 [-4.52]
3.01994e+16 2.985e+20 14324400000000.0 1153880000000000.0 1499770000000000.0 202638000000000.0 442523000000000.0 218142000.0 770791000000000.0 1691620000000000.0 762574000000000.0 76503600000.0 2472260000000.0 5447880000000.0 132108000000000.0 -4.5 4.443 [-4.5]
3.01994e+16 2.83092e+20 14982100000000.0 1170760000000000.0 1466250000000000.0 206473000000000.0 414146000000000.0 242558000.0 789487000000000.0 1521000000000000.0 658206000000000.0 86085100000.0 2745510000000.0 5868160000000.0 134700000000000.0 -4.48 4.439 [-4.48]
3.01994e+16 2.68552e+20 15661000000000.0 1186380000000000.0 1431370000000000.0 210106000000000.0 386897000000000.0 270025000.0 807770000000000.0 1365370000000000.0 567444000000000.0 96715400000.0 3044320000000.0 6308960000000.0 137102000000000.0 -4.46 4.435 [-4.46]
3.01994e+16 2.54719e+20 16338400000000.0 1200100000000000.0 1395150000000000.0 213427000000000.0 360763000000000.0 300527000.0 825337000000000.0 1223480000000000.0 488299000000000.0 108412000000.0 3369500000000.0 6773400000000.0 139298000000000.0 -4.44 4.432 [-4.44]
3.01994e+16 2.41634e+20 17027300000000.0 1212240000000000.0 1357800000000000.0 216495000000000.0 335798000000000.0 334665000.0 842319000000000.0 1094570000000000.0 419608000000000.0 121303000000.0 3723230000000.0 7259300000000.0 141274000000000.0 -4.42 4.428 [-4.42]
3.01994e+16 2.29233e+20 17720600000000.0 1222610000000000.0 1319410000000000.0 219276000000000.0 312003000000000.0 372764000.0 858599000000000.0 977778000000000.0 360063000000000.0 135458000000.0 4106940000000.0 7767340000000.0 143018000000000.0 -4.4 4.424 [-4.4]
3.01994e+16 2.17487e+20 18420000000000.0 1231240000000000.0 1280120000000000.0 221776000000000.0 289388000000000.0 415349000.0 874169000000000.0 872174000000000.0 308534000000000.0 150974000000.0 4522310000000.0 8296390000000.0 144515000000000.0 -4.38 4.421 [-4.38]
3.01994e+16 2.06379e+20 19131600000000.0 1238230000000000.0 1240080000000000.0 224005000000000.0 267948000000000.0 463181000.0 889026000000000.0 776880000000000.0 264041000000000.0 167984000000.0 4971520000000.0 8844480000000.0 145751000000000.0 -4.36 4.417 [-4.36]
3.01995e+16 1.95803e+20 19828500000000.0 1242950000000000.0 1199360000000000.0 225873000000000.0 247655000000000.0 516374000.0 902921000000000.0 690943000000000.0 225544000000000.0 186461000000.0 5454530000000.0 9415020000000.0 146712000000000.0 -4.34 4.414 [-4.34]
3.01994e+16 1.85799e+20 20530500000000.0 1245930000000000.0 1158190000000000.0 227456000000000.0 228517000000000.0 575957000.0 916035000000000.0 613684000000000.0 192417000000000.0 206591000000.0 5973990000000.0 10003500000000.0 147394000000000.0 -4.32 4.41 [-4.32]
3.01994e+16 1.76323e+20 21233200000000.0 1247080000000000.0 1116690000000000.0 228737000000000.0 210508000000000.0 642665000.0 928301000000000.0 544328000000000.0 163930000000000.0 228455000000.0 6531210000000.0 10609000000000.0 147789000000000.0 -4.3 4.407 [-4.3]
3.01995e+16 1.67339e+20 21930800000000.0 1246320000000000.0 1075000000000000.0 229706000000000.0 193597000000000.0 717231000.0 939671000000000.0 482154000000000.0 139456000000000.0 252119000000.0 7127000000000.0 11230800000000.0 147886000000000.0 -4.28 4.403 [-4.28]
3.01995e+16 1.58828e+20 22625400000000.0 1243750000000000.0 1033250000000000.0 230374000000000.0 177756000000000.0 800675000.0 950142000000000.0 426521000000000.0 118477000000000.0 277686000000.0 7762630000000.0 11866400000000.0 147681000000000.0 -4.26 4.4 [-4.26]
3.01995e+16 1.50752e+20 23310600000000.0 1239240000000000.0 991578000000000.0 230723000000000.0 162945000000000.0 894088000.0 959640000000000.0 376800000000000.0 100503000000000.0 305209000000.0 8438590000000.0 12514600000000.0 147167000000000.0 -4.24 4.396 [-4.24]
3.01995e+16 1.43095e+20 23986600000000.0 1232920000000000.0 950106000000000.0 230768000000000.0 149132000000000.0 998525000.0 968179000000000.0 332444000000000.0 85137700000000.0 334761000000.0 9155280000000.0 13172500000000.0 146342000000000.0 -4.22 4.393 [-4.22]
3.01995e+16 1.35845e+20 24658900000000.0 1224980000000000.0 908988000000000.0 230527000000000.0 136277000000000.0 1115480000.0 975784000000000.0 292946000000000.0 72030700000000.0 366463000000.0 9913780000000.0 13836300000000.0 145208000000000.0 -4.2 4.389 [-4.2]
3.01995e+16 1.28956e+20 25310200000000.0 1215130000000000.0 868307000000000.0 229965000000000.0 124334000000000.0 1246040000.0 982327000000000.0 257797000000000.0 60850400000000.0 400232000000.0 10711900000000.0 14506100000000.0 143757000000000.0 -4.18 4.386 [-4.18]
3.01995e+16 1.22426e+20 25951800000000.0 1203680000000000.0 828176000000000.0 229120000000000.0 113264000000000.0 1392200000.0 987887000000000.0 226584000000000.0 51340700000000.0 436218000000.0 11550900000000.0 15176000000000.0 142000000000000.0 -4.16 4.382 [-4.16]
3.01995e+16 1.16231e+20 26577300000000.0 1190600000000000.0 788700000000000.0 227987000000000.0 103023000000000.0 1555640000.0 992418000000000.0 198899000000000.0 43258900000000.0 474396000000.0 12428800000000.0 15843400000000.0 139936000000000.0 -4.14 4.379 [-4.14]
3.01995e+16 1.10359e+20 27188600000000.0 1176070000000000.0 749976000000000.0 226587000000000.0 93569600000000.0 1738200000.0 995952000000000.0 174385000000000.0 36403700000000.0 514804000000.0 13344600000000.0 16504000000000.0 137578000000000.0 -4.12 4.375 [-4.12]
3.01995e+16 1.04785e+20 27781600000000.0 1160050000000000.0 712091000000000.0 224913000000000.0 84856700000000.0 1942430000.0 998429000000000.0 152701000000000.0 30593300000000.0 557398000000.0 14295800000000.0 17154300000000.0 134928000000000.0 -4.1 4.372 [-4.1]
3.01995e+16 9.94916e+19 28350000000000.0 1142610000000000.0 675121000000000.0 222974000000000.0 76841700000000.0 2170260000.0 999861000000000.0 133544000000000.0 25674400000000.0 602058000000.0 15278500000000.0 17791000000000.0 131997000000000.0 -4.08 4.369 [-4.08]
3.01995e+16 9.44726e+19 28902700000000.0 1123970000000000.0 639136000000000.0 220794000000000.0 69484100000000.0 2424850000.0 1000270000000000.0 116650000000000.0 21522400000000.0 648862000000.0 16291500000000.0 18407700000000.0 128803000000000.0 -4.06 4.365 [-4.06]
3.01995e+16 8.97036e+19 29428300000000.0 1104090000000000.0 604205000000000.0 218366000000000.0 62739500000000.0 2708940000.0 999627000000000.0 101763000000000.0 18016800000000.0 697557000000.0 17328300000000.0 19002100000000.0 125353000000000.0 -4.04 4.362 [-4.04]
3.01995e+16 8.51844e+19 29940800000000.0 1083270000000000.0 570373000000000.0 215727000000000.0 56571500000000.0 3026430000.0 997993000000000.0 88672600000000.0 15066300000000.0 748262000000.0 18388000000000.0 19565900000000.0 121675000000000.0 -4.02 4.359 [-4.02]
3.01995e+16 8.08831e+19 30415700000000.0 1061270000000000.0 537675000000000.0 212849000000000.0 50935300000000.0 3380040000.0 995267000000000.0 77160900000000.0 12579200000000.0 800444000000.0 19459100000000.0 20100100000000.0 117772000000000.0 -4.0 4.355 [-4.0]
3.01995e+16 7.6805e+19 30873300000000.0 1038490000000000.0 506149000000000.0 209781000000000.0 45798100000000.0 3774520000.0 991564000000000.0 67064000000000.0 10490600000000.0 854272000000.0 20541300000000.0 20595000000000.0 113679000000000.0 -3.98 4.352 [-3.98]
3.01995e+16 7.29333e+19 31306700000000.0 1014960000000000.0 475826000000000.0 206524000000000.0 41122400000000.0 4214280000.0 986865000000000.0 58215600000000.0 8737380000000.0 909436000000.0 21626200000000.0 21047600000000.0 109416000000000.0 -3.96 4.348 [-3.96]
3.01995e+16 6.92583e+19 31717200000000.0 990790000000000.0 446716000000000.0 203093000000000.0 36873800000000.0 4704390000.0 981188000000000.0 50471600000000.0 7267690000000.0 965745000000.0 22707500000000.0 21452800000000.0 105006000000000.0 -3.94 4.345 [-3.94]
3.01993e+16 6.57686e+19 32102200000000.0 966048000000000.0 418828000000000.0 199498000000000.0 33019500000000.0 5249850000.0 974540000000000.0 43702200000000.0 6037090000000.0 1022900000000.0 23776900000000.0 21807000000000.0 100474000000000.0 -3.92 4.341 [-3.92]
3.01995e+16 6.24508e+19 32456900000000.0 940771000000000.0 392166000000000.0 195744000000000.0 29527000000000.0 5857030000.0 966914000000000.0 37789100000000.0 5007180000000.0 1080520000000.0 24824600000000.0 22108200000000.0 95843300000000.0 -3.9 4.338 [-3.9]
3.01995e+16 5.93014e+19 32787700000000.0 915143000000000.0 366730000000000.0 191856000000000.0 26369300000000.0 6532360000.0 958364000000000.0 32634800000000.0 4147410000000.0 1138440000000.0 25845000000000.0 22350600000000.0 91146200000000.0 -3.88 4.334 [-3.88]
3.01995e+16 5.63118e+19 33095600000000.0 889270000000000.0 342506000000000.0 187847000000000.0 23518400000000.0 7283020000.0 948923000000000.0 28146900000000.0 3430510000000.0 1196390000000.0 26830100000000.0 22531400000000.0 86411000000000.0 -3.86 4.331 [-3.86]
3.01995e+16 5.34689e+19 33371900000000.0 863129000000000.0 319481000000000.0 183717000000000.0 20947500000000.0 8116790000.0 938563000000000.0 24242200000000.0 2832980000000.0 1253810000000.0 27767800000000.0 22650500000000.0 81659000000000.0 -3.84 4.328 [-3.84]
3.01995e+16 5.07731e+19 33631800000000.0 836977000000000.0 297633000000000.0 179503000000000.0 18634100000000.0 9043000000.0 927391000000000.0 20852800000000.0 2336500000000.0 1310780000000.0 28656900000000.0 22702400000000.0 76928200000000.0 -3.82 4.324 [-3.82]
