Cloudy_runs/s135712/component_II_PI_nH/component_II_PI_nH_col_density_param.txt
# %ECSV 1.0
# ---
# datatype:
# - {name: H, datatype: float64}
# - {name: H+, datatype: float64}
# - {name: C+, datatype: float64}
# - {name: C+2, datatype: float64}
# - {name: C+3, datatype: float64}
# - {name: N+2, datatype: float64}
# - {name: N+4, datatype: float64}
# - {name: O, datatype: float64}
# - {name: O+2, datatype: float64}
# - {name: O+5, datatype: float64}
# - {name: O+6, datatype: float64}
# - {name: Si+, datatype: float64}
# - {name: Si+2, datatype: float64}
# - {name: Si+3, datatype: float64}
# - {name: Si+4, datatype: float64}
# - {name: log_nH, datatype: float64}
# - {name: log_Te, datatype: float64}
# - {name: parameters, datatype: string, subtype: 'float64[1]'}
# schema: astropy-2.0
H H+ C+ C+2 C+3 N+2 N+4 O O+2 O+5 O+6 Si+ Si+2 Si+3 Si+4 log_nH log_Te parameters
[from data line 126]
3.01994e+16 1.65638e+18 20610100000000.0 24500900000000.0 167532000000.0 3066810000000.0 545890000.0 1366160000000.0 18797600000000.0 0.0 0.0 2002660000000.0 3229850000000.0 216708000000.0 14467100000.0 -2.48 4.11 [-2.48]
3.01994e+16 1.57673e+18 20153600000000.0 22838200000000.0 144292000000.0 2736480000000.0 446938000.0 1395060000000.0 16713200000000.0 0.0 0.0 1982930000000.0 3017450000000.0 192902000000.0 12329500000.0 -2.46 4.108 [-2.46]
3.01994e+16 1.50104e+18 19697200000000.0 21278500000000.0 124188000000.0 2438090000000.0 365470000.0 1422560000000.0 14840100000000.0 0.0 0.0 1961820000000.0 2816490000000.0 171560000000.0 10502500000.0 -2.44 4.105 [-2.44]
3.01994e+16 1.42911e+18 19241500000000.0 19816300000000.0 106811000000.0 2169160000000.0 298496000.0 1448660000000.0 13160400000000.0 0.0 0.0 1939350000000.0 2626560000000.0 152449000000.0 8941720000.0 -2.42 4.103 [-2.42]
3.01994e+16 1.36075e+18 18786900000000.0 18446400000000.0 91806100000.0 1927320000000.0 243525000.0 1473350000000.0 11657200000000.0 0.0 0.0 1915570000000.0 2447270000000.0 135359000000.0 7609310000.0 -2.4 4.101 [-2.4]
3.01994e+16 1.29578e+18 18334000000000.0 17163700000000.0 78859200000.0 1710300000000.0 198469000.0 1496660000000.0 10314400000000.0 0.0 0.0 1890510000000.0 2278210000000.0 120092000000.0 6472480000.0 -2.38 4.098 [-2.38]
3.01994e+16 1.23403e+18 17883400000000.0 15963400000000.0 67697900000.0 1515920000000.0 161589000.0 1518620000000.0 9116960000000.0 0.0 0.0 1864240000000.0 2118970000000.0 106469000000.0 5503030000.0 -2.36 4.096 [-2.36]
3.01994e+16 1.17533e+18 17435600000000.0 14840800000000.0 58084400000.0 1342170000000.0 131442000.0 1539240000000.0 8050830000000.0 0.0 0.0 1836800000000.0 1969170000000.0 94326800000.0 4676880000.0 -2.34 4.094 [-2.34]
3.01994e+16 1.11948e+18 16990500000000.0 13790900000000.0 49806100000.0 1187050000000.0 106821000.0 1558580000000.0 7102900000000.0 0.0 0.0 1808350000000.0 1828200000000.0 83510700000.0 3972700000.0 -2.32 4.091 [-2.32]
3.01994e+16 1.06644e+18 16549600000000.0 12810800000000.0 42690500000.0 1048970000000.0 86751900.0 1576670000000.0 6261970000000.0 0.0 0.0 1778800000000.0 1696100000000.0 73895500000.0 3373760000.0 -2.3 4.089 [-2.3]
3.01994e+16 1.01602e+18 16112900000000.0 11896000000000.0 36575200000.0 926163000000.0 70404300.0 1593550000000.0 5516660000000.0 0.0 0.0 1748290000000.0 1572270000000.0 65351800000.0 2864170000.0 -2.28 4.087 [-2.28]
3.01994e+16 9.68078e+17 15680800000000.0 11042300000000.0 31322600000.0 817101000000.0 57100700.0 1609280000000.0 4856880000000.0 0.0 0.0 1716930000000.0 1456300000000.0 57766400000.0 2430800000.0 -2.26 4.084 [-2.26]
3.01994e+16 9.225e+17 15253800000000.0 10246400000000.0 26814600000.0 720386000000.0 46285300.0 1623900000000.0 4273550000000.0 0.0 0.0 1684780000000.0 1347860000000.0 51038700000.0 2062490000.0 -2.24 4.082 [-2.24]
3.01994e+16 8.79156e+17 14832200000000.0 9504560000000.0 22947200000.0 634715000000.0 37499200.0 1637480000000.0 3758280000000.0 0.0 0.0 1651940000000.0 1246520000000.0 45075400000.0 1749540000.0 -2.22 4.08 [-2.22]
3.01994e+16 8.3795e+17 14416500000000.0 8813670000000.0 19632000000.0 558932000000.0 30368200.0 1650050000000.0 3303640000000.0 0.0 0.0 1618490000000.0 1152000000000.0 39795000000.0 1483840000.0 -2.2 4.078 [-2.2]
3.01994e+16 7.98669e+17 14006000000000.0 8168950000000.0 16786600000.0 491852000000.0 24576700.0 1661700000000.0 2902230000000.0 0.0 0.0 1584430000000.0 1063680000000.0 35113800000.0 1257960000.0 -2.18 4.076 [-2.18]
3.01994e+16 7.6144e+17 13603300000000.0 7571140000000.0 14355800000.0 432764000000.0 19891800.0 1672430000000.0 2549430000000.0 0.0 0.0 1550100000000.0 981699000000.0 30984900000.0 1066720000.0 -2.16 4.073 [-2.16]
3.01994e+16 7.26038e+17 13207400000000.0 7015280000000.0 12275100000.0 380646000000.0 16096500.0 1682320000000.0 2238900000000.0 0.0 0.0 1515430000000.0 905464000000.0 27336000000.0 904527000.0 -2.14 4.071 [-2.14]
3.01994e+16 6.92246e+17 12817300000000.0 6496680000000.0 10489900000.0 334596000000.0 13016700.0 1691440000000.0 1965070000000.0 0.0 0.0 1480340000000.0 834423000000.0 24104000000.0 766689000.0 -2.12 4.069 [-2.12]
3.01994e+16 6.60233e+17 12436000000000.0 6016910000000.0 8967560000.0 294143000000.0 10530100.0 1699790000000.0 1724960000000.0 0.0 0.0 1445320000000.0 768670000000.0 21259500000.0 650122000.0 -2.1 4.067 [-2.1]
3.01994e+16 6.29728e+17 12061600000000.0 5570540000000.0 7663970000.0 258492000000.0 8515880.0 1707460000000.0 1513720000000.0 0.0 0.0 1410110000000.0 707639000000.0 18745900000.0 551233000.0 -2.08 4.065 [-2.08]
3.01994e+16 6.00716e+17 11695000000000.0 5156340000000.0 6549820000.0 227136000000.0 6886950.0 1714460000000.0 1328210000000.0 0.0 0.0 1374900000000.0 651145000000.0 16529100000.0 467471000.0 -2.06 4.063 [-2.06]
3.01994e+16 5.73145e+17 11336800000000.0 4772430000000.0 5598310000.0 199584000000.0 5570370.0 1720840000000.0 1165440000000.0 0.0 0.0 1339780000000.0 598949000000.0 14575900000.0 396567000.0 -2.04 4.061 [-2.04]
3.01994e+16 5.469e+17 10986300000000.0 4416200000000.0 4785010000.0 175359000000.0 4505540.0 1726650000000.0 1022540000000.0 0.0 0.0 1304800000000.0 550662000000.0 12853500000.0 336477000.0 -2.02 4.059 [-2.02]
3.01994e+16 5.21925e+17 10644000000000.0 4085950000000.0 4090200000.0 154072000000.0 3644670.0 1731920000000.0 897160000000.0 0.0 0.0 1270060000000.0 506044000000.0 11335400000.0 285569000.0 -2.0 4.057 [-2.0]
3.01994e+16 4.98162e+17 10310000000000.0 3779940000000.0 3496770000.0 135376000000.0 2948790.0 1736690000000.0 787183000000.0 0.0 0.0 1235620000000.0 464864000000.0 9997950000.0 242446000.0 -1.98 4.055 [-1.98]
3.01994e+16 4.75547e+17 9984210000000.0 3496460000000.0 2989930000.0 118956000000.0 2386260.0 1740990000000.0 690722000000.0 0.0 0.0 1201540000000.0 426883000000.0 8819680000.0 205916000.0 -1.96 4.053 [-1.96]
3.01994e+16 4.53975e+17 9666000000000.0 3233420000000.0 2556520000.0 104518000000.0 1931080.0 1744850000000.0 606049000000.0 0.0 0.0 1167860000000.0 391727000000.0 7780230000.0 174903000.0 -1.94 4.051 [-1.94]
3.01994e+16 4.33495e+17 9356990000000.0 2990490000000.0 2186990000.0 91866000000.0 1563560.0 1748300000000.0 531906000000.0 0.0 0.0 1134660000000.0 359503000000.0 6866330000.0 148689000.0 -1.92 4.049 [-1.92]
3.01994e+16 4.14001e+17 9056360000000.0 2765680000000.0 1871440000.0 80760600000.0 1266420.0 1751360000000.0 466910000000.0 0.0 0.0 1101980000000.0 329847000000.0 6061450000.0 126474000.0 -1.9 4.047 [-1.9]
3.01994e+16 3.95445e+17 8764090000000.0 2557720000000.0 1601950000.0 71013400000.0 1026140.0 1754060000000.0 409932000000.0 0.0 0.0 1069850000000.0 302575000000.0 5352570000.0 107644000.0 -1.88 4.045 [-1.88]
3.01994e+16 3.77824e+17 8480920000000.0 2365760000000.0 1372090000.0 62471900000.0 831972.0 1756420000000.0 360024000000.0 0.0 0.0 1038300000000.0 277668000000.0 4729160000.0 91721000.0 -1.86 4.043 [-1.86]
3.01994e+16 3.61006e+17 8205250000000.0 2187910000000.0 1175440000.0 54961100000.0 674709.0 1758470000000.0 316228000000.0 0.0 0.0 1007410000000.0 254633000000.0 4179080000.0 78172500.0 -1.84 4.042 [-1.84]
3.01994e+16 3.44994e+17 7937780000000.0 2023500000000.0 1007430000.0 48368200000.0 547442.0 1760230000000.0 277833000000.0 0.0 0.0 977170000000.0 233483000000.0 3694480000.0 66676000.0 -1.82 4.04 [-1.82]
3.01994e+16 3.29749e+17 7678460000000.0 1871580000000.0 863875000.0 42580800000.0 444421.0 1761710000000.0 244171000000.0 0.0 0.0 947614000000.0 214079000000.0 3267520000.0 56917400.0 -1.8 4.038 [-1.8]
3.01994e+16 3.15231e+17 7427160000000.0 1731190000000.0 741164000.0 37499000000.0 0.0 1762920000000.0 214650000000.0 0.0 0.0 918759000000.0 196278000000.0 2891230000.0 48628600.0 -1.78 4.036 [-1.78]
3.01994e+16 3.01407e+17 7183800000000.0 1601500000000.0 636253000.0 33036700000.0 0.0 1763900000000.0 188761000000.0 0.0 0.0 890623000000.0 179959000000.0 2559540000.0 41585300.0 -1.76 4.034 [-1.76]
3.01995e+16 2.88252e+17 6948470000000.0 1481780000000.0 546563000.0 29119700000.0 0.0 1764650000000.0 166059000000.0 0.0 0.0 863215000000.0 165042000000.0 2267240000.0 35602300.0 -1.74 4.032 [-1.74]
3.01994e+16 2.75712e+17 6720600000000.0 1371140000000.0 469791000.0 25676200000.0 0.0 1765170000000.0 146135000000.0 0.0 0.0 836549000000.0 151340000000.0 2009300000.0 30506100.0 -1.72 4.031 [-1.72]
3.01994e+16 2.63768e+17 6500290000000.0 1268980000000.0 404083000.0 22650500000.0 0.0 1765500000000.0 128653000000.0 0.0 0.0 810631000000.0 138790000000.0 1781730000.0 26167200.0 -1.7 4.029 [-1.7]
3.01994e+16 2.52365e+17 6286910000000.0 1174450000000.0 347743000.0 19987100000.0 0.0 1765640000000.0 113292000000.0 0.0 0.0 785423000000.0 127257000000.0 1580610000.0 22463600.0 -1.68 4.027 [-1.68]
3.01994e+16 2.41525e+17 6081220000000.0 1087340000000.0 299541000.0 17648700000.0 0.0 1765590000000.0 99820000000.0 0.0 0.0 760994000000.0 116743000000.0 1403280000.0 19311800.0 -1.66 4.025 [-1.66]
3.01994e+16 2.31196e+17 5882620000000.0 1006910000000.0 258221000.0 15591900000.0 0.0 1765370000000.0 87988000000.0 0.0 0.0 737309000000.0 107123000000.0 1246640000.0 16622000.0 -1.64 4.024 [-1.64]
3.01994e+16 2.21354e+17 5690930000000.0 932659000000.0 222784000.0 13782100000.0 0.0 1764990000000.0 77594300000.0 0.0 0.0 714371000000.0 98313200000.0 1108230000.0 14323900.0 -1.62 4.022 [-1.62]
3.01994e+16 2.11987e+17 5506230000000.0 864195000000.0 192400000.0 12190200000.0 0.0 1764460000000.0 68467400000.0 0.0 0.0 692199000000.0 90260100000.0 985947000.0 12360200.0 -1.6 4.02 [-1.6]
3.01995e+16 2.03032e+17 5327560000000.0 800784000000.0 166259000.0 10785800000.0 0.0 1763790000000.0 60430300000.0 0.0 0.0 670686000000.0 82871100000.0 877576000.0 10676600.0 -1.58 4.019 [-1.58]
3.01994e+16 1.94508e+17 5155530000000.0 742323000000.0 143820000.0 9549680000.0 0.0 1762970000000.0 53368700000.0 0.0 0.0 649919000000.0 76118600000.0 781757000.0 9235440.0 -1.56 4.017 [-1.56]
3.01994e+16 1.86381e+17 4989700000000.0 688333000000.0 124525000.0 8460150000.0 0.0 1762020000000.0 47156100000.0 0.0 0.0 629853000000.0 69940600000.0 696904000.0 7999430.0 -1.54 4.015 [-1.54]
3.01995e+16 1.78633e+17 4829920000000.0 638476000000.0 107924000.0 7499430000.0 0.0 1760950000000.0 41688800000.0 0.0 0.0 610480000000.0 64286200000.0 621727000.0 6938200.0 -1.52 4.014 [-1.52]
3.01994e+16 1.71243e+17 4675980000000.0 592425000000.0 93627900.0 6651850000.0 0.0 1759760000000.0 36875100000.0 0.0 0.0 591783000000.0 59111600000.0 555080000.0 6026030.0 -1.5 4.012 [-1.5]
3.01995e+16 1.64196e+17 4527720000000.0 549884000000.0 81307700.0 5903690000.0 0.0 1758460000000.0 32635000000.0 0.0 0.0 573747000000.0 54374800000.0 495958000.0 5241030.0 -1.48 4.01 [-1.48]
3.01995e+16 1.5748e+17 4385100000000.0 510623000000.0 70689200.0 5243350000.0 0.0 1757050000000.0 28901300000.0 0.0 0.0 556379000000.0 50039000000.0 443515000.0 4565000.0 -1.46 4.009 [-1.46]
3.01994e+16 1.51059e+17 4247490000000.0 474258000000.0 61508900.0 4659130000.0 0.0 1755540000000.0 25604400000.0 0.0 0.0 539594000000.0 46068700000.0 396869000.0 3981310.0 -1.44 4.007 [-1.44]
3.01995e+16 1.44943e+17 4115280000000.0 440718000000.0 53588300.0 4143180000.0 0.0 1753930000000.0 22700500000.0 0.0 0.0 523462000000.0 42431200000.0 355464000.0 3477560.0 -1.42 4.006 [-1.42]
3.01995e+16 1.39104e+17 3987970000000.0 409690000000.0 46735800.0 3686650000.0 0.0 1752230000000.0 20136500000.0 0.0 0.0 507911000000.0 39102500000.0 318624000.0 3041910.0 -1.4 4.004 [-1.4]
3.01995e+16 1.33529e+17 3865420000000.0 380992000000.0 40803700.0 3282500000.0 0.0 1750440000000.0 17872500000.0 0.0 0.0 492934000000.0 36050900000.0 285833000.0 2664620.0 -1.38 4.003 [-1.38]
3.01995e+16 1.28206e+17 3747500000000.0 354451000000.0 35664500.0 2924590000.0 0.0 1748560000000.0 15872600000.0 0.0 0.0 478518000000.0 33254300000.0 256629000.0 2337530.0 -1.36 4.001 [-1.36]
3.01995e+16 1.23124e+17 3634040000000.0 329896000000.0 31207900.0 2607440000.0 0.0 1746600000000.0 14105200000.0 0.0 0.0 464645000000.0 30690500000.0 230601000.0 2053570.0 -1.34 3.999 [-1.34]
3.01995e+16 1.18273e+17 3524940000000.0 307184000000.0 27340500.0 2326320000.0 0.0 1744570000000.0 12542700000.0 0.0 0.0 451302000000.0 28341300000.0 207394000.0 1806830.0 -1.32 3.998 [-1.32]
3.01995e+16 1.13635e+17 3419890000000.0 286141000000.0 23978200.0 2076740000.0 0.0 1742460000000.0 11159600000.0 0.0 0.0 438457000000.0 26182100000.0 186669000.0 1591900.0 -1.3 3.996 [-1.3]
3.01995e+16 1.09207e+17 3318880000000.0 266665000000.0 21054700.0 1855260000.0 0.0 1740290000000.0 9935570000.0 0.0 0.0 426109000000.0 24202600000.0 168164000.0 1404650.0 -1.28 3.995 [-1.28]
3.01995e+16 1.04975e+17 3221720000000.0 248627000000.0 18509400.0 1658510000.0 0.0 1738050000000.0 8851390000.0 0.0 0.0 414235000000.0 22385400000.0 151623000.0 1241230.0 -1.26 3.993 [-1.26]
3.01995e+16 1.00931e+17 3128250000000.0 231913000000.0 16290900.0 1483620000.0 0.0 1735750000000.0 7890510000.0 0.0 0.0 402819000000.0 20716100000.0 136826000.0 1098400.0 -1.24 3.992 [-1.24]
3.01995e+16 9.70653e+16 3038340000000.0 216422000000.0 14355300.0 1328060000.0 0.0 1733380000000.0 7038450000.0 0.0 0.0 391843000000.0 19182600000.0 123580000.0 973416.0 -1.22 3.99 [-1.22]
3.01995e+16 9.33691e+16 2951840000000.0 202057000000.0 12664600.0 1189610000.0 0.0 1730970000000.0 6282400000.0 0.0 0.0 381292000000.0 17772600000.0 111711000.0 863882.0 -1.2 3.989 [-1.2]
3.01995e+16 8.98351e+16 2868640000000.0 188734000000.0 11186500.0 1066310000.0 0.0 1728500000000.0 5611200000.0 0.0 0.0 371150000000.0 16476500000.0 101071000.0 767776.0 -1.18 3.988 [-1.18]
3.01995e+16 8.64542e+16 2788570000000.0 176369000000.0 9892450.0 956403000.0 0.0 1725980000000.0 5014900000.0 0.0 0.0 361401000000.0 15283000000.0 91521600.0 683309.0 -1.16 3.986 [-1.16]
3.01995e+16 8.32204e+16 2711550000000.0 164893000000.0 8758630.0 858407000.0 0.0 1723420000000.0 4484900000.0 0.0 0.0 352032000000.0 14185100000.0 82946800.0 608999.0 -1.14 3.985 [-1.14]
3.01995e+16 8.01259e+16 2637430000000.0 154236000000.0 7763960.0 770954000.0 0.0 1720810000000.0 4013510000.0 0.0 0.0 343027000000.0 13173700000.0 75239900.0 543520.0 -1.12 3.983 [-1.12]
3.01995e+16 7.71641e+16 2566100000000.0 144334000000.0 6890390.0 692862000.0 0.0 1718170000000.0 3593970000.0 0.0 0.0 334371000000.0 12241800000.0 68307600.0 485749.0 -1.1 3.982 [-1.1]
3.01995e+16 7.43291e+16 2497450000000.0 135131000000.0 6122360.0 623085000.0 0.0 1715490000000.0 3220380000.0 0.0 0.0 326052000000.0 11382800000.0 62067200.0 434710.0 -1.08 3.98 [-1.08]
3.01995e+16 7.16144e+16 2431360000000.0 126574000000.0 5446320.0 560692000.0 0.0 1712770000000.0 2887470000.0 0.0 0.0 318056000000.0 10590300000.0 56444900.0 389556.0 -1.06 3.979 [-1.06]
3.01995e+16 6.90145e+16 2367740000000.0 118614000000.0 4850610.0 504868000.0 0.0 1710030000000.0 2590650000.0 0.0 0.0 310371000000.0 9858960000.0 51375500.0 349555.0 -1.04 3.978 [-1.04]
3.01995e+16 6.65238e+16 2306470000000.0 111205000000.0 4325070.0 454885000.0 0.0 1707250000000.0 2325830000.0 0.0 0.0 302982000000.0 9183530000.0 46800700.0 314072.0 -1.02 3.976 [-1.02]
3.01995e+16 6.4137e+16 2247460000000.0 104306000000.0 3860890.0 410099000.0 0.0 1704450000000.0 2089400000.0 0.0 0.0 295878000000.0 8559260000.0 42668700.0 282552.0 -1.0 3.975 [-1.0]
3.01995e+16 6.18501e+16 2190620000000.0 97881400000.0 3450530.0 369957000.0 0.0 1701630000000.0 1878210000.0 0.0 0.0 289050000000.0 7982560000.0 38934400.0 254525.0 -0.98 3.973 [-0.98]
3.01995e+16 5.96577e+16 2135870000000.0 91893500000.0 3087280.0 333944000.0 0.0 1698790000000.0 1689440000.0 0.0 0.0 282484000000.0 7449010000.0 35556200.0 229566.0 -0.96 3.972 [-0.96]
3.01995e+16 5.75542e+16 2083070000000.0 86307300000.0 2765300.0 301597000.0 0.0 1695920000000.0 1520530000.0 0.0 0.0 276168000000.0 6954220000.0 32497100.0 207301.0 -0.94 3.971 [-0.94]
