Cloudy_runs/s135712/component_II_PI_nH/component_II_PI_nH_col_density_param.txt
# %ECSV 1.0
# ---
# datatype:
# - {name: H, datatype: float64}
# - {name: H+, datatype: float64}
# - {name: C+, datatype: float64}
# - {name: C+2, datatype: float64}
# - {name: C+3, datatype: float64}
# - {name: N+2, datatype: float64}
# - {name: N+4, datatype: float64}
# - {name: O, datatype: float64}
# - {name: O+2, datatype: float64}
# - {name: O+5, datatype: float64}
# - {name: O+6, datatype: float64}
# - {name: Si+, datatype: float64}
# - {name: Si+2, datatype: float64}
# - {name: Si+3, datatype: float64}
# - {name: Si+4, datatype: float64}
# - {name: log_nH, datatype: float64}
# - {name: log_Te, datatype: float64}
# - {name: parameters, datatype: string, subtype: 'float64[1]'}
# schema: astropy-2.0
H H+ C+ C+2 C+3 N+2 N+4 O O+2 O+5 O+6 Si+ Si+2 Si+3 Si+4 log_nH log_Te parameters
[from data line 61]
3.01993e+16 4.57799e+19 34079700000000.0 784657000000000.0 257367000000000.0 170830000000000.0 14688500000000.0 11210700000.0 902583000000000.0 15365600000000.0 1582100000000.0 1421480000000.0 30248200000000.0 22607100000000.0 67617400000000.0 -3.78 4.317 [-3.78]
3.01995e+16 4.34713e+19 34271000000000.0 758672000000000.0 238895000000000.0 166403000000000.0 13016500000000.0 12473900000.0 889045000000000.0 13162600000000.0 1298920000000.0 1474700000000.0 30938200000000.0 22460200000000.0 63089900000000.0 -3.76 4.313 [-3.76]
3.01994e+16 4.12769e+19 34438300000000.0 732838000000000.0 221481000000000.0 161924000000000.0 11519900000000.0 13873300000.0 874750000000000.0 11258900000000.0 1064690000000.0 1526000000000.0 31547700000000.0 22248700000000.0 58674000000000.0 -3.74 4.31 [-3.74]
3.01993e+16 3.91934e+19 34584400000000.0 707259000000000.0 205094000000000.0 157412000000000.0 10182800000000.0 15421600000.0 859774000000000.0 9616720000000.0 871311000000.0 1575240000000.0 32073500000000.0 21974500000000.0 54393200000000.0 -3.72 4.306 [-3.72]
3.01992e+16 3.72153e+19 34712100000000.0 681998000000000.0 189696000000000.0 152879000000000.0 8989950000000.0 17134100000.0 844154000000000.0 8202130000000.0 711938000000.0 1622260000000.0 32512900000000.0 21639700000000.0 50265500000000.0 -3.7 4.303 [-3.7]
3.01995e+16 3.53391e+19 34824800000000.0 657141000000000.0 175249000000000.0 148343000000000.0 7927460000000.0 19025600000.0 827967000000000.0 6985710000000.0 580845000000.0 1667000000000.0 32865700000000.0 21247100000000.0 46308400000000.0 -3.68 4.299 [-3.68]
3.01993e+16 3.35538e+19 34912000000000.0 632602000000000.0 161711000000000.0 143792000000000.0 6981580000000.0 21115300000.0 811144000000000.0 5939870000000.0 472996000000.0 1708880000000.0 33121400000000.0 20802900000000.0 42525800000000.0 -3.66 4.296 [-3.66]
3.01993e+16 3.18625e+19 34989200000000.0 608585000000000.0 149049000000000.0 139265000000000.0 6141900000000.0 23419200000.0 793863000000000.0 5043770000000.0 384647000000.0 1748360000000.0 33291300000000.0 20308300000000.0 38938700000000.0 -3.64 4.292 [-3.64]
3.01993e+16 3.02545e+19 35045300000000.0 584991000000000.0 137217000000000.0 134748000000000.0 5396580000000.0 25960200000.0 776060000000000.0 4275790000000.0 312224000000.0 1784930000000.0 33366300000000.0 19771000000000.0 35545200000000.0 -3.62 4.289 [-3.62]
3.01993e+16 2.87279e+19 35085700000000.0 561903000000000.0 126179000000000.0 130259000000000.0 4736240000000.0 28758900000.0 757821000000000.0 3619060000000.0 253010000000.0 1818730000000.0 33351800000000.0 19195000000000.0 32353000000000.0 -3.6 4.285 [-3.6]
3.01993e+16 2.72781e+19 35110100000000.0 539336000000000.0 115894000000000.0 125805000000000.0 4151900000000.0 31839000000.0 739178000000000.0 3058240000000.0 204670000000.0 1849740000000.0 33249300000000.0 18585600000000.0 29363300000000.0 -3.58 4.282 [-3.58]
3.01993e+16 2.59022e+19 35120100000000.0 517328000000000.0 106330000000000.0 121396000000000.0 3635760000000.0 35222800000.0 720195000000000.0 2580270000000.0 165290000000.0 1878030000000.0 33063300000000.0 17948800000000.0 26577300000000.0 -3.56 4.278 [-3.56]
3.01993e+16 2.45965e+19 35116800000000.0 495901000000000.0 97444800000000.0 117041000000000.0 3180350000000.0 38936000000.0 700919000000000.0 2173510000000.0 133262000000.0 1903690000000.0 32798300000000.0 17289500000000.0 23992000000000.0 -3.54 4.275 [-3.54]
3.01993e+16 2.33564e+19 35099300000000.0 475042000000000.0 89198600000000.0 112741000000000.0 2778880000000.0 43012900000.0 681370000000000.0 1827750000000.0 107247000000.0 1926770000000.0 32457300000000.0 16613000000000.0 21601700000000.0 -3.52 4.271 [-3.52]
3.01993e+16 2.2179e+19 35069100000000.0 454774000000000.0 81555300000000.0 108503000000000.0 2425470000000.0 47482300000.0 661604000000000.0 1534380000000.0 86157400000.0 1947420000000.0 32046500000000.0 15924400000000.0 19400900000000.0 -3.5 4.268 [-3.5]
3.01993e+16 2.1061e+19 35026500000000.0 435101000000000.0 74479700000000.0 104334000000000.0 2114720000000.0 52378100000.0 641661000000000.0 1285860000000.0 69091000000.0 1965780000000.0 31571100000000.0 15228400000000.0 17382200000000.0 -3.48 4.264 [-3.48]
3.01993e+16 1.99998e+19 34972500000000.0 416034000000000.0 67938400000000.0 100239000000000.0 1841860000000.0 57733600000.0 621596000000000.0 1075720000000.0 55307100000.0 1982040000000.0 31038000000000.0 14529800000000.0 15537900000000.0 -3.46 4.261 [-3.46]
3.01993e+16 1.89933e+19 34908600000000.0 397590000000000.0 61899400000000.0 96226300000000.0 1602620000000.0 63577800000.0 601472000000000.0 898402000000.0 44199600000.0 1996380000000.0 30454600000000.0 13832400000000.0 13859400000000.0 -3.44 4.257 [-3.44]
3.01993e+16 1.80367e+19 34831300000000.0 379726000000000.0 56330500000000.0 92289900000000.0 1392980000000.0 69967100000.0 581276000000000.0 748909000000.0 35254900000.0 2008870000000.0 29822300000000.0 13141100000000.0 12335400000000.0 -3.42 4.254 [-3.42]
3.01993e+16 1.71285e+19 34743600000000.0 362458000000000.0 51200300000000.0 88437400000000.0 1209510000000.0 76936700000.0 561075000000000.0 623127000000.0 28068400000.0 2019780000000.0 29149800000000.0 12458400000000.0 10956600000000.0 -3.4 4.25 [-3.4]
3.01993e+16 1.6266e+19 34645700000000.0 345781000000000.0 46480000000000.0 84671300000000.0 1049110000000.0 84531000000.0 540908000000000.0 517487000000.0 22305300000.0 2029290000000.0 28442900000000.0 11787400000000.0 9712900000000.0 -3.38 4.247 [-3.38]
3.01994e+16 1.54474e+19 34536700000000.0 329693000000000.0 42144900000000.0 80995000000000.0 909119000000.0 92793100000.0 520820000000000.0 428959000000.0 17693700000.0 2037540000000.0 27706800000000.0 11131700000000.0 8594690000000.0 -3.36 4.243 [-3.36]
3.01994e+16 1.46702e+19 34418000000000.0 314186000000000.0 38166800000000.0 77410100000000.0 787027000000.0 101772000000.0 500846000000000.0 354895000000.0 14010000000.0 2044720000000.0 26947600000000.0 10492600000000.0 7591920000000.0 -3.34 4.24 [-3.34]
3.01994e+16 1.39325e+19 34289500000000.0 299251000000000.0 34521700000000.0 73918300000000.0 680679000000.0 111517000000.0 481026000000000.0 293053000000.0 11073300000.0 2050990000000.0 26170300000000.0 9872500000000.0 6695080000000.0 -3.32 4.237 [-3.32]
3.01994e+16 1.32321e+19 34151000000000.0 284878000000000.0 31185900000000.0 70520300000000.0 588135000000.0 122080000000.0 461390000000000.0 241511000000.0 8736170000.0 2056510000000.0 25379400000000.0 9272900000000.0 5894860000000.0 -3.3 4.233 [-3.3]
3.01994e+16 1.25672e+19 34002700000000.0 271054000000000.0 28137100000000.0 67216800000000.0 507689000000.0 133515000000.0 441972000000000.0 198637000000.0 6879810000.0 2061410000000.0 24579200000000.0 8695020000000.0 5182520000000.0 -3.28 4.23 [-3.28]
3.01994e+16 1.1936e+19 33844600000000.0 257769000000000.0 25354200000000.0 64008000000000.0 437831000000.0 145874000000.0 422802000000000.0 163043000000.0 5408080000.0 2065820000000.0 23773900000000.0 8139810000000.0 4549770000000.0 -3.26 4.226 [-3.26]
3.01994e+16 1.13368e+19 33676800000000.0 245010000000000.0 22817700000000.0 60894300000000.0 377230000000.0 159213000000.0 403910000000000.0 133553000000.0 4243520000.0 2069860000000.0 22967100000000.0 7607930000000.0 3988900000000.0 -3.24 4.223 [-3.24]
3.01994e+16 1.0768e+19 33499000000000.0 232764000000000.0 20508600000000.0 57875200000000.0 324710000000.0 173585000000.0 385324000000000.0 109167000000.0 3323700000.0 2073620000000.0 22161900000000.0 7099770000000.0 3492680000000.0 -3.22 4.22 [-3.22]
3.01994e+16 1.0227e+19 33308800000000.0 220998000000000.0 18408300000000.0 54945500000000.0 279207000000.0 189063000000.0 367037000000000.0 89027700000.0 2597870000.0 2077280000000.0 21358600000000.0 6615770000000.0 3054070000000.0 -3.2 4.216 [-3.2]
3.01994e+16 9.71495e+18 33112600000000.0 209753000000000.0 16503900000000.0 52118000000000.0 239902000000.0 205647000000.0 349159000000000.0 72472100000.0 2027840000.0 2080710000000.0 20567000000000.0 6155400000000.0 2668030000000.0 -3.18 4.213 [-3.18]
3.01994e+16 9.22808e+18 32904800000000.0 198964000000000.0 14776300000000.0 49379300000000.0 205913000000.0 223445000000.0 331630000000000.0 58855800000.0 1579690000.0 2084170000000.0 19782700000000.0 5718830000000.0 2327950000000.0 -3.16 4.21 [-3.16]
3.01994e+16 8.76622e+18 32687800000000.0 188643000000000.0 13212900000000.0 46735100000000.0 176580000000.0 242464000000.0 314516000000000.0 47696400000.0 1228560000.0 2087580000000.0 19010900000000.0 5305660000000.0 2029220000000.0 -3.14 4.206 [-3.14]
3.01994e+16 8.32763e+18 32461800000000.0 178764000000000.0 11799100000000.0 44180800000000.0 151270000000.0 262812000000.0 297806000000000.0 38563300000.0 953733000.0 2091030000000.0 18252200000000.0 4915130000000.0 1767000000000.0 -3.12 4.203 [-3.12]
3.01994e+16 7.91124e+18 32224600000000.0 169318000000000.0 10523100000000.0 41717200000000.0 129465000000.0 284454000000.0 281536000000000.0 31108800000.0 739113000.0 2094550000000.0 17507600000000.0 4547370000000.0 1537210000000.0 -3.1 4.2 [-3.1]
3.01994e+16 7.51594e+18 31977600000000.0 160291000000000.0 9372760000000.0 39342500000000.0 110691000000.0 307462000000.0 265717000000000.0 25036900000.0 571795000.0 2098140000000.0 16778900000000.0 4201320000000.0 1336080000000.0 -3.08 4.197 [-3.08]
3.01994e+16 7.14038e+18 31720100000000.0 151663000000000.0 8336920000000.0 37054000000000.0 94537200000.0 331886000000.0 250348000000000.0 20100700000.0 441542000.0 2101850000000.0 16066100000000.0 3876310000000.0 1160170000000.0 -3.06 4.194 [-3.06]
3.01994e+16 6.78348e+18 31450600000000.0 143419000000000.0 7405560000000.0 34850700000000.0 80651100000.0 357690000000.0 235452000000000.0 16097300000.0 340329000.0 2105750000000.0 15369500000000.0 3571810000000.0 1006490000000.0 -3.04 4.19 [-3.04]
3.01994e+16 6.44532e+18 31173800000000.0 135569000000000.0 6570440000000.0 32736800000000.0 68740400000.0 384903000000.0 221070000000000.0 12863100000.0 261960000.0 2109480000000.0 14693500000000.0 3286750000000.0 872610000000.0 -3.02 4.187 [-3.02]
3.01994e+16 6.12416e+18 30886500000000.0 128082000000000.0 5821890000000.0 30706600000000.0 58522900000.0 413526000000.0 207185000000000.0 10253100000.0 201294000.0 2113270000000.0 14035700000000.0 3020470000000.0 755923000000.0 -3.0 4.184 [-3.0]
3.01994e+16 5.81936e+18 30589800000000.0 120949000000000.0 5152120000000.0 28760100000000.0 49768800000.0 443549000000.0 193813000000000.0 8152720000.0 154436000.0 2116970000000.0 13397200000000.0 2772110000000.0 654368000000.0 -2.98 4.181 [-2.98]
3.01994e+16 5.53006e+18 30283500000000.0 114158000000000.0 4553700000000.0 26896000000000.0 42275600000.0 474938000000.0 180959000000000.0 6466570000.0 118303000.0 2120550000000.0 12778100000000.0 2540850000000.0 566057000000.0 -2.96 4.178 [-2.96]
3.01994e+16 5.25533e+18 29967200000000.0 107692000000000.0 4019660000000.0 25112200000000.0 35866900000.0 507659000000.0 168627000000000.0 5116030000.0 90479900.0 2124030000000.0 12178100000000.0 2325860000000.0 489309000000.0 -2.94 4.175 [-2.94]
3.01994e+16 4.99454e+18 29641500000000.0 101542000000000.0 3543870000000.0 23408300000000.0 30392200000.0 541652000000.0 156822000000000.0 4037290000.0 69097200.0 2127270000000.0 11597500000000.0 2126310000000.0 422683000000.0 -2.92 4.172 [-2.92]
3.01994e+16 4.74691e+18 29306200000000.0 95693500000000.0 3120500000000.0 21782500000000.0 25719900000.0 576852000000.0 145547000000000.0 3177770000.0 52689000.0 2130260000000.0 11036100000000.0 1941370000000.0 364881000000.0 -2.9 4.169 [-2.9]
3.01994e+16 4.51184e+18 28961800000000.0 90137300000000.0 2744380000000.0 20234200000000.0 21737300000.0 613169000000.0 134805000000000.0 2494830000.0 0.0 2132880000000.0 10494000000000.0 1770250000000.0 314783000000.0 -2.88 4.166 [-2.88]
3.01995e+16 4.28862e+18 28608200000000.0 84860100000000.0 2410640000000.0 18761700000000.0 18346100000.0 650507000000.0 124593000000000.0 1953550000.0 0.0 2135090000000.0 9970830000000.0 1612140000000.0 271386000000.0 -2.86 4.163 [-2.86]
3.01995e+16 4.07687e+18 28246600000000.0 79855200000000.0 2115110000000.0 17364900000000.0 15463300000.0 688745000000.0 114915000000000.0 1525910000.0 0.0 2136670000000.0 9467150000000.0 1466290000000.0 233844000000.0 -2.84 4.16 [-2.84]
3.01995e+16 3.87555e+18 27875100000000.0 75101900000000.0 1853460000000.0 16040100000000.0 13013300000.0 727777000000.0 105754000000000.0 1188590000.0 0.0 2137880000000.0 8980980000000.0 1331930000000.0 201346000000.0 -2.82 4.157 [-2.82]
3.01995e+16 3.68443e+18 27495500000000.0 70596400000000.0 1622330000000.0 14787700000000.0 10935500000.0 767445000000.0 97114700000000.0 923474000.0 0.0 2138400000000.0 8513270000000.0 1208360000000.0 173261000000.0 -2.8 4.154 [-2.8]
3.01995e+16 3.5029e+18 27107600000000.0 66326400000000.0 1418370000000.0 13605800000000.0 9175170000.0 807609000000.0 88986300000000.0 715619000.0 0.0 2138220000000.0 8063360000000.0 1094870000000.0 148998000000.0 -2.78 4.151 [-2.78]
3.01994e+16 3.33062e+18 26712400000000.0 62284500000000.0 1238720000000.0 12493500000000.0 7686680000.0 848112000000.0 81363400000000.0 553185000.0 0.0 2137150000000.0 7631440000000.0 990815000000.0 128064000000.0 -2.76 4.148 [-2.76]
3.01994e+16 3.16695e+18 26309600000000.0 58458100000000.0 1080610000000.0 11448400000000.0 6429310000.0 888796000000.0 74231100000000.0 426525000.0 0.0 2135250000000.0 7216620000000.0 895533000000.0 110001000000.0 -2.74 4.145 [-2.74]
3.01994e+16 3.01153e+18 25899700000000.0 54838700000000.0 941661000000.0 10469200000000.0 5368990000.0 929498000000.0 67578100000000.0 328053000.0 0.0 2132370000000.0 6818750000000.0 808422000000.0 94428800000.0 -2.72 4.142 [-2.72]
3.01994e+16 2.86392e+18 25483200000000.0 51417000000000.0 819706000000.0 9553960000000.0 4476270000.0 970054000000.0 61389900000000.0 251702000.0 0.0 2128470000000.0 6437440000000.0 728897000000.0 81012800000.0 -2.7 4.139 [-2.7]
3.01994e+16 2.72371e+18 25060500000000.0 48184100000000.0 712801000000.0 8700630000000.0 3725880000.0 1010300000000.0 55650600000000.0 192662000.0 0.0 2123470000000.0 6072310000000.0 656405000000.0 69461500000.0 -2.68 4.137 [-2.68]
3.01994e+16 2.59055e+18 24632100000000.0 45131300000000.0 619203000000.0 7907160000000.0 3096190000.0 1050090000000.0 50343100000000.0 147130000.0 0.0 2117290000000.0 5723020000000.0 590421000000.0 59521900000.0 -2.66 4.134 [-2.66]
3.01994e+16 2.46405e+18 24198400000000.0 42250200000000.0 537350000000.0 7171270000000.0 2568660000.0 1089290000000.0 45448300000000.0 112105000.0 0.0 2109860000000.0 5389190000000.0 530440000000.0 50974300000.0 -2.64 4.131 [-2.64]
3.01994e+16 2.34395e+18 23760200000000.0 39534100000000.0 465890000000.0 6490990000000.0 2127680000.0 1127700000000.0 40950400000000.0 85241000.0 0.0 2101200000000.0 5070500000000.0 476028000000.0 43630500000.0 -2.62 4.128 [-2.62]
3.01994e+16 2.23e+18 23318700000000.0 36976500000000.0 403604000000.0 5864190000000.0 1759850000.0 1165180000000.0 36831500000000.0 64694700.0 0.0 2091280000000.0 4766830000000.0 426756000000.0 37327800000.0 -2.6 4.126 [-2.6]
3.01994e+16 2.12175e+18 22873400000000.0 34567400000000.0 349330000000.0 5287670000000.0 1453350000.0 1201660000000.0 33065900000000.0 49005800.0 0.0 2080050000000.0 4477350000000.0 382172000000.0 31917300000.0 -2.58 4.123 [-2.58]
3.01994e+16 2.01892e+18 22425000000000.0 32299200000000.0 302086000000.0 4758780000000.0 1198360000.0 1237050000000.0 29631800000000.0 37051900.0 0.0 2067390000000.0 4201770000000.0 341873000000.0 27275800000.0 -2.56 4.121 [-2.56]
3.01994e+16 1.92122e+18 21974000000000.0 30165100000000.0 261008000000.0 4274910000000.0 986622000.0 1271260000000.0 26508600000000.0 27964900.0 0.0 2053340000000.0 3939630000000.0 305505000000.0 23296200000.0 -2.54 4.118 [-2.54]
3.01994e+16 1.8284e+18 21520800000000.0 28158300000000.0 225329000000.0 3833420000000.0 811112000.0 1304220000000.0 23675600000000.0 21071700.0 0.0 2037870000000.0 3690540000000.0 272728000000.0 19886400000.0 -2.52 4.115 [-2.52]
