Cloudy_runs/pks1302/z=0.094839/logZ=1/component_III_PI_nH/component_III_PI_nH_col_density_param.txt
# %ECSV 1.0
# ---
# datatype:
# - {name: H, datatype: float64}
# - {name: H+, datatype: float64}
# - {name: C+, datatype: float64}
# - {name: C+2, datatype: float64}
# - {name: C+3, datatype: float64}
# - {name: N+, datatype: float64}
# - {name: N+2, datatype: float64}
# - {name: N+4, datatype: float64}
# - {name: O, datatype: float64}
# - {name: O+2, datatype: float64}
# - {name: O+5, datatype: float64}
# - {name: O+6, datatype: float64}
# - {name: P+, datatype: float64}
# - {name: Si+, datatype: float64}
# - {name: Si+2, datatype: float64}
# - {name: Si+3, datatype: float64}
# - {name: Si+4, datatype: float64}
# - {name: Fe+, datatype: float64}
# - {name: Al+, datatype: float64}
# - {name: log_nH, datatype: float64}
# - {name: parameters, datatype: string, subtype: 'float64[1]'}
# schema: astropy-2.0
H H+ C+ C+2 C+3 N+ N+2 N+4 O O+2 O+5 O+6 P+ Si+ Si+2 Si+3 Si+4 Fe+ Al+ log_nH parameters
[from data line 237]
177828000000000.0 23811600000000.0 225418000000.0 1783760000.0 0.0 15110100000.0 1296370.0 0.0 953123000000.0 2807660.0 0.0 0.0 495185000.0 53841500000.0 534666.0 706763.0 0.0 63621600000.0 5649440000.0 -0.26 [-0.26]
177828000000000.0 23179500000000.0 220706000000.0 1692820000.0 0.0 14632400000.0 1197820.0 0.0 951378000000.0 2574470.0 0.0 0.0 493484000.0 53459300000.0 506264.0 668685.0 0.0 63422300000.0 5632470000.0 -0.24 [-0.24]
177828000000000.0 22565600000000.0 216065000000.0 1606330000.0 0.0 14170400000.0 1106880.0 0.0 949667000000.0 2361280.0 0.0 0.0 491829000.0 53081000000.0 479421.0 632722.0 0.0 63228700000.0 5615990000.0 -0.22 [-0.22]
177828000000000.0 21969500000000.0 211495000000.0 1524080000.0 0.0 13723400000.0 1022960.0 0.0 947989000000.0 2166300.0 0.0 0.0 490218000.0 52706500000.0 454047.0 598747.0 0.0 63040600000.0 5599980000.0 -0.2 [-0.2]
177828000000000.0 21390500000000.0 206994000000.0 1445850000.0 0.0 13290800000.0 945509.0 0.0 946343000000.0 1987970.0 0.0 0.0 488650000.0 52335300000.0 430058.0 566647.0 0.0 62858000000.0 5584420000.0 -0.18 [-0.18]
177828000000000.0 20825200000000.0 202542000000.0 1371190000.0 0.0 12870800000.0 873902.0 0.0 944720000000.0 1824480.0 0.0 0.0 487112000.0 51965100000.0 407352.0 536282.0 0.0 62679600000.0 5569220000.0 -0.16 [-0.16]
177828000000000.0 20278800000000.0 198179000000.0 1300480000.0 0.0 12465800000.0 807902.0 0.0 943138000000.0 1675140.0 0.0 0.0 485625000.0 51600300000.0 385899.0 507614.0 0.0 62507200000.0 5554530000.0 -0.14 [-0.14]
177828000000000.0 19747900000000.0 193883000000.0 1233240000.0 0.0 12073800000.0 746961.0 0.0 941587000000.0 1538420.0 0.0 0.0 484178000.0 51238300000.0 365606.0 480513.0 0.0 62339600000.0 5540240000.0 -0.12 [-0.12]
177828000000000.0 19232000000000.0 189654000000.0 1169310000.0 0.0 11694400000.0 690681.0 0.0 940066000000.0 1413210.0 0.0 0.0 482768000.0 50879000000.0 346408.0 454889.0 0.0 62176800000.0 5526350000.0 -0.1 [-0.1]
177828000000000.0 18730500000000.0 185491000000.0 1108530000.0 0.0 11327000000.0 638700.0 0.0 938576000000.0 1298510.0 0.0 0.0 481394000.0 50522100000.0 328241.0 430659.0 0.0 62018500000.0 5512850000.0 -0.08 [-0.08]
177828000000000.0 18243100000000.0 181394000000.0 1050750000.0 0.0 10971400000.0 590684.0 0.0 937115000000.0 1193410.0 0.0 0.0 480055000.0 50167500000.0 311048.0 407744.0 0.0 61864600000.0 5499720000.0 -0.06 [-0.06]
177828000000000.0 17769200000000.0 177362000000.0 995830000.0 0.0 10627100000.0 546323.0 0.0 935684000000.0 1097070.0 0.0 0.0 478750000.0 49814900000.0 294775.0 386069.0 0.0 61714900000.0 5486950000.0 -0.04 [-0.04]
177828000000000.0 17308500000000.0 173394000000.0 943627000.0 0.0 10293600000.0 505336.0 0.0 934282000000.0 1008760.0 0.0 0.0 477478000.0 49464200000.0 279370.0 365563.0 0.0 61569400000.0 5474530000.0 -0.02 [-0.02]
177828000000000.0 16860500000000.0 169490000000.0 894018000.0 0.0 9970740000.0 467462.0 0.0 932908000000.0 927769.0 0.0 0.0 476238000.0 49115200000.0 264784.0 346162.0 0.0 61428000000.0 5462450000.0 -0.0 [-0.0]
177828000000000.0 16424900000000.0 165649000000.0 846876000.0 0.0 9658020000.0 432459.0 0.0 931562000000.0 853479.0 0.0 0.0 475028000.0 48767800000.0 250973.0 327804.0 0.0 61290400000.0 5450700000.0 0.02 [0.02]
177828000000000.0 16001200000000.0 161870000000.0 802083000.0 0.0 9355130000.0 400108.0 0.0 930244000000.0 785318.0 0.0 0.0 473849000.0 48421800000.0 237894.0 310429.0 0.0 61156500000.0 5439260000.0 0.04 [0.04]
177828000000000.0 15589200000000.0 158154000000.0 759527000.0 0.0 9061740000.0 370204.0 0.0 928952000000.0 722764.0 0.0 0.0 472698000.0 48077000000.0 225506.0 293985.0 0.0 61026300000.0 5428140000.0 0.06 [0.06]
177828000000000.0 15188300000000.0 154499000000.0 719100000.0 0.0 8777530000.0 342558.0 0.0 927687000000.0 665341.0 0.0 0.0 471574000.0 47733200000.0 213771.0 278419.0 0.0 60899600000.0 5417310000.0 0.08 [0.08]
177828000000000.0 14798400000000.0 150905000000.0 680701000.0 0.0 8502200000.0 316999.0 0.0 926448000000.0 612616.0 0.0 0.0 470479000.0 47390400000.0 202654.0 263683.0 0.0 60776400000.0 5406780000.0 0.1 [0.1]
177828000000000.0 14420300000000.0 147382000000.0 644330000.0 0.0 8236090000.0 293391.0 0.0 925240000000.0 564251.0 0.0 0.0 469416000.0 47050100000.0 192129.0 249742.0 0.0 60656900000.0 5396560000.0 0.12 [0.12]
177828000000000.0 14051100000000.0 143907000000.0 609692000.0 0.0 7977590000.0 271534.0 0.0 924053000000.0 519758.0 0.0 0.0 468371000.0 46708600000.0 182148.0 236531.0 0.0 60540200000.0 5386580000.0 0.14 [0.14]
177828000000000.0 13691800000000.0 140491000000.0 576802000.0 0.0 7727090000.0 251321.0 0.0 922890000000.0 478869.0 0.0 0.0 467351000.0 46367600000.0 172689.0 224020.0 0.0 60426500000.0 5376860000.0 0.16 [0.16]
177828000000000.0 13342100000000.0 137133000000.0 545578000.0 0.0 7484360000.0 232626.0 0.0 921751000000.0 441295.0 0.0 0.0 466354000.0 46026900000.0 163725.0 212172.0 0.0 60316000000.0 5367400000.0 0.18 [0.18]
177828000000000.0 13001700000000.0 133833000000.0 515941000.0 0.0 7249140000.0 215335.0 0.0 920636000000.0 406752.0 0.0 0.0 465380000.0 45686400000.0 155229.0 200950.0 0.0 60208300000.0 5358180000.0 0.2 [0.2]
177828000000000.0 12670400000000.0 130590000000.0 487811000.0 0.0 7021160000.0 199340.0 0.0 919545000000.0 374987.0 0.0 0.0 464428000.0 45345900000.0 147175.0 190321.0 0.0 60103500000.0 5349210000.0 0.22 [0.22]
177828000000000.0 12347900000000.0 127404000000.0 461117000.0 0.0 6800200000.0 184543.0 0.0 918477000000.0 345772.0 0.0 0.0 463498000.0 45005400000.0 139540.0 180253.0 0.0 60001500000.0 5340480000.0 0.24 [0.24]
177828000000000.0 12033900000000.0 124274000000.0 435790000.0 0.0 6586040000.0 170853.0 0.0 917431000000.0 318896.0 0.0 0.0 462588000.0 44664700000.0 132303.0 170715.0 0.0 59902100000.0 5331970000.0 0.26 [0.26]
177828000000000.0 11728100000000.0 121198000000.0 411763000.0 0.0 6378470000.0 158187.0 0.0 916408000000.0 294166.0 0.0 0.0 461698000.0 44323700000.0 125440.0 161679.0 0.0 59805300000.0 5323680000.0 0.28 [0.28]
177828000000000.0 11430400000000.0 118179000000.0 388977000.0 0.0 6177270000.0 146468.0 0.0 915406000000.0 271402.0 0.0 0.0 460828000.0 43982400000.0 118934.0 153118.0 0.0 59711100000.0 5315610000.0 0.3 [0.3]
177828000000000.0 11140500000000.0 115213000000.0 367364000.0 0.0 5982220000.0 135623.0 0.0 914426000000.0 250451.0 0.0 0.0 459977000.0 43640500000.0 112764.0 145006.0 0.0 59619300000.0 5307750000.0 0.32 [0.32]
177828000000000.0 10858100000000.0 112300000000.0 346870000.0 0.0 5793120000.0 125587.0 0.0 913466000000.0 231158.0 0.0 0.0 459143000.0 43298000000.0 106914.0 137320.0 0.0 59529900000.0 5300080000.0 0.34 [0.34]
177828000000000.0 10583200000000.0 109440000000.0 327441000.0 0.0 5609800000.0 116299.0 0.0 912528000000.0 213390.0 0.0 0.0 458327000.0 42954700000.0 101366.0 130038.0 0.0 59442800000.0 5292620000.0 0.36 [0.36]
177828000000000.0 10315300000000.0 106631000000.0 309025000.0 0.0 5432070000.0 107702.0 0.0 911609000000.0 197022.0 0.0 0.0 457528000.0 42610700000.0 96104.0 123136.0 0.0 59358000000.0 5285340000.0 0.38 [0.38]
177828000000000.0 10054400000000.0 103875000000.0 291571000.0 0.0 5259760000.0 99745.8 0.0 910711000000.0 181942.0 0.0 0.0 456746000.0 42265700000.0 91113.8 116597.0 0.0 59275300000.0 5278260000.0 0.4 [0.4]
177828000000000.0 9800140000000.0 101169000000.0 275033000.0 0.0 5092680000.0 92380.9 0.0 909831000000.0 168044.0 0.0 0.0 455979000.0 41919800000.0 86380.8 110399.0 0.0 59194700000.0 5271350000.0 0.42 [0.42]
177828000000000.0 9552450000000.0 98514400000.0 259367000.0 0.0 4930700000.0 85563.7 0.0 908970000000.0 155234.0 0.0 0.0 455227000.0 41572800000.0 81891.8 104526.0 0.0 59116200000.0 5264610000.0 0.44 [0.44]
177828000000000.0 9311120000000.0 95908900000.0 244527000.0 0.0 4773640000.0 79252.7 0.0 908128000000.0 143424.0 0.0 0.0 454489000.0 41224700000.0 77633.9 98960.6 0.0 59039700000.0 5258050000.0 0.46 [0.46]
177828000000000.0 9075920000000.0 93352100000.0 230473000.0 0.0 4621340000.0 73410.2 0.0 907305000000.0 132533.0 0.0 0.0 453766000.0 40875300000.0 73595.1 93685.8 0.0 58965100000.0 5251650000.0 0.48 [0.48]
177828000000000.0 8846740000000.0 90844500000.0 217169000.0 0.0 4473680000.0 68001.3 0.0 906499000000.0 122489.0 0.0 0.0 453056000.0 40524700000.0 69764.2 88686.9 0.0 58892400000.0 5245410000.0 0.5 [0.5]
177828000000000.0 8623370000000.0 88384800000.0 204574000.0 0.0 4330490000.0 62993.5 0.0 905710000000.0 113224.0 0.0 0.0 452359000.0 40172800000.0 66130.4 83949.4 0.0 58821600000.0 5239330000.0 0.52 [0.52]
177828000000000.0 8405660000000.0 85972500000.0 192655000.0 0.0 4191660000.0 58357.0 0.0 904938000000.0 104674.0 0.0 0.0 451675000.0 39819600000.0 62683.4 79459.7 0.0 58752500000.0 5233400000.0 0.54 [0.54]
177828000000000.0 8192930000000.0 83602900000.0 181362000.0 0.0 4056860000.0 54061.7 0.0 904181000000.0 96781.4 0.0 0.0 450998000.0 39463700000.0 59412.3 75202.7 0.0 58684900000.0 5227600000.0 0.56 [0.56]
177828000000000.0 7986070000000.0 81284100000.0 170696000.0 0.0 3926330000.0 50086.9 0.0 903443000000.0 89500.5 0.0 0.0 450337000.0 39107700000.0 56311.0 71170.7 0.0 58619200000.0 5221960000.0 0.58 [0.58]
177828000000000.0 7784420000000.0 79011000000.0 160608000.0 0.0 3799770000.0 46406.2 0.0 902721000000.0 82778.2 0.0 0.0 449687000.0 38750200000.0 53369.0 67349.7 0.0 58555200000.0 5216460000.0 0.6 [0.6]
177828000000000.0 7588240000000.0 76787100000.0 151087000.0 0.0 3677200000.0 42999.8 0.0 902016000000.0 76575.5 0.0 0.0 449051000.0 38392400000.0 50579.7 63730.7 0.0 58492900000.0 5211100000.0 0.62 [0.62]
177828000000000.0 7396520000000.0 74603900000.0 142071000.0 0.0 3558200000.0 39843.4 0.0 901325000000.0 70843.8 0.0 0.0 448421000.0 38031900000.0 47932.6 60299.5 0.0 58431900000.0 5205870000.0 0.64 [0.64]
177828000000000.0 7209580000000.0 72464900000.0 133551000.0 0.0 3442810000.0 36920.5 0.0 900648000000.0 65549.9 0.0 0.0 447801000.0 37670000000.0 45421.7 57048.1 0.0 58372500000.0 5200760000.0 0.66 [0.66]
177828000000000.0 7027290000000.0 70369600000.0 125501000.0 0.0 3330940000.0 34213.5 0.0 899987000000.0 60659.3 0.0 0.0 447189000.0 37306600000.0 43040.0 53967.3 0.0 58314500000.0 5195780000.0 0.68 [0.68]
177828000000000.0 6849490000000.0 68317300000.0 117898000.0 0.0 3222470000.0 31706.6 0.0 899340000000.0 56140.4 0.0 0.0 446587000.0 36941800000.0 40781.1 51048.3 0.0 58257900000.0 5190910000.0 0.7 [0.7]
177828000000000.0 6676110000000.0 66307900000.0 110719000.0 0.0 3117300000.0 29384.8 0.0 898707000000.0 51965.0 0.0 0.0 445992000.0 36575500000.0 38638.5 48282.8 0.0 58202700000.0 5186170000.0 0.72 [0.72]
177828000000000.0 6506970000000.0 64340500000.0 103942000.0 0.0 3015340000.0 27234.5 0.0 898087000000.0 48105.6 0.0 0.0 445404000.0 36207700000.0 36606.4 45662.7 0.0 58148900000.0 5181540000.0 0.74 [0.74]
177828000000000.0 6342000000000.0 62414800000.0 97546600.0 0.0 2916490000.0 25242.8 0.0 897482000000.0 44537.9 0.0 0.0 444824000.0 35838500000.0 34679.1 43180.6 0.0 58096300000.0 5177020000.0 0.76 [0.76]
177828000000000.0 6181070000000.0 60530500000.0 91513400.0 0.0 2820660000.0 23398.2 0.0 896889000000.0 41239.9 0.0 0.0 444250000.0 35468000000.0 32851.4 40829.5 0.0 58045000000.0 5172610000.0 0.78 [0.78]
177828000000000.0 6024070000000.0 58686800000.0 85823100.0 0.0 2727770000.0 21689.6 0.0 896309000000.0 38190.3 0.0 0.0 443682000.0 35096200000.0 31118.0 38602.4 0.0 57994900000.0 5168300000.0 0.8 [0.8]
177828000000000.0 5870900000000.0 56883700000.0 80458400.0 0.0 2637720000.0 20107.0 0.0 895742000000.0 35370.0 0.0 0.0 443120000.0 34723100000.0 29474.3 36493.1 0.0 57946000000.0 5164090000.0 0.82 [0.82]
177828000000000.0 5721440000000.0 55120500000.0 75402200.0 0.0 2550430000.0 18641.1 0.0 895187000000.0 32761.5 0.0 0.0 442563000.0 34348700000.0 27915.7 34495.4 0.0 57898300000.0 5159990000.0 0.84 [0.84]
177828000000000.0 5575620000000.0 53396800000.0 70638500.0 0.0 2465830000.0 17283.2 0.0 894645000000.0 30348.7 0.0 0.0 442011000.0 33973300000.0 26437.8 32603.7 0.0 57851700000.0 5155980000.0 0.86 [0.86]
177828000000000.0 5433340000000.0 51712300000.0 66151700.0 0.0 2383840000.0 16025.4 0.0 894114000000.0 28116.5 0.0 0.0 441463000.0 33596800000.0 25036.6 30812.4 0.0 57806200000.0 5152070000.0 0.88 [0.88]
177828000000000.0 5294390000000.0 50073000000.0 62013800.0 0.0 2304460000.0 14860.9 0.0 893594000000.0 26049.3 0.0 0.0 440918000.0 33219600000.0 23708.3 29117.5 0.0 57761800000.0 5148230000.0 0.9 [0.9]
177828000000000.0 5158760000000.0 48473600000.0 58141900.0 0.0 2227550000.0 13782.3 0.0 893086000000.0 24135.8 0.0 0.0 440375000.0 32841700000.0 22449.2 27513.2 0.0 57718400000.0 5144480000.0 0.92 [0.92]
177828000000000.0 5026400000000.0 46911500000.0 54493200.0 0.0 2153030000.0 12783.0 0.0 892589000000.0 22365.3 0.0 0.0 439836000.0 32462900000.0 21255.6 25994.5 0.0 57676000000.0 5140820000.0 0.94 [0.94]
177828000000000.0 4897210000000.0 45386200000.0 51055700.0 0.0 2080810000.0 11857.1 0.0 892102000000.0 20727.1 0.0 0.0 439299000.0 32083400000.0 20124.1 24556.8 0.0 57634700000.0 5137240000.0 0.96 [0.96]
177828000000000.0 4771100000000.0 43897100000.0 47818500.0 0.0 2010830000.0 10999.3 0.0 891626000000.0 19210.7 0.0 0.0 438763000.0 31703300000.0 19051.7 23196.2 0.0 57594200000.0 5133750000.0 0.98 [0.98]
177828000000000.0 4648010000000.0 42444100000.0 44771000.0 0.0 1943030000.0 10204.5 0.0 891160000000.0 17807.2 0.0 0.0 438229000.0 31322500000.0 18035.2 21908.4 0.0 57554700000.0 5130330000.0 1.0 [1.0]
