Cloudy_runs/pks1302/z=0.094839/logZ=1/component_III_PI_nH/component_III_PI_nH_col_density_param.txt
# %ECSV 1.0
# ---
# datatype:
# - {name: H, datatype: float64}
# - {name: H+, datatype: float64}
# - {name: C+, datatype: float64}
# - {name: C+2, datatype: float64}
# - {name: C+3, datatype: float64}
# - {name: N+, datatype: float64}
# - {name: N+2, datatype: float64}
# - {name: N+4, datatype: float64}
# - {name: O, datatype: float64}
# - {name: O+2, datatype: float64}
# - {name: O+5, datatype: float64}
# - {name: O+6, datatype: float64}
# - {name: P+, datatype: float64}
# - {name: Si+, datatype: float64}
# - {name: Si+2, datatype: float64}
# - {name: Si+3, datatype: float64}
# - {name: Si+4, datatype: float64}
# - {name: Fe+, datatype: float64}
# - {name: Al+, datatype: float64}
# - {name: log_nH, datatype: float64}
# - {name: parameters, datatype: string, subtype: 'float64[1]'}
# schema: astropy-2.0
H H+ C+ C+2 C+3 N+ N+2 N+4 O O+2 O+5 O+6 P+ Si+ Si+2 Si+3 Si+4 Fe+ Al+ log_nH parameters
[from data line 168]
177828000000000.0 205345000000000.0 856718000000.0 69689600000.0 8355690.0 162148000000.0 518101000.0 0.0 1163030000000.0 2391250000.0 0.0 0.0 949628000.0 120620000000.0 47327100.0 64297000.0 359702.0 119884000000.0 10285900000.0 -1.64 [-1.64]
177828000000000.0 197728000000000.0 838174000000.0 65615000000.0 7486240.0 156235000000.0 469190000.0 0.0 1159140000000.0 2138020000.0 0.0 0.0 931092000.0 118098000000.0 43501300.0 59120700.0 329571.0 117569000000.0 10099900000.0 -1.62 [-1.62]
177828000000000.0 190440000000000.0 820213000000.0 61801200000.0 6714680.0 150551000000.0 425119000.0 0.0 1155190000000.0 1912670000.0 0.0 0.0 913330000.0 115680000000.0 40019600.0 54406500.0 302256.0 115350000000.0 9921340000.0 -1.6 [-1.6]
177828000000000.0 183470000000000.0 802819000000.0 58232000000.0 6029420.0 145088000000.0 385395000.0 0.0 1151190000000.0 1712110000.0 0.0 0.0 896315000.0 113363000000.0 36849100.0 50110500.0 277474.0 113223000000.0 9749890000.0 -1.58 [-1.58]
177828000000000.0 176798000000000.0 785952000000.0 54888600000.0 5419920.0 139832000000.0 349554000.0 0.0 1147150000000.0 1533450000.0 0.0 0.0 880003000.0 111140000000.0 33958500.0 46191200.0 254962.0 111184000000.0 9585230000.0 -1.56 [-1.56]
177828000000000.0 170410000000000.0 769601000000.0 51756200000.0 4877300.0 134779000000.0 317209000.0 0.0 1143070000000.0 1374220000.0 0.0 0.0 864364000.0 109008000000.0 31320900.0 42612800.0 234491.0 109228000000.0 9427060000.0 -1.54 [-1.54]
177828000000000.0 164291000000000.0 753732000000.0 48818700000.0 4393540.0 129917000000.0 287991000.0 0.0 1138950000000.0 1232190000.0 0.0 0.0 849359000.0 106960000000.0 28911600.0 39342000.0 215854.0 107352000000.0 9275060000.0 -1.52 [-1.52]
177828000000000.0 158436000000000.0 738347000000.0 46066900000.0 3962120.0 125244000000.0 261604000.0 0.0 1134820000000.0 1105550000.0 0.0 0.0 834981000.0 104996000000.0 26710300.0 36351900.0 198882.0 105554000000.0 9129170000.0 -1.5 [-1.5]
177828000000000.0 152823000000000.0 723398000000.0 43483700000.0 3576610.0 120746000000.0 237740000.0 0.0 1130670000000.0 992456000.0 0.0 0.0 821176000.0 103108000000.0 24695700.0 33614000.0 183397.0 103828000000.0 8988890000.0 -1.48 [-1.48]
177828000000000.0 147445000000000.0 708882000000.0 41060100000.0 3231920.0 116419000000.0 216156000.0 0.0 1126510000000.0 891460000.0 0.0 0.0 807932000.0 101295000000.0 22851100.0 31106000.0 169263.0 102173000000.0 8854130000.0 -1.46 [-1.46]
177828000000000.0 142272000000000.0 694729000000.0 38777500000.0 2922820.0 112243000000.0 196590000.0 0.0 1122320000000.0 801044000.0 0.0 0.0 795176000.0 99545600000.0 21158200.0 28803000.0 156329.0 100579000000.0 8724180000.0 -1.44 [-1.44]
177828000000000.0 137330000000000.0 681012000000.0 36640400000.0 2646320.0 108237000000.0 178904000.0 0.0 1118140000000.0 720348000.0 0.0 0.0 782970000.0 97869300000.0 19607700.0 26692800.0 144517.0 99053600000.0 8599670000.0 -1.42 [-1.42]
177828000000000.0 132604000000000.0 667706000000.0 34637700000.0 2398640.0 104391000000.0 162904000.0 0.0 1114000000000.0 648260000.0 0.0 0.0 771285000.0 96261500000.0 18186000.0 24757300.0 133715.0 97593800000.0 8480320000.0 -1.4 [-1.4]
177828000000000.0 128056000000000.0 654720000000.0 32749600000.0 2175840.0 100680000000.0 148377000.0 0.0 1109840000000.0 583619000.0 0.0 0.0 760024000.0 94709400000.0 16878000.0 22975700.0 123804.0 96187600000.0 8365200000.0 -1.38 [-1.38]
177828000000000.0 123691000000000.0 642070000000.0 30973300000.0 1975500.0 97107200000.0 135202000.0 0.0 1105690000000.0 525712000.0 0.0 0.0 749200000.0 93214700000.0 15674900.0 21336700.0 114714.0 94836600000.0 8254450000.0 -1.36 [-1.36]
177828000000000.0 119501000000000.0 629749000000.0 29302100000.0 1795220.0 93668300000.0 123249000.0 0.0 1101560000000.0 473819000.0 0.0 0.0 738799000.0 91775000000.0 14567800.0 19827800.0 106368.0 93538900000.0 8147930000.0 -1.34 [-1.34]
177828000000000.0 115487000000000.0 617769000000.0 27732300000.0 1632980.0 90367100000.0 112409000.0 0.0 1097450000000.0 427365000.0 0.0 0.0 728823000.0 90390800000.0 13548900.0 18438700.0 98707.1 92294500000.0 8045650000.0 -1.32 [-1.32]
177828000000000.0 111651000000000.0 606154000000.0 26261400000.0 1487050.0 87210300000.0 102590000.0 0.0 1093340000000.0 385852000.0 0.0 0.0 719283000.0 89063300000.0 12611700.0 17160200.0 91674.5 91104300000.0 7947690000.0 -1.3 [-1.3]
177828000000000.0 107963000000000.0 594817000000.0 24874500000.0 1355240.0 84168900000.0 93663000.0 0.0 1089260000000.0 348552000.0 0.0 0.0 710100000.0 87782100000.0 11746600.0 15980000.0 85199.0 89959400000.0 7853350000.0 -1.28 [-1.28]
177828000000000.0 104418000000000.0 583747000000.0 23566700000.0 1236080.0 81238900000.0 85544500.0 0.0 1085210000000.0 315023000.0 0.0 0.0 701262000.0 86545400000.0 10947600.0 14889700.0 79232.4 88857900000.0 7762490000.0 -1.26 [-1.26]
177828000000000.0 101009000000000.0 572934000000.0 22333000000.0 1128260.0 78416300000.0 78158200.0 0.0 1081200000000.0 284868000.0 0.0 0.0 692753000.0 85351200000.0 10209000.0 13881700.0 73730.1 87798200000.0 7674970000.0 -1.24 [-1.24]
177828000000000.0 97730300000000.0 562363000000.0 21168300000.0 1030610.0 75696300000.0 71434500.0 0.0 1077220000000.0 257729000.0 0.0 0.0 684557000.0 84197200000.0 9525670.0 12949200.0 68651.8 86778000000.0 7590620000.0 -1.22 [-1.22]
177828000000000.0 94576500000000.0 552030000000.0 20069000000.0 942102.0 73076300000.0 65312800.0 0.0 1073280000000.0 233299000.0 0.0 0.0 676664000.0 83082100000.0 8893230.0 12086100.0 63961.9 85796200000.0 7509370000.0 -1.2 [-1.2]
177828000000000.0 91541500000000.0 541921000000.0 19030700000.0 861798.0 70551600000.0 59736100.0 0.0 1069390000000.0 211290000.0 0.0 0.0 669060000.0 82003700000.0 8307350.0 11286500.0 59627.0 84850900000.0 7431050000.0 -1.18 [-1.18]
177828000000000.0 88620600000000.0 532029000000.0 18049600000.0 788878.0 68119100000.0 54654100.0 0.0 1065540000000.0 191454000.0 0.0 0.0 661731000.0 80960600000.0 7764270.0 10545200.0 55617.5 83940500000.0 7355550000.0 -1.16 [-1.16]
177828000000000.0 85808300000000.0 522344000000.0 17122400000.0 722606.0 65774800000.0 50020900.0 0.0 1061730000000.0 173566000.0 0.0 0.0 654667000.0 79950900000.0 7260500.0 9857660.0 51906.2 83063700000.0 7282760000.0 -1.14 [-1.14]
177828000000000.0 83093000000000.0 512833000000.0 16243600000.0 662257.0 63511000000.0 45790400.0 0.0 1057960000000.0 157408000.0 0.0 0.0 647836000.0 78970600000.0 6792430.0 9218860.0 48465.5 82216500000.0 7212370000.0 -1.12 [-1.12]
177828000000000.0 80484700000000.0 503538000000.0 15414400000.0 607390.0 61334200000.0 41935500.0 0.0 1054250000000.0 142841000.0 0.0 0.0 641268000.0 78023600000.0 6358120.0 8626170.0 45279.3 81402300000.0 7144670000.0 -1.1 [-1.1]
177828000000000.0 77971800000000.0 494426000000.0 14629900000.0 557403.0 59236100000.0 38417200.0 0.0 1050580000000.0 129683000.0 0.0 0.0 634931000.0 77105900000.0 5954460.0 8075330.0 42323.9 80617600000.0 7079350000.0 -1.08 [-1.08]
177828000000000.0 75550000000000.0 485490000000.0 13887300000.0 511826.0 57214000000.0 35204700.0 0.0 1046970000000.0 117793000.0 0.0 0.0 628817000.0 76216000000.0 5579030.0 7563100.0 39580.9 79861100000.0 7016320000.0 -1.06 [-1.06]
177828000000000.0 73215700000000.0 476724000000.0 13184300000.0 470241.0 55265000000.0 32270600.0 0.0 1043410000000.0 107044000.0 0.0 0.0 622917000.0 75352700000.0 5229660.0 7086480.0 37033.3 79131500000.0 6955490000.0 -1.04 [-1.04]
177828000000000.0 70965200000000.0 468122000000.0 12518500000.0 432269.0 53386300000.0 29589700.0 0.0 1039900000000.0 97320400.0 0.0 0.0 617220000.0 74514900000.0 4904350.0 6642740.0 34665.7 78427800000.0 6896770000.0 -1.02 [-1.02]
177828000000000.0 68800100000000.0 459695000000.0 11889100000.0 397607.0 51578800000.0 27141900.0 0.0 1036460000000.0 88529900.0 0.0 0.0 611735000.0 73703400000.0 4601490.0 6229700.0 32465.7 77750600000.0 6840210000.0 -1.0 [-1.0]
177828000000000.0 66706700000000.0 451402000000.0 11291400000.0 365878.0 49832900000.0 24901400.0 0.0 1033050000000.0 80561500.0 0.0 0.0 606423000.0 72913100000.0 4318920.0 5844410.0 30417.1 77095600000.0 6785460000.0 -0.98 [-0.98]
177828000000000.0 64688200000000.0 443257000000.0 10724800000.0 336847.0 48149800000.0 22852200.0 0.0 1030750000000.0 72870100.0 0.0 0.0 601294000.0 72145400000.0 4055380.0 5485140.0 28510.2 76463800000.0 6732630000.0 -0.96 [-0.96]
177828000000000.0 62742400000000.0 435258000000.0 10187800000.0 310273.0 46527900000.0 20977900.0 0.0 1029330000000.0 65549000.0 0.0 0.0 596345000.0 71399500000.0 3809490.0 5150000.0 26734.1 75854500000.0 6681630000.0 -0.94 [-0.94]
177828000000000.0 60863700000000.0 427394000000.0 9678450000.0 285923.0 44963800000.0 19262300.0 0.0 1027820000000.0 58974900.0 0.0 0.0 591559000.0 70673700000.0 3579850.0 4837110.0 25078.6 75266000000.0 6632350000.0 -0.92 [-0.92]
177828000000000.0 59045600000000.0 419645000000.0 9194300000.0 263578.0 43452500000.0 17690200.0 0.0 1026240000000.0 53065400.0 0.0 0.0 586921000.0 69965500000.0 3365160.0 4544640.0 23533.7 74696400000.0 6584600000.0 -0.9 [-0.9]
177828000000000.0 57297800000000.0 412057000000.0 8736780000.0 243117.0 42000700000.0 16253100.0 0.0 1024600000000.0 47768300.0 0.0 0.0 582458000.0 69279100000.0 3164740.0 4271700.0 22093.9 74148600000.0 6538660000.0 -0.88 [-0.88]
177828000000000.0 55604100000000.0 404572000000.0 8301610000.0 224314.0 40597300000.0 14935100.0 0.0 1021850000000.0 43361700.0 0.0 0.0 578127000.0 68608300000.0 2977110.0 4016270.0 20748.6 73617600000.0 6494090000.0 -0.86 [-0.86]
177828000000000.0 53960400000000.0 397177000000.0 7886910000.0 207015.0 39238800000.0 13725100.0 0.0 1019030000000.0 39392500.0 0.0 0.0 573914000.0 67951100000.0 2801330.0 3777030.0 19490.5 73102100000.0 6450800000.0 -0.84 [-0.84]
177828000000000.0 52379200000000.0 389930000000.0 7494760000.0 191149.0 37933200000.0 12618100.0 0.0 1016270000000.0 35805300.0 0.0 0.0 569859000.0 67313400000.0 2637000.0 3553460.0 18316.3 72606100000.0 6409120000.0 -0.82 [-0.82]
177828000000000.0 50851000000000.0 382796000000.0 7122370000.0 176561.0 36673700000.0 11603200.0 0.0 1013540000000.0 32555600.0 0.0 0.0 565934000.0 66691100000.0 2483090.0 3344140.0 17218.5 72126600000.0 6368810000.0 -0.8 [-0.8]
177828000000000.0 49373700000000.0 375772000000.0 6768680000.0 163142.0 35458700000.0 10672300.0 0.0 1010840000000.0 29610600.0 0.0 0.0 562134000.0 66083600000.0 2338880.0 3148070.0 16191.6 71663000000.0 6329800000.0 -0.78 [-0.78]
177828000000000.0 47945400000000.0 368857000000.0 6432740000.0 150793.0 34286500000.0 9818340.0 0.0 1008170000000.0 26941000.0 0.0 0.0 558456000.0 65490300000.0 2203700.0 2964360.0 15230.7 71214600000.0 6292050000.0 -0.76 [-0.76]
177828000000000.0 46569600000000.0 362072000000.0 6114630000.0 139438.0 33159000000.0 9035900.0 0.0 1005550000000.0 24523800.0 0.0 0.0 554910000.0 64913100000.0 2077060.0 2792320.0 14332.0 70782600000.0 6255660000.0 -0.74 [-0.74]
177828000000000.0 45228100000000.0 355339000000.0 5810250000.0 128946.0 32064000000.0 8315400.0 0.0 1002940000000.0 22323900.0 0.0 0.0 551443000.0 64343800000.0 1957990.0 2630630.0 13488.5 70361300000.0 6220160000.0 -0.72 [-0.72]
177828000000000.0 43935500000000.0 348731000000.0 5522000000.0 119292.0 31010700000.0 7654970.0 0.0 1000380000000.0 20330900.0 0.0 0.0 548099000.0 63789400000.0 1846350.0 2479100.0 12698.9 69955200000.0 6185920000.0 -0.7 [-0.7]
177828000000000.0 42684900000000.0 342222000000.0 5248050000.0 110391.0 29994100000.0 7048460.0 0.0 997849000000.0 18521900.0 0.0 0.0 544860000.0 63246900000.0 1741540.0 2336890.0 11958.8 69562300000.0 6152770000.0 -0.68 [-0.68]
177828000000000.0 41479000000000.0 335830000000.0 4988440000.0 102192.0 29015800000.0 6492080.0 0.0 995370000000.0 16881500.0 0.0 0.0 541734000.0 62718000000.0 1643180.0 2203500.0 11265.4 69183300000.0 6120780000.0 -0.66 [-0.66]
177828000000000.0 40307200000000.0 329511000000.0 4740820000.0 94614.4 28068500000.0 5980080.0 0.0 992914000000.0 15389100.0 0.0 0.0 538689000.0 62197700000.0 1550660.0 2078090.0 10614.2 68815000000.0 6089680000.0 -0.64 [-0.64]
177828000000000.0 39172800000000.0 323282000000.0 4505380000.0 87619.6 27153900000.0 5509510.0 0.0 990494000000.0 14033000.0 0.0 0.0 535737000.0 61687700000.0 1463690.0 1960250.0 10003.1 68458300000.0 6059540000.0 -0.62 [-0.62]
177828000000000.0 38070400000000.0 317124000000.0 4280830000.0 81152.0 26268300000.0 5076360.0 0.0 988101000000.0 12798500.0 0.0 0.0 532861000.0 61185600000.0 1381840.0 1849410.0 9428.95 68111700000.0 6030240000.0 -0.6 [-0.6]
177828000000000.0 37006800000000.0 311077000000.0 4068010000.0 75186.0 25415900000.0 4678680.0 0.0 985754000000.0 11678100.0 0.0 0.0 530085000.0 60695100000.0 1304920.0 1745290.0 8890.21 67777100000.0 6001950000.0 -0.58 [-0.58]
177828000000000.0 35976300000000.0 305117000000.0 3865610000.0 0.0 24592700000.0 4312910.0 0.0 983444000000.0 10658800.0 0.0 0.0 527391000.0 60213600000.0 1232540.0 1647370.0 0.0 67453000000.0 5974530000.0 -0.56 [-0.56]
177828000000000.0 34978100000000.0 299244000000.0 3673120000.0 0.0 23797700000.0 3976450.0 0.0 981170000000.0 9731590.0 0.0 0.0 524777000.0 59740800000.0 1164420.0 1555250.0 0.0 67138900000.0 5947940000.0 -0.54 [-0.54]
177828000000000.0 34011000000000.0 293455000000.0 3490050000.0 0.0 23029800000.0 3666880.0 0.0 978933000000.0 8887760.0 0.0 0.0 522240000.0 59276400000.0 1100280.0 1468560.0 0.0 66834600000.0 5922170000.0 -0.52 [-0.52]
177828000000000.0 33073700000000.0 287750000000.0 3315930000.0 0.0 22288100000.0 3381970.0 0.0 976732000000.0 8119550.0 0.0 0.0 519778000.0 58819800000.0 1039860.0 1386960.0 0.0 66539600000.0 5897190000.0 -0.5 [-0.5]
177828000000000.0 32165200000000.0 282127000000.0 3150300000.0 0.0 21571500000.0 3119710.0 0.0 974568000000.0 7419950.0 0.0 0.0 517387000.0 58370800000.0 982946.0 1310110.0 0.0 66253600000.0 5872950000.0 -0.48 [-0.48]
177828000000000.0 31284500000000.0 276586000000.0 2992760000.0 0.0 20879200000.0 2878240.0 0.0 972440000000.0 6782640.0 0.0 0.0 515066000.0 57928900000.0 929307.0 1237740.0 0.0 65976300000.0 5849440000.0 -0.46 [-0.46]
177828000000000.0 30430600000000.0 271124000000.0 2842900000.0 0.0 20210200000.0 2655880.0 0.0 970348000000.0 6201890.0 0.0 0.0 512811000.0 57493900000.0 878744.0 1169550.0 0.0 65707400000.0 5826640000.0 -0.44 [-0.44]
177828000000000.0 29602600000000.0 265742000000.0 2700340000.0 0.0 19563700000.0 2451070.0 0.0 968292000000.0 5672530.0 0.0 0.0 510621000.0 57065500000.0 831066.0 1105280.0 0.0 65446600000.0 5804510000.0 -0.42 [-0.42]
177828000000000.0 28799500000000.0 260438000000.0 2564720000.0 0.0 18938900000.0 2262380.0 0.0 966272000000.0 5189840.0 0.0 0.0 508493000.0 56643300000.0 786099.0 1044710.0 0.0 65193600000.0 5783040000.0 -0.4 [-0.4]
177828000000000.0 28020500000000.0 255211000000.0 2435720000.0 0.0 18334900000.0 2088530.0 0.0 964287000000.0 4749600.0 0.0 0.0 506425000.0 56227000000.0 743676.0 987596.0 0.0 64948200000.0 5762200000.0 -0.38 [-0.38]
177828000000000.0 27265000000000.0 250038000000.0 2312830000.0 0.0 17750100000.0 1928180.0 0.0 962338000000.0 4348200.0 0.0 0.0 504416000.0 55816300000.0 703645.0 933733.0 0.0 64710200000.0 5741980000.0 -0.36 [-0.36]
177828000000000.0 26531800000000.0 244962000000.0 2196090000.0 0.0 17185700000.0 1780490.0 0.0 960423000000.0 3981620.0 0.0 0.0 502462000.0 55411000000.0 665860.0 882923.0 0.0 64479100000.0 5722350000.0 -0.34 [-0.34]
177828000000000.0 25820200000000.0 239961000000.0 2085050000.0 0.0 16639900000.0 1644340.0 0.0 958544000000.0 3646990.0 0.0 0.0 500563000.0 55011000000.0 630189.0 834983.0 0.0 64254800000.0 5703290000.0 -0.32 [-0.32]
177828000000000.0 25129500000000.0 235033000000.0 1979420000.0 0.0 16112200000.0 1518790.0 0.0 956699000000.0 3341390.0 0.0 0.0 498715000.0 54615700000.0 596504.0 789741.0 0.0 64037100000.0 5684780000.0 -0.3 [-0.3]
