Cloudy_runs/pg1222/z=0.054479/logZ=1/component_II_PI_nH/component_II_PI_nH_col_density_param.txt
# %ECSV 1.0
# ---
# datatype:
# - {name: H, datatype: float64}
# - {name: H+, datatype: float64}
# - {name: C+, datatype: float64}
# - {name: C+2, datatype: float64}
# - {name: C+3, datatype: float64}
# - {name: N+, datatype: float64}
# - {name: N+2, datatype: float64}
# - {name: N+4, datatype: float64}
# - {name: O, datatype: float64}
# - {name: O+2, datatype: float64}
# - {name: O+5, datatype: float64}
# - {name: O+6, datatype: float64}
# - {name: P+, datatype: float64}
# - {name: Si+, datatype: float64}
# - {name: Si+2, datatype: float64}
# - {name: Si+3, datatype: float64}
# - {name: Si+4, datatype: float64}
# - {name: Fe+, datatype: float64}
# - {name: Al+, datatype: float64}
# - {name: log_nH, datatype: float64}
# - {name: parameters, datatype: string, subtype: 'float64[1]'}
# schema: astropy-2.0
H H+ C+ C+2 C+3 N+ N+2 N+4 O O+2 O+5 O+6 P+ Si+ Si+2 Si+3 Si+4 Fe+ Al+ log_nH parameters
[from data line 221]
8.12833e+17 8.35235e+16 1335300000000000.0 14280800000000.0 0.0 58247800000000.0 6906820000.0 0.0 4280050000000000.0 14224700000.0 0.0 0.0 2188190000000.0 262854000000000.0 2658710000.0 6026220000.0 0.0 282759000000000.0 24993400000000.0 -0.58 [-0.58]
8.12833e+17 8.12398e+16 1313830000000000.0 13605800000000.0 0.0 56357000000000.0 6382700000.0 0.0 4273660000000000.0 13011000000.0 0.0 0.0 2181570000000.0 261630000000000.0 2522630000.0 5717100000.0 0.0 282038000000000.0 24936500000000.0 -0.56 [-0.56]
8.12834e+17 7.90203e+16 1292440000000000.0 12959000000000.0 0.0 54526400000000.0 5898940000.0 0.0 4267390000000000.0 11903000000.0 0.0 0.0 2175080000000.0 260418000000000.0 2393780000.0 5424330000.0 0.0 281338000000000.0 24881100000000.0 -0.54 [-0.54]
8.12833e+17 7.68718e+16 1271280000000000.0 12342800000000.0 0.0 52761500000000.0 5452810000.0 0.0 4261240000000000.0 10894600000.0 0.0 0.0 2168800000000.0 259224000000000.0 2271810000.0 5147160000.0 0.0 280660000000000.0 24827500000000.0 -0.52 [-0.52]
8.12834e+17 7.47913e+16 1250320000000000.0 11754700000000.0 0.0 51059100000000.0 5041480000.0 0.0 4255210000000000.0 9976950000.0 0.0 0.0 2162680000000.0 258049000000000.0 2156350000.0 4884720000.0 0.0 280003000000000.0 24775500000000.0 -0.5 [-0.5]
8.12834e+17 7.27651e+16 1229440000000000.0 11191400000000.0 0.0 49408300000000.0 4661220000.0 0.0 4249280000000000.0 9137010000.0 0.0 0.0 2156680000000.0 256881000000000.0 2046910000.0 4635940000.0 0.0 279363000000000.0 24724800000000.0 -0.48 [-0.48]
8.12834e+17 7.07994e+16 1208750000000000.0 10653700000000.0 0.0 47813400000000.0 4310220000.0 0.0 4243470000000000.0 8370710000.0 0.0 0.0 2150840000000.0 255727000000000.0 1943230000.0 4400230000.0 0.0 278742000000000.0 24675600000000.0 -0.46 [-0.46]
8.12831e+17 6.889e+16 1188210000000000.0 10139900000000.0 0.0 46271000000000.0 3986050000.0 0.0 4237750000000000.0 7671140000.0 0.0 0.0 2145130000000.0 254582000000000.0 1844960000.0 4176810000.0 0.0 278138000000000.0 24627600000000.0 -0.44 [-0.44]
8.12831e+17 6.70435e+16 1167890000000000.0 9650150000000.0 0.0 44784400000000.0 3687160000.0 0.0 4232160000000000.0 7034640000.0 0.0 0.0 2139590000000.0 253454000000000.0 1751910000.0 3965170000.0 0.0 277554000000000.0 24581300000000.0 -0.42 [-0.42]
8.12831e+17 6.52449e+16 1147700000000000.0 9181810000000.0 0.0 43343200000000.0 3410710000.0 0.0 4226680000000000.0 6451160000.0 0.0 0.0 2134160000000.0 252334000000000.0 1663640000.0 3764460000.0 0.0 276986000000000.0 24536200000000.0 -0.4 [-0.4]
8.12831e+17 6.34974e+16 1127660000000000.0 8734380000000.0 0.0 41949200000000.0 3155310000.0 0.0 4221290000000000.0 5918130000.0 0.0 0.0 2128850000000.0 251221000000000.0 1579960000.0 3574150000.0 0.0 276433000000000.0 24492300000000.0 -0.38 [-0.38]
8.12831e+17 6.18032e+16 1107840000000000.0 8308080000000.0 0.0 40603000000000.0 2919470000.0 0.0 4216020000000000.0 5431420000.0 0.0 0.0 2123690000000.0 250121000000000.0 1500620000.0 3393730000.0 0.0 275897000000000.0 24449700000000.0 -0.36 [-0.36]
8.12831e+17 6.01553e+16 1088150000000000.0 7900940000000.0 0.0 39299500000000.0 2701460000.0 0.0 4210850000000000.0 4986170000.0 0.0 0.0 2118630000000.0 249026000000000.0 1425360000.0 3222580000.0 0.0 275376000000000.0 24408200000000.0 -0.34 [-0.34]
8.12831e+17 5.85546e+16 1068650000000000.0 7512680000000.0 0.0 38038800000000.0 2500000000.0 0.0 4205790000000000.0 4579020000.0 0.0 0.0 2113700000000.0 247940000000000.0 1353980000.0 3060260000.0 0.0 274870000000000.0 24367900000000.0 -0.32 [-0.32]
8.12831e+17 5.70028e+16 1049400000000000.0 7143350000000.0 0.0 36821500000000.0 2313880000.0 0.0 4200830000000000.0 4206960000.0 0.0 0.0 2108900000000.0 246864000000000.0 1286270000.0 2906320000.0 0.0 274379000000000.0 24328700000000.0 -0.3 [-0.3]
8.12831e+17 5.54913e+16 1030250000000000.0 6790140000000.0 0.0 35641400000000.0 2141770000.0 0.0 4195960000000000.0 3866030000.0 0.0 0.0 2104180000000.0 245791000000000.0 1222030000.0 2760240000.0 0.0 273900000000000.0 24290600000000.0 -0.28 [-0.28]
8.12831e+17 5.40225e+16 1011290000000000.0 6453500000000.0 0.0 34499900000000.0 1982660000.0 0.0 4191190000000000.0 3553900000.0 0.0 0.0 2099570000000.0 244724000000000.0 1161080000.0 2621630000.0 0.0 273435000000000.0 24253400000000.0 -0.26 [-0.26]
8.12831e+17 5.25964e+16 992543000000000.0 6132780000000.0 0.0 33395900000000.0 1835560000.0 0.0 4186520000000000.0 3268290000.0 0.0 0.0 2095070000000.0 243663000000000.0 1103230000.0 2490110000.0 0.0 272984000000000.0 24217300000000.0 -0.24 [-0.24]
8.12831e+17 5.12115e+16 973981000000000.0 5827100000000.0 0.0 32328300000000.0 1699580000.0 0.0 4181950000000000.0 3006820000.0 0.0 0.0 2090670000000.0 242608000000000.0 1048330000.0 2365290000.0 0.0 272545000000000.0 24182200000000.0 -0.22 [-0.22]
8.12831e+17 4.9864e+16 955595000000000.0 5535580000000.0 0.0 31294300000000.0 1573780000.0 0.0 4177470000000000.0 2767050000.0 0.0 0.0 2086370000000.0 241556000000000.0 996207000.0 2246810000.0 0.0 272118000000000.0 24148000000000.0 -0.2 [-0.2]
8.12831e+17 4.85531e+16 937379000000000.0 5257540000000.0 0.0 30293000000000.0 1457410000.0 0.0 4173090000000000.0 2547240000.0 0.0 0.0 2082150000000.0 240506000000000.0 946724000.0 2134330000.0 0.0 271703000000000.0 24114700000000.0 -0.18 [-0.18]
8.12831e+17 4.7279e+16 919354000000000.0 4992610000000.0 0.0 29324000000000.0 1349770000.0 0.0 4168790000000000.0 2345700000.0 0.0 0.0 2078020000000.0 239460000000000.0 899742000.0 2027550000.0 0.0 271299000000000.0 24082400000000.0 -0.16 [-0.16]
8.12831e+17 4.60426e+16 901574000000000.0 4740650000000.0 0.0 28387500000000.0 1250240000.0 0.0 4164590000000000.0 2161050000.0 0.0 0.0 2074000000000.0 238419000000000.0 855140000.0 1926200000.0 0.0 270907000000000.0 24050900000000.0 -0.14 [-0.14]
8.12832e+17 4.48377e+16 883927000000000.0 4500000000000.0 0.0 27479400000000.0 1158110000.0 0.0 4160470000000000.0 1991450000.0 0.0 0.0 2070040000000.0 237376000000000.0 812777000.0 1829930000.0 0.0 270525000000000.0 24020200000000.0 -0.12 [-0.12]
8.12832e+17 4.36662e+16 866482000000000.0 4270920000000.0 0.0 26600400000000.0 1072870000.0 0.0 4156440000000000.0 1835790000.0 0.0 0.0 2066170000000.0 236335000000000.0 772546000.0 1738530000.0 0.0 270153000000000.0 23990300000000.0 -0.1 [-0.1]
8.12832e+17 4.2528e+16 849243000000000.0 4052760000000.0 0.0 25750000000000.0 994004000.0 0.0 4152500000000000.0 1692970000.0 0.0 0.0 2062380000000.0 235297000000000.0 734335000.0 1651730000.0 0.0 269792000000000.0 23961300000000.0 -0.08 [-0.08]
8.12832e+17 4.14197e+16 832185000000000.0 3844870000000.0 0.0 24926000000000.0 921002000.0 0.0 4148640000000000.0 1561750000.0 0.0 0.0 2058660000000.0 234257000000000.0 698036000.0 1569280000.0 0.0 269440000000000.0 23933000000000.0 -0.06 [-0.06]
8.12832e+17 4.0342e+16 815315000000000.0 3646870000000.0 0.0 24128200000000.0 853443000.0 0.0 4144870000000000.0 1441220000.0 0.0 0.0 2055010000000.0 233218000000000.0 663556000.0 1490970000.0 0.0 269098000000000.0 23905500000000.0 -0.04 [-0.04]
8.12832e+17 3.92939e+16 798656000000000.0 3458420000000.0 0.0 23355900000000.0 790906000.0 0.0 4141170000000000.0 1330470000.0 0.0 0.0 2051440000000.0 232178000000000.0 630795000.0 1416580000.0 0.0 268765000000000.0 23878700000000.0 -0.02 [-0.02]
8.12832e+17 3.82734e+16 782185000000000.0 3278950000000.0 0.0 22607600000000.0 733004000.0 0.0 4137550000000000.0 1228600000.0 0.0 0.0 2047940000000.0 231136000000000.0 599666000.0 1345910000.0 0.0 268441000000000.0 23852600000000.0 -0.0 [-0.0]
8.12832e+17 3.72839e+16 765929000000000.0 3108350000000.0 0.0 21884500000000.0 679452000.0 0.0 4134020000000000.0 1135120000.0 0.0 0.0 2044510000000.0 230096000000000.0 570100000.0 1278810000.0 0.0 268127000000000.0 23827200000000.0 0.02 [0.02]
8.12832e+17 3.63176e+16 749849000000000.0 2945750000000.0 0.0 21182500000000.0 629815000.0 0.0 4130560000000000.0 1048930000.0 0.0 0.0 2041140000000.0 229050000000000.0 541991000.0 1215020000.0 0.0 267820000000000.0 23802400000000.0 0.04 [0.04]
8.12833e+17 3.53764e+16 733937000000000.0 2790820000000.0 0.0 20502100000000.0 583845000.0 0.0 4127170000000000.0 969602000.0 0.0 0.0 2037810000000.0 227999000000000.0 515275000.0 1154400000.0 0.0 267520000000000.0 23778300000000.0 0.06 [0.06]
8.12831e+17 3.44606e+16 718238000000000.0 2643550000000.0 0.0 19843300000000.0 541278000.0 0.0 4123850000000000.0 896579000.0 0.0 0.0 2034540000000.0 226946000000000.0 489885000.0 1096800000.0 0.0 267229000000000.0 23754700000000.0 0.08 [0.08]
8.12831e+17 3.35692e+16 702732000000000.0 2503400000000.0 0.0 19205100000000.0 501852000.0 0.0 4120600000000000.0 829348000.0 0.0 0.0 2031330000000.0 225888000000000.0 465750000.0 1042070000.0 0.0 266945000000000.0 23731800000000.0 0.1 [0.1]
8.12831e+17 3.2701e+16 687410000000000.0 2370080000000.0 0.0 18586600000000.0 465339000.0 0.0 4117430000000000.0 767387000.0 0.0 0.0 2028170000000.0 224826000000000.0 442811000.0 990054000.0 0.0 266669000000000.0 23709500000000.0 0.12 [0.12]
8.12831e+17 3.18558e+16 672290000000000.0 2243310000000.0 0.0 17987600000000.0 431518000.0 0.0 4114330000000000.0 710295000.0 0.0 0.0 2025060000000.0 223759000000000.0 421006000.0 940623000.0 0.0 266399000000000.0 23687700000000.0 0.14 [0.14]
8.12831e+17 3.10328e+16 657365000000000.0 2122780000000.0 0.0 17407200000000.0 400188000.0 0.0 4111290000000000.0 657671000.0 0.0 0.0 2022000000000.0 222686000000000.0 400276000.0 893642000.0 0.0 266137000000000.0 23666500000000.0 0.16 [0.16]
8.12831e+17 3.02313e+16 642629000000000.0 2008170000000.0 0.0 16844800000000.0 371163000.0 0.0 4108320000000000.0 609143000.0 0.0 0.0 2018990000000.0 221608000000000.0 380569000.0 848989000.0 0.0 265882000000000.0 23645800000000.0 0.18 [0.18]
8.12831e+17 2.94505e+16 628075000000000.0 1899210000000.0 0.0 16299800000000.0 344271000.0 0.0 4105420000000000.0 564380000.0 0.0 0.0 2016010000000.0 220522000000000.0 361832000.0 806545000.0 0.0 265633000000000.0 23625700000000.0 0.2 [0.2]
8.12831e+17 2.86902e+16 613722000000000.0 1795690000000.0 0.0 15771800000000.0 319354000.0 0.0 4102570000000000.0 523076000.0 0.0 0.0 2013070000000.0 219429000000000.0 344016000.0 766202000.0 0.0 265390000000000.0 23606000000000.0 0.22 [0.22]
8.12831e+17 2.79496e+16 599572000000000.0 1697390000000.0 0.0 15260300000000.0 296269000.0 0.0 4099790000000000.0 484954000.0 0.0 0.0 2010180000000.0 218331000000000.0 327079000.0 727860000.0 0.0 265154000000000.0 23586900000000.0 0.24 [0.24]
8.12831e+17 2.72284e+16 585618000000000.0 1604040000000.0 0.0 14764700000000.0 274875000.0 0.0 4097080000000000.0 449759000.0 0.0 0.0 2007330000000.0 217224000000000.0 310973000.0 691412000.0 0.0 264924000000000.0 23568200000000.0 0.26 [0.26]
8.12831e+17 2.65251e+16 571827000000000.0 1515270000000.0 0.0 14284200000000.0 255045000.0 0.0 4094420000000000.0 417240000.0 0.0 0.0 2004500000000.0 216107000000000.0 295656000.0 656758000.0 0.0 264699000000000.0 23550000000000.0 0.28 [0.28]
8.12831e+17 2.58407e+16 558254000000000.0 1431110000000.0 0.0 13819000000000.0 236673000.0 0.0 4091820000000000.0 387217000.0 0.0 0.0 2001710000000.0 214984000000000.0 281094000.0 623824000.0 0.0 264480000000000.0 23532300000000.0 0.3 [0.3]
8.12831e+17 2.51733e+16 544860000000000.0 1351160000000.0 0.0 13368000000000.0 219642000.0 0.0 4089280000000000.0 359461000.0 0.0 0.0 1998950000000.0 213851000000000.0 267246000.0 592513000.0 0.0 264267000000000.0 23515000000000.0 0.32 [0.32]
8.12831e+17 2.45232e+16 531658000000000.0 1275330000000.0 0.0 12931100000000.0 203857000.0 0.0 4086790000000000.0 333802000.0 0.0 0.0 1996220000000.0 212709000000000.0 254077000.0 562751000.0 0.0 264058000000000.0 23498100000000.0 0.34 [0.34]
8.12831e+17 2.38894e+16 518639000000000.0 1203340000000.0 0.0 12507700000000.0 189224000.0 0.0 4084360000000000.0 310074000.0 0.0 0.0 1993510000000.0 211557000000000.0 241552000.0 534454000.0 0.0 263855000000000.0 23481600000000.0 0.36 [0.36]
8.12831e+17 2.32718e+16 505817000000000.0 1135090000000.0 0.0 12097500000000.0 175659000.0 0.0 4081980000000000.0 288126000.0 0.0 0.0 1990820000000.0 210395000000000.0 229642000.0 507556000.0 0.0 263658000000000.0 23465500000000.0 0.38 [0.38]
8.12831e+17 2.26698e+16 493177000000000.0 1070350000000.0 0.0 11700000000000.0 163083000.0 0.0 4079660000000000.0 267816000.0 0.0 0.0 1988160000000.0 209222000000000.0 218315000.0 481985000.0 0.0 263464000000000.0 23449800000000.0 0.4 [0.4]
8.12831e+17 2.20829e+16 480725000000000.0 1008990000000.0 0.0 11314900000000.0 151423000.0 0.0 4077380000000000.0 249016000.0 0.0 0.0 1985510000000.0 208039000000000.0 207542000.0 457677000.0 0.0 263276000000000.0 23434500000000.0 0.42 [0.42]
8.12831e+17 2.15109e+16 468460000000000.0 950832000000.0 0.0 10941800000000.0 140612000.0 0.0 4075160000000000.0 231610000.0 0.0 0.0 1982880000000.0 206845000000000.0 197297000.0 434569000.0 0.0 263092000000000.0 23419600000000.0 0.44 [0.44]
8.12831e+17 2.09532e+16 456373000000000.0 895717000000.0 0.0 10580300000000.0 130588000.0 0.0 4072990000000000.0 215486000.0 0.0 0.0 1980260000000.0 205640000000000.0 187553000.0 412602000.0 0.0 262913000000000.0 23405000000000.0 0.46 [0.46]
8.12831e+17 2.04097e+16 444487000000000.0 843539000000.0 0.0 10230100000000.0 121292000.0 0.0 4070860000000000.0 200551000.0 0.0 0.0 1977670000000.0 204424000000000.0 178287000.0 391722000.0 0.0 262738000000000.0 23390800000000.0 0.48 [0.48]
8.12831e+17 1.98794e+16 432766000000000.0 794092000000.0 0.0 9890760000000.0 112671000.0 0.0 4068780000000000.0 186705000.0 0.0 0.0 1975070000000.0 203196000000000.0 169473000.0 371873000.0 0.0 262567000000000.0 23376900000000.0 0.5 [0.5]
8.12831e+17 1.93625e+16 421241000000000.0 747309000000.0 0.0 9562100000000.0 104676000.0 0.0 4066750000000000.0 173872000.0 0.0 0.0 1972480000000.0 201957000000000.0 161091000.0 353007000.0 0.0 262400000000000.0 23363400000000.0 0.52 [0.52]
8.12831e+17 1.88582e+16 409890000000000.0 703003000000.0 0.0 9243630000000.0 97260600.0 0.0 4064750000000000.0 161971000.0 0.0 0.0 1969890000000.0 200705000000000.0 153120000.0 335073000.0 0.0 262237000000000.0 23350100000000.0 0.54 [0.54]
8.12831e+17 1.83663e+16 398721000000000.0 661104000000.0 0.0 8935140000000.0 90382100.0 0.0 4062810000000000.0 150930000.0 0.0 0.0 1967310000000.0 199442000000000.0 145538000.0 318027000.0 0.0 262078000000000.0 23337200000000.0 0.56 [0.56]
8.12831e+17 1.78866e+16 387732000000000.0 621461000000.0 0.0 8636300000000.0 84001000.0 0.0 4060900000000000.0 140685000.0 0.0 0.0 1964720000000.0 198166000000000.0 138328000.0 301825000.0 0.0 261923000000000.0 23324500000000.0 0.58 [0.58]
8.12831e+17 1.74187e+16 376924000000000.0 583972000000.0 0.0 8346870000000.0 78081600.0 0.0 4059050000000000.0 131178000.0 0.0 0.0 1962130000000.0 196878000000000.0 131470000.0 286427000.0 0.0 261771000000000.0 23312200000000.0 0.6 [0.6]
8.12831e+17 1.69621e+16 366289000000000.0 548547000000.0 0.0 8066520000000.0 72589800.0 0.0 4057220000000000.0 122349000.0 0.0 0.0 1959520000000.0 195579000000000.0 124949000.0 271793000.0 0.0 261623000000000.0 23300100000000.0 0.62 [0.62]
8.12831e+17 1.65168e+16 355837000000000.0 515073000000.0 0.0 7795030000000.0 67494500.0 0.0 4055440000000000.0 114151000.0 0.0 0.0 1956910000000.0 194267000000000.0 118747000.0 257886000.0 0.0 261478000000000.0 23288300000000.0 0.64 [0.64]
8.12831e+17 1.60823e+16 345562000000000.0 483446000000.0 0.0 7532120000000.0 62766700.0 0.0 4053690000000000.0 106534000.0 0.0 0.0 1954290000000.0 192943000000000.0 112849000.0 244671000.0 0.0 261336000000000.0 23276800000000.0 0.66 [0.66]
8.12831e+17 1.56584e+16 335466000000000.0 453592000000.0 0.0 7277530000000.0 58379400.0 0.0 4051990000000000.0 99457700.0 0.0 0.0 1951650000000.0 191608000000000.0 107241000.0 232114000.0 0.0 261198000000000.0 23265500000000.0 0.68 [0.68]
