Cloudy_runs/pg1222/z=0.054479/logZ=1/component_II_PI_nH/component_II_PI_nH_col_density_param.txt
# %ECSV 1.0
# ---
# datatype:
# - {name: H, datatype: float64}
# - {name: H+, datatype: float64}
# - {name: C+, datatype: float64}
# - {name: C+2, datatype: float64}
# - {name: C+3, datatype: float64}
# - {name: N+, datatype: float64}
# - {name: N+2, datatype: float64}
# - {name: N+4, datatype: float64}
# - {name: O, datatype: float64}
# - {name: O+2, datatype: float64}
# - {name: O+5, datatype: float64}
# - {name: O+6, datatype: float64}
# - {name: P+, datatype: float64}
# - {name: Si+, datatype: float64}
# - {name: Si+2, datatype: float64}
# - {name: Si+3, datatype: float64}
# - {name: Si+4, datatype: float64}
# - {name: Fe+, datatype: float64}
# - {name: Al+, datatype: float64}
# - {name: log_nH, datatype: float64}
# - {name: parameters, datatype: string, subtype: 'float64[1]'}
# schema: astropy-2.0
H H+ C+ C+2 C+3 N+ N+2 N+4 O O+2 O+5 O+6 P+ Si+ Si+2 Si+3 Si+4 Fe+ Al+ log_nH parameters
[from data line 286]
8.12831e+17 1.48414e+16 315810000000000.0 398824000000.0 0.0 6792390000000.0 50529000.0 0.0 4048690000000000.0 86765500.0 0.0 0.0 1946340000000.0 188902000000000.0 96836600.0 208848000.0 0.0 260930000000000.0 23243700000000.0 0.72 [0.72]
8.12831e+17 1.44475e+16 306242000000000.0 373744000000.0 0.0 6561300000000.0 47021300.0 0.0 4047100000000000.0 81077800.0 0.0 0.0 1943630000000.0 187532000000000.0 92014100.0 198078000.0 0.0 260801000000000.0 23233200000000.0 0.74 [0.74]
8.12831e+17 1.40629e+16 296847000000000.0 350087000000.0 0.0 6337540000000.0 43764900.0 0.0 4045540000000000.0 75786600.0 0.0 0.0 1940900000000.0 186150000000000.0 87428600.0 187848000.0 0.0 260674000000000.0 23222900000000.0 0.76 [0.76]
8.12831e+17 1.36877e+16 287629000000000.0 327798000000.0 0.0 6120980000000.0 40742200.0 0.0 4044010000000000.0 70863300.0 0.0 0.0 1938140000000.0 184758000000000.0 83069000.0 178131000.0 0.0 260551000000000.0 23212800000000.0 0.78 [0.78]
8.12831e+17 1.33214e+16 278586000000000.0 306797000000.0 0.0 5911380000000.0 37935900.0 0.0 4042510000000000.0 66281000.0 0.0 0.0 1935340000000.0 183354000000000.0 78924100.0 168901000.0 0.0 260429000000000.0 23203000000000.0 0.8 [0.8]
8.12831e+17 1.2964e+16 269717000000000.0 287019000000.0 0.0 5708520000000.0 35330100.0 0.0 4041050000000000.0 62015200.0 0.0 0.0 1932500000000.0 181940000000000.0 74983200.0 160135000.0 0.0 260311000000000.0 23193300000000.0 0.82 [0.82]
8.12831e+17 1.2615e+16 261024000000000.0 268399000000.0 0.0 5512200000000.0 32910200.0 0.0 4039620000000000.0 58042900.0 0.0 0.0 1929620000000.0 180516000000000.0 71236700.0 151810000.0 0.0 260195000000000.0 23183800000000.0 0.84 [0.84]
8.12831e+17 1.22745e+16 252512000000000.0 250885000000.0 0.0 5322270000000.0 30662800.0 0.0 4038220000000000.0 54343200.0 0.0 0.0 1926710000000.0 179084000000000.0 67675000.0 143906000.0 0.0 260081000000000.0 23174600000000.0 0.86 [0.86]
8.12831e+17 1.19418e+16 244168000000000.0 234404000000.0 0.0 5138450000000.0 28575200.0 0.0 4036850000000000.0 50895800.0 0.0 0.0 1923730000000.0 177640000000000.0 64289100.0 136401000.0 0.0 259969000000000.0 23165500000000.0 0.88 [0.88]
8.12831e+17 1.1617e+16 235999000000000.0 218910000000.0 0.0 4960600000000.0 26635900.0 0.0 4035500000000000.0 47682800.0 0.0 0.0 1920700000000.0 176188000000000.0 61070400.0 129275000.0 0.0 259860000000000.0 23156600000000.0 0.9 [0.9]
8.12831e+17 1.12999e+16 228006000000000.0 204351000000.0 0.0 4788570000000.0 24834300.0 0.0 4034190000000000.0 44687700.0 0.0 0.0 1917610000000.0 174728000000000.0 58010800.0 122511000.0 0.0 259753000000000.0 23147900000000.0 0.92 [0.92]
8.12831e+17 1.09903e+16 220186000000000.0 190677000000.0 0.0 4622160000000.0 23160300.0 0.0 4032910000000000.0 41895300.0 0.0 0.0 1914450000000.0 173259000000000.0 55102800.0 116090000.0 0.0 259648000000000.0 23139400000000.0 0.94 [0.94]
8.12831e+17 1.06878e+16 212532000000000.0 177834000000.0 0.0 4461220000000.0 21604700.0 0.0 4031640000000000.0 39291000.0 0.0 0.0 1911230000000.0 171782000000000.0 52339000.0 109996000.0 0.0 259545000000000.0 23131000000000.0 0.96 [0.96]
8.12831e+17 1.03927e+16 205063000000000.0 165792000000.0 0.0 4305600000000.0 20158900.0 0.0 4030410000000000.0 36861600.0 0.0 0.0 1907940000000.0 170299000000000.0 49712100.0 104212000.0 0.0 259443000000000.0 23122800000000.0 0.98 [0.98]
8.0648e+17 1.00692e+16 195872000000000.0 153292000000.0 0.0 4137520000000.0 18727200.0 0.0 3997920000000000.0 34398500.0 0.0 0.0 1890420000000.0 167281000000000.0 46940400.0 97854600.0 0.0 257334000000000.0 22935500000000.0 1.0 [1.0]
