Cloudy_runs/pg1116/z=0.138527/logZ=1/component_II_PI_nH/component_II_PI_nH_col_density_param.txt
# %ECSV 1.0
# ---
# datatype:
# - {name: H, datatype: float64}
# - {name: H+, datatype: float64}
# - {name: C+, datatype: float64}
# - {name: C+2, datatype: float64}
# - {name: C+3, datatype: float64}
# - {name: N+, datatype: float64}
# - {name: N+2, datatype: float64}
# - {name: N+4, datatype: float64}
# - {name: O, datatype: float64}
# - {name: O+2, datatype: float64}
# - {name: O+5, datatype: float64}
# - {name: O+6, datatype: float64}
# - {name: P+, datatype: float64}
# - {name: Si+, datatype: float64}
# - {name: Si+2, datatype: float64}
# - {name: Si+3, datatype: float64}
# - {name: Si+4, datatype: float64}
# - {name: log_nH, datatype: float64}
# - {name: parameters, datatype: string, subtype: 'float64[1]'}
# schema: astropy-2.0
H H+ C+ C+2 C+3 N+ N+2 N+4 O O+2 O+5 O+6 P+ Si+ Si+2 Si+3 Si+4 log_nH parameters
[from data line 283]
39810700000000.0 1796710000000.0 18147600000.0 38870200.0 0.0 888965000.0 11567.8 0.0 202262000000.0 20588.5 0.0 0.0 100895000.0 8736420000.0 12615.6 15586.4 0.0 0.66 [0.66]
39810700000000.0 1751270000000.0 17638700000.0 36567000.0 0.0 860266000.0 10715.3 0.0 202100000000.0 19035.0 0.0 0.0 100748000.0 8656140000.0 11955.4 14748.9 0.0 0.68 [0.68]
39810700000000.0 1707070000000.0 17140900000.0 34393100.0 0.0 832477000.0 9926.46 0.0 201942000000.0 17601.9 0.0 0.0 100606000.0 8575810000.0 11329.5 13955.7 0.0 0.7 [0.7]
39810700000000.0 1664070000000.0 16654000000.0 32341800.0 0.0 805565000.0 9196.4 0.0 201788000000.0 16279.4 0.0 0.0 100466000.0 8495400000.0 10736.1 13204.4 0.0 0.72 [0.72]
39810700000000.0 1622050000000.0 16176200000.0 30400100.0 0.0 779440000.0 8520.04 0.0 201636000000.0 15057.6 0.0 0.0 100328000.0 8414400000.0 10173.1 12492.2 0.0 0.74 [0.74]
39810700000000.0 1581080000000.0 15708000000.0 28565700.0 0.0 754108000.0 7893.74 0.0 201488000000.0 13929.0 0.0 0.0 100191000.0 8333050000.0 9638.97 11817.3 0.0 0.76 [0.76]
39810700000000.0 1541110000000.0 15249600000.0 26833400.0 0.0 729548000.0 7313.8 0.0 201344000000.0 12886.6 0.0 0.0 100057000.0 8251380000.0 9132.42 11177.9 0.0 0.78 [0.78]
39810700000000.0 1502140000000.0 14800800000.0 25197800.0 0.0 705738000.0 6776.76 0.0 201202000000.0 11923.6 0.0 0.0 99924300.0 8169380000.0 8651.98 10572.1 0.0 0.8 [0.8]
39810700000000.0 1464130000000.0 14361500000.0 23654000.0 0.0 682654000.0 6279.45 0.0 201063000000.0 11033.8 0.0 0.0 99793500.0 8087060000.0 8196.35 9998.15 0.0 0.82 [0.82]
39810700000000.0 1427060000000.0 13931500000.0 22197300.0 0.0 660274000.0 5818.91 0.0 200928000000.0 10211.5 0.0 0.0 99664400.0 8004410000.0 7764.23 9454.45 0.0 0.84 [0.84]
39810700000000.0 1390890000000.0 13510700000.0 20823100.0 0.0 638579000.0 5392.41 0.0 200795000000.0 9451.44 0.0 0.0 99536700.0 7921460000.0 7354.44 8939.42 0.0 0.86 [0.86]
39810700000000.0 1355610000000.0 13099000000.0 19527100.0 0.0 617549000.0 4997.43 0.0 200665000000.0 8748.93 0.0 0.0 99410600.0 7838210000.0 6965.85 8451.59 0.0 0.88 [0.88]
39810700000000.0 1321190000000.0 12696400000.0 18305500.0 0.0 597163000.0 4631.64 0.0 200538000000.0 8099.43 0.0 0.0 99285700.0 7754660000.0 6597.37 7989.56 0.0 0.9 [0.9]
39810700000000.0 1287610000000.0 12302800000.0 17154100.0 0.0 577404000.0 4292.87 0.0 200414000000.0 7498.91 0.0 0.0 99162100.0 7670850000.0 6247.98 7551.99 0.0 0.92 [0.92]
39810700000000.0 1254850000000.0 11918000000.0 16069500.0 0.0 558253000.0 3979.12 0.0 200293000000.0 6943.59 0.0 0.0 99039500.0 7586770000.0 5916.71 7137.63 0.0 0.94 [0.94]
39810700000000.0 1222880000000.0 11541900000.0 15048000.0 0.0 539693000.0 3688.53 0.0 200174000000.0 6430.02 0.0 0.0 98918000.0 7502450000.0 5602.63 6745.27 0.0 0.96 [0.96]
39810700000000.0 1191680000000.0 11174600000.0 14086300.0 0.0 521706000.0 3419.39 0.0 200058000000.0 5955.0 0.0 0.0 98797400.0 7417900000.0 5304.88 6373.79 0.0 0.98 [0.98]
39810700000000.0 1161230000000.0 10816300000.0 13187200.0 0.0 504282000.0 3170.17 0.0 199944000000.0 5515.47 0.0 0.0 98677600.0 7333170000.0 5022.64 6022.19 0.0 1.0 [1.0]
