Cloudy_runs/pg1116/z=0.138527/logZ=1/component_II_PI_nH/component_II_PI_nH_col_density_param.txt
# %ECSV 1.0
# ---
# datatype:
# - {name: H, datatype: float64}
# - {name: H+, datatype: float64}
# - {name: C+, datatype: float64}
# - {name: C+2, datatype: float64}
# - {name: C+3, datatype: float64}
# - {name: N+, datatype: float64}
# - {name: N+2, datatype: float64}
# - {name: N+4, datatype: float64}
# - {name: O, datatype: float64}
# - {name: O+2, datatype: float64}
# - {name: O+5, datatype: float64}
# - {name: O+6, datatype: float64}
# - {name: P+, datatype: float64}
# - {name: Si+, datatype: float64}
# - {name: Si+2, datatype: float64}
# - {name: Si+3, datatype: float64}
# - {name: Si+4, datatype: float64}
# - {name: log_nH, datatype: float64}
# - {name: parameters, datatype: string, subtype: 'float64[1]'}
# schema: astropy-2.0
H H+ C+ C+2 C+3 N+ N+2 N+4 O O+2 O+5 O+6 P+ Si+ Si+2 Si+3 Si+4 log_nH parameters
[from data line 59]
39810700000000.0 8134650000000000.0 1719670000000.0 16875300000000.0 2996920000000.0 385046000000.0 3607140000000.0 153084000000.0 10637000000.0 24680700000000.0 23244800000.0 439318000.0 4158180000.0 573339000000.0 492459000000.0 1085900000000.0 470373000000.0 -3.82 [-3.82]
39810700000000.0 7685620000000000.0 1701360000000.0 16016800000000.0 2718700000000.0 393220000000.0 3443540000000.0 132161000000.0 11731900000.0 23645500000000.0 19025900000.0 342990000.0 4159340000.0 589279000000.0 470491000000.0 1011770000000.0 409992000000.0 -3.8 [-3.8]
39810700000000.0 7263180000000000.0 1683070000000.0 15198900000000.0 2464280000000.0 401190000000.0 3284390000000.0 114042000000.0 12917000000.0 22620800000000.0 15556900000.0 267565000.0 4153020000.0 603536000000.0 448097000000.0 940583000000.0 356501000000.0 -3.78 [-3.78]
39810700000000.0 6865550000000000.0 1664810000000.0 14419900000000.0 2231730000000.0 408947000000.0 3129750000000.0 98357000000.0 14197600000.0 21609000000000.0 12706300000.0 208541000.0 4139640000.0 616018000000.0 425450000000.0 872484000000.0 309251000000.0 -3.76 [-3.76]
39810700000000.0 6491350000000000.0 1646670000000.0 13678200000000.0 2019330000000.0 416474000000.0 2979760000000.0 84790000000.0 15577900000.0 20613300000000.0 10367200000.0 162410000.0 4119750000.0 626644000000.0 402746000000.0 807621000000.0 267658000000.0 -3.74 [-3.74]
39810700000000.0 6139240000000000.0 1628700000000.0 12972700000000.0 1825510000000.0 423759000000.0 2834550000000.0 73064300000.0 17062600000.0 19636400000000.0 8450210000.0 126395000.0 4093910000.0 635365000000.0 380162000000.0 746094000000.0 231165000000.0 -3.72 [-3.72]
39810700000000.0 5807970000000000.0 1610970000000.0 12301900000000.0 1648790000000.0 430790000000.0 2694190000000.0 62937100000.0 18655500000.0 18680800000000.0 6881130000.0 98306000.0 4062660000.0 642159000000.0 357866000000.0 687964000000.0 199250000000.0 -3.7 [-3.7]
39810700000000.0 5496350000000000.0 1593530000000.0 11664400000000.0 1487820000000.0 437553000000.0 2558760000000.0 54196500000.0 20360600000.0 17748800000000.0 5598420000.0 76421300.0 4026550000.0 647030000000.0 336005000000.0 633253000000.0 171426000000.0 -3.68 [-3.68]
39810700000000.0 5203260000000000.0 1576420000000.0 11058900000000.0 1341340000000.0 444035000000.0 2428270000000.0 46657300000.0 22181100000.0 16842400000000.0 4551060000.0 59385100.0 3986100000.0 650013000000.0 314712000000.0 581951000000.0 147240000000.0 -3.66 [-3.66]
39810700000000.0 4927620000000000.0 1559670000000.0 10484100000000.0 1208190000000.0 450227000000.0 2302730000000.0 40157500000.0 24120300000.0 15963100000000.0 3696790000.0 46132900.0 3941800000.0 651162000000.0 294095000000.0 534007000000.0 126274000000.0 -3.64 [-3.64]
39810700000000.0 4668410000000000.0 1543310000000.0 9938530000000.0 1087290000000.0 456115000000.0 2182110000000.0 34557000000.0 26181000000.0 15112500000000.0 3000800000.0 35831600.0 3894150000.0 650555000000.0 274249000000.0 489352000000.0 108147000000.0 -3.62 [-3.62]
39810700000000.0 4424690000000000.0 1527360000000.0 9421050000000.0 977628000000.0 461689000000.0 2066390000000.0 29733600000.0 28364900000.0 14291700000000.0 2434350000.0 27829000.0 3843590000.0 648287000000.0 255246000000.0 447889000000.0 92513900000.0 -3.6 [-3.6]
39810700000000.0 4195540000000000.0 1511830000000.0 8930310000000.0 878279000000.0 466939000000.0 1955500000000.0 25580900000.0 30673900000.0 13501500000000.0 1973750000.0 21614700.0 3790520000.0 644469000000.0 237139000000.0 409497000000.0 79061300000.0 -3.58 [-3.58]
39810700000000.0 3980050000000000.0 1496710000000.0 8465030000000.0 788370000000.0 471855000000.0 1849350000000.0 22006400000.0 33109400000.0 12742600000000.0 1599500000.0 16790300.0 3735310000.0 639221000000.0 219961000000.0 374040000000.0 67507700000.0 -3.56 [-3.56]
39810700000000.0 3777410000000000.0 1481980000000.0 8023960000000.0 707097000000.0 476429000000.0 1747840000000.0 18930400000.0 35672100000.0 12015100000000.0 1295640000.0 13045600.0 3678290000.0 632671000000.0 203729000000.0 341369000000.0 57602400000.0 -3.54 [-3.54]
39810700000000.0 3586790000000000.0 1467650000000.0 7605890000000.0 633710000000.0 480653000000.0 1650850000000.0 16283700000.0 38362700000.0 11319100000000.0 1049080000.0 10139000.0 3619760000.0 624950000000.0 188449000000.0 311328000000.0 49123300000.0 -3.52 [-3.52]
39810700000000.0 3406930000000000.0 1453610000000.0 7208470000000.0 567352000000.0 484513000000.0 1557990000000.0 14000700000.0 41186200000.0 10652500000000.0 848696000.0 7877930.0 3559750000.0 616153000000.0 174070000000.0 283682000000.0 41858400000.0 -3.5 [-3.5]
39810700000000.0 3238650000000000.0 1440010000000.0 6834060000000.0 507865000000.0 488020000000.0 1469910000000.0 12047300000.0 44126300000.0 10020600000000.0 687036000.0 6131100.0 3499120000.0 606520000000.0 160694000000.0 258490000000.0 35684400000.0 -3.48 [-3.48]
39810700000000.0 3079720000000000.0 1426650000000.0 6478060000000.0 454171000000.0 491149000000.0 1385680000000.0 10361800000.0 47198100000.0 9417270000000.0 555701000.0 4770780.0 3437460000.0 596064000000.0 148173000000.0 235371000000.0 30403100000.0 -3.46 [-3.46]
39810700000000.0 2930010000000000.0 1413560000000.0 6140590000000.0 405881000000.0 493901000000.0 1305430000000.0 8911500000.0 50395100000.0 8843620000000.0 449320000.0 3714030.0 3375120000.0 584942000000.0 136515000000.0 214239000000.0 25900600000.0 -3.44 [-3.44]
39810700000000.0 2788910000000000.0 1400690000000.0 5820640000000.0 362491000000.0 496268000000.0 1228990000000.0 7663600000.0 53715300000.0 8298880000000.0 363179000.0 2892780.0 3312280000.0 573264000000.0 125680000000.0 194945000000.0 22064200000.0 -3.42 [-3.42]
39810700000000.0 2655870000000000.0 1388010000000.0 5517250000000.0 323537000000.0 498245000000.0 1156230000000.0 6589730000.0 57156500000.0 7782190000000.0 293448000.0 0.0 3249060000.0 561134000000.0 115628000000.0 177344000000.0 18796800000.0 -3.4 [-3.4]
39810700000000.0 2530340000000000.0 1375480000000.0 5229530000000.0 288594000000.0 499827000000.0 1087000000000.0 5665570000.0 60716200000.0 7292610000000.0 237016000.0 0.0 3185570000.0 548646000000.0 106317000000.0 161297000000.0 16014900000.0 -3.38 [-3.38]
39810700000000.0 2411830000000000.0 1363070000000.0 4956600000000.0 257272000000.0 501008000000.0 1021160000000.0 4870150000.0 64391300000.0 6829140000000.0 191358000.0 0.0 3121940000.0 535885000000.0 97702700000.0 146676000000.0 13646600000.0 -3.36 [-3.36]
39810700000000.0 2299870000000000.0 1350740000000.0 4697660000000.0 229217000000.0 501784000000.0 958572000000.0 4185520000.0 68178400000.0 6390770000000.0 154428000.0 0.0 3058230000.0 522929000000.0 89741400000.0 133360000000.0 11630800000.0 -3.34 [-3.34]
39810700000000.0 2194040000000000.0 1338460000000.0 4451930000000.0 204105000000.0 502151000000.0 899096000000.0 3596210000.0 72073500000.0 5976450000000.0 124566000.0 0.0 2994550000.0 509847000000.0 82390500000.0 121237000000.0 9914880000.0 -3.32 [-3.32]
39810700000000.0 2093910000000000.0 1326190000000.0 4218690000000.0 181641000000.0 502103000000.0 842606000000.0 3088920000.0 76072400000.0 5585150000000.0 100425000.0 0.0 2930960000.0 496699000000.0 75608300000.0 110202000000.0 8454190000.0 -3.3 [-3.3]
39810700000000.0 1999130000000000.0 1313910000000.0 3997260000000.0 161560000000.0 501637000000.0 788976000000.0 2652250000.0 80170400000.0 5215830000000.0 80915800.0 0.0 2867520000.0 483539000000.0 69354900000.0 100159000000.0 7210570000.0 -3.28 [-3.28]
39810700000000.0 1909330000000000.0 1301570000000.0 3786980000000.0 143618000000.0 500749000000.0 738088000000.0 2276380000.0 84362400000.0 4867470000000.0 65155800.0 0.0 2804310000.0 470412000000.0 63592300000.0 91021200000.0 6151570000.0 -3.26 [-3.26]
39810700000000.0 1824200000000000.0 1289160000000.0 3587250000000.0 127597000000.0 499438000000.0 689827000000.0 1952870000.0 88642900000.0 4539060000000.0 52429100.0 0.0 2741360000.0 457359000000.0 58284000000.0 82706100000.0 5249560000.0 -3.24 [-3.24]
39810700000000.0 1743420000000000.0 1276640000000.0 3397510000000.0 113300000000.0 497699000000.0 644084000000.0 1674460000.0 93006100000.0 4229650000000.0 42156700.0 0.0 2678740000.0 444413000000.0 53396400000.0 75140300000.0 4481080000.0 -3.22 [-3.22]
39810700000000.0 1666720000000000.0 1263990000000.0 3217210000000.0 100547000000.0 495533000000.0 600755000000.0 1434910000.0 97445900000.0 3938280000000.0 33869200.0 0.0 2616480000.0 431603000000.0 48897400000.0 68256200000.0 3826160000.0 -3.2 [-3.2]
39810700000000.0 1593840000000000.0 1251180000000.0 3045860000000.0 89177500000.0 492936000000.0 559741000000.0 1228850000.0 101956000000.0 3664040000000.0 27186800.0 0.0 2554630000.0 418953000000.0 44757100000.0 61992100000.0 3267850000.0 -3.18 [-3.18]
39810700000000.0 1524530000000000.0 1238190000000.0 2882980000000.0 79047200000.0 489910000000.0 520945000000.0 1051630000.0 106529000000.0 3406050000000.0 21802000.0 0.0 2493220000.0 406483000000.0 40947900000.0 56291800000.0 2791750000.0 -3.16 [-3.16]
39810700000000.0 1458570000000000.0 1224990000000.0 2728120000000.0 70025100000.0 486455000000.0 484276000000.0 899283000.0 111158000000.0 3163480000000.0 17465500.0 0.0 2432280000.0 394208000000.0 37443800000.0 51104300000.0 2385610000.0 -3.14 [-3.14]
39810700000000.0 1395480000000000.0 1211490000000.0 2580260000000.0 61968400000.0 482531000000.0 449524000000.0 767937000.0 115847000000.0 2934660000000.0 13966600.0 0.0 2371580000.0 382085000000.0 34209700000.0 46366400000.0 2038060000.0 -3.12 [-3.12]
39810700000000.0 1335610000000000.0 1197810000000.0 2440260000000.0 54826000000.0 478222000000.0 416858000000.0 655548000.0 120567000000.0 2720590000000.0 11162700.0 0.0 2311680000.0 370237000000.0 31247400000.0 42070800000.0 1742370000.0 -3.1 [-3.1]
39810700000000.0 1278490000000000.0 1183870000000.0 2307120000000.0 48475200000.0 473494000000.0 386070000000.0 559072000.0 125321000000.0 2519650000000.0 8910380.0 0.0 2252340000.0 358616000000.0 28524300000.0 38161200000.0 1489900000.0 -3.08 [-3.08]
39810700000000.0 1224220000000000.0 1169710000000.0 2181050000000.0 42850100000.0 468399000000.0 357188000000.0 476590000.0 130090000000.0 2331880000000.0 7107960.0 0.0 2193870000.0 347282000000.0 26031000000.0 34616000000.0 1274910000.0 -3.06 [-3.06]
39810700000000.0 1172130000000000.0 1155170000000.0 2060600000000.0 37835100000.0 462851000000.0 329919000000.0 405603000.0 134888000000.0 2155110000000.0 5658050.0 0.0 2135720000.0 336129000000.0 23730900000.0 31376500000.0 1090600000.0 -3.04 [-3.04]
39810700000000.0 1122350000000000.0 1140320000000.0 1946050000000.0 33383300000.0 456904000000.0 304306000000.0 344796000.0 139695000000.0 1989510000000.0 4497090.0 0.0 2078200000.0 325213000000.0 21618400000.0 28428200000.0 933099000.0 -3.02 [-3.02]
39810700000000.0 1074490000000000.0 1125050000000.0 1836590000000.0 29419300000.0 450514000000.0 280184000000.0 292567000.0 144515000000.0 1833830000000.0 3565870.0 0.0 2021050000.0 314481000000.0 19671000000.0 25734700000.0 798039000.0 -3.0 [-3.0]
39810700000000.0 1028900000000000.0 1109530000000.0 1733010000000.0 25918700000.0 443800000000.0 257678000000.0 248093000.0 149318000000.0 1688840000000.0 2824880.0 0.0 1964850000.0 304044000000.0 17891400000.0 23294300000.0 682991000.0 -2.98 [-2.98]
39810700000000.0 985270000000000.0 1093680000000.0 1634580000000.0 22817800000.0 436731000000.0 236632000000.0 210118000.0 154104000000.0 1553410000000.0 2234150.0 0.0 1909380000.0 293853000000.0 16259700000.0 21075200000.0 584646000.0 -2.96 [-2.96]
39810700000000.0 943634000000000.0 1077550000000.0 1541430000000.0 20081000000.0 429367000000.0 217040000000.0 177818000.0 158859000000.0 1427410000000.0 1764960.0 0.0 1854860000.0 283947000000.0 14768800000.0 19063800000.0 500764000.0 -2.94 [-2.94]
39810700000000.0 903325000000000.0 1060910000000.0 1452030000000.0 17640800000.0 421561000000.0 198628000000.0 150083000.0 163603000000.0 1308940000000.0 1389550.0 0.0 1800540000.0 274177000000.0 13392000000.0 17220300000.0 428532000.0 -2.92 [-2.92]
39810700000000.0 864853000000000.0 1044010000000.0 1367540000000.0 15491800000.0 413504000000.0 181556000000.0 126574000.0 168297000000.0 1199040000000.0 1092720.0 0.0 1747250000.0 264695000000.0 12136700000.0 15551800000.0 366963000.0 -2.9 [-2.9]
39810700000000.0 827939000000000.0 1026780000000.0 1287300000000.0 13593300000.0 405160000000.0 165690000000.0 106593000.0 172944000000.0 1096800000000.0 857597.0 0.0 1694750000.0 255449000000.0 10988500000.0 14036000000.0 314290000.0 -2.88 [-2.88]
39810700000000.0 792509000000000.0 1009220000000.0 1211150000000.0 11917200000.0 396554000000.0 150973000000.0 89634100.0 177536000000.0 1001810000000.0 671714.0 0.0 1643070000.0 246438000000.0 9939120000.0 12659700000.0 269223000.0 -2.86 [-2.86]
39810700000000.0 758494000000000.0 991351000000.0 1138890000000.0 10438900000.0 387711000000.0 137346000000.0 75261800.0 182065000000.0 913681000000.0 525051.0 0.0 1592230000.0 237661000000.0 8981020000.0 11410600000.0 230664000.0 -2.84 [-2.84]
39810700000000.0 725835000000000.0 973199000000.0 1070390000000.0 9136140000.0 378657000000.0 124755000000.0 63100700.0 186523000000.0 832052000000.0 0.0 0.0 1542260000.0 229116000000.0 8107200000.0 10277800000.0 197672000.0 -2.82 [-2.82]
39810700000000.0 694474000000000.0 954785000000.0 1005480000000.0 7989130000.0 369422000000.0 113143000000.0 52826900.0 190904000000.0 756564000000.0 0.0 0.0 1493200000.0 220804000000.0 7311140000.0 9251050000.0 169443000.0 -2.8 [-2.8]
39810700000000.0 664360000000000.0 936137000000.0 944003000000.0 6980190000.0 360035000000.0 102456000000.0 44161600.0 195199000000.0 686874000000.0 0.0 0.0 1445070000.0 212723000000.0 6586770000.0 8321180000.0 145288000.0 -2.78 [-2.78]
39810700000000.0 635445000000000.0 917284000000.0 885830000000.0 6093560000.0 350526000000.0 92640000000.0 36865100.0 199403000000.0 622653000000.0 0.0 0.0 1397910000.0 204872000000.0 5928450000.0 7479700000.0 124619000.0 -2.76 [-2.76]
39810700000000.0 607687000000000.0 898263000000.0 830822000000.0 5315220000.0 340925000000.0 83643600000.0 30731700.0 203509000000.0 563583000000.0 0.0 0.0 1351740000.0 197252000000.0 5330940000.0 6718850000.0 106933000.0 -2.74 [-2.74]
39810700000000.0 581261000000000.0 879258000000.0 779279000000.0 4636780000.0 331361000000.0 75464300000.0 25613200.0 207499000000.0 509696000000.0 0.0 0.0 1306960000.0 189924000000.0 4792620000.0 6035770000.0 91876100.0 -2.72 [-2.72]
39810700000000.0 555476000000000.0 859857000000.0 729770000000.0 4034540000.0 321573000000.0 67904200000.0 21272200.0 211403000000.0 459662000000.0 0.0 0.0 1262500000.0 182698000000.0 4299020000.0 5411060000.0 78844200.0 -2.7 [-2.7]
39810700000000.0 530949000000000.0 840548000000.0 683472000000.0 3511090000.0 311881000000.0 61062500000.0 17665100.0 215181000000.0 414220000000.0 0.0 0.0 1219490000.0 175763000000.0 3855740000.0 4851540000.0 67756200.0 -2.68 [-2.68]
39810700000000.0 507430000000000.0 821222000000.0 639831000000.0 3053420000.0 302218000000.0 54842900000.0 14653000.0 218840000000.0 372747000000.0 0.0 0.0 1177570000.0 169053000000.0 3455520000.0 4347450000.0 58263800.0 -2.66 [-2.66]
39810700000000.0 484884000000000.0 801916000000.0 598725000000.0 2653640000.0 292611000000.0 49199600000.0 12141500.0 222376000000.0 334968000000.0 0.0 0.0 1136760000.0 162568000000.0 3094630000.0 3893660000.0 50135200.0 -2.64 [-2.64]
39810700000000.0 463408000000000.0 782776000000.0 560278000000.0 2306330000.0 283152000000.0 44110600000.0 10058700.0 225782000000.0 300775000000.0 0.0 0.0 1097330000.0 156344000000.0 2770990000.0 3487350000.0 43198100.0 -2.62 [-2.62]
39810700000000.0 442712000000000.0 763627000000.0 523890000000.0 2002020000.0 273733000000.0 39488900000.0 8319020.0 229064000000.0 269598000000.0 0.0 0.0 1058800000.0 150301000000.0 2478500000.0 3120460000.0 37228500.0 -2.6 [-2.6]
