Cloudy_runs/pg1116/z=0.138527/logZ=1/component_II_PI_nH/component_II_PI_nH_col_density_param.txt
# %ECSV 1.0
# ---
# datatype:
# - {name: H, datatype: float64}
# - {name: H+, datatype: float64}
# - {name: C+, datatype: float64}
# - {name: C+2, datatype: float64}
# - {name: C+3, datatype: float64}
# - {name: N+, datatype: float64}
# - {name: N+2, datatype: float64}
# - {name: N+4, datatype: float64}
# - {name: O, datatype: float64}
# - {name: O+2, datatype: float64}
# - {name: O+5, datatype: float64}
# - {name: O+6, datatype: float64}
# - {name: P+, datatype: float64}
# - {name: Si+, datatype: float64}
# - {name: Si+2, datatype: float64}
# - {name: Si+3, datatype: float64}
# - {name: Si+4, datatype: float64}
# - {name: log_nH, datatype: float64}
# - {name: parameters, datatype: string, subtype: 'float64[1]'}
# schema: astropy-2.0
H H+ C+ C+2 C+3 N+ N+2 N+4 O O+2 O+5 O+6 P+ Si+ Si+2 Si+3 Si+4 log_nH parameters
39810700000000.0 1.03934e+18 60486600000.0 24236800000000.0 164932000000000.0 3888310000.0 3506520000000.0 142671000000000.0 177424.0 9849870000000.0 1648760000000000.0 1737410000000000.0 1794110.0 70130900.0 7419340000.0 93274800000.0 6641620000000.0 -5.0 [-5.0]
39810700000000.0 9.76109e+17 64073400000.0 25073800000000.0 166992000000000.0 4288100000.0 3777980000000.0 140210000000000.0 213491.0 10813500000000.0 1556370000000000.0 1548770000000000.0 2065780.0 79666400.0 8422890000.0 106316000000.0 7082690000000.0 -4.98 [-4.98]
39810700000000.0 9.16472e+17 67957500000.0 25915500000000.0 168868000000000.0 4738500000.0 4069190000000.0 137519000000000.0 257854.0 11856800000000.0 1464880000000000.0 1376460000000000.0 2379840.0 90320600.0 9539730000.0 121027000000.0 7540030000000.0 -4.96 [-4.96]
39810700000000.0 8.60203e+17 72182100000.0 26763600000000.0 170552000000000.0 5246980000.0 4381240000000.0 134598000000000.0 312505.0 12982300000000.0 1374500000000000.0 1219640000000000.0 2743480.0 102218000.0 10779800000.0 137604000000.0 8012940000000.0 -4.94 [-4.94]
39810700000000.0 8.07085e+17 76800200000.0 27620900000000.0 172036000000000.0 5822410000.0 4715220000000.0 131450000000000.0 379946.0 14192700000000.0 1285570000000000.0 1077260000000000.0 3165320.0 115506000.0 12153700000.0 156260000000.0 8500430000000.0 -4.92 [-4.92]
39810700000000.0 7.56808e+17 81853500000.0 28486700000000.0 173312000000000.0 6474600000.0 5072240000000.0 128072000000000.0 463409.0 15493100000000.0 1198460000000000.0 947786000000000.0 3654580.0 130309000.0 13671600000.0 177282000000.0 9002360000000.0 -4.9 [-4.9]
39810700000000.0 7.09241e+17 87428200000.0 29368500000000.0 174372000000000.0 7216270000.0 5453480000000.0 124468000000000.0 566816.0 16883800000000.0 1113350000000000.0 830698000000000.0 4224110.0 146851000.0 15346700000.0 200931000000.0 9517020000000.0 -4.88 [-4.88]
39810700000000.0 6.64176e+17 93609200000.0 30271600000000.0 175203000000000.0 8061940000.0 5860090000000.0 120638000000000.0 695161.0 18366200000000.0 1030480000000000.0 725064000000000.0 4888600.0 165372000.0 17193300000.0 227536000000.0 10043300000000.0 -4.86 [-4.86]
39810700000000.0 6.21412e+17 100505000000.0 31203600000000.0 175792000000000.0 9028900000.0 6293150000000.0 116583000000000.0 854750.0 19940500000000.0 950036000000000.0 629987000000000.0 5666230.0 186178000.0 19228300000.0 257476000000.0 10579700000000.0 -4.84 [-4.84]
39810700000000.0 5.80808e+17 108261000000.0 32177300000000.0 176122000000000.0 10138300000.0 6753780000000.0 112305000000000.0 1053520.0 21605400000000.0 872255000000000.0 544729000000000.0 6580260.0 209707000.0 21474400000.0 291162000000.0 11124400000000.0 -4.82 [-4.82]
39810700000000.0 5.42086e+17 117044000000.0 33203500000000.0 176171000000000.0 11415800000.0 7243140000000.0 107795000000000.0 1301950.0 23360100000000.0 797187000000000.0 468285000000000.0 7658240.0 236452000.0 23957300000.0 329180000000.0 11676400000000.0 -4.8 [-4.8]
39810700000000.0 5.05047e+17 127105000000.0 34304100000000.0 175913000000000.0 12894500000.0 7762750000000.0 103043000000000.0 1613600.0 25201000000000.0 724898000000000.0 399947000000000.0 8937640.0 267191000.0 26716900000.0 372204000000.0 12234200000000.0 -4.78 [-4.78]
39810700000000.0 4.69539e+17 138784000000.0 35510400000000.0 175310000000000.0 14614400000.0 8313390000000.0 98046800000000.0 2005860.0 27120200000000.0 655524000000000.0 339080000000000.0 10468800.0 303117000.0 29813800000.0 420990000000.0 12795000000000.0 -4.76 [-4.76]
39810700000000.0 4.35397e+17 152554000000.0 36865300000000.0 174313000000000.0 16625200000.0 8895480000000.0 92796800000000.0 2501590.0 29105800000000.0 589159000000000.0 285044000000000.0 12320200.0 346041000.0 33341200000.0 476471000000.0 13355600000000.0 -4.74 [-4.74]
39810700000000.0 4.02375e+17 169086000000.0 38427200000000.0 172850000000000.0 18992200000.0 9509250000000.0 87272200000000.0 3132080.0 31140300000000.0 525765000000000.0 237187000000000.0 14587900.0 398739000.0 37443700000.0 539942000000.0 13913000000000.0 -4.72 [-4.72]
39810700000000.0 3.70169e+17 189406000000.0 40282600000000.0 170816000000000.0 21802700000.0 10154300000000.0 81437600000000.0 3941400.0 33197500000000.0 465219000000000.0 194857000000000.0 17415100.0 465784000.0 42359700000.0 613238000000.0 14463500000000.0 -4.7 [-4.7]
39810700000000.0 3.38335e+17 215174000000.0 42564400000000.0 168037000000000.0 25180300000.0 10828200000000.0 75227200000000.0 4995300.0 35232400000000.0 407228000000000.0 157382000000000.0 21030900.0 555173000.0 48499700000.0 699176000000.0 15003000000000.0 -4.68 [-4.68]
39810700000000.0 3.0628e+17 249248000000.0 45486100000000.0 164224000000000.0 29303800000.0 11524000000000.0 68539400000000.0 6397440.0 37165400000000.0 351323000000000.0 124127000000000.0 25834900.0 682084000.0 56610200000.0 802278000000.0 15524300000000.0 -4.66 [-4.66]
39810700000000.0 2.72882e+17 297287000000.0 49426200000000.0 158808000000000.0 34467400000.0 12222700000000.0 61166100000000.0 8336650.0 38837800000000.0 296407000000000.0 94291700000000.0 32636000.0 879303000.0 68186100000.0 931377000000.0 16014800000000.0 -4.64 [-4.64]
39810600000000.0 2.35725e+17 373068000000.0 55149400000000.0 150435000000000.0 41219500000.0 12859900000000.0 52650400000000.0 11241300.0 39870000000000.0 239722000000000.0 66680900000000.0 43512000.0 1236160000.0 86741000000.0 1107590000000.0 16440800000000.0 -4.62 [-4.62]
39810600000000.0 2.04888e+17 463239000000.0 60887700000000.0 141175000000000.0 48066400000.0 13278500000000.0 45328800000000.0 14826700.0 40366200000000.0 193090000000000.0 47255900000000.0 58126300.0 1757040000.0 109598000000.0 1290330000000.0 16641600000000.0 -4.6 [-4.6]
39810600000000.0 1.79334e+17 565428000000.0 66088500000000.0 131477000000000.0 54789300000.0 13491600000000.0 39173600000000.0 19220300.0 40540800000000.0 154585000000000.0 33563400000000.0 77138800.0 2478570000.0 135573000000.0 1474560000000.0 16631500000000.0 -4.58 [-4.58]
39810600000000.0 1.5507e+17 695738000000.0 71104600000000.0 120106000000000.0 61797100000.0 13445700000000.0 33447400000000.0 25232000.0 40257400000000.0 119018000000000.0 22751300000000.0 104884000.0 3600290000.0 167172000000.0 1682190000000.0 16386300000000.0 -4.56 [-4.56]
39810700000000.0 1.32209e+17 860915000000.0 75352600000000.0 107113000000000.0 68846700000.0 13080200000000.0 28238100000000.0 33838700.0 39682300000000.0 86694400000000.0 14487100000000.0 147297000.0 5376600000.0 204021000000.0 1911730000000.0 15843000000000.0 -4.54 [-4.54]
39810600000000.0 1.11751e+17 1055180000000.0 77987400000000.0 93397400000000.0 75679000000.0 12421200000000.0 23692600000000.0 46423600.0 39233000000000.0 59675300000000.0 8708020000000.0 212121000.0 8083260000.0 243616000000.0 2146790000000.0 14986500000000.0 -4.52 [-4.52]
39810700000000.0 9.54029e+16 1245480000000.0 78559600000000.0 80974800000000.0 82273400000.0 11686000000000.0 19975200000000.0 63626800.0 39331700000000.0 40541600000000.0 5231400000000.0 299716000.0 11696000000.0 281588000000.0 2351950000000.0 13958500000000.0 -4.5 [-4.5]
39810700000000.0 8.31304e+16 1405870000000.0 77620500000000.0 70821900000000.0 88909800000.0 11060200000000.0 17001600000000.0 85112000.0 39889700000000.0 28332900000000.0 3291800000000.0 402412000.0 15997800000.0 316306000000.0 2510760000000.0 12932000000000.0 -4.48 [-4.48]
39810700000000.0 7.37154e+16 1535010000000.0 75846000000000.0 62583700000000.0 95784600000.0 10562400000000.0 14573800000000.0 110795000.0 40624700000000.0 20480600000000.0 2173060000000.0 515059000.0 20922600000.0 348521000000.0 2629990000000.0 11968400000000.0 -4.46 [-4.46]
39810700000000.0 6.61913e+16 1638770000000.0 73626700000000.0 55747500000000.0 102957000000.0 10160000000000.0 12549100000000.0 140984000.0 41363300000000.0 15211500000000.0 1488480000000.0 635752000.0 26505900000.0 378986000000.0 2719010000000.0 11074300000000.0 -4.44 [-4.44]
39810700000000.0 5.99523e+16 1722600000000.0 71156700000000.0 49933400000000.0 110435000000.0 9820200000000.0 10833800000000.0 176277000.0 42025900000000.0 11522500000000.0 1046760000000.0 764083000.0 32824900000.0 408109000000.0 2784580000000.0 10241300000000.0 -4.42 [-4.42]
39810700000000.0 5.46474e+16 1790250000000.0 68548200000000.0 44906000000000.0 118210000000.0 9522190000000.0 9368570000000.0 217341000.0 42578100000000.0 8858590000000.0 750736000000.0 899601000.0 39947100000.0 436000000000.0 2830860000000.0 9463110000000.0 -4.4 [-4.4]
39810700000000.0 5.00569e+16 1844500000000.0 65874200000000.0 40510300000000.0 126261000000.0 9252820000000.0 8111380000000.0 264900000.0 43007100000000.0 6890600000000.0 546752000000.0 1041740000.0 47930000000.0 462650000000.0 2860690000000.0 8735460000000.0 -4.38 [-4.38]
39810700000000.0 4.60354e+16 1887530000000.0 63187300000000.0 36637300000000.0 134571000000.0 9003760000000.0 7030130000000.0 319721000.0 43310100000000.0 5411620000000.0 403220000000.0 1189720000.0 56818200000.0 487998000000.0 2876150000000.0 8055290000000.0 -4.36 [-4.36]
39810700000000.0 4.24778e+16 1921150000000.0 60523300000000.0 33204000000000.0 143115000000.0 8769160000000.0 6098450000000.0 382636000.0 43490400000000.0 4284400000000.0 300485000000.0 1342700000.0 66649400000.0 511962000000.0 2878890000000.0 7419850000000.0 -4.34 [-4.34]
39810700000000.0 3.92998e+16 1946730000000.0 57899900000000.0 30140700000000.0 151882000000.0 8543880000000.0 5293160000000.0 454708000.0 43553800000000.0 3413700000000.0 225782000000.0 1499930000.0 77476600000.0 534461000000.0 2870200000000.0 6825490000000.0 -4.32 [-4.32]
39810700000000.0 3.6441e+16 1965430000000.0 55332800000000.0 27395500000000.0 160857000000.0 8324780000000.0 4595880000000.0 537053000.0 43506800000000.0 2734360000000.0 170811000000.0 1660470000.0 89338000000.0 555403000000.0 2851150000000.0 6269710000000.0 -4.3 [-4.3]
39810700000000.0 3.38584e+16 1978310000000.0 52837300000000.0 24929300000000.0 170014000000.0 8110210000000.0 3992060000000.0 630778000.0 43356700000000.0 2200600000000.0 130011000000.0 1823120000.0 102247000000.0 574696000000.0 2822720000000.0 5751090000000.0 -4.28 [-4.28]
39810700000000.0 3.15139e+16 1986230000000.0 50420800000000.0 22706800000000.0 179335000000.0 7898540000000.0 3468510000000.0 737180000.0 43110200000000.0 1778140000000.0 99465500000.0 1986800000.0 116223000000.0 592259000000.0 2785760000000.0 5267540000000.0 -4.26 [-4.26]
39810700000000.0 2.93775e+16 1989960000000.0 48088800000000.0 20699000000000.0 188775000000.0 7688810000000.0 3014270000000.0 857666000.0 42774400000000.0 1441810000000.0 76437000000.0 2150350000.0 131270000000.0 608019000000.0 2741080000000.0 4817300000000.0 -4.24 [-4.24]
39810700000000.0 2.74249e+16 1990140000000.0 45845200000000.0 18881900000000.0 198276000000.0 7480390000000.0 2620060000000.0 993728000.0 42356000000000.0 1172730000000.0 58972700000.0 2312590000.0 147376000000.0 621902000000.0 2689440000000.0 4398770000000.0 -4.22 [-4.22]
39810700000000.0 2.56355e+16 1987470000000.0 43692600000000.0 17234100000000.0 207865000000.0 7273050000000.0 2277790000000.0 1146850000.0 41861400000000.0 956502000000.0 45659500000.0 2472490000.0 164517000000.0 633868000000.0 2631550000000.0 4010380000000.0 -4.2 [-4.2]
39810700000000.0 2.39909e+16 1982360000000.0 41629800000000.0 15737100000000.0 217522000000.0 7066420000000.0 1980430000000.0 1318810000.0 41297200000000.0 781982000000.0 35457900000.0 2628990000.0 182670000000.0 643875000000.0 2568060000000.0 3650360000000.0 -4.18 [-4.18]
39810700000000.0 2.24749e+16 1975180000000.0 39654300000000.0 14374500000000.0 227228000000.0 6860190000000.0 1721870000000.0 1511530000.0 40668200000000.0 640546000000.0 27604300000.0 2781160000.0 201794000000.0 651848000000.0 2499600000000.0 3316960000000.0 -4.16 [-4.16]
39810700000000.0 2.10754e+16 1966330000000.0 37766100000000.0 13133200000000.0 236958000000.0 6654650000000.0 1497130000000.0 1726880000.0 39980700000000.0 525628000000.0 21539500000.0 2928030000.0 221822000000.0 657771000000.0 2426810000000.0 3008910000000.0 -4.14 [-4.14]
39810700000000.0 1.97804e+16 1956080000000.0 35961800000000.0 12000900000000.0 246698000000.0 6449830000000.0 1301660000000.0 1967090000.0 39239900000000.0 431957000000.0 16839000000.0 3068840000.0 242688000000.0 661619000000.0 2350280000000.0 2724600000000.0 -4.12 [-4.12]
39810700000000.0 1.85796e+16 1944630000000.0 34237800000000.0 10966600000000.0 256434000000.0 6245780000000.0 1131570000000.0 2234560000.0 38450500000000.0 355382000000.0 13184100000.0 3202840000.0 264316000000.0 663369000000.0 2270520000000.0 2462550000000.0 -4.1 [-4.1]
39810700000000.0 1.7464e+16 1932140000000.0 32591000000000.0 10021000000000.0 266150000000.0 6042700000000.0 983531000000.0 2531810000.0 37617200000000.0 292644000000.0 10334900000.0 3329380000.0 286611000000.0 663017000000.0 2188090000000.0 2221390000000.0 -4.08 [-4.08]
39810700000000.0 1.6426e+16 1918780000000.0 31018400000000.0 9155880000000.0 275830000000.0 5840870000000.0 854674000000.0 2861520000.0 36744600000000.0 241145000000.0 8109080000.0 3447910000.0 309459000000.0 660570000000.0 2103490000000.0 1999860000000.0 -4.06 [-4.06]
39810700000000.0 1.54587e+16 1904680000000.0 29516900000000.0 8363970000000.0 285461000000.0 5640540000000.0 742512000000.0 3226590000.0 35837000000000.0 198803000000.0 6367190000.0 3557940000.0 332735000000.0 656052000000.0 2017240000000.0 1796710000000.0 -4.04 [-4.04]
39810700000000.0 1.45559e+16 1889890000000.0 28082600000000.0 7638520000000.0 295031000000.0 5441880000000.0 644851000000.0 3630200000.0 34898200000000.0 163931000000.0 5001430000.0 3659090000.0 356311000000.0 649489000000.0 1929790000000.0 1610720000000.0 -4.02 [-4.02]
39810700000000.0 1.37124e+16 1874540000000.0 26713400000000.0 6973890000000.0 304529000000.0 5245280000000.0 559855000000.0 4075580000.0 33932700000000.0 135191000000.0 3929760000.0 3751070000.0 380028000000.0 640948000000.0 1841650000000.0 1440840000000.0 -4.0 [-4.0]
39810700000000.0 1.29225e+16 1858560000000.0 25404400000000.0 6364390000000.0 313949000000.0 5050690000000.0 485810000000.0 4566730000.0 32943000000000.0 111456000000.0 3087090000.0 3833570000.0 403757000000.0 630459000000.0 1753140000000.0 1285820000000.0 -3.98 [-3.98]
39810700000000.0 1.2183e+16 1842140000000.0 24154800000000.0 5805810000000.0 323271000000.0 4858690000000.0 421394000000.0 5106930000.0 31934300000000.0 91868300000.0 2424910000.0 3906520000.0 427300000000.0 618143000000.0 1664820000000.0 1144850000000.0 -3.96 [-3.96]
39810700000000.0 1.14906e+16 1825570000000.0 22964800000000.0 5292600000000.0 332503000000.0 4669890000000.0 365247000000.0 5701560000.0 30920000000000.0 75671600000.0 1903730000.0 3970360000.0 450654000000.0 604360000000.0 1577840000000.0 1016070000000.0 -3.94 [-3.94]
39810700000000.0 1.0841e+16 1808640000000.0 21828800000000.0 4822030000000.0 341616000000.0 4484100000000.0 316416000000.0 6353670000.0 29893400000000.0 62293200000.0 1493840000.0 4024670000.0 473483000000.0 588953000000.0 1491740000000.0 899469000000.0 -3.92 [-3.92]
39810700000000.0 1.02308e+16 1791350000000.0 20743600000000.0 4390560000000.0 350605000000.0 4301450000000.0 273956000000.0 7067920000.0 28856700000000.0 51240100000.0 1171380000.0 4069480000.0 495602000000.0 572028000000.0 1406820000000.0 794187000000.0 -3.9 [-3.9]
39810700000000.0 9657610000000000.0 1773770000000.0 19707800000000.0 3995160000000.0 359453000000.0 4122240000000.0 237068000000.0 7848540000.0 27813900000000.0 42114300000.0 917882000.0 4104970000.0 516820000000.0 553748000000.0 1323470000000.0 699432000000.0 -3.88 [-3.88]
39810700000000.0 9119010000000000.0 1755990000000.0 18719800000000.0 3632950000000.0 368148000000.0 3946800000000.0 205045000000.0 8699890000.0 26768800000000.0 34585600000.0 718754000.0 4131460000.0 536947000000.0 534295000000.0 1242060000000.0 614430000000.0 -3.86 [-3.86]
