Cloudy_runs/pks0405/z=0.167125/component_VI_PI_nH/component_VI_PI_nH_col_density_param.txt
# %ECSV 1.0
# ---
# datatype:
# - {name: H, datatype: float64}
# - {name: H+, datatype: float64}
# - {name: C+, datatype: float64}
# - {name: C+2, datatype: float64}
# - {name: C+3, datatype: float64}
# - {name: N+, datatype: float64}
# - {name: N+2, datatype: float64}
# - {name: N+4, datatype: float64}
# - {name: O, datatype: float64}
# - {name: O+2, datatype: float64}
# - {name: O+5, datatype: float64}
# - {name: O+6, datatype: float64}
# - {name: P+, datatype: float64}
# - {name: Si+, datatype: float64}
# - {name: Si+2, datatype: float64}
# - {name: Si+3, datatype: float64}
# - {name: Si+4, datatype: float64}
# - {name: log_nH, datatype: float64}
# - {name: log_Te, datatype: float64}
# - {name: parameters, datatype: string, subtype: 'float64[1]'}
# schema: astropy-2.0
H H+ C+ C+2 C+3 N+ N+2 N+4 O O+2 O+5 O+6 P+ Si+ Si+2 Si+3 Si+4 log_nH log_Te parameters
[from data line 63]
45708800000000.0 7.88826e+16 47274900000.0 1207590000000.0 485019000000.0 5145860000.0 253064000000.0 36175300000.0 11402600.0 1086920000000.0 44397800000.0 5262840000.0 87122700.0 1804780000.0 39839100000.0 31299700000.0 120954000000.0 -3.74 4.336 [-3.74]
45708800000000.0 7.49226e+16 47757400000.0 1175530000000.0 453129000000.0 5283780000.0 248136000000.0 32186100000.0 12784600.0 1083510000000.0 38242600000.0 4347900000.0 90766800.0 1891000000.0 41222700000.0 31462100000.0 114170000000.0 -3.72 4.332 [-3.72]
45708800000000.0 7.11723e+16 48197800000.0 1143050000000.0 422806000000.0 5423050000.0 243052000000.0 28604400000.0 14324100.0 1078980000000.0 32905100000.0 3588130000.0 94298800.0 1975730000.0 42523100000.0 31532700000.0 107433000000.0 -3.7 4.329 [-3.7]
45708800000000.0 6.76047e+16 48597100000.0 1110130000000.0 393916000000.0 5563970000.0 237803000000.0 25380500000.0 16043100.0 1073300000000.0 28264300000.0 2955620000.0 97709600.0 2058850000.0 43729800000.0 31508000000.0 100753000000.0 -3.68 4.326 [-3.68]
45708800000000.0 6.42161e+16 48956400000.0 1076930000000.0 366487000000.0 5706590000.0 232416000000.0 22487800000.0 17958900.0 1066470000000.0 24240900000.0 2430620000.0 100979000.0 2139790000.0 44832100000.0 31388700000.0 94179200000.0 -3.66 4.322 [-3.66]
45708800000000.0 6.09927e+16 49276500000.0 1043540000000.0 340464000000.0 5851070000.0 226896000000.0 19893200000.0 20094600.0 1058460000000.0 20753400000.0 1994990000.0 104093000.0 2218230000.0 45820200000.0 31174300000.0 87736700000.0 -3.64 4.319 [-3.64]
45708800000000.0 5.79354e+16 49558900000.0 1010170000000.0 315891000000.0 5997390000.0 221281000000.0 17575900000.0 22468000.0 1049340000000.0 17742900000.0 1635050000.0 107034000.0 2293520000.0 46686400000.0 30869300000.0 81474800000.0 -3.62 4.315 [-3.62]
45708800000000.0 5.50365e+16 49805400000.0 976944000000.0 292736000000.0 6145710000.0 215588000000.0 15510000000.0 25102300.0 1039130000000.0 15148400000.0 1338120000.0 109790000.0 2365320000.0 47425000000.0 30477200000.0 75423300000.0 -3.6 4.312 [-3.6]
45708800000000.0 5.22783e+16 50016300000.0 943826000000.0 270890000000.0 6296240000.0 209812000000.0 13665600000.0 28030000.0 1027770000000.0 12909000000.0 1092860000.0 112355000.0 2433550000.0 48029300000.0 29999400000.0 69589200000.0 -3.58 4.309 [-3.58]
45708800000000.0 4.96585e+16 50193500000.0 910970000000.0 250348000000.0 6449080000.0 203980000000.0 12024000000.0 31276800.0 1015300000000.0 10982100000.0 890931000.0 114718000.0 2497850000.0 48496500000.0 29442300000.0 64002700000.0 -3.56 4.305 [-3.56]
45708800000000.0 4.71701e+16 50338500000.0 878459000000.0 231066000000.0 6604380000.0 198106000000.0 10565300000.0 34873500.0 1001760000000.0 9326970000.0 724981000.0 116875000.0 2558050000.0 48825000000.0 28811600000.0 58680900000.0 -3.54 4.302 [-3.54]
45708800000000.0 4.48025e+16 50452600000.0 846305000000.0 212967000000.0 6761800000.0 192195000000.0 9269280000.0 38858500.0 987119000000.0 7905440000.0 588652000.0 118824000.0 2614150000.0 49013500000.0 28111900000.0 53629700000.0 -3.52 4.298 [-3.52]
45708800000000.0 4.25579e+16 50538200000.0 814699000000.0 196064000000.0 6921600000.0 186285000000.0 8123230000.0 43257400.0 971499000000.0 6690460000.0 477205000.0 120558000.0 2665830000.0 49066600000.0 27354100000.0 48873100000.0 -3.5 4.295 [-3.5]
45708800000000.0 4.04261e+16 50595900000.0 783635000000.0 180276000000.0 7084170000.0 180376000000.0 7109630000.0 48113100.0 954890000000.0 5652030000.0 386114000.0 122079000.0 2713210000.0 48986000000.0 26543700000.0 44408500000.0 -3.48 4.292 [-3.48]
45708800000000.0 3.84013e+16 50627200000.0 753161000000.0 165553000000.0 7249630000.0 174483000000.0 6214540000.0 53466500.0 937332000000.0 4766040000.0 311801000.0 123387000.0 2756350000.0 48776100000.0 25688400000.0 40237200000.0 -3.46 4.288 [-3.46]
45708800000000.0 3.64782e+16 50633400000.0 723323000000.0 151843000000.0 7418140000.0 168617000000.0 5425300000.0 59361100.0 918868000000.0 4011470000.0 251294000.0 124485000.0 2795350000.0 48442800000.0 24795900000.0 36357600000.0 -3.44 4.285 [-3.44]
45708800000000.0 3.46517e+16 50615900000.0 694156000000.0 139096000000.0 7589830000.0 162790000000.0 4730410000.0 65842900.0 899547000000.0 3370000000.0 202124000.0 125376000.0 2830360000.0 47993100000.0 23873700000.0 32764700000.0 -3.42 4.281 [-3.42]
45708800000000.0 3.29169e+16 50575800000.0 665692000000.0 127261000000.0 7764820000.0 157014000000.0 4119490000.0 72961100.0 879420000000.0 2825690000.0 162248000.0 126064000.0 2861570000.0 47434600000.0 22929400000.0 29451300000.0 -3.4 4.278 [-3.4]
45708800000000.0 3.12694e+16 50514200000.0 637955000000.0 116290000000.0 7943230000.0 151297000000.0 3583180000.0 80767300.0 858543000000.0 2364700000.0 129974000.0 126554000.0 2889220000.0 46775700000.0 21970000000.0 26407800000.0 -3.38 4.274 [-3.38]
45708800000000.0 2.97047e+16 50432300000.0 610966000000.0 106134000000.0 8125170000.0 145650000000.0 3113020000.0 89316400.0 836975000000.0 1975020000.0 103906000.0 126854000.0 2913540000.0 46025300000.0 21002200000.0 23622800000.0 -3.36 4.271 [-3.36]
45708800000000.0 2.82186e+16 50331000000.0 584739000000.0 96745300000.0 8310710000.0 140081000000.0 2701440000.0 98665400.0 814779000000.0 1646280000.0 82896300.0 126969000.0 2934820000.0 45192700000.0 20032500000.0 21083900000.0 -3.34 4.267 [-3.34]
45708800000000.0 2.68073e+16 50211300000.0 559286000000.0 88078100000.0 8499940000.0 134598000000.0 2341630000.0 108874000.0 792021000000.0 1369500000.0 65997800.0 126906000.0 2953330000.0 44286900000.0 19066600000.0 18777100000.0 -3.32 4.264 [-3.32]
45708800000000.0 2.547e+16 50074900000.0 534671000000.0 80103600000.0 8692890000.0 129221000000.0 2028070000.0 119989000.0 768831000000.0 1137330000.0 52457800.0 126676000.0 2969250000.0 43320800000.0 18112000000.0 16691800000.0 -3.3 4.26 [-3.3]
45708800000000.0 2.41971e+16 49920600000.0 510779000000.0 72747000000.0 8889590000.0 123931000000.0 1754100000.0 132107000.0 745152000000.0 942252000.0 41591600.0 126281000.0 2983090000.0 42296400000.0 17168600000.0 14806000000.0 -3.28 4.257 [-3.28]
45708800000000.0 2.29854e+16 49749200000.0 487613000000.0 65970100000.0 9090020000.0 118732000000.0 1515100000.0 145301000.0 721052000000.0 778729000.0 32893100.0 125729000.0 2995130000.0 41222300000.0 16240800000.0 13105800000.0 -3.26 4.253 [-3.26]
45708800000000.0 2.18373e+16 49562900000.0 465282000000.0 59761600000.0 9294110000.0 113656000000.0 1307670000.0 159600000.0 696729000000.0 642464000.0 25971100.0 125033000.0 3005420000.0 40113800000.0 15336600000.0 11582800000.0 -3.24 4.25 [-3.24]
45708800000000.0 2.07496e+16 49362300000.0 443778000000.0 54081000000.0 9501810000.0 108706000000.0 1127830000.0 175072000.0 672258000000.0 529121000.0 20472600.0 124202000.0 3014210000.0 38979000000.0 14458800000.0 10221900000.0 -3.22 4.246 [-3.22]
45708800000000.0 1.97142e+16 49146100000.0 422985000000.0 48868500000.0 9712970000.0 103860000000.0 971468000.0 191833000.0 647579000000.0 434685000.0 16097800.0 123238000.0 3021990000.0 37818100000.0 13605600000.0 9004540000.0 -3.2 4.243 [-3.2]
45708800000000.0 1.87309e+16 48916000000.0 402950000000.0 44102800000.0 9927430000.0 99135800000.0 835975000.0 209935000.0 622830000000.0 356342000.0 12632100.0 122153000.0 3028870000.0 36641800000.0 12781000000.0 7920250000.0 -3.18 4.239 [-3.18]
45708800000000.0 1.77972e+16 48671800000.0 383659000000.0 39751500000.0 10145000000.0 94534100000.0 718693000.0 229453000.0 598077000000.0 291486000.0 9892340.0 120953000.0 3035040000.0 35456000000.0 11986900000.0 6956590000.0 -3.16 4.236 [-3.16]
45708800000000.0 1.69104e+16 48413600000.0 365098000000.0 35784000000.0 10365200000.0 90056300000.0 617281000.0 250459000.0 573384000000.0 237913000.0 7731050.0 119646000.0 3040690000.0 34266100000.0 11224300000.0 6101870000.0 -3.14 4.232 [-3.14]
45708800000000.0 1.60684e+16 48142400000.0 347258000000.0 32171600000.0 10587900000.0 85705100000.0 529697000.0 273024000.0 548823000000.0 193764000.0 6030030.0 118241000.0 3045990000.0 33078000000.0 10493800000.0 5345380000.0 -3.12 4.229 [-3.12]
45708800000000.0 1.52668e+16 47856500000.0 330074000000.0 28880300000.0 10812400000.0 81469700000.0 453980000.0 297260000.0 524388000000.0 157395000.0 4691600.0 116739000.0 3051180000.0 31891900000.0 9794490000.0 4675800000.0 -3.1 4.226 [-3.1]
45708800000000.0 1.45075e+16 47558400000.0 313622000000.0 25898600000.0 11038400000.0 77372100000.0 388861000.0 323158000.0 500266000000.0 127619000.0 3644870.0 115157000.0 3056160000.0 30719200000.0 9129820000.0 4086400000.0 -3.08 4.222 [-3.08]
45708800000000.0 1.37864e+16 47247200000.0 297839000000.0 23195100000.0 11265400000.0 73401800000.0 332787000.0 350820000.0 476452000000.0 103244000.0 2826200.0 113498000.0 3061150000.0 29559900000.0 8497960000.0 3567410000.0 -3.06 4.219 [-3.06]
45708800000000.0 1.31017e+16 46923100000.0 282709000000.0 20747400000.0 11492500000.0 69558600000.0 284548000.0 380303000.0 452997000000.0 83337000.0 2187240.0 111769000.0 3066210000.0 28417000000.0 7898620000.0 3111100000.0 -3.04 4.215 [-3.04]
45708800000000.0 1.2453e+16 46587100000.0 268250000000.0 18539000000.0 11719300000.0 65851000000.0 243168000.0 411611000.0 430010000000.0 67144000.0 1690410.0 109980000.0 3071300000.0 27296300000.0 7332670000.0 2711200000.0 -3.02 4.212 [-3.02]
45708800000000.0 1.18338e+16 46236000000.0 254334000000.0 16536400000.0 11944300000.0 62251200000.0 207487000.0 444936000.0 407366000000.0 53928700.0 1302720.0 108124000.0 3076760000.0 26190300000.0 6795370000.0 2359250000.0 -3.0 4.209 [-3.0]
45708800000000.0 1.12488e+16 45874400000.0 241089000000.0 14738800000.0 12167400000.0 58793800000.0 177002000.0 480112000.0 385333000000.0 43251500.0 1003140.0 106227000.0 3082210000.0 25113700000.0 6291280000.0 2052230000.0 -2.98 4.205 [-2.98]
45708800000000.0 1.06917e+16 45498900000.0 228389000000.0 13116800000.0 12387100000.0 55451600000.0 150811000.0 517322000.0 363784000000.0 34593400.0 770691.0 104278000.0 3087930000.0 24058500000.0 5815630000.0 1783170000.0 -2.96 4.202 [-2.96]
45708800000000.0 1.01627e+16 45110700000.0 216252000000.0 11658700000.0 12602200000.0 52232300000.0 128382000.0 556523000.0 342812000000.0 27604400.0 591087.0 102290000.0 3093820000.0 23029000000.0 5368800000.0 1548120000.0 -2.94 4.198 [-2.94]
45708800000000.0 9660250000000000.0 44709900000.0 204659000000.0 10349700000.0 12811800000.0 49134400000.0 109187000.0 597720000.0 322448000000.0 21975600.0 452567.0 100268000.0 3099840000.0 22026200000.0 4949690000.0 1342990000.0 -2.92 4.195 [-2.92]
45708800000000.0 9183100000000000.0 44296700000.0 193594000000.0 9176300000.0 13014600000.0 46156700000.0 92775800.0 640896000.0 302722000000.0 17453600.0 345941.0 98216500.0 3105930000.0 21050900000.0 4557310000.0 1164170000.0 -2.9 4.192 [-2.9]
45708800000000.0 8729930000000000.0 43870900000.0 183037000000.0 8125950000.0 13209100000.0 43297500000.0 78756000.0 686020000.0 283657000000.0 13829200.0 264013.0 96140600.0 3112050000.0 20103500000.0 4190550000.0 1008420000.0 -2.88 4.189 [-2.88]
45708800000000.0 8299540000000000.0 43432900000.0 172972000000.0 7187070000.0 13394000000.0 40555600000.0 66789100.0 733046000.0 265276000000.0 10931500.0 201175.0 94045400.0 3118110000.0 19184300000.0 3848270000.0 872891000.0 -2.86 4.185 [-2.86]
45708800000000.0 7890760000000000.0 42982600000.0 163381000000.0 6349000000.0 13567800000.0 37929400000.0 56583400.0 781906000.0 247598000000.0 8620260.0 153064.0 91935300.0 3124050000.0 18293500000.0 3529360000.0 755059000.0 -2.84 4.182 [-2.84]
45708800000000.0 7502510000000000.0 42520200000.0 154246000000.0 5601980000.0 13729200000.0 35417300000.0 47887200.0 832516000.0 230636000000.0 6781460.0 116291.0 89814700.0 3129750000.0 17431200000.0 3232690000.0 652700000.0 -2.82 4.179 [-2.82]
45708800000000.0 7132820000000000.0 42044700000.0 145529000000.0 4935680000.0 13876100000.0 33012300000.0 40470500.0 884850000.0 214367000000.0 5319750.0 88185.5 87682000.0 3135190000.0 16595000000.0 2956480000.0 563696000.0 -2.8 4.176 [-2.8]
45708800000000.0 6783500000000000.0 41560200000.0 137279000000.0 4345920000.0 14008600000.0 30729000000.0 34187100.0 938555000.0 198905000000.0 4166790.0 66853.8 85558500.0 3140060000.0 15791600000.0 2701580000.0 486789000.0 -2.78 4.173 [-2.78]
45708800000000.0 6450810000000000.0 41062800000.0 129415000000.0 3821200000.0 14123700000.0 28549600000.0 28836500.0 993720000.0 184148000000.0 3254460.0 0.0 83430600.0 3144440000.0 15013900000.0 2464940000.0 419998000.0 -2.76 4.17 [-2.76]
45708800000000.0 6134790000000000.0 40554300000.0 121941000000.0 3356010000.0 14220500000.0 26477600000.0 24294300.0 1050110000.0 170132000000.0 2535800.0 0.0 81307400.0 3148170000.0 14263800000.0 2246160000.0 362150000.0 -2.74 4.167 [-2.74]
45708800000000.0 5834590000000000.0 40034800000.0 114843000000.0 2944160000.0 14297900000.0 24511300000.0 20442300.0 1107550000.0 156854000000.0 1971120.0 0.0 79192300.0 3151110000.0 13541000000.0 2044190000.0 312080000.0 -2.72 4.164 [-2.72]
45708800000000.0 5549410000000000.0 39504600000.0 108104000000.0 2580010000.0 14354500000.0 22648700000.0 17179200.0 1165860000.0 144310000000.0 1528560.0 0.0 77088300.0 3153150000.0 12845000000.0 1858010000.0 268772000.0 -2.7 4.16 [-2.7]
45708800000000.0 5277790000000000.0 38962700000.0 101695000000.0 2257800000.0 14388600000.0 20884100000.0 14413200.0 1224920000.0 132466000000.0 1182040.0 0.0 74993000.0 3154210000.0 12173600000.0 1686260000.0 231271000.0 -2.68 4.158 [-2.68]
45708800000000.0 5021110000000000.0 38413900000.0 95650300000.0 1974850000.0 14401700000.0 19226900000.0 12084600.0 1284250000.0 121386000000.0 912802.0 0.0 72926000.0 3154040000.0 11531900000.0 1529190000.0 199001000.0 -2.66 4.155 [-2.66]
45708800000000.0 4776570000000000.0 37853900000.0 89905500000.0 1725060000.0 14390700000.0 17663200000.0 10114700.0 1343920000.0 110979000000.0 702945.0 0.0 70872600.0 3152670000.0 10913600000.0 1384700000.0 171084000.0 -2.64 4.152 [-2.64]
45708800000000.0 4543610000000000.0 37283300000.0 84449900000.0 1504860000.0 14355100000.0 16191400000.0 8451020.0 1403680000.0 101234000000.0 539859.0 0.0 68835600.0 3149940000.0 10318600000.0 1251990000.0 146954000.0 -2.62 4.149 [-2.62]
45708800000000.0 4322880000000000.0 36705700000.0 79299700000.0 1311830000.0 14296200000.0 14815600000.0 7053380.0 1463150000.0 92174200000.0 413894.0 0.0 66828600.0 3145700000.0 9749740000.0 1130890000.0 126192000.0 -2.6 4.146 [-2.6]
45708800000000.0 4113150000000000.0 36119900000.0 74427200000.0 1142430000.0 14213400000.0 13529600000.0 5878360.0 1522200000.0 83755500000.0 316639.0 0.0 64847900.0 3139860000.0 9204700000.0 1020270000.0 108302000.0 -2.58 4.143 [-2.58]
45708800000000.0 3913850000000000.0 35526500000.0 69819700000.0 993943000.0 14106700000.0 12330500000.0 4891880.0 1580620000.0 75954100000.0 241727.0 0.0 62895400.0 3132350000.0 8682900000.0 919363000.0 92894600.0 -2.56 4.14 [-2.56]
45708800000000.0 3724460000000000.0 34926100000.0 65465300000.0 863935000.0 13976600000.0 11215400000.0 4064960.0 1638200000.0 68745000000.0 184165.0 0.0 60972900.0 3123060000.0 8183820000.0 827459000.0 79633900.0 -2.54 4.138 [-2.54]
45708800000000.0 3544480000000000.0 34319100000.0 61352500000.0 750235000.0 13823800000.0 10180900000.0 3372830.0 1694750000.0 62101500000.0 140036.0 0.0 59082000.0 3111910000.0 7706890000.0 743874000.0 68227400.0 -2.52 4.135 [-2.52]
45708800000000.0 3373930000000000.0 33708100000.0 57481200000.0 651124000.0 13650300000.0 9226000000.0 2795520.0 1750010000.0 56008800000.0 106336.0 0.0 57229700.0 3098850000.0 7252910000.0 668153000.0 58441200.0 -2.5 4.132 [-2.5]
45708800000000.0 3211350000000000.0 33090000000.0 53817700000.0 564424000.0 13455000000.0 8342710000.0 2312740.0 1803990000.0 50411000000.0 80558.4 0.0 55406200.0 3083800000.0 6818510000.0 599301000.0 50014200.0 -2.48 4.129 [-2.48]
