Cloudy_runs/pg1259/z=0.046284/logZ=-1/component_II_PI_nH/component_II_PI_nH_col_density_param.txt
# %ECSV 1.0
# ---
# datatype:
# - {name: H, datatype: float64}
# - {name: H+, datatype: float64}
# - {name: C+, datatype: float64}
# - {name: C+2, datatype: float64}
# - {name: C+3, datatype: float64}
# - {name: N+, datatype: float64}
# - {name: N+2, datatype: float64}
# - {name: N+4, datatype: float64}
# - {name: O, datatype: float64}
# - {name: O+2, datatype: float64}
# - {name: O+5, datatype: float64}
# - {name: O+6, datatype: float64}
# - {name: P+, datatype: float64}
# - {name: Si+, datatype: float64}
# - {name: Si+2, datatype: float64}
# - {name: Si+3, datatype: float64}
# - {name: Si+4, datatype: float64}
# - {name: Fe+, datatype: float64}
# - {name: Al+, datatype: float64}
# - {name: log_nH, datatype: float64}
# - {name: parameters, datatype: string, subtype: 'float64[1]'}
# schema: astropy-2.0
H H+ C+ C+2 C+3 N+ N+2 N+4 O O+2 O+5 O+6 P+ Si+ Si+2 Si+3 Si+4 Fe+ Al+ log_nH parameters
6.16617e+17 1.06457e+22 333645000000000.0 6.67261e+16 8.42875e+16 25598700000000.0 1.11336e+16 6083060000000000.0 24088400000.0 2.8977e+17 2.77015e+16 2.88149e+16 365871000000.0 30393500000000.0 1448690000000000.0 3342940000000000.0 1.15152e+16 25327500000.0 5487870000000.0 -5.0 [-5.0]
6.16596e+17 1.01041e+22 341636000000000.0 6.54201e+16 7.95039e+16 26460300000000.0 1.10526e+16 5802150000000000.0 25320100000.0 2.77738e+17 2.55928e+16 2.55423e+16 379847000000.0 31616300000000.0 1470610000000000.0 3262600000000000.0 1.08746e+16 26915000000.0 5718780000000.0 -4.98 [-4.98]
6.16646e+17 9.59092e+21 349751000000000.0 6.4143e+16 7.49978e+16 27337700000000.0 1.0969e+16 5527760000000000.0 26636400000.0 2.66228e+17 2.36076e+16 2.2606e+16 394301000000.0 32849700000000.0 1491500000000000.0 3181270000000000.0 1.02695e+16 28599300000.0 5958390000000.0 -4.96 [-4.96]
6.16621e+17 9.10246e+21 357617000000000.0 6.28541e+16 7.07372e+16 28209500000000.0 1.08788e+16 5260630000000000.0 28024900000.0 2.55102e+17 2.17434e+16 1.99763e+16 408655000000.0 34033300000000.0 1509400000000000.0 3098030000000000.0 9694640000000000.0 30361100000.0 6198920000000.0 -4.94 [-4.94]
6.16609e+17 8.63979e+21 365604000000000.0 6.15906e+16 6.67227e+16 29104500000000.0 1.07859e+16 5000590000000000.0 29517600000.0 2.44457e+17 1.99959e+16 1.76261e+16 423422000000.0 35212300000000.0 1525940000000000.0 3014110000000000.0 9152510000000000.0 32224900000.0 6447140000000.0 -4.92 [-4.92]
6.16671e+17 8.201e+21 373591000000000.0 6.03466e+16 6.29353e+16 30006200000000.0 1.06893e+16 4747510000000000.0 31112600000.0 2.34257e+17 1.83602e+16 1.55295e+16 438596000000.0 36381300000000.0 1540960000000000.0 2929540000000000.0 8641090000000000.0 34195200000.0 6702830000000.0 -4.9 [-4.9]
6.16642e+17 7.78464e+21 381561000000000.0 5.91087e+16 5.93577e+16 30928700000000.0 1.05885e+16 4502090000000000.0 32827000000.0 2.24451e+17 1.68331e+16 1.36634e+16 453898000000.0 37507500000000.0 1553550000000000.0 2844120000000000.0 8157910000000000.0 36266000000.0 6961950000000.0 -4.88 [-4.88]
6.16625e+17 7.38863e+21 389292000000000.0 5.78704e+16 5.59771e+16 31842600000000.0 1.04816e+16 4264420000000000.0 34646200000.0 2.15e+17 1.54106e+16 1.20035e+16 469258000000.0 38582700000000.0 1563520000000000.0 2758030000000000.0 7701390000000000.0 38439900000.0 7223840000000.0 -4.86 [-4.86]
6.16664e+17 7.01336e+21 397089000000000.0 5.66557e+16 5.27859e+16 32770300000000.0 1.03719e+16 4033820000000000.0 36609100000.0 2.05969e+17 1.40862e+16 1.05292e+16 485156000000.0 39646200000000.0 1572180000000000.0 2672010000000000.0 7272250000000000.0 40742300000.0 7494510000000.0 -4.84 [-4.84]
6.16686e+17 6.65777e+21 404817000000000.0 5.54514e+16 4.97744e+16 33713000000000.0 1.02582e+16 3811880000000000.0 38715500000.0 1.97296e+17 1.28587e+16 9224870000000000.0 501235000000.0 40662200000000.0 1578570000000000.0 2585970000000000.0 6868490000000000.0 43160700000.0 7768720000000.0 -4.82 [-4.82]
6.16665e+17 6.32002e+21 412491000000000.0 5.42547e+16 4.69268e+16 34670200000000.0 1.01401e+16 3597390000000000.0 40981300000.0 1.88968e+17 1.17208e+16 8070960000000000.0 517534000000.0 41627700000000.0 1582720000000000.0 2500130000000000.0 6488230000000000.0 45708500000.0 8046920000000.0 -4.8 [-4.8]
6.16654e+17 5.99982e+21 420104000000000.0 5.30715e+16 4.42361e+16 35634900000000.0 1.00182e+16 3390940000000000.0 43416600000.0 1.80981e+17 1.06681e+16 7051670000000000.0 534193000000.0 42555100000000.0 1585020000000000.0 2414660000000000.0 6131080000000000.0 48393900000.0 8330850000000.0 -4.78 [-4.78]
6.16629e+17 5.69543e+21 427442000000000.0 5.18904e+16 4.1692e+16 36590600000000.0 9891030000000000.0 3192400000000000.0 46017200000.0 1.73296e+17 9696290000000000.0 6152370000000000.0 550912000000.0 43414200000000.0 1584760000000000.0 2329730000000000.0 5795170000000000.0 51213200000.0 8615990000000.0 -4.76 [-4.76]
6.16629e+17 5.4072e+21 434883000000000.0 5.07257e+16 3.92885e+16 37580700000000.0 9761240000000000.0 3001820000000000.0 48839900000.0 1.65944e+17 8801290000000000.0 5361650000000000.0 568055000000.0 44233600000000.0 1582860000000000.0 2245850000000000.0 5480160000000000.0 54190900000.0 8906860000000.0 -4.74 [-4.74]
6.16621e+17 5.1333e+21 442028000000000.0 4.9566e+16 3.70149e+16 38555300000000.0 9626640000000000.0 2819060000000000.0 51853800000.0 1.58875e+17 7977970000000000.0 4666130000000000.0 585356000000.0 44990500000000.0 1578760000000000.0 2162900000000000.0 5184330000000000.0 57320800000.0 9199540000000.0 -4.72 [-4.72]
6.16598e+17 4.87344e+21 449205000000000.0 4.84154e+16 3.48637e+16 39561400000000.0 9488650000000000.0 2643940000000000.0 55119500000.0 1.52097e+17 7221780000000000.0 4056090000000000.0 602919000000.0 45689000000000.0 1572700000000000.0 2081210000000000.0 4906670000000000.0 60619200000.0 9494740000000.0 -4.7 [-4.7]
6.16611e+17 4.62751e+21 456321000000000.0 4.72838e+16 3.28318e+16 40573300000000.0 9347960000000000.0 2476980000000000.0 58632000000.0 1.45613e+17 6529570000000000.0 3521700000000000.0 621041000000.0 46357000000000.0 1565460000000000.0 2000900000000000.0 4647030000000000.0 64102400000.0 9796400000000.0 -4.68 [-4.68]
6.16615e+17 4.39371e+21 463206000000000.0 4.61545e+16 3.09086e+16 41586300000000.0 9203060000000000.0 2317490000000000.0 62408800000.0 1.39382e+17 5895720000000000.0 3053870000000000.0 639245000000.0 46951900000000.0 1556040000000000.0 1922160000000000.0 4403120000000000.0 67765300000.0 10097400000000.0 -4.66 [-4.66]
6.16625e+17 4.17196e+21 469942000000000.0 4.50365e+16 2.90896e+16 42601600000000.0 9055140000000000.0 2165490000000000.0 66471900000.0 1.33411e+17 5316270000000000.0 2645060000000000.0 657797000000.0 47496000000000.0 1545120000000000.0 1845150000000000.0 4174630000000000.0 71628000000.0 10400900000000.0 -4.64 [-4.64]
6.16621e+17 3.96153e+21 476645000000000.0 4.39269e+16 2.73683e+16 43643500000000.0 8903980000000000.0 2020920000000000.0 70862900000.0 1.27682e+17 4787980000000000.0 2288500000000000.0 676580000000.0 47979500000000.0 1532520000000000.0 1769890000000000.0 3960260000000000.0 75696600000.0 10704100000000.0 -4.62 [-4.62]
6.16622e+17 3.76179e+21 483115000000000.0 4.28259e+16 2.57403e+16 44680900000000.0 8749690000000000.0 1883650000000000.0 75582000000.0 1.22188e+17 4307000000000000.0 1977840000000000.0 695609000000.0 48406200000000.0 1518410000000000.0 1696580000000000.0 3759290000000000.0 79983200000.0 11007000000000.0 -4.6 [-4.6]
6.1665e+17 3.57228e+21 489485000000000.0 4.17353e+16 2.42e+16 45730000000000.0 8592920000000000.0 1753390000000000.0 80675200000.0 1.16923e+17 3869720000000000.0 1707380000000000.0 714958000000.0 48782500000000.0 1503030000000000.0 1625390000000000.0 3570680000000000.0 84505600000.0 11310100000000.0 -4.58 [-4.58]
6.16637e+17 3.39232e+21 495695000000000.0 4.06531e+16 2.27419e+16 46786600000000.0 8433190000000000.0 1629960000000000.0 86160000000.0 1.11874e+17 3472520000000000.0 1472240000000000.0 734562000000.0 49103400000000.0 1486340000000000.0 1556210000000000.0 3393750000000000.0 89271100000.0 11610700000000.0 -4.56 [-4.56]
6.16618e+17 3.22029e+21 501405000000000.0 3.95614e+16 2.13584e+16 47821100000000.0 8267640000000000.0 1512930000000000.0 92029700000.0 1.0698e+17 3110540000000000.0 1267340000000000.0 753629000000.0 49319700000000.0 1467040000000000.0 1488760000000000.0 3226410000000000.0 94245900000.0 11896100000000.0 -4.54 [-4.54]
6.16596e+17 3.05803e+21 507054000000000.0 3.84959e+16 2.00559e+16 48866900000000.0 8102780000000000.0 1402960000000000.0 98366500000.0 1.02332e+17 2784960000000000.0 1090400000000000.0 773521000000.0 49530300000000.0 1447950000000000.0 1424180000000000.0 3070180000000000.0 99531800000.0 12187700000000.0 -4.52 [-4.52]
6.16623e+17 2.90443e+21 512747000000000.0 3.74474e+16 1.88252e+16 49942000000000.0 7937170000000000.0 1299350000000000.0 105226000000.0 9.78902e+16 2490700000000000.0 937289000000000.0 793897000000.0 49707200000000.0 1428270000000000.0 1361970000000000.0 2923580000000000.0 105134000000.0 12478000000000.0 -4.5 [-4.5]
6.16643e+17 2.7586e+21 518346000000000.0 3.64111e+16 1.76604e+16 51032200000000.0 7769830000000000.0 1201710000000000.0 112622000000.0 9.36375e+16 2224840000000000.0 804740000000000.0 814760000000.0 49858800000000.0 1408200000000000.0 1301930000000000.0 2785580000000000.0 111047000000.0 12767200000000.0 -4.48 [-4.48]
6.16675e+17 2.6198e+21 523551000000000.0 3.53786e+16 1.65596e+16 52109400000000.0 7600050000000000.0 1109930000000000.0 120581000000.0 8.95459e+16 1985100000000000.0 690159000000000.0 835364000000.0 49936900000000.0 1386690000000000.0 1244430000000000.0 2655040000000000.0 117281000000.0 13041800000000.0 -4.46 [-4.46]
6.16622e+17 2.48792e+21 528480000000000.0 3.43544e+16 1.55199e+16 53184700000000.0 7428420000000000.0 1023980000000000.0 129127000000.0 8.56159e+16 1769390000000000.0 591323000000000.0 855895000000.0 49958300000000.0 1364170000000000.0 1189210000000000.0 2531700000000000.0 123848000000.0 13303700000000.0 -4.44 [-4.44]
6.16659e+17 2.36322e+21 533506000000000.0 3.33542e+16 1.4538e+16 54288700000000.0 7257620000000000.0 943314000000000.0 138378000000.0 8.18768e+16 1575190000000000.0 505997000000000.0 877444000000.0 49995800000000.0 1342380000000000.0 1136340000000000.0 2415540000000000.0 130823000000.0 13570300000000.0 -4.42 [-4.42]
6.16599e+17 2.24402e+21 537827000000000.0 3.23502e+16 1.36103e+16 55352700000000.0 7083290000000000.0 867950000000000.0 148275000000.0 7.82588e+16 1400790000000000.0 432455000000000.0 898026000000.0 49936500000000.0 1318700000000000.0 1085830000000000.0 2304860000000000.0 138139000000.0 13808200000000.0 -4.4 [-4.4]
6.16619e+17 2.13138e+21 542323000000000.0 3.137e+16 1.27354e+16 56458600000000.0 6910210000000000.0 797603000000000.0 159005000000.0 7.48146e+16 1244340000000000.0 369237000000000.0 919503000000.0 49888000000000.0 1295650000000000.0 1037590000000000.0 2200220000000000.0 145923000000.0 14046300000000.0 -4.38 [-4.38]
6.16636e+17 2.02449e+21 546668000000000.0 3.04054e+16 1.19099e+16 57575200000000.0 6737130000000000.0 731961000000000.0 170565000000.0 7.15194e+16 1103950000000000.0 314804000000000.0 941260000000.0 49819600000000.0 1272560000000000.0 991568000000000.0 2100800000000000.0 154158000000.0 14273900000000.0 -4.36 [-4.36]
6.1669e+17 1.92285e+21 550711000000000.0 2.94511e+16 1.11317e+16 58694600000000.0 6563430000000000.0 670858000000000.0 183049000000.0 6.83567e+16 978278000000000.0 268115000000000.0 962904000000.0 49718500000000.0 1249110000000000.0 947814000000000.0 2005920000000000.0 162887000000.0 14483900000000.0 -4.34 [-4.34]
6.16622e+17 1.82608e+21 554410000000000.0 2.85072e+16 1.03975e+16 59802400000000.0 6389000000000000.0 614108000000000.0 196435000000.0 6.53182e+16 865446000000000.0 228031000000000.0 984348000000.0 49581400000000.0 1225300000000000.0 906112000000000.0 1915160000000000.0 172090000000.0 14675100000000.0 -4.32 [-4.32]
6.16682e+17 1.73468e+21 558098000000000.0 2.75874e+16 9707830000000000.0 60935900000000.0 6216590000000000.0 561680000000000.0 210931000000.0 6.24281e+16 764846000000000.0 193706000000000.0 1006380000000.0 49454500000000.0 1202130000000000.0 866587000000000.0 1828780000000000.0 181889000000.0 14858600000000.0 -4.3 [-4.3]
6.1661e+17 1.64741e+21 561327000000000.0 2.66746e+16 9056860000000000.0 62048000000000.0 6043070000000000.0 513091000000000.0 226475000000.0 5.96423e+16 675200000000000.0 164320000000000.0 1027860000000.0 49285800000000.0 1178460000000000.0 828980000000000.0 1745560000000000.0 192223000000.0 15016800000000.0 -4.28 [-4.28]
6.1668e+17 1.56497e+21 564555000000000.0 2.57858e+16 8446420000000000.0 63193100000000.0 5872010000000000.0 468346000000000.0 243334000000.0 5.69933e+16 595581000000000.0 139250000000000.0 1049870000000.0 49131300000000.0 1155510000000000.0 793439000000000.0 1665980000000000.0 203254000000.0 15166300000000.0 -4.26 [-4.26]
6.1669e+17 1.48629e+21 567585000000000.0 2.49072e+16 7869520000000000.0 64349600000000.0 5700540000000000.0 426925000000000.0 261514000000.0 5.44418e+16 524740000000000.0 117852000000000.0 1071630000000.0 48953100000000.0 1132410000000000.0 759565000000000.0 1589020000000000.0 214948000000.0 15291600000000.0 -4.24 [-4.24]
6.16653e+17 1.41165e+21 570261000000000.0 2.40457e+16 7329210000000000.0 65494300000000.0 5530520000000000.0 388870000000000.0 281036000000.0 5.19992e+16 461997000000000.0 99644100000000.0 1093000000000.0 48758700000000.0 1109390000000000.0 727574000000000.0 1514840000000000.0 227317000000.0 15394700000000.0 -4.22 [-4.22]
6.166e+17 1.34071e+21 572734000000000.0 2.32012e+16 6820890000000000.0 66650800000000.0 5361780000000000.0 353828000000000.0 302097000000.0 4.96613e+16 406313000000000.0 84131900000000.0 1114360000000.0 48564000000000.0 1086750000000000.0 697152000000000.0 1443230000000000.0 240468000000.0 15479700000000.0 -4.2 [-4.2]
6.16603e+17 1.27326e+21 575006000000000.0 2.23735e+16 6343380000000000.0 67820200000000.0 5194540000000000.0 321599000000000.0 324859000000.0 4.74216e+16 356941000000000.0 70922600000000.0 1135500000000.0 48365300000000.0 1064360000000000.0 668324000000000.0 1373900000000000.0 254462000000.0 15543800000000.0 -4.18 [-4.18]
6.16641e+17 1.20926e+21 577032000000000.0 2.1565e+16 5895850000000000.0 68994200000000.0 5029520000000000.0 292021000000000.0 349448000000.0 4.52819e+16 313269000000000.0 59718600000000.0 1156510000000.0 48172700000000.0 1042470000000000.0 641095000000000.0 1306700000000000.0 269379000000.0 15591700000000.0 -4.16 [-4.16]
6.16597e+17 1.14849e+21 578955000000000.0 2.07748e+16 5476570000000000.0 70197900000000.0 4866470000000000.0 264945000000000.0 375910000000.0 4.32329e+16 274689000000000.0 50222900000000.0 1177200000000.0 47973200000000.0 1020770000000000.0 615125000000000.0 1241720000000000.0 285209000000.0 15615100000000.0 -4.14 [-4.14]
6.16626e+17 1.09068e+21 580584000000000.0 2.00014e+16 5083290000000000.0 71406900000000.0 4705410000000000.0 240113000000000.0 404595000000.0 4.12701e+16 240616000000000.0 42193800000000.0 1197420000000.0 47776000000000.0 999387000000000.0 590609000000000.0 1178400000000000.0 302159000000.0 15618800000000.0 -4.12 [-4.12]
6.16595e+17 1.03594e+21 582118000000000.0 1.925e+16 4715810000000000.0 72640300000000.0 4547410000000000.0 217441000000000.0 435480000000.0 3.93988e+16 210580000000000.0 35408800000000.0 1217510000000.0 47588400000000.0 978560000000000.0 567238000000000.0 1117170000000000.0 320183000000.0 15607300000000.0 -4.1 [-4.1]
6.16618e+17 9.83824e+20 583411000000000.0 1.8515e+16 4371510000000000.0 73885500000000.0 4391370000000000.0 196701000000000.0 468828000000.0 3.76017e+16 184080000000000.0 29670800000000.0 1236910000000.0 47395400000000.0 957836000000000.0 545006000000000.0 1057580000000000.0 339366000000.0 15570800000000.0 -4.08 [-4.08]
6.16639e+17 9.34272e+20 584489000000000.0 1.77983e+16 4049340000000000.0 75147100000000.0 4237760000000000.0 177771000000000.0 504827000000.0 3.58803e+16 160765000000000.0 24832600000000.0 1255730000000.0 47205300000000.0 937432000000000.0 523791000000000.0 999650000000000.0 359815000000.0 15515100000000.0 -4.06 [-4.06]
6.16601e+17 8.87294e+20 585337000000000.0 1.71015e+16 3749350000000000.0 76424800000000.0 4087200000000000.0 160560000000000.0 543556000000.0 3.42352e+16 140299000000000.0 20764900000000.0 1273790000000.0 47013400000000.0 917244000000000.0 503558000000000.0 943605000000000.0 381564000000.0 15437800000000.0 -4.04 [-4.04]
6.16642e+17 8.42642e+20 586061000000000.0 1.64238e+16 3468820000000000.0 77733300000000.0 3939530000000000.0 144859000000000.0 585523000000.0 3.26611e+16 122288000000000.0 17340300000000.0 1291350000000.0 46832000000000.0 897429000000000.0 484222000000000.0 889123000000000.0 404854000000.0 15345700000000.0 -4.02 [-4.02]
