Cloudy_runs/pg1259/z=0.046284/logZ=-1/component_II_PI_nH/component_II_PI_nH_col_density_param.txt
# %ECSV 1.0
# ---
# datatype:
# - {name: H, datatype: float64}
# - {name: H+, datatype: float64}
# - {name: C+, datatype: float64}
# - {name: C+2, datatype: float64}
# - {name: C+3, datatype: float64}
# - {name: N+, datatype: float64}
# - {name: N+2, datatype: float64}
# - {name: N+4, datatype: float64}
# - {name: O, datatype: float64}
# - {name: O+2, datatype: float64}
# - {name: O+5, datatype: float64}
# - {name: O+6, datatype: float64}
# - {name: P+, datatype: float64}
# - {name: Si+, datatype: float64}
# - {name: Si+2, datatype: float64}
# - {name: Si+3, datatype: float64}
# - {name: Si+4, datatype: float64}
# - {name: Fe+, datatype: float64}
# - {name: Al+, datatype: float64}
# - {name: log_nH, datatype: float64}
# - {name: parameters, datatype: string, subtype: 'float64[1]'}
# schema: astropy-2.0
H H+ C+ C+2 C+3 N+ N+2 N+4 O O+2 O+5 O+6 P+ Si+ Si+2 Si+3 Si+4 Fe+ Al+ log_nH parameters
[from data line 51]
6.16614e+17 7.59851e+20 586918000000000.0 1.51235e+16 2962610000000000.0 80413500000000.0 3652680000000000.0 117591000000000.0 679546000000.0 2.9709e+16 92628000000000.0 12054500000000.0 1323880000000.0 46469700000000.0 858354000000000.0 447826000000000.0 785141000000000.0 456135000000.0 15104400000000.0 -3.98 [-3.98]
6.1659e+17 7.21674e+20 587159000000000.0 1.45044e+16 2735690000000000.0 81803400000000.0 3514590000000000.0 105825000000000.0 732147000000.0 2.83334e+16 80496100000000.0 10033900000000.0 1339180000000.0 46299500000000.0 839349000000000.0 430659000000000.0 735865000000000.0 484355000000.0 14965100000000.0 -3.96 [-3.96]
6.16624e+17 6.85296e+20 587158000000000.0 1.39019e+16 2524000000000000.0 83220100000000.0 3379180000000000.0 95136300000000.0 789112000000.0 2.70128e+16 69868700000000.0 8341070000000.0 1353240000000.0 46129000000000.0 820341000000000.0 414140000000000.0 688158000000000.0 514603000000.0 14806700000000.0 -3.94 [-3.94]
6.16603e+17 6.50767e+20 586948000000000.0 1.33183e+16 2327510000000000.0 84660000000000.0 3247160000000000.0 85460600000000.0 850445000000.0 2.575e+16 60581200000000.0 6925600000000.0 1366150000000.0 45956700000000.0 801419000000000.0 398210000000000.0 642280000000000.0 546848000000.0 14634500000000.0 -3.92 [-3.92]
6.1667e+17 6.18045e+20 586721000000000.0 1.27552e+16 2144760000000000.0 86154400000000.0 3118850000000000.0 76704600000000.0 916905000000.0 2.45453e+16 52472300000000.0 5744030000000.0 1378490000000.0 45799900000000.0 782877000000000.0 382751000000000.0 598204000000000.0 581409000000.0 14457700000000.0 -3.9 [-3.9]
6.16612e+17 5.86866e+20 586221000000000.0 1.22082e+16 1974620000000000.0 87662000000000.0 2993290000000000.0 68782800000000.0 988307000000.0 2.33878e+16 45403300000000.0 4759440000000.0 1389280000000.0 45634100000000.0 764237000000000.0 367716000000000.0 555858000000000.0 618172000000.0 14264500000000.0 -3.88 [-3.88]
6.16661e+17 5.57226e+20 585585000000000.0 1.1679e+16 1816590000000000.0 89219400000000.0 2871070000000000.0 61616400000000.0 1065730000000.0 2.22802e+16 39228300000000.0 3936690000000.0 1398980000000.0 45474800000000.0 745715000000000.0 353125000000000.0 515293000000000.0 657632000000.0 14063200000000.0 -3.86 [-3.86]
6.16623e+17 5.29092e+20 584756000000000.0 1.11678e+16 1670230000000000.0 90804400000000.0 2752270000000000.0 55155800000000.0 1148920000000.0 2.12207e+16 33859600000000.0 3252850000000.0 1407350000000.0 45311600000000.0 727225000000000.0 338929000000000.0 476655000000000.0 699619000000.0 13853500000000.0 -3.84 [-3.84]
6.16595e+17 5.02423e+20 583905000000000.0 1.06756e+16 1534450000000000.0 92443500000000.0 2637120000000000.0 49333100000000.0 1238740000000.0 2.02091e+16 29194900000000.0 2685190000000.0 1414870000000.0 45156100000000.0 708968000000000.0 325045000000000.0 439924000000000.0 744473000000.0 13642000000000.0 -3.82 [-3.82]
6.16653e+17 4.7706e+20 582809000000000.0 1.01997e+16 1408840000000000.0 94121400000000.0 2525190000000000.0 44084700000000.0 1335900000000.0 1.92399e+16 25137900000000.0 2213050000000.0 1420800000000.0 45002900000000.0 690625000000000.0 311573000000000.0 405056000000000.0 792572000000.0 13421000000000.0 -3.8 [-3.8]
6.16695e+17 4.52908e+20 581692000000000.0 9739970000000000.0 1291770000000000.0 95852900000000.0 2416240000000000.0 39353800000000.0 1440890000000.0 1.83095e+16 21620400000000.0 1822480000000.0 1425660000000.0 44852000000000.0 672409000000000.0 298283000000000.0 371956000000000.0 843937000000.0 13197600000000.0 -3.78 [-3.78]
6.1664e+17 4.29975e+20 580245000000000.0 9296630000000000.0 1184050000000000.0 97605200000000.0 2310700000000000.0 35103000000000.0 1553340000000.0 1.74199e+16 18567400000000.0 1497920000000.0 1428740000000.0 44693900000000.0 654079000000000.0 285395000000000.0 340826000000000.0 898503000000.0 12966600000000.0 -3.76 [-3.76]
6.16601e+17 4.0828e+20 578894000000000.0 8871670000000000.0 1084340000000000.0 99425200000000.0 2208880000000000.0 31290000000000.0 1674730000000.0 1.65718e+16 15931600000000.0 1230540000000.0 1431160000000.0 44545100000000.0 636067000000000.0 272722000000000.0 311624000000000.0 956709000000.0 12741300000000.0 -3.74 [-3.74]
6.16655e+17 3.8762e+20 577235000000000.0 8461300000000000.0 992347000000000.0 101279000000000.0 2110050000000000.0 27865000000000.0 1805820000000.0 1.5758e+16 13649300000000.0 1009150000000.0 1431690000000.0 44396400000000.0 617905000000000.0 260432000000000.0 284214000000000.0 1019000000000.0 12509400000000.0 -3.72 [-3.72]
6.16598e+17 3.67973e+20 575566000000000.0 8066120000000000.0 907037000000000.0 103188000000000.0 2014310000000000.0 24788600000000.0 1946710000000.0 1.49783e+16 11676400000000.0 826428000000.0 1431160000000.0 44246300000000.0 599898000000000.0 248315000000000.0 258568000000000.0 1085150000000.0 12281000000000.0 -3.7 [-3.7]
6.1662e+17 3.4915e+20 573500000000000.0 7682480000000000.0 828167000000000.0 105114000000000.0 1920870000000000.0 22016900000000.0 2097750000000.0 1.4225e+16 9963830000000.0 674693000000.0 1428600000000.0 44084900000000.0 581651000000000.0 236506000000000.0 234529000000000.0 1155160000000.0 12034900000000.0 -3.68 [-3.68]
6.16596e+17 3.31509e+20 571544000000000.0 7318860000000000.0 756081000000000.0 107116000000000.0 1831840000000000.0 19560800000000.0 2260630000000.0 1.35138e+16 8505780000000.0 551535000000.0 1425370000000.0 43941400000000.0 563850000000000.0 225043000000000.0 212478000000000.0 1230050000000.0 11807600000000.0 -3.66 [-3.66]
6.16671e+17 3.14809e+20 569526000000000.0 6970840000000000.0 689835000000000.0 109179000000000.0 1746220000000000.0 17362200000000.0 2436170000000.0 1.28358e+16 7247920000000.0 449976000000.0 1421140000000.0 43811000000000.0 546237000000000.0 213925000000000.0 192112000000000.0 1309970000000.0 11585500000000.0 -3.64 [-3.64]
6.16652e+17 2.9896e+20 567302000000000.0 6636840000000000.0 629065000000000.0 111272000000000.0 1663650000000000.0 15400500000000.0 2623670000000.0 1.21874e+16 6168650000000.0 366694000000.0 1415380000000.0 43675200000000.0 528706000000000.0 203151000000000.0 173362000000000.0 1394360000000.0 11362500000000.0 -3.62 [-3.62]
6.16618e+17 2.83805e+20 564941000000000.0 6314130000000000.0 572740000000000.0 113410000000000.0 1583440000000000.0 13639300000000.0 2825290000000.0 1.15624e+16 5238180000000.0 298169000000.0 1408200000000.0 43540800000000.0 511228000000000.0 192586000000000.0 155996000000000.0 1484010000000.0 11140600000000.0 -3.6 [-3.6]
6.16597e+17 2.69444e+20 562467000000000.0 6005270000000000.0 521116000000000.0 115590000000000.0 1506270000000000.0 12072500000000.0 3041350000000.0 1.09653e+16 4444140000000.0 242329000000.0 1399820000000.0 43411900000000.0 493963000000000.0 182346000000000.0 140110000000000.0 1578930000000.0 10921900000000.0 -3.58 [-3.58]
6.16652e+17 2.5589e+20 559999000000000.0 5711030000000000.0 473878000000000.0 117830000000000.0 1432370000000000.0 10680800000000.0 3273240000000.0 1.03972e+16 3767340000000.0 196875000000.0 1390730000000.0 43293200000000.0 477084000000000.0 172422000000000.0 125647000000000.0 1679400000000.0 10711800000000.0 -3.56 [-3.56]
6.16619e+17 2.42907e+20 557256000000000.0 5426560000000000.0 430340000000000.0 120087000000000.0 1360610000000000.0 9432330000000.0 3520750000000.0 9849100000000000.0 3184010000000.0 159422000000.0 1379960000000.0 43173500000000.0 460186000000000.0 162803000000000.0 112368000000000.0 1785470000000.0 10499700000000.0 -3.54 [-3.54]
6.16615e+17 2.30737e+20 554483000000000.0 5157600000000000.0 390956000000000.0 122382000000000.0 1292430000000000.0 8332280000000.0 3784390000000.0 9331200000000000.0 2691260000000.0 129174000000.0 1368560000000.0 43062900000000.0 443761000000000.0 153627000000000.0 100437000000000.0 1896990000000.0 10296700000000.0 -3.52 [-3.52]
6.16597e+17 2.1907e+20 551489000000000.0 4897650000000000.0 354541000000000.0 124695000000000.0 1226210000000000.0 7347120000000.0 4066120000000.0 8830950000000000.0 2268460000000.0 104385000000.0 1355670000000.0 42953300000000.0 427427000000000.0 144697000000000.0 89515600000000.0 2014540000000.0 10093400000000.0 -3.5 [-3.5]
6.16662e+17 2.08035e+20 548456000000000.0 4649830000000000.0 321359000000000.0 127059000000000.0 1162750000000000.0 6475620000000.0 4367610000000.0 8353760000000000.0 1910690000000.0 84336700000.0 1341940000000.0 42853500000000.0 411454000000000.0 136119000000000.0 79669200000000.0 2138510000000.0 9896100000000.0 -3.48 [-3.48]
6.16621e+17 1.97509e+20 545246000000000.0 4411770000000000.0 290857000000000.0 129418000000000.0 1101510000000000.0 5697600000000.0 4686980000000.0 7895560000000000.0 1604650000000.0 67946200000.0 1327110000000.0 42751700000000.0 395720000000000.0 127827000000000.0 70744200000000.0 2267910000000.0 9701430000000.0 -3.46 [-3.46]
6.16621e+17 1.87629e+20 541956000000000.0 4186720000000000.0 263386000000000.0 131790000000000.0 1043360000000000.0 5013990000000.0 5025570000000.0 7462200000000000.0 1347450000000.0 54758000000.0 1311700000000.0 42665600000000.0 380422000000000.0 120008000000000.0 62801200000000.0 2403580000000.0 9514760000000.0 -3.44 [-3.44]
6.166e+17 1.7814e+20 538426000000000.0 3969210000000000.0 238041000000000.0 134158000000000.0 986875000000000.0 4403720000000.0 5385380000000.0 7042930000000000.0 1128230000000.0 44017000000.0 1294850000000.0 42577000000000.0 365274000000000.0 112435000000000.0 55590500000000.0 2545450000000.0 9326140000000.0 -3.42 [-3.42]
6.16669e+17 1.69156e+20 534858000000000.0 3761980000000000.0 214949000000000.0 136545000000000.0 932801000000000.0 3863850000000.0 5767890000000.0 6642990000000000.0 942996000000.0 35336100000.0 1277410000000.0 42497700000000.0 350537000000000.0 105195000000000.0 49135000000000.0 2693870000000.0 9143800000000.0 -3.4 [-3.4]
6.16632e+17 1.60628e+20 531112000000000.0 3564170000000000.0 193961000000000.0 138901000000000.0 880944000000000.0 3387500000000.0 6170250000000.0 6260680000000000.0 787274000000.0 28353000000.0 1259080000000.0 42418100000000.0 336140000000000.0 98293500000000.0 43374100000000.0 2847760000000.0 8963760000000.0 -3.38 [-3.38]
6.16605e+17 1.52514e+20 527204000000000.0 3375000000000000.0 174815000000000.0 141225000000000.0 831138000000000.0 2965460000000.0 6594550000000.0 5894750000000000.0 655600000000.0 22699300000.0 1239930000000.0 42343100000000.0 322065000000000.0 91713600000000.0 38220000000000.0 3007620000000.0 8786710000000.0 -3.36 [-3.36]
6.16652e+17 1.44705e+20 523013000000000.0 3192120000000000.0 157196000000000.0 143507000000000.0 782789000000000.0 2588810000000.0 7042790000000.0 5540620000000000.0 543446000000.0 18089800000.0 1219590000000.0 42264000000000.0 308165000000000.0 85386500000000.0 33564900000000.0 3173350000000.0 8605870000000.0 -3.34 [-3.34]
6.16621e+17 1.3742e+20 518899000000000.0 3020670000000000.0 141429000000000.0 145760000000000.0 737247000000000.0 2261230000000.0 7512070000000.0 5207920000000000.0 450932000000.0 14448500000.0 1199380000000.0 42196700000000.0 294897000000000.0 79451600000000.0 29502300000000.0 3344650000000.0 8437840000000.0 -3.32 [-3.32]
6.16601e+17 1.30479e+20 514569000000000.0 2856690000000000.0 127104000000000.0 147943000000000.0 693518000000000.0 1972100000000.0 8003930000000.0 4889410000000000.0 373178000000.0 11513300000.0 1178300000000.0 42134300000000.0 281918000000000.0 73843400000000.0 25886700000000.0 3521730000000.0 8270550000000.0 -3.3 [-3.3]
6.16677e+17 1.23921e+20 510254000000000.0 2701130000000000.0 114130000000000.0 150090000000000.0 651861000000000.0 1717970000000.0 8520710000000.0 4586720000000000.0 308253000000.0 9164110000.0 1157130000000.0 42075200000000.0 269417000000000.0 68531900000000.0 22691700000000.0 3704480000000.0 8109660000000.0 -3.28 [-3.28]
6.16642e+17 1.17675e+20 505688000000000.0 2552540000000000.0 102381000000000.0 152124000000000.0 611936000000000.0 1494540000000.0 9057080000000.0 4297350000000000.0 254086000000.0 7265090000.0 1135180000000.0 42015900000000.0 257220000000000.0 63525700000000.0 19864100000000.0 3891790000000.0 7948640000000.0 -3.26 [-3.26]
6.16615e+17 1.11764e+20 501038000000000.0 2411520000000000.0 91771000000000.0 154067000000000.0 573914000000000.0 1298780000000.0 9615070000000.0 4022450000000000.0 209092000000.0 5750980000.0 1112990000000.0 41955400000000.0 245456000000000.0 58810800000000.0 17373900000000.0 4083520000000.0 7791770000000.0 -3.24 [-3.24]
6.166e+17 1.06144e+20 496250000000000.0 2277120000000000.0 82163200000000.0 155904000000000.0 537566000000000.0 1126740000000.0 10195000000000.0 3760260000000000.0 171587000000.0 4536800000.0 1090410000000.0 41894200000000.0 234046000000000.0 54369700000000.0 15174200000000.0 4279740000000.0 7636910000000.0 -3.22 [-3.22]
6.16675e+17 1.00823e+20 491390000000000.0 2149580000000000.0 73494200000000.0 157634000000000.0 502977000000000.0 976209000000.0 10797900000000.0 3511350000000000.0 140532000000.0 3567810000.0 1067710000000.0 41834800000000.0 223050000000000.0 50197900000000.0 13240600000000.0 4480610000000.0 7485870000000.0 -3.2 [-3.2]
6.16638e+17 9.57571e+19 486338000000000.0 2028010000000000.0 65663100000000.0 159207000000000.0 469947000000000.0 844348000000.0 11417500000000.0 3274190000000000.0 114791000000.0 2798010000.0 1044580000000.0 41765600000000.0 212390000000000.0 46281100000000.0 11538400000000.0 4683950000000.0 7335530000000.0 -3.18 [-3.18]
6.16614e+17 9.09463e+19 481143000000000.0 1912420000000000.0 58603800000000.0 160628000000000.0 438493000000000.0 729114000000.0 12055900000000.0 3048890000000000.0 93530900000.0 2178540000.0 1021230000000.0 41694700000000.0 202087000000000.0 42614800000000.0 10043600000000.0 4890750000000.0 7186790000000.0 -3.16 [-3.16]
6.16598e+17 8.63796e+19 475830000000000.0 1802620000000000.0 52246500000000.0 161891000000000.0 408578000000000.0 628558000000.0 12712500000000.0 2835080000000000.0 76016800000.0 1700180000.0 997736000000.0 41616800000000.0 192151000000000.0 39185000000000.0 8733130000000.0 5100180000000.0 7040160000000.0 -3.14 [-3.14]
6.16666e+17 8.20428e+19 470402000000000.0 1698300000000000.0 46525100000000.0 162990000000000.0 380138000000000.0 540906000000.0 13388200000000.0 2632300000000000.0 61619400000.0 1320920000.0 974126000000.0 41540700000000.0 182560000000000.0 35983100000000.0 7584970000000.0 5313350000000.0 6895080000000.0 -3.12 [-3.12]
6.16634e+17 7.79267e+19 464829000000000.0 1599320000000000.0 41387800000000.0 163890000000000.0 353168000000000.0 464694000000.0 14075500000000.0 2440410000000000.0 49821500000.0 1019390000.0 950455000000.0 41446800000000.0 173333000000000.0 32998400000000.0 6581790000000.0 5526500000000.0 6751750000000.0 -3.1 [-3.1]
6.16612e+17 7.40277e+19 459162000000000.0 1505590000000000.0 36787200000000.0 164599000000000.0 327655000000000.0 398608000000.0 14776000000000.0 2259330000000000.0 40188100000.0 781981000.0 926833000000.0 41346900000000.0 164467000000000.0 30228000000000.0 5707270000000.0 5741180000000.0 6610480000000.0 -3.08 [-3.08]
6.16598e+17 7.03327e+19 453395000000000.0 1416860000000000.0 32666700000000.0 165102000000000.0 303547000000000.0 341347000000.0 15487500000000.0 2088640000000000.0 32337700000.0 591829000.0 903317000000.0 41236000000000.0 155958000000000.0 27655400000000.0 4945260000000.0 5956290000000.0 6471490000000.0 -3.06 [-3.06]
6.16675e+17 6.6832e+19 447554000000000.0 1332880000000000.0 28979700000000.0 165409000000000.0 280788000000000.0 291796000000.0 16212000000000.0 1927890000000000.0 25952300000.0 434088000.0 879960000000.0 41117800000000.0 147796000000000.0 25271700000000.0 4281550000000.0 6172460000000.0 6334590000000.0 -3.04 [-3.04]
6.16649e+17 6.35094e+19 441579000000000.0 1253350000000000.0 25685800000000.0 165483000000000.0 259320000000000.0 249011000000.0 16940300000000.0 1776570000000000.0 20777500000.0 301369000.0 856683000000.0 40979400000000.0 139965000000000.0 23064500000000.0 3704370000000.0 6386750000000.0 6198650000000.0 -3.02 [-3.02]
