Cloudy_runs/pg1259/z=0.046284/logZ=-1/component_II_PI_nH/component_II_PI_nH_col_density_param.txt
# %ECSV 1.0
# ---
# datatype:
# - {name: H, datatype: float64}
# - {name: H+, datatype: float64}
# - {name: C+, datatype: float64}
# - {name: C+2, datatype: float64}
# - {name: C+3, datatype: float64}
# - {name: N+, datatype: float64}
# - {name: N+2, datatype: float64}
# - {name: N+4, datatype: float64}
# - {name: O, datatype: float64}
# - {name: O+2, datatype: float64}
# - {name: O+5, datatype: float64}
# - {name: O+6, datatype: float64}
# - {name: P+, datatype: float64}
# - {name: Si+, datatype: float64}
# - {name: Si+2, datatype: float64}
# - {name: Si+3, datatype: float64}
# - {name: Si+4, datatype: float64}
# - {name: Fe+, datatype: float64}
# - {name: Al+, datatype: float64}
# - {name: log_nH, datatype: float64}
# - {name: parameters, datatype: string, subtype: 'float64[1]'}
# schema: astropy-2.0
H H+ C+ C+2 C+3 N+ N+2 N+4 O O+2 O+5 O+6 P+ Si+ Si+2 Si+3 Si+4 Fe+ Al+ log_nH parameters
[from data line 156]
6.16603e+17 4.0013e+18 102501000000000.0 19799400000000.0 6678520000.0 28260000000000.0 312845000000.0 1593360.0 35757300000000.0 1918450000000.0 0.0 0.0 111452000000.0 13085000000000.0 1829720000000.0 31000800000.0 422451000.0 8551840000000.0 1119900000000.0 -1.88 [-1.88]
6.16633e+17 3.83163e+18 99344400000000.0 18374700000000.0 5768940000.0 27136000000000.0 276276000000.0 0.0 35745800000000.0 1690150000000.0 0.0 0.0 107636000000.0 12689000000000.0 1679560000000.0 27586200000.0 363661000.0 8422360000000.0 1084680000000.0 -1.86 [-1.86]
6.16608e+17 3.6698e+18 96291700000000.0 17055400000000.0 4986810000.0 26060200000000.0 244129000000.0 0.0 35728000000000.0 1489680000000.0 0.0 0.0 103976000000.0 12304800000000.0 1542430000000.0 24562100000.0 313479000.0 8290500000000.0 1050760000000.0 -1.84 [-1.84]
6.16609e+17 3.51362e+18 93305800000000.0 15821800000000.0 4308120000.0 25018900000000.0 215566000000.0 0.0 35708600000000.0 1312050000000.0 0.0 0.0 100427000000.0 11929300000000.0 1414600000000.0 21862100000.0 270112000.0 8157520000000.0 1017650000000.0 -1.82 [-1.82]
6.16637e+17 3.36704e+18 90470900000000.0 14695800000000.0 3730850000.0 24038500000000.0 190734000000.0 0.0 35688000000000.0 1157910000000.0 0.0 0.0 97083000000.0 11571800000000.0 1299670000000.0 19494600000.0 233444000.0 8025440000000.0 986359000000.0 -1.8 [-1.8]
6.16633e+17 3.22568e+18 87700000000000.0 13645600000000.0 3230250000.0 23090400000000.0 168687000000.0 0.0 35662800000000.0 1021290000000.0 0.0 0.0 93841600000.0 11222300000000.0 1193290000000.0 17382600000.0 201804000.0 7891330000000.0 955833000000.0 -1.78 [-1.78]
6.16602e+17 3.09486e+18 85109200000000.0 12697000000000.0 2808560000.0 22209600000000.0 149733000000.0 0.0 35634100000000.0 904188000000.0 0.0 0.0 90831500000.0 10894500000000.0 1098980000000.0 15545700000.0 175297000.0 7760700000000.0 927449000000.0 -1.76 [-1.76]
6.16598e+17 2.96694e+18 82544500000000.0 11802100000000.0 2437070000.0 21347200000000.0 132626000000.0 0.0 35604300000000.0 798591000000.0 0.0 0.0 87874700000.0 10570500000000.0 1010230000000.0 13886300000.0 152013000.0 7627190000000.0 899357000000.0 -1.74 [-1.74]
6.16596e+17 2.84419e+18 80056100000000.0 10969400000000.0 2115710000.0 20517400000000.0 117500000000.0 0.0 35572200000000.0 705474000000.0 0.0 0.0 85026200000.0 10256100000000.0 928320000000.0 12408500000.0 131929000.0 7493740000000.0 872183000000.0 -1.72 [-1.72]
6.16609e+17 2.72826e+18 77681300000000.0 10207000000000.0 1840530000.0 19731800000000.0 104260000000.0 0.0 35539000000000.0 624066000000.0 0.0 0.0 82326600000.0 9955610000000.0 854577000000.0 11105200000.0 114814000.0 7361120000000.0 846329000000.0 -1.7 [-1.7]
6.16634e+17 2.61716e+18 75383300000000.0 9497890000000.0 1601820000.0 18977200000000.0 92524000000.0 0.0 35504400000000.0 552110000000.0 0.0 0.0 79730900000.0 9665000000000.0 786485000000.0 9942640000.0 99993400.0 7229390000000.0 821373000000.0 -1.68 [-1.68]
6.1663e+17 2.51066e+18 73157600000000.0 8839210000000.0 1395200000.0 18251900000000.0 82146200000.0 0.0 35466200000000.0 488664000000.0 0.0 0.0 77233200000.0 9383730000000.0 723747000000.0 8907020000.0 87185300.0 7098330000000.0 797269000000.0 -1.66 [-1.66]
6.16624e+17 2.40937e+18 71020700000000.0 8231370000000.0 1216860000.0 17560400000000.0 72995800000.0 0.0 35426300000000.0 432854000000.0 0.0 0.0 74849900000.0 9113660000000.0 666525000000.0 7987300000.0 76153200.0 6968780000000.0 774183000000.0 -1.64 [-1.64]
6.16622e+17 2.31275e+18 68964200000000.0 7668890000000.0 1062540000.0 16899200000000.0 64912100000.0 0.0 35385000000000.0 383671000000.0 0.0 0.0 72569800000.0 8853780000000.0 614187000000.0 7168800000.0 66622700.0 6840550000000.0 752023000000.0 -1.62 [-1.62]
6.16615e+17 2.2207e+18 66987500000000.0 7148970000000.0 928977000.0 16267700000000.0 57770000000.0 0.0 35341900000000.0 340331000000.0 0.0 0.0 70390900000.0 8604090000000.0 566336000000.0 6440380000.0 58382400.0 6714040000000.0 730773000000.0 -1.6 [-1.6]
6.16608e+17 2.13255e+18 65078800000000.0 6665990000000.0 812958000.0 15661600000000.0 51440600000.0 0.0 35297200000000.0 302022000000.0 0.0 0.0 68298600000.0 8363120000000.0 522372000000.0 5789900000.0 51230000.0 6588830000000.0 710304000000.0 -1.58 [-1.58]
6.16608e+17 2.04877e+18 63249800000000.0 6220530000000.0 712568000.0 15084000000000.0 45851000000.0 0.0 35251900000000.0 268306000000.0 0.0 0.0 66304500000.0 8132480000000.0 482129000000.0 5211150000.0 45036800.0 6466390000000.0 690733000000.0 -1.56 [-1.56]
6.16603e+17 1.96873e+18 61488600000000.0 5807270000000.0 625258000.0 14531000000000.0 40896200000.0 0.0 35204900000000.0 238484000000.0 0.0 0.0 64394500000.0 7910430000000.0 445345000000.0 4694150000.0 39654600.0 6345360000000.0 671934000000.0 -1.54 [-1.54]
6.16602e+17 1.8923e+18 59794300000000.0 5424350000000.0 549341000.0 14001600000000.0 36503600000.0 0.0 35157100000000.0 212132000000.0 0.0 0.0 62566400000.0 7697100000000.0 411533000000.0 4232300000.0 34969700.0 6226730000000.0 653887000000.0 -1.52 [-1.52]
6.16602e+17 1.81916e+18 58160700000000.0 5068440000000.0 483168000.0 13493600000000.0 32604200000.0 0.0 35108000000000.0 188798000000.0 0.0 0.0 60812600000.0 7491520000000.0 380539000000.0 3818950000.0 30885000.0 6109720000000.0 636529000000.0 -1.5 [-1.5]
6.16599e+17 1.74954e+18 56594700000000.0 4739450000000.0 425634000.0 13009000000000.0 29151300000.0 0.0 35057900000000.0 168188000000.0 0.0 0.0 59139700000.0 7294550000000.0 352308000000.0 3449850000.0 27331400.0 5995050000000.0 619928000000.0 -1.48 [-1.48]
6.16597e+17 1.68245e+18 55074900000000.0 4431860000000.0 375180000.0 12540700000000.0 26066900000.0 0.0 35006700000000.0 149855000000.0 0.0 0.0 57523800000.0 7103850000000.0 325971000000.0 3117790000.0 24205100.0 5882390000000.0 603847000000.0 -1.46 [-1.46]
6.16595e+17 1.6186e+18 53618700000000.0 4147410000000.0 331241000.0 12093800000000.0 23333000000.0 0.0 34954700000000.0 133654000000.0 0.0 0.0 55982600000.0 6921290000000.0 301920000000.0 2820950000.0 21477500.0 5772400000000.0 588473000000.0 -1.44 [-1.44]
6.16633e+17 1.5575e+18 52217200000000.0 3882890000000.0 292773000.0 11665300000000.0 20899000000.0 0.0 34904000000000.0 119269000000.0 0.0 0.0 54506200000.0 6745810000000.0 279849000000.0 2554480000.0 19085500.0 5664690000000.0 573712000000.0 -1.42 [-1.42]
6.16629e+17 1.49934e+18 50873500000000.0 3638270000000.0 259204000.0 11256000000000.0 18737700000.0 0.0 34850600000000.0 106548000000.0 0.0 0.0 53096800000.0 6577860000000.0 259569000000.0 2315890000.0 16990300.0 5560010000000.0 559585000000.0 -1.4 [-1.4]
6.16624e+17 1.44348e+18 49574900000000.0 3410100000000.0 229712000.0 10862100000000.0 16808400000.0 0.0 34796300000000.0 95220400000.0 0.0 0.0 51740900000.0 6415750000000.0 240907000000.0 2101060000.0 15145300.0 5457120000000.0 545964000000.0 -1.38 [-1.38]
6.16618e+17 1.39002e+18 48324300000000.0 3197650000000.0 203823000.0 10483800000000.0 15088000000.0 0.0 34741200000000.0 85156700000.0 0.0 0.0 50440800000.0 6259900000000.0 223701000000.0 1907840000.0 13520200.0 5356720000000.0 532877000000.0 -1.36 [-1.36]
6.16616e+17 1.33884e+18 47120200000000.0 2999870000000.0 181074000.0 10120800000000.0 13552900000.0 0.0 34685800000000.0 76207400000.0 0.0 0.0 49194200000.0 6110100000000.0 207855000000.0 1733890000.0 12087300.0 5258750000000.0 520303000000.0 -1.34 [-1.34]
6.1661e+17 1.28993e+18 45962600000000.0 2816050000000.0 161080000.0 9772770000000.0 12183400000.0 0.0 34629800000000.0 68249600000.0 0.0 0.0 48000800000.0 5966310000000.0 193296000000.0 1577330000.0 10823100.0 5163320000000.0 508241000000.0 -1.32 [-1.32]
6.16608e+17 1.24306e+18 44846900000000.0 2644640000000.0 143468000.0 9438270000000.0 10959500000.0 0.0 34573600000000.0 61165800000.0 0.0 0.0 46855600000.0 5828040000000.0 179836000000.0 1436150000.0 9704610.0 5070380000000.0 496645000000.0 -1.3 [-1.3]
6.16608e+17 1.19821e+18 43773600000000.0 2485080000000.0 127946000.0 9117310000000.0 9865550000.0 0.0 34517200000000.0 54855100000.0 0.0 0.0 45758300000.0 5695270000000.0 167436000000.0 1308800000.0 8714510.0 4979950000000.0 485513000000.0 -1.28 [-1.28]
6.16604e+17 1.15504e+18 42734300000000.0 2335640000000.0 114215000.0 8807330000000.0 8884840000.0 0.0 34459800000000.0 49219100000.0 0.0 0.0 44700200000.0 5566970000000.0 155937000000.0 1193550000.0 7834690.0 4891460000000.0 474759000000.0 -1.26 [-1.26]
6.16603e+17 1.11379e+18 41736000000000.0 2196620000000.0 102098000.0 8510260000000.0 8007880000.0 0.0 34402500000000.0 44197100000.0 0.0 0.0 43688000000.0 5444000000000.0 145348000000.0 1089520000.0 7054360.0 4805620000000.0 464455000000.0 -1.24 [-1.24]
6.16601e+17 1.07447e+18 40779100000000.0 2067400000000.0 91407500.0 8226120000000.0 7224920000.0 0.0 34345200000000.0 39727900000.0 0.0 0.0 42721900000.0 5326380000000.0 135644000000.0 995678000.0 6362740.0 4722480000000.0 454605000000.0 -1.22 [-1.22]
6.166e+17 1.03657e+18 39852000000000.0 1946310000000.0 81908700.0 7951440000000.0 6520000000.0 0.0 34287600000000.0 35721800000.0 0.0 0.0 41789400000.0 5212710000000.0 126578000000.0 910467000.0 5744350.0 4641400000000.0 445079000000.0 -1.2 [-1.2]
6.16599e+17 1.00022e+18 38958200000000.0 1833100000000.0 73485900.0 7687160000000.0 5888050000.0 0.0 34229700000000.0 32142900000.0 0.0 0.0 40894300000.0 5103390000000.0 118207000000.0 833271000.0 5193250.0 4562540000000.0 435924000000.0 -1.18 [-1.18]
6.16598e+17 9.65462e+17 38098800000000.0 1727490000000.0 66015100.0 7433500000000.0 5321310000.0 0.0 34172100000000.0 28945200000.0 0.0 0.0 40037200000.0 4998540000000.0 110478000000.0 763332000.0 4701650.0 4486140000000.0 427143000000.0 -1.16 [-1.16]
6.16597e+17 9.32035e+17 37267900000000.0 1628520000000.0 59367800.0 7188750000000.0 4811700000.0 0.0 34114100000000.0 26080800000.0 0.0 0.0 39212000000.0 4897460000000.0 103301000000.0 699801000.0 4261680.0 4411780000000.0 418678000000.0 -1.14 [-1.14]
6.16597e+17 9.00012e+17 36467700000000.0 1536040000000.0 53455200.0 6953490000000.0 4353820000.0 0.0 34056400000000.0 23516500000.0 0.0 0.0 38420600000.0 4800380000000.0 96659500000.0 642122000.0 3867960.0 4339700000000.0 410549000000.0 -1.12 [-1.12]
6.16596e+17 8.69226e+17 35694400000000.0 1449340000000.0 48183300.0 6726520000000.0 3941600000.0 0.0 33998500000000.0 21216800000.0 0.0 0.0 37659000000.0 4706830000000.0 90489800000.0 589648000.0 3514730.0 4269630000000.0 402716000000.0 -1.1 [-1.1]
6.16596e+17 8.39647e+17 34947500000000.0 1368080000000.0 43478400.0 6507710000000.0 3570360000.0 0.0 33940700000000.0 19153300000.0 0.0 0.0 36926600000.0 4616750000000.0 84761000000.0 541885000.0 3197500.0 4201580000000.0 395173000000.0 -1.08 [-1.08]
6.16596e+17 8.11262e+17 34227000000000.0 1292030000000.0 39277200.0 6297030000000.0 3235780000.0 0.0 33883100000000.0 17301000000.0 0.0 0.0 36223100000.0 4530120000000.0 79434000000.0 498396000.0 2912270.0 4135640000000.0 387918000000.0 -1.06 [-1.06]
6.16595e+17 7.83966e+17 33530400000000.0 1220620000000.0 35519700.0 6093660000000.0 2934180000.0 0.0 33825600000000.0 15637600000.0 0.0 0.0 35545900000.0 4446650000000.0 74478700000.0 458746000.0 2655530.0 4071610000000.0 380927000000.0 -1.04 [-1.04]
6.16595e+17 7.57867e+17 32860700000000.0 1153850000000.0 32163000.0 5898510000000.0 2662930000.0 0.0 33768600000000.0 14146200000.0 0.0 0.0 34897900000.0 4366660000000.0 69912500000.0 422645000.0 2424740.0 4009730000000.0 374230000000.0 -1.02 [-1.02]
6.16616e+17 7.32777e+17 32214000000000.0 1091250000000.0 29154900.0 5710350000000.0 2418090000.0 0.0 33712700000000.0 12804400000.0 0.0 0.0 34275000000.0 4289680000000.0 65674200000.0 389685000.0 2216490.0 3949730000000.0 367785000000.0 -1.0 [-1.0]
6.16615e+17 7.08491e+17 31584100000000.0 1032090000000.0 26447200.0 5527400000000.0 2195950000.0 0.0 33655800000000.0 11594300000.0 0.0 0.0 33670900000.0 4215010000000.0 61653200000.0 359485000.0 2027590.0 3891280000000.0 361528000000.0 -0.98 [-0.98]
6.16614e+17 6.85218e+17 30977000000000.0 976665000000.0 24019200.0 5351530000000.0 1995730000.0 0.0 33599200000000.0 10506100000.0 0.0 0.0 33091700000.0 4143300000000.0 57948400000.0 331907000.0 1857110.0 3834680000000.0 355521000000.0 -0.96 [-0.96]
6.16612e+17 6.6284e+17 30390000000000.0 924568000000.0 21836200.0 5181810000000.0 1814720000.0 0.0 33543000000000.0 9526010000.0 0.0 0.0 32534200000.0 4074240000000.0 54494900000.0 306672000.0 1702750.0 3779830000000.0 349736000000.0 -0.94 [-0.94]
6.16612e+17 6.41321e+17 29822300000000.0 875584000000.0 19871600.0 5017990000000.0 1650970000.0 0.0 33487200000000.0 8642620000.0 0.0 0.0 31997800000.0 4007720000000.0 51274400000.0 283564000.0 1562830.0 3726680000000.0 344164000000.0 -0.92 [-0.92]
6.16612e+17 6.2062e+17 29273000000000.0 829505000000.0 18101700.0 4859840000000.0 1502760000.0 0.0 33431800000000.0 7845980000.0 0.0 0.0 31481500000.0 3943630000000.0 48269400000.0 262387000.0 1435860.0 3675190000000.0 338795000000.0 -0.9 [-0.9]
6.16611e+17 6.00683e+17 28740900000000.0 786103000000.0 16504600.0 4707000000000.0 1368460000.0 0.0 33376700000000.0 7126620000.0 0.0 0.0 30983900000.0 3881830000000.0 45462300000.0 242955000.0 1320460.0 3625240000000.0 333616000000.0 -0.88 [-0.88]
6.16595e+17 5.81494e+17 28225200000000.0 745222000000.0 15062600.0 4559350000000.0 1246780000.0 0.0 33321300000000.0 6477100000.0 0.0 0.0 30504200000.0 3822200000000.0 42840100000.0 225118000.0 1215500.0 3576800000000.0 328620000000.0 -0.86 [-0.86]
6.16595e+17 5.63005e+17 27725600000000.0 706690000000.0 13758800.0 4416590000000.0 1136370000.0 0.0 33267100000000.0 5889820000.0 0.0 0.0 30042100000.0 3764720000000.0 40386900000.0 208729000.0 1119890.0 3529860000000.0 323803000000.0 -0.84 [-0.84]
6.16599e+17 5.45256e+17 27243000000000.0 670443000000.0 12580600.0 4279040000000.0 1036370000.0 0.0 33213800000000.0 5359660000.0 0.0 0.0 29598400000.0 3709490000000.0 38096600000.0 193680000.0 1032850.0 3484560000000.0 319174000000.0 -0.82 [-0.82]
6.16599e+17 5.28093e+17 26773400000000.0 636166000000.0 11512000.0 4145580000000.0 945403000.0 0.0 33160500000000.0 4879050000.0 0.0 0.0 29168900000.0 3655990000000.0 35946700000.0 179815000.0 953320.0 3440460000000.0 314690000000.0 -0.8 [-0.8]
6.16605e+17 5.11627e+17 26319700000000.0 603896000000.0 10544700.0 4017080000000.0 862987000.0 0.0 33108300000000.0 4444950000.0 0.0 0.0 28756900000.0 3604630000000.0 33941300000.0 167069000.0 880798.0 3397940000000.0 310386000000.0 -0.78 [-0.78]
6.16605e+17 4.95666e+17 25877300000000.0 573333000000.0 9665090.0 3892100000000.0 787843000.0 0.0 33056000000000.0 4050540000.0 0.0 0.0 28357100000.0 3554770000000.0 32049800000.0 155302000.0 814338.0 3356480000000.0 306206000000.0 -0.76 [-0.76]
6.16615e+17 4.80409e+17 25451000000000.0 544593000000.0 8868540.0 3772150000000.0 719849000.0 0.0 33005100000000.0 3694660000.0 0.0 0.0 27975000000.0 3507090000000.0 30292000000.0 144485000.0 753719.0 3316670000000.0 302209000000.0 -0.74 [-0.74]
6.16614e+17 4.65569e+17 25033900000000.0 517314000000.0 8141940.0 3655180000000.0 657679000.0 0.0 32953900000000.0 3370270000.0 0.0 0.0 27602900000.0 3460620000000.0 28628600000.0 134473000.0 697987.0 3277720000000.0 298313000000.0 -0.72 [-0.72]
6.16613e+17 4.51252e+17 24628700000000.0 491524000000.0 7480700.0 3541970000000.0 601095000.0 0.0 32903200000000.0 3075890000.0 0.0 0.0 27243700000.0 3415750000000.0 27066600000.0 125229000.0 646882.0 3239960000000.0 294549000000.0 -0.7 [-0.7]
6.16597e+17 4.37535e+17 24236400000000.0 467188000000.0 6879820.0 3432970000000.0 549781000.0 0.0 32852500000000.0 2809830000.0 0.0 0.0 26899000000.0 3372660000000.0 25606200000.0 116708000.0 600105.0 3203570000000.0 290937000000.0 -0.68 [-0.68]
6.16596e+17 4.24195e+17 23853200000000.0 444101000000.0 6330540.0 3326800000000.0 502814000.0 0.0 32803000000000.0 2566860000.0 0.0 0.0 26564000000.0 3330770000000.0 24225300000.0 108809000.0 557001.0 3168060000000.0 287423000000.0 -0.66 [-0.66]
