Cloudy_runs/pg1116/z=0.138527/logZ=-1/component_III_PI_nH/component_III_PI_nH_col_density_param.txt
# %ECSV 1.0
# ---
# datatype:
# - {name: H, datatype: float64}
# - {name: H+, datatype: float64}
# - {name: C+, datatype: float64}
# - {name: C+2, datatype: float64}
# - {name: C+3, datatype: float64}
# - {name: N+, datatype: float64}
# - {name: N+2, datatype: float64}
# - {name: N+4, datatype: float64}
# - {name: O, datatype: float64}
# - {name: O+2, datatype: float64}
# - {name: O+5, datatype: float64}
# - {name: O+6, datatype: float64}
# - {name: P+, datatype: float64}
# - {name: Si+, datatype: float64}
# - {name: Si+2, datatype: float64}
# - {name: Si+3, datatype: float64}
# - {name: Si+4, datatype: float64}
# - {name: log_nH, datatype: float64}
# - {name: log_Te, datatype: float64}
# - {name: parameters, datatype: string, subtype: 'float64[1]'}
# schema: astropy-2.0
H H+ C+ C+2 C+3 N+ N+2 N+4 O O+2 O+5 O+6 P+ Si+ Si+2 Si+3 Si+4 log_nH log_Te parameters
[from data line 261]
1.09648e+16 3799640000000000.0 270532000000.0 1699180000.0 0.0 28533100000.0 833555.0 0.0 566461000000.0 4034690.0 0.0 0.0 378307000.0 47244300000.0 113554000.0 233116.0 0.0 0.22 3.891 [0.22]
1.09648e+16 3692810000000000.0 266388000000.0 1615280000.0 0.0 27606900000.0 765061.0 0.0 565835000000.0 3723970.0 0.0 0.0 375592000.0 46901700000.0 107471000.0 219781.0 0.0 0.24 3.889 [0.24]
1.09648e+16 3589020000000000.0 262314000000.0 1535470000.0 0.0 26704700000.0 702082.0 0.0 565220000000.0 3438100.0 0.0 0.0 372953000.0 46568500000.0 101653000.0 207274.0 0.0 0.26 3.887 [0.26]
1.09648e+16 3488320000000000.0 258312000000.0 1459610000.0 0.0 25828200000.0 644260.0 0.0 564615000000.0 3175080.0 0.0 0.0 370393000.0 46245000000.0 96121900.0 195542.0 0.0 0.28 3.885 [0.28]
1.09648e+16 3390320000000000.0 254374000000.0 1387370000.0 0.0 24972000000.0 591001.0 0.0 564021000000.0 2932910.0 0.0 0.0 367901000.0 45929900000.0 90797600.0 184529.0 0.0 0.3 3.882 [0.3]
1.09648e+16 3295300000000000.0 250513000000.0 1318790000.0 0.0 24138500000.0 542041.0 0.0 563438000000.0 2710230.0 0.0 0.0 365484000.0 45624200000.0 85694900.0 174197.0 0.0 0.32 3.88 [0.32]
1.09648e+16 3202660000000000.0 246703000000.0 1253380000.0 0.0 23324400000.0 496960.0 0.0 562864000000.0 2504830.0 0.0 0.0 363127000.0 45325800000.0 80805600.0 164485.0 0.0 0.34 3.877 [0.34]
1.09648e+16 3112520000000000.0 242954000000.0 1191140000.0 0.0 22529500000.0 455461.0 0.0 562300000000.0 2315570.0 0.0 0.0 360833000.0 45035100000.0 76110900.0 155361.0 0.0 0.36 3.874 [0.36]
1.09648e+16 3024800000000000.0 239264000000.0 1131900000.0 0.0 21753200000.0 417259.0 0.0 561745000000.0 2141160.0 0.0 0.0 358601000.0 44752000000.0 71602200.0 146785.0 0.0 0.38 3.871 [0.38]
1.09648e+16 2939050000000000.0 235615000000.0 1075360000.0 0.0 20991800000.0 382020.0 0.0 561197000000.0 1980110.0 0.0 0.0 356417000.0 44474800000.0 67254100.0 138715.0 0.0 0.4 3.868 [0.4]
1.09648e+16 2855700000000000.0 232032000000.0 1021640000.0 0.0 20247700000.0 349580.0 0.0 560659000000.0 1831780.0 0.0 0.0 354295000.0 44205100000.0 63067200.0 131130.0 0.0 0.42 3.865 [0.42]
1.09648e+16 2774990000000000.0 228527000000.0 970751000.0 0.0 19522400000.0 319767.0 0.0 560135000000.0 1695340.0 0.0 0.0 352240000.0 43943700000.0 59048800.0 124004.0 0.0 0.44 3.862 [0.44]
1.09648e+16 2695980000000000.0 225059000000.0 922169000.0 0.0 18809600000.0 292252.0 0.0 559616000000.0 1569230.0 0.0 0.0 350227000.0 43687400000.0 55169000.0 117291.0 0.0 0.46 3.858 [0.46]
1.09648e+16 2618280000000000.0 221618000000.0 875705000.0 0.0 18103400000.0 266753.0 0.0 559103000000.0 1452570.0 0.0 0.0 348247000.0 43434800000.0 51371200.0 110966.0 0.0 0.48 3.854 [0.48]
1.09648e+16 2542870000000000.0 218251000000.0 831685000.0 0.0 17412000000.0 243294.0 0.0 558601000000.0 1345180.0 0.0 0.0 346324000.0 43189300000.0 47712800.0 105017.0 0.0 0.5 3.85 [0.5]
1.09648e+16 2469590000000000.0 214952000000.0 789960000.0 0.0 16733600000.0 221695.0 0.0 558109000000.0 1246280.0 0.0 0.0 344456000.0 42950300000.0 44183600.0 99420.5 0.0 0.52 3.845 [0.52]
1.09648e+16 2396870000000000.0 211665000000.0 749942000.0 0.0 16051500000.0 201537.0 0.0 557620000000.0 1154600.0 0.0 0.0 342601000.0 42712500000.0 40663500.0 94140.3 0.0 0.54 3.84 [0.54]
1.09648e+16 2325600000000000.0 208434000000.0 711920000.0 0.0 15372400000.0 182856.0 0.0 557137000000.0 1070050.0 0.0 0.0 340782000.0 42478800000.0 37207300.0 89168.6 0.0 0.56 3.834 [0.56]
1.09648e+16 2255590000000000.0 205260000000.0 675817000.0 0.0 14692400000.0 165503.0 0.0 556662000000.0 992088.0 0.0 0.0 338995000.0 42248400000.0 33795700.0 84487.7 0.0 0.58 3.828 [0.58]
1.09648e+16 2185530000000000.0 202100000000.0 641238000.0 0.0 13994800000.0 149172.0 0.0 556187000000.0 919864.0 0.0 0.0 337205000.0 42016700000.0 30334100.0 80072.7 0.0 0.6 3.821 [0.6]
1.09648e+16 2115580000000000.0 198982000000.0 608330000.0 0.0 13275300000.0 133788.0 0.0 555712000000.0 853201.0 0.0 0.0 335416000.0 41783900000.0 26822800.0 75915.2 0.0 0.62 3.812 [0.62]
1.09648e+16 2045020000000000.0 195909000000.0 577049000.0 0.0 12517600000.0 119144.0 0.0 555238000000.0 791743.0 0.0 0.0 333610000.0 41547300000.0 23200900.0 72004.1 0.0 0.64 3.801 [0.64]
1.09648e+16 1462060000000000.0 182061000000.0 439059000.0 0.0 3461020000.0 30029.2 0.0 553257000000.0 712340.0 0.0 0.0 318632000.0 39136100000.0 77893.4 68652.6 0.0 0.66 3.434 [0.66]
1.09648e+16 1402720000000000.0 178210000000.0 412474000.0 0.0 3158490000.0 26246.8 0.0 552888000000.0 656364.0 0.0 0.0 317116000.0 38898500000.0 62249.8 65107.7 0.0 0.68 3.414 [0.68]
1.09648e+16 1348840000000000.0 174509000000.0 388372000.0 0.0 2910920000.0 23165.0 0.0 552532000000.0 604975.0 0.0 0.0 315737000.0 38682500000.0 53178.1 61759.0 0.0 0.7 3.396 [0.7]
1.09648e+16 1299390000000000.0 170960000000.0 366402000.0 0.0 2699710000.0 20576.1 0.0 552192000000.0 557999.0 0.0 0.0 314470000.0 38483600000.0 47193.3 58601.1 0.0 0.72 3.381 [0.72]
1.09648e+16 1252850000000000.0 167481000000.0 345944000.0 0.0 2513990000.0 18353.0 0.0 551862000000.0 514664.0 0.0 0.0 313276000.0 38295100000.0 42889.6 55612.8 0.0 0.74 3.366 [0.74]
1.09648e+16 1208650000000000.0 164058000000.0 326806000.0 0.0 2347830000.0 16420.6 0.0 551541000000.0 474673.0 0.0 0.0 312142000.0 38114500000.0 39562.5 52784.4 0.0 0.76 3.352 [0.76]
1.09648e+16 1166680000000000.0 160696000000.0 308895000.0 0.0 2197970000.0 14730.5 0.0 551231000000.0 437805.0 0.0 0.0 311063000.0 37941400000.0 36863.0 50107.7 0.0 0.78 3.338 [0.78]
1.09648e+16 1126520000000000.0 157374000000.0 292024000.0 0.0 2061500000.0 13241.8 0.0 550928000000.0 403735.0 0.0 0.0 310030000.0 37773900000.0 34580.4 47571.6 0.0 0.8 3.325 [0.8]
1.09648e+16 1088250000000000.0 154111000000.0 276199000.0 0.0 1936780000.0 11926.9 0.0 550636000000.0 372342.0 0.0 0.0 309044000.0 37612500000.0 32586.6 45171.0 0.0 0.82 3.312 [0.82]
1.09648e+16 1051620000000000.0 150895000000.0 261294000.0 0.0 1822130000.0 10760.1 0.0 550352000000.0 343373.0 0.0 0.0 308100000.0 37456300000.0 30803.9 42896.7 0.0 0.84 3.3 [0.84]
1.09648e+16 1016450000000000.0 147718000000.0 247225000.0 0.0 1716230000.0 9721.26 0.0 550077000000.0 316617.0 0.0 0.0 307193000.0 37304300000.0 29180.7 40741.1 0.0 0.86 3.288 [0.86]
1.09648e+16 982491000000000.0 144566000000.0 233885000.0 0.0 1617880000.0 8792.73 0.0 549807000000.0 291856.0 0.0 0.0 306315000.0 37155300000.0 27682.5 38696.1 0.0 0.88 3.276 [0.88]
1.09648e+16 950032000000000.0 141471000000.0 221336000.0 0.0 1526750000.0 7963.49 0.0 549548000000.0 269053.0 0.0 0.0 305476000.0 37011000000.0 26289.2 36758.7 0.0 0.9 3.264 [0.9]
1.09648e+16 918796000000000.0 138416000000.0 209468000.0 0.0 1441870000.0 7220.21 0.0 549295000000.0 247997.0 0.0 0.0 304667000.0 36870000000.0 24984.1 34921.3 0.0 0.92 3.252 [0.92]
1.09648e+16 888709000000000.0 135399000000.0 198240000.0 0.0 1362640000.0 6552.84 0.0 549050000000.0 228553.0 0.0 0.0 303886000.0 36731900000.0 23756.1 33178.3 0.0 0.94 3.24 [0.94]
1.09648e+16 859831000000000.0 132432000000.0 187640000.0 0.0 1288660000.0 5953.2 0.0 548813000000.0 210630.0 0.0 0.0 303137000.0 36597300000.0 22597.6 31525.5 0.0 0.96 3.228 [0.96]
1.09648e+16 831814000000000.0 129483000000.0 177559000.0 0.0 1219220000.0 5412.56 0.0 548582000000.0 194036.0 0.0 0.0 302408000.0 36464000000.0 21501.1 29955.8 0.0 0.98 3.217 [0.98]
1.09648e+16 804949000000000.0 126590000000.0 168038000.0 0.0 1154150000.0 4925.31 0.0 548358000000.0 178758.0 0.0 0.0 301708000.0 36334300000.0 20462.9 28467.1 0.0 1.0 3.206 [1.0]
