Cloudy_runs/h1821/logZ=-1/z=0.170006/component_II_PI_nH/component_II_PI_nH_col_density_param.txt
# %ECSV 1.0
# ---
# datatype:
# - {name: H, datatype: float64}
# - {name: H+, datatype: float64}
# - {name: C+, datatype: float64}
# - {name: C+2, datatype: float64}
# - {name: C+3, datatype: float64}
# - {name: N+, datatype: float64}
# - {name: N+2, datatype: float64}
# - {name: N+4, datatype: float64}
# - {name: O, datatype: float64}
# - {name: O+2, datatype: float64}
# - {name: O+5, datatype: float64}
# - {name: O+6, datatype: float64}
# - {name: P+, datatype: float64}
# - {name: Si+, datatype: float64}
# - {name: Si+2, datatype: float64}
# - {name: Si+3, datatype: float64}
# - {name: Si+4, datatype: float64}
# - {name: log_nH, datatype: float64}
# - {name: log_Te, datatype: float64}
# - {name: parameters, datatype: string, subtype: 'float64[1]'}
# schema: astropy-2.0
H H+ C+ C+2 C+3 N+ N+2 N+4 O O+2 O+5 O+6 P+ Si+ Si+2 Si+3 Si+4 log_nH log_Te parameters
[from data line 128]
47863000000000.0 3078810000000000.0 33462500000.0 50045700000.0 456691000.0 13668600000.0 7266550000.0 1716600.0 1985680000.0 43554200000.0 50984.2 0.0 54690500.0 3195660000.0 6379040000.0 514891000.0 39536800.0 -2.44 4.125 [-2.44]
47863000000000.0 2930590000000000.0 32801900000.0 46783500000.0 394816000.0 13409800000.0 6535600000.0 1413930.0 2037560000.0 39006700000.0 38427.0 0.0 52881800.0 3173800000.0 5981010000.0 460302000.0 33771300.0 -2.42 4.122 [-2.42]
47863000000000.0 2790140000000000.0 32140500000.0 43722400000.0 341173000.0 13136500000.0 5869400000.0 1163510.0 2087450000.0 34888000000.0 28936.6 0.0 51118700.0 3149780000.0 5604020000.0 411202000.0 28841300.0 -2.4 4.12 [-2.4]
47863000000000.0 2656630000000000.0 31476900000.0 40842300000.0 294591000.0 12849000000.0 5262230000.0 956177.0 2135370000.0 31157400000.0 21760.4 0.0 49396000.0 3123550000.0 5246120000.0 366973000.0 24617800.0 -2.38 4.117 [-2.38]
47863000000000.0 2529700000000000.0 30811800000.0 38134000000.0 254180000.0 12549100000.0 4710220000.0 784773.0 2181250000.0 27785800000.0 16343.2 0.0 47714400.0 3095110000.0 4906700000.0 327184000.0 21001700.0 -2.36 4.114 [-2.36]
47863000000000.0 2409030000000000.0 30145900000.0 35588900000.0 219155000.0 12238800000.0 4209600000.0 643300.0 2225050000.0 24745500000.0 0.0 0.0 46074200.0 3064490000.0 4585170000.0 291438000.0 17907600.0 -2.34 4.112 [-2.34]
47863000000000.0 2294300000000000.0 29480100000.0 33198500000.0 188826000.0 11919700000.0 3756610000.0 526704.0 2266770000.0 22009600000.0 0.0 0.0 44475800.0 3031740000.0 4280900000.0 259364000.0 15261700.0 -2.32 4.11 [-2.32]
47863000000000.0 2185220000000000.0 28815000000.0 30954700000.0 162586000.0 11593900000.0 3347670000.0 430753.0 2306380000.0 19552400000.0 0.0 0.0 42919400.0 2996880000.0 3993290000.0 230622000.0 13000500.0 -2.3 4.107 [-2.3]
47863000000000.0 2081490000000000.0 28151300000.0 28849800000.0 139904000.0 11262900000.0 2979280000.0 351904.0 2343910000.0 17349800000.0 0.0 0.0 41405100.0 2960000000.0 3721730000.0 204896000.0 11069100.0 -2.28 4.105 [-2.28]
47863000000000.0 1982850000000000.0 27489900000.0 26876300000.0 120313000.0 10928400000.0 2648120000.0 287196.0 2379380000.0 15378900000.0 0.0 0.0 39932900.0 2921160000.0 3465620000.0 181898000.0 9420340.0 -2.26 4.102 [-2.26]
47863000000000.0 1889060000000000.0 26831300000.0 25027100000.0 103405000.0 10592100000.0 2351010000.0 234165.0 2412830000.0 13618400000.0 0.0 0.0 38502600.0 2880450000.0 3224350000.0 161361000.0 8013760.0 -2.24 4.1 [-2.24]
47863000000000.0 1799860000000000.0 26176500000.0 23295500000.0 88825100.0 10255400000.0 2084950000.0 190756.0 2444290000.0 12048200000.0 0.0 0.0 37114100.0 2837950000.0 2997330000.0 143043000.0 6814430.0 -2.22 4.098 [-2.22]
47863000000000.0 1715380000000000.0 25528700000.0 21681600000.0 76299300.0 9921380000.0 1847810000.0 155355.0 2473770000.0 10654000000.0 0.0 0.0 35772900.0 2793960000.0 2784880000.0 126775000.0 5795330.0 -2.2 4.095 [-2.2]
47863000000000.0 1634330000000000.0 24880200000.0 20158800000.0 65442100.0 9586050000.0 1634860000.0 126280.0 2501500000.0 9406530000.0 0.0 0.0 34461200.0 2748060000.0 2583620000.0 112192000.0 4921790.0 -2.18 4.093 [-2.18]
47863000000000.0 1557950000000000.0 24243300000.0 18748200000.0 56164100.0 9257610000.0 1446370000.0 102701.0 2527320000.0 8305760000.0 0.0 0.0 33202100.0 2701080000.0 2396700000.0 99319500.0 4183150.0 -2.16 4.091 [-2.16]
47863000000000.0 1484950000000000.0 23609800000.0 17424000000.0 48155700.0 8931690000.0 1278090000.0 83421.3 2551470000.0 7326050000.0 0.0 0.0 31977400.0 2652600000.0 2220740000.0 87838600.0 3552370.0 -2.14 4.089 [-2.14]
47863000000000.0 1415510000000000.0 22983000000.0 16187600000.0 41273300.0 8610950000.0 1128570000.0 67722.1 2573970000.0 6458030000.0 0.0 0.0 30792300.0 2602940000.0 2056130000.0 77647900.0 3015930.0 -2.12 4.086 [-2.12]
47863000000000.0 1349460000000000.0 22363800000.0 15033700000.0 35362300.0 8296170000.0 995908000.0 54949.8 2594890000.0 5689810000.0 0.0 0.0 29646400.0 2552220000.0 1902300000.0 68610300.0 2559930.0 -2.1 4.084 [-2.1]
47863000000000.0 1286620000000000.0 21752500000.0 13957400000.0 30288200.0 7987970000.0 878330000.0 44566.5 2614300000.0 5010540000.0 0.0 0.0 28539000.0 2500590000.0 1758710000.0 60601400.0 2172480.0 -2.08 4.082 [-2.08]
47863000000000.0 1226510000000000.0 21146400000.0 12948700000.0 25918000.0 7685060000.0 773850000.0 36104.5 2632330000.0 4408310000.0 0.0 0.0 27463300.0 2447910000.0 1624060000.0 53480200.0 1842150.0 -2.06 4.08 [-2.06]
47863000000000.0 1169640000000000.0 20552600000.0 12014000000.0 22187000.0 7391580000.0 681822000.0 29260.9 2648960000.0 3878850000.0 0.0 0.0 26430700.0 2394850000.0 1499390000.0 47207300.0 1562920.0 -2.04 4.078 [-2.04]
47863000000000.0 1115860000000000.0 19971800000.0 11148900000.0 19002600.0 7107930000.0 600832000.0 23727.4 2664280000.0 3413690000.0 0.0 0.0 25440400.0 2341590000.0 1384130000.0 41684700.0 1326920.0 -2.02 4.076 [-2.02]
47863000000000.0 1064050000000000.0 19393700000.0 10333700000.0 16249400.0 6828730000.0 528713000.0 19205.3 2678460000.0 3000270000.0 0.0 0.0 24473500.0 2287370000.0 1275600000.0 36757500.0 1124870.0 -2.0 4.074 [-2.0]
47863000000000.0 1015060000000000.0 18829500000.0 9580110000.0 13903200.0 6559830000.0 465378000.0 15555.3 2691470000.0 2637710000.0 0.0 0.0 23547400.0 2233210000.0 1175510000.0 32427100.0 954330.0 -1.98 4.071 [-1.98]
47863000000000.0 968439000000000.0 18275800000.0 8879430000.0 11894700.0 6299470000.0 409540000.0 12597.7 2703410000.0 2318530000.0 0.0 0.0 22655100.0 2178950000.0 1082680000.0 28603900.0 809713.0 -1.96 4.069 [-1.96]
47863000000000.0 924382000000000.0 17736900000.0 8232650000.0 10184000.0 6049580000.0 360567000.0 10211.4 2714320000.0 2038930000.0 0.0 0.0 21801800.0 2125070000.0 997272000.0 25246900.0 687688.0 -1.94 4.067 [-1.94]
47863000000000.0 882159000000000.0 17205300000.0 7627560000.0 8712380.0 5806470000.0 317222000.0 8269.86 2724310000.0 1791790000.0 0.0 0.0 20974700.0 2070990000.0 917619000.0 22269100.0 583683.0 -1.92 4.065 [-1.92]
47863000000000.0 841690000000000.0 16681400000.0 7061780000.0 7447390.0 5570210000.0 278891000.0 6691.49 2733430000.0 1573490000.0 0.0 0.0 20173100.0 2016760000.0 843445000.0 19629800.0 495108.0 -1.9 4.063 [-1.9]
47863000000000.0 803467000000000.0 16173100000.0 6540670000.0 6371960.0 5344360000.0 245349000.0 5420.18 2741700000.0 1382640000.0 0.0 0.0 19408100.0 1963260000.0 775473000.0 17316700.0 420481.0 -1.88 4.061 [-1.88]
47863000000000.0 767084000000000.0 15676500000.0 6057190000.0 5452400.0 5126930000.0 215844000.0 4391.08 2749190000.0 1214950000.0 0.0 0.0 18672500.0 1910230000.0 712708000.0 15278000.0 357226.0 -1.86 4.059 [-1.86]
47863000000000.0 732451000000000.0 15191800000.0 5608790000.0 4666230.0 4917780000.0 189899000.0 3558.08 2755950000.0 1067630000.0 0.0 0.0 17965500.0 1857770000.0 654799000.0 13481300.0 303608.0 -1.84 4.057 [-1.84]
47863000000000.0 699481000000000.0 14719100000.0 5193080000.0 3994140.0 4716750000.0 167089000.0 2883.79 2762030000.0 938234000.0 0.0 0.0 17286100.0 1805950000.0 601408000.0 11898100.0 258154.0 -1.82 4.056 [-1.82]
47863000000000.0 668093000000000.0 14258400000.0 4807820000.0 3419630.0 4523660000.0 147038000.0 2337.97 2767460000.0 824606000.0 0.0 0.0 16633600.0 1754860000.0 552223000.0 10503300.0 219616.0 -1.8 4.054 [-1.8]
47863000000000.0 638432000000000.0 13813100000.0 4453500000.0 2931050.0 4339750000.0 129501000.0 1897.89 2772290000.0 725302000.0 0.0 0.0 16011800.0 1704950000.0 507283000.0 9280800.0 187102.0 -1.78 4.052 [-1.78]
47863000000000.0 609975000000000.0 13376500000.0 4122820000.0 2510960.0 4161940000.0 114006000.0 1539.79 2776560000.0 637655000.0 0.0 0.0 15410400.0 1655530000.0 465605000.0 8197600.0 159362.0 -1.76 4.05 [-1.76]
47863000000000.0 582878000000000.0 12952000000.0 3816640000.0 2151820.0 3991450000.0 100389000.0 1249.76 2780310000.0 560703000.0 0.0 0.0 14833200.0 1607030000.0 427282000.0 7243250.0 135826.0 -1.74 4.048 [-1.74]
47863000000000.0 557075000000000.0 12539500000.0 3533230000.0 1844760.0 3828060000.0 88421500.0 1014.82 2783560000.0 493140000.0 0.0 0.0 14279400.0 1559500000.0 392063000.0 6402360.0 115849.0 -1.72 4.046 [-1.72]
47863000000000.0 532242000000000.0 12134600000.0 3268250000.0 1580310.0 3669840000.0 77833200.0 823.351 2786350000.0 433426000.0 0.0 0.0 13742600.0 1512480000.0 359376000.0 5656060.0 98765.9 -1.7 4.044 [-1.7]
47863000000000.0 508842000000000.0 11745800000.0 3025710000.0 1355960.0 3519960000.0 68595500.0 669.216 2788700000.0 381376000.0 0.0 0.0 13233300.0 1467010000.0 329695000.0 5003470.0 84370.8 -1.68 4.043 [-1.68]
47863000000000.0 486805000000000.0 11373000000.0 2803830000.0 1165510.0 3378130000.0 60533700.0 545.004 2790650000.0 335994000.0 0.0 0.0 12750600.0 1423120000.0 302765000.0 4432570.0 72228.6 -1.66 4.041 [-1.66]
47863000000000.0 465571000000000.0 11007500000.0 2596240000.0 1001130.0 3240790000.0 53389500.0 0.0 2792210000.0 295825000.0 0.0 0.0 12282400.0 1379830000.0 277767000.0 3924960.0 61813.7 -1.64 4.039 [-1.64]
47863000000000.0 445342000000000.0 10653400000.0 2404280000.0 860427.0 3109380000.0 47107200.0 0.0 2793410000.0 260543000.0 0.0 0.0 11833800.0 1337670000.0 254845000.0 3477280.0 52951.6 -1.62 4.037 [-1.62]
47863000000000.0 426070000000000.0 10310600000.0 2226800000.0 739954.0 2983680000.0 41581700.0 0.0 2794260000.0 229547000.0 0.0 0.0 11403900.0 1296640000.0 233832000.0 3082330.0 45405.7 -1.6 4.036 [-1.6]
47863000000000.0 407708000000000.0 9978810000.0 2062740000.0 636763.0 2863450000.0 36720700.0 0.0 2794790000.0 202312000.0 0.0 0.0 10992100.0 1256760000.0 214577000.0 2733790.0 38976.2 -1.58 4.034 [-1.58]
47863000000000.0 390211000000000.0 9657880000.0 1911070000.0 548338.0 2748470000.0 32443000.0 0.0 2795020000.0 178377000.0 0.0 0.0 10597600.0 1218020000.0 196934000.0 2426090.0 33493.5 -1.56 4.032 [-1.56]
47863000000000.0 373385000000000.0 9344730000.0 1769650000.0 472074.0 2637520000.0 28655900.0 0.0 2794950000.0 157218000.0 0.0 0.0 10216200.0 1180090000.0 180622000.0 2152730.0 28786.2 -1.54 4.03 [-1.54]
47863000000000.0 357496000000000.0 9044900000.0 1640150000.0 407110.0 2532430000.0 25342200.0 0.0 2794620000.0 138728000.0 0.0 0.0 9854410.0 1143650000.0 165830000.0 1912790.0 24793.5 -1.52 4.029 [-1.52]
47863000000000.0 342351000000000.0 8755260000.0 1520470000.0 351361.0 2431950000.0 22423400.0 0.0 2794030000.0 122466000.0 0.0 0.0 9507940.0 1108340000.0 152284000.0 1700710.0 21380.3 -1.5 4.027 [-1.5]
47863000000000.0 327913000000000.0 8475570000.0 1409860000.0 303493.0 2335900000.0 19851300.0 0.0 2793200000.0 108158000.0 0.0 0.0 9176180.0 1074160000.0 139880000.0 1513160.0 18459.7 -1.48 4.025 [-1.48]
47863000000000.0 314205000000000.0 8206710000.0 1308030000.0 262480.0 2244440000.0 17589600.0 0.0 2792150000.0 95597900.0 0.0 0.0 8859860.0 1041230000.0 128567000.0 1347660.0 15964.8 -1.46 4.024 [-1.46]
47863000000000.0 301026000000000.0 7945130000.0 1213150000.0 227018.0 2156290000.0 15584500.0 0.0 2790850000.0 84481100.0 0.0 0.0 8554500.0 1009120000.0 118128000.0 1200350.0 13813.8 -1.44 4.022 [-1.44]
47863000000000.0 288511000000000.0 7693850000.0 1125810000.0 196607.0 2072360000.0 13820300.0 0.0 2789360000.0 74718100.0 0.0 0.0 8263410.0 978230000.0 108607000.0 1070260.0 11973.2 -1.42 4.02 [-1.42]
47863000000000.0 276575000000000.0 7451550000.0 1045090000.0 170428.0 1992130000.0 12263000.0 0.0 2787670000.0 66116800.0 0.0 0.0 7984760.0 948395000.0 99890000.0 954971.0 10391.8 -1.4 4.019 [-1.4]
47863000000000.0 265190000000000.0 7217950000.0 970456000.0 147876.0 1915410000.0 10887800.0 0.0 2785790000.0 58535800.0 0.0 0.0 7718030.0 919598000.0 91907300.0 852749.0 9031.6 -1.38 4.017 [-1.38]
47863000000000.0 254329000000000.0 6992810000.0 901454000.0 128434.0 1842060000.0 9672720.0 0.0 2783740000.0 51851400.0 0.0 0.0 7462710.0 891815000.0 84596300.0 762054.0 7860.27 -1.36 4.016 [-1.36]
47863000000000.0 243967000000000.0 6775860000.0 837648000.0 111660.0 1771910000.0 8598580.0 0.0 2781500000.0 45955200.0 0.0 0.0 7218310.0 865021000.0 77899800.0 681538.0 6850.44 -1.34 4.014 [-1.34]
47863000000000.0 234078000000000.0 6566860000.0 778637000.0 97176.6 1704820000.0 7648540.0 0.0 2779110000.0 40751800.0 0.0 0.0 6984370.0 839194000.0 71765000.0 610014.0 5978.78 -1.32 4.012 [-1.32]
47863000000000.0 224688000000000.0 6366570000.0 724317000.0 84700.2 1640970000.0 6810360.0 0.0 2776580000.0 36171600.0 0.0 0.0 6761570.0 814433000.0 66171000.0 546627.0 5227.82 -1.3 4.011 [-1.3]
47863000000000.0 215678000000000.0 6172670000.0 673796000.0 73869.0 1579570000.0 6065660.0 0.0 2773880000.0 32112300.0 0.0 0.0 6547180.0 790456000.0 61016400.0 490052.0 4575.67 -1.28 4.009 [-1.28]
47863000000000.0 207076000000000.0 5985970000.0 627046000.0 64492.7 1520820000.0 5405930.0 0.0 2771050000.0 28525000.0 0.0 0.0 6341940.0 767367000.0 56291400.0 439695.0 4010.67 -1.26 4.008 [-1.26]
47863000000000.0 198862000000000.0 5806190000.0 583767000.0 56367.5 1464580000.0 4821040.0 0.0 2768080000.0 25353100.0 0.0 0.0 6145430.0 745136000.0 51956900.0 394837.0 3520.46 -1.24 4.006 [-1.24]
47863000000000.0 191018000000000.0 5633140000.0 543703000.0 49321.2 1410770000.0 4302320.0 0.0 2764980000.0 22547400.0 0.0 0.0 5957320.0 723742000.0 47982300.0 354855.0 3094.7 -1.22 4.005 [-1.22]
47863000000000.0 183526000000000.0 5466570000.0 506598000.0 43204.1 1359250000.0 3841950.0 0.0 2761760000.0 20064200.0 0.0 0.0 5777220.0 703154000.0 44335300.0 319190.0 2724.38 -1.2 4.003 [-1.2]
47863000000000.0 176368000000000.0 5306230000.0 472226000.0 37888.5 1309910000.0 3433110.0 0.0 2758430000.0 17865200.0 0.0 0.0 5604760.0 683347000.0 40987500.0 287354.0 2401.85 -1.18 4.002 [-1.18]
47863000000000.0 169528000000000.0 5151910000.0 440376000.0 33265.0 1262660000.0 3069830.0 0.0 2754990000.0 15917000.0 0.0 0.0 5439610.0 664294000.0 37913500.0 258913.0 2120.58 -1.16 4.0 [-1.16]
47863000000000.0 162991000000000.0 5003380000.0 410853000.0 29239.3 1217390000.0 2746800.0 0.0 2751440000.0 14189900.0 0.0 0.0 5281440.0 645970000.0 35089400.0 233487.0 1874.95 -1.14 3.999 [-1.14]
47863000000000.0 156743000000000.0 4860420000.0 383478000.0 25730.5 1174010000.0 2459400.0 0.0 2747800000.0 12658100.0 0.0 0.0 5129940.0 628348000.0 32494100.0 210739.0 1660.16 -1.12 3.997 [-1.12]
47863000000000.0 150769000000000.0 4722820000.0 358086000.0 22669.2 1132440000.0 2203540.0 0.0 2744060000.0 11298600.0 0.0 0.0 4984830.0 611403000.0 30108000.0 190371.0 1472.08 -1.1 3.996 [-1.1]
47863000000000.0 145056000000000.0 4590390000.0 334526000.0 19995.4 1092580000.0 1975600.0 0.0 2740240000.0 10091500.0 0.0 0.0 4845800.0 595111000.0 27913300.0 172120.0 1307.16 -1.08 3.994 [-1.08]
47863000000000.0 139593000000000.0 4462930000.0 312658000.0 17657.7 1054350000.0 1772420.0 0.0 2736330000.0 9018980.0 0.0 0.0 4712600.0 579449000.0 25893900.0 155753.0 1162.37 -1.06 3.993 [-1.06]
47863000000000.0 134366000000000.0 4340230000.0 292352000.0 15611.6 1017690000.0 1591170.0 0.0 2732350000.0 8065540.0 0.0 0.0 4584950.0 564391000.0 24034700.0 141064.0 1035.07 -1.04 3.992 [-1.04]
47863000000000.0 129364000000000.0 4222130000.0 273491000.0 13818.8 982506000.0 1429400.0 0.0 2728300000.0 7217470.0 0.0 0.0 4462620.0 549917000.0 22322400.0 127871.0 922.995 -1.02 3.99 [-1.02]
47863000000000.0 124578000000000.0 4108430000.0 255963000.0 12246.3 948740000.0 1284910.0 0.0 2724180000.0 6462660.0 0.0 0.0 4345360.0 536002000.0 20744500.0 116011.0 824.192 -1.0 3.989 [-1.0]
47863000000000.0 119996000000000.0 3998950000.0 239667000.0 10865.4 916322000.0 1155770.0 0.0 2720000000.0 5790440.0 0.0 0.0 4232940.0 522625000.0 19289600.0 105342.0 736.971 -0.98 3.987 [-0.98]
47863000000000.0 115608000000000.0 3893530000.0 224512000.0 9651.53 885190000.0 1040270.0 0.0 2715760000.0 5191420.0 0.0 0.0 4125150.0 509766000.0 17947500.0 95736.0 659.87 -0.96 3.986 [-0.96]
