Cloudy_runs/h1821/logZ=-1/z=0.170006/component_II_PI_nH/component_II_PI_nH_col_density_param.txt
# %ECSV 1.0
# ---
# datatype:
# - {name: H, datatype: float64}
# - {name: H+, datatype: float64}
# - {name: C+, datatype: float64}
# - {name: C+2, datatype: float64}
# - {name: C+3, datatype: float64}
# - {name: N+, datatype: float64}
# - {name: N+2, datatype: float64}
# - {name: N+4, datatype: float64}
# - {name: O, datatype: float64}
# - {name: O+2, datatype: float64}
# - {name: O+5, datatype: float64}
# - {name: O+6, datatype: float64}
# - {name: P+, datatype: float64}
# - {name: Si+, datatype: float64}
# - {name: Si+2, datatype: float64}
# - {name: Si+3, datatype: float64}
# - {name: Si+4, datatype: float64}
# - {name: log_nH, datatype: float64}
# - {name: log_Te, datatype: float64}
# - {name: parameters, datatype: string, subtype: 'float64[1]'}
# schema: astropy-2.0
H H+ C+ C+2 C+3 N+ N+2 N+4 O O+2 O+5 O+6 P+ Si+ Si+2 Si+3 Si+4 log_nH log_Te parameters
[from data line 63]
47863000000000.0 8.3493e+16 49353700000.0 1271730000000.0 515128000000.0 5353410000.0 266089000000.0 38775500000.0 11651700.0 1139280000000.0 47853400000.0 5714730000.0 90449200.0 1872920000.0 41451300000.0 32754300000.0 128141000000.0 -3.74 4.336 [-3.74]
47863000000000.0 7.93017e+16 49867400000.0 1238270000000.0 481400000000.0 5497360000.0 260966000000.0 34509800000.0 13064800.0 1135930000000.0 41231100000.0 4722720000.0 94283200.0 1963410000.0 42916200000.0 32943100000.0 121031000000.0 -3.72 4.333 [-3.72]
47863000000000.0 7.53322e+16 50337300000.0 1204350000000.0 449314000000.0 5642720000.0 255677000000.0 30678300000.0 14639400.0 1131430000000.0 35486800000.0 3898700000.0 98005000.0 2052460000.0 44296500000.0 33036000000.0 113962000000.0 -3.7 4.33 [-3.7]
47863000000000.0 7.15562e+16 50763800000.0 1169930000000.0 418731000000.0 5789780000.0 250212000000.0 27228600000.0 16397900.0 1125710000000.0 30491000000.0 3212500000.0 101603000.0 2139920000.0 45580800000.0 33029300000.0 106945000000.0 -3.68 4.326 [-3.68]
47863000000000.0 6.79696e+16 51148300000.0 1135210000000.0 389683000000.0 5938600000.0 244597000000.0 24132200000.0 18357900.0 1118790000000.0 26158600000.0 2642750000.0 105057000.0 2225180000.0 46757800000.0 32923300000.0 100032000000.0 -3.66 4.323 [-3.66]
47863000000000.0 6.45578e+16 51491400000.0 1100250000000.0 362113000000.0 6089330000.0 238840000000.0 21353900000.0 20543300.0 1110640000000.0 22402200000.0 2169860000.0 108351000.0 2307900000.0 47817100000.0 32717700000.0 93248800000.0 -3.64 4.32 [-3.64]
47863000000000.0 6.13271e+16 51795400000.0 1065350000000.0 336107000000.0 6241920000.0 232991000000.0 18875300000.0 22969600.0 1101360000000.0 19163100000.0 1779490000.0 111465000.0 2387290000.0 48751000000.0 32417800000.0 86658400000.0 -3.62 4.316 [-3.62]
47863000000000.0 5.82537e+16 52060600000.0 1030460000000.0 311519000000.0 6396680000.0 227035000000.0 16658300000.0 25669300.0 1090860000000.0 16362400000.0 1456440000.0 114391000.0 2463330000.0 49551000000.0 32023300000.0 80264400000.0 -3.6 4.313 [-3.6]
47863000000000.0 5.53343e+16 52288800000.0 995718000000.0 288347000000.0 6553670000.0 221000000000.0 14681400000.0 28667000.0 1079180000000.0 13948200000.0 1189920000.0 117118000.0 2535570000.0 50211800000.0 31539400000.0 74102600000.0 -3.58 4.309 [-3.58]
47863000000000.0 5.25565e+16 52480800000.0 961171000000.0 266517000000.0 6713090000.0 214889000000.0 12918700000.0 31996400.0 1066310000000.0 11867300000.0 970124000.0 119636000.0 2603870000.0 50728400000.0 30969500000.0 68187600000.0 -3.56 4.306 [-3.56]
47863000000000.0 4.99275e+16 52639900000.0 927103000000.0 246085000000.0 6874960000.0 208758000000.0 11356900000.0 35676500.0 1052390000000.0 10084700000.0 789966000.0 121937000.0 2667640000.0 51102400000.0 30325000000.0 62564000000.0 -3.54 4.303 [-3.54]
47863000000000.0 4.74214e+16 52765800000.0 893325000000.0 226869000000.0 7039230000.0 202571000000.0 9966410000.0 39759600.0 1037270000000.0 8550700000.0 641663000.0 124021000.0 2727260000.0 51328300000.0 29605000000.0 57212900000.0 -3.52 4.299 [-3.52]
47863000000000.0 4.50457e+16 52861600000.0 860111000000.0 208916000000.0 7205820000.0 196382000000.0 8736490000.0 44267800.0 1021120000000.0 7239150000.0 520385000.0 125882000.0 2782270000.0 51412000000.0 28822600000.0 52169200000.0 -3.5 4.296 [-3.5]
47863000000000.0 4.27893e+16 52927900000.0 827451000000.0 192143000000.0 7375280000.0 190193000000.0 7648370000.0 49245500.0 1003920000000.0 6117790000.0 421219000.0 127520000.0 2832760000.0 51354700000.0 27983500000.0 47430600000.0 -3.48 4.292 [-3.48]
47863000000000.0 4.06461e+16 52966400000.0 795401000000.0 176495000000.0 7547740000.0 184016000000.0 6687180000.0 54734800.0 985727000000.0 5160720000.0 340287000.0 128934000.0 2878800000.0 51161000000.0 27095900000.0 42999400000.0 -3.46 4.289 [-3.46]
47863000000000.0 3.86105e+16 52978300000.0 764006000000.0 161920000000.0 7723360000.0 177866000000.0 5839390000.0 60780400.0 966572000000.0 4345310000.0 274364000.0 130128000.0 2920470000.0 50836700000.0 26167700000.0 38874400000.0 -3.44 4.285 [-3.44]
47863000000000.0 3.66772e+16 52965000000.0 733309000000.0 148365000000.0 7902270000.0 171754000000.0 5092740000.0 67430300.0 946509000000.0 3651860000.0 220771000.0 131104000.0 2957930000.0 50389000000.0 25206900000.0 35051100000.0 -3.42 4.282 [-3.42]
47863000000000.0 3.48411e+16 52927900000.0 703341000000.0 135776000000.0 8084620000.0 165692000000.0 4436120000.0 74735000.0 925591000000.0 3063220000.0 177290000.0 131867000.0 2991370000.0 49825600000.0 24221400000.0 31522300000.0 -3.4 4.278 [-3.4]
47863000000000.0 3.30972e+16 52868200000.0 674131000000.0 124103000000.0 8270520000.0 159692000000.0 3859510000.0 82748200.0 903876000000.0 2564500000.0 142084000.0 132422000.0 3021020000.0 49155300000.0 23218700000.0 28278400000.0 -3.38 4.275 [-3.38]
47863000000000.0 3.14409e+16 52787000000.0 645700000000.0 113293000000.0 8460100000.0 153762000000.0 3353890000.0 91526400.0 881425000000.0 2142760000.0 113636000.0 132776000.0 3047140000.0 48387300000.0 22205900000.0 25307900000.0 -3.36 4.271 [-3.36]
47863000000000.0 2.9868e+16 52685200000.0 618065000000.0 103297000000.0 8653430000.0 147912000000.0 2911130000.0 101129000.0 858303000000.0 1786830000.0 90697100.0 132935000.0 3070000000.0 47531100000.0 21189800000.0 22597800000.0 -3.34 4.268 [-3.34]
47863000000000.0 2.83742e+16 52564100000.0 591239000000.0 94067200000.0 8850610000.0 142151000000.0 2523970000.0 111618000.0 834579000000.0 1487030000.0 72239600.0 132906000.0 3089910000.0 46596500000.0 20176400000.0 20133900000.0 -3.32 4.265 [-3.32]
47863000000000.0 2.69586e+16 52425200000.0 565289000000.0 85572400000.0 9051680000.0 136499000000.0 2186470000.0 123041000.0 810388000000.0 1235450000.0 57443600.0 132701000.0 3107040000.0 45596700000.0 19173900000.0 17905100000.0 -3.3 4.261 [-3.3]
47863000000000.0 2.56112e+16 52267700000.0 540096000000.0 77733500000.0 9256670000.0 130937000000.0 1891520000.0 135499000.0 785670000000.0 1023980000.0 45564400.0 132322000.0 3121940000.0 44534100000.0 18182400000.0 15888400000.0 -3.28 4.258 [-3.28]
47863000000000.0 2.43286e+16 52092000000.0 515664000000.0 70510500000.0 9465570000.0 125470000000.0 1634140000.0 149067000.0 760497000000.0 846640000.0 36050700.0 131777000.0 3134890000.0 43417500000.0 17206300000.0 14069100000.0 -3.26 4.254 [-3.26]
47863000000000.0 2.31134e+16 51900600000.0 492108000000.0 63891400000.0 9678330000.0 120129000000.0 1410710000.0 163778000.0 735076000000.0 698795000.0 28476500.0 131079000.0 3145950000.0 42263200000.0 16254200000.0 12438500000.0 -3.24 4.251 [-3.24]
47863000000000.0 2.19594e+16 51693200000.0 469363000000.0 57821100000.0 9894860000.0 114908000000.0 1216580000.0 179724000.0 709416000000.0 575551000.0 22447000.0 130234000.0 3155520000.0 41076100000.0 15327000000.0 10978200000.0 -3.22 4.247 [-3.22]
47863000000000.0 2.0866e+16 51471300000.0 447476000000.0 52272900000.0 10115100000.0 109820000000.0 1048440000.0 196955000.0 683660000000.0 473214000.0 17665900.0 129256000.0 3163730000.0 39867600000.0 14429600000.0 9675960000.0 -3.2 4.244 [-3.2]
47863000000000.0 1.98253e+16 51233800000.0 426330000000.0 47187700000.0 10338800000.0 104847000000.0 902385000.0 215597000.0 657747000000.0 388099000.0 13868500.0 128145000.0 3171070000.0 38637800000.0 13559700000.0 8513340000.0 -3.18 4.24 [-3.18]
47863000000000.0 1.88345e+16 50980400000.0 405915000000.0 42533800000.0 10565700000.0 99988800000.0 775693000.0 235735000.0 631748000000.0 317483000.0 10860000.0 126908000.0 3177740000.0 37393000000.0 12719200000.0 7477830000.0 -3.16 4.237 [-3.16]
47863000000000.0 1.78982e+16 50714600000.0 386369000000.0 38307300000.0 10795700000.0 95284300000.0 666570000.0 257353000.0 605935000000.0 259350000.0 8494910.0 125567000.0 3183610000.0 36150500000.0 11915600000.0 6562380000.0 -3.14 4.233 [-3.14]
47863000000000.0 1.7007e+16 50433900000.0 367530000000.0 34449500000.0 11028300000.0 90700300000.0 572099000.0 280618000.0 580178000000.0 211321000.0 6628610.0 124117000.0 3189180000.0 34905000000.0 11143600000.0 5750260000.0 -3.12 4.23 [-3.12]
47863000000000.0 1.61584e+16 50137900000.0 349382000000.0 30933400000.0 11262800000.0 86237400000.0 490411000.0 305616000.0 554540000000.0 171735000.0 5159460.0 122564000.0 3194620000.0 33660700000.0 10404100000.0 5031180000.0 -3.1 4.226 [-3.1]
47863000000000.0 1.53547e+16 49829100000.0 332004000000.0 27747100000.0 11499200000.0 81918800000.0 420142000.0 332340000.0 529217000000.0 139311000.0 4009990.0 120926000.0 3199820000.0 32429700000.0 9700900000.0 4397990000.0 -3.08 4.223 [-3.08]
47863000000000.0 1.45914e+16 49506700000.0 315331000000.0 24857400000.0 11736500000.0 77733500000.0 359622000.0 360895000.0 504205000000.0 112757000.0 3110570.0 119205000.0 3205000000.0 31212000000.0 9032120000.0 3840250000.0 -3.06 4.219 [-3.06]
47863000000000.0 1.38666e+16 49170500000.0 299344000000.0 22240200000.0 11974300000.0 73681200000.0 307548000.0 391345000.0 479558000000.0 91058700.0 2408280.0 117409000.0 3210250000.0 30010900000.0 8397490000.0 3349740000.0 -3.04 4.216 [-3.04]
47863000000000.0 1.31782e+16 48820900000.0 284027000000.0 19873300000.0 12211700000.0 69761700000.0 262784000.0 423746000.0 455331000000.0 73369700.0 1861040.0 115545000.0 3215630000.0 28829200000.0 7796520000.0 2918970000.0 -3.02 4.213 [-3.02]
47863000000000.0 1.25245e+16 48457800000.0 269359000000.0 17735800000.0 12447800000.0 65974100000.0 224338000.0 458146000.0 431573000000.0 58982300.0 1435490.0 113619000.0 3221180000.0 27669300000.0 7228580000.0 2541190000.0 -3.0 4.209 [-3.0]
47863000000000.0 1.19052e+16 48082500000.0 255359000000.0 15812000000.0 12682000000.0 62326500000.0 191412000.0 494530000.0 408386000000.0 47327600.0 1105800.0 111643000.0 3226810000.0 26536400000.0 6694180000.0 2210890000.0 -2.98 4.206 [-2.98]
47863000000000.0 1.13156e+16 47692700000.0 241933000000.0 14075600000.0 12912700000.0 58799700000.0 163119000.0 533036000.0 385698000000.0 37872100.0 849878.0 109613000.0 3232740000.0 25425600000.0 6189750000.0 1921360000.0 -2.96 4.203 [-2.96]
47863000000000.0 1.07557e+16 47289700000.0 229103000000.0 12514400000.0 13139100000.0 55402200000.0 138886000.0 573625000.0 363609000000.0 30236200.0 652072.0 107541000.0 3238830000.0 24341800000.0 5715740000.0 1668390000.0 -2.94 4.199 [-2.94]
47863000000000.0 1.02238e+16 46873200000.0 216843000000.0 11112100000.0 13359900000.0 52131200000.0 118142000.0 616309000.0 342143000000.0 24082300.0 499424.0 105430000.0 3245100000.0 23285300000.0 5270940000.0 1447540000.0 -2.92 4.196 [-2.92]
47863000000000.0 9718700000000000.0 46443800000.0 205142000000.0 9854920000.0 13573800000.0 48986800000.0 100404000.0 661067000.0 321343000000.0 19136400.0 381890.0 103288000.0 3251440000.0 22257700000.0 4854400000.0 1254990000.0 -2.9 4.193 [-2.9]
47863000000000.0 9239010000000000.0 46001400000.0 193976000000.0 8729160000.0 13779400000.0 45967000000.0 85248600.0 707875000.0 301230000000.0 15170200.0 291545.0 101120000.0 3257830000.0 21259200000.0 4464900000.0 1087250000.0 -2.88 4.189 [-2.88]
47863000000000.0 8783440000000000.0 45546000000.0 183330000000.0 7722610000.0 13975300000.0 43070200000.0 72310500.0 756684000.0 281830000000.0 11997600.0 222228.0 98930000.0 3264170000.0 20290200000.0 4101320000.0 941260000.0 -2.86 4.186 [-2.86]
47863000000000.0 8350750000000000.0 45077800000.0 173183000000.0 6823850000.0 14160000000.0 40294800000.0 61274100.0 807432000.0 263161000000.0 9465810.0 169135.0 96723700.0 3270400000.0 19351000000.0 3762440000.0 814313000.0 -2.84 4.183 [-2.84]
47863000000000.0 7939780000000000.0 44596900000.0 163518000000.0 6022480000.0 14332000000.0 37639300000.0 51868600.0 860034000.0 245240000000.0 7450460.0 128540.0 94505500.0 3276410000.0 18441600000.0 3447090000.0 704017000.0 -2.82 4.18 [-2.82]
47863000000000.0 7548470000000000.0 44102200000.0 154293000000.0 5307510000.0 14489100000.0 35096200000.0 43845300.0 914465000.0 228041000000.0 5847560.0 97501.5 92273900.0 3282170000.0 17559600000.0 3153400000.0 608097000.0 -2.8 4.177 [-2.8]
47863000000000.0 7178710000000000.0 43598000000.0 145563000000.0 4674480000.0 14631500000.0 32681000000.0 37046800.0 970362000.0 211687000000.0 4582560.0 73936.4 90050900.0 3287350000.0 16712000000.0 2882280000.0 525200000.0 -2.78 4.173 [-2.78]
47863000000000.0 6826570000000000.0 43080500000.0 137239000000.0 4111090000.0 14756000000.0 30374800000.0 31256300.0 1027820000.0 196069000000.0 3581030.0 0.0 87822500.0 3292050000.0 15891400000.0 2630510000.0 453197000.0 -2.76 4.17 [-2.76]
47863000000000.0 6492060000000000.0 42551100000.0 129328000000.0 3611490000.0 14861800000.0 28181500000.0 26339700.0 1086600000.0 181227000000.0 2791690.0 0.0 85598300.0 3296090000.0 15099800000.0 2397660000.0 390826000.0 -2.74 4.167 [-2.74]
47863000000000.0 6174310000000000.0 42010200000.0 121813000000.0 3169050000.0 14947400000.0 26099200000.0 22169300.0 1146530000.0 167159000000.0 2171140.0 0.0 83381900.0 3299330000.0 14336900000.0 2182640000.0 336833000.0 -2.72 4.164 [-2.72]
47863000000000.0 5872460000000000.0 41458000000.0 114678000000.0 2777730000.0 15011600000.0 24126000000.0 18635700.0 1207400000.0 153861000000.0 1684530.0 0.0 81176400.0 3301660000.0 13602200000.0 1984370000.0 290127000.0 -2.7 4.161 [-2.7]
47863000000000.0 5585700000000000.0 40895100000.0 107909000000.0 2432090000.0 15053200000.0 22259700000.0 15644900.0 1269020000.0 141325000000.0 1303910.0 0.0 78985200.0 3302950000.0 12895200000.0 1801840000.0 249749000.0 -2.68 4.158 [-2.68]
47863000000000.0 5313270000000000.0 40321600000.0 101490000000.0 2127180000.0 15071500000.0 20498400000.0 13116600.0 1331150000.0 129538000000.0 1006950.0 0.0 76811300.0 3303060000.0 12215500000.0 1634040000.0 214865000.0 -2.66 4.155 [-2.66]
47863000000000.0 5053760000000000.0 39736400000.0 95388800000.0 1857990000.0 15064600000.0 18835900000.0 10978000.0 1393680000.0 118463000000.0 775459.0 0.0 74651100.0 3301920000.0 11560700000.0 1479650000.0 184690000.0 -2.64 4.152 [-2.64]
47863000000000.0 4807870000000000.0 39143300000.0 89625600000.0 1621660000.0 15033700000.0 17277300000.0 9178320.0 1456190000.0 108131000000.0 596118.0 0.0 72519400.0 3299330000.0 10934000000.0 1338520000.0 158708000.0 -2.62 4.149 [-2.62]
47863000000000.0 4574240000000000.0 38541000000.0 84169300000.0 1413960000.0 14977800000.0 15816200000.0 7662780.0 1518530000.0 98497100000.0 457241.0 0.0 70412500.0 3295210000.0 10332900000.0 1209350000.0 136302000.0 -2.6 4.147 [-2.6]
47863000000000.0 4352860000000000.0 37931800000.0 79020500000.0 1232010000.0 14897700000.0 14452700000.0 6390580.0 1580390000.0 89559000000.0 350134.0 0.0 68338700.0 3289420000.0 9758620000.0 1091610000.0 117028000.0 -2.58 4.144 [-2.58]
47863000000000.0 4141320000000000.0 37311000000.0 74123800000.0 1071770000.0 14790500000.0 13174900000.0 5317900.0 1641810000.0 81235000000.0 267286.0 0.0 66282300.0 3281930000.0 9205450000.0 983639000.0 100361000.0 -2.56 4.141 [-2.56]
47863000000000.0 3940870000000000.0 36684500000.0 69508800000.0 931775000.0 14659800000.0 11988600000.0 4420370.0 1702310000.0 73555800000.0 203725.0 0.0 64262800.0 3272580000.0 8677870000.0 885525000.0 86044500.0 -2.54 4.138 [-2.54]
47863000000000.0 3750380000000000.0 36051000000.0 65149400000.0 809309000.0 14505100000.0 10887600000.0 3668910.0 1761780000.0 66474700000.0 154973.0 0.0 62276000.0 3261310000.0 8173610000.0 796266000.0 73728600.0 -2.52 4.135 [-2.52]
47863000000000.0 3569870000000000.0 35413200000.0 61045300000.0 702530000.0 14328500000.0 9870620000.0 3041880.0 1819930000.0 59977000000.0 117726.0 0.0 60329300.0 3248050000.0 7693510000.0 715381000.0 63160900.0 -2.5 4.133 [-2.5]
47863000000000.0 3397800000000000.0 34767700000.0 57161100000.0 609101000.0 14128700000.0 8929380000.0 2517360.0 1876780000.0 54003600000.0 89220.9 0.0 58412400.0 3232720000.0 7234030000.0 641810000.0 54059700.0 -2.48 4.13 [-2.48]
