Cloudy_runs/h1821/logZ=-1/z=0.170006/component_II_PI_nH/component_II_PI_nH_col_density_param.txt
# %ECSV 1.0
# ---
# datatype:
# - {name: H, datatype: float64}
# - {name: H+, datatype: float64}
# - {name: C+, datatype: float64}
# - {name: C+2, datatype: float64}
# - {name: C+3, datatype: float64}
# - {name: N+, datatype: float64}
# - {name: N+2, datatype: float64}
# - {name: N+4, datatype: float64}
# - {name: O, datatype: float64}
# - {name: O+2, datatype: float64}
# - {name: O+5, datatype: float64}
# - {name: O+6, datatype: float64}
# - {name: P+, datatype: float64}
# - {name: Si+, datatype: float64}
# - {name: Si+2, datatype: float64}
# - {name: Si+3, datatype: float64}
# - {name: Si+4, datatype: float64}
# - {name: log_nH, datatype: float64}
# - {name: log_Te, datatype: float64}
# - {name: parameters, datatype: string, subtype: 'float64[1]'}
# schema: astropy-2.0
H H+ C+ C+2 C+3 N+ N+2 N+4 O O+2 O+5 O+6 P+ Si+ Si+2 Si+3 Si+4 log_nH log_Te parameters
47863000000000.0 2.31805e+18 2151610000.0 380534000000.0 1733050000000.0 153252000.0 57877500000.0 1854870000000.0 9768.43 148040000000.0 25492000000000.0 51067200000000.0 69665.1 1051480.0 59283600.0 334226000.0 46156400000.0 -5.0 4.577 [-5.0]
47863000000000.0 2.19317e+18 2344190000.0 403824000000.0 1768900000000.0 167946000.0 61915700000.0 1843500000000.0 10939.1 159154000000.0 24476000000000.0 46603800000000.0 82669.2 1259800.0 69360600.0 378088000.0 49427300000.0 -4.98 4.572 [-4.98]
47863000000000.0 2.07546e+18 2551110000.0 427984000000.0 1803270000000.0 183931000.0 66173700000.0 1829520000000.0 12251.1 170918000000.0 23451300000000.0 42453600000000.0 97926.0 1506280.0 81012200.0 427000000.0 52850900000.0 -4.96 4.567 [-4.96]
47863000000000.0 1.96446e+18 2773220000.0 453014000000.0 1836080000000.0 201301000.0 70656100000.0 1812960000000.0 13720.7 183341000000.0 22421900000000.0 38602100000000.0 115794.0 1797340.0 94461900.0 481454000.0 56427700000.0 -4.94 4.562 [-4.94]
47863000000000.0 1.85975e+18 3011430000.0 478915000000.0 1867250000000.0 220157000.0 75367400000.0 1793860000000.0 15366.3 196435000000.0 21392000000000.0 35034900000000.0 136686.0 2140350.0 109961000.0 541974000.0 60157200000.0 -4.92 4.558 [-4.92]
47863000000000.0 1.76093e+18 3266560000.0 505675000000.0 1896730000000.0 240591000.0 80308700000.0 1772260000000.0 17207.2 210201000000.0 20365700000000.0 31737600000000.0 161068.0 2543780.0 127794000.0 609135000.0 64038800000.0 -4.9 4.553 [-4.9]
47863000000000.0 1.66763e+18 3539590000.0 533286000000.0 1924440000000.0 262710000.0 85482200000.0 1748200000000.0 19266.5 224645000000.0 19346700000000.0 28696300000000.0 189477.0 3017310.0 148277000.0 683532000.0 68070400000.0 -4.88 4.548 [-4.88]
47863000000000.0 1.57952e+18 3831390000.0 561737000000.0 1950330000000.0 286608000.0 90886900000.0 1721750000000.0 21567.2 239760000000.0 18339000000000.0 25896700000000.0 222511.0 3572010.0 171766000.0 765828000.0 72249800000.0 -4.86 4.544 [-4.86]
47863000000000.0 1.4963e+18 4143150000.0 591021000000.0 1974330000000.0 312416000.0 96524600000.0 1692990000000.0 24139.7 255552000000.0 17346100000000.0 23325800000000.0 260876.0 4220550.0 198657000.0 856685000.0 76572800000.0 -4.84 4.539 [-4.84]
47863000000000.0 1.41769e+18 4475890000.0 621115000000.0 1996390000000.0 340240000.0 102392000000.0 1661990000000.0 27014.9 272015000000.0 16371300000000.0 20969900000000.0 305354.0 4977280.0 229392000.0 956826000.0 81034900000.0 -4.82 4.535 [-4.82]
47863000000000.0 1.34336e+18 4830260000.0 651986000000.0 2016450000000.0 370152000.0 108480000000.0 1628830000000.0 30221.8 289119000000.0 15417600000000.0 18815300000000.0 356798.0 5858420.0 264464000.0 1067060000.0 85631500000.0 -4.8 4.531 [-4.8]
47863000000000.0 1.27307e+18 5207290000.0 683604000000.0 2034460000000.0 402254000.0 114780000000.0 1593630000000.0 33797.4 306850000000.0 14488000000000.0 16849200000000.0 416195.0 6882370.0 304420000.0 1188210000.0 90356400000.0 -4.78 4.526 [-4.78]
47863000000000.0 1.20658e+18 5607900000.0 715934000000.0 2050380000000.0 436640000.0 121285000000.0 1556500000000.0 37781.8 325187000000.0 13584900000000.0 15059100000000.0 484644.0 8069830.0 349863000.0 1321140000.0 95201900000.0 -4.76 4.522 [-4.76]
47863000000000.0 1.14367e+18 6032980000.0 748936000000.0 2064150000000.0 473397000.0 127981000000.0 1517550000000.0 42219.7 344104000000.0 12710500000000.0 13433000000000.0 563375.0 9444150.0 401463000.0 1466760000.0 100160000000.0 -4.74 4.518 [-4.74]
47863000000000.0 1.08413e+18 6483380000.0 782558000000.0 2075740000000.0 512604000.0 134855000000.0 1476930000000.0 47159.8 363572000000.0 11866900000000.0 11959300000000.0 653753.0 11031400.0 459953000.0 1626040000.0 105221000000.0 -4.72 4.514 [-4.72]
47863000000000.0 1.02777e+18 6959960000.0 816750000000.0 2085100000000.0 554338000.0 141890000000.0 1434780000000.0 52657.3 383559000000.0 11055600000000.0 10626600000000.0 757303.0 12860700.0 526143000.0 1799970000.0 110373000000.0 -4.7 4.51 [-4.7]
47863000000000.0 9.74412e+17 7463480000.0 851450000000.0 2092190000000.0 598666000.0 149069000000.0 1391250000000.0 58773.1 404030000000.0 10277900000000.0 9424280000000.0 875712.0 14964800.0 600919000.0 1989600000.0 115606000000.0 -4.68 4.506 [-4.68]
47863000000000.0 9.23881e+17 7994690000.0 886594000000.0 2096980000000.0 645645000.0 156372000000.0 1346520000000.0 65575.3 424949000000.0 9534800000000.0 8342020000000.0 1010850.0 17379600.0 685253000.0 2196010000.0 120906000000.0 -4.66 4.502 [-4.66]
47863000000000.0 8.76013e+17 8554090000.0 922103000000.0 2099430000000.0 695311000.0 163775000000.0 1300730000000.0 73137.6 446271000000.0 8826990000000.0 7369980000000.0 1164740.0 20145300.0 780200000.0 2420330000.0 126258000000.0 -4.64 4.498 [-4.64]
47863000000000.0 8.30659e+17 9141990000.0 957888000000.0 2099520000000.0 747674000.0 171251000000.0 1254090000000.0 81541.4 467950000000.0 8154870000000.0 6498890000000.0 1339600.0 23305800.0 886907000.0 2663750000.0 131649000000.0 -4.62 4.494 [-4.62]
47863000000000.0 7.87696e+17 9759440000.0 993877000000.0 2097220000000.0 802819000.0 178781000000.0 1206750000000.0 90890.5 489959000000.0 7518570000000.0 5720150000000.0 1538000.0 26910200.0 1006630000.0 2927350000.0 137059000000.0 -4.6 4.49 [-4.6]
47863000000000.0 7.46984e+17 10406500000.0 1029970000000.0 2092510000000.0 860733000.0 186336000000.0 1158920000000.0 101287.0 512243000000.0 6917950000000.0 5025460000000.0 1762600.0 31011900.0 1140700000.0 3212390000.0 142473000000.0 -4.58 4.486 [-4.58]
47863000000000.0 7.08403e+17 11083600000.0 1066070000000.0 2085380000000.0 921426000.0 193888000000.0 1110780000000.0 112853.0 534761000000.0 6352660000000.0 4407130000000.0 2016360.0 35669300.0 1290590000.0 3520050000.0 147870000000.0 -4.56 4.482 [-4.56]
47863000000000.0 6.71837e+17 11791200000.0 1102080000000.0 2075810000000.0 984942000.0 201414000000.0 1062510000000.0 125731.0 557478000000.0 5822000000000.0 3857880000000.0 2302630.0 40948100.0 1457890000.0 3851570000.0 153233000000.0 -4.54 4.478 [-4.54]
47863000000000.0 6.37191e+17 12528600000.0 1137860000000.0 2063800000000.0 1051180000.0 208876000000.0 1014310000000.0 140058.0 580319000000.0 5325580000000.0 3371320000000.0 2624520.0 46912800.0 1644160000.0 4208020000.0 158537000000.0 -4.52 4.474 [-4.52]
47863000000000.0 6.04346e+17 13296300000.0 1173320000000.0 2049360000000.0 1120180000.0 216251000000.0 966335000000.0 156019.0 603260000000.0 4862110000000.0 2940930000000.0 2986070.0 53643200.0 1851290000.0 4590760000.0 163764000000.0 -4.5 4.47 [-4.5]
47863000000000.0 5.73212e+17 14094000000.0 1208310000000.0 2032490000000.0 1191900000.0 223509000000.0 918774000000.0 173808.0 626250000000.0 4430660000000.0 2561110000000.0 3391290.0 61218900.0 2081150000.0 5000870000.0 168889000000.0 -4.48 4.466 [-4.48]
47863000000000.0 5.437e+17 14921200000.0 1242730000000.0 2013200000000.0 1266310000.0 230622000000.0 871789000000.0 193647.0 649244000000.0 4030040000000.0 2226600000000.0 3844550.0 69727600.0 2335750000.0 5439450000.0 173890000000.0 -4.46 4.463 [-4.46]
47863000000000.0 5.15724e+17 15777600000.0 1276430000000.0 1991530000000.0 1343370000.0 237562000000.0 825537000000.0 215785.0 672193000000.0 3658990000000.0 1932590000000.0 4350520.0 79262500.0 2617200000.0 5907550000.0 178744000000.0 -4.44 4.459 [-4.44]
47863000000000.0 4.89203e+17 16662200000.0 1309270000000.0 1967500000000.0 1423020000.0 244299000000.0 780164000000.0 240506.0 695053000000.0 3316160000000.0 1674690000000.0 4914160.0 89923900.0 2927740000.0 6406180000.0 183425000000.0 -4.42 4.455 [-4.42]
47863000000000.0 4.6406e+17 17574600000.0 1341130000000.0 1941150000000.0 1505240000.0 250812000000.0 735804000000.0 268133.0 717779000000.0 3000170000000.0 1448890000000.0 5540840.0 101819000.0 3269700000.0 6936200000.0 187909000000.0 -4.4 4.451 [-4.4]
47863000000000.0 4.4023e+17 18515100000.0 1371900000000.0 1912530000000.0 1590090000.0 257082000000.0 692572000000.0 299056.0 740345000000.0 2709560000000.0 1251590000000.0 6236820.0 115066000.0 3645590000.0 7498220000.0 192173000000.0 -4.38 4.447 [-4.38]
47863000000000.0 4.17638e+17 19478700000.0 1401330000000.0 1881730000000.0 1677190000.0 263065000000.0 650605000000.0 333615.0 762658000000.0 2443050000000.0 1079540000000.0 7006310.0 129765000.0 4057590000.0 8093060000.0 196189000000.0 -4.36 4.444 [-4.36]
47863000000000.0 3.96222e+17 20469100000.0 1429430000000.0 1848770000000.0 1766910000.0 268766000000.0 609959000000.0 372370.0 784734000000.0 2198980000000.0 929713000000.0 7857820.0 146068000.0 4508730000.0 8721000000.0 199936000000.0 -4.34 4.44 [-4.34]
47863000000000.0 3.75925e+17 21480600000.0 1455950000000.0 1813780000000.0 1858850000.0 274144000000.0 570752000000.0 415765.0 806482000000.0 1976160000000.0 799557000000.0 8795810.0 164078000.0 5001160000.0 9382300000.0 203388000000.0 -4.32 4.436 [-4.32]
47863000000000.0 3.56681e+17 22513400000.0 1480800000000.0 1776820000000.0 1953120000.0 279191000000.0 533026000000.0 464437.0 827883000000.0 1773030000000.0 686619000000.0 9827960.0 183947000.0 5537830000.0 10077200000.0 206524000000.0 -4.3 4.432 [-4.3]
47863000000000.0 3.38437e+17 23565600000.0 1503840000000.0 1738000000000.0 2049670000.0 283889000000.0 496835000000.0 519058.0 848895000000.0 1588250000000.0 588797000000.0 10961200.0 205814000.0 6121390000.0 10805400000.0 209319000000.0 -4.28 4.429 [-4.28]
47863000000000.0 3.21142e+17 24635100000.0 1524960000000.0 1697440000000.0 2148430000.0 288223000000.0 462222000000.0 580386.0 869475000000.0 1420520000000.0 504214000000.0 12202500.0 229820000.0 6754430000.0 11566600000.0 211754000000.0 -4.26 4.425 [-4.26]
47863000000000.0 3.0474e+17 25720300000.0 1544060000000.0 1655220000000.0 2249430000.0 292186000000.0 429198000000.0 649314.0 889592000000.0 1268490000000.0 431167000000.0 13559800.0 256126000.0 7439850000.0 12360100000.0 213808000000.0 -4.24 4.421 [-4.24]
47863000000000.0 2.89201e+17 26816300000.0 1560960000000.0 1611550000000.0 2352380000.0 295754000000.0 397820000000.0 726697.0 909175000000.0 1131140000000.0 368258000000.0 15037500.0 284833000.0 8179260000.0 13184300000.0 215461000000.0 -4.22 4.418 [-4.22]
47863000000000.0 2.74458e+17 27924000000.0 1575640000000.0 1566480000000.0 2457560000.0 298933000000.0 368033000000.0 813785.0 928229000000.0 1007070000000.0 314072000000.0 16646100.0 316155000.0 8976250000.0 14038800000.0 216697000000.0 -4.2 4.414 [-4.2]
47863000000000.0 2.60486e+17 29038200000.0 1587980000000.0 1520230000000.0 2564700000.0 301707000000.0 339872000000.0 911679.0 946685000000.0 895347000000.0 267532000000.0 18389500.0 350184000.0 9832050000.0 14921000000.0 217500000000.0 -4.18 4.411 [-4.18]
47863000000000.0 2.47243e+17 30155100000.0 1597870000000.0 1472950000000.0 2673670000.0 304071000000.0 313316000000.0 1021730.0 964502000000.0 794927000000.0 227613000000.0 20272700.0 387047000.0 10748400000.0 15829000000.0 217858000000.0 -4.16 4.407 [-4.16]
47863000000000.0 2.34684e+17 31275500000.0 1605340000000.0 1424760000000.0 2784770000.0 306029000000.0 288315000000.0 1145630.0 981677000000.0 704736000000.0 193396000000.0 22305500.0 426940000.0 11728000000.0 16760400000.0 217760000000.0 -4.14 4.404 [-4.14]
47863000000000.0 2.22773e+17 32393200000.0 1610250000000.0 1375840000000.0 2897670000.0 307572000000.0 264844000000.0 1285040.0 998149000000.0 623907000000.0 164116000000.0 24489600.0 469948000.0 12771500000.0 17712300000.0 217196000000.0 -4.12 4.4 [-4.12]
47863000000000.0 2.11483e+17 33508300000.0 1612660000000.0 1326370000000.0 3012610000.0 308708000000.0 242867000000.0 1441970.0 1013910000000.0 551596000000.0 139102000000.0 26832100.0 516213000.0 13880100000.0 18680700000.0 216161000000.0 -4.1 4.397 [-4.1]
47863000000000.0 2.00765e+17 34614200000.0 1612450000000.0 1276470000000.0 3129300000.0 309428000000.0 222319000000.0 1618660.0 1028900000000.0 486957000000.0 117741000000.0 29333700.0 565837000.0 15054200000.0 19662900000.0 214648000000.0 -4.08 4.393 [-4.08]
47863000000000.0 1.90614e+17 35707600000.0 1609690000000.0 1226440000000.0 3247630000.0 309740000000.0 203192000000.0 1817290.0 1043080000000.0 429386000000.0 99559100000.0 31992900.0 618806000.0 16292100000.0 20653100000.0 212664000000.0 -4.06 4.39 [-4.06]
47863000000000.0 1.8098e+17 36787300000.0 1604370000000.0 1176320000000.0 3367790000.0 309649000000.0 185390000000.0 2040930.0 1056440000000.0 378087000000.0 84074400000.0 34814600.0 675291000.0 17594700000.0 21647500000.0 210205000000.0 -4.04 4.386 [-4.04]
47863000000000.0 1.71835e+17 37850200000.0 1596520000000.0 1126280000000.0 3489740000.0 309158000000.0 168857000000.0 2292740.0 1068960000000.0 332445000000.0 70903100000.0 37797700.0 735336000.0 18960400000.0 22640900000.0 207275000000.0 -4.02 4.383 [-4.02]
47863000000000.0 1.63173e+17 38890500000.0 1586220000000.0 1076610000000.0 3613160000.0 308277000000.0 153571000000.0 2575650.0 1080580000000.0 291985000000.0 59737000000.0 40931700.0 798791000.0 20384500000.0 23626600000.0 203893000000.0 -4.0 4.379 [-4.0]
47863000000000.0 1.54948e+17 39907500000.0 1573480000000.0 1027350000000.0 3738270000.0 307011000000.0 139433000000.0 2894040.0 1091290000000.0 256089000000.0 50261500000.0 44217700.0 865777000.0 21865900000.0 24599400000.0 200061000000.0 -3.98 4.376 [-3.98]
47863000000000.0 1.47144e+17 40897200000.0 1558410000000.0 978671000000.0 3864940000.0 305370000000.0 126395000000.0 3252050.0 1101050000000.0 224313000000.0 42236800000.0 47645500.0 936174000.0 23399400000.0 25552800000.0 195798000000.0 -3.96 4.373 [-3.96]
47863000000000.0 1.39738e+17 41857100000.0 1541100000000.0 930730000000.0 3993140000.0 303364000000.0 114395000000.0 3654470.0 1109840000000.0 196224000000.0 35449100000.0 51205200.0 1009880000.0 24979600000.0 26479700000.0 191123000000.0 -3.94 4.369 [-3.94]
47863000000000.0 1.3271e+17 42784300000.0 1521640000000.0 883656000000.0 4122810000.0 301004000000.0 103372000000.0 4106650.0 1117640000000.0 171428000000.0 29714700000.0 54884400.0 1086730000.0 26600300000.0 27373400000.0 186059000000.0 -3.92 4.366 [-3.92]
47863000000000.0 1.26033e+17 43677400000.0 1500120000000.0 837522000000.0 4254050000.0 298298000000.0 93256400000.0 4614990.0 1124420000000.0 149550000000.0 24872000000.0 58672700.0 1166620000.0 28254800000.0 28226600000.0 180624000000.0 -3.9 4.363 [-3.9]
47863000000000.0 1.19701e+17 44532600000.0 1476730000000.0 792532000000.0 4386600000.0 295267000000.0 84009300000.0 5185310.0 1130150000000.0 130309000000.0 20794700000.0 62546800.0 1249150000.0 29932800000.0 29031800000.0 174860000000.0 -3.88 4.359 [-3.88]
47863000000000.0 1.1369e+17 45349000000.0 1451580000000.0 748738000000.0 4520590000.0 291922000000.0 75563200000.0 5825370.0 1134820000000.0 113393000000.0 17362900000.0 66492100.0 1334110000.0 31625800000.0 29781800000.0 168793000000.0 -3.86 4.356 [-3.86]
47863000000000.0 1.07983e+17 46124600000.0 1424800000000.0 706228000000.0 4655960000.0 288275000000.0 67863200000.0 6543290.0 1138390000000.0 98541600000.0 14477900000.0 70488000.0 1421160000.0 33322900000.0 30469700000.0 162458000000.0 -3.84 4.353 [-3.84]
47863000000000.0 1.02565e+17 46858000000.0 1396530000000.0 665074000000.0 4792690000.0 284343000000.0 60855700000.0 7348130.0 1140860000000.0 85519500000.0 12055700000.0 74513100.0 1509910000.0 35012900000.0 31088600000.0 155892000000.0 -3.82 4.35 [-3.82]
47863000000000.0 9.74197e+16 47547600000.0 1366930000000.0 625341000000.0 4930730000.0 280140000000.0 54490000000.0 8249870.0 1142190000000.0 74116900000.0 10024600000.0 78543900.0 1599920000.0 36683400000.0 31632200000.0 149135000000.0 -3.8 4.346 [-3.8]
47863000000000.0 9.25339e+16 48194000000.0 1336150000000.0 587075000000.0 5070220000.0 275685000000.0 48717500000.0 9259600.0 1142380000000.0 64145800000.0 8323730000.0 82560200.0 1690780000.0 38322200000.0 32094200000.0 142227000000.0 -3.78 4.343 [-3.78]
