Cloudy_runs/h1821/z=0.224981/logZ=-1/component_II_PI_nH/component_II_PI_nH_col_density_param.txt
# %ECSV 1.0
# ---
# datatype:
# - {name: H, datatype: float64}
# - {name: H+, datatype: float64}
# - {name: C+, datatype: float64}
# - {name: C+2, datatype: float64}
# - {name: C+3, datatype: float64}
# - {name: N+, datatype: float64}
# - {name: N+2, datatype: float64}
# - {name: N+4, datatype: float64}
# - {name: O, datatype: float64}
# - {name: O+2, datatype: float64}
# - {name: O+5, datatype: float64}
# - {name: O+6, datatype: float64}
# - {name: P+, datatype: float64}
# - {name: Si+, datatype: float64}
# - {name: Si+2, datatype: float64}
# - {name: Si+3, datatype: float64}
# - {name: Si+4, datatype: float64}
# - {name: log_nH, datatype: float64}
# - {name: log_Te, datatype: float64}
# - {name: parameters, datatype: string, subtype: 'float64[1]'}
# schema: astropy-2.0
H H+ C+ C+2 C+3 N+ N+2 N+4 O O+2 O+5 O+6 P+ Si+ Si+2 Si+3 Si+4 log_nH log_Te parameters
[from data line 263]
1445440000000000.0 571945000000000.0 38236500000.0 297548000.0 0.0 4434140000.0 175548.0 0.0 75070000000.0 807473.0 0.0 0.0 51672200.0 6456380000.0 19838400.0 39786.0 0.0 0.26 3.906 [0.26]
1445440000000000.0 555886000000000.0 37644900000.0 282915000.0 0.0 4295150000.0 161267.0 0.0 74981500000.0 744390.0 0.0 0.0 51264600.0 6405120000.0 18832100.0 37452.5 0.0 0.28 3.904 [0.28]
1445440000000000.0 540260000000000.0 37062600000.0 268973000.0 0.0 4159680000.0 148130.0 0.0 74894200000.0 686369.0 0.0 0.0 50867900.0 6355190000.0 17870200.0 35266.5 0.0 0.3 3.902 [0.3]
1445440000000000.0 525099000000000.0 36490900000.0 255717000.0 0.0 4027980000.0 136063.0 0.0 74808300000.0 633050.0 0.0 0.0 50482900.0 6306720000.0 16954000.0 33219.5 0.0 0.32 3.9 [0.32]
1445440000000000.0 510385000000000.0 35929600000.0 243112000.0 0.0 3899930000.0 124976.0 0.0 74723900000.0 584040.0 0.0 0.0 50109300.0 6259650000.0 16080500.0 31301.8 0.0 0.34 3.898 [0.34]
1445440000000000.0 496103000000000.0 35378100000.0 231125000.0 0.0 3775390000.0 114786.0 0.0 74640900000.0 538974.0 0.0 0.0 49746500.0 6213920000.0 15247200.0 29504.4 0.0 0.36 3.896 [0.36]
1445440000000000.0 482238000000000.0 34836400000.0 219724000.0 0.0 3654250000.0 105421.0 0.0 74559300000.0 497525.0 0.0 0.0 49394200.0 6169490000.0 14452100.0 27819.3 0.0 0.38 3.894 [0.38]
1445440000000000.0 468767000000000.0 34303700000.0 208877000.0 0.0 3536310000.0 96807.0 0.0 74479100000.0 459383.0 0.0 0.0 49051900.0 6126300000.0 13691700.0 26238.6 0.0 0.4 3.892 [0.4]
1445440000000000.0 455675000000000.0 33779900000.0 198553000.0 0.0 3421410000.0 88882.2 0.0 74400200000.0 424273.0 0.0 0.0 48719200.0 6084290000.0 12963700.0 24755.4 0.0 0.42 3.89 [0.42]
1445440000000000.0 442944000000000.0 33264100000.0 188725000.0 0.0 3309530000.0 81593.9 0.0 74322700000.0 391931.0 0.0 0.0 48395500.0 6043400000.0 12268700.0 23362.7 0.0 0.44 3.888 [0.44]
1445440000000000.0 430591000000000.0 32757700000.0 179384000.0 0.0 3200650000.0 74891.9 0.0 74246500000.0 362170.0 0.0 0.0 48081400.0 6003690000.0 11603400.0 22055.5 0.0 0.46 3.886 [0.46]
1445440000000000.0 418581000000000.0 32259400000.0 170495000.0 0.0 3094540000.0 68724.5 0.0 74171700000.0 334755.0 0.0 0.0 47775900.0 5965060000.0 10966100.0 20827.5 0.0 0.48 3.883 [0.48]
1445440000000000.0 406901000000000.0 31769000000.0 162036000.0 0.0 2991070000.0 63047.8 0.0 74098200000.0 309491.0 0.0 0.0 47478800.0 5927460000.0 10354900.0 19673.6 0.0 0.5 3.881 [0.5]
1445440000000000.0 395518000000000.0 31285300000.0 153974000.0 0.0 2890020000.0 57819.0 0.0 74025900000.0 286184.0 0.0 0.0 47189200.0 5890770000.0 9768480.0 18588.5 0.0 0.52 3.878 [0.52]
1445440000000000.0 384461000000000.0 30810000000.0 146312000.0 0.0 2791470000.0 53005.9 0.0 73954900000.0 264717.0 0.0 0.0 46907800.0 5855100000.0 9204820.0 17568.6 0.0 0.54 3.875 [0.54]
1445440000000000.0 373694000000000.0 30342000000.0 139019000.0 0.0 2695150000.0 48571.6 0.0 73885200000.0 244919.0 0.0 0.0 46633800.0 5820330000.0 8662340.0 16609.3 0.0 0.56 3.872 [0.56]
1445440000000000.0 363212000000000.0 29881000000.0 132078000.0 0.0 2601040000.0 44487.4 0.0 73816700000.0 226656.0 0.0 0.0 46366900.0 5786440000.0 8140870.0 15706.6 0.0 0.58 3.869 [0.58]
1445440000000000.0 352990000000000.0 29426800000.0 125470000.0 0.0 2508800000.0 40720.1 0.0 73749300000.0 209804.0 0.0 0.0 46106600.0 5753340000.0 7636860.0 14857.0 0.0 0.6 3.866 [0.6]
1445440000000000.0 343068000000000.0 28981100000.0 119198000.0 0.0 2418800000.0 37254.6 0.0 73683400000.0 194277.0 0.0 0.0 45853900.0 5721190000.0 7152960.0 14057.8 0.0 0.62 3.863 [0.62]
1445440000000000.0 333315000000000.0 28538500000.0 113197000.0 0.0 2329960000.0 34047.3 0.0 73618000000.0 179897.0 0.0 0.0 45605400.0 5689520000.0 6682460.0 13304.0 0.0 0.64 3.859 [0.64]
1445440000000000.0 323815000000000.0 28103600000.0 107497000.0 0.0 2242680000.0 31087.6 0.0 73553900000.0 166640.0 0.0 0.0 45363300.0 5658620000.0 6225760.0 12594.5 0.0 0.66 3.856 [0.66]
1445440000000000.0 314531000000000.0 27674900000.0 102073000.0 0.0 2156680000.0 28353.7 0.0 73490900000.0 154397.0 0.0 0.0 45126600.0 5628360000.0 5782190.0 11926.0 0.0 0.68 3.852 [0.68]
1445440000000000.0 305443000000000.0 27252300000.0 96909900.0 0.0 2071670000.0 25825.1 0.0 73428800000.0 143090.0 0.0 0.0 44894800.0 5598690000.0 5349700.0 11296.0 0.0 0.7 3.847 [0.7]
1445440000000000.0 296517000000000.0 26835300000.0 91993800.0 0.0 1987030000.0 23478.4 0.0 73367500000.0 132644.0 0.0 0.0 44667100.0 5569470000.0 4923710.0 10702.3 0.0 0.72 3.842 [0.72]
1445440000000000.0 287746000000000.0 26425200000.0 87320800.0 0.0 1902310000.0 21295.6 0.0 73307100000.0 123006.0 0.0 0.0 44443200.0 5540660000.0 4501110.0 10143.0 0.0 0.74 3.837 [0.74]
1445440000000000.0 279036000000000.0 26018000000.0 82855200.0 0.0 1816580000.0 19255.3 0.0 73247000000.0 114079.0 0.0 0.0 44220700.0 5511940000.0 4079120.0 9615.27 0.0 0.76 3.831 [0.76]
1445440000000000.0 270414000000000.0 25617100000.0 78612500.0 0.0 1729490000.0 17346.8 0.0 73187500000.0 105841.0 0.0 0.0 44000400.0 5483370000.0 3656550.0 9118.14 0.0 0.78 3.823 [0.78]
1445440000000000.0 261738000000000.0 25220500000.0 74567500.0 0.0 1638460000.0 15533.5 0.0 73127900000.0 98230.4 0.0 0.0 43778500.0 5454420000.0 3219610.0 8649.87 0.0 0.8 3.815 [0.8]
1445440000000000.0 184386000000000.0 23310400000.0 56081000.0 0.0 425179000.0 3645.42 0.0 72872600000.0 88415.7 0.0 0.0 41791000.0 5131690000.0 8667.49 8272.56 0.0 0.82 3.425 [0.82]
1445440000000000.0 177268000000000.0 22823600000.0 52773800.0 0.0 390930000.0 3208.77 0.0 72826500000.0 81523.6 0.0 0.0 41608900.0 5103220000.0 7279.71 7848.35 0.0 0.84 3.407 [0.84]
1445440000000000.0 170701000000000.0 22352700000.0 49743800.0 0.0 361931000.0 2844.05 0.0 72781900000.0 75188.2 0.0 0.0 41440800.0 5076880000.0 6394.36 7447.41 0.0 0.86 3.391 [0.86]
1445440000000000.0 164550000000000.0 21893200000.0 46936200.0 0.0 336611000.0 2532.56 0.0 72738800000.0 69352.6 0.0 0.0 41283200.0 5052060000.0 5772.61 7068.17 0.0 0.88 3.375 [0.88]
1445440000000000.0 158727000000000.0 21441900000.0 44315000.0 0.0 314081000.0 2262.89 0.0 72696900000.0 63968.0 0.0 0.0 41133800.0 5028380000.0 5302.7 6709.18 0.0 0.9 3.361 [0.9]
1445440000000000.0 153218000000000.0 21000200000.0 41869200.0 0.0 293842000.0 2027.72 0.0 72656400000.0 59010.0 0.0 0.0 40992400.0 5005800000.0 4927.52 6369.55 0.0 0.92 3.347 [0.92]
1445440000000000.0 147981000000000.0 20566800000.0 39579700.0 0.0 275485000.0 1821.23 0.0 72617200000.0 54440.8 0.0 0.0 40857800.0 4984130000.0 4613.86 6048.09 0.0 0.94 3.334 [0.94]
1445440000000000.0 142961000000000.0 20138500000.0 37421800.0 0.0 258694000.0 1638.78 0.0 72579100000.0 50216.9 0.0 0.0 40728600.0 4963120000.0 4342.41 5743.42 0.0 0.96 3.321 [0.96]
1445440000000000.0 138154000000000.0 19716100000.0 35389200.0 0.0 243271000.0 1477.05 0.0 72542000000.0 46316.7 0.0 0.0 40604700.0 4942770000.0 4101.33 5454.71 0.0 0.98 3.308 [0.98]
1445440000000000.0 133533000000000.0 19298600000.0 33469400.0 0.0 229034000.0 1333.17 0.0 72506000000.0 42712.0 0.0 0.0 40485600.0 4922960000.0 3882.95 5180.99 0.0 1.0 3.296 [1.0]
