Cloudy_runs/1es1553/z=0.187764/component_II_PI_nH/component_II_PI_nH_col_density_param.txt
# %ECSV 1.0
# ---
# datatype:
# - {name: H, datatype: float64}
# - {name: H+, datatype: float64}
# - {name: C+, datatype: float64}
# - {name: C+2, datatype: float64}
# - {name: C+3, datatype: float64}
# - {name: N+2, datatype: float64}
# - {name: N+4, datatype: float64}
# - {name: O, datatype: float64}
# - {name: O+2, datatype: float64}
# - {name: O+5, datatype: float64}
# - {name: O+6, datatype: float64}
# - {name: Si+, datatype: float64}
# - {name: Si+2, datatype: float64}
# - {name: Si+3, datatype: float64}
# - {name: Si+4, datatype: float64}
# - {name: log_nH, datatype: float64}
# - {name: log_Te, datatype: float64}
# - {name: parameters, datatype: string, subtype: 'float64[1]'}
# schema: astropy-2.0
H H+ C+ C+2 C+3 N+2 N+4 O O+2 O+5 O+6 Si+ Si+2 Si+3 Si+4 log_nH log_Te parameters
[from data line 69]
75857700000000.0 1.04115e+17 81028200000.0 1764560000000.0 588939000000.0 381946000000.0 35080200000.0 31240400.0 1769600000000.0 36912600000.0 3598100000.0 3634020000.0 75674200000.0 52186200000.0 151225000000.0 -3.62 4.32 [-3.62]
75857700000000.0 9.88976e+16 81527500000.0 1709050000000.0 546801000000.0 372700000000.0 31015900000.0 34939400.0 1755290000000.0 31582400000.0 2951530000.0 3761530000.0 77210600000.0 51743300000.0 140642000000.0 -3.6 4.317 [-3.6]
75857700000000.0 9.3942e+16 81965700000.0 1653570000000.0 506996000000.0 363294000000.0 27384000000.0 39052200.0 1739090000000.0 26978800000.0 2416980000.0 3883680000.0 78537800000.0 51150600000.0 130374000000.0 -3.58 4.314 [-3.58]
75857700000000.0 8.9235e+16 82344800000.0 1598310000000.0 469467000000.0 353754000000.0 24144000000.0 43620300.0 1721030000000.0 23008700000.0 1975780000.0 3999920000.0 79646100000.0 50414100000.0 120466000000.0 -3.56 4.31 [-3.56]
75857700000000.0 8.47639e+16 82667100000.0 1543410000000.0 434148000000.0 344107000000.0 21258100000.0 48689000.0 1701120000000.0 19590200000.0 1612220000.0 4109780000.0 80528400000.0 49541700000.0 110956000000.0 -3.54 4.307 [-3.54]
75857700000000.0 8.05172e+16 82935200000.0 1489010000000.0 400967000000.0 334380000000.0 18691800000.0 54307000.0 1679410000000.0 16651500000.0 1313160000.0 4212920000.0 81180700000.0 48542500000.0 101876000000.0 -3.52 4.303 [-3.52]
75857700000000.0 7.64835e+16 83151600000.0 1435260000000.0 369849000000.0 324597000000.0 16413200000.0 60526800.0 1655930000000.0 14129400000.0 1067600000.0 4309100000.0 81602100000.0 47426800000.0 93251100000.0 -3.5 4.3 [-3.5]
75857700000000.0 7.26456e+16 83318400000.0 1382160000000.0 340667000000.0 314764000000.0 14390300000.0 67413900.0 1630650000000.0 11965100000.0 866058000.0 4398380000.0 81791500000.0 46202600000.0 85086500000.0 -3.48 4.297 [-3.48]
75857700000000.0 6.90071e+16 83439200000.0 1330020000000.0 313434000000.0 304943000000.0 12602900000.0 75011900.0 1603780000000.0 10117000000.0 701447000.0 4480280000.0 81758100000.0 44888400000.0 77418300000.0 -3.46 4.293 [-3.46]
75857700000000.0 6.55509e+16 83514800000.0 1278820000000.0 288018000000.0 295136000000.0 11023200000.0 83394300.0 1575300000000.0 8538810000.0 567016000.0 4555050000.0 81505400000.0 43493800000.0 70238600000.0 -3.44 4.29 [-3.44]
75857700000000.0 6.22686e+16 83548400000.0 1228640000000.0 264335000000.0 285365000000.0 9629270000.0 92629700.0 1545290000000.0 7193610000.0 457457000.0 4622830000.0 81043000000.0 42031600000.0 63547500000.0 -3.42 4.286 [-3.42]
75857800000000.0 5.91511e+16 83541700000.0 1179560000000.0 242299000000.0 275649000000.0 8401110000.0 102792000.0 1513810000000.0 6049030000.0 368336000.0 4683850000.0 80381100000.0 40514400000.0 57338800000.0 -3.4 4.283 [-3.4]
75857700000000.0 5.61901e+16 83496900000.0 1131610000000.0 221826000000.0 266007000000.0 7320580000.0 113960000.0 1480950000000.0 5076920000.0 295983000.0 4738380000.0 79532100000.0 38954800000.0 51602000000.0 -3.38 4.279 [-3.38]
75857700000000.0 5.33779e+16 83415800000.0 1084860000000.0 202832000000.0 256457000000.0 6371300000.0 126217000.0 1446810000000.0 4252830000.0 237362000.0 4786790000.0 78509300000.0 37364900000.0 46322800000.0 -3.36 4.276 [-3.36]
75857700000000.0 5.0707e+16 83300300000.0 1039340000000.0 185237000000.0 247015000000.0 5538540000.0 139649000.0 1411470000000.0 3555590000.0 189964000.0 4829460000.0 77327400000.0 35756200000.0 41483700000.0 -3.34 4.272 [-3.34]
75857700000000.0 4.81704e+16 83152200000.0 995075000000.0 168960000000.0 237696000000.0 4809030000.0 154350000.0 1375050000000.0 2966790000.0 151719000.0 4866840000.0 76001200000.0 34139700000.0 37064500000.0 -3.32 4.269 [-3.32]
75857700000000.0 4.57613e+16 82972900000.0 952088000000.0 153924000000.0 228512000000.0 4170830000.0 170416000.0 1337630000000.0 2470560000.0 120925000.0 4899390000.0 74546200000.0 32525200000.0 33043100000.0 -3.3 4.266 [-3.3]
75857700000000.0 4.34785e+16 82765400000.0 910491000000.0 140079000000.0 219500000000.0 3614300000.0 187922000.0 1299450000000.0 2053890000.0 96222900.0 4927390000.0 72983600000.0 30925900000.0 29402000000.0 -3.28 4.262 [-3.28]
75857700000000.0 4.13055e+16 82528000000.0 870093000000.0 127299000000.0 210625000000.0 3127730000.0 207023000.0 1260400000000.0 1703430000.0 76376400.0 4951700000.0 71317000000.0 29341900000.0 26104500000.0 -3.26 4.259 [-3.26]
75857700000000.0 3.92371e+16 82261800000.0 830904000000.0 115517000000.0 201898000000.0 2702980000.0 227837000.0 1220600000000.0 1409350000.0 60471200.0 4972790000.0 69561000000.0 27780900000.0 23127600000.0 -3.24 4.255 [-3.24]
75857700000000.0 3.72772e+16 81970500000.0 793108000000.0 104716000000.0 193371000000.0 2334120000.0 250417000.0 1180370000000.0 1164020000.0 47799300.0 4990760000.0 67741200000.0 26256700000.0 20457300000.0 -3.22 4.252 [-3.22]
75857700000000.0 3.5416e+16 81653800000.0 756603000000.0 94806200000.0 185029000000.0 2013520000.0 274906000.0 1139730000000.0 959377000.0 37704600.0 5006230000.0 65865600000.0 24770800000.0 18064100000.0 -3.2 4.248 [-3.2]
75857700000000.0 3.36527e+16 81314200000.0 721464000000.0 85745000000.0 176899000000.0 1735730000.0 301384000.0 1098910000000.0 789338000.0 29694100.0 5019440000.0 63953000000.0 23331300000.0 15928500000.0 -3.18 4.245 [-3.18]
75857700000000.0 3.1974e+16 80949400000.0 687504000000.0 77435900000.0 168947000000.0 1494350000.0 330049000.0 1057800000000.0 647814000.0 23327200.0 5031150000.0 62003200000.0 21934700000.0 14020600000.0 -3.16 4.241 [-3.16]
75857700000000.0 3.03761e+16 80559800000.0 654713000000.0 69828500000.0 161177000000.0 1284910000.0 361034000.0 1016520000000.0 530320000.0 18279600.0 5041720000.0 60027100000.0 20584300000.0 12320300000.0 -3.14 4.238 [-3.14]
75857700000000.0 2.88661e+16 80150300000.0 623309000000.0 62916900000.0 153651000000.0 1104450000.0 394315000.0 975514000000.0 433533000.0 14308600.0 5050930000.0 58052100000.0 19292300000.0 10816300000.0 -3.12 4.234 [-3.12]
75857700000000.0 2.74285e+16 79717500000.0 593032000000.0 56604700000.0 146314000000.0 948168000.0 430159000.0 934559000000.0 353502000.0 11172500.0 5059600000.0 56070000000.0 18050000000.0 9481200000.0 -3.1 4.231 [-3.1]
75857700000000.0 2.60633e+16 79262100000.0 563933000000.0 50861200000.0 139187000000.0 813256000.0 468638000.0 893868000000.0 287612000.0 8706450.0 5067820000.0 54093800000.0 16862100000.0 8300560000.0 -3.08 4.227 [-3.08]
75857700000000.0 2.47636e+16 78783100000.0 535918000000.0 45631600000.0 132253000000.0 696688000.0 509930000.0 853440000000.0 233392000.0 6768020.0 5075960000.0 52125200000.0 15726200000.0 7256560000.0 -3.06 4.224 [-3.06]
75857700000000.0 2.35325e+16 78284100000.0 509103000000.0 40897200000.0 125548000000.0 596487000.0 554021000.0 813580000000.0 189049000.0 5253500.0 5083860000.0 50182100000.0 14648000000.0 6338350000.0 -3.04 4.22 [-3.04]
75857700000000.0 2.23634e+16 77763600000.0 483387000000.0 36607400000.0 119053000000.0 510247000.0 601074000.0 774275000000.0 152788000.0 4070070.0 5091830000.0 48264000000.0 13624300000.0 5530450000.0 -3.02 4.217 [-3.02]
75857700000000.0 2.12531e+16 77221900000.0 458742000000.0 32725900000.0 112770000000.0 436093000.0 651184000.0 735609000000.0 123204000.0 3147270.0 5099990000.0 46375700000.0 12654300000.0 4820670000.0 -3.0 4.214 [-3.0]
75857700000000.0 2.01987e+16 76658900000.0 435138000000.0 29218800000.0 106696000000.0 372390000.0 704432000.0 697665000000.0 99123500.0 2429180.0 5108410000.0 44521100000.0 11737200000.0 4197960000.0 -2.98 4.21 [-2.98]
75857700000000.0 1.91998e+16 76076600000.0 412602000000.0 26061000000.0 100845000000.0 317816000.0 760802000.0 660604000000.0 79600700.0 1872440.0 5116970000.0 42708700000.0 10873700000.0 3653290000.0 -2.96 4.207 [-2.96]
75857700000000.0 1.82488e+16 75471400000.0 390988000000.0 23209500000.0 95184900000.0 270914000.0 820516000.0 624314000000.0 63749700.0 1440000.0 5126010000.0 40930700000.0 10058300000.0 3175700000.0 -2.94 4.204 [-2.94]
75857700000000.0 1.73455e+16 74845200000.0 370324000000.0 20643900000.0 89730000000.0 230727000.0 883527000.0 588949000000.0 50937100.0 1105480.0 5135360000.0 39194700000.0 9291670000.0 2758230000.0 -2.92 4.2 [-2.92]
75857700000000.0 1.64878e+16 74198400000.0 350583000000.0 18339300000.0 84478400000.0 196328000.0 949844000.0 554570000000.0 40605800.0 847247.0 5144940000.0 37502900000.0 8572120000.0 2393760000.0 -2.9 4.197 [-2.9]
75857700000000.0 1.56729e+16 73530600000.0 331727000000.0 16271200000.0 79425600000.0 166896000.0 1019480000.0 521214000000.0 32292300.0 648203.0 5154740000.0 35855600000.0 7897670000.0 2075780000.0 -2.88 4.194 [-2.88]
75857700000000.0 1.48992e+16 72842300000.0 313736000000.0 14418900000.0 74572100000.0 141748000.0 1092370000.0 488942000000.0 25621500.0 495139.0 5164630000.0 34254900000.0 7266890000.0 1798750000.0 -2.86 4.19 [-2.86]
75857700000000.0 1.41645e+16 72133700000.0 296579000000.0 12761900000.0 69914500000.0 120274000.0 1168460000.0 457789000000.0 20281000.0 377629.0 5174490000.0 32701200000.0 6677820000.0 1557590000.0 -2.84 4.187 [-2.84]
75857700000000.0 1.34666e+16 71404700000.0 280222000000.0 11281600000.0 65449700000.0 101952000.0 1247680000.0 427783000000.0 16015200.0 287563.0 5184230000.0 31194600000.0 6128490000.0 1347820000.0 -2.82 4.184 [-2.82]
75857700000000.0 1.28037e+16 70655600000.0 264638000000.0 9961020000.0 61175100000.0 86332300.0 1329890000.0 398951000000.0 12616400.0 218653.0 5193680000.0 29735200000.0 5617050000.0 1165500000.0 -2.8 4.181 [-2.8]
75857700000000.0 1.21725e+16 69884600000.0 249762000000.0 8782260000.0 57079600000.0 73004900.0 1415060000.0 371259000000.0 9910880.0 165937.0 5202810000.0 28319500000.0 5140550000.0 1006920000.0 -2.78 4.178 [-2.78]
75857700000000.0 1.15745e+16 69096400000.0 235643000000.0 7735990000.0 53179000000.0 61688200.0 1502770000.0 344844000000.0 7770300.0 125825.0 5211180000.0 26955000000.0 4699420000.0 869594000.0 -2.76 4.174 [-2.76]
75857700000000.0 1.10066e+16 68289000000.0 222215000000.0 6806490000.0 49460900000.0 52067100.0 1592930000.0 319654000000.0 6077470.0 95286.5 5218740000.0 25637300000.0 4290640000.0 750528000.0 -2.74 4.171 [-2.74]
75857700000000.0 1.04685e+16 67465200000.0 209482000000.0 5983460000.0 45930300000.0 43910100.0 1685150000.0 295744000000.0 4744180.0 0.0 5225220000.0 24369400000.0 3913280000.0 647547000.0 -2.72 4.168 [-2.72]
75857700000000.0 9955970000000000.0 66620700000.0 197352000000.0 5252580000.0 42568000000.0 36973900.0 1779440000.0 273006000000.0 3692890.0 0.0 5230620000.0 23143600000.0 3563760000.0 558199000.0 -2.7 4.165 [-2.7]
75857700000000.0 9469090000000000.0 65758300000.0 185834000000.0 4605880000.0 39379500000.0 31094900.0 1875350000.0 251491000000.0 2867750.0 0.0 5234640000.0 21962900000.0 3241340000.0 480894000.0 -2.68 4.162 [-2.68]
75857700000000.0 9006550000000000.0 64878600000.0 174903000000.0 4034380000.0 36361500000.0 26117000.0 1972560000.0 231187000000.0 2221720.0 0.0 5237090000.0 20826600000.0 2944370000.0 414048000.0 -2.66 4.159 [-2.66]
75857700000000.0 8567190000000000.0 63982300000.0 164535000000.0 3530030000.0 33510900000.0 21907300.0 2070750000.0 212078000000.0 1717240.0 0.0 5237720000.0 19733900000.0 2671250000.0 356289000.0 -2.64 4.156 [-2.64]
75857700000000.0 8149670000000000.0 63069500000.0 154704000000.0 3085410000.0 30823400000.0 18351000.0 2169560000.0 194141000000.0 1324210.0 0.0 5236440000.0 18683700000.0 2420420000.0 306402000.0 -2.62 4.153 [-2.62]
75857700000000.0 7751980000000000.0 62138700000.0 145365000000.0 2693220000.0 28290400000.0 15345400.0 2268760000.0 177317000000.0 1018340.0 0.0 5233010000.0 17672700000.0 2189880000.0 263272000.0 -2.6 4.15 [-2.6]
75857700000000.0 7375170000000000.0 61195800000.0 136547000000.0 2349170000.0 25919000000.0 12818400.0 2367700000.0 161649000000.0 781748.0 0.0 5227150000.0 16705700000.0 1979350000.0 226149000.0 -2.58 4.147 [-2.58]
75857700000000.0 7017120000000000.0 60239000000.0 128200000000.0 2047020000.0 23699000000.0 10692200.0 2466170000.0 147065000000.0 598811.0 0.0 5218760000.0 15778800000.0 1786880000.0 194150000.0 -2.56 4.145 [-2.56]
75857700000000.0 6676900000000000.0 59269000000.0 120304000000.0 1781990000.0 21625900000.0 8905650.0 2563800000.0 133528000000.0 457708.0 0.0 5207680000.0 14891000000.0 1611180000.0 166582000.0 -2.54 4.142 [-2.54]
75857700000000.0 6353610000000000.0 58286800000.0 112840000000.0 1549780000.0 19694700000.0 7406750.0 2660250000.0 120998000000.0 349130.0 0.0 5193730000.0 14041500000.0 1451020000.0 142848000.0 -2.52 4.139 [-2.52]
75857700000000.0 6046380000000000.0 57293200000.0 105786000000.0 1346570000.0 17900400000.0 6151050.0 2755180000.0 109431000000.0 265777.0 0.0 5176790000.0 13229300000.0 1305250000.0 122426000.0 -2.5 4.136 [-2.5]
75857700000000.0 5754390000000000.0 56289200000.0 99125700000.0 1168920000.0 16237500000.0 5100690.0 2848300000.0 98782900000.0 201932.0 0.0 5156720000.0 12453500000.0 1172770000.0 104864000.0 -2.48 4.134 [-2.48]
75857700000000.0 5477710000000000.0 55278900000.0 92857400000.0 1014140000.0 14704000000.0 4225160.0 2939160000.0 89028200000.0 153222.0 0.0 5133450000.0 11715400000.0 1052840000.0 89800800.0 -2.46 4.131 [-2.46]
75857700000000.0 5213940000000000.0 54257200000.0 86926700000.0 878802000.0 13286900000.0 3493470.0 3027790000.0 80075100000.0 115995.0 0.0 5106820000.0 11009400000.0 943853000.0 76833300.0 -2.44 4.128 [-2.44]
75857700000000.0 4963240000000000.0 53228200000.0 81335500000.0 760877000.0 11984000000.0 2884340.0 3113830000.0 71898200000.0 87665.2 0.0 5076810000.0 10336900000.0 845229000.0 65701700.0 -2.42 4.126 [-2.42]
75857700000000.0 4724200000000000.0 52189600000.0 76051300000.0 657998000.0 10786500000.0 2377060.0 3197210000.0 64432400000.0 66111.3 0.0 5043260000.0 9694850000.0 755876000.0 56131900.0 -2.4 4.123 [-2.4]
75857700000000.0 4497690000000000.0 51149100000.0 71091100000.0 568770000.0 9693820000.0 1957100.0 3277500000.0 57664000000.0 49809.9 0.0 5006290000.0 9086540000.0 675468000.0 47946700.0 -2.38 4.12 [-2.38]
75857700000000.0 4282370000000000.0 50104600000.0 66423000000.0 491258000.0 8696950000.0 1609160.0 3354690000.0 51527800000.0 37475.2 0.0 4965820000.0 8508830000.0 603003000.0 40933000.0 -2.36 4.118 [-2.36]
75857700000000.0 4077670000000000.0 49057300000.0 62032300000.0 423991000.0 7789770000.0 1321360.0 3428690000.0 45977400000.0 28158.5 0.0 4921860000.0 7960770000.0 537789000.0 34927000.0 -2.34 4.115 [-2.34]
75857700000000.0 3883060000000000.0 48008300000.0 57905000000.0 365668000.0 6966200000.0 1083670.0 3499420000.0 40968100000.0 0.0 0.0 4874430000.0 7441390000.0 479174000.0 29786700.0 -2.32 4.113 [-2.32]
75857700000000.0 3698040000000000.0 46958700000.0 54027500000.0 315147000.0 6220310000.0 887664.0 3566840000.0 36456600000.0 0.0 0.0 4823600000.0 6949720000.0 426559000.0 25390200.0 -2.3 4.11 [-2.3]
75857700000000.0 3522120000000000.0 45909800000.0 50386900000.0 271423000.0 5546320000.0 726273.0 3630940000.0 32401700000.0 0.0 0.0 4769420000.0 6484810000.0 379390000.0 21632000.0 -2.28 4.108 [-2.28]
75857700000000.0 3354840000000000.0 44862600000.0 46970700000.0 233614000.0 4938640000.0 593574.0 3691730000.0 28764200000.0 0.0 0.0 4712000000.0 6045660000.0 337155000.0 18421300.0 -2.26 4.106 [-2.26]
75857700000000.0 3195780000000000.0 43818400000.0 43766900000.0 200947000.0 4391910000.0 484618.0 3749230000.0 25507200000.0 0.0 0.0 4651440000.0 5631340000.0 299383000.0 15680000.0 -2.24 4.103 [-2.24]
75857700000000.0 3044520000000000.0 42778400000.0 40764100000.0 172746000.0 3901000000.0 395276.0 3803490000.0 22595800000.0 0.0 0.0 4587860000.0 5240880000.0 265641000.0 13340800.0 -2.22 4.101 [-2.22]
75857700000000.0 2900680000000000.0 41743500000.0 37951400000.0 148420000.0 3461060000.0 322110.0 3854580000.0 19997700000.0 0.0 0.0 4521420000.0 4873330000.0 235534000.0 11345800.0 -2.2 4.099 [-2.2]
