Cloudy_runs/1es1553/z=0.187764/component_II_PI_nH/component_II_PI_nH_col_density_param.txt
# %ECSV 1.0
# ---
# datatype:
# - {name: H, datatype: float64}
# - {name: H+, datatype: float64}
# - {name: C+, datatype: float64}
# - {name: C+2, datatype: float64}
# - {name: C+3, datatype: float64}
# - {name: N+2, datatype: float64}
# - {name: N+4, datatype: float64}
# - {name: O, datatype: float64}
# - {name: O+2, datatype: float64}
# - {name: O+5, datatype: float64}
# - {name: O+6, datatype: float64}
# - {name: Si+, datatype: float64}
# - {name: Si+2, datatype: float64}
# - {name: Si+3, datatype: float64}
# - {name: Si+4, datatype: float64}
# - {name: log_nH, datatype: float64}
# - {name: log_Te, datatype: float64}
# - {name: parameters, datatype: string, subtype: 'float64[1]'}
# schema: astropy-2.0
H H+ C+ C+2 C+3 N+2 N+4 O O+2 O+5 O+6 Si+ Si+2 Si+3 Si+4 log_nH log_Te parameters
75857700000000.0 2.49372e+18 89442700000.0 40511600000000.0 306509000000000.0 5148860000000.0 292988000000000.0 171777.0 13704300000000.0 3873050000000000.0 4810470000000000.0 81106600.0 8934850000.0 115899000000.0 10319700000000.0 -5.0 4.352 [-5.0]
75857700000000.0 2.34328e+18 94561400000.0 42072000000000.0 311640000000000.0 5553890000000.0 289613000000000.0 204211.0 15099700000000.0 3687660000000000.0 4323610000000000.0 92801300.0 10220900000.0 132695000000.0 11067500000000.0 -4.98 4.343 [-4.98]
75857700000000.0 2.20199e+18 100091000000.0 43649800000000.0 316444000000000.0 5990160000000.0 285787000000000.0 243857.0 16621700000000.0 3502120000000000.0 3877130000000000.0 105991000.0 11665700000.0 151661000000.0 11847500000000.0 -4.96 4.333 [-4.96]
75857700000000.0 2.06871e+18 106010000000.0 45231700000000.0 320923000000000.0 6459150000000.0 281501000000000.0 292378.0 18278600000000.0 3316790000000000.0 3467100000000000.0 120761000.0 13282400000.0 173131000000.0 12661800000000.0 -4.94 4.323 [-4.94]
75857700000000.0 1.94278e+18 112353000000.0 46813300000000.0 325058000000000.0 6962700000000.0 276748000000000.0 351910.0 20078400000000.0 3132220000000000.0 3091050000000000.0 137243000.0 15085600000.0 197433000000.0 13510600000000.0 -4.92 4.314 [-4.92]
75857700000000.0 1.82415e+18 119247000000.0 48408900000000.0 328825000000000.0 7503310000000.0 271542000000000.0 425137.0 22027100000000.0 2949380000000000.0 2748030000000000.0 155706000.0 17094600000.0 224820000000.0 14390400000000.0 -4.9 4.303 [-4.9]
75857700000000.0 1.71223e+18 126747000000.0 50018400000000.0 332219000000000.0 8083210000000.0 265890000000000.0 515373.0 24131500000000.0 2768760000000000.0 2435730000000000.0 176343000.0 19327000000.0 255689000000.0 15300800000000.0 -4.88 4.293 [-4.88]
75857700000000.0 1.60656e+18 134939000000.0 51645000000000.0 335224000000000.0 8704420000000.0 259793000000000.0 626734.0 26396400000000.0 2590950000000000.0 2152150000000000.0 199402000.0 21802100000.0 290454000000.0 16240700000000.0 -4.86 4.282 [-4.86]
75857700000000.0 1.50662e+18 143916000000.0 53291500000000.0 337823000000000.0 9369080000000.0 253248000000000.0 764518.0 28830000000000.0 2416680000000000.0 1894590000000000.0 225141000.0 24539800000.0 329613000000.0 17208800000000.0 -4.84 4.271 [-4.84]
75857700000000.0 1.41203e+18 153811000000.0 54967700000000.0 340000000000000.0 10079700000000.0 246261000000000.0 935260.0 31435100000000.0 2246330000000000.0 1661580000000000.0 253916000.0 27563500000.0 373697000000.0 18203000000000.0 -4.82 4.26 [-4.82]
75857700000000.0 1.32244e+18 164780000000.0 56685500000000.0 341733000000000.0 10838400000000.0 238835000000000.0 1147140.0 34213700000000.0 2080360000000000.0 1451450000000000.0 286160000.0 30900100000.0 423304000000.0 19220800000000.0 -4.8 4.248 [-4.8]
75857700000000.0 1.23745e+18 177018000000.0 58459700000000.0 342994000000000.0 11647700000000.0 230969000000000.0 1410610.0 37167500000000.0 1919240000000000.0 1262310000000000.0 322421000.0 34581400000.0 479136000000.0 20259500000000.0 -4.78 4.236 [-4.78]
75857700000000.0 1.15674e+18 190768000000.0 60310800000000.0 343751000000000.0 12509600000000.0 222667000000000.0 1738820.0 40294500000000.0 1763360000000000.0 1092600000000000.0 363432000.0 38647900000.0 541987000000.0 21316000000000.0 -4.76 4.223 [-4.76]
75857700000000.0 1.07987e+18 206340000000.0 62264400000000.0 343964000000000.0 13426500000000.0 213918000000000.0 2148700.0 43591500000000.0 1612940000000000.0 940647000000000.0 410131000.0 43150500000.0 612861000000.0 22387300000000.0 -4.74 4.209 [-4.74]
75857700000000.0 1.0062e+18 224143000000.0 64351000000000.0 343580000000000.0 14402300000000.0 204682000000000.0 2663540.0 47057600000000.0 1467830000000000.0 804457000000000.0 463680000.0 48154300000.0 693260000000.0 23474000000000.0 -4.72 4.194 [-4.72]
75857700000000.0 9.3569e+17 244794000000.0 66637700000000.0 342533000000000.0 15438100000000.0 194977000000000.0 3311040.0 50674400000000.0 1328650000000000.0 683245000000000.0 526298000.0 53775200000.0 784335000000.0 24567500000000.0 -4.7 4.178 [-4.7]
75857700000000.0 8.67942e+17 269104000000.0 69200600000000.0 340733000000000.0 16535500000000.0 184780000000000.0 4128950.0 54421900000000.0 1195460000000000.0 575654000000000.0 601022000.0 60178000000.0 887896000000.0 25663100000000.0 -4.68 4.16 [-4.68]
75857700000000.0 8.02444e+17 298230000000.0 72145500000000.0 338044000000000.0 17695900000000.0 174046000000000.0 5168660.0 58270100000000.0 1068170000000000.0 480300000000000.0 692536000.0 67618800000.0 1006410000000.0 26755700000000.0 -4.66 4.141 [-4.66]
75857700000000.0 7.38604e+17 333962000000.0 75633400000000.0 334275000000000.0 18920100000000.0 162704000000000.0 6503090.0 62173500000000.0 946535000000000.0 395874000000000.0 808599000.0 76522400000.0 1143300000000.0 27839400000000.0 -4.64 4.118 [-4.64]
75857700000000.0 6.75716e+17 379061000000.0 79900300000000.0 329126000000000.0 20202200000000.0 150648000000000.0 8236150.0 66049800000000.0 830214000000000.0 321153000000000.0 962465000.0 87597800000.0 1303400000000.0 28905000000000.0 -4.62 4.092 [-4.62]
75857600000000.0 6.12446e+17 438459000000.0 85341400000000.0 322055000000000.0 21534100000000.0 137650000000000.0 10538200.0 69763000000000.0 718017000000000.0 254694000000000.0 1179310000.0 102153000000.0 1495450000000.0 29943700000000.0 -4.6 4.061 [-4.6]
75857600000000.0 5.46931e+17 521457000000.0 92624300000000.0 312082000000000.0 22884300000000.0 123361000000000.0 13704300.0 73039400000000.0 608194000000000.0 195083000000000.0 1512000000.0 122727000000.0 1734670000000.0 30933000000000.0 -4.58 4.02 [-4.58]
75857700000000.0 4.74908e+17 650041000000.0 103075000000000.0 296901000000000.0 24151000000000.0 106975000000000.0 18383600.0 75244100000000.0 495875000000000.0 140109000000000.0 2099240000.0 155135000000.0 2057120000000.0 31821000000000.0 -4.56 3.904 [-4.56]
75857600000000.0 4.11312e+17 813289000000.0 114414000000000.0 278931000000000.0 25034500000000.0 91987000000000.0 24420800.0 76294200000000.0 398688000000000.0 99025400000000.0 3004240000.0 197488000000.0 2413090000000.0 32317600000000.0 -4.54 3.851 [-4.54]
75857600000000.0 3.60604e+17 992976000000.0 124453000000000.0 260749000000000.0 25527800000000.0 79760000000000.0 31639300.0 76820700000000.0 320857000000000.0 70945200000000.0 4224920000.0 244548000000.0 2761330000000.0 32391600000000.0 -4.52 3.792 [-4.52]
75857500000000.0 3.1235e+17 1223310000000.0 134369000000000.0 239342000000000.0 25547100000000.0 68309800000000.0 41498700.0 76475900000000.0 248743000000000.0 48545500000000.0 6122120000.0 302244000000.0 3156140000000.0 32029000000000.0 -4.5 3.722 [-4.5]
75857500000000.0 2.6663e+17 1518440000000.0 143122000000000.0 214595000000000.0 24962200000000.0 57804200000000.0 55607500.0 75524200000000.0 182616000000000.0 31170300000000.0 9143280000.0 370398000000.0 3597620000000.0 31100400000000.0 -4.48 3.644 [-4.48]
75857300000000.0 2.25346e+17 1872180000000.0 149045000000000.0 187992000000000.0 23789300000000.0 48561000000000.0 76320900.0 74719600000000.0 126441000000000.0 18827900000000.0 13806200000.0 444832000000.0 4057870000000.0 29548600000000.0 -4.46 3.57 [-4.46]
75857400000000.0 1.91999e+17 2227670000000.0 150994000000000.0 163394000000000.0 22412900000000.0 40949700000000.0 104965000.0 74919200000000.0 85903000000000.0 11286600000000.0 20143700000.0 517249000000.0 4468670000000.0 27610400000000.0 -4.44 3.508 [-4.44]
75857600000000.0 1.66921e+17 2532170000000.0 149808000000000.0 143080000000000.0 21217900000000.0 34856600000000.0 141072000.0 76038000000000.0 59861800000000.0 7066690000000.0 27773900000.0 583778000000.0 4791270000000.0 25632900000000.0 -4.42 3.458 [-4.42]
75857600000000.0 1.4779e+17 2778810000000.0 146833000000000.0 126585000000000.0 20270700000000.0 29895800000000.0 184350000.0 77532700000000.0 43175200000000.0 4648280000000.0 36533900000.0 645495000000.0 5035190000000.0 23764300000000.0 -4.4 3.416 [-4.4]
75857600000000.0 1.3254e+17 2978260000000.0 142874000000000.0 112865000000000.0 19507100000000.0 25757000000000.0 235400000.0 79051600000000.0 31999000000000.0 3173800000000.0 46506600000.0 703989000000.0 5219430000000.0 22020200000000.0 -4.38 3.38 [-4.38]
75857600000000.0 1.19953e+17 3140110000000.0 138356000000000.0 101203000000000.0 18868400000000.0 22254700000000.0 295105000.0 80428700000000.0 24208400000000.0 2227710000000.0 57806300000.0 759995000000.0 5357070000000.0 20393300000000.0 -4.36 3.346 [-4.36]
75857700000000.0 1.0927e+17 3271620000000.0 133512000000000.0 91106400000000.0 18310900000000.0 19261300000000.0 364678000.0 81594900000000.0 18593300000000.0 1595380000000.0 70575700000.0 813805000000.0 5456670000000.0 18869700000000.0 -4.34 3.348 [-4.34]
75857700000000.0 1.00044e+17 3377910000000.0 128497000000000.0 82269700000000.0 17809100000000.0 16691400000000.0 445338000.0 82522400000000.0 14452300000000.0 1160690000000.0 84921200000.0 865414000000.0 5523890000000.0 17442400000000.0 -4.32 3.318 [-4.32]
75857700000000.0 9.19689e+16 3463020000000.0 123419000000000.0 74474000000000.0 17345900000000.0 14479200000000.0 538436000.0 83205700000000.0 11343600000000.0 855284000000.0 100936000000.0 914702000000.0 5562870000000.0 16105500000000.0 -4.3 3.32 [-4.3]
75857700000000.0 8.48359e+16 3530460000000.0 118361000000000.0 67556600000000.0 16911200000000.0 12571900000000.0 645361000.0 83649300000000.0 8977660000000.0 637071000000.0 118688000000.0 961538000000.0 5576810000000.0 14855000000000.0 -4.28 3.292 [-4.28]
75857700000000.0 7.84662e+16 3582620000000.0 113354000000000.0 61375900000000.0 16493200000000.0 10921300000000.0 768014000.0 83865600000000.0 7150700000000.0 478484000000.0 138295000000.0 1005750000000.0 5568220000000.0 13682900000000.0 -4.26 3.294 [-4.26]
75857700000000.0 7.27408e+16 3621690000000.0 108437000000000.0 55831800000000.0 16086600000000.0 9490940000000.0 908276000.0 83866600000000.0 5726440000000.0 361902000000.0 159827000000.0 1047160000000.0 5539200000000.0 12585400000000.0 -4.24 3.269 [-4.24]
75857700000000.0 6.75664e+16 3649530000000.0 103636000000000.0 50842600000000.0 15687200000000.0 8250190000000.0 1068240000.0 83665400000000.0 4607000000000.0 275354000000.0 183345000000.0 1085590000000.0 5491550000000.0 11558700000000.0 -4.22 3.27 [-4.22]
75857700000000.0 6.28737e+16 3667960000000.0 98977900000000.0 46343600000000.0 15293100000000.0 7173880000000.0 1249970000.0 83275600000000.0 3721940000000.0 210633000000.0 208865000000.0 1120870000000.0 5427020000000.0 10600500000000.0 -4.2 3.247 [-4.2]
75857700000000.0 5.85995e+16 3678340000000.0 94472500000000.0 42275700000000.0 14901900000000.0 6239260000000.0 1455940000.0 82710600000000.0 3017660000000.0 161862000000.0 236416000000.0 1152850000000.0 5347120000000.0 9707050000000.0 -4.18 3.248 [-4.18]
75857700000000.0 5.46941e+16 3681940000000.0 90128900000000.0 38590500000000.0 14512400000000.0 5427350000000.0 1688840000.0 81982700000000.0 2454360000000.0 124886000000.0 265992000000.0 1181400000000.0 5253280000000.0 8875300000000.0 -4.16 3.227 [-4.16]
75857700000000.0 5.11162e+16 3679910000000.0 85953400000000.0 35246300000000.0 14124000000000.0 4721830000000.0 1951240000.0 81104900000000.0 2001830000000.0 96704400000.0 297563000000.0 1206390000000.0 5146920000000.0 8102320000000.0 -4.14 3.228 [-4.14]
75857700000000.0 4.78291e+16 3673190000000.0 81946900000000.0 32206000000000.0 13736100000000.0 4108430000000.0 2246200000.0 80089700000000.0 1636740000000.0 75116000000.0 331094000000.0 1227760000000.0 5029280000000.0 7384920000000.0 -4.12 3.208 [-4.12]
75857700000000.0 4.48007e+16 3662440000000.0 78105600000000.0 29437300000000.0 13348200000000.0 3574750000000.0 2577030000.0 78946300000000.0 1340980000000.0 58500700000.0 366516000000.0 1245330000000.0 4901580000000.0 6719810000000.0 -4.1 3.208 [-4.1]
75857700000000.0 4.20055e+16 3648420000000.0 74428900000000.0 26913000000000.0 12960700000000.0 3110420000000.0 2947180000.0 77686700000000.0 1100670000000.0 45667400000.0 403735000000.0 1259070000000.0 4765040000000.0 6104300000000.0 -4.08 3.19 [-4.08]
75857700000000.0 3.94208e+16 3631670000000.0 70913500000000.0 24609500000000.0 12573900000000.0 2706420000000.0 3360310000.0 76321500000000.0 904872000000.0 35723300000.0 442624000000.0 1268910000000.0 4620860000000.0 5535690000000.0 -4.06 3.19 [-4.06]
75857700000000.0 3.70218e+16 3612500000000.0 67547200000000.0 22501900000000.0 12187300000000.0 2354200000000.0 3821270000.0 74857200000000.0 744644000000.0 27981000000.0 483112000000.0 1274780000000.0 4469770000000.0 5010270000000.0 -4.04 3.173 [-4.04]
75857700000000.0 3.47959e+16 3591390000000.0 64332500000000.0 20575300000000.0 11802200000000.0 2047700000000.0 4333650000.0 73306500000000.0 613490000000.0 21949800000.0 524955000000.0 1276670000000.0 4313190000000.0 4526520000000.0 -4.02 3.173 [-4.02]
75857700000000.0 3.27266e+16 3568730000000.0 61262600000000.0 18812200000000.0 11419100000000.0 1780860000000.0 4902230000.0 71677600000000.0 505875000000.0 17238900000.0 567967000000.0 1274600000000.0 4152090000000.0 4081720000000.0 -4.0 3.157 [-4.0]
75857700000000.0 3.07972e+16 3544340000000.0 58325900000000.0 17196800000000.0 11037600000000.0 1548260000000.0 5532920000.0 69976400000000.0 417300000000.0 13547100000.0 611992000000.0 1268500000000.0 3987200000000.0 3672900000000.0 -3.98 3.157 [-3.98]
75857700000000.0 2.89978e+16 3518860000000.0 55521600000000.0 15716200000000.0 10659000000000.0 1345680000000.0 6230570000.0 68212800000000.0 344378000000.0 10652600000.0 656732000000.0 1258510000000.0 3819640000000.0 3298250000000.0 -3.96 3.141 [-3.96]
75857700000000.0 2.73167e+16 3492220000000.0 52841900000000.0 14358700000000.0 10283600000000.0 1169190000000.0 7001230000.0 66393800000000.0 284237000000.0 8379120000.0 701940000000.0 1244660000000.0 3650250000000.0 2955420000000.0 -3.94 3.142 [-3.94]
75857700000000.0 2.57434e+16 3464420000000.0 50279600000000.0 13113400000000.0 9911640000000.0 1015400000000.0 7851700000.0 64525500000000.0 234567000000.0 6590690000.0 747354000000.0 1227020000000.0 3479790000000.0 2642180000000.0 -3.92 3.127 [-3.92]
75857700000000.0 2.42697e+16 3435670000000.0 47830600000000.0 11970800000000.0 9543790000000.0 881412000000.0 8788520000.0 62615600000000.0 193526000000.0 5183160000.0 792654000000.0 1205750000000.0 3309150000000.0 2356650000000.0 -3.9 3.127 [-3.9]
75857700000000.0 2.28904e+16 3406610000000.0 45497200000000.0 10921000000000.0 9181580000000.0 764612000000.0 9820380000.0 60690300000000.0 159587000000.0 4074790000.0 837762000000.0 1181510000000.0 3140610000000.0 2095650000000.0 -3.88 3.113 [-3.88]
75857700000000.0 2.15964e+16 3376840000000.0 43268400000000.0 9957400000000.0 8824620000000.0 662914000000.0 10953700000.0 58739300000000.0 131521000000.0 3201840000.0 882141000000.0 1154060000000.0 2973520000000.0 1858670000000.0 -3.86 3.113 [-3.86]
75857700000000.0 2.03812e+16 3346370000000.0 41138500000000.0 9073350000000.0 8473220000000.0 574422000000.0 12196400000.0 56765400000000.0 108316000000.0 2514340000.0 925393000000.0 1123520000000.0 2808310000000.0 1644290000000.0 -3.84 3.1 [-3.84]
75857700000000.0 1.92393e+16 3315260000000.0 39103500000000.0 8262440000000.0 8127860000000.0 497458000000.0 13556500000.0 54775300000000.0 89134700000.0 1973050000.0 967164000000.0 1090180000000.0 2645730000000.0 1450880000000.0 -3.82 3.1 [-3.82]
75857700000000.0 1.81655e+16 3283590000000.0 37159400000000.0 7518790000000.0 7788940000000.0 430547000000.0 15042900000.0 52775300000000.0 73282700000.0 1546990000.0 1007110000000.0 1054310000000.0 2486400000000.0 1276880000000.0 -3.8 3.087 [-3.8]
75857700000000.0 1.71555e+16 3251470000000.0 35303000000000.0 6837110000000.0 7456940000000.0 372419000000.0 16664100000.0 50772200000000.0 60192100000.0 1211880000.0 1044880000000.0 1016260000000.0 2330970000000.0 1120830000000.0 -3.78 3.087 [-3.78]
