Cloudy_runs/1es1553/z=0.187764/component_II_PI_nH/component_II_PI_nH_col_density_param.txt
# %ECSV 1.0
# ---
# datatype:
# - {name: H, datatype: float64}
# - {name: H+, datatype: float64}
# - {name: C+, datatype: float64}
# - {name: C+2, datatype: float64}
# - {name: C+3, datatype: float64}
# - {name: N+2, datatype: float64}
# - {name: N+4, datatype: float64}
# - {name: O, datatype: float64}
# - {name: O+2, datatype: float64}
# - {name: O+5, datatype: float64}
# - {name: O+6, datatype: float64}
# - {name: Si+, datatype: float64}
# - {name: Si+2, datatype: float64}
# - {name: Si+3, datatype: float64}
# - {name: Si+4, datatype: float64}
# - {name: log_nH, datatype: float64}
# - {name: log_Te, datatype: float64}
# - {name: parameters, datatype: string, subtype: 'float64[1]'}
# schema: astropy-2.0
H H+ C+ C+2 C+3 N+2 N+4 O O+2 O+5 O+6 Si+ Si+2 Si+3 Si+4 log_nH log_Te parameters
[from data line 142]
75857700000000.0 2634330000000000.0 39698300000.0 32865100000.0 109448000.0 2717140000.0 213497.0 3947510000.0 15629000000.0 0.0 0.0 4380880000.0 4204620000.0 184884000.0 8201220.0 -2.16 4.094 [-2.16]
75857700000000.0 2510570000000000.0 38685600000.0 30561100000.0 93897000.0 2403740000.0 173573.0 3989640000.0 13798400000.0 0.0 0.0 4306870000.0 3900110000.0 163624000.0 6967380.0 -2.14 4.092 [-2.14]
75857700000000.0 2392860000000000.0 37682400000.0 28407900000.0 80520900.0 2124750000.0 141022.0 4028980000.0 12173800000.0 0.0 0.0 4230710000.0 3614790000.0 144730000.0 5917370.0 -2.12 4.089 [-2.12]
75857700000000.0 2280890000000000.0 36689600000.0 26396800000.0 69023000.0 1876740000.0 114508.0 4065650000.0 10733900000.0 0.0 0.0 4152600000.0 3347750000.0 127955000.0 5024260.0 -2.1 4.087 [-2.1]
75857700000000.0 2174380000000000.0 35708200000.0 24519500000.0 59145200.0 1656560000.0 92930.0 4099770000.0 9459000000.0 0.0 0.0 4072750000.0 3098100000.0 113074000.0 4264930.0 -2.08 4.085 [-2.08]
75857700000000.0 2073060000000000.0 34739000000.0 22768000000.0 50664500.0 1461340000.0 75383.2 4131470000.0 8331310000.0 0.0 0.0 3991380000.0 2864980000.0 99884300.0 3619660.0 -2.06 4.083 [-2.06]
75857700000000.0 1976670000000000.0 33782800000.0 21134900000.0 43387100.0 1288430000.0 61124.7 4160850000.0 7334770000.0 0.0 0.0 3908710000.0 2647540000.0 88201900.0 3071530.0 -2.04 4.081 [-2.04]
75857700000000.0 1884440000000000.0 32835000000.0 19604400000.0 37120500.0 1134850000.0 49508.2 4188110000.0 6451610000.0 0.0 0.0 3824510000.0 2443740000.0 77818400.0 2604280.0 -2.02 4.079 [-2.02]
75857700000000.0 1797710000000000.0 31912800000.0 18195200000.0 31794700.0 1000210000.0 40149.5 4213160000.0 5678600000.0 0.0 0.0 3740330000.0 2256370000.0 68717100.0 2211060.0 -2.0 4.076 [-2.0]
75857700000000.0 1714690000000000.0 31000200000.0 16875200000.0 27209500.0 880764000.0 32527.3 4236320000.0 4994170000.0 0.0 0.0 3655070000.0 2081030000.0 60632700.0 1875810.0 -1.98 4.074 [-1.98]
75857700000000.0 1635190000000000.0 30097800000.0 15639500000.0 23264900.0 774919000.0 26325.4 4257690000.0 4388680000.0 0.0 0.0 3568840000.0 1917110000.0 53457700.0 1590190.0 -1.96 4.072 [-1.96]
75857700000000.0 1560030000000000.0 29217500000.0 14497500000.0 19904400.0 682009000.0 21321.0 4277270000.0 3857910000.0 0.0 0.0 3482870000.0 1766070000.0 47154500.0 1349180.0 -1.94 4.07 [-1.94]
75857700000000.0 1488990000000000.0 28360100000.0 13443000000.0 17041700.0 600493000.0 17282.5 4295160000.0 3392820000.0 0.0 0.0 3397440000.0 1627040000.0 41618900.0 1145780.0 -1.92 4.068 [-1.92]
75857700000000.0 1420430000000000.0 27508200000.0 12449600000.0 14566800.0 528001000.0 13983.3 4311610000.0 2979830000.0 0.0 0.0 3311050000.0 1496400000.0 36683500.0 971583.0 -1.9 4.066 [-1.9]
75857700000000.0 1355660000000000.0 26680200000.0 11533600000.0 12461700.0 464509000.0 11324.8 4326570000.0 2618500000.0 0.0 0.0 3225540000.0 1376480000.0 32355500.0 824761.0 -1.88 4.064 [-1.88]
75857700000000.0 1294040000000000.0 25870700000.0 10683600000.0 10661700.0 408652000.0 9172.94 4340180000.0 2300940000.0 0.0 0.0 3140540000.0 1265740000.0 28540900.0 700372.0 -1.86 4.062 [-1.86]
75857700000000.0 1235380000000000.0 25079600000.0 9894760000.0 9122530.0 359512000.0 7430.95 4352520000.0 2021870000.0 0.0 0.0 3056230000.0 1163460000.0 25178500.0 594937.0 -1.84 4.06 [-1.84]
75857700000000.0 1179550000000000.0 24307100000.0 9163030000.0 7806540.0 316294000.0 6020.85 4363680000.0 1776690000.0 0.0 0.0 2972760000.0 1069050000.0 22215200.0 505564.0 -1.82 4.058 [-1.82]
75857700000000.0 1126390000000000.0 23553300000.0 8484520000.0 6681530.0 278295000.0 4879.44 4373710000.0 1561320000.0 0.0 0.0 2890270000.0 981995000.0 19604100.0 429804.0 -1.8 4.056 [-1.8]
75857700000000.0 1075790000000000.0 22818500000.0 7855590000.0 5719820.0 244890000.0 3955.48 4382720000.0 1372180000.0 0.0 0.0 2808900000.0 901771000.0 17303700.0 365574.0 -1.78 4.054 [-1.78]
75857700000000.0 1027970000000000.0 22108100000.0 7277020000.0 4901930.0 215669000.0 3210.54 4390730000.0 1206870000.0 0.0 0.0 2729340000.0 828449000.0 15287500.0 311384.0 -1.76 4.053 [-1.76]
75857700000000.0 982100000000000.0 21411300000.0 6737020000.0 4198750.0 189851000.0 2604.41 4397840000.0 1060970000.0 0.0 0.0 2650540000.0 760439000.0 13501100.0 265159.0 -1.74 4.051 [-1.74]
75857700000000.0 938420000000000.0 20733500000.0 6236960000.0 3597620.0 167162000.0 2113.55 4404090000.0 932874000.0 0.0 0.0 2573160000.0 697890000.0 11927400.0 225942.0 -1.72 4.049 [-1.72]
75857700000000.0 896826000000000.0 20074700000.0 5774000000.0 3083690.0 147222000.0 1715.95 4409550000.0 820403000.0 0.0 0.0 2497300000.0 640397000.0 10540800.0 192660.0 -1.7 4.047 [-1.7]
75857700000000.0 857215000000000.0 19434700000.0 5345510000.0 2644250.0 129697000.0 1393.8 4414250000.0 721654000.0 0.0 0.0 2423020000.0 587579000.0 9319070.0 164404.0 -1.68 4.045 [-1.68]
75857700000000.0 819084000000000.0 18806700000.0 4944850000.0 2265710.0 114189000.0 1131.18 4418230000.0 634363000.0 0.0 0.0 2349590000.0 538561000.0 8234570.0 140232.0 -1.66 4.043 [-1.66]
75857700000000.0 783288000000000.0 18206100000.0 4579520000.0 1945370.0 100690000.0 920.159 4421560000.0 558456000.0 0.0 0.0 2278910000.0 494223000.0 7288600.0 119906.0 -1.64 4.042 [-1.64]
75857700000000.0 749334000000000.0 17626300000.0 4242960000.0 1671990.0 88852600.0 0.0 4424270000.0 491952000.0 0.0 0.0 2210230000.0 453734000.0 6456790.0 102672.0 -1.62 4.04 [-1.62]
75857700000000.0 716731000000000.0 17060000000.0 3929200000.0 1436620.0 78386600.0 0.0 4426380000.0 433227000.0 0.0 0.0 2142800000.0 416285000.0 5719030.0 87921.1 -1.6 4.038 [-1.6]
75857700000000.0 685413000000000.0 16507000000.0 3636760000.0 1234010.0 69133900.0 0.0 4427920000.0 381377000.0 0.0 0.0 2076620000.0 381659000.0 5064700.0 75294.4 -1.58 4.036 [-1.58]
75857700000000.0 655824000000000.0 15976100000.0 3368660000.0 1061590.0 61041400.0 0.0 4428960000.0 336078000.0 0.0 0.0 2012780000.0 350210000.0 4490840.0 64606.6 -1.56 4.034 [-1.56]
75857700000000.0 627878000000000.0 15467000000.0 3122940000.0 914734.0 53960400.0 0.0 4429520000.0 296485000.0 0.0 0.0 1951300000.0 321655000.0 3987230.0 55549.4 -1.54 4.033 [-1.54]
75857700000000.0 601007000000000.0 14970300000.0 2893750000.0 788021.0 47689400.0 0.0 4429600000.0 261474000.0 0.0 0.0 1891110000.0 295243000.0 3539710.0 47770.1 -1.52 4.031 [-1.52]
75857700000000.0 575159000000000.0 14485700000.0 2680000000.0 678692.0 42135900.0 0.0 4429210000.0 230517000.0 0.0 0.0 1832190000.0 270820000.0 3142010.0 41086.4 -1.5 4.029 [-1.5]
75857700000000.0 550755000000000.0 14021800000.0 2484300000.0 585546.0 37276000.0 0.0 4428430000.0 203463000.0 0.0 0.0 1775620000.0 248679000.0 2792880.0 35414.8 -1.48 4.028 [-1.48]
75857700000000.0 527491000000000.0 13573800000.0 2303420000.0 505589.0 32994100.0 0.0 4427250000.0 179663000.0 0.0 0.0 1720830000.0 228403000.0 2484200.0 30563.4 -1.46 4.026 [-1.46]
75857700000000.0 505537000000000.0 13145700000.0 2137890000.0 437370.0 29243800.0 0.0 4425740000.0 158848000.0 0.0 0.0 1668350000.0 210035000.0 2212900.0 26437.6 -1.44 4.024 [-1.44]
75857700000000.0 484168000000000.0 12723900000.0 1981740000.0 377896.0 25892300.0 0.0 4423800000.0 140284000.0 0.0 0.0 1616550000.0 192845000.0 1969510.0 22850.2 -1.42 4.023 [-1.42]
75857700000000.0 464004000000000.0 12321200000.0 1838930000.0 327141.0 22956600.0 0.0 4421550000.0 124050000.0 0.0 0.0 1567010000.0 177283000.0 1755540.0 19796.1 -1.4 4.021 [-1.4]
75857700000000.0 444775000000000.0 11932900000.0 1706920000.0 283463.0 20365700.0 0.0 4418990000.0 109750000.0 0.0 0.0 1519150000.0 163034000.0 1565970.0 17173.2 -1.38 4.019 [-1.38]
75857700000000.0 426433000000000.0 11558400000.0 1584870000.0 245848.0 18078000.0 0.0 4416120000.0 97147800.0 0.0 0.0 1472950000.0 149985000.0 1397920.0 14918.0 -1.36 4.018 [-1.36]
75857700000000.0 408937000000000.0 11197400000.0 1472040000.0 213432.0 16057000.0 0.0 4412960000.0 86037800.0 0.0 0.0 1428370000.0 138036000.0 1248860.0 12976.8 -1.34 4.016 [-1.34]
75857700000000.0 392244000000000.0 10849500000.0 1367700000.0 185474.0 14270800.0 0.0 4409530000.0 76239200.0 0.0 0.0 1385370000.0 127091000.0 1116560.0 11303.9 -1.32 4.015 [-1.32]
75857700000000.0 376316000000000.0 10514400000.0 1271210000.0 161342.0 12691300.0 0.0 4405830000.0 67593300.0 0.0 0.0 1343910000.0 117064000.0 999069.0 9860.56 -1.3 4.013 [-1.3]
75857700000000.0 361115000000000.0 10191500000.0 1181950000.0 140495.0 11293700.0 0.0 4401880000.0 59961300.0 0.0 0.0 1303960000.0 107878000.0 894656.0 8613.74 -1.28 4.012 [-1.28]
75857700000000.0 346677000000000.0 9882090000.0 1099770000.0 122528.0 10060200.0 0.0 4397720000.0 53241200.0 0.0 0.0 1265660000.0 99496400.0 802081.0 7538.6 -1.26 4.01 [-1.26]
75857700000000.0 332825000000000.0 9582610000.0 1023340000.0 106924.0 8964010.0 0.0 4393310000.0 47283900.0 0.0 0.0 1228590000.0 91776800.0 719430.0 6604.34 -1.24 4.008 [-1.24]
75857700000000.0 319598000000000.0 9294250000.0 952598000.0 93408.4 7992450.0 0.0 4388670000.0 42017500.0 0.0 0.0 1192900000.0 84697700.0 645829.0 5794.21 -1.22 4.007 [-1.22]
75857700000000.0 306967000000000.0 9016630000.0 887104000.0 81691.2 7130870.0 0.0 4383840000.0 37359700.0 0.0 0.0 1158540000.0 78204800.0 580242.0 5090.82 -1.2 4.005 [-1.2]
75857700000000.0 294902000000000.0 8749360000.0 826451000.0 71523.4 6366350.0 0.0 4378810000.0 33238000.0 0.0 0.0 1125480000.0 72247100.0 521753.0 4479.3 -1.18 4.004 [-1.18]
75857700000000.0 283344000000000.0 8491360000.0 770116000.0 62676.2 5686440.0 0.0 4373570000.0 29582700.0 0.0 0.0 1093570000.0 66765200.0 469472.0 3946.07 -1.16 4.002 [-1.16]
75857800000000.0 272366000000000.0 8244480000.0 718220000.0 55013.7 5084580.0 0.0 4368190000.0 26356400.0 0.0 0.0 1063060000.0 61759800.0 422947.0 3482.96 -1.14 4.001 [-1.14]
75857700000000.0 261843000000000.0 8006130000.0 669972000.0 48331.0 4548510.0 0.0 4362630000.0 23491400.0 0.0 0.0 1033630000.0 57148500.0 381286.0 3077.93 -1.12 3.999 [-1.12]
75857700000000.0 251784000000000.0 7776730000.0 625242000.0 42509.3 4071670.0 0.0 4356910000.0 20950800.0 0.0 0.0 1005320000.0 52911600.0 344025.0 2723.92 -1.1 3.998 [-1.1]
75857700000000.0 242168000000000.0 7555930000.0 583756000.0 37432.1 3647240.0 0.0 4351040000.0 18696600.0 0.0 0.0 978100000.0 49016500.0 310672.0 2414.09 -1.08 3.997 [-1.08]
75857700000000.0 232974000000000.0 7343420000.0 545268000.0 32999.9 3269230.0 0.0 4345030000.0 16695300.0 0.0 0.0 951929000.0 45434800.0 280796.0 2142.57 -1.06 3.995 [-1.06]
75857700000000.0 224180000000000.0 7138860000.0 509545000.0 29126.4 2932320.0 0.0 4338890000.0 14917600.0 0.0 0.0 926766000.0 42139200.0 254011.0 1904.27 -1.04 3.994 [-1.04]
75857800000000.0 215768000000000.0 6941970000.0 476381000.0 25737.9 2631890.0 0.0 4332620000.0 13337700.0 0.0 0.0 902577000.0 39105900.0 229980.0 1694.87 -1.02 3.992 [-1.02]
75857800000000.0 207720000000000.0 6752420000.0 445577000.0 22770.2 2363770.0 0.0 4326240000.0 11932500.0 0.0 0.0 879322000.0 36312300.0 208402.0 1510.6 -1.0 3.991 [-1.0]
75857800000000.0 200018000000000.0 6569960000.0 416956000.0 20168.5 2124360.0 0.0 4319750000.0 10682200.0 0.0 0.0 856968000.0 33738700.0 189013.0 1348.24 -0.98 3.989 [-0.98]
75857800000000.0 192646000000000.0 6394280000.0 390352000.0 17884.9 1910440.0 0.0 4313150000.0 9568950.0 0.0 0.0 835479000.0 31366200.0 171574.0 1204.97 -0.96 3.988 [-0.96]
75857800000000.0 185587000000000.0 6225110000.0 365611000.0 15878.4 1719150.0 0.0 4306470000.0 8577110.0 0.0 0.0 814819000.0 29177800.0 155878.0 1078.39 -0.94 3.987 [-0.94]
75857800000000.0 178829000000000.0 6062200000.0 342597000.0 14113.6 1548010.0 0.0 4299690000.0 7693010.0 0.0 0.0 794961000.0 27158900.0 141739.0 966.41 -0.92 3.985 [-0.92]
75857800000000.0 172355000000000.0 5905290000.0 321176000.0 12559.4 1394780.0 0.0 4292840000.0 6904350.0 0.0 0.0 775867000.0 25294500.0 128992.0 867.199 -0.9 3.984 [-0.9]
75857800000000.0 166153000000000.0 5754140000.0 301231000.0 11189.4 1257500.0 0.0 4285920000.0 6200480.0 0.0 0.0 757511000.0 23572400.0 117491.0 779.196 -0.88 3.982 [-0.88]
75857800000000.0 160209000000000.0 5608510000.0 282653000.0 9980.22 1134430.0 0.0 4278930000.0 5571870.0 0.0 0.0 739862000.0 21980700.0 107106.0 701.028 -0.86 3.981 [-0.86]
75857800000000.0 154513000000000.0 5468190000.0 265339000.0 8911.91 1024030.0 0.0 4271890000.0 5010140.0 0.0 0.0 722892000.0 20508700.0 97719.8 631.507 -0.84 3.98 [-0.84]
75857800000000.0 149052000000000.0 5332930000.0 249197000.0 7966.99 924933.0 0.0 4264790000.0 4507850.0 0.0 0.0 706573000.0 19146700.0 89230.6 569.596 -0.82 3.978 [-0.82]
75857800000000.0 143815000000000.0 5202550000.0 234140000.0 7130.28 835919.0 0.0 4257650000.0 4058450.0 0.0 0.0 690879000.0 17885800.0 81546.2 514.391 -0.8 3.977 [-0.8]
75857800000000.0 138772000000000.0 5076310000.0 220034000.0 6386.84 755731.0 0.0 4250440000.0 3655190.0 0.0 0.0 675720000.0 16713200.0 74570.1 464.997 -0.78 3.976 [-0.78]
75857800000000.0 133974000000000.0 4955590000.0 206970000.0 5730.31 683955.0 0.0 4243260000.0 3295680.0 0.0 0.0 661263000.0 15634900.0 68272.4 421.042 -0.76 3.974 [-0.76]
75857800000000.0 129350000000000.0 4838630000.0 194716000.0 5145.5 619197.0 0.0 4236030000.0 2972600.0 0.0 0.0 647293000.0 14630800.0 62544.7 381.606 -0.74 3.973 [-0.74]
75857800000000.0 124911000000000.0 4725780000.0 183265000.0 4625.37 560882.0 0.0 4228770000.0 2682820.0 0.0 0.0 633852000.0 13698900.0 57343.1 346.265 -0.72 3.972 [-0.72]
75857800000000.0 120650000000000.0 4616870000.0 172559000.0 4162.26 508337.0 0.0 4221500000.0 2422750.0 0.0 0.0 620918000.0 12833700.0 52615.6 314.556 -0.7 3.97 [-0.7]
75857800000000.0 116558000000000.0 4511720000.0 162545000.0 3749.48 460961.0 0.0 4214220000.0 2189200.0 0.0 0.0 608470000.0 12029900.0 48315.3 286.072 -0.68 3.969 [-0.68]
75857800000000.0 112627000000000.0 4410180000.0 153173000.0 3381.14 418220.0 0.0 4206940000.0 1979330.0 0.0 0.0 596487000.0 11282600.0 44400.7 260.454 -0.66 3.968 [-0.66]
75857800000000.0 108835000000000.0 4311680000.0 144364000.0 3051.39 379551.0 0.0 4199620000.0 1790210.0 0.0 0.0 584902000.0 10584800.0 40827.3 237.339 -0.64 3.966 [-0.64]
75857800000000.0 105206000000000.0 4216930000.0 136147000.0 2757.26 344710.0 0.0 4192350000.0 1620490.0 0.0 0.0 573796000.0 9938050.0 37576.3 216.55 -0.62 3.965 [-0.62]
75857800000000.0 101733000000000.0 4125750000.0 128477000.0 2494.54 313292.0 0.0 4185120000.0 1468050.0 0.0 0.0 563147000.0 9338080.0 34615.6 197.825 -0.6 3.964 [-0.6]
75857800000000.0 98379400000000.0 4037200000.0 121255000.0 2258.54 284810.0 0.0 4177880000.0 1330390.0 0.0 0.0 552844000.0 8776650.0 31906.1 180.869 -0.58 3.962 [-0.58]
75857800000000.0 95153700000000.0 3951560000.0 114481000.0 2046.84 259040.0 0.0 4170650000.0 1206320.0 0.0 0.0 542919000.0 8253180.0 29429.9 165.532 -0.56 3.961 [-0.56]
75857800000000.0 92050800000000.0 3868710000.0 108123000.0 1856.75 235710.0 0.0 4163450000.0 1094430.0 0.0 0.0 533355000.0 7764830.0 27165.3 151.645 -0.54 3.96 [-0.54]
75857800000000.0 89065200000000.0 3788540000.0 102154000.0 1685.88 214578.0 0.0 4156280000.0 993465.0 0.0 0.0 524139000.0 7308970.0 25092.5 139.057 -0.52 3.958 [-0.52]
75857800000000.0 86191900000000.0 3710920000.0 96547300.0 1532.15 195427.0 0.0 4149150000.0 902304.0 0.0 0.0 515255000.0 6883170.0 23193.9 127.634 -0.5 3.957 [-0.5]
75857800000000.0 83425900000000.0 3635760000.0 91278200.0 1393.68 178061.0 0.0 4142050000.0 819949.0 0.0 0.0 506691000.0 6485230.0 21453.6 117.258 -0.48 3.956 [-0.48]
75857800000000.0 80762500000000.0 3562950000.0 86324200.0 1268.85 162305.0 0.0 4134990000.0 745505.0 0.0 0.0 498433000.0 6113110.0 19857.3 107.824 -0.46 3.954 [-0.46]
75857800000000.0 78197400000000.0 3492380000.0 81664500.0 1156.21 148004.0 0.0 4127970000.0 678175.0 0.0 0.0 490470000.0 5764930.0 18391.8 99.236 -0.44 3.953 [-0.44]
75857800000000.0 75726300000000.0 3423970000.0 77279500.0 1054.46 135016.0 0.0 4121010000.0 617242.0 0.0 0.0 482788000.0 5438920.0 17045.6 91.4117 -0.42 3.952 [-0.42]
