Cloudy_runs/1es1553/z=0.187764/component_II_PI_nH/component_II_PI_nH_col_density_param.txt
# %ECSV 1.0
# ---
# datatype:
# - {name: H, datatype: float64}
# - {name: H+, datatype: float64}
# - {name: C+, datatype: float64}
# - {name: C+2, datatype: float64}
# - {name: C+3, datatype: float64}
# - {name: N+2, datatype: float64}
# - {name: N+4, datatype: float64}
# - {name: O, datatype: float64}
# - {name: O+2, datatype: float64}
# - {name: O+5, datatype: float64}
# - {name: O+6, datatype: float64}
# - {name: Si+, datatype: float64}
# - {name: Si+2, datatype: float64}
# - {name: Si+3, datatype: float64}
# - {name: Si+4, datatype: float64}
# - {name: log_nH, datatype: float64}
# - {name: log_Te, datatype: float64}
# - {name: parameters, datatype: string, subtype: 'float64[1]'}
# schema: astropy-2.0
H H+ C+ C+2 C+3 N+2 N+4 O O+2 O+5 O+6 Si+ Si+2 Si+3 Si+4 log_nH log_Te parameters
75857700000000.0 3.95098e+18 3036770000.0 561600000000.0 2697350000000.0 84571300000.0 2982800000000.0 13252.8 215541000000.0 42656200000000.0 90545800000000.0 1337690.0 77997300.0 459826000.0 67857300000.0 -5.0 4.583 [-5.0]
75857700000000.0 3.73729e+18 3313120000.0 596869000000.0 2757020000000.0 90569900000.0 2969380000000.0 14842.0 232016000000.0 41054300000000.0 82802000000000.0 1606610.0 91435800.0 521150000.0 72790600000.0 -4.98 4.578 [-4.98]
75857700000000.0 3.53592e+18 3610370000.0 633512000000.0 2814470000000.0 96905700000.0 2951780000000.0 16623.4 249492000000.0 39430600000000.0 75585700000000.0 1925570.0 107005000.0 589669000.0 77965700000.0 -4.96 4.573 [-4.96]
75857700000000.0 3.34611e+18 3929850000.0 671536000000.0 2869590000000.0 103589000000.0 2930030000000.0 18620.1 267994000000.0 37792000000000.0 68874000000000.0 2303120.0 125010000.0 666094000.0 83383900000.0 -4.94 4.568 [-4.94]
75857800000000.0 3.16715e+18 4272910000.0 710939000000.0 2922230000000.0 110628000000.0 2904160000000.0 20858.2 287547000000.0 36145100000000.0 62644200000000.0 2749120.0 145800000.0 751186000.0 89045700000.0 -4.92 4.563 [-4.92]
75857800000000.0 2.9983e+18 4640800000.0 751716000000.0 2972310000000.0 118026000000.0 2874220000000.0 23363.3 308157000000.0 34496400000000.0 56872000000000.0 3274910.0 169764000.0 845793000.0 94951700000.0 -4.9 4.558 [-4.9]
75857800000000.0 2.83896e+18 5035000000.0 793865000000.0 3019690000000.0 125791000000.0 2840290000000.0 26167.0 329836000000.0 32852500000000.0 51535100000000.0 3893540.0 197343000.0 950794000.0 101100000000.0 -4.88 4.554 [-4.88]
75857800000000.0 2.68854e+18 5456910000.0 837365000000.0 3064290000000.0 133922000000.0 2802430000000.0 29302.9 352589000000.0 31219600000000.0 46610700000000.0 4619940.0 229028000.0 1067140000.0 107488000000.0 -4.86 4.549 [-4.86]
75857800000000.0 2.54648e+18 5908000000.0 882201000000.0 3106000000000.0 142422000000.0 2760740000000.0 32808.1 376414000000.0 29603800000000.0 42076400000000.0 5471190.0 265372000.0 1195870000.0 114113000000.0 -4.84 4.544 [-4.84]
75857700000000.0 2.4123e+18 6390000000.0 928362000000.0 3144730000000.0 151290000000.0 2715340000000.0 36726.8 401312000000.0 28010800000000.0 37910900000000.0 6466790.0 306990000.0 1338020000.0 120967000000.0 -4.82 4.54 [-4.82]
75857700000000.0 2.28556e+18 6904650000.0 975820000000.0 3180370000000.0 160526000000.0 2666360000000.0 41108.9 427282000000.0 26446100000000.0 34092900000000.0 7628960.0 354570000.0 1494710000.0 128044000000.0 -4.8 4.536 [-4.8]
75857700000000.0 2.16574e+18 7453000000.0 1024520000000.0 3212870000000.0 170114000000.0 2613920000000.0 45997.6 454280000000.0 24914500000000.0 30599700000000.0 8982740.0 408878000.0 1667240000.0 135337000000.0 -4.78 4.531 [-4.78]
75857700000000.0 2.05243e+18 8036560000.0 1074420000000.0 3242120000000.0 180042000000.0 2558190000000.0 51449.0 482278000000.0 23420600000000.0 27411100000000.0 10556500.0 470762000.0 1856880000.0 142835000000.0 -4.76 4.527 [-4.76]
75857700000000.0 1.94524e+18 8656920000.0 1125470000000.0 3268060000000.0 190299000000.0 2499340000000.0 57525.0 511245000000.0 21968600000000.0 24506900000000.0 12382400.0 541166000.0 2065020000.0 150529000000.0 -4.74 4.523 [-4.74]
75857700000000.0 1.84383e+18 9315330000.0 1177600000000.0 3290600000000.0 200863000000.0 2437570000000.0 64293.0 541143000000.0 20562200000000.0 21867900000000.0 14496400.0 621125000.0 2293070000.0 158403000000.0 -4.72 4.519 [-4.72]
75857700000000.0 1.74786e+18 10013200000.0 1230730000000.0 3309680000000.0 211714000000.0 2373100000000.0 71828.2 571924000000.0 19204400000000.0 19475200000000.0 16938800.0 711786000.0 2542550000.0 166444000000.0 -4.7 4.515 [-4.7]
75857700000000.0 1.65701e+18 10752000000.0 1284780000000.0 3325230000000.0 222827000000.0 2306140000000.0 80214.0 603540000000.0 17897900000000.0 17310700000000.0 19755000.0 814410000.0 2815050000.0 174635000000.0 -4.68 4.51 [-4.68]
75857800000000.0 1.57099e+18 11532800000.0 1339670000000.0 3337190000000.0 234174000000.0 2236950000000.0 89543.6 635936000000.0 16645000000000.0 15357200000000.0 22995400.0 930377000.0 3112200000.0 182956000000.0 -4.66 4.506 [-4.66]
75857700000000.0 1.48953e+18 12356900000.0 1395290000000.0 3345500000000.0 245724000000.0 2165770000000.0 99920.8 669056000000.0 15447200000000.0 13598100000000.0 26716000.0 1061200000.0 3435710000.0 191388000000.0 -4.64 4.502 [-4.64]
75857700000000.0 1.41238e+18 13225200000.0 1451520000000.0 3350110000000.0 257441000000.0 2092890000000.0 111459.0 702832000000.0 14305600000000.0 12017600000000.0 30979000.0 1208530000.0 3787360000.0 199907000000.0 -4.62 4.498 [-4.62]
75857700000000.0 1.33928e+18 14138300000.0 1508230000000.0 3350960000000.0 269285000000.0 2018580000000.0 124284.0 737191000000.0 13221100000000.0 10600800000000.0 35852800.0 1374150000.0 4169000000.0 208491000000.0 -4.6 4.494 [-4.6]
75857700000000.0 1.27002e+18 15097400000.0 1565290000000.0 3348030000000.0 281221000000.0 1943120000000.0 138544.0 772077000000.0 12193800000000.0 9333560000000.0 41413200.0 1560020000.0 4582440000.0 217113000000.0 -4.58 4.49 [-4.58]
75857700000000.0 1.20439e+18 16103200000.0 1622560000000.0 3341280000000.0 293206000000.0 1866820000000.0 154404.0 807419000000.0 11223700000000.0 8202720000000.0 47743400.0 1768240000.0 5029570000.0 225744000000.0 -4.56 4.487 [-4.56]
75857700000000.0 1.1422e+18 17156000000.0 1679880000000.0 3330680000000.0 305197000000.0 1789970000000.0 172045.0 843145000000.0 10310200000000.0 7195800000000.0 54934500.0 2001080000.0 5512320000.0 234355000000.0 -4.54 4.483 [-4.54]
75857700000000.0 1.08326e+18 18256300000.0 1737090000000.0 3316210000000.0 317150000000.0 1712860000000.0 191674.0 879183000000.0 9452500000000.0 6301180000000.0 63085800.0 2260990000.0 6032590000.0 242914000000.0 -4.52 4.479 [-4.52]
75857700000000.0 1.0274e+18 19404300000.0 1794000000000.0 3297870000000.0 329019000000.0 1635800000000.0 213524.0 915459000000.0 8649340000000.0 5508050000000.0 72305300.0 2550570000.0 6592280000.0 251389000000.0 -4.5 4.475 [-4.5]
75857700000000.0 9.74447e+17 20599800000.0 1850450000000.0 3275650000000.0 340759000000.0 1559060000000.0 237859.0 951899000000.0 7899350000000.0 4806390000000.0 82710400.0 2872630000.0 7193280000.0 259745000000.0 -4.48 4.471 [-4.48]
75857700000000.0 9.24256e+17 21842600000.0 1906220000000.0 3249570000000.0 352323000000.0 1482930000000.0 264975.0 988430000000.0 7200830000000.0 4186950000000.0 94427600.0 3230130000.0 7837430000.0 267947000000.0 -4.46 4.467 [-4.46]
75857700000000.0 8.76679e+17 23132300000.0 1961120000000.0 3219640000000.0 363667000000.0 1407670000000.0 295208.0 1024980000000.0 6551960000000.0 3641220000000.0 107593000.0 3626230000.0 8526500000.0 275957000000.0 -4.44 4.463 [-4.44]
75857700000000.0 8.31573e+17 24467800000.0 2014940000000.0 3185900000000.0 374745000000.0 1333540000000.0 328932.0 1061470000000.0 5950710000000.0 3161380000000.0 122352000.0 4064240000.0 9262260000.0 283738000000.0 -4.42 4.459 [-4.42]
75857700000000.0 7.88819e+17 25848800000.0 2067470000000.0 3148410000000.0 385516000000.0 1260780000000.0 366593.0 1097840000000.0 5394970000000.0 2740350000000.0 138864000.0 4547680000.0 10046100000.0 291252000000.0 -4.4 4.456 [-4.4]
75857700000000.0 7.48288e+17 27273900000.0 2118500000000.0 3107220000000.0 395939000000.0 1189590000000.0 408671.0 1134010000000.0 4882520000000.0 2371620000000.0 157293000.0 5080180000.0 10879500000.0 298459000000.0 -4.38 4.452 [-4.38]
75857700000000.0 7.09873e+17 28742400000.0 2167810000000.0 3062410000000.0 405976000000.0 1120190000000.0 455733.0 1169920000000.0 4411120000000.0 2049340000000.0 177819000.0 5665590000.0 11763500000.0 305320000000.0 -4.36 4.448 [-4.36]
75857700000000.0 6.73435e+17 30251600000.0 2215180000000.0 3014040000000.0 415589000000.0 1052710000000.0 508394.0 1205490000000.0 3978300000000.0 1768020000000.0 200634000.0 6308020000.0 12699700000.0 311799000000.0 -4.34 4.444 [-4.34]
75857700000000.0 6.38904e+17 31798900000.0 2260350000000.0 2962280000000.0 424736000000.0 987372000000.0 567337.0 1240640000000.0 3582090000000.0 1523120000000.0 225916000.0 7011130000.0 13688400000.0 317853000000.0 -4.32 4.441 [-4.32]
75857700000000.0 6.06182e+17 33381900000.0 2303110000000.0 2907230000000.0 433386000000.0 924304000000.0 633354.0 1275300000000.0 3220170000000.0 1310280000000.0 253867000.0 7778990000.0 14729700000.0 323444000000.0 -4.3 4.437 [-4.3]
75857700000000.0 5.75149e+17 34999900000.0 2343290000000.0 2849020000000.0 441521000000.0 863566000000.0 707401.0 1309430000000.0 2890040000000.0 1125510000000.0 284725000.0 8616310000.0 15824600000.0 328538000000.0 -4.28 4.433 [-4.28]
75857800000000.0 5.4573e+17 36648800000.0 2380660000000.0 2787810000000.0 449105000000.0 805272000000.0 790470.0 1342950000000.0 2589640000000.0 965425000000.0 318696000.0 9527060000.0 16972500000.0 333098000000.0 -4.26 4.429 [-4.26]
75857700000000.0 5.17841e+17 38326100000.0 2415030000000.0 2723770000000.0 456122000000.0 749486000000.0 883723.0 1375800000000.0 2316850000000.0 826965000000.0 356010000.0 10515500000.0 18172800000.0 337089000000.0 -4.24 4.426 [-4.24]
75857700000000.0 4.91392e+17 40030000000.0 2446250000000.0 2657060000000.0 462554000000.0 696229000000.0 988525.0 1407930000000.0 2069520000000.0 707355000000.0 396923000.0 11586200000.0 19424700000.0 340480000000.0 -4.22 4.422 [-4.22]
75857700000000.0 4.66328e+17 41750000000.0 2473990000000.0 2587980000000.0 468360000000.0 645592000000.0 1106140.0 1439210000000.0 1845960000000.0 604294000000.0 441586000.0 12741700000.0 20726200000.0 343236000000.0 -4.2 4.419 [-4.2]
75857700000000.0 4.4256e+17 43492800000.0 2498320000000.0 2516630000000.0 473561000000.0 597508000000.0 1238520.0 1469680000000.0 1643990000000.0 515535000000.0 490349000.0 13987800000.0 22075300000.0 345335000000.0 -4.18 4.415 [-4.18]
75857700000000.0 4.20022e+17 45238300000.0 2518760000000.0 2443350000000.0 478096000000.0 552031000000.0 1387130.0 1499160000000.0 1462090000000.0 439260000000.0 543284000.0 15325500000.0 23470400000.0 346748000000.0 -4.16 4.411 [-4.16]
75857700000000.0 3.98668e+17 47006700000.0 2535710000000.0 2368300000000.0 482033000000.0 509078000000.0 1554630.0 1527750000000.0 1298360000000.0 373794000000.0 600846000.0 16761500000.0 24905500000.0 347459000000.0 -4.14 4.408 [-4.14]
75857700000000.0 3.78413e+17 48771800000.0 2548620000000.0 2291790000000.0 485299000000.0 468648000000.0 1742890.0 1555260000000.0 1151380000000.0 317686000000.0 663052000.0 18295600000.0 26379500000.0 347445000000.0 -4.12 4.404 [-4.12]
75857800000000.0 3.59216e+17 50533900000.0 2557520000000.0 2214100000000.0 487910000000.0 430695000000.0 1954610.0 1581670000000.0 1019680000000.0 269685000000.0 730123000.0 19930000000.0 27886500000.0 346694000000.0 -4.1 4.401 [-4.1]
75857700000000.0 3.41005e+17 52291700000.0 2562400000000.0 2135420000000.0 489870000000.0 395117000000.0 2192970.0 1606940000000.0 901750000000.0 228638000000.0 802332000.0 21667900000.0 29421800000.0 345193000000.0 -4.08 4.397 [-4.08]
75857700000000.0 3.23733e+17 54037500000.0 2563180000000.0 2056070000000.0 491174000000.0 361860000000.0 2461210.0 1631010000000.0 796374000000.0 193601000000.0 879795000.0 23509100000.0 30979400000.0 342938000000.0 -4.06 4.394 [-4.06]
75857700000000.0 3.07353e+17 55767800000.0 2559900000000.0 1976300000000.0 491834000000.0 330843000000.0 2763100.0 1653830000000.0 702367000000.0 163734000000.0 962656000.0 25453600000.0 32552200000.0 339925000000.0 -4.04 4.39 [-4.04]
75857700000000.0 2.91817e+17 57475900000.0 2552530000000.0 1896400000000.0 491850000000.0 301983000000.0 3102790.0 1675350000000.0 618635000000.0 138307000000.0 1051000000.0 27500000000.0 34132900000.0 336158000000.0 -4.02 4.387 [-4.02]
75857700000000.0 2.77081e+17 59159300000.0 2541180000000.0 1816620000000.0 491235000000.0 275186000000.0 3485050.0 1695530000000.0 544161000000.0 116687000000.0 1144930000.0 29646600000.0 35713100000.0 331647000000.0 -4.0 4.384 [-4.0]
75857700000000.0 2.63102e+17 60810400000.0 2525860000000.0 1737230000000.0 489997000000.0 250359000000.0 3915060.0 1714310000000.0 478028000000.0 98328000000.0 1244410000.0 31889000000.0 37284200000.0 326402000000.0 -3.98 4.38 [-3.98]
75857800000000.0 2.49839e+17 62424900000.0 2506670000000.0 1658490000000.0 488146000000.0 227404000000.0 4398720.0 1731640000000.0 419382000000.0 82755600000.0 1349440000.0 34222700000.0 38836600000.0 320442000000.0 -3.96 4.377 [-3.96]
75857800000000.0 2.37255e+17 63997500000.0 2483720000000.0 1580630000000.0 485695000000.0 206225000000.0 4942560.0 1747490000000.0 367452000000.0 69564000000.0 1459900000.0 36640700000.0 40360300000.0 313791000000.0 -3.94 4.374 [-3.94]
75857700000000.0 2.25314e+17 65525700000.0 2457190000000.0 1503890000000.0 482665000000.0 186723000000.0 5553930.0 1761810000000.0 321534000000.0 58403300000.0 1575670000.0 39135400000.0 41844300000.0 306479000000.0 -3.92 4.37 [-3.92]
75857700000000.0 2.13987e+17 67007700000.0 2427270000000.0 1428480000000.0 479079000000.0 168803000000.0 6240960.0 1774580000000.0 280994000000.0 48973900000.0 1696570000.0 41697900000.0 43276800000.0 298543000000.0 -3.9 4.367 [-3.9]
75857700000000.0 2.03221e+17 68432900000.0 2393970000000.0 1354520000000.0 474931000000.0 152349000000.0 7013310.0 1785720000000.0 245209000000.0 41006500000.0 1822310000.0 44316200000.0 44648700000.0 290006000000.0 -3.88 4.364 [-3.88]
75857700000000.0 1.93012e+17 69799300000.0 2357640000000.0 1282330000000.0 470262000000.0 137299000000.0 7879950.0 1795210000000.0 213727000000.0 34296100000.0 1952340000.0 46975200000.0 45946900000.0 280934000000.0 -3.86 4.36 [-3.86]
75857700000000.0 1.83321e+17 71105700000.0 2318440000000.0 1212010000000.0 465089000000.0 123547000000.0 8852620.0 1803020000000.0 186042000000.0 28646400000.0 2086340000.0 49661900000.0 47160100000.0 271370000000.0 -3.84 4.357 [-3.84]
75857700000000.0 1.7412e+17 72348800000.0 2276600000000.0 1143710000000.0 459434000000.0 111004000000.0 9943750.0 1809100000000.0 161727000000.0 23895500000.0 2223790000.0 52359500000.0 48277000000.0 261367000000.0 -3.82 4.354 [-3.82]
75857700000000.0 1.65384e+17 73526100000.0 2232340000000.0 1077530000000.0 453320000000.0 99583000000.0 11167100.0 1813440000000.0 140402000000.0 19905200000.0 2364090000.0 55050400000.0 49286800000.0 250983000000.0 -3.8 4.35 [-3.8]
75857700000000.0 1.57089e+17 74635800000.0 2185900000000.0 1013590000000.0 446771000000.0 89203400000.0 12538000.0 1815990000000.0 121723000000.0 16558200000.0 2506610000.0 57715600000.0 50179100000.0 240281000000.0 -3.78 4.347 [-3.78]
75857700000000.0 1.49212e+17 75676700000.0 2137510000000.0 951977000000.0 439814000000.0 79786800000.0 14073300.0 1816720000000.0 105384000000.0 13754500000.0 2650620000.0 60335200000.0 50944100000.0 229325000000.0 -3.76 4.344 [-3.76]
75857700000000.0 1.4174e+17 76646900000.0 2087500000000.0 892818000000.0 432485000000.0 71268300000.0 15789800.0 1815640000000.0 91127500000.0 11411300000.0 2795170000.0 62887200000.0 51574300000.0 218196000000.0 -3.74 4.34 [-3.74]
75857700000000.0 1.34635e+17 77548700000.0 2035970000000.0 836016000000.0 424790000000.0 63557300000.0 17711200.0 1812690000000.0 78674600000.0 9451260000.0 2939860000.0 65353600000.0 52060300000.0 206936000000.0 -3.72 4.337 [-3.72]
75857700000000.0 1.27878e+17 78381900000.0 1983140000000.0 781602000000.0 416754000000.0 56589200000.0 19861000.0 1807840000000.0 67813200000.0 7814230000.0 3083920000.0 67713300000.0 52395700000.0 195613000000.0 -3.7 4.334 [-3.7]
75857700000000.0 1.21469e+17 79145000000.0 1929410000000.0 729734000000.0 408429000000.0 50319200000.0 22259600.0 1801130000000.0 58376500000.0 6452170000.0 3226070000.0 69943400000.0 52578200000.0 184322000000.0 -3.68 4.33 [-3.68]
75857700000000.0 1.15381e+17 79839100000.0 1874900000000.0 680338000000.0 399831000000.0 44679200000.0 24936100.0 1792510000000.0 50178000000.0 5319020000.0 3365680000.0 72025200000.0 52604300000.0 173116000000.0 -3.66 4.327 [-3.66]
