Cloudy_runs/1es1553/z=0.187764/component_II_PI_nH/component_II_PI_nH_col_density_param.txt
# %ECSV 1.0
# ---
# datatype:
# - {name: H, datatype: float64}
# - {name: H+, datatype: float64}
# - {name: C+, datatype: float64}
# - {name: C+2, datatype: float64}
# - {name: C+3, datatype: float64}
# - {name: N+2, datatype: float64}
# - {name: N+4, datatype: float64}
# - {name: O, datatype: float64}
# - {name: O+2, datatype: float64}
# - {name: O+5, datatype: float64}
# - {name: O+6, datatype: float64}
# - {name: Si+, datatype: float64}
# - {name: Si+2, datatype: float64}
# - {name: Si+3, datatype: float64}
# - {name: Si+4, datatype: float64}
# - {name: log_nH, datatype: float64}
# - {name: log_Te, datatype: float64}
# - {name: parameters, datatype: string, subtype: 'float64[1]'}
# schema: astropy-2.0
H H+ C+ C+2 C+3 N+2 N+4 O O+2 O+5 O+6 Si+ Si+2 Si+3 Si+4 log_nH log_Te parameters
[from data line 63]
75857700000000.0 1.53104e+16 3186220000000.0 31839700000000.0 5640350000000.0 6815200000000.0 278155000000.0 20348000000.0 46781200000000.0 40480600000.0 741623000.0 1112670000000.0 934991000000.0 2033950000000.0 856955000000.0 -3.74 3.075 [-3.74]
75857700000000.0 1.44682e+16 3153320000000.0 30226700000000.0 5116620000000.0 6506160000000.0 240181000000.0 22429300000.0 44805400000000.0 33142600000.0 579326000.0 1142120000000.0 892499000000.0 1893290000000.0 746475000000.0 -3.72 3.063 [-3.72]
75857700000000.0 1.36755e+16 3120480000000.0 28689700000000.0 4637580000000.0 6205580000000.0 207289000000.0 24681300000.0 42851500000000.0 27106600000.0 452167000.0 1168290000000.0 849295000000.0 1758460000000.0 648687000000.0 -3.7 3.064 [-3.7]
75857800000000.0 1.29293e+16 3087710000000.0 27225300000000.0 4199680000000.0 5913610000000.0 178812000000.0 27113600000.0 40924500000000.0 22145900000.0 352613000.0 1191000000000.0 805718000000.0 1629690000000.0 562388000000.0 -3.68 3.052 [-3.68]
75857700000000.0 1.2227e+16 3055190000000.0 25831200000000.0 3799740000000.0 5630550000000.0 154180000000.0 29734200000.0 39030100000000.0 18074800000.0 274773000.0 1210110000000.0 762138000000.0 1507270000000.0 486496000000.0 -3.66 3.053 [-3.66]
75857800000000.0 1.1566e+16 3023000000000.0 24504500000000.0 3434760000000.0 5356560000000.0 132887000000.0 32552000000.0 37173000000000.0 14737300000.0 213966000.0 1225570000000.0 718882000000.0 1391320000000.0 419964000000.0 -3.64 3.042 [-3.64]
75857700000000.0 1.09441e+16 2991290000000.0 23243000000000.0 3102000000000.0 5091840000000.0 114496000000.0 35574100000.0 35358200000000.0 12005100000.0 166522000.0 1237320000000.0 676268000000.0 1281950000000.0 361830000000.0 -3.62 3.031 [-3.62]
75857700000000.0 1.03589e+16 2960080000000.0 22043900000000.0 2798900000000.0 4836410000000.0 98618800000.0 38808100000.0 33589300000000.0 9770750000.0 129532000.0 1245410000000.0 634556000000.0 1179150000000.0 311180000000.0 -3.6 3.021 [-3.6]
75857700000000.0 9809060000000000.0 2929540000000.0 20905900000000.0 2523360000000.0 4590630000000.0 84934500000.0 42257300000.0 31872100000000.0 7947400000.0 100744000.0 1249920000000.0 594044000000.0 1082990000000.0 267223000000.0 -3.58 3.011 [-3.58]
75857700000000.0 9291160000000000.0 2899610000000.0 19823900000000.0 2272630000000.0 4353890000000.0 73120000000.0 45933900000.0 30205300000000.0 6458050000.0 78311200.0 1250950000000.0 554831000000.0 993135000000.0 229100000000.0 -3.56 3.002 [-3.56]
75857700000000.0 8804300000000000.0 2870420000000.0 18797300000000.0 2045070000000.0 4126600000000.0 62942200000.0 49838000000.0 28594700000000.0 5244730000.0 60869800.0 1248670000000.0 517157000000.0 909584000000.0 196173000000.0 -3.54 2.992 [-3.54]
75857700000000.0 8346440000000000.0 2841960000000.0 17823200000000.0 1838690000000.0 3908540000000.0 54174000000.0 53974800000.0 27041300000000.0 4256830000.0 47310600.0 1243270000000.0 481130000000.0 832091000000.0 167790000000.0 -3.52 2.983 [-3.52]
75857800000000.0 7915840000000000.0 2814240000000.0 16899200000000.0 1651740000000.0 3699580000000.0 46622900000.0 58348400000.0 25546600000000.0 3453150000.0 36773400.0 1234980000000.0 446838000000.0 760411000000.0 143376000000.0 -3.5 2.974 [-3.5]
75857700000000.0 7510890000000000.0 2787270000000.0 16023000000000.0 1482590000000.0 3499570000000.0 40121800000.0 62960700000.0 24111500000000.0 2799890000.0 28587600.0 1224020000000.0 414344000000.0 694280000000.0 122417000000.0 -3.48 2.974 [-3.48]
75857700000000.0 7130060000000000.0 2761030000000.0 15192300000000.0 1329720000000.0 3308340000000.0 34526400000.0 67812600000.0 22736800000000.0 2269330000.0 22229900.0 1210650000000.0 383680000000.0 633413000000.0 104457000000.0 -3.46 2.965 [-3.46]
75857800000000.0 6770700000000000.0 2735330000000.0 14402400000000.0 1191360000000.0 3125080000000.0 29697800000.0 72916000000.0 21418000000000.0 1837630000.0 17280100.0 1195050000000.0 354750000000.0 577334000000.0 89049900000.0 -3.44 2.965 [-3.44]
75857800000000.0 6433550000000000.0 2710380000000.0 13655800000000.0 1066920000000.0 2950630000000.0 25554400000.0 78251700000.0 20162600000000.0 1488280000.0 13445600.0 1177600000000.0 327706000000.0 526056000000.0 75916400000.0 -3.42 2.957 [-3.42]
75857800000000.0 6117130000000000.0 2686110000000.0 12950100000000.0 955073000000.0 2784660000000.0 21997600000.0 83817100000.0 18969600000000.0 1205560000.0 10472800.0 1158560000000.0 302492000000.0 479229000000.0 64728300000.0 -3.4 2.957 [-3.4]
75857800000000.0 5818190000000000.0 2662240000000.0 12278900000000.0 854129000000.0 2625920000000.0 18927300000.0 89632300000.0 17830300000000.0 975718000.0 8155690.0 1138020000000.0 278902000000.0 436276000000.0 55157800000.0 -3.38 2.948 [-3.38]
75857800000000.0 5536530000000000.0 2638810000000.0 11642500000000.0 763352000000.0 2474630000000.0 16284500000.0 95684500000.0 16747300000000.0 789437000.0 6354200.0 1116280000000.0 256946000000.0 397039000000.0 46998500000.0 -3.36 2.948 [-3.36]
75857800000000.0 5271040000000000.0 2615770000000.0 11039000000000.0 681794000000.0 2330520000000.0 14009700000.0 101970000000.0 15718900000000.0 638509000.0 0.0 1093540000000.0 236552000000.0 361232000000.0 40046500000.0 -3.34 2.94 [-3.34]
75857700000000.0 5020640000000000.0 2593050000000.0 10466500000000.0 608579000000.0 2193320000000.0 12051500000.0 108486000000.0 14743500000000.0 516256000.0 0.0 1069990000000.0 217638000000.0 328580000000.0 34125100000.0 -3.32 2.94 [-3.32]
75857700000000.0 4784330000000000.0 2570570000000.0 9923540000000.0 542905000000.0 2062730000000.0 10365500000.0 115226000000.0 13819300000000.0 417256000.0 0.0 1045810000000.0 200123000000.0 298824000000.0 29082900000.0 -3.3 2.932 [-3.3]
75857800000000.0 4561190000000000.0 2548270000000.0 9408320000000.0 484038000000.0 1938510000000.0 8913960000.0 122186000000.0 12944400000000.0 337106000.0 0.0 1021170000000.0 183921000000.0 271720000000.0 24790000000.0 -3.28 2.931 [-3.28]
75857800000000.0 4350340000000000.0 2526100000000.0 8919380000000.0 431311000000.0 1820380000000.0 7664050000.0 129359000000.0 12116700000000.0 272234000.0 0.0 996201000000.0 168951000000.0 247043000000.0 21135100000.0 -3.26 2.924 [-3.26]
75857800000000.0 4150970000000000.0 2503980000000.0 8455260000000.0 384114000000.0 1708100000000.0 6587740000.0 136738000000.0 11334400000000.0 219741000.0 0.0 971032000000.0 155131000000.0 224581000000.0 18023400000.0 -3.24 2.923 [-3.24]
75857800000000.0 3962330000000000.0 2481870000000.0 8014620000000.0 341893000000.0 1601420000000.0 5660870000.0 144315000000.0 10595400000000.0 177277000.0 0.0 945777000000.0 142381000000.0 204140000000.0 15373900000.0 -3.22 2.916 [-3.22]
75857800000000.0 3783700000000000.0 2459690000000.0 7596160000000.0 304147000000.0 1500100000000.0 4862700000.0 152081000000.0 9897740000000.0 142938000.0 0.0 920531000000.0 130626000000.0 185540000000.0 13117500000.0 -3.2 2.915 [-3.2]
75857800000000.0 3614450000000000.0 2437410000000.0 7198700000000.0 270421000000.0 1403940000000.0 4175400000.0 160027000000.0 9239620000000.0 115178000.0 0.0 895382000000.0 119793000000.0 168619000000.0 11195500000.0 -3.18 2.908 [-3.18]
75857800000000.0 3453950000000000.0 2414960000000.0 6821070000000.0 240302000000.0 1312690000000.0 3583580000.0 168143000000.0 8619050000000.0 92745900.0 0.0 870399000000.0 109815000000.0 153223000000.0 9557940000.0 -3.16 2.9 [-3.16]
75857800000000.0 3301640000000000.0 2392280000000.0 6462210000000.0 213420000000.0 1226180000000.0 3074070000.0 176417000000.0 8034230000000.0 74626800.0 0.0 845645000000.0 100627000000.0 139216000000.0 8162290000.0 -3.14 2.893 [-3.14]
75857800000000.0 3156990000000000.0 2369350000000.0 6121130000000.0 189439000000.0 1144200000000.0 2635480000.0 184838000000.0 7483360000000.0 59998700.0 0.0 821173000000.0 92168500000.0 126471000000.0 6972460000.0 -3.12 2.886 [-3.12]
75857800000000.0 3019520000000000.0 2346100000000.0 5796900000000.0 168057000000.0 1066570000000.0 2258040000.0 193394000000.0 6964780000000.0 48195900.0 0.0 797028000000.0 84384400000.0 114876000000.0 5957840000.0 -3.1 2.885 [-3.1]
75857800000000.0 2888760000000000.0 2322490000000.0 5488610000000.0 149001000000.0 993101000000.0 1933310000.0 202071000000.0 6476780000000.0 38677800.0 0.0 773241000000.0 77221700000.0 104324000000.0 5092250000.0 -3.08 2.879 [-3.08]
75857800000000.0 2764290000000000.0 2298480000000.0 5195430000000.0 132028000000.0 923631000000.0 1654020000.0 210858000000.0 6017800000000.0 31007300.0 0.0 749842000000.0 70632100000.0 94721700000.0 4353570000.0 -3.06 2.872 [-3.06]
75857800000000.0 2645720000000000.0 2274040000000.0 4916580000000.0 116917000000.0 857998000000.0 1413910000.0 219740000000.0 5586350000000.0 24830800.0 0.0 726855000000.0 64571100000.0 85982800000.0 3723000000.0 -3.04 2.865 [-3.04]
75857800000000.0 2532700000000000.0 2249110000000.0 4651340000000.0 103470000000.0 796045000000.0 1207590000.0 228702000000.0 5180980000000.0 19861000.0 0.0 704297000000.0 58997200000.0 78029100000.0 3184520000.0 -3.02 2.837 [-3.02]
75857800000000.0 2424860000000000.0 2223660000000.0 4399000000000.0 91510300000.0 737621000000.0 1030400000.0 237731000000.0 4800320000000.0 15865700.0 0.0 682178000000.0 53872100000.0 70789500000.0 2724530000.0 -3.0 2.808 [-3.0]
75857800000000.0 2321910000000000.0 2197670000000.0 4158950000000.0 80879500000.0 682584000000.0 878315000.0 246811000000.0 4443090000000.0 12657200.0 0.0 660511000000.0 49161000000.0 64200200000.0 2331480000.0 -2.98 2.763 [-2.98]
75857800000000.0 2223540000000000.0 2171090000000.0 3930560000000.0 71434400000.0 630795000000.0 747873000.0 255927000000.0 4108040000000.0 10083000.0 0.0 639300000000.0 44831400000.0 58202300000.0 1995510000.0 -2.96 2.751 [-2.96]
75857800000000.0 2129500000000000.0 2143910000000.0 3713280000000.0 63047800000.0 582123000000.0 636084000.0 265065000000.0 3794030000000.0 8020320.0 0.0 618550000000.0 40853800000.0 52743400000.0 1708280000.0 -2.94 2.747 [-2.94]
75857800000000.0 2039530000000000.0 2116100000000.0 3506580000000.0 55605300000.0 536437000000.0 540359000.0 274207000000.0 3499940000000.0 6369450.0 0.0 598261000000.0 37200700000.0 47775200000.0 1462630000.0 -2.92 2.725 [-2.92]
75857800000000.0 1952980000000000.0 2087490000000.0 3309040000000.0 48981100000.0 493450000000.0 458181000.0 283359000000.0 3223630000000.0 5046140.0 0.0 578332000000.0 33834300000.0 43236900000.0 1251850000.0 -2.9 2.72 [-2.9]
75857800000000.0 1870440000000000.0 2058330000000.0 3121990000000.0 43131000000.0 453356000000.0 388208000.0 292469000000.0 2966260000000.0 3993390.0 0.0 558954000000.0 30756500000.0 39123100000.0 1072090000.0 -2.88 2.715 [-2.88]
75857800000000.0 1791800000000000.0 2028720000000.0 2945170000000.0 37972200000.0 416062000000.0 328737000.0 301511000000.0 2727100000000.0 3157610.0 0.0 540157000000.0 27948100000.0 35399100000.0 918879000.0 -2.86 2.71 [-2.86]
75857800000000.0 1715580000000000.0 1998090000000.0 2775280000000.0 33368000000.0 380964000000.0 277604000.0 310539000000.0 2501890000000.0 2487860.0 0.0 521601000000.0 25351200000.0 31982700000.0 786776000.0 -2.84 2.705 [-2.84]
75857800000000.0 1642840000000000.0 1966960000000.0 2614670000000.0 29312800000.0 348406000000.0 234247000.0 319475000000.0 2292940000000.0 1957970.0 0.0 503599000000.0 22983400000.0 28890700000.0 674134000.0 -2.82 2.699 [-2.82]
75857800000000.0 1573020000000000.0 1935170000000.0 2462090000000.0 25728900000.0 318130000000.0 197376000.0 328323000000.0 2098440000000.0 1537890.0 0.0 486048000000.0 20816600000.0 26081100000.0 577711000.0 -2.8 2.694 [-2.8]
75857800000000.0 1506000000000000.0 1902760000000.0 2317220000000.0 22564000000.0 290027000000.0 166063000.0 337068000000.0 1917630000000.0 1205500.0 0.0 468943000000.0 18835600000.0 23529400000.0 495164000.0 -2.78 2.689 [-2.78]
75857800000000.0 1441640000000000.0 1869730000000.0 2179720000000.0 19771500000.0 263989000000.0 139510000.0 345695000000.0 1749800000000.0 943025.0 0.0 452283000000.0 17026200000.0 21213100000.0 424494000.0 -2.76 2.683 [-2.76]
75857800000000.0 1379830000000000.0 1836150000000.0 2049290000000.0 17309800000.0 239914000000.0 117030000.0 354189000000.0 1594250000000.0 0.0 0.0 436065000000.0 15375200000.0 19111900000.0 363990000.0 -2.74 2.678 [-2.74]
75857800000000.0 1320470000000000.0 1802040000000.0 1925650000000.0 15141600000.0 217696000000.0 98026600.0 362538000000.0 1450320000000.0 0.0 0.0 420287000000.0 13870500000.0 17207000000.0 312189000.0 -2.72 2.672 [-2.72]
75857800000000.0 1263450000000000.0 1767460000000.0 1808520000000.0 13233700000.0 197234000000.0 81989400.0 370727000000.0 1317370000000.0 0.0 0.0 404947000000.0 12500700000.0 15481300000.0 267838000.0 -2.7 2.666 [-2.7]
75857800000000.0 1208680000000000.0 1732470000000.0 1697620000000.0 11556600000.0 178428000000.0 68477600.0 378743000000.0 1194780000000.0 0.0 0.0 390044000000.0 11255300000.0 13919300000.0 229864000.0 -2.68 2.66 [-2.68]
75857800000000.0 1156090000000000.0 1697120000000.0 1592710000000.0 10083700000.0 161180000000.0 57112700.0 386574000000.0 1081950000000.0 0.0 0.0 375576000000.0 10124400000.0 12506500000.0 197348000.0 -2.66 2.655 [-2.66]
75857800000000.0 1106020000000000.0 1661760000000.0 1494370000000.0 8799380000.0 145489000000.0 47623300.0 394188000000.0 978957000000.0 0.0 0.0 361663000000.0 9105110000.0 11237700000.0 169651000.0 -2.64 2.649 [-2.64]
75857800000000.0 1057550000000000.0 1625920000000.0 1400680000000.0 7665980000.0 131063000000.0 39615600.0 401617000000.0 883879000000.0 0.0 0.0 348060000000.0 8175780000.0 10084400000.0 145789000.0 -2.62 2.643 [-2.62]
75857800000000.0 1010630000000000.0 1589630000000.0 1311460000000.0 6667160000.0 117831000000.0 32874600.0 408849000000.0 796300000000.0 0.0 0.0 334767000000.0 7329830000.0 9037080000.0 125240000.0 -2.6 2.636 [-2.6]
75857800000000.0 966018000000000.0 1553570000000.0 1228080000000.0 5799780000.0 105875000000.0 27280500.0 415836000000.0 716883000000.0 0.0 0.0 322021000000.0 6570960000.0 8099890000.0 107747000.0 -2.58 2.63 [-2.58]
75857800000000.0 923490000000000.0 1517700000000.0 1149990000000.0 5045150000.0 95065600000.0 22631700.0 422580000000.0 644815000000.0 0.0 0.0 309773000000.0 5889250000.0 7259660000.0 92811900.0 -2.56 2.624 [-2.56]
75857800000000.0 882483000000000.0 1481720000000.0 1076000000000.0 4383170000.0 85226000000.0 18741600.0 429096000000.0 578945000000.0 0.0 0.0 297871000000.0 5272200000.0 6500160000.0 79958500.0 -2.54 2.618 [-2.54]
75857800000000.0 843193000000000.0 1445890000000.0 1006400000000.0 3805830000.0 76325800000.0 15505700.0 435368000000.0 519138000000.0 0.0 0.0 286384000000.0 4716910000.0 5817460000.0 68938200.0 -2.52 2.611 [-2.52]
75857800000000.0 805563000000000.0 1410270000000.0 940967000000.0 3302760000.0 68289400000.0 12817800.0 441392000000.0 464939000000.0 0.0 0.0 275308000000.0 4217770000.0 5204320000.0 59485900.0 -2.5 2.605 [-2.5]
75857800000000.0 769536000000000.0 1374920000000.0 879499000000.0 2864780000.0 61044900000.0 10587700.0 447165000000.0 415908000000.0 0.0 0.0 264636000000.0 3769590000.0 4654070000.0 51374100.0 -2.48 2.599 [-2.48]
75857800000000.0 735058000000000.0 1339970000000.0 821745000000.0 2483650000.0 54523500000.0 8739650.0 452686000000.0 371623000000.0 0.0 0.0 254362000000.0 3367550000.0 4160640000.0 44409100.0 -2.46 2.592 [-2.46]
75857800000000.0 701716000000000.0 1304980000000.0 767025000000.0 2149930000.0 48619500000.0 7199530.0 457966000000.0 331389000000.0 0.0 0.0 244367000000.0 3004480000.0 3715010000.0 38385000.0 -2.44 2.586 [-2.44]
75857800000000.0 670182000000000.0 1270810000000.0 716302000000.0 1862600000.0 43364400000.0 5936330.0 462977000000.0 295492000000.0 0.0 0.0 234867000000.0 2682180000.0 3319380000.0 33245400.0 -2.42 2.579 [-2.42]
75857800000000.0 640180000000000.0 1237290000000.0 669007000000.0 1614050000.0 38669700000.0 4895830.0 467730000000.0 263347000000.0 0.0 0.0 225784000000.0 2394820000.0 2966540000.0 28836600.0 -2.4 2.573 [-2.4]
