Cloudy_runs/pg1216/z=0.006328/logZ=-1/component_I_PI_nH/component_I_PI_nH_col_density_param.txt
# %ECSV 1.0
# ---
# datatype:
# - {name: H, datatype: float64}
# - {name: H+, datatype: float64}
# - {name: C+, datatype: float64}
# - {name: C+2, datatype: float64}
# - {name: C+3, datatype: float64}
# - {name: N+, datatype: float64}
# - {name: N+2, datatype: float64}
# - {name: N+4, datatype: float64}
# - {name: O, datatype: float64}
# - {name: O+2, datatype: float64}
# - {name: O+5, datatype: float64}
# - {name: O+6, datatype: float64}
# - {name: P+, datatype: float64}
# - {name: Si+, datatype: float64}
# - {name: Si+2, datatype: float64}
# - {name: Si+3, datatype: float64}
# - {name: Si+4, datatype: float64}
# - {name: Fe+, datatype: float64}
# - {name: Al+, datatype: float64}
# - {name: log_nH, datatype: float64}
# - {name: parameters, datatype: string, subtype: 'float64[1]'}
# schema: astropy-2.0
H H+ C+ C+2 C+3 N+ N+2 N+4 O O+2 O+5 O+6 P+ Si+ Si+2 Si+3 Si+4 Fe+ Al+ log_nH parameters
[from data line 122]
36307800000000.0 1484950000000000.0 21425100000.0 19300100000.0 88313000.0 8331090000.0 1835040000.0 228446.0 1826340000.0 10837500000.0 0.0 0.0 30097700.0 2207970000.0 2572040000.0 140388000.0 7486090.0 604466000.0 257064000.0 -2.56 [-2.56]
36307800000000.0 1414690000000000.0 20891800000.0 17954900000.0 75857500.0 8064520000.0 1627070000.0 186090.0 1850490000.0 9589150000.0 0.0 0.0 29013700.0 2177060000.0 2392250000.0 124550000.0 6366840.0 611485000.0 250057000.0 -2.54 [-2.54]
36307800000000.0 1347880000000000.0 20362400000.0 16696600000.0 65125100.0 7798870000.0 1441210000.0 151461.0 1873170000.0 8477200000.0 0.0 0.0 27962000.0 2144780000.0 2223130000.0 110424000.0 5412780.0 618027000.0 243106000.0 -2.52 [-2.52]
36307800000000.0 1284630000000000.0 19840000000.0 15525500000.0 55913600.0 7536480000.0 1275880000.0 123256.0 1894380000.0 7491140000.0 0.0 0.0 26946700.0 2111350000.0 2064950000.0 97881800.0 4602460.0 624060000.0 236256000.0 -2.5 [-2.5]
36307800000000.0 1224200000000000.0 19320200000.0 14426400000.0 47959000.0 7275450000.0 1128110000.0 100173.0 1914270000.0 6612370000.0 0.0 0.0 25958400.0 2076600000.0 1915790000.0 86675900.0 3910060.0 629635000.0 229453000.0 -2.48 [-2.48]
36307800000000.0 1166730000000000.0 18805900000.0 13400100000.0 41119100.0 7017940000.0 996665000.0 81361.4 1932840000.0 5832770000.0 0.0 0.0 25001400.0 2040740000.0 1775980000.0 76711400.0 3320790.0 634718000.0 222740000.0 -2.46 [-2.46]
36307800000000.0 1112060000000000.0 18297600000.0 12442300000.0 35241300.0 6764620000.0 879902000.0 66044.0 1950140000.0 5141940000.0 0.0 0.0 24075200.0 2003880000.0 1645060000.0 67858700.0 2819550.0 639310000.0 216124000.0 -2.44 [-2.44]
36307800000000.0 1060070000000000.0 17795700000.0 11549000000.0 30193200.0 6516090000.0 776314000.0 53582.7 1966230000.0 4530420000.0 0.0 0.0 23179400.0 1966110000.0 1522630000.0 60000700.0 2393370.0 643405000.0 209613000.0 -2.42 [-2.42]
36307800000000.0 1010610000000000.0 17300700000.0 10716300000.0 25860400.0 6272850000.0 684525000.0 43453.0 1981180000.0 3989660000.0 0.0 0.0 22313500.0 1927550000.0 1408260000.0 53031400.0 2031200.0 647000000.0 203215000.0 -2.4 [-2.4]
36307800000000.0 963564000000000.0 16813100000.0 9940520000.0 22143500.0 6035340000.0 603282000.0 35224.7 1995030000.0 3511910000.0 0.0 0.0 21477100.0 1888290000.0 1301560000.0 46855300.0 1723570.0 650087000.0 196937000.0 -2.38 [-2.38]
36307800000000.0 918549000000000.0 16330200000.0 9214030000.0 18943300.0 5802400000.0 531159000.0 28522.6 2007880000.0 3088580000.0 0.0 0.0 20664800.0 1848250000.0 1201500000.0 41362000.0 1461280.0 652702000.0 190745000.0 -2.36 [-2.36]
36307800000000.0 876224000000000.0 15861000000.0 8545750000.0 16224400.0 5578710000.0 467963000.0 23125.2 2019680000.0 2718130000.0 0.0 0.0 19890000.0 1808150000.0 1109490000.0 36544300.0 1240570.0 654767000.0 184757000.0 -2.34 [-2.34]
36307800000000.0 835708000000000.0 15397300000.0 7920310000.0 13884100.0 5360080000.0 411932000.0 18730.4 2030600000.0 2390200000.0 0.0 0.0 19138200.0 1767470000.0 1023350000.0 32262500.0 1052400.0 656352000.0 178864000.0 -2.32 [-2.32]
36307800000000.0 796920000000000.0 14939200000.0 7335270000.0 11871200.0 5146710000.0 362305000.0 15155.6 2040660000.0 2100140000.0 0.0 0.0 18408800.0 1726270000.0 942822000.0 28460300.0 892089.0 657442000.0 173071000.0 -2.3 [-2.3]
36307800000000.0 760248000000000.0 14493000000.0 6795080000.0 10156600.0 4941570000.0 318762000.0 12271.8 2049880000.0 1845920000.0 0.0 0.0 17710500.0 1685150000.0 868592000.0 25118000.0 756818.0 658010000.0 167455000.0 -2.28 [-2.28]
36307800000000.0 725351000000000.0 14055800000.0 6293320000.0 8689240.0 4743260000.0 280403000.0 9936.17 2058330000.0 1622220000.0 0.0 0.0 17037900.0 1643960000.0 799767000.0 22166400.0 642124.0 658078000.0 161980000.0 -2.26 [-2.26]
36307800000000.0 692144000000000.0 13628000000.0 5827490000.0 7433890.0 4551780000.0 246631000.0 8045.01 2066060000.0 1425460000.0 0.0 0.0 16390300.0 1602800000.0 736021000.0 19560900.0 544899.0 657646000.0 156649000.0 -2.24 [-2.24]
36307800000000.0 660550000000000.0 13209700000.0 5395280000.0 6360290.0 4367170000.0 216914000.0 6514.23 2073100000.0 1252480000.0 0.0 0.0 15767300.0 1561760000.0 677064000.0 17262200.0 462511.0 656704000.0 151463000.0 -2.22 [-2.22]
36307800000000.0 630490000000000.0 12801200000.0 4994470000.0 5442340.0 4189360000.0 190777000.0 5275.37 2079510000.0 1100470000.0 0.0 0.0 15168200.0 1520930000.0 622598000.0 15234800.0 392708.0 655250000.0 146424000.0 -2.2 [-2.2]
36307800000000.0 601880000000000.0 12402300000.0 4622810000.0 4657440.0 4018210000.0 167792000.0 4272.71 2085320000.0 966895000.0 0.0 0.0 14592100.0 1480380000.0 572282000.0 13446700.0 333545.0 653316000.0 141529000.0 -2.18 [-2.18]
36307800000000.0 574648000000000.0 12013300000.0 4278320000.0 3986370.0 3853600000.0 147583000.0 3461.25 2090570000.0 849559000.0 0.0 0.0 14038400.0 1440210000.0 525838000.0 11870100.0 283401.0 650908000.0 136778000.0 -2.16 [-2.16]
36307800000000.0 548725000000000.0 11634200000.0 3959120000.0 3412660.0 3695410000.0 129820000.0 2804.54 2095290000.0 746504000.0 0.0 0.0 13506200.0 1400480000.0 483003000.0 10480000.0 240896.0 648036000.0 132170000.0 -2.14 [-2.14]
36307800000000.0 524047000000000.0 11264900000.0 3663470000.0 2922230.0 3543490000.0 114209000.0 2273.04 2099520000.0 656009000.0 0.0 0.0 12995100.0 1361250000.0 443526000.0 9254700.0 204865.0 644711000.0 127704000.0 -2.12 [-2.12]
36307800000000.0 500727000000000.0 10908200000.0 3391680000.0 2505100.0 3398790000.0 100557000.0 1844.6 2103290000.0 576922000.0 0.0 0.0 12507800.0 1322870000.0 407441000.0 8180130.0 174468.0 640971000.0 123412000.0 -2.1 [-2.1]
36307800000000.0 478357000000000.0 10558700000.0 3138200000.0 2146440.0 3258930000.0 88498500.0 1496.07 2106640000.0 507129000.0 0.0 0.0 12036600.0 1284840000.0 373968000.0 7227610.0 148542.0 636781000.0 119226000.0 -2.08 [-2.08]
36307800000000.0 457058000000000.0 10219100000.0 2903630000.0 1839800.0 3124850000.0 77903900.0 1213.87 2109580000.0 445857000.0 0.0 0.0 11584300.0 1247470000.0 343182000.0 6388020.0 126550.0 632178000.0 115177000.0 -2.06 [-2.06]
36307800000000.0 436777000000000.0 9889250000.0 2686620000.0 1577610.0 2996370000.0 68595400.0 985.331 2112140000.0 392066000.0 0.0 0.0 11150300.0 1210810000.0 314884000.0 5647930.0 107889.0 627178000.0 111264000.0 -2.04 [-2.04]
36307800000000.0 417265000000000.0 9565790000.0 2483880000.0 1351800.0 2872010000.0 60362300.0 799.146 2114350000.0 344535000.0 0.0 0.0 10729700.0 1174530000.0 288618000.0 4990900.0 91937.6 621738000.0 107443000.0 -2.02 [-2.02]
36307800000000.0 398875000000000.0 9255300000.0 2298370000.0 1160180.0 2754180000.0 53180400.0 649.296 2116220000.0 303104000.0 0.0 0.0 10330500.0 1139390000.0 264759000.0 4416050.0 78498.4 615990000.0 103792000.0 -2.0 [-2.0]
36307800000000.0 381554000000000.0 8957700000.0 2128710000.0 997467.0 2642670000.0 46913500.0 528.561 2117790000.0 266979000.0 0.0 0.0 9952030.0 1105430000.0 243103000.0 3912900.0 67164.8 609970000.0 100308000.0 -1.98 [-1.98]
36307800000000.0 364868000000000.0 8666140000.0 1970100000.0 857024.0 2534740000.0 41362000.0 429.944 2119050000.0 235012000.0 0.0 0.0 9585090.0 1071930000.0 223002000.0 3465440.0 57448.4 603562000.0 96908300.0 -1.96 [-1.96]
36307800000000.0 348848000000000.0 8381550000.0 1822370000.0 736150.0 2430640000.0 36457000.0 349.596 2120040000.0 206800000.0 0.0 0.0 9230590.0 1039010000.0 204416000.0 3068590.0 49139.4 596805000.0 93604300.0 -1.94 [-1.94]
36307800000000.0 333834000000000.0 8110640000.0 1688040000.0 633831.0 2332710000.0 32190600.0 0.0 2120770000.0 182279000.0 0.0 0.0 8896420.0 1007460000.0 187669000.0 2722300.0 42149.9 589863000.0 90471800.0 -1.92 [-1.92]
36307800000000.0 319408000000000.0 7846390000.0 1562880000.0 545621.0 2238250000.0 28416600.0 0.0 2121250000.0 160615000.0 0.0 0.0 8573550.0 976520000.0 172182000.0 2414770.0 36159.1 582615000.0 87428500.0 -1.9 [-1.9]
36307800000000.0 305663000000000.0 7590910000.0 1447240000.0 470015.0 2147940000.0 25096400.0 0.0 2121500000.0 141579000.0 0.0 0.0 8264250.0 946452000.0 157992000.0 2143210.0 31053.0 575131000.0 84497500.0 -1.88 [-1.88]
36307800000000.0 292448000000000.0 7341800000.0 1339480000.0 404799.0 2060810000.0 22158200.0 0.0 2121520000.0 124755000.0 0.0 0.0 7965320.0 916998000.0 144874000.0 1901920.0 26671.5 567372000.0 81650300.0 -1.86 [-1.86]
36307800000000.0 280084000000000.0 7105580000.0 1241730000.0 349566.0 1979040000.0 19602900.0 0.0 2121350000.0 110138000.0 0.0 0.0 7684280.0 888934000.0 133090000.0 1691320.0 22979.7 559548000.0 78960500.0 -1.84 [-1.84]
36307800000000.0 268074000000000.0 6873120000.0 1149720000.0 301523.0 1899380000.0 17324600.0 0.0 2120960000.0 97128000.0 0.0 0.0 7409980.0 861221000.0 122081000.0 1502750.0 19782.7 551427000.0 76322800.0 -1.82 [-1.82]
36307800000000.0 256736000000000.0 6650910000.0 1065550000.0 260553.0 1823960000.0 15330800.0 0.0 2120390000.0 85757200.0 0.0 0.0 7149870.0 834630000.0 112106000.0 1337070.0 17068.2 543227000.0 73810200.0 -1.8 [-1.8]
36307800000000.0 245928000000000.0 6436520000.0 987803000.0 225345.0 1751880000.0 13573900.0 0.0 2119650000.0 75752100.0 0.0 0.0 6900840.0 808892000.0 102974000.0 1190470.0 14744.9 534903000.0 71394400.0 -1.78 [-1.78]
36307800000000.0 235623000000000.0 6229750000.0 915977000.0 195068.0 1682980000.0 12025000.0 0.0 2118740000.0 66945700.0 0.0 0.0 6662430.0 783997000.0 94613600.0 1060680.0 12754.0 526481000.0 69071900.0 -1.76 [-1.76]
36307800000000.0 225797000000000.0 6030380000.0 849620000.0 169014.0 1617120000.0 10659000.0 0.0 2117670000.0 59191700.0 0.0 0.0 6434200.0 759932000.0 86959500.0 945709.0 11046.3 517980000.0 66839800.0 -1.74 [-1.74]
36307800000000.0 216426000000000.0 5838200000.0 788311000.0 146578.0 1554160000.0 9453560.0 0.0 2116450000.0 52361800.0 0.0 0.0 6215730.0 736683000.0 79951900.0 843812.0 9580.07 509421000.0 64695000.0 -1.72 [-1.72]
36307800000000.0 207489000000000.0 5653020000.0 731660000.0 127244.0 1493970000.0 8389470.0 0.0 2115080000.0 46343600.0 0.0 0.0 6006600.0 714235000.0 73535900.0 753452.0 8319.68 500825000.0 62634500.0 -1.7 [-1.7]
36307800000000.0 198963000000000.0 5474600000.0 679307000.0 110570.0 1436430000.0 7449640.0 0.0 2113580000.0 41038400.0 0.0 0.0 5806420.0 692569000.0 67660800.0 673274.0 7235.03 492210000.0 60655200.0 -1.68 [-1.68]
36307800000000.0 190830000000000.0 5302760000.0 630919000.0 96178.6 1381410000.0 6619170.0 0.0 2111940000.0 36359900.0 0.0 0.0 5614810.0 671670000.0 62280600.0 602091.0 6300.55 483594000.0 58754300.0 -1.66 [-1.66]
36307800000000.0 183106000000000.0 5138070000.0 586398000.0 83785.4 1329050000.0 5887080.0 0.0 2110200000.0 32244300.0 0.0 0.0 5432290.0 651617000.0 57375200.0 539038.0 5496.89 475040000.0 56937700.0 -1.64 [-1.64]
36307800000000.0 175663000000000.0 4977940000.0 544833000.0 72999.5 1278490000.0 5235460.0 0.0 2108300000.0 28589100.0 0.0 0.0 5255850.0 632096000.0 52838500.0 482640.0 4798.35 466429000.0 55176300.0 -1.62 [-1.62]
36307800000000.0 168630000000000.0 4825330000.0 506775000.0 63729.2 1230600000.0 4662380.0 0.0 2106320000.0 25381600.0 0.0 0.0 5088660.0 613477000.0 48721800.0 432787.0 4198.27 457957000.0 53502200.0 -1.6 [-1.6]
36307800000000.0 161880000000000.0 4677660000.0 471385000.0 55670.6 1184550000.0 4153120.0 0.0 2104220000.0 22538200.0 0.0 0.0 4927760.0 595449000.0 44928200.0 388260.0 3676.82 449504000.0 51886500.0 -1.58 [-1.58]
36307800000000.0 155436000000000.0 4535550000.0 438646000.0 48685.1 1140490000.0 3701910.0 0.0 2102020000.0 20025000.0 0.0 0.0 4773740.0 578090000.0 41451300.0 348600.0 3224.83 441124000.0 50335700.0 -1.56 [-1.56]
36307800000000.0 149283000000000.0 4398800000.0 408350000.0 42623.9 1098320000.0 3301880.0 0.0 2099710000.0 17802600.0 0.0 0.0 4626300.0 561380000.0 38263000.0 313251.0 2832.51 432832000.0 48847300.0 -1.54 [-1.54]
36307800000000.0 143406000000000.0 4267220000.0 380305000.0 37359.5 1057970000.0 2947020.0 0.0 2097320000.0 15836100.0 0.0 0.0 4485140.0 545298000.0 35338300.0 281720.0 2491.53 424639000.0 47418600.0 -1.52 [-1.52]
36307800000000.0 137793000000000.0 4140610000.0 354338000.0 32782.7 1019330000.0 2632020.0 0.0 2094830000.0 14095400.0 0.0 0.0 4349980.0 529823000.0 32654500.0 253575.0 2194.77 416553000.0 46047400.0 -1.5 [-1.5]
36307800000000.0 132429000000000.0 4018790000.0 330287000.0 28799.7 982328000.0 2352260.0 0.0 2092260000.0 12553500.0 0.0 0.0 4220560.0 514936000.0 30191000.0 228434.0 1936.16 408585000.0 44731300.0 -1.48 [-1.48]
36307800000000.0 127303000000000.0 3901580000.0 308003000.0 25329.9 946888000.0 2103610.0 0.0 2089610000.0 11187200.0 0.0 0.0 4096610.0 500616000.0 27928500.0 205960.0 1710.48 400718000.0 43468100.0 -1.46 [-1.46]
36307800000000.0 122405000000000.0 3788820000.0 287351000.0 22304.2 912936000.0 1882490.0 0.0 2086890000.0 9975660.0 0.0 0.0 3977910.0 486844000.0 25850100.0 185854.0 1513.29 392985000.0 42255800.0 -1.44 [-1.44]
36307800000000.0 117721000000000.0 3680330000.0 268204000.0 19662.9 880401000.0 1685740.0 0.0 2084090000.0 8900860.0 0.0 0.0 3864210.0 473600000.0 23940000.0 167854.0 1340.76 385393000.0 41092100.0 -1.42 [-1.42]
36307800000000.0 113243000000000.0 3575950000.0 250446000.0 17354.7 849215000.0 1510540.0 0.0 2081220000.0 7946800.0 0.0 0.0 3755290.0 460866000.0 22183700.0 151727.0 1189.59 377947000.0 39975200.0 -1.4 [-1.4]
36307800000000.0 108961000000000.0 3475510000.0 233971000.0 15335.6 819316000.0 1354450.0 0.0 2078290000.0 7099440.0 0.0 0.0 3650940.0 448623000.0 20568300.0 137266.0 1056.96 370650000.0 38903100.0 -1.38 [-1.38]
36307800000000.0 104865000000000.0 3378880000.0 218680000.0 13567.3 790643000.0 1215280.0 0.0 2075300000.0 6346430.0 0.0 0.0 3550960.0 436853000.0 19081700.0 124291.0 940.444 363506000.0 37874000.0 -1.36 [-1.36]
36307800000000.0 100946000000000.0 3285890000.0 204483000.0 12017.1 763139000.0 1091130.0 0.0 2072260000.0 5676860.0 0.0 0.0 3455150.0 425537000.0 17713100.0 112638.0 837.944 356518000.0 36886100.0 -1.34 [-1.34]
36307800000000.0 97195900000000.0 3196390000.0 191296000.0 10656.6 736746000.0 980295.0 0.0 2069160000.0 5081140.0 0.0 0.0 3363310.0 414659000.0 16452300.0 102164.0 747.648 349687000.0 35937700.0 -1.32 [-1.32]
36307800000000.0 93606400000000.0 3110260000.0 179042000.0 9461.18 711413000.0 881287.0 0.0 2066010000.0 4550790.0 0.0 0.0 3275280.0 404202000.0 15290400.0 92743.5 667.998 343014000.0 35027000.0 -1.3 [-1.3]
36307800000000.0 90170100000000.0 3027350000.0 167651000.0 8409.73 687091000.0 792788.0 0.0 2062820000.0 4078380.0 0.0 0.0 3190890.0 394149000.0 14219100.0 84263.3 597.645 336502000.0 34152600.0 -1.28 [-1.28]
36307800000000.0 86879700000000.0 2947530000.0 157057000.0 7483.88 663734000.0 713630.0 0.0 2059580000.0 3657330.0 0.0 0.0 3109960.0 384485000.0 13230800.0 76623.4 535.42 330149000.0 33312800.0 -1.26 [-1.26]
36307800000000.0 83728300000000.0 2870680000.0 147201000.0 6667.69 641294000.0 642780.0 0.0 2056310000.0 3281820.0 0.0 0.0 3032350.0 375195000.0 12318600.0 69735.0 480.311 323956000.0 32506300.0 -1.24 [-1.24]
36307800000000.0 80709300000000.0 2796670000.0 138026000.0 5947.39 619731000.0 579325.0 0.0 2053000000.0 2946720.0 0.0 0.0 2957910.0 366262000.0 11476200.0 63519.2 431.438 317922000.0 31731700.0 -1.22 [-1.22]
36307800000000.0 77816500000000.0 2725390000.0 129483000.0 5310.99 599003000.0 522455.0 0.0 2049660000.0 2647500.0 0.0 0.0 2886490.0 357674000.0 10697700.0 57905.7 388.04 312046000.0 30987500.0 -1.2 [-1.2]
36307800000000.0 75043900000000.0 2656730000.0 121523000.0 4748.09 579072000.0 471454.0 0.0 2046290000.0 2380150.0 0.0 0.0 2817960.0 349416000.0 9977970.0 52832.1 349.453 306326000.0 30272500.0 -1.18 [-1.18]
36307800000000.0 72375100000000.0 2590290000.0 114075000.0 4248.51 559825000.0 425584.0 0.0 2042880000.0 2140590.0 0.0 0.0 2751910.0 341442000.0 9309700.0 48233.2 315.024 300737000.0 29582600.0 -1.16 [-1.16]
