Cloudy_runs/pg1216/z=0.006328/logZ=-1/component_I_PI_nH/component_I_PI_nH_col_density_param.txt
# %ECSV 1.0
# ---
# datatype:
# - {name: H, datatype: float64}
# - {name: H+, datatype: float64}
# - {name: C+, datatype: float64}
# - {name: C+2, datatype: float64}
# - {name: C+3, datatype: float64}
# - {name: N+, datatype: float64}
# - {name: N+2, datatype: float64}
# - {name: N+4, datatype: float64}
# - {name: O, datatype: float64}
# - {name: O+2, datatype: float64}
# - {name: O+5, datatype: float64}
# - {name: O+6, datatype: float64}
# - {name: P+, datatype: float64}
# - {name: Si+, datatype: float64}
# - {name: Si+2, datatype: float64}
# - {name: Si+3, datatype: float64}
# - {name: Si+4, datatype: float64}
# - {name: Fe+, datatype: float64}
# - {name: Al+, datatype: float64}
# - {name: log_nH, datatype: float64}
# - {name: parameters, datatype: string, subtype: 'float64[1]'}
# schema: astropy-2.0
H H+ C+ C+2 C+3 N+ N+2 N+4 O O+2 O+5 O+6 P+ Si+ Si+2 Si+3 Si+4 Fe+ Al+ log_nH parameters
[from data line 60]
36307800000000.0 3.38605e+16 42581400000.0 637339000000.0 157635000000.0 5857220000.0 146028000000.0 7120150000.0 35307100.0 749784000000.0 6471740000.0 509063000.0 94783800.0 2001250000.0 36826900000.0 21304200000.0 40480000000.0 16866900.0 180483000.0 -3.8 [-3.8]
36307800000000.0 3.21615e+16 42643700000.0 613361000000.0 145043000000.0 5996470000.0 141464000000.0 6237100000.0 39306500.0 737775000000.0 5474200000.0 412247000.0 96146200.0 2042680000.0 36880000000.0 20740500000.0 36887800000.0 18740500.0 190262000.0 -3.78 [-3.78]
36307800000000.0 3.05481e+16 42682000000.0 589793000000.0 133284000000.0 6138060000.0 136902000000.0 5456440000.0 43719300.0 724982000000.0 4621800000.0 333184000.0 97333000.0 2080870000.0 36830600000.0 20135100000.0 33514600000.0 20794200.0 200179000.0 -3.76 [-3.76]
36307800000000.0 2.90158e+16 42697600000.0 566674000000.0 122321000000.0 6282130000.0 132353000000.0 4767350000.0 48582000.0 711437000000.0 3894750000.0 268745000.0 98345400.0 2115860000.0 36682400000.0 19493900000.0 30362200000.0 23041900.0 210204000.0 -3.74 [-3.74]
36307800000000.0 2.75606e+16 42691400000.0 544037000000.0 112115000000.0 6428750000.0 127825000000.0 4160010000.0 53933200.0 697174000000.0 3275760000.0 216329000.0 99185300.0 2147710000.0 36439700000.0 18822900000.0 27429600000.0 25498100.0 220304000.0 -3.72 [-3.72]
36307800000000.0 2.61787e+16 42664800000.0 521911000000.0 102630000000.0 6578050000.0 123328000000.0 3625540000.0 59813700.0 682231000000.0 2749780000.0 173780000.0 99855800.0 2176540000.0 36107900000.0 18128000000.0 24713500000.0 28178000.0 230448000.0 -3.7 [-3.7]
36307800000000.0 2.48663e+16 42618500000.0 500319000000.0 93827800000.0 6730080000.0 118871000000.0 3155870000.0 66266700.0 666651000000.0 2303670000.0 139312000.0 100361000.0 2202500000.0 35692800000.0 17414900000.0 22208600000.0 31097200.0 240601000.0 -3.68 [-3.68]
36307800000000.0 2.36201e+16 42553600000.0 479281000000.0 85671000000.0 6884940000.0 114462000000.0 2743760000.0 73337800.0 650477000000.0 1926060000.0 111448000.0 100705000.0 2225760000.0 35201000000.0 16689200000.0 19907800000.0 34272000.0 250728000.0 -3.66 [-3.66]
36307800000000.0 2.24366e+16 42471000000.0 458812000000.0 78123700000.0 7042670000.0 110107000000.0 2382660000.0 81074600.0 633758000000.0 1607070000.0 88971000.0 100894000.0 2246500000.0 34639200000.0 15956300000.0 17802800000.0 37719100.0 260794000.0 -3.64 [-3.64]
36307800000000.0 2.13127e+16 42371400000.0 438923000000.0 71150400000.0 7203320000.0 105814000000.0 2066700000.0 89527100.0 616543000000.0 1338150000.0 70877400.0 100933000.0 2264930000.0 34014300000.0 15220900000.0 15884000000.0 41455400.0 270764000.0 -3.62 [-3.62]
36307800000000.0 2.02479e+16 42256400000.0 419668000000.0 64729400000.0 7366880000.0 101598000000.0 1791120000.0 98732800.0 598934000000.0 1112290000.0 56368300.0 100830000.0 2281180000.0 33336200000.0 14489500000.0 14144000000.0 45490500.0 280583000.0 -3.6 [-3.6]
36307800000000.0 1.92321e+16 42124500000.0 400917000000.0 58789800000.0 7533400000.0 97435200000.0 1549700000.0 108788000.0 580840000000.0 921960000.0 44696700.0 100585000.0 2295720000.0 32604200000.0 13760700000.0 12563300000.0 49864800.0 290269000.0 -3.58 [-3.58]
36307800000000.0 1.82697e+16 41978400000.0 382808000000.0 53337100000.0 7702800000.0 93360200000.0 1339740000.0 119705000.0 562462000000.0 762836000.0 35381800.0 100212000.0 2308520000.0 31832800000.0 13043500000.0 11139500000.0 54572500.0 299734000.0 -3.56 [-3.56]
36307800000000.0 1.73559e+16 41817700000.0 365294000000.0 48327900000.0 7875000000.0 89367000000.0 1157000000.0 131557000.0 543805000000.0 629814000.0 27948700.0 99714500.0 2319860000.0 31026100000.0 12339500000.0 9858450000.0 59638700.0 308960000.0 -3.54 [-3.54]
36307800000000.0 1.6488e+16 41643200000.0 348373000000.0 43732600000.0 8049930000.0 85459600000.0 998147000.0 144400000.0 524930000000.0 518858000.0 22030600.0 99099400.0 2329960000.0 30190500000.0 11651300000.0 8709190000.0 65079900.0 317915000.0 -3.52 [-3.52]
36307800000000.0 1.56659e+16 41456000000.0 332083000000.0 39531600000.0 8227460000.0 81650400000.0 860485000.0 158273000.0 505943000000.0 426673000.0 17337000.0 98376700.0 2338930000.0 29334800000.0 10982900000.0 7682660000.0 70900800.0 326550000.0 -3.5 [-3.5]
36307800000000.0 1.48834e+16 41255200000.0 316336000000.0 35680400000.0 8407390000.0 77923800000.0 740850000.0 173274000.0 486802000000.0 349964000.0 13608900.0 97548100.0 2347120000.0 28459200000.0 10333100000.0 6764810000.0 77138100.0 334868000.0 -3.48 [-3.48]
36307800000000.0 1.41403e+16 41041500000.0 301166000000.0 32162500000.0 8589480000.0 74291000000.0 637223000.0 189445000.0 467612000000.0 286407000.0 10660300.0 96622400.0 2354610000.0 27571700000.0 9704910000.0 5947580000.0 83795600.0 342822000.0 -3.46 [-3.46]
36307800000000.0 1.34347e+16 40815300000.0 286563000000.0 28953700000.0 8773420000.0 70753900000.0 547561000.0 206844000.0 448429000000.0 233865000.0 8333240.0 95605900.0 2361560000.0 26676700000.0 9099770000.0 5221580000.0 90886500.0 350384000.0 -3.44 [-3.44]
36307800000000.0 1.27648e+16 40577200000.0 272521000000.0 26031100000.0 8958930000.0 67314500000.0 470073000.0 225527000.0 429310000000.0 190535000.0 6501040.0 94506700.0 2368100000.0 25779000000.0 8518480000.0 4578030000.0 98420300.0 357533000.0 -3.42 [-3.42]
36307800000000.0 1.2127e+16 40325800000.0 258990000000.0 23367400000.0 9145450000.0 63964700000.0 403041000.0 245583000.0 410253000000.0 154814000.0 5058840.0 93324900.0 2374450000.0 24879300000.0 7960400000.0 4007600000.0 106424000.0 364250000.0 -3.4 [-3.4]
36307800000000.0 1.15229e+16 40063300000.0 246030000000.0 20953700000.0 9332690000.0 60722200000.0 345356000.0 267002000.0 391409000000.0 125553000.0 3930630.0 92075400.0 2380520000.0 23986600000.0 7428660000.0 3504850000.0 114873000.0 370494000.0 -3.38 [-3.38]
36307800000000.0 1.09493e+16 39789100000.0 233594000000.0 18764800000.0 9520040000.0 57579000000.0 295654000.0 289862000.0 372776000000.0 101586000.0 3048000.0 90760300.0 2386490000.0 23101300000.0 6921990000.0 3061620000.0 123787000.0 376259000.0 -3.36 [-3.36]
36307800000000.0 1.04047e+16 39503200000.0 221669000000.0 16782600000.0 9706900000.0 54535300000.0 252873000.0 314207000.0 354399000000.0 82004500.0 2358980.0 89385500.0 2392440000.0 22226000000.0 6440360000.0 2671520000.0 133167000.0 381527000.0 -3.34 [-3.34]
36307800000000.0 9887450000000000.0 39205800000.0 210242000000.0 14990300000.0 9892590000.0 51591000000.0 216084000.0 340077000.0 336323000000.0 66042400.0 1822230.0 87956500.0 2398400000.0 21363000000.0 5983540000.0 2328710000.0 143012000.0 386285000.0 -3.32 [-3.32]
36307800000000.0 9396310000000000.0 38896900000.0 199300000000.0 13371900000.0 10076300000.0 48745800000.0 184477000.0 367501000.0 318587000000.0 53062300.0 1404960.0 86478800.0 2404420000.0 20514300000.0 5551180000.0 2027880000.0 153317000.0 390522000.0 -3.3 [-3.3]
36307800000000.0 8931160000000000.0 38577600000.0 188857000000.0 11916000000.0 10257500000.0 46006100000.0 157403000.0 396455000.0 301273000000.0 42551500.0 1081830.0 84962000.0 2410440000.0 19684100000.0 5143890000.0 1764730000.0 164052000.0 394222000.0 -3.28 [-3.28]
36307800000000.0 8488110000000000.0 38245900000.0 178839000000.0 10601900000.0 10434900000.0 43356800000.0 134125000.0 427051000.0 284321000000.0 34024900.0 831037.0 83402000.0 2416630000.0 18868400000.0 4758760000.0 1533890000.0 175250000.0 397396000.0 -3.26 [-3.26]
36307800000000.0 8067510000000000.0 37903200000.0 169268000000.0 9420810000.0 10607700000.0 40805600000.0 114186000.0 459238000.0 267817000000.0 27143200.0 637297.0 81808700.0 2422900000.0 18071500000.0 4396520000.0 1332150000.0 186872000.0 400028000.0 -3.24 [-3.24]
36307800000000.0 7668100000000000.0 37549400000.0 160127000000.0 8360640000.0 10774800000.0 38351000000.0 97116200.0 493014000.0 251784000000.0 21601100.0 487884.0 80186600.0 2429210000.0 17294000000.0 4056270000.0 1155980000.0 198898000.0 402122000.0 -3.22 [-3.22]
36307800000000.0 7288790000000000.0 37184600000.0 151401000000.0 7410380000.0 10935200000.0 35992000000.0 82516700.0 528357000.0 236249000000.0 17149100.0 372879.0 78539900.0 2435540000.0 16536600000.0 3737270000.0 1002310000.0 211307000.0 403677000.0 -3.2 [-3.2]
36307800000000.0 6928580000000000.0 36809000000.0 143078000000.0 6559880000.0 11087700000.0 33727900000.0 70040800.0 565235000.0 221233000000.0 13581500.0 284522.0 76872700.0 2441860000.0 15799800000.0 3438730000.0 868410000.0 224074000.0 404696000.0 -3.18 [-3.18]
36307800000000.0 6586500000000000.0 36422600000.0 135142000000.0 5799770000.0 11231200000.0 31557500000.0 59389300.0 603600000.0 206755000000.0 10730000.0 216764.0 75189200.0 2448090000.0 15084100000.0 3159790000.0 751843000.0 237167000.0 405186000.0 -3.16 [-3.16]
36307800000000.0 6261630000000000.0 36025700000.0 127582000000.0 5121420000.0 11364400000.0 29479900000.0 50303600.0 643388000.0 192833000000.0 8456410.0 164894.0 73493100.0 2454190000.0 14389700000.0 2899600000.0 650459000.0 250555000.0 405155000.0 -3.14 [-3.14]
36307800000000.0 5953090000000000.0 35618300000.0 120382000000.0 4516900000.0 11486100000.0 27493800000.0 42560700.0 684523000.0 179479000000.0 6648270.0 125254.0 71788200.0 2460090000.0 13716700000.0 2657300000.0 562356000.0 264203000.0 404612000.0 -3.12 [-3.12]
36307800000000.0 5659320000000000.0 35199500000.0 113514000000.0 3977860000.0 11594700000.0 25594000000.0 35956400.0 726975000.0 166675000000.0 5211650.0 94962.7 70073200.0 2465740000.0 13063400000.0 2431490000.0 485725000.0 278099000.0 403565000.0 -3.1 [-3.1]
36307800000000.0 5381780000000000.0 34773200000.0 107016000000.0 3500920000.0 11690400000.0 23792000000.0 30361700.0 770446000.0 154514000000.0 4079160.0 71978.8 68365600.0 2470910000.0 12435100000.0 2222910000.0 419495000.0 292123000.0 402044000.0 -3.08 [-3.08]
36307800000000.0 5117470000000000.0 34336000000.0 100823000000.0 3076710000.0 11770700000.0 22073700000.0 25597700.0 815005000.0 142914000000.0 3183560.0 54461.2 66654300.0 2475670000.0 11826400000.0 2029110000.0 361962000.0 306314000.0 400047000.0 -3.06 [-3.06]
36307800000000.0 4866420000000000.0 33889300000.0 94940300000.0 2700780000.0 11834900000.0 20442100000.0 21554100.0 860455000.0 131906000000.0 2478570.0 0.0 64946900.0 2479880000.0 11238900000.0 1849790000.0 312123000.0 320605000.0 397596000.0 -3.04 [-3.04]
36307800000000.0 4627960000000000.0 33433400000.0 89354900000.0 2368080000.0 11882100000.0 18895700000.0 18125800.0 906647000.0 121487000000.0 1925050.0 0.0 63246100.0 2483450000.0 10672200000.0 1684120000.0 268978000.0 334954000.0 394708000.0 -3.02 [-3.02]
36307800000000.0 4401450000000000.0 32968600000.0 84055300000.0 2074050000.0 11911500000.0 17432900000.0 15222500.0 953427000.0 111654000000.0 1491570.0 0.0 61554600.0 2486270000.0 10126200000.0 1531300000.0 231655000.0 349318000.0 391403000.0 -3.0 [-3.0]
36307800000000.0 4185720000000000.0 32493900000.0 79016400000.0 1814000000.0 11921600000.0 16049200000.0 12762300.0 1000700000.0 102379000000.0 1152430.0 0.0 59870100.0 2488290000.0 9599060000.0 1390230000.0 199331000.0 363684000.0 387690000.0 -2.98 [-2.98]
36307800000000.0 3981900000000000.0 32013800000.0 74266900000.0 1585770000.0 11913800000.0 14751900000.0 10692300.0 1048080000.0 93712100000.0 889167.0 0.0 58208900.0 2489300000.0 9094920000.0 1261140000.0 171516000.0 377927000.0 383625000.0 -2.96 [-2.96]
36307800000000.0 3787720000000000.0 31524500000.0 69755400000.0 1384380000.0 11885800000.0 13529900000.0 8942010.0 1095610000.0 85582500000.0 684146.0 0.0 56558900.0 2489320000.0 8608920000.0 1142320000.0 147450000.0 392095000.0 379192000.0 -2.94 [-2.94]
36307800000000.0 3602750000000000.0 31026400000.0 65473200000.0 1206940000.0 11837200000.0 12381800000.0 7464720.0 1143110000.0 77979900000.0 524963.0 0.0 54922600.0 2488240000.0 8140920000.0 1033130000.0 126648000.0 406146000.0 374412000.0 -2.92 [-2.92]
36307800000000.0 3427510000000000.0 30522900000.0 61433400000.0 1051490000.0 11769600000.0 11310600000.0 6224550.0 1190270000.0 70921100000.0 402129.0 0.0 53310700.0 2485910000.0 7693220000.0 933449000.0 108749000.0 419990000.0 369336000.0 -2.9 [-2.9]
36307800000000.0 3261010000000000.0 30012900000.0 57613700000.0 915143000.0 11682200000.0 10311400000.0 5182720.0 1236980000.0 64371100000.0 307381.0 0.0 51720400.0 2482290000.0 7264070000.0 842350000.0 93325000.0 433622000.0 363973000.0 -2.88 [-2.88]
36307800000000.0 3102820000000000.0 29496900000.0 54004200000.0 795700000.0 11575400000.0 9381640000.0 4308800.0 1283080000.0 58310100000.0 234470.0 0.0 50153200.0 2477290000.0 6853030000.0 759218000.0 80042000.0 447012000.0 358346000.0 -2.86 [-2.86]
36307800000000.0 2952930000000000.0 28977100000.0 50605000000.0 691413000.0 11450800000.0 8520680000.0 3578260.0 1328340000.0 52729400000.0 178589.0 0.0 48615100.0 2470840000.0 6460890000.0 683659000.0 68632200.0 460101000.0 352497000.0 -2.84 [-2.84]
36307800000000.0 2810080000000000.0 28450900000.0 47387200000.0 600045000.0 11307200000.0 7721870000.0 2966020.0 1372770000.0 47582000000.0 135696.0 0.0 47098300.0 2462880000.0 6084840000.0 614733000.0 58796300.0 472921000.0 346412000.0 -2.82 [-2.82]
36307800000000.0 2674330000000000.0 27920300000.0 44351900000.0 520280000.0 11146400000.0 6984430000.0 2454890.0 1416150000.0 42858300000.0 102915.0 0.0 45608600.0 2453350000.0 5725670000.0 552119000.0 50341200.0 485419000.0 340131000.0 -2.8 [-2.8]
36307800000000.0 2545330000000000.0 27385900000.0 41490400000.0 450720000.0 10969400000.0 6305430000.0 2028860.0 1458360000.0 38534600000.0 77915.4 0.0 44146800.0 2442200000.0 5382940000.0 495321000.0 43077300.0 497574000.0 333677000.0 -2.78 [-2.78]
36307800000000.0 2422730000000000.0 26848300000.0 38794400000.0 390126000.0 10777300000.0 5681910000.0 1674340.0 1499310000.0 34587600000.0 58890.8 0.0 42714000.0 2429380000.0 5056230000.0 443875000.0 36840900.0 509367000.0 327072000.0 -2.76 [-2.76]
36307800000000.0 2306200000000000.0 26308000000.0 36255900000.0 337397000.0 10571500000.0 5110820000.0 1379820.0 1538890000.0 30993400000.0 44441.6 0.0 41310900.0 2414880000.0 4745100000.0 397343000.0 31489700.0 520780000.0 320337000.0 -2.74 [-2.74]
36307800000000.0 2195100000000000.0 25763900000.0 33859500000.0 291451000.0 10352200000.0 4587870000.0 1135030.0 1577100000.0 27721200000.0 33468.4 0.0 39933800.0 2398620000.0 4448120000.0 355204000.0 26890900.0 531827000.0 313470000.0 -2.72 [-2.72]
36307800000000.0 2089840000000000.0 25220200000.0 31613100000.0 251657000.0 10123000000.0 4112560000.0 932817.0 1613760000.0 24763200000.0 25184.6 0.0 38592200.0 2380670000.0 4166870000.0 317307000.0 22959600.0 542438000.0 306537000.0 -2.7 [-2.7]
36307800000000.0 1989780000000000.0 24675600000.0 29501800000.0 217133000.0 9884230000.0 3680520000.0 765633.0 1648870000.0 22088900000.0 18927.0 0.0 37282100.0 2360990000.0 3899860000.0 283173000.0 19592500.0 552630000.0 299535000.0 -2.68 [-2.68]
36307800000000.0 1894670000000000.0 24130800000.0 27518500000.0 187209000.0 9637390000.0 3288750000.0 627626.0 1682400000.0 19676200000.0 14207.6 0.0 36003900.0 2339590000.0 3646660000.0 252470000.0 16710400.0 562392000.0 292482000.0 -2.66 [-2.66]
36307800000000.0 1804250000000000.0 23586500000.0 25656700000.0 161296000.0 9383900000.0 2934330000.0 513878.0 1714350000.0 17504300000.0 0.0 0.0 34757800.0 2316500000.0 3406830000.0 224888000.0 14244900.0 571715000.0 285398000.0 -2.64 [-2.64]
36307800000000.0 1718280000000000.0 23043100000.0 23910000000.0 138876000.0 9125190000.0 2614430000.0 420264.0 1744710000.0 15552900000.0 0.0 0.0 33544100.0 2291750000.0 3179900000.0 200143000.0 12137100.0 580590000.0 278298000.0 -2.62 [-2.62]
36307800000000.0 1636560000000000.0 22501400000.0 22272200000.0 119497000.0 8862640000.0 2326310000.0 343333.0 1773480000.0 13803200000.0 0.0 0.0 32362900.0 2265380000.0 2965430000.0 177971000.0 10336300.0 589010000.0 271199000.0 -2.6 [-2.6]
