Cloudy_runs/pg1216/z=0.006328/logZ=-1/component_I_PI_nH/component_I_PI_nH_col_density_param.txt
# %ECSV 1.0
# ---
# datatype:
# - {name: H, datatype: float64}
# - {name: H+, datatype: float64}
# - {name: C+, datatype: float64}
# - {name: C+2, datatype: float64}
# - {name: C+3, datatype: float64}
# - {name: N+, datatype: float64}
# - {name: N+2, datatype: float64}
# - {name: N+4, datatype: float64}
# - {name: O, datatype: float64}
# - {name: O+2, datatype: float64}
# - {name: O+5, datatype: float64}
# - {name: O+6, datatype: float64}
# - {name: P+, datatype: float64}
# - {name: Si+, datatype: float64}
# - {name: Si+2, datatype: float64}
# - {name: Si+3, datatype: float64}
# - {name: Si+4, datatype: float64}
# - {name: Fe+, datatype: float64}
# - {name: Al+, datatype: float64}
# - {name: log_nH, datatype: float64}
# - {name: parameters, datatype: string, subtype: 'float64[1]'}
# schema: astropy-2.0
H H+ C+ C+2 C+3 N+ N+2 N+4 O O+2 O+5 O+6 P+ Si+ Si+2 Si+3 Si+4 Fe+ Al+ log_nH parameters
[from data line 276]
36307800000000.0 3881220000000.0 540577000.0 1002520.0 0.0 7474140.0 48.7945 0.0 1825260000.0 1433.67 0.0 0.0 1030480.0 125692000.0 126.14 181.876 0.0 127117000.0 11311400.0 0.52 [0.52]
36307800000000.0 3748050000000.0 529585000.0 948042.0 0.0 7006930.0 43.8831 0.0 1824260000.0 1322.87 0.0 0.0 1027050.0 125135000.0 118.055 172.681 0.0 126700000.0 11275000.0 0.54 [0.54]
36307800000000.0 3620340000000.0 518707000.0 896658.0 0.0 6579680.0 39.5409 0.0 1823290000.0 1220.4 0.0 0.0 1023760.0 124593000.0 111.077 163.965 0.0 126300000.0 11240100.0 0.56 [0.56]
36307800000000.0 3498020000000.0 507970000.0 848256.0 0.0 6187540.0 35.6903 0.0 1822350000.0 1125.76 0.0 0.0 1020610.0 124068000.0 104.89 155.707 0.0 125917000.0 11206600.0 0.58 [0.58]
36307800000000.0 3380410000000.0 497342000.0 802507.0 0.0 5825580.0 32.2618 0.0 1821430000.0 1038.24 0.0 0.0 1017580.0 123556000.0 99.2922 147.877 0.0 125549000.0 11174400.0 0.6 [0.6]
36307800000000.0 3267950000000.0 486889000.0 759446.0 0.0 5491240.0 29.2057 0.0 1820550000.0 957.563 0.0 0.0 1014670.0 123060000.0 94.1575 140.459 0.0 125198000.0 11143700.0 0.62 [0.62]
36307800000000.0 3159820000000.0 476563000.0 718757.0 0.0 5180940.0 26.4722 0.0 1819690000.0 883.028 0.0 0.0 1011870.0 122575000.0 89.3922 133.424 0.0 124860000.0 11114100.0 0.64 [0.64]
36307800000000.0 3055740000000.0 466360000.0 680280.0 0.0 4892220.0 24.0222 0.0 1818850000.0 814.171 0.0 0.0 1009180.0 122102000.0 84.9377 126.753 0.0 124534000.0 11085600.0 0.66 [0.66]
36307800000000.0 2955530000000.0 456281000.0 643880.0 0.0 4622970.0 21.8222 0.0 1818040000.0 750.568 0.0 0.0 1006580.0 121638000.0 80.7525 120.423 0.0 124221000.0 11058300.0 0.68 [0.68]
36307800000000.0 2859220000000.0 446350000.0 609496.0 0.0 4371720.0 19.8449 0.0 1817250000.0 691.882 0.0 0.0 1004080.0 121185000.0 76.8075 114.42 0.0 123920000.0 11031900.0 0.7 [0.7]
36307800000000.0 2766140000000.0 436517000.0 576866.0 0.0 4136180.0 18.0623 0.0 1816480000.0 637.623 0.0 0.0 1001660.0 120739000.0 73.0771 108.722 0.0 123629000.0 11006500.0 0.72 [0.72]
36307800000000.0 2676390000000.0 426806000.0 545957.0 0.0 3915360.0 16.4544 0.0 1815740000.0 587.52 0.0 0.0 999317.0 120300000.0 69.5446 103.313 0.0 123349000.0 10982000.0 0.74 [0.74]
36307800000000.0 2589840000000.0 417221000.0 516670.0 0.0 3708020.0 15.0021 0.0 1815010000.0 541.272 0.0 0.0 997059.0 119868000.0 66.1954 98.1786 0.0 123079000.0 10958400.0 0.76 [0.76]
36307800000000.0 2506150000000.0 407739000.0 488862.0 0.0 3512850.0 13.688 0.0 1814310000.0 498.546 0.0 0.0 994871.0 119441000.0 63.0163 93.3026 0.0 122818000.0 10935500.0 0.78 [0.78]
36307800000000.0 2425590000000.0 398408000.0 462547.0 0.0 3329360.0 12.4993 0.0 1813630000.0 459.168 0.0 0.0 992761.0 119021000.0 59.9983 88.6744 0.0 122567000.0 10913600.0 0.8 [0.8]
36307800000000.0 2347760000000.0 389194000.0 437585.0 0.0 3156540.0 11.4468 0.0 1812960000.0 422.231 0.0 0.0 990718.0 118605000.0 57.1312 84.2785 0.0 122325000.0 10892400.0 0.82 [0.82]
36307800000000.0 2272610000000.0 380105000.0 413909.0 0.0 2993570.0 10.4984 0.0 1812320000.0 388.142 0.0 0.0 988741.0 118194000.0 54.4064 80.1033 0.0 122091000.0 10871900.0 0.84 [0.84]
36307800000000.0 2200060000000.0 371146000.0 391446.0 0.0 2839720.0 9.63496 0.0 1811690000.0 356.868 0.0 0.0 986829.0 117788000.0 51.8159 76.1375 0.0 121865000.0 10852200.0 0.86 [0.86]
36307800000000.0 2130140000000.0 362333000.0 370161.0 0.0 2694490.0 8.84869 0.0 1811090000.0 328.19 0.0 0.0 984981.0 117386000.0 49.3533 72.3712 0.0 121648000.0 10833200.0 0.88 [0.88]
36307800000000.0 2062380000000.0 353622000.0 349902.0 0.0 2556860.0 8.13086 0.0 1810500000.0 301.834 0.0 0.0 983187.0 116986000.0 47.01 68.7914 0.0 121437000.0 10814800.0 0.9 [0.9]
36307800000000.0 1997050000000.0 345057000.0 330702.0 0.0 2426820.0 7.47635 0.0 1809920000.0 277.654 0.0 0.0 981452.0 116590000.0 44.7814 65.391 0.0 121234000.0 10797100.0 0.92 [0.92]
36307800000000.0 1934100000000.0 336643000.0 312500.0 0.0 2303780.0 6.87882 0.0 1809370000.0 255.476 0.0 0.0 979777.0 116199000.0 42.6615 62.161 0.0 121039000.0 10780000.0 0.94 [0.94]
36307800000000.0 1873150000000.0 328345000.0 295195.0 0.0 2187150.0 6.33268 0.0 1808830000.0 235.089 0.0 0.0 978149.0 115808000.0 40.6438 59.0906 0.0 120850000.0 10763500.0 0.96 [0.96]
36307800000000.0 1814300000000.0 320186000.0 278768.0 0.0 2076580.0 5.83322 0.0 1808300000.0 216.372 0.0 0.0 976575.0 115420000.0 38.7236 56.173 0.0 120668000.0 10747600.0 0.98 [0.98]
36307800000000.0 1758340000000.0 312309000.0 263262.0 0.0 1974380.0 5.38029 0.0 1807780000.0 199.338 0.0 0.0 975072.0 115047000.0 36.8952 53.4066 0.0 120494000.0 10732500.0 1.0 [1.0]
