Cloudy_runs/pg0832/z=0.017505/logZ=-1/component_III_PI_nH/component_III_PI_nH_col_density_param.txt
# %ECSV 1.0
# ---
# datatype:
# - {name: H, datatype: float64}
# - {name: H+, datatype: float64}
# - {name: C+, datatype: float64}
# - {name: C+2, datatype: float64}
# - {name: C+3, datatype: float64}
# - {name: N+, datatype: float64}
# - {name: N+2, datatype: float64}
# - {name: N+4, datatype: float64}
# - {name: O, datatype: float64}
# - {name: O+2, datatype: float64}
# - {name: O+5, datatype: float64}
# - {name: O+6, datatype: float64}
# - {name: P+, datatype: float64}
# - {name: Si+, datatype: float64}
# - {name: Si+2, datatype: float64}
# - {name: Si+3, datatype: float64}
# - {name: Si+4, datatype: float64}
# - {name: Fe+, datatype: float64}
# - {name: Al+, datatype: float64}
# - {name: log_nH, datatype: float64}
# - {name: parameters, datatype: string, subtype: 'float64[1]'}
# schema: astropy-2.0
H H+ C+ C+2 C+3 N+ N+2 N+4 O O+2 O+5 O+6 P+ Si+ Si+2 Si+3 Si+4 Fe+ Al+ log_nH parameters
[from data line 218]
1.65959e+18 5.86885e+17 52800700000000.0 718049000000.0 7960670.0 4701810000000.0 449207000.0 0.0 85464300000000.0 2320020000.0 0.0 0.0 57387000000.0 7223160000000.0 27065900000.0 168194000.0 293222.0 6961720000000.0 615834000000.0 -0.64 [-0.64]
1.65959e+18 5.69998e+17 52271300000000.0 685733000000.0 6062330.0 4556670000000.0 412190000.0 0.0 85378600000000.0 2129790000.0 0.0 0.0 56964800000.0 7169660000000.0 25709700000.0 158227000.0 222103.0 6915020000000.0 611615000000.0 -0.62 [-0.62]
1.65959e+18 5.53655e+17 51753300000000.0 654937000000.0 4460000.0 4416000000000.0 378305000.0 0.0 85294400000000.0 1955870000.0 0.0 0.0 56555900000.0 7117850000000.0 24427700000.0 148911000.0 146829.0 6869680000000.0 607528000000.0 -0.6 [-0.6]
1.65959e+18 5.37803e+17 51245100000000.0 625523000000.0 3396630.0 4279110000000.0 347268000.0 0.0 85211400000000.0 1796990000.0 0.0 0.0 56159200000.0 7067560000000.0 23206700000.0 140199000.0 0.0 6825620000000.0 603563000000.0 -0.58 [-0.58]
1.65959e+18 5.22436e+17 50746700000000.0 597455000000.0 2462380.0 4146300000000.0 318832000.0 0.0 85129600000000.0 1651540000.0 0.0 0.0 55774400000.0 7018770000000.0 22051500000.0 132045000.0 0.0 6782760000000.0 599714000000.0 -0.56 [-0.56]
1.65959e+18 5.07557e+17 50258500000000.0 570689000000.0 1731330.0 4017420000000.0 292780000.0 0.0 85049400000000.0 1518470000.0 0.0 0.0 55401800000.0 6971510000000.0 20955300000.0 124414000.0 0.0 6741170000000.0 595986000000.0 -0.54 [-0.54]
1.65959e+18 4.93132e+17 49779600000000.0 545137000000.0 866384.0 3892220000000.0 268890000.0 0.0 84970500000000.0 1396640000.0 0.0 0.0 55040300000.0 6925660000000.0 19913100000.0 117267000.0 0.0 6700750000000.0 592368000000.0 -0.52 [-0.52]
1.65959e+18 4.79119e+17 49308600000000.0 520719000000.0 0.0 3770420000000.0 246966000.0 0.0 84892800000000.0 1284930000.0 0.0 0.0 54689000000.0 6881090000000.0 18921900000.0 110567000.0 0.0 6661400000000.0 588852000000.0 -0.5 [-0.5]
1.65959e+18 4.656e+17 48848200000000.0 497466000000.0 0.0 3652620000000.0 226900000.0 0.0 84816800000000.0 1182840000.0 0.0 0.0 54350000000.0 6838070000000.0 17982600000.0 104293000.0 0.0 6623350000000.0 585458000000.0 -0.48 [-0.48]
1.65959e+18 4.52444e+17 48394600000000.0 475216000000.0 0.0 3537840000000.0 208470000.0 0.0 84741800000000.0 1089080000.0 0.0 0.0 54020000000.0 6796180000000.0 17089300000.0 98404200.0 0.0 6586230000000.0 582152000000.0 -0.46 [-0.46]
1.65959e+18 4.39675e+17 47948600000000.0 453959000000.0 0.0 3426180000000.0 191541000.0 0.0 84668100000000.0 1003100000.0 0.0 0.0 53699600000.0 6755490000000.0 16235500000.0 92879400.0 0.0 6550150000000.0 578942000000.0 -0.44 [-0.44]
1.6596e+18 4.27259e+17 47509600000000.0 433630000000.0 0.0 3317380000000.0 175973000.0 0.0 84596300000000.0 924156000.0 0.0 0.0 53388200000.0 6715960000000.0 15417600000.0 87692400.0 0.0 6515060000000.0 575822000000.0 -0.42 [-0.42]
1.6596e+18 4.15229e+17 47077900000000.0 414224000000.0 0.0 3211770000000.0 161697000.0 0.0 84525100000000.0 851754000.0 0.0 0.0 53086000000.0 6677580000000.0 14641600000.0 82822700.0 0.0 6480930000000.0 572793000000.0 -0.4 [-0.4]
1.6596e+18 4.03548e+17 46653000000000.0 395679000000.0 0.0 3108970000000.0 148579000.0 0.0 84455100000000.0 785277000.0 0.0 0.0 52792500000.0 6640300000000.0 13900500000.0 78248400.0 0.0 6447730000000.0 569851000000.0 -0.38 [-0.38]
1.6596e+18 3.92193e+17 46234200000000.0 377945000000.0 0.0 3008770000000.0 136518000.0 0.0 84386100000000.0 724207000.0 0.0 0.0 52506900000.0 6604030000000.0 13191000000.0 73949600.0 0.0 6415410000000.0 566988000000.0 -0.36 [-0.36]
1.6596e+18 3.81167e+17 45821800000000.0 360997000000.0 0.0 2911220000000.0 125432000.0 0.0 84318600000000.0 668101000.0 0.0 0.0 52229600000.0 6568800000000.0 12513100000.0 69908600.0 0.0 6383980000000.0 564208000000.0 -0.34 [-0.34]
1.6596e+18 3.70433e+17 45414600000000.0 344783000000.0 0.0 2815960000000.0 115231000.0 0.0 84252000000000.0 616514000.0 0.0 0.0 51959500000.0 6534480000000.0 11862400000.0 66108100.0 0.0 6353340000000.0 561499000000.0 -0.32 [-0.32]
1.6596e+18 3.60004e+17 45013300000000.0 329287000000.0 0.0 2723030000000.0 105850000.0 0.0 84186800000000.0 569101000.0 0.0 0.0 51696900000.0 6501120000000.0 11238900000.0 62534100.0 0.0 6323540000000.0 558868000000.0 -0.3 [-0.3]
1.6596e+18 3.49824e+17 44616200000000.0 314450000000.0 0.0 2631890000000.0 97198200.0 0.0 84122200000000.0 525449000.0 0.0 0.0 51440300000.0 6468530000000.0 10636200000.0 59170000.0 0.0 6294410000000.0 556295000000.0 -0.28 [-0.28]
1.6596e+18 3.39915e+17 44224400000000.0 300266000000.0 0.0 2542690000000.0 89235400.0 0.0 84059000000000.0 485302000.0 0.0 0.0 51190500000.0 6436800000000.0 10056700000.0 56005200.0 0.0 6266050000000.0 553792000000.0 -0.26 [-0.26]
1.65959e+18 3.30255e+17 43836500000000.0 286707000000.0 0.0 2455010000000.0 81894400.0 0.0 83996200000000.0 448368000.0 0.0 0.0 50946400000.0 6405800000000.0 9495460000.0 53027300.0 0.0 6238340000000.0 551348000000.0 -0.24 [-0.24]
1.65959e+18 3.20796e+17 43452700000000.0 273750000000.0 0.0 2367900000000.0 75109400.0 0.0 83934700000000.0 414382000.0 0.0 0.0 50707200000.0 6375470000000.0 8945970000.0 50228400.0 0.0 6211260000000.0 548959000000.0 -0.22 [-0.22]
1.65959e+18 3.11275e+17 43068700000000.0 261526000000.0 0.0 2275530000000.0 68775600.0 0.0 83872100000000.0 383200000.0 0.0 0.0 50464600000.0 6344830000000.0 8385810000.0 47620800.0 0.0 6184020000000.0 546565000000.0 -0.2 [-0.2]
1.65959e+18 3.01618e+17 42683700000000.0 250033000000.0 0.0 2177970000000.0 62834700.0 0.0 83809400000000.0 354444000.0 0.0 0.0 50217800000.0 6313680000000.0 7824780000.0 45186800.0 0.0 6156430000000.0 544155000000.0 -0.18 [-0.18]
1.65959e+18 2.91964e+17 42296300000000.0 238801000000.0 0.0 2078930000000.0 57326100.0 0.0 83746200000000.0 327929000.0 0.0 0.0 49970600000.0 6282380000000.0 7283460000.0 42900300.0 0.0 6128740000000.0 541753000000.0 -0.16 [-0.16]
1.65959e+18 2.82463e+17 41913600000000.0 227935000000.0 0.0 1980630000000.0 52239400.0 0.0 83684600000000.0 303509000.0 0.0 0.0 49727600000.0 6251520000000.0 6766790000.0 40748600.0 0.0 6101470000000.0 539394000000.0 -0.14 [-0.14]
1.65959e+18 2.73092e+17 41531600000000.0 217395000000.0 0.0 1883290000000.0 47549900.0 0.0 83623400000000.0 281008000.0 0.0 0.0 49487800000.0 6220940000000.0 6274800000.0 38719600.0 0.0 6074470000000.0 537066000000.0 -0.12 [-0.12]
1.65959e+18 2.63847e+17 41150100000000.0 207197000000.0 0.0 1787650000000.0 43217300.0 0.0 83563400000000.0 260157000.0 0.0 0.0 49251600000.0 6190690000000.0 5805760000.0 36799300.0 0.0 6047790000000.0 534766000000.0 -0.1 [-0.1]
1.65959e+18 2.54817e+17 40771400000000.0 197371000000.0 0.0 1694470000000.0 39236400.0 0.0 83504600000000.0 240941000.0 0.0 0.0 49020900000.0 6161030000000.0 5361260000.0 34983300.0 0.0 6021660000000.0 532515000000.0 -0.08 [-0.08]
1.65959e+18 2.45895e+17 40392500000000.0 187894000000.0 0.0 1602310000000.0 35556700.0 0.0 83446600000000.0 223178000.0 0.0 0.0 48793100000.0 6131610000000.0 4934130000.0 33265700.0 0.0 5995790000000.0 530286000000.0 -0.06 [-0.06]
1.65959e+18 2.37158e+17 40013400000000.0 178757000000.0 0.0 1512990000000.0 32177600.0 0.0 83389800000000.0 206746000.0 0.0 0.0 48570200000.0 6102690000000.0 4530970000.0 31637000.0 0.0 5970410000000.0 528099000000.0 -0.04 [-0.04]
1.65959e+18 2.28617e+17 39637000000000.0 170015000000.0 0.0 1425840000000.0 29078100.0 0.0 83334800000000.0 191577000.0 0.0 0.0 48352500000.0 6074300000000.0 4151350000.0 30095700.0 0.0 5945550000000.0 525953000000.0 -0.02 [-0.02]
1.65959e+18 2.20192e+17 39256800000000.0 161578000000.0 0.0 1340630000000.0 26211900.0 0.0 83280700000000.0 177495000.0 0.0 0.0 48137800000.0 6046190000000.0 3784800000.0 28631700.0 0.0 5920990000000.0 523834000000.0 -0.0 [-0.0]
1.65959e+18 2.12128e+17 38877200000000.0 153527000000.0 0.0 1261700000000.0 23646600.0 0.0 83228400000000.0 164437000.0 0.0 0.0 47932500000.0 6019150000000.0 3461660000.0 27237800.0 0.0 5897350000000.0 521799000000.0 0.02 [0.02]
1.65959e+18 2.04106e+17 38497000000000.0 145828000000.0 0.0 1181790000000.0 21240800.0 0.0 83177300000000.0 152400000.0 0.0 0.0 47728200000.0 5992130000000.0 3134300000.0 25920700.0 0.0 5873900000000.0 519770000000.0 0.04 [0.04]
1.65959e+18 1.96307e+17 38115500000000.0 138465000000.0 0.0 1104670000000.0 19048200.0 0.0 83127400000000.0 141303000.0 0.0 0.0 47529400000.0 5965670000000.0 2828620000.0 24671400.0 0.0 5851030000000.0 517791000000.0 0.06 [0.06]
1.65959e+18 1.88911e+17 37731500000000.0 131406000000.0 0.0 1031480000000.0 17075900.0 0.0 83080800000000.0 131259000.0 0.0 0.0 47341000000.0 5940340000000.0 2544960000.0 23489200.0 0.0 5829350000000.0 515919000000.0 0.08 [0.08]
1.65959e+18 1.81287e+17 37339300000000.0 124589000000.0 0.0 956298000000.0 15197700.0 0.0 83033300000000.0 121713000.0 0.0 0.0 47146600000.0 5914090000000.0 2262850000.0 22362800.0 0.0 5806970000000.0 513975000000.0 0.1 [0.1]
1.65959e+18 1.73967e+17 36947100000000.0 118151000000.0 0.0 886517000000.0 13512800.0 0.0 82987500000000.0 112810000.0 0.0 0.0 46959900000.0 5888780000000.0 2006190000.0 21288400.0 0.0 5785410000000.0 512101000000.0 0.12 [0.12]
1.65959e+18 1.66624e+17 36549600000000.0 111985000000.0 0.0 816979000000.0 11945400.0 0.0 82942500000000.0 104461000.0 0.0 0.0 46772700000.0 5863220000000.0 1760450000.0 20266300.0 0.0 5763770000000.0 510216000000.0 0.14 [0.14]
1.65959e+18 1.59333e+17 36143800000000.0 106057000000.0 0.0 748519000000.0 10501800.0 0.0 82898000000000.0 96680500.0 0.0 0.0 46586400000.0 5837580000000.0 1528960000.0 19293700.0 0.0 5742210000000.0 508335000000.0 0.16 [0.16]
1.65959e+18 1.5242e+17 35738600000000.0 100484000000.0 0.0 685762000000.0 9225050.0 0.0 82855900000000.0 89468500.0 0.0 0.0 46409800000.0 5813110000000.0 1322600000.0 18366900.0 0.0 5721730000000.0 506550000000.0 0.18 [0.18]
1.65959e+18 1.4545e+17 35323500000000.0 95104400000.0 0.0 622606000000.0 8033490.0 0.0 82814400000000.0 82718000.0 0.0 0.0 46231700000.0 5788160000000.0 1125830000.0 17485000.0 0.0 5701050000000.0 504743000000.0 0.2 [0.2]
1.65959e+18 1.38676e+17 34904500000000.0 89996800000.0 0.0 562015000000.0 6958100.0 0.0 82774500000000.0 76466900.0 0.0 0.0 46058200000.0 5763620000000.0 947529000.0 16646200.0 0.0 5680910000000.0 502983000000.0 0.22 [0.22]
1.65959e+18 1.32092e+17 34480700000000.0 85144500000.0 0.0 505021000000.0 5997730.0 0.0 82736100000000.0 70618000.0 0.0 0.0 45889600000.0 5739540000000.0 789600000.0 15846100.0 0.0 5661290000000.0 501270000000.0 0.24 [0.24]
1.65959e+18 1.25817e+17 34054800000000.0 80577100000.0 0.0 452567000000.0 5151470.0 0.0 82699700000000.0 65184300.0 0.0 0.0 45728800000.0 5716340000000.0 649790000.0 15083800.0 0.0 5642550000000.0 499636000000.0 0.26 [0.26]
1.65959e+18 1.19113e+17 33607600000000.0 76064800000.0 0.0 395028000000.0 4318980.0 0.0 82662800000000.0 60037500.0 0.0 0.0 45556600000.0 5691070000000.0 515247000.0 14357700.0 0.0 5622500000000.0 497880000000.0 0.28 [0.28]
1.65959e+18 1.13612e+17 33184100000000.0 72068000000.0 0.0 353485000000.0 3697670.0 0.0 82630600000000.0 55377100.0 0.0 0.0 45415200000.0 5670270000000.0 413072000.0 13666200.0 0.0 5606010000000.0 496448000000.0 0.3 [0.3]
1.65959e+18 1.07983e+17 32746300000000.0 68179400000.0 0.0 310680000000.0 3113940.0 0.0 82598900000000.0 50997800.0 0.0 0.0 45270100000.0 5648580000000.0 320896000.0 13007700.0 0.0 5589100000000.0 494978000000.0 0.32 [0.32]
1.65959e+18 1.02516e+17 32302400000000.0 64480600000.0 0.0 270002000000.0 2592760.0 0.0 82568700000000.0 46924300.0 0.0 0.0 45129100000.0 5627190000000.0 238786000.0 12380800.0 0.0 5572680000000.0 493551000000.0 0.34 [0.34]
1.65959e+18 9.73188e+16 31857100000000.0 60996700000.0 0.0 233414000000.0 2147720.0 0.0 82540000000000.0 43128000.0 0.0 0.0 44994700000.0 5606560000000.0 172037000.0 11783400.0 0.0 5557040000000.0 492195000000.0 0.36 [0.36]
1.65959e+18 9.24438e+16 31411900000000.0 57720400000.0 0.0 201044000000.0 1772820.0 0.0 82513100000000.0 39616200.0 0.0 0.0 44868300000.0 5586930000000.0 117005000.0 11214900.0 0.0 5542360000000.0 490927000000.0 0.38 [0.38]
1.65959e+18 8.79784e+16 30968900000000.0 54641000000.0 0.0 172910000000.0 1463540.0 0.0 82488700000000.0 36422900.0 0.0 0.0 44752400000.0 5568580000000.0 73755200.0 10675100.0 0.0 5528920000000.0 489772000000.0 0.4 [0.4]
1.65959e+18 8.38163e+16 30525100000000.0 51739200000.0 0.0 148559000000.0 1208900.0 0.0 82465600000000.0 33475100.0 0.0 0.0 44643900000.0 5551170000000.0 39880700.0 10161500.0 0.0 5516390000000.0 488701000000.0 0.42 [0.42]
1.65959e+18 7.91399e+16 30061800000000.0 48877600000.0 0.0 119032000000.0 932227.0 0.0 82441100000000.0 30597900.0 0.0 0.0 44522000000.0 5531560000000.0 3174320.0 9670660.0 0.0 5502330000000.0 487489000000.0 0.44 [0.44]
1.65959e+18 7.62809e+16 29646000000000.0 46457000000.0 0.0 111481000000.0 847813.0 0.0 82422300000000.0 28164200.0 0.0 0.0 44446600000.0 5519230000000.0 2986890.0 9206450.0 0.0 5493640000000.0 486774000000.0 0.46 [0.46]
1.65959e+18 7.35777e+16 29228700000000.0 44147300000.0 0.0 104627000000.0 773376.0 0.0 82404500000000.0 25937600.0 0.0 0.0 44375000000.0 5507280000000.0 2825200.0 8765660.0 0.0 5485440000000.0 486101000000.0 0.48 [0.48]
1.65959e+18 7.09964e+16 28810100000000.0 41943400000.0 0.0 98346200000.0 707169.0 0.0 82387500000000.0 23888700.0 0.0 0.0 44306300000.0 5495610000000.0 2680850.0 8346840.0 0.0 5477630000000.0 485464000000.0 0.5 [0.5]
1.65959e+18 6.85229e+16 28389500000000.0 39841000000.0 0.0 92543500000.0 647865.0 0.0 82371400000000.0 22000200.0 0.0 0.0 44240200000.0 5484200000000.0 2548740.0 7948750.0 0.0 5470170000000.0 484858000000.0 0.52 [0.52]
1.65959e+18 6.61482e+16 27969000000000.0 37833300000.0 0.0 87161000000.0 594560.0 0.0 82356000000000.0 20258800.0 0.0 0.0 44176500000.0 5473020000000.0 2426190.0 7570320.0 0.0 5463020000000.0 484280000000.0 0.54 [0.54]
1.65959e+18 6.38668e+16 27546100000000.0 35914700000.0 0.0 82155900000.0 546528.0 0.0 82341400000000.0 18653700.0 0.0 0.0 44115000000.0 5462030000000.0 2311500.0 7210470.0 0.0 5456180000000.0 483731000000.0 0.56 [0.56]
1.65959e+18 6.16777e+16 27122700000000.0 34083000000.0 0.0 77491900000.0 503146.0 0.0 82327300000000.0 17175500.0 0.0 0.0 44055600000.0 5451230000000.0 2203500.0 6868260.0 0.0 5449630000000.0 483207000000.0 0.58 [0.58]
1.65959e+18 5.95763e+16 26698600000000.0 32333100000.0 0.0 73138600000.0 463889.0 0.0 82314100000000.0 15814600.0 0.0 0.0 43998400000.0 5440620000000.0 2101390.0 6542800.0 0.0 5443360000000.0 482710000000.0 0.6 [0.6]
1.65959e+18 5.75486e+16 26273300000000.0 30660000000.0 0.0 69057900000.0 428240.0 0.0 82301500000000.0 14558700.0 0.0 0.0 43942900000.0 5430120000000.0 2004500.0 6233150.0 0.0 5437340000000.0 482235000000.0 0.62 [0.62]
1.65959e+18 5.55986e+16 25847100000000.0 29060800000.0 0.0 65237300000.0 395865.0 0.0 82289400000000.0 13402400.0 0.0 0.0 43889100000.0 5419750000000.0 1912490.0 5938510.0 0.0 5431560000000.0 481782000000.0 0.64 [0.64]
1.65959e+18 5.37236e+16 25420400000000.0 27532700000.0 0.0 61650500000.0 366389.0 0.0 82278100000000.0 12338300.0 0.0 0.0 43837200000.0 5409510000000.0 1824980.0 5658160.0 0.0 5426030000000.0 481352000000.0 0.66 [0.66]
1.65959e+18 5.19173e+16 24993100000000.0 26072700000.0 0.0 58281200000.0 339520.0 0.0 82267200000000.0 11358200.0 0.0 0.0 43786800000.0 5399360000000.0 1741660.0 5391350.0 0.0 5420730000000.0 480942000000.0 0.68 [0.68]
1.65959e+18 5.01807e+16 24566400000000.0 24678700000.0 0.0 55110900000.0 314974.0 0.0 82257100000000.0 10456800.0 0.0 0.0 43738200000.0 5389340000000.0 1662290.0 5137420.0 0.0 5415640000000.0 480551000000.0 0.7 [0.7]
1.65959e+18 4.8506e+16 24139600000000.0 23347000000.0 0.0 52127600000.0 292532.0 0.0 82247300000000.0 9626940.0 0.0 0.0 43690900000.0 5379370000000.0 1586650.0 4895670.0 0.0 5410760000000.0 480179000000.0 0.72 [0.72]
