Cloudy_runs/pg0832/z=0.017505/logZ=-1/component_III_PI_nH/component_III_PI_nH_col_density_param.txt
# %ECSV 1.0
# ---
# datatype:
# - {name: H, datatype: float64}
# - {name: H+, datatype: float64}
# - {name: C+, datatype: float64}
# - {name: C+2, datatype: float64}
# - {name: C+3, datatype: float64}
# - {name: N+, datatype: float64}
# - {name: N+2, datatype: float64}
# - {name: N+4, datatype: float64}
# - {name: O, datatype: float64}
# - {name: O+2, datatype: float64}
# - {name: O+5, datatype: float64}
# - {name: O+6, datatype: float64}
# - {name: P+, datatype: float64}
# - {name: Si+, datatype: float64}
# - {name: Si+2, datatype: float64}
# - {name: Si+3, datatype: float64}
# - {name: Si+4, datatype: float64}
# - {name: Fe+, datatype: float64}
# - {name: Al+, datatype: float64}
# - {name: log_nH, datatype: float64}
# - {name: parameters, datatype: string, subtype: 'float64[1]'}
# schema: astropy-2.0
H H+ C+ C+2 C+3 N+ N+2 N+4 O O+2 O+5 O+6 P+ Si+ Si+2 Si+3 Si+4 Fe+ Al+ log_nH parameters
[from data line 155]
1.65959e+18 5.06219e+18 154796000000000.0 23067900000000.0 5673970000.0 37922200000000.0 263566000000.0 0.0 92861200000000.0 1614500000000.0 0.0 0.0 163949000000.0 19995700000000.0 1729480000000.0 30708800000.0 354461000.0 15129300000000.0 1620930000000.0 -1.9 [-1.9]
1.65959e+18 4.86064e+18 150870000000000.0 21538300000000.0 4931990000.0 36530100000000.0 233497000000.0 0.0 92751300000000.0 1426410000000.0 0.0 0.0 159368000000.0 19483800000000.0 1591450000000.0 27516600000.0 307274000.0 14898400000000.0 1580110000000.0 -1.88 [-1.88]
1.65962e+18 4.66977e+18 147111000000000.0 20128300000000.0 4295750000.0 35205700000000.0 207170000000.0 0.0 92640500000000.0 1262170000000.0 0.0 0.0 155013000000.0 18993600000000.0 1466180000000.0 24693500000.0 267058000.0 14671000000000.0 1541150000000.0 -1.86 [-1.86]
1.6596e+18 4.48505e+18 143428000000000.0 18807400000000.0 3741620000.0 33920100000000.0 183748000000.0 0.0 92523500000000.0 1116130000000.0 0.0 0.0 150778000000.0 18513300000000.0 1350360000000.0 22163800000.0 232289000.0 14442100000000.0 1503020000000.0 -1.84 [-1.84]
1.65961e+18 4.31095e+18 139927000000000.0 17589700000000.0 3266010000.0 32702400000000.0 163264000000.0 0.0 92406100000000.0 988856000000.0 0.0 0.0 146775000000.0 18056400000000.0 1245440000000.0 19925100000.0 202580000.0 14218700000000.0 1466900000000.0 -1.82 [-1.82]
1.65959e+18 4.14237e+18 136495000000000.0 16450900000000.0 2851240000.0 31520400000000.0 145000000000.0 0.0 92285200000000.0 875477000000.0 0.0 0.0 142881000000.0 17609500000000.0 1148040000000.0 17915900000.0 176783000.0 13995300000000.0 1431520000000.0 -1.8 [-1.8]
1.65965e+18 3.98056e+18 133171000000000.0 15387600000000.0 2490010000.0 30381900000000.0 128768000000.0 0.0 92165800000000.0 775053000000.0 0.0 0.0 139133000000.0 17177500000000.0 1057760000000.0 16116100000.0 154358000.0 13775200000000.0 1397310000000.0 -1.78 [-1.78]
1.65962e+18 3.82737e+18 129992000000000.0 14409000000000.0 2179400000.0 29299800000000.0 114537000000.0 0.0 92040700000000.0 687123000000.0 0.0 0.0 135570000000.0 16763900000000.0 976441000000.0 14520700000.0 135176000.0 13558100000000.0 1364690000000.0 -1.76 [-1.76]
1.6596e+18 3.68001e+18 126906000000000.0 13493600000000.0 1908640000.0 28255200000000.0 101890000000.0 0.0 91914100000000.0 609215000000.0 0.0 0.0 132132000000.0 16363200000000.0 901084000000.0 13089600000.0 118488000.0 13343700000000.0 1333070000000.0 -1.74 [-1.74]
1.6596e+18 3.53881e+18 123922000000000.0 12641000000000.0 1673300000.0 27250800000000.0 90685700000.0 0.0 91787200000000.0 540416000000.0 0.0 0.0 128827000000.0 15976400000000.0 831542000000.0 11809100000.0 104006000.0 13133100000000.0 1302570000000.0 -1.72 [-1.72]
1.6596e+18 3.40428e+18 121055000000000.0 11850500000000.0 1469300000.0 26290200000000.0 80791500000.0 0.0 91659700000000.0 479815000000.0 0.0 0.0 125670000000.0 15605100000000.0 768076000000.0 10666300000.0 91483300.0 12926400000000.0 1273340000000.0 -1.7 [-1.7]
1.65965e+18 3.27545e+18 118288000000000.0 11114500000000.0 1291930000.0 25366900000000.0 72033200000.0 0.0 91532700000000.0 426313000000.0 0.0 0.0 122639000000.0 15247000000000.0 709927000000.0 9643510000.0 80615400.0 12722700000000.0 1245190000000.0 -1.68 [-1.68]
1.65964e+18 3.15269e+18 115629000000000.0 10431500000000.0 1137570000.0 24483800000000.0 64273300000.0 0.0 91403200000000.0 379049000000.0 0.0 0.0 119741000000.0 14903400000000.0 656586000000.0 8728050000.0 71166000.0 12523800000000.0 1218180000000.0 -1.66 [-1.66]
1.65965e+18 3.03474e+18 113054000000000.0 9793090000000.0 1002810000.0 23632400000000.0 57382900000.0 0.0 91272700000000.0 337199000000.0 0.0 0.0 116950000000.0 14571200000000.0 607491000000.0 7905970000.0 62925200.0 12327700000000.0 1192090000000.0 -1.64 [-1.64]
1.65962e+18 2.9226e+18 110586000000000.0 9202290000000.0 885670000.0 22819400000000.0 51288700000.0 0.0 91140500000000.0 300318000000.0 0.0 0.0 114289000000.0 14253300000000.0 562574000000.0 7170780000.0 55758000.0 12136900000000.0 1167130000000.0 -1.62 [-1.62]
1.65962e+18 2.81487e+18 108199000000000.0 8649580000000.0 783086000.0 22035700000000.0 45866800000.0 0.0 91008900000000.0 267592000000.0 0.0 0.0 111728000000.0 13946200000000.0 521227000000.0 6509240000.0 49485700.0 11949200000000.0 1143060000000.0 -1.6 [-1.6]
1.65964e+18 2.71187e+18 105901000000000.0 8134830000000.0 693413000.0 21283700000000.0 41051300000.0 0.0 90878300000000.0 238623000000.0 0.0 0.0 109274000000.0 13651100000000.0 483225000000.0 5914910000.0 43998400.0 11765900000000.0 1119920000000.0 -1.58 [-1.58]
1.6596e+18 2.6131e+18 103680000000000.0 7654210000000.0 614824000.0 20559700000000.0 36767200000.0 0.0 90743900000000.0 212922000000.0 0.0 0.0 106914000000.0 13366400000000.0 448330000000.0 5379830000.0 39187800.0 11585800000000.0 1097610000000.0 -1.56 [-1.56]
1.65962e+18 2.51899e+18 101551000000000.0 7207530000000.0 546087000.0 19867200000000.0 32965200000.0 0.0 90612400000000.0 190178000000.0 0.0 0.0 104662000000.0 13093800000000.0 416466000000.0 4899170000.0 34977300.0 11410600000000.0 1076280000000.0 -1.54 [-1.54]
1.65963e+18 2.42821e+18 99482600000000.0 6787940000000.0 485477000.0 19196900000000.0 29562400000.0 0.0 90480500000000.0 169913000000.0 0.0 0.0 102485000000.0 12829800000000.0 386696000000.0 4464260000.0 31252800.0 11239100000000.0 1055600000000.0 -1.52 [-1.52]
1.65961e+18 2.3417e+18 97498700000000.0 6398160000000.0 432379000.0 18555400000000.0 26540300000.0 0.0 90347400000000.0 151971000000.0 0.0 0.0 100406000000.0 12577000000000.0 359505000000.0 4073060000.0 27984200.0 11072200000000.0 1035790000000.0 -1.5 [-1.5]
1.65963e+18 2.25864e+18 95582700000000.0 6033050000000.0 385563000.0 17937300000000.0 23841000000.0 0.0 90216200000000.0 135997000000.0 0.0 0.0 98407400000.0 12333300000000.0 334418000000.0 3719340000.0 25096700.0 10909100000000.0 1016720000000.0 -1.48 [-1.48]
1.6596e+18 2.17897e+18 93731900000000.0 5691830000000.0 344356000.0 17341800000000.0 21434800000.0 0.0 90082000000000.0 121815000000.0 0.0 0.0 96485300000.0 12098500000000.0 311276000000.0 3399850000.0 22547000.0 10749800000000.0 998328000000.0 -1.46 [-1.46]
1.65961e+18 2.10275e+18 91951700000000.0 5373020000000.0 307985000.0 16770200000000.0 19285800000.0 0.0 89950900000000.0 109181000000.0 0.0 0.0 94644700000.0 11873000000000.0 290023000000.0 3110890000.0 20291000.0 10594900000000.0 980689000000.0 -1.44 [-1.44]
1.65962e+18 2.0296e+18 90232600000000.0 5074270000000.0 275818000.0 16219300000000.0 17362700000.0 0.0 89820600000000.0 97926800000.0 0.0 0.0 92875100000.0 11656000000000.0 270279000000.0 2849060000.0 18287500.0 10444300000000.0 963695000000.0 -1.42 [-1.42]
1.65961e+18 1.95919e+18 88567600000000.0 4793850000000.0 247324000.0 15687000000000.0 15641000000.0 0.0 89688300000000.0 87884400000.0 0.0 0.0 91168600000.0 11446200000000.0 252059000000.0 2611460000.0 16507200.0 10296800000000.0 947270000000.0 -1.4 [-1.4]
1.65961e+18 1.89186e+18 86966200000000.0 4531660000000.0 222109000.0 15175900000000.0 14102000000.0 0.0 89558100000000.0 78938000000.0 0.0 0.0 89534700000.0 11245000000000.0 235288000000.0 2396170000.0 14925600.0 10153700000000.0 931522000000.0 -1.38 [-1.38]
1.6596e+18 1.82709e+18 85416600000000.0 4285530000000.0 199718000.0 14682500000000.0 12722000000.0 0.0 89427400000000.0 70948700000.0 0.0 0.0 87960400000.0 11050800000000.0 219725000000.0 2200510000.0 13514900.0 10014200000000.0 916313000000.0 -1.36 [-1.36]
1.65962e+18 1.76493e+18 83921200000000.0 4054510000000.0 179831000.0 14206900000000.0 11485200000.0 0.0 89298500000000.0 63814800000.0 0.0 0.0 86448000000.0 10863900000000.0 205332000000.0 2022680000.0 12256500.0 9878670000000.0 901687000000.0 -1.34 [-1.34]
1.6596e+18 1.70522e+18 82475800000000.0 3837850000000.0 162133000.0 13748300000000.0 10374800000.0 0.0 89168700000000.0 57434900000.0 0.0 0.0 84992400000.0 10683800000000.0 191998000000.0 1860850000.0 11131000.0 9746690000000.0 887577000000.0 -1.32 [-1.32]
1.65961e+18 1.64785e+18 81079700000000.0 3634120000000.0 146368000.0 13306000000000.0 9378210000.0 0.0 89041200000000.0 51730000000.0 0.0 0.0 83592900000.0 10510400000000.0 179643000000.0 1713470000.0 10123600.0 9618450000000.0 873997000000.0 -1.3 [-1.3]
1.6596e+18 1.59308e+18 79738900000000.0 3443800000000.0 132351000.0 12881800000000.0 8486070000.0 0.0 88913800000000.0 46639800000.0 0.0 0.0 82254900000.0 10344300000000.0 168311000000.0 1579500000.0 9223400.0 9494330000000.0 860990000000.0 -1.28 [-1.28]
1.65961e+18 1.5402e+18 78437100000000.0 3264040000000.0 119796000.0 12470900000000.0 7681070000.0 0.0 88788100000000.0 42066900000.0 0.0 0.0 80961700000.0 10183600000000.0 157692000000.0 1456970000.0 8412300.0 9373440000000.0 848405000000.0 -1.26 [-1.26]
1.65963e+18 1.48935e+18 77178500000000.0 3094870000000.0 108568000.0 12074100000000.0 6956900000.0 0.0 88664000000000.0 37969600000.0 0.0 0.0 79717200000.0 10028900000000.0 147827000000.0 1345090000.0 7682970.0 9256040000000.0 836276000000.0 -1.24 [-1.24]
1.65961e+18 1.4404e+18 75959300000000.0 2935590000000.0 98512000.0 11690600000000.0 6304850000.0 0.0 88538300000000.0 34293900000.0 0.0 0.0 78517000000.0 9879380000000.0 138681000000.0 1242800000.0 7026090.0 9141640000000.0 824559000000.0 -1.22 [-1.22]
1.65959e+18 1.39352e+18 74784300000000.0 2785940000000.0 89507300.0 11321900000000.0 5718300000.0 0.0 88413900000000.0 30999400000.0 0.0 0.0 77366100000.0 9735880000000.0 130207000000.0 1149330000.0 6434330.0 9031010000000.0 813313000000.0 -1.2 [-1.2]
1.65962e+18 1.34837e+18 73647700000000.0 2644880000000.0 81420000.0 10965400000000.0 5189150000.0 0.0 88293200000000.0 28038100000.0 0.0 0.0 76258000000.0 9597570000000.0 122330000000.0 1063720000.0 5899630.0 8923580000000.0 802470000000.0 -1.18 [-1.18]
1.65959e+18 1.30489e+18 72544800000000.0 2511690000000.0 74146400.0 10620800000000.0 4711510000.0 0.0 88170400000000.0 25376300000.0 0.0 0.0 75188200000.0 9463930000000.0 114971000000.0 985225000.0 5415650.0 8819100000000.0 791991000000.0 -1.16 [-1.16]
1.65959e+18 1.26291e+18 71474700000000.0 2385870000000.0 67594500.0 10286800000000.0 4279740000.0 0.0 88049500000000.0 22979200000.0 0.0 0.0 74155200000.0 9334760000000.0 108109000000.0 913164000.0 4976920.0 8717410000000.0 781858000000.0 -1.14 [-1.14]
1.65959e+18 1.22272e+18 70443900000000.0 2267540000000.0 61701300.0 9965800000000.0 3890610000.0 0.0 87931000000000.0 20826300000.0 0.0 0.0 73165400000.0 9210880000000.0 101744000000.0 847125000.0 4579700.0 8619280000000.0 772142000000.0 -1.12 [-1.12]
1.65959e+18 1.18366e+18 69436300000000.0 2155170000000.0 56363300.0 9652910000000.0 3536800000.0 0.0 87812200000000.0 18877700000.0 0.0 0.0 72202500000.0 9090300000000.0 95732200000.0 786240000.0 4217360.0 8523240000000.0 762672000000.0 -1.1 [-1.1]
1.65962e+18 1.14628e+18 68466600000000.0 2049440000000.0 51554500.0 9352270000000.0 3218210000.0 0.0 87697200000000.0 17127000000.0 0.0 0.0 71281200000.0 8974790000000.0 90204300000.0 730381000.0 3888990.0 8430560000000.0 753606000000.0 -1.08 [-1.08]
1.65959e+18 1.11053e+18 67531100000000.0 1949980000000.0 47219200.0 9063430000000.0 2931070000.0 0.0 87580600000000.0 15555300000.0 0.0 0.0 70397500000.0 8863910000000.0 85074000000.0 679103000.0 3590820.0 8341070000000.0 744907000000.0 -1.06 [-1.06]
1.65959e+18 1.07569e+18 66615200000000.0 1855210000000.0 43274700.0 8781150000000.0 2669090000.0 0.0 87465900000000.0 14128800000.0 0.0 0.0 69536600000.0 8755860000000.0 80185500000.0 631681000.0 3317540.0 8253560000000.0 736418000000.0 -1.04 [-1.04]
1.6596e+18 1.04224e+18 65729700000000.0 1765700000000.0 39704600.0 8509140000000.0 2432390000.0 0.0 87353400000000.0 12843300000.0 0.0 0.0 68709700000.0 8651980000000.0 75653800000.0 588024000.0 3068590.0 8168910000000.0 728261000000.0 -1.02 [-1.02]
1.6596e+18 1.00994e+18 64868900000000.0 1680960000000.0 36462600.0 8245550000000.0 2217490000.0 0.0 87241200000000.0 11680300000.0 0.0 0.0 67910100000.0 8551470000000.0 71410500000.0 547723000.0 2840890.0 8086590000000.0 720363000000.0 -1.0 [-1.0]
1.65961e+18 9.78933e+17 64037000000000.0 1600900000000.0 33522100.0 7991670000000.0 2023010000.0 0.0 87131800000000.0 10631400000.0 0.0 0.0 67142700000.0 8454940000000.0 67455100000.0 510569000.0 2632910.0 8007160000000.0 712781000000.0 -0.98 [-0.98]
1.6596e+18 9.48895e+17 63225400000000.0 1524880000000.0 30843600.0 7744860000000.0 1846050000.0 0.0 87022000000000.0 9680380000.0 0.0 0.0 66398100000.0 8361230000000.0 63733400000.0 476191000.0 2442090.0 7929690000000.0 705414000000.0 -0.96 [-0.96]
1.65959e+18 9.20041e+17 62439500000000.0 1452950000000.0 28407800.0 7507020000000.0 1685680000.0 0.0 86914000000000.0 8821210000.0 0.0 0.0 65682300000.0 8271090000000.0 60260500000.0 444439000.0 2267320.0 7854830000000.0 698331000000.0 -0.94 [-0.94]
1.65961e+18 8.92053e+17 61673000000000.0 1384570000000.0 26183800.0 7275590000000.0 1539460000.0 0.0 86808500000000.0 8040650000.0 0.0 0.0 64988400000.0 8183670000000.0 56983600000.0 415013000.0 2106590.0 7781950000000.0 691455000000.0 -0.92 [-0.92]
1.65959e+18 8.65141e+17 60928900000000.0 1319790000000.0 24157100.0 7052280000000.0 1406830000.0 0.0 86702800000000.0 7334890000.0 0.0 0.0 64319700000.0 8099390000000.0 53917500000.0 387789000.0 1959060.0 7711400000000.0 684829000000.0 -0.9 [-0.9]
1.65959e+18 8.39062e+17 60203400000000.0 1258220000000.0 22303500.0 6835340000000.0 1285840000.0 0.0 86598900000000.0 6693080000.0 0.0 0.0 63671800000.0 8017680000000.0 51029100000.0 362533000.0 1823140.0 7642730000000.0 678399000000.0 -0.88 [-0.88]
1.65959e+18 8.13846e+17 59496200000000.0 1199700000000.0 20608200.0 6624960000000.0 1175680000.0 0.0 86496300000000.0 6110380000.0 0.0 0.0 63044900000.0 7938590000000.0 48313000000.0 339102000.0 1697920.0 7576000000000.0 672175000000.0 -0.86 [-0.86]
1.65959e+18 7.89617e+17 58810700000000.0 1144240000000.0 19059500.0 6422030000000.0 1075650000.0 0.0 86395900000000.0 5583040000.0 0.0 0.0 62442500000.0 7862550000000.0 45766300000.0 317394000.0 1582720.0 7511650000000.0 666194000000.0 -0.84 [-0.84]
1.65959e+18 7.66123e+17 58141100000000.0 1091490000000.0 17638900.0 6224900000000.0 984252000.0 0.0 86296200000000.0 5102370000.0 0.0 0.0 61857800000.0 7788710000000.0 43365700000.0 297209000.0 1476240.0 7448930000000.0 660380000000.0 -0.82 [-0.82]
1.6596e+18 7.43562e+17 57491700000000.0 1041430000000.0 16339000.0 6034870000000.0 901294000.0 0.0 86199100000000.0 4667340000.0 0.0 0.0 61296400000.0 7717780000000.0 41119000000.0 278488000.0 1378140.0 7388480000000.0 654800000000.0 -0.8 [-0.8]
1.6596e+18 7.21593e+17 56854600000000.0 993700000000.0 15143100.0 5849510000000.0 825251000.0 0.0 86102200000000.0 4269630000.0 0.0 0.0 60749000000.0 7648600000000.0 38985600000.0 261041000.0 1275400.0 7329350000000.0 649352000000.0 -0.78 [-0.78]
1.6596e+18 7.00325e+17 56232300000000.0 948247000000.0 14044200.0 5669630000000.0 755828000.0 0.0 86006500000000.0 3907520000.0 0.0 0.0 60218900000.0 7581590000000.0 36971100000.0 244803000.0 1017070.0 7271890000000.0 644074000000.0 -0.76 [-0.76]
1.6596e+18 6.80004e+17 55630700000000.0 905162000000.0 13037500.0 5496900000000.0 692909000.0 0.0 85913700000000.0 3580290000.0 0.0 0.0 59712500000.0 7517520000000.0 35091600000.0 229735000.0 825282.0 7216810000000.0 639034000000.0 -0.74 [-0.74]
1.6596e+18 6.60125e+17 55038200000000.0 864007000000.0 12108000.0 5327910000000.0 635022000.0 0.0 85820900000000.0 3279770000.0 0.0 0.0 59216400000.0 7454770000000.0 33298800000.0 215652000.0 664975.0 7162700000000.0 634090000000.0 -0.72 [-0.72]
1.6596e+18 6.40949e+17 54460500000000.0 824835000000.0 11252700.0 5164400000000.0 582223000.0 0.0 85729900000000.0 3006370000.0 0.0 0.0 58737800000.0 7394200000000.0 31609800000.0 202535000.0 541829.0 7110340000000.0 629318000000.0 -0.7 [-0.7]
1.6596e+18 6.22338e+17 53894900000000.0 787511000000.0 10463600.0 5005510000000.0 533872000.0 0.0 85640000000000.0 2756380000.0 0.0 0.0 58273100000.0 7335370000000.0 30010800000.0 190290000.0 451159.0 7059340000000.0 624681000000.0 -0.68 [-0.68]
