Cloudy_runs/pg0832/z=0.017505/logZ=-1/component_III_PI_nH/component_III_PI_nH_col_density_param.txt
# %ECSV 1.0
# ---
# datatype:
# - {name: H, datatype: float64}
# - {name: H+, datatype: float64}
# - {name: C+, datatype: float64}
# - {name: C+2, datatype: float64}
# - {name: C+3, datatype: float64}
# - {name: N+, datatype: float64}
# - {name: N+2, datatype: float64}
# - {name: N+4, datatype: float64}
# - {name: O, datatype: float64}
# - {name: O+2, datatype: float64}
# - {name: O+5, datatype: float64}
# - {name: O+6, datatype: float64}
# - {name: P+, datatype: float64}
# - {name: Si+, datatype: float64}
# - {name: Si+2, datatype: float64}
# - {name: Si+3, datatype: float64}
# - {name: Si+4, datatype: float64}
# - {name: Fe+, datatype: float64}
# - {name: Al+, datatype: float64}
# - {name: log_nH, datatype: float64}
# - {name: parameters, datatype: string, subtype: 'float64[1]'}
# schema: astropy-2.0
H H+ C+ C+2 C+3 N+ N+2 N+4 O O+2 O+5 O+6 P+ Si+ Si+2 Si+3 Si+4 Fe+ Al+ log_nH parameters
[from data line 100]
1.65959e+18 6.54914e+19 613893000000000.0 1172690000000000.0 16431000000000.0 248542000000000.0 197089000000000.0 136769000000.0 75623300000000.0 1341040000000000.0 8861900000.0 0.0 1033930000000.0 71882900000000.0 125857000000000.0 17630100000000.0 2165590000000.0 21201700000000.0 7644840000000.0 -3.0 [-3.0]
1.65976e+18 6.22757e+19 603223000000000.0 1099100000000000.0 14473200000000.0 244458000000000.0 179964000000000.0 115412000000.0 76760500000000.0 1222040000000000.0 6983480000.0 0.0 1003030000000.0 70892700000000.0 118391000000000.0 15973000000000.0 1864770000000.0 21384700000000.0 7451420000000.0 -2.98 [-2.98]
1.65965e+18 5.9244e+19 592621000000000.0 1030110000000000.0 12737700000000.0 240287000000000.0 164094000000000.0 97206100000.0 77840700000000.0 1111950000000000.0 5484830000.0 0.0 972951000000.0 69887500000000.0 111351000000000.0 14458000000000.0 1604960000000.0 21544700000000.0 7264330000000.0 -2.96 [-2.96]
1.65959e+18 5.63554e+19 581919000000000.0 964854000000000.0 11194400000000.0 235927000000000.0 149313000000000.0 81666900000.0 78890100000000.0 1009670000000000.0 4301970000.0 0.0 943289000000.0 68871800000000.0 104625000000000.0 13068400000000.0 1379670000000.0 21691900000000.0 7079930000000.0 -2.94 [-2.94]
1.65975e+18 5.36139e+19 571204000000000.0 903359000000000.0 9827930000000.0 231405000000000.0 135630000000000.0 68471100000.0 79915600000000.0 915195000000000.0 3355200000.0 0.0 914208000000.0 67839500000000.0 98241200000000.0 11798600000000.0 1185200000000.0 21826000000000.0 6899490000000.0 -2.92 [-2.92]
1.65964e+18 5.10058e+19 560420000000000.0 845336000000000.0 8615590000000.0 226749000000000.0 122931000000000.0 57253700000.0 80888600000000.0 827735000000000.0 2605020000.0 0.0 885638000000.0 66805300000000.0 92155800000000.0 10637700000000.0 1016800000000.0 21944500000000.0 6721790000000.0 -2.9 [-2.9]
1.65959e+18 4.85203e+19 549539000000000.0 790544000000000.0 7543300000000.0 221908000000000.0 111200000000000.0 47763800000.0 81827700000000.0 747157000000000.0 2013650000.0 0.0 857535000000.0 65754400000000.0 86359900000000.0 9577830000000.0 871509000000.0 22049600000000.0 6546870000000.0 -2.88 [-2.88]
1.65974e+18 4.61662e+19 538737000000000.0 739063000000000.0 6597670000000.0 216978000000000.0 100404000000000.0 39762100000.0 82742100000000.0 673146000000000.0 1561460000.0 0.0 830152000000.0 64697200000000.0 80880000000000.0 8613770000000.0 746509000000.0 22141500000000.0 6376150000000.0 -2.86 [-2.86]
1.65967e+18 4.39241e+19 527821000000000.0 690570000000000.0 5766240000000.0 211869000000000.0 90508800000000.0 33048500000.0 83603900000000.0 605546000000000.0 1198770000.0 0.0 803259000000.0 63623100000000.0 75672400000000.0 7738780000000.0 639165000000.0 22218600000000.0 6208220000000.0 -2.84 [-2.84]
1.65961e+18 4.18042e+19 516994000000000.0 645163000000000.0 5035370000000.0 206701000000000.0 81467200000000.0 27418000000.0 84426400000000.0 543905000000000.0 913665000.0 0.0 777136000000.0 62531400000000.0 70779800000000.0 6947250000000.0 547061000000.0 22278200000000.0 6044720000000.0 -2.82 [-2.82]
1.6598e+18 3.97824e+19 506155000000000.0 602313000000000.0 4389420000000.0 201450000000000.0 73146900000000.0 22679400000.0 85224100000000.0 487365000000000.0 702930000.0 0.0 751536000000.0 61453100000000.0 66108200000000.0 6227060000000.0 467415000000.0 22328100000000.0 5883180000000.0 -2.8 [-2.8]
1.65972e+18 3.78692e+19 495384000000000.0 562217000000000.0 3822790000000.0 196162000000000.0 65572800000000.0 18723600000.0 85966700000000.0 436015000000000.0 527892000.0 0.0 726663000000.0 60366700000000.0 61714000000000.0 5576930000000.0 399157000000.0 22363300000000.0 5725170000000.0 -2.78 [-2.78]
1.65964e+18 3.60465e+19 484617000000000.0 524475000000000.0 3325230000000.0 190795000000000.0 58670300000000.0 15423800000.0 86671800000000.0 389307000000000.0 389641000.0 0.0 702371000000.0 59259300000000.0 57563100000000.0 4988260000000.0 340607000000.0 22381100000000.0 5570400000000.0 -2.76 [-2.76]
1.65959e+18 3.43005e+19 473769000000000.0 488809000000000.0 2888080000000.0 185319000000000.0 52378600000000.0 12675700000.0 87343200000000.0 346851000000000.0 298591000.0 0.0 678484000000.0 58142100000000.0 53607000000000.0 4454760000000.0 290294000000.0 22390400000000.0 5416910000000.0 -2.74 [-2.74]
1.65974e+18 3.26677e+19 463235000000000.0 455813000000000.0 2507750000000.0 179959000000000.0 46720600000000.0 10405000000.0 87981300000000.0 308772000000000.0 214561000.0 0.0 655669000000.0 57042500000000.0 49936100000000.0 3978170000000.0 247440000000.0 22384000000000.0 5269380000000.0 -2.72 [-2.72]
1.65968e+18 3.11071e+19 452647000000000.0 424754000000000.0 2175970000000.0 174524000000000.0 41613200000000.0 8530070000.0 88571400000000.0 274481000000000.0 164028000.0 0.0 633322000000.0 55920200000000.0 46467900000000.0 3548860000000.0 210858000000.0 22365900000000.0 5123960000000.0 -2.7 [-2.7]
1.65962e+18 2.96109e+19 442011000000000.0 395429000000000.0 1884590000000.0 169043000000000.0 36977000000000.0 6973770000.0 89126000000000.0 243440000000000.0 112796000.0 0.0 611411000000.0 54791500000000.0 43168100000000.0 3160600000000.0 179368000000.0 22334100000000.0 4980250000000.0 -2.68 [-2.68]
1.65961e+18 2.82059e+19 431602000000000.0 368289000000000.0 1632210000000.0 163670000000000.0 32840400000000.0 5697650000.0 89641700000000.0 215806000000000.0 72065200.0 0.0 590401000000.0 53666300000000.0 40113200000000.0 2815180000000.0 152659000000.0 22287700000000.0 4841260000000.0 -2.66 [-2.66]
1.65959e+18 2.68694e+19 421304000000000.0 342842000000000.0 1412080000000.0 158338000000000.0 29119000000000.0 4647090000.0 90122400000000.0 191009000000000.0 0.0 0.0 570006000000.0 52549200000000.0 37233000000000.0 2504810000000.0 129817000000.0 22233200000000.0 4705140000000.0 -2.64 [-2.64]
1.6598e+18 2.56045e+19 411176000000000.0 319127000000000.0 1221590000000.0 153077000000000.0 25804400000000.0 3789290000.0 90579500000000.0 168975000000000.0 0.0 0.0 550337000000.0 51430800000000.0 34549800000000.0 2228010000000.0 110444000000.0 22165000000000.0 4573180000000.0 -2.62 [-2.62]
1.65963e+18 2.43953e+19 401040000000000.0 296880000000000.0 1055640000000.0 147844000000000.0 22833600000000.0 3084700000.0 90982100000000.0 149271000000000.0 0.0 0.0 531138000000.0 50305500000000.0 32021500000000.0 1979780000000.0 93881000000.0 22082900000000.0 4442910000000.0 -2.6 [-2.6]
1.65974e+18 2.32536e+19 391162000000000.0 276171000000000.0 911702000000.0 142738000000000.0 20187100000000.0 2508570000.0 91365700000000.0 131754000000000.0 0.0 0.0 512709000000.0 49197100000000.0 29666100000000.0 1758540000000.0 79789100000.0 21996200000000.0 4317110000000.0 -2.58 [-2.58]
1.65971e+18 2.21598e+19 381289000000000.0 256723000000000.0 786601000000.0 137669000000000.0 17824500000000.0 2037380000.0 91711100000000.0 116146000000000.0 0.0 0.0 494713000000.0 48076900000000.0 27452100000000.0 1560470000000.0 67767200000.0 21894300000000.0 4193020000000.0 -2.56 [-2.56]
1.65973e+18 2.11279e+19 371635000000000.0 238705000000000.0 678454000000.0 132749000000000.0 15728500000000.0 1653390000.0 92028000000000.0 102326000000000.0 0.0 0.0 477447000000.0 46974800000000.0 25396800000000.0 1384550000000.0 57553000000.0 21783100000000.0 4072570000000.0 -2.54 [-2.54]
1.6597e+18 2.01464e+19 362115000000000.0 221890000000000.0 585121000000.0 127925000000000.0 13875100000000.0 1341670000.0 92312200000000.0 90118000000000.0 0.0 0.0 460753000000.0 45864200000000.0 23492100000000.0 1228210000000.0 48913900000.0 21657400000000.0 3955460000000.0 -2.52 [-2.52]
1.65968e+18 1.92193e+19 352841000000000.0 206281000000000.0 504177000000.0 123262000000000.0 12227500000000.0 1087140000.0 92569200000000.0 79294100000000.0 0.0 0.0 444746000000.0 44782800000000.0 21716000000000.0 1089120000000.0 41533300000.0 21524700000000.0 3841830000000.0 -2.5 [-2.5]
1.65967e+18 1.83291e+19 343603000000000.0 191615000000000.0 433922000000.0 118664000000000.0 10761900000000.0 879561000.0 92801000000000.0 69687900000000.0 0.0 0.0 429126000000.0 43703300000000.0 20041800000000.0 964769000000.0 35229400000.0 21386400000000.0 3729790000000.0 -2.48 [-2.48]
1.65966e+18 1.748e+19 334484000000000.0 177926000000000.0 373248000000.0 114173000000000.0 9465990000000.0 711212000.0 93007000000000.0 61205300000000.0 0.0 0.0 414003000000.0 42626700000000.0 18482900000000.0 854217000000.0 29877700000.0 21237600000000.0 3620400000000.0 -2.46 [-2.46]
1.65966e+18 1.66765e+19 325589000000000.0 165231000000000.0 320991000000.0 109836000000000.0 8323700000000.0 574824000.0 93189900000000.0 53738900000000.0 0.0 0.0 399493000000.0 41566300000000.0 17042200000000.0 756336000000.0 25344800000.0 21080600000000.0 3514420000000.0 -2.44 [-2.44]
1.65975e+18 1.59127e+19 316874000000000.0 153419000000000.0 275936000000.0 105633000000000.0 7315800000000.0 464534000.0 93354900000000.0 47161300000000.0 0.0 0.0 385516000000.0 40520200000000.0 15704500000000.0 669504000000.0 21496600000.0 20915900000000.0 3411400000000.0 -2.42 [-2.42]
1.6597e+18 1.51869e+19 308346000000000.0 142431000000000.0 237028000000.0 101567000000000.0 6425160000000.0 374822000.0 93491800000000.0 41359200000000.0 0.0 0.0 372058000000.0 39494500000000.0 14458500000000.0 592395000000.0 18221400000.0 20747100000000.0 3311160000000.0 -2.4 [-2.4]
1.65962e+18 1.44996e+19 300028000000000.0 132262000000000.0 203676000000.0 97651800000000.0 5644600000000.0 302423000.0 93605800000000.0 36280400000000.0 0.0 0.0 359153000000.0 38481800000000.0 13314600000000.0 524390000000.0 15458600000.0 20566500000000.0 3214320000000.0 -2.38 [-2.38]
1.6596e+18 1.384e+19 291792000000000.0 122752000000000.0 174909000000.0 93831800000000.0 4955970000000.0 243909000.0 93703300000000.0 31805900000000.0 0.0 0.0 346608000000.0 37473000000000.0 12248900000000.0 463953000000.0 13110500000.0 20376100000000.0 3119230000000.0 -2.36 [-2.36]
1.65968e+18 1.32122e+19 283711000000000.0 113945000000000.0 150216000000.0 90144400000000.0 4351210000000.0 196934000.0 93789500000000.0 27881000000000.0 0.0 0.0 334519000000.0 36479000000000.0 11264500000000.0 410506000000.0 11122400000.0 20178300000000.0 3026550000000.0 -2.34 [-2.34]
1.65963e+18 1.2618e+19 275904000000000.0 105756000000000.0 128939000000.0 86608300000000.0 3818800000000.0 158535000.0 93852700000000.0 24432200000000.0 0.0 0.0 322963000000.0 35513100000000.0 10353600000000.0 363209000000.0 9434020000.0 19979500000000.0 2937430000000.0 -2.32 [-2.32]
1.65965e+18 1.20548e+19 268314000000000.0 98183700000000.0 110758000000.0 83215000000000.0 3353700000000.0 128031000.0 93902900000000.0 21421600000000.0 0.0 0.0 311897000000.0 34565300000000.0 9519740000000.0 321558000000.0 8013220000.0 19773800000000.0 2851480000000.0 -2.3 [-2.3]
1.65961e+18 1.15167e+19 260879000000000.0 91129000000000.0 95071400000.0 79935700000000.0 2943450000000.0 102966000.0 93935700000000.0 18771700000000.0 0.0 0.0 301212000000.0 33635800000000.0 8743820000000.0 284589000000.0 6801590000.0 19564000000000.0 2767680000000.0 -2.28 [-2.28]
1.65971e+18 1.10078e+19 253687000000000.0 84615400000000.0 81649800000.0 76802200000000.0 2584700000000.0 83124000.0 93963100000000.0 16456000000000.0 0.0 0.0 291014000000.0 32729800000000.0 8034590000000.0 252032000000.0 5779560000.0 19349300000000.0 2687140000000.0 -2.26 [-2.26]
1.65965e+18 1.05235e+19 246691000000000.0 78562100000000.0 70088800000.0 73790400000000.0 2268670000000.0 66723000.0 93970100000000.0 14421100000000.0 0.0 0.0 281214000000.0 31848700000000.0 7375810000000.0 223174000000.0 4908790000.0 19134300000000.0 2608990000000.0 -2.24 [-2.24]
1.65959e+18 1.00598e+19 239815000000000.0 72941900000000.0 60198700000.0 70880000000000.0 1992340000000.0 53879900.0 93963700000000.0 12642900000000.0 0.0 0.0 271737000000.0 30977500000000.0 6770450000000.0 197696000000.0 4173760000.0 18910300000000.0 2532890000000.0 -2.22 [-2.22]
1.6596e+18 9.62056e+18 233181000000000.0 67739000000000.0 51714500000.0 68099100000000.0 1749940000000.0 43200500.0 93950300000000.0 11085200000000.0 0.0 0.0 262690000000.0 30133000000000.0 6215030000000.0 175203000000.0 3551230000.0 18684700000000.0 2459640000000.0 -2.2 [-2.2]
1.65961e+18 9.20087e+18 226698000000000.0 62909200000000.0 44430900000.0 65421800000000.0 1537270000000.0 34508900.0 93927500000000.0 9720520000000.0 0.0 0.0 253970000000.0 29306400000000.0 5702170000000.0 155300000000.0 3022480000.0 18456000000000.0 2388560000000.0 -2.18 [-2.18]
1.65959e+18 8.80177e+18 220412000000000.0 58434200000000.0 38188700000.0 62855800000000.0 1350860000000.0 27879300.0 93893200000000.0 8526050000000.0 0.0 0.0 245611000000.0 28501400000000.0 5231940000000.0 137728000000.0 2574850000.0 18223700000000.0 2319880000000.0 -2.16 [-2.16]
1.65967e+18 8.42078e+18 214295000000000.0 54279000000000.0 32830600000.0 60389100000000.0 1187270000000.0 22110700.0 93855200000000.0 7479350000000.0 0.0 0.0 237571000000.0 27716100000000.0 4798860000000.0 122182000000.0 2194820000.0 17989200000000.0 2253350000000.0 -2.14 [-2.14]
1.65961e+18 8.06078e+18 208406000000000.0 50454700000000.0 28252300000.0 58043700000000.0 1044370000000.0 17875200.0 93802300000000.0 6566140000000.0 0.0 0.0 229917000000.0 26958100000000.0 4404190000000.0 108495000000.0 1873490000.0 17753600000000.0 2189610000000.0 -2.12 [-2.12]
1.65959e+18 7.71727e+18 202687000000000.0 46905200000000.0 24322700000.0 55791000000000.0 918947000000.0 13974700.0 93743100000000.0 5765800000000.0 0.0 0.0 222562000000.0 26219200000000.0 4042270000000.0 96390800000.0 1600730000.0 17514600000000.0 2127930000000.0 -2.1 [-2.1]
1.65963e+18 7.39141e+18 197171000000000.0 43628800000000.0 20956400000.0 53642500000000.0 809104000000.0 11302500.0 93681000000000.0 5066000000000.0 0.0 0.0 215540000000.0 25505900000000.0 3710710000000.0 85703200000.0 1369200000.0 17276900000000.0 2068670000000.0 -2.08 [-2.08]
1.65961e+18 7.08077e+18 191824000000000.0 40590500000000.0 18064200000.0 51582500000000.0 712601000000.0 9144760.0 93609200000000.0 4452200000000.0 0.0 0.0 208802000000.0 24813200000000.0 3406440000000.0 76241900000.0 1172230000.0 17037600000000.0 2011410000000.0 -2.06 [-2.06]
1.65959e+18 6.78307e+18 186614000000000.0 37762700000000.0 15577900000.0 49597800000000.0 627800000000.0 7007040.0 93530900000000.0 3913680000000.0 0.0 0.0 202303000000.0 24137300000000.0 3126280000000.0 67852400000.0 1004510000.0 16796500000000.0 1955840000000.0 -2.04 [-2.04]
1.65965e+18 6.49951e+18 181572000000000.0 35148400000000.0 13445600000.0 47699200000000.0 553458000000.0 5675670.0 93452300000000.0 3442410000000.0 0.0 0.0 196077000000.0 23483500000000.0 2868990000000.0 60429000000.0 861732000.0 16556900000000.0 1902310000000.0 -2.02 [-2.02]
1.65961e+18 6.22886e+18 176690000000000.0 32718600000000.0 11611300000.0 45876700000000.0 488069000000.0 4265060.0 93362000000000.0 3028570000000.0 0.0 0.0 190099000000.0 22848400000000.0 2633610000000.0 53852100000.0 740175000.0 16315400000000.0 1850580000000.0 -2.0 [-2.0]
1.65961e+18 5.97397e+18 172023000000000.0 30497000000000.0 10047700000.0 44154000000000.0 431120000000.0 3061330.0 93270700000000.0 2668620000000.0 0.0 0.0 184439000000.0 22241400000000.0 2420600000000.0 48065200000.0 637187000.0 16076800000000.0 1801420000000.0 -1.98 [-1.98]
1.65959e+18 5.7288e+18 167476000000000.0 28417100000000.0 8693880000.0 42488400000000.0 380704000000.0 2483520.0 93173000000000.0 2350670000000.0 0.0 0.0 178967000000.0 21649200000000.0 2223560000000.0 42907900000.0 548864000.0 15837600000000.0 1753540000000.0 -1.96 [-1.96]
1.65967e+18 5.49395e+18 163065000000000.0 26481600000000.0 7525680000.0 40886700000000.0 336245000000.0 1652460.0 93076500000000.0 2070930000000.0 0.0 0.0 173701000000.0 21075000000000.0 2041740000000.0 38320400000.0 473139000.0 15599900000000.0 1707210000000.0 -1.94 [-1.94]
