Cloudy_runs/pg0832/z=0.017505/logZ=-1/component_III_PI_nH/component_III_PI_nH_col_density_param.txt
# %ECSV 1.0
# ---
# datatype:
# - {name: H, datatype: float64}
# - {name: H+, datatype: float64}
# - {name: C+, datatype: float64}
# - {name: C+2, datatype: float64}
# - {name: C+3, datatype: float64}
# - {name: N+, datatype: float64}
# - {name: N+2, datatype: float64}
# - {name: N+4, datatype: float64}
# - {name: O, datatype: float64}
# - {name: O+2, datatype: float64}
# - {name: O+5, datatype: float64}
# - {name: O+6, datatype: float64}
# - {name: P+, datatype: float64}
# - {name: Si+, datatype: float64}
# - {name: Si+2, datatype: float64}
# - {name: Si+3, datatype: float64}
# - {name: Si+4, datatype: float64}
# - {name: Fe+, datatype: float64}
# - {name: Al+, datatype: float64}
# - {name: log_nH, datatype: float64}
# - {name: parameters, datatype: string, subtype: 'float64[1]'}
# schema: astropy-2.0
H H+ C+ C+2 C+3 N+ N+2 N+4 O O+2 O+5 O+6 P+ Si+ Si+2 Si+3 Si+4 Fe+ Al+ log_nH parameters
[from data line 288]
1.65959e+18 4.53445e+16 23286700000000.0 20864500000.0 0.0 46670900000.0 253148.0 0.0 82229600000000.0 8162430.0 0.0 0.0 43600800000.0 5359680000000.0 1445800.0 4446450.0 0.0 5401620000000.0 479489000000.0 0.76 [0.76]
1.65959e+18 4.38508e+16 22861900000000.0 19708800000.0 0.0 44174500000.0 235849.0 0.0 82221500000000.0 7517610.0 0.0 0.0 43557800000.0 5349950000000.0 1380220.0 4237840.0 0.0 5397320000000.0 479168000000.0 0.78 [0.78]
1.65959e+18 4.24126e+16 22438500000000.0 18607600000.0 0.0 41820100000.0 219948.0 0.0 82213900000000.0 6925010.0 0.0 0.0 43516000000.0 5340270000000.0 1317670.0 4039190.0 0.0 5393210000000.0 478863000000.0 0.8 [0.8]
1.65959e+18 4.10316e+16 22016000000000.0 17558700000.0 0.0 39604300000.0 205333.0 0.0 82206800000000.0 6381240.0 0.0 0.0 43475600000.0 5330640000000.0 1258060.0 3850020.0 0.0 5389290000000.0 478574000000.0 0.82 [0.82]
1.65959e+18 3.96992e+16 21596400000000.0 16560600000.0 0.0 37506700000.0 191842.0 0.0 82200200000000.0 5881250.0 0.0 0.0 43436300000.0 5321090000000.0 1201120.0 3669860.0 0.0 5385520000000.0 478298000000.0 0.84 [0.84]
1.65959e+18 3.84141e+16 21178200000000.0 15610500000.0 0.0 35524300000.0 179381.0 0.0 82193900000000.0 5421820.0 0.0 0.0 43398100000.0 5311560000000.0 1146780.0 3498260.0 0.0 5381910000000.0 478036000000.0 0.86 [0.86]
1.65959e+18 3.71709e+16 20761900000000.0 14706200000.0 0.0 33644500000.0 167841.0 0.0 82188000000000.0 4999070.0 0.0 0.0 43360800000.0 5302040000000.0 1094860.0 3334770.0 0.0 5378430000000.0 477785000000.0 0.88 [0.88]
1.65959e+18 3.5975e+16 20348700000000.0 13847400000.0 0.0 31872600000.0 157177.0 0.0 82182500000000.0 4611080.0 0.0 0.0 43324600000.0 5292570000000.0 1045290.0 3179040.0 0.0 5375110000000.0 477546000000.0 0.9 [0.9]
1.65959e+18 3.48251e+16 19938100000000.0 13032300000.0 0.0 30198500000.0 147303.0 0.0 82177500000000.0 4254960.0 0.0 0.0 43289500000.0 5283150000000.0 997971.0 3030700.0 0.0 5371930000000.0 477320000000.0 0.92 [0.92]
1.65959e+18 3.37149e+16 19530800000000.0 12258600000.0 0.0 28615500000.0 138149.0 0.0 82172700000000.0 3927480.0 0.0 0.0 43255200000.0 5273730000000.0 952743.0 2889360.0 0.0 5368880000000.0 477103000000.0 0.94 [0.94]
1.65959e+18 3.26466e+16 19125500000000.0 11524800000.0 0.0 27117300000.0 129656.0 0.0 82168500000000.0 3626530.0 0.0 0.0 43222000000.0 5264340000000.0 909587.0 2754700.0 0.0 5365980000000.0 476899000000.0 0.96 [0.96]
1.65959e+18 3.16156e+16 18725300000000.0 10829800000.0 0.0 25701200000.0 121771.0 0.0 82164500000000.0 3349780.0 0.0 0.0 43189500000.0 5254980000000.0 868330.0 2626380.0 0.0 5363190000000.0 476703000000.0 0.98 [0.98]
1.65959e+18 3.06185e+16 18327900000000.0 10171100000.0 0.0 24359300000.0 114440.0 0.0 82160800000000.0 3094780.0 0.0 0.0 43157700000.0 5245600000000.0 828922.0 2504090.0 0.0 5360510000000.0 476516000000.0 1.0 [1.0]
