Cloudy_runs/pg1216/z=0.006328/logZ=1/component_III_PI_nH/component_III_PI_nH_col_density_param.txt
# %ECSV 1.0
# ---
# datatype:
# - {name: H, datatype: float64}
# - {name: H+, datatype: float64}
# - {name: C+, datatype: float64}
# - {name: C+2, datatype: float64}
# - {name: C+3, datatype: float64}
# - {name: N+, datatype: float64}
# - {name: N+2, datatype: float64}
# - {name: N+4, datatype: float64}
# - {name: O, datatype: float64}
# - {name: O+2, datatype: float64}
# - {name: O+5, datatype: float64}
# - {name: O+6, datatype: float64}
# - {name: P+, datatype: float64}
# - {name: Si+, datatype: float64}
# - {name: Si+2, datatype: float64}
# - {name: Si+3, datatype: float64}
# - {name: Si+4, datatype: float64}
# - {name: Fe+, datatype: float64}
# - {name: Al+, datatype: float64}
# - {name: log_nH, datatype: float64}
# - {name: parameters, datatype: string, subtype: 'float64[1]'}
# schema: astropy-2.0
H H+ C+ C+2 C+3 N+ N+2 N+4 O O+2 O+5 O+6 P+ Si+ Si+2 Si+3 Si+4 Fe+ Al+ log_nH parameters
[from data line 51]
616595000000000.0 1.00965e+17 27725600000000.0 211014000000000.0 30777500000000.0 6799570000000.0 45912800000000.0 1415240000000.0 252282000000.0 316652000000000.0 191935000000.0 3240240000.0 65370300000.0 9362890000000.0 6139530000000.0 12772300000000.0 4434980000000.0 64206700000.0 138980000000.0 -3.98 [-3.98]
616595000000000.0 9.54487e+16 27394100000000.0 199964000000000.0 27817400000000.0 6919530000000.0 43649600000000.0 1218660000000.0 276532000000.0 301636000000000.0 156255000000.0 2517220000.0 64956000000.0 9509750000000.0 5799840000000.0 11818700000000.0 3833200000000.0 71071000000.0 143521000000.0 -3.96 [-3.96]
616595000000000.0 9.02601e+16 27066200000000.0 189463000000000.0 25119300000000.0 7034960000000.0 41461200000000.0 1048920000000.0 302556000000.0 286926000000000.0 127076000000.0 1954200000.0 64449200000.0 9627550000000.0 5463530000000.0 10914900000000.0 3306140000000.0 78537900000.0 148005000000.0 -3.94 [-3.94]
616595000000000.0 8.53786e+16 26741400000000.0 179486000000000.0 22662400000000.0 7145620000000.0 39347300000000.0 902448000000.0 330422000000.0 272552000000000.0 103235000000.0 1516080000.0 63856800000.0 9716170000000.0 5132720000000.0 10061500000000.0 2845820000000.0 86645800000.0 152412000000.0 -3.92 [-3.92]
616595000000000.0 8.07915e+16 26423400000000.0 170022000000000.0 20427500000000.0 7251260000000.0 37311500000000.0 776228000000.0 360158000000.0 258566000000000.0 83800200000.0 1175810000.0 63192500000.0 9775830000000.0 4810050000000.0 9259370000000.0 2445430000000.0 95426600000.0 156730000000.0 -3.9 [-3.9]
616595000000000.0 7.64791e+16 26111400000000.0 161044000000000.0 18396400000000.0 7351690000000.0 35352600000000.0 667478000000.0 391823000000.0 244987000000000.0 67967000000.0 911601000.0 62462800000.0 9807280000000.0 4497040000000.0 8507810000000.0 2097970000000.0 104921000000.0 160941000000.0 -3.88 [-3.88]
616595000000000.0 7.2425e+16 25806100000000.0 152529000000000.0 16552200000000.0 7446710000000.0 33470200000000.0 573827000000.0 425457000000.0 231838000000000.0 55082400000.0 706596000.0 61676000000.0 9811560000000.0 4195140000000.0 7805960000000.0 1797250000000.0 115167000000.0 165031000000.0 -3.86 [-3.86]
616595000000000.0 6.86141e+16 25507700000000.0 144457000000000.0 14879600000000.0 7536110000000.0 31664100000000.0 493219000000.0 461092000000.0 219141000000000.0 44608800000.0 547629000.0 60839800000.0 9789980000000.0 3905550000000.0 7152660000000.0 1537660000000.0 126203000000.0 168984000000.0 -3.84 [-3.84]
616595000000000.0 6.50347e+16 25217300000000.0 136813000000000.0 13365100000000.0 7619760000000.0 29934700000000.0 423912000000.0 498728000000.0 206919000000000.0 36108900000.0 424496000.0 59963000000.0 9744200000000.0 3629420000000.0 6546780000000.0 1314240000000.0 138060000000.0 172785000000.0 -3.82 [-3.82]
616595000000000.0 6.16679e+16 24933800000000.0 129567000000000.0 11993800000000.0 7697430000000.0 28278600000000.0 364270000000.0 538414000000.0 195168000000000.0 29208900000.0 329043000.0 59049800000.0 9675840000000.0 3366940000000.0 5985670000000.0 1122130000000.0 150787000000.0 176422000000.0 -3.8 [-3.8]
616595000000000.0 5.85017e+16 24657000000000.0 122700000000000.0 10754200000000.0 7769020000000.0 26694600000000.0 312974000000.0 580156000000.0 183895000000000.0 23613700000.0 255083000.0 58105700000.0 9586840000000.0 3118520000000.0 5467450000000.0 957289000000.0 164422000000.0 179882000000.0 -3.78 [-3.78]
616595000000000.0 5.55242e+16 24387100000000.0 116196000000000.0 9634690000000.0 7834360000000.0 25181500000000.0 268872000000.0 623945000000.0 173107000000000.0 19080800000.0 197796000.0 57137000000.0 9479120000000.0 2884390000000.0 4990010000000.0 816121000000.0 179000000000.0 183155000000.0 -3.76 [-3.76]
616595000000000.0 5.27238e+16 24123900000000.0 110036000000000.0 8624970000000.0 7893340000000.0 23737700000000.0 230967000000.0 669768000000.0 162804000000000.0 15411400000.0 153427000.0 56148300000.0 9354710000000.0 2664510000000.0 4551060000000.0 695414000000.0 194558000000.0 186229000000.0 -3.74 [-3.74]
616595000000000.0 5.0089e+16 23866800000000.0 104202000000000.0 7715150000000.0 7945850000000.0 22361000000000.0 198388000000.0 717613000000.0 152981000000000.0 12442400000.0 119058000.0 55143500000.0 9215560000000.0 2458610000000.0 4148180000000.0 592322000000.0 211136000000.0 189096000000.0 -3.72 [-3.72]
616595000000000.0 4.76054e+16 23613900000000.0 98667900000000.0 6895530000000.0 7991690000000.0 21047300000000.0 170357000000.0 767510000000.0 143615000000000.0 10038700000.0 92399400.0 54123100000.0 9063330000000.0 2266020000000.0 3778500000000.0 504267000000.0 228787000000.0 191750000000.0 -3.7 [-3.7]
616595000000000.0 4.52705e+16 23367500000000.0 93434000000000.0 6159150000000.0 8030920000000.0 19798400000000.0 146298000000.0 819319000000.0 134728000000000.0 8098340000.0 71766500.0 53096500000.0 8900350000000.0 2086930000000.0 3440660000000.0 429305000000.0 247515000000.0 194183000000.0 -3.68 [-3.68]
616595000000000.0 4.30708e+16 23125600000000.0 88475700000000.0 5497590000000.0 8063370000000.0 18609900000000.0 125620000000.0 873056000000.0 126291000000000.0 6530400000.0 55768800.0 52063100000.0 8728120000000.0 1920440000000.0 3131810000000.0 365447000000.0 267371000000.0 196391000000.0 -3.66 [-3.66]
616595000000000.0 4.09971e+16 22887300000000.0 83777400000000.0 4903770000000.0 8088940000000.0 17479600000000.0 107847000000.0 928683000000.0 118292000000000.0 5263770000.0 43358700.0 51024800000.0 8548220000000.0 1765930000000.0 2849720000000.0 311073000000.0 288392000000.0 198372000000.0 -3.64 [-3.64]
616595000000000.0 3.90412e+16 22652200000000.0 79324900000000.0 4371210000000.0 8107620000000.0 16405200000000.0 92571100000.0 986143000000.0 110716000000000.0 4240980000.0 0.0 49984100000.0 8362150000000.0 1622770000000.0 2592300000000.0 264797000000.0 310611000000.0 200124000000.0 -3.62 [-3.62]
616595000000000.0 3.71954e+16 22419800000000.0 75104900000000.0 3894000000000.0 8119290000000.0 15384500000000.0 79441300000.0 1045370000000.0 103550000000000.0 3415400000.0 0.0 48942700000.0 8171280000000.0 1490320000000.0 2357550000000.0 225426000000.0 334056000000.0 201646000000.0 -3.6 [-3.6]
616595000000000.0 3.54519e+16 22188900000000.0 71103700000000.0 3466680000000.0 8123860000000.0 14415300000000.0 68154300000.0 1106320000000.0 96774300000000.0 2749080000.0 0.0 47901500000.0 7976780000000.0 1367900000000.0 2143550000000.0 191927000000.0 358758000000.0 202939000000.0 -3.58 [-3.58]
616595000000000.0 3.38048e+16 21959700000000.0 67310900000000.0 3084410000000.0 8121390000000.0 13495800000000.0 58455000000.0 1168900000000.0 90378300000000.0 2211720000.0 0.0 46863100000.0 7779870000000.0 1254910000000.0 1948650000000.0 163440000000.0 384737000000.0 204004000000.0 -3.56 [-3.56]
616595000000000.0 3.22466e+16 21730900000000.0 63712500000000.0 2742560000000.0 8111730000000.0 12623300000000.0 50116000000.0 1233050000000.0 84340300000000.0 1778260000.0 0.0 45827200000.0 7581360000000.0 1150640000000.0 1771070000000.0 139200000000.0 412022000000.0 204843000000.0 -3.54 [-3.54]
616595000000000.0 3.07719e+16 21502200000000.0 60299000000000.0 2437120000000.0 8094870000000.0 11796200000000.0 42948700000.0 1298690000000.0 78646400000000.0 1428830000.0 0.0 44795500000.0 7382170000000.0 1054530000000.0 1609380000000.0 118579000000.0 440622000000.0 205459000000.0 -3.52 [-3.52]
616595000000000.0 2.93751e+16 21273100000000.0 57060100000000.0 2164380000000.0 8070820000000.0 11012700000000.0 36789200000.0 1365720000000.0 73280800000000.0 1147280000.0 0.0 43768900000.0 7183050000000.0 965975000000.0 1462180000000.0 101034000000.0 470548000000.0 205856000000.0 -3.5 [-3.5]
616595000000000.0 2.80511e+16 21043000000000.0 53986200000000.0 1920990000000.0 8039540000000.0 10270800000000.0 31496400000.0 1434050000000.0 68227700000000.0 920512000.0 0.0 42748200000.0 6984640000000.0 884438000000.0 1328190000000.0 86104200000.0 501800000000.0 206038000000.0 -3.48 [-3.48]
616595000000000.0 2.67952e+16 20811500000000.0 51068500000000.0 1703930000000.0 8001040000000.0 9568790000000.0 26949200000.0 1503580000000.0 63471900000000.0 737962000.0 0.0 41734200000.0 6787510000000.0 809391000000.0 1206230000000.0 73396800000.0 534370000000.0 206010000000.0 -3.46 [-3.46]
616595000000000.0 2.5603e+16 20578100000000.0 48298600000000.0 1510460000000.0 7955310000000.0 8905120000000.0 23043800000.0 1574210000000.0 58998700000000.0 591095000.0 0.0 40727600000.0 6592130000000.0 740348000000.0 1095240000000.0 62579200000.0 568236000000.0 205777000000.0 -3.44 [-3.44]
616595000000000.0 2.44704e+16 20342400000000.0 45668600000000.0 1338140000000.0 7902430000000.0 8278130000000.0 19690600000.0 1645820000000.0 54793900000000.0 473011000.0 0.0 39729000000.0 6398920000000.0 676852000000.0 994238000000.0 53368000000.0 603371000000.0 205344000000.0 -3.42 [-3.42]
616595000000000.0 2.33933e+16 20103900000000.0 43170500000000.0 1184700000000.0 7842360000000.0 7686170000000.0 16812000000.0 1718320000000.0 50842600000000.0 378114000.0 0.0 38738600000.0 6208130000000.0 618456000000.0 902298000000.0 45521100000.0 639735000000.0 204716000000.0 -3.4 [-3.4]
616595000000000.0 2.23685e+16 19862200000000.0 40798100000000.0 1048180000000.0 7775240000000.0 7127900000000.0 14342400000.0 1791570000000.0 47132700000000.0 301925000.0 0.0 37757300000.0 6020120000000.0 564784000000.0 818636000000.0 38836300000.0 677262000000.0 203900000000.0 -3.38 [-3.38]
616595000000000.0 2.13926e+16 19616900000000.0 38544500000000.0 926769000000.0 7701090000000.0 6601850000000.0 12224500000.0 1865470000000.0 43651100000000.0 240799000.0 0.0 36785200000.0 5835060000000.0 515458000000.0 742496000000.0 33139200000.0 715877000000.0 202901000000.0 -3.36 [-3.36]
616595000000000.0 2.04625e+16 19367900000000.0 36403600000000.0 818866000000.0 7620060000000.0 6106690000000.0 10409400000.0 1939890000000.0 40386100000000.0 191806000.0 0.0 35822900000.0 5653160000000.0 470145000000.0 673208000000.0 28282900000.0 755488000000.0 201725000000.0 -3.34 [-3.34]
616595000000000.0 1.95758e+16 19114800000000.0 34370500000000.0 723046000000.0 7532300000000.0 5641240000000.0 8855070000.0 2014690000000.0 37326900000000.0 152583000.0 0.0 34871100000.0 5474620000000.0 428540000000.0 610175000000.0 24143200000.0 795968000000.0 200377000000.0 -3.32 [-3.32]
616595000000000.0 1.87291e+16 18857000000000.0 32438100000000.0 637952000000.0 7437820000000.0 5203930000000.0 7524210000.0 2089780000000.0 34460600000000.0 121198000.0 0.0 33929200000.0 5299380000000.0 390324000000.0 552795000000.0 20611400000.0 837194000000.0 198864000000.0 -3.3 [-3.3]
616595000000000.0 1.79201e+16 18594700000000.0 30601800000000.0 562434000000.0 7336850000000.0 4793620000000.0 6385730000.0 2165040000000.0 31777100000000.0 96117900.0 0.0 32998000000.0 5127560000000.0 355243000000.0 500575000000.0 17598100000.0 879010000000.0 197192000000.0 -3.28 [-3.28]
616595000000000.0 1.71448e+16 18326700000000.0 28852500000000.0 495337000000.0 7229070000000.0 4408370000000.0 5410910000.0 2240410000000.0 29261600000000.0 76070800.0 0.0 32075100000.0 4958760000000.0 322985000000.0 452961000000.0 15022400000.0 921259000000.0 195360000000.0 -3.26 [-3.26]
616595000000000.0 1.64058e+16 18054700000000.0 27197000000000.0 436054000000.0 7115880000000.0 4049020000000.0 4581200000.0 2315540000000.0 26918500000000.0 60136800.0 0.0 31167000000.0 4794160000000.0 293493000000.0 409784000000.0 12830200000.0 963641000000.0 193388000000.0 -3.24 [-3.24]
616595000000000.0 1.56987e+16 17777600000000.0 25624800000000.0 383563000000.0 6996940000000.0 3713370000000.0 3873660000.0 2390440000000.0 24731400000000.0 47457900.0 0.0 30270700000.0 4633190000000.0 266465000000.0 370521000000.0 10959200000.0 1005970000000.0 191275000000.0 -3.22 [-3.22]
616595000000000.0 1.50252e+16 17497200000000.0 24139800000000.0 337292000000.0 6873530000000.0 3401600000000.0 3273230000.0 2464790000000.0 22700700000000.0 37416200.0 0.0 29391400000.0 4476720000000.0 241815000000.0 334976000000.0 9367510000.0 1047950000000.0 189040000000.0 -3.2 [-3.2]
616595000000000.0 1.43763e+16 17209700000000.0 22722600000000.0 296203000000.0 6743910000000.0 3109970000000.0 2760050000.0 2538840000000.0 20799800000000.0 29417900.0 0.0 28519300000.0 4322950000000.0 219140000000.0 302518000000.0 8003100000.0 1089400000000.0 186664000000.0 -3.18 [-3.18]
616595000000000.0 1.37552e+16 16918100000000.0 21379100000000.0 259919000000.0 6609720000000.0 2839120000000.0 2324320000.0 2612210000000.0 19033000000000.0 23089300.0 0.0 27661500000.0 4173000000000.0 198425000000.0 273058000000.0 6839170000.0 1129970000000.0 184171000000.0 -3.16 [-3.16]
616595000000000.0 1.31592e+16 16621200000000.0 20103900000000.0 227871000000.0 6470920000000.0 2587610000000.0 1954340000.0 2684880000000.0 17389900000000.0 18083800.0 0.0 26816000000.0 4026560000000.0 179478000000.0 246289000000.0 5844770000.0 1169350000000.0 181559000000.0 -3.14 [-3.14]
616595000000000.0 1.25878e+16 16319800000000.0 18895400000000.0 199608000000.0 6328170000000.0 2354740000000.0 1640920000.0 2756660000000.0 15865800000000.0 14136100.0 0.0 25984600000.0 3883810000000.0 162185000000.0 222001000000.0 4995940000.0 1207220000000.0 178842000000.0 -3.12 [-3.12]
616595000000000.0 1.20396e+16 16014100000000.0 17750200000000.0 174699000000.0 6181810000000.0 2139440000000.0 1375720000.0 2827460000000.0 14453500000000.0 0.0 0.0 25167300000.0 3744700000000.0 146411000000.0 199971000000.0 4271150000.0 1243260000000.0 176023000000.0 -3.1 [-3.1]
616595000000000.0 1.15139e+16 15704800000000.0 16665900000000.0 152767000000.0 6032390000000.0 1940850000000.0 1151720000.0 2897130000000.0 13147400000000.0 0.0 0.0 24365000000.0 3609280000000.0 132043000000.0 180005000000.0 3652430000.0 1277140000000.0 173113000000.0 -3.08 [-3.08]
616595000000000.0 1.10096e+16 15392100000000.0 15639800000000.0 133477000000.0 5880360000000.0 1758020000000.0 962827000.0 2965560000000.0 11941500000000.0 0.0 0.0 23578000000.0 3477550000000.0 118971000000.0 161925000000.0 3124240000.0 1308560000000.0 170120000000.0 -3.06 [-3.06]
616595000000000.0 1.05259e+16 15076300000000.0 14669400000000.0 116525000000.0 5726170000000.0 1590020000000.0 803764000.0 3032660000000.0 10829600000000.0 0.0 0.0 22806600000.0 3349460000000.0 107088000000.0 145560000000.0 2673240000.0 1337220000000.0 167049000000.0 -3.04 [-3.04]
616595000000000.0 1.00624e+16 14758500000000.0 13753600000000.0 101656000000.0 5570590000000.0 1436110000000.0 670171000.0 3098290000000.0 9807520000000.0 0.0 0.0 22052400000.0 3225210000000.0 96312300000.0 130777000000.0 2288500000.0 1362860000000.0 163916000000.0 -3.02 [-3.02]
616595000000000.0 9617260000000000.0 14438400000000.0 12887200000000.0 88598500000.0 5413590000000.0 1295110000000.0 557919000.0 3162400000000.0 8867590000000.0 0.0 0.0 21313800000.0 3104420000000.0 86531000000.0 117403000000.0 1959650000.0 1385240000000.0 160718000000.0 -3.0 [-3.0]
616595000000000.0 9190390000000000.0 14117000000000.0 12069700000000.0 77157300000.0 5255930000000.0 1166350000000.0 463866000.0 3224890000000.0 8005900000000.0 0.0 0.0 20592100000.0 2987290000000.0 77674600000.0 105329000000.0 1678850000.0 1404160000000.0 157470000000.0 -2.98 [-2.98]
616595000000000.0 8781150000000000.0 13794900000000.0 11298700000000.0 67142400000.0 5098100000000.0 1049000000000.0 385189000.0 3285670000000.0 7217430000000.0 0.0 0.0 19887900000.0 2873790000000.0 69666000000.0 94438100000.0 1439050000.0 1419480000000.0 154179000000.0 -2.96 [-2.96]
616595000000000.0 8388940000000000.0 13472800000000.0 10572300000000.0 58385100000.0 4940600000000.0 942267000000.0 319482000.0 3344650000000.0 6497380000000.0 0.0 0.0 19201500000.0 2763920000000.0 62433500000.0 84624100000.0 1234240000.0 1431100000000.0 150856000000.0 -2.94 [-2.94]
