Cloudy_runs/pg1216/z=0.006328/logZ=1/component_III_PI_nH/component_III_PI_nH_col_density_param.txt
# %ECSV 1.0
# ---
# datatype:
# - {name: H, datatype: float64}
# - {name: H+, datatype: float64}
# - {name: C+, datatype: float64}
# - {name: C+2, datatype: float64}
# - {name: C+3, datatype: float64}
# - {name: N+, datatype: float64}
# - {name: N+2, datatype: float64}
# - {name: N+4, datatype: float64}
# - {name: O, datatype: float64}
# - {name: O+2, datatype: float64}
# - {name: O+5, datatype: float64}
# - {name: O+6, datatype: float64}
# - {name: P+, datatype: float64}
# - {name: Si+, datatype: float64}
# - {name: Si+2, datatype: float64}
# - {name: Si+3, datatype: float64}
# - {name: Si+4, datatype: float64}
# - {name: Fe+, datatype: float64}
# - {name: Al+, datatype: float64}
# - {name: log_nH, datatype: float64}
# - {name: parameters, datatype: string, subtype: 'float64[1]'}
# schema: astropy-2.0
H H+ C+ C+2 C+3 N+ N+2 N+4 O O+2 O+5 O+6 P+ Si+ Si+2 Si+3 Si+4 Fe+ Al+ log_nH parameters
[from data line 232]
616595000000000.0 75018000000000.0 726386000000.0 4996670000.0 0.0 46143400000.0 3261350.0 0.0 3285530000000.0 6969890.0 0.0 0.0 1695840000.0 182555000000.0 1541380.0 2134160.0 0.0 218218000000.0 19383200000.0 -0.36 [-0.36]
616595000000000.0 73043900000000.0 710911000000.0 4740680000.0 0.0 44690300000.0 3014960.0 0.0 3279840000000.0 6398170.0 0.0 0.0 1690490000.0 181272000000.0 1460120.0 2019860.0 0.0 217595000000.0 19330200000.0 -0.34 [-0.34]
616595000000000.0 71124600000000.0 695666000000.0 4497100000.0 0.0 43283400000.0 2787450.0 0.0 3274250000000.0 5874660.0 0.0 0.0 1685260000.0 179999000000.0 1383250.0 1911820.0 0.0 216990000000.0 19278600000.0 -0.32 [-0.32]
616595000000000.0 69260800000000.0 680661000000.0 4265540000.0 0.0 41922300000.0 2577390.0 0.0 3268780000000.0 5395590.0 0.0 0.0 1680180000.0 178737000000.0 1310540.0 1809710.0 0.0 216401000000.0 19228600000.0 -0.3 [-0.3]
616595000000000.0 67449000000000.0 665884000000.0 4045270000.0 0.0 40604600000.0 2383390.0 0.0 3263410000000.0 4956770.0 0.0 0.0 1675230000.0 177484000000.0 1241750.0 1713150.0 0.0 215830000000.0 19179900000.0 -0.28 [-0.28]
616595000000000.0 65688500000000.0 651341000000.0 3835870000.0 0.0 39329200000.0 2204220.0 0.0 3258150000000.0 4554890.0 0.0 0.0 1670410000.0 176239000000.0 1176660.0 1621860.0 0.0 215274000000.0 19132600000.0 -0.26 [-0.26]
616595000000000.0 63976400000000.0 637019000000.0 3636680000.0 0.0 38094000000.0 2038690.0 0.0 3252990000000.0 4186540.0 0.0 0.0 1665700000.0 175001000000.0 1115050.0 1535520.0 0.0 214733000000.0 19086500000.0 -0.24 [-0.24]
616595000000000.0 62312800000000.0 622928000000.0 3447380000.0 0.0 36898600000.0 1885770.0 0.0 3247940000000.0 3849050.0 0.0 0.0 1661120000.0 173771000000.0 1056750.0 1453850.0 0.0 214208000000.0 19041800000.0 -0.22 [-0.22]
616595000000000.0 60695600000000.0 609060000000.0 3267410000.0 0.0 35741000000.0 1744480.0 0.0 3242990000000.0 3539600.0 0.0 0.0 1656650000.0 172548000000.0 1001550.0 1376600.0 0.0 213697000000.0 18998200000.0 -0.2 [-0.2]
616595000000000.0 59123000000000.0 595414000000.0 3096350000.0 0.0 34620100000.0 1613920.0 0.0 3238140000000.0 3255870.0 0.0 0.0 1652300000.0 171331000000.0 949292.0 1303510.0 0.0 213201000000.0 18955900000.0 -0.18 [-0.18]
616595000000000.0 57593900000000.0 581989000000.0 2933760000.0 0.0 33534600000.0 1493250.0 0.0 3233390000000.0 2995630.0 0.0 0.0 1648050000.0 170119000000.0 899808.0 1234350.0 0.0 212717000000.0 18914700000.0 -0.16 [-0.16]
616595000000000.0 56106900000000.0 568780000000.0 2779250000.0 0.0 32483300000.0 1381720.0 0.0 3228740000000.0 2756840.0 0.0 0.0 1643910000.0 168913000000.0 852946.0 1168910.0 0.0 212248000000.0 18874600000.0 -0.14 [-0.14]
616595000000000.0 54660600000000.0 555787000000.0 2632420000.0 0.0 31465100000.0 1278620.0 0.0 3224180000000.0 2537700.0 0.0 0.0 1639870000.0 167711000000.0 808562.0 1106970.0 0.0 211791000000.0 18835700000.0 -0.12 [-0.12]
616595000000000.0 53253800000000.0 543008000000.0 2492910000.0 0.0 30478700000.0 1183300.0 0.0 3219720000000.0 2336540.0 0.0 0.0 1635930000.0 166512000000.0 766518.0 1048340.0 0.0 211346000000.0 18797700000.0 -0.1 [-0.1]
616595000000000.0 51885000000000.0 530439000000.0 2360360000.0 0.0 29523100000.0 1095170.0 0.0 3215350000000.0 2151810.0 0.0 0.0 1632080000.0 165317000000.0 726688.0 992834.0 0.0 210914000000.0 18760800000.0 -0.08 [-0.08]
616595000000000.0 50558500000000.0 518120000000.0 2234810000.0 0.0 28599800000.0 1013770.0 0.0 3211090000000.0 1982380.0 0.0 0.0 1628350000.0 164132000000.0 688978.0 940331.0 0.0 210494000000.0 18725000000.0 -0.06 [-0.06]
616595000000000.0 49262600000000.0 505966000000.0 2115200000.0 0.0 27702800000.0 938392.0 0.0 3206900000000.0 1826500.0 0.0 0.0 1624680000.0 162942000000.0 653218.0 890576.0 0.0 210085000000.0 18690000000.0 -0.04 [-0.04]
616595000000000.0 48002200000000.0 494022000000.0 2001640000.0 0.0 26833900000.0 868690.0 0.0 3202800000000.0 1683290.0 0.0 0.0 1621100000.0 161754000000.0 619332.0 843465.0 0.0 209686000000.0 18656000000.0 -0.02 [-0.02]
616595000000000.0 46775100000000.0 482275000000.0 1893770000.0 0.0 25991600000.0 804210.0 0.0 3198780000000.0 1551620.0 0.0 0.0 1617600000.0 160568000000.0 587215.0 798848.0 0.0 209298000000.0 18622800000.0 -0.0 [-0.0]
616595000000000.0 45580200000000.0 470726000000.0 1791320000.0 0.0 25175200000.0 744561.0 0.0 3194840000000.0 1430540.0 0.0 0.0 1614180000.0 159381000000.0 556773.0 756590.0 0.0 208920000000.0 18590500000.0 0.02 [0.02]
616595000000000.0 44417700000000.0 459380000000.0 1694100000.0 0.0 24384200000.0 689384.0 0.0 3191000000000.0 1319220.0 0.0 0.0 1610840000.0 158196000000.0 527918.0 716567.0 0.0 208552000000.0 18559100000.0 0.04 [0.04]
616595000000000.0 43286000000000.0 448228000000.0 1601810000.0 0.0 23617500000.0 638331.0 0.0 3187230000000.0 1216810.0 0.0 0.0 1607580000.0 157010000000.0 500563.0 678655.0 0.0 208194000000.0 18528500000.0 0.06 [0.06]
616595000000000.0 42184100000000.0 437272000000.0 1514230000.0 0.0 22874400000.0 591096.0 0.0 3183540000000.0 1122590.0 0.0 0.0 1604380000.0 155824000000.0 474630.0 642743.0 0.0 207846000000.0 18498700000.0 0.08 [0.08]
616595000000000.0 41111300000000.0 426511000000.0 1431140000.0 0.0 22154300000.0 547392.0 0.0 3179930000000.0 1035870.0 0.0 0.0 1601260000.0 154638000000.0 450044.0 608723.0 0.0 207506000000.0 18469700000.0 0.1 [0.1]
616595000000000.0 40066800000000.0 415937000000.0 1352290000.0 0.0 21456200000.0 506945.0 0.0 3176400000000.0 956058.0 0.0 0.0 1598210000.0 153450000000.0 426731.0 576491.0 0.0 207176000000.0 18441400000.0 0.12 [0.12]
616595000000000.0 39050100000000.0 405554000000.0 1277520000.0 0.0 20779600000.0 469516.0 0.0 3172940000000.0 882590.0 0.0 0.0 1595220000.0 152261000000.0 404625.0 545955.0 0.0 206854000000.0 18413800000.0 0.14 [0.14]
616595000000000.0 38059500000000.0 395352000000.0 1206580000.0 0.0 20123500000.0 434870.0 0.0 3169560000000.0 814913.0 0.0 0.0 1592290000.0 151070000000.0 383662.0 517021.0 0.0 206540000000.0 18387000000.0 0.16 [0.16]
616595000000000.0 37094600000000.0 385334000000.0 1139310000.0 0.0 19487400000.0 402802.0 0.0 3166250000000.0 752571.0 0.0 0.0 1589430000.0 149876000000.0 363781.0 489604.0 0.0 206234000000.0 18360900000.0 0.18 [0.18]
616595000000000.0 36154700000000.0 375497000000.0 1075530000.0 0.0 18870600000.0 373118.0 0.0 3163010000000.0 695131.0 0.0 0.0 1586620000.0 148679000000.0 344927.0 463625.0 0.0 205937000000.0 18335400000.0 0.2 [0.2]
616595000000000.0 35239000000000.0 365840000000.0 1015060000.0 0.0 18272700000.0 345640.0 0.0 3159840000000.0 642202.0 0.0 0.0 1583870000.0 147480000000.0 327045.0 439007.0 0.0 205647000000.0 18310500000.0 0.22 [0.22]
616595000000000.0 34344900000000.0 356338000000.0 957649000.0 0.0 17692000000.0 320184.0 0.0 3156730000000.0 593373.0 0.0 0.0 1581160000.0 146273000000.0 310075.0 415664.0 0.0 205363000000.0 18286300000.0 0.24 [0.24]
616595000000000.0 33478300000000.0 347056000000.0 903460000.0 0.0 17131000000.0 296652.0 0.0 3153700000000.0 548430.0 0.0 0.0 1578530000.0 145072000000.0 293998.0 393572.0 0.0 205089000000.0 18262700000.0 0.26 [0.26]
616595000000000.0 32631600000000.0 337925000000.0 852017000.0 0.0 16586000000.0 274847.0 0.0 3150730000000.0 506951.0 0.0 0.0 1575940000.0 143862000000.0 278739.0 372622.0 0.0 204820000000.0 18239700000.0 0.28 [0.28]
616595000000000.0 31804600000000.0 328945000000.0 803198000.0 0.0 16056700000.0 254644.0 0.0 3147820000000.0 468661.0 0.0 0.0 1573380000.0 142644000000.0 264257.0 352756.0 0.0 204558000000.0 18217300000.0 0.3 [0.3]
616595000000000.0 31002800000000.0 320174000000.0 757139000.0 0.0 15545200000.0 235963.0 0.0 3144990000000.0 433394.0 0.0 0.0 1570900000.0 141431000000.0 250534.0 333953.0 0.0 204303000000.0 18195500000.0 0.32 [0.32]
616595000000000.0 30219200000000.0 311550000000.0 713443000.0 0.0 15048300000.0 218652.0 0.0 3142210000000.0 400824.0 0.0 0.0 1568450000.0 140209000000.0 237511.0 316122.0 0.0 204055000000.0 18174200000.0 0.34 [0.34]
616595000000000.0 29453600000000.0 303073000000.0 672007000.0 0.0 14565800000.0 202611.0 0.0 3139480000000.0 370737.0 0.0 0.0 1566030000.0 138978000000.0 225150.0 299214.0 0.0 203812000000.0 18153300000.0 0.36 [0.36]
616595000000000.0 28709300000000.0 294778000000.0 632865000.0 0.0 14098700000.0 187766.0 0.0 3136820000000.0 342992.0 0.0 0.0 1563660000.0 137747000000.0 213430.0 283201.0 0.0 203576000000.0 18133100000.0 0.38 [0.38]
616595000000000.0 27983700000000.0 286644000000.0 595835000.0 0.0 13645700000.0 174018.0 0.0 3134220000000.0 317372.0 0.0 0.0 1561340000.0 136511000000.0 202313.0 268026.0 0.0 203345000000.0 18113300000.0 0.4 [0.4]
616595000000000.0 27277900000000.0 278684000000.0 560851000.0 0.0 13207100000.0 161292.0 0.0 3131680000000.0 293726.0 0.0 0.0 1559060000.0 135275000000.0 191772.0 253653.0 0.0 203121000000.0 18094100000.0 0.42 [0.42]
616595000000000.0 26588200000000.0 270866000000.0 527709000.0 0.0 12781100000.0 149497.0 0.0 3129190000000.0 271870.0 0.0 0.0 1556810000.0 134029000000.0 181768.0 240025.0 0.0 202902000000.0 18075300000.0 0.44 [0.44]
616595000000000.0 25915500000000.0 263203000000.0 496368000.0 0.0 12368000000.0 138572.0 0.0 3126750000000.0 251677.0 0.0 0.0 1554590000.0 132778000000.0 172277.0 227110.0 0.0 202688000000.0 18057000000.0 0.46 [0.46]
616595000000000.0 25259700000000.0 255694000000.0 466746000.0 0.0 11967500000.0 128453.0 0.0 3124370000000.0 233021.0 0.0 0.0 1552400000.0 131522000000.0 163274.0 214873.0 0.0 202480000000.0 18039100000.0 0.48 [0.48]
616595000000000.0 24620200000000.0 248337000000.0 438751000.0 0.0 11579200000.0 119080.0 0.0 3122040000000.0 215779.0 0.0 0.0 1550240000.0 130262000000.0 154735.0 203279.0 0.0 202276000000.0 18021600000.0 0.5 [0.5]
616595000000000.0 23996500000000.0 241131000000.0 412303000.0 0.0 11202600000.0 110397.0 0.0 3119760000000.0 199842.0 0.0 0.0 1548110000.0 128996000000.0 146634.0 192293.0 0.0 202078000000.0 18004600000.0 0.52 [0.52]
616595000000000.0 23388200000000.0 234073000000.0 387320000.0 0.0 10837500000.0 102354.0 0.0 3117530000000.0 185108.0 0.0 0.0 1546010000.0 127726000000.0 138951.0 181884.0 0.0 201884000000.0 17988000000.0 0.54 [0.54]
616595000000000.0 22794800000000.0 227162000000.0 363730000.0 0.0 10483500000.0 94902.2 0.0 3115350000000.0 171483.0 0.0 0.0 1543940000.0 126451000000.0 131663.0 172023.0 0.0 201695000000.0 17971700000.0 0.56 [0.56]
616595000000000.0 22216000000000.0 220396000000.0 341462000.0 0.0 10140300000.0 87998.9 0.0 3113210000000.0 158883.0 0.0 0.0 1541890000.0 125170000000.0 124750.0 162681.0 0.0 201511000000.0 17955900000.0 0.58 [0.58]
616595000000000.0 21651400000000.0 213774000000.0 320446000.0 0.0 9807570000.0 81603.1 0.0 3111120000000.0 147228.0 0.0 0.0 1539860000.0 123886000000.0 118194.0 153832.0 0.0 201331000000.0 17940500000.0 0.6 [0.6]
616595000000000.0 21100500000000.0 207293000000.0 300619000.0 0.0 9484980000.0 75677.6 0.0 3109080000000.0 136445.0 0.0 0.0 1537850000.0 122596000000.0 111976.0 145449.0 0.0 201155000000.0 17925400000.0 0.62 [0.62]
616595000000000.0 20563100000000.0 200953000000.0 281919000.0 0.0 9172250000.0 70187.5 0.0 3107080000000.0 126469.0 0.0 0.0 1535860000.0 121303000000.0 106079.0 137510.0 0.0 200983000000.0 17910600000.0 0.64 [0.64]
616595000000000.0 20038600000000.0 194752000000.0 264289000.0 0.0 8869110000.0 65100.6 0.0 3105130000000.0 117236.0 0.0 0.0 1533890000.0 120005000000.0 100486.0 129990.0 0.0 200816000000.0 17896200000.0 0.66 [0.66]
616595000000000.0 19526800000000.0 188701000000.0 247835000.0 0.0 8575400000.0 60388.5 0.0 3103220000000.0 108687.0 0.0 0.0 1531930000.0 118704000000.0 95183.4 122872.0 0.0 200652000000.0 17882200000.0 0.68 [0.68]
616595000000000.0 19027000000000.0 182802000000.0 232567000.0 0.0 8290920000.0 56023.9 0.0 3101340000000.0 100768.0 0.0 0.0 1529980000.0 117400000000.0 90155.5 116134.0 0.0 200493000000.0 17868400000.0 0.7 [0.7]
616595000000000.0 18539300000000.0 177036000000.0 218165000.0 0.0 8015170000.0 51979.2 0.0 3099510000000.0 93436.7 0.0 0.0 1528050000.0 116093000000.0 85388.1 109754.0 0.0 200337000000.0 17855000000.0 0.72 [0.72]
616595000000000.0 18063300000000.0 171401000000.0 204585000.0 0.0 7747920000.0 48231.1 0.0 3097720000000.0 86650.0 0.0 0.0 1526120000.0 114782000000.0 80868.2 103714.0 0.0 200184000000.0 17841800000.0 0.74 [0.74]
616595000000000.0 17598700000000.0 165895000000.0 191783000.0 0.0 7488890000.0 44757.2 0.0 3095970000000.0 80365.3 0.0 0.0 1524200000.0 113469000000.0 76582.8 97995.8 0.0 200036000000.0 17829000000.0 0.76 [0.76]
616595000000000.0 17145200000000.0 160516000000.0 179720000.0 0.0 7237850000.0 41537.6 0.0 3094260000000.0 74545.3 0.0 0.0 1522290000.0 112153000000.0 72520.0 92582.4 0.0 199890000000.0 17816400000.0 0.78 [0.78]
616595000000000.0 16702500000000.0 155265000000.0 168356000.0 0.0 6994590000.0 38553.6 0.0 3092580000000.0 69155.3 0.0 0.0 1520380000.0 110835000000.0 68668.7 87458.5 0.0 199748000000.0 17804200000.0 0.8 [0.8]
616595000000000.0 16270300000000.0 150138000000.0 157655000.0 0.0 6758880000.0 35787.9 0.0 3090940000000.0 64162.8 0.0 0.0 1518470000.0 109514000000.0 65018.0 82609.1 0.0 199609000000.0 17792200000.0 0.82 [0.82]
616595000000000.0 15848300000000.0 145136000000.0 147583000.0 0.0 6530490000.0 33224.3 0.0 3089330000000.0 59538.2 0.0 0.0 1516570000.0 108192000000.0 61557.7 78019.9 0.0 199474000000.0 17780500000.0 0.84 [0.84]
616595000000000.0 15436300000000.0 140255000000.0 138106000.0 0.0 6309230000.0 30848.0 0.0 3087760000000.0 55254.1 0.0 0.0 1514660000.0 106869000000.0 58278.1 73677.6 0.0 199341000000.0 17769100000.0 0.86 [0.86]
616595000000000.0 15034000000000.0 135496000000.0 129193000.0 0.0 6094890000.0 28645.2 0.0 3086220000000.0 51285.0 0.0 0.0 1512740000.0 105545000000.0 55170.1 69569.3 0.0 199212000000.0 17757900000.0 0.88 [0.88]
616595000000000.0 14641200000000.0 130856000000.0 120812000.0 0.0 5887280000.0 26603.2 0.0 3084720000000.0 47607.5 0.0 0.0 1510830000.0 104220000000.0 52224.9 65682.8 0.0 199085000000.0 17747000000.0 0.9 [0.9]
616595000000000.0 14257700000000.0 126335000000.0 112936000.0 0.0 5686190000.0 24710.2 0.0 3083240000000.0 44199.9 0.0 0.0 1508900000.0 102895000000.0 49434.0 62006.5 0.0 198961000000.0 17736300000.0 0.92 [0.92]
616595000000000.0 13883100000000.0 121930000000.0 105536000.0 0.0 5491440000.0 22955.0 0.0 3081800000000.0 41042.6 0.0 0.0 1506960000.0 101571000000.0 46789.6 58529.5 0.0 198840000000.0 17725800000.0 0.94 [0.94]
616595000000000.0 13517200000000.0 117641000000.0 98588600.0 0.0 5302850000.0 21327.8 0.0 3080380000000.0 38117.1 0.0 0.0 1505010000.0 100247000000.0 44284.6 55241.8 0.0 198722000000.0 17715600000.0 0.96 [0.96]
616595000000000.0 13159900000000.0 113466000000.0 92066500.0 0.0 5120220000.0 19818.9 0.0 3079000000000.0 35405.5 0.0 0.0 1503050000.0 98924000000.0 41911.4 52132.9 0.0 198606000000.0 17705600000.0 0.98 [0.98]
616595000000000.0 12810900000000.0 109404000000.0 85946800.0 0.0 4943420000.0 18419.8 0.0 3077650000000.0 32892.8 0.0 0.0 1501060000.0 97602900000.0 39663.2 49193.6 0.0 198492000000.0 17695900000.0 1.0 [1.0]
