Cloudy_runs/pks0637/z=0.161064/logZ=1/component_II_PI_nH/component_II_PI_nH_col_density_param.txt
# %ECSV 1.0
# ---
# datatype:
# - {name: H, datatype: float64}
# - {name: H+, datatype: float64}
# - {name: C+, datatype: float64}
# - {name: C+2, datatype: float64}
# - {name: C+3, datatype: float64}
# - {name: N+, datatype: float64}
# - {name: N+2, datatype: float64}
# - {name: N+4, datatype: float64}
# - {name: O, datatype: float64}
# - {name: O+2, datatype: float64}
# - {name: O+5, datatype: float64}
# - {name: O+6, datatype: float64}
# - {name: P+, datatype: float64}
# - {name: Si+, datatype: float64}
# - {name: Si+2, datatype: float64}
# - {name: Si+3, datatype: float64}
# - {name: Si+4, datatype: float64}
# - {name: log_nH, datatype: float64}
# - {name: parameters, datatype: string, subtype: 'float64[1]'}
# schema: astropy-2.0
H H+ C+ C+2 C+3 N+ N+2 N+4 O O+2 O+5 O+6 P+ Si+ Si+2 Si+3 Si+4 log_nH parameters
[from data line 257]
1000000000000000.0 92740800000000.0 926295000000.0 4851340000.0 0.0 54865600000.0 2523560.0 0.0 5237960000000.0 4975940.0 0.0 0.0 2673440000.0 273193000000.0 1404360.0 1774530.0 0.0 0.14 [0.14]
1000000000000000.0 90337900000000.0 905005000000.0 4593130000.0 0.0 53138500000.0 2334250.0 0.0 5230530000000.0 4577070.0 0.0 0.0 2666740000.0 271234000000.0 1331010.0 1680340.0 0.0 0.16 [0.16]
1000000000000000.0 88012200000000.0 884155000000.0 4348790000.0 0.0 51471500000.0 2159520.0 0.0 5223300000000.0 4211820.0 0.0 0.0 2660260000.0 269295000000.0 1261620.0 1591270.0 0.0 0.18 [0.18]
1000000000000000.0 85749600000000.0 863648000000.0 4116680000.0 0.0 49856400000.0 1998000.0 0.0 5216210000000.0 3876500.0 0.0 0.0 2653940000.0 267362000000.0 1195880.0 1506970.0 0.0 0.2 [0.2]
1000000000000000.0 83548700000000.0 843487000000.0 3896270000.0 0.0 48292000000.0 1848690.0 0.0 5209270000000.0 3568670.0 0.0 0.0 2647770000.0 265435000000.0 1133610.0 1427160.0 0.0 0.22 [0.22]
1000000000000000.0 81407300000000.0 823670000000.0 3687010000.0 0.0 46776400000.0 1710650.0 0.0 5202470000000.0 3286020.0 0.0 0.0 2641750000.0 263512000000.0 1074620.0 1351610.0 0.0 0.24 [0.24]
1000000000000000.0 79331000000000.0 804246000000.0 3488820000.0 0.0 45311300000.0 1583130.0 0.0 5195840000000.0 3026660.0 0.0 0.0 2635910000.0 261603000000.0 1018760.0 1280130.0 0.0 0.26 [0.26]
1000000000000000.0 77303600000000.0 785096000000.0 3300170000.0 0.0 43888400000.0 1465090.0 0.0 5189320000000.0 2788120.0 0.0 0.0 2630170000.0 259686000000.0 965795.0 1212390.0 0.0 0.28 [0.28]
1000000000000000.0 75330700000000.0 766275000000.0 3121100000.0 0.0 42509500000.0 1355920.0 0.0 5182940000000.0 2568850.0 0.0 0.0 2624560000.0 257772000000.0 915598.0 1148230.0 0.0 0.3 [0.3]
1000000000000000.0 73410000000000.0 747780000000.0 2951150000.0 0.0 41173100000.0 1254950.0 0.0 5176690000000.0 2367260.0 0.0 0.0 2619090000.0 255858000000.0 868024.0 1087470.0 0.0 0.32 [0.32]
1000000000000000.0 71539700000000.0 729600000000.0 2789820000.0 0.0 39877600000.0 1161560.0 0.0 5170580000000.0 2181880.0 0.0 0.0 2613730000.0 253944000000.0 822930.0 1029920.0 0.0 0.34 [0.34]
1000000000000000.0 69719700000000.0 711742000000.0 2636770000.0 0.0 38622200000.0 1075170.0 0.0 5164590000000.0 2011410.0 0.0 0.0 2608510000.0 252031000000.0 780184.0 975407.0 0.0 0.36 [0.36]
1000000000000000.0 67947200000000.0 694195000000.0 2491560000.0 0.0 37405100000.0 995253.0 0.0 5158730000000.0 1854580.0 0.0 0.0 2603390000.0 250115000000.0 739661.0 923765.0 0.0 0.38 [0.38]
1000000000000000.0 66221500000000.0 676964000000.0 2353840000.0 0.0 36225600000.0 921321.0 0.0 5152990000000.0 1710320.0 0.0 0.0 2598390000.0 248199000000.0 701244.0 874843.0 0.0 0.4 [0.4]
1000000000000000.0 64541400000000.0 660040000000.0 2223230000.0 0.0 35082300000.0 852919.0 0.0 5147370000000.0 1577550.0 0.0 0.0 2593500000.0 246280000000.0 664821.0 828493.0 0.0 0.42 [0.42]
1000000000000000.0 62904400000000.0 643416000000.0 2099360000.0 0.0 33973600000.0 789624.0 0.0 5141880000000.0 1455320.0 0.0 0.0 2588710000.0 244357000000.0 630283.0 784576.0 0.0 0.44 [0.44]
1000000000000000.0 61311000000000.0 627106000000.0 1981970000.0 0.0 32899300000.0 731065.0 0.0 5136500000000.0 1342800.0 0.0 0.0 2584040000.0 242431000000.0 597535.0 742966.0 0.0 0.46 [0.46]
1000000000000000.0 59759100000000.0 611087000000.0 1870680000.0 0.0 31857800000.0 676875.0 0.0 5131230000000.0 1239210.0 0.0 0.0 2579450000.0 240502000000.0 566482.0 703540.0 0.0 0.48 [0.48]
1000000000000000.0 58247300000000.0 595362000000.0 1765210000.0 0.0 30848000000.0 626727.0 0.0 5126080000000.0 1143800.0 0.0 0.0 2574970000.0 238568000000.0 537034.0 666183.0 0.0 0.5 [0.5]
1000000000000000.0 56775600000000.0 579928000000.0 1665290000.0 0.0 29869200000.0 580320.0 0.0 5121050000000.0 1055910.0 0.0 0.0 2570580000.0 236630000000.0 509107.0 630783.0 0.0 0.52 [0.52]
1000000000000000.0 55340700000000.0 564779000000.0 1570600000.0 0.0 28919900000.0 537365.0 0.0 5116110000000.0 974921.0 0.0 0.0 2566280000.0 234685000000.0 482621.0 597234.0 0.0 0.54 [0.54]
1000000000000000.0 53943000000000.0 549914000000.0 1480910000.0 0.0 27999600000.0 497609.0 0.0 5111290000000.0 900288.0 0.0 0.0 2562060000.0 232734000000.0 457501.0 565443.0 0.0 0.56 [0.56]
1000000000000000.0 52581100000000.0 535331000000.0 1395980000.0 0.0 27107300000.0 460812.0 0.0 5106560000000.0 831498.0 0.0 0.0 2557930000.0 230777000000.0 433676.0 535315.0 0.0 0.58 [0.58]
1000000000000000.0 51253800000000.0 521023000000.0 1315560000.0 0.0 26242000000.0 426751.0 0.0 5101940000000.0 768070.0 0.0 0.0 2553870000.0 228812000000.0 411079.0 506763.0 0.0 0.6 [0.6]
1000000000000000.0 49960600000000.0 506991000000.0 1239440000.0 0.0 25403200000.0 395222.0 0.0 5097420000000.0 709595.0 0.0 0.0 2549890000.0 226841000000.0 389646.0 479706.0 0.0 0.62 [0.62]
1000000000000000.0 48700200000000.0 493228000000.0 1167400000.0 0.0 24589800000.0 366035.0 0.0 5093000000000.0 655658.0 0.0 0.0 2545990000.0 224862000000.0 369316.0 454064.0 0.0 0.64 [0.64]
1000000000000000.0 47471500000000.0 479733000000.0 1099220000.0 0.0 23801000000.0 339016.0 0.0 5088670000000.0 605907.0 0.0 0.0 2542160000.0 222876000000.0 350033.0 429763.0 0.0 0.66 [0.66]
1000000000000000.0 46274600000000.0 466503000000.0 1034740000.0 0.0 23036400000.0 314002.0 0.0 5084440000000.0 560013.0 0.0 0.0 2538400000.0 220882000000.0 331742.0 406733.0 0.0 0.68 [0.68]
1000000000000000.0 45107400000000.0 453533000000.0 973756000.0 0.0 22294900000.0 290845.0 0.0 5080300000000.0 517664.0 0.0 0.0 2534700000.0 218880000000.0 314394.0 384910.0 0.0 0.7 [0.7]
1000000000000000.0 43966400000000.0 440798000000.0 915993000.0 0.0 21574900000.0 269394.0 0.0 5076230000000.0 478549.0 0.0 0.0 2531040000.0 216861000000.0 297932.0 364219.0 0.0 0.72 [0.72]
1000000000000000.0 42857300000000.0 428341000000.0 861482000.0 0.0 20877900000.0 249545.0 0.0 5072270000000.0 442472.0 0.0 0.0 2527460000.0 214843000000.0 282324.0 344622.0 0.0 0.74 [0.74]
1000000000000000.0 41778400000000.0 416158000000.0 810042000.0 0.0 20202900000.0 231177.0 0.0 5068400000000.0 409185.0 0.0 0.0 2523970000.0 212823000000.0 267528.0 326063.0 0.0 0.76 [0.76]
1000000000000000.0 40723800000000.0 404202000000.0 761376000.0 0.0 19547600000.0 214160.0 0.0 5064610000000.0 378433.0 0.0 0.0 2520500000.0 210787000000.0 253487.0 308468.0 0.0 0.78 [0.78]
1000000000000000.0 39695400000000.0 392491000000.0 715390000.0 0.0 18912300000.0 198404.0 0.0 5060900000000.0 350030.0 0.0 0.0 2517090000.0 208743000000.0 240170.0 291796.0 0.0 0.8 [0.8]
1000000000000000.0 38692500000000.0 381023000000.0 671965000.0 0.0 18296200000.0 183814.0 0.0 5057270000000.0 323796.0 0.0 0.0 2513730000.0 206691000000.0 227539.0 276000.0 0.0 0.82 [0.82]
1000000000000000.0 37714500000000.0 369796000000.0 630967000.0 0.0 17699000000.0 170304.0 0.0 5053710000000.0 299562.0 0.0 0.0 2510410000.0 204630000000.0 215561.0 261035.0 0.0 0.84 [0.84]
1000000000000000.0 36760500000000.0 358805000000.0 592274000.0 0.0 17120000000.0 157795.0 0.0 5050240000000.0 277173.0 0.0 0.0 2507140000.0 202561000000.0 204200.0 246857.0 0.0 0.86 [0.86]
1000000000000000.0 35830100000000.0 348049000000.0 555765000.0 0.0 16558700000.0 146210.0 0.0 5046840000000.0 256484.0 0.0 0.0 2503910000.0 200484000000.0 193427.0 233427.0 0.0 0.88 [0.88]
1000000000000000.0 34922500000000.0 337525000000.0 521328000.0 0.0 16014600000.0 135483.0 0.0 5043520000000.0 237364.0 0.0 0.0 2500720000.0 198400000000.0 183210.0 220705.0 0.0 0.9 [0.9]
1000000000000000.0 34037100000000.0 327230000000.0 488855000.0 0.0 15487100000.0 125549.0 0.0 5040260000000.0 219691.0 0.0 0.0 2497560000.0 196308000000.0 173523.0 208655.0 0.0 0.92 [0.92]
1000000000000000.0 33173300000000.0 317163000000.0 458245000.0 0.0 14975800000.0 116350.0 0.0 5037080000000.0 203354.0 0.0 0.0 2494440000.0 194209000000.0 164336.0 197243.0 0.0 0.94 [0.94]
1000000000000000.0 32330600000000.0 307320000000.0 429400000.0 0.0 14480200000.0 107830.0 0.0 5033970000000.0 188251.0 0.0 0.0 2491350000.0 192103000000.0 155627.0 186435.0 0.0 0.96 [0.96]
1000000000000000.0 31508400000000.0 297698000000.0 402226000.0 0.0 13999900000.0 99940.3 0.0 5030920000000.0 174286.0 0.0 0.0 2488290000.0 189991000000.0 147369.0 176201.0 0.0 0.98 [0.98]
1000000000000000.0 30706200000000.0 288297000000.0 376637000.0 0.0 13534400000.0 92633.3 0.0 5027940000000.0 161372.0 0.0 0.0 2485250000.0 187872000000.0 139540.0 166510.0 0.0 1.0 [1.0]
