Cloudy_runs/pks0637/z=0.161064/logZ=1/component_II_PI_nH/component_II_PI_nH_col_density_param.txt
# %ECSV 1.0
# ---
# datatype:
# - {name: H, datatype: float64}
# - {name: H+, datatype: float64}
# - {name: C+, datatype: float64}
# - {name: C+2, datatype: float64}
# - {name: C+3, datatype: float64}
# - {name: N+, datatype: float64}
# - {name: N+2, datatype: float64}
# - {name: N+4, datatype: float64}
# - {name: O, datatype: float64}
# - {name: O+2, datatype: float64}
# - {name: O+5, datatype: float64}
# - {name: O+6, datatype: float64}
# - {name: P+, datatype: float64}
# - {name: Si+, datatype: float64}
# - {name: Si+2, datatype: float64}
# - {name: Si+3, datatype: float64}
# - {name: Si+4, datatype: float64}
# - {name: log_nH, datatype: float64}
# - {name: parameters, datatype: string, subtype: 'float64[1]'}
# schema: astropy-2.0
H H+ C+ C+2 C+3 N+ N+2 N+4 O O+2 O+5 O+6 P+ Si+ Si+2 Si+3 Si+4 log_nH parameters
[from data line 56]
999998000000000.0 2.68891e+17 44520100000000.0 542979000000000.0 119109000000000.0 8556060000000.0 111695000000000.0 7597460000000.0 162057000000.0 750142000000000.0 1447290000000.0 33836700000.0 100671000000.0 12222400000000.0 14786800000000.0 37075500000000.0 21678900000000.0 -3.88 [-3.88]
999999000000000.0 2.53847e+17 44110300000000.0 516116000000000.0 108471000000000.0 8778910000000.0 107149000000000.0 6582250000000.0 180112000000.0 723743000000000.0 1191700000000.0 26570400000.0 101745000000.0 12769800000000.0 14346400000000.0 34931300000000.0 19138500000000.0 -3.86 [-3.86]
999999000000000.0 2.39699e+17 43693000000000.0 490452000000000.0 98713900000000.0 8998340000000.0 102686000000000.0 5699210000000.0 199841000000.0 697226000000000.0 980339000000.0 20846700000.0 102592000000.0 13293200000000.0 13873200000000.0 32830800000000.0 16852100000000.0 -3.84 [-3.84]
999999000000000.0 2.26385e+17 43268900000000.0 465938000000000.0 89769000000000.0 9214110000000.0 98313100000000.0 4931530000000.0 221365000000.0 670673000000000.0 805636000000.0 16340600000.0 103216000000.0 13788100000000.0 13371400000000.0 30781600000000.0 14800000000000.0 -3.82 [-3.82]
999999000000000.0 2.13855e+17 42839600000000.0 442535000000000.0 81572000000000.0 9425880000000.0 94034900000000.0 4264650000000.0 244802000000.0 644170000000000.0 661364000000.0 12796300000.0 103625000000.0 14250400000000.0 12845600000000.0 28791400000000.0 12964300000000.0 -3.8 [-3.8]
999999000000000.0 2.0206e+17 42406600000000.0 420204000000000.0 74064300000000.0 9633340000000.0 89857000000000.0 3685750000000.0 270273000000.0 617799000000000.0 542335000000.0 10011100000.0 103829000000.0 14676100000000.0 12300600000000.0 26866700000000.0 11327300000000.0 -3.78 [-3.78]
999999000000000.0 1.90956e+17 41971400000000.0 398907000000000.0 67192100000000.0 9836070000000.0 85784600000000.0 3183640000000.0 297896000000.0 591643000000000.0 444240000000.0 7824740000.0 103838000000.0 15061700000000.0 11741400000000.0 25013300000000.0 9872340000000.0 -3.76 [-3.76]
999998000000000.0 1.80507e+17 41536000000000.0 378614000000000.0 60908300000000.0 10033900000000.0 81823300000000.0 2748600000000.0 327788000000.0 565789000000000.0 363512000000.0 6110830000.0 103663000000.0 15404400000000.0 11173000000000.0 23236900000000.0 8583870000000.0 -3.74 [-3.74]
999999000000000.0 1.70665e+17 41101700000000.0 359274000000000.0 55161200000000.0 10226400000000.0 77973600000000.0 2371660000000.0 360080000000.0 540288000000000.0 297109000000.0 4767740000.0 103317000000.0 15701900000000.0 10599700000000.0 21539800000000.0 7445770000000.0 -3.72 [-3.72]
999999000000000.0 1.614e+17 40670000000000.0 340858000000000.0 49911500000000.0 10413300000000.0 74240300000000.0 2045460000000.0 394877000000.0 515220000000000.0 242578000000.0 3716880000.0 102813000000.0 15952400000000.0 10026500000000.0 19925800000000.0 6444200000000.0 -3.7 [-3.7]
1000000000000000.0 1.52679e+17 40242500000000.0 323336000000000.0 45120600000000.0 10594200000000.0 70626300000000.0 1763380000000.0 432289000000.0 490654000000000.0 197856000000.0 2895590000.0 102163000000.0 16154700000000.0 9457610000000.0 18397000000000.0 5565670000000.0 -3.68 [-3.68]
999999000000000.0 1.44475e+17 39821400000000.0 306676000000000.0 40752700000000.0 10768700000000.0 67134600000000.0 1519690000000.0 472407000000.0 466654000000000.0 161233000000.0 2254510000.0 101383000000.0 16308700000000.0 8897380000000.0 16954900000000.0 4797660000000.0 -3.66 [-3.66]
999999000000000.0 1.36753e+17 39406300000000.0 290836000000000.0 36773700000000.0 10936600000000.0 63764400000000.0 1309210000000.0 515343000000.0 443262000000000.0 131265000000.0 1754380000.0 100483000000.0 16414600000000.0 8348940000000.0 15599000000000.0 4128020000000.0 -3.64 [-3.64]
1000000000000000.0 1.29489e+17 38999200000000.0 275789000000000.0 33152900000000.0 11097600000000.0 60517800000000.0 1127580000000.0 561171000000.0 420533000000000.0 106780000000.0 1364660000.0 99477800000.0 16473400000000.0 7815720000000.0 14329000000000.0 3546020000000.0 -3.62 [-3.62]
999999000000000.0 1.22656e+17 38600500000000.0 261501000000000.0 29861800000000.0 11251400000000.0 57394500000000.0 970922000000.0 609973000000.0 398504000000000.0 86795000000.0 1061200000.0 98378200000.0 16486800000000.0 7300290000000.0 13143500000000.0 3041550000000.0 -3.6 [-3.6]
1000000000000000.0 1.16229e+17 38211100000000.0 247939000000000.0 26873500000000.0 11397600000000.0 54394200000000.0 835879000000.0 661807000000.0 377210000000000.0 70502900000.0 825082000.0 97196700000.0 16456700000000.0 6804860000000.0 12040400000000.0 2605440000000.0 -3.58 [-3.58]
1000000000000000.0 1.10183e+17 37830700000000.0 235067000000000.0 24162700000000.0 11536100000000.0 51514500000000.0 719484000000.0 716749000000.0 356668000000000.0 57230000000.0 641408000.0 95942400000.0 16385600000000.0 6330880000000.0 11016700000000.0 2229200000000.0 -3.56 [-3.56]
1000000000000000.0 1.04498e+17 37460400000000.0 222862000000000.0 21707500000000.0 11666500000000.0 48756000000000.0 619258000000.0 774807000000.0 336913000000000.0 46433200000.0 498677000.0 94627700000.0 16276500000000.0 5879940000000.0 10069900000000.0 1905520000000.0 -3.54 [-3.54]
999999000000000.0 9.9152e+16 37099600000000.0 211288000000000.0 19485700000000.0 11788600000000.0 46115400000000.0 532952000000.0 836029000000.0 317947000000000.0 37654700000.0 387757000.0 93260100000.0 16132400000000.0 5452600000000.0 9196100000000.0 1627500000000.0 -3.52 [-3.52]
1000000000000000.0 9.41231e+16 36748200000000.0 200314000000000.0 17477500000000.0 11902300000000.0 43590100000000.0 458646000000.0 900440000000.0 299777000000000.0 30522100000.0 301571000.0 91847800000.0 15956500000000.0 5049170000000.0 8391450000000.0 1389110000000.0 -3.5 [-3.5]
1000000000000000.0 8.93916e+16 36405500000000.0 189911000000000.0 15664300000000.0 12007300000000.0 41177100000000.0 394682000000.0 968048000000.0 282400000000000.0 24730500000.0 234606000.0 90397600000.0 15752100000000.0 4669680000000.0 7651970000000.0 1185010000000.0 -3.48 [-3.48]
999999000000000.0 8.49407e+16 36070900000000.0 180052000000000.0 14029600000000.0 12103400000000.0 38874200000000.0 339647000000.0 1038830000000.0 265819000000000.0 20031800000.0 182590000.0 88916100000.0 15522800000000.0 4313940000000.0 6973860000000.0 1010540000000.0 -3.46 [-3.46]
1000000000000000.0 8.07491e+16 35744100000000.0 170702000000000.0 12556000000000.0 12190500000000.0 36676200000000.0 292256000000.0 1112820000000.0 250008000000000.0 16219000000.0 142150000.0 87408700000.0 15271400000000.0 3981180000000.0 6352490000000.0 861469000000.0 -3.44 [-3.44]
1000000000000000.0 7.68009e+16 35423600000000.0 161837000000000.0 11229400000000.0 12268400000000.0 34580000000000.0 251461000000.0 1189980000000.0 234957000000000.0 13127000000.0 110710000.0 85879300000.0 15001100000000.0 3670740000000.0 5784000000000.0 734232000000.0 -3.42 [-3.42]
1000000000000000.0 7.30812e+16 35109000000000.0 153432000000000.0 10036400000000.0 12336900000000.0 32582500000000.0 216347000000.0 1270260000000.0 220651000000000.0 10620900000.0 86263900.0 84333000000.0 14714900000000.0 3381810000000.0 5264590000000.0 625730000000.0 -3.4 [-3.4]
1000000000000000.0 6.95746e+16 34799300000000.0 145461000000000.0 8964380000000.0 12395800000000.0 30679800000000.0 186119000000.0 1353630000000.0 207068000000000.0 8590150000.0 67247000.0 82773300000.0 14415500000000.0 3113380000000.0 4790440000000.0 533249000000.0 -3.38 [-3.38]
1000000000000000.0 6.62671e+16 34493700000000.0 137902000000000.0 8001940000000.0 12445200000000.0 28868200000000.0 160095000000.0 1440040000000.0 194186000000000.0 6945080000.0 0.0 81203400000.0 14105400000000.0 2864410000000.0 4357940000000.0 454454000000.0 -3.36 [-3.36]
1000000000000000.0 6.31458e+16 34191300000000.0 130731000000000.0 7138580000000.0 12484600000000.0 27144200000000.0 137691000000.0 1529420000000.0 181981000000000.0 5612890000.0 0.0 79626300000.0 13787000000000.0 2633830000000.0 3963710000000.0 387343000000.0 -3.34 [-3.34]
1000000000000000.0 6.01982e+16 33891300000000.0 123928000000000.0 6364660000000.0 12514200000000.0 25504300000000.0 118399000000.0 1621690000000.0 170427000000000.0 4534320000.0 0.0 78044700000.0 13462400000000.0 2420530000000.0 3604540000000.0 330192000000.0 -3.32 [-3.32]
1000000000000000.0 5.7413e+16 33592700000000.0 117472000000000.0 5671390000000.0 12533800000000.0 23945000000000.0 101788000000.0 1716760000000.0 159499000000000.0 3661340000.0 0.0 76460800000.0 13133400000000.0 2223430000000.0 3277450000000.0 281525000000.0 -3.3 [-3.3]
1000000000000000.0 5.47794e+16 33294800000000.0 111344000000000.0 5050790000000.0 12543100000000.0 22463100000000.0 87484400000.0 1814550000000.0 149172000000000.0 2954980000.0 0.0 74876700000.0 12801800000000.0 2041450000000.0 2979670000000.0 240084000000.0 -3.28 [-3.28]
1000000000000000.0 5.22873e+16 32996800000000.0 105527000000000.0 4495590000000.0 12542200000000.0 21055200000000.0 75166700000.0 1914940000000.0 139417000000000.0 2383590000.0 0.0 73294200000.0 12468900000000.0 1873560000000.0 2708620000000.0 204793000000.0 -3.26 [-3.26]
1000000000000000.0 4.99275e+16 32697800000000.0 100003000000000.0 3999190000000.0 12530800000000.0 19718400000000.0 64559800000.0 2017820000000.0 130210000000000.0 1921550000.0 0.0 71714900000.0 12136100000000.0 1718750000000.0 2461950000000.0 174734000000.0 -3.24 [-3.24]
1000000000000000.0 4.76914e+16 32397300000000.0 94755700000000.0 3555620000000.0 12509000000000.0 18449600000000.0 55426500000.0 2123050000000.0 121525000000000.0 1548080000.0 0.0 70140400000.0 11804500000000.0 1576090000000.0 2237490000000.0 149128000000.0 -3.22 [-3.22]
1000000000000000.0 4.5571e+16 32094500000000.0 89771300000000.0 3159500000000.0 12476700000000.0 17246100000000.0 47562900000.0 2230510000000.0 113338000000000.0 1246310000.0 0.0 68572300000.0 11475100000000.0 1444680000000.0 2033240000000.0 127309000000.0 -3.2 [-3.2]
1000000000000000.0 4.35587e+16 31788700000000.0 85035100000000.0 2805930000000.0 12433800000000.0 16105200000000.0 40793300000.0 2340050000000.0 105623000000000.0 1002600000.0 0.0 67011700000.0 11148600000000.0 1323680000000.0 1847390000000.0 108713000000.0 -3.18 [-3.18]
1000000000000000.0 4.16476e+16 31479400000000.0 80534000000000.0 2490500000000.0 12380200000000.0 15024200000000.0 34966700000.0 2451510000000.0 98356900000000.0 805880000.0 0.0 65459800000.0 10825900000000.0 1212280000000.0 1678270000000.0 92859000000.0 -3.16 [-3.16]
1000000000000000.0 3.98313e+16 31165800000000.0 76255400000000.0 2209260000000.0 12316000000000.0 14000800000000.0 29953000000.0 2564730000000.0 91517900000000.0 647175000.0 0.0 63917600000.0 10507300000000.0 1109760000000.0 1524380000000.0 79338700000.0 -3.14 [-3.14]
1000000000000000.0 3.81037e+16 30847400000000.0 72187600000000.0 1958610000000.0 12241000000000.0 13032500000000.0 25639900000.0 2679540000000.0 85083400000000.0 519218000.0 0.0 62386000000.0 10193500000000.0 1015430000000.0 1384330000000.0 67804700000.0 -3.12 [-3.12]
1000000000000000.0 3.64592e+16 30523600000000.0 68319700000000.0 1735360000000.0 12155400000000.0 12117200000000.0 21931000000.0 2795740000000.0 79033200000000.0 416125000.0 0.0 60865800000.0 9884720000000.0 928653000000.0 1256860000000.0 57961900000.0 -3.1 [-3.1]
1000000000000000.0 3.48927e+16 30193900000000.0 64641400000000.0 1536600000000.0 12059100000000.0 11252600000000.0 18742900000.0 2913190000000.0 73346800000000.0 333129000.0 0.0 59358100000.0 9581360000000.0 848839000000.0 1140860000000.0 49560100000.0 -3.08 [-3.08]
1000000000000000.0 3.33977e+16 29857200000000.0 61139400000000.0 1359610000000.0 11952000000000.0 10436000000000.0 16001800000.0 3031750000000.0 68000000000000.0 266319000.0 0.0 57861500000.0 9283270000000.0 775373000000.0 1035180000000.0 42380500000.0 -3.06 [-3.06]
1000000000000000.0 3.19731e+16 29514300000000.0 57811900000000.0 1202330000000.0 11834700000000.0 9666920000000.0 13650300000.0 3151090000000.0 62985700000000.0 212673000.0 0.0 56380600000.0 8991340000000.0 707902000000.0 939075000000.0 36253200000.0 -3.04 [-3.04]
1000000000000000.0 3.06129e+16 29164000000000.0 54646500000000.0 1062520000000.0 11707100000000.0 8942600000000.0 11632300000.0 3271080000000.0 58280900000000.0 169601000.0 0.0 54913900000.0 8705320000000.0 645883000000.0 851599000000.0 31017900000.0 -3.02 [-3.02]
1000000000000000.0 2.93134e+16 28806100000000.0 51635600000000.0 938322000000.0 11569300000000.0 8261260000000.0 9901980000.0 3391510000000.0 53869600000000.0 135057000.0 0.0 53462200000.0 8425310000000.0 588894000000.0 771976000000.0 26543400000.0 -3.0 [-3.0]
1000000000000000.0 2.8071e+16 28440100000000.0 48771600000000.0 828047000000.0 11421600000000.0 7621140000000.0 8419410000.0 3512200000000.0 49736200000000.0 107386000.0 0.0 52026000000.0 8151360000000.0 536544000000.0 699507000000.0 22718400000.0 -2.98 [-2.98]
1000000000000000.0 2.68824e+16 28065700000000.0 46047400000000.0 730190000000.0 11264100000000.0 7020510000000.0 7150180000.0 3632920000000.0 45866200000000.0 85246900.0 0.0 50605700000.0 7883480000000.0 488470000000.0 633551000000.0 19447600000.0 -2.96 [-2.96]
1000000000000000.0 2.57445e+16 27682800000000.0 43456500000000.0 643411000000.0 11097300000000.0 6457690000000.0 6064640000.0 3753490000000.0 42245700000000.0 67558200.0 0.0 49202100000.0 7621680000000.0 444344000000.0 573533000000.0 16650100000.0 -2.94 [-2.94]
1000000000000000.0 2.465e+16 27289300000000.0 40982700000000.0 566265000000.0 10920100000000.0 5929350000000.0 5134370000.0 3873910000000.0 38849900000000.0 53410600.0 0.0 47809600000.0 7364810000000.0 403726000000.0 518748000000.0 14250700000.0 -2.92 [-2.92]
1000000000000000.0 2.36098e+16 26890500000000.0 38650700000000.0 498390000000.0 10736700000000.0 5439080000000.0 4345670000.0 3993310000000.0 35701700000000.0 42204500.0 0.0 46446600000.0 7116250000000.0 366741000000.0 469262000000.0 12209700000.0 -2.9 [-2.9]
1000000000000000.0 2.26086e+16 26481500000000.0 36425500000000.0 438127000000.0 10544100000000.0 4980360000000.0 3671200000.0 4112110000000.0 32755600000000.0 33267200.0 0.0 45096600000.0 6872670000000.0 332741000000.0 424116000000.0 10458300000.0 -2.88 [-2.88]
1000000000000000.0 2.16464e+16 26062300000000.0 34308400000000.0 384781000000.0 10343100000000.0 4552650000000.0 3096360000.0 4230070000000.0 30006400000000.0 26164300.0 0.0 43762800000.0 6634660000000.0 301561000000.0 383025000000.0 8957740000.0 -2.86 [-2.86]
1000000000000000.0 2.0725e+16 25636700000000.0 32300600000000.0 337688000000.0 10135600000000.0 4155710000000.0 2608310000.0 4346660000000.0 27453300000000.0 20544100.0 0.0 42452000000.0 6403080000000.0 273091000000.0 345749000000.0 7675330000.0 -2.84 [-2.84]
1000000000000000.0 1.98357e+16 25199800000000.0 30384700000000.0 295952000000.0 9919880000000.0 3785900000000.0 2192430000.0 4462160000000.0 25070100000000.0 16084200.0 0.0 41154000000.0 6176110000000.0 246953000000.0 311755000000.0 6573870000.0 -2.82 [-2.82]
1000000000000000.0 1.89859e+16 24757200000000.0 28575500000000.0 259273000000.0 9699540000000.0 3444720000000.0 1841230000.0 4575860000000.0 22867600000000.0 12576200.0 0.0 39883000000.0 5956150000000.0 223178000000.0 281023000000.0 5634320000.0 -2.8 [-2.8]
1000000000000000.0 1.81697e+16 24307200000000.0 26859800000000.0 226944000000.0 9473900000000.0 3129380000000.0 1544000000.0 4687780000000.0 20827100000000.0 0.0 0.0 38633700000.0 5742040000000.0 201489000000.0 253147000000.0 4830100000.0 -2.78 [-2.78]
1000000000000000.0 1.7386e+16 23850600000000.0 25233700000000.0 198476000000.0 9243670000000.0 2838520000000.0 1292840000.0 4797750000000.0 18939800000000.0 0.0 0.0 37406800000.0 5533760000000.0 181728000000.0 227880000000.0 4141740000.0 -2.76 [-2.76]
