Cloudy_runs/pks1302/z=0.094839/logZ=1/component_II_PI_nH/component_II_PI_nH_col_density_param.txt
# %ECSV 1.0
# ---
# datatype:
# - {name: H, datatype: float64}
# - {name: H+, datatype: float64}
# - {name: C+, datatype: float64}
# - {name: C+2, datatype: float64}
# - {name: C+3, datatype: float64}
# - {name: N+, datatype: float64}
# - {name: N+2, datatype: float64}
# - {name: N+4, datatype: float64}
# - {name: O, datatype: float64}
# - {name: O+2, datatype: float64}
# - {name: O+5, datatype: float64}
# - {name: O+6, datatype: float64}
# - {name: P+, datatype: float64}
# - {name: Si+, datatype: float64}
# - {name: Si+2, datatype: float64}
# - {name: Si+3, datatype: float64}
# - {name: Si+4, datatype: float64}
# - {name: Fe+, datatype: float64}
# - {name: Al+, datatype: float64}
# - {name: log_nH, datatype: float64}
# - {name: parameters, datatype: string, subtype: 'float64[1]'}
# schema: astropy-2.0
H H+ C+ C+2 C+3 N+ N+2 N+4 O O+2 O+5 O+6 P+ Si+ Si+2 Si+3 Si+4 Fe+ Al+ log_nH parameters
[from data line 162]
912011000000000.0 1328220000000000.0 5035250000000.0 516230000000.0 84695800.0 1040130000000.0 4864120000.0 0.0 6077750000000.0 24246900000.0 0.0 0.0 5535590000.0 709098000000.0 409528000.0 555174000.0 3183220.0 697728000000.0 59373500000.0 -1.76 [-1.76]
912011000000000.0 1276830000000000.0 4918730000000.0 484841000000.0 75348300.0 1001490000000.0 4389290000.0 0.0 6060300000000.0 21602300000.0 0.0 0.0 5411790000.0 692249000000.0 374316000.0 507736000.0 2898150.0 682342000000.0 58150700000.0 -1.74 [-1.74]
912011000000000.0 1228040000000000.0 4806820000000.0 455711000000.0 67140200.0 964590000000.0 3964580000.0 0.0 6042520000000.0 19265100000.0 0.0 0.0 5294090000.0 676232000000.0 342556000.0 464909000.0 2642220.0 667696000000.0 56984400000.0 -1.72 [-1.72]
912011000000000.0 1181300000000000.0 4698330000000.0 428420000000.0 59883200.0 929058000000.0 3582410000.0 0.0 6024120000000.0 17186900000.0 0.0 0.0 5181100000.0 660860000000.0 313739000.0 426014000.0 2411130.0 653622000000.0 55861700000.0 -1.7 [-1.7]
912011000000000.0 1136610000000000.0 4593370000000.0 402909000000.0 53470800.0 894913000000.0 3238850000.0 0.0 6005250000000.0 15341000000.0 0.0 0.0 5072900000.0 646142000000.0 287604000.0 390710000.0 2202500.0 640133000000.0 54783600000.0 -1.68 [-1.68]
912011000000000.0 1093900000000000.0 4491830000000.0 379062000000.0 47799500.0 862104000000.0 2929860000.0 0.0 5985970000000.0 13701000000.0 0.0 0.0 4969290000.0 632050000000.0 263887000.0 358644000.0 2013990.0 627207000000.0 53748700000.0 -1.66 [-1.66]
912011000000000.0 1053060000000000.0 4393570000000.0 356762000000.0 42778200.0 830576000000.0 2651790000.0 0.0 5966300000000.0 12243300000.0 0.0 0.0 4870070000.0 618552000000.0 242343000.0 329493000.0 1843480.0 614820000000.0 52755100000.0 -1.64 [-1.64]
912011000000000.0 1014000000000000.0 4298450000000.0 335900000000.0 38327500.0 800271000000.0 2401400000.0 0.0 5946300000000.0 10946800000.0 0.0 0.0 4775020000.0 605619000000.0 222755000.0 302969000.0 1689070.0 602948000000.0 51801200000.0 -1.62 [-1.62]
912011000000000.0 976636000000000.0 4206330000000.0 316378000000.0 34378200.0 771141000000.0 2175810000.0 0.0 5926000000000.0 9793190000.0 0.0 0.0 4683950000.0 593224000000.0 204930000.0 278815000.0 1549100.0 591570000000.0 50885300000.0 -1.6 [-1.6]
912011000000000.0 940887000000000.0 4117090000000.0 298102000000.0 30869900.0 743137000000.0 1972440000.0 0.0 5905440000000.0 8766210000.0 0.0 0.0 4596680000.0 581340000000.0 188695000.0 256800000.0 1422080.0 580662000000.0 50005800000.0 -1.58 [-1.58]
912011000000000.0 906675000000000.0 4030570000000.0 280985000000.0 27749700.0 716200000000.0 1788970000.0 0.0 5884660000000.0 7851460000.0 0.0 0.0 4513030000.0 569942000000.0 173895000.0 236716000.0 1306710.0 570205000000.0 49161200000.0 -1.56 [-1.56]
912011000000000.0 873922000000000.0 3946690000000.0 264948000000.0 24971900.0 690303000000.0 1623400000.0 0.0 5863690000000.0 7036230000.0 0.0 0.0 4432830000.0 559007000000.0 160390000.0 218379000.0 1201800.0 560178000000.0 48350000000.0 -1.54 [-1.54]
912011000000000.0 842532000000000.0 3865250000000.0 249904000000.0 22494800.0 665370000000.0 1473810000.0 0.0 5842570000000.0 6308830000.0 0.0 0.0 4355850000.0 548502000000.0 148051000.0 201615000.0 1106270.0 550553000000.0 47570000000.0 -1.52 [-1.52]
912011000000000.0 812521000000000.0 3786370000000.0 235823000000.0 20286900.0 641437000000.0 1338780000.0 0.0 5821330000000.0 5660700000.0 0.0 0.0 4282150000.0 538435000000.0 136782000.0 186296000.0 1019310.0 541339000000.0 46822000000.0 -1.5 [-1.5]
912011000000000.0 783725000000000.0 3709660000000.0 222594000000.0 18312800.0 618375000000.0 1216600000.0 0.0 5799990000000.0 5081500000.0 0.0 0.0 4211340000.0 528750000000.0 126465000.0 172264000.0 939936.0 532485000000.0 46102300000.0 -1.48 [-1.48]
912011000000000.0 756161000000000.0 3635230000000.0 210193000000.0 16548700.0 596214000000.0 1106150000.0 0.0 5778600000000.0 4564580000.0 0.0 0.0 4143450000.0 519455000000.0 117022000.0 159414000.0 867512.0 523999000000.0 45411400000.0 -1.46 [-1.46]
912011000000000.0 729623000000000.0 3562580000000.0 198501000000.0 14965700.0 574800000000.0 1005970000.0 0.0 5757090000000.0 4101410000.0 0.0 0.0 4077990000.0 510480000000.0 108351000.0 147609000.0 801212.0 515819000000.0 44744500000.0 -1.44 [-1.44]
912011000000000.0 704280000000000.0 3492220000000.0 187561000000.0 13550200.0 554273000000.0 915456000.0 0.0 5735670000000.0 3688270000.0 0.0 0.0 4015410000.0 501885000000.0 100412000.0 136796000.0 740675.0 507999000000.0 44106000000.0 -1.42 [-1.42]
912011000000000.0 680056000000000.0 3424010000000.0 177315000000.0 12282500.0 534581000000.0 833589000.0 0.0 5714350000000.0 3319340000.0 0.0 0.0 3955520000.0 493644000000.0 93133900.0 126880000.0 685328.0 500517000000.0 43494100000.0 -1.4 [-1.4]
912011000000000.0 656720000000000.0 3357350000000.0 167643000000.0 11141400.0 515555000000.0 759220000.0 0.0 5692980000000.0 2988250000.0 0.0 0.0 3897730000.0 485679000000.0 86433800.0 117747000.0 634521.0 493301000000.0 42903300000.0 -1.38 [-1.38]
912011000000000.0 634339000000000.0 3292480000000.0 158551000000.0 10115800.0 497251000000.0 691796000.0 0.0 5671680000000.0 2691790000.0 0.0 0.0 3842230000.0 478015000000.0 80273900.0 109348000.0 587933.0 486375000000.0 42335400000.0 -1.36 [-1.36]
912011000000000.0 612856000000000.0 3229280000000.0 149997000000.0 9192790.0 479633000000.0 630621000.0 0.0 5650470000000.0 2426100000.0 0.0 0.0 3788890000.0 470632000000.0 74604400.0 101616000.0 545163.0 479720000000.0 41789000000.0 -1.34 [-1.34]
912011000000000.0 592304000000000.0 3167930000000.0 141973000000.0 8362830.0 462752000000.0 575195000.0 0.0 5629310000000.0 2188530000.0 0.0 0.0 3737820000.0 463545000000.0 69390700.0 94501400.0 505922.0 473349000000.0 41265200000.0 -1.32 [-1.32]
912011000000000.0 572626000000000.0 3108340000000.0 134441000000.0 7615480.0 446575000000.0 524935000.0 0.0 5608200000000.0 1975920000.0 0.0 0.0 3688880000.0 456735000000.0 64590600.0 87948800.0 469873.0 467243000000.0 40762700000.0 -1.3 [-1.3]
912011000000000.0 553714000000000.0 3050190000000.0 127342000000.0 6940530.0 430993000000.0 479248000.0 0.0 5587250000000.0 1784910000.0 0.0 0.0 3641790000.0 450165000000.0 60160300.0 81900000.0 436684.0 461372000000.0 40278800000.0 -1.28 [-1.28]
912011000000000.0 535534000000000.0 2993400000000.0 120647000000.0 6330390.0 415983000000.0 437701000.0 0.0 5566460000000.0 1613220000.0 0.0 0.0 3596460000.0 443823000000.0 56068200.0 76312200.0 406102.0 455723000000.0 39812700000.0 -1.26 [-1.26]
912011000000000.0 518053000000000.0 2937940000000.0 114330000000.0 5778300.0 401522000000.0 399901000.0 0.0 5545850000000.0 1458810000.0 0.0 0.0 3552820000.0 437698000000.0 52285600.0 71146500.0 377901.0 450288000000.0 39363800000.0 -1.24 [-1.24]
912011000000000.0 501235000000000.0 2883700000000.0 108367000000.0 5278200.0 387585000000.0 365491000.0 0.0 5525430000000.0 1319820000.0 0.0 0.0 3510780000.0 431778000000.0 48786100.0 66367100.0 351871.0 445056000000.0 38931200000.0 -1.22 [-1.22]
912011000000000.0 485055000000000.0 2830680000000.0 102738000000.0 4824900.0 374160000000.0 334159000.0 0.0 5505210000000.0 1194690000.0 0.0 0.0 3470290000.0 426057000000.0 45546800.0 61942800.0 327830.0 440019000000.0 38514200000.0 -1.2 [-1.2]
912011000000000.0 469491000000000.0 2778830000000.0 97422200000.0 4413680.0 361227000000.0 305622000.0 0.0 5485210000000.0 1082000000.0 0.0 0.0 3431290000.0 420527000000.0 42546400.0 57844700.0 305612.0 435171000000.0 38112500000.0 -1.18 [-1.18]
912011000000000.0 454513000000000.0 2728090000000.0 92400600000.0 4040290.0 348769000000.0 279619000.0 0.0 5465440000000.0 980429000.0 0.0 0.0 3393710000.0 415177000000.0 39765200.0 54045900.0 285063.0 430503000000.0 37725400000.0 -1.16 [-1.16]
912011000000000.0 440100000000000.0 2678450000000.0 87656600000.0 3701010.0 336770000000.0 255918000.0 0.0 5445900000000.0 888867000.0 0.0 0.0 3357510000.0 410003000000.0 37185800.0 50522900.0 266045.0 426009000000.0 37352200000.0 -1.14 [-1.14]
912011000000000.0 426159000000000.0 2629600000000.0 83152400000.0 3391780.0 325157000000.0 234258000.0 0.0 5426530000000.0 806043000.0 0.0 0.0 3322430000.0 404969000000.0 34787600.0 47247700.0 248402.0 421659000000.0 36990800000.0 -1.12 [-1.12]
912011000000000.0 412783000000000.0 2581920000000.0 78907900000.0 3110810.0 314008000000.0 214535000.0 0.0 5407480000000.0 731453000.0 0.0 0.0 3288750000.0 400112000000.0 32563400.0 44210100.0 232072.0 417484000000.0 36643500000.0 -1.1 [-1.1]
912011000000000.0 399900000000000.0 2535200000000.0 74893000000.0 2854860.0 303266000000.0 196535000.0 0.0 5388670000000.0 664094000.0 0.0 0.0 3256260000.0 395406000000.0 30496300.0 41387300.0 216926.0 413461000000.0 36308600000.0 -1.08 [-1.08]
912011000000000.0 387478000000000.0 2489360000000.0 71091000000.0 2621440.0 292908000000.0 180097000.0 0.0 5370130000000.0 603204000.0 0.0 0.0 3224900000.0 390841000000.0 28573400.0 38761800.0 202866.0 409580000000.0 35985300000.0 -1.06 [-1.06]
912011000000000.0 375507000000000.0 2444400000000.0 67492500000.0 2408480.0 282928000000.0 165086000.0 0.0 5351840000000.0 548164000.0 0.0 0.0 3194640000.0 386414000000.0 26784200.0 36319200.0 189809.0 405839000000.0 35673300000.0 -1.04 [-1.04]
912011000000000.0 363966000000000.0 2400280000000.0 64084300000.0 2214030.0 273307000000.0 151370000.0 0.0 5333830000000.0 498374000.0 0.0 0.0 3165430000.0 382117000000.0 25118200.0 34045000.0 177674.0 402230000000.0 35372100000.0 -1.02 [-1.02]
912011000000000.0 352863000000000.0 2357060000000.0 60862500000.0 2036520.0 264053000000.0 138846000.0 0.0 5316130000000.0 453367000.0 0.0 0.0 3137300000.0 377955000000.0 23567100.0 31928100.0 166398.0 398757000000.0 35082000000.0 -1.0 [-1.0]
912011000000000.0 342134000000000.0 2314560000000.0 57804600000.0 1874070.0 255118000000.0 127387000.0 0.0 5298660000000.0 412578000.0 0.0 0.0 3110070000.0 373905000000.0 22120200.0 29953800.0 155900.0 395400000000.0 34801400000.0 -0.98 [-0.98]
912011000000000.0 331786000000000.0 2272790000000.0 54904500000.0 1725400.0 246501000000.0 116904000.0 0.0 5287890000000.0 372707000.0 0.0 0.0 3083780000.0 369968000000.0 20770600.0 28112700.0 146127.0 392161000000.0 34530500000.0 -0.96 [-0.96]
912011000000000.0 321806000000000.0 2231760000000.0 52155300000.0 1589290.0 238196000000.0 107315000.0 0.0 5280560000000.0 335253000.0 0.0 0.0 3058400000.0 366142000000.0 19511200.0 26395000.0 137024.0 389036000000.0 34268900000.0 -0.94 [-0.94]
912011000000000.0 312168000000000.0 2191420000000.0 49547000000.0 1464560.0 230183000000.0 98536400.0 0.0 5272810000000.0 301612000.0 0.0 0.0 3033850000.0 362418000000.0 18335000.0 24791200.0 128538.0 386017000000.0 34016000000.0 -0.92 [-0.92]
912011000000000.0 302837000000000.0 2151640000000.0 47066800000.0 1350080.0 222439000000.0 90490900.0 0.0 5264620000000.0 271365000.0 0.0 0.0 3010030000.0 358783000000.0 17235200.0 23291900.0 120618.0 383094000000.0 33771000000.0 -0.9 [-0.9]
912011000000000.0 293874000000000.0 2112720000000.0 44724800000.0 1245290.0 215005000000.0 83139200.0 0.0 5255830000000.0 244390000.0 0.0 0.0 2987150000.0 355263000000.0 16208700.0 21893000.0 113238.0 380284000000.0 33535300000.0 -0.88 [-0.88]
912011000000000.0 285183000000000.0 2074320000000.0 42496300000.0 1148970.0 207816000000.0 76395200.0 0.0 5241380000000.0 221952000.0 0.0 0.0 2964920000.0 351820000000.0 15247700.0 20583800.0 106342.0 377560000000.0 33306600000.0 -0.86 [-0.86]
912011000000000.0 276756000000000.0 2036400000000.0 40373800000.0 1060380.0 200861000000.0 70206100.0 0.0 5226930000000.0 201634000.0 0.0 0.0 2943320000.0 348450000000.0 14347500.0 19357700.0 99894.3 374917000000.0 33084700000.0 -0.84 [-0.84]
912011000000000.0 268647000000000.0 1999230000000.0 38366400000.0 979115.0 194177000000.0 64543400.0 0.0 5212720000000.0 183273000.0 0.0 0.0 2922530000.0 345179000000.0 13505800.0 18211900.0 93876.0 372373000000.0 32870900000.0 -0.82 [-0.82]
912011000000000.0 260809000000000.0 1962640000000.0 36460000000.0 904397.0 187728000000.0 59351200.0 0.0 5198680000000.0 166638000.0 0.0 0.0 2902400000.0 341987000000.0 12717500.0 17139000.0 88249.3 369914000000.0 32664100000.0 -0.8 [-0.8]
912011000000000.0 253233000000000.0 1926620000000.0 34649400000.0 835668.0 181508000000.0 54589300.0 0.0 5184810000000.0 151564000.0 0.0 0.0 2882910000.0 338871000000.0 11978900.0 16134200.0 82986.1 367536000000.0 32464000000.0 -0.78 [-0.78]
912011000000000.0 245908000000000.0 1891160000000.0 32929900000.0 772418.0 175507000000.0 50221200.0 0.0 5171120000000.0 137900000.0 0.0 0.0 2864050000.0 335828000000.0 11286600.0 15192600.0 78061.1 365237000000.0 32270400000.0 -0.76 [-0.76]
912011000000000.0 238851000000000.0 1856360000000.0 31301400000.0 714260.0 169735000000.0 46218600.0 0.0 5157660000000.0 125530000.0 0.0 0.0 2845860000.0 332867000000.0 10638000.0 14310900.0 73454.7 363021000000.0 32083800000.0 -0.74 [-0.74]
912011000000000.0 231972000000000.0 1821830000000.0 29743200000.0 660519.0 164129000000.0 42533000.0 0.0 5144250000000.0 114267000.0 0.0 0.0 2828080000.0 329947000000.0 10028100.0 13482200.0 69131.3 360860000000.0 31901700000.0 -0.72 [-0.72]
912011000000000.0 225342000000000.0 1787940000000.0 28267300000.0 611064.0 158734000000.0 39154300.0 0.0 5131100000000.0 104062000.0 0.0 0.0 2810930000.0 327103000000.0 9456360.0 12705500.0 65084.3 358777000000.0 31726000000.0 -0.7 [-0.7]
912011000000000.0 218928000000000.0 1754560000000.0 26864900000.0 565473.0 153530000000.0 36052000.0 0.0 5118120000000.0 94803100.0 0.0 0.0 2794310000.0 324320000000.0 8919530.0 11976700.0 61291.0 356762000000.0 31556000000.0 -0.68 [-0.68]
912011000000000.0 212743000000000.0 1721790000000.0 25536200000.0 523479.0 148523000000.0 33206300.0 0.0 5105370000000.0 86410000.0 0.0 0.0 2778280000.0 321607000000.0 8415780.0 11293000.0 57737.1 354819000000.0 31391900000.0 -0.66 [-0.66]
912011000000000.0 206733000000000.0 1689380000000.0 24268700000.0 484668.0 143674000000.0 30587300.0 0.0 5092760000000.0 78771400.0 0.0 0.0 2762670000.0 318938000000.0 7941930.0 10650300.0 54399.7 352930000000.0 31232400000.0 -0.64 [-0.64]
912011000000000.0 200915000000000.0 1657440000000.0 23063400000.0 448838.0 138992000000.0 28180300.0 0.0 5080330000000.0 71830100.0 0.0 0.0 2747530000.0 316322000000.0 7496500.0 10046400.0 51267.6 351100000000.0 31077800000.0 -0.62 [-0.62]
912011000000000.0 195262000000000.0 1625860000000.0 21913900000.0 415710.0 134459000000.0 25964700.0 0.0 5068040000000.0 65511000.0 0.0 0.0 2732780000.0 313747000000.0 7077290.0 9478250.0 48324.7 349322000000.0 30927500000.0 -0.6 [-0.6]
912011000000000.0 189807000000000.0 1594850000000.0 20824400000.0 385148.0 130095000000.0 23930500.0 0.0 5055990000000.0 59774900.0 0.0 0.0 2718540000.0 311230000000.0 6683340.0 8944640.0 45563.4 347607000000.0 30782400000.0 -0.58 [-0.58]
912011000000000.0 184521000000000.0 1564280000000.0 19788300000.0 0.0 125880000000.0 22059600.0 0.0 5044130000000.0 54557500.0 0.0 0.0 2704720000.0 308761000000.0 6312630.0 8442770.0 0.0 345944000000.0 30641700000.0 -0.56 [-0.56]
912011000000000.0 179404000000000.0 1534170000000.0 18803200000.0 0.0 121812000000.0 20338800.0 0.0 5032450000000.0 49813100.0 0.0 0.0 2691320000.0 306336000000.0 5963740.0 7970670.0 0.0 344334000000.0 30505400000.0 -0.54 [-0.54]
912011000000000.0 174442000000000.0 1504480000000.0 17865800000.0 0.0 117880000000.0 18755300.0 0.0 5020970000000.0 45492400.0 0.0 0.0 2678310000.0 303953000000.0 5635200.0 7526350.0 0.0 342773000000.0 30373200000.0 -0.52 [-0.52]
912011000000000.0 169635000000000.0 1475220000000.0 16974400000.0 0.0 114083000000.0 17297900.0 0.0 5009670000000.0 41560100.0 0.0 0.0 2665680000.0 301611000000.0 5325780.0 7108090.0 0.0 341260000000.0 30245000000.0 -0.5 [-0.5]
