Cloudy_runs/pks1302/z=0.094839/logZ=1/component_II_PI_nH/component_II_PI_nH_col_density_param.txt
# %ECSV 1.0
# ---
# datatype:
# - {name: H, datatype: float64}
# - {name: H+, datatype: float64}
# - {name: C+, datatype: float64}
# - {name: C+2, datatype: float64}
# - {name: C+3, datatype: float64}
# - {name: N+, datatype: float64}
# - {name: N+2, datatype: float64}
# - {name: N+4, datatype: float64}
# - {name: O, datatype: float64}
# - {name: O+2, datatype: float64}
# - {name: O+5, datatype: float64}
# - {name: O+6, datatype: float64}
# - {name: P+, datatype: float64}
# - {name: Si+, datatype: float64}
# - {name: Si+2, datatype: float64}
# - {name: Si+3, datatype: float64}
# - {name: Si+4, datatype: float64}
# - {name: Fe+, datatype: float64}
# - {name: Al+, datatype: float64}
# - {name: log_nH, datatype: float64}
# - {name: parameters, datatype: string, subtype: 'float64[1]'}
# schema: astropy-2.0
H H+ C+ C+2 C+3 N+ N+2 N+4 O O+2 O+5 O+6 P+ Si+ Si+2 Si+3 Si+4 Fe+ Al+ log_nH parameters
[from data line 51]
912009000000000.0 2.35684e+17 42245100000000.0 477414000000000.0 100323000000000.0 8183800000000.0 98767800000000.0 6442480000000.0 163698000000.0 662442000000000.0 1247490000000.0 29250200000.0 93770200000.0 11221200000000.0 13046000000000.0 32415000000000.0 18558400000000.0 38715500000.0 156758000000.0 -3.98 [-3.98]
912010000000000.0 2.22464e+17 41827100000000.0 453488000000000.0 91284100000000.0 8392120000000.0 94654900000000.0 5576180000000.0 181836000000.0 638520000000000.0 1025600000000.0 22924100000.0 94634200000.0 11706600000000.0 12633400000000.0 30513100000000.0 16356900000000.0 43379500000.0 163627000000.0 -3.96 [-3.96]
912010000000000.0 2.10036e+17 41402400000000.0 430651000000000.0 83002200000000.0 8596850000000.0 90623200000000.0 4823470000000.0 201633000000.0 614522000000000.0 842357000000.0 17950800000.0 95284700000.0 12168000000000.0 12193300000000.0 28652600000000.0 14379000000000.0 48520000000.0 170558000000.0 -3.94 [-3.94]
912010000000000.0 1.98345e+17 40972200000000.0 408861000000000.0 75416800000000.0 8797750000000.0 86677900000000.0 4169830000000.0 223202000000.0 590525000000000.0 691142000000.0 14043500000.0 95728500000.0 12601700000000.0 11729700000000.0 26840400000000.0 12607500000000.0 54176600000.0 177536000000.0 -3.92 [-3.92]
912010000000000.0 1.8735e+17 40537700000000.0 388085000000000.0 68475100000000.0 8994440000000.0 82824800000000.0 3602830000000.0 246650000000.0 566616000000000.0 566495000000.0 10977200000.0 95972900000.0 13003900000000.0 11246900000000.0 25083700000000.0 11026200000000.0 60388700000.0 184541000000.0 -3.9 [-3.9]
912010000000000.0 1.77e+17 40100600000000.0 368270000000000.0 62120200000000.0 9186680000000.0 79065800000000.0 3110940000000.0 272101000000.0 542850000000000.0 463784000000.0 8571580000.0 96029000000.0 13371300000000.0 10749200000000.0 23386800000000.0 9618420000000.0 67203100000.0 191561000000.0 -3.88 [-3.88]
912010000000000.0 1.67259e+17 39662700000000.0 349391000000000.0 56308400000000.0 9374110000000.0 75406300000000.0 2684720000000.0 299665000000.0 519311000000000.0 379273000000.0 6686960000.0 95907000000.0 13701100000000.0 10240900000000.0 21755300000000.0 8369690000000.0 74663400000.0 198575000000.0 -3.86 [-3.86]
912010000000000.0 1.58092e+17 39225400000000.0 331412000000000.0 50996900000000.0 9556390000000.0 71850200000000.0 2315700000000.0 329446000000.0 496069000000000.0 309822000000.0 5212190000.0 95618600000.0 13990900000000.0 9726760000000.0 20193300000000.0 7265790000000.0 82815300000.0 205559000000.0 -3.84 [-3.84]
912010000000000.0 1.49465e+17 38790300000000.0 314299000000000.0 46145900000000.0 9733200000000.0 68400000000000.0 1996430000000.0 361555000000.0 473190000000000.0 252814000000.0 4059330000.0 95175700000.0 14238700000000.0 9210790000000.0 18704200000000.0 6293070000000.0 91707300000.0 212493000000.0 -3.82 [-3.82]
912010000000000.0 1.41348e+17 38358700000000.0 298021000000000.0 41719100000000.0 9904090000000.0 65058800000000.0 1720430000000.0 396091000000.0 450738000000000.0 206080000000.0 3159140000.0 94591200000.0 14443400000000.0 8697150000000.0 17290200000000.0 5438800000000.0 101387000000.0 219353000000.0 -3.8 [-3.8]
912010000000000.0 1.3371e+17 37932300000000.0 282545000000000.0 37682900000000.0 10068900000000.0 61828400000000.0 1481990000000.0 433149000000.0 428769000000000.0 167819000000.0 2456990000.0 93878100000.0 14604500000000.0 8189610000000.0 15953000000000.0 4690970000000.0 111906000000.0 226117000000.0 -3.78 [-3.78]
912011000000000.0 1.26525e+17 37512400000000.0 267840000000000.0 34006300000000.0 10227400000000.0 58710400000000.0 1276160000000.0 472819000000.0 407337000000000.0 136534000000.0 1909850000.0 93049200000.0 14721900000000.0 7691590000000.0 14693100000000.0 4038340000000.0 123316000000.0 232760000000.0 -3.76 [-3.76]
912010000000000.0 1.1977e+17 37100500000000.0 253878000000000.0 30660700000000.0 10379000000000.0 55706400000000.0 1098630000000.0 515168000000.0 386495000000000.0 110990000000.0 1484000000.0 92118000000.0 14796200000000.0 7206310000000.0 13510900000000.0 3470650000000.0 135665000000.0 239257000000.0 -3.74 [-3.74]
912010000000000.0 1.13414e+17 36696300000000.0 240622000000000.0 27619100000000.0 10523700000000.0 52815200000000.0 945524000000.0 560284000000.0 366269000000000.0 90149600000.0 1152680000.0 91094300000.0 14828700000000.0 6735990000000.0 12404700000000.0 2978030000000.0 149010000000.0 245586000000.0 -3.72 [-3.72]
912010000000000.0 1.07438e+17 36300800000000.0 228043000000000.0 24856800000000.0 10661000000000.0 50036800000000.0 813580000000.0 608225000000.0 346698000000000.0 73167200000.0 895115000.0 89989800000.0 14821100000000.0 6282870000000.0 11373400000000.0 2551730000000.0 163403000000.0 251722000000.0 -3.7 [-3.7]
912011000000000.0 1.01816e+17 35914300000000.0 216107000000000.0 22350600000000.0 10790800000000.0 47369700000000.0 699902000000.0 659048000000.0 327802000000000.0 59341200000.0 694987000.0 88814600000.0 14775400000000.0 5848510000000.0 10414600000000.0 2183680000000.0 178899000000.0 257644000000.0 -3.68 [-3.68]
912011000000000.0 9.65317e+16 35537900000000.0 204794000000000.0 20080200000000.0 10912800000000.0 44814500000000.0 602052000000.0 712766000000.0 309616000000000.0 48101800000.0 539642000.0 87580500000.0 14694000000000.0 5434520000000.0 9526290000000.0 1866810000000.0 195545000000.0 263327000000.0 -3.66 [-3.66]
912011000000000.0 9.1563e+16 35171100000000.0 194069000000000.0 18025300000000.0 11026700000000.0 42368400000000.0 517831000000.0 769420000000.0 292146000000000.0 38970500000.0 419064000.0 86295400000.0 14579700000000.0 5041550000000.0 8705180000000.0 1594500000000.0 213398000000.0 268753000000.0 -3.64 [-3.64]
912010000000000.0 8.689e+16 34813500000000.0 183904000000000.0 16167400000000.0 11132400000000.0 40029100000000.0 445354000000.0 829025000000.0 275399000000000.0 31557200000.0 325488000.0 84966800000.0 14435300000000.0 4670040000000.0 7947960000000.0 1360890000000.0 232510000000.0 273902000000.0 -3.62 [-3.62]
912011000000000.0 8.24948e+16 34465100000000.0 174271000000000.0 14489700000000.0 11229600000000.0 37794200000000.0 382997000000.0 891591000000.0 259377000000000.0 25542800000.0 252874000.0 83602200000.0 14263800000000.0 4320130000000.0 7251160000000.0 1160800000000.0 252937000000.0 278760000000.0 -3.6 [-3.6]
912011000000000.0 7.8362e+16 34125200000000.0 165148000000000.0 12976900000000.0 11318200000000.0 35661700000000.0 329380000000.0 957085000000.0 244084000000000.0 20668300000.0 196549000.0 82208400000.0 14068400000000.0 3991820000000.0 6611520000000.0 989744000000.0 274722000000.0 283309000000.0 -3.58 [-3.58]
912011000000000.0 7.44697e+16 33793000000000.0 156497000000000.0 11612700000000.0 11398000000000.0 33626200000000.0 283224000000.0 1025550000000.0 229494000000000.0 16715700000.0 152807000.0 80789300000.0 13851600000000.0 3684310000000.0 6024600000000.0 843519000000.0 297941000000.0 287542000000.0 -3.56 [-3.56]
912011000000000.0 7.08052e+16 33467800000000.0 148298000000000.0 10384600000000.0 11468900000000.0 31685800000000.0 243521000000.0 1096930000000.0 215604000000000.0 13514000000.0 118850000.0 79350400000.0 13616400000000.0 3397230000000.0 5487200000000.0 718721000000.0 322637000000.0 291447000000.0 -3.54 [-3.54]
912011000000000.0 6.73538e+16 33149100000000.0 140528000000000.0 9280050000000.0 11530700000000.0 29837200000000.0 209368000000.0 1171190000000.0 202401000000000.0 10921600000.0 92482300.0 77896300000.0 13365600000000.0 3129850000000.0 4995760000000.0 612299000000.0 348862000000.0 295016000000.0 -3.52 [-3.52]
912011000000000.0 6.41011e+16 32835700000000.0 133163000000000.0 8287450000000.0 11583300000000.0 28077000000000.0 179985000000.0 1248280000000.0 189865000000000.0 8823160000.0 71998400.0 76430100000.0 13101700000000.0 2881290000000.0 4546790000000.0 521594000000.0 376671000000.0 298243000000.0 -3.5 [-3.5]
912011000000000.0 6.10341e+16 32526700000000.0 126181000000000.0 7396270000000.0 11626500000000.0 26401800000000.0 154706000000.0 1328160000000.0 177976000000000.0 7125140000.0 0.0 74955200000.0 12827100000000.0 2650640000000.0 4136980000000.0 444325000000.0 406111000000.0 301123000000.0 -3.48 [-3.48]
912011000000000.0 5.81405e+16 32221600000000.0 119560000000000.0 6596790000000.0 11660200000000.0 24808300000000.0 132957000000.0 1410760000000.0 166712000000000.0 5751570000.0 0.0 73474500000.0 12543900000000.0 2436930000000.0 3763210000000.0 378526000000.0 437238000000.0 303656000000.0 -3.46 [-3.46]
912011000000000.0 5.5409e+16 31919300000000.0 113282000000000.0 5880140000000.0 11684300000000.0 23293200000000.0 114242000000.0 1496000000000.0 156052000000000.0 4640770000.0 0.0 71990400000.0 12254200000000.0 2239190000000.0 3422500000000.0 322507000000.0 470096000000.0 305842000000.0 -3.44 [-3.44]
912011000000000.0 5.28287e+16 31619100000000.0 107326000000000.0 5238210000000.0 11698800000000.0 21853400000000.0 98138700000.0 1583800000000.0 145971000000000.0 3742750000.0 0.0 70505200000.0 11959600000000.0 2056410000000.0 3112070000000.0 274819000000.0 504731000000.0 307682000000.0 -3.42 [-3.42]
912011000000000.0 5.03895e+16 31319900000000.0 101676000000000.0 4663620000000.0 11703500000000.0 20485700000000.0 84281700000.0 1674060000000.0 136446000000000.0 3016970000.0 0.0 69020600000.0 11661900000000.0 1887630000000.0 2829350000000.0 234227000000.0 541178000000.0 309178000000.0 -3.4 [-3.4]
912011000000000.0 4.80821e+16 31021300000000.0 96314000000000.0 4149640000000.0 11698300000000.0 19187200000000.0 72357400000.0 1766690000000.0 127452000000000.0 2430570000.0 0.0 67538600000.0 11362400000000.0 1731900000000.0 2571920000000.0 199671000000.0 579477000000.0 310335000000.0 -3.38 [-3.38]
912011000000000.0 4.58979e+16 30722200000000.0 91224700000000.0 3690170000000.0 11683100000000.0 17955000000000.0 62096800000.0 1861570000000.0 118966000000000.0 1956980000.0 0.0 66060600000.0 11062400000000.0 1588300000000.0 2337580000000.0 170253000000.0 619651000000.0 311159000000.0 -3.36 [-3.36]
912011000000000.0 4.38288e+16 30422100000000.0 86392800000000.0 3279680000000.0 11657900000000.0 16786200000000.0 53267900000.0 1958580000000.0 110964000000000.0 1574610000.0 0.0 64588100000.0 10762800000000.0 1455960000000.0 2124270000000.0 145204000000.0 661727000000.0 311655000000.0 -3.34 [-3.34]
912011000000000.0 4.18672e+16 30120200000000.0 81804700000000.0 2913170000000.0 11622700000000.0 15678400000000.0 45672300000.0 2057600000000.0 103423000000000.0 1266060000.0 0.0 63122500000.0 10464800000000.0 1334070000000.0 1930150000000.0 123872000000.0 705711000000.0 311830000000.0 -3.32 [-3.32]
912011000000000.0 4.00062e+16 29816000000000.0 77447000000000.0 2586110000000.0 11577300000000.0 14628900000000.0 39138300000.0 2158470000000.0 96320100000000.0 1017170000.0 0.0 61664600000.0 10169000000000.0 1221840000000.0 1753480000000.0 105700000000.0 751604000000.0 311692000000.0 -3.3 [-3.3]
912011000000000.0 3.82374e+16 29507900000000.0 73303500000000.0 2294210000000.0 11521700000000.0 13634500000000.0 33514600000.0 2261130000000.0 89627800000000.0 816379000.0 0.0 60213800000.0 9875740000000.0 1118440000000.0 1592560000000.0 90205800000.0 799413000000.0 311249000000.0 -3.28 [-3.28]
912011000000000.0 3.65586e+16 29197000000000.0 69370800000000.0 2034230000000.0 11456100000000.0 12694600000000.0 28683700000.0 2365290000000.0 83338300000000.0 654739000.0 0.0 58774900000.0 9586370000000.0 1023390000000.0 1446250000000.0 77011600000.0 849061000000.0 310510000000.0 -3.26 [-3.26]
912011000000000.0 3.49621e+16 28881800000000.0 65633500000000.0 1802600000000.0 11380400000000.0 11806100000000.0 24531300000.0 2470860000000.0 77424200000000.0 524584000.0 0.0 57346600000.0 9300970000000.0 935962000000.0 1313100000000.0 65763000000.0 900525000000.0 309484000000.0 -3.24 [-3.24]
912011000000000.0 3.34429e+16 28561800000000.0 62081700000000.0 1596360000000.0 11294600000000.0 10966900000000.0 20963500000.0 2577660000000.0 71866000000000.0 419858000.0 0.0 55929900000.0 9019920000000.0 855552000000.0 1191920000000.0 56170500000.0 953734000000.0 308179000000.0 -3.22 [-3.22]
912011000000000.0 3.1996e+16 28236500000000.0 58705400000000.0 1412820000000.0 11198800000000.0 10175000000000.0 17899300000.0 2685550000000.0 66645100000000.0 335654000.0 0.0 54525200000.0 8743510000000.0 781611000000.0 1081630000000.0 47987500000.0 1008600000000.0 306604000000.0 -3.2 [-3.2]
912011000000000.0 3.06124e+16 27904400000000.0 55485200000000.0 1249140000000.0 11092400000000.0 9426260000000.0 15262300000.0 2794490000000.0 61730000000000.0 267870000.0 0.0 53128800000.0 8471020000000.0 713456000000.0 980966000000.0 40989600000.0 1065090000000.0 304762000000.0 -3.18 [-3.18]
912011000000000.0 2.92971e+16 27566900000000.0 52434100000000.0 1104040000000.0 10976800000000.0 8723090000000.0 13006600000.0 2903990000000.0 57132400000000.0 213605000.0 0.0 51750200000.0 8204580000000.0 650994000000.0 889615000000.0 35031500000.0 1122890000000.0 302675000000.0 -3.16 [-3.16]
912011000000000.0 2.80462e+16 27224300000000.0 49543900000000.0 975473000000.0 10852600000000.0 8063490000000.0 11078100000.0 3013840000000.0 52834900000000.0 170196000.0 0.0 50390700000.0 7944420000000.0 593778000000.0 806723000000.0 29957300000.0 1181850000000.0 300355000000.0 -3.14 [-3.14]
912011000000000.0 2.6847e+16 26873500000000.0 46786000000000.0 860968000000.0 10718100000000.0 7441760000000.0 9420750000.0 3124240000000.0 48795300000000.0 135336000.0 0.0 49040900000.0 7688570000000.0 541058000000.0 731045000000.0 25612100000.0 1241900000000.0 297795000000.0 -3.12 [-3.12]
912011000000000.0 2.57005e+16 26515300000000.0 44163800000000.0 759337000000.0 10574300000000.0 6858160000000.0 8001870000.0 3234800000000.0 45012400000000.0 107447000.0 0.0 47705800000.0 7438080000000.0 492644000000.0 662167000000.0 21900100000.0 1302740000000.0 295010000000.0 -3.1 [-3.1]
912011000000000.0 2.46041e+16 26149600000000.0 41671300000000.0 669207000000.0 10421700000000.0 6311210000000.0 6788520000.0 3345340000000.0 41473800000000.0 85168100.0 0.0 46386400000.0 7193040000000.0 448213000000.0 599500000000.0 18729000000.0 1364080000000.0 292011000000.0 -3.08 [-3.08]
912011000000000.0 2.35505e+16 25774600000000.0 39292900000000.0 589079000000.0 10259300000000.0 5797640000000.0 5748760000.0 3455870000000.0 38154800000000.0 67350700.0 0.0 45077600000.0 6952430000000.0 407321000000.0 542303000000.0 16012200000.0 1425700000000.0 288792000000.0 -3.06 [-3.06]
912011000000000.0 2.25456e+16 25393300000000.0 37041800000000.0 518341000000.0 10089700000000.0 5319260000000.0 4864370000.0 3565800000000.0 35066300000000.0 53200100.0 0.0 43790700000.0 6718330000000.0 369955000000.0 490460000000.0 13697100000.0 1487090000000.0 285390000000.0 -3.04 [-3.04]
912011000000000.0 2.15863e+16 25005200000000.0 34911200000000.0 455909000000.0 9913170000000.0 4874120000000.0 4112430000.0 3674990000000.0 32193400000000.0 41969500.0 0.0 42525100000.0 6490560000000.0 335810000000.0 443456000000.0 11722900000.0 1547900000000.0 281815000000.0 -3.02 [-3.02]
912011000000000.0 2.06635e+16 24608900000000.0 32879900000000.0 400513000000.0 9728420000000.0 4458270000000.0 3470260000.0 3783530000000.0 29508700000000.0 33030300.0 0.0 41273600000.0 6267420000000.0 304461000000.0 400603000000.0 10031000000.0 1607850000000.0 278052000000.0 -3.0 [-3.0]
912011000000000.0 1.97784e+16 24204400000000.0 30951300000000.0 351557000000.0 9536670000000.0 4071470000000.0 2924160000.0 3891130000000.0 27009200000000.0 25943700.0 0.0 40039600000.0 6049690000000.0 275768000000.0 361661000000.0 8584340000.0 1666430000000.0 274120000000.0 -2.98 [-2.98]
912011000000000.0 1.89295e+16 23792700000000.0 29120900000000.0 308322000000.0 9338560000000.0 3712430000000.0 2460440000.0 3997570000000.0 24686300000000.0 20337700.0 0.0 38824800000.0 5837390000000.0 249541000000.0 326295000000.0 7347560000.0 1723200000000.0 270032000000.0 -2.96 [-2.96]
