Cloudy_runs/pks1302/z=0.094839/logZ=1/component_II_PI_nH/component_II_PI_nH_col_density_param.txt
# %ECSV 1.0
# ---
# datatype:
# - {name: H, datatype: float64}
# - {name: H+, datatype: float64}
# - {name: C+, datatype: float64}
# - {name: C+2, datatype: float64}
# - {name: C+3, datatype: float64}
# - {name: N+, datatype: float64}
# - {name: N+2, datatype: float64}
# - {name: N+4, datatype: float64}
# - {name: O, datatype: float64}
# - {name: O+2, datatype: float64}
# - {name: O+5, datatype: float64}
# - {name: O+6, datatype: float64}
# - {name: P+, datatype: float64}
# - {name: Si+, datatype: float64}
# - {name: Si+2, datatype: float64}
# - {name: Si+3, datatype: float64}
# - {name: Si+4, datatype: float64}
# - {name: Fe+, datatype: float64}
# - {name: Al+, datatype: float64}
# - {name: log_nH, datatype: float64}
# - {name: parameters, datatype: string, subtype: 'float64[1]'}
# schema: astropy-2.0
H H+ C+ C+2 C+3 N+ N+2 N+4 O O+2 O+5 O+6 P+ Si+ Si+2 Si+3 Si+4 Fe+ Al+ log_nH parameters
[from data line 227]
912011000000000.0 160459000000000.0 1417970000000.0 15320100000.0 0.0 106871000000.0 14721400.0 0.0 4987630000000.0 34717000.0 0.0 0.0 2641510000.0 297040000000.0 4759530.0 6343310.0 0.0 338371000000.0 30000200000.0 -0.46 [-0.46]
912011000000000.0 156080000000000.0 1389970000000.0 14552900000.0 0.0 103447000000.0 13584100.0 0.0 4976890000000.0 31744700.0 0.0 0.0 2629950000.0 294809000000.0 4500570.0 5993830.0 0.0 336992000000.0 29883200000.0 -0.44 [-0.44]
912011000000000.0 151832000000000.0 1362370000000.0 13823100000.0 0.0 100137000000.0 12536500.0 0.0 4966340000000.0 29034800.0 0.0 0.0 2618720000.0 292611000000.0 4256370.0 5664470.0 0.0 335654000000.0 29769700000.0 -0.42 [-0.42]
912011000000000.0 147714000000000.0 1335180000000.0 13129000000.0 0.0 96939400000.0 11571500.0 0.0 4955960000000.0 26564700.0 0.0 0.0 2607800000.0 290445000000.0 4026070.0 5354030.0 0.0 334357000000.0 29659600000.0 -0.4 [-0.4]
912011000000000.0 143718000000000.0 1308370000000.0 12468500000.0 0.0 93847400000.0 10682200.0 0.0 4945780000000.0 24310900.0 0.0 0.0 2597200000.0 288310000000.0 3808780.0 5061290.0 0.0 333098000000.0 29552700000.0 -0.38 [-0.38]
912011000000000.0 139844000000000.0 1281840000000.0 11839500000.0 0.0 90854000000.0 9862080.0 0.0 4935760000000.0 22256600.0 0.0 0.0 2586890000.0 286203000000.0 3603750.0 4785250.0 0.0 331877000000.0 29449000000.0 -0.36 [-0.36]
912011000000000.0 136083000000000.0 1255820000000.0 11241900000.0 0.0 87965200000.0 9106720.0 0.0 4925940000000.0 20380400.0 0.0 0.0 2576870000.0 284124000000.0 3410240.0 4524840.0 0.0 330692000000.0 29348300000.0 -0.34 [-0.34]
912011000000000.0 132433000000000.0 1230170000000.0 10673400000.0 0.0 85171500000.0 8410290.0 0.0 4916290000000.0 18667400.0 0.0 0.0 2567130000.0 282071000000.0 3227530.0 4279140.0 0.0 329542000000.0 29250500000.0 -0.32 [-0.32]
912011000000000.0 128891000000000.0 1204910000000.0 10132700000.0 0.0 82470300000.0 7768130.0 0.0 4906810000000.0 17103300.0 0.0 0.0 2557650000.0 280043000000.0 3055010.0 4047270.0 0.0 328425000000.0 29155500000.0 -0.3 [-0.3]
912011000000000.0 125470000000000.0 1180130000000.0 9620430000.0 0.0 79867500000.0 7176890.0 0.0 4897580000000.0 15676800.0 0.0 0.0 2548510000.0 278053000000.0 2892240.0 3828650.0 0.0 327347000000.0 29063800000.0 -0.28 [-0.28]
912011000000000.0 122131000000000.0 1155600000000.0 9131040000.0 0.0 77340300000.0 6630530.0 0.0 4888460000000.0 14371000.0 0.0 0.0 2539550000.0 276071000000.0 2738290.0 3622000.0 0.0 326294000000.0 28974200000.0 -0.26 [-0.26]
912011000000000.0 118889000000000.0 1131450000000.0 8665630000.0 0.0 74896100000.0 6126490.0 0.0 4879500000000.0 13177600.0 0.0 0.0 2530820000.0 274111000000.0 2592830.0 3426860.0 0.0 325272000000.0 28887200000.0 -0.24 [-0.24]
912011000000000.0 115740000000000.0 1107640000000.0 8222750000.0 0.0 72530400000.0 5661340.0 0.0 4870720000000.0 12086200.0 0.0 0.0 2522330000.0 272170000000.0 2455330.0 3242530.0 0.0 324278000000.0 28802700000.0 -0.22 [-0.22]
912011000000000.0 112683000000000.0 1084220000000.0 7801760000.0 0.0 70242700000.0 5232160.0 0.0 4862100000000.0 11088400.0 0.0 0.0 2514070000.0 270248000000.0 2325390.0 3068420.0 0.0 323314000000.0 28720600000.0 -0.2 [-0.2]
912011000000000.0 109713000000000.0 1061140000000.0 7401290000.0 0.0 68028600000.0 4836000.0 0.0 4853650000000.0 10175500.0 0.0 0.0 2506030000.0 268344000000.0 2202520.0 2903910.0 0.0 322377000000.0 28640700000.0 -0.18 [-0.18]
912011000000000.0 106815000000000.0 1038320000000.0 7019290000.0 0.0 65879700000.0 4469800.0 0.0 4845320000000.0 9339140.0 0.0 0.0 2498150000.0 266446000000.0 2086230.0 2748290.0 0.0 321463000000.0 28562800000.0 -0.16 [-0.16]
912011000000000.0 104012000000000.0 1015940000000.0 6657180000.0 0.0 63806100000.0 4132200.0 0.0 4837200000000.0 8574560.0 0.0 0.0 2490520000.0 264573000000.0 1976350.0 2601350.0 0.0 320578000000.0 28487400000.0 -0.14 [-0.14]
912011000000000.0 101288000000000.0 993915000000.0 6312940000.0 0.0 61799600000.0 3820500.0 0.0 4829240000000.0 7874680.0 0.0 0.0 2483090000.0 262716000000.0 1872420.0 2462460.0 0.0 319718000000.0 28414100000.0 -0.12 [-0.12]
912011000000000.0 98642300000000.0 972234000000.0 5985690000.0 0.0 59857500000.0 3532650.0 0.0 4821430000000.0 7233790.0 0.0 0.0 2475860000.0 260873000000.0 1774090.0 2331140.0 0.0 318883000000.0 28342900000.0 -0.1 [-0.1]
912011000000000.0 96069600000000.0 950887000000.0 5674510000.0 0.0 57977100000.0 3266770.0 0.0 4813780000000.0 6646620.0 0.0 0.0 2468810000.0 259041000000.0 1681050.0 2206960.0 0.0 318071000000.0 28273600000.0 -0.08 [-0.08]
912011000000000.0 93569300000000.0 929876000000.0 5378690000.0 0.0 56156600000.0 3021180.0 0.0 4806290000000.0 6108530.0 0.0 0.0 2461940000.0 257221000000.0 1592990.0 2089520.0 0.0 317282000000.0 28206300000.0 -0.06 [-0.06]
912011000000000.0 91138900000000.0 909205000000.0 5097570000.0 0.0 54394300000.0 2794300.0 0.0 4798940000000.0 5615530.0 0.0 0.0 2455250000.0 255412000000.0 1509650.0 1978430.0 0.0 316514000000.0 28140800000.0 -0.04 [-0.04]
912011000000000.0 88776000000000.0 888862000000.0 4830360000.0 0.0 52687700000.0 2584670.0 0.0 4791740000000.0 5163480.0 0.0 0.0 2448730000.0 253613000000.0 1430750.0 1873350.0 0.0 315768000000.0 28077100000.0 -0.02 [-0.02]
912011000000000.0 86478400000000.0 868845000000.0 4576400000.0 0.0 51035000000.0 2390950.0 0.0 4784690000000.0 4748920.0 0.0 0.0 2442370000.0 251823000000.0 1356050.0 1773920.0 0.0 315042000000.0 28015100000.0 -0.0 [-0.0]
912011000000000.0 84244300000000.0 849155000000.0 4335100000.0 0.0 49434500000.0 2211940.0 0.0 4777780000000.0 4368710.0 0.0 0.0 2436160000.0 250041000000.0 1285310.0 1679830.0 0.0 314337000000.0 27954800000.0 0.02 [0.02]
912011000000000.0 82071200000000.0 829783000000.0 4105790000.0 0.0 47884100000.0 2046470.0 0.0 4771010000000.0 4019800.0 0.0 0.0 2430110000.0 248265000000.0 1218320.0 1590790.0 0.0 313650000000.0 27896200000.0 0.04 [0.04]
912011000000000.0 79957600000000.0 810730000000.0 3887950000.0 0.0 46382400000.0 1893520.0 0.0 4764380000000.0 3699620.0 0.0 0.0 2424210000.0 246496000000.0 1154880.0 1506520.0 0.0 312982000000.0 27839100000.0 0.06 [0.06]
912011000000000.0 77901700000000.0 791992000000.0 3681010000.0 0.0 44927800000.0 1752120.0 0.0 4757890000000.0 3405710.0 0.0 0.0 2418450000.0 244733000000.0 1094780.0 1426740.0 0.0 312333000000.0 27783600000.0 0.08 [0.08]
912011000000000.0 75901500000000.0 773564000000.0 3484440000.0 0.0 43518500000.0 1621400.0 0.0 4751540000000.0 3135810.0 0.0 0.0 2412830000.0 242974000000.0 1037840.0 1351220.0 0.0 311700000000.0 27729500000.0 0.1 [0.1]
912011000000000.0 73963300000000.0 755511000000.0 3298320000.0 0.0 42156900000.0 1500650.0 0.0 4745340000000.0 2888370.0 0.0 0.0 2407380000.0 241228000000.0 983934.0 1279780.0 0.0 311088000000.0 27677200000.0 0.12 [0.12]
912011000000000.0 72069500000000.0 737697000000.0 3121010000.0 0.0 40833900000.0 1388860.0 0.0 4739240000000.0 2660640.0 0.0 0.0 2402020000.0 239476000000.0 932816.0 1212070.0 0.0 310489000000.0 27626000000.0 0.14 [0.14]
912011000000000.0 70226000000000.0 720183000000.0 2952650000.0 0.0 39551800000.0 1285490.0 0.0 4733270000000.0 2451370.0 0.0 0.0 2396790000.0 237726000000.0 884379.0 1147960.0 0.0 309906000000.0 27576100000.0 0.16 [0.16]
912011000000000.0 68433500000000.0 702978000000.0 2792890000.0 0.0 38309900000.0 1189890.0 0.0 4727430000000.0 2259110.0 0.0 0.0 2391680000.0 235980000000.0 838473.0 1087250.0 0.0 309339000000.0 27527600000.0 0.18 [0.18]
912011000000000.0 66687700000000.0 686060000000.0 2641160000.0 0.0 37105900000.0 1101440.0 0.0 4721710000000.0 2082280.0 0.0 0.0 2386690000.0 234233000000.0 794959.0 1029740.0 0.0 308787000000.0 27480300000.0 0.2 [0.2]
912011000000000.0 64988300000000.0 669434000000.0 2497160000.0 0.0 35939100000.0 1019630.0 0.0 4716110000000.0 1919670.0 0.0 0.0 2381810000.0 232486000000.0 753712.0 975269.0 0.0 308250000000.0 27434300000.0 0.22 [0.22]
912011000000000.0 63333700000000.0 653097000000.0 2360500000.0 0.0 34808000000.0 943946.0 0.0 4710620000000.0 1770100.0 0.0 0.0 2377030000.0 230739000000.0 714611.0 923670.0 0.0 307726000000.0 27389500000.0 0.24 [0.24]
912011000000000.0 61723100000000.0 637049000000.0 2230850000.0 0.0 33711900000.0 873928.0 0.0 4705260000000.0 1632540.0 0.0 0.0 2372370000.0 228991000000.0 677543.0 874791.0 0.0 307216000000.0 27345900000.0 0.26 [0.26]
912011000000000.0 60154100000000.0 621280000000.0 2107820000.0 0.0 32649100000.0 809139.0 0.0 4700000000000.0 1505920.0 0.0 0.0 2367800000.0 227241000000.0 642398.0 828482.0 0.0 306720000000.0 27303300000.0 0.28 [0.28]
912011000000000.0 58627200000000.0 605803000000.0 1991180000.0 0.0 31619400000.0 749197.0 0.0 4694860000000.0 1389390.0 0.0 0.0 2363340000.0 225489000000.0 609074.0 784608.0 0.0 306237000000.0 27261900000.0 0.3 [0.3]
912011000000000.0 57140200000000.0 590595000000.0 1880540000.0 0.0 30621000000.0 693727.0 0.0 4689830000000.0 1282130.0 0.0 0.0 2358970000.0 223735000000.0 577477.0 743040.0 0.0 305766000000.0 27221600000.0 0.32 [0.32]
912011000000000.0 55692100000000.0 575662000000.0 1775640000.0 0.0 29653100000.0 642393.0 0.0 4684910000000.0 1183380.0 0.0 0.0 2354700000.0 221978000000.0 547514.0 703652.0 0.0 305307000000.0 27182300000.0 0.34 [0.34]
912011000000000.0 54282200000000.0 560999000000.0 1676190000.0 0.0 28715000000.0 594890.0 0.0 4680090000000.0 1092430.0 0.0 0.0 2350510000.0 220218000000.0 519101.0 666333.0 0.0 304861000000.0 27144000000.0 0.36 [0.36]
912011000000000.0 52908100000000.0 546602000000.0 1581910000.0 0.0 27805200000.0 550919.0 0.0 4675380000000.0 1008630.0 0.0 0.0 2346410000.0 218453000000.0 492154.0 630967.0 0.0 304425000000.0 27106700000.0 0.38 [0.38]
912011000000000.0 51569500000000.0 532469000000.0 1492560000.0 0.0 26923200000.0 510222.0 0.0 4670770000000.0 931430.0 0.0 0.0 2342400000.0 216683000000.0 466597.0 597454.0 0.0 304001000000.0 27070300000.0 0.4 [0.4]
912011000000000.0 50265400000000.0 518598000000.0 1407890000.0 0.0 26068000000.0 472551.0 0.0 4666250000000.0 860284.0 0.0 0.0 2338460000.0 214908000000.0 442358.0 565695.0 0.0 303588000000.0 27034900000.0 0.42 [0.42]
912011000000000.0 48994900000000.0 504986000000.0 1327690000.0 0.0 25238800000.0 437680.0 0.0 4661840000000.0 794702.0 0.0 0.0 2334610000.0 213128000000.0 419368.0 535599.0 0.0 303185000000.0 27000300000.0 0.44 [0.44]
912011000000000.0 47757000000000.0 491629000000.0 1251730000.0 0.0 24434900000.0 405400.0 0.0 4657510000000.0 734245.0 0.0 0.0 2330820000.0 211342000000.0 397562.0 507077.0 0.0 302793000000.0 26966700000.0 0.46 [0.46]
912011000000000.0 46550700000000.0 478524000000.0 1179790000.0 0.0 23655400000.0 375517.0 0.0 4653290000000.0 678495.0 0.0 0.0 2327110000.0 209549000000.0 376879.0 480047.0 0.0 302410000000.0 26933800000.0 0.48 [0.48]
912011000000000.0 45374800000000.0 465668000000.0 1111680000.0 0.0 22899500000.0 347851.0 0.0 4649150000000.0 627074.0 0.0 0.0 2323470000.0 207750000000.0 357260.0 454430.0 0.0 302037000000.0 26901800000.0 0.5 [0.5]
912011000000000.0 44229100000000.0 453059000000.0 1047210000.0 0.0 22166600000.0 322236.0 0.0 4645100000000.0 579643.0 0.0 0.0 2319900000.0 205945000000.0 338651.0 430154.0 0.0 301674000000.0 26870600000.0 0.52 [0.52]
912011000000000.0 43113100000000.0 440694000000.0 986205000.0 0.0 21456200000.0 298520.0 0.0 4641150000000.0 535886.0 0.0 0.0 2316390000.0 204134000000.0 320997.0 407146.0 0.0 301320000000.0 26840200000.0 0.54 [0.54]
912011000000000.0 42021800000000.0 428546000000.0 928386000.0 0.0 20766100000.0 276548.0 0.0 4637260000000.0 495475.0 0.0 0.0 2312920000.0 202308000000.0 304244.0 385330.0 0.0 300973000000.0 26810500000.0 0.56 [0.56]
912011000000000.0 40960800000000.0 416659000000.0 873787000.0 0.0 20098000000.0 256217.0 0.0 4633470000000.0 458202.0 0.0 0.0 2309530000.0 200482000000.0 288362.0 364669.0 0.0 300636000000.0 26781500000.0 0.58 [0.58]
912011000000000.0 39926400000000.0 405007000000.0 822155000.0 0.0 19450200000.0 237391.0 0.0 4629770000000.0 423792.0 0.0 0.0 2306190000.0 198648000000.0 273296.0 345089.0 0.0 300308000000.0 26753300000.0 0.6 [0.6]
912011000000000.0 38920300000000.0 393607000000.0 773414000.0 0.0 18822900000.0 219967.0 0.0 4626150000000.0 392037.0 0.0 0.0 2302930000.0 196813000000.0 259012.0 326545.0 0.0 299988000000.0 26725900000.0 0.62 [0.62]
912011000000000.0 37936900000000.0 382415000000.0 727260000.0 0.0 18213800000.0 203822.0 0.0 4622600000000.0 362695.0 0.0 0.0 2299700000.0 194964000000.0 245456.0 308963.0 0.0 299676000000.0 26699000000.0 0.64 [0.64]
912011000000000.0 36978100000000.0 371450000000.0 683645000.0 0.0 17623200000.0 188870.0 0.0 4619130000000.0 335594.0 0.0 0.0 2296520000.0 193108000000.0 232597.0 292301.0 0.0 299371000000.0 26672800000.0 0.66 [0.66]
912011000000000.0 36043000000000.0 360709000000.0 642438000.0 0.0 17050500000.0 175024.0 0.0 4615740000000.0 310557.0 0.0 0.0 2293380000.0 191244000000.0 220401.0 276515.0 0.0 299073000000.0 26647200000.0 0.68 [0.68]
912011000000000.0 35131000000000.0 350189000000.0 603518000.0 0.0 16495300000.0 162201.0 0.0 4612420000000.0 287424.0 0.0 0.0 2290290000.0 189373000000.0 208832.0 261558.0 0.0 298783000000.0 26622300000.0 0.7 [0.7]
912011000000000.0 34241800000000.0 339888000000.0 566770000.0 0.0 15957000000.0 150324.0 0.0 4609170000000.0 266048.0 0.0 0.0 2287240000.0 187494000000.0 197860.0 247386.0 0.0 298500000000.0 26598000000.0 0.72 [0.72]
912011000000000.0 33374300000000.0 329803000000.0 532080000.0 0.0 15435100000.0 139325.0 0.0 4605990000000.0 246290.0 0.0 0.0 2284230000.0 185608000000.0 187454.0 233961.0 0.0 298224000000.0 26574200000.0 0.74 [0.74]
912011000000000.0 32528100000000.0 319932000000.0 499342000.0 0.0 14929200000.0 129137.0 0.0 4602880000000.0 228026.0 0.0 0.0 2281250000.0 183714000000.0 177584.0 221243.0 0.0 297954000000.0 26551000000.0 0.76 [0.76]
912011000000000.0 31702700000000.0 310273000000.0 468458000.0 0.0 14438700000.0 119701.0 0.0 4599840000000.0 211142.0 0.0 0.0 2278310000.0 181814000000.0 168224.0 209195.0 0.0 297691000000.0 26528400000.0 0.78 [0.78]
912011000000000.0 30897400000000.0 300822000000.0 439330000.0 0.0 13963200000.0 110962.0 0.0 4596870000000.0 195529.0 0.0 0.0 2275390000.0 179907000000.0 159348.0 197783.0 0.0 297434000000.0 26506300000.0 0.8 [0.8]
912011000000000.0 30111700000000.0 291579000000.0 411868000.0 0.0 13502200000.0 102866.0 0.0 4593960000000.0 181091.0 0.0 0.0 2272510000.0 177994000000.0 150931.0 186975.0 0.0 297183000000.0 26484700000.0 0.82 [0.82]
912011000000000.0 29345100000000.0 282540000000.0 385985000.0 0.0 13055500000.0 95367.5 0.0 4591110000000.0 167736.0 0.0 0.0 2269650000.0 176074000000.0 142949.0 176740.0 0.0 296939000000.0 26463700000.0 0.84 [0.84]
912011000000000.0 28597100000000.0 273704000000.0 361598000.0 0.0 12622400000.0 88421.4 0.0 4588320000000.0 155383.0 0.0 0.0 2266820000.0 174148000000.0 135381.0 167046.0 0.0 296700000000.0 26443100000.0 0.86 [0.86]
912011000000000.0 27867200000000.0 265069000000.0 338630000.0 0.0 12202700000.0 81987.2 0.0 4585600000000.0 143955.0 0.0 0.0 2264000000.0 172217000000.0 128206.0 157868.0 0.0 296466000000.0 26423000000.0 0.88 [0.88]
912011000000000.0 27154400000000.0 256670000000.0 317504000.0 0.0 11796500000.0 76030.6 0.0 4582930000000.0 133370.0 0.0 0.0 2261210000.0 170283000000.0 121404.0 149184.0 0.0 296238000000.0 26403300000.0 0.9 [0.9]
912011000000000.0 26458800000000.0 248472000000.0 297681000.0 0.0 11402800000.0 70512.9 0.0 4580330000000.0 123575.0 0.0 0.0 2258430000.0 168345000000.0 114956.0 140964.0 0.0 296016000000.0 26384100000.0 0.92 [0.92]
912011000000000.0 25779800000000.0 240464000000.0 278999000.0 0.0 11021300000.0 65400.8 0.0 4577780000000.0 114510.0 0.0 0.0 2255660000.0 166403000000.0 108844.0 133182.0 0.0 295798000000.0 26365300000.0 0.94 [0.94]
912011000000000.0 25117100000000.0 232645000000.0 261399000.0 0.0 10651600000.0 60664.6 0.0 4575280000000.0 106121.0 0.0 0.0 2252900000.0 164457000000.0 103050.0 125816.0 0.0 295586000000.0 26347000000.0 0.96 [0.96]
