Cloudy_runs/3c57/z=0.07743/logZ=-1/component_II_PI_nH/component_II_PI_nH_col_density_param.txt
# %ECSV 1.0
# ---
# datatype:
# - {name: H, datatype: float64}
# - {name: H+, datatype: float64}
# - {name: C+, datatype: float64}
# - {name: C+2, datatype: float64}
# - {name: C+3, datatype: float64}
# - {name: N+, datatype: float64}
# - {name: N+2, datatype: float64}
# - {name: N+4, datatype: float64}
# - {name: O, datatype: float64}
# - {name: O+2, datatype: float64}
# - {name: O+5, datatype: float64}
# - {name: O+6, datatype: float64}
# - {name: P+, datatype: float64}
# - {name: Si+, datatype: float64}
# - {name: Si+2, datatype: float64}
# - {name: Si+3, datatype: float64}
# - {name: Si+4, datatype: float64}
# - {name: Fe+, datatype: float64}
# - {name: Al+, datatype: float64}
# - {name: log_nH, datatype: float64}
# - {name: parameters, datatype: string, subtype: 'float64[1]'}
# schema: astropy-2.0
H H+ C+ C+2 C+3 N+ N+2 N+4 O O+2 O+5 O+6 P+ Si+ Si+2 Si+3 Si+4 Fe+ Al+ log_nH parameters
[from data line 268]
72443600000000.0 17292400000000.0 1477470000.0 5835150.0 0.0 120876000.0 1782.75 0.0 3693800000.0 9617.95 0.0 0.0 2300640.0 287001000.0 347271.0 772.409 0.0 281718000.0 25179300.0 0.36 [0.36]
72443600000000.0 16795700000000.0 1455210000.0 5542340.0 0.0 116287000.0 1626.43 0.0 3690490000.0 8907.52 0.0 0.0 2287980.0 285384000.0 322814.0 731.016 0.0 280274000.0 25043000.0 0.38 [0.38]
72443600000000.0 16309900000000.0 1433270000.0 5263560.0 0.0 111756000.0 1481.96 0.0 3687230000.0 8251.67 0.0 0.0 2275590.0 283800000.0 299003.0 692.032 0.0 278862000.0 24909700.0 0.4 [0.4]
72443600000000.0 15833800000000.0 1411630000.0 4998110.0 0.0 107263000.0 1348.21 0.0 3684020000.0 7646.08 0.0 0.0 2263450.0 282243000.0 275718.0 655.311 0.0 277478000.0 24779000.0 0.42 [0.42]
72443600000000.0 15365400000000.0 1390280000.0 4745230.0 0.0 102774000.0 1223.91 0.0 3680850000.0 7086.87 0.0 0.0 2251500.0 280708000.0 252684.0 620.718 0.0 276117000.0 24650400.0 0.44 [0.44]
72443600000000.0 14904800000000.0 1369280000.0 4504850.0 0.0 98269500.0 1108.27 0.0 3677730000.0 6571.1 0.0 0.0 2239740.0 279193000.0 229834.0 588.144 0.0 274781000.0 24523900.0 0.46 [0.46]
72443600000000.0 14447400000000.0 1348480000.0 4275380.0 0.0 93697800.0 1000.11 0.0 3674620000.0 6094.06 0.0 0.0 2228060.0 277682000.0 206974.0 557.437 0.0 273454000.0 24398300.0 0.48 [0.48]
72443600000000.0 13989900000000.0 1327850000.0 4056320.0 0.0 88991100.0 898.247 0.0 3671510000.0 5652.94 0.0 0.0 2216360.0 276162000.0 183796.0 528.497 0.0 272129000.0 24272600.0 0.5 [0.5]
72443600000000.0 13531900000000.0 1307650000.0 3848800.0 0.0 84070500.0 801.637 0.0 3668420000.0 5247.3 0.0 0.0 2204650.0 274630000.0 159950.0 501.296 0.0 270808000.0 24146800.0 0.52 [0.52]
72443500000000.0 13054500000000.0 1287440000.0 3649700.0 0.0 78637400.0 707.049 0.0 3665240000.0 4871.93 0.0 0.0 2192420.0 273013000.0 134204.0 475.694 0.0 269435000.0 24015600.0 0.54 [0.54]
72443700000000.0 9392150000000.0 1196240000.0 2779280.0 0.0 22078100.0 183.214 0.0 3653150000.0 4396.6 0.0 0.0 2098340.0 257662000.0 473.416 454.305 0.0 258786000.0 23021400.0 0.56 [0.56]
72443600000000.0 9020410000000.0 1171310000.0 2613380.0 0.0 20231700.0 160.861 0.0 3650770000.0 4053.05 0.0 0.0 2088830.0 256168000.0 388.389 430.941 0.0 257625000.0 22920000.0 0.58 [0.58]
72443600000000.0 8679610000000.0 1147240000.0 2462080.0 0.0 18689200.0 142.368 0.0 3648480000.0 3737.38 0.0 0.0 2080110.0 254793000.0 336.379 408.862 0.0 256561000.0 22826900.0 0.6 [0.6]
72443600000000.0 8363670000000.0 1123950000.0 2323030.0 0.0 17357800.0 126.696 0.0 3646290000.0 3447.67 0.0 0.0 2072010.0 253513000.0 301.034 388.008 0.0 255573000.0 22740600.0 0.62 [0.62]
72443600000000.0 8066240000000.0 1101160000.0 2193730.0 0.0 16181000.0 113.184 0.0 3644160000.0 3180.75 0.0 0.0 2064380.0 252299000.0 274.985 368.281 0.0 254643000.0 22659200.0 0.64 [0.64]
72443600000000.0 7784330000000.0 1078790000.0 2072890.0 0.0 15126300.0 101.417 0.0 3642100000.0 2934.59 0.0 0.0 2057140.0 251138000.0 254.573 349.609 0.0 253761000.0 22582100.0 0.66 [0.66]
72443600000000.0 7516810000000.0 1056840000.0 1959870.0 0.0 14173100.0 91.1054 0.0 3640110000.0 2707.76 0.0 0.0 2050260.0 250026000.0 237.786 331.939 0.0 252924000.0 22508900.0 0.68 [0.68]
72443600000000.0 7260430000000.0 1035140000.0 1853350.0 0.0 13302700.0 82.0015 0.0 3638180000.0 2498.0 0.0 0.0 2043660.0 248948000.0 223.427 315.192 0.0 252122000.0 22438800.0 0.7 [0.7]
72443600000000.0 7014220000000.0 1013660000.0 1752800.0 0.0 12503600.0 73.9317 0.0 3636290000.0 2304.02 0.0 0.0 2037320.0 247899000.0 210.78 299.316 0.0 251351000.0 22371400.0 0.72 [0.72]
72443600000000.0 6778910000000.0 992521000.0 1658250.0 0.0 11768900.0 66.7675 0.0 3634460000.0 2125.13 0.0 0.0 2031250.0 246885000.0 199.407 284.278 0.0 250615000.0 22307000.0 0.74 [0.74]
72443600000000.0 6554050000000.0 971744000.0 1569280.0 0.0 11090800.0 60.3874 0.0 3632690000.0 1960.23 0.0 0.0 2025450.0 245904000.0 189.019 270.031 0.0 249912000.0 22245500.0 0.76 [0.76]
72443600000000.0 6336610000000.0 951097000.0 1484830.0 0.0 10460000.0 54.6762 0.0 3630960000.0 1807.48 0.0 0.0 2019830.0 244940000.0 179.396 256.509 0.0 249232000.0 22186000.0 0.78 [0.78]
72443600000000.0 6128010000000.0 930762000.0 1405190.0 0.0 9874330.0 49.5665 0.0 3629290000.0 1666.58 0.0 0.0 2014430.0 244001000.0 170.423 243.691 0.0 248580000.0 22129000.0 0.8 [0.8]
72443600000000.0 5927170000000.0 910676000.0 1329850.0 0.0 9328390.0 44.9822 0.0 3627660000.0 1536.42 0.0 0.0 2009220.0 243083000.0 162.003 231.531 0.0 247953000.0 22074100.0 0.82 [0.82]
72443600000000.0 5734180000000.0 890888000.0 1258710.0 0.0 8819210.0 40.8654 0.0 3626090000.0 1416.33 0.0 0.0 2004210.0 242187000.0 154.075 219.998 0.0 247350000.0 22021300.0 0.84 [0.84]
72443600000000.0 5547690000000.0 871295000.0 1191200.0 0.0 8342050.0 37.1568 0.0 3624560000.0 1305.3 0.0 0.0 1999360.0 241304000.0 146.583 209.05 0.0 246768000.0 21970300.0 0.86 [0.86]
72443600000000.0 5367440000000.0 851902000.0 1127140.0 0.0 7894290.0 33.812 0.0 3623060000.0 1202.67 0.0 0.0 1994670.0 240434000.0 139.489 198.655 0.0 246205000.0 21921100.0 0.88 [0.88]
72443600000000.0 5194480000000.0 832855000.0 1066690.0 0.0 7475100.0 30.7977 0.0 3621620000.0 1108.13 0.0 0.0 1990160.0 239584000.0 132.771 188.795 0.0 245666000.0 21873900.0 0.9 [0.9]
72443600000000.0 5027180000000.0 814008000.0 1009270.0 0.0 7080400.0 28.0714 0.0 3620220000.0 1020.77 0.0 0.0 1985790.0 238744000.0 126.394 179.43 0.0 245144000.0 21828200.0 0.92 [0.92]
72443600000000.0 4865470000000.0 795383000.0 954774.0 0.0 6708850.0 25.605 0.0 3618850000.0 940.101 0.0 0.0 1981560.0 237915000.0 120.339 170.537 0.0 244640000.0 21784100.0 0.94 [0.94]
72443600000000.0 4709700000000.0 777047000.0 903180.0 0.0 6359150.0 23.3957 0.0 3617520000.0 865.15 0.0 0.0 1977480.0 237100000.0 114.589 162.094 0.0 244155000.0 21741700.0 0.96 [0.96]
72443600000000.0 4559170000000.0 758948000.0 854240.0 0.0 6029600.0 21.433 0.0 3616240000.0 795.243 0.0 0.0 1973520.0 236293000.0 109.125 154.074 0.0 243687000.0 21700700.0 0.98 [0.98]
72443600000000.0 4413910000000.0 741116000.0 807819.0 0.0 5718460.0 19.6472 0.0 3614980000.0 731.128 0.0 0.0 1969700.0 235497000.0 103.931 146.457 0.0 243235000.0 21661200.0 1.0 [1.0]
