Cloudy_runs/3c57/z=0.07743/logZ=-1/component_II_PI_nH/component_II_PI_nH_col_density_param.txt
# %ECSV 1.0
# ---
# datatype:
# - {name: H, datatype: float64}
# - {name: H+, datatype: float64}
# - {name: C+, datatype: float64}
# - {name: C+2, datatype: float64}
# - {name: C+3, datatype: float64}
# - {name: N+, datatype: float64}
# - {name: N+2, datatype: float64}
# - {name: N+4, datatype: float64}
# - {name: O, datatype: float64}
# - {name: O+2, datatype: float64}
# - {name: O+5, datatype: float64}
# - {name: O+6, datatype: float64}
# - {name: P+, datatype: float64}
# - {name: Si+, datatype: float64}
# - {name: Si+2, datatype: float64}
# - {name: Si+3, datatype: float64}
# - {name: Si+4, datatype: float64}
# - {name: Fe+, datatype: float64}
# - {name: Al+, datatype: float64}
# - {name: log_nH, datatype: float64}
# - {name: parameters, datatype: string, subtype: 'float64[1]'}
# schema: astropy-2.0
H H+ C+ C+2 C+3 N+ N+2 N+4 O O+2 O+5 O+6 P+ Si+ Si+2 Si+3 Si+4 Fe+ Al+ log_nH parameters
72443600000000.0 2.27004e+18 6283440000.0 843755000000.0 2821550000000.0 472015000.0 136641000000.0 2457860000000.0 37077.6 358179000000.0 26174900000000.0 37383500000000.0 358521.0 5572270.0 259718000.0 1126250000.0 104704000000.0 1278.05 168302.0 -5.0 [-5.0]
72443600000000.0 2.15014e+18 6793500000.0 887839000000.0 2856940000000.0 514311000.0 145102000000.0 2417020000000.0 41473.6 381735000000.0 24761400000000.0 33676900000000.0 420258.0 6582920.0 300452000.0 1260460000.0 110995000000.0 1550.23 200886.0 -4.98 [-4.98]
72443600000000.0 2.03687e+18 7337510000.0 933123000000.0 2889460000000.0 559882000.0 153904000000.0 2372920000000.0 46385.0 406288000000.0 23373000000000.0 30279300000000.0 491807.0 7761860.0 347020000.0 1408460000.0 117491000000.0 1878.76 239195.0 -4.96 [-4.96]
72443600000000.0 1.9298e+18 7916500000.0 979549000000.0 2919000000000.0 608841000.0 163033000000.0 2325670000000.0 51861.8 431796000000.0 22014100000000.0 27171100000000.0 574533.0 9134190.0 400170000.0 1571460000.0 124183000000.0 2274.86 284149.0 -4.94 [-4.94]
72443600000000.0 1.82858e+18 8532070000.0 1027070000000.0 2945510000000.0 661353000.0 172476000000.0 2275440000000.0 57967.5 458237000000.0 20688800000000.0 24334200000000.0 670015.0 10728400.0 460732000.0 1750680000.0 131064000000.0 2751.9 336786.0 -4.92 [-4.92]
72443600000000.0 1.73284e+18 9185640000.0 1075630000000.0 2968900000000.0 717565000.0 182221000000.0 2222380000000.0 64771.3 485581000000.0 19400800000000.0 21750700000000.0 780011.0 12576700.0 529626000.0 1947430000.0 138121000000.0 3325.81 398299.0 -4.9 [-4.9]
72443600000000.0 1.64227e+18 9878610000.0 1125150000000.0 2989100000000.0 777615000.0 192247000000.0 2166690000000.0 72349.5 513788000000.0 18153400000000.0 19403300000000.0 906484.0 14715000.0 607866000.0 2163070000.0 145343000000.0 4015.46 470039.0 -4.88 [-4.88]
72443600000000.0 1.55658e+18 10612300000.0 1175570000000.0 3006040000000.0 841629000.0 202534000000.0 2108550000000.0 80786.1 542815000000.0 16949400000000.0 17275500000000.0 1051610.0 17183800.0 696572000.0 2399040000.0 152716000000.0 4843.27 553548.0 -4.86 [-4.86]
72443600000000.0 1.47547e+18 11387900000.0 1226800000000.0 3019660000000.0 909727000.0 213057000000.0 2048190000000.0 90176.2 572614000000.0 15791200000000.0 15351000000000.0 1217840.0 20028300.0 796976000.0 2656860000.0 160224000000.0 5835.77 650573.0 -4.84 [-4.84]
72443600000000.0 1.39869e+18 12206700000.0 1278740000000.0 3029910000000.0 982011000.0 223789000000.0 1985820000000.0 100625.0 603135000000.0 14680700000000.0 13614400000000.0 1407840.0 23298700.0 910424000.0 2938070000.0 167850000000.0 7024.29 763092.0 -4.82 [-4.82]
72443600000000.0 1.32599e+18 13069700000.0 1331290000000.0 3036730000000.0 1058570000.0 234698000000.0 1921690000000.0 112251.0 634321000000.0 13619400000000.0 12051000000000.0 1624610.0 27050900.0 1038390000.0 3244320000.0 175573000000.0 8445.86 893343.0 -4.8 [-4.8]
72443600000000.0 1.25714e+18 13977500000.0 1384320000000.0 3040060000000.0 1139450000.0 245748000000.0 1856040000000.0 125179.0 666104000000.0 12608200000000.0 10646700000000.0 1871360.0 31346700.0 1182490000.0 3577310000.0 183375000000.0 10144.1 1043860.0 -4.78 [-4.78]
72443600000000.0 1.19192e+18 14931000000.0 1437710000000.0 3039870000000.0 1224710000.0 256905000000.0 1789130000000.0 139559.0 698427000000.0 11647900000000.0 9388160000000.0 2151700.0 36254200.0 1344470000.0 3938750000.0 191231000000.0 12170.3 1217480.0 -4.76 [-4.76]
72443600000000.0 1.13014e+18 15931100000.0 1491320000000.0 3036130000000.0 1314400000.0 268131000000.0 1721240000000.0 155559.0 731230000000.0 10738500000000.0 8262850000000.0 2469620.0 41849000.0 1526230000.0 4330420000.0 199117000000.0 14584.9 1417410.0 -4.74 [-4.74]
72443600000000.0 1.07161e+18 16978300000.0 1545020000000.0 3028800000000.0 1408560000.0 279387000000.0 1652620000000.0 173366.0 764445000000.0 9880110000000.0 7258990000000.0 2829400.0 48213100.0 1729820000.0 4754080000.0 207007000000.0 17458.7 1647210.0 -4.72 [-4.72]
72443600000000.0 1.01616e+18 18072800000.0 1598650000000.0 3017860000000.0 1507190000.0 290631000000.0 1583560000000.0 193189.0 798006000000.0 9072090000000.0 6365420000000.0 3235760.0 55437100.0 1957450000.0 5211570000.0 214874000000.0 20874.6 1910900.0 -4.7 [-4.7]
72443600000000.0 9.63609e+17 19214900000.0 1652030000000.0 3003310000000.0 1610290000.0 301820000000.0 1514320000000.0 215265.0 831843000000.0 8313700000000.0 5571780000000.0 3693820.0 63619100.0 2211500000.0 5704710000.0 222687000000.0 24929.5 2212940.0 -4.68 [-4.68]
72443600000000.0 9.13816e+17 20404500000.0 1705010000000.0 2985140000000.0 1717830000.0 312912000000.0 1445170000000.0 239864.0 865886000000.0 7603870000000.0 4868440000000.0 4208990.0 72866300.0 2494520000.0 6235300000.0 230417000000.0 29732.3 2557850.0 -4.66 [-4.66]
72443600000000.0 8.66628e+17 21641400000.0 1757400000000.0 2963350000000.0 1829780000.0 323863000000.0 1376370000000.0 267287.0 900067000000.0 6941300000000.0 4246430000000.0 4787360.0 83294200.0 2809220000.0 6805120000.0 238030000000.0 35417.1 2951460.0 -4.64 [-4.64]
72443600000000.0 8.21903e+17 22924600000.0 1809000000000.0 2937970000000.0 1946040000.0 334626000000.0 1308170000000.0 297870.0 934309000000.0 6324490000000.0 3697510000000.0 5435220.0 95026900.0 3158480000.0 7415970000.0 245495000000.0 42136.8 3399880.0 -4.62 [-4.62]
72443600000000.0 7.79518e+17 24254300000.0 1859630000000.0 2909010000000.0 2066660000.0 345165000000.0 1240810000000.0 332016.0 968556000000.0 5751770000000.0 3214120000000.0 6159800.0 108200000.0 3545370000.0 8069410000.0 252775000000.0 50069.3 3909830.0 -4.6 [-4.6]
72443600000000.0 7.39346e+17 25629100000.0 1909090000000.0 2876530000000.0 2191520000.0 355435000000.0 1174520000000.0 370159.0 1002730000000.0 5221340000000.0 2789290000000.0 6968410.0 122958000.0 3973120000.0 8767070000.0 259837000000.0 59420.0 4488740.0 -4.58 [-4.58]
72443600000000.0 7.01278e+17 27048800000.0 1957200000000.0 2840580000000.0 2320620000.0 365401000000.0 1109510000000.0 412810.0 1036780000000.0 4731310000000.0 2416710000000.0 7869270.0 139455000.0 4445120000.0 9510240000.0 266644000000.0 70427.1 5144740.0 -4.56 [-4.56]
72443600000000.0 6.65178e+17 28510800000.0 2003710000000.0 2801200000000.0 2453800000.0 375017000000.0 1045950000000.0 460525.0 1070630000000.0 4279520000000.0 2090400000000.0 8870610.0 157860000.0 4965050000.0 10300700000.0 273162000000.0 83370.0 5887120.0 -4.54 [-4.54]
72443600000000.0 6.30983e+17 30012100000.0 2048400000000.0 2758540000000.0 2590870000.0 384242000000.0 984089000000.0 513896.0 1104170000000.0 3864410000000.0 1805490000000.0 9980380.0 178323000.0 5536090000.0 11138900000.0 279350000000.0 98550.3 6724880.0 -4.52 [-4.52]
72443600000000.0 5.98559e+17 31552700000.0 2091090000000.0 2712630000000.0 2731910000.0 393050000000.0 924007000000.0 573703.0 1137380000000.0 3483480000000.0 1556930000000.0 11209100.0 201049000.0 6162530000.0 12026300000.0 285176000000.0 116347.0 7669460.0 -4.5 [-4.5]
72443600000000.0 5.67828e+17 33129900000.0 2131590000000.0 2663610000000.0 2876800000.0 401408000000.0 865865000000.0 640749.0 1170190000000.0 3134820000000.0 1340560000000.0 12566300.0 226223000.0 6848100000.0 12963400000.0 290603000000.0 137174.0 8732230.0 -4.48 [-4.48]
72443600000000.0 5.387e+17 34741000000.0 2169680000000.0 2611600000000.0 3025450000.0 409285000000.0 809780000000.0 715957.0 1202520000000.0 2816410000000.0 1152560000000.0 14062200.0 254044000.0 7596780000.0 13950600000.0 295595000000.0 161510.0 9925780.0 -4.46 [-4.46]
72443600000000.0 5.11085e+17 36382400000.0 2205140000000.0 2556750000000.0 3177710000.0 416652000000.0 755841000000.0 800363.0 1234310000000.0 2526210000000.0 989467000000.0 15706900.0 284716000.0 8412560000.0 14988000000.0 300119000000.0 189904.0 11263800.0 -4.44 [-4.44]
72443600000000.0 4.84912e+17 38052300000.0 2237830000000.0 2499210000000.0 3333610000.0 423490000000.0 704126000000.0 895170.0 1265510000000.0 2262300000000.0 848243000000.0 17511800.0 318458000.0 9299500000.0 16075300000.0 304139000000.0 222981.0 12761000.0 -4.42 [-4.42]
72443600000000.0 4.60101e+17 39745900000.0 2267530000000.0 2439170000000.0 3492950000.0 429772000000.0 654693000000.0 1001680.0 1296040000000.0 2022790000000.0 726159000000.0 19487200.0 355479000.0 10261400000.0 17211700000.0 307626000000.0 261450.0 14432900.0 -4.4 [-4.4]
72443600000000.0 4.36582e+17 41460000000.0 2294080000000.0 2376790000000.0 3655700000.0 435482000000.0 607573000000.0 1121430.0 1325850000000.0 1805850000000.0 620789000000.0 21644300.0 396005000.0 11302300000.0 18396100000.0 310547000000.0 306120.0 16296400.0 -4.38 [-4.38]
72443600000000.0 4.14297e+17 43198200000.0 2317500000000.0 2312280000000.0 3822390000.0 440628000000.0 562774000000.0 1256250.0 1354930000000.0 1609680000000.0 529994000000.0 23998900.0 440310000.0 12426600000.0 19626000000.0 312879000000.0 357937.0 18370300.0 -4.36 [-4.36]
72443600000000.0 3.93165e+17 44943400000.0 2337370000000.0 2245880000000.0 3991880000.0 445156000000.0 520324000000.0 1407790.0 1383120000000.0 1432730000000.0 451880000000.0 26552900.0 488524000.0 13636400000.0 20900700000.0 314593000000.0 417892.0 20672200.0 -4.34 [-4.34]
72443600000000.0 3.73133e+17 46696800000.0 2353700000000.0 2177790000000.0 4164580000.0 449076000000.0 480195000000.0 1578320.0 1410420000000.0 1273370000000.0 384773000000.0 29319900.0 540904000.0 14935500000.0 22216800000.0 315667000000.0 487180.0 23222900.0 -4.32 [-4.32]
72443600000000.0 3.54141e+17 48453800000.0 2366390000000.0 2108260000000.0 4340410000.0 452379000000.0 442359000000.0 1770250.0 1436770000000.0 1130090000000.0 327208000000.0 32309200.0 597662000.0 16326800000.0 23571000000.0 316082000000.0 567123.0 26043700.0 -4.3 [-4.3]
72443600000000.0 3.36144e+17 50207900000.0 2375330000000.0 2037570000000.0 4519140000.0 455060000000.0 406795000000.0 1986200.0 1462090000000.0 1001570000000.0 277922000000.0 35526600.0 658949000.0 17811700000.0 24959000000.0 315823000000.0 659151.0 29154900.0 -4.28 [-4.28]
72443600000000.0 3.19072e+17 51957400000.0 2380510000000.0 1965870000000.0 4701010000.0 457121000000.0 373413000000.0 2229440.0 1486370000000.0 886368000000.0 235741000000.0 38983500.0 725034000.0 19393500000.0 26376800000.0 314876000000.0 765039.0 32583000.0 -4.26 [-4.26]
72443600000000.0 3.02882e+17 53695200000.0 2381860000000.0 1893470000000.0 4885750000.0 458558000000.0 342172000000.0 2503300.0 1509540000000.0 783322000000.0 199709000000.0 42682600.0 796038000.0 21072300000.0 27819000000.0 313231000000.0 886611.0 36350600.0 -4.24 [-4.24]
72443600000000.0 2.87528e+17 55415100000.0 2379360000000.0 1820610000000.0 5073220000.0 459372000000.0 313004000000.0 2811600.0 1531540000000.0 691302000000.0 168971000000.0 46626300.0 872086000.0 22848300000.0 29279700000.0 310884000000.0 1025960.0 40482300.0 -4.22 [-4.22]
72443600000000.0 2.72971e+17 57116000000.0 2373100000000.0 1747550000000.0 5263640000.0 459578000000.0 285837000000.0 3158720.0 1552330000000.0 609272000000.0 142790000000.0 50819400.0 953322000.0 24721000000.0 30751200000.0 307837000000.0 1185400.0 45003400.0 -4.2 [-4.2]
72443600000000.0 2.59164e+17 58790500000.0 2363060000000.0 1674540000000.0 5456790000.0 459177000000.0 260587000000.0 3549450.0 1571870000000.0 536250000000.0 120515000000.0 55258800.0 1039810000.0 26688700000.0 32226700000.0 304093000000.0 1367560.0 49940000.0 -4.18 [-4.18]
72443600000000.0 2.46067e+17 60433200000.0 2349300000000.0 1601820000000.0 5652560000.0 458178000000.0 237173000000.0 3989200.0 1590110000000.0 471347000000.0 101588000000.0 59940000.0 1131560000.0 28748100000.0 33698000000.0 299660000000.0 1575320.0 55318100.0 -4.16 [-4.16]
72443600000000.0 2.33642e+17 62037700000.0 2331890000000.0 1529620000000.0 5850770000.0 456588000000.0 215507000000.0 4483960.0 1606980000000.0 413745000000.0 85524800000.0 64853700.0 1228560000.0 30894600000.0 35156800000.0 294552000000.0 1811880.0 61163800.0 -4.14 [-4.14]
72443600000000.0 2.21855e+17 63602100000.0 2310970000000.0 1458180000000.0 6051570000.0 454427000000.0 195501000000.0 5040540.0 1622470000000.0 362702000000.0 71911600000.0 69992900.0 1330760000.0 33123200000.0 36593000000.0 288790000000.0 2080790.0 67503400.0 -4.12 [-4.12]
72443600000000.0 2.10676e+17 65124800000.0 2286730000000.0 1387710000000.0 6255110000.0 451714000000.0 177068000000.0 5666470.0 1636540000000.0 317540000000.0 60391300000.0 75347700.0 1438070000.0 35427300000.0 37996100000.0 282400000000.0 2385980.0 74362400.0 -4.1 [-4.1]
72443600000000.0 2.00064e+17 66593500000.0 2259170000000.0 1318400000000.0 6460710000.0 448450000000.0 160115000000.0 6370060.0 1649110000000.0 277628000000.0 50649100000.0 80890500.0 1550210000.0 37796500000.0 39357500000.0 275406000000.0 2731800.0 81765800.0 -4.08 [-4.08]
72443600000000.0 1.89983e+17 68009300000.0 2228490000000.0 1250390000000.0 6668770000.0 444655000000.0 144541000000.0 7161330.0 1660160000000.0 242380000000.0 42416600000.0 86610300.0 1667080000.0 40222500000.0 40665800000.0 267837000000.0 3123400.0 89744700.0 -4.06 [-4.06]
72443600000000.0 1.80424e+17 69366200000.0 2194950000000.0 1183970000000.0 6878950000.0 440358000000.0 130290000000.0 8049480.0 1669660000000.0 211350000000.0 35480700000.0 92473500.0 1788130000.0 42690800000.0 41909600000.0 259749000000.0 3565340.0 98307900.0 -4.04 [-4.04]
72443600000000.0 1.71352e+17 70663200000.0 2158700000000.0 1119230000000.0 7091410000.0 435576000000.0 117260000000.0 9046610.0 1677570000000.0 184045000000.0 29639300000.0 98459000.0 1913080000.0 45189300000.0 43078000000.0 251179000000.0 4063710.0 107483000.0 -4.02 [-4.02]
72443600000000.0 1.6274e+17 71896700000.0 2119960000000.0 1056300000000.0 7306050000.0 430329000000.0 105371000000.0 10165500.0 1683850000000.0 160052000000.0 24725800000.0 104535000.0 2041450000.0 47702700000.0 44160400000.0 242176000000.0 4624830.0 117289000.0 -4.0 [-4.0]
72443600000000.0 1.54563e+17 73064300000.0 2078930000000.0 995308000000.0 7522850000.0 424641000000.0 94541400000.0 11420400.0 1688470000000.0 138996000000.0 20598000000.0 110670000.0 2172710000.0 50214600000.0 45146100000.0 232793000000.0 5255640.0 127742000.0 -3.98 [-3.98]
72443600000000.0 1.468e+17 74164300000.0 2035830000000.0 936349000000.0 7741820000.0 418534000000.0 84695700000.0 12826900.0 1691400000000.0 120543000000.0 17134900000.0 116830000.0 2306250000.0 52707200000.0 46025000000.0 223087000000.0 5963710.0 138856000.0 -3.96 [-3.96]
72443600000000.0 1.39429e+17 75195500000.0 1990890000000.0 879505000000.0 7962970000.0 412033000000.0 75760500000.0 14402500.0 1692610000000.0 104394000000.0 14233500000.0 122979000.0 2441420000.0 55162000000.0 46787700000.0 213119000000.0 6757290.0 150642000.0 -3.94 [-3.94]
72443600000000.0 1.32437e+17 76155800000.0 1944400000000.0 824907000000.0 8186150000.0 405174000000.0 67675500000.0 16164500.0 1692100000000.0 90295700000.0 11808300000.0 129076000.0 2577320000.0 57558500000.0 47426300000.0 202963000000.0 7644250.0 163092000.0 -3.92 [-3.92]
72443600000000.0 1.2579e+17 77047600000.0 1896470000000.0 772465000000.0 8411810000.0 397963000000.0 60355200000.0 18137200.0 1689810000000.0 77976200000.0 9779460000.0 135097000.0 2713600000.0 59879500000.0 47932100000.0 192658000000.0 8636480.0 176239000.0 -3.9 [-3.9]
72443600000000.0 1.19469e+17 77870700000.0 1847300000000.0 722209000000.0 8640040000.0 390424000000.0 53738800000.0 20344900.0 1685710000000.0 67226400000.0 8084830000.0 141007000.0 2849510000.0 62105200000.0 48298000000.0 182269000000.0 9745080.0 190085000.0 -3.88 [-3.88]
72443600000000.0 1.13474e+17 78623700000.0 1797270000000.0 674289000000.0 8870540000.0 382607000000.0 47784300000.0 22808400.0 1679840000000.0 57882900000.0 6674770000.0 146760000.0 2983870000.0 64213800000.0 48521600000.0 171886000000.0 10978800.0 204594000.0 -3.86 [-3.86]
