Cloudy_runs/pg1222/z=0.054479/logZ=1/component_III_PI_nH/component_III_PI_nH_col_density_param.txt
# %ECSV 1.0
# ---
# datatype:
# - {name: H, datatype: float64}
# - {name: H+, datatype: float64}
# - {name: C+, datatype: float64}
# - {name: C+2, datatype: float64}
# - {name: C+3, datatype: float64}
# - {name: N+, datatype: float64}
# - {name: N+2, datatype: float64}
# - {name: N+4, datatype: float64}
# - {name: O, datatype: float64}
# - {name: O+2, datatype: float64}
# - {name: O+5, datatype: float64}
# - {name: O+6, datatype: float64}
# - {name: P+, datatype: float64}
# - {name: Si+, datatype: float64}
# - {name: Si+2, datatype: float64}
# - {name: Si+3, datatype: float64}
# - {name: Si+4, datatype: float64}
# - {name: Fe+, datatype: float64}
# - {name: Al+, datatype: float64}
# - {name: log_nH, datatype: float64}
# - {name: parameters, datatype: string, subtype: 'float64[1]'}
# schema: astropy-2.0
H H+ C+ C+2 C+3 N+ N+2 N+4 O O+2 O+5 O+6 P+ Si+ Si+2 Si+3 Si+4 Fe+ Al+ log_nH parameters
[from data line 56]
7.94407e+17 5.84733e+19 2.23781e+16 1.28146e+17 7908610000000000.0 8235520000000000.0 2.77947e+16 274874000000000.0 1047810000000000.0 1.94871e+17 20831300000000.0 294189000000.0 53873900000000.0 9889680000000000.0 2931960000000000.0 5398160000000000.0 950382000000000.0 284363000000000.0 227125000000000.0 -3.88 [-3.88]
7.9433e+17 5.56283e+19 2.22697e+16 1.21427e+17 7194570000000000.0 8285350000000000.0 2.61744e+16 242584000000000.0 1106260000000000.0 1.82937e+17 17326700000000.0 233383000000.0 53123200000000.0 9706510000000000.0 2719260000000000.0 5000160000000000.0 828098000000000.0 303025000000000.0 224586000000000.0 -3.86 [-3.86]
7.9433e+17 5.2953e+19 2.21577e+16 1.15088e+17 6546250000000000.0 8329860000000000.0 2.46413e+16 214206000000000.0 1166760000000000.0 1.71712e+17 14424300000000.0 184801000000.0 52354600000000.0 9520530000000000.0 2519960000000000.0 4629540000000000.0 721773000000000.0 322741000000000.0 222181000000000.0 -3.84 [-3.84]
7.94365e+17 5.04275e+19 2.20461e+16 1.09088e+17 5951390000000000.0 8369300000000000.0 2.31872e+16 189025000000000.0 1229320000000000.0 1.61127e+17 11999300000000.0 146192000000.0 51572600000000.0 9332390000000000.0 2333530000000000.0 4283010000000000.0 628360000000000.0 343616000000000.0 219903000000000.0 -3.82 [-3.82]
7.94338e+17 4.8065e+19 2.19279e+16 1.0346e+17 5418560000000000.0 8402430000000000.0 2.18198e+16 167058000000000.0 1293450000000000.0 1.5124e+17 10007400000000.0 116085000000.0 50775700000000.0 9143810000000000.0 2160200000000000.0 3962670000000000.0 548147000000000.0 365542000000000.0 217793000000000.0 -3.8 [-3.8]
7.94392e+17 4.58011e+19 2.18105e+16 9.80566e+16 4918110000000000.0 8429550000000000.0 2.05072e+16 147224000000000.0 1359890000000000.0 1.41792e+17 8311910000000.0 91650900000.0 49960200000000.0 8950450000000000.0 1996910000000000.0 3660130000000000.0 476324000000000.0 388673000000000.0 215669000000000.0 -3.78 [-3.78]
7.94354e+17 4.36612e+19 2.16878e+16 9.29402e+16 4461400000000000.0 8449160000000000.0 1.92644e+16 129691000000000.0 1427590000000000.0 1.329e+17 6900060000000.0 71450100000.0 49130900000000.0 8755200000000000.0 1844860000000000.0 3378750000000000.0 413709000000000.0 412816000000000.0 213598000000000.0 -3.76 [-3.76]
7.94336e+17 4.16265e+19 2.15607e+16 8.80664e+16 4042590000000000.0 8462300000000000.0 1.80806e+16 114117000000000.0 1497250000000000.0 1.2447e+17 5719890000000.0 56405700000.0 48283900000000.0 8557590000000000.0 1702430000000000.0 3116000000000000.0 358891000000000.0 438134000000000.0 211552000000000.0 -3.74 [-3.74]
7.94348e+17 3.97313e+19 2.14281e+16 8.35219e+16 3668440000000000.0 8469390000000000.0 1.69759e+16 100546000000000.0 1568210000000000.0 1.16653e+17 4750980000000.0 43910100000.0 47444000000000.0 8363220000000000.0 1571880000000000.0 2875110000000000.0 311982000000000.0 464533000000000.0 209631000000000.0 -3.72 [-3.72]
7.94333e+17 3.7907e+19 2.12923e+16 7.91407e+16 3319780000000000.0 8468440000000000.0 1.5914e+16 88367100000000.0 1641120000000000.0 1.09173e+17 3934450000000.0 34381400000.0 46579000000000.0 8164500000000000.0 1448870000000000.0 2648380000000000.0 270433000000000.0 492120000000000.0 207684000000000.0 -3.7 [-3.7]
7.94399e+17 3.61722e+19 2.11503e+16 7.49716e+16 3001360000000000.0 8460450000000000.0 1.49052e+16 77570000000000.0 1715910000000000.0 1.02103e+17 3253470000000.0 25561300000.0 45701300000000.0 7965340000000000.0 1334140000000000.0 2437340000000000.0 234179000000000.0 520891000000000.0 205765000000000.0 -3.68 [-3.68]
7.94364e+17 3.45239e+19 2.10021e+16 7.10087e+16 2711000000000000.0 8444360000000000.0 1.39491e+16 68028900000000.0 1791830000000000.0 9.54349e+16 2688030000000.0 19605900000.0 44813800000000.0 7765730000000000.0 1227660000000000.0 2241580000000000.0 202671000000000.0 550713000000000.0 203850000000000.0 -3.66 [-3.66]
7.94336e+17 3.29557e+19 2.08473e+16 6.72387e+16 2446280000000000.0 8420530000000000.0 1.30425e+16 59593300000000.0 1869290000000000.0 8.91412e+16 2218340000000.0 14792400000.0 43917600000000.0 7566150000000000.0 1128780000000000.0 2059900000000000.0 175280000000000.0 581529000000000.0 201940000000000.0 -3.64 [-3.64]
7.94399e+17 3.14642e+19 2.06876e+16 6.3653e+16 2204950000000000.0 8389570000000000.0 1.21834e+16 52138400000000.0 1948370000000000.0 8.32041e+16 1828000000000.0 10752700000.0 43016500000000.0 7367300000000000.0 1037030000000000.0 1891540000000000.0 151455000000000.0 613489000000000.0 200028000000000.0 -3.62 [-3.62]
7.94386e+17 3.00533e+19 2.05204e+16 6.02646e+16 1987490000000000.0 8350990000000000.0 1.1375e+16 45598800000000.0 2028210000000000.0 7.76423e+16 1506270000000.0 7486090000.0 42115500000000.0 7170700000000000.0 952492000000000.0 1736420000000000.0 130958000000000.0 646218000000000.0 198133000000000.0 -3.6 [-3.6]
7.94392e+17 2.87234e+19 2.03447e+16 5.70771e+16 1792500000000000.0 8305560000000000.0 1.06174e+16 39881700000000.0 2108870000000000.0 7.24505e+16 1241690000000.0 5165030000.0 41219900000000.0 6977790000000000.0 874869000000000.0 1593920000000000.0 113362000000000.0 679725000000000.0 196260000000000.0 -3.58 [-3.58]
7.94374e+17 2.74431e+19 2.01626e+16 5.4012e+16 1612910000000000.0 8251580000000000.0 9894130000000000.0 34795200000000.0 2190880000000000.0 6.75107e+16 1020680000000.0 3479250000.0 40311100000000.0 6783940000000000.0 802397000000000.0 1461090000000000.0 97928100000000.0 714103000000000.0 194335000000000.0 -3.56 [-3.56]
7.94356e+17 2.62231e+19 1.99733e+16 5.10972e+16 1449930000000000.0 8190070000000000.0 9210870000000000.0 30317200000000.0 2273810000000000.0 6.286e+16 837888000000.0 0.0 39401000000000.0 6591940000000000.0 735392000000000.0 1338350000000000.0 84553000000000.0 749190000000000.0 192392000000000.0 -3.54 [-3.54]
7.94346e+17 2.5062e+19 1.97774e+16 4.83302e+16 1302480000000000.0 8121420000000000.0 8566940000000000.0 26384500000000.0 2357460000000000.0 5.84902e+16 687007000000.0 0.0 38493000000000.0 6402430000000000.0 673592000000000.0 1225170000000000.0 72986500000000.0 784842000000000.0 190427000000000.0 -3.52 [-3.52]
7.94335e+17 2.39528e+19 1.95729e+16 4.56962e+16 1168800000000000.0 8045080000000000.0 7958920000000000.0 22927500000000.0 2441900000000000.0 5.43746e+16 562447000000.0 0.0 37583600000000.0 6214830000000000.0 616479000000000.0 1120640000000000.0 62963500000000.0 820876000000000.0 188429000000000.0 -3.5 [-3.5]
7.94419e+17 2.28955e+19 1.93631e+16 4.31929e+16 1047790000000000.0 7962310000000000.0 7386000000000000.0 19894300000000.0 2527340000000000.0 5.05059e+16 459780000000.0 0.0 36678500000000.0 6030060000000000.0 563795000000000.0 1024300000000000.0 54292100000000.0 857472000000000.0 186411000000000.0 -3.48 [-3.48]
7.94389e+17 2.18866e+19 1.91445e+16 4.08152e+16 938559000000000.0 7872050000000000.0 6847310000000000.0 17240000000000.0 2612590000000000.0 4.68753e+16 375392000000.0 0.0 35775700000000.0 5847870000000000.0 515305000000000.0 935632000000000.0 46805700000000.0 894121000000000.0 184349000000000.0 -3.46 [-3.46]
7.94362e+17 2.09215e+19 1.89168e+16 3.85529e+16 839861000000000.0 7774630000000000.0 6340090000000000.0 14915200000000.0 2698210000000000.0 4.34615e+16 305911000000.0 0.0 34874600000000.0 5668180000000000.0 470562000000000.0 853903000000000.0 40328600000000.0 930685000000000.0 182242000000000.0 -3.44 [-3.44]
7.94343e+17 2.00035e+19 1.86845e+16 3.64107e+16 751071000000000.0 7671730000000000.0 5865060000000000.0 12888900000000.0 2783750000000000.0 4.0269e+16 249021000000.0 0.0 33983900000000.0 5492350000000000.0 429510000000000.0 778937000000000.0 34750300000000.0 967277000000000.0 180116000000000.0 -3.42 [-3.42]
7.9433e+17 1.91244e+19 1.84427e+16 3.43731e+16 670997000000000.0 7561840000000000.0 5418860000000000.0 11120200000000.0 2869490000000000.0 3.72717e+16 202394000000.0 0.0 33096300000000.0 5319130000000000.0 391724000000000.0 709958000000000.0 29931900000000.0 1003440000000000.0 177937000000000.0 -3.4 [-3.4]
7.94407e+17 1.82866e+19 1.8197e+16 3.2442e+16 598950000000000.0 7447280000000000.0 5001150000000000.0 9580110000000.0 2955350000000000.0 3.4467e+16 164021000000.0 0.0 32220100000000.0 5149830000000000.0 357030000000000.0 646703000000000.0 25774600000000.0 1039500000000000.0 175733000000000.0 -3.38 [-3.38]
7.94383e+17 1.74846e+19 1.79426e+16 3.06075e+16 534148000000000.0 7326520000000000.0 4609990000000000.0 8240180000000.0 3040380000000000.0 3.18404e+16 132608000000.0 0.0 31349600000000.0 4983510000000000.0 325152000000000.0 588625000000000.0 22187600000000.0 1074730000000000.0 173473000000000.0 -3.36 [-3.36]
7.94355e+17 1.67168e+19 1.76812e+16 2.8865e+16 475862000000000.0 7200320000000000.0 4244000000000000.0 7075710000000.0 3124980000000000.0 2.93817e+16 106915000000.0 0.0 30486900000000.0 4820400000000000.0 295880000000000.0 535330000000000.0 19093000000000.0 1109210000000000.0 171171000000000.0 -3.34 [-3.34]
7.94343e+17 1.59831e+19 1.74152e+16 2.72122e+16 423547000000000.0 7069810000000000.0 3902220000000000.0 6065790000000.0 3209090000000000.0 2.70839e+16 86019100000.0 0.0 29635400000000.0 4661010000000000.0 269031000000000.0 486506000000000.0 16426800000000.0 1142920000000000.0 168844000000000.0 -3.32 [-3.32]
7.94336e+17 1.5282e+19 1.7143e+16 2.56474e+16 376762000000000.0 6934910000000000.0 3584000000000000.0 5192800000000.0 3292490000000000.0 2.49412e+16 69089500000.0 0.0 28795200000000.0 4505390000000000.0 244459000000000.0 441844000000000.0 14134100000000.0 1175450000000000.0 166483000000000.0 -3.3 [-3.3]
7.94331e+17 1.46111e+19 1.68656e+16 2.41636e+16 334815000000000.0 6796050000000000.0 3287550000000000.0 4438030000000.0 3375000000000000.0 2.2942e+16 55275500000.0 0.0 27966300000000.0 4353330000000000.0 221956000000000.0 400981000000000.0 12159000000000.0 1206750000000000.0 164086000000000.0 -3.28 [-3.28]
7.94421e+17 1.3969e+19 1.65839e+16 2.27571e+16 297233000000000.0 6653890000000000.0 3011650000000000.0 3786290000000.0 3457030000000000.0 2.10778e+16 43963600000.0 0.0 27150100000000.0 4205000000000000.0 201350000000000.0 363613000000000.0 10456100000000.0 1236760000000000.0 161657000000000.0 -3.26 [-3.26]
7.94331e+17 1.33399e+19 1.62906e+16 2.13935e+16 262588000000000.0 6504540000000000.0 2749970000000000.0 3215220000000.0 3537310000000000.0 1.93096e+16 34785000000.0 0.0 26326000000000.0 4056420000000000.0 182159000000000.0 329013000000000.0 8954770000000.0 1265040000000000.0 159061000000000.0 -3.24 [-3.24]
7.94426e+17 1.27529e+19 1.60016e+16 2.01341e+16 232659000000000.0 6356930000000000.0 2512680000000000.0 2733800000000.0 3616800000000000.0 1.76988e+16 27615200000.0 0.0 25537500000000.0 3915760000000000.0 164979000000000.0 297926000000000.0 7697600000000.0 1291930000000000.0 156570000000000.0 -3.22 [-3.22]
7.94397e+17 1.21893e+19 1.57065e+16 1.89401e+16 205928000000000.0 6206120000000000.0 2292680000000000.0 2320310000000.0 3694240000000000.0 1.62007e+16 21543200000.0 0.0 24759600000000.0 3778300000000000.0 149282000000000.0 269543000000000.0 6615560000000.0 1316690000000000.0 154033000000000.0 -3.2 [-3.2]
7.94374e+17 1.16488e+19 1.54071e+16 1.78093e+16 182084000000000.0 6053000000000000.0 2089080000000000.0 1965860000000.0 3770260000000000.0 1.48095e+16 16908500000.0 0.0 23994400000000.0 3644290000000000.0 134954000000000.0 243662000000000.0 5684510000000.0 1339410000000000.0 151462000000000.0 -3.18 [-3.18]
7.94361e+17 1.11313e+19 1.51053e+16 1.67401e+16 160843000000000.0 5898490000000000.0 1901030000000000.0 1662670000000.0 3844680000000000.0 1.35201e+16 13226700000.0 0.0 23244200000000.0 3514010000000000.0 121896000000000.0 220102000000000.0 4883390000000.0 1360030000000000.0 148864000000000.0 -3.16 [-3.16]
7.94345e+17 1.06362e+19 1.48019e+16 1.57302e+16 141956000000000.0 5743140000000000.0 1727780000000000.0 1404040000000.0 3917290000000000.0 1.23281e+16 9973010000.0 0.0 22510100000000.0 3387560000000000.0 110019000000000.0 198692000000000.0 4195500000000.0 1378430000000000.0 146247000000000.0 -3.14 [-3.14]
7.94336e+17 1.01625e+19 1.44978e+16 1.47764e+16 125169000000000.0 5587350000000000.0 1568330000000000.0 1183660000000.0 3987980000000000.0 1.12269e+16 7433970000.0 0.0 21792500000000.0 3264900000000000.0 99217700000000.0 179242000000000.0 3604210000000.0 1394490000000000.0 143614000000000.0 -3.12 [-3.12]
7.9433e+17 9.70698e+18 1.41897e+16 1.38733e+16 110238000000000.0 5430340000000000.0 1421410000000000.0 995898000000.0 4056980000000000.0 1.02073e+16 5873140000.0 0.0 21087000000000.0 3145340000000000.0 89375500000000.0 161535000000000.0 3095260000000.0 1408000000000000.0 140949000000000.0 -3.1 [-3.1]
7.94403e+17 9.2721e+18 1.38831e+16 1.30226e+16 97010000000000.0 5274180000000000.0 1286770000000000.0 836679000000.0 4124310000000000.0 9269400000000000.0 4143730000.0 0.0 20400500000000.0 3029840000000000.0 80454500000000.0 145499000000000.0 2658670000000.0 1419120000000000.0 138285000000000.0 -3.08 [-3.08]
7.94381e+17 8.85543e+18 1.35757e+16 1.22199e+16 85290000000000.0 5118220000000000.0 1163430000000000.0 701788000000.0 4188970000000000.0 8406390000000000.0 2704750000.0 0.0 19729700000000.0 2917810000000000.0 72365000000000.0 130966000000000.0 2283790000000.0 1427530000000000.0 135603000000000.0 -3.06 [-3.06]
7.94368e+17 8.45745e+18 1.32696e+16 1.14647e+16 74940200000000.0 4963460000000000.0 1050860000000000.0 587960000000.0 4251440000000000.0 7615380000000000.0 2124560000.0 0.0 19077200000000.0 2809600000000000.0 65057000000000.0 117832000000000.0 1962720000000.0 1433330000000000.0 132922000000000.0 -3.04 [-3.04]
7.94354e+17 8.07548e+18 1.29633e+16 1.07515e+16 65765900000000.0 4809490000000000.0 947727000000000.0 491554000000.0 4311800000000000.0 6887110000000000.0 1322560000.0 0.0 18439500000000.0 2704640000000000.0 58413900000000.0 105917000000000.0 1686200000000.0 1436520000000000.0 130231000000000.0 -3.02 [-3.02]
7.94344e+17 7.71016e+18 1.26586e+16 1.00803e+16 57671400000000.0 4657030000000000.0 853811000000000.0 410423000000.0 4369850000000000.0 6220960000000000.0 0.0 0.0 17819500000000.0 2603250000000000.0 52418200000000.0 95156500000000.0 1449260000000.0 1437030000000000.0 127543000000000.0 -3.0 [-3.0]
7.94337e+17 7.36068e+18 1.23561e+16 9448550000000000.0 50532700000000.0 4506380000000000.0 768345000000000.0 342210000000.0 4425600000000000.0 5611990000000000.0 0.0 0.0 17216700000000.0 2505320000000000.0 47004800000000.0 85441000000000.0 1246080000000.0 1434880000000000.0 124860000000000.0 -2.98 [-2.98]
7.94332e+17 7.02625e+18 1.20556e+16 8854240000000000.0 44241300000000.0 4357740000000000.0 690637000000000.0 284922000000.0 4479090000000000.0 5055660000000000.0 0.0 0.0 16630800000000.0 2410770000000000.0 42118300000000.0 76672100000000.0 1071800000000.0 1430130000000000.0 122184000000000.0 -2.96 [-2.96]
7.94329e+17 6.70695e+18 1.17587e+16 8296280000000000.0 38709900000000.0 4211680000000000.0 620220000000000.0 236963000000.0 4530190000000000.0 4549320000000000.0 0.0 0.0 16063200000000.0 2319730000000000.0 37721000000000.0 68777000000000.0 922523000000.0 1422880000000000.0 119526000000000.0 -2.94 [-2.94]
7.94382e+17 6.40835e+18 1.1472e+16 7783050000000000.0 33977400000000.0 4071200000000000.0 557793000000000.0 197471000000.0 4579010000000000.0 4096940000000000.0 0.0 0.0 15525500000000.0 2234000000000000.0 33839300000000.0 61757900000000.0 796912000000.0 1413560000000000.0 116982000000000.0 -2.92 [-2.92]
7.94373e+17 6.11632e+18 1.1182e+16 7290230000000000.0 29690500000000.0 3930380000000000.0 499988000000000.0 163862000000.0 4625380000000000.0 3677830000000000.0 0.0 0.0 14992000000000.0 2149430000000000.0 30273400000000.0 55350800000000.0 686786000000.0 1401580000000000.0 114358000000000.0 -2.9 [-2.9]
7.94359e+17 5.838e+18 1.08971e+16 6828520000000000.0 25935000000000.0 3792890000000000.0 447886000000000.0 135881000000.0 4669270000000000.0 3298590000000000.0 0.0 0.0 14477100000000.0 2068270000000000.0 27077600000000.0 49601100000000.0 592500000000.0 1387500000000000.0 111764000000000.0 -2.88 [-2.88]
