Cloudy_runs/pg1222/z=0.054479/logZ=1/component_III_PI_nH/component_III_PI_nH_col_density_param.txt
# %ECSV 1.0
# ---
# datatype:
# - {name: H, datatype: float64}
# - {name: H+, datatype: float64}
# - {name: C+, datatype: float64}
# - {name: C+2, datatype: float64}
# - {name: C+3, datatype: float64}
# - {name: N+, datatype: float64}
# - {name: N+2, datatype: float64}
# - {name: N+4, datatype: float64}
# - {name: O, datatype: float64}
# - {name: O+2, datatype: float64}
# - {name: O+5, datatype: float64}
# - {name: O+6, datatype: float64}
# - {name: P+, datatype: float64}
# - {name: Si+, datatype: float64}
# - {name: Si+2, datatype: float64}
# - {name: Si+3, datatype: float64}
# - {name: Si+4, datatype: float64}
# - {name: Fe+, datatype: float64}
# - {name: Al+, datatype: float64}
# - {name: log_nH, datatype: float64}
# - {name: parameters, datatype: string, subtype: 'float64[1]'}
# schema: astropy-2.0
H H+ C+ C+2 C+3 N+ N+2 N+4 O O+2 O+5 O+6 P+ Si+ Si+2 Si+3 Si+4 Fe+ Al+ log_nH parameters
[from data line 221]
7.94329e+17 8.25825e+16 1302960000000000.0 13963900000000.0 0.0 57450200000000.0 6839070000.0 0.0 4185650000000000.0 14126200000.0 0.0 0.0 2141170000000.0 256943000000000.0 2622070000.0 5897010000.0 0.0 276626000000000.0 24453100000000.0 -0.58 [-0.58]
7.94329e+17 8.03232e+16 1281870000000000.0 13302400000000.0 0.0 55584100000000.0 6319870000.0 0.0 4179350000000000.0 12919700000.0 0.0 0.0 2134620000000.0 255733000000000.0 2487740000.0 5594120000.0 0.0 275913000000000.0 24396600000000.0 -0.56 [-0.56]
7.94329e+17 7.81333e+16 1260980000000000.0 12671300000000.0 0.0 53782700000000.0 5840960000.0 0.0 4173160000000000.0 11820300000.0 0.0 0.0 2128270000000.0 254540000000000.0 2360580000.0 5307390000.0 0.0 275222000000000.0 24341800000000.0 -0.54 [-0.54]
7.94329e+17 7.60079e+16 1240230000000000.0 12067800000000.0 0.0 52041600000000.0 5399040000.0 0.0 4167090000000000.0 10818500000.0 0.0 0.0 2122070000000.0 253361000000000.0 2240190000.0 5035840000.0 0.0 274551000000000.0 24288700000000.0 -0.52 [-0.52]
7.94329e+17 7.39506e+16 1219680000000000.0 11492300000000.0 0.0 50362800000000.0 4991630000.0 0.0 4161140000000000.0 9906900000.0 0.0 0.0 2116040000000.0 252201000000000.0 2126230000.0 4778770000.0 0.0 273902000000000.0 24237100000000.0 -0.5 [-0.5]
7.9433e+17 7.19473e+16 1199220000000000.0 10941100000000.0 0.0 48735000000000.0 4615020000.0 0.0 4155290000000000.0 9072580000.0 0.0 0.0 2110130000000.0 251048000000000.0 2018220000.0 4535090000.0 0.0 273269000000000.0 24186900000000.0 -0.48 [-0.48]
7.94329e+17 7.00031e+16 1178940000000000.0 10414700000000.0 0.0 47161700000000.0 4267360000.0 0.0 4149550000000000.0 8311150000.0 0.0 0.0 2104370000000.0 249908000000000.0 1915900000.0 4304230000.0 0.0 272655000000000.0 24138100000000.0 -0.46 [-0.46]
7.9433e+17 6.8115e+16 1158820000000000.0 9911980000000.0 0.0 45640500000000.0 3946320000.0 0.0 4143920000000000.0 7616210000.0 0.0 0.0 2098740000000.0 248779000000000.0 1818930000.0 4085440000.0 0.0 272059000000000.0 24090700000000.0 -0.44 [-0.44]
7.9433e+17 6.62897e+16 1138910000000000.0 9432900000000.0 0.0 44174800000000.0 3650330000.0 0.0 4138400000000000.0 6983990000.0 0.0 0.0 2093290000000.0 247667000000000.0 1727120000.0 3878200000.0 0.0 271482000000000.0 24044900000000.0 -0.42 [-0.42]
7.9433e+17 6.45134e+16 1119180000000000.0 8975440000000.0 0.0 42755000000000.0 3376630000.0 0.0 4132990000000000.0 6404750000.0 0.0 0.0 2087960000000.0 246562000000000.0 1640040000.0 3681710000.0 0.0 270921000000000.0 24000200000000.0 -0.4 [-0.4]
7.9433e+17 6.27848e+16 1099540000000000.0 8537530000000.0 0.0 41379900000000.0 3123680000.0 0.0 4127680000000000.0 5875310000.0 0.0 0.0 2082730000000.0 245464000000000.0 1557460000.0 3495360000.0 0.0 270374000000000.0 23956700000000.0 -0.38 [-0.38]
7.9433e+17 6.11091e+16 1080120000000000.0 8120270000000.0 0.0 40051700000000.0 2890100000.0 0.0 4122480000000000.0 5391640000.0 0.0 0.0 2077640000000.0 244378000000000.0 1479180000.0 3318710000.0 0.0 269844000000000.0 23914500000000.0 -0.36 [-0.36]
7.9433e+17 5.94809e+16 1060880000000000.0 7722100000000.0 0.0 38767100000000.0 2674240000.0 0.0 4117380000000000.0 4949640000.0 0.0 0.0 2072670000000.0 243299000000000.0 1404940000.0 3151180000.0 0.0 269329000000000.0 23873400000000.0 -0.34 [-0.34]
7.9433e+17 5.78999e+16 1041820000000000.0 7342640000000.0 0.0 37525000000000.0 2474800000.0 0.0 4112380000000000.0 4545400000.0 0.0 0.0 2067820000000.0 242229000000000.0 1334530000.0 2992310000.0 0.0 268829000000000.0 23833500000000.0 -0.32 [-0.32]
7.94331e+17 5.63635e+16 1022930000000000.0 6980540000000.0 0.0 36323000000000.0 2290440000.0 0.0 4107480000000000.0 4175610000.0 0.0 0.0 2063080000000.0 241165000000000.0 1267730000.0 2841590000.0 0.0 268343000000000.0 23794700000000.0 -0.3 [-0.3]
7.94331e+17 5.48695e+16 1004200000000000.0 6635120000000.0 0.0 35159600000000.0 2120030000.0 0.0 4102680000000000.0 3837060000.0 0.0 0.0 2058440000000.0 240107000000000.0 1204370000.0 2698610000.0 0.0 267870000000000.0 23756900000000.0 -0.28 [-0.28]
7.94331e+17 5.34176e+16 985663000000000.0 6305890000000.0 0.0 34034200000000.0 1962490000.0 0.0 4097970000000000.0 3527160000.0 0.0 0.0 2053910000000.0 239055000000000.0 1144250000.0 2562960000.0 0.0 267411000000000.0 23720100000000.0 -0.26 [-0.26]
7.9433e+17 5.20069e+16 967297000000000.0 5991930000000.0 0.0 32944900000000.0 1816820000.0 0.0 4093360000000000.0 3243410000.0 0.0 0.0 2049470000000.0 238007000000000.0 1087190000.0 2434230000.0 0.0 266964000000000.0 23684300000000.0 -0.24 [-0.24]
7.94328e+17 5.06387e+16 949159000000000.0 5693220000000.0 0.0 31892700000000.0 1682210000.0 0.0 4088840000000000.0 2983850000.0 0.0 0.0 2045150000000.0 236967000000000.0 1033050000.0 2312100000.0 0.0 266530000000000.0 23649500000000.0 -0.22 [-0.22]
7.94328e+17 4.93064e+16 931166000000000.0 5408040000000.0 0.0 30872900000000.0 1557650000.0 0.0 4084420000000000.0 2745710000.0 0.0 0.0 2040910000000.0 235929000000000.0 981644000.0 2196160000.0 0.0 266108000000000.0 23615600000000.0 -0.2 [-0.2]
7.94328e+17 4.80111e+16 913367000000000.0 5136300000000.0 0.0 29886000000000.0 1442450000.0 0.0 4080090000000000.0 2527460000.0 0.0 0.0 2036770000000.0 234895000000000.0 932850000.0 2086110000.0 0.0 265698000000000.0 23582700000000.0 -0.18 [-0.18]
7.94328e+17 4.67529e+16 895775000000000.0 4877540000000.0 0.0 28931200000000.0 1335900000.0 0.0 4075850000000000.0 2327430000.0 0.0 0.0 2032730000000.0 233864000000000.0 886525000.0 1981650000.0 0.0 265299000000000.0 23550700000000.0 -0.16 [-0.16]
7.94328e+17 4.5529e+16 878347000000000.0 4630790000000.0 0.0 28006700000000.0 1237340000.0 0.0 4071700000000000.0 2143960000.0 0.0 0.0 2028760000000.0 232836000000000.0 842541000.0 1882480000.0 0.0 264911000000000.0 23519500000000.0 -0.14 [-0.14]
7.94329e+17 4.43382e+16 861109000000000.0 4395670000000.0 0.0 27111500000000.0 1146140000.0 0.0 4067640000000000.0 1975580000.0 0.0 0.0 2024870000000.0 231808000000000.0 800773000.0 1788310000.0 0.0 264533000000000.0 23489100000000.0 -0.12 [-0.12]
7.94329e+17 4.31802e+16 844063000000000.0 4171710000000.0 0.0 26244800000000.0 1061750000.0 0.0 4063660000000000.0 1821060000.0 0.0 0.0 2021060000000.0 230782000000000.0 761106000.0 1698890000.0 0.0 264166000000000.0 23459500000000.0 -0.1 [-0.1]
7.94329e+17 4.20549e+16 827216000000000.0 3958480000000.0 0.0 25406100000000.0 983677000.0 0.0 4059770000000000.0 1679260000.0 0.0 0.0 2017340000000.0 229759000000000.0 723433000.0 1613990000.0 0.0 263809000000000.0 23430800000000.0 -0.08 [-0.08]
7.94329e+17 4.09589e+16 810535000000000.0 3755200000000.0 0.0 24593200000000.0 911403000.0 0.0 4055960000000000.0 1548940000.0 0.0 0.0 2013680000000.0 228733000000000.0 687645000.0 1533340000.0 0.0 263461000000000.0 23402700000000.0 -0.06 [-0.06]
7.94329e+17 3.98934e+16 794049000000000.0 3561650000000.0 0.0 23806500000000.0 844523000.0 0.0 4052230000000000.0 1429290000.0 0.0 0.0 2010100000000.0 227708000000000.0 653652000.0 1456750000.0 0.0 263123000000000.0 23375500000000.0 -0.04 [-0.04]
7.94329e+17 3.88582e+16 777797000000000.0 3377680000000.0 0.0 23045300000000.0 782628000.0 0.0 4048580000000000.0 1319380000.0 0.0 0.0 2006610000000.0 226685000000000.0 621359000.0 1384010000.0 0.0 262794000000000.0 23348900000000.0 -0.02 [-0.02]
7.94329e+17 3.78488e+16 761691000000000.0 3202180000000.0 0.0 22307000000000.0 725305000.0 0.0 4045010000000000.0 1218230000.0 0.0 0.0 2003160000000.0 225656000000000.0 590672000.0 1314890000.0 0.0 262474000000000.0 23323100000000.0 -0.0 [-0.0]
7.94329e+17 3.68715e+16 745843000000000.0 3035680000000.0 0.0 21594400000000.0 672303000.0 0.0 4041530000000000.0 1125450000.0 0.0 0.0 1999810000000.0 224634000000000.0 561530000.0 1249280000.0 0.0 262163000000000.0 23298000000000.0 0.02 [0.02]
7.94329e+17 3.5916e+16 730128000000000.0 2876730000000.0 0.0 20901900000000.0 623167000.0 0.0 4038110000000000.0 1039890000.0 0.0 0.0 1996490000000.0 223602000000000.0 533821000.0 1186890000.0 0.0 261860000000000.0 23273400000000.0 0.04 [0.04]
7.94329e+17 3.4986e+16 714611000000000.0 2725470000000.0 0.0 20231200000000.0 577668000.0 0.0 4034770000000000.0 961172000.0 0.0 0.0 1993230000000.0 222568000000000.0 507490000.0 1127630000.0 0.0 261564000000000.0 23249500000000.0 0.06 [0.06]
7.94329e+17 3.40803e+16 699270000000000.0 2581510000000.0 0.0 19581300000000.0 535531000.0 0.0 4031490000000000.0 888688000.0 0.0 0.0 1990020000000.0 221529000000000.0 482465000.0 1071310000.0 0.0 261276000000000.0 23226200000000.0 0.08 [0.08]
7.94329e+17 3.31991e+16 684136000000000.0 2444620000000.0 0.0 18951800000000.0 496508000.0 0.0 4028290000000000.0 821959000.0 0.0 0.0 1986880000000.0 220488000000000.0 458678000.0 1017800000.0 0.0 260996000000000.0 23203500000000.0 0.1 [0.1]
7.94329e+17 3.23409e+16 669185000000000.0 2314390000000.0 0.0 18341900000000.0 460367000.0 0.0 4025160000000000.0 760477000.0 0.0 0.0 1983780000000.0 219441000000000.0 436071000.0 966948000.0 0.0 260723000000000.0 23181400000000.0 0.12 [0.12]
7.94329e+17 3.15049e+16 654415000000000.0 2190490000000.0 0.0 17750900000000.0 426891000.0 0.0 4022090000000000.0 703810000.0 0.0 0.0 1980720000000.0 218389000000000.0 414581000.0 918622000.0 0.0 260456000000000.0 23159900000000.0 0.14 [0.14]
7.94329e+17 3.06915e+16 639851000000000.0 2072780000000.0 0.0 17178500000000.0 395883000.0 0.0 4019100000000000.0 651595000.0 0.0 0.0 1977720000000.0 217333000000000.0 394153000.0 872698000.0 0.0 260197000000000.0 23138900000000.0 0.16 [0.16]
7.94329e+17 2.98996e+16 625490000000000.0 1960920000000.0 0.0 16624000000000.0 367159000.0 0.0 4016160000000000.0 603454000.0 0.0 0.0 1974780000000.0 216272000000000.0 374733000.0 829054000.0 0.0 259945000000000.0 23118400000000.0 0.18 [0.18]
7.94329e+17 2.91278e+16 611296000000000.0 1854520000000.0 0.0 16086500000000.0 340545000.0 0.0 4013300000000000.0 559044000.0 0.0 0.0 1971860000000.0 215202000000000.0 356270000.0 787569000.0 0.0 259699000000000.0 23098500000000.0 0.2 [0.2]
7.94329e+17 2.83758e+16 597282000000000.0 1753360000000.0 0.0 15565500000000.0 315884000.0 0.0 4010490000000000.0 518061000.0 0.0 0.0 1968980000000.0 214126000000000.0 338716000.0 748136000.0 0.0 259459000000000.0 23079000000000.0 0.22 [0.22]
7.94329e+17 2.76441e+16 583485000000000.0 1657390000000.0 0.0 15061200000000.0 293039000.0 0.0 4007750000000000.0 480255000.0 0.0 0.0 1966160000000.0 213044000000000.0 322027000.0 710661000.0 0.0 259226000000000.0 23060100000000.0 0.24 [0.24]
7.94329e+17 2.69306e+16 569855000000000.0 1566140000000.0 0.0 14572100000000.0 271866000.0 0.0 4005070000000000.0 445334000.0 0.0 0.0 1963350000000.0 211953000000000.0 306157000.0 675037000.0 0.0 258998000000000.0 23041600000000.0 0.26 [0.26]
7.94329e+17 2.62361e+16 556437000000000.0 1479580000000.0 0.0 14098500000000.0 252246000.0 0.0 4002440000000000.0 413091000.0 0.0 0.0 1960600000000.0 210856000000000.0 291068000.0 641180000.0 0.0 258776000000000.0 23023600000000.0 0.28 [0.28]
7.94329e+17 2.5559e+16 543190000000000.0 1397340000000.0 0.0 13639400000000.0 234063000.0 0.0 3999870000000000.0 383307000.0 0.0 0.0 1957860000000.0 209749000000000.0 276720000.0 608991000.0 0.0 258560000000000.0 23006000000000.0 0.3 [0.3]
7.94329e+17 2.48992e+16 530116000000000.0 1319240000000.0 0.0 13194500000000.0 217210000.0 0.0 3997360000000000.0 355777000.0 0.0 0.0 1955150000000.0 208633000000000.0 263077000.0 578395000.0 0.0 258349000000000.0 22988800000000.0 0.32 [0.32]
7.9433e+17 2.42564e+16 517245000000000.0 1245180000000.0 0.0 12763500000000.0 201590000.0 0.0 3994910000000000.0 330337000.0 0.0 0.0 1952480000000.0 207509000000000.0 250103000.0 549312000.0 0.0 258143000000000.0 22972100000000.0 0.34 [0.34]
7.94328e+17 2.36299e+16 504554000000000.0 1174900000000.0 0.0 12345900000000.0 187111000.0 0.0 3992500000000000.0 306810000.0 0.0 0.0 1949830000000.0 206374000000000.0 237766000.0 521664000.0 0.0 257942000000000.0 22955800000000.0 0.36 [0.36]
7.94328e+17 2.30193e+16 492053000000000.0 1108260000000.0 0.0 11941200000000.0 173689000.0 0.0 3990160000000000.0 285051000.0 0.0 0.0 1947200000000.0 205230000000000.0 226033000.0 495384000.0 0.0 257747000000000.0 22939900000000.0 0.38 [0.38]
7.94328e+17 2.24242e+16 479740000000000.0 1045060000000.0 0.0 11549100000000.0 161246000.0 0.0 3987860000000000.0 264918000.0 0.0 0.0 1944600000000.0 204077000000000.0 214875000.0 470402000.0 0.0 257556000000000.0 22924300000000.0 0.4 [0.4]
7.94328e+17 2.18443e+16 467607000000000.0 985167000000.0 0.0 11169300000000.0 149710000.0 0.0 3985620000000000.0 246285000.0 0.0 0.0 1942020000000.0 202913000000000.0 204265000.0 446656000.0 0.0 257370000000000.0 22909200000000.0 0.42 [0.42]
7.94328e+17 2.12787e+16 455651000000000.0 928375000000.0 0.0 10801200000000.0 139014000.0 0.0 3983420000000000.0 229032000.0 0.0 0.0 1939450000000.0 201738000000000.0 194174000.0 424083000.0 0.0 257188000000000.0 22894400000000.0 0.44 [0.44]
7.94328e+17 2.07275e+16 443885000000000.0 874589000000.0 0.0 10444600000000.0 129097000.0 0.0 3981270000000000.0 213055000.0 0.0 0.0 1936900000000.0 200552000000000.0 184577000.0 402626000.0 0.0 257011000000000.0 22880000000000.0 0.46 [0.46]
7.94328e+17 2.01899e+16 432293000000000.0 823617000000.0 0.0 10099000000000.0 119900000.0 0.0 3979170000000000.0 198254000.0 0.0 0.0 1934350000000.0 199355000000000.0 175450000.0 382229000.0 0.0 256838000000000.0 22865900000000.0 0.48 [0.48]
7.94328e+17 1.96659e+16 420888000000000.0 775373000000.0 0.0 9764250000000.0 111372000.0 0.0 3977120000000000.0 184538000.0 0.0 0.0 1931820000000.0 198148000000000.0 166770000.0 362842000.0 0.0 256669000000000.0 22852100000000.0 0.5 [0.5]
7.94328e+17 1.91547e+16 409654000000000.0 729680000000.0 0.0 9439900000000.0 103462000.0 0.0 3975110000000000.0 171823000.0 0.0 0.0 1929300000000.0 196928000000000.0 158515000.0 344414000.0 0.0 256504000000000.0 22838700000000.0 0.52 [0.52]
7.94328e+17 1.86562e+16 398598000000000.0 686426000000.0 0.0 9125690000000.0 96126400.0 0.0 3973150000000000.0 160033000.0 0.0 0.0 1926770000000.0 195697000000000.0 150664000.0 326898000.0 0.0 256343000000000.0 22825600000000.0 0.54 [0.54]
7.94328e+17 1.81699e+16 387723000000000.0 645526000000.0 0.0 8821320000000.0 89322500.0 0.0 3971230000000000.0 149099000.0 0.0 0.0 1924250000000.0 194454000000000.0 143198000.0 310251000.0 0.0 256186000000000.0 22812800000000.0 0.56 [0.56]
7.94328e+17 1.76957e+16 377022000000000.0 606828000000.0 0.0 8526460000000.0 83010800.0 0.0 3969350000000000.0 138953000.0 0.0 0.0 1921730000000.0 193200000000000.0 136098000.0 294429000.0 0.0 256033000000000.0 22800300000000.0 0.58 [0.58]
7.94329e+17 1.72331e+16 366498000000000.0 570228000000.0 0.0 8240870000000.0 77155800.0 0.0 3967510000000000.0 129539000.0 0.0 0.0 1919210000000.0 191933000000000.0 129345000.0 279393000.0 0.0 255883000000000.0 22788100000000.0 0.6 [0.6]
7.94329e+17 1.67819e+16 356151000000000.0 535658000000.0 0.0 7964270000000.0 71724200.0 0.0 3965710000000000.0 120799000.0 0.0 0.0 1916680000000.0 190655000000000.0 122924000.0 265104000.0 0.0 255736000000000.0 22776100000000.0 0.62 [0.62]
7.94329e+17 1.6342e+16 345986000000000.0 502999000000.0 0.0 7696480000000.0 66685200.0 0.0 3963950000000000.0 112685000.0 0.0 0.0 1914150000000.0 189367000000000.0 116818000.0 251527000.0 0.0 255594000000000.0 22764500000000.0 0.64 [0.64]
7.94329e+17 1.59124e+16 335986000000000.0 472125000000.0 0.0 7437040000000.0 62009500.0 0.0 3962230000000000.0 105147000.0 0.0 0.0 1911600000000.0 188065000000000.0 111011000.0 238624000.0 0.0 255454000000000.0 22753100000000.0 0.66 [0.66]
7.94329e+17 1.54933e+16 326157000000000.0 442975000000.0 0.0 7185770000000.0 57670500.0 0.0 3960550000000000.0 98142700.0 0.0 0.0 1909030000000.0 186751000000000.0 105489000.0 226363000.0 0.0 255317000000000.0 22741900000000.0 0.68 [0.68]
