Cloudy_runs/3c57/z=0.07743/logZ=1/component_I_PI_nH/component_I_PI_nH_col_density_param.txt
# %ECSV 1.0
# ---
# datatype:
# - {name: H, datatype: float64}
# - {name: H+, datatype: float64}
# - {name: C+, datatype: float64}
# - {name: C+2, datatype: float64}
# - {name: C+3, datatype: float64}
# - {name: N+, datatype: float64}
# - {name: N+2, datatype: float64}
# - {name: N+4, datatype: float64}
# - {name: O, datatype: float64}
# - {name: O+2, datatype: float64}
# - {name: O+5, datatype: float64}
# - {name: O+6, datatype: float64}
# - {name: P+, datatype: float64}
# - {name: Si+, datatype: float64}
# - {name: Si+2, datatype: float64}
# - {name: Si+3, datatype: float64}
# - {name: Si+4, datatype: float64}
# - {name: Fe+, datatype: float64}
# - {name: Al+, datatype: float64}
# - {name: log_nH, datatype: float64}
# - {name: parameters, datatype: string, subtype: 'float64[1]'}
# schema: astropy-2.0
H H+ C+ C+2 C+3 N+ N+2 N+4 O O+2 O+5 O+6 P+ Si+ Si+2 Si+3 Si+4 Fe+ Al+ log_nH parameters
[from data line 55]
19952600000000.0 3793760000000000.0 883859000000.0 7893350000000.0 1311190000000.0 203314000000.0 1699170000000.0 65333300000.0 6188650000.0 11642200000000.0 9705180000.0 178339000.0 2108940000.0 292034000000.0 230688000000.0 499384000000.0 202790000000.0 1529500000.0 4200870000.0 -3.9 [-3.9]
19952600000000.0 3584640000000000.0 873871000000.0 7486770000000.0 1187940000000.0 207390000000.0 1619720000000.0 56342800000.0 6813020000.0 11133000000000.0 7927090000.0 138932000.0 2104610000.0 299062000000.0 219585000000.0 464286000000.0 176243000000.0 1699000000.0 4353210000.0 -3.88 [-3.88]
19952600000000.0 3387860000000000.0 863908000000.0 7099680000000.0 1075340000000.0 211349000000.0 1542570000000.0 48564500000.0 7487250000.0 10630300000000.0 6467550000.0 108139000.0 2096670000.0 305202000000.0 208371000000.0 430705000000.0 152806000000.0 1884190000.0 4504820000.0 -3.86 [-3.86]
19952600000000.0 3202790000000000.0 854024000000.0 6731530000000.0 972582000000.0 215183000000.0 1467800000000.0 41842200000.0 8213380000.0 10135900000000.0 5271430000.0 84110400.0 2085440000.0 310414000000.0 197144000000.0 398724000000.0 132192000000.0 2086050000.0 4655210000.0 -3.84 [-3.84]
19952600000000.0 3028700000000000.0 844242000000.0 6381490000000.0 878859000000.0 218886000000.0 1395440000000.0 36035600000.0 8993730000.0 9650960000000.0 4292180000.0 65376400.0 2071180000.0 314678000000.0 185990000000.0 368384000000.0 114117000000.0 2305730000.0 4803890000.0 -3.82 [-3.82]
19952600000000.0 2864950000000000.0 834592000000.0 6048860000000.0 793451000000.0 222450000000.0 1325540000000.0 31023600000.0 9830290000.0 9176760000000.0 3491500000.0 50785400.0 2054190000.0 317984000000.0 174989000000.0 339717000000.0 98317500000.0 2544330000.0 4950340000.0 -3.8 [-3.8]
19952600000000.0 2710960000000000.0 825102000000.0 5732930000000.0 715692000000.0 225869000000.0 1258120000000.0 26700100000.0 10724900000.0 8714430000000.0 2837630000.0 39431700.0 2034740000.0 320336000000.0 164214000000.0 312733000000.0 84550800000.0 2802990000.0 5094040000.0 -3.78 [-3.78]
19952600000000.0 2566160000000000.0 815793000000.0 5433020000000.0 644969000000.0 229136000000.0 1193190000000.0 22973000000.0 11679300000.0 8264960000000.0 2304290000.0 30604800.0 2013120000.0 321751000000.0 153728000000.0 287427000000.0 72590600000.0 3082850000.0 5234470000.0 -3.76 [-3.76]
19952600000000.0 2430020000000000.0 806686000000.0 5148450000000.0 580711000000.0 232246000000.0 1130770000000.0 19761800000.0 12694800000.0 7829210000000.0 1869780000.0 23747800.0 1989580000.0 322259000000.0 143587000000.0 263778000000.0 62228700000.0 3385080000.0 5371100000.0 -3.74 [-3.74]
19952600000000.0 2302030000000000.0 797787000000.0 4878510000000.0 522388000000.0 235192000000.0 1070810000000.0 16996300000.0 13772800000.0 7407840000000.0 1516130000.0 18424100.0 1964370000.0 321900000000.0 133833000000.0 241747000000.0 53274500000.0 3710850000.0 5503420000.0 -3.72 [-3.72]
19952600000000.0 2181690000000000.0 789109000000.0 4622550000000.0 469510000000.0 237968000000.0 1013320000000.0 14615600000.0 14914100000.0 7001410000000.0 1228600000.0 14293200.0 1937730000.0 320720000000.0 124501000000.0 221288000000.0 45555600000.0 4061340000.0 5630940000.0 -3.7 [-3.7]
19952600000000.0 2068570000000000.0 780655000000.0 4379930000000.0 421624000000.0 240570000000.0 958250000000.0 12567100000.0 16119600000.0 6610360000000.0 995037000.0 11089300.0 1909850000.0 318776000000.0 115616000000.0 202341000000.0 38916300000.0 4437710000.0 5753210000.0 -3.68 [-3.68]
19952600000000.0 1962210000000000.0 772424000000.0 4149980000000.0 378305000000.0 242992000000.0 905561000000.0 10804700000.0 17389600000.0 6234930000000.0 805470000.0 8604900.0 1880930000.0 316128000000.0 107193000000.0 184840000000.0 33216900000.0 4841140000.0 5869780000.0 -3.66 [-3.66]
19952600000000.0 1862200000000000.0 764409000000.0 3932100000000.0 339162000000.0 245231000000.0 855199000000.0 9288940000.0 18724500000.0 5875250000000.0 651721000.0 6678700.0 1851140000.0 312840000000.0 99239300000.0 168713000000.0 28332700000.0 5272830000.0 5980270000.0 -3.64 [-3.64]
19952600000000.0 1768140000000000.0 756599000000.0 3725650000000.0 303830000000.0 247282000000.0 807104000000.0 7985340000.0 20124300000.0 5531330000000.0 527098000.0 5185290.0 1820630000.0 308976000000.0 91756700000.0 153880000000.0 24153200000.0 5733960000.0 6084320000.0 -3.62 [-3.62]
19952600000000.0 1679650000000000.0 748981000000.0 3530040000000.0 271973000000.0 249140000000.0 761210000000.0 6864340000.0 21588800000.0 5203060000000.0 426141000.0 4027320.0 1789530000.0 304603000000.0 84739300000.0 140264000000.0 20581600000.0 6225720000.0 6181650000.0 -3.6 [-3.6]
19952600000000.0 1596360000000000.0 741541000000.0 3344700000000.0 243278000000.0 250804000000.0 717450000000.0 5900390000.0 23117500000.0 4890230000000.0 344393000.0 3129270.0 1757950000.0 299783000000.0 78177100000.0 127785000000.0 17532800000.0 6749300000.0 6271990000.0 -3.58 [-3.58]
19952600000000.0 1517730000000000.0 734237000000.0 3168590000000.0 217396000000.0 252263000000.0 675640000000.0 5069450000.0 24712700000.0 4591760000000.0 278093000.0 2431160.0 1725890000.0 294558000000.0 72039800000.0 116334000000.0 14927100000.0 7306970000.0 6355350000.0 -3.56 [-3.56]
19952600000000.0 1443880000000000.0 727097000000.0 3002180000000.0 194189000000.0 253525000000.0 635932000000.0 4356890000.0 26367800000.0 4308950000000.0 224583000.0 1890820.0 1693640000.0 289027000000.0 66343700000.0 105895000000.0 12711800000.0 7897790000.0 6431130000.0 -3.54 [-3.54]
19952600000000.0 1374480000000000.0 720104000000.0 2844920000000.0 173394000000.0 254588000000.0 598239000000.0 3745600000.0 28081600000.0 4041300000000.0 181392000.0 1472200.0 1661290000.0 283245000000.0 61066300000.0 96386400000.0 10828900000.0 8522750000.0 6499300000.0 -3.52 [-3.52]
19952600000000.0 1308840000000000.0 713188000000.0 2695390000000.0 154683000000.0 255439000000.0 562278000000.0 3218350000.0 29858700000.0 3786840000000.0 146379000.0 0.0 1628680000.0 277222000000.0 56158400000.0 87685300000.0 9221780000.0 9185260000.0 6560110000.0 -3.5 [-3.5]
19952600000000.0 1246910000000000.0 706355000000.0 2553630000000.0 137906000000.0 256079000000.0 528085000000.0 2764870000.0 31694400000.0 3545870000000.0 118078000.0 0.0 1595990000.0 271024000000.0 51613700000.0 79751200000.0 7853890000.0 9885260000.0 6613350000.0 -3.48 [-3.48]
19952600000000.0 1188440000000000.0 699586000000.0 2419190000000.0 122873000000.0 256507000000.0 495587000000.0 2374790000.0 33587200000.0 3317880000000.0 95206700.0 0.0 1563260000.0 264693000000.0 47410500000.0 72520500000.0 6689800000.0 10623700000.0 6659030000.0 -3.46 [-3.46]
19952600000000.0 1133190000000000.0 692861000000.0 2291680000000.0 109413000000.0 256720000000.0 464714000000.0 2039230000.0 35535100000.0 3102370000000.0 76729200.0 0.0 1530540000.0 258267000000.0 43527100000.0 65933700000.0 5699240000.0 11401700000.0 6697200000.0 -3.44 [-3.44]
19952600000000.0 1080970000000000.0 686164000000.0 2170700000000.0 97371200000.0 256717000000.0 435400000000.0 1750580000.0 37535900000.0 2898800000000.0 61806000.0 0.0 1497870000.0 251780000000.0 39942500000.0 59935600000.0 4856330000.0 12219800000.0 6727920000.0 -3.42 [-3.42]
19952600000000.0 1031550000000000.0 679475000000.0 2055910000000.0 86603900000.0 256495000000.0 407579000000.0 1502260000.0 39587300000.0 2706660000000.0 49757400.0 0.0 1465280000.0 245262000000.0 36636300000.0 54475000000.0 4139030000.0 13078900000.0 6751290000.0 -3.4 [-3.4]
19952600000000.0 984769000000000.0 672778000000.0 1946950000000.0 76982700000.0 256054000000.0 381189000000.0 1288660000.0 41686700000.0 2525430000000.0 40032900.0 0.0 1432820000.0 238738000000.0 33588700000.0 49504700000.0 3528520000.0 13979500000.0 6767430000.0 -3.38 [-3.38]
19952600000000.0 940442000000000.0 666057000000.0 1843510000000.0 68390500000.0 255391000000.0 356170000000.0 1104930000.0 43831300000.0 2354590000000.0 32187200.0 0.0 1400490000.0 232231000000.0 30780900000.0 44981000000.0 3008820000.0 14921800000.0 6776470000.0 -3.36 [-3.36]
19952600000000.0 898410000000000.0 659296000000.0 1745300000000.0 60722200000.0 254507000000.0 332464000000.0 946920000.0 46018300000.0 2193640000000.0 25860200.0 0.0 1368330000.0 225760000000.0 28195400000.0 40864400000.0 2566320000.0 15906100000.0 6778570000.0 -3.34 [-3.34]
19952600000000.0 858525000000000.0 652481000000.0 1652020000000.0 53882100000.0 253399000000.0 310018000000.0 811044000.0 48244600000.0 2042100000000.0 20760300.0 0.0 1336370000.0 219342000000.0 25815400000.0 37118200000.0 2189470000.0 16932200000.0 6773900000.0 -3.32 [-3.32]
19952600000000.0 820648000000000.0 645597000000.0 1563410000000.0 47784200000.0 252069000000.0 288778000000.0 694231000.0 50506800000.0 1899490000000.0 16651700.0 0.0 1304630000.0 212990000000.0 23625200000.0 33709200000.0 1868430000.0 17999500000.0 6762630000.0 -3.3 [-3.3]
19952600000000.0 784649000000000.0 638631000000.0 1479230000000.0 42350900000.0 250517000000.0 268695000000.0 593832000.0 52801600000.0 1765370000000.0 13343800.0 0.0 1273110000.0 206718000000.0 21610300000.0 30606900000.0 1594860000.0 19107200000.0 6744950000.0 -3.28 [-3.28]
19952600000000.0 750275000000000.0 631537000000.0 1398920000000.0 37497600000.0 248722000000.0 249656000000.0 507306000.0 55130200000.0 1638840000000.0 10675300.0 0.0 1241720000.0 200507000000.0 19750900000.0 27774300000.0 1361040000.0 20256300000.0 6720920000.0 -3.26 [-3.26]
19952600000000.0 717816000000000.0 624403000000.0 1323210000000.0 33205600000.0 246746000000.0 231807000000.0 433488000.0 57474900000.0 1520830000000.0 8542020.0 0.0 1210850000.0 194446000000.0 18053000000.0 25214400000.0 1162840000.0 21438600000.0 6691130000.0 -3.24 [-3.24]
19952600000000.0 686641000000000.0 617082000000.0 1250660000000.0 29362400000.0 244510000000.0 214854000000.0 369690000.0 59850700000.0 1409200000000.0 6818210.0 0.0 1180000000.0 188433000000.0 16481000000.0 22868100000.0 992782000.0 22660500000.0 6655200000.0 -3.22 [-3.22]
19952600000000.0 657171000000000.0 609705000000.0 1182270000000.0 25968300000.0 242101000000.0 198995000000.0 315330000.0 62234500000.0 1305230000000.0 5442700.0 0.0 1149710000.0 182582000000.0 15046800000.0 20748200000.0 848578000.0 23910300000.0 6614000000.0 -3.2 [-3.2]
19952600000000.0 628933000000000.0 602154000000.0 1116980000000.0 22941500000.0 239456000000.0 184013000000.0 268546000.0 64637000000.0 1207330000000.0 4336020.0 0.0 1119600000.0 176815000000.0 13723800000.0 18811600000.0 725110000.0 25191300000.0 6567190000.0 -3.18 [-3.18]
19952600000000.0 601974000000000.0 594457000000.0 1054920000000.0 20253300000.0 236602000000.0 169927000000.0 228459000.0 67049400000.0 1115580000000.0 3449500.0 0.0 1089800000.0 171162000000.0 12508600000.0 17049100000.0 619715000.0 26497100000.0 6515150000.0 -3.16 [-3.16]
19952600000000.0 576216000000000.0 586606000000.0 995921000000.0 17867300000.0 233543000000.0 156700000000.0 194137000.0 69467500000.0 1029650000000.0 2740130.0 0.0 1060320000.0 165626000000.0 11392700000.0 15445300000.0 529725000.0 27822800000.0 6458080000.0 -3.14 [-3.14]
19952600000000.0 551472000000000.0 578550000000.0 939574000000.0 15743200000.0 230257000000.0 144248000000.0 164670000.0 71892900000.0 948892000000.0 2171520.0 0.0 1031040000.0 160178000000.0 10364400000.0 13980300000.0 452625000.0 29165000000.0 6395840000.0 -3.12 [-3.12]
19952600000000.0 527915000000000.0 570372000000.0 886280000000.0 13867600000.0 226805000000.0 132633000000.0 139590000.0 74310300000.0 873704000000.0 1719370.0 0.0 1002250000.0 154876000000.0 9424820000.0 12653000000.0 387006000.0 30512800000.0 6329270000.0 -3.1 [-3.1]
19952600000000.0 505364000000000.0 562027000000.0 835636000000.0 12205900000.0 223167000000.0 121771000000.0 118176000.0 76721000000.0 803459000000.0 1359010.0 0.0 973824000.0 149694000000.0 8563190000.0 11445800000.0 330945000.0 31861500000.0 6258260000.0 -3.08 [-3.08]
19952600000000.0 483766000000000.0 553511000000.0 787520000000.0 10734800000.0 219352000000.0 111628000000.0 99913400.0 79121100000.0 737896000000.0 1072250.0 0.0 945768000.0 144630000000.0 7773490000.0 10348000000.0 283042000.0 33202900000.0 6183030000.0 -3.06 [-3.06]
19952600000000.0 463081000000000.0 544836000000.0 741841000000.0 9433860000.0 215374000000.0 102177000000.0 84362900.0 81505400000.0 676803000000.0 844523.0 0.0 918116000.0 139689000000.0 7050580000.0 9350480000.0 242122000.0 34528500000.0 6103840000.0 -3.04 [-3.04]
19952600000000.0 443238000000000.0 535983000000.0 698444000000.0 8283260000.0 211234000000.0 93376400000.0 71126700.0 83871500000.0 619876000000.0 663820.0 0.0 890839000.0 134862000000.0 6388530000.0 8443520000.0 207132000.0 35829300000.0 6020770000.0 -3.02 [-3.02]
19952600000000.0 424208000000000.0 526968000000.0 657255000000.0 7266910000.0 206949000000.0 85200200000.0 59881000.0 86214700000.0 566930000000.0 520764.0 0.0 863971000.0 130154000000.0 5783100000.0 7619690000.0 177226000.0 37095500000.0 5934120000.0 -3.0 [-3.0]
19952600000000.0 405951000000000.0 517795000000.0 618176000000.0 6369850000.0 202530000000.0 77617700000.0 50339800.0 88530700000.0 517752000000.0 407726.0 0.0 837525000.0 125565000000.0 5229910000.0 6871730000.0 151663000.0 38317000000.0 5844090000.0 -2.98 [-2.98]
19952600000000.0 388431000000000.0 508473000000.0 581118000000.0 5578750000.0 197991000000.0 70599000000.0 42256500.0 90816000000.0 472138000000.0 318579.0 0.0 811515000.0 121092000000.0 4724950000.0 6193030000.0 129812000.0 39483500000.0 5750930000.0 -2.96 [-2.96]
19952600000000.0 371616000000000.0 499012000000.0 545995000000.0 4881700000.0 193344000000.0 64114800000.0 35419100.0 93066400000.0 429896000000.0 248420.0 0.0 785955000.0 116738000000.0 4264510000.0 5577550000.0 111133000.0 40584700000.0 5654860000.0 -2.94 [-2.94]
19952600000000.0 355477000000000.0 489425000000.0 512727000000.0 4268110000.0 188606000000.0 58136500000.0 29644600.0 95278400000.0 390842000000.0 0.0 0.0 760863000.0 112500000000.0 3845130000.0 5019810000.0 95166900.0 41610800000.0 5556160000.0 -2.92 [-2.92]
19952600000000.0 339986000000000.0 479725000000.0 481235000000.0 3728470000.0 183790000000.0 52635500000.0 24775700.0 97448300000.0 354795000000.0 0.0 0.0 736252000.0 108380000000.0 3463600000.0 4514740000.0 81518000.0 42552200000.0 5455050000.0 -2.9 [-2.9]
19952600000000.0 325117000000000.0 469929000000.0 451445000000.0 3254330000.0 178913000000.0 47584200000.0 20677000.0 99572800000.0 321583000000.0 0.0 0.0 712137000.0 104377000000.0 3116920000.0 4057720000.0 69850200.0 43400100000.0 5351820000.0 -2.88 [-2.88]
19952600000000.0 310959000000000.0 460128000000.0 423510000000.0 2840610000.0 174039000000.0 42982000000.0 17251200.0 101643000000.0 291226000000.0 0.0 0.0 688718000.0 100522000000.0 2804160000.0 3647010000.0 59925300.0 44149500000.0 5247570000.0 -2.86 [-2.86]
19952600000000.0 297155000000000.0 450117000000.0 396687000000.0 2473240000.0 169038000000.0 38722300000.0 14342900.0 103673000000.0 263003000000.0 0.0 0.0 665458000.0 96719300000.0 2517190000.0 3271290000.0 51348400.0 44785500000.0 5140050000.0 -2.84 [-2.84]
19952600000000.0 284022000000000.0 440139000000.0 371583000000.0 2153570000.0 164071000000.0 34859400000.0 11922500.0 105642000000.0 237319000000.0 0.0 0.0 642922000.0 93064800000.0 2259130000.0 2934430000.0 44057700.0 45311100000.0 5032070000.0 -2.82 [-2.82]
19952600000000.0 271426000000000.0 430138000000.0 347908000000.0 1873830000.0 159104000000.0 31341200000.0 9898440.0 107555000000.0 213834000000.0 0.0 0.0 620937000.0 89525900000.0 2025850000.0 2630680000.0 37823100.0 45719900000.0 4923060000.0 -2.8 [-2.8]
19952600000000.0 259352000000000.0 420135000000.0 325598000000.0 1629270000.0 154153000000.0 28143400000.0 8208630.0 109408000000.0 192402000000.0 0.0 0.0 599516000.0 86101900000.0 1815260000.0 2357030000.0 32491100.0 46009700000.0 4813320000.0 -2.78 [-2.78]
