Cloudy_runs/3c57/z=0.07743/logZ=1/component_I_PI_nH/component_I_PI_nH_col_density_param.txt
# %ECSV 1.0
# ---
# datatype:
# - {name: H, datatype: float64}
# - {name: H+, datatype: float64}
# - {name: C+, datatype: float64}
# - {name: C+2, datatype: float64}
# - {name: C+3, datatype: float64}
# - {name: N+, datatype: float64}
# - {name: N+2, datatype: float64}
# - {name: N+4, datatype: float64}
# - {name: O, datatype: float64}
# - {name: O+2, datatype: float64}
# - {name: O+5, datatype: float64}
# - {name: O+6, datatype: float64}
# - {name: P+, datatype: float64}
# - {name: Si+, datatype: float64}
# - {name: Si+2, datatype: float64}
# - {name: Si+3, datatype: float64}
# - {name: Si+4, datatype: float64}
# - {name: Fe+, datatype: float64}
# - {name: Al+, datatype: float64}
# - {name: log_nH, datatype: float64}
# - {name: parameters, datatype: string, subtype: 'float64[1]'}
# schema: astropy-2.0
H H+ C+ C+2 C+3 N+ N+2 N+4 O O+2 O+5 O+6 P+ Si+ Si+2 Si+3 Si+4 Fe+ Al+ log_nH parameters
19952600000000.0 3.75647e+17 43640800000.0 14280300000000.0 83950600000000.0 3389600000.0 2488670000000.0 62282400000000.0 241063.0 7450300000000.0 588958000000000.0 490502000000000.0 1902090.0 67187700.0 6710730000.0 82612600000.0 4273080000000.0 44974.8 6826560.0 -5.0 [-5.0]
19952600000000.0 3.52151e+17 46498000000.0 14717700000000.0 84518000000000.0 3767390000.0 2674440000000.0 60595700000000.0 294245.0 8125970000000.0 548296000000000.0 430573000000000.0 2193750.0 75702500.0 7539630000.0 93684300000.0 4520800000000.0 55814.3 7847940.0 -4.98 [-4.98]
19952600000000.0 3.29903e+17 49650700000.0 15162400000000.0 84975300000000.0 4196960000.0 2872480000000.0 58799800000000.0 360188.0 8847420000000.0 508590000000000.0 376414000000000.0 2532910.0 85204300.0 8452850000.0 106143000000.0 4774420000000.0 69245.1 8983940.0 -4.96 [-4.96]
19952600000000.0 3.08822e+17 53153700000.0 15618300000000.0 85316900000000.0 4686860000.0 3083320000000.0 56896100000000.0 442082.0 9614910000000.0 469962000000000.0 327624000000000.0 2928600.0 95843400.0 9458310000.0 120153000000.0 5033120000000.0 85886.9 10238800.0 -4.94 [-4.94]
19952600000000.0 2.88812e+17 57069500000.0 16089500000000.0 85534400000000.0 5247130000.0 3307420000000.0 54884400000000.0 543973.0 10428200000000.0 432510000000000.0 283773000000000.0 3391670.0 107803000.0 10565200000.0 135914000000.0 5296140000000.0 106514.0 11613600.0 -4.92 [-4.92]
19952600000000.0 2.69799e+17 61484100000.0 16582800000000.0 85619700000000.0 5890090000.0 3545270000000.0 52765800000000.0 670965.0 11286400000000.0 396328000000000.0 244505000000000.0 3936060.0 121344000.0 11786100000.0 153648000000.0 5562500000000.0 132101.0 13106700.0 -4.9 [-4.9]
19952600000000.0 2.51642e+17 66498500000.0 17104500000000.0 85561500000000.0 6631230000.0 3797560000000.0 50534400000000.0 829904.0 12188700000000.0 361418000000000.0 209358000000000.0 4578460.0 136763000.0 13135300000.0 173682000000.0 5831880000000.0 163919.0 14707200.0 -4.88 [-4.88]
19952600000000.0 2.34265e+17 72265400000.0 17667200000000.0 85343800000000.0 7489570000.0 4064690000000.0 48188100000000.0 1029430.0 13132000000000.0 327843000000000.0 178019000000000.0 5342040.0 154564000.0 14636800000.0 196353000000.0 6103070000000.0 203567.0 16400300.0 -4.86 [-4.86]
19952600000000.0 2.17598e+17 78992100000.0 18288800000000.0 84946600000000.0 8488530000.0 4346910000000.0 45725400000000.0 1280740.0 14111300000000.0 295666000000000.0 150192000000000.0 6257890.0 175508000.0 16326600000.0 222058000000.0 6374530000000.0 253107.0 18165700.0 -4.84 [-4.84]
19952600000000.0 2.01551e+17 86964700000.0 18992500000000.0 84341800000000.0 9657420000.0 4644220000000.0 43141300000000.0 1598700.0 15119300000000.0 264917000000000.0 125570000000000.0 7368570.0 200744000.0 18260700000.0 251306000000.0 6644530000000.0 315266.0 19978100.0 -4.82 [-4.82]
19952600000000.0 1.85988e+17 96603000000.0 19811400000000.0 83488400000000.0 11035400000.0 4956470000000.0 40422800000000.0 2004010.0 16145700000000.0 235559000000000.0 103820000000000.0 8734690.0 232064000.0 20526600000.0 284830000000.0 6911540000000.0 393807.0 21806600.0 -4.8 [-4.8]
19952600000000.0 1.70764e+17 108549000000.0 20794600000000.0 82325500000000.0 12674200000.0 5282760000000.0 37552400000000.0 2525760.0 17173900000000.0 207536000000000.0 84641100000000.0 10448400.0 272498000.0 23271800000.0 323628000000.0 7173240000000.0 494048.0 23639600.0 -4.78 [-4.78]
19952600000000.0 1.55645e+17 123865000000.0 22018100000000.0 80751900000000.0 14648300000.0 5620980000000.0 34495000000000.0 3208340.0 18176700000000.0 180688000000000.0 67709100000000.0 12660700.0 327447000.0 26753100000.0 369297000000.0 7426910000000.0 624143.0 25523800.0 -4.76 [-4.76]
19952600000000.0 1.4029e+17 144442000000.0 23606400000000.0 78589800000000.0 17068800000.0 5965600000000.0 31191100000000.0 4124320.0 19103200000000.0 154729000000000.0 52703500000000.0 15644900.0 407499000.0 31448400000.0 424541000000.0 7667840000000.0 797704.0 27711800.0 -4.74 [-4.74]
19952600000000.0 1.24034e+17 174218000000.0 25786400000000.0 75473700000000.0 20123900000.0 6301660000000.0 27518200000000.0 5413430.0 19848200000000.0 128990000000000.0 39213400000000.0 19990300.0 536912000.0 38353800000.0 494922000000.0 7886840000000.0 1041800.0 31126000.0 -4.72 [-4.72]
19952600000000.0 1.05761e+17 222371000000.0 28949700000000.0 70605700000000.0 24106200000.0 6576140000000.0 23283800000000.0 7386850.0 20167300000000.0 102164000000000.0 26800000000000.0 27216800.0 782533000.0 49687100000.0 592512000000.0 8053240000000.0 1420250.0 39105000.0 -4.7 [-4.7]
19952600000000.0 9.32649e+16 268991000000.0 31430000000000.0 66310900000000.0 27575100000.0 6738950000000.0 20260100000000.0 9508490.0 20396400000000.0 83285200000000.0 19490600000000.0 35546400.0 1080770000.0 61210900000.0 675909000000.0 8094560000000.0 1855130.0 50867500.0 -4.68 [-4.68]
19952600000000.0 8.13992e+16 327819000000.0 33921100000000.0 61255400000000.0 31254100000.0 6794460000000.0 17417000000000.0 12334800.0 20379500000000.0 65917100000000.0 13663500000000.0 47320000.0 1533590000.0 75441600000.0 769775000000.0 8039160000000.0 2450980.0 69373300.0 -4.66 [-4.66]
19952600000000.0 7.01408e+16 402387000000.0 36210600000000.0 55402500000000.0 35038000000.0 6711090000000.0 14797000000000.0 16238200.0 20145900000000.0 49944700000000.0 9101620000000.0 64651800.0 2239130000.0 92475400000.0 874578000000.0 7859720000000.0 3288050.0 98022300.0 -4.64 [-4.64]
19952600000000.0 5.9595e+16 495375000000.0 37970800000000.0 48848300000000.0 38792500000.0 6464660000000.0 12438100000000.0 21884100.0 19806500000000.0 35660400000000.0 5676970000000.0 91304100.0 3349970000.0 111876000000.0 988305000000.0 7528040000000.0 4493510.0 141497000.0 -4.62 [-4.62]
19952600000000.0 5.04286e+16 599113000000.0 38800500000000.0 42252100000000.0 42397800000.0 6097520000000.0 10422900000000.0 30032400.0 19603800000000.0 24267600000000.0 3383780000000.0 130885000.0 4982280000.0 131897000000.0 1099270000000.0 7058990000000.0 6187210.0 201692000.0 -4.6 [-4.6]
19952600000000.0 4.33171e+16 694442000000.0 38668500000000.0 36566700000000.0 45906300000.0 5731990000000.0 8800820000000.0 40806500.0 19690300000000.0 16572600000000.0 2055900000000.0 181577000.0 7060820000.0 150517000000.0 1190940000000.0 6541530000000.0 8361550.0 272162000.0 -4.58 [-4.58]
19952600000000.0 3.79681e+16 772517000000.0 37931800000000.0 31985100000000.0 49474200000.0 5431230000000.0 7498880000000.0 54010300.0 19966100000000.0 11694700000000.0 1312980000000.0 239195000.0 9485460000.0 167492000000.0 1260220000000.0 6043120000000.0 10983400.0 346374000.0 -4.56 [-4.56]
19952600000000.0 3.38125e+16 834771000000.0 36879900000000.0 28263400000000.0 53178700000.0 5191070000000.0 6429470000000.0 69669700.0 20301800000000.0 8523440000000.0 877018000000.0 301536000.0 12241600000.0 183283000000.0 1311540000000.0 5580780000000.0 14082500.0 422196000.0 -4.54 [-4.54]
19952600000000.0 3.04514e+16 884507000000.0 35664700000000.0 25163800000000.0 57038200000.0 4993800000000.0 5533990000000.0 88013900.0 20626800000000.0 6368640000000.0 605775000000.0 367845000.0 15355300000.0 198217000000.0 1349210000000.0 5153330000000.0 17728200.0 499482000.0 -4.52 [-4.52]
19952600000000.0 2.7638e+16 924387000000.0 34359800000000.0 22520400000000.0 61054500000.0 4824400000000.0 4773510000000.0 109422000.0 20909700000000.0 4844360000000.0 428471000000.0 437961000.0 18869300000.0 212456000000.0 1376120000000.0 4755760000000.0 22015700.0 578622000.0 -4.5 [-4.5]
19952600000000.0 2.52345e+16 956219000000.0 33014000000000.0 20235900000000.0 65216100000.0 4674470000000.0 4124420000000.0 134246000.0 21136500000000.0 3737400000000.0 308745000000.0 511467000.0 22809200000.0 226018000000.0 1394040000000.0 4385760000000.0 27037800.0 659709000.0 -4.48 [-4.48]
19952600000000.0 2.3143e+16 981383000000.0 31652400000000.0 18236600000000.0 69517500000.0 4537380000000.0 3567090000000.0 162965000.0 21303000000000.0 2914210000000.0 225585000000.0 588143000.0 27211600000.0 238900000000.0 1404280000000.0 4040150000000.0 32910800.0 743024000.0 -4.46 [-4.46]
19952600000000.0 2.1308e+16 1001020000000.0 30302400000000.0 16478600000000.0 73941500000.0 4410370000000.0 3088790000000.0 195943000.0 21408100000000.0 2294110000000.0 166872000000.0 667353000.0 32083000000.0 251059000000.0 1407780000000.0 3718430000000.0 39737000.0 828524000.0 -4.44 [-4.44]
19952600000000.0 1.96796e+16 1016020000000.0 28974300000000.0 14920700000000.0 78480800000.0 4290120000000.0 2676830000000.0 233729000.0 21454200000000.0 1819600000000.0 124644000000.0 748724000.0 37449200000.0 262462000000.0 1405320000000.0 3418420000000.0 47651800.0 916428000.0 -4.42 [-4.42]
19952600000000.0 1.82208e+16 1027030000000.0 27673900000000.0 13531000000000.0 83129300000.0 4174230000000.0 2320860000000.0 276956000.0 21444300000000.0 1451760000000.0 93810700000.0 831833000.0 43336400000.0 273065000000.0 1397480000000.0 3138230000000.0 56808700.0 1006930000.0 -4.4 [-4.4]
19952600000000.0 1.69072e+16 1034680000000.0 26409400000000.0 12287500000000.0 87874700000.0 4061600000000.0 2013120000000.0 326221000.0 21381600000000.0 1164300000000.0 71074700000.0 916065000.0 49752400000.0 282823000000.0 1384790000000.0 2876980000000.0 67361600.0 1100090000.0 -4.38 [-4.38]
19952600000000.0 1.57187e+16 1039500000000.0 25185900000000.0 11171400000000.0 92705200000.0 3951330000000.0 1746880000000.0 382185000.0 21269800000000.0 937958000000.0 54158900000.0 1000810000.0 56702900000.0 291693000000.0 1367730000000.0 2633720000000.0 79479400.0 1196010000.0 -4.36 [-4.36]
19952600000000.0 1.46381e+16 1041890000000.0 24005200000000.0 10166200000000.0 97611200000.0 3842650000000.0 1516220000000.0 445609000.0 21112100000000.0 758459000000.0 41467000000.0 1085490000.0 64193900000.0 299640000000.0 1346700000000.0 2407340000000.0 93354700.0 1294800000.0 -4.34 [-4.34]
19952600000000.0 1.36526e+16 1042260000000.0 22870000000000.0 9259040000000.0 102557000000.0 3735200000000.0 1316340000000.0 517300000.0 20912100000000.0 615372000000.0 31885400000.0 1169490000.0 72219300000.0 306633000000.0 1322090000000.0 2197040000000.0 109188000.0 1396560000.0 -4.32 [-4.32]
19952600000000.0 1.27507e+16 1040950000000.0 21780800000000.0 8438490000000.0 107533000000.0 3628660000000.0 1143010000000.0 598107000.0 20673000000000.0 500722000000.0 24608100000.0 1252230000.0 80769100000.0 312642000000.0 1294270000000.0 2001930000000.0 127200000.0 1501380000.0 -4.3 [-4.3]
19952600000000.0 1.19237e+16 1038260000000.0 20738600000000.0 7695250000000.0 112542000000.0 3522940000000.0 992721000000.0 688860000.0 20398100000000.0 408520000000.0 19056300000.0 1333120000.0 89820800000.0 317648000000.0 1263620000000.0 1821300000000.0 147617000.0 1609290000.0 -4.28 [-4.28]
19952600000000.0 1.11628e+16 1034400000000.0 19741500000000.0 7020360000000.0 117578000000.0 3417830000000.0 862241000000.0 790622000.0 20090500000000.0 334004000000.0 14797200000.0 1411700000.0 99361700000.0 321634000000.0 1230420000000.0 1654150000000.0 170713000.0 1720470000.0 -4.26 [-4.26]
19952600000000.0 1.0461e+16 1029570000000.0 18788900000000.0 6406770000000.0 122627000000.0 3313270000000.0 748943000000.0 904426000.0 19752800000000.0 273589000000.0 11517500000.0 1487450000.0 109357000000.0 324574000000.0 1195000000000.0 1499750000000.0 196754000.0 1834810000.0 -4.24 [-4.24]
19952600000000.0 9812610000000000.0 1023940000000.0 17879500000000.0 5848150000000.0 127680000000.0 3209330000000.0 650540000000.0 1031400000.0 19387800000000.0 224460000000.0 8983280000.0 1559970000.0 119771000000.0 326465000000.0 1157670000000.0 1357360000000.0 226040000.0 1952400000.0 -4.22 [-4.22]
19952600000000.0 9212740000000000.0 1017650000000.0 17012600000000.0 5339360000000.0 132724000000.0 3106130000000.0 565111000000.0 1172680000.0 18998600000000.0 184424000000.0 7020190000.0 1628810000.0 130552000000.0 327304000000.0 1118740000000.0 1226340000000.0 258865000.0 2073130000.0 -4.2 [-4.2]
19952600000000.0 8655460000000000.0 1010770000000.0 16184300000000.0 4874530000000.0 137761000000.0 3003480000000.0 490762000000.0 1329850000.0 18586500000000.0 151649000000.0 5491980000.0 1693750000.0 141674000000.0 327083000000.0 1078390000000.0 1105710000000.0 295642000.0 2197210000.0 -4.18 [-4.18]
19952600000000.0 8137280000000000.0 1003390000000.0 15393700000000.0 4449810000000.0 142779000000.0 2901580000000.0 426099000000.0 1504270000.0 18154200000000.0 124786000000.0 4300650000.0 1754450000.0 153073000000.0 325809000000.0 1036920000000.0 994929000000.0 336724000.0 2324490000.0 -4.16 [-4.16]
19952600000000.0 7654910000000000.0 995587000000.0 14639600000000.0 4061630000000.0 147769000000.0 2800570000000.0 369879000000.0 1697390000.0 17704200000000.0 102738000000.0 3370480000.0 1810640000.0 164682000000.0 323497000000.0 994592000000.0 893408000000.0 382491000.0 2454840000.0 -4.14 [-4.14]
19952600000000.0 7205030000000000.0 987411000000.0 13919900000000.0 3706500000000.0 152725000000.0 2700530000000.0 320978000000.0 1910940000.0 17238300000000.0 84608100000.0 2642740000.0 1862150000.0 176436000000.0 320163000000.0 951634000000.0 800511000000.0 433393000.0 2588200000.0 -4.12 [-4.12]
19952600000000.0 6785270000000000.0 978964000000.0 13233900000000.0 3381620000000.0 157639000000.0 2601690000000.0 278475000000.0 2146460000.0 16759000000000.0 69694800000.0 2073090000.0 1908860000.0 188249000000.0 315850000000.0 908324000000.0 715746000000.0 489848000.0 2724420000.0 -4.1 [-4.1]
19952600000000.0 6392560000000000.0 970185000000.0 12578800000000.0 3084080000000.0 162508000000.0 2503980000000.0 241490000000.0 2406080000.0 16267700000000.0 57398200000.0 1626100000.0 1950590000.0 200058000000.0 310573000000.0 864820000000.0 638459000000.0 552391000.0 2863370000.0 -4.08 [-4.08]
19952600000000.0 6024860000000000.0 961132000000.0 11953400000000.0 2811580000000.0 167326000000.0 2407580000000.0 209322000000.0 2691770000.0 15766300000000.0 47256100000.0 1275240000.0 1987300000.0 211776000000.0 304380000000.0 821353000000.0 568168000000.0 621539000.0 3004870000.0 -4.06 [-4.06]
19952600000000.0 5680460000000000.0 951884000000.0 11357100000000.0 2561900000000.0 172087000000.0 2312680000000.0 181349000000.0 3005630000.0 15257900000000.0 38888600000.0 999763000.0 2019040000.0 223326000000.0 297357000000.0 778219000000.0 504331000000.0 698282000.0 3148760000.0 -4.04 [-4.04]
19952600000000.0 5357940000000000.0 942579000000.0 10789600000000.0 2332770000000.0 176790000000.0 2219560000000.0 157001000000.0 3350330000.0 14747800000000.0 31978500000.0 783324000.0 2046020000.0 234673000000.0 289649000000.0 735848000000.0 446236000000.0 785299000.0 3295040000.0 -4.02 [-4.02]
19952600000000.0 5055210000000000.0 933091000000.0 10248000000000.0 2122870000000.0 181423000000.0 2128090000000.0 135848000000.0 3727660000.0 14232600000000.0 26276900000.0 613357000.0 2068070000.0 245656000000.0 281198000000.0 694046000000.0 393816000000.0 881488000.0 3443180000.0 -4.0 [-4.0]
19952600000000.0 4770850000000000.0 923448000000.0 9731290000000.0 1930630000000.0 185980000000.0 2038390000000.0 117480000000.0 4140000000.0 13714200000000.0 21573700000.0 479917000.0 2085290000.0 256184000000.0 272079000000.0 652993000000.0 346651000000.0 987649000.0 3592900000.0 -3.98 [-3.98]
19952600000000.0 4503620000000000.0 913674000000.0 9238400000000.0 1754600000000.0 190454000000.0 1950550000000.0 101537000000.0 4589790000.0 13194200000000.0 17695800000.0 375202000.0 2097800000.0 266167000000.0 262377000000.0 612855000000.0 304341000000.0 1104620000.0 3743890000.0 -3.96 [-3.96]
19952600000000.0 4252370000000000.0 903799000000.0 8768380000000.0 1593470000000.0 194839000000.0 1864670000000.0 87708400000.0 5079460000.0 12674500000000.0 14500400000.0 293081000.0 2105790000.0 275520000000.0 252182000000.0 573786000000.0 266502000000.0 1233290000.0 3895800000.0 -3.94 [-3.94]
