Cloudy_runs/3c57/z=0.07743/logZ=1/component_I_PI_nH/component_I_PI_nH_col_density_param.txt
# %ECSV 1.0
# ---
# datatype:
# - {name: H, datatype: float64}
# - {name: H+, datatype: float64}
# - {name: C+, datatype: float64}
# - {name: C+2, datatype: float64}
# - {name: C+3, datatype: float64}
# - {name: N+, datatype: float64}
# - {name: N+2, datatype: float64}
# - {name: N+4, datatype: float64}
# - {name: O, datatype: float64}
# - {name: O+2, datatype: float64}
# - {name: O+5, datatype: float64}
# - {name: O+6, datatype: float64}
# - {name: P+, datatype: float64}
# - {name: Si+, datatype: float64}
# - {name: Si+2, datatype: float64}
# - {name: Si+3, datatype: float64}
# - {name: Si+4, datatype: float64}
# - {name: Fe+, datatype: float64}
# - {name: Al+, datatype: float64}
# - {name: log_nH, datatype: float64}
# - {name: parameters, datatype: string, subtype: 'float64[1]'}
# schema: astropy-2.0
H H+ C+ C+2 C+3 N+ N+2 N+4 O O+2 O+5 O+6 P+ Si+ Si+2 Si+3 Si+4 Fe+ Al+ log_nH parameters
[from data line 255]
19952600000000.0 1598110000000.0 16361500000.0 70266800.0 0.0 909295000.0 31601.6 0.0 103754000000.0 60736.6 0.0 0.0 52609600.0 5263760000.0 21064.5 27561.1 0.0 6799520000.0 604956000.0 0.1 [0.1]
19952600000000.0 1557210000000.0 15974600000.0 66484800.0 0.0 880751000.0 29248.9 0.0 103622000000.0 55955.2 0.0 0.0 52493600.0 5225450000.0 19970.6 26103.2 0.0 6786590000.0 603850000.0 0.12 [0.12]
19952600000000.0 1517410000000.0 15594300000.0 62894100.0 0.0 853092000.0 27073.1 0.0 103493000000.0 51561.3 0.0 0.0 52380300.0 5187180000.0 18933.9 24722.6 0.0 6774010000.0 602774000.0 0.14 [0.14]
19952600000000.0 1478670000000.0 15220500000.0 59485300.0 0.0 826289000.0 25060.7 0.0 103366000000.0 47522.2 0.0 0.0 52269700.0 5148940000.0 17951.4 23415.1 0.0 6761750000.0 601726000.0 0.16 [0.16]
19952600000000.0 1440970000000.0 14853200000.0 56249700.0 0.0 800313000.0 23199.1 0.0 103243000000.0 43808.5 0.0 0.0 52161600.0 5110720000.0 17020.1 22176.6 0.0 6749830000.0 600705000.0 0.18 [0.18]
19952600000000.0 1404260000000.0 14492200000.0 53179000.0 0.0 775138000.0 21477.1 0.0 103121000000.0 40393.0 0.0 0.0 52055900.0 5072500000.0 16137.3 21003.5 0.0 6738220000.0 599711000.0 0.2 [0.2]
19952600000000.0 1368530000000.0 14137500000.0 50265100.0 0.0 750738000.0 19883.9 0.0 103002000000.0 37251.4 0.0 0.0 51952500.0 5034260000.0 15300.4 19892.2 0.0 6726910000.0 598744000.0 0.22 [0.22]
19952600000000.0 1333740000000.0 13789100000.0 47500400.0 0.0 727087000.0 18409.9 0.0 102886000000.0 34360.8 0.0 0.0 51851500.0 4996000000.0 14507.0 18839.5 0.0 6715900000.0 597801000.0 0.24 [0.24]
19952600000000.0 1299860000000.0 13446800000.0 44877800.0 0.0 704161000.0 17046.0 0.0 102772000000.0 31700.6 0.0 0.0 51752700.0 4957690000.0 13754.7 17842.1 0.0 6705180000.0 596883000.0 0.26 [0.26]
19952600000000.0 1266870000000.0 13110800000.0 42390900.0 0.0 681942000.0 15784.0 0.0 102661000000.0 29251.7 0.0 0.0 51656000.0 4919340000.0 13041.3 16897.1 0.0 6694730000.0 595988000.0 0.28 [0.28]
19952600000000.0 1234750000000.0 12780600000.0 40031700.0 0.0 660397000.0 14616.1 0.0 102552000000.0 26997.2 0.0 0.0 51561300.0 4880920000.0 12364.9 16001.8 0.0 6684560000.0 595117000.0 0.3 [0.3]
19952600000000.0 1203460000000.0 12456400000.0 37795100.0 0.0 639512000.0 13535.2 0.0 102446000000.0 24921.1 0.0 0.0 51468700.0 4842430000.0 11723.4 15153.4 0.0 6674650000.0 594268000.0 0.32 [0.32]
19952600000000.0 1172990000000.0 12138200000.0 35674900.0 0.0 619265000.0 12534.9 0.0 102341000000.0 23008.9 0.0 0.0 51378000.0 4803860000.0 11115.1 14349.5 0.0 6665000000.0 593441000.0 0.34 [0.34]
19952600000000.0 1143300000000.0 11825700000.0 33665200.0 0.0 599634000.0 11609.0 0.0 102239000000.0 21247.2 0.0 0.0 51289100.0 4765180000.0 10538.2 13587.7 0.0 6655600000.0 592635000.0 0.36 [0.36]
19952600000000.0 1114380000000.0 11519000000.0 31760800.0 0.0 580602000.0 10752.0 0.0 102139000000.0 19623.6 0.0 0.0 51202000.0 4726400000.0 9991.0 12865.8 0.0 6646430000.0 591849000.0 0.38 [0.38]
19952600000000.0 1086210000000.0 11217900000.0 29956400.0 0.0 562149000.0 9958.71 0.0 102041000000.0 18127.4 0.0 0.0 51116700.0 4687510000.0 9472.04 12181.6 0.0 6637510000.0 591084000.0 0.4 [0.4]
19952600000000.0 1058750000000.0 10922500000.0 28247100.0 0.0 544256000.0 9224.33 0.0 101946000000.0 16748.0 0.0 0.0 51033000.0 4648490000.0 8979.79 11533.3 0.0 6628800000.0 590337000.0 0.42 [0.42]
19952600000000.0 1032010000000.0 10632700000.0 26628300.0 0.0 526908000.0 8544.5 0.0 101852000000.0 15476.0 0.0 0.0 50951000.0 4609350000.0 8512.89 10918.9 0.0 6620320000.0 589610000.0 0.44 [0.44]
19952600000000.0 1005940000000.0 10348200000.0 25095200.0 0.0 510086000.0 7915.07 0.0 101761000000.0 14302.9 0.0 0.0 50870400.0 4570070000.0 8070.0 10336.6 0.0 6612050000.0 588901000.0 0.46 [0.46]
19952600000000.0 980471000000.0 10068700000.0 23641600.0 0.0 493752000.0 7331.99 0.0 101671000000.0 13220.2 0.0 0.0 50790900.0 4530500000.0 7649.7 9784.48 0.0 6603970000.0 588207000.0 0.48 [0.48]
19952600000000.0 955772000000.0 9795690000.0 22270300.0 0.0 477960000.0 6792.8 0.0 101583000000.0 12222.7 0.0 0.0 50713700.0 4491070000.0 7251.42 9261.83 0.0 6596140000.0 587535000.0 0.5 [0.5]
19952600000000.0 931638000000.0 9527380000.0 20970500.0 0.0 462624000.0 6293.24 0.0 101498000000.0 11301.5 0.0 0.0 50637500.0 4451340000.0 6873.42 8766.21 0.0 6588480000.0 586878000.0 0.52 [0.52]
19952600000000.0 908056000000.0 9263810000.0 19738900.0 0.0 447734000.0 5830.41 0.0 101414000000.0 10450.8 0.0 0.0 50562100.0 4411320000.0 6514.69 8296.28 0.0 6580990000.0 586234000.0 0.54 [0.54]
19952600000000.0 885123000000.0 9005920000.0 18575800.0 0.0 433316000.0 5402.1 0.0 101331000000.0 9665.93 0.0 0.0 50488300.0 4371280000.0 6174.58 7851.19 0.0 6573700000.0 585609000.0 0.56 [0.56]
19952600000000.0 862817000000.0 8753590000.0 17477800.0 0.0 419354000.0 5005.69 0.0 101251000000.0 8941.78 0.0 0.0 50416300.0 4331200000.0 5852.1 7429.63 0.0 6566620000.0 585001000.0 0.58 [0.58]
19952600000000.0 841015000000.0 8505840000.0 16437900.0 0.0 405797000.0 4638.37 0.0 101173000000.0 8272.6 0.0 0.0 50344900.0 4290830000.0 5546.06 7029.93 0.0 6559690000.0 584405000.0 0.6 [0.6]
19952600000000.0 819758000000.0 8263070000.0 15455000.0 0.0 392652000.0 4298.21 0.0 101096000000.0 7654.54 0.0 0.0 50274600.0 4250290000.0 5255.76 6651.18 0.0 6552930000.0 583825000.0 0.62 [0.62]
19952600000000.0 799029000000.0 8025240000.0 14526300.0 0.0 379907000.0 3983.19 0.0 101021000000.0 7083.59 0.0 0.0 50205400.0 4209590000.0 4980.41 6292.29 0.0 6546340000.0 583259000.0 0.64 [0.64]
19952600000000.0 778814000000.0 7792270000.0 13648900.0 0.0 367549000.0 3691.43 0.0 100947000000.0 6556.08 0.0 0.0 50137100.0 4168720000.0 4719.22 5952.24 0.0 6539910000.0 582706000.0 0.66 [0.66]
19952600000000.0 759099000000.0 7564130000.0 12820300.0 0.0 355568000.0 3421.22 0.0 100876000000.0 6068.62 0.0 0.0 50069700.0 4127680000.0 4471.49 5630.06 0.0 6533630000.0 582167000.0 0.68 [0.68]
19952600000000.0 739869000000.0 7340740000.0 12038000.0 0.0 343951000.0 3170.95 0.0 100805000000.0 5618.1 0.0 0.0 50003200.0 4086490000.0 4236.53 5324.81 0.0 6527510000.0 581641000.0 0.7 [0.7]
19952600000000.0 721113000000.0 7122060000.0 11299600.0 0.0 332689000.0 2939.15 0.0 100736000000.0 5201.64 0.0 0.0 49937500.0 4045140000.0 4013.68 5035.64 0.0 6521530000.0 581127000.0 0.72 [0.72]
19952600000000.0 702817000000.0 6908040000.0 10602900.0 0.0 321770000.0 2724.46 0.0 100669000000.0 4816.63 0.0 0.0 49872600.0 4003630000.0 3802.33 4761.71 0.0 6515700000.0 580626000.0 0.74 [0.74]
19952600000000.0 684967000000.0 6698620000.0 9945660.0 0.0 311186000.0 2525.59 0.0 100603000000.0 4460.64 0.0 0.0 49808300.0 3961970000.0 3601.89 4502.22 0.0 6510010000.0 580136000.0 0.76 [0.76]
19952600000000.0 667554000000.0 6493740000.0 9325880.0 0.0 300925000.0 2341.38 0.0 100539000000.0 4131.42 0.0 0.0 49744700.0 3920160000.0 3411.81 4256.45 0.0 6504460000.0 579659000.0 0.78 [0.78]
19952600000000.0 650564000000.0 6293380000.0 8741620.0 0.0 290979000.0 2170.75 0.0 100476000000.0 3826.92 0.0 0.0 49681800.0 3878220000.0 3231.56 4023.68 0.0 6499030000.0 579192000.0 0.8 [0.8]
19952600000000.0 633986000000.0 6097480000.0 8191040.0 0.0 281339000.0 2012.69 0.0 100414000000.0 3545.24 0.0 0.0 49619300.0 3836140000.0 3060.65 3803.24 0.0 6493740000.0 578737000.0 0.82 [0.82]
19952600000000.0 617809000000.0 5905990000.0 7672360.0 0.0 271995000.0 1866.27 0.0 100354000000.0 3284.65 0.0 0.0 49557300.0 3793940000.0 2898.59 3594.49 0.0 6488570000.0 578292000.0 0.84 [0.84]
19952600000000.0 602016000000.0 5719410000.0 7190990.0 0.0 262946000.0 1730.69 0.0 100295000000.0 3043.37 0.0 0.0 49495800.0 3751660000.0 2744.95 3396.93 0.0 6483520000.0 577857000.0 0.86 [0.86]
19952600000000.0 586600000000.0 5537560000.0 6743230.0 0.0 254181000.0 1605.12 0.0 100237000000.0 2819.99 0.0 0.0 49434500.0 3709290000.0 2599.31 3209.96 0.0 6478590000.0 577431000.0 0.88 [0.88]
19952600000000.0 571553000000.0 5359900000.0 6321180.0 0.0 245687000.0 1488.79 0.0 100181000000.0 2613.29 0.0 0.0 49373600.0 3666830000.0 2461.24 3032.95 0.0 6473770000.0 577015000.0 0.9 [0.9]
19952600000000.0 556868000000.0 5186390000.0 5923490.0 0.0 237456000.0 1381.0 0.0 100125000000.0 2421.99 0.0 0.0 49312900.0 3624270000.0 2330.36 2865.38 0.0 6469070000.0 576608000.0 0.92 [0.92]
19952600000000.0 542533000000.0 5016980000.0 5548900.0 0.0 229480000.0 1281.14 0.0 100071000000.0 2244.94 0.0 0.0 49252500.0 3581640000.0 2206.29 2706.78 0.0 6464470000.0 576211000.0 0.94 [0.94]
19952600000000.0 528541000000.0 4851630000.0 5196180.0 0.0 221752000.0 1188.6 0.0 100018000000.0 2081.04 0.0 0.0 49192200.0 3538940000.0 2088.7 2556.66 0.0 6459990000.0 575824000.0 0.96 [0.96]
19952600000000.0 514882000000.0 4690280000.0 4864190.0 0.0 214264000.0 1102.86 0.0 99966500000.0 1929.33 0.0 0.0 49131900.0 3496180000.0 1977.26 2414.61 0.0 6455600000.0 575445000.0 0.98 [0.98]
19952600000000.0 501547000000.0 4532910000.0 4551820.0 0.0 207011000.0 1023.41 0.0 99915900000.0 1788.88 0.0 0.0 49071800.0 3453380000.0 1871.64 2280.19 0.0 6451310000.0 575074000.0 1.0 [1.0]
