Cloudy_runs/uks0242/z=0.06385/logZ=-1/component_I_PI_nH/component_I_PI_nH_col_density_param.txt
# %ECSV 1.0
# ---
# datatype:
# - {name: H, datatype: float64}
# - {name: H+, datatype: float64}
# - {name: C+, datatype: float64}
# - {name: C+2, datatype: float64}
# - {name: C+3, datatype: float64}
# - {name: N+, datatype: float64}
# - {name: N+2, datatype: float64}
# - {name: N+4, datatype: float64}
# - {name: O, datatype: float64}
# - {name: O+2, datatype: float64}
# - {name: O+5, datatype: float64}
# - {name: O+6, datatype: float64}
# - {name: P+, datatype: float64}
# - {name: Si+, datatype: float64}
# - {name: Si+2, datatype: float64}
# - {name: Si+3, datatype: float64}
# - {name: Si+4, datatype: float64}
# - {name: Fe+, datatype: float64}
# - {name: Al+, datatype: float64}
# - {name: log_nH, datatype: float64}
# - {name: parameters, datatype: string, subtype: 'float64[1]'}
# schema: astropy-2.0
H H+ C+ C+2 C+3 N+ N+2 N+4 O O+2 O+5 O+6 P+ Si+ Si+2 Si+3 Si+4 Fe+ Al+ log_nH parameters
[from data line 253]
407380000000000.0 144331000000000.0 10254800000.0 65862500.0 0.0 1096800000.0 33249.7 0.0 21063800000.0 159813.0 0.0 0.0 14135300.0 1765650000.0 4460500.0 9628.1 0.0 1720240000.0 154485000.0 0.06 [0.06]
407380000000000.0 140278000000000.0 10098900000.0 62621700.0 0.0 1061440000.0 30523.9 0.0 21040300000.0 147483.0 0.0 0.0 14032300.0 1752650000.0 4224310.0 9075.28 0.0 1708630000.0 153377000.0 0.08 [0.08]
407380000000000.0 136341000000000.0 9945830000.0 59538600.0 0.0 1027010000.0 28018.2 0.0 21017200000.0 136142.0 0.0 0.0 13932300.0 1740020000.0 3998660.0 8556.95 0.0 1697330000.0 152301000.0 0.1 [0.1]
407380000000000.0 132517000000000.0 9795330000.0 56605500.0 0.0 993481000.0 25714.4 0.0 20994400000.0 125708.0 0.0 0.0 13835100.0 1727740000.0 3782910.0 8070.8 0.0 1686340000.0 151255000.0 0.12 [0.12]
407380000000000.0 128802000000000.0 9647360000.0 53814500.0 0.0 960826000.0 23595.9 0.0 20972100000.0 116105.0 0.0 0.0 13740600.0 1715800000.0 3576590.0 7614.63 0.0 1675650000.0 150238000.0 0.14 [0.14]
407380000000000.0 125182000000000.0 9501480000.0 51154300.0 0.0 928936000.0 21645.0 0.0 20950100000.0 107255.0 0.0 0.0 13648600.0 1704160000.0 3378560.0 7186.24 0.0 1665210000.0 149248000.0 0.16 [0.16]
407380000000000.0 121671000000000.0 9358330000.0 48627000.0 0.0 897902000.0 19852.1 0.0 20928500000.0 99113.8 0.0 0.0 13559300.0 1692860000.0 3189160.0 6784.19 0.0 1655080000.0 148287000.0 0.18 [0.18]
407380000000000.0 118257000000000.0 9217480000.0 46221800.0 0.0 867626000.0 18202.0 0.0 20907300000.0 91614.3 0.0 0.0 13472500.0 1681860000.0 3007500.0 6406.54 0.0 1645220000.0 147352000.0 0.2 [0.2]
407380000000000.0 114934000000000.0 9078830000.0 43932200.0 0.0 838062000.0 16682.9 0.0 20886500000.0 84703.8 0.0 0.0 13387900.0 1671140000.0 2832980.0 6051.68 0.0 1635610000.0 146442000.0 0.22 [0.22]
407380000000000.0 111693000000000.0 8942030000.0 41749400.0 0.0 809119000.0 15282.4 0.0 20865900000.0 78328.8 0.0 0.0 13305500.0 1660670000.0 2664800.0 5717.98 0.0 1626230000.0 145554000.0 0.24 [0.24]
407380000000000.0 108545000000000.0 8807620000.0 39674900.0 0.0 780876000.0 13994.1 0.0 20845800000.0 72457.0 0.0 0.0 13225300.0 1650500000.0 2503370.0 5404.35 0.0 1617100000.0 144691000.0 0.26 [0.26]
407380000000000.0 105477000000000.0 8675230000.0 37700000.0 0.0 753228000.0 12806.9 0.0 20826000000.0 67042.0 0.0 0.0 13147200.0 1640570000.0 2347800.0 5109.36 0.0 1608210000.0 143850000.0 0.28 [0.28]
407380000000000.0 102498000000000.0 8545380000.0 35825000.0 0.0 726211000.0 11714.2 0.0 20806600000.0 62055.7 0.0 0.0 13071300.0 1630920000.0 2197990.0 4832.04 0.0 1599560000.0 143033000.0 0.3 [0.3]
407380000000000.0 99566700000000.0 8416280000.0 34029300.0 0.0 699502000.0 10702.4 0.0 20787300000.0 57438.6 0.0 0.0 12996700.0 1621400000.0 2052060.0 4570.62 0.0 1591050000.0 142229000.0 0.32 [0.32]
407380000000000.0 96715700000000.0 8289580000.0 32324500.0 0.0 673306000.0 9770.09 0.0 20768500000.0 53185.4 0.0 0.0 12924000.0 1612130000.0 1910920.0 4324.73 0.0 1582770000.0 141447000.0 0.34 [0.34]
407380000000000.0 93929100000000.0 8164690000.0 30701500.0 0.0 647488000.0 8909.07 0.0 20749900000.0 49259.6 0.0 0.0 12853000.0 1603060000.0 1773850.0 4093.2 0.0 1574670000.0 140683000.0 0.36 [0.36]
407380000000000.0 91200700000000.0 8041540000.0 29155900.0 0.0 621941000.0 8112.51 0.0 20731600000.0 45635.3 0.0 0.0 12783400.0 1594150000.0 1640020.0 3875.14 0.0 1566740000.0 139934000.0 0.38 [0.38]
407380000000000.0 88524200000000.0 7920060000.0 27684100.0 0.0 596565000.0 7374.56 0.0 20713600000.0 42288.6 0.0 0.0 12715200.0 1585390000.0 1508860.0 3669.73 0.0 1558960000.0 139199000.0 0.4 [0.4]
407380000000000.0 85894200000000.0 7800580000.0 26284600.0 0.0 571151000.0 6688.15 0.0 20695800000.0 39202.5 0.0 0.0 12648100.0 1576760000.0 1378610.0 3476.35 0.0 1551320000.0 138477000.0 0.42 [0.42]
407380000000000.0 83289700000000.0 7682220000.0 24948600.0 0.0 545510000.0 6047.89 0.0 20678100000.0 36348.0 0.0 0.0 12581600.0 1568180000.0 1249060.0 3294.05 0.0 1543770000.0 137762000.0 0.44 [0.44]
407380000000000.0 80696900000000.0 7564970000.0 23673300.0 0.0 519350000.0 5447.62 0.0 20660500000.0 33708.5 0.0 0.0 12515300.0 1559600000.0 1118820.0 3122.22 0.0 1536250000.0 137050000.0 0.46 [0.46]
407380000000000.0 78111900000000.0 7449540000.0 22461500.0 0.0 492376000.0 4882.35 0.0 20643000000.0 31275.1 0.0 0.0 12449200.0 1550990000.0 986714.0 2960.51 0.0 1528780000.0 136340000.0 0.48 [0.48]
407380000000000.0 75483800000000.0 7335310000.0 21306200.0 0.0 463634000.0 4340.41 0.0 20625400000.0 29029.8 0.0 0.0 12381900.0 1542150000.0 848525.0 2808.34 0.0 1521200000.0 135618000.0 0.5 [0.5]
407380000000000.0 54675200000000.0 6847380000.0 16372400.0 0.0 134040000.0 1146.49 0.0 20554500000.0 26342.1 0.0 0.0 11847300.0 1456190000.0 3297.51 2682.56 0.0 1461050000.0 129964000.0 0.52 [0.52]
407381000000000.0 52372100000000.0 6700330000.0 15352600.0 0.0 121549000.0 996.389 0.0 20540700000.0 24267.7 0.0 0.0 11788500.0 1446920000.0 2522.68 2543.93 0.0 1453870000.0 129337000.0 0.54 [0.54]
407381000000000.0 50343500000000.0 6562580000.0 14450600.0 0.0 111684000.0 877.222 0.0 20527600000.0 22380.8 0.0 0.0 11736600.0 1438770000.0 2104.8 2413.37 0.0 1447540000.0 128783000.0 0.56 [0.56]
407380000000000.0 48459800000000.0 6428260000.0 13620100.0 0.0 103324000.0 777.612 0.0 20514800000.0 20640.0 0.0 0.0 11688300.0 1431160000.0 1839.99 2289.84 0.0 1441650000.0 128268000.0 0.58 [0.58]
407380000000000.0 46702200000000.0 6297540000.0 12852700.0 0.0 96052900.0 692.722 0.0 20502500000.0 19038.6 0.0 0.0 11643300.0 1424020000.0 1656.33 2173.05 0.0 1436160000.0 127788000.0 0.6 [0.6]
407380000000000.0 45048300000000.0 6169840000.0 12139400.0 0.0 89607900.0 619.38 0.0 20490600000.0 17564.6 0.0 0.0 11600800.0 1417260000.0 1518.81 2062.61 0.0 1430980000.0 127336000.0 0.62 [0.62]
407380000000000.0 43478900000000.0 6044370000.0 11472300.0 0.0 83815400.0 555.376 0.0 20479100000.0 16205.0 0.0 0.0 11560500.0 1410780000.0 1409.61 1958.07 0.0 1426070000.0 126907000.0 0.64 [0.64]
407380000000000.0 41987600000000.0 5921220000.0 10847800.0 0.0 78568900.0 499.193 0.0 20467900000.0 14952.0 0.0 0.0 11522200.0 1404560000.0 1318.85 1859.13 0.0 1421410000.0 126499000.0 0.66 [0.66]
407380000000000.0 40558100000000.0 5799420000.0 10259000.0 0.0 73772800.0 449.547 0.0 20457100000.0 13793.3 0.0 0.0 11485400.0 1398520000.0 1240.63 1765.35 0.0 1416930000.0 126107000.0 0.68 [0.68]
407380000000000.0 39189000000000.0 5679230000.0 9704490.0 0.0 69371100.0 405.539 0.0 20446600000.0 12723.2 0.0 0.0 11450100.0 1392670000.0 1171.35 1676.49 0.0 1412650000.0 125733000.0 0.7 [0.7]
407380000000000.0 37872900000000.0 5560280000.0 9180440.0 0.0 65309400.0 366.374 0.0 20436300000.0 11733.8 0.0 0.0 11416100.0 1386970000.0 1108.73 1592.25 0.0 1408530000.0 125373000.0 0.72 [0.72]
407380000000000.0 36614300000000.0 5443300000.0 8687140.0 0.0 61556400.0 331.468 0.0 20426400000.0 10821.7 0.0 0.0 11383600.0 1381460000.0 1051.32 1512.42 0.0 1404600000.0 125028000.0 0.74 [0.74]
407380000000000.0 35404000000000.0 5327740000.0 8221030.0 0.0 58073700.0 300.261 0.0 20416700000.0 9979.07 0.0 0.0 11352300.0 1376070000.0 998.071 1436.73 0.0 1400810000.0 124697000.0 0.76 [0.76]
407380000000000.0 34239300000000.0 5213580000.0 7780290.0 0.0 54832700.0 272.298 0.0 20407400000.0 9200.7 0.0 0.0 11322200.0 1370800000.0 948.311 1364.94 0.0 1397170000.0 124379000.0 0.78 [0.78]
407380000000000.0 33117600000000.0 5100800000.0 7363350.0 0.0 51810600.0 247.2 0.0 20398300000.0 8481.7 0.0 0.0 11293100.0 1365650000.0 901.57 1296.83 0.0 1393670000.0 124072000.0 0.8 [0.8]
407380000000000.0 32039600000000.0 4989690000.0 6969480.0 0.0 48989800.0 224.648 0.0 20389500000.0 7818.32 0.0 0.0 11265100.0 1360620000.0 857.521 1232.24 0.0 1390300000.0 123777000.0 0.82 [0.82]
407380000000000.0 30997900000000.0 4879680000.0 6595750.0 0.0 46345500.0 204.325 0.0 20380900000.0 7205.01 0.0 0.0 11238000.0 1355660000.0 815.873 1170.91 0.0 1387050000.0 123493000.0 0.84 [0.84]
407380000000000.0 29991300000000.0 4770860000.0 6241190.0 0.0 43864800.0 185.994 0.0 20372500000.0 6638.24 0.0 0.0 11211800.0 1350770000.0 776.428 1112.69 0.0 1383910000.0 123218000.0 0.86 [0.86]
407380000000000.0 29024900000000.0 4663900000.0 5906400.0 0.0 41539400.0 169.46 0.0 20364500000.0 6116.05 0.0 0.0 11186600.0 1345990000.0 739.054 1057.46 0.0 1380890000.0 122954000.0 0.88 [0.88]
407380000000000.0 28088400000000.0 4557910000.0 5588040.0 0.0 39349600.0 154.503 0.0 20356600000.0 5633.22 0.0 0.0 11162100.0 1341260000.0 703.569 1004.99 0.0 1377980000.0 122699000.0 0.9 [0.9]
407380000000000.0 27187100000000.0 4453600000.0 5286740.0 0.0 37289700.0 140.975 0.0 20348900000.0 5188.21 0.0 0.0 11138500.0 1336610000.0 669.885 955.186 0.0 1375170000.0 122453000.0 0.92 [0.92]
407380000000000.0 26316200000000.0 4350630000.0 5000990.0 0.0 35349900.0 128.951 0.0 20341500000.0 4771.94 0.0 0.0 11115700.0 1332010000.0 637.886 907.886 0.0 1372460000.0 122215000.0 0.94 [0.94]
407380000000000.0 25475300000000.0 4249060000.0 4729940.0 0.0 33520800.0 118.168 0.0 20334300000.0 4386.51 0.0 0.0 11093600.0 1327470000.0 607.475 862.959 0.0 1369840000.0 121986000.0 0.96 [0.96]
407380000000000.0 24663600000000.0 4148970000.0 4472830.0 0.0 31793700.0 108.355 0.0 20327300000.0 4032.96 0.0 0.0 11072200.0 1322980000.0 578.566 820.288 0.0 1367310000.0 121766000.0 0.98 [0.98]
407380000000000.0 23881200000000.0 4050510000.0 4229200.0 0.0 30163800.0 99.4242 0.0 20320500000.0 3708.72 0.0 0.0 11051500.0 1318560000.0 551.082 779.761 0.0 1364880000.0 121553000.0 1.0 [1.0]
