Cloudy_runs/uks0242/z=0.06385/logZ=-1/component_I_PI_nH/component_I_PI_nH_col_density_param.txt
# %ECSV 1.0
# ---
# datatype:
# - {name: H, datatype: float64}
# - {name: H+, datatype: float64}
# - {name: C+, datatype: float64}
# - {name: C+2, datatype: float64}
# - {name: C+3, datatype: float64}
# - {name: N+, datatype: float64}
# - {name: N+2, datatype: float64}
# - {name: N+4, datatype: float64}
# - {name: O, datatype: float64}
# - {name: O+2, datatype: float64}
# - {name: O+5, datatype: float64}
# - {name: O+6, datatype: float64}
# - {name: P+, datatype: float64}
# - {name: Si+, datatype: float64}
# - {name: Si+2, datatype: float64}
# - {name: Si+3, datatype: float64}
# - {name: Si+4, datatype: float64}
# - {name: Fe+, datatype: float64}
# - {name: Al+, datatype: float64}
# - {name: log_nH, datatype: float64}
# - {name: parameters, datatype: string, subtype: 'float64[1]'}
# schema: astropy-2.0
H H+ C+ C+2 C+3 N+ N+2 N+4 O O+2 O+5 O+6 P+ Si+ Si+2 Si+3 Si+4 Fe+ Al+ log_nH parameters
[from data line 57]
407380000000000.0 6.01296e+17 446950000000.0 9750850000000.0 3509900000000.0 51328100000.0 2093150000000.0 235581000000.0 145896000.0 9402030000000.0 275515000000.0 30419900000.0 857324000.0 17530900000.0 371610000000.0 273155000000.0 900129000000.0 70640100.0 1242460000.0 -3.86 [-3.86]
407380000000000.0 5.71131e+17 450464000000.0 9464010000000.0 3267070000000.0 52667400000.0 2046600000000.0 208841000000.0 163394000.0 9346860000000.0 236459000000.0 25027900000.0 887427000.0 18256100000.0 381748000000.0 272675000000.0 842966000000.0 79354100.0 1331670000.0 -3.84 [-3.84]
407380000000000.0 5.42481e+17 453612000000.0 9175360000000.0 3036760000000.0 54023700000.0 1998890000000.0 184870000000.0 182887000.0 9281460000000.0 202621000000.0 20556800000.0 916176000.0 18961100000.0 390939000000.0 271365000000.0 786811000000.0 89020700.0 1424430000.0 -3.82 [-3.82]
407380000000000.0 5.15271e+17 456403000000.0 8885920000000.0 2818800000000.0 55397700000.0 1950170000000.0 163418000000.0 204580000.0 9205890000000.0 173349000000.0 16855500000.0 943429000.0 19642100000.0 399106000000.0 269236000000.0 731968000000.0 99727800.0 1520620000.0 -3.8 [-3.8]
407380000000000.0 4.8945e+17 458833000000.0 8596890000000.0 2613130000000.0 56788700000.0 1900640000000.0 144270000000.0 228677000.0 9120310000000.0 148086000000.0 13798800000.0 969013000.0 20294200000.0 406175000000.0 266325000000.0 678747000000.0 111559000.0 1619930000.0 -3.78 [-3.78]
407380000000000.0 4.64905e+17 460955000000.0 8308730000000.0 2418990000000.0 58202500000.0 1850350000000.0 127172000000.0 255462000.0 9024630000000.0 126277000000.0 11274400000.0 992964000.0 20917800000.0 412114000000.0 262633000000.0 627305000000.0 124640000.0 1722440000.0 -3.76 [-3.76]
407380000000000.0 4.41567e+17 462755000000.0 8022100000000.0 2236110000000.0 59638100000.0 1799420000000.0 111931000000.0 285202000.0 8918870000000.0 107481000000.0 9193270000.0 1015130000.0 21509400000.0 416867000000.0 258206000000.0 577844000000.0 139083000.0 1827910000.0 -3.74 [-3.74]
407380000000000.0 4.19454e+17 464229000000.0 7738750000000.0 2064760000000.0 61093400000.0 1748180000000.0 98413100000.0 318099000.0 8803800000000.0 91359500000.0 7485720000.0 1035360000.0 22063600000.0 420417000000.0 253132000000.0 530685000000.0 154954000.0 1935680000.0 -3.72 [-3.72]
407380000000000.0 3.98394e+17 465435000000.0 7457950000000.0 1903580000000.0 62572000000.0 1696500000000.0 86379700000.0 354593000.0 8678770000000.0 77486400000.0 6080750000.0 1053790000.0 22585000000.0 422758000000.0 247396000000.0 485752000000.0 172456000.0 2046150000.0 -3.7 [-3.7]
407380000000000.0 3.78422e+17 466351000000.0 7181460000000.0 1752940000000.0 64070500000.0 1644740000000.0 75730900000.0 394899000.0 8544760000000.0 65617600000.0 4931350000.0 1070250000.0 23068000000.0 423897000000.0 241115000000.0 443313000000.0 191654000.0 2158480000.0 -3.68 [-3.68]
407380000000000.0 3.59453e+17 467000000000.0 6909400000000.0 1612150000000.0 65594300000.0 1592920000000.0 66307700000.0 439407000.0 8401800000000.0 55466000000.0 3991460000.0 1084760000.0 23513800000.0 423854000000.0 234333000000.0 403375000000.0 212709000.0 2272530000.0 -3.66 [-3.66]
407380000000000.0 3.41438e+17 467395000000.0 6642250000000.0 1480770000000.0 67144700000.0 1541190000000.0 57982000000.0 488495000.0 8250240000000.0 46798400000.0 3224360000.0 1097330000.0 23922500000.0 422662000000.0 227118000000.0 365969000000.0 235766000.0 2387960000.0 -3.64 [-3.64]
407380000000000.0 3.24327e+17 467547000000.0 6380410000000.0 1358370000000.0 68722800000.0 1489640000000.0 50637100000.0 542564000.0 8090450000000.0 39411300000.0 2599500000.0 1107970000.0 24294700000.0 420366000000.0 219537000000.0 331098000000.0 260980000.0 2504420000.0 -3.62 [-3.62]
407380000000000.0 3.08077e+17 467469000000.0 6124250000000.0 1244520000000.0 70329700000.0 1438380000000.0 44167400000.0 602039000.0 7922850000000.0 33127000000.0 2091530000.0 1116720000.0 24631700000.0 417023000000.0 211657000000.0 298734000000.0 288511000.0 2621530000.0 -3.6 [-3.6]
407380000000000.0 2.92644e+17 467173000000.0 5874050000000.0 1138780000000.0 71966700000.0 1387520000000.0 38476900000.0 667371000.0 7747900000000.0 27791100000.0 1679400000.0 1123600000.0 24934900000.0 412697000000.0 203545000000.0 268825000000.0 318526000.0 2738900000.0 -3.58 [-3.58]
407380000000000.0 2.77987e+17 466668000000.0 5630070000000.0 1040710000000.0 73634500000.0 1337140000000.0 33479100000.0 739040000.0 7566070000000.0 23268900000.0 1345720000.0 1128660000.0 25206100000.0 407457000000.0 195265000000.0 241299000000.0 351199000.0 2856140000.0 -3.56 [-3.56]
407380000000000.0 2.64068e+17 465965000000.0 5392490000000.0 949885000000.0 75334100000.0 1287340000000.0 29095900000.0 817546000.0 7377890000000.0 19443800000.0 1076110000.0 1131960000.0 25447300000.0 401380000000.0 186878000000.0 216066000000.0 386709000.0 2972840000.0 -3.54 [-3.54]
407380000000000.0 2.50849e+17 465073000000.0 5161480000000.0 865900000000.0 77066100000.0 1238190000000.0 25257100000.0 903418000.0 7183920000000.0 16214800000.0 858738000.0 1133560000.0 25660800000.0 394544000000.0 178443000000.0 193022000000.0 425241000.0 3088580000.0 -3.52 [-3.52]
407380000000000.0 2.38295e+17 464001000000.0 4937140000000.0 788347000000.0 78831100000.0 1189760000000.0 21899900000.0 997207000.0 6984710000000.0 13494500000.0 683843000.0 1133510000.0 25849100000.0 387030000000.0 170013000000.0 172052000000.0 466984000.0 3202960000.0 -3.5 [-3.5]
407380000000000.0 2.26372e+17 462756000000.0 4719550000000.0 716837000000.0 80629400000.0 1142130000000.0 18967700000.0 1099490000.0 6780890000000.0 11207400000.0 543431000.0 1131890000.0 26014400000.0 378919000000.0 161635000000.0 153036000000.0 512129000.0 3315560000.0 -3.48 [-3.48]
407380000000000.0 2.15076e+17 461353000000.0 4509260000000.0 651123000000.0 82460400000.0 1095450000000.0 16415000000.0 1210680000.0 6573630000000.0 9291980000.0 431136000.0 1128790000.0 26158400000.0 370320000000.0 153377000000.0 135876000000.0 560773000.0 3425750000.0 -3.46 [-3.46]
407380000000000.0 2.04298e+17 459777000000.0 4304760000000.0 590441000000.0 84325000000.0 1049450000000.0 14182200000.0 1331940000.0 6361830000000.0 7682030000.0 341025000.0 1124220000.0 26286600000.0 361221000000.0 145210000000.0 120357000000.0 613399000.0 3533780000.0 -3.44 [-3.44]
407380000000000.0 1.94087e+17 458052000000.0 4107560000000.0 534843000000.0 86221300000.0 1004500000000.0 12243900000.0 1463360000.0 6147850000000.0 6339810000.0 269301000.0 1118310000.0 26398300000.0 351784000000.0 137235000000.0 106438000000.0 669910000.0 3638600000.0 -3.42 [-3.42]
407380000000000.0 1.84391e+17 456181000000.0 3917110000000.0 483859000000.0 88149100000.0 960543000000.0 10559500000.0 1605770000.0 5931750000000.0 5220860000.0 212218000.0 1111120000.0 26496800000.0 342053000000.0 129457000000.0 93965600000.0 730589000.0 3740070000.0 -3.4 [-3.4]
407380000000000.0 1.75204e+17 454171000000.0 3733820000000.0 437276000000.0 90106500000.0 917711000000.0 9100650000.0 1759570000.0 5714780000000.0 4291810000.0 166967000.0 1102740000.0 26583200000.0 332124000000.0 121923000000.0 82838800000.0 795484000.0 3837580000.0 -3.38 [-3.38]
407380000000000.0 1.6646e+17 452017000000.0 3556700000000.0 394584000000.0 92092200000.0 875821000000.0 7833170000.0 1925910000.0 5496390000000.0 3519040000.0 131033000.0 1093220000.0 26661800000.0 322000000000.0 114609000000.0 72899400000.0 865015000.0 3931260000.0 -3.36 [-3.36]
407380000000000.0 1.58134e+17 449715000000.0 3385640000000.0 355515000000.0 94102600000.0 834892000000.0 6733410000.0 2105530000.0 5277150000000.0 2877850000.0 102568000.0 1082590000.0 26734400000.0 311730000000.0 107535000000.0 64041500000.0 939384000.0 4020710000.0 -3.34 [-3.34]
407380000000000.0 1.5027e+17 447300000000.0 3221940000000.0 320060000000.0 96136400000.0 795271000000.0 5786480000.0 2298160000.0 5059570000000.0 2350280000.0 80205600.0 1071060000.0 26799400000.0 301472000000.0 100768000000.0 56211000000.0 1018250000.0 4105120000.0 -3.32 [-3.32]
407380000000000.0 1.42782e+17 444742000000.0 3064090000000.0 287698000000.0 98188300000.0 756645000000.0 4966380000.0 2505380000.0 4842330000000.0 1914320000.0 62559900.0 1058570000.0 26861500000.0 291167000000.0 94261200000.0 49260000000.0 1102230000.0 4184710000.0 -3.3 [-3.3]
407380000000000.0 1.35651e+17 442041000000.0 2911980000000.0 258207000000.0 100253000000.0 719028000000.0 4257080000.0 2727890000.0 4626020000000.0 1555030000.0 48672200.0 1045180000.0 26922100000.0 280858000000.0 88021800000.0 43102700000.0 1191470000.0 4259170000.0 -3.28 [-3.28]
407380000000000.0 1.28899e+17 439223000000.0 2766360000000.0 231498000000.0 102329000000.0 682635000000.0 3647000000.0 2965540000.0 4412430000000.0 1260860000.0 37812500.0 1031060000.0 26980100000.0 270651000000.0 82086300000.0 37680600000.0 1285660000.0 4328030000.0 -3.26 [-3.26]
407380000000000.0 1.22486e+17 436277000000.0 2626650000000.0 207283000000.0 104408000000.0 647364000000.0 3121520000.0 3219240000.0 4201440000000.0 1020010000.0 29318500.0 1016220000.0 27037400000.0 260543000000.0 76438000000.0 32903500000.0 1385040000.0 4391220000.0 -3.24 [-3.24]
407380000000000.0 1.16398e+17 433207000000.0 2492720000000.0 185363000000.0 106484000000.0 613220000000.0 2669370000.0 3489490000.0 3993600000000.0 823287000.0 22689400.0 1000730000.0 27094800000.0 250567000000.0 71075200000.0 28701800000.0 1489630000.0 4448590000.0 -3.22 [-3.22]
407380000000000.0 1.10632e+17 430023000000.0 2364750000000.0 165592000000.0 108551000000.0 580284000000.0 2281460000.0 3776250000.0 3789860000000.0 663270000.0 17535400.0 984703000.0 27151700000.0 240775000000.0 66008000000.0 25018300000.0 1599190000.0 4499890000.0 -3.2 [-3.2]
407380000000000.0 1.05126e+17 426693000000.0 2241530000000.0 147660000000.0 110597000000.0 548293000000.0 1946810000.0 4081360000.0 3589050000000.0 532637000.0 13512500.0 968043000.0 27211600000.0 231095000000.0 61191600000.0 21774500000.0 1714370000.0 4545250000.0 -3.18 [-3.18]
407380000000000.0 9.99248e+16 423260000000.0 2124260000000.0 131569000000.0 112619000000.0 517568000000.0 1660840000.0 4403140000.0 3393630000000.0 427098000.0 10404300.0 951003000.0 27271000000.0 221663000000.0 56670500000.0 18943900000.0 1834170000.0 4584280000.0 -3.16 [-3.16]
407380000000000.0 9.49721e+16 419693000000.0 2011810000000.0 117051000000.0 114602000000.0 487867000000.0 1415110000.0 4743240000.0 3202490000000.0 341518000.0 7992570.0 933494000.0 27332400000.0 212409000000.0 52401100000.0 16462500000.0 1959140000.0 4617150000.0 -3.14 [-3.14]
407380000000000.0 9.02688e+16 416005000000.0 1904350000000.0 104003000000.0 116537000000.0 459260000000.0 1204610000.0 5101240000.0 3016440000000.0 272438000.0 6129180.0 915620000.0 27394800000.0 203372000000.0 48387600000.0 14294000000.0 2088900000.0 4643770000.0 -3.12 [-3.12]
407380000000000.0 8.58023e+16 412197000000.0 1801710000000.0 92293700000.0 118414000000.0 431737000000.0 1024450000.0 5477090000.0 2835810000000.0 216814000.0 4692270.0 897430000.0 27458000000.0 194563000000.0 44621300000.0 12401300000.0 2223220000.0 4664140000.0 -3.1 [-3.1]
407380000000000.0 8.15607e+16 408269000000.0 1703750000000.0 81799700000.0 120219000000.0 405287000000.0 870400000.0 5870570000.0 2660850000000.0 172134000.0 3586280.0 878974000.0 27521600000.0 185989000000.0 41093100000.0 10750800000.0 2361870000.0 4678280000.0 -3.08 [-3.08]
407380000000000.0 7.75324e+16 404223000000.0 1610310000000.0 72408900000.0 121941000000.0 379899000000.0 738778000.0 6281350000.0 2491800000000.0 136332000.0 2736580.0 860295000.0 27585100000.0 177654000000.0 37793500000.0 9313050000.0 2504550000.0 4686270000.0 -3.06 [-3.06]
407380000000000.0 7.37072e+16 400061000000.0 1521230000000.0 64017800000.0 123568000000.0 355562000000.0 626428000.0 6708890000.0 2328880000000.0 107718000.0 2085020.0 841445000.0 27647600000.0 169564000000.0 34713000000.0 8061860000.0 2650910000.0 4688200000.0 -3.04 [-3.04]
407380000000000.0 7.00735e+16 395781000000.0 1436350000000.0 56529300000.0 125084000000.0 332258000000.0 530596000.0 7152580000.0 2172210000000.0 84901000.0 1586150.0 822450000.0 27708900000.0 161717000000.0 31841500000.0 6973750000.0 2800660000.0 4684110000.0 -3.02 [-3.02]
407380000000000.0 6.66133e+16 391374000000.0 1355300000000.0 49842300000.0 126472000000.0 309925000000.0 448780000.0 7612280000.0 2021620000000.0 66723300.0 1204240.0 803308000.0 27768600000.0 154094000000.0 29162400000.0 6026660000.0 2953670000.0 4674120000.0 -3.0 [-3.0]
407380000000000.0 6.33363e+16 386869000000.0 1278390000000.0 43906600000.0 127728000000.0 288660000000.0 379290000.0 8085520000.0 1877930000000.0 52334800.0 913546.0 784165000.0 27824300000.0 146741000000.0 26679800000.0 5206280000.0 3108890000.0 4658500000.0 -2.98 [-2.98]
407380000000000.0 6.0232e+16 382268000000.0 1205430000000.0 38642900000.0 128840000000.0 268437000000.0 320298000.0 8571140000.0 1741130000000.0 40967900.0 692481.0 765056000.0 27875200000.0 139654000000.0 24382400000.0 4495940000.0 3265910000.0 4637440000.0 -2.96 [-2.96]
407380000000000.0 5.72754e+16 377547000000.0 1135890000000.0 33961400000.0 129785000000.0 249148000000.0 270067000.0 9069230000.0 1610660000000.0 31977800.0 523983.0 745908000.0 27921700000.0 132791000000.0 22248800000.0 3878980000.0 3424850000.0 4610970000.0 -2.94 [-2.94]
407380000000000.0 5.44671e+16 372722000000.0 1069830000000.0 29812800000.0 130555000000.0 230825000000.0 227432000.0 9577580000.0 1486820000000.0 24900100.0 0.0 726805000.0 27961900000.0 126168000000.0 20275700000.0 3344590000.0 3584960000.0 4579360000.0 -2.92 [-2.92]
407380000000000.0 5.17996e+16 367795000000.0 1007100000000.0 26141500000.0 131140000000.0 213453000000.0 191283000.0 10094600000.0 1369610000000.0 19342300.0 0.0 707779000.0 27994900000.0 119784000000.0 18453700000.0 2882050000.0 3745750000.0 4542830000.0 -2.9 [-2.9]
407380000000000.0 4.92656e+16 362770000000.0 947567000000.0 22896900000.0 131529000000.0 197014000000.0 160670000.0 10618500000.0 1258980000000.0 14989200.0 0.0 688857000.0 28019700000.0 113634000000.0 16773900000.0 2481980000.0 3906770000.0 4501600000.0 -2.88 [-2.88]
407380000000000.0 4.68521e+16 357636000000.0 890958000000.0 20027200000.0 131707000000.0 181457000000.0 134726000.0 11148200000.0 1154610000000.0 11582900.0 0.0 670015000.0 28035300000.0 107700000000.0 15223900000.0 2135520000.0 4067830000.0 4455780000.0 -2.86 [-2.86]
407380000000000.0 4.45722e+16 352442000000.0 837605000000.0 17509000000.0 131689000000.0 166866000000.0 112897000.0 11679500000.0 1057090000000.0 8938620.0 0.0 651439000.0 28039500000.0 102028000000.0 13806500000.0 1837470000.0 4227500000.0 4406070000.0 -2.84 [-2.84]
407380000000000.0 4.23994e+16 347143000000.0 786902000000.0 15286400000.0 131447000000.0 153113000000.0 94435700.0 12212800000.0 965573000000.0 6878590.0 0.0 632981000.0 28033200000.0 96559700000.0 12502100000.0 1579550000.0 4386470000.0 4352180000.0 -2.82 [-2.82]
407380000000000.0 4.03297e+16 341748000000.0 738770000000.0 13328200000.0 130978000000.0 140185000000.0 78851300.0 12746100000.0 879971000000.0 5278900.0 0.0 614676000.0 28014300000.0 91295900000.0 11304000000.0 1356640000.0 4544120000.0 4294450000.0 -2.8 [-2.8]
407380000000000.0 3.83689e+16 336290000000.0 693357000000.0 11612600000.0 130297000000.0 128118000000.0 65766700.0 13275900000.0 800479000000.0 4044330.0 0.0 596648000.0 27981600000.0 86262700000.0 10210700000.0 1164870000.0 4699470000.0 4233460000.0 -2.78 [-2.78]
407380000000000.0 3.65113e+16 330778000000.0 650534000000.0 10111100000.0 129407000000.0 116880000000.0 54793600.0 13800100000.0 726861000000.0 3093470.0 0.0 578914000.0 27934200000.0 81454100000.0 9214360000.0 999951000.0 4852110000.0 4169520000.0 -2.76 [-2.76]
