Cloudy_runs/pg1116/z=0.138527/logZ=1/component_I_PI_nH/component_I_PI_nH_col_density_param.txt
# %ECSV 1.0
# ---
# datatype:
# - {name: H, datatype: float64}
# - {name: H+, datatype: float64}
# - {name: C+, datatype: float64}
# - {name: C+2, datatype: float64}
# - {name: C+3, datatype: float64}
# - {name: N+, datatype: float64}
# - {name: N+2, datatype: float64}
# - {name: N+4, datatype: float64}
# - {name: O, datatype: float64}
# - {name: O+2, datatype: float64}
# - {name: O+5, datatype: float64}
# - {name: O+6, datatype: float64}
# - {name: P+, datatype: float64}
# - {name: Si+, datatype: float64}
# - {name: Si+2, datatype: float64}
# - {name: Si+3, datatype: float64}
# - {name: Si+4, datatype: float64}
# - {name: log_nH, datatype: float64}
# - {name: parameters, datatype: string, subtype: 'float64[1]'}
# schema: astropy-2.0
H H+ C+ C+2 C+3 N+ N+2 N+4 O O+2 O+5 O+6 P+ Si+ Si+2 Si+3 Si+4 log_nH parameters
933251000000000.0 2.39531e+19 1390040000000.0 584119000000000.0 4221430000000000.0 88536400000.0 84679200000000.0 3556000000000000.0 4127450.0 243075000000000.0 3.89033e+16 3.71254e+16 40017700.0 1599420000.0 179957000000.0 2438370000000.0 166163000000000.0 -5.0 [-5.0]
933251000000000.0 2.24832e+19 1478740000000.0 604677000000000.0 4272800000000000.0 98180300000.0 91394800000000.0 3486340000000000.0 5004820.0 267024000000000.0 3.65993e+16 3.29493e+16 46195500.0 1813270000.0 203745000000.0 2776280000000.0 176932000000000.0 -4.98 [-4.98]
933253000000000.0 2.10964e+19 1575550000000.0 625471000000000.0 4319170000000000.0 109103000000.0 98603600000000.0 3410600000000000.0 6089570.0 292936000000000.0 3.4327e+16 2.91478e+16 53368900.0 2052420000.0 230166000000.0 3157160000000.0 188076000000000.0 -4.96 [-4.96]
933253000000000.0 1.97868e+19 1681580000000.0 646543000000000.0 4360200000000000.0 121493000000.0 106325000000000.0 3328740000000000.0 7432180.0 320846000000000.0 3.20933e+16 2.56987e+16 61711000.0 2319720000.0 259438000000.0 3586110000000.0 199575000000000.0 -4.94 [-4.94]
933253000000000.0 1.85491e+19 1798360000000.0 667970000000000.0 4395570000000000.0 135582000000.0 114579000000000.0 3240760000000000.0 9095810.0 350774000000000.0 2.99063e+16 2.25795e+16 71435500.0 2618640000.0 291802000000.0 4068870000000.0 211408000000000.0 -4.92 [-4.92]
933253000000000.0 1.73778e+19 1927440000000.0 689873000000000.0 4425110000000000.0 151638000000.0 123397000000000.0 3146830000000000.0 11161000.0 382804000000000.0 2.77715e+16 1.97629e+16 82792900.0 2953410000.0 327546000000.0 4612180000000.0 223554000000000.0 -4.9 [-4.9]
933252000000000.0 1.62675e+19 2071080000000.0 712421000000000.0 4448590000000000.0 170003000000.0 132817000000000.0 3047050000000000.0 13731800.0 417000000000000.0 2.56931e+16 1.72247e+16 96090400.0 3329330000.0 367007000000.0 5224020000000.0 235992000000000.0 -4.88 [-4.88]
933250000000000.0 1.52147e+19 2231960000000.0 735842000000000.0 4465450000000000.0 191054000000.0 142855000000000.0 2941480000000000.0 16934200.0 453324000000000.0 2.36787e+16 1.49462e+16 111722000.0 3753820000.0 410610000000.0 5912470000000.0 248680000000000.0 -4.86 [-4.86]
933251000000000.0 1.4215e+19 2413490000000.0 760431000000000.0 4475240000000000.0 215256000000.0 153536000000000.0 2830220000000000.0 20930300.0 491742000000000.0 2.17334e+16 1.29069e+16 130176000.0 4236400000.0 458889000000.0 6687320000000.0 261577000000000.0 -4.84 [-4.84]
933250000000000.0 1.32606e+19 2619780000000.0 786479000000000.0 4477320000000000.0 243207000000.0 164896000000000.0 2712900000000000.0 25939400.0 532255000000000.0 1.98561e+16 1.10817e+16 152042000.0 4788150000.0 512493000000.0 7563350000000.0 274679000000000.0 -4.82 [-4.82]
933250000000000.0 1.23484e+19 2856990000000.0 814603000000000.0 4470990000000000.0 275620000000.0 176962000000000.0 2589580000000000.0 32232500.0 574751000000000.0 1.80513e+16 9454650000000000.0 178135000.0 5427690000.0 572441000000.0 8554760000000.0 287932000000000.0 -4.8 [-4.8]
933250000000000.0 1.14757e+19 3133350000000.0 845623000000000.0 4455270000000000.0 313370000000.0 189749000000000.0 2460410000000000.0 40157800.0 619016000000000.0 1.63245e+16 8010680000000000.0 209540000.0 6182480000.0 640218000000.0 9677650000000.0 301259000000000.0 -4.78 [-4.78]
933253000000000.0 1.06362e+19 3459810000000.0 880502000000000.0 4428680000000000.0 357555000000.0 203258000000000.0 2324950000000000.0 50191900.0 664780000000000.0 1.46735e+16 6731390000000000.0 247707000.0 7091800000.0 718031000000.0 10956300000000.0 314617000000000.0 -4.76 [-4.76]
933256000000000.0 9.82568e+18 3852220000000.0 920702000000000.0 4389530000000000.0 409546000000.0 217498000000000.0 2183070000000000.0 62955300.0 711629000000000.0 1.3101e+16 5602650000000000.0 294700000.0 8218680000.0 809379000000.0 12418800000000.0 327914000000000.0 -4.74 [-4.74]
933253000000000.0 9.03291e+18 4336050000000.0 968452000000000.0 4334790000000000.0 471462000000.0 232491000000000.0 2033300000000000.0 79404400.0 759041000000000.0 1.15971e+16 4603610000000000.0 353659000.0 9664830000.0 919965000000.0 14115300000000.0 341122000000000.0 -4.72 [-4.72]
933251000000000.0 8.24976e+18 4949700000000.0 1026850000000000.0 4259550000000000.0 545820000000.0 248115000000000.0 1874660000000000.0 100845000.0 805716000000000.0 1.01584e+16 3721170000000000.0 429525000.0 11607000000.0 1059210000000.0 16105900000000.0 354116000000000.0 -4.7 [-4.7]
933248000000000.0 7.45935e+18 5763150000000.0 1101320000000000.0 4156120000000000.0 636783000000.0 264255000000000.0 1704220000000000.0 129495000.0 849915000000000.0 8768700000000000.0 2937280000000000.0 531127000.0 14386200000.0 1244740000000.0 18506700000000.0 366770000000000.0 -4.68 [-4.68]
933254000000000.0 6.63164e+18 6917570000000.0 1201560000000000.0 4008860000000000.0 751341000000.0 280481000000000.0 1516350000000000.0 169488000.0 887871000000000.0 7396310000000000.0 2230640000000000.0 676835000.0 18753000000.0 1512090000000.0 21543600000000.0 378840000000000.0 -4.66 [-4.66]
933254000000000.0 5.70395e+18 8757260000000.0 1346400000000000.0 3779350000000000.0 901958000000.0 295064000000000.0 1299350000000000.0 230325000.0 910136000000000.0 5964310000000000.0 1572050000000000.0 914712000.0 26802600000.0 1945140000000.0 25756200000000.0 389533000000000.0 -4.64 [-4.64]
933254000000000.0 5.01587e+18 10681400000000.0 1471730000000000.0 3557150000000000.0 1042400000000.0 304674000000000.0 1131700000000000.0 299453000.0 925145000000000.0 4882030000000000.0 1149950000000000.0 1205280000.0 37257600000.0 2420960000000.0 29675800000000.0 394515000000000.0 -4.62 [-4.62]
933254000000000.0 4.39102e+18 13040000000000.0 1596370000000000.0 3307220000000000.0 1189820000000.0 309893000000000.0 979019000000000.0 389442000.0 931067000000000.0 3912770000000000.0 822575000000000.0 1605600000.0 52667900000.0 2998440000000.0 33974500000000.0 395099000000000.0 -4.6 [-4.6]
933254000000000.0 3.80189e+18 16012100000000.0 1714260000000000.0 3017160000000000.0 1343290000000.0 309280000000000.0 837928000000000.0 512490000.0 927440000000000.0 3021010000000000.0 564191000000000.0 2188280000.0 76480900000.0 3697930000000.0 38812700000000.0 390323000000000.0 -4.58 [-4.58]
933254000000000.0 3.25188e+18 19723000000000.0 1812670000000000.0 2691770000000000.0 1498260000000.0 301771000000000.0 710438000000000.0 687587000.0 918326000000000.0 2217270000000000.0 366509000000000.0 3070550000.0 113718000000.0 4510390000000.0 44142500000000.0 378863000000000.0 -4.56 [-4.56]
933254000000000.0 2.76372e+18 24015500000000.0 1873600000000000.0 2354250000000000.0 1649540000000.0 288120000000000.0 599644000000000.0 940007000.0 912455000000000.0 1549810000000000.0 227218000000000.0 4395730000.0 169496000000.0 5383950000000.0 49590300000000.0 360497000000000.0 -4.54 [-4.54]
933254000000000.0 2.36782e+18 28277400000000.0 1889060000000000.0 2046420000000000.0 1797400000000.0 272471000000000.0 507882000000000.0 1285420000.0 917742000000000.0 1067200000000000.0 140220000000000.0 6193540000.0 244349000000.0 6238970000000.0 54465100000000.0 337821000000000.0 -4.52 [-4.52]
933254000000000.0 2.0667e+18 31936900000000.0 1869480000000000.0 1792320000000000.0 1946610000000.0 258844000000000.0 433855000000000.0 1718980000.0 932742000000000.0 752694000000000.0 89934500000000.0 8326740000.0 334314000000.0 7033400000000.0 58346900000000.0 314599000000000.0 -4.5 [-4.5]
933254000000000.0 1.83365e+18 34935900000000.0 1829690000000000.0 1584700000000000.0 2101360000000.0 247853000000000.0 373018000000000.0 2240630000.0 951700000000000.0 547226000000000.0 60091200000000.0 10698400000.0 438225000000.0 7778600000000.0 61341600000000.0 292377000000000.0 -4.48 [-4.48]
933254000000000.0 1.64686e+18 37374900000000.0 1778770000000000.0 1412020000000000.0 2262870000000.0 238942000000000.0 322108000000000.0 2855910000.0 970758000000000.0 408205000000000.0 41499100000000.0 13264000000.0 556616000000.0 8487990000000.0 63634500000000.0 271510000000000.0 -4.46 [-4.46]
933254000000000.0 1.49156e+18 39373900000000.0 1721460000000000.0 1264910000000000.0 2431870000000.0 231398000000000.0 278789000000000.0 3578470000.0 988113000000000.0 310177000000000.0 29328200000000.0 16019500000.0 691390000000.0 9171120000000.0 65378100000000.0 251876000000000.0 -4.44 [-4.44]
933246000000000.0 1.35952e+18 41007500000000.0 1660540000000000.0 1137790000000000.0 2607790000000.0 224791000000000.0 241689000000000.0 4420940000.0 1002880000000000.0 239150000000000.0 21101300000000.0 18950700000.0 843805000000.0 9829280000000.0 66661900000000.0 233423000000000.0 -4.42 [-4.42]
933249000000000.0 1.24533e+18 42338800000000.0 1597890000000000.0 1026720000000000.0 2790370000000.0 218831000000000.0 209772000000000.0 5398320000.0 1014730000000000.0 186528000000000.0 15412700000000.0 22047100000.0 1015180000000.0 10462700000000.0 67553000000000.0 216087000000000.0 -4.4 [-4.4]
933252000000000.0 1.14501e+18 43413000000000.0 1534450000000000.0 928643000000000.0 2979420000000.0 213282000000000.0 182176000000000.0 6529890000.0 1023630000000000.0 146755000000000.0 11386800000000.0 25301700000.0 1207230000000.0 11070100000000.0 68099800000000.0 199758000000000.0 -4.38 [-4.38]
933253000000000.0 1.05641e+18 44271500000000.0 1471490000000000.0 841837000000000.0 3174080000000.0 208065000000000.0 158364000000000.0 7829410000.0 1029560000000000.0 116417000000000.0 8502900000000.0 28687100000.0 1420170000000.0 11648700000000.0 68338300000000.0 184461000000000.0 -4.36 [-4.36]
933251000000000.0 9.77349e+17 44945400000000.0 1409400000000000.0 764449000000000.0 3374120000000.0 203055000000000.0 137744000000000.0 9319170000.0 1032670000000000.0 92948500000000.0 6402760000000.0 32190200000.0 1655300000000.0 12196600000000.0 68299600000000.0 170111000000000.0 -4.34 [-4.34]
933247000000000.0 9.06112e+17 45453600000000.0 1348280000000000.0 695040000000000.0 3579360000000.0 198146000000000.0 119827000000000.0 11026400000.0 1033130000000000.0 74572300000000.0 4851720000000.0 35796300000.0 1914070000000.0 12710300000000.0 68002300000000.0 156627000000000.0 -4.32 [-4.32]
933249000000000.0 8.41881e+17 45829400000000.0 1288880000000000.0 632775000000000.0 3789010000000.0 193342000000000.0 104298000000000.0 12969400000.0 1031070000000000.0 60130700000000.0 3700260000000.0 39473900000.0 2196180000000.0 13188400000000.0 67475400000000.0 144027000000000.0 -4.3 [-4.3]
933251000000000.0 7.83441e+17 46082500000000.0 1231040000000000.0 576561000000000.0 4003130000000.0 188565000000000.0 90776100000000.0 15183300000.0 1026680000000000.0 48652800000000.0 2834660000000.0 43207300000.0 2503350000000.0 13628500000000.0 66735500000000.0 132216000000000.0 -4.28 [-4.28]
933251000000000.0 7.30208e+17 46234800000000.0 1175110000000000.0 525779000000000.0 4220890000000.0 183818000000000.0 79021000000000.0 17693300000.0 1020100000000000.0 39502100000000.0 2181210000000.0 46965800000.0 2835220000000.0 14028900000000.0 65803500000000.0 121189000000000.0 -4.26 [-4.26]
933250000000000.0 6.8154e+17 46301100000000.0 1121170000000000.0 479800000000000.0 4440440000000.0 179082000000000.0 68794000000000.0 20534300000.0 1011490000000000.0 32167300000000.0 1684780000000.0 50724300000.0 3191930000000.0 14387500000000.0 64696300000000.0 110905000000000.0 -4.24 [-4.24]
933250000000000.0 6.36949e+17 46295400000000.0 1069320000000000.0 438114000000000.0 4662370000000.0 174351000000000.0 59898700000000.0 23737500000.0 1001000000000000.0 26265900000000.0 1305900000000.0 54455500000.0 3573040000000.0 14702800000000.0 63431700000000.0 101337000000000.0 -4.22 [-4.22]
933250000000000.0 5.95954e+17 46229100000000.0 1019520000000000.0 400224000000000.0 4886410000000.0 169619000000000.0 52152600000000.0 27342100000.0 988782000000000.0 21495200000000.0 1015140000000.0 58137000000.0 3978350000000.0 14973700000000.0 62024300000000.0 92441500000000.0 -4.2 [-4.2]
933251000000000.0 5.58139e+17 46106600000000.0 971698000000000.0 365718000000000.0 5112180000000.0 164872000000000.0 45401100000000.0 31392600000.0 974950000000000.0 17621600000000.0 790908000000.0 61743500000.0 4407550000000.0 15198000000000.0 60487500000000.0 84176500000000.0 -4.18 [-4.18]
933251000000000.0 5.23309e+17 45947300000000.0 926026000000000.0 334305000000000.0 5338710000000.0 160142000000000.0 39532000000000.0 35918200000.0 959674000000000.0 14477300000000.0 617922000000.0 65252300000.0 4857940000000.0 15376200000000.0 58842400000000.0 76535500000000.0 -4.16 [-4.16]
933251000000000.0 4.91078e+17 45750200000000.0 882298000000000.0 305634000000000.0 5565940000000.0 155410000000000.0 34417600000000.0 40975000000.0 943063000000000.0 11910800000000.0 483660000000.0 68643300000.0 5329310000000.0 15506500000000.0 57098900000000.0 69464700000000.0 -4.14 [-4.14]
933252000000000.0 4.61142e+17 45515500000000.0 840357000000000.0 279415000000000.0 5793780000000.0 150668000000000.0 29953600000000.0 46624600000.0 925198000000000.0 9807240000000.0 378987000000.0 71896400000.0 5820920000000.0 15587300000000.0 55266500000000.0 62920800000000.0 -4.12 [-4.12]
933252000000000.0 4.33388e+17 45258900000000.0 800338000000000.0 255459000000000.0 6021290000000.0 145948000000000.0 26068200000000.0 52903700000.0 906254000000000.0 8085170000000.0 297454000000.0 74996200000.0 6329130000000.0 15619900000000.0 53365100000000.0 56894300000000.0 -4.1 [-4.1]
933252000000000.0 4.0759e+17 44981800000000.0 762119000000000.0 233542000000000.0 6248300000000.0 141248000000000.0 22683100000000.0 59874200000.0 886325000000000.0 6671160000000.0 233735000000.0 77928000000.0 6852020000000.0 15604100000000.0 51405400000000.0 51348500000000.0 -4.08 [-4.08]
933253000000000.0 3.83515e+17 44678900000000.0 725508000000000.0 213456000000000.0 6474810000000.0 136559000000000.0 19728100000000.0 67617000000.0 865466000000000.0 5505460000000.0 183730000000.0 80674400000.0 7388330000000.0 15538300000000.0 49394700000000.0 46242200000000.0 -4.06 [-4.06]
933251000000000.0 3.61107e+17 44366400000000.0 690627000000000.0 195072000000000.0 6700010000000.0 131914000000000.0 17157000000000.0 76171400000.0 843861000000000.0 4546810000000.0 144574000000.0 83231300000.0 7932970000000.0 15425800000000.0 47352700000000.0 41566700000000.0 -4.04 [-4.04]
933253000000000.0 3.40148e+17 44034300000000.0 657240000000000.0 178211000000000.0 6923940000000.0 127297000000000.0 14913400000000.0 85635000000.0 821527000000000.0 3754720000000.0 113765000000.0 85583200000.0 8484620000000.0 15265000000000.0 45283100000000.0 37279400000000.0 -4.02 [-4.02]
933252000000000.0 3.20537e+17 43687200000000.0 625322000000000.0 162748000000000.0 7146290000000.0 122719000000000.0 12957400000000.0 96081500000.0 798574000000000.0 3100250000000.0 89522600000.0 87723400000.0 9039390000000.0 15057700000000.0 43198600000000.0 33359200000000.0 -4.0 [-4.0]
933252000000000.0 3.02172e+17 43327100000000.0 594816000000000.0 148567000000000.0 7366810000000.0 118190000000000.0 11252600000000.0 107593000000.0 775095000000000.0 2559190000000.0 70435900000.0 89646700000.0 9593530000000.0 14805600000000.0 41109700000000.0 29782800000000.0 -3.98 [-3.98]
933253000000000.0 2.84972e+17 42959200000000.0 565712000000000.0 135551000000000.0 7585320000000.0 113722000000000.0 9766600000000.0 120266000000.0 751298000000000.0 2111660000000.0 55402100000.0 91355500000.0 10144500000000.0 14514100000000.0 39035700000000.0 26519500000000.0 -3.96 [-3.96]
933253000000000.0 2.68847e+17 42584700000000.0 537945000000000.0 123594000000000.0 7801650000000.0 109320000000000.0 8470850000000.0 134206000000.0 727286000000000.0 1741160000000.0 43551200000.0 92849700000.0 10689300000000.0 14185700000000.0 36986400000000.0 23544300000000.0 -3.94 [-3.94]
933253000000000.0 2.53704e+17 42200300000000.0 511410000000000.0 112626000000000.0 8015300000000.0 104985000000000.0 7342770000000.0 149496000000.0 702976000000000.0 1434650000000.0 34213700000.0 94122900000.0 11221200000000.0 13819100000000.0 34958200000000.0 20849800000000.0 -3.92 [-3.92]
