Cloudy_runs/pg1116/z=0.138527/logZ=1/component_I_PI_nH/component_I_PI_nH_col_density_param.txt
# %ECSV 1.0
# ---
# datatype:
# - {name: H, datatype: float64}
# - {name: H+, datatype: float64}
# - {name: C+, datatype: float64}
# - {name: C+2, datatype: float64}
# - {name: C+3, datatype: float64}
# - {name: N+, datatype: float64}
# - {name: N+2, datatype: float64}
# - {name: N+4, datatype: float64}
# - {name: O, datatype: float64}
# - {name: O+2, datatype: float64}
# - {name: O+5, datatype: float64}
# - {name: O+6, datatype: float64}
# - {name: P+, datatype: float64}
# - {name: Si+, datatype: float64}
# - {name: Si+2, datatype: float64}
# - {name: Si+3, datatype: float64}
# - {name: Si+4, datatype: float64}
# - {name: log_nH, datatype: float64}
# - {name: parameters, datatype: string, subtype: 'float64[1]'}
# schema: astropy-2.0
H H+ C+ C+2 C+3 N+ N+2 N+4 O O+2 O+5 O+6 P+ Si+ Si+2 Si+3 Si+4 log_nH parameters
[from data line 259]
933254000000000.0 78070800000000.0 790338000000.0 3635430000.0 0.0 45048000000.0 1718280.0 0.0 4862370000000.0 3319010.0 0.0 0.0 2470960000.0 248167000000.0 1064620.0 1353840.0 0.0 0.18 [0.18]
933254000000000.0 76069500000000.0 771796000000.0 3440360000.0 0.0 43634300000.0 1590020.0 0.0 4856010000000.0 3056170.0 0.0 0.0 2465330000.0 246371000000.0 1009230.0 1282170.0 0.0 0.2 [0.2]
933254000000000.0 74129500000000.0 753634000000.0 3255700000.0 0.0 42268300000.0 1471550.0 0.0 4849800000000.0 2815180.0 0.0 0.0 2459880000.0 244589000000.0 956789.0 1214370.0 0.0 0.22 [0.22]
933254000000000.0 72233500000000.0 735708000000.0 3079780000.0 0.0 40940500000.0 1361870.0 0.0 4843700000000.0 2593220.0 0.0 0.0 2454500000.0 242799000000.0 907060.0 1150120.0 0.0 0.24 [0.24]
933254000000000.0 70389100000000.0 718098000000.0 2912850000.0 0.0 39654400000.0 1260440.0 0.0 4837720000000.0 2389400.0 0.0 0.0 2449260000.0 241011000000.0 859931.0 1089260.0 0.0 0.26 [0.26]
933254000000000.0 68594700000000.0 700798000000.0 2754440000.0 0.0 38408300000.0 1166630.0 0.0 4831880000000.0 2202020.0 0.0 0.0 2444140000.0 239225000000.0 815265.0 1031630.0 0.0 0.28 [0.28]
933254000000000.0 66847000000000.0 683790000000.0 2604050000.0 0.0 37200100000.0 1079860.0 0.0 4826150000000.0 2029680.0 0.0 0.0 2439130000.0 237439000000.0 772926.0 977046.0 0.0 0.3 [0.3]
933254000000000.0 65145500000000.0 667078000000.0 2461340000.0 0.0 36029100000.0 999583.0 0.0 4820540000000.0 1871180.0 0.0 0.0 2434240000.0 235652000000.0 732792.0 925337.0 0.0 0.32 [0.32]
933254000000000.0 63489300000000.0 650661000000.0 2325960000.0 0.0 34894200000.0 925325.0 0.0 4815060000000.0 1725390.0 0.0 0.0 2429460000.0 233865000000.0 694746.0 876355.0 0.0 0.34 [0.34]
933254000000000.0 61875900000000.0 634532000000.0 2197510000.0 0.0 33793800000.0 856621.0 0.0 4809680000000.0 1591220.0 0.0 0.0 2424770000.0 232075000000.0 658675.0 829949.0 0.0 0.36 [0.36]
933254000000000.0 60305400000000.0 618692000000.0 2075700000.0 0.0 32727400000.0 793057.0 0.0 4804430000000.0 1467760.0 0.0 0.0 2420200000.0 230284000000.0 624476.0 785985.0 0.0 0.38 [0.38]
933254000000000.0 58776700000000.0 603142000000.0 1960230000.0 0.0 31693900000.0 734247.0 0.0 4799280000000.0 1354170.0 0.0 0.0 2415730000.0 228490000000.0 592049.0 744333.0 0.0 0.4 [0.4]
933254000000000.0 57286700000000.0 587873000000.0 1850720000.0 0.0 30691700000.0 679824.0 0.0 4794240000000.0 1249540.0 0.0 0.0 2411340000.0 226692000000.0 561300.0 704864.0 0.0 0.42 [0.42]
933254000000000.0 55836300000000.0 572880000000.0 1746920000.0 0.0 29720300000.0 629464.0 0.0 4789320000000.0 1153220.0 0.0 0.0 2407060000.0 224892000000.0 532143.0 667468.0 0.0 0.44 [0.44]
933254000000000.0 54423500000000.0 558159000000.0 1648530000.0 0.0 28778400000.0 582856.0 0.0 4784500000000.0 1064500.0 0.0 0.0 2402860000.0 223086000000.0 504491.0 632030.0 0.0 0.46 [0.46]
933254000000000.0 53047200000000.0 543710000000.0 1555290000.0 0.0 27865300000.0 539723.0 0.0 4779780000000.0 982762.0 0.0 0.0 2398750000.0 221277000000.0 478268.0 598451.0 0.0 0.48 [0.48]
933254000000000.0 51706800000000.0 529531000000.0 1466980000.0 0.0 26980200000.0 499804.0 0.0 4775160000000.0 907472.0 0.0 0.0 2394730000.0 219462000000.0 453399.0 566632.0 0.0 0.5 [0.5]
933254000000000.0 50400600000000.0 515616000000.0 1383300000.0 0.0 26121800000.0 462853.0 0.0 4770640000000.0 838066.0 0.0 0.0 2390780000.0 217642000000.0 429811.0 536476.0 0.0 0.52 [0.52]
933254000000000.0 49127800000000.0 501962000000.0 1304060000.0 0.0 25289600000.0 428650.0 0.0 4766220000000.0 774090.0 0.0 0.0 2386910000.0 215816000000.0 407439.0 507899.0 0.0 0.54 [0.54]
933254000000000.0 47883800000000.0 488537000000.0 1228880000.0 0.0 24481200000.0 396968.0 0.0 4761880000000.0 715061.0 0.0 0.0 2383090000.0 213975000000.0 386208.0 480799.0 0.0 0.56 [0.56]
933254000000000.0 46678800000000.0 475429000000.0 1157990000.0 0.0 23700200000.0 367682.0 0.0 4757660000000.0 660726.0 0.0 0.0 2379390000.0 212143000000.0 366093.0 455151.0 0.0 0.58 [0.58]
933254000000000.0 45500700000000.0 462541000000.0 1090750000.0 0.0 22941500000.0 340550.0 0.0 4753520000000.0 610557.0 0.0 0.0 2375740000.0 210297000000.0 347002.0 430828.0 0.0 0.6 [0.6]
933254000000000.0 44352400000000.0 449903000000.0 1027120000.0 0.0 22205900000.0 315432.0 0.0 4749470000000.0 564280.0 0.0 0.0 2372150000.0 208443000000.0 328895.0 407778.0 0.0 0.62 [0.62]
933254000000000.0 43233300000000.0 437514000000.0 966934000.0 0.0 21492600000.0 292179.0 0.0 4745510000000.0 521591.0 0.0 0.0 2368620000.0 206582000000.0 311719.0 385934.0 0.0 0.64 [0.64]
933254000000000.0 42142400000000.0 425367000000.0 910002000.0 0.0 20801000000.0 270649.0 0.0 4741630000000.0 482193.0 0.0 0.0 2365160000.0 204714000000.0 295428.0 365233.0 0.0 0.66 [0.66]
933254000000000.0 41076500000000.0 413440000000.0 856084000.0 0.0 20129500000.0 250705.0 0.0 4737830000000.0 445810.0 0.0 0.0 2361730000.0 202832000000.0 279967.0 345605.0 0.0 0.68 [0.68]
933254000000000.0 40039800000000.0 401773000000.0 805194000.0 0.0 19479400000.0 232250.0 0.0 4734120000000.0 412247.0 0.0 0.0 2358380000.0 200949000000.0 265310.0 327016.0 0.0 0.7 [0.7]
933254000000000.0 39031400000000.0 390361000000.0 757177000.0 0.0 18849800000.0 215170.0 0.0 4730500000000.0 381277.0 0.0 0.0 2355110000.0 199064000000.0 251414.0 309412.0 0.0 0.72 [0.72]
933254000000000.0 38045700000000.0 379161000000.0 711721000.0 0.0 18238500000.0 199347.0 0.0 4726950000000.0 352660.0 0.0 0.0 2351860000.0 197164000000.0 238227.0 292721.0 0.0 0.74 [0.74]
933254000000000.0 37084700000000.0 368191000000.0 668782000.0 0.0 17645900000.0 184694.0 0.0 4723470000000.0 326232.0 0.0 0.0 2348670000.0 195258000000.0 225719.0 276905.0 0.0 0.76 [0.76]
933254000000000.0 36147300000000.0 357447000000.0 628227000.0 0.0 17071300000.0 171126.0 0.0 4720080000000.0 301818.0 0.0 0.0 2345520000.0 193343000000.0 213856.0 261921.0 0.0 0.78 [0.78]
933254000000000.0 35233200000000.0 346928000000.0 589938000.0 0.0 16514200000.0 158562.0 0.0 4716750000000.0 279263.0 0.0 0.0 2342410000.0 191421000000.0 202606.0 247724.0 0.0 0.8 [0.8]
933254000000000.0 34341600000000.0 336630000000.0 553797000.0 0.0 15974000000.0 146927.0 0.0 4713500000000.0 258424.0 0.0 0.0 2339340000.0 189491000000.0 191935.0 234275.0 0.0 0.82 [0.82]
933254000000000.0 33471900000000.0 326551000000.0 519694000.0 0.0 15450400000.0 136153.0 0.0 4710320000000.0 239165.0 0.0 0.0 2336310000.0 187553000000.0 181816.0 221534.0 0.0 0.84 [0.84]
933254000000000.0 32623600000000.0 316689000000.0 487524000.0 0.0 14942800000.0 126175.0 0.0 4707210000000.0 221366.0 0.0 0.0 2333320000.0 185609000000.0 172220.0 209465.0 0.0 0.86 [0.86]
933254000000000.0 31796000000000.0 307041000000.0 457186000.0 0.0 14450800000.0 116934.0 0.0 4704160000000.0 204912.0 0.0 0.0 2330360000.0 183657000000.0 163120.0 198034.0 0.0 0.88 [0.88]
933254000000000.0 30988700000000.0 297605000000.0 428586000.0 0.0 13973800000.0 108376.0 0.0 4701180000000.0 189701.0 0.0 0.0 2327430000.0 181699000000.0 154491.0 187207.0 0.0 0.9 [0.9]
933254000000000.0 30201000000000.0 288379000000.0 401633000.0 0.0 13511500000.0 100450.0 0.0 4698270000000.0 175637.0 0.0 0.0 2324530000.0 179734000000.0 146309.0 176954.0 0.0 0.92 [0.92]
933254000000000.0 29432400000000.0 279361000000.0 376240000.0 0.0 13063400000.0 93109.1 0.0 4695420000000.0 162631.0 0.0 0.0 2321660000.0 177763000000.0 138552.0 167244.0 0.0 0.94 [0.94]
933254000000000.0 28682500000000.0 270547000000.0 352326000.0 0.0 12629100000.0 86310.4 0.0 4692630000000.0 150603.0 0.0 0.0 2318810000.0 175787000000.0 131197.0 158050.0 0.0 0.96 [0.96]
933254000000000.0 27950700000000.0 261937000000.0 329812000.0 0.0 12208300000.0 80013.5 0.0 4689900000000.0 139477.0 0.0 0.0 2315980000.0 173805000000.0 124224.0 149345.0 0.0 0.98 [0.98]
933254000000000.0 27236400000000.0 253544000000.0 308818000.0 0.0 11800700000.0 74182.8 0.0 4687230000000.0 129182.0 0.0 0.0 2313170000.0 171819000000.0 117615.0 141107.0 0.0 1.0 [1.0]
