Cloudy_runs/3c57/z=0.07743/logZ=1/component_II_PI_nH/component_II_PI_nH_col_density_param.txt
# %ECSV 1.0
# ---
# datatype:
# - {name: H, datatype: float64}
# - {name: H+, datatype: float64}
# - {name: C+, datatype: float64}
# - {name: C+2, datatype: float64}
# - {name: C+3, datatype: float64}
# - {name: N+, datatype: float64}
# - {name: N+2, datatype: float64}
# - {name: N+4, datatype: float64}
# - {name: O, datatype: float64}
# - {name: O+2, datatype: float64}
# - {name: O+5, datatype: float64}
# - {name: O+6, datatype: float64}
# - {name: P+, datatype: float64}
# - {name: Si+, datatype: float64}
# - {name: Si+2, datatype: float64}
# - {name: Si+3, datatype: float64}
# - {name: Si+4, datatype: float64}
# - {name: Fe+, datatype: float64}
# - {name: Al+, datatype: float64}
# - {name: log_nH, datatype: float64}
# - {name: parameters, datatype: string, subtype: 'float64[1]'}
# schema: astropy-2.0
H H+ C+ C+2 C+3 N+ N+2 N+4 O O+2 O+5 O+6 P+ Si+ Si+2 Si+3 Si+4 Fe+ Al+ log_nH parameters
72443600000000.0 1.35864e+18 156823000000.0 51649400000000.0 306746000000000.0 12204400000.0 9027640000000.0 226450000000000.0 885128.0 27466100000000.0 2152750000000000.0 1715890000000000.0 6798020.0 239938000.0 24247900000.0 303637000000.0 15609200000000.0 163170.0 24684500.0 -5.0 [-5.0]
72443600000000.0 1.27366e+18 167311000000.0 53255000000000.0 308794000000000.0 13581500000.0 9704390000000.0 220244000000000.0 1080650.0 29930300000000.0 2001540000000000.0 1505900000000000.0 7850810.0 270507000.0 27242300000.0 344250000000.0 16510900000000.0 202550.0 28362200.0 -4.98 [-4.98]
72443600000000.0 1.19319e+18 178897000000.0 54890900000000.0 310431000000000.0 15148900000.0 10425900000000.0 213644000000000.0 1322990.0 32557400000000.0 1854230000000000.0 1316410000000000.0 9077110.0 304691000.0 30543900000.0 389932000000.0 17433700000000.0 251358.0 32450200.0 -4.96 [-4.96]
72443600000000.0 1.11692e+18 191781000000.0 56571200000000.0 311635000000000.0 16937600000.0 11194100000000.0 206655000000000.0 1623830.0 35348400000000.0 1711240000000000.0 1145880000000000.0 10510000.0 343044000.0 34182100000.0 441297000000.0 18374700000000.0 311853.0 36962500.0 -4.94 [-4.94]
72443600000000.0 1.04446e+18 206186000000.0 58309200000000.0 312378000000000.0 18984700000.0 12010900000000.0 199271000000000.0 1998070.0 38303000000000.0 1572860000000000.0 992678000000000.0 12188500.0 386214000.0 38190200000.0 499121000000.0 19331800000000.0 386880.0 41899800.0 -4.92 [-4.92]
72443600000000.0 9.75696e+17 222455000000.0 60135900000000.0 312624000000000.0 21334900000.0 12877600000000.0 191511000000000.0 2463960.0 41414400000000.0 1439580000000000.0 855741000000000.0 14166400.0 435306000.0 42620500000.0 564082000000.0 20299400000000.0 479926.0 47262600.0 -4.9 [-4.9]
72443600000000.0 9.09936e+17 240941000000.0 62069400000000.0 312334000000000.0 24046000000.0 13797200000000.0 183336000000000.0 3047020.0 44682100000000.0 1311160000000000.0 733181000000000.0 16502900.0 491309000.0 47523400000.0 637534000000.0 21278500000000.0 595710.0 53001000.0 -4.88 [-4.88]
72443600000000.0 8.46997e+17 262225000000.0 64160500000000.0 311448000000000.0 27187300000.0 14771000000000.0 174749000000000.0 3778520.0 48093100000000.0 1187940000000000.0 623953000000000.0 19284800.0 556202000.0 52993100000.0 720637000000.0 22263400000000.0 740026.0 59066700.0 -4.86 [-4.86]
72443500000000.0 7.86645e+17 287075000000.0 66474700000000.0 309892000000000.0 30843900000.0 15799800000000.0 165748000000000.0 4699080.0 51628100000000.0 1070140000000000.0 527008000000000.0 22627500.0 632865000.0 59168000000.0 814803000000.0 23248300000000.0 920382.0 65393000.0 -4.84 [-4.84]
72443600000000.0 7.28483e+17 316550000000.0 69097400000000.0 307558000000000.0 35124100000.0 16883500000000.0 156302000000000.0 5863590.0 55261300000000.0 957758000000000.0 441152000000000.0 26687400.0 725552000.0 66256900000.0 922009000000.0 24227800000000.0 1146810.0 71883100.0 -4.82 [-4.82]
72443500000000.0 6.72055e+17 352234000000.0 72153700000000.0 304298000000000.0 40171900000.0 18021300000000.0 146367000000000.0 7348120.0 58955200000000.0 850666000000000.0 365224000000000.0 31691800.0 841107000.0 74597400000.0 1044920000000.0 25195500000000.0 1433210.0 78446600.0 -4.8 [-4.8]
72443600000000.0 6.16863e+17 396483000000.0 75821000000000.0 299882000000000.0 46171400000.0 19208300000000.0 135885000000000.0 9258070.0 62644000000000.0 748676000000000.0 298234000000000.0 37981700.0 990871000.0 84740200000.0 1187100000000.0 26142300000000.0 1798940.0 85070100.0 -4.78 [-4.78]
72443500000000.0 5.61914e+17 453344000000.0 80387100000000.0 293917000000000.0 53406200000.0 20437800000000.0 124703000000000.0 11760600.0 66227900000000.0 650968000000000.0 238896000000000.0 46126700.0 1195340000.0 97663400000.0 1354880000000.0 27059900000000.0 2274640.0 91952500.0 -4.76 [-4.76]
72443500000000.0 5.05987e+17 529949000000.0 86316100000000.0 285732000000000.0 62283300000.0 21687400000000.0 112610000000000.0 15125000.0 69514500000000.0 556523000000000.0 186102000000000.0 57161400.0 1494890000.0 115179000000.0 1558340000000.0 27929700000000.0 2911130.0 100151000.0 -4.74 [-4.74]
72443400000000.0 4.46563e+17 641372000000.0 94461200000000.0 273923000000000.0 73504200000.0 22897500000000.0 99140500000000.0 19879700.0 72100000000000.0 462744000000000.0 138342000000000.0 73344200.0 1983060000.0 141084000000.0 1818800000000.0 28715600000000.0 3811030.0 113365000.0 -4.72 [-4.72]
72443500000000.0 3.81906e+17 815199000000.0 105778000000000.0 256263000000000.0 87710300000.0 23861100000000.0 84109500000000.0 26978000.0 73195600000000.0 367512000000000.0 95387500000000.0 99603800.0 2880840000.0 182176000000.0 2168410000000.0 29285600000000.0 5178530.0 143438000.0 -4.7 [-4.7]
72443400000000.0 3.36751e+17 986013000000.0 114776000000000.0 240478000000000.0 100255000000.0 24432500000000.0 73180900000000.0 34714100.0 73972000000000.0 299330000000000.0 69458500000000.0 130182000.0 3982320000.0 224333000000.0 2472340000000.0 29418000000000.0 6766370.0 187225000.0 -4.68 [-4.68]
72443400000000.0 2.93835e+17 1201770000000.0 123795000000000.0 221955000000000.0 113549000000.0 24611200000000.0 62907900000000.0 45041200.0 73870800000000.0 236554000000000.0 48689400000000.0 173480000.0 5655990000.0 276289000000.0 2814520000000.0 29196400000000.0 8944840.0 255849000.0 -4.66 [-4.66]
72443400000000.0 2.52921e+17 1476580000000.0 132069000000000.0 200433000000000.0 127236000000.0 24275800000000.0 53410000000000.0 59397700.0 72989100000000.0 178608000000000.0 32313200000000.0 237672000.0 8278400000.0 338572000000.0 3198140000000.0 28516100000000.0 12020300.0 362369000.0 -4.64 [-4.64]
72443400000000.0 2.14762e+17 1817520000000.0 138315000000000.0 176471000000000.0 140780000000.0 23351400000000.0 44888100000000.0 80193000.0 71782300000000.0 127083000000000.0 20087900000000.0 336409000.0 12395900000.0 409107000000.0 3612350000000.0 27280600000000.0 16448400.0 523245000.0 -4.62 [-4.62]
72443300000000.0 1.81882e+17 2192930000000.0 141114000000000.0 152624000000000.0 153778000000.0 22017300000000.0 37643600000000.0 110055000.0 71137500000000.0 86466400000000.0 11985600000000.0 481752000.0 18386400000.0 481309000000.0 4012100000000.0 25563500000000.0 22634200.0 743414000.0 -4.6 [-4.6]
72443300000000.0 1.56499e+17 2534220000000.0 140491000000000.0 132225000000000.0 166471000000.0 20714300000000.0 31820900000000.0 149266000.0 71532600000000.0 59231900000000.0 7316180000000.0 665942000.0 25948300000.0 548263000000.0 4339780000000.0 23692200000000.0 30527600.0 998549000.0 -4.58 [-4.58]
72443400000000.0 1.3735e+17 2813370000000.0 137748000000000.0 115768000000000.0 179413000000.0 19644900000000.0 27134100000000.0 197219000.0 72573400000000.0 41922600000000.0 4691450000000.0 874617000.0 34756600000.0 609470000000.0 4587550000000.0 21893500000000.0 40034800.0 1266710000.0 -4.56 [-4.56]
72443400000000.0 1.22435e+17 3036050000000.0 133904000000000.0 102379000000000.0 192858000000.0 18790800000000.0 23278400000000.0 254011000.0 73807000000000.0 30631700000000.0 3144050000000.0 1100070000.0 44761800000.0 666513000000.0 4771360000000.0 20225500000000.0 51265600.0 1540570000.0 -4.54 [-4.54]
72443500000000.0 1.10337e+17 3214250000000.0 129481000000000.0 91202000000000.0 206867000000.0 18087000000000.0 20044900000000.0 320535000.0 74990500000000.0 22929900000000.0 2176770000000.0 1339940000.0 56069400000.0 720547000000.0 4906470000000.0 18681400000000.0 64481000.0 1819960000.0 -4.52 [-4.52]
72443500000000.0 1.00191e+17 3357270000000.0 124741000000000.0 81656700000000.0 221443000000.0 17481000000000.0 17296600000000.0 398154000.0 76015900000000.0 17467000000000.0 1542430000000.0 1593610000.0 68830700000.0 772099000000.0 5003040000000.0 17244200000000.0 80023300.0 2106210000.0 -4.5 [-4.5]
72443500000000.0 9.15054e+16 3471530000000.0 119851000000000.0 73393600000000.0 236551000000.0 16942700000000.0 14947900000000.0 488210000.0 76836300000000.0 13488500000000.0 1112740000000.0 1859770000.0 83148900000.0 821238000000.0 5067320000000.0 15904800000000.0 98238900.0 2399800000.0 -4.48 [-4.48]
72443500000000.0 8.39498e+16 3561880000000.0 114914000000000.0 66164900000000.0 252155000000.0 16450900000000.0 12932600000000.0 592266000.0 77435900000000.0 10529000000000.0 814110000000.0 2137160000.0 99126800000.0 867901000000.0 5103890000000.0 14654700000000.0 119520000.0 2701310000.0 -4.46 [-4.46]
72443500000000.0 7.73128e+16 3632470000000.0 110018000000000.0 59802100000000.0 268207000000.0 15994300000000.0 11201600000000.0 711783000.0 77813100000000.0 8295380000000.0 602818000000.0 2423880000.0 116812000000.0 911973000000.0 5116170000000.0 13490000000000.0 144261000.0 3010960000.0 -4.44 [-4.44]
72443500000000.0 7.14178e+16 3686370000000.0 105200000000000.0 54158900000000.0 284679000000.0 15561100000000.0 9709740000000.0 848745000.0 77976400000000.0 6583750000000.0 450613000000.0 2718530000.0 136296000000.0 953311000000.0 5106890000000.0 12403200000000.0 172952000.0 3329470000.0 -4.42 [-4.42]
72443500000000.0 6.61334e+16 3725930000000.0 100481000000000.0 49122800000000.0 301549000000.0 15143000000000.0 8420080000000.0 1005450000.0 77936900000000.0 5255490000000.0 339350000000.0 3019550000.0 157674000000.0 991755000000.0 5078150000000.0 11387800000000.0 206150000.0 3657490000.0 -4.4 [-4.4]
72443600000000.0 6.13743e+16 3753430000000.0 95894500000000.0 44615700000000.0 318769000000.0 14736600000000.0 7305090000000.0 1184000000.0 77706100000000.0 4216920000000.0 257256000000.0 3324630000.0 180965000000.0 1027140000000.0 5031870000000.0 10441000000000.0 244399000.0 3995210000.0 -4.38 [-4.38]
72443600000000.0 5.70669e+16 3770750000000.0 91456100000000.0 40568700000000.0 336299000000.0 14338300000000.0 6340130000000.0 1386830000.0 77297000000000.0 3398600000000.0 196129000000.0 3631660000.0 206196000000.0 1059320000000.0 4969740000000.0 9559250000000.0 288323000.0 4343040000.0 -4.36 [-4.36]
72443600000000.0 5.31498e+16 3779360000000.0 87173500000000.0 36923400000000.0 354102000000.0 13945500000000.0 5503980000000.0 1616670000.0 76722200000000.0 2749280000000.0 150239000000.0 3938490000.0 233386000000.0 1088150000000.0 4893230000000.0 8738550000000.0 338613000.0 4701380000.0 -4.34 [-4.34]
72443600000000.0 4.95764e+16 3780720000000.0 83055600000000.0 33632900000000.0 372042000000.0 13557000000000.0 4779250000000.0 1876460000.0 75993800000000.0 2231420000000.0 115574000000.0 4242900000.0 262511000000.0 1113530000000.0 4803770000000.0 7976050000000.0 395995000.0 5070520000.0 -4.32 [-4.32]
72443600000000.0 4.63067e+16 3776040000000.0 79105500000000.0 30656500000000.0 390097000000.0 13171700000000.0 4150780000000.0 2169180000.0 75123900000000.0 1816380000000.0 89237200000.0 4542750000.0 293532000000.0 1135350000000.0 4702720000000.0 7268680000000.0 461259000.0 5450750000.0 -4.3 [-4.3]
72443600000000.0 4.33067e+16 3766350000000.0 75323700000000.0 27959100000000.0 408277000000.0 12789100000000.0 3605540000000.0 2498030000.0 74124100000000.0 1482320000000.0 69127200000.0 4836040000.0 326382000000.0 1153530000000.0 4591330000000.0 6613460000000.0 535251000.0 5842320000.0 -4.28 [-4.28]
72443600000000.0 4.05448e+16 3752340000000.0 71704300000000.0 25509000000000.0 426554000000.0 12408200000000.0 3131990000000.0 2866850000.0 73005300000000.0 1212180000000.0 53690100000.0 5120960000.0 361017000000.0 1168010000000.0 4470650000000.0 6006930000000.0 618963000.0 6245770000.0 -4.26 [-4.26]
72443600000000.0 3.79981e+16 3734920000000.0 68246800000000.0 23281200000000.0 444881000000.0 12029500000000.0 2720760000000.0 3279260000.0 71777200000000.0 993132000000.0 41800900000.0 5395770000.0 397295000000.0 1178700000000.0 4341960000000.0 5446680000000.0 713351000.0 6660850000.0 -4.24 [-4.24]
72443600000000.0 3.5645e+16 3714620000000.0 64946800000000.0 21252900000000.0 463221000000.0 11652900000000.0 2363590000000.0 3739350000.0 70450600000000.0 814975000000.0 32612200000.0 5658860000.0 435087000000.0 1185590000000.0 4206340000000.0 4930020000000.0 819483000.0 7087700000.0 -4.22 [-4.22]
72443600000000.0 3.34657e+16 3691920000000.0 61797300000000.0 19403700000000.0 481546000000.0 11278500000000.0 2053170000000.0 4251670000.0 69034600000000.0 669632000000.0 25486100000.0 5908890000.0 474248000000.0 1188660000000.0 4064790000000.0 4454140000000.0 938549000.0 7526380000.0 -4.2 [-4.2]
72443600000000.0 3.14437e+16 3667190000000.0 58792500000000.0 17716000000000.0 499827000000.0 10906700000000.0 1783330000000.0 4821040000.0 67537900000000.0 550773000000.0 19944500000.0 6144660000.0 514598000000.0 1187900000000.0 3918290000000.0 4016520000000.0 1071810000.0 7976840000.0 -4.18 [-4.18]
72443600000000.0 2.95623e+16 3640410000000.0 55922000000000.0 16173800000000.0 518043000000.0 10537100000000.0 1548520000000.0 5453170000.0 65967300000000.0 453275000000.0 15620900000.0 6364890000.0 555977000000.0 1183270000000.0 3767630000000.0 3614370000000.0 1220690000.0 8438740000.0 -4.16 [-4.16]
72443600000000.0 2.78113e+16 3612300000000.0 53185000000000.0 14763800000000.0 536158000000.0 10170900000000.0 1344370000000.0 6152970000.0 64332500000000.0 373258000000.0 12245100000.0 6569060000.0 598107000000.0 1174920000000.0 3613910000000.0 3245890000000.0 1386560000.0 8912070000.0 -4.14 [-4.14]
72443600000000.0 2.61785e+16 3582880000000.0 50573700000000.0 13474000000000.0 554149000000.0 9808300000000.0 1166800000000.0 6926560000.0 62640700000000.0 307462000000.0 9603950000.0 6756280000.0 640754000000.0 1162870000000.0 3457950000000.0 2908760000000.0 1570990000.0 9396280000.0 -4.12 [-4.12]
72443600000000.0 2.46532e+16 3552260000000.0 48081100000000.0 12293100000000.0 572001000000.0 9449500000000.0 1012310000000.0 7780550000.0 60898500000000.0 253273000000.0 7533990000.0 6926030000.0 683662000000.0 1147220000000.0 3300540000000.0 2600800000000.0 1775710000.0 9891080000.0 -4.1 [-4.1]
72443600000000.0 2.32272e+16 3520590000000.0 45702500000000.0 11212000000000.0 589684000000.0 9095080000000.0 877938000000.0 8721510000.0 59113700000000.0 208617000000.0 5910580000.0 7077850000.0 726531000000.0 1128100000000.0 3142540000000.0 2320170000000.0 2002420000.0 10395700000.0 -4.08 [-4.08]
72443600000000.0 2.18917e+16 3487880000000.0 43431600000000.0 10221800000000.0 607182000000.0 8745290000000.0 761048000000.0 9756970000.0 57292300000000.0 171776000000.0 4635950000.0 7211450000.0 769072000000.0 1105640000000.0 2984650000000.0 2064900000000.0 2253080000.0 10909600000.0 -4.06 [-4.06]
72443600000000.0 2.0641e+16 3454500000000.0 41266300000000.0 9314420000000.0 624475000000.0 8400980000000.0 659390000000.0 10894600000.0 55446200000000.0 141378000000.0 3635050000.0 7327080000.0 811014000000.0 1080190000000.0 2828030000000.0 1833000000000.0 2531540000.0 11432300000.0 -4.04 [-4.04]
72443600000000.0 1.94695e+16 3420880000000.0 39205300000000.0 8481720000000.0 641557000000.0 8063070000000.0 570902000000.0 12144000000.0 53593000000000.0 116270000000.0 2848510000.0 7425430000.0 852214000000.0 1052240000000.0 2674120000000.0 1621990000000.0 2846990000.0 11963600000.0 -4.02 [-4.02]
72443600000000.0 1.83699e+16 3386580000000.0 37238500000000.0 7718870000000.0 658386000000.0 7731100000000.0 494018000000.0 13511800000.0 51721500000000.0 95550700000.0 2230740000.0 7505890000.0 892097000000.0 1021580000000.0 2522280000000.0 1431570000000.0 3195700000.0 12501600000.0 -4.0 [-4.0]
72443600000000.0 1.73368e+16 3351690000000.0 35361500000000.0 7020080000000.0 674940000000.0 7405450000000.0 427240000000.0 15006700000.0 49838000000000.0 78454700000.0 1745590000.0 7568770000.0 930336000000.0 988483000000.0 2373130000000.0 1260200000000.0 3580620000.0 13045500000.0 -3.98 [-3.98]
72443600000000.0 1.63661e+16 3316350000000.0 33571300000000.0 6380270000000.0 691193000000.0 7086610000000.0 369288000000.0 16637100000.0 47949400000000.0 64359800000.0 1364910000.0 7614610000.0 966594000000.0 953280000000.0 2227330000000.0 1106490000000.0 4004660000.0 13593900000.0 -3.96 [-3.96]
