Cloudy_runs/3c57/z=0.07743/logZ=1/component_II_PI_nH/component_II_PI_nH_col_density_param.txt
# %ECSV 1.0
# ---
# datatype:
# - {name: H, datatype: float64}
# - {name: H+, datatype: float64}
# - {name: C+, datatype: float64}
# - {name: C+2, datatype: float64}
# - {name: C+3, datatype: float64}
# - {name: N+, datatype: float64}
# - {name: N+2, datatype: float64}
# - {name: N+4, datatype: float64}
# - {name: O, datatype: float64}
# - {name: O+2, datatype: float64}
# - {name: O+5, datatype: float64}
# - {name: O+6, datatype: float64}
# - {name: P+, datatype: float64}
# - {name: Si+, datatype: float64}
# - {name: Si+2, datatype: float64}
# - {name: Si+3, datatype: float64}
# - {name: Si+4, datatype: float64}
# - {name: Fe+, datatype: float64}
# - {name: Al+, datatype: float64}
# - {name: log_nH, datatype: float64}
# - {name: parameters, datatype: string, subtype: 'float64[1]'}
# schema: astropy-2.0
H H+ C+ C+2 C+3 N+ N+2 N+4 O O+2 O+5 O+6 P+ Si+ Si+2 Si+3 Si+4 Fe+ Al+ log_nH parameters
[from data line 245]
72443600000000.0 7538820000000.0 74842400000.0 439519000.0 0.0 4542070000.0 249920.0 0.0 382107000000.0 507418.0 0.0 0.0 195847000.0 20525800000.0 130722.0 172657.0 0.0 25236200000.0 2243310000.0 -0.1 [-0.1]
72443600000000.0 7342800000000.0 73185100000.0 416591000.0 0.0 4399500000.0 231145.0 0.0 381517000000.0 466410.0 0.0 0.0 195307000.0 20381600000.0 123880.0 163474.0 0.0 25174300000.0 2238030000.0 -0.08 [-0.08]
72443600000000.0 7152220000000.0 71554000000.0 394798000.0 0.0 4261440000.0 213798.0 0.0 380938000000.0 428819.0 0.0 0.0 194782000.0 20238200000.0 117403.0 154787.0 0.0 25114100000.0 2232900000.0 -0.06 [-0.06]
72443600000000.0 6966920000000.0 69949100000.0 374084000.0 0.0 4127750000.0 197769.0 0.0 380372000000.0 394352.0 0.0 0.0 194269000.0 20095600000.0 111271.0 146569.0 0.0 25055600000.0 2227900000.0 -0.04 [-0.04]
72443600000000.0 6787460000000.0 68375500000.0 354459000.0 0.0 3998640000.0 182975.0 0.0 379819000000.0 362781.0 0.0 0.0 193773000.0 19954500000.0 105470.0 138800.0 0.0 24998900000.0 2223060000.0 -0.02 [-0.02]
72443600000000.0 6611530000000.0 66816700000.0 335695000.0 0.0 3872900000.0 169267.0 0.0 379273000000.0 333741.0 0.0 0.0 193283000.0 19812400000.0 99967.3 131434.0 0.0 24943300000.0 2218320000.0 -0.0 [-0.0]
72443600000000.0 6441100000000.0 65288600000.0 317922000.0 0.0 3751440000.0 156613.0 0.0 378740000000.0 307128.0 0.0 0.0 192807000.0 19671500000.0 94760.1 124470.0 0.0 24889500000.0 2213720000.0 0.02 [0.02]
72443600000000.0 6275330000000.0 63785700000.0 301037000.0 0.0 3633790000.0 144916.0 0.0 378219000000.0 282702.0 0.0 0.0 192343000.0 19531200000.0 89827.9 117878.0 0.0 24837100000.0 2209240000.0 0.04 [0.04]
72443600000000.0 6114080000000.0 62307600000.0 284997000.0 0.0 3519820000.0 134101.0 0.0 377708000000.0 260278.0 0.0 0.0 191891000.0 19391300000.0 85155.7 111637.0 0.0 24786100000.0 2204890000.0 0.06 [0.06]
72443600000000.0 5957190000000.0 60854200000.0 269763000.0 0.0 3409400000.0 124102.0 0.0 377208000000.0 239685.0 0.0 0.0 191449000.0 19251600000.0 80729.1 105729.0 0.0 24736500000.0 2200650000.0 0.08 [0.08]
72443600000000.0 5805080000000.0 59429500000.0 255332000.0 0.0 3302680000.0 114866.0 0.0 376719000000.0 220791.0 0.0 0.0 191021000.0 19113000000.0 76537.8 100140.0 0.0 24688400000.0 2196540000.0 0.1 [0.1]
72443600000000.0 5656510000000.0 58024500000.0 241591000.0 0.0 3199010000.0 106314.0 0.0 376240000000.0 203409.0 0.0 0.0 190600000.0 18973900000.0 72563.2 94842.7 0.0 24641500000.0 2192520000.0 0.12 [0.12]
72443600000000.0 5511950000000.0 56643400000.0 228544000.0 0.0 3098550000.0 98405.7 0.0 375770000000.0 187436.0 0.0 0.0 190188000.0 18835000000.0 68796.4 89826.5 0.0 24595800000.0 2188610000.0 0.14 [0.14]
72443600000000.0 5371230000000.0 55285900000.0 216158000.0 0.0 3001200000.0 91090.8 0.0 375310000000.0 172753.0 0.0 0.0 189786000.0 18696100000.0 65226.4 85075.6 0.0 24551200000.0 2184800000.0 0.16 [0.16]
72443600000000.0 5234270000000.0 53951700000.0 204401000.0 0.0 2906860000.0 84324.2 0.0 374860000000.0 159253.0 0.0 0.0 189394000.0 18557400000.0 61842.4 80575.6 0.0 24507900000.0 2181100000.0 0.18 [0.18]
72443600000000.0 5100930000000.0 52640600000.0 193243000.0 0.0 2815420000.0 78064.7 0.0 374419000000.0 146836.0 0.0 0.0 189010000.0 18418600000.0 58634.7 76313.3 0.0 24465700000.0 2177490000.0 0.2 [0.2]
72443600000000.0 4971130000000.0 51352500000.0 182656000.0 0.0 2726790000.0 72274.0 0.0 373988000000.0 135415.0 0.0 0.0 188634000.0 18279700000.0 55593.8 72275.8 0.0 24424700000.0 2173970000.0 0.22 [0.22]
72443600000000.0 4844760000000.0 50087000000.0 172610000.0 0.0 2640890000.0 66916.1 0.0 373566000000.0 124906.0 0.0 0.0 188267000.0 18140800000.0 52710.8 68450.7 0.0 24384700000.0 2170550000.0 0.24 [0.24]
72443600000000.0 4721700000000.0 48843900000.0 163080000.0 0.0 2557620000.0 61958.7 0.0 373153000000.0 115236.0 0.0 0.0 187908000.0 18001700000.0 49977.3 64826.8 0.0 24345700000.0 2167210000.0 0.26 [0.26]
72443600000000.0 4601870000000.0 47623500000.0 154043000.0 0.0 2476920000.0 57371.7 0.0 372748000000.0 106333.0 0.0 0.0 187557000.0 17862500000.0 47385.4 61393.5 0.0 24307800000.0 2163960000.0 0.28 [0.28]
72443600000000.0 4485180000000.0 46424500000.0 145472000.0 0.0 2398670000.0 53126.5 0.0 372352000000.0 98137.6 0.0 0.0 187213000.0 17723000000.0 44927.6 58140.3 0.0 24270800000.0 2160800000.0 0.3 [0.3]
72443600000000.0 4371530000000.0 45247100000.0 137345000.0 0.0 2322820000.0 49197.9 0.0 371965000000.0 90590.5 0.0 0.0 186877000.0 17583300000.0 42596.9 55057.8 0.0 24234900000.0 2157710000.0 0.32 [0.32]
72443600000000.0 4260830000000.0 44091100000.0 129641000.0 0.0 2249280000.0 45561.8 0.0 371586000000.0 83639.2 0.0 0.0 186548000.0 17443200000.0 40386.6 52136.9 0.0 24199800000.0 2154710000.0 0.34 [0.34]
72443600000000.0 4153000000000.0 42956200000.0 122338000.0 0.0 2177980000.0 42196.4 0.0 371215000000.0 77234.7 0.0 0.0 186225000.0 17302800000.0 38290.3 49369.0 0.0 24165600000.0 2151780000.0 0.36 [0.36]
72443600000000.0 4047950000000.0 41842100000.0 115418000.0 0.0 2108850000.0 39081.3 0.0 370852000000.0 71332.9 0.0 0.0 185908000.0 17162000000.0 36302.1 46746.0 0.0 24132300000.0 2148930000.0 0.38 [0.38]
72443600000000.0 3945600000000.0 40748800000.0 108861000.0 0.0 2041830000.0 36197.8 0.0 370497000000.0 65893.6 0.0 0.0 185598000.0 17020800000.0 34416.4 44260.4 0.0 24099900000.0 2146150000.0 0.4 [0.4]
72443600000000.0 3845880000000.0 39675800000.0 102650000.0 0.0 1976840000.0 33528.4 0.0 370149000000.0 60879.1 0.0 0.0 185294000.0 16879100000.0 32627.8 41904.8 0.0 24068300000.0 2143430000.0 0.42 [0.42]
72443600000000.0 3748720000000.0 38623000000.0 96767600.0 0.0 1913830000.0 31057.3 0.0 369809000000.0 56255.6 0.0 0.0 184996000.0 16737000000.0 30931.3 39672.4 0.0 24037500000.0 2140790000.0 0.44 [0.44]
72443600000000.0 3654020000000.0 37590100000.0 91197300.0 0.0 1852730000.0 28769.5 0.0 369477000000.0 51991.5 0.0 0.0 184704000.0 16594400000.0 29322.2 37556.8 0.0 24007500000.0 2138220000.0 0.46 [0.46]
72443600000000.0 3561510000000.0 36574900000.0 85915000.0 0.0 1793410000.0 26650.2 0.0 369151000000.0 48055.4 0.0 0.0 184415000.0 16450700000.0 27795.0 35550.7 0.0 23978100000.0 2135700000.0 0.48 [0.48]
72443600000000.0 3471800000000.0 35583300000.0 80932400.0 0.0 1736050000.0 24690.3 0.0 368833000000.0 44429.4 0.0 0.0 184135000.0 16307600000.0 26347.9 33651.7 0.0 23949600000.0 2133260000.0 0.5 [0.5]
72443600000000.0 3384140000000.0 34608700000.0 76209000.0 0.0 1680350000.0 22874.5 0.0 368522000000.0 41080.7 0.0 0.0 183858000.0 16163300000.0 24974.4 31851.0 0.0 23921800000.0 2130870000.0 0.52 [0.52]
72443600000000.0 3298480000000.0 33651500000.0 71733700.0 0.0 1626270000.0 21192.2 0.0 368216000000.0 37988.5 0.0 0.0 183584000.0 16018000000.0 23671.0 30143.6 0.0 23894600000.0 2128530000.0 0.54 [0.54]
72443600000000.0 3215170000000.0 32714800000.0 67507200.0 0.0 1573900000.0 19635.4 0.0 367918000000.0 35135.6 0.0 0.0 183316000.0 15872600000.0 22435.2 28526.4 0.0 23868200000.0 2126260000.0 0.56 [0.56]
72443600000000.0 3134150000000.0 31798300000.0 63517300.0 0.0 1523190000.0 18194.5 0.0 367627000000.0 32503.0 0.0 0.0 183055000.0 15727100000.0 21263.5 26994.7 0.0 23842400000.0 2124050000.0 0.58 [0.58]
72443600000000.0 3054950000000.0 30898400000.0 59738400.0 0.0 1473950000.0 16859.4 0.0 367342000000.0 30070.5 0.0 0.0 182796000.0 15580600000.0 20151.5 25542.5 0.0 23817200000.0 2121890000.0 0.6 [0.6]
72443600000000.0 2977740000000.0 30016700000.0 56166800.0 0.0 1426210000.0 15623.0 0.0 367063000000.0 27823.8 0.0 0.0 182540000.0 15433400000.0 19096.7 24166.3 0.0 23792700000.0 2119780000.0 0.62 [0.62]
72443600000000.0 2902440000000.0 29152900000.0 52791800.0 0.0 1379920000.0 14477.9 0.0 366790000000.0 25748.4 0.0 0.0 182289000.0 15285600000.0 18096.2 22862.4 0.0 23768800000.0 2117720000.0 0.64 [0.64]
72443600000000.0 2829010000000.0 28306700000.0 49603500.0 0.0 1335030000.0 13417.5 0.0 366523000000.0 23830.9 0.0 0.0 182041000.0 15137200000.0 17147.2 21626.9 0.0 23745400000.0 2115720000.0 0.66 [0.66]
72443600000000.0 2757400000000.0 27478100000.0 46592500.0 0.0 1291510000.0 12435.3 0.0 366262000000.0 22058.9 0.0 0.0 181796000.0 14988300000.0 16247.1 20456.3 0.0 23722600000.0 2113760000.0 0.68 [0.68]
72443600000000.0 2687550000000.0 26666700000.0 43749700.0 0.0 1249320000.0 11525.6 0.0 366007000000.0 20421.3 0.0 0.0 181554000.0 14838700000.0 15393.4 19347.2 0.0 23700400000.0 2111840000.0 0.7 [0.7]
72443600000000.0 2619420000000.0 25872400000.0 41066400.0 0.0 1208420000.0 10683.1 0.0 365756000000.0 18907.5 0.0 0.0 181316000.0 14688600000.0 14583.7 18296.5 0.0 23678700000.0 2109980000.0 0.72 [0.72]
72443600000000.0 2552960000000.0 25095100000.0 38534500.0 0.0 1168760000.0 9902.72 0.0 365512000000.0 17507.9 0.0 0.0 181080000.0 14537900000.0 13815.7 17301.2 0.0 23657500000.0 2108160000.0 0.74 [0.74]
72443600000000.0 2488120000000.0 24334400000.0 36146100.0 0.0 1130320000.0 9179.87 0.0 365273000000.0 16213.9 0.0 0.0 180847000.0 14386600000.0 13087.4 16358.5 0.0 23636800000.0 2106380000.0 0.76 [0.76]
72443600000000.0 2424870000000.0 23590300000.0 33893800.0 0.0 1093050000.0 8510.32 0.0 365039000000.0 15017.2 0.0 0.0 180616000.0 14234900000.0 12396.8 15465.5 0.0 23616600000.0 2104650000.0 0.78 [0.78]
72443600000000.0 2363160000000.0 22862500000.0 31770600.0 0.0 1056920000.0 7890.11 0.0 364810000000.0 13910.3 0.0 0.0 180387000.0 14082600000.0 11741.9 14619.7 0.0 23596900000.0 2102950000.0 0.8 [0.8]
72443600000000.0 2302940000000.0 22151000000.0 29769700.0 0.0 1021910000.0 7315.6 0.0 364586000000.0 12886.4 0.0 0.0 180160000.0 13929800000.0 11120.9 13818.8 0.0 23577700000.0 2101300000.0 0.82 [0.82]
72443600000000.0 2244180000000.0 21455400000.0 27884800.0 0.0 987971000.0 6783.41 0.0 364367000000.0 11939.2 0.0 0.0 179935000.0 13776600000.0 10532.0 13060.4 0.0 23558900000.0 2099680000.0 0.84 [0.84]
72443600000000.0 2186810000000.0 20777700000.0 26134900.0 0.0 955103000.0 6290.59 0.0 364152000000.0 11062.2 0.0 0.0 179712000.0 13623100000.0 9973.79 12342.5 0.0 23540600000.0 2098100000.0 0.86 [0.86]
72443600000000.0 2130810000000.0 20117100000.0 24507800.0 0.0 923270000.0 5834.19 0.0 363943000000.0 10250.3 0.0 0.0 179489000.0 13469300000.0 9444.61 11663.2 0.0 23522700000.0 2096550000.0 0.88 [0.88]
72443600000000.0 2076160000000.0 19471800000.0 22974000.0 0.0 892419000.0 5411.34 0.0 363737000000.0 9498.92 0.0 0.0 179268000.0 13315100000.0 8942.94 11020.1 0.0 23505200000.0 2095040000.0 0.9 [0.9]
72443600000000.0 2022820000000.0 18841700000.0 21528900.0 0.0 862522000.0 5019.56 0.0 363537000000.0 8803.56 0.0 0.0 179048000.0 13160600000.0 8467.39 10411.3 0.0 23488100000.0 2093570000.0 0.92 [0.92]
72443600000000.0 1970750000000.0 18226300000.0 20167500.0 0.0 833551000.0 4656.57 0.0 363340000000.0 8159.94 0.0 0.0 178828000.0 13005800000.0 8016.6 9834.97 0.0 23471400000.0 2092120000.0 0.94 [0.94]
72443600000000.0 1919920000000.0 17625700000.0 18885600.0 0.0 805481000.0 4320.22 0.0 363148000000.0 7564.2 0.0 0.0 178609000.0 12850800000.0 7589.34 9289.56 0.0 23455100000.0 2090710000.0 0.96 [0.96]
72443600000000.0 1870310000000.0 17039600000.0 17679100.0 0.0 778286000.0 4008.57 0.0 362960000000.0 7012.78 0.0 0.0 178391000.0 12695600000.0 7184.4 8773.42 0.0 23439200000.0 2089340000.0 0.98 [0.98]
72443600000000.0 1821870000000.0 16467900000.0 16543900.0 0.0 751939000.0 3719.78 0.0 362776000000.0 6502.23 0.0 0.0 178172000.0 12540200000.0 6800.65 8285.02 0.0 23423600000.0 2087990000.0 1.0 [1.0]
