Cloudy_runs/p1103/z=0.003934/logZ=-1/component_III_PI_nH/component_III_PI_nH_col_density_param.txt
# %ECSV 1.0
# ---
# datatype:
# - {name: H, datatype: float64}
# - {name: H+, datatype: float64}
# - {name: C+, datatype: float64}
# - {name: C+2, datatype: float64}
# - {name: C+3, datatype: float64}
# - {name: N+, datatype: float64}
# - {name: N+2, datatype: float64}
# - {name: N+4, datatype: float64}
# - {name: O, datatype: float64}
# - {name: O+2, datatype: float64}
# - {name: O+5, datatype: float64}
# - {name: O+6, datatype: float64}
# - {name: P+, datatype: float64}
# - {name: Si+, datatype: float64}
# - {name: Si+2, datatype: float64}
# - {name: Si+3, datatype: float64}
# - {name: Si+4, datatype: float64}
# - {name: Fe+, datatype: float64}
# - {name: Al+, datatype: float64}
# - {name: log_nH, datatype: float64}
# - {name: parameters, datatype: string, subtype: 'float64[1]'}
# schema: astropy-2.0
H H+ C+ C+2 C+3 N+ N+2 N+4 O O+2 O+5 O+6 P+ Si+ Si+2 Si+3 Si+4 Fe+ Al+ log_nH parameters
[from data line 119]
89125100000000.0 4185850000000000.0 56390600000.0 58011400000.0 333033000.0 22305100000.0 6296250000.0 1000290.0 4294630000.0 37455700000.0 0.0 0.0 81892300.0 5616190000.0 7720800000.0 482509000.0 29075300.0 1428850000.0 680265000.0 -2.62 [-2.62]
89125100000000.0 3986810000000000.0 55060100000.0 54033100000.0 286524000.0 21658900000.0 5601120000.0 817027.0 4364630000.0 33235500000.0 0.0 0.0 79004500.0 5550830000.0 7199050000.0 428998000.0 24759300.0 1449350000.0 662852000.0 -2.6 [-2.6]
89125100000000.0 3797550000000000.0 53735200000.0 50305700000.0 246361000.0 21006900000.0 4976570000.0 666665.0 4430790000.0 29459200000.0 0.0 0.0 76196500.0 5481630000.0 6706600000.0 381118000.0 21074200.0 1468700000.0 645484000.0 -2.58 [-2.58]
89125100000000.0 3617600000000000.0 52417400000.0 46815200000.0 211706000.0 20352300000.0 4416530000.0 543456.0 4493160000.0 26085800000.0 0.0 0.0 73468100.0 5408730000.0 6242340000.0 338326000.0 17929600.0 1486910000.0 628196000.0 -2.56 [-2.56]
89125100000000.0 3446480000000000.0 51108300000.0 43548800000.0 181828000.0 19697700000.0 3915270000.0 442626.0 4551850000.0 23077400000.0 0.0 0.0 70819100.0 5332310000.0 5805190000.0 300124000.0 15247900.0 1503960000.0 611021000.0 -2.54 [-2.54]
89125100000000.0 3284440000000000.0 49814700000.0 40506300000.0 156164000.0 19049000000.0 3468720000.0 360414.0 4606840000.0 20406000000.0 0.0 0.0 68259900.0 5252870000.0 5395810000.0 266168000.0 12968800.0 1519770000.0 594065000.0 -2.52 [-2.52]
89125100000000.0 3129680000000000.0 48526800000.0 37650300000.0 133995000.0 18402100000.0 3069140000.0 293086.0 4658460000.0 18023100000.0 0.0 0.0 65768100.0 5170010000.0 5009520000.0 235812000.0 11020900.0 1534460000.0 577208000.0 -2.5 [-2.5]
89125100000000.0 2982500000000000.0 47251600000.0 34982200000.0 114921000.0 17762200000.0 2713270000.0 238169.0 4706740000.0 15906800000.0 0.0 0.0 63353700.0 5084250000.0 4647040000.0 208796000.0 9362340.0 1547950000.0 560548000.0 -2.48 [-2.48]
89125100000000.0 2842520000000000.0 45990000000.0 32491100000.0 98522900.0 17131300000.0 2396810000.0 193421.0 4751800000.0 14029800000.0 0.0 0.0 61016000.0 4995810000.0 4307340000.0 184777000.0 7951000.0 1560240000.0 544110000.0 -2.46 [-2.46]
89125100000000.0 2709380000000000.0 44743500000.0 30166700000.0 84432900.0 16510900000.0 2115760000.0 156992.0 4793780000.0 12366800000.0 0.0 0.0 58753800.0 4904950000.0 3989320000.0 163441000.0 6750550.0 1571320000.0 527914000.0 -2.44 [-2.44]
89125100000000.0 2582740000000000.0 43512900000.0 27998900000.0 72333400.0 15902600000.0 1866470000.0 127359.0 4832810000.0 10895100000.0 0.0 0.0 56566000.0 4811910000.0 3691960000.0 144505000.0 5729980.0 1581180000.0 511979000.0 -2.42 [-2.42]
89125100000000.0 2462280000000000.0 42299500000.0 25978400000.0 61949200.0 15307400000.0 1645620000.0 103274.0 4869050000.0 9593790000.0 0.0 0.0 54451500.0 4716950000.0 3414240000.0 127713000.0 4862750.0 1589800000.0 496324000.0 -2.4 [-2.4]
89125100000000.0 2347690000000000.0 41104100000.0 24096100000.0 53041800.0 14726400000.0 1450170000.0 83711.4 4902620000.0 8444300000.0 0.0 0.0 52409000.0 4620340000.0 3155160000.0 112833000.0 4126110.0 1597200000.0 480962000.0 -2.38 [-2.38]
89125100000000.0 2238680000000000.0 39927700000.0 22343600000.0 45404800.0 14160400000.0 1277370000.0 67832.5 4933680000.0 7429700000.0 0.0 0.0 50437100.0 4522330000.0 2913720000.0 99656100.0 3500640.0 1603360000.0 465908000.0 -2.36 [-2.36]
89125100000000.0 2134970000000000.0 38771200000.0 20712800000.0 38860100.0 13610000000.0 1124730000.0 54951.4 4962360000.0 6534880000.0 0.0 0.0 48534400.0 4423200000.0 2688990000.0 87996300.0 2969780.0 1608280000.0 451174000.0 -2.34 [-2.34]
89125100000000.0 2036290000000000.0 37635100000.0 19195900000.0 33253400.0 13075800000.0 990009000.0 44506.6 4988790000.0 5746170000.0 0.0 0.0 46699000.0 4323210000.0 2479980000.0 77683800.0 2519310.0 1611970000.0 436765000.0 -2.32 [-2.32]
89125100000000.0 1941810000000000.0 36513300000.0 17777000000.0 28431500.0 12554500000.0 870696000.0 36011.2 5013160000.0 5048650000.0 0.0 0.0 44918700.0 4221990000.0 2284600000.0 68527100.0 2135560.0 1614440000.0 422603000.0 -2.3 [-2.3]
89125100000000.0 1853070000000000.0 35427700000.0 16475500000.0 24343200.0 12056900000.0 766476000.0 29184.0 5035410000.0 4439940000.0 0.0 0.0 43225500.0 4121630000.0 2105750000.0 60517000.0 1813220.0 1615620000.0 408966000.0 -2.28 [-2.28]
89125100000000.0 1767490000000000.0 34350000000.0 15250400000.0 20809900.0 11569200000.0 673820000.0 23608.4 5055910000.0 3899480000.0 0.0 0.0 41572600.0 4019870000.0 1937610000.0 53371500.0 1537220.0 1615610000.0 395493000.0 -2.26 [-2.26]
89125100000000.0 1686600000000000.0 33302500000.0 14121000000.0 17803200.0 11101700000.0 592646000.0 19114.9 5074590000.0 3426420000.0 0.0 0.0 39992300.0 3918860000.0 1783020000.0 47098100.0 1304500.0 1614350000.0 382463000.0 -2.24 [-2.24]
89125100000000.0 1609650000000000.0 32278800000.0 13073200000.0 15232200.0 10651000000.0 521233000.0 15478.0 5091620000.0 3010590000.0 0.0 0.0 38472200.0 3818160000.0 1640100000.0 41564000.0 1107320.0 1611830000.0 369794000.0 -2.22 [-2.22]
89125100000000.0 1536430000000000.0 31279000000.0 12101600000.0 13033900.0 10217100000.0 458424000.0 12534.5 5107090000.0 2645170000.0 0.0 0.0 37010400.0 3718000000.0 1508060000.0 36682900.0 940241.0 1608070000.0 357482000.0 -2.2 [-2.2]
89125100000000.0 1466750000000000.0 30303100000.0 11200700000.0 11154200.0 9799420000.0 403191000.0 10152.4 5121120000.0 2324090000.0 0.0 0.0 35604800.0 3618590000.0 1386090000.0 32378300.0 798634.0 1603130000.0 345525000.0 -2.18 [-2.18]
89125100000000.0 1400410000000000.0 29351300000.0 10365800000.0 9547260.0 9397790000.0 354632000.0 8224.49 5133790000.0 2042060000.0 0.0 0.0 34253800.0 3520130000.0 1273530000.0 28582600.0 678610.0 1597030000.0 333920000.0 -2.16 [-2.16]
89125100000000.0 1337270000000000.0 28423700000.0 9592150000.0 8173480.0 9011860000.0 311952000.0 6664.27 5145180000.0 1794360000.0 0.0 0.0 32955600.0 3422770000.0 1169720000.0 25236300.0 576872.0 1589800000.0 322667000.0 -2.14 [-2.14]
89125100000000.0 1277160000000000.0 27520500000.0 8875660000.0 6999120.0 8641280000.0 274445000.0 5401.53 5155390000.0 1576850000.0 0.0 0.0 31708600.0 3326680000.0 1074070000.0 22286600.0 490627.0 1581460000.0 311762000.0 -2.12 [-2.12]
89125100000000.0 1220350000000000.0 26648200000.0 8217060000.0 6000310.0 8288360000.0 241645000.0 4383.63 5164460000.0 1386780000.0 0.0 0.0 30520100.0 3232700000.0 986644000.0 19699800.0 417868.0 1572110000.0 301280000.0 -2.1 [-2.1]
89125100000000.0 1165860000000000.0 25793600000.0 7602850000.0 5141500.0 7947270000.0 212673000.0 3555.55 5172510000.0 1219030000.0 0.0 0.0 29370500.0 3139580000.0 905556000.0 17406800.0 355808.0 1561650000.0 291060000.0 -2.08 [-2.08]
89125100000000.0 1113980000000000.0 24963300000.0 7034490000.0 4407250.0 7620300000.0 187219000.0 2885.05 5179570000.0 1071780000.0 0.0 0.0 28267300.0 3048100000.0 830983000.0 15385600.0 303161.0 1550190000.0 281176000.0 -2.06 [-2.06]
89125100000000.0 1064570000000000.0 24156900000.0 6508710000.0 3779400.0 7307000000.0 164855000.0 2342.03 5185710000.0 942497000.0 0.0 0.0 27208900.0 2958390000.0 762442000.0 13604000.0 258485.0 1537760000.0 271622000.0 -2.04 [-2.04]
89125100000000.0 1017530000000000.0 23374500000.0 6022430000.0 3242450.0 7006920000.0 145205000.0 1902.11 5190990000.0 829000000.0 0.0 0.0 26193600.0 2870520000.0 699477000.0 12033200.0 220559.0 1524410000.0 262392000.0 -2.02 [-2.02]
89125100000000.0 972241000000000.0 22607400000.0 5568060000.0 2779800.0 6716460000.0 127819000.0 1543.53 5195460000.0 728684000.0 0.0 0.0 25209400.0 2783640000.0 641049000.0 10638200.0 188117.0 1510010000.0 253384000.0 -2.0 [-2.0]
89125100000000.0 930049000000000.0 21880100000.0 5157090000.0 2390150.0 6444610000.0 112763000.0 1256.63 5199170000.0 641865000.0 0.0 0.0 24286500.0 2700600000.0 588612000.0 9426910.0 160980.0 1495100000.0 244880000.0 -1.98 [-1.98]
89125100000000.0 889403000000000.0 21167600000.0 4772860000.0 2053810.0 6181470000.0 99424600.0 1022.26 5202170000.0 565036000.0 0.0 0.0 23391700.0 2618670000.0 539941000.0 8349580.0 137712.0 1479240000.0 236585000.0 -1.96 [-1.96]
89125100000000.0 850373000000000.0 20472300000.0 4415000000.0 1764320.0 5927690000.0 87638900.0 831.299 5204470000.0 497228000.0 0.0 0.0 22527100.0 2538180000.0 494940000.0 7394020.0 117811.0 1462540000.0 228521000.0 -1.94 [-1.94]
89125100000000.0 813798000000000.0 19810400000.0 4089640000.0 1519260.0 5688960000.0 77388000.0 0.0 5206170000.0 438293000.0 0.0 0.0 21712300.0 2461060000.0 454398000.0 6560220.0 101071.0 1445380000.0 220878000.0 -1.92 [-1.92]
89125100000000.0 778655000000000.0 19164900000.0 3786470000.0 1307970.0 5458720000.0 68319600.0 0.0 5207260000.0 386222000.0 0.0 0.0 20925000.0 2385440000.0 416905000.0 5819690.0 86720.0 1427490000.0 213452000.0 -1.9 [-1.9]
89125100000000.0 745170000000000.0 18540900000.0 3506380000.0 1126860.0 5238560000.0 60341300.0 0.0 5207780000.0 340465000.0 0.0 0.0 20170800.0 2311960000.0 382554000.0 5165710.0 74487.1 1409030000.0 206301000.0 -1.88 [-1.88]
89125100000000.0 712973000000000.0 17932400000.0 3245370000.0 970624.0 5026170000.0 53280400.0 0.0 5207740000.0 300025000.0 0.0 0.0 19441900.0 2239990000.0 350796000.0 4584600.0 63988.5 1389900000.0 199354000.0 -1.86 [-1.86]
89125100000000.0 682851000000000.0 17355500000.0 3008610000.0 838297.0 4826880000.0 47139600.0 0.0 5207240000.0 264889000.0 0.0 0.0 18756700.0 2171430000.0 322274000.0 4077370.0 55141.6 1370620000.0 192792000.0 -1.84 [-1.84]
89125100000000.0 653590000000000.0 16787800000.0 2785770000.0 723180.0 4632680000.0 41663900.0 0.0 5206210000.0 233613000.0 0.0 0.0 18087900.0 2103740000.0 295625000.0 3623150.0 47479.1 1350610000.0 186357000.0 -1.82 [-1.82]
89125100000000.0 625967000000000.0 16245200000.0 2581910000.0 625007.0 4448870000.0 36872200.0 0.0 5204750000.0 206278000.0 0.0 0.0 17453700.0 2038790000.0 271479000.0 3224080.0 40972.6 1330430000.0 180228000.0 -1.8 [-1.8]
89125100000000.0 599633000000000.0 15721700000.0 2393600000.0 540628.0 4273170000.0 32649200.0 0.0 5202860000.0 182224000.0 0.0 0.0 16846500.0 1975930000.0 249376000.0 2870900.0 35402.3 1309950000.0 174335000.0 -1.78 [-1.78]
89125100000000.0 574526000000000.0 15216800000.0 2219630000.0 468061.0 4105220000.0 28926100.0 0.0 5200560000.0 161051000.0 0.0 0.0 16265200.0 1915140000.0 229139000.0 2558200.0 30628.5 1289230000.0 168670000.0 -1.76 [-1.76]
89125100000000.0 550585000000000.0 14730100000.0 2058920000.0 405609.0 3944690000.0 25642200.0 0.0 5197870000.0 142408000.0 0.0 0.0 15708800.0 1856380000.0 210612000.0 2281180.0 26533.2 1268330000.0 163225000.0 -1.74 [-1.74]
89125100000000.0 527753000000000.0 14260900000.0 1910430000.0 351824.0 3791230000.0 22744400.0 0.0 5194810000.0 125985000.0 0.0 0.0 15176100.0 1799620000.0 193650000.0 2035630.0 23016.2 1247300000.0 157994000.0 -1.72 [-1.72]
89125100000000.0 505976000000000.0 13808800000.0 1773220000.0 305469.0 3644520000.0 20186100.0 0.0 5191400000.0 111514000.0 0.0 0.0 14666300.0 1744810000.0 178120000.0 1817870.0 19992.4 1226180000.0 152968000.0 -1.7 [-1.7]
89125100000000.0 485202000000000.0 13373300000.0 1646420000.0 265485.0 3504260000.0 17926400.0 0.0 5187650000.0 98756000.0 0.0 0.0 14178200.0 1691930000.0 163899000.0 1624630.0 17389.8 1205030000.0 148140000.0 -1.68 [-1.68]
89125100000000.0 465476000000000.0 12955800000.0 1529750000.0 231075.0 3370770000.0 15935200.0 0.0 5183610000.0 87536400.0 0.0 0.0 13713200.0 1641150000.0 150933000.0 1453540.0 15153.6 1183980000.0 143526000.0 -1.66 [-1.66]
89125100000000.0 446563000000000.0 12551900000.0 1421380000.0 201245.0 3242520000.0 14169000.0 0.0 5179250000.0 77606200.0 0.0 0.0 13266100.0 1591970000.0 139002000.0 1301050.0 13218.0 1162880000.0 139074000.0 -1.64 [-1.64]
89125100000000.0 428514000000000.0 12163000000.0 1321180000.0 175451.0 3119860000.0 12606600.0 0.0 5174590000.0 68840600.0 0.0 0.0 12838000.0 1544560000.0 128071000.0 1165480.0 11546.0 1141870000.0 134799000.0 -1.62 [-1.62]
89125100000000.0 411284000000000.0 11788500000.0 1228510000.0 153127.0 3002510000.0 11223400.0 0.0 5169650000.0 61099000.0 0.0 0.0 12428200.0 1498880000.0 118051000.0 1044860.0 10099.7 1120980000.0 130694000.0 -1.6 [-1.6]
89125100000000.0 394838000000000.0 11428200000.0 1142800000.0 133791.0 2890260000.0 9998620.0 0.0 5164450000.0 54259600.0 0.0 0.0 12036000.0 1454890000.0 108870000.0 937497.0 8847.51 1100250000.0 126755000.0 -1.58 [-1.58]
89125100000000.0 379134000000000.0 11081300000.0 1063490000.0 117025.0 2782850000.0 8913160.0 0.0 5159000000.0 48213400.0 0.0 0.0 11660500.0 1412530000.0 100451000.0 841846.0 7761.62 1079710000.0 122972000.0 -1.56 [-1.56]
89125100000000.0 364139000000000.0 10747600000.0 990094000.0 102475.0 2680060000.0 7950820.0 0.0 5153310000.0 42866300.0 0.0 0.0 11301000.0 1371750000.0 92732900.0 756584.0 6818.97 1059380000.0 119342000.0 -1.54 [-1.54]
89125100000000.0 349817000000000.0 10426400000.0 922154000.0 89836.4 2581660000.0 7097020.0 0.0 5147390000.0 38134900.0 0.0 0.0 10956900.0 1332510000.0 85651600.0 680522.0 5999.47 1039310000.0 115858000.0 -1.52 [-1.52]
89125100000000.0 336135000000000.0 10117500000.0 859246000.0 78846.7 2487460000.0 6339100.0 0.0 5141250000.0 33946100.0 0.0 0.0 10627300.0 1294760000.0 79153800.0 612621.0 5286.13 1019500000.0 112514000.0 -1.5 [-1.5]
89125100000000.0 323063000000000.0 9820180000.0 800974000.0 69280.8 2397250000.0 5665830.0 0.0 5134910000.0 30235700.0 0.0 0.0 10311800.0 1258430000.0 73187800.0 551957.0 4664.32 999971000.0 109304000.0 -1.48 [-1.48]
89125100000000.0 310570000000000.0 9534160000.0 746985000.0 60946.3 2310840000.0 5067440.0 0.0 5128370000.0 26947300.0 0.0 0.0 10009600.0 1223490000.0 67709100.0 497723.0 4121.62 980707000.0 106224000.0 -1.46 [-1.46]
89125100000000.0 298629000000000.0 9258980000.0 696944000.0 53676.9 2228060000.0 4535240.0 0.0 5121650000.0 24031400.0 0.0 0.0 9720140.0 1189890000.0 62675700.0 449198.0 3647.3 961776000.0 103267000.0 -1.44 [-1.44]
89125100000000.0 287214000000000.0 8994220000.0 650549000.0 47330.0 2148720000.0 4061620.0 0.0 5114760000.0 21444200.0 0.0 0.0 9442910.0 1157580000.0 58049400.0 405750.0 3232.19 943192000.0 100429000.0 -1.42 [-1.42]
89125100000000.0 276299000000000.0 8739490000.0 607517000.0 41782.6 2072680000.0 3639860.0 0.0 5107690000.0 19147500.0 0.0 0.0 9177330.0 1126510000.0 53795500.0 366817.0 2868.41 924967000.0 97705100.0 -1.4 [-1.4]
89125100000000.0 265860000000000.0 8494400000.0 567592000.0 36928.9 1999760000.0 3264060.0 0.0 5100480000.0 17107500.0 0.0 0.0 8922890.0 1096640000.0 49882600.0 331904.0 2549.19 907111000.0 95090500.0 -1.38 [-1.38]
89125100000000.0 255875000000000.0 8258580000.0 530536000.0 32677.7 1929840000.0 2928980.0 0.0 5093120000.0 15294500.0 0.0 0.0 8679100.0 1067930000.0 46281700.0 300571.0 2268.69 889631000.0 92580600.0 -1.36 [-1.36]
89125100000000.0 246322000000000.0 8031640000.0 496127000.0 28949.9 1862760000.0 2630010.0 0.0 5085620000.0 13682200.0 0.0 0.0 8445460.0 1040320000.0 42965900.0 272428.0 2021.87 872535000.0 90171100.0 -1.34 [-1.34]
89125100000000.0 237179000000000.0 7813230000.0 464164000.0 25677.5 1798390000.0 2363090.0 0.0 5077990000.0 12247600.0 0.0 0.0 8221520.0 1013780000.0 39911300.0 247131.0 1804.39 855825000.0 87857800.0 -1.32 [-1.32]
89125100000000.0 228428000000000.0 7603020000.0 434461000.0 22801.7 1736600000.0 2124620.0 0.0 5070240000.0 10970300.0 0.0 0.0 8006840.0 988270000.0 37095900.0 224374.0 1612.5 839505000.0 85636600.0 -1.3 [-1.3]
89125100000000.0 220050000000000.0 7400690000.0 406849000.0 20271.9 1677280000.0 1911460.0 0.0 5062390000.0 9832460.0 0.0 0.0 7801040.0 963746000.0 34500100.0 203886.0 1442.99 823578000.0 83503900.0 -1.28 [-1.28]
89125100000000.0 212028000000000.0 7205890000.0 381167000.0 18043.7 1620310000.0 1720760.0 0.0 5054430000.0 8818210.0 0.0 0.0 7603680.0 940169000.0 32105100.0 185426.0 1293.02 808043000.0 81455700.0 -1.26 [-1.26]
