Cloudy_runs/p1103/z=0.003934/logZ=-1/component_III_PI_nH/component_III_PI_nH_col_density_param.txt
# %ECSV 1.0
# ---
# datatype:
# - {name: H, datatype: float64}
# - {name: H+, datatype: float64}
# - {name: C+, datatype: float64}
# - {name: C+2, datatype: float64}
# - {name: C+3, datatype: float64}
# - {name: N+, datatype: float64}
# - {name: N+2, datatype: float64}
# - {name: N+4, datatype: float64}
# - {name: O, datatype: float64}
# - {name: O+2, datatype: float64}
# - {name: O+5, datatype: float64}
# - {name: O+6, datatype: float64}
# - {name: P+, datatype: float64}
# - {name: Si+, datatype: float64}
# - {name: Si+2, datatype: float64}
# - {name: Si+3, datatype: float64}
# - {name: Si+4, datatype: float64}
# - {name: Fe+, datatype: float64}
# - {name: Al+, datatype: float64}
# - {name: log_nH, datatype: float64}
# - {name: parameters, datatype: string, subtype: 'float64[1]'}
# schema: astropy-2.0
H H+ C+ C+2 C+3 N+ N+2 N+4 O O+2 O+5 O+6 P+ Si+ Si+2 Si+3 Si+4 Fe+ Al+ log_nH parameters
[from data line 59]
89125100000000.0 8.68071e+16 104383000000.0 1614040000000.0 415183000000.0 14093000000.0 367686000000.0 19552000000.0 79092600.0 1863940000000.0 18296600000.0 1494170000.0 229416000.0 4817010000.0 90018600000.0 53380200000.0 107253000000.0 37842900.0 422729000.0 -3.82 [-3.82]
89125100000000.0 8.24521e+16 104593000000.0 1554500000000.0 382445000000.0 14430800000.0 356519000000.0 17147000000.0 88116000.0 1836140000000.0 15501000000.0 1212070000.0 233134000.0 4925570000.0 90369600000.0 52095300000.0 97991200000.0 42094400.0 446378000.0 -3.8 [-3.8]
89125100000000.0 7.83152e+16 104740000000.0 1495850000000.0 351824000000.0 14774200000.0 345331000000.0 15017500000.0 98084700.0 1806350000000.0 13108100000.0 981260000.0 236421000.0 5026200000.0 90463600000.0 50695600000.0 89255900000.0 46761500.0 470428000.0 -3.78 [-3.78]
89125100000000.0 7.43866e+16 104829000000.0 1438230000000.0 323237000000.0 15123400000.0 334151000000.0 13135300000.0 109082000.0 1774650000000.0 11064000000.0 792838000.0 239277000.0 5118880000.0 90307800000.0 49195600000.0 81059500000.0 51875900.0 494805000.0 -3.76 [-3.76]
89125100000000.0 7.06554e+16 104862000000.0 1381710000000.0 296589000000.0 15478700000.0 323002000000.0 11474200000.0 121198000.0 1741110000000.0 9320850000.0 639302000.0 241705000.0 5203700000.0 89910200000.0 47609900000.0 73404100000.0 57472400.0 519435000.0 -3.74 [-3.74]
89125100000000.0 6.71122e+16 104843000000.0 1326380000000.0 271790000000.0 15840400000.0 311911000000.0 10010600000.0 134528000.0 1705830000000.0 7837270000.0 514460000.0 243711000.0 5280890000.0 89283100000.0 45953100000.0 66287500000.0 63586500.0 544240000.0 -3.72 [-3.72]
89125100000000.0 6.37474e+16 104773000000.0 1272310000000.0 248746000000.0 16208600000.0 300899000000.0 8722910000.0 149174000.0 1668890000000.0 6576950000.0 413150000.0 245302000.0 5350710000.0 88439300000.0 44239700000.0 59700600000.0 70255600.0 569138000.0 -3.7 [-3.7]
89125100000000.0 6.0552e+16 104655000000.0 1219560000000.0 227365000000.0 16583600000.0 289986000000.0 7591540000.0 165243000.0 1630410000000.0 5508330000.0 331103000.0 246488000.0 5413550000.0 87393400000.0 42483800000.0 53629400000.0 77518800.0 594047000.0 -3.68 [-3.68]
89125100000000.0 5.75175e+16 104492000000.0 1168170000000.0 207557000000.0 16965600000.0 279192000000.0 6599020000.0 182847000.0 1590480000000.0 4604060000.0 264798000.0 247281000.0 5469810000.0 86161500000.0 40699000000.0 48056300000.0 85416000.0 618880000.0 -3.66 [-3.66]
89125100000000.0 5.46359e+16 104285000000.0 1118180000000.0 189233000000.0 17354600000.0 268535000000.0 5729550000.0 202104000.0 1549240000000.0 3840400000.0 211328000.0 247693000.0 5519980000.0 84760400000.0 38898200000.0 42960200000.0 93988200.0 643551000.0 -3.64 [-3.64]
89125100000000.0 5.18994e+16 104037000000.0 1069620000000.0 172307000000.0 17750800000.0 258029000000.0 4968900000.0 223137000.0 1506800000000.0 3196780000.0 168299000.0 247740000.0 5564550000.0 83207300000.0 37093100000.0 38317300000.0 103277000.0 667971000.0 -3.62 [-3.62]
89125100000000.0 4.93067e+16 103752000000.0 1022610000000.0 156725000000.0 18154300000.0 247716000000.0 4305610000.0 246039000.0 1463420000000.0 2656400000.0 133807000.0 247441000.0 5603830000.0 81526200000.0 35299200000.0 34109300000.0 113307000.0 692013000.0 -3.6 [-3.6]
89125100000000.0 4.68332e+16 103424000000.0 976833000000.0 142314000000.0 18564800000.0 237533000000.0 3724650000.0 271050000.0 1418860000000.0 2201160000.0 106067000.0 246796000.0 5639010000.0 79714800000.0 33513200000.0 30288300000.0 124176000.0 715709000.0 -3.58 [-3.58]
89125100000000.0 4.449e+16 103061000000.0 932630000000.0 129087000000.0 18982500000.0 227567000000.0 3219490000.0 298199000.0 1373630000000.0 1820680000.0 83936500.0 245836000.0 5669970000.0 77809300000.0 31757100000.0 26848000000.0 135871000.0 738852000.0 -3.56 [-3.56]
89125100000000.0 4.22647e+16 102663000000.0 889887000000.0 116939000000.0 19407000000.0 217803000000.0 2779900000.0 327664000.0 1327740000000.0 1502720000.0 66282500.0 244574000.0 5697440000.0 75819400000.0 30034200000.0 23754100000.0 148453000.0 761398000.0 -3.54 [-3.54]
89125100000000.0 4.01516e+16 102231000000.0 848596000000.0 105797000000.0 19838100000.0 208250000000.0 2397840000.0 359586000.0 1281330000000.0 1237580000.0 52231000.0 243025000.0 5721920000.0 73760800000.0 28351100000.0 20979600000.0 161962000.0 783265000.0 -3.52 [-3.52]
89125100000000.0 3.81498e+16 101768000000.0 808849000000.0 95613800000.0 20275600000.0 198939000000.0 2066800000.0 394058000.0 1234670000000.0 1017380000.0 41091000.0 241215000.0 5743680000.0 71655100000.0 26717400000.0 18502300000.0 176409000.0 804339000.0 -3.5 [-3.5]
89125100000000.0 3.62444e+16 101271000000.0 770433000000.0 86280400000.0 20718900000.0 189831000000.0 1779180000.0 431326000.0 1187650000000.0 834196000.0 32245100.0 239146000.0 5763600000.0 69502500000.0 25129800000.0 16288100000.0 191885000.0 824622000.0 -3.48 [-3.48]
89125100000000.0 3.44307e+16 100741000000.0 733334000000.0 77739300000.0 21167200000.0 180932000000.0 1529600000.0 471552000.0 1140410000000.0 682206000.0 25239000.0 236833000.0 5782080000.0 67315300000.0 23592300000.0 14313900000.0 208430000.0 844035000.0 -3.46 [-3.46]
89125100000000.0 3.27174e+16 100185000000.0 697818000000.0 69985200000.0 21620300000.0 172314000000.0 1314620000.0 514682000.0 1093480000000.0 557110000.0 19734000.0 234318000.0 5798830000.0 65126100000.0 22119300000.0 12567300000.0 225975000.0 862413000.0 -3.44 [-3.44]
89125100000000.0 3.10856e+16 99595000000.0 663558000000.0 62905900000.0 22076700000.0 163909000000.0 1128380000.0 561063000.0 1046560000000.0 453716000.0 15389700.0 231588000.0 5814860000.0 62922700000.0 20701100000.0 11015900000.0 244654000.0 879794000.0 -3.42 [-3.42]
89125100000000.0 2.95326e+16 98973700000.0 630559000000.0 56456400000.0 22535500000.0 155726000000.0 967322000.0 610831000.0 999830000000.0 368530000.0 11972100.0 228661000.0 5830430000.0 60716600000.0 19340200000.0 9641540000.0 264485000.0 896111000.0 -3.4 [-3.4]
89125100000000.0 2.80617e+16 98325300000.0 598958000000.0 50613800000.0 22995900000.0 147806000000.0 828749000.0 663965000.0 953643000000.0 298771000.0 9299410.0 225569000.0 5845360000.0 58528900000.0 18044100000.0 8430510000.0 285411000.0 911261000.0 -3.38 [-3.38]
89125100000000.0 2.6665e+16 97647800000.0 568635000000.0 45316400000.0 23456400000.0 140130000000.0 709372000.0 720657000.0 907991000000.0 241657000.0 7209140.0 222318000.0 5860070000.0 56360300000.0 16809500000.0 7363130000.0 307480000.0 925227000.0 -3.36 [-3.36]
89125100000000.0 2.53387e+16 96941600000.0 539562000000.0 40520500000.0 23915300000.0 132699000000.0 606633000.0 781012000.0 862988000000.0 195006000.0 5577890.0 218922000.0 5874720000.0 54217100000.0 15636400000.0 6423930000.0 330694000.0 937970000.0 -3.34 [-3.34]
89125100000000.0 2.40824e+16 96209400000.0 511777000000.0 36194000000.0 24371400000.0 125528000000.0 518467000.0 845022000.0 818846000000.0 157059000.0 4309710.0 215406000.0 5889230000.0 52111100000.0 14526700000.0 5600190000.0 355000000.0 949441000.0 -3.32 [-3.32]
89125100000000.0 2.28833e+16 95443900000.0 485033000000.0 32271200000.0 24821700000.0 118565000000.0 442416000.0 913062000.0 775333000000.0 126092000.0 3320250.0 211751000.0 5904300000.0 50028200000.0 13471500000.0 4874750000.0 380531000.0 959661000.0 -3.3 [-3.3]
89125100000000.0 2.17505e+16 94655500000.0 459577000000.0 28750800000.0 25265700000.0 111878000000.0 377418000.0 984773000.0 732974000000.0 101077000.0 2555880.0 208012000.0 5919160000.0 47997200000.0 12480200000.0 4241540000.0 407066000.0 968553000.0 -3.28 [-3.28]
89125100000000.0 2.06719e+16 93836800000.0 435168000000.0 25575000000.0 25700000000.0 105414000000.0 321561000.0 1060500000.0 691531000000.0 80796800.0 1962940.0 204170000.0 5934430000.0 46003000000.0 11543500000.0 3686310000.0 434728000.0 976140000.0 -3.26 [-3.26]
89125100000000.0 1.96478e+16 92990900000.0 411848000000.0 22721200000.0 26122500000.0 99189600000.0 273716000.0 1140140000.0 651195000000.0 64432900.0 1504970.0 200248000.0 5949830000.0 44055100000.0 10662500000.0 3201090000.0 463420000.0 982408000.0 -3.24 [-3.24]
89125100000000.0 1.8675e+16 92117000000.0 389567000000.0 20159400000.0 26530600000.0 93200200000.0 232753000.0 1223700000.0 612014000000.0 51256300.0 1151800.0 196253000.0 5965420000.0 42154000000.0 9835150000.0 2777350000.0 493112000.0 987343000.0 -3.22 [-3.22]
89125100000000.0 1.77514e+16 91216500000.0 368308000000.0 17864200000.0 26921800000.0 87446600000.0 197729000.0 1311080000.0 574071000000.0 40677200.0 880082.0 192202000.0 5981010000.0 40303100000.0 9059770000.0 2407870000.0 523727000.0 990962000.0 -3.2 [-3.2]
89125100000000.0 1.68742e+16 90289200000.0 348029000000.0 15810500000.0 27293100000.0 81925100000.0 167804000.0 1402210000.0 537410000000.0 32203100.0 671384.0 188101000.0 5996520000.0 38502900000.0 8334280000.0 2085950000.0 555208000.0 993268000.0 -3.18 [-3.18]
89125100000000.0 1.60412e+16 89335700000.0 328698000000.0 13975500000.0 27641600000.0 76633500000.0 142259000.0 1496970000.0 502079000000.0 25432200.0 511381.0 183962000.0 6011820000.0 36754600000.0 7656610000.0 1805750000.0 587478000.0 994280000.0 -3.16 [-3.16]
89125100000000.0 1.52501e+16 88356000000.0 310281000000.0 12338200000.0 27964500000.0 71568600000.0 120471000.0 1595210000.0 468114000000.0 20035600.0 388921.0 179793000.0 6026770000.0 35058300000.0 7024630000.0 1562070000.0 620463000.0 994012000.0 -3.14 [-3.14]
89125100000000.0 1.44987e+16 87350800000.0 292746000000.0 10879500000.0 28258700000.0 66728500000.0 101908000.0 1696710000.0 435551000000.0 15745600.0 295365.0 175604000.0 6041160000.0 33414800000.0 6436270000.0 1350350000.0 654068000.0 992496000.0 -3.12 [-3.12]
89125100000000.0 1.37834e+16 86317800000.0 276019000000.0 9579170000.0 28520200000.0 62099800000.0 86077200.0 1801410000.0 404343000000.0 12338500.0 223891.0 171392000.0 6054950000.0 31819700000.0 5888100000.0 1166220000.0 688265000.0 989745000.0 -3.1 [-3.1]
89125100000000.0 1.31075e+16 85266300000.0 260196000000.0 8428850000.0 28749400000.0 57710500000.0 72668400.0 1908570000.0 374712000000.0 9653630.0 169670.0 167199000.0 6067490000.0 30286000000.0 5381880000.0 1007100000.0 722761000.0 985840000.0 -3.08 [-3.08]
89125100000000.0 1.24639e+16 84187900000.0 245117000000.0 7405980000.0 28940300000.0 53526400000.0 61252700.0 2018340000.0 346463000000.0 7531240.0 128354.0 162998000.0 6079010000.0 28800100000.0 4911650000.0 868886000.0 757653000.0 980771000.0 -3.06 [-3.06]
89125100000000.0 1.18525e+16 83086200000.0 230793000000.0 6499740000.0 29091300000.0 49554400000.0 51565200.0 2130250000.0 319664000000.0 5861220.0 0.0 158807000.0 6089140000.0 27366000000.0 4476640000.0 749171000.0 792773000.0 974593000.0 -3.04 [-3.04]
89125100000000.0 1.12718e+16 81962100000.0 217196000000.0 5697920000.0 29200200000.0 45791000000.0 43353300.0 2243920000.0 294312000000.0 4550540.0 0.0 154634000.0 6097650000.0 25983100000.0 4074860000.0 645549000.0 828018000.0 967352000.0 -3.02 [-3.02]
89125100000000.0 1.07202e+16 80816200000.0 204295000000.0 4989440000.0 29264800000.0 42232500000.0 36400500.0 2358970000.0 270395000000.0 3524520.0 0.0 150484000.0 6104300000.0 24650700000.0 3704340000.0 555918000.0 863285000.0 959095000.0 -3.0 [-3.0]
89125100000000.0 1.01963e+16 79649400000.0 192063000000.0 4364280000.0 29283500000.0 38874900000.0 30521000.0 2474990000.0 247896000000.0 2723430.0 0.0 146364000.0 6108850000.0 23368200000.0 3363200000.0 478444000.0 898471000.0 949871000.0 -2.98 [-2.98]
89125100000000.0 9698510000000000.0 78462800000.0 180472000000.0 3813330000.0 29254900000.0 35713700000.0 25555100.0 2591560000.0 226788000000.0 2099520.0 0.0 142279000.0 6111040000.0 22134800000.0 3049570000.0 411520000.0 933476000.0 939734000.0 -2.96 [-2.96]
89125100000000.0 9225640000000000.0 77257100000.0 169493000000.0 3328400000.0 29178000000.0 32744200000.0 21366500.0 2708240000.0 207043000000.0 1614840.0 0.0 138234000.0 6110700000.0 20949300000.0 2761680000.0 353744000.0 968211000.0 928731000.0 -2.94 [-2.94]
89125100000000.0 8775190000000000.0 76030000000.0 159073000000.0 2901240000.0 29050500000.0 29955400000.0 17832000.0 2824780000.0 188586000000.0 1238670.0 0.0 134223000.0 6107610000.0 19807900000.0 2497200000.0 303808000.0 1002650000.0 916885000.0 -2.92 [-2.92]
89125100000000.0 8348430000000000.0 74789600000.0 149244000000.0 2527100000.0 28876100000.0 27354600000.0 14865600.0 2940410000.0 171457000000.0 948506.0 0.0 130273000.0 6101440000.0 18716100000.0 2255810000.0 260846000.0 1036560000.0 904322000.0 -2.9 [-2.9]
89125100000000.0 7944100000000000.0 73537300000.0 139977000000.0 2199710000.0 28655500000.0 24934800000.0 12378800.0 3054700000.0 155604000000.0 725143.0 0.0 126388000.0 6092010000.0 17672800000.0 2035790000.0 223900000.0 1069870000.0 891105000.0 -2.88 [-2.88]
89125100000000.0 7557720000000000.0 72263100000.0 131171000000.0 1911660000.0 28383300000.0 22673800000.0 10284900.0 3167780000.0 140876000000.0 552676.0 0.0 122538000.0 6079240000.0 16667700000.0 1834040000.0 191953000.0 1102720000.0 877164000.0 -2.86 [-2.86]
89125100000000.0 7191650000000000.0 70979500000.0 122880000000.0 1660280000.0 28067300000.0 20581500000.0 8535620.0 3278750000.0 127323000000.0 420604.0 0.0 118760000.0 6062850000.0 15708900000.0 1650740000.0 164522000.0 1134810000.0 862683000.0 -2.84 [-2.84]
89125100000000.0 6843810000000000.0 69684100000.0 115055000000.0 1440620000.0 27707200000.0 18645700000.0 7073290.0 3387420000.0 114858000000.0 319484.0 0.0 115045000.0 6042710000.0 14792500000.0 1484030000.0 140929000.0 1166160000.0 847676000.0 -2.82 [-2.82]
89125100000000.0 6514220000000000.0 68382100000.0 107697000000.0 1249320000.0 27307700000.0 16863300000.0 5855130.0 3493310000.0 103448000000.0 242361.0 0.0 111409000.0 6018720000.0 13920000000.0 1333000000.0 120692000.0 1196640000.0 832245000.0 -2.8 [-2.8]
89125100000000.0 6200050000000000.0 67067200000.0 100739000000.0 1082110000.0 26866400000.0 15219000000.0 4837760.0 3596470000.0 92984300000.0 183437.0 0.0 107830000.0 5990720000.0 13084900000.0 1195650000.0 103267000.0 1226350000.0 816351000.0 -2.78 [-2.78]
89125100000000.0 5901470000000000.0 65744600000.0 94184300000.0 936483000.0 26388800000.0 13709800000.0 3991420.0 3696460000.0 83436300000.0 138611.0 0.0 104323000.0 5958620000.0 12289000000.0 1071280000.0 88308800.0 1255150000.0 800093000.0 -2.76 [-2.76]
89125100000000.0 5617690000000000.0 64415700000.0 88013100000.0 809782000.0 25877900000.0 12328000000.0 3288490.0 3793080000.0 74745600000.0 104576.0 0.0 100890000.0 5922360000.0 11531200000.0 958807000.0 75474900.0 1283030000.0 783525000.0 -2.74 [-2.74]
89125100000000.0 5347110000000000.0 63077700000.0 82188000000.0 699401000.0 25334300000.0 11063300000.0 2704450.0 3886310000.0 66836400000.0 78736.1 0.0 97520300.0 5881790000.0 10807900000.0 856980000.0 64446500.0 1309990000.0 766639000.0 -2.72 [-2.72]
89125100000000.0 5090750000000000.0 61740800000.0 76728400000.0 603817000.0 24767000000.0 9914310000.0 2222110.0 3975680000.0 59689600000.0 59235.1 0.0 94238100.0 5837060000.0 10123000000.0 765424000.0 55019700.0 1335880000.0 749600000.0 -2.7 [-2.7]
89125100000000.0 4847080000000000.0 60402100000.0 71597500000.0 520906000.0 24176900000.0 8870330000.0 1823440.0 4061250000.0 53230500000.0 44508.2 0.0 91033400.0 5788090000.0 9473000000.0 682977000.0 46946800.0 1360730000.0 732398000.0 -2.68 [-2.68]
89125100000000.0 4615430000000000.0 59063200000.0 66778400000.0 449055000.0 23567500000.0 7924050000.0 1494440.0 4142950000.0 47405600000.0 33404.2 0.0 87907200.0 5734920000.0 8856680000.0 608832000.0 40037300.0 1384530000.0 715079000.0 -2.66 [-2.66]
