Cloudy_runs/p1103/z=0.003934/logZ=-1/component_III_PI_nH/component_III_PI_nH_col_density_param.txt
# %ECSV 1.0
# ---
# datatype:
# - {name: H, datatype: float64}
# - {name: H+, datatype: float64}
# - {name: C+, datatype: float64}
# - {name: C+2, datatype: float64}
# - {name: C+3, datatype: float64}
# - {name: N+, datatype: float64}
# - {name: N+2, datatype: float64}
# - {name: N+4, datatype: float64}
# - {name: O, datatype: float64}
# - {name: O+2, datatype: float64}
# - {name: O+5, datatype: float64}
# - {name: O+6, datatype: float64}
# - {name: P+, datatype: float64}
# - {name: Si+, datatype: float64}
# - {name: Si+2, datatype: float64}
# - {name: Si+3, datatype: float64}
# - {name: Si+4, datatype: float64}
# - {name: Fe+, datatype: float64}
# - {name: Al+, datatype: float64}
# - {name: log_nH, datatype: float64}
# - {name: parameters, datatype: string, subtype: 'float64[1]'}
# schema: astropy-2.0
H H+ C+ C+2 C+3 N+ N+2 N+4 O O+2 O+5 O+6 P+ Si+ Si+2 Si+3 Si+4 Fe+ Al+ log_nH parameters
[from data line 269]
89125200000000.0 16312700000000.0 1604690000.0 4511530.0 0.0 97340900.0 875.13 0.0 4511400000.0 6227.68 0.0 0.0 2703670.0 336593000.0 160613.0 636.267 0.0 332298000.0 29611900.0 0.38 [0.38]
89125200000000.0 11892600000000.0 1497700000.0 3469000.0 0.0 28784200.0 240.076 0.0 4496550000.0 5640.34 0.0 0.0 2590130.0 318158000.0 679.588 607.116 0.0 319426000.0 28412000.0 0.4 [0.4]
89125200000000.0 11402200000000.0 1466020000.0 3256490.0 0.0 26196200.0 209.483 0.0 4493540000.0 5197.96 0.0 0.0 2577600.0 316181000.0 532.271 575.769 0.0 317897000.0 28278400.0 0.42 [0.42]
89125100000000.0 10961600000000.0 1435840000.0 3065660.0 0.0 24105500.0 184.784 0.0 4490650000.0 4793.04 0.0 0.0 2566320.0 314403000.0 449.227 546.189 0.0 316520000.0 28158100.0 0.44 [0.44]
89125100000000.0 10555200000000.0 1406660000.0 2890850.0 0.0 22328400.0 164.079 0.0 4487880000.0 4421.11 0.0 0.0 2555910.0 312755000.0 395.696 518.245 0.0 315250000.0 28047100.0 0.46 [0.46]
89125100000000.0 10174800000000.0 1378200000.0 2728960.0 0.0 20774800.0 146.364 0.0 4485200000.0 4078.75 0.0 0.0 2546150.0 311203000.0 357.854 491.824 0.0 314060000.0 27943200.0 0.48 [0.48]
89125100000000.0 9814140000000.0 1350190000.0 2577610.0 0.0 19389900.0 130.994 0.0 4482590000.0 3762.64 0.0 0.0 2536890.0 309718000.0 329.112 466.81 0.0 312932000.0 27844600.0 0.5 [0.5]
89125100000000.0 9472830000000.0 1322770000.0 2436360.0 0.0 18145100.0 117.575 0.0 4480080000.0 3471.53 0.0 0.0 2528120.0 308300000.0 306.073 443.147 0.0 311864000.0 27751300.0 0.52 [0.52]
89125100000000.0 9148420000000.0 1295840000.0 2304100.0 0.0 17016500.0 105.781 0.0 4477650000.0 3203.21 0.0 0.0 2519780.0 306938000.0 286.767 420.749 0.0 310848000.0 27662600.0 0.54 [0.54]
89125100000000.0 8837160000000.0 1269190000.0 2179320.0 0.0 15983200.0 95.3453 0.0 4475280000.0 2955.03 0.0 0.0 2511760.0 305616000.0 270.011 399.521 0.0 309874000.0 27577400.0 0.56 [0.56]
89125100000000.0 8538040000000.0 1242800000.0 2061470.0 0.0 15032600.0 86.0779 0.0 4472970000.0 2725.5 0.0 0.0 2504050.0 304327000.0 255.091 379.395 0.0 308938000.0 27495600.0 0.58 [0.58]
89125100000000.0 8253110000000.0 1216930000.0 1950890.0 0.0 14158600.0 77.8436 0.0 4470750000.0 2514.17 0.0 0.0 2496690.0 303086000.0 241.574 360.34 0.0 308047000.0 27417700.0 0.6 [0.6]
89125100000000.0 7977970000000.0 1191240000.0 1846000.0 0.0 13347200.0 70.4803 0.0 4468570000.0 2318.48 0.0 0.0 2489580.0 301868000.0 229.129 342.26 0.0 307187000.0 27342400.0 0.62 [0.62]
89125100000000.0 7714190000000.0 1165940000.0 1747120.0 0.0 12594800.0 63.8978 0.0 4466470000.0 2137.96 0.0 0.0 2482760.0 300683000.0 217.568 325.122 0.0 306362000.0 27270300.0 0.64 [0.64]
89125100000000.0 7460290000000.0 1140930000.0 1653610.0 0.0 11894500.0 57.9961 0.0 4464430000.0 1971.19 0.0 0.0 2476180.0 299525000.0 206.75 308.868 0.0 305568000.0 27200900.0 0.66 [0.66]
89125100000000.0 7215780000000.0 1116240000.0 1565140.0 0.0 11241300.0 52.6951 0.0 4462440000.0 1817.15 0.0 0.0 2469840.0 298390000.0 196.579 293.448 0.0 304804000.0 27134000.0 0.68 [0.68]
89125100000000.0 6980760000000.0 1091900000.0 1481560.0 0.0 10631400.0 47.9293 0.0 4460520000.0 1675.02 0.0 0.0 2463730.0 297280000.0 186.986 278.823 0.0 304070000.0 27069800.0 0.7 [0.7]
89125100000000.0 6753580000000.0 1067800000.0 1402220.0 0.0 10059400.0 43.6308 0.0 4458640000.0 1543.6 0.0 0.0 2457820.0 296187000.0 177.912 264.937 0.0 303360000.0 27007800.0 0.72 [0.72]
89125100000000.0 6534560000000.0 1044010000.0 1327090.0 0.0 9523190.0 39.7534 0.0 4456820000.0 1422.27 0.0 0.0 2452110.0 295112000.0 169.318 251.759 0.0 302677000.0 26948000.0 0.74 [0.74]
89125100000000.0 6323350000000.0 1020520000.0 1255880.0 0.0 9019520.0 36.2504 0.0 4455060000.0 1310.27 0.0 0.0 2446600.0 294053000.0 161.168 239.248 0.0 302018000.0 26890300.0 0.76 [0.76]
89125100000000.0 6119120000000.0 997299000.0 1188290.0 0.0 8545530.0 33.081 0.0 4453340000.0 1206.82 0.0 0.0 2441260.0 293007000.0 153.431 227.368 0.0 301381000.0 26834600.0 0.78 [0.78]
89125100000000.0 5922530000000.0 974439000.0 1124310.0 0.0 8099660.0 30.2127 0.0 4451670000.0 1111.47 0.0 0.0 2436110.0 291978000.0 146.086 216.09 0.0 300769000.0 26781000.0 0.8 [0.8]
89125100000000.0 5732510000000.0 951859000.0 1063610.0 0.0 7679690.0 27.6869 0.0 4450040000.0 1021.72 0.0 0.0 2431120.0 290959000.0 139.107 205.378 0.0 300177000.0 26729300.0 0.82 [0.82]
89125100000000.0 5549090000000.0 929596000.0 1006040.0 0.0 7283530.0 25.3965 0.0 4448470000.0 939.261 0.0 0.0 2426290.0 289952000.0 132.474 195.205 0.0 299606000.0 26679300.0 0.84 [0.84]
89125100000000.0 5372000000000.0 907649000.0 951415.0 0.0 6909520.0 23.3111 0.0 4446940000.0 863.602 0.0 0.0 2421620.0 288954000.0 126.168 185.541 0.0 299055000.0 26631100.0 0.86 [0.86]
89125100000000.0 5201310000000.0 886059000.0 899642.0 0.0 6556240.0 21.4112 0.0 4445460000.0 794.226 0.0 0.0 2417110.0 287969000.0 120.173 176.363 0.0 298524000.0 26584800.0 0.88 [0.88]
89125100000000.0 5035940000000.0 864726000.0 850385.0 0.0 6221720.0 19.6773 0.0 4444010000.0 730.465 0.0 0.0 2412730.0 286988000.0 114.469 167.639 0.0 298010000.0 26539900.0 0.9 [0.9]
89125100000000.0 4876740000000.0 843780000.0 803744.0 0.0 5905630.0 18.0962 0.0 4442620000.0 672.006 0.0 0.0 2408500.0 286020000.0 109.044 159.355 0.0 297516000.0 26496700.0 0.92 [0.92]
89125100000000.0 4722800000000.0 823140000.0 759417.0 0.0 5606050.0 16.6514 0.0 4441260000.0 618.31 0.0 0.0 2404400.0 285056000.0 103.882 151.481 0.0 297038000.0 26455000.0 0.94 [0.94]
89125100000000.0 4574020000000.0 802819000.0 717333.0 0.0 5322370.0 15.3314 0.0 4439940000.0 568.986 0.0 0.0 2400430.0 284098000.0 98.9694 143.999 0.0 296577000.0 26414800.0 0.96 [0.96]
89125100000000.0 4430810000000.0 782910000.0 677424.0 0.0 5054650.0 14.1261 0.0 4438650000.0 523.779 0.0 0.0 2396590.0 283152000.0 94.2939 136.892 0.0 296133000.0 26376100.0 0.98 [0.98]
89125100000000.0 4294130000000.0 763615000.0 639711.0 0.0 4805920.0 13.0308 0.0 4437370000.0 482.554 0.0 0.0 2392920.0 282235000.0 89.8422 130.15 0.0 295709000.0 26339100.0 1.0 [1.0]
