Cloudy_runs/rxj0439/z=0.005568/logZ=-1/component_I_PI_nH/component_I_PI_nH_col_density_param.txt
# %ECSV 1.0
# ---
# datatype:
# - {name: H, datatype: float64}
# - {name: H+, datatype: float64}
# - {name: C+, datatype: float64}
# - {name: C+2, datatype: float64}
# - {name: C+3, datatype: float64}
# - {name: N+, datatype: float64}
# - {name: N+2, datatype: float64}
# - {name: N+4, datatype: float64}
# - {name: O, datatype: float64}
# - {name: O+2, datatype: float64}
# - {name: O+5, datatype: float64}
# - {name: O+6, datatype: float64}
# - {name: P+, datatype: float64}
# - {name: Si+, datatype: float64}
# - {name: Si+2, datatype: float64}
# - {name: Si+3, datatype: float64}
# - {name: Si+4, datatype: float64}
# - {name: Fe+, datatype: float64}
# - {name: Al+, datatype: float64}
# - {name: log_nH, datatype: float64}
# - {name: parameters, datatype: string, subtype: 'float64[1]'}
# schema: astropy-2.0
H H+ C+ C+2 C+3 N+ N+2 N+4 O O+2 O+5 O+6 P+ Si+ Si+2 Si+3 Si+4 Fe+ Al+ log_nH parameters
[from data line 58]
199526000000000.0 2.06557e+17 232639000000.0 3773740000000.0 1023810000000.0 30604400000.0 852560000000.0 50966800000.0 155446000.0 4247220000000.0 49504700000.0 4246910000.0 502483000.0 10485000000.0 200069000000.0 122693000000.0 265971000000.0 74590700.0 888203000.0 -3.84 [-3.84]
199526000000000.0 1.96192e+17 233286000000.0 3638360000000.0 944515000000.0 31349400000.0 827693000000.0 44767200000.0 173351000.0 4190070000000.0 42028100000.0 3452770000.0 511936000.0 10748700000.0 201532000000.0 120145000000.0 243881000000.0 83100500.0 940031000.0 -3.82 [-3.82]
199526000000000.0 1.86331e+17 233791000000.0 3504470000000.0 870086000000.0 32104500000.0 802667000000.0 39260300000.0 193184000.0 4128180000000.0 35607400000.0 2800860000.0 520457000.0 10995600000.0 202409000000.0 117295000000.0 222901000000.0 92471600.0 993015000.0 -3.8 [-3.8]
199526000000000.0 1.76984e+17 234156000000.0 3372820000000.0 800591000000.0 32871300000.0 777637000000.0 34392500000.0 215070000.0 4061980000000.0 30120400000.0 2268330000.0 527999000.0 11224000000.0 202714000000.0 114193000000.0 203131000000.0 102744000.0 1046820000.0 -3.78 [-3.78]
199526000000000.0 1.68106e+17 234389000000.0 3243400000000.0 735692000000.0 33651200000.0 752613000000.0 30088900000.0 239219000.0 3991480000000.0 25431700000.0 1833420000.0 534578000.0 11434600000.0 202456000000.0 110861000000.0 184565000000.0 114003000.0 1101390000.0 -3.76 [-3.76]
199526000000000.0 1.59675e+17 234495000000.0 3116430000000.0 675182000000.0 34444500000.0 727652000000.0 26289900000.0 265832000.0 3916840000000.0 21432200000.0 1478940000.0 540196000.0 11627600000.0 201654000000.0 107332000000.0 167214000000.0 126327000.0 1156550000.0 -3.74 [-3.74]
199526000000000.0 1.51669e+17 234482000000.0 2992090000000.0 618855000000.0 35252100000.0 702807000000.0 22941500000.0 295119000.0 3838270000000.0 18027100000.0 1190580000.0 544867000.0 11803300000.0 200333000000.0 103639000000.0 151070000000.0 139794000.0 1212130000.0 -3.72 [-3.72]
199526000000000.0 1.44065e+17 234353000000.0 2870520000000.0 566503000000.0 36074000000.0 678126000000.0 19994700000.0 327306000.0 3755950000000.0 15133400000.0 956475000.0 548597000.0 11962400000.0 198519000000.0 99814200000.0 136118000000.0 154488000.0 1267940000.0 -3.7 [-3.7]
199526000000000.0 1.36844e+17 234118000000.0 2751900000000.0 517916000000.0 36911200000.0 653662000000.0 17405100000.0 362628000.0 3670140000000.0 12679100000.0 766827000.0 551425000.0 12105700000.0 196249000000.0 95888900000.0 122327000000.0 170494000.0 1323810000.0 -3.68 [-3.68]
199526000000000.0 1.29987e+17 233780000000.0 2636300000000.0 472893000000.0 37764000000.0 629454000000.0 15132700000.0 401336000.0 3581080000000.0 10601500000.0 613506000.0 553368000.0 12234100000.0 193557000000.0 91894300000.0 109660000000.0 187903000.0 1379540000.0 -3.66 [-3.66]
199526000000000.0 1.23475e+17 233344000000.0 2523820000000.0 431234000000.0 38632700000.0 605545000000.0 13141500000.0 443691000.0 3489030000000.0 8846390000.0 489814000.0 554453000.0 12348700000.0 190479000000.0 87859300000.0 98068900000.0 206805000.0 1434940000.0 -3.64 [-3.64]
199526000000000.0 1.1729e+17 232814000000.0 2414500000000.0 392739000000.0 39517300000.0 581966000000.0 11399000000.0 489970000.0 3394240000000.0 7366490000.0 390230000.0 554712000.0 12450600000.0 187053000000.0 83810400000.0 87502000000.0 227296000.0 1489810000.0 -3.62 [-3.62]
199526000000000.0 1.11418e+17 232194000000.0 2308430000000.0 357227000000.0 40418100000.0 558757000000.0 9876440000.0 540453000.0 3297040000000.0 6121480000.0 310243000.0 554179000.0 12540900000.0 183319000000.0 79773600000.0 77904000000.0 249468000.0 1543940000.0 -3.6 [-3.6]
199526000000000.0 1.05841e+17 231487000000.0 2205590000000.0 324509000000.0 41334800000.0 535944000000.0 8547760000.0 595438000.0 3197690000000.0 5076130000.0 246127000.0 552884000.0 12620800000.0 179316000000.0 75771100000.0 69214200000.0 273418000.0 1597150000.0 -3.58 [-3.58]
199526000000000.0 1.00546e+17 230698000000.0 2106060000000.0 294417000000.0 42267600000.0 513563000000.0 7390080000.0 655218000.0 3096560000000.0 4200540000.0 194860000.0 550871000.0 12691400000.0 175083000000.0 71823800000.0 61373800000.0 299235000.0 1649230000.0 -3.56 [-3.56]
199526000000000.0 9.55175e+16 229830000000.0 2009780000000.0 266766000000.0 43215900000.0 491625000000.0 6382190000.0 720127000.0 2993880000000.0 3468360000.0 153939000.0 548173000.0 12754100000.0 170655000000.0 67947400000.0 54318100000.0 327023000.0 1700010000.0 -3.54 [-3.54]
199526000000000.0 9.0742e+16 228884000000.0 1916750000000.0 241400000000.0 44179200000.0 470155000000.0 5506010000.0 790476000.0 2890000000000.0 2857590000.0 121354000.0 544827000.0 12809900000.0 166066000000.0 64158100000.0 47987600000.0 356871000.0 1749300000.0 -3.52 [-3.52]
199526000000000.0 8.62073e+16 227863000000.0 1826960000000.0 218163000000.0 45156600000.0 449172000000.0 4745270000.0 866589000.0 2785230000000.0 2349220000.0 95465700.0 540871000.0 12859900000.0 161351000000.0 60469000000.0 42323300000.0 388866000.0 1796910000.0 -3.5 [-3.5]
199526000000000.0 8.19115e+16 226775000000.0 1740580000000.0 196950000000.0 46147600000.0 428741000000.0 4086790000.0 948662000.0 2680180000000.0 1927770000.0 74978400.0 536362000.0 12904700000.0 156557000000.0 56899300000.0 37276500000.0 423024000.0 1842610000.0 -3.48 [-3.48]
199526000000000.0 7.78225e+16 225613000000.0 1657160000000.0 177532000000.0 47150300000.0 408774000000.0 3515190000.0 1037270000.0 2574580000000.0 1577820000.0 58739000.0 531302000.0 12946000000.0 151680000000.0 53440500000.0 32774400000.0 459552000.0 1886400000.0 -3.46 [-3.46]
199526000000000.0 7.39396e+16 224380000000.0 1576860000000.0 159819000000.0 48163400000.0 389332000000.0 3020620000.0 1132610000.0 2469030000000.0 1288500000.0 45922000.0 525741000.0 12984400000.0 146763000000.0 50108300000.0 28774700000.0 498459000.0 1928030000.0 -3.44 [-3.44]
199526000000000.0 7.02524e+16 223080000000.0 1499610000000.0 143686000000.0 49184800000.0 370422000000.0 2593160000.0 1235010000.0 2363810000000.0 1049860000.0 35828200.0 519716000.0 13020400000.0 141828000000.0 46907600000.0 25228700000.0 539808000.0 1967370000.0 -3.42 [-3.42]
199526000000000.0 6.67424e+16 221706000000.0 1425190000000.0 128982000000.0 50212000000.0 352004000000.0 2223390000.0 1344950000.0 2258930000000.0 853117000.0 27882700.0 513238000.0 13055400000.0 136882000000.0 43834600000.0 22085700000.0 583738000.0 2004340000.0 -3.4 [-3.4]
199526000000000.0 6.34181e+16 220272000000.0 1353900000000.0 115658000000.0 51243200000.0 334175000000.0 1905180000.0 1462360000.0 2155240000000.0 691938000.0 21666600.0 506388000.0 13088800000.0 131975000000.0 40906600000.0 19315500000.0 630113000.0 2038710000.0 -3.38 [-3.38]
199526000000000.0 6.02613e+16 218773000000.0 1285490000000.0 103575000000.0 52275100000.0 316891000000.0 1631000000.0 1587700000.0 2052700000000.0 559914000.0 16803000.0 499174000.0 13121600000.0 127108000000.0 38116600000.0 16873200000.0 679045000.0 2070440000.0 -3.36 [-3.36]
199526000000000.0 5.72637e+16 217209000000.0 1219890000000.0 92633800000.0 53304400000.0 300152000000.0 1395000000.0 1721200000.0 1951580000000.0 452030000.0 13005900.0 491631000.0 13154300000.0 122295000000.0 35464500000.0 14723600000.0 730540000.0 2099440000.0 -3.34 [-3.34]
199526000000000.0 5.44172e+16 215581000000.0 1157030000000.0 82740000000.0 54327400000.0 283960000000.0 1192050000.0 1863080000.0 1852100000000.0 364080000.0 10047600.0 483788000.0 13187000000.0 117550000000.0 32949000000.0 12834500000.0 784594000.0 2125640000.0 -3.32 [-3.32]
199526000000000.0 5.17142e+16 213889000000.0 1096830000000.0 73806600000.0 55339800000.0 268311000000.0 1017680000.0 2013500000.0 1754500000000.0 292552000.0 7747600.0 475675000.0 13220100000.0 112883000000.0 30568200000.0 11176700000.0 841180000.0 2148960000.0 -3.3 [-3.3]
199526000000000.0 4.9154e+16 212141000000.0 1039370000000.0 65769300000.0 56338400000.0 253241000000.0 868310000.0 2172350000.0 1659200000000.0 234622000.0 5966210.0 467348000.0 13253100000.0 108317000000.0 28324900000.0 9726430000.0 900132000.0 2169360000.0 -3.28 [-3.28]
199526000000000.0 4.67163e+16 210324000000.0 984265000000.0 58516900000.0 57316000000.0 238671000000.0 739923000.0 2340200000.0 1565930000000.0 187635000.0 4583770.0 458782000.0 13287000000.0 103832000000.0 26204800000.0 8454510000.0 961624000.0 2186830000.0 -3.26 [-3.26]
199526000000000.0 4.44012e+16 208444000000.0 931599000000.0 51997200000.0 58268200000.0 224635000000.0 629916000.0 2516830000.0 1475080000000.0 149698000.0 3515430.0 450028000.0 13321300000.0 99448600000.0 24209900000.0 7342560000.0 1025460000.0 2201320000.0 -3.24 [-3.24]
199526000000000.0 4.22028e+16 206504000000.0 881296000000.0 46145100000.0 59189500000.0 211130000000.0 535747000.0 2702200000.0 1386830000000.0 119144000.0 2691470.0 441114000.0 13356000000.0 95171500000.0 22336400000.0 6371610000.0 1091530000.0 2212840000.0 -3.22 [-3.22]
199526000000000.0 4.01156e+16 204504000000.0 833291000000.0 40900600000.0 60074100000.0 198154000000.0 455216000.0 2896180000.0 1301330000000.0 94599900.0 2057290.0 432067000.0 13390600000.0 91006100000.0 20580000000.0 5524790000.0 1159690000.0 2221410000.0 -3.2 [-3.2]
199526000000000.0 3.81329e+16 202442000000.0 787485000000.0 36205900000.0 60915400000.0 185695000000.0 386388000.0 3098630000.0 1218670000000.0 74927100.0 1569930.0 422903000.0 13425300000.0 86952800000.0 18936100000.0 4786750000.0 1229840000.0 2227020000.0 -3.18 [-3.18]
199526000000000.0 3.62503e+16 200322000000.0 743819000000.0 32010400000.0 61707000000.0 173753000000.0 327629000.0 3309270000.0 1138980000000.0 59201600.0 1196160.0 413650000.0 13459500000.0 83015600000.0 17400200000.0 4144290000.0 1301780000.0 2229720000.0 -3.16 [-3.16]
199526000000000.0 3.44617e+16 198141000000.0 702200000000.0 28265300000.0 62442100000.0 162317000000.0 277496000.0 3527790000.0 1062310000000.0 46659400.0 909950.0 404322000.0 13493000000.0 79193800000.0 15967100000.0 3585370000.0 1375380000.0 2229540000.0 -3.14 [-3.14]
199526000000000.0 3.27635e+16 195905000000.0 662580000000.0 24928600000.0 63114400000.0 151387000000.0 234782000.0 3753710000.0 988783000000.0 36686000.0 691257.0 394948000.0 13525300000.0 75491100000.0 14632900000.0 3099770000.0 1450390000.0 2226550000.0 -3.12 [-3.12]
199526000000000.0 3.11466e+16 193605000000.0 624781000000.0 21953500000.0 63714900000.0 140932000000.0 198351000.0 3986880000.0 918287000000.0 28761300.0 524127.0 385518000.0 13556400000.0 71896600000.0 13389500000.0 2677400000.0 1526770000.0 2220790000.0 -3.1 [-3.1]
199526000000000.0 2.96191e+16 191264000000.0 589022000000.0 19320900000.0 64244300000.0 131015000000.0 167487000.0 4225700000.0 851322000000.0 22513400.0 397301.0 376130000.0 13584700000.0 68440400000.0 12241000000.0 2312350000.0 1603850000.0 2212430000.0 -3.08 [-3.08]
199526000000000.0 2.81643e+16 188863000000.0 554939000000.0 16979500000.0 64689000000.0 121557000000.0 141207000.0 4470520000.0 787446000000.0 17571900.0 300630.0 366719000.0 13610800000.0 65091200000.0 11173800000.0 1995230000.0 1681870000.0 2201440000.0 -3.06 [-3.06]
199526000000000.0 2.67826e+16 186408000000.0 522561000000.0 14904600000.0 65045500000.0 112576000000.0 118901000.0 4720260000.0 726820000000.0 13681700.0 0.0 357329000.0 13633900000.0 61858200000.0 10186400000.0 1720520000.0 1760440000.0 2187950000.0 -3.04 [-3.04]
199526000000000.0 2.54701e+16 183904000000.0 491821000000.0 13068400000.0 65308500000.0 104064000000.0 99988600.0 4974120000.0 669437000000.0 10627100.0 0.0 347975000.0 13653500000.0 58740200000.0 9274110000.0 1482700000.0 1839330000.0 2172050000.0 -3.02 [-3.02]
199526000000000.0 2.42234e+16 181349000000.0 462653000000.0 11445500000.0 65473300000.0 96011300000.0 83972800.0 5231240000.0 615274000000.0 8234680.0 0.0 338672000.0 13669000000.0 55735700000.0 8432620000.0 1276970000.0 1918320000.0 2153870000.0 -3.0 [-3.0]
199526000000000.0 2.3036e+16 178741000000.0 434919000000.0 10010300000.0 65532100000.0 88393600000.0 70401500.0 5491090000.0 564186000000.0 6362790.0 0.0 329406000.0 13680200000.0 52834900000.0 7655800000.0 1098800000.0 1997330000.0 2133420000.0 -2.98 [-2.98]
199526000000000.0 2.19142e+16 176102000000.0 408778000000.0 8750680000.0 65493000000.0 81251100000.0 58982500.0 5751580000.0 516445000000.0 4909600.0 0.0 320268000.0 13685700000.0 50060700000.0 6944980000.0 945472000.0 2075650000.0 2111050000.0 -2.96 [-2.96]
199526000000000.0 2.08455e+16 173413000000.0 383948000000.0 7639210000.0 65342400000.0 74523200000.0 49327700.0 6012910000.0 471661000000.0 3777830.0 0.0 311193000.0 13685800000.0 47386600000.0 6290650000.0 812818000.0 2153550000.0 2086660000.0 -2.94 [-2.94]
199526000000000.0 1.98274e+16 170675000000.0 360377000000.0 6659940000.0 65078400000.0 68201600000.0 41178400.0 6274110000.0 429775000000.0 2898990.0 0.0 302190000.0 13680000000.0 44810900000.0 5689400000.0 698146000.0 2230860000.0 2060340000.0 -2.92 [-2.92]
199526000000000.0 1.88629e+16 167906000000.0 338142000000.0 5802030000.0 64709300000.0 62303300000.0 34337200.0 6533430000.0 390883000000.0 2220790.0 0.0 293323000.0 13667300000.0 42347200000.0 5140490000.0 599481000.0 2307010000.0 2032400000.0 -2.9 [-2.9]
199526000000000.0 1.79465e+16 165103000000.0 317118000000.0 5049600000.0 64231900000.0 56801000000.0 28590100.0 6790330000.0 354793000000.0 1697620.0 0.0 284574000.0 13647400000.0 39985400000.0 4638830000.0 514460000.0 2381990000.0 2002890000.0 -2.88 [-2.88]
199526000000000.0 1.70758e+16 162266000000.0 297250000000.0 4390430000.0 63647900000.0 51680800000.0 23769200.0 7043910000.0 321395000000.0 1295000.0 0.0 275953000.0 13620000000.0 37723400000.0 4181040000.0 441239000.0 2455640000.0 1971920000.0 -2.86 [-2.86]
199526000000000.0 1.62509e+16 159408000000.0 278541000000.0 3814920000.0 62965600000.0 46939500000.0 19739400.0 7292920000.0 290643000000.0 986413.0 0.0 267492000.0 13584600000.0 35565600000.0 3764950000.0 378346000.0 2527620000.0 1939740000.0 -2.84 [-2.84]
199526000000000.0 1.54647e+16 156515000000.0 260830000000.0 3310710000.0 62178600000.0 42540000000.0 16362000.0 7537320000.0 262276000000.0 749525.0 0.0 259147000.0 13540900000.0 33496000000.0 3385380000.0 324125000.0 2598150000.0 1906240000.0 -2.82 [-2.82]
199526000000000.0 1.47176e+16 153597000000.0 244122000000.0 2870540000.0 61296700000.0 38478300000.0 13542400.0 7775990000.0 236243000000.0 568474.0 0.0 250950000.0 13488700000.0 31519200000.0 3040570000.0 277516000.0 2666910000.0 1871670000.0 -2.8 [-2.8]
199526000000000.0 1.40075e+16 150658000000.0 228371000000.0 2486690000.0 60325600000.0 34738400000.0 11192200.0 8008260000.0 212414000000.0 430398.0 0.0 242908000.0 13427500000.0 29632900000.0 2727790000.0 237473000.0 2733790000.0 1836150000.0 -2.78 [-2.78]
199526000000000.0 1.33328e+16 147702000000.0 213532000000.0 2152330000.0 59271700000.0 31304000000.0 9236520.0 8233570000.0 190660000000.0 325317.0 0.0 235024000.0 13357200000.0 27834700000.0 2444480000.0 203095000.0 2798670000.0 1799800000.0 -2.76 [-2.76]
199526000000000.0 1.26915e+16 144731000000.0 199559000000.0 1861380000.0 58142000000.0 28158200000.0 7611780.0 8451390000.0 170849000000.0 245504.0 0.0 227305000.0 13277500000.0 26122300000.0 2188240000.0 173596000.0 2861470000.0 1762730000.0 -2.74 [-2.74]
199526000000000.0 1.208e+16 141738000000.0 186368000000.0 1607860000.0 56937500000.0 25277400000.0 6261430.0 8661670000.0 152813000000.0 184890.0 0.0 219727000.0 13188400000.0 24487700000.0 1956180000.0 148244000.0 2922270000.0 1724930000.0 -2.72 [-2.72]
199526000000000.0 1.15006e+16 138747000000.0 174003000000.0 1388290000.0 55678600000.0 22659000000.0 5145920.0 8863370000.0 136508000000.0 139129.0 0.0 212345000.0 13089800000.0 22939600000.0 1747480000.0 126572000.0 2980660000.0 1686770000.0 -2.7 [-2.7]
