Cloudy_runs/rxj0439/z=0.005568/logZ=-1/component_I_PI_nH/component_I_PI_nH_col_density_param.txt
# %ECSV 1.0
# ---
# datatype:
# - {name: H, datatype: float64}
# - {name: H+, datatype: float64}
# - {name: C+, datatype: float64}
# - {name: C+2, datatype: float64}
# - {name: C+3, datatype: float64}
# - {name: N+, datatype: float64}
# - {name: N+2, datatype: float64}
# - {name: N+4, datatype: float64}
# - {name: O, datatype: float64}
# - {name: O+2, datatype: float64}
# - {name: O+5, datatype: float64}
# - {name: O+6, datatype: float64}
# - {name: P+, datatype: float64}
# - {name: Si+, datatype: float64}
# - {name: Si+2, datatype: float64}
# - {name: Si+3, datatype: float64}
# - {name: Si+4, datatype: float64}
# - {name: Fe+, datatype: float64}
# - {name: Al+, datatype: float64}
# - {name: log_nH, datatype: float64}
# - {name: parameters, datatype: string, subtype: 'float64[1]'}
# schema: astropy-2.0
H H+ C+ C+2 C+3 N+ N+2 N+4 O O+2 O+5 O+6 P+ Si+ Si+2 Si+3 Si+4 Fe+ Al+ log_nH parameters
199526000000000.0 4.29936e+18 28852400000.0 3045250000000.0 7886330000000.0 2266340000.0 519642000000.0 5650250000000.0 219236.0 1387910000000.0 47345600000000.0 51013700000000.0 2612600.0 41500900.0 1670730000.0 5831130000.0 385355000000.0 12432.3 1329510.0 -5.0 [-5.0]
199526000000000.0 4.07455e+18 30986100000.0 3181570000000.0 7931620000000.0 2452190000.0 547408000000.0 5498470000000.0 244784.0 1466350000000.0 44207200000000.0 45420900000000.0 3030270.0 48451800.0 1914910000.0 6470060000.0 404966000000.0 14992.4 1565600.0 -4.98 [-4.98]
199526000000000.0 3.86182e+18 33240400000.0 3319970000000.0 7967940000000.0 2649820000.0 575802000000.0 5340770000000.0 273233.0 1546890000000.0 41187200000000.0 40362000000000.0 3508530.0 56458000.0 2191340000.0 7168440000.0 424937000000.0 18061.3 1839840.0 -4.96 [-4.96]
199526000000000.0 3.66047e+18 35618600000.0 3460190000000.0 7995140000000.0 2859540000.0 604751000000.0 5177780000000.0 304908.0 1629390000000.0 38291200000000.0 35796500000000.0 4055090.0 65660100.0 2503740000.0 7930550000.0 445221000000.0 21735.6 2157790.0 -4.94 [-4.94]
199526000000000.0 3.46985e+18 38123100000.0 3601930000000.0 8013080000000.0 3081560000.0 634167000000.0 5010090000000.0 340168.0 1713690000000.0 35522800000000.0 31685800000000.0 4678430.0 76214400.0 2856190000.0 8760890000.0 465767000000.0 26129.5 2525770.0 -4.92 [-4.92]
199526000000000.0 3.28932e+18 40755500000.0 3744820000000.0 8021610000000.0 3315980000.0 663951000000.0 4838380000000.0 379403.0 1799610000000.0 32884800000000.0 27992800000000.0 5387780.0 88293400.0 3253130000.0 9664180000.0 486520000000.0 31377.6 2950890.0 -4.9 [-4.9]
199526000000000.0 3.11836e+18 43519000000.0 3888570000000.0 8020630000000.0 3563080000.0 694013000000.0 4663330000000.0 423086.0 1887010000000.0 30379000000000.0 24683000000000.0 6193600.0 102088000.0 3699390000.0 10645000000.0 507417000000.0 37638.3 3441110.0 -4.88 [-4.88]
199526000000000.0 2.95645e+18 46415200000.0 4032780000000.0 8010070000000.0 3822970000.0 724253000000.0 4485680000000.0 471730.0 1975710000000.0 28006100000000.0 21723500000000.0 7107170.0 117810000.0 4200220000.0 11708300000.0 528393000000.0 45097.8 4005420.0 -4.86 [-4.86]
199526000000000.0 2.80307e+18 49445300000.0 4177050000000.0 7989820000000.0 4095720000.0 754560000000.0 4306110000000.0 525915.0 2065530000000.0 25765800000000.0 19083100000000.0 8140850.0 135688000.0 4761300000.0 12859000000.0 549377000000.0 53974.5 4653870.0 -4.84 [-4.84]
199526000000000.0 2.65778e+18 52610000000.0 4320960000000.0 7959850000000.0 4381340000.0 784819000000.0 4125360000000.0 586294.0 2156290000000.0 23656900000000.0 16732800000000.0 9308120.0 155975000.0 5388730000.0 14102100000.0 570295000000.0 64524.1 5397690.0 -4.82 [-4.82]
199526000000000.0 2.52012e+18 55909400000.0 4464030000000.0 7920120000000.0 4679820000.0 814919000000.0 3944140000000.0 653605.0 2247800000000.0 21677300000000.0 14645300000000.0 10623500.0 178945000.0 6089080000.0 15442600000.0 591067000000.0 77039.3 6248820.0 -4.8 [-4.8]
199526000000000.0 2.38972e+18 59342200000.0 4605780000000.0 7870670000000.0 4990990000.0 844734000000.0 3763210000000.0 728656.0 2339850000000.0 19824900000000.0 12795700000000.0 12102100.0 204889000.0 6869220000.0 16885100000.0 611608000000.0 91860.7 7220620.0 -4.78 [-4.78]
199526000000000.0 2.26614e+18 62909500000.0 4745780000000.0 7811470000000.0 5314980000.0 874161000000.0 3583160000000.0 812443.0 2432300000000.0 18095400000000.0 11159600000000.0 13762300.0 234144000.0 7736970000.0 18435200000.0 631837000000.0 109405.0 8329400.0 -4.76 [-4.76]
199526000000000.0 2.14903e+18 66608700000.0 4883470000000.0 7742610000000.0 5651540000.0 903076000000.0 3404710000000.0 906015.0 2524940000000.0 16485300000000.0 9715870000000.0 15622100.0 267054000.0 8700190000.0 20097300000.0 651664000000.0 130141.0 9592050.0 -4.74 [-4.74]
199526000000000.0 2.03805e+18 70437300000.0 5018320000000.0 7664180000000.0 6000520000.0 931364000000.0 3228480000000.0 1010580.0 2617570000000.0 14990300000000.0 8444490000000.0 17701200.0 303989000.0 9767280000.0 21876000000.0 670993000000.0 154615.0 11027300.0 -4.72 [-4.72]
199526000000000.0 1.93289e+18 74392600000.0 5149800000000.0 7576280000000.0 6361740000.0 958911000000.0 3055080000000.0 1127520.0 2710010000000.0 13605800000000.0 7327190000000.0 20021000.0 345354000.0 10947200000.0 23775700000.0 689731000000.0 183459.0 12655900.0 -4.7 [-4.7]
199526000000000.0 1.83323e+18 78470500000.0 5277340000000.0 7479090000000.0 6734990000.0 985608000000.0 2885050000000.0 1258380.0 2802060000000.0 12326800000000.0 6347270000000.0 22604100.0 391575000.0 12249200000.0 25800200000.0 707780000000.0 217405.0 14500600.0 -4.68 [-4.68]
199526000000000.0 1.73875e+18 82668800000.0 5400430000000.0 7372750000000.0 7120230000.0 1011360000000.0 2718860000000.0 1404990.0 2893580000000.0 11147700000000.0 5489280000000.0 25475600.0 443129000.0 13683500000.0 27953800000.0 725049000000.0 257316.0 16587100.0 -4.66 [-4.66]
199526000000000.0 1.64924e+18 86977400000.0 5518400000000.0 7257580000000.0 7516830000.0 1036040000000.0 2557080000000.0 1569230.0 2984310000000.0 10064100000000.0 4739930000000.0 28658400.0 500455000.0 15259500000.0 30238500000.0 741429000000.0 304138.0 18941400.0 -4.64 [-4.64]
199526000000000.0 1.5644e+18 91393300000.0 5630770000000.0 7133830000000.0 7924780000.0 1059580000000.0 2400050000000.0 1753420.0 3074100000000.0 9070090000000.0 4086530000000.0 32180600.0 564080000.0 16987900000.0 32657300000.0 756828000000.0 359003.0 21593600.0 -4.62 [-4.62]
199526000000000.0 1.48401e+18 95909600000.0 5736990000000.0 7001810000000.0 8343860000.0 1081880000000.0 2248150000000.0 1960120.0 3162770000000.0 8160490000000.0 3517820000000.0 36070200.0 634537000.0 18879500000.0 35211900000.0 771148000000.0 423199.0 24576100.0 -4.6 [-4.6]
199526000000000.0 1.40781e+18 100518000000.0 5836500000000.0 6861880000000.0 8773810000.0 1102870000000.0 2101660000000.0 2192230.0 3250140000000.0 7329870000000.0 3023730000000.0 40355800.0 712375000.0 20945100000.0 37903300000.0 784294000000.0 498199.0 27923800.0 -4.58 [-4.58]
199526000000000.0 1.33559e+18 105211000000.0 5928780000000.0 6714430000000.0 9214350000.0 1122470000000.0 1960830000000.0 2453010.0 3336030000000.0 6573030000000.0 2595220000000.0 45067200.0 798167000.0 23195800000.0 40731600000.0 796172000000.0 585685.0 31674400.0 -4.56 [-4.56]
199526000000000.0 1.26714e+18 109978000000.0 6013360000000.0 6559920000000.0 9665290000.0 1140620000000.0 1825860000000.0 2746160.0 3420270000000.0 5884870000000.0 2224220000000.0 50235000.0 892503000.0 25642400000.0 43695800000.0 806694000000.0 687580.0 35868500.0 -4.54 [-4.54]
199526000000000.0 1.20225e+18 114808000000.0 6089710000000.0 6398770000000.0 10126300000.0 1157240000000.0 1696870000000.0 3075870.0 3502670000000.0 5260390000000.0 1903540000000.0 55890400.0 995982000.0 28295700000.0 46793800000.0 815770000000.0 806070.0 40549400.0 -4.52 [-4.52]
199526000000000.0 1.14076e+18 119693000000.0 6157450000000.0 6231570000000.0 10597200000.0 1172310000000.0 1573980000000.0 3446830.0 3583080000000.0 4694880000000.0 1626830000000.0 62063300.0 1109210000.0 31166300000.0 50022300000.0 823324000000.0 943642.0 45763600.0 -4.5 [-4.5]
199526000000000.0 1.08246e+18 124619000000.0 6216190000000.0 6058870000000.0 11077700000.0 1185780000000.0 1457220000000.0 3864350.0 3661330000000.0 4183770000000.0 1388440000000.0 68783800.0 1232810000.0 34264100000.0 53376700000.0 829280000000.0 1103110.0 51560600.0 -4.48 [-4.48]
199526000000000.0 1.02721e+18 129575000000.0 6265580000000.0 5881240000000.0 11567800000.0 1197610000000.0 1346590000000.0 4334430.0 3737270000000.0 3722700000000.0 1183380000000.0 76080700.0 1367370000.0 37598400000.0 56850600000.0 833571000000.0 1287680.0 57992800.0 -4.46 [-4.46]
199526000000000.0 9.74831e+17 134549000000.0 6305320000000.0 5699300000000.0 12067100000.0 1207790000000.0 1242070000000.0 4863780.0 3810750000000.0 3307540000000.0 1007260000000.0 83981100.0 1513490000.0 41177700000.0 60436400000.0 836138000000.0 1500930.0 65115300.0 -4.44 [-4.44]
199526000000000.0 9.25178e+17 139526000000.0 6335160000000.0 5513690000000.0 12575400000.0 1216280000000.0 1143560000000.0 5459980.0 3881590000000.0 2934400000000.0 856224000000.0 92510100.0 1671740000.0 45009100000.0 64124500000.0 836926000000.0 1746940.0 72986400.0 -4.42 [-4.42]
199526000000000.0 8.78106e+17 144492000000.0 6354930000000.0 5325070000000.0 13092600000.0 1223080000000.0 1050960000000.0 6131540.0 3949660000000.0 2599610000000.0 726888000000.0 101689000.0 1842640000.0 49098500000.0 67903600000.0 835893000000.0 2030270.0 81666800.0 -4.4 [-4.4]
199526000000000.0 8.33474e+17 149433000000.0 6364460000000.0 5134110000000.0 13618200000.0 1228190000000.0 964141000000.0 6888010.0 4014800000000.0 2299750000000.0 616292000000.0 111535000.0 2026680000.0 53449800000.0 71760800000.0 833005000000.0 2356040.0 91219300.0 -4.38 [-4.38]
199526000000000.0 7.9117e+17 154323000000.0 6363570000000.0 4941610000000.0 14151300000.0 1231580000000.0 882985000000.0 7739450.0 4076800000000.0 2031770000000.0 521893000000.0 122046000.0 2224060000.0 58061800000.0 75681100000.0 828243000000.0 2729720.0 101702000.0 -4.36 [-4.36]
199526000000000.0 7.51055e+17 159180000000.0 6352720000000.0 4748000000000.0 14694200000.0 1233330000000.0 807211000000.0 8699300.0 4135710000000.0 1792410000000.0 441370000000.0 133266000.0 2435650000.0 62941700000.0 79645200000.0 821596000000.0 3158220.0 113197000.0 -4.34 [-4.34]
199526000000000.0 7.13003e+17 163962000000.0 6331530000000.0 4554070000000.0 15244600000.0 1233400000000.0 736667000000.0 9780170.0 4191250000000.0 1579080000000.0 372788000000.0 145168000.0 2661380000.0 68081400000.0 83637200000.0 813060000000.0 3648470.0 125764000.0 -4.32 [-4.32]
199526000000000.0 6.76889e+17 168668000000.0 6300260000000.0 4360340000000.0 15803400000.0 1231810000000.0 671097000000.0 10998200.0 4243340000000.0 1389100000000.0 314424000000.0 157764000.0 2901690000.0 73479000000.0 87635600000.0 802640000000.0 4208920.0 139486000.0 -4.3 [-4.3]
199526000000000.0 6.4266e+17 173272000000.0 6259110000000.0 4167740000000.0 16369200000.0 1228610000000.0 610375000000.0 12368500.0 4291800000000.0 1220430000000.0 264889000000.0 171014000.0 3156200000.0 79118700000.0 91615800000.0 790383000000.0 4847580.0 154411000.0 -4.28 [-4.28]
199526000000000.0 6.10189e+17 177765000000.0 6208320000000.0 3976780000000.0 16942400000.0 1223810000000.0 554224000000.0 13910800.0 4336530000000.0 1070790000000.0 222873000000.0 184907000.0 3425000000.0 84990300000.0 95554000000.0 776322000000.0 5574680.0 170621000.0 -4.26 [-4.26]
199526000000000.0 5.79384e+17 182135000000.0 6148230000000.0 3788020000000.0 17523000000.0 1217470000000.0 502407000000.0 15646100.0 4377420000000.0 938236000000.0 187277000000.0 199408000.0 3707880000.0 91077000000.0 99423800000.0 760512000000.0 6401140.0 188184000.0 -4.24 [-4.24]
199526000000000.0 5.50179e+17 186359000000.0 6079180000000.0 3602220000000.0 18109600000.0 1209610000000.0 454735000000.0 17596200.0 4414300000000.0 821079000000.0 157184000000.0 214454000.0 4004010000.0 97352000000.0 103198000000.0 743037000000.0 7338010.0 207148000.0 -4.22 [-4.22]
199526000000000.0 5.22423e+17 190455000000.0 6001590000000.0 3419350000000.0 18704800000.0 1200280000000.0 410844000000.0 19792300.0 4447170000000.0 717413000000.0 131716000000.0 230052000.0 4313970000.0 103805000000.0 106846000000.0 723933000000.0 8401450.0 227637000.0 -4.2 [-4.2]
199526000000000.0 4.96105e+17 194382000000.0 5915940000000.0 3240460000000.0 19305900000.0 1189540000000.0 370632000000.0 22258300.0 4475820000000.0 626065000000.0 110242000000.0 246080000.0 4635820000.0 110390000000.0 110340000000.0 703348000000.0 9603210.0 249656000.0 -4.18 [-4.18]
199526000000000.0 4.71128e+17 198144000000.0 5822760000000.0 3065790000000.0 19913700000.0 1177440000000.0 333824000000.0 25028400.0 4500180000000.0 545607000000.0 92144900000.0 262488000.0 4969010000.0 117079000000.0 113649000000.0 681378000000.0 10960400.0 273282000.0 -4.16 [-4.16]
199526000000000.0 4.47421e+17 201730000000.0 5722560000000.0 2895740000000.0 20528100000.0 1164040000000.0 300198000000.0 28138400.0 4520150000000.0 474838000000.0 76912100000.0 279195000.0 5312360000.0 123833000000.0 116742000000.0 658147000000.0 12490600.0 298571000.0 -4.14 [-4.14]
199526000000000.0 4.24916e+17 205132000000.0 5615890000000.0 2730650000000.0 21148900000.0 1149390000000.0 269538000000.0 31628200.0 4535630000000.0 412677000000.0 64107100000.0 296112000.0 5664500000.0 130608000000.0 119591000000.0 633793000000.0 14213300.0 325568000.0 -4.12 [-4.12]
199526000000000.0 4.03551e+17 208345000000.0 5503350000000.0 2570820000000.0 21776000000.0 1133560000000.0 241634000000.0 35541800.0 4546530000000.0 358155000000.0 53357400000.0 313148000.0 6023900000.0 137358000000.0 122166000000.0 608463000000.0 16149700.0 354316000.0 -4.1 [-4.1]
199526000000000.0 3.83267e+17 211365000000.0 5385550000000.0 2416490000000.0 22409700000.0 1116620000000.0 216285000000.0 39928000.0 4552770000000.0 310396000000.0 44345300000.0 330204000.0 6388860000.0 144034000000.0 124439000000.0 582316000000.0 18322900.0 384847000.0 -4.08 [-4.08]
199526000000000.0 3.64007e+17 214188000000.0 5263080000000.0 2267860000000.0 23049800000.0 1098630000000.0 193301000000.0 44840600.0 4554280000000.0 268621000000.0 36800300000.0 347181000.0 6757530000.0 150585000000.0 126387000000.0 555518000000.0 20758200.0 417185000.0 -4.06 [-4.06]
199526000000000.0 3.45719e+17 216813000000.0 5136570000000.0 2125080000000.0 23696700000.0 1079670000000.0 172497000000.0 50338900.0 4550980000000.0 232130000000.0 30492400000.0 363979000.0 7127960000.0 156957000000.0 127987000000.0 528241000000.0 23483100.0 451346000.0 -4.04 [-4.04]
199526000000000.0 3.28353e+17 219240000000.0 5006620000000.0 1988260000000.0 24350500000.0 1059810000000.0 153700000000.0 56488200.0 4542830000000.0 200302000000.0 25226500000.0 380497000.0 7498100000.0 163096000000.0 129218000000.0 500660000000.0 26527400.0 487335000.0 -4.02 [-4.02]
199526000000000.0 3.11862e+17 221471000000.0 4873820000000.0 1857460000000.0 25011400000.0 1039110000000.0 136748000000.0 63360200.0 4529770000000.0 172579000000.0 20836800000.0 396640000.0 7865850000.0 168949000000.0 130066000000.0 472951000000.0 29923600.0 525145000.0 -4.0 [-4.0]
199526000000000.0 2.962e+17 223504000000.0 4738740000000.0 1732700000000.0 25679600000.0 1017660000000.0 121485000000.0 71033600.0 4511760000000.0 148466000000.0 17182800000.0 412308000.0 8229050000.0 174464000000.0 130521000000.0 445285000000.0 33706900.0 564755000.0 -3.98 [-3.98]
199526000000000.0 2.81326e+17 225345000000.0 4601960000000.0 1613970000000.0 26355700000.0 995518000000.0 107767000000.0 79594300.0 4488780000000.0 127524000000.0 14146100000.0 427419000.0 8585670000.0 179592000000.0 130573000000.0 417835000000.0 37915000.0 606138000.0 -3.96 [-3.96]
199526000000000.0 2.672e+17 226999000000.0 4464010000000.0 1501220000000.0 27040100000.0 972775000000.0 95458600000.0 89136200.0 4460820000000.0 109364000000.0 11626400000.0 441894000.0 8933730000.0 184288000000.0 130223000000.0 390763000000.0 42589000.0 649248000.0 -3.94 [-3.94]
199526000000000.0 2.53785e+17 228470000000.0 4325410000000.0 1394380000000.0 27733300000.0 949500000000.0 84434400000.0 99761600.0 4427890000000.0 93638600000.0 9539020000.0 455661000.0 9271340000.0 188511000000.0 129472000000.0 364220000000.0 47772800.0 694031000.0 -3.92 [-3.92]
199526000000000.0 2.41045e+17 229764000000.0 4186630000000.0 1293350000000.0 28435800000.0 925764000000.0 74576700000.0 111582000.0 4390010000000.0 80043500000.0 7812630000.0 468654000.0 9596770000.0 192226000000.0 128328000000.0 338348000000.0 53513700.0 740416000.0 -3.9 [-3.9]
199526000000000.0 2.28964e+17 230883000000.0 4048340000000.0 1198130000000.0 29147500000.0 901684000000.0 65789700000.0 124701000.0 4347330000000.0 68324400000.0 6389040000.0 480801000.0 9907770000.0 195405000000.0 126811000000.0 313307000000.0 59852400.0 788244000.0 -3.88 [-3.88]
