Cloudy_runs/pg1216/z=0.006328/logZ=1/component_IV_PI_nH/component_IV_PI_nH_col_density_param.txt
# %ECSV 1.0
# ---
# datatype:
# - {name: H, datatype: float64}
# - {name: H+, datatype: float64}
# - {name: C+, datatype: float64}
# - {name: C+2, datatype: float64}
# - {name: C+3, datatype: float64}
# - {name: N+, datatype: float64}
# - {name: N+2, datatype: float64}
# - {name: N+4, datatype: float64}
# - {name: O, datatype: float64}
# - {name: O+2, datatype: float64}
# - {name: O+5, datatype: float64}
# - {name: O+6, datatype: float64}
# - {name: P+, datatype: float64}
# - {name: Si+, datatype: float64}
# - {name: Si+2, datatype: float64}
# - {name: Si+3, datatype: float64}
# - {name: Si+4, datatype: float64}
# - {name: Fe+, datatype: float64}
# - {name: Al+, datatype: float64}
# - {name: log_nH, datatype: float64}
# - {name: parameters, datatype: string, subtype: 'float64[1]'}
# schema: astropy-2.0
H H+ C+ C+2 C+3 N+ N+2 N+4 O O+2 O+5 O+6 P+ Si+ Si+2 Si+3 Si+4 Fe+ Al+ log_nH parameters
[from data line 230]
3.3862e+18 8.87554e+16 5480170000000000.0 22458100000000.0 0.0 64164100000000.0 3361250000.0 0.0 1.69561e+16 6187140000.0 0.0 0.0 8093990000000.0 1053020000000000.0 3065930000.0 12022600000.0 0.0 1094740000000000.0 96497700000000.0 -0.4 [-0.4]
3.23994e+18 8.56161e+16 5136220000000000.0 20843100000000.0 0.0 61375000000000.0 3092900000.0 0.0 1.62273e+16 5649560000.0 0.0 0.0 7748240000000.0 1004800000000000.0 2840550000.0 10976200000.0 0.0 1047710000000000.0 92409500000000.0 -0.38 [-0.38]
3.23569e+18 8.32538e+16 5059780000000000.0 19827200000000.0 0.0 59326100000000.0 2872130000.0 0.0 1.61979e+16 5238040000.0 0.0 0.0 7720990000000.0 1001400000000000.0 2703240000.0 10443100000.0 0.0 1045600000000000.0 92256800000000.0 -0.36 [-0.36]
3.09774e+18 8.03113e+16 4741060000000000.0 18387300000000.0 0.0 56745400000000.0 2642780000.0 0.0 1.55104e+16 4784930000.0 0.0 0.0 7396080000000.0 955949000000000.0 2505490000.0 9537420000.0 0.0 1001250000000000.0 88393400000000.0 -0.34 [-0.34]
3.09352e+18 7.81024e+16 4667640000000000.0 17482000000000.0 0.0 54852500000000.0 2454490000.0 0.0 1.54816e+16 4439270000.0 0.0 0.0 7370070000000.0 952601000000000.0 2384320000.0 9073280000.0 0.0 999199000000000.0 88241800000000.0 -0.32 [-0.32]
2.96413e+18 7.53541e+16 4373840000000000.0 16201900000000.0 0.0 52466400000000.0 2258530000.0 0.0 1.48368e+16 4057430000.0 0.0 0.0 7066390000000.0 909980000000000.0 2211100000.0 8291270000.0 0.0 957608000000000.0 84611700000000.0 -0.3 [-0.3]
2.95994e+18 7.32879e+16 4303440000000000.0 15396000000000.0 0.0 50717000000000.0 2097890000.0 0.0 1.48086e+16 3766710000.0 0.0 0.0 7041550000000.0 906683000000000.0 2104090000.0 7886980000.0 0.0 955610000000000.0 84461500000000.0 -0.28 [-0.28]
2.83781e+18 7.07117e+16 4031650000000000.0 14257400000000.0 0.0 48507100000000.0 1930300000.0 0.0 1.41999e+16 3444070000.0 0.0 0.0 6755890000000.0 866476000000000.0 1951940000.0 7209690000.0 0.0 916359000000000.0 81029600000000.0 -0.26 [-0.26]
2.72243e+18 6.82263e+16 3777800000000000.0 13196900000000.0 0.0 46390700000000.0 1776090000.0 0.0 1.36247e+16 3150140000.0 0.0 0.0 6486040000000.0 828484000000000.0 1811560000.0 6593540000.0 0.0 879261000000000.0 77783000000000.0 -0.24 [-0.24]
2.71813e+18 6.63624e+16 3712820000000000.0 12529200000000.0 0.0 44843400000000.0 1649910000.0 0.0 1.35966e+16 2926460000.0 0.0 0.0 6462840000000.0 825223000000000.0 1723660000.0 6270270000.0 0.0 877294000000000.0 77630000000000.0 -0.22 [-0.22]
2.60885e+18 6.40288e+16 3477850000000000.0 11587200000000.0 0.0 42881500000000.0 1517960000.0 0.0 1.30518e+16 2677610000.0 0.0 0.0 6208020000000.0 789262000000000.0 1600130000.0 5735720000.0 0.0 842161000000000.0 74550500000000.0 -0.2 [-0.2]
2.60456e+18 6.22845e+16 3415820000000000.0 10994700000000.0 0.0 41451000000000.0 1410290000.0 0.0 1.30242e+16 2489000000.0 0.0 0.0 6185760000000.0 786039000000000.0 1522410000.0 5453820000.0 0.0 840238000000000.0 74398900000000.0 -0.18 [-0.18]
2.50086e+18 6.00928e+16 3198370000000000.0 10158900000000.0 0.0 39631900000000.0 1297360000.0 0.0 1.25072e+16 2278090000.0 0.0 0.0 5944660000000.0 751945000000000.0 1413620000.0 4989690000.0 0.0 806907000000000.0 71473200000000.0 -0.16 [-0.16]
2.49657e+18 5.84588e+16 3139240000000000.0 9633530000000.0 0.0 38308400000000.0 1205460000.0 0.0 1.248e+16 2118820000.0 0.0 0.0 5923250000000.0 748752000000000.0 1344870000.0 4743760000.0 0.0 805021000000000.0 71322500000000.0 -0.14 [-0.14]
2.39801e+18 5.63998e+16 2938070000000000.0 8893030000000.0 0.0 36621400000000.0 1108800000.0 0.0 1.19887e+16 1939900000.0 0.0 0.0 5694730000000.0 716384000000000.0 1249000000.0 4340540000.0 0.0 773351000000000.0 68539100000000.0 -0.12 [-0.12]
2.39379e+18 5.48678e+16 2881880000000000.0 8427960000000.0 0.0 35397200000000.0 1030370000.0 0.0 1.19621e+16 1805200000.0 0.0 0.0 5674240000000.0 713236000000000.0 1188210000.0 4126130000.0 0.0 771520000000000.0 68391200000000.0 -0.1 [-0.1]
2.29998e+18 5.29348e+16 2695860000000000.0 7772810000000.0 0.0 33833200000000.0 947647000.0 0.0 1.14945e+16 1653360000.0 0.0 0.0 5457250000000.0 682461000000000.0 1103650000.0 3775600000.0 0.0 741381000000000.0 65739100000000.0 -0.08 [-0.08]
2.29579e+18 5.14991e+16 2642520000000000.0 7361740000000.0 0.0 32700800000000.0 880712000.0 0.0 1.14685e+16 1539370000.0 0.0 0.0 5437560000000.0 679347000000000.0 1049870000.0 3588580000.0 0.0 739591000000000.0 65593100000000.0 -0.06 [-0.06]
2.20642e+18 4.96758e+16 2470600000000000.0 6782200000000.0 0.0 31247000000000.0 809809000.0 0.0 1.10231e+16 1410030000.0 0.0 0.0 5231270000000.0 650063000000000.0 975245000.0 3283740000.0 0.0 710887000000000.0 63064500000000.0 -0.04 [-0.04]
2.20228e+18 4.83298e+16 2420090000000000.0 6419420000000.0 0.0 30199400000000.0 752685000.0 0.0 1.09975e+16 1313470000.0 0.0 0.0 5212340000000.0 646983000000000.0 927655000.0 3120620000.0 0.0 709140000000000.0 62920800000000.0 -0.02 [-0.02]
2.11702e+18 4.66129e+16 2261300000000000.0 5907780000000.0 0.0 28849500000000.0 691945000.0 0.0 1.05727e+16 1203330000.0 0.0 0.0 5015900000000.0 619083000000000.0 861765000.0 2855400000.0 0.0 681762000000000.0 60506500000000.0 -0.0 [-0.0]
2.11292e+18 4.53509e+16 2213550000000000.0 5588110000000.0 0.0 27880500000000.0 643198000.0 0.0 1.05477e+16 1121460000.0 0.0 0.0 4997690000000.0 616037000000000.0 819650000.0 2713120000.0 0.0 680057000000000.0 60365200000000.0 0.02 [0.02]
2.03143e+18 4.37327e+16 2066940000000000.0 5136990000000.0 0.0 26626500000000.0 591159000.0 0.0 1.01417e+16 1027540000.0 0.0 0.0 4810220000000.0 589409000000000.0 761430000.0 2482230000.0 0.0 653896000000000.0 58056100000000.0 0.04 [0.04]
2.02739e+18 4.25491e+16 2021910000000000.0 4855810000000.0 0.0 25730300000000.0 549565000.0 0.0 1.01172e+16 958056000.0 0.0 0.0 4792700000000.0 586398000000000.0 724160000.0 2358160000.0 0.0 652234000000000.0 57917400000000.0 0.06 [0.06]
1.94957e+18 4.10244e+16 1886820000000000.0 4458860000000.0 0.0 24565800000000.0 504982000.0 0.0 9729530000000000.0 877916000.0 0.0 0.0 4613910000000.0 561007000000000.0 672725000.0 2157270000.0 0.0 627258000000000.0 55711000000000.0 0.08 [0.08]
1.94559e+18 3.99145e+16 1844420000000000.0 4211910000000.0 0.0 23737000000000.0 469496000.0 0.0 9705640000000000.0 818913000.0 0.0 0.0 4597060000000.0 558031000000000.0 639743000.0 2049080000.0 0.0 625640000000000.0 55575200000000.0 0.1 [0.1]
1.87115e+18 3.8477e+16 1720010000000000.0 3863130000000.0 0.0 22655300000000.0 431294000.0 0.0 9334840000000000.0 750473000.0 0.0 0.0 4426200000000.0 533784000000000.0 594273000.0 1874200000.0 0.0 601752000000000.0 53463200000000.0 0.12 [0.12]
1.86716e+18 3.7435e+16 1680100000000000.0 3646570000000.0 0.0 21888700000000.0 401019000.0 0.0 9311140000000000.0 700305000.0 0.0 0.0 4409790000000.0 530820000000000.0 565070000.0 1779820000.0 0.0 600153000000000.0 53328200000000.0 0.14 [0.14]
1.7959e+18 3.60789e+16 1565650000000000.0 3340650000000.0 0.0 20884000000000.0 368289000.0 0.0 8956270000000000.0 641807000.0 0.0 0.0 4246360000000.0 507654000000000.0 524866000.0 1627580000.0 0.0 577293000000000.0 51305600000000.0 0.16 [0.16]
1.79207e+18 3.51026e+16 1528300000000000.0 3151210000000.0 0.0 20175700000000.0 342473000.0 0.0 8933610000000000.0 599156000.0 0.0 0.0 4230760000000.0 504751000000000.0 499040000.0 1545400000.0 0.0 575767000000000.0 51176200000000.0 0.18 [0.18]
1.7238e+18 3.38229e+16 1423130000000000.0 2883350000000.0 0.0 19242400000000.0 314428000.0 0.0 8593700000000000.0 549109000.0 0.0 0.0 4074270000000.0 482604000000000.0 463480000.0 1412860000.0 0.0 553872000000000.0 49237800000000.0 0.2 [0.2]
1.72006e+18 3.29071e+16 1388170000000000.0 2717870000000.0 0.0 18587900000000.0 292418000.0 0.0 8571700000000000.0 512813000.0 0.0 0.0 4059260000000.0 479740000000000.0 440632000.0 1341270000.0 0.0 552393000000000.0 49111800000000.0 0.22 [0.22]
1.71634e+18 3.20155e+16 1353700000000000.0 2561020000000.0 0.0 17954800000000.0 271990000.0 0.0 8549880000000000.0 479090000.0 0.0 0.0 4044320000000.0 476868000000000.0 418909000.0 1273250000.0 0.0 550928000000000.0 48986900000000.0 0.24 [0.24]
1.65098e+18 3.08402e+16 1259000000000000.0 2339510000000.0 0.0 17116600000000.0 249626000.0 0.0 8224580000000000.0 439057000.0 0.0 0.0 3894860000000.0 455734000000000.0 388962000.0 1163530000.0 0.0 529977000000000.0 47130600000000.0 0.26 [0.26]
1.64734e+18 3.00036e+16 1226810000000000.0 2202840000000.0 0.0 16531700000000.0 232213000.0 0.0 8203380000000000.0 410326000.0 0.0 0.0 3880450000000.0 452899000000000.0 369745000.0 1104310000.0 0.0 528557000000000.0 47009100000000.0 0.28 [0.28]
1.58468e+18 2.8894e+16 1140110000000000.0 2009810000000.0 0.0 15753600000000.0 213051000.0 0.0 7891610000000000.0 376016000.0 0.0 0.0 3737190000000.0 432692000000000.0 343254000.0 1008840000.0 0.0 508479000000000.0 45229200000000.0 0.3 [0.3]
1.58113e+18 2.81092e+16 1110110000000000.0 1890940000000.0 0.0 15213500000000.0 198210000.0 0.0 7871020000000000.0 351525000.0 0.0 0.0 3723290000000.0 429892000000000.0 326257000.0 957271000.0 0.0 507101000000000.0 45110800000000.0 0.32 [0.32]
1.52101e+18 2.70613e+16 1030810000000000.0 1723050000000.0 0.0 14491100000000.0 181794000.0 0.0 7571970000000000.0 322100000.0 0.0 0.0 3585820000000.0 410563000000000.0 302818000.0 874205000.0 0.0 487844000000000.0 43402800000000.0 0.34 [0.34]
1.51756e+18 2.63249e+16 1002910000000000.0 1619890000000.0 0.0 13992700000000.0 169150000.0 0.0 7552070000000000.0 301215000.0 0.0 0.0 3572440000000.0 407805000000000.0 287790000.0 829343000.0 0.0 486515000000000.0 43288300000000.0 0.36 [0.36]
1.45987e+18 2.53353e+16 930511000000000.0 1474180000000.0 0.0 13322400000000.0 155087000.0 0.0 7265150000000000.0 275966000.0 0.0 0.0 3440480000000.0 389316000000000.0 267051000.0 757090000.0 0.0 468039000000000.0 41648900000000.0 0.38 [0.38]
1.45653e+18 2.46446e+16 904617000000000.0 1384830000000.0 0.0 12862500000000.0 144320000.0 0.0 7245950000000000.0 258150000.0 0.0 0.0 3427610000000.0 386603000000000.0 253769000.0 718079000.0 0.0 466758000000000.0 41538300000000.0 0.4 [0.4]
1.40114e+18 2.37097e+16 838593000000000.0 1258620000000.0 0.0 12240600000000.0 132273000.0 0.0 6970490000000000.0 236472000.0 0.0 0.0 3300830000000.0 368913000000000.0 235416000.0 655244000.0 0.0 449022000000000.0 39963800000000.0 0.42 [0.42]
1.3979e+18 2.30618e+16 814605000000000.0 1181400000000.0 0.0 11816600000000.0 123106000.0 0.0 6951980000000000.0 221268000.0 0.0 0.0 3288440000000.0 366244000000000.0 223679000.0 621337000.0 0.0 447788000000000.0 39857000000000.0 0.44 [0.44]
1.34469e+18 2.21786e+16 754493000000000.0 1072320000000.0 0.0 11239900000000.0 112789000.0 0.0 6687430000000000.0 202648000.0 0.0 0.0 3166590000000.0 349320000000000.0 207440000.0 566713000.0 0.0 430754000000000.0 38344400000000.0 0.46 [0.46]
1.34157e+18 2.15708e+16 732305000000000.0 1005690000000.0 0.0 10849100000000.0 104987000.0 0.0 6669620000000000.0 189670000.0 0.0 0.0 3154650000000.0 346697000000000.0 197072000.0 537258000.0 0.0 429568000000000.0 38241500000000.0 0.48 [0.48]
1.29043e+18 2.07364e+16 677664000000000.0 911648000000.0 0.0 10314400000000.0 96152100.0 0.0 6415420000000000.0 173670000.0 0.0 0.0 3037470000000.0 330507000000000.0 182703000.0 489789000.0 0.0 413202000000000.0 36787600000000.0 0.5 [0.5]
1.28742e+18 2.01664e+16 657193000000000.0 854310000000.0 0.0 9954510000000.0 89515300.0 0.0 6398310000000000.0 162590000.0 0.0 0.0 3025970000000.0 327933000000000.0 173548000.0 464220000.0 0.0 412063000000000.0 36688700000000.0 0.52 [0.52]
1.23826e+18 1.9378e+16 607606000000000.0 773390000000.0 0.0 9458980000000.0 81950600.0 0.0 6153990000000000.0 148836000.0 0.0 0.0 2913240000000.0 312449000000000.0 160835000.0 422986000.0 0.0 396333000000000.0 35290900000000.0 0.54 [0.54]
1.23537e+18 1.88436e+16 588759000000000.0 724158000000.0 0.0 9127780000000.0 76307300.0 0.0 6137630000000000.0 139377000.0 0.0 0.0 2902190000000.0 309928000000000.0 152756000.0 400809000.0 0.0 395245000000000.0 35196200000000.0 0.56 [0.56]
1.18809e+18 1.80988e+16 543840000000000.0 654716000000.0 0.0 8668820000000.0 69831600.0 0.0 5902730000000000.0 127550000.0 0.0 0.0 2793710000000.0 295125000000000.0 141510000.0 365011000.0 0.0 380122000000000.0 33851900000000.0 0.58 [0.58]
1.18463e+18 1.75946e+16 526119000000000.0 612184000000.0 0.0 8362080000000.0 65016500.0 0.0 5883660000000000.0 119429000.0 0.0 0.0 2781570000000.0 292469000000000.0 134330000.0 345569000.0 0.0 378863000000000.0 33741700000000.0 0.6 [0.6]
1.13917e+18 1.68906e+16 485525000000000.0 552747000000.0 0.0 7937110000000.0 59474400.0 0.0 5657820000000000.0 109259000.0 0.0 0.0 2677140000000.0 278326000000000.0 124385000.0 314522000.0 0.0 364323000000000.0 32449000000000.0 0.62 [0.62]
1.13641e+18 1.64207e+16 469594000000000.0 516641000000.0 0.0 7656830000000.0 55397200.0 0.0 5642360000000000.0 102359000.0 0.0 0.0 2666680000000.0 275888000000000.0 118097000.0 297850000.0 0.0 363297000000000.0 32359400000000.0 0.64 [0.64]
1.09252e+18 1.57551e+16 432889000000000.0 465820000000.0 0.0 7263160000000.0 50651300.0 0.0 5424370000000000.0 93602800.0 0.0 0.0 2565790000000.0 262338000000000.0 109294000.0 270889000.0 0.0 349264000000000.0 31111300000000.0 0.66 [0.66]
1.08998e+18 1.53156e+16 418364000000000.0 435074000000.0 0.0 7006100000000.0 47191500.0 0.0 5410100000000000.0 87717700.0 0.0 0.0 2555960000000.0 259988000000000.0 103760000.0 256490000.0 0.0 348316000000000.0 31028500000000.0 0.68 [0.68]
1.04746e+18 1.46853e+16 385175000000000.0 391671000000.0 0.0 6641140000000.0 43124700.0 0.0 5198960000000000.0 80169600.0 0.0 0.0 2458140000000.0 246978000000000.0 95960000.0 233059000.0 0.0 334725000000000.0 29819400000000.0 0.7 [0.7]
1.00685e+18 1.40758e+16 354649000000000.0 352437000000.0 0.0 6293000000000.0 39399900.0 0.0 4997320000000000.0 73266600.0 0.0 0.0 2364460000000.0 234611000000000.0 88735400.0 211765000.0 0.0 321743000000000.0 28664500000000.0 0.72 [0.72]
1.00416e+18 1.36784e+16 342127000000000.0 328640000000.0 0.0 6067970000000.0 36710200.0 0.0 4982470000000000.0 68655700.0 0.0 0.0 2354550000000.0 232291000000000.0 84199000.0 200339000.0 0.0 320761000000000.0 28578300000000.0 0.74 [0.74]
9.6476e+17 1.31013e+16 314600000000000.0 295261000000.0 0.0 5745430000000.0 33519200.0 0.0 4786840000000000.0 62704200.0 0.0 0.0 2263600000000.0 220421000000000.0 77799100.0 181849000.0 0.0 308167000000000.0 27457700000000.0 0.76 [0.76]
9.62423e+17 1.27304e+16 303314000000000.0 275158000000.0 0.0 5539840000000.0 31242700.0 0.0 4773840000000000.0 58781500.0 0.0 0.0 2254560000000.0 218230000000000.0 73822900.0 172036000.0 0.0 307306000000000.0 27382100000000.0 0.78 [0.78]
9.24373e+17 1.21851e+16 278620000000000.0 246884000000.0 0.0 5241730000000.0 28512800.0 0.0 4584970000000000.0 53657600.0 0.0 0.0 2166670000000.0 206893000000000.0 68165600.0 156030000.0 0.0 295148000000000.0 26300000000000.0 0.8 [0.8]
8.8756e+17 1.16558e+16 255802000000000.0 221321000000.0 0.0 4956500000000.0 26007800.0 0.0 4402240000000000.0 48957800.0 0.0 0.0 2081450000000.0 196018000000000.0 62906900.0 141426000.0 0.0 283384000000000.0 25253000000000.0 0.82 [0.82]
8.85273e+17 1.13222e+16 246246000000000.0 205972000000.0 0.0 4777740000000.0 24246300.0 0.0 4389630000000000.0 45898200.0 0.0 0.0 2072740000000.0 193921000000000.0 59667700.0 133705000.0 0.0 282550000000000.0 25179600000000.0 0.84 [0.84]
8.49699e+17 1.08221e+16 225850000000000.0 184409000000.0 0.0 4514350000000.0 22104200.0 0.0 4213090000000000.0 41853500.0 0.0 0.0 1990330000000.0 183549000000000.0 55022900.0 121083000.0 0.0 271185000000000.0 24167900000000.0 0.86 [0.86]
8.47513e+17 1.05101e+16 217223000000000.0 171486000000.0 0.0 4350920000000.0 20613000.0 0.0 4201070000000000.0 39247600.0 0.0 0.0 1981910000000.0 181520000000000.0 52180800.0 114438000.0 0.0 270390000000000.0 24097900000000.0 0.88 [0.88]
