Cloudy_runs/pg1216/z=0.006328/logZ=1/component_IV_PI_nH/component_IV_PI_nH_col_density_param.txt
# %ECSV 1.0
# ---
# datatype:
# - {name: H, datatype: float64}
# - {name: H+, datatype: float64}
# - {name: C+, datatype: float64}
# - {name: C+2, datatype: float64}
# - {name: C+3, datatype: float64}
# - {name: N+, datatype: float64}
# - {name: N+2, datatype: float64}
# - {name: N+4, datatype: float64}
# - {name: O, datatype: float64}
# - {name: O+2, datatype: float64}
# - {name: O+5, datatype: float64}
# - {name: O+6, datatype: float64}
# - {name: P+, datatype: float64}
# - {name: Si+, datatype: float64}
# - {name: Si+2, datatype: float64}
# - {name: Si+3, datatype: float64}
# - {name: Si+4, datatype: float64}
# - {name: Fe+, datatype: float64}
# - {name: Al+, datatype: float64}
# - {name: log_nH, datatype: float64}
# - {name: parameters, datatype: string, subtype: 'float64[1]'}
# schema: astropy-2.0
H H+ C+ C+2 C+3 N+ N+2 N+4 O O+2 O+5 O+6 P+ Si+ Si+2 Si+3 Si+4 Fe+ Al+ log_nH parameters
[from data line 58]
1.23027e+19 6.33278e+19 7.97661e+16 1.18827e+17 4314350000000000.0 2.34897e+16 2.06601e+16 128537000000000.0 6.22162e+16 1.44998e+17 6526850000000.0 67396100000.0 103691000000000.0 1.82558e+16 1918600000000000.0 3918660000000000.0 400286000000000.0 8030400000000000.0 440898000000000.0 -3.84 [-3.84]
1.23027e+19 6.04923e+19 7.88929e+16 1.12536e+17 3906500000000000.0 2.31379e+16 1.92897e+16 112787000000000.0 6.23516e+16 1.35269e+17 5402410000000.0 53250700000.0 101873000000000.0 1.78458e+16 1766930000000000.0 3616080000000000.0 347253000000000.0 7987730000000000.0 432817000000000.0 -3.82 [-3.82]
1.23027e+19 5.78168e+19 7.80133e+16 1.06633e+17 3540560000000000.0 2.27829e+16 1.80105e+16 99020000000000.0 6.24818e+16 1.26221e+17 4475890000000.0 41378700000.0 100092000000000.0 1.74455e+16 1627120000000000.0 3336260000000000.0 301588000000000.0 7944540000000000.0 425293000000000.0 -3.8 [-3.8]
1.23028e+19 5.52504e+19 7.7138e+16 1.00987e+17 3201040000000000.0 2.24252e+16 1.6794e+16 86740700000000.0 6.26115e+16 1.17636e+17 3698140000000.0 32348000000.0 98316200000000.0 1.70487e+16 1496220000000000.0 3073780000000000.0 261290000000000.0 7902010000000000.0 418013000000000.0 -3.78 [-3.78]
1.23027e+19 5.28095e+19 7.62642e+16 9.56423e+16 2891770000000000.0 2.20644e+16 1.565e+16 75921900000000.0 6.27384e+16 1.09583e+17 3053610000000.0 24034200000.0 96562700000000.0 1.66585e+16 1375090000000000.0 2830010000000000.0 226281000000000.0 7859420000000000.0 411083000000000.0 -3.76 [-3.76]
1.23028e+19 5.04789e+19 7.53876e+16 9.05658e+16 2609270000000000.0 2.17011e+16 1.45701e+16 66351700000000.0 6.28625e+16 1.02003e+17 2516330000000.0 18434300000.0 94825800000000.0 1.62743e+16 1262410000000000.0 2603000000000000.0 195720000000000.0 7816960000000000.0 404451000000000.0 -3.74 [-3.74]
1.23027e+19 4.82612e+19 7.45136e+16 8.576e+16 2352380000000000.0 2.13355e+16 1.35554e+16 57934100000000.0 6.29836e+16 9.48966e+16 2072080000000.0 13907300000.0 93110400000000.0 1.58972e+16 1158300000000000.0 2392600000000000.0 169227000000000.0 7774660000000000.0 398111000000000.0 -3.72 [-3.72]
1.23026e+19 4.61501e+19 7.36433e+16 8.121e+16 2119200000000000.0 2.09683e+16 1.26019e+16 50533300000000.0 6.31024e+16 8.82341e+16 1703980000000.0 9950140000.0 91417300000000.0 1.55277e+16 1062090000000000.0 2197740000000000.0 146259000000000.0 7732900000000000.0 392069000000000.0 -3.7 [-3.7]
1.23027e+19 4.41513e+19 7.2769e+16 7.69382e+16 1910410000000000.0 2.05987e+16 1.17146e+16 44087800000000.0 6.32186e+16 8.20455e+16 1402400000000.0 7020250000.0 89757200000000.0 1.51673e+16 974024000000000.0 2018520000000000.0 126579000000000.0 7690260000000000.0 386364000000000.0 -3.68 [-3.68]
1.23028e+19 4.22342e+19 7.18994e+16 7.28624e+16 1718570000000000.0 2.02277e+16 1.08746e+16 38376100000000.0 6.33326e+16 7.61991e+16 1150950000000.0 4855610000.0 88108100000000.0 1.48124e+16 892085000000000.0 1851810000000000.0 109340000000000.0 7648360000000000.0 380808000000000.0 -3.66 [-3.66]
1.23027e+19 4.04074e+19 7.10353e+16 6.90025e+16 1544810000000000.0 1.98555e+16 1.00866e+16 33365900000000.0 6.34428e+16 7.07232e+16 943562000000.0 2688940000.0 86482100000000.0 1.44652e+16 816534000000000.0 1697740000000000.0 94425100000000.0 7606920000000000.0 375498000000000.0 -3.64 [-3.64]
1.23027e+19 3.86674e+19 7.01759e+16 6.53531e+16 1387670000000000.0 1.94834e+16 9348540000000000.0 28977100000000.0 6.35512e+16 6.56015e+16 772204000000.0 0.0 84883400000000.0 1.41261e+16 746992000000000.0 1555640000000000.0 81532500000000.0 7565990000000000.0 370417000000000.0 -3.62 [-3.62]
1.23027e+19 3.70054e+19 6.93189e+16 6.1894e+16 1245300000000000.0 1.91097e+16 8656230000000000.0 25130400000000.0 6.36567e+16 6.08035e+16 631302000000.0 0.0 83303400000000.0 1.37942e+16 682901000000000.0 1424450000000000.0 70365000000000.0 7525050000000000.0 365512000000000.0 -3.6 [-3.6]
1.23028e+19 3.54179e+19 6.84665e+16 5.86155e+16 1116460000000000.0 1.87348e+16 8007410000000000.0 21763400000000.0 6.37588e+16 5.63115e+16 515334000000.0 0.0 81746200000000.0 1.34696e+16 623881000000000.0 1303480000000000.0 60701900000000.0 7484190000000000.0 360790000000000.0 -3.58 [-3.58]
1.23027e+19 3.39019e+19 6.76162e+16 5.55129e+16 1000140000000000.0 1.83593e+16 7400530000000000.0 18823300000000.0 6.38592e+16 5.21126e+16 420120000000.0 0.0 80210200000000.0 1.31524e+16 569646000000000.0 1192070000000000.0 52357700000000.0 7443070000000000.0 356218000000000.0 -3.56 [-3.56]
1.23027e+19 3.2457e+19 6.67781e+16 5.25767e+16 895158000000000.0 1.79852e+16 6833030000000000.0 16256600000000.0 6.39548e+16 4.81888e+16 341564000000.0 0.0 78706200000000.0 1.28438e+16 519787000000000.0 1089610000000000.0 45146400000000.0 7402900000000000.0 351875000000000.0 -3.54 [-3.54]
1.23028e+19 3.10757e+19 6.59412e+16 4.97991e+16 800653000000000.0 1.76101e+16 6303230000000000.0 14021300000000.0 6.40489e+16 4.4526e+16 277510000000.0 0.0 77222000000000.0 1.25426e+16 474017000000000.0 995389000000000.0 38926100000000.0 7362530000000000.0 347647000000000.0 -3.52 [-3.52]
1.23028e+19 2.97573e+19 6.51139e+16 4.71701e+16 715507000000000.0 1.72364e+16 5808690000000000.0 12076800000000.0 6.41398e+16 4.11067e+16 224852000000.0 0.0 75766700000000.0 1.22493e+16 432027000000000.0 908861000000000.0 33559700000000.0 7323020000000000.0 343578000000000.0 -3.5 [-3.5]
1.23027e+19 2.84938e+19 6.42873e+16 4.46784e+16 638845000000000.0 1.6861e+16 5347420000000000.0 10386200000000.0 6.4226e+16 3.79165e+16 182073000000.0 0.0 74331000000000.0 1.19625e+16 393513000000000.0 829365000000000.0 28927100000000.0 7282730000000000.0 339637000000000.0 -3.48 [-3.48]
1.23027e+19 2.72916e+19 6.34762e+16 4.23276e+16 569999000000000.0 1.64901e+16 4918070000000000.0 8919820000000.0 6.43107e+16 3.49456e+16 147129000000.0 0.0 72931700000000.0 1.16851e+16 358238000000000.0 756545000000000.0 24933200000000.0 7244240000000000.0 335855000000000.0 -3.46 [-3.46]
1.23027e+19 2.61381e+19 6.26671e+16 4.00982e+16 508124000000000.0 1.61178e+16 4518230000000000.0 7648650000000.0 6.43909e+16 3.2176e+16 118397000000.0 0.0 71552300000000.0 1.14139e+16 325912000000000.0 689725000000000.0 21488700000000.0 7204920000000000.0 332184000000000.0 -3.44 [-3.44]
1.23027e+19 2.50354e+19 6.18703e+16 3.79863e+16 452468000000000.0 1.57484e+16 4145530000000000.0 6546330000000.0 6.44687e+16 2.95911e+16 95268100000.0 0.0 70201100000000.0 1.11506e+16 296249000000000.0 628414000000000.0 18514700000000.0 7166760000000000.0 328645000000000.0 -3.42 [-3.42]
1.23027e+19 2.39838e+19 6.1084e+16 3.59945e+16 402777000000000.0 1.53815e+16 3800360000000000.0 5596280000000.0 6.45422e+16 2.71933e+16 76525700000.0 0.0 68881500000000.0 1.08954e+16 269183000000000.0 572402000000000.0 15959800000000.0 7128780000000000.0 325244000000000.0 -3.4 [-3.4]
1.23027e+19 2.29731e+19 6.0299e+16 3.41057e+16 358225000000000.0 1.50138e+16 3479890000000000.0 4776340000000.0 6.46122e+16 2.49628e+16 61075800000.0 0.0 67581200000000.0 1.06462e+16 244420000000000.0 521097000000000.0 13757100000000.0 7089480000000000.0 321936000000000.0 -3.38 [-3.38]
1.23027e+19 2.201e+19 5.95307e+16 3.23232e+16 318332000000000.0 1.46516e+16 3182890000000000.0 4069940000000.0 6.46792e+16 2.28919e+16 48782800000.0 0.0 66318600000000.0 1.04055e+16 221797000000000.0 474229000000000.0 11859200000000.0 7051300000000000.0 318781000000000.0 -3.36 [-3.36]
1.23027e+19 2.10849e+19 5.87672e+16 3.06335e+16 282635000000000.0 1.42897e+16 2907750000000000.0 3462230000000.0 6.47421e+16 2.09683e+16 38864500000.0 0.0 65076000000000.0 1.01709e+16 201125000000000.0 431355000000000.0 10223000000000.0 7012130000000000.0 315698000000000.0 -3.34 [-3.34]
1.23027e+19 2.01878e+19 5.80107e+16 2.90086e+16 249797000000000.0 1.39292e+16 2648250000000000.0 2931540000000.0 6.48021e+16 1.91548e+16 30409100000.0 0.0 63849100000000.0 9940400000000000.0 181932000000000.0 391785000000000.0 8781330000000.0 6973170000000000.0 312605000000000.0 -3.32 [-3.32]
1.23027e+19 1.93396e+19 5.72664e+16 2.74987e+16 221401000000000.0 1.35734e+16 2413380000000000.0 2485270000000.0 6.48587e+16 1.75037e+16 24017600000.0 0.0 62665100000000.0 9719690000000000.0 164737000000000.0 356066000000000.0 7571490000000.0 6933330000000000.0 309739000000000.0 -3.3 [-3.3]
1.23027e+19 1.85275e+19 5.65334e+16 2.60706e+16 196070000000000.0 1.32212e+16 2196730000000000.0 2103460000000.0 6.49108e+16 1.5976e+16 18877200000.0 0.0 61510700000000.0 9505770000000000.0 149070000000000.0 323492000000000.0 6530280000000.0 6892990000000000.0 307003000000000.0 -3.28 [-3.28]
1.23027e+19 1.77481e+19 5.58083e+16 2.47198e+16 173500000000000.0 1.28712e+16 1997180000000000.0 1777390000000.0 6.49581e+16 1.45647e+16 14526600000.0 0.0 60380400000000.0 9298050000000000.0 134805000000000.0 293802000000000.0 5633490000000.0 6851510000000000.0 304319000000000.0 -3.26 [-3.26]
1.23027e+19 1.70033e+19 5.50973e+16 2.3445e+16 153436000000000.0 1.25264e+16 1813990000000000.0 1499900000000.0 6.50026e+16 1.32649e+16 11296300000.0 0.0 59284400000000.0 9097380000000000.0 121859000000000.0 266807000000000.0 4863150000000.0 6809410000000000.0 301792000000000.0 -3.24 [-3.24]
1.23027e+19 1.62879e+19 5.43956e+16 2.22376e+16 135549000000000.0 1.2185e+16 1645180000000000.0 1263170000000.0 6.50432e+16 1.20624e+16 8675960000.0 0.0 58215200000000.0 8902620000000000.0 110051000000000.0 242173000000000.0 4198350000000.0 6766560000000000.0 299357000000000.0 -3.22 [-3.22]
1.23027e+19 1.56029e+19 5.37063e+16 2.10972e+16 119694000000000.0 1.18478e+16 1490650000000000.0 1062450000000.0 6.50799e+16 1.09574e+16 6439700000.0 0.0 57173600000000.0 8714250000000000.0 99347900000000.0 219795000000000.0 3627360000000.0 6722580000000000.0 297008000000000.0 -3.2 [-3.2]
1.23027e+19 1.49454e+19 5.30288e+16 2.00172e+16 105576000000000.0 1.15155e+16 1348550000000000.0 891562000000.0 6.51135e+16 9937310000000000.0 4537310000.0 0.0 56163500000000.0 8531820000000000.0 89586300000000.0 199387000000000.0 3133900000000.0 6677790000000000.0 294806000000000.0 -3.18 [-3.18]
1.23027e+19 1.43158e+19 5.23623e+16 1.89991e+16 93101300000000.0 1.11872e+16 1219060000000000.0 747457000000.0 6.51424e+16 9004220000000000.0 3565240000.0 0.0 55179400000000.0 8355470000000000.0 80773700000000.0 180897000000000.0 2710800000000.0 6631450000000000.0 292661000000000.0 -3.16 [-3.16]
1.23027e+19 1.3714e+19 5.17141e+16 1.8036e+16 82048400000000.0 1.08654e+16 1100780000000000.0 625728000000.0 6.51676e+16 8148440000000000.0 2321080000.0 0.0 54230600000000.0 8185540000000000.0 72789000000000.0 164112000000000.0 2346630000000.0 6584600000000000.0 290676000000000.0 -3.14 [-3.14]
1.23027e+19 1.31351e+19 5.10736e+16 1.71254e+16 72258000000000.0 1.05473e+16 992798000000000.0 522959000000.0 6.51896e+16 7363860000000000.0 1444180000.0 0.0 53305700000000.0 8020710000000000.0 65552400000000.0 148856000000000.0 2032870000000.0 6535920000000000.0 288771000000000.0 -3.12 [-3.12]
1.23028e+19 1.2581e+19 5.04483e+16 1.62651e+16 63609400000000.0 1.0235e+16 894583000000000.0 436522000000.0 6.52081e+16 6647430000000000.0 0.0 0.0 52411300000000.0 7861750000000000.0 59016300000000.0 135031000000000.0 1763070000000.0 6486170000000000.0 286996000000000.0 -3.1 [-3.1]
1.23027e+19 1.20507e+19 4.98379e+16 1.54525e+16 55967300000000.0 9928620000000000.0 805217000000000.0 363838000000.0 6.52218e+16 5992950000000000.0 0.0 0.0 51546000000000.0 7708530000000000.0 53104400000000.0 122496000000000.0 1530620000000.0 6435560000000000.0 285307000000000.0 -3.08 [-3.08]
1.23027e+19 1.15417e+19 4.92394e+16 1.46839e+16 49223700000000.0 9627400000000000.0 724077000000000.0 302874000000.0 6.52331e+16 5396060000000000.0 0.0 0.0 50708200000000.0 7560390000000000.0 47767300000000.0 111130000000000.0 1330440000000.0 6383570000000000.0 283746000000000.0 -3.06 [-3.06]
1.23027e+19 1.10619e+19 4.86651e+16 1.39687e+16 43435100000000.0 9335150000000000.0 652113000000000.0 252684000000.0 6.524e+16 4862930000000000.0 0.0 0.0 49913200000000.0 7419890000000000.0 43047600000000.0 100956000000000.0 1161210000000.0 6330990000000000.0 282409000000000.0 -3.04 [-3.04]
1.23027e+19 1.05947e+19 4.80956e+16 1.32821e+16 38181800000000.0 9045850000000000.0 585437000000000.0 209857000000.0 6.52436e+16 4368990000000000.0 0.0 0.0 49131800000000.0 7282250000000000.0 38703000000000.0 91635000000000.0 1012160000000.0 6277050000000000.0 281064000000000.0 -3.02 [-3.02]
1.23027e+19 1.01484e+19 4.75436e+16 1.26333e+16 33564400000000.0 8763360000000000.0 525298000000000.0 174198000000.0 6.5244e+16 3921950000000000.0 0.0 0.0 48381100000000.0 7150000000000000.0 34802800000000.0 83215100000000.0 883932000000.0 6222400000000000.0 279854000000000.0 -3.0 [-3.0]
1.23027e+19 9.72196e+18 4.70084e+16 1.20202e+16 29499500000000.0 8487760000000000.0 470939000000000.0 144418000000.0 6.52407e+16 3516470000000000.0 0.0 0.0 47658600000000.0 7022960000000000.0 31286800000000.0 75596700000000.0 773092000000.0 6167540000000000.0 278749000000000.0 -2.98 [-2.98]
1.23027e+19 9.31155e+18 4.64829e+16 1.144e+16 25927000000000.0 8216880000000000.0 421953000000000.0 119638000000.0 6.52346e+16 3149760000000000.0 0.0 0.0 46958800000000.0 6900030000000000.0 28127300000000.0 68702300000000.0 677341000000.0 6111470000000000.0 277750000000000.0 -2.96 [-2.96]
1.23027e+19 8.92114e+18 4.59792e+16 1.08911e+16 22786200000000.0 7954270000000000.0 377813000000000.0 98997300000.0 6.52243e+16 2818480000000000.0 0.0 0.0 46291400000000.0 6782570000000000.0 25285800000000.0 62475800000000.0 594484000000.0 6055960000000000.0 276891000000000.0 -2.94 [-2.94]
1.23027e+19 8.54635e+18 4.54869e+16 1.03721e+16 20030300000000.0 7697130000000000.0 338131000000000.0 81877600000.0 6.52116e+16 2519740000000000.0 0.0 0.0 45646900000000.0 6669260000000000.0 22735700000000.0 56843900000000.0 522810000000.0 5999550000000000.0 276135000000000.0 -2.92 [-2.92]
1.23027e+19 8.18692e+18 4.50079e+16 9880660000000000.0 17611500000000.0 7445800000000000.0 302469000000000.0 67681900000.0 6.51956e+16 2250610000000000.0 0.0 0.0 45025100000000.0 6560120000000000.0 20446100000000.0 51750000000000.0 460700000000.0 5942580000000000.0 275462000000000.0 -2.9 [-2.9]
1.23027e+19 7.84407e+18 4.45461e+16 9416040000000000.0 15492700000000.0 7201740000000000.0 270502000000000.0 55927100000.0 6.51773e+16 2008900000000000.0 0.0 0.0 44432100000000.0 6455610000000000.0 18395100000000.0 47150900000000.0 406898000000.0 5885690000000000.0 274943000000000.0 -2.88 [-2.88]
1.23027e+19 7.51562e+18 4.40984e+16 8975610000000000.0 13631700000000.0 6964120000000000.0 241771000000000.0 46170700000.0 6.51562e+16 1791150000000000.0 0.0 0.0 43861900000000.0 6355110000000000.0 16550800000000.0 42984700000000.0 360070000000.0 5828750000000000.0 274497000000000.0 -2.86 [-2.86]
1.23027e+19 7.20175e+18 4.36664e+16 8558210000000000.0 12002100000000.0 6732760000000000.0 216073000000000.0 38112700000.0 6.5132e+16 1596250000000000.0 0.0 0.0 43315500000000.0 6258710000000000.0 14900300000000.0 39222300000000.0 319389000000.0 5771970000000000.0 274176000000000.0 -2.84 [-2.84]
1.23027e+19 6.89912e+18 4.32427e+16 8162270000000000.0 10574200000000.0 6505970000000000.0 193071000000000.0 31467600000.0 6.51055e+16 1421480000000000.0 0.0 0.0 42785900000000.0 6165440000000000.0 13421600000000.0 35814100000000.0 283935000000.0 5714760000000000.0 273920000000000.0 -2.82 [-2.82]
1.23027e+19 6.61292e+18 4.28412e+16 7787820000000000.0 9322120000000.0 6288190000000000.0 172476000000000.0 25959500000.0 6.5077e+16 1265020000000000.0 0.0 0.0 42286100000000.0 6076980000000000.0 12094600000000.0 32736000000000.0 252993000000.0 5659020000000000.0 273785000000000.0 -2.8 [-2.8]
