Cloudy_runs/pg1216/z=0.006328/logZ=1/component_IV_PI_nH/component_IV_PI_nH_col_density_param.txt
# %ECSV 1.0
# ---
# datatype:
# - {name: H, datatype: float64}
# - {name: H+, datatype: float64}
# - {name: C+, datatype: float64}
# - {name: C+2, datatype: float64}
# - {name: C+3, datatype: float64}
# - {name: N+, datatype: float64}
# - {name: N+2, datatype: float64}
# - {name: N+4, datatype: float64}
# - {name: O, datatype: float64}
# - {name: O+2, datatype: float64}
# - {name: O+5, datatype: float64}
# - {name: O+6, datatype: float64}
# - {name: P+, datatype: float64}
# - {name: Si+, datatype: float64}
# - {name: Si+2, datatype: float64}
# - {name: Si+3, datatype: float64}
# - {name: Si+4, datatype: float64}
# - {name: Fe+, datatype: float64}
# - {name: Al+, datatype: float64}
# - {name: log_nH, datatype: float64}
# - {name: parameters, datatype: string, subtype: 'float64[1]'}
# schema: astropy-2.0
H H+ C+ C+2 C+3 N+ N+2 N+4 O O+2 O+5 O+6 P+ Si+ Si+2 Si+3 Si+4 Fe+ Al+ log_nH parameters
1.23028e+19 1.28273e+21 1.09456e+17 2.20275e+18 5.45969e+17 3.14271e+16 4.71961e+17 8.57239e+16 4.90785e+16 4.09321e+18 2.70824e+17 8.94655e+16 246523000000000.0 5.55935e+16 5.9066e+16 1.30872e+17 8.69315e+16 8194540000000000.0 1639660000000000.0 -5.0 [-5.0]
1.23027e+19 1.21741e+21 1.09362e+17 2.12163e+18 5.17582e+17 3.14141e+16 4.54437e+17 7.91506e+16 4.9351e+16 3.91453e+18 2.3689e+17 7.28815e+16 244932000000000.0 5.51182e+16 5.70738e+16 1.2324e+17 8.35192e+16 8225340000000000.0 1634960000000000.0 -4.98 [-4.98]
1.23027e+19 1.15491e+21 1.09267e+17 2.04369e+18 4.89303e+17 3.14101e+16 4.37466e+17 7.28276e+16 4.96248e+16 3.74228e+18 2.05597e+17 5.85854e+16 243170000000000.0 5.4636e+16 5.50681e+16 1.16031e+17 8.024e+16 8259080000000000.0 1629310000000000.0 -4.96 [-4.96]
1.23028e+19 1.09495e+21 1.09243e+17 1.96857e+18 4.60724e+17 3.14129e+16 4.2102e+17 6.67412e+16 4.99003e+16 3.57754e+18 1.76846e+17 4.64306e+16 241446000000000.0 5.4106e+16 5.31046e+16 1.0929e+17 7.70057e+16 8295020000000000.0 1622960000000000.0 -4.94 [-4.94]
1.23038e+19 1.03758e+21 1.09248e+17 1.89597e+18 4.32482e+17 3.1419e+16 4.05067e+17 6.09639e+16 5.01917e+16 3.41748e+18 1.50472e+17 3.59971e+16 239701000000000.0 5.35408e+16 5.11784e+16 1.02887e+17 7.38871e+16 8332510000000000.0 1615540000000000.0 -4.92 [-4.92]
1.23027e+19 9.83243e+20 1.09217e+17 1.82547e+18 4.04913e+17 3.14195e+16 3.89481e+17 5.56309e+16 5.04717e+16 3.26266e+18 1.27178e+17 2.76147e+16 237763000000000.0 5.29535e+16 4.92542e+16 9.68612e+16 7.08698e+16 8366160000000000.0 1606630000000000.0 -4.9 [-4.9]
1.23027e+19 9.31072e+20 1.09259e+17 1.75654e+18 3.77158e+17 3.14345e+16 3.74136e+17 5.0627e+16 5.07721e+16 3.11265e+18 1.06357e+17 2.08732e+16 235798000000000.0 5.23404e+16 4.73623e+16 9.1204e+16 6.78429e+16 8405460000000000.0 1596950000000000.0 -4.88 [-4.88]
1.23029e+19 8.8106e+20 1.09291e+17 1.68885e+18 3.49768e+17 3.14498e+16 3.58996e+17 4.5952e+16 5.10718e+16 2.96708e+18 8.78087e+16 1.54715e+16 233689000000000.0 5.16954e+16 4.54774e+16 8.58795e+16 6.48355e+16 8444220000000000.0 1585690000000000.0 -4.86 [-4.86]
1.23027e+19 8.33145e+20 1.09363e+17 1.62196e+18 3.22638e+17 3.14657e+16 3.44033e+17 4.16268e+16 5.13743e+16 2.82611e+18 7.16953e+16 1.1359e+16 231502000000000.0 5.1005e+16 4.36227e+16 8.09079e+16 6.17816e+16 8483520000000000.0 1572890000000000.0 -4.84 [-4.84]
1.23027e+19 7.87698e+20 1.09479e+17 1.55592e+18 2.96866e+17 3.15034e+16 3.29247e+17 3.77118e+16 5.17019e+16 2.68831e+18 5.78281e+16 8225350000000000.0 229268000000000.0 5.03208e+16 4.17885e+16 7.61767e+16 5.87695e+16 8527640000000000.0 1559560000000000.0 -4.82 [-4.82]
1.23028e+19 7.44547e+20 1.09577e+17 1.49134e+18 2.71925e+17 3.15236e+16 3.14846e+17 3.4115e+16 5.19965e+16 2.55718e+18 4.62122e+16 5895880000000000.0 226900000000000.0 4.95643e+16 3.9983e+16 7.18985e+16 5.57423e+16 8568370000000000.0 1543720000000000.0 -4.8 [-4.8]
1.23027e+19 7.03835e+20 1.09616e+17 1.42733e+18 2.48885e+17 3.15333e+16 3.00677e+17 3.08833e+16 5.22871e+16 2.43081e+18 3.68093e+16 4230340000000000.0 224336000000000.0 4.87972e+16 3.8185e+16 6.78798e+16 5.2764e+16 8605420000000000.0 1526160000000000.0 -4.78 [-4.78]
1.23028e+19 6.64781e+20 1.09711e+17 1.36421e+18 2.2663e+17 3.15426e+16 2.8679e+17 2.78748e+16 5.2583e+16 2.30953e+18 2.89999e+16 3005100000000000.0 221738000000000.0 4.79723e+16 3.6449e+16 6.41922e+16 4.97318e+16 8641710000000000.0 1506780000000000.0 -4.76 [-4.76]
1.23027e+19 6.27831e+20 1.0974e+17 1.30109e+18 2.06749e+17 3.15621e+16 2.73101e+17 2.51114e+16 5.28722e+16 2.19225e+18 2.29261e+16 2159980000000000.0 219020000000000.0 4.71562e+16 3.4711e+16 6.06509e+16 4.67006e+16 8680560000000000.0 1485830000000000.0 -4.74 [-4.74]
1.23028e+19 5.93215e+20 1.09718e+17 1.23957e+18 1.88789e+17 3.15698e+16 2.59921e+17 2.2624e+16 5.31563e+16 2.08078e+18 1.83295e+16 1589960000000000.0 216237000000000.0 4.63022e+16 3.30456e+16 5.73891e+16 4.37439e+16 8715640000000000.0 1462990000000000.0 -4.72 [-4.72]
1.23027e+19 5.61141e+20 1.09582e+17 1.18026e+18 1.73115e+17 3.15645e+16 2.47367e+17 2.03925e+16 5.34342e+16 1.97486e+18 1.48857e+16 1202320000000000.0 213318000000000.0 4.54507e+16 3.14197e+16 5.43072e+16 4.09547e+16 8745370000000000.0 1438660000000000.0 -4.7 [-4.7]
1.23028e+19 5.30992e+20 1.0936e+17 1.12282e+18 1.59079e+17 3.15576e+16 2.35305e+17 1.83774e+16 5.37024e+16 1.87329e+18 1.22319e+16 927905000000000.0 210311000000000.0 4.46049e+16 2.98308e+16 5.13986e+16 3.82781e+16 8773080000000000.0 1413000000000000.0 -4.68 [-4.68]
1.23028e+19 5.02502e+20 1.09092e+17 1.06738e+18 1.46299e+17 3.15378e+16 2.23734e+17 1.65436e+16 5.39727e+16 1.77601e+18 1.00975e+16 722214000000000.0 207234000000000.0 4.3747e+16 2.82959e+16 4.86678e+16 3.57023e+16 8796990000000000.0 1385820000000000.0 -4.66 [-4.66]
1.23027e+19 4.75365e+20 1.08796e+17 1.01381e+18 1.34422e+17 3.15271e+16 2.12615e+17 1.48339e+16 5.42388e+16 1.68269e+18 8313070000000000.0 561138000000000.0 204140000000000.0 4.28819e+16 2.68157e+16 4.61105e+16 3.31846e+16 8822770000000000.0 1357260000000000.0 -4.64 [-4.64]
1.23027e+19 4.50052e+20 1.08407e+17 9.63045e+17 1.23723e+17 3.15089e+16 2.02089e+17 1.32947e+16 5.45065e+16 1.59396e+18 6871470000000000.0 438324000000000.0 200925000000000.0 4.20377e+16 2.53709e+16 4.36725e+16 3.08611e+16 8845730000000000.0 1328010000000000.0 -4.62 [-4.62]
1.23029e+19 4.26036e+20 1.07998e+17 9.14301e+17 1.13804e+17 3.14688e+16 1.92047e+17 1.18844e+16 5.47742e+16 1.50942e+18 5681070000000000.0 343247000000000.0 197761000000000.0 4.11642e+16 2.40158e+16 4.14151e+16 2.86006e+16 8859200000000000.0 1297520000000000.0 -4.6 [-4.6]
1.23027e+19 4.03166e+20 1.07584e+17 8.67272e+17 1.04621e+17 3.14387e+16 1.82367e+17 1.06026e+16 5.50402e+16 1.42798e+18 4702330000000000.0 269620000000000.0 194602000000000.0 4.02977e+16 2.27141e+16 3.92813e+16 2.64138e+16 8877220000000000.0 1265960000000000.0 -4.58 [-4.58]
1.23027e+19 3.81838e+20 1.07058e+17 8.22717e+17 9.65201e+16 3.13855e+16 1.73124e+17 9503840000000000.0 5.52886e+16 1.35057e+18 3930450000000000.0 214380000000000.0 191344000000000.0 3.9445e+16 2.14498e+16 3.72761e+16 2.44066e+16 8888670000000000.0 1233750000000000.0 -4.56 [-4.56]
1.23027e+19 3.61803e+20 1.06546e+17 7.80612e+17 8.8978e+16 3.13319e+16 1.64399e+17 8498420000000000.0 5.55414e+16 1.27743e+18 3279460000000000.0 170198000000000.0 188196000000000.0 3.85958e+16 2.02692e+16 3.54023e+16 2.25055e+16 8899610000000000.0 1201370000000000.0 -4.54 [-4.54]
1.23027e+19 3.42878e+20 1.05964e+17 7.40381e+17 8.21514e+16 3.12524e+16 1.56016e+17 7614070000000000.0 5.57877e+16 1.20751e+18 2748550000000000.0 135950000000000.0 184989000000000.0 3.7755e+16 1.9129e+16 3.36186e+16 2.07317e+16 8903400000000000.0 1168390000000000.0 -4.52 [-4.52]
1.23028e+19 3.24987e+20 1.0538e+17 7.02089e+17 7.58245e+16 3.11816e+16 1.48017e+17 6812020000000000.0 5.60282e+16 1.14096e+18 2304100000000000.0 108717000000000.0 181857000000000.0 3.69323e+16 1.80496e+16 3.1936e+16 1.90451e+16 8909240000000000.0 1135300000000000.0 -4.5 [-4.5]
1.23027e+19 3.08122e+20 1.04734e+17 6.65745e+17 7.00331e+16 3.10778e+16 1.40396e+17 6097190000000000.0 5.62664e+16 1.07781e+18 1936300000000000.0 87204600000000.0 178707000000000.0 3.61125e+16 1.7025e+16 3.03395e+16 1.74759e+16 8905740000000000.0 1102030000000000.0 -4.48 [-4.48]
1.23028e+19 2.92288e+20 1.0411e+17 6.31436e+17 6.46748e+16 3.09878e+16 1.33168e+17 5451780000000000.0 5.64995e+16 1.01814e+18 1626650000000000.0 69932500000000.0 175679000000000.0 3.53214e+16 1.60597e+16 2.88315e+16 1.60075e+16 8906430000000000.0 1069310000000000.0 -4.46 [-4.46]
1.23027e+19 2.77181e+20 1.03433e+17 5.9852e+17 5.96933e+16 3.08719e+16 1.26209e+17 4867800000000000.0 5.67333e+16 9.60955e+17 1366070000000000.0 56072400000000.0 172616000000000.0 3.45367e+16 1.51347e+16 2.73784e+16 1.46234e+16 8899820000000000.0 1036300000000000.0 -4.44 [-4.44]
1.23027e+19 2.63068e+20 1.02762e+17 5.67605e+17 5.51389e+16 3.07591e+16 1.19627e+17 4350600000000000.0 5.69593e+16 9.07135e+17 1150200000000000.0 45088500000000.0 169667000000000.0 3.37815e+16 1.42621e+16 2.60035e+16 1.33519e+16 8894830000000000.0 1004270000000000.0 -4.42 [-4.42]
1.23028e+19 2.49672e+20 1.02081e+17 5.38128e+17 5.08989e+16 3.06317e+16 1.13338e+17 3881880000000000.0 5.71871e+16 8.55927e+17 967757000000000.0 36242200000000.0 166771000000000.0 3.304e+16 1.34413e+16 2.46861e+16 1.21538e+16 8886290000000000.0 972445000000000.0 -4.4 [-4.4]
1.23027e+19 2.36769e+20 1.01381e+17 5.09626e+17 4.68773e+16 3.04973e+16 1.07234e+17 3450620000000000.0 5.74128e+16 8.06439e+17 811359000000000.0 29007000000000.0 163862000000000.0 3.23149e+16 1.26509e+16 2.33955e+16 1.10114e+16 8875820000000000.0 940492000000000.0 -4.38 [-4.38]
1.23027e+19 2.24764e+20 1.00668e+17 4.83006e+17 4.3229e+16 3.03507e+16 1.01493e+17 3073340000000000.0 5.76327e+16 7.602e+17 682215000000000.0 23289000000000.0 161054000000000.0 3.16132e+16 1.19107e+16 2.21798e+16 9976420000000000.0 8861980000000000.0 909848000000000.0 -4.36 [-4.36]
1.23027e+19 2.13561e+20 9.99479e+16 4.58059e+17 3.99115e+16 3.01933e+16 9.6076e+16 2743360000000000.0 5.78484e+16 7.16884e+17 575589000000000.0 18769700000000.0 158336000000000.0 3.0934e+16 1.12113e+16 2.10274e+16 9043810000000000.0 8847470000000000.0 880480000000000.0 -4.34 [-4.34]
1.23027e+19 2.02773e+20 9.92243e+16 4.3397e+17 3.67574e+16 3.0031e+16 9.0837e+16 2438070000000000.0 5.80621e+16 6.75157e+17 483250000000000.0 15047900000000.0 155642000000000.0 3.0274e+16 1.0547e+16 1.98995e+16 8149210000000000.0 8830850000000000.0 851239000000000.0 -4.32 [-4.32]
1.23027e+19 1.92628e+20 9.84935e+16 4.11239e+17 3.38594e+16 2.98582e+16 8.5863e+16 2168800000000000.0 5.82733e+16 6.35784e+17 406490000000000.0 12085900000000.0 153009000000000.0 2.96333e+16 9916530000000000.0 1.88206e+16 7337560000000000.0 8813090000000000.0 823130000000000.0 -4.3 [-4.3]
1.23027e+19 1.83037e+20 9.77456e+16 3.89705e+17 3.1176e+16 2.96684e+16 8.11366e+16 1927940000000000.0 5.84807e+16 5.98607e+17 341509000000000.0 9690500000000.0 150433000000000.0 2.90078e+16 9320750000000000.0 1.77869e+16 6592980000000000.0 8790350000000000.0 796003000000000.0 -4.28 [-4.28]
1.23027e+19 1.73958e+20 9.69972e+16 3.69261e+17 2.8689e+16 2.94756e+16 7.66252e+16 1713120000000000.0 5.86848e+16 5.63326e+17 287029000000000.0 7779700000000.0 147906000000000.0 2.8404e+16 8753920000000000.0 1.67913e+16 5909440000000000.0 8768770000000000.0 769866000000000.0 -4.26 [-4.26]
1.23028e+19 1.65394e+20 9.62472e+16 3.49936e+17 2.6391e+16 2.92738e+16 7.23447e+16 1521900000000000.0 5.88863e+16 5.30053e+17 241113000000000.0 6243490000000.0 145446000000000.0 2.78174e+16 8218000000000000.0 1.58397e+16 5287370000000000.0 8745260000000000.0 744847000000000.0 -4.24 [-4.24]
1.23037e+19 1.57264e+20 9.54925e+16 3.31557e+17 2.42505e+16 2.90614e+16 6.82619e+16 1350400000000000.0 5.90896e+16 4.98487e+17 202270000000000.0 5004920000000.0 143024000000000.0 2.72462e+16 7708660000000000.0 1.49225e+16 4717930000000000.0 8720320000000000.0 720797000000000.0 -4.22 [-4.22]
1.23027e+19 1.49579e+20 9.47116e+16 3.1416e+17 2.22835e+16 2.88346e+16 6.43843e+16 1198700000000000.0 5.92792e+16 4.68676e+17 169843000000000.0 4018770000000.0 140638000000000.0 2.66878e+16 7224900000000000.0 1.40451e+16 4203790000000000.0 8691500000000000.0 697837000000000.0 -4.2 [-4.2]
1.23027e+19 1.42335e+20 9.39425e+16 2.97731e+17 2.04657e+16 2.86068e+16 6.07088e+16 1063760000000000.0 5.94697e+16 4.40572e+17 142575000000000.0 3227040000000.0 138323000000000.0 2.61481e+16 6767490000000000.0 1.3207e+16 3739330000000000.0 8664790000000000.0 676057000000000.0 -4.18 [-4.18]
1.23027e+19 1.35447e+20 9.31603e+16 2.82093e+17 1.87792e+16 2.8367e+16 5.72048e+16 942914000000000.0 5.96579e+16 4.13915e+17 119473000000000.0 2587180000000.0 136032000000000.0 2.56199e+16 6331780000000000.0 1.24017e+16 3317220000000000.0 8635780000000000.0 655259000000000.0 -4.16 [-4.16]
1.23029e+19 1.28888e+20 9.23727e+16 2.67191e+17 1.72022e+16 2.81148e+16 5.3864e+16 834515000000000.0 5.98439e+16 3.88627e+17 99882800000000.0 2069970000000.0 133773000000000.0 2.50988e+16 5918350000000000.0 1.16282e+16 2934050000000000.0 8603910000000000.0 635269000000000.0 -4.14 [-4.14]
1.23027e+19 1.22823e+20 9.15662e+16 2.53407e+17 1.5808e+16 2.78561e+16 5.07609e+16 741722000000000.0 6.00214e+16 3.65293e+17 84030300000000.0 1667820000000.0 131601000000000.0 2.45971e+16 5531730000000000.0 1.09089e+16 2604270000000000.0 8571990000000000.0 617054000000000.0 -4.12 [-4.12]
1.23028e+19 1.16968e+20 9.07561e+16 2.40092e+17 1.44802e+16 2.75876e+16 4.77649e+16 656749000000000.0 6.01998e+16 3.4285e+17 70312500000000.0 1336200000000.0 129416000000000.0 2.40995e+16 5160930000000000.0 1.02094e+16 2298660000000000.0 8538460000000000.0 599250000000000.0 -4.1 [-4.1]
1.23027e+19 1.11423e+20 8.99551e+16 2.27475e+17 1.32474e+16 2.73155e+16 4.49242e+16 581007000000000.0 6.03737e+16 3.21652e+17 58764000000000.0 1069710000000.0 127283000000000.0 2.36125e+16 4811060000000000.0 9543600000000000.0 2024560000000000.0 8505240000000000.0 582432000000000.0 -4.08 [-4.08]
1.23027e+19 1.06153e+20 8.91356e+16 2.15494e+17 1.21111e+16 2.70317e+16 4.22266e+16 513736000000000.0 6.05447e+16 3.01623e+17 49084200000000.0 856161000000.0 125168000000000.0 2.31313e+16 4479410000000000.0 8910090000000000.0 1780100000000000.0 8469680000000000.0 566488000000000.0 -4.06 [-4.06]
1.23028e+19 1.01226e+20 8.83004e+16 2.04301e+17 1.10938e+16 2.67393e+16 3.97056e+16 455315000000000.0 6.07107e+16 2.83012e+17 41142800000000.0 687997000000.0 123107000000000.0 2.26618e+16 4169610000000000.0 8318410000000000.0 1568170000000000.0 8432660000000000.0 551810000000000.0 -4.04 [-4.04]
1.23027e+19 9.64906e+19 8.74731e+16 1.93544e+17 1.01262e+16 2.64409e+16 3.72875e+16 402227000000000.0 6.08752e+16 2.65204e+17 34327200000000.0 549849000000.0 121058000000000.0 2.21946e+16 3875390000000000.0 7749990000000000.0 1374960000000000.0 8394910000000000.0 537602000000000.0 -4.02 [-4.02]
1.23027e+19 9.20133e+19 8.66185e+16 1.83394e+17 9252720000000000.0 2.6132e+16 3.50067e+16 355643000000000.0 6.10355e+16 2.48501e+17 28682700000000.0 440169000000.0 119024000000000.0 2.17348e+16 3597820000000000.0 7215030000000000.0 1205850000000000.0 8355310000000000.0 524318000000000.0 -4.0 [-4.0]
1.23027e+19 8.77482e+19 8.57899e+16 1.73719e+17 8431110000000000.0 2.58255e+16 3.28354e+16 313734000000000.0 6.11933e+16 2.32647e+17 23886900000000.0 350897000000.0 117031000000000.0 2.12822e+16 3336430000000000.0 6706740000000000.0 1053940000000000.0 8318510000000000.0 511678000000000.0 -3.98 [-3.98]
1.23027e+19 8.36991e+19 8.49339e+16 1.64564e+17 7681760000000000.0 2.55036e+16 3.07883e+16 276776000000000.0 6.13484e+16 2.17765e+17 19892000000000.0 279200000000.0 115051000000000.0 2.08321e+16 3091550000000000.0 6229280000000000.0 920778000000000.0 8277270000000000.0 499752000000000.0 -3.96 [-3.96]
1.23027e+19 7.98468e+19 8.40817e+16 1.55862e+17 6989230000000000.0 2.51799e+16 2.88458e+16 243914000000000.0 6.15008e+16 2.03686e+17 16546100000000.0 222139000000.0 113096000000000.0 2.03876e+16 2861240000000000.0 5778840000000000.0 803108000000000.0 8236910000000000.0 488446000000000.0 -3.94 [-3.94]
1.23026e+19 7.6194e+19 8.32365e+16 1.47622e+17 6352620000000000.0 2.48545e+16 2.70107e+16 214771000000000.0 6.16489e+16 1.90446e+17 13747100000000.0 175449000000.0 111175000000000.0 1.99508e+16 2645600000000000.0 5355630000000000.0 699494000000000.0 8197990000000000.0 477826000000000.0 -3.92 [-3.92]
1.23027e+19 7.27109e+19 8.23665e+16 1.39796e+17 5769910000000000.0 2.45169e+16 2.52759e+16 188982000000000.0 6.17962e+16 1.77963e+17 11412900000000.0 139253000000.0 109258000000000.0 1.95157e+16 2443750000000000.0 4958430000000000.0 608624000000000.0 8155130000000000.0 467705000000000.0 -3.9 [-3.9]
1.23027e+19 6.94364e+19 8.14882e+16 1.32467e+17 5249290000000000.0 2.41739e+16 2.36576e+16 166564000000000.0 6.19386e+16 1.66378e+17 9503520000000.0 109842000000.0 107380000000000.0 1.90898e+16 2257250000000000.0 4590460000000000.0 530803000000000.0 8111470000000000.0 458392000000000.0 -3.88 [-3.88]
