Cloudy_runs/h1821/z=0.170006/logZ=-1/component_I_PI_nH/component_I_PI_nH_col_density_param.txt
# %ECSV 1.0
# ---
# datatype:
# - {name: H, datatype: float64}
# - {name: H+, datatype: float64}
# - {name: C+, datatype: float64}
# - {name: C+2, datatype: float64}
# - {name: C+3, datatype: float64}
# - {name: N+, datatype: float64}
# - {name: N+2, datatype: float64}
# - {name: N+4, datatype: float64}
# - {name: O, datatype: float64}
# - {name: O+2, datatype: float64}
# - {name: O+5, datatype: float64}
# - {name: O+6, datatype: float64}
# - {name: P+, datatype: float64}
# - {name: Si+, datatype: float64}
# - {name: Si+2, datatype: float64}
# - {name: Si+3, datatype: float64}
# - {name: Si+4, datatype: float64}
# - {name: log_nH, datatype: float64}
# - {name: log_Te, datatype: float64}
# - {name: parameters, datatype: string, subtype: 'float64[1]'}
# schema: astropy-2.0
H H+ C+ C+2 C+3 N+ N+2 N+4 O O+2 O+5 O+6 P+ Si+ Si+2 Si+3 Si+4 log_nH log_Te parameters
[from data line 291]
70794600000000.0 7643250000000.0 1048780000.0 2097800.0 0.0 14964600.0 103.928 0.0 3559450000.0 2970.13 0.0 0.0 2011270.0 245734000.0 251.726 328.679 0.0 0.82 3.356 [0.82]
70794600000000.0 7379380000000.0 1027280000.0 1982620.0 0.0 14013000.0 93.2468 0.0 3557500000.0 2740.14 0.0 0.0 2004490.0 244645000.0 234.688 312.063 0.0 0.84 3.343 [0.84]
70794600000000.0 7128350000000.0 1006170000.0 1874710.0 0.0 13148000.0 83.8492 0.0 3555610000.0 2528.14 0.0 0.0 1998040.0 243599000.0 220.248 296.332 0.0 0.86 3.33 [0.86]
70794600000000.0 6887340000000.0 985280000.0 1772870.0 0.0 12354500.0 75.5275 0.0 3553770000.0 2332.08 0.0 0.0 1991830.0 242582000.0 207.609 281.42 0.0 0.88 3.317 [0.88]
70794600000000.0 6655620000000.0 964603000.0 1676660.0 0.0 11623400.0 68.1335 0.0 3551970000.0 2150.76 0.0 0.0 1985860.0 241592000.0 196.285 267.281 0.0 0.9 3.304 [0.9]
70794600000000.0 6434860000000.0 944344000.0 1586380.0 0.0 10950100.0 61.5618 0.0 3550240000.0 1983.85 0.0 0.0 1980160.0 240638000.0 185.982 253.892 0.0 0.92 3.292 [0.92]
70794600000000.0 6221530000000.0 924225000.0 1500730.0 0.0 10324100.0 55.6842 0.0 3548550000.0 1829.29 0.0 0.0 1974650.0 239702000.0 176.465 241.186 0.0 0.94 3.28 [0.94]
70794600000000.0 6016930000000.0 904418000.0 1419970.0 0.0 9743220.0 50.43 0.0 3546910000.0 1686.71 0.0 0.0 1969360.0 238793000.0 167.606 229.141 0.0 0.96 3.268 [0.96]
70794600000000.0 5819960000000.0 884859000.0 1343600.0 0.0 9201950.0 45.7197 0.0 3545320000.0 1555.02 0.0 0.0 1964260.0 237903000.0 159.305 217.715 0.0 0.98 3.256 [0.98]
70794600000000.0 5630240000000.0 865546000.0 1271350.0 0.0 8696620.0 41.49 0.0 3543780000.0 1433.39 0.0 0.0 1959340.0 237033000.0 151.493 206.875 0.0 1.0 3.244 [1.0]
