Cloudy_runs/h1821/z=0.170006/logZ=-1/component_I_PI_nH/component_I_PI_nH_col_density_param.txt
# %ECSV 1.0
# ---
# datatype:
# - {name: H, datatype: float64}
# - {name: H+, datatype: float64}
# - {name: C+, datatype: float64}
# - {name: C+2, datatype: float64}
# - {name: C+3, datatype: float64}
# - {name: N+, datatype: float64}
# - {name: N+2, datatype: float64}
# - {name: N+4, datatype: float64}
# - {name: O, datatype: float64}
# - {name: O+2, datatype: float64}
# - {name: O+5, datatype: float64}
# - {name: O+6, datatype: float64}
# - {name: P+, datatype: float64}
# - {name: Si+, datatype: float64}
# - {name: Si+2, datatype: float64}
# - {name: Si+3, datatype: float64}
# - {name: Si+4, datatype: float64}
# - {name: log_nH, datatype: float64}
# - {name: log_Te, datatype: float64}
# - {name: parameters, datatype: string, subtype: 'float64[1]'}
# schema: astropy-2.0
H H+ C+ C+2 C+3 N+ N+2 N+4 O O+2 O+5 O+6 P+ Si+ Si+2 Si+3 Si+4 log_nH log_Te parameters
70794600000000.0 3.42369e+18 3186370000.0 563354000000.0 2565590000000.0 226859000.0 85672000000.0 2743480000000.0 14470.9 219402000000.0 37670800000000.0 75351900000000.0 103396.0 1562470.0 88046400.0 496120000.0 68407900000.0 -5.0 4.577 [-5.0]
70794600000000.0 3.23927e+18 3471460000.0 597813000000.0 2618590000000.0 248607000.0 91647900000.0 2726550000000.0 16205.5 235870000000.0 36167400000000.0 68762700000000.0 122690.0 1871900.0 103007000.0 561205000.0 73252700000.0 -4.98 4.572 [-4.98]
70794600000000.0 3.06543e+18 3777820000.0 633564000000.0 2669380000000.0 272270000.0 97949700000.0 2705780000000.0 18149.5 253299000000.0 34651100000000.0 62636200000000.0 145326.0 2238020.0 120306000.0 633780000.0 78323500000.0 -4.96 4.567 [-4.96]
70794600000000.0 2.90152e+18 4106680000.0 670597000000.0 2717860000000.0 297988000.0 104584000000.0 2681190000000.0 20328.0 271710000000.0 33128300000000.0 56951400000000.0 171840.0 2670320.0 140272000.0 714566000.0 83620600000.0 -4.94 4.562 [-4.94]
70794600000000.0 2.74687e+18 4459260000.0 708912000000.0 2763930000000.0 325892000.0 111554000000.0 2652840000000.0 22765.9 291105000000.0 31604800000000.0 51686100000000.0 202832.0 3179740.0 163281000.0 804361000.0 89144100000.0 -4.92 4.557 [-4.92]
70794600000000.0 2.60091e+18 4836940000.0 748501000000.0 2807490000000.0 356136000.0 118866000000.0 2620780000000.0 25493.8 311499000000.0 30086700000000.0 46819400000000.0 239003.0 3778860.0 189752000.0 903999000.0 94892400000.0 -4.9 4.553 [-4.9]
70794600000000.0 2.46312e+18 5241060000.0 789349000000.0 2848420000000.0 388867000.0 126520000000.0 2585100000000.0 28544.3 332892000000.0 28579800000000.0 42330600000000.0 281139.0 4482040.0 220156000.0 1014380000.0 100863000000.0 -4.88 4.548 [-4.88]
70794600000000.0 2.33299e+18 5672990000.0 831437000000.0 2886660000000.0 424237000.0 134516000000.0 2545890000000.0 31953.4 355281000000.0 27089500000000.0 38199000000000.0 330140.0 5305720.0 255020000.0 1136460000.0 107051000000.0 -4.86 4.544 [-4.86]
70794600000000.0 2.21009e+18 6134460000.0 874754000000.0 2922100000000.0 462432000.0 142858000000.0 2503250000000.0 35765.7 378674000000.0 25621300000000.0 34405100000000.0 387046.0 6268680.0 294931000.0 1271230000.0 113452000000.0 -4.84 4.539 [-4.84]
70794600000000.0 2.09398e+18 6626960000.0 919271000000.0 2954660000000.0 503610000.0 151538000000.0 2457300000000.0 40026.2 403057000000.0 24180100000000.0 30928800000000.0 453015.0 7392220.0 340546000.0 1419780000.0 120059000000.0 -4.82 4.535 [-4.82]
70794600000000.0 1.9842e+18 7151510000.0 964937000000.0 2984260000000.0 547878000.0 160544000000.0 2408180000000.0 44778.1 428390000000.0 22770300000000.0 27749500000000.0 529315.0 8700410.0 392596000.0 1583290000.0 126864000000.0 -4.8 4.53 [-4.8]
70794600000000.0 1.88038e+18 7709540000.0 1011700000000.0 3010840000000.0 595383000.0 169865000000.0 2356030000000.0 50076.6 454649000000.0 21396000000000.0 24848600000000.0 617405.0 10220500.0 451891000.0 1762970000.0 133859000000.0 -4.78 4.526 [-4.78]
70794600000000.0 1.78218e+18 8302440000.0 1059520000000.0 3034310000000.0 646265000.0 179486000000.0 2301020000000.0 55981.0 481804000000.0 20061100000000.0 22207600000000.0 718914.0 11983300.0 519325000.0 1960120000.0 141031000000.0 -4.76 4.522 [-4.76]
70794600000000.0 1.68927e+18 8931570000.0 1108330000000.0 3054610000000.0 700655000.0 189391000000.0 2243350000000.0 62557.4 509817000000.0 18768900000000.0 19808700000000.0 835668.0 14023300.0 595892000.0 2176100000.0 148370000000.0 -4.74 4.518 [-4.74]
70794600000000.0 1.60133e+18 9598150000.0 1158060000000.0 3071670000000.0 758669000.0 199557000000.0 2183200000000.0 69878.3 538643000000.0 17522200000000.0 17634600000000.0 969686.0 16379200.0 682678000.0 2412310000.0 155860000000.0 -4.72 4.514 [-4.72]
70794600000000.0 1.51809e+18 10303400000.0 1208620000000.0 3085440000000.0 820418000.0 209962000000.0 2120790000000.0 78025.3 568237000000.0 16323300000000.0 15668700000000.0 1123230.0 19094300.0 780886000.0 2670250000.0 163486000000.0 -4.7 4.51 [-4.7]
70794600000000.0 1.43928e+18 11048600000.0 1259940000000.0 3095850000000.0 886003000.0 220579000000.0 2056350000000.0 87088.8 598547000000.0 15174200000000.0 13895200000000.0 1298800.0 22217000.0 891827000.0 2951450000.0 171230000000.0 -4.68 4.506 [-4.68]
70794600000000.0 1.36464e+18 11834700000.0 1311910000000.0 3102850000000.0 955509000.0 231378000000.0 1990130000000.0 97169.8 629518000000.0 14076400000000.0 12299000000000.0 1499160.0 25800700.0 1016940000.0 3257510000.0 179072000000.0 -4.66 4.501 [-4.66]
70794600000000.0 1.29394e+18 12662400000.0 1364410000000.0 3106390000000.0 1028980000.0 242322000000.0 1922370000000.0 108377.0 661084000000.0 13030700000000.0 10865300000000.0 1727310.0 29904800.0 1157800000.0 3590130000.0 186992000000.0 -4.64 4.497 [-4.64]
70794600000000.0 1.22696e+18 13532600000.0 1417330000000.0 3106440000000.0 1106470000.0 253379000000.0 1853330000000.0 120837.0 693184000000.0 12037900000000.0 9580730000000.0 1986590.0 34594600.0 1316090000.0 3951000000.0 194967000000.0 -4.62 4.494 [-4.62]
70794600000000.0 1.16349e+18 14446100000.0 1470530000000.0 3102950000000.0 1188040000.0 264511000000.0 1783300000000.0 134692.0 725760000000.0 11098000000000.0 8432290000000.0 2280710.0 39942800.0 1493670000.0 4341830000.0 202971000000.0 -4.6 4.49 [-4.6]
70794600000000.0 1.10336e+18 15403600000.0 1523900000000.0 3095890000000.0 1273710000.0 275680000000.0 1712530000000.0 150102.0 758747000000.0 10210900000000.0 7407900000000.0 2613660.0 46028300.0 1692550000.0 4764410000.0 210979000000.0 -4.58 4.486 [-4.58]
70794600000000.0 1.04638e+18 16405400000.0 1577260000000.0 3085250000000.0 1363490000.0 286844000000.0 1641310000000.0 167246.0 792078000000.0 9376000000000.0 6496150000000.0 2989820.0 52938000.0 1914860000.0 5220500000.0 218963000000.0 -4.56 4.482 [-4.56]
70794600000000.0 9.92374e+17 17451800000.0 1630480000000.0 3071010000000.0 1457390000.0 297963000000.0 1569910000000.0 186325.0 825686000000.0 8592520000000.0 5686420000000.0 3413970.0 60766500.0 2162930000.0 5711900000.0 226893000000.0 -4.54 4.478 [-4.54]
70794600000000.0 9.41189e+17 18543000000.0 1683380000000.0 3053160000000.0 1555390000.0 308994000000.0 1498600000000.0 207568.0 859499000000.0 7859310000000.0 4968870000000.0 3891180.0 69616700.0 2439230000.0 6240380000.0 234737000000.0 -4.52 4.474 [-4.52]
70794600000000.0 8.92675e+17 19678800000.0 1735780000000.0 3031700000000.0 1657450000.0 319895000000.0 1427650000000.0 231230.0 893452000000.0 7174980000000.0 4334340000000.0 4427040.0 79599900.0 2746400000.0 6807680000.0 242465000000.0 -4.5 4.47 [-4.5]
70794600000000.0 8.46689e+17 20858900000.0 1787510000000.0 3006650000000.0 1763530000.0 330621000000.0 1357320000000.0 257603.0 927475000000.0 6537960000000.0 3774400000000.0 5027620.0 90836500.0 3087270000.0 7415520000.0 250043000000.0 -4.48 4.466 [-4.48]
70794600000000.0 8.03093e+17 22082200000.0 1838350000000.0 2978030000000.0 1873540000.0 341128000000.0 1287840000000.0 287004.0 961491000000.0 5946500000000.0 3281250000000.0 5699150.0 103454000.0 3464770000.0 8065620000.0 257436000000.0 -4.46 4.462 [-4.46]
70794600000000.0 7.61774e+17 23349300000.0 1888150000000.0 2945880000000.0 1987530000.0 351384000000.0 1219450000000.0 319831.0 995453000000.0 5398740000000.0 2847890000000.0 6449040.0 117596000.0 3882090000.0 8759310000.0 264608000000.0 -4.44 4.459 [-4.44]
70794600000000.0 7.22604e+17 24658400000.0 1936690000000.0 2910240000000.0 2105370000.0 361342000000.0 1152370000000.0 356489.0 1029280000000.0 4892690000000.0 2467770000000.0 7284420.0 133406000.0 4342500000.0 9498150000.0 271524000000.0 -4.42 4.455 [-4.42]
70794600000000.0 6.85478e+17 26009200000.0 1983790000000.0 2871180000000.0 2227070000.0 370970000000.0 1086800000000.0 397471.0 1062920000000.0 4426300000000.0 2135010000000.0 8213480.0 151046000.0 4849480000.0 10283300000.0 278149000000.0 -4.4 4.451 [-4.4]
70794600000000.0 6.50267e+17 27399300000.0 2029220000000.0 2828750000000.0 2352460000.0 380226000000.0 1022890000000.0 443308.0 1096290000000.0 3997310000000.0 1844150000000.0 9244400.0 170687000.0 5406730000.0 11116300000.0 284446000000.0 -4.38 4.447 [-4.38]
70794600000000.0 6.16908e+17 28825800000.0 2072720000000.0 2783100000000.0 2481370000.0 389069000000.0 960867000000.0 494568.0 1129310000000.0 3604030000000.0 1590630000000.0 10384900.0 192482000.0 6017450000.0 11997400000.0 290376000000.0 -4.36 4.443 [-4.36]
70794600000000.0 5.85274e+17 30288700000.0 2114170000000.0 2734280000000.0 2613900000.0 397478000000.0 900807000000.0 551999.0 1161940000000.0 3243910000000.0 1369850000000.0 11645600.0 216640000.0 6685970000.0 12927700000.0 295906000000.0 -4.34 4.44 [-4.34]
70794600000000.0 5.55287e+17 31785400000.0 2153340000000.0 2682420000000.0 2749920000.0 405423000000.0 842852000000.0 616368.0 1194120000000.0 2915000000000.0 1177990000000.0 13035700.0 243347000.0 7415990000.0 13907500000.0 301001000000.0 -4.32 4.436 [-4.32]
70794600000000.0 5.2686e+17 33313200000.0 2190020000000.0 2627670000000.0 2889360000.0 412875000000.0 787097000000.0 688556.0 1225780000000.0 2615220000000.0 1011540000000.0 14565100.0 272803000.0 8211460000.0 14936900000.0 305625000000.0 -4.3 4.432 [-4.3]
70794600000000.0 4.99908e+17 34868900000.0 2224030000000.0 2570160000000.0 3032110000.0 419810000000.0 733618000000.0 769556.0 1256850000000.0 2342550000000.0 867383000000.0 16243800.0 305215000.0 9076300000.0 16015800000.0 309746000000.0 -4.28 4.429 [-4.28]
70794600000000.0 4.74357e+17 36449900000.0 2255180000000.0 2510070000000.0 3178130000.0 426206000000.0 682473000000.0 860506.0 1287280000000.0 2095040000000.0 742737000000.0 18082300.0 340795000.0 10014400000.0 17143300000.0 313332000000.0 -4.26 4.425 [-4.26]
70794600000000.0 4.50137e+17 38056400000.0 2283370000000.0 2447570000000.0 3327610000.0 432057000000.0 633689000000.0 962759.0 1317040000000.0 1870760000000.0 635130000000.0 20093900.0 379790000.0 11030100000.0 18318100000.0 316354000000.0 -4.24 4.421 [-4.24]
70794600000000.0 4.27168e+17 39672500000.0 2308180000000.0 2382880000000.0 3479510000.0 437306000000.0 587325000000.0 1077470.0 1345960000000.0 1668090000000.0 542403000000.0 22280100.0 422312000.0 12125500000.0 19539600000.0 318780000000.0 -4.22 4.418 [-4.22]
70794600000000.0 4.05407e+17 41315600000.0 2329940000000.0 2316170000000.0 3635470000.0 442013000000.0 543332000000.0 1206710.0 1374160000000.0 1485090000000.0 462609000000.0 24666000.0 468752000.0 13306600000.0 20803800000.0 320591000000.0 -4.2 4.414 [-4.2]
70794600000000.0 3.84769e+17 42963400000.0 2348110000000.0 2247690000000.0 3793930000.0 446104000000.0 501735000000.0 1351910.0 1401440000000.0 1320280000000.0 394044000000.0 27248300.0 519177000.0 14574500000.0 22110000000.0 321762000000.0 -4.18 4.41 [-4.18]
70794600000000.0 3.65209e+17 44616900000.0 2362710000000.0 2177690000000.0 3955280000.0 449594000000.0 462508000000.0 1515200.0 1427790000000.0 1172140000000.0 335233000000.0 30039500.0 573820000.0 15932400000.0 23454100000.0 322273000000.0 -4.16 4.407 [-4.16]
70794600000000.0 3.46658e+17 46272400000.0 2373630000000.0 2106370000000.0 4119480000.0 452474000000.0 425588000000.0 1698950.0 1453160000000.0 1039120000000.0 284830000000.0 33049100.0 632910000.0 17383200000.0 24832800000.0 322108000000.0 -4.14 4.403 [-4.14]
70794600000000.0 3.29068e+17 47926500000.0 2380860000000.0 2033970000000.0 4286600000.0 454749000000.0 390928000000.0 1905760.0 1477510000000.0 919905000000.0 241703000000.0 36285100.0 696639000.0 18928900000.0 26241500000.0 321254000000.0 -4.12 4.4 [-4.12]
70794600000000.0 3.12385e+17 49572700000.0 2384290000000.0 1960750000000.0 4456410000.0 456411000000.0 358470000000.0 2138510.0 1500780000000.0 813243000000.0 204850000000.0 39751900.0 765158000.0 20570500000.0 27675300000.0 319702000000.0 -4.1 4.396 [-4.1]
70794600000000.0 2.96556e+17 51208900000.0 2383930000000.0 1886930000000.0 4629090000.0 457468000000.0 328130000000.0 2400610.0 1522930000000.0 717921000000.0 173388000000.0 43457200.0 838673000.0 22309400000.0 29128600000.0 317446000000.0 -4.08 4.393 [-4.08]
70794600000000.0 2.81559e+17 52823800000.0 2379740000000.0 1812880000000.0 4804000000.0 457915000000.0 299885000000.0 2695230.0 1543870000000.0 633013000000.0 146605000000.0 47393200.0 917118000.0 24142400000.0 30594100000.0 314490000000.0 -4.06 4.389 [-4.06]
70794600000000.0 2.67328e+17 54420100000.0 2371800000000.0 1738730000000.0 4981750000.0 457771000000.0 273601000000.0 3026970.0 1563600000000.0 557368000000.0 123799000000.0 51570700.0 1000770000.0 26071000000.0 32065200000.0 310833000000.0 -4.04 4.386 [-4.04]
70794600000000.0 2.53824e+17 55993900000.0 2360170000000.0 1664710000000.0 5162310000.0 457041000000.0 249194000000.0 3400520.0 1582090000000.0 490069000000.0 104404000000.0 55989600.0 1089720000.0 28093300000.0 33534000000.0 306482000000.0 -4.02 4.383 [-4.02]
70794600000000.0 2.41024e+17 57528900000.0 2344810000000.0 1591230000000.0 5344680000.0 455723000000.0 226624000000.0 3820160.0 1599230000000.0 430403000000.0 87955700000.0 60625900.0 1183650000.0 30201100000.0 34992500000.0 301458000000.0 -4.0 4.379 [-4.0]
70794600000000.0 2.28875e+17 59032200000.0 2325920000000.0 1518350000000.0 5529770000.0 453843000000.0 205753000000.0 4292450.0 1615030000000.0 377476000000.0 74001500000.0 65489700.0 1282840000.0 32393700000.0 36431100000.0 295772000000.0 -3.98 4.376 [-3.98]
70794600000000.0 2.17352e+17 60499000000.0 2303630000000.0 1446370000000.0 5717430000.0 451415000000.0 186509000000.0 4823520.0 1629450000000.0 330631000000.0 62187000000.0 70567900.0 1387120000.0 34664100000.0 37839600000.0 289452000000.0 -3.96 4.373 [-3.96]
70794600000000.0 2.06413e+17 61918100000.0 2277970000000.0 1375460000000.0 5907100000.0 448441000000.0 168796000000.0 5420440.0 1642410000000.0 289218000000.0 52191400000.0 75836700.0 1496230000.0 37002800000.0 39209800000.0 282521000000.0 -3.94 4.369 [-3.94]
70794600000000.0 1.96032e+17 63289000000.0 2249150000000.0 1305840000000.0 6098980000.0 444945000000.0 152525000000.0 6091190.0 1653910000000.0 252661000000.0 43747100000.0 81282100.0 1610000000.0 39401000000.0 40530300000.0 275014000000.0 -3.92 4.366 [-3.92]
70794600000000.0 1.86169e+17 64609200000.0 2217290000000.0 1237620000000.0 6293140000.0 440937000000.0 137595000000.0 6845200.0 1663880000000.0 220408000000.0 36616300000.0 86887800.0 1728260000.0 41849000000.0 41790700000.0 266961000000.0 -3.9 4.363 [-3.9]
70794600000000.0 1.76816e+17 65873500000.0 2182660000000.0 1171100000000.0 6489310000.0 436450000000.0 123947000000.0 7691160.0 1672320000000.0 192044000000.0 30612800000.0 92620400.0 1850420000.0 44331300000.0 42979800000.0 258423000000.0 -3.88 4.359 [-3.88]
70794600000000.0 1.67938e+17 67080400000.0 2145420000000.0 1106340000000.0 6687570000.0 431497000000.0 111482000000.0 8640530.0 1679170000000.0 167107000000.0 25559800000.0 98457700.0 1976150000.0 46835400000.0 44087100000.0 249438000000.0 -3.86 4.356 [-3.86]
70794600000000.0 1.59509e+17 68227000000.0 2105790000000.0 1043490000000.0 6887890000.0 426101000000.0 100118000000.0 9705390.0 1684410000000.0 145215000000.0 21312100000.0 104369000.0 2104960000.0 49345300000.0 45102100000.0 240057000000.0 -3.84 4.353 [-3.84]
70794600000000.0 1.51505e+17 69311200000.0 2063970000000.0 982649000000.0 7090230000.0 420282000000.0 89777400000.0 10899200.0 1688000000000.0 126020000000.0 17745800000.0 110323000.0 2236270000.0 51844300000.0 46014800000.0 230337000000.0 -3.82 4.349 [-3.82]
70794600000000.0 1.43905e+17 70331500000.0 2020180000000.0 923908000000.0 7294600000.0 414064000000.0 80383700000.0 12236600.0 1689920000000.0 109214000000.0 14755600000.0 116287000.0 2369470000.0 54314300000.0 46815600000.0 220335000000.0 -3.8 4.346 [-3.8]
70794600000000.0 1.36697e+17 71285900000.0 1974710000000.0 867408000000.0 7500860000.0 407482000000.0 71875300000.0 13732700.0 1690160000000.0 94533300000.0 12254100000.0 122220000.0 2503690000.0 56735300000.0 47496600000.0 210125000000.0 -3.78 4.343 [-3.78]
