Cloudy_runs/h1821/z=0.170006/logZ=-1/component_I_PI_nH/component_I_PI_nH_col_density_param.txt
# %ECSV 1.0
# ---
# datatype:
# - {name: H, datatype: float64}
# - {name: H+, datatype: float64}
# - {name: C+, datatype: float64}
# - {name: C+2, datatype: float64}
# - {name: C+3, datatype: float64}
# - {name: N+, datatype: float64}
# - {name: N+2, datatype: float64}
# - {name: N+4, datatype: float64}
# - {name: O, datatype: float64}
# - {name: O+2, datatype: float64}
# - {name: O+5, datatype: float64}
# - {name: O+6, datatype: float64}
# - {name: P+, datatype: float64}
# - {name: Si+, datatype: float64}
# - {name: Si+2, datatype: float64}
# - {name: Si+3, datatype: float64}
# - {name: Si+4, datatype: float64}
# - {name: log_nH, datatype: float64}
# - {name: log_Te, datatype: float64}
# - {name: parameters, datatype: string, subtype: 'float64[1]'}
# schema: astropy-2.0
H H+ C+ C+2 C+3 N+ N+2 N+4 O O+2 O+5 O+6 P+ Si+ Si+2 Si+3 Si+4 log_nH log_Te parameters
[from data line 63]
70794600000000.0 1.23333e+17 73000500000.0 1879350000000.0 760997000000.0 7920090000.0 393275000000.0 57196100000.0 17281900.0 1685450000000.0 70505300000.0 8410770000.0 133891000.0 2773230000.0 61359800000.0 48465400000.0 189272000000.0 -3.74 4.336 [-3.74]
70794600000000.0 1.17143e+17 73761000000.0 1829880000000.0 711146000000.0 8133220000.0 385698000000.0 50902400000.0 19377800.0 1680450000000.0 60746300000.0 6950570000.0 139561000.0 2907080000.0 63524000000.0 48740600000.0 178756000000.0 -3.72 4.333 [-3.72]
70794600000000.0 1.11279e+17 74454500000.0 1779710000000.0 663725000000.0 8348300000.0 377874000000.0 45249400000.0 21712900.0 1673730000000.0 52280900000.0 5737540000.0 145061000.0 3038700000.0 65561600000.0 48874400000.0 168300000000.0 -3.7 4.329 [-3.7]
70794600000000.0 1.05701e+17 75085000000.0 1728810000000.0 618527000000.0 8565970000.0 369789000000.0 40159900000.0 24320700.0 1665210000000.0 44919100000.0 4727510000.0 150379000.0 3168000000.0 67457400000.0 48860700000.0 157925000000.0 -3.68 4.326 [-3.68]
70794600000000.0 1.00403e+17 75653400000.0 1677470000000.0 575601000000.0 8786260000.0 361485000000.0 35591900000.0 27227400.0 1654910000000.0 38535100000.0 3888920000.0 155483000.0 3294020000.0 69194200000.0 48700000000.0 147703000000.0 -3.66 4.323 [-3.66]
70794600000000.0 9.53633e+16 76161100000.0 1625780000000.0 534857000000.0 9009420000.0 352972000000.0 31493200000.0 30468300.0 1642800000000.0 32999900000.0 3192880000.0 160352000.0 3416320000.0 70756700000.0 48391700000.0 137676000000.0 -3.64 4.319 [-3.64]
70794600000000.0 9.05836e+16 76610000000.0 1574100000000.0 496373000000.0 9235400000.0 344305000000.0 27831800000.0 34070500.0 1628960000000.0 28220900000.0 2617620000.0 164956000.0 3533820000.0 72132400000.0 47942400000.0 127922000000.0 -3.62 4.316 [-3.62]
70794600000000.0 8.60514e+16 77002400000.0 1522600000000.0 460098000000.0 9464390000.0 335516000000.0 24566600000.0 38069100.0 1613420000000.0 24101100000.0 2142940000.0 169275000.0 3645960000.0 73311400000.0 47357300000.0 118486000000.0 -3.6 4.313 [-3.6]
70794600000000.0 8.17391e+16 77339900000.0 1471260000000.0 425861000000.0 9696820000.0 326592000000.0 21650500000.0 42514200.0 1596090000000.0 20544200000.0 1750730000.0 173302000.0 3752690000.0 74283900000.0 46638100000.0 109382000000.0 -3.58 4.309 [-3.58]
70794600000000.0 7.7643e+16 77624700000.0 1420290000000.0 393657000000.0 9932790000.0 317576000000.0 19054400000.0 47444600.0 1577060000000.0 17482900000.0 1427720000.0 177020000.0 3853390000.0 75044800000.0 45794500000.0 100655000000.0 -3.56 4.306 [-3.56]
70794600000000.0 7.37525e+16 77859300000.0 1369830000000.0 363420000000.0 10172500000.0 308492000000.0 16746900000.0 52907500.0 1556340000000.0 14852500000.0 1162180000.0 180420000.0 3947760000.0 75591000000.0 44835400000.0 92335300000.0 -3.54 4.302 [-3.54]
70794600000000.0 7.00509e+16 78045600000.0 1319910000000.0 335030000000.0 10415700000.0 299345000000.0 14696100000.0 58961200.0 1533930000000.0 12592800000.0 943961000.0 183496000.0 4035810000.0 75920100000.0 43767700000.0 84431600000.0 -3.52 4.299 [-3.52]
70794600000000.0 6.65413e+16 78187000000.0 1270810000000.0 308507000000.0 10662300000.0 290194000000.0 12882000000.0 65645500.0 1509980000000.0 10660700000.0 765504000.0 186242000.0 4117030000.0 76038600000.0 42607800000.0 76982300000.0 -3.5 4.296 [-3.5]
70794600000000.0 6.32082e+16 78285400000.0 1222540000000.0 283728000000.0 10913200000.0 281044000000.0 11277200000.0 73025300.0 1484500000000.0 9008930000.0 619601000.0 188658000.0 4191580000.0 75949100000.0 41364500000.0 69984900000.0 -3.48 4.292 [-3.48]
70794600000000.0 6.00424e+16 78342300000.0 1175180000000.0 260613000000.0 11168600000.0 271913000000.0 9859710000.0 81163300.0 1457540000000.0 7599230000.0 500530000.0 190745000.0 4259540000.0 75658000000.0 40049600000.0 63442200000.0 -3.46 4.289 [-3.46]
70794600000000.0 5.70356e+16 78360100000.0 1128780000000.0 239083000000.0 11428600000.0 262821000000.0 8609460000.0 90126000.0 1429160000000.0 6398250000.0 403545000.0 192504000.0 4321050000.0 75174000000.0 38675000000.0 57352200000.0 -3.44 4.285 [-3.44]
70794600000000.0 5.41798e+16 78340700000.0 1083410000000.0 219061000000.0 11693600000.0 253786000000.0 7508380000.0 99984100.0 1399430000000.0 5376950000.0 324705000.0 193942000.0 4376330000.0 74507700000.0 37252500000.0 51708200000.0 -3.42 4.282 [-3.42]
70794600000000.0 5.14675e+16 78285900000.0 1039130000000.0 200467000000.0 11963600000.0 244825000000.0 6540120000.0 110813000.0 1368450000000.0 4510050000.0 260742000.0 195065000.0 4425680000.0 73670600000.0 35793700000.0 46499600000.0 -3.4 4.278 [-3.4]
70794600000000.0 4.88915e+16 78197700000.0 995960000000.0 183225000000.0 12238800000.0 235955000000.0 5689870000.0 122691000.0 1336290000000.0 3775600000.0 208954000.0 195880000.0 4469430000.0 72675700000.0 34309700000.0 41711900000.0 -3.38 4.275 [-3.38]
70794600000000.0 4.6445e+16 78077700000.0 953946000000.0 167260000000.0 12519500000.0 227190000000.0 4944320000.0 135703000.0 1303050000000.0 3154550000.0 167110000.0 196398000.0 4507970000.0 71536700000.0 32811100000.0 37328200000.0 -3.36 4.271 [-3.36]
70794600000000.0 4.41215e+16 77927400000.0 913110000000.0 152497000000.0 12805800000.0 218543000000.0 4291490000.0 149936000.0 1268810000000.0 2630430000.0 133371000.0 196628000.0 4541710000.0 70267700000.0 31307900000.0 33329100000.0 -3.34 4.268 [-3.34]
70794600000000.0 4.19149e+16 77748300000.0 873468000000.0 138866000000.0 13097800000.0 210028000000.0 3720630000.0 165483000.0 1233690000000.0 2188990000.0 106224000.0 196581000.0 4571080000.0 68882800000.0 29809000000.0 29693600000.0 -3.32 4.264 [-3.32]
70794600000000.0 3.98239e+16 77543000000.0 835122000000.0 126321000000.0 13395500000.0 201674000000.0 3223040000.0 182414000.0 1197880000000.0 1818570000.0 84463600.0 196273000.0 4596350000.0 67402000000.0 28326300000.0 26405300000.0 -3.3 4.261 [-3.3]
70794600000000.0 3.78335e+16 77310000000.0 797896000000.0 114745000000.0 13699000000.0 193452000000.0 2788180000.0 200878000.0 1161300000000.0 1507220000.0 66993600.0 195708000.0 4618320000.0 65828500000.0 26860000000.0 23429900000.0 -3.28 4.257 [-3.28]
70794600000000.0 3.59389e+16 77050100000.0 761794000000.0 104079000000.0 14008300000.0 185371000000.0 2408720000.0 220987000.0 1124040000000.0 1246130000.0 53003100.0 194896000.0 4637430000.0 64175600000.0 25416700000.0 20746200000.0 -3.26 4.254 [-3.26]
70794600000000.0 3.41438e+16 76767100000.0 726987000000.0 94305200000.0 14323300000.0 177478000000.0 2079330000.0 242789000.0 1086420000000.0 1028470000.0 41865300.0 193859000.0 4653750000.0 62467200000.0 24009200000.0 18340900000.0 -3.24 4.25 [-3.24]
70794600000000.0 3.24391e+16 76460300000.0 693379000000.0 85342100000.0 14643900000.0 169760000000.0 1793140000.0 266420000.0 1048450000000.0 847046000.0 32999500.0 192606000.0 4667870000.0 60710400000.0 22638500000.0 16187000000.0 -3.22 4.247 [-3.22]
70794600000000.0 3.0824e+16 76132200000.0 661039000000.0 77150300000.0 14969900000.0 162242000000.0 1545270000.0 291954000.0 1010340000000.0 696403000.0 25969600.0 191155000.0 4679990000.0 58922500000.0 21312000000.0 14266400000.0 -3.2 4.243 [-3.2]
70794600000000.0 2.92866e+16 75780700000.0 629794000000.0 69642300000.0 15301100000.0 154891000000.0 1329970000.0 319580000.0 972006000000.0 571116000.0 20386300.0 189508000.0 4690830000.0 57103100000.0 20026200000.0 12551700000.0 -3.18 4.24 [-3.18]
70794600000000.0 2.78231e+16 75405900000.0 599630000000.0 62771400000.0 15637000000.0 147711000000.0 1143220000.0 349421000.0 933545000000.0 467178000.0 15963300.0 187675000.0 4700690000.0 55261900000.0 18784100000.0 11024600000.0 -3.16 4.237 [-3.16]
70794600000000.0 2.64399e+16 75012500000.0 570748000000.0 56531400000.0 15977400000.0 140758000000.0 982357000.0 381455000.0 895358000000.0 381613000.0 12486100.0 185687000.0 4709370000.0 53424000000.0 17596400000.0 9674600000.0 -3.14 4.233 [-3.14]
70794600000000.0 2.51234e+16 74597300000.0 542915000000.0 50836500000.0 16321600000.0 133984000000.0 843115000.0 415926000.0 857264000000.0 310929000.0 9742640.0 183540000.0 4717610000.0 51582100000.0 16455800000.0 8477120000.0 -3.12 4.23 [-3.12]
70794600000000.0 2.3873e+16 74160900000.0 516169000000.0 45656800000.0 16669000000.0 127404000000.0 722940000.0 452904000.0 819442000000.0 252774000.0 7586690.0 181247000.0 4725480000.0 49747500000.0 15365700000.0 7418670000.0 -3.1 4.226 [-3.1]
70794600000000.0 2.26827e+16 73702200000.0 490425000000.0 40942900000.0 17018600000.0 121006000000.0 619140000.0 492557000.0 781896000000.0 204957000.0 5893340.0 178814000.0 4733350000.0 47921800000.0 14324100000.0 6483210000.0 -3.08 4.223 [-3.08]
70794600000000.0 2.15551e+16 73225000000.0 465790000000.0 36677400000.0 17369800000.0 114821000000.0 529941000.0 534863000.0 744907000000.0 165881000.0 4571310.0 176266000.0 4741020000.0 46121300000.0 13336100000.0 5660880000.0 -3.06 4.219 [-3.06]
70794600000000.0 2.04844e+16 72727500000.0 442171000000.0 32814500000.0 17721600000.0 108832000000.0 453193000.0 579972000.0 708462000000.0 133954000.0 3539070.0 173607000.0 4748790000.0 44345500000.0 12398600000.0 4937690000.0 -3.04 4.216 [-3.04]
70794600000000.0 1.947e+16 72211800000.0 419597000000.0 29328300000.0 18073100000.0 103054000000.0 387346000.0 627895000.0 672729000000.0 107971000.0 2736140.0 170855000.0 4756590000.0 42603500000.0 11513000000.0 4303720000.0 -3.02 4.213 [-3.02]
70794600000000.0 1.85018e+16 71672500000.0 397869000000.0 26166300000.0 18422200000.0 97442800000.0 330560000.0 678928000.0 637513000000.0 86758100.0 2109350.0 167996000.0 4764970000.0 40883700000.0 10671900000.0 3745670000.0 -3.0 4.209 [-3.0]
70794600000000.0 1.75871e+16 71117000000.0 377185000000.0 23327200000.0 18768500000.0 92052500000.0 282035000.0 732821000.0 603234000000.0 69611200.0 1624830.0 165072000.0 4773310000.0 39209000000.0 9882550000.0 3258740000.0 -2.98 4.206 [-2.98]
70794600000000.0 1.6716e+16 70540000000.0 357349000000.0 20764700000.0 19109800000.0 86840900000.0 240340000.0 789856000.0 569693000000.0 55700900.0 1248740.0 162068000.0 4782090000.0 37566900000.0 9137530000.0 2831920000.0 -2.96 4.202 [-2.96]
70794600000000.0 1.58888e+16 69943300000.0 338391000000.0 18460500000.0 19444600000.0 81819700000.0 204626000.0 849975000.0 537036000000.0 44466800.0 958037.0 159000000.0 4791130000.0 35964500000.0 8437390000.0 2458980000.0 -2.94 4.199 [-2.94]
70794600000000.0 1.51032e+16 69327100000.0 320284000000.0 16391700000.0 19771100000.0 76987400000.0 174063000.0 913182000.0 505314000000.0 35416000.0 733773.0 155877000.0 4800380000.0 34403400000.0 7780620000.0 2133480000.0 -2.92 4.196 [-2.92]
70794600000000.0 1.4357e+16 68691400000.0 302993000000.0 14536300000.0 20087200000.0 72340600000.0 147922000.0 979470000.0 474566000000.0 28140100.0 561050.0 152707000.0 4809780000.0 32884300000.0 7165390000.0 1849620000.0 -2.9 4.192 [-2.9]
70794600000000.0 1.36485e+16 68036500000.0 286500000000.0 12875500000.0 20391200000.0 67879000000.0 125592000.0 1048780000.0 444844000000.0 22307100.0 428317.0 149499000.0 4819210000.0 31408700000.0 6590290000.0 1602390000.0 -2.88 4.189 [-2.88]
70794600000000.0 1.29755e+16 67362500000.0 270771000000.0 11390400000.0 20680600000.0 63598800000.0 106527000.0 1121050000.0 416173000000.0 17640900.0 326470.0 146260000.0 4828590000.0 29976600000.0 6053390000.0 1387210000.0 -2.86 4.186 [-2.86]
70794600000000.0 1.23363e+16 66669300000.0 255780000000.0 10064300000.0 20953400000.0 59498000000.0 90265000.0 1196190000.0 388583000000.0 13917300.0 248462.0 142995000.0 4837810000.0 28588400000.0 5553000000.0 1200090000.0 -2.84 4.183 [-2.84]
70794600000000.0 1.17292e+16 65957500000.0 241503000000.0 8882050000.0 21207300000.0 55574500000.0 76406800.0 1274060000.0 362101000000.0 10953600.0 188822.0 139714000.0 4846680000.0 27244400000.0 5087390000.0 1037520000.0 -2.82 4.18 [-2.82]
70794600000000.0 1.11511e+16 65225200000.0 227876000000.0 7827320000.0 21439300000.0 51817400000.0 64585700.0 1354640000.0 336688000000.0 8596560.0 143224.0 136412000.0 4855200000.0 25940900000.0 4653800000.0 896148000.0 -2.8 4.176 [-2.8]
70794600000000.0 1.06049e+16 64478900000.0 214979000000.0 6893480000.0 21649300000.0 48249200000.0 54569300.0 1437380000.0 312525000000.0 6736460.0 108605.0 133124000.0 4862830000.0 24688300000.0 4253510000.0 773970000.0 -2.78 4.173 [-2.78]
70794600000000.0 1.00847e+16 63712800000.0 202683000000.0 6062440000.0 21832800000.0 44842400000.0 46038500.0 1522430000.0 289452000000.0 5263910.0 0.0 129827000.0 4869760000.0 23475600000.0 3881830000.0 667852000.0 -2.76 4.17 [-2.76]
70794600000000.0 9590570000000000.0 62929200000.0 190996000000.0 5325510000.0 21988500000.0 41602400000.0 38795100.0 1609430000.0 267526000000.0 4103380.0 0.0 126537000.0 4875700000.0 22305800000.0 3538090000.0 575929000.0 -2.74 4.167 [-2.74]
70794600000000.0 9121170000000000.0 62128500000.0 179895000000.0 4672900000.0 22114300000.0 38526500000.0 32651400.0 1698110000.0 246746000000.0 3191080.0 0.0 123259000.0 4880460000.0 21178400000.0 3220680000.0 496356000.0 -2.72 4.164 [-2.72]
70794600000000.0 8675260000000000.0 61311200000.0 169357000000.0 4095740000.0 22208500000.0 35611900000.0 27445900.0 1788180000.0 227104000000.0 2475730.0 0.0 119997000.0 4883870000.0 20092600000.0 2928020000.0 427523000.0 -2.7 4.161 [-2.7]
70794600000000.0 8251640000000000.0 60477900000.0 159357000000.0 3585960000.0 22269200000.0 32855400000.0 23040300.0 1879350000.0 208587000000.0 1916220.0 0.0 116756000.0 4885730000.0 19048000000.0 2658590000.0 368017000.0 -2.68 4.158 [-2.68]
70794600000000.0 7849200000000000.0 59629100000.0 149875000000.0 3136280000.0 22295300000.0 30254000000.0 19316100.0 1971280000.0 191179000000.0 1479720.0 0.0 113541000.0 4885840000.0 18043600000.0 2410920000.0 316609000.0 -2.66 4.155 [-2.66]
70794600000000.0 7465830000000000.0 58763000000.0 140864000000.0 2739300000.0 22284100000.0 27798800000.0 16165900.0 2063780000.0 174824000000.0 1139480.0 0.0 110346000.0 4884110000.0 17076000000.0 2183060000.0 272141000.0 -2.64 4.152 [-2.64]
70794600000000.0 7102600000000000.0 57885000000.0 132351000000.0 2390780000.0 22237500000.0 25497200000.0 13515200.0 2156240000.0 159567000000.0 875902.0 0.0 107194000.0 4880210000.0 16150000000.0 1974760000.0 233852000.0 -2.62 4.149 [-2.62]
70794600000000.0 6757470000000000.0 56993600000.0 124292000000.0 2084500000.0 22153800000.0 23339600000.0 11283100.0 2248440000.0 145343000000.0 671808.0 0.0 104078000.0 4874050000.0 15261900000.0 1784140000.0 200835000.0 -2.6 4.146 [-2.6]
70794600000000.0 6429540000000000.0 56089400000.0 116666000000.0 1815650000.0 22032800000.0 21321900000.0 9405960.0 2340060000.0 132119000000.0 514155.0 0.0 101003000.0 4865460000.0 14410800000.0 1609970000.0 172380000.0 -2.58 4.144 [-2.58]
70794600000000.0 6117940000000000.0 55173300000.0 109454000000.0 1579930000.0 21874800000.0 19439700000.0 7829650.0 2430750000.0 119858000000.0 392670.0 0.0 97970200.0 4854280000.0 13596000000.0 1451050000.0 147872000.0 -2.56 4.141 [-2.56]
70794600000000.0 5821820000000000.0 54246000000.0 102638000000.0 1373510000.0 21680400000.0 17688400000.0 6507920.0 2520210000.0 108522000000.0 299278.0 0.0 94983900.0 4840380000.0 12816500000.0 1306270000.0 126777000.0 -2.54 4.138 [-2.54]
70794600000000.0 5541220000000000.0 53311400000.0 96217500000.0 1193330000.0 21452300000.0 16066600000.0 5403380.0 2608000000.0 98091500000.0 227765.0 0.0 92054700.0 4823640000.0 12073700000.0 1174880000.0 108664000.0 -2.52 4.135 [-2.52]
70794600000000.0 5273760000000000.0 52364600000.0 90137800000.0 1035520000.0 21188500000.0 14561800000.0 4478020.0 2694100000.0 88478600000.0 172924.0 0.0 89167700.0 4803940000.0 11362100000.0 1055210000.0 93057300.0 -2.5 4.133 [-2.5]
