Cloudy_runs/component_III_1d_rebinned/component_III_1d_rebinned_col_density_param.txt
# %ECSV 1.0
# ---
# datatype:
# - {name: H, datatype: float64}
# - {name: H+, datatype: float64}
# - {name: C+2, datatype: float64}
# - {name: C+3, datatype: float64}
# - {name: O+6, datatype: float64}
# - {name: Si+2, datatype: float64}
# - {name: Si+3, datatype: float64}
# - {name: log_nH, datatype: float64}
# - {name: parameters, datatype: string, subtype: 'float64[1]'}
# schema: astropy-2.0
H H+ C+2 C+3 O+6 Si+2 Si+3 log_nH parameters
1.25892e+16 1.33573e+21 51403300000000.0 417947000000000.0 3.77064e+16 2379720000.0 22709300000.0 -5.0 [-5.0]
1.25892e+16 1.26041e+21 55443700000000.0 433053000000000.0 3.49791e+16 2840570000.0 26182400000.0 -4.98 [-4.98]
1.25892e+16 1.18968e+21 59696700000000.0 447987000000000.0 3.24011e+16 3383230000.0 30124600000.0 -4.96 [-4.96]
1.25892e+16 1.12331e+21 64173900000000.0 462778000000000.0 2.99699e+16 4021660000.0 34597700000.0 -4.94 [-4.94]
1.25892e+16 1.06097e+21 68876100000000.0 477353000000000.0 2.76796e+16 4771030000.0 39660300000.0 -4.92 [-4.92]
1.25892e+16 1.00238e+21 73808200000000.0 491683000000000.0 2.55257e+16 5648970000.0 45379700000.0 -4.9 [-4.9]
1.25892e+16 9.4729e+20 78974600000000.0 505735000000000.0 2.35031e+16 6675650000.0 51828800000.0 -4.88 [-4.88]
1.25892e+16 8.95469e+20 84377300000000.0 519464000000000.0 2.16068e+16 7874140000.0 59087600000.0 -4.86 [-4.86]
1.25892e+16 8.46701e+20 90019500000000.0 532839000000000.0 1.9832e+16 9270800000.0 67243200000.0 -4.84 [-4.84]
1.25892e+16 8.00789e+20 95905600000000.0 545834000000000.0 1.81735e+16 10895500000.0 76390800000.0 -4.82 [-4.82]
0.0 0.0 0.0 0.0 0.0 0.0 0.0 -0.0 [-0.0]
1.25892e+16 7.16801e+20 108414000000000.0 570552000000000.0 1.51866e+16 14969500000.0 98080600000.0 -4.78 [-4.78]
1.25892e+16 6.78397e+20 115040000000000.0 582220000000000.0 1.38479e+16 17501000000.0 110855000000.0 -4.76 [-4.76]
0.0 0.0 0.0 0.0 0.0 0.0 0.0 -0.0 [-0.0]
1.25892e+16 6.07987e+20 129034000000000.0 604026000000000.0 1.14553e+16 23800300000.0 140913000000.0 -4.72 [-4.72]
1.25892e+16 5.75726e+20 136402000000000.0 614119000000000.0 1.03919e+16 27686500000.0 158487000000.0 -4.7 [-4.7]
1.25892e+16 5.4527e+20 144015000000000.0 623643000000000.0 9410770000000000.0 32154700000.0 177969000000.0 -4.68 [-4.68]
0.0 0.0 0.0 0.0 0.0 0.0 0.0 -0.0 [-0.0]
1.25892e+16 4.89346e+20 159972000000000.0 640897000000000.0 7677380000000000.0 43162300000.0 223345000000.0 -4.64 [-4.64]
1.25892e+16 4.63667e+20 168305000000000.0 648590000000000.0 6916000000000000.0 49888000000.0 249623000000.0 -4.62 [-4.62]
1.25892e+16 4.39389e+20 176865000000000.0 655630000000000.0 6218920000000000.0 57570800000.0 278565000000.0 -4.6 [-4.6]
1.25892e+16 4.1643e+20 185645000000000.0 661999000000000.0 5582350000000000.0 66331800000.0 310386000000.0 -4.58 [-4.58]
1.25892e+16 3.94706e+20 194633000000000.0 667680000000000.0 5001970000000000.0 76305900000.0 345326000000.0 -4.56 [-4.56]
1.25892e+16 3.74153e+20 203823000000000.0 672659000000000.0 4473990000000000.0 87642700000.0 383623000000.0 -4.54 [-4.54]
1.25892e+16 3.54699e+20 213200000000000.0 676919000000000.0 3994670000000000.0 100507000000.0 425534000000.0 -4.52 [-4.52]
1.25892e+16 3.36282e+20 222751000000000.0 680450000000000.0 3560330000000000.0 115081000000.0 471330000000.0 -4.5 [-4.5]
0.0 0.0 0.0 0.0 0.0 0.0 0.0 -0.0 [-0.0]
1.25892e+16 3.02323e+20 242308000000000.0 685271000000000.0 2813410000000000.0 150171000000.0 575708000000.0 -4.46 [-4.46]
1.25892e+16 2.86676e+20 252279000000000.0 686541000000000.0 2494340000000000.0 171146000000.0 634885000000.0 -4.44 [-4.44]
1.25892e+16 2.71851e+20 262350000000000.0 687039000000000.0 2207610000000000.0 194745000000.0 699129000000.0 -4.42 [-4.42]
1.25892e+16 2.57805e+20 272499000000000.0 686756000000000.0 1950390000000000.0 221254000000.0 768757000000.0 -4.4 [-4.4]
1.25892e+16 2.44493e+20 282702000000000.0 685689000000000.0 1720210000000000.0 250976000000.0 844095000000.0 -4.38 [-4.38]
1.25892e+16 2.3188e+20 292937000000000.0 683835000000000.0 1514600000000000.0 284247000000.0 925464000000.0 -4.36 [-4.36]
1.25892e+16 2.19922e+20 303168000000000.0 681190000000000.0 1331250000000000.0 321420000000.0 1013220000000.0 -4.34 [-4.34]
0.0 0.0 0.0 0.0 0.0 0.0 0.0 -0.0 [-0.0]
1.25892e+16 1.97847e+20 323519000000000.0 673531000000000.0 1023240000000000.0 409043000000.0 1209140000000.0 -4.3 [-4.3]
1.25892e+16 1.87665e+20 333576000000000.0 668525000000000.0 894862000000000.0 460346000000.0 1317970000000.0 -4.28 [-4.28]
0.0 0.0 0.0 0.0 0.0 0.0 0.0 -0.0 [-0.0]
1.25892e+16 1.68865e+20 353291000000000.0 656184000000000.0 681090000000000.0 580280000000.0 1558910000000.0 -4.24 [-4.24]
1.25892e+16 1.6019e+20 362873000000000.0 648873000000000.0 592751000000000.0 649923000000.0 1691630000000.0 -4.22 [-4.22]
1.25892e+16 1.51967e+20 372228000000000.0 640819000000000.0 515054000000000.0 726748000000.0 1832870000000.0 -4.2 [-4.2]
1.25892e+16 1.44172e+20 381316000000000.0 632037000000000.0 446807000000000.0 811323000000.0 1982840000000.0 -4.18 [-4.18]
0.0 0.0 0.0 0.0 0.0 0.0 0.0 -0.0 [-0.0]
1.25892e+16 1.29777e+20 398552000000000.0 612376000000000.0 334644000000000.0 1006180000000.0 2309820000000.0 -4.14 [-4.14]
1.25892e+16 1.23136e+20 406627000000000.0 601548000000000.0 288935000000000.0 1117740000000.0 2487130000000.0 -4.12 [-4.12]
1.25892e+16 1.1684e+20 414294000000000.0 590088000000000.0 249082000000000.0 1239600000000.0 2673750000000.0 -4.1 [-4.1]
1.25892e+16 1.10872e+20 421512000000000.0 578027000000000.0 214391000000000.0 1372440000000.0 2869750000000.0 -4.08 [-4.08]
0.0 0.0 0.0 0.0 0.0 0.0 0.0 -0.0 [-0.0]
1.25892e+16 9.98494e+19 434471000000000.0 552242000000000.0 158118000000000.0 1673800000000.0 3289630000000.0 -4.04 [-4.04]
1.25892e+16 9.4764e+19 440149000000000.0 538594000000000.0 135489000000000.0 1843690000000.0 3513250000000.0 -4.02 [-4.02]
1.25892e+16 8.99422e+19 445258000000000.0 524505000000000.0 115928000000000.0 2027290000000.0 3745670000000.0 -4.0 [-4.0]
1.25892e+16 8.53693e+19 449758000000000.0 510016000000000.0 99046900000000.0 2225220000000.0 3986630000000.0 -3.98 [-3.98]
1.25892e+16 8.10335e+19 453639000000000.0 495159000000000.0 84506600000000.0 2438130000000.0 4235520000000.0 -3.96 [-3.96]
1.25892e+16 7.69224e+19 456874000000000.0 479990000000000.0 72004400000000.0 2666590000000.0 4491910000000.0 -3.94 [-3.94]
1.25892e+16 7.30244e+19 459447000000000.0 464563000000000.0 61270600000000.0 2911140000000.0 4755200000000.0 -3.92 [-3.92]
1.25892e+16 6.93279e+19 461344000000000.0 448924000000000.0 52068500000000.0 3172230000000.0 5024640000000.0 -3.9 [-3.9]
1.25892e+16 6.58227e+19 462553000000000.0 433126000000000.0 44191500000000.0 3450220000000.0 5299370000000.0 -3.88 [-3.88]
1.25892e+16 6.24981e+19 463076000000000.0 417226000000000.0 37457800000000.0 3745380000000.0 5578470000000.0 -3.86 [-3.86]
1.25892e+16 5.93451e+19 462902000000000.0 401267000000000.0 31711000000000.0 4057860000000.0 5860790000000.0 -3.84 [-3.84]
1.25892e+16 5.63544e+19 462033000000000.0 385301000000000.0 26815100000000.0 4387690000000.0 6145140000000.0 -3.82 [-3.82]
1.25892e+16 5.35171e+19 460468000000000.0 369375000000000.0 22648800000000.0 4734650000000.0 6430270000000.0 -3.8 [-3.8]
1.25892e+16 5.08252e+19 458227000000000.0 353544000000000.0 19107900000000.0 5098450000000.0 6714690000000.0 -3.78 [-3.78]
1.25892e+16 4.8271e+19 455312000000000.0 337847000000000.0 16102100000000.0 5478570000000.0 6996880000000.0 -3.76 [-3.76]
1.25892e+16 4.58472e+19 451746000000000.0 322332000000000.0 13553600000000.0 5874240000000.0 7275200000000.0 -3.74 [-3.74]
1.25892e+16 4.35469e+19 447547000000000.0 307041000000000.0 11395200000000.0 6284480000000.0 7547900000000.0 -3.72 [-3.72]
1.25892e+16 4.13636e+19 442736000000000.0 292011000000000.0 9569270000000.0 6708040000000.0 7813170000000.0 -3.7 [-3.7]
1.25892e+16 3.92911e+19 437342000000000.0 277281000000000.0 8026510000000.0 7143440000000.0 8069090000000.0 -3.68 [-3.68]
1.25892e+16 3.73235e+19 431396000000000.0 262882000000000.0 6724450000000.0 7588920000000.0 8313750000000.0 -3.66 [-3.66]
1.25892e+16 3.54554e+19 424928000000000.0 248846000000000.0 5626810000000.0 8042440000000.0 8545180000000.0 -3.64 [-3.64]
1.25892e+16 3.36815e+19 417971000000000.0 235197000000000.0 4702530000000.0 8501660000000.0 8761440000000.0 -3.62 [-3.62]
1.25892e+16 3.1997e+19 410561000000000.0 221959000000000.0 3925170000000.0 8964030000000.0 8960580000000.0 -3.6 [-3.6]
1.25892e+16 3.03977e+19 402744000000000.0 209151000000000.0 3272270000000.0 9426960000000.0 9140580000000.0 -3.58 [-3.58]
1.25892e+16 2.88781e+19 394540000000000.0 196788000000000.0 2724330000000.0 9887010000000.0 9299930000000.0 -3.56 [-3.56]
1.25892e+16 2.74348e+19 385999000000000.0 184885000000000.0 2265150000000.0 10341200000000.0 9436830000000.0 -3.54 [-3.54]
1.25892e+16 2.60637e+19 377161000000000.0 173450000000000.0 1880820000000.0 10786100000000.0 9549780000000.0 -3.52 [-3.52]
1.25892e+16 2.47613e+19 368068000000000.0 162490000000000.0 1559550000000.0 11218500000000.0 9637430000000.0 -3.5 [-3.5]
1.25892e+16 2.3524e+19 358756000000000.0 152008000000000.0 1291340000000.0 11634700000000.0 9698730000000.0 -3.48 [-3.48]
1.25892e+16 2.23484e+19 349262000000000.0 142004000000000.0 1067720000000.0 12031400000000.0 9732810000000.0 -3.46 [-3.46]
1.25892e+16 2.12316e+19 339626000000000.0 132476000000000.0 881539000000.0 12405200000000.0 9739130000000.0 -3.44 [-3.44]
1.25892e+16 2.01706e+19 329886000000000.0 123420000000000.0 726732000000.0 12753000000000.0 9717420000000.0 -3.42 [-3.42]
1.25892e+16 1.91633e+19 320094000000000.0 114832000000000.0 598265000000.0 13072500000000.0 9667410000000.0 -3.4 [-3.4]
1.25892e+16 1.82056e+19 310250000000000.0 106700000000000.0 491691000000.0 13359700000000.0 9590080000000.0 -3.38 [-3.38]
1.25892e+16 1.72956e+19 300403000000000.0 99015600000000.0 403463000000.0 13612900000000.0 9485800000000.0 -3.36 [-3.36]
1.25892e+16 1.6431e+19 290583000000000.0 91768800000000.0 330538000000.0 13830100000000.0 9355630000000.0 -3.34 [-3.34]
1.25892e+16 1.56096e+19 280819000000000.0 84944700000000.0 270348000000.0 14009900000000.0 9200640000000.0 -3.32 [-3.32]
1.25892e+16 1.48293e+19 271136000000000.0 78529400000000.0 220749000000.0 14151600000000.0 9022290000000.0 -3.3 [-3.3]
1.25892e+16 1.4088e+19 261555000000000.0 72510200000000.0 179947000000.0 14254000000000.0 8822570000000.0 -3.28 [-3.28]
1.25892e+16 1.33837e+19 252099000000000.0 66870800000000.0 146435000000.0 14317200000000.0 8603300000000.0 -3.26 [-3.26]
1.25892e+16 1.27146e+19 242784000000000.0 61595400000000.0 118957000000.0 14341500000000.0 8366570000000.0 -3.24 [-3.24]
1.25892e+16 1.2079e+19 233628000000000.0 56668600000000.0 96464100000.0 14327700000000.0 8114570000000.0 -3.22 [-3.22]
1.25892e+16 1.14751e+19 224644000000000.0 52073200000000.0 78084200000.0 14276800000000.0 7849540000000.0 -3.2 [-3.2]
1.25892e+16 1.09014e+19 215846000000000.0 47793600000000.0 63091800000.0 14190300000000.0 7573750000000.0 -3.18 [-3.18]
1.25892e+16 1.03566e+19 207245000000000.0 43814700000000.0 50885900000.0 14070100000000.0 7289560000000.0 -3.16 [-3.16]
1.25892e+16 9.83886e+18 198847000000000.0 40118600000000.0 40964500000.0 13918200000000.0 6998960000000.0 -3.14 [-3.14]
0.0 0.0 0.0 0.0 0.0 0.0 0.0 -0.0 [-0.0]
1.25892e+16 8.87818e+18 182654000000000.0 33512700000000.0 26383700000.0 13524600000000.0 6407910000000.0 -3.1 [-3.1]
1.25892e+16 8.43518e+18 174923000000000.0 30577700000000.0 21124800000.0 13293500000000.0 6110250000000.0 -3.08 [-3.08]
1.25892e+16 8.01376e+18 167403000000000.0 27865700000000.0 16878500000.0 13039000000000.0 5814280000000.0 -3.06 [-3.06]
1.25892e+16 7.61347e+18 160110000000000.0 25364000000000.0 13459900000.0 12765200000000.0 5521270000000.0 -3.04 [-3.04]
1.25892e+16 7.23378e+18 153055000000000.0 23060900000000.0 10715700000.0 12475700000000.0 5232660000000.0 -3.02 [-3.02]
1.25892e+16 6.87223e+18 146209000000000.0 20939900000000.0 8511240000.0 12169800000000.0 4949790000000.0 -3.0 [-3.0]
1.25892e+16 6.52913e+18 139596000000000.0 18991300000000.0 6748180000.0 11852900000000.0 4673410000000.0 -2.98 [-2.98]
1.25893e+16 6.2032e+18 133209000000000.0 17203100000000.0 5339920000.0 11526300000000.0 4404580000000.0 -2.96 [-2.96]
1.25892e+16 5.89364e+18 127044000000000.0 15564400000000.0 4217480000.0 11192400000000.0 4143990000000.0 -2.94 [-2.94]
1.25892e+16 5.59962e+18 121101000000000.0 14064500000000.0 3324550000.0 10852900000000.0 3892350000000.0 -2.92 [-2.92]
1.25892e+16 5.32038e+18 115375000000000.0 12693600000000.0 2615680000.0 10509900000000.0 3650030000000.0 -2.9 [-2.9]
0.0 0.0 0.0 0.0 0.0 0.0 0.0 -0.0 [-0.0]
1.25892e+16 4.80295e+18 104553000000000.0 10300700000000.0 1609600000.0 9818700000000.0 3194900000000.0 -2.86 [-2.86]
1.25892e+16 4.56362e+18 99454900000000.0 9261800000000.0 1259110000.0 9474170000000.0 2982290000000.0 -2.84 [-2.84]
1.25892e+16 4.33637e+18 94558600000000.0 8317380000000.0 983131000.0 9132050000000.0 2779750000000.0 -2.82 [-2.82]
1.25892e+16 4.12053e+18 89858100000000.0 7459880000000.0 766204000.0 8793200000000.0 2587270000000.0 -2.8 [-2.8]
1.25892e+16 3.91551e+18 85348500000000.0 6682340000000.0 596026000.0 8458550000000.0 2404760000000.0 -2.78 [-2.78]
1.25892e+16 3.72079e+18 81025300000000.0 5978310000000.0 462795000.0 8128970000000.0 2232050000000.0 -2.76 [-2.76]
1.25892e+16 3.53586e+18 76883500000000.0 5341730000000.0 358696000.0 7805190000000.0 2068950000000.0 -2.74 [-2.74]
1.25892e+16 3.36019e+18 72916800000000.0 4766870000000.0 277504000.0 7487660000000.0 1915200000000.0 -2.72 [-2.72]
1.25892e+16 3.19345e+18 69123600000000.0 4248810000000.0 214331000.0 7177240000000.0 1770620000000.0 -2.7 [-2.7]
1.25892e+16 3.03511e+18 65496400000000.0 3782350000000.0 165253000.0 6874100000000.0 1634820000000.0 -2.68 [-2.68]
0.0 0.0 0.0 0.0 0.0 0.0 0.0 -0.0 [-0.0]
1.25892e+16 2.7419e+18 58718000000000.0 2986230000000.0 97735200.0 6290800000000.0 1388290000000.0 -2.64 [-2.64]
1.25892e+16 2.60624e+18 55556100000000.0 2648480000000.0 74973800.0 6011020000000.0 1276880000000.0 -2.62 [-2.62]
1.25892e+16 2.47741e+18 52539500000000.0 2346070000000.0 57420700.0 5739410000000.0 1172920000000.0 -2.6 [-2.6]
1.25892e+16 2.35503e+18 49662400000000.0 2075640000000.0 43906500.0 5475960000000.0 1076060000000.0 -2.58 [-2.58]
1.25892e+16 2.23881e+18 46920600000000.0 1834190000000.0 33521400.0 5220800000000.0 985950000000.0 -2.56 [-2.56]
1.25892e+16 2.12836e+18 44307300000000.0 1618820000000.0 25551600.0 4973650000000.0 902244000000.0 -2.54 [-2.54]
1.25892e+16 2.02354e+18 41821100000000.0 1427110000000.0 19450400.0 4735000000000.0 824606000000.0 -2.52 [-2.52]
1.25892e+16 1.92399e+18 39455900000000.0 1256660000000.0 0.0 4504600000000.0 752702000000.0 -2.5 [-2.5]
0.0 0.0 0.0 0.0 0.0 0.0 0.0 -0.0 [-0.0]
1.25892e+16 1.73956e+18 35066800000000.0 970965000000.0 0.0 4067650000000.0 624796000000.0 -2.46 [-2.46]
1.25892e+16 1.65422e+18 33034900000000.0 852030000000.0 0.0 3861030000000.0 568173000000.0 -2.44 [-2.44]
0.0 0.0 0.0 0.0 0.0 0.0 0.0 -0.0 [-0.0]
1.25892e+16 1.49614e+18 29274700000000.0 653900000000.0 0.0 3470840000000.0 468105000000.0 -2.4 [-2.4]
1.25892e+16 1.42303e+18 27539100000000.0 571947000000.0 0.0 3287220000000.0 424105000000.0 -2.38 [-2.38]
1.25892e+16 1.3535e+18 25892200000000.0 499688000000.0 0.0 3110570000000.0 383758000000.0 -2.36 [-2.36]
1.25892e+16 1.28747e+18 24332600000000.0 436123000000.0 0.0 2941230000000.0 346831000000.0 -2.34 [-2.34]
1.25892e+16 1.22474e+18 22855700000000.0 380250000000.0 0.0 2778870000000.0 313077000000.0 -2.32 [-2.32]
1.25892e+16 1.16514e+18 21457900000000.0 331203000000.0 0.0 2623340000000.0 282268000000.0 -2.3 [-2.3]
1.25892e+16 1.10854e+18 20136300000000.0 288208000000.0 0.0 2474590000000.0 254194000000.0 -2.28 [-2.28]
1.25892e+16 1.05474e+18 18886600000000.0 250547000000.0 0.0 2332300000000.0 228641000000.0 -2.26 [-2.26]
1.25892e+16 1.00361e+18 17705500000000.0 217595000000.0 0.0 2196280000000.0 205417000000.0 -2.24 [-2.24]
1.25892e+16 9.55027e+17 16590300000000.0 188802000000.0 0.0 2066460000000.0 184341000000.0 -2.22 [-2.22]
1.25892e+16 9.08859e+17 15537800000000.0 163672000000.0 0.0 1942650000000.0 165243000000.0 -2.2 [-2.2]
1.25892e+16 8.64981e+17 14544900000000.0 141760000000.0 0.0 1824660000000.0 147960000000.0 -2.18 [-2.18]
1.25892e+16 8.2328e+17 13608900000000.0 122677000000.0 0.0 1712340000000.0 132342000000.0 -2.16 [-2.16]
1.25892e+16 7.8366e+17 12727300000000.0 106077000000.0 0.0 1605590000000.0 118250000000.0 -2.14 [-2.14]
1.25893e+16 7.45985e+17 11896700000000.0 91645500000.0 0.0 1504090000000.0 105548000000.0 -2.12 [-2.12]
