Cloudy_runs/pks0405/z=0.167125/component_I_PI_nH/component_I_PI_nH_col_density_param.txt
# %ECSV 1.0
# ---
# datatype:
# - {name: H, datatype: float64}
# - {name: H+, datatype: float64}
# - {name: C+, datatype: float64}
# - {name: C+2, datatype: float64}
# - {name: C+3, datatype: float64}
# - {name: N+, datatype: float64}
# - {name: N+2, datatype: float64}
# - {name: N+4, datatype: float64}
# - {name: O, datatype: float64}
# - {name: O+2, datatype: float64}
# - {name: O+5, datatype: float64}
# - {name: O+6, datatype: float64}
# - {name: P+, datatype: float64}
# - {name: Si+, datatype: float64}
# - {name: Si+2, datatype: float64}
# - {name: Si+3, datatype: float64}
# - {name: Si+4, datatype: float64}
# - {name: log_nH, datatype: float64}
# - {name: log_Te, datatype: float64}
# - {name: parameters, datatype: string, subtype: 'float64[1]'}
# schema: astropy-2.0
H H+ C+ C+2 C+3 N+ N+2 N+4 O O+2 O+5 O+6 P+ Si+ Si+2 Si+3 Si+4 log_nH log_Te parameters
12302700000000.0 5.86853e+17 567772000.0 99391700000.0 446676000000.0 40544400.0 15155200000.0 474980000000.0 2600.35 38706000000.0 6474180000000.0 12821500000000.0 18747.5 282739.0 15827000.0 88351000.0 12037400000.0 -5.0 4.577 [-5.0]
12302700000000.0 5.55263e+17 618415000.0 105442000000.0 455787000000.0 44423500.0 16208700000.0 471908000000.0 2911.85 41600400000.0 6213120000000.0 11695900000000.0 22237.4 338589.0 18510000.0 99907600.0 12885900000.0 -4.98 4.571 [-4.98]
12302700000000.0 5.25483e+17 672816000.0 111717000000.0 464512000000.0 48642500.0 17319100000.0 468169000000.0 3260.89 44662200000.0 5950050000000.0 10649700000000.0 26330.2 404641.0 21611000.0 112790000.0 13773700000.0 -4.96 4.567 [-4.96]
12302700000000.0 4.97399e+17 731194000.0 118215000000.0 472833000000.0 53225400.0 18487500000.0 463770000000.0 3651.77 47893900000.0 5686030000000.0 9679310000000.0 31121.4 482602.0 25189100.0 127126000.0 14700800000.0 -4.94 4.562 [-4.94]
12302700000000.0 4.70902e+17 793776000.0 124937000000.0 480731000000.0 58197500.0 19714800000.0 458720000000.0 4089.29 51297600000.0 5422120000000.0 8780960000000.0 36720.6 574433.0 29311100.0 143055000.0 15667100000.0 -4.92 4.557 [-4.92]
12302700000000.0 4.45896e+17 860787000.0 131878000000.0 488187000000.0 63583700.0 21001400000.0 453031000000.0 4578.67 54874100000.0 5159390000000.0 7951030000000.0 43251.7 682374.0 34051200.0 160722000.0 16672200000.0 -4.9 4.552 [-4.9]
12302700000000.0 4.22285e+17 932477000.0 139039000000.0 495188000000.0 69411500.0 22347800000.0 446716000000.0 5125.87 58624300000.0 4898750000000.0 7185820000000.0 50858.0 809023.0 39494200.0 180289000.0 17715800000.0 -4.88 4.548 [-4.88]
12302700000000.0 3.99984e+17 1009080000.0 146415000000.0 501716000000.0 75706300.0 23753600000.0 439791000000.0 5737.26 62547000000.0 4641210000000.0 6481800000000.0 59699.5 957310.0 45733500.0 201923000.0 18797100000.0 -4.86 4.543 [-4.86]
12302700000000.0 3.78923e+17 1090920000.0 154004000000.0 507755000000.0 82503300.0 25219500000.0 432276000000.0 6421.06 66644200000.0 4387670000000.0 5835650000000.0 69964.8 1130600.0 52873800.0 225797000.0 19914900000.0 -4.84 4.539 [-4.84]
12302700000000.0 3.59021e+17 1178200000.0 161800000000.0 513292000000.0 89824400.0 26743800000.0 424192000000.0 7184.66 70911000000.0 4138950000000.0 5243790000000.0 81857.7 1332700.0 61031800.0 252105000.0 21068300000.0 -4.82 4.534 [-4.82]
12302700000000.0 3.40205e+17 1271140000.0 169793000000.0 518313000000.0 97691700.0 28324400000.0 415562000000.0 8036.29 75341900000.0 3895840000000.0 4702800000000.0 95607.5 1567920.0 70337400.0 281053000.0 22255800000.0 -4.8 4.53 [-4.8]
12302700000000.0 3.2241e+17 1370000000.0 177977000000.0 522806000000.0 106132000.0 29959300000.0 406413000000.0 8985.8 79933000000.0 3659030000000.0 4209390000000.0 111477.0 1841120.0 80934900.0 312855000.0 23475800000.0 -4.78 4.526 [-4.78]
12302700000000.0 3.05577e+17 1474980000.0 186341000000.0 526757000000.0 115166000.0 31645800000.0 396775000000.0 10043.5 84677300000.0 3429180000000.0 3760420000000.0 129753.0 2157790.0 92982800.0 347738000.0 24726300000.0 -4.76 4.522 [-4.76]
12302700000000.0 2.89649e+17 1586350000.0 194875000000.0 530156000000.0 124819000.0 33380900000.0 386680000000.0 11221.5 89569300000.0 3206830000000.0 3352790000000.0 150767.0 2524120.0 106658000.0 385937000.0 26005000000.0 -4.74 4.517 [-4.74]
12302700000000.0 2.74573e+17 1704280000.0 203564000000.0 532990000000.0 135107000.0 35160300000.0 376165000000.0 12532.3 94599600000.0 2992450000000.0 2983540000000.0 174874.0 2946960.0 122153000.0 427706000.0 27309600000.0 -4.72 4.513 [-4.72]
12302700000000.0 2.60303e+17 1829060000.0 212397000000.0 535249000000.0 146057000.0 36980800000.0 365266000000.0 13991.5 99762800000.0 2786440000000.0 2649840000000.0 202488.0 3434100.0 139681000.0 473296000.0 28637000000.0 -4.7 4.509 [-4.7]
12302700000000.0 2.46792e+17 1960830000.0 221356000000.0 536925000000.0 157679000.0 38836700000.0 354024000000.0 15614.4 105047000000.0 2589130000000.0 2348950000000.0 234046.0 3994080.0 159475000.0 522983000.0 29984200000.0 -4.68 4.505 [-4.68]
12302700000000.0 2.33996e+17 2099780000.0 230425000000.0 538007000000.0 169988000.0 40722800000.0 342482000000.0 17419.2 110444000000.0 2400740000000.0 2078240000000.0 270043.0 4636470.0 181790000.0 577048000.0 31347800000.0 -4.66 4.501 [-4.66]
12302700000000.0 2.21874e+17 2245990000.0 239579000000.0 538486000000.0 182989000.0 42632600000.0 330682000000.0 19425.0 115941000000.0 2221420000000.0 1835240000000.0 311008.0 5371730.0 206902000.0 635784000.0 32724100000.0 -4.64 4.497 [-4.64]
12302700000000.0 2.1039e+17 2399670000.0 248801000000.0 538357000000.0 196696000.0 44560600000.0 318671000000.0 21655.2 121529000000.0 2051270000000.0 1617610000000.0 357546.0 6211610.0 235114000.0 699486000.0 34108900000.0 -4.62 4.493 [-4.62]
12302700000000.0 1.99508e+17 2560920000.0 258068000000.0 537613000000.0 211116000.0 46500100000.0 306496000000.0 24135.0 127197000000.0 1890290000000.0 1423140000000.0 410310.0 7168920.0 266754000.0 768458000.0 35498100000.0 -4.6 4.489 [-4.6]
12302700000000.0 1.89198e+17 2729860000.0 267355000000.0 536250000000.0 226252000.0 48444200000.0 294205000000.0 26893.0 132933000000.0 1738450000000.0 1249750000000.0 470012.0 8257710.0 302172000.0 843004000.0 36886900000.0 -4.58 4.485 [-4.58]
12302700000000.0 1.79427e+17 2906540000.0 276637000000.0 534264000000.0 242107000.0 50385900000.0 281845000000.0 29961.4 138726000000.0 1595650000000.0 1095500000000.0 537433.0 9493410.0 341752000.0 923435000.0 38270500000.0 -4.56 4.481 [-4.56]
12302700000000.0 1.70166e+17 3091080000.0 285888000000.0 531651000000.0 258685000.0 52318600000.0 269461000000.0 33377.6 144567000000.0 1461670000000.0 958557000000.0 613443.0 10893100.0 385909000.0 1010070000.0 39643800000.0 -4.54 4.477 [-4.54]
12302700000000.0 1.61391e+17 3283250000.0 295069000000.0 528414000000.0 275962000.0 54232600000.0 257109000000.0 37178.2 150436000000.0 1336430000000.0 837302000000.0 698857.0 12473900.0 435053000.0 1103190000.0 41000800000.0 -4.52 4.473 [-4.52]
12302700000000.0 1.53073e+17 3483300000.0 304161000000.0 524550000000.0 293958000.0 56123000000.0 244827000000.0 41414.3 156330000000.0 1219570000000.0 730107000000.0 794770.0 14256800.0 489679000.0 1203120000.0 42336600000.0 -4.5 4.47 [-4.5]
12302700000000.0 1.45187e+17 3691000000.0 313125000000.0 520063000000.0 312649000.0 57980900000.0 232660000000.0 46135.2 162233000000.0 1110850000000.0 635551000000.0 902198.0 16262400.0 550270000.0 1310160000.0 43645000000.0 -4.48 4.466 [-4.48]
12302700000000.0 1.37713e+17 3906320000.0 321931000000.0 514959000000.0 332033000.0 59799800000.0 220650000000.0 51401.1 168134000000.0 1009960000000.0 552318000000.0 1022310.0 18513800.0 617353000.0 1424570000.0 44920100000.0 -4.46 4.462 [-4.46]
12302700000000.0 1.30628e+17 4129110000.0 330544000000.0 509243000000.0 352099000.0 61572200000.0 208839000000.0 57278.8 174021000000.0 916576000000.0 479201000000.0 1156320.0 21035500.0 691478000.0 1546620000.0 46155700000.0 -4.44 4.458 [-4.44]
12302700000000.0 1.23912e+17 4359190000.0 338928000000.0 502925000000.0 372833000.0 63291400000.0 197262000000.0 63843.6 179883000000.0 830346000000.0 415095000000.0 1305540.0 23853600.0 773225000.0 1676560000.0 47345700000.0 -4.42 4.454 [-4.42]
12302700000000.0 1.17544e+17 4596500000.0 347053000000.0 496013000000.0 394240000.0 64951600000.0 185949000000.0 71185.1 185710000000.0 750889000000.0 358983000000.0 1471450.0 26997300.0 863226000.0 1814630000.0 48483800000.0 -4.4 4.45 [-4.4]
12302700000000.0 1.11511e+17 4840340000.0 354871000000.0 488529000000.0 416266000.0 66544200000.0 174942000000.0 79389.8 191485000000.0 677914000000.0 310003000000.0 1655280.0 30492000.0 962024000.0 1960930000.0 49563200000.0 -4.38 4.447 [-4.38]
12302700000000.0 1.05789e+17 5090740000.0 362355000000.0 480480000000.0 438929000.0 68065300000.0 164257000000.0 88576.3 197201000000.0 610975000000.0 267286000000.0 1858790.0 34372400.0 1070350000.0 2115710000.0 50578200000.0 -4.36 4.443 [-4.36]
12302700000000.0 1.00365e+17 5347300000.0 369468000000.0 471888000000.0 462211000.0 69509100000.0 153921000000.0 98866.7 202846000000.0 549733000000.0 230114000000.0 2083540.0 38669900.0 1188850000.0 2279020000.0 51522400000.0 -4.34 4.439 [-4.34]
12302700000000.0 9.52241e+16 5609610000.0 376176000000.0 462776000000.0 486098000.0 70870700000.0 143954000000.0 110401.0 208410000000.0 493823000000.0 197822000000.0 2331220.0 43418500.0 1318180000.0 2450940000.0 52389600000.0 -4.32 4.435 [-4.32]
12302700000000.0 9.03502e+16 5877210000.0 382443000000.0 453167000000.0 510576000.0 72145300000.0 134372000000.0 123339.0 213881000000.0 442887000000.0 169819000000.0 2603570.0 48653200.0 1459050000.0 2631460000.0 53174000000.0 -4.3 4.432 [-4.3]
12302700000000.0 8.57297e+16 6149600000.0 388237000000.0 443088000000.0 535631000.0 73329000000.0 125188000000.0 137858.0 219250000000.0 396580000000.0 145576000000.0 2902380.0 54410200.0 1612130000.0 2820520000.0 53869900000.0 -4.28 4.428 [-4.28]
12302700000000.0 8.13496e+16 6426260000.0 393527000000.0 432568000000.0 561251000.0 74418300000.0 116410000000.0 154161.0 224504000000.0 354565000000.0 124621000000.0 3229460.0 60726700.0 1778090000.0 3018000000.0 54471800000.0 -4.26 4.424 [-4.26]
12302700000000.0 7.71971e+16 6706580000.0 398283000000.0 421639000000.0 587425000.0 75410000000.0 108045000000.0 172478.0 229635000000.0 316518000000.0 106539000000.0 3586650.0 67640400.0 1957620000.0 3223680000.0 54974600000.0 -4.24 4.421 [-4.24]
12302700000000.0 7.32583e+16 6990030000.0 402478000000.0 410329000000.0 614147000.0 76301600000.0 100091000000.0 193073.0 234634000000.0 282114000000.0 90951800000.0 3975880.0 75192800.0 2151390000.0 3437370000.0 55373700000.0 -4.22 4.417 [-4.22]
12302700000000.0 6.95263e+16 7275810000.0 406088000000.0 398687000000.0 641394000.0 77090900000.0 92556500000.0 216221.0 239488000000.0 251094000000.0 77550000000.0 4398660.0 83414600.0 2359890000.0 3658510000.0 55664500000.0 -4.2 4.414 [-4.2]
12302700000000.0 6.59879e+16 7563160000.0 409089000000.0 386746000000.0 669153000.0 77776100000.0 85434600000.0 242253.0 244189000000.0 223161000000.0 66037700000.0 4856710.0 92345600.0 2583710000.0 3886730000.0 55843500000.0 -4.18 4.41 [-4.18]
12302700000000.0 6.2633e+16 7851410000.0 411465000000.0 374546000000.0 697418000.0 78356000000.0 78719800000.0 271540.0 248726000000.0 198052000000.0 56162900000.0 5351650.0 102022000.0 2823340000.0 4121460000.0 55907300000.0 -4.16 4.406 [-4.16]
12302700000000.0 5.94538e+16 8139750000.0 413203000000.0 362136000000.0 726173000.0 78830300000.0 72408200000.0 304478.0 253091000000.0 175533000000.0 47709200000.0 5884680.0 112473000.0 3079090000.0 4361900000.0 55853500000.0 -4.14 4.403 [-4.14]
12302700000000.0 5.64375e+16 8427500000.0 414288000000.0 349543000000.0 755420000.0 79198300000.0 66483800000.0 341560.0 257277000000.0 155348000000.0 40474000000.0 6457400.0 123739000.0 3351450000.0 4607460000.0 55679500000.0 -4.12 4.399 [-4.12]
12302700000000.0 5.35769e+16 8713680000.0 414714000000.0 336820000000.0 785136000.0 79459900000.0 60938900000.0 383292.0 261273000000.0 137296000000.0 34293600000.0 7070490.0 135845000.0 3640500000.0 4857140000.0 55384100000.0 -4.1 4.396 [-4.1]
12302700000000.0 5.08641e+16 8997520000.0 414477000000.0 324009000000.0 815314000.0 79615800000.0 55761600000.0 430259.0 265071000000.0 121177000000.0 29021400000.0 7724650.0 148814000.0 3946300000.0 5109920000.0 54966600000.0 -4.08 4.392 [-4.08]
12302700000000.0 4.82913e+16 9278210000.0 413580000000.0 311155000000.0 845946000.0 79666800000.0 50938400000.0 483116.0 268663000000.0 106807000000.0 24529800000.0 8420180.0 162666000.0 4268750000.0 5364640000.0 54427000000.0 -4.06 4.389 [-4.06]
12302700000000.0 4.58511e+16 9554990000.0 412029000000.0 298301000000.0 877026000.0 79614300000.0 46455200000.0 542596.0 272042000000.0 94016000000.0 20708300000.0 9157070.0 177415000.0 4607580000.0 5620020000.0 53766200000.0 -4.04 4.386 [-4.04]
12302700000000.0 4.35363e+16 9826920000.0 409832000000.0 285490000000.0 908536000.0 79459600000.0 42297000000.0 609520.0 275199000000.0 82647600000.0 17460800000.0 9934650.0 193067000.0 4962300000.0 5874700000.0 52985800000.0 -4.02 4.382 [-4.02]
12302700000000.0 4.13404e+16 10093200000.0 407001000000.0 272763000000.0 940464000.0 79204500000.0 38448500000.0 684803.0 278126000000.0 72558600000.0 14704600000.0 10751800.0 209620000.0 5332200000.0 6127190000.0 52088300000.0 -4.0 4.379 [-4.0]
12302700000000.0 3.92569e+16 10353000000.0 403554000000.0 260160000000.0 972799000.0 78851100000.0 34893800000.0 769470.0 280817000000.0 63617800000.0 12368200000.0 11607000.0 227064000.0 5716360000.0 6375920000.0 51077000000.0 -3.98 4.375 [-3.98]
12302700000000.0 3.72799e+16 10605600000.0 399512000000.0 247719000000.0 1005530000.0 78401900000.0 31617400000.0 864664.0 283264000000.0 55705900000.0 10390200000.0 12498100.0 245378000.0 6113600000.0 6619190000.0 49956100000.0 -3.96 4.372 [-3.96]
12302700000000.0 3.54038e+16 10850200000.0 394899000000.0 235475000000.0 1038650000.0 77859400000.0 28603400000.0 971660.0 285460000000.0 48714400000.0 8717590000.0 13422200.0 264532000.0 6522450000.0 6855240000.0 48730600000.0 -3.94 4.369 [-3.94]
12302700000000.0 3.36233e+16 11086200000.0 389743000000.0 223463000000.0 1072140000.0 77226700000.0 25836300000.0 1091880.0 287398000000.0 42544700000.0 7304950000.0 14376200.0 284484000.0 6941210000.0 7082280000.0 47406700000.0 -3.92 4.365 [-3.92]
12302700000000.0 3.19317e+16 11313200000.0 384066000000.0 211701000000.0 1106020000.0 76505800000.0 23298300000.0 1227000.0 289072000000.0 37102800000.0 6112360000.0 15356800.0 305200000.0 7368080000.0 7298480000.0 45989400000.0 -3.9 4.362 [-3.9]
12302700000000.0 3.03275e+16 11530300000.0 377918000000.0 200239000000.0 1140250000.0 75702400000.0 20979300000.0 1378600.0 290477000000.0 32318400000.0 5108610000.0 16358600.0 326578000.0 7800420000.0 7501850000.0 44489600000.0 -3.88 4.359 [-3.88]
12302700000000.0 2.88047e+16 11737300000.0 371325000000.0 189090000000.0 1174830000.0 74818900000.0 18862300000.0 1548700.0 291606000000.0 28113500000.0 4264010000.0 17377200.0 348558000.0 8235900000.0 7690600000.0 42914100000.0 -3.86 4.355 [-3.86]
12302700000000.0 2.73589e+16 11933700000.0 364324000000.0 178276000000.0 1209770000.0 73859200000.0 16933100000.0 1739480.0 292454000000.0 24423000000.0 3554220000.0 18407300.0 371049000.0 8671720000.0 7862940000.0 41272100000.0 -3.84 4.352 [-3.84]
12302700000000.0 2.59861e+16 12119000000.0 356953000000.0 167815000000.0 1245060000.0 72827000000.0 15178300000.0 1953320.0 293015000000.0 21188200000.0 2958480000.0 19443400.0 393950000.0 9104910000.0 8017120000.0 39573200000.0 -3.82 4.349 [-3.82]
12302700000000.0 2.46825e+16 12293200000.0 349250000000.0 157722000000.0 1280690000.0 71726500000.0 13585100000.0 2192880.0 293285000000.0 18356600000.0 2459110000.0 20479700.0 417150000.0 9532300000.0 8151520000.0 37827800000.0 -3.8 4.345 [-3.8]
12302700000000.0 2.34445e+16 12456100000.0 341256000000.0 148008000000.0 1316690000.0 70562000000.0 12140900000.0 2461080.0 293260000000.0 15881300000.0 2041080000.0 21510200.0 440532000.0 9950620000.0 8264640000.0 36046600000.0 -3.78 4.342 [-3.78]
12302700000000.0 2.22703e+16 12607400000.0 333021000000.0 138694000000.0 1353020000.0 69339900000.0 10835700000.0 2760850.0 292939000000.0 13722800000.0 1691980000.0 22528200.0 463939000.0 10356400000.0 8355310000.0 34242700000.0 -3.76 4.339 [-3.76]
12302700000000.0 2.11538e+16 12747400000.0 324560000000.0 129763000000.0 1389750000.0 68060600000.0 9655390000.0 3096280.0 292313000000.0 11838800000.0 1400180000.0 23529500.0 487298000.0 10746400000.0 8422220000.0 32423000000.0 -3.74 4.336 [-3.74]
12302700000000.0 2.00919e+16 12876100000.0 315910000000.0 121219000000.0 1426890000.0 66728300000.0 8589810000.0 3471420.0 291378000000.0 10196600000.0 1156650000.0 24508400.0 510482000.0 11117400000.0 8464380000.0 30598200000.0 -3.72 4.332 [-3.72]
