Cloudy_runs/pks0405/z=0.167125/component_I_PI_nH/component_I_PI_nH_col_density_param.txt
# %ECSV 1.0
# ---
# datatype:
# - {name: H, datatype: float64}
# - {name: H+, datatype: float64}
# - {name: C+, datatype: float64}
# - {name: C+2, datatype: float64}
# - {name: C+3, datatype: float64}
# - {name: N+, datatype: float64}
# - {name: N+2, datatype: float64}
# - {name: N+4, datatype: float64}
# - {name: O, datatype: float64}
# - {name: O+2, datatype: float64}
# - {name: O+5, datatype: float64}
# - {name: O+6, datatype: float64}
# - {name: P+, datatype: float64}
# - {name: Si+, datatype: float64}
# - {name: Si+2, datatype: float64}
# - {name: Si+3, datatype: float64}
# - {name: Si+4, datatype: float64}
# - {name: log_nH, datatype: float64}
# - {name: log_Te, datatype: float64}
# - {name: parameters, datatype: string, subtype: 'float64[1]'}
# schema: astropy-2.0
H H+ C+ C+2 C+3 N+ N+2 N+4 O O+2 O+5 O+6 P+ Si+ Si+2 Si+3 Si+4 log_nH log_Te parameters
[from data line 133]
12302700000000.0 610688000000000.0 7703860000.0 8965460000.0 53998100.0 3123590000.0 1046920000.0 156560.0 575141000.0 6148450000.0 0.0 0.0 11725200.0 785305000.0 1155890000.0 72547200.0 4406590.0 -2.34 4.111 [-2.34]
12302700000000.0 581617000000000.0 7532570000.0 8362110000.0 46516700.0 3040960000.0 933868000.0 128142.0 585703000.0 5466690000.0 0.0 0.0 11317400.0 776735000.0 1078910000.0 64547700.0 3754980.0 -2.32 4.109 [-2.32]
12302700000000.0 553976000000000.0 7361530000.0 7795870000.0 40045800.0 2956710000.0 831876000.0 104765.0 595727000.0 4854760000.0 0.0 0.0 10920400.0 767631000.0 1006180000.0 57381600.0 3198190.0 -2.3 4.106 [-2.3]
12302700000000.0 527692000000000.0 7190920000.0 7264770000.0 34453300.0 2871270000.0 740055000.0 85562.3 605216000.0 4306500000.0 0.0 0.0 10534200.0 758010000.0 937521000.0 50969800.0 2722700.0 -2.28 4.104 [-2.28]
12302700000000.0 502699000000000.0 7020940000.0 6766920000.0 29624100.0 2785070000.0 657561000.0 69809.7 614178000.0 3816170000.0 0.0 0.0 10158900.0 747891000.0 872791000.0 45239400.0 2316870.0 -2.26 4.102 [-2.26]
12302700000000.0 478931000000000.0 6851760000.0 6300530000.0 25457300.0 2698500000.0 583592000.0 56904.2 622623000.0 3378380000.0 0.0 0.0 9794270.0 737297000.0 811833000.0 40124100.0 1970700.0 -2.24 4.099 [-2.24]
12302700000000.0 456328000000000.0 6683580000.0 5863850000.0 21864800.0 2611940000.0 517390000.0 46344.1 630562000.0 2988110000.0 0.0 0.0 9440420.0 726253000.0 754494000.0 35562700.0 1675580.0 -2.22 4.097 [-2.22]
12302700000000.0 434926000000000.0 6517320000.0 5457000000.0 18779400.0 2526170000.0 458421000.0 37735.9 637996000.0 2641750000.0 0.0 0.0 9098740.0 714830000.0 700864000.0 31513400.0 1424890.0 -2.2 4.095 [-2.2]
12302700000000.0 414386000000000.0 6350880000.0 5073100000.0 16105200.0 2440150000.0 405483000.0 30667.1 644986000.0 2331930000.0 0.0 0.0 8764550.0 702925000.0 650060000.0 27884000.0 1209990.0 -2.18 4.092 [-2.18]
12302700000000.0 394940000000000.0 6186700000.0 4715940000.0 13812700.0 2355520000.0 358497000.0 24920.6 651505000.0 2057790000.0 0.0 0.0 8442340.0 690702000.0 602666000.0 24669700.0 1027730.0 -2.16 4.09 [-2.16]
12302700000000.0 376532000000000.0 6025000000.0 4383900000.0 11848600.0 2272530000.0 316851000.0 20251.8 657571000.0 1815500000.0 0.0 0.0 8131970.0 678207000.0 558513000.0 21825400.0 873190.0 -2.14 4.088 [-2.14]
12302700000000.0 358935000000000.0 5864310000.0 4072360000.0 10154200.0 2190470000.0 279730000.0 16438.1 663232000.0 1600140000.0 0.0 0.0 7830230.0 665364000.0 517002000.0 19291100.0 741281.0 -2.12 4.086 [-2.12]
12302700000000.0 342196000000000.0 5705590000.0 3781680000.0 8699260.0 2109990000.0 246804000.0 13336.1 668493000.0 1409590000.0 0.0 0.0 7538510.0 652260000.0 478224000.0 17044000.0 629167.0 -2.1 4.084 [-2.1]
12302700000000.0 326272000000000.0 5548970000.0 3510590000.0 7450480.0 2031260000.0 217632000.0 10814.9 673374000.0 1241160000.0 0.0 0.0 7256630.0 638930000.0 442038000.0 15053200.0 533918.0 -2.08 4.081 [-2.08]
12302700000000.0 311122000000000.0 5394580000.0 3257930000.0 6379270.0 1954400000.0 191814000.0 8767.16 677893000.0 1092400000.0 0.0 0.0 6984410.0 625411000.0 408309000.0 13290600.0 453030.0 -2.06 4.079 [-2.06]
12302700000000.0 296709000000000.0 5242550000.0 3022570000.0 5460840.0 1879520000.0 168987000.0 7105.02 682070000.0 961126000.0 0.0 0.0 6721670.0 611736000.0 376909000.0 11731300.0 384367.0 -2.04 4.077 [-2.04]
12302700000000.0 282993000000000.0 5092970000.0 2803400000.0 4673650.0 1806690000.0 148820000.0 5756.49 685924000.0 845358000.0 0.0 0.0 6468160.0 597946000.0 347692000.0 10352400.0 326087.0 -2.02 4.075 [-2.02]
12302700000000.0 269944000000000.0 4945960000.0 2599460000.0 3999340.0 1736010000.0 131020000.0 4663.07 689474000.0 743341000.0 0.0 0.0 6223750.0 584070000.0 320552000.0 9133970.0 276649.0 -2.0 4.073 [-2.0]
12302700000000.0 257447000000000.0 4800660000.0 2408560000.0 3419300.0 1667020000.0 115252000.0 3773.55 692744000.0 653117000.0 0.0 0.0 5986640.0 570057000.0 295192000.0 8052780.0 234530.0 -1.98 4.071 [-1.98]
12302700000000.0 245711000000000.0 4660020000.0 2233410000.0 2927610.0 1601190000.0 101479000.0 3058.77 695727000.0 574404000.0 0.0 0.0 5761260.0 556200000.0 272001000.0 7107920.0 199162.0 -1.96 4.069 [-1.96]
12302700000000.0 234388000000000.0 4520260000.0 2068400000.0 2502570.0 1536620000.0 89231100.0 2474.87 698473000.0 504507000.0 0.0 0.0 5541220.0 542177000.0 250207000.0 6265450.0 168873.0 -1.94 4.067 [-1.94]
12302700000000.0 223788000000000.0 4385660000.0 1917610000.0 2143250.0 1475360000.0 78566600.0 2006.74 700963000.0 443703000.0 0.0 0.0 5332890.0 528411000.0 230380000.0 5531380.0 143502.0 -1.92 4.065 [-1.92]
12302700000000.0 213509000000000.0 4251490000.0 1775000000.0 1831690.0 1415130000.0 69060100.0 1623.35 703247000.0 389574000.0 0.0 0.0 5128690.0 514468000.0 211696000.0 4875000.0 121706.0 -1.9 4.063 [-1.9]
12302700000000.0 203821000000000.0 4121620000.0 1643940000.0 1567250.0 1357690000.0 60754200.0 1314.99 705312000.0 342324000.0 0.0 0.0 4934220.0 500750000.0 194614000.0 4300730.0 103371.0 -1.88 4.061 [-1.88]
12302700000000.0 194599000000000.0 3994780000.0 1522360000.0 1341140.0 1302400000.0 53449000.0 1065.38 707180000.0 300808000.0 0.0 0.0 4747250.0 487159000.0 178844000.0 3794580.0 87830.0 -1.86 4.059 [-1.86]
12302700000000.0 185821000000000.0 3871000000.0 1409610000.0 1147840.0 1249230000.0 47025400.0 863.331 708865000.0 264339000.0 0.0 0.0 4567560.0 473720000.0 164298000.0 3348540.0 74656.4 -1.84 4.057 [-1.84]
12302700000000.0 177464000000000.0 3750310000.0 1305090000.0 982585.0 1198140000.0 41378300.0 699.779 710378000.0 232309000.0 0.0 0.0 4394930.0 460453000.0 150889000.0 2955530.0 63488.2 -1.82 4.055 [-1.82]
12302700000000.0 169508000000000.0 3632710000.0 1208240000.0 841325.0 1149070000.0 36414700.0 567.381 711729000.0 204183000.0 0.0 0.0 4229130.0 447378000.0 138539000.0 2609270.0 54019.0 -1.8 4.053 [-1.8]
12302700000000.0 161990000000000.0 3519100000.0 1119190000.0 721197.0 1102350000.0 32073500.0 460.636 712926000.0 179603000.0 0.0 0.0 4071160.0 434610000.0 127258000.0 2305800.0 46029.8 -1.78 4.051 [-1.78]
12302700000000.0 154776000000000.0 3407710000.0 1036080000.0 617900.0 1057180000.0 28237700.0 373.765 713985000.0 157909000.0 0.0 0.0 3918350.0 421973000.0 116797000.0 2036890.0 39212.7 -1.76 4.049 [-1.76]
12302700000000.0 147908000000000.0 3299430000.0 959128000.0 529587.0 1013880000.0 24866800.0 303.404 714910000.0 138861000.0 0.0 0.0 3771730.0 409577000.0 107180000.0 1799960.0 33428.0 -1.74 4.048 [-1.74]
12302700000000.0 141366000000000.0 3194220000.0 887907000.0 454076.0 972389000.0 21904300.0 246.401 715711000.0 122137000.0 0.0 0.0 3631060.0 397433000.0 98342600.0 1591190.0 28517.6 -1.72 4.046 [-1.72]
12302700000000.0 135137000000000.0 3092080000.0 822002000.0 389502.0 932643000.0 19300600.0 200.207 716394000.0 107453000.0 0.0 0.0 3496140.0 385552000.0 90226800.0 1407210.0 24347.6 -1.7 4.044 [-1.7]
12302700000000.0 129159000000000.0 2992220000.0 760587000.0 333991.0 894294000.0 17001100.0 162.608 716967000.0 94499800.0 0.0 0.0 3365790.0 373857000.0 82719600.0 1244240.0 20786.7 -1.68 4.042 [-1.68]
12302700000000.0 123553000000000.0 2896860000.0 704636000.0 287017.0 858153000.0 15000200.0 0.0 717439000.0 83237300.0 0.0 0.0 3242740.0 362613000.0 75941400.0 1102100.0 17793.0 -1.66 4.04 [-1.66]
12302700000000.0 118169000000000.0 2803720000.0 652482000.0 246581.0 823290000.0 13231400.0 0.0 717812000.0 73293100.0 0.0 0.0 3123860.0 351569000.0 69672000.0 976037.0 15231.5 -1.64 4.039 [-1.64]
12302700000000.0 112999000000000.0 2712740000.0 603872000.0 211774.0 789656000.0 11667800.0 0.0 718092000.0 64513800.0 0.0 0.0 3008990.0 340727000.0 63874600.0 864244.0 13039.4 -1.62 4.037 [-1.62]
12302700000000.0 108155000000000.0 2626160000.0 559673000.0 182323.0 758027000.0 10307700.0 0.0 718289000.0 56884000.0 0.0 0.0 2900780.0 330351000.0 58654800.0 766749.0 11195.0 -1.6 4.035 [-1.6]
12302700000000.0 103499000000000.0 2541650000.0 518459000.0 156930.0 727512000.0 9103880.0 0.0 718403000.0 50140600.0 0.0 0.0 2796200.0 320184000.0 53826700.0 680166.0 9612.69 -1.58 4.033 [-1.58]
12302700000000.0 99063000000000.0 2459910000.0 480363000.0 135167.0 698331000.0 8044450.0 0.0 718440000.0 44213600.0 0.0 0.0 2696020.0 310311000.0 49403400.0 603720.0 8263.16 -1.56 4.032 [-1.56]
12302700000000.0 94796300000000.0 2380170000.0 444837000.0 116394.0 670170000.0 7106390.0 0.0 718401000.0 38973700.0 0.0 0.0 2599190.0 300646000.0 45313400.0 535796.0 7104.14 -1.54 4.03 [-1.54]
12302700000000.0 90805800000000.0 2304560000.0 412609000.0 100501.0 643753000.0 6290460.0 0.0 718301000.0 34421000.0 0.0 0.0 2508210.0 291449000.0 41641600.0 476534.0 6127.09 -1.52 4.028 [-1.52]
12302700000000.0 86927300000000.0 2230090000.0 382247000.0 86673.6 617999000.0 5562470.0 0.0 718127000.0 30366600.0 0.0 0.0 2419360.0 282369000.0 38209300.0 423458.0 5280.08 -1.5 4.026 [-1.5]
12302700000000.0 83266300000000.0 2158900000.0 354463000.0 74885.1 593622000.0 4925210.0 0.0 717896000.0 26822500.0 0.0 0.0 2335130.0 273665000.0 35099800.0 376837.0 4560.45 -1.48 4.025 [-1.48]
12302700000000.0 79776200000000.0 2090190000.0 328786000.0 64755.7 570319000.0 4363400.0 0.0 717606000.0 23703200.0 0.0 0.0 2254500.0 265246000.0 32253300.0 335585.0 3943.97 -1.46 4.023 [-1.46]
12302700000000.0 76448100000000.0 2023890000.0 305052000.0 56045.8 548041000.0 3867860.0 0.0 717260000.0 20956700.0 0.0 0.0 2177300.0 257107000.0 29646700.0 299061.0 3415.23 -1.44 4.022 [-1.44]
12302700000000.0 73274200000000.0 1959950000.0 283115000.0 48551.6 526743000.0 3430590.0 0.0 716862000.0 18537600.0 0.0 0.0 2103400.0 249244000.0 27260100.0 266707.0 2961.31 -1.42 4.02 [-1.42]
12302700000000.0 70247200000000.0 1898300000.0 262837000.0 42099.1 506380000.0 3044560.0 0.0 716413000.0 16406100.0 0.0 0.0 2032660.0 241651000.0 25074800.0 238031.0 2571.18 -1.4 4.018 [-1.4]
12302700000000.0 67359700000000.0 1838870000.0 244090000.0 36539.2 486910000.0 2703600.0 0.0 715917000.0 14527200.0 0.0 0.0 1964940.0 234324000.0 23073500.0 212599.0 2235.51 -1.38 4.017 [-1.38]
12302700000000.0 64605000000000.0 1781590000.0 226756000.0 31744.9 468292000.0 2402310.0 0.0 715374000.0 12870300.0 0.0 0.0 1900130.0 227255000.0 21240600.0 190032.0 1946.36 -1.36 4.015 [-1.36]
12302700000000.0 61989100000000.0 1726660000.0 210801000.0 27620.3 450573000.0 2136690.0 0.0 714793000.0 11412800.0 0.0 0.0 1838380.0 220472000.0 19569100.0 170051.0 1697.72 -1.34 4.014 [-1.34]
12302700000000.0 59468300000000.0 1673230000.0 195901000.0 24034.1 433460000.0 1900270.0 0.0 714162000.0 10118400.0 0.0 0.0 1778690.0 213870000.0 18023400.0 152189.0 1481.66 -1.32 4.012 [-1.32]
12302700000000.0 57086100000000.0 1622280000.0 182252000.0 20954.9 417250000.0 1692320.0 0.0 713501000.0 8982630.0 0.0 0.0 1722120.0 207572000.0 16620200.0 136406.0 1296.06 -1.3 4.01 [-1.3]
12302700000000.0 54800500000000.0 1572970000.0 169559000.0 18281.3 401664000.0 1507560.0 0.0 712798000.0 7975900.0 0.0 0.0 1667690.0 201474000.0 15327700.0 122318.0 1134.86 -1.28 4.009 [-1.28]
12302700000000.0 52618400000000.0 1525480000.0 157812000.0 15966.1 386750000.0 1343830.0 0.0 712058000.0 7086100.0 0.0 0.0 1615590.0 195603000.0 14142700.0 109775.0 995.134 -1.26 4.007 [-1.26]
12302700000000.0 50534600000000.0 1479760000.0 146938000.0 13959.5 372477000.0 1198680.0 0.0 711286000.0 6299260.0 0.0 0.0 1565710.0 189951000.0 13056000.0 98600.5 873.879 -1.24 4.006 [-1.24]
12302700000000.0 48544600000000.0 1435760000.0 136869000.0 12218.6 358815000.0 1069910.0 0.0 710480000.0 5603130.0 0.0 0.0 1517950.0 184511000.0 12059000.0 88637.8 768.513 -1.22 4.004 [-1.22]
12302700000000.0 46643500000000.0 1393390000.0 127544000.0 10706.9 345734000.0 955605.0 0.0 709644000.0 4986900.0 0.0 0.0 1472220.0 179277000.0 11144100.0 79749.0 676.831 -1.2 4.003 [-1.2]
12302700000000.0 44827300000000.0 1352620000.0 118904000.0 9392.83 333207000.0 854079.0 0.0 708779000.0 4441140.0 0.0 0.0 1428430.0 174242000.0 10304300.0 71812.5 596.953 -1.18 4.001 [-1.18]
12302700000000.0 43091800000000.0 1313370000.0 110898000.0 8249.52 321209000.0 763847.0 0.0 707887000.0 3957530.0 0.0 0.0 1386500.0 169398000.0 9532960.0 64721.2 527.264 -1.16 4.0 [-1.16]
12302700000000.0 41433000000000.0 1275600000.0 103476000.0 7253.71 309713000.0 683601.0 0.0 706968000.0 3528750.0 0.0 0.0 1346340.0 164740000.0 8824260.0 58379.9 466.381 -1.14 3.998 [-1.14]
12302700000000.0 39847200000000.0 1239250000.0 96593700.0 6385.5 298696000.0 612192.0 0.0 706025000.0 3148370.0 0.0 0.0 1307870.0 160260000.0 8172910.0 52705.2 413.122 -1.12 3.997 [-1.12]
12302700000000.0 38331100000000.0 1204260000.0 90209200.0 5627.77 288137000.0 548606.0 0.0 705058000.0 2810740.0 0.0 0.0 1271020.0 155953000.0 7574010.0 47623.2 366.468 -1.1 3.996 [-1.1]
12302700000000.0 36881200000000.0 1170580000.0 84284700.0 4965.77 278012000.0 491951.0 0.0 704069000.0 2510900.0 0.0 0.0 1235720.0 151812000.0 7023090.0 43068.3 325.546 -1.08 3.994 [-1.08]
12302700000000.0 35494300000000.0 1138170000.0 78785000.0 4386.77 268303000.0 441438.0 0.0 703059000.0 2244450.0 0.0 0.0 1201890.0 147831000.0 6516080.0 38982.7 289.602 -1.06 3.993 [-1.06]
12302700000000.0 34167500000000.0 1106960000.0 73677800.0 3879.84 258988000.0 396372.0 0.0 702031000.0 2007550.0 0.0 0.0 1169470.0 144003000.0 6049250.0 35315.1 257.988 -1.04 3.991 [-1.04]
12302700000000.0 32897900000000.0 1076930000.0 68933100.0 3435.52 250050000.0 356140.0 0.0 700984000.0 1796780.0 0.0 0.0 1138410.0 140324000.0 5619230.0 32020.3 230.145 -1.02 3.99 [-1.02]
12302700000000.0 31682700000000.0 1048010000.0 64523500.0 3045.66 241471000.0 320198.0 0.0 699920000.0 1609160.0 0.0 0.0 1108620.0 136787000.0 5222890.0 29057.7 205.589 -1.0 3.988 [-1.0]
12302700000000.0 30519400000000.0 1020170000.0 60423600.0 2703.2 233233000.0 288069.0 0.0 698841000.0 1442050.0 0.0 0.0 1080070.0 133387000.0 4857420.0 26391.9 183.903 -0.98 3.987 [-0.98]
12302700000000.0 29405500000000.0 993357000.0 56610100.0 2402.05 225322000.0 259330.0 0.0 697747000.0 1293110.0 0.0 0.0 1052690.0 130119000.0 4520250.0 23991.2 164.727 -0.96 3.986 [-0.96]
12302700000000.0 28338600000000.0 967535000.0 53061500.0 2136.93 217722000.0 233605.0 0.0 696641000.0 1160280.0 0.0 0.0 1026440.0 126976000.0 4209000.0 21827.4 147.747 -0.94 3.984 [-0.94]
12302700000000.0 27316700000000.0 942664000.0 49758000.0 1903.29 210418000.0 210564.0 0.0 695522000.0 1041760.0 0.0 0.0 1001250.0 123955000.0 3921550.0 19875.7 132.692 -0.92 3.983 [-0.92]
12302700000000.0 26337400000000.0 918703000.0 46681300.0 1697.14 203396000.0 189913.0 0.0 694392000.0 935935.0 0.0 0.0 977088.0 121051000.0 3655920.0 18113.7 119.325 -0.9 3.981 [-0.9]
12302700000000.0 25398900000000.0 895615000.0 43814400.0 1515.05 196645000.0 171392.0 0.0 693253000.0 841387.0 0.0 0.0 953903.0 118258000.0 3410320.0 16521.7 107.443 -0.88 3.98 [-0.88]
12302700000000.0 24499300000000.0 873365000.0 41142100.0 1354.04 190150000.0 154771.0 0.0 692105000.0 756865.0 0.0 0.0 931653.0 115572000.0 3183120.0 15082.2 96.8658 -0.86 3.979 [-0.86]
12302700000000.0 23636700000000.0 851918000.0 38649800.0 1211.5 183901000.0 139845.0 0.0 690949000.0 681257.0 0.0 0.0 910295.0 112990000.0 2972810.0 13779.5 87.4388 -0.84 3.977 [-0.84]
12302700000000.0 22805900000000.0 831154000.0 36315400.0 1084.89 177863000.0 126402.0 0.0 689782000.0 613427.0 0.0 0.0 889704.0 110495000.0 2777300.0 12597.2 79.0079 -0.82 3.976 [-0.82]
12302700000000.0 22015700000000.0 811301000.0 34153800.0 973.112 172096000.0 114372.0 0.0 688619000.0 552971.0 0.0 0.0 870099.0 108116000.0 2597530.0 11530.2 71.5088 -0.8 3.975 [-0.8]
12302700000000.0 21254200000000.0 792068000.0 32126600.0 873.572 166519000.0 103521.0 0.0 687447000.0 498652.0 0.0 0.0 851187.0 105817000.0 2430160.0 10560.0 64.7837 -0.78 3.973 [-0.78]
