Cloudy_runs/pks0405/z=0.167125/component_I_PI_nH/component_I_PI_nH_col_density_param.txt
# %ECSV 1.0
# ---
# datatype:
# - {name: H, datatype: float64}
# - {name: H+, datatype: float64}
# - {name: C+, datatype: float64}
# - {name: C+2, datatype: float64}
# - {name: C+3, datatype: float64}
# - {name: N+, datatype: float64}
# - {name: N+2, datatype: float64}
# - {name: N+4, datatype: float64}
# - {name: O, datatype: float64}
# - {name: O+2, datatype: float64}
# - {name: O+5, datatype: float64}
# - {name: O+6, datatype: float64}
# - {name: P+, datatype: float64}
# - {name: Si+, datatype: float64}
# - {name: Si+2, datatype: float64}
# - {name: Si+3, datatype: float64}
# - {name: Si+4, datatype: float64}
# - {name: log_nH, datatype: float64}
# - {name: log_Te, datatype: float64}
# - {name: parameters, datatype: string, subtype: 'float64[1]'}
# schema: astropy-2.0
H H+ C+ C+2 C+3 N+ N+2 N+4 O O+2 O+5 O+6 P+ Si+ Si+2 Si+3 Si+4 log_nH log_Te parameters
[from data line 66]
12302700000000.0 1.81292e+16 13099800000.0 298269000000.0 105356000000.0 1502340000.0 63936300000.0 6771990000.0 4355970.0 288597000000.0 7534550000.0 786078000.0 26372100.0 555590000.0 11788700000.0 8473600000.0 26990900000.0 -3.68 4.325 [-3.68]
12302700000000.0 1.72204e+16 13195300000.0 289322000000.0 98010400000.0 1540750000.0 62481300000.0 5999530000.0 4875960.0 286742000000.0 6461350000.0 646372000.0 27248900.0 577326000.0 12083400000.0 8439910000.0 25224300000.0 -3.66 4.322 [-3.66]
12302700000000.0 1.6356e+16 13280400000.0 280324000000.0 91041800000.0 1579660000.0 60991200000.0 5306720000.0 5455610.0 284572000000.0 5531170000.0 530462000.0 28083900.0 598384000.0 12347200000.0 8380690000.0 23493700000.0 -3.64 4.319 [-3.64]
12302700000000.0 1.55374e+16 13355300000.0 271350000000.0 84472600000.0 1619040000.0 59478600000.0 4688960000.0 6098960.0 282110000000.0 4729410000.0 434824000.0 28871000.0 618550000.0 12578200000.0 8297510000.0 21814700000.0 -3.62 4.315 [-3.62]
12302700000000.0 1.47587e+16 13420400000.0 262384000000.0 78264600000.0 1658990000.0 57939900000.0 4136630000.0 6814620.0 279336000000.0 4036460000.0 355712000.0 29609400.0 637835000.0 12774400000.0 8190240000.0 20187900000.0 -3.6 4.312 [-3.6]
12302700000000.0 1.4019e+16 13476100000.0 253467000000.0 72417300000.0 1699530000.0 56382000000.0 3644320000.0 7609070.0 276262000000.0 3439350000.0 290476000.0 30295500.0 656125000.0 12934500000.0 8060340000.0 18622400000.0 -3.58 4.309 [-3.58]
12302700000000.0 1.33164e+16 13522700000.0 244623000000.0 66919700000.0 1740690000.0 54809300000.0 3206230000.0 8490060.0 272892000000.0 2925650000.0 236774000.0 30927500.0 673353000.0 13057700000.0 7909190000.0 17123800000.0 -3.56 4.305 [-3.56]
12302700000000.0 1.26491e+16 13560700000.0 235873000000.0 61759900000.0 1782510000.0 53225900000.0 2817000000.0 9465900.0 269232000000.0 2484410000.0 192645000.0 31503600.0 689471000.0 13143500000.0 7738370000.0 15696800000.0 -3.54 4.302 [-3.54]
12302700000000.0 1.20142e+16 13590500000.0 227222000000.0 56917500000.0 1824900000.0 51632900000.0 2471200000.0 10547000.0 265278000000.0 2105510000.0 156398000.0 32023600.0 704488000.0 13191800000.0 7549080000.0 14342700000.0 -3.52 4.298 [-3.52]
12302700000000.0 1.14122e+16 13612600000.0 218719000000.0 52395500000.0 1867940000.0 50040300000.0 2165460000.0 11740300.0 261060000000.0 1781690000.0 126770000.0 32485900.0 718313000.0 13203600000.0 7344280000.0 13068000000.0 -3.5 4.295 [-3.5]
12302700000000.0 1.08405e+16 13627200000.0 210363000000.0 48172300000.0 1911720000.0 48448600000.0 1895080000.0 13057400.0 256576000000.0 1504960000.0 102557000.0 32890700.0 730982000.0 13179400000.0 7125480000.0 11871900000.0 -3.48 4.291 [-3.48]
12302700000000.0 1.02975e+16 13634700000.0 202168000000.0 44234300000.0 1956290000.0 46861300000.0 1656340000.0 14509400.0 251838000000.0 1268880000.0 82806200.0 33238300.0 742509000.0 13120600000.0 6894730000.0 10754800000.0 -3.46 4.288 [-3.46]
12302700000000.0 9781800000000000.0 13635500000.0 194145000000.0 40567800000.0 2001670000.0 45281700000.0 1445860000.0 16108000.0 246857000000.0 1067840000.0 66727000.0 33529200.0 752925000.0 13028700000.0 6654090000.0 9716050000.0 -3.44 4.285 [-3.44]
12302700000000.0 9292000000000000.0 13630000000.0 186304000000.0 37159100000.0 2047920000.0 43713100000.0 1260560000.0 17865700.0 241645000000.0 896964000.0 53662800.0 33764600.0 762272000.0 12905500000.0 6405610000.0 8754370000.0 -3.42 4.281 [-3.42]
12302700000000.0 8826800000000000.0 13618400000.0 178653000000.0 33994900000.0 2095050000.0 42158100000.0 1097670000.0 19795800.0 236218000000.0 751985000.0 43069200.0 33945400.0 770600000.0 12753300000.0 6151290000.0 7867730000.0 -3.4 4.278 [-3.4]
12302700000000.0 8384980000000000.0 13601000000.0 171198000000.0 31061800000.0 2143110000.0 40619600000.0 954688000.0 21912200.0 230589000000.0 629213000.0 34496600.0 34073300.0 777974000.0 12574200000.0 5893040000.0 7053520000.0 -3.38 4.274 [-3.38]
12302700000000.0 7965380000000000.0 13578300000.0 163946000000.0 28346700000.0 2192120000.0 39100100000.0 829356000.0 24229800.0 224776000000.0 525449000.0 27573700.0 34149800.0 784459000.0 12370600000.0 5632660000.0 6308670000.0 -3.36 4.271 [-3.36]
12302700000000.0 7566880000000000.0 13550300000.0 156899000000.0 25837100000.0 2242100000.0 37601900000.0 719649000.0 26763900.0 218795000000.0 437924000.0 21994800.0 34176800.0 790129000.0 12145100000.0 5371850000.0 5629760000.0 -3.34 4.267 [-3.34]
12302700000000.0 7188430000000000.0 13517400000.0 150060000000.0 23520500000.0 2293080000.0 36127000000.0 623751000.0 29530900.0 212663000000.0 364242000.0 17508400.0 34156200.0 795060000.0 11900100000.0 5112140000.0 5013100000.0 -3.32 4.264 [-3.32]
12302700000000.0 6829750000000000.0 13479900000.0 143446000000.0 21389200000.0 2345040000.0 34680600000.0 540179000.0 32543200.0 206414000000.0 302439000.0 13913700.0 34090200.0 799296000.0 11638800000.0 4855580000.0 4455680000.0 -3.3 4.26 [-3.3]
12302700000000.0 6488400000000000.0 13437800000.0 137029000000.0 19423300000.0 2398030000.0 33257900000.0 467176000.0 35826800.0 200037000000.0 250526000.0 11029800.0 33980600.0 802981000.0 11362200000.0 4602110000.0 3951760000.0 -3.28 4.257 [-3.28]
12302700000000.0 6163540000000000.0 13391200000.0 130809000000.0 17612600000.0 2452030000.0 31860400000.0 403499000.0 39401100.0 193549000000.0 207020000.0 8721930.0 33829100.0 806189000.0 11072500000.0 4352870000.0 3497610000.0 -3.26 4.253 [-3.26]
12302700000000.0 5855690000000000.0 13340500000.0 124812000000.0 15953800000.0 2507000000.0 30495700000.0 348235000.0 43274800.0 187001000000.0 170768000.0 6885380.0 33638700.0 808929000.0 10773500000.0 4110040000.0 3090790000.0 -3.24 4.25 [-3.24]
12302700000000.0 5563950000000000.0 13285900000.0 119036000000.0 14436100000.0 2562930000.0 29164700000.0 300320000.0 47465800.0 180412000000.0 140615000.0 5426570.0 33411700.0 811274000.0 10467500000.0 3874380000.0 2727290000.0 -3.22 4.246 [-3.22]
12302700000000.0 5286290000000000.0 13227200000.0 113453000000.0 13043600000.0 2619800000.0 27862400000.0 258668000.0 52005300.0 173770000000.0 115499000.0 4266260.0 33149400.0 813350000.0 10154700000.0 3645350000.0 2402230000.0 -3.2 4.243 [-3.2]
12302700000000.0 5022640000000000.0 13164700000.0 108074000000.0 11770700000.0 2677560000.0 26592800000.0 222578000.0 56907100.0 167111000000.0 94667400.0 3347250.0 32854800.0 815186000.0 9837970000.0 3424080000.0 2112750000.0 -3.18 4.239 [-3.18]
12302700000000.0 4772290000000000.0 13098600000.0 102896000000.0 10608600000.0 2736140000.0 25356400000.0 191342000.0 62191100.0 160452000000.0 77425500.0 2620890.0 32529700.0 816836000.0 9518790000.0 3210990000.0 1855530000.0 -3.16 4.236 [-3.16]
12302700000000.0 4534530000000000.0 13028700000.0 97913900000.0 9549090000.0 2795450000.0 24153400000.0 164336000.0 67877300.0 153811000000.0 63185700.0 2048000.0 32175800.0 818351000.0 9198640000.0 3006400000.0 1627420000.0 -3.14 4.232 [-3.14]
12302700000000.0 4308200000000000.0 12955000000.0 93113000000.0 8582460000.0 2855380000.0 22981600000.0 140967000.0 73994700.0 147188000000.0 51431100.0 1596360.0 31794500.0 819801000.0 8878010000.0 2810010000.0 1425180000.0 -3.12 4.229 [-3.12]
12302700000000.0 4093800000000000.0 12877800000.0 88513000000.0 7705600000.0 2915830000.0 21846700000.0 120849000.0 80543700.0 140635000000.0 41787000.0 1242440.0 31389600.0 821168000.0 8559930000.0 2622940000.0 1246870000.0 -3.1 4.225 [-3.1]
12302700000000.0 3890190000000000.0 12797200000.0 84097400000.0 6909520000.0 2976670000.0 20746100000.0 103509000.0 87551200.0 134149000000.0 33875800.0 965093.0 30962200.0 822511000.0 8244580000.0 2444710000.0 1089610000.0 -3.08 4.222 [-3.08]
12302700000000.0 3696840000000000.0 12713000000.0 79861800000.0 6187790000.0 3037730000.0 19679800000.0 88578600.0 95034500.0 127748000000.0 27401000.0 748210.0 30514000.0 823856000.0 7932880000.0 2275310000.0 951156000.0 -3.06 4.219 [-3.06]
12302700000000.0 3513220000000000.0 12625400000.0 75801600000.0 5534380000.0 3098830000.0 18647700000.0 75735200.0 103009000.0 121444000000.0 22113800.0 578964.0 30047100.0 825223000.0 7625650000.0 2114650000.0 829437000.0 -3.04 4.215 [-3.04]
12302700000000.0 3339280000000000.0 12534500000.0 71921900000.0 4944910000.0 3159820000.0 17652000000.0 64718400.0 111476000.0 115267000000.0 17813700.0 447386.0 29564400.0 826599000.0 7324430000.0 1962970000.0 722772000.0 -3.02 4.212 [-3.02]
12302700000000.0 3173250000000000.0 12439600000.0 68188100000.0 4410420000.0 3220330000.0 16685500000.0 55219400.0 120486000.0 109183000000.0 14305100.0 344728.0 29063600.0 828074000.0 7027240000.0 1818960000.0 628908000.0 -3.0 4.208 [-3.0]
12302700000000.0 3016370000000000.0 12341900000.0 64634300000.0 3930700000.0 3280290000.0 15757200000.0 47104000.0 129996000.0 103264000000.0 11470800.0 265414.0 28551900.0 829547000.0 6737960000.0 1683890000.0 547032000.0 -2.98 4.205 [-2.98]
12302700000000.0 2867000000000000.0 12240500000.0 61227000000.0 3497860000.0 3339290000.0 14860000000.0 40132300.0 140052000.0 97475900000.0 9172910.0 203884.0 28026700.0 831094000.0 6454470000.0 1556440000.0 475285000.0 -2.96 4.202 [-2.96]
12302700000000.0 2725150000000000.0 12135600000.0 57970900000.0 3108780000.0 3397080000.0 13995800000.0 34161600.0 150646000.0 91843700000.0 7318280.0 156347.0 27490800.0 832684000.0 6177920000.0 1436730000.0 412611000.0 -2.94 4.198 [-2.94]
12302700000000.0 2590430000000000.0 12027400000.0 54861200000.0 2759550000.0 3453340000.0 13164300000.0 29052700.0 161775000.0 86376100000.0 5825010.0 119692.0 26945900.0 834307000.0 5908600000.0 1324460000.0 357923000.0 -2.92 4.195 [-2.92]
12302700000000.0 2462490000000000.0 11915900000.0 51893000000.0 2446520000.0 3507720000.0 12365200000.0 24684800.0 173437000.0 81080300000.0 4625510.0 91480.6 26393100.0 835951000.0 5646670000.0 1219360000.0 310248000.0 -2.9 4.192 [-2.9]
12302700000000.0 2340980000000000.0 11800900000.0 49061400000.0 2166330000.0 3559870000.0 11597900000.0 20953400.0 185622000.0 75963200000.0 3664330.0 69806.8 25834000.0 837600000.0 5392240000.0 1121140000.0 268728000.0 -2.88 4.188 [-2.88]
12302700000000.0 2225570000000000.0 11682700000.0 46361700000.0 1915900000.0 3609400000.0 10862200000.0 17768600.0 198317000.0 71030500000.0 2895970.0 53185.5 25269700.0 839234000.0 5145420000.0 1029480000.0 232601000.0 -2.86 4.185 [-2.86]
12302700000000.0 2115970000000000.0 11561200000.0 43789200000.0 1692380000.0 3655930000.0 10157600000.0 15052600.0 211505000.0 66287100000.0 2283260.0 40461.3 24701600.0 840830000.0 4906250000.0 944081000.0 201193000.0 -2.84 4.182 [-2.84]
12302700000000.0 2011600000000000.0 11436100000.0 41333100000.0 1492750000.0 3698950000.0 9482180000.0 12734200.0 225181000.0 61726900000.0 1795100.0 30721.4 24129100.0 842381000.0 4674110000.0 864463000.0 173863000.0 -2.82 4.179 [-2.82]
12302700000000.0 1912980000000000.0 11308500000.0 39007500000.0 1315820000.0 3738410000.0 8840020000.0 10768400.0 239258000.0 57382700000.0 1409150.0 23318.0 23558100.0 843806000.0 4450850000.0 790881000.0 150230000.0 -2.8 4.176 [-2.8]
12302700000000.0 1819070000000000.0 11177400000.0 36789300000.0 1158210000.0 3773580000.0 8226200000.0 9092870.0 253763000.0 53226800000.0 1103050.0 17666.5 22985000.0 845126000.0 4234580000.0 722472000.0 129693000.0 -2.78 4.173 [-2.78]
12302700000000.0 1729860000000000.0 11043300000.0 34680400000.0 1018300000.0 3804170000.0 7641750000.0 7669200.0 268637000.0 49270200000.0 861375.0 0.0 22412400.0 846297000.0 4025820000.0 659134000.0 111893000.0 -2.76 4.169 [-2.76]
12302700000000.0 1645120000000000.0 10906100000.0 32676400000.0 894282000.0 3829830000.0 7086180000.0 6460700.0 283837000.0 45512900000.0 671040.0 0.0 21841100.0 847288000.0 3824490000.0 600580000.0 96477400.0 -2.74 4.166 [-2.74]
12302700000000.0 1564620000000000.0 10766000000.0 30773100000.0 784487000.0 3850210000.0 6559010000.0 5435900.0 299316000.0 41954400000.0 521516.0 0.0 21272000.0 848066000.0 3630490000.0 546530000.0 83135200.0 -2.72 4.163 [-2.72]
12302700000000.0 1488160000000000.0 10623100000.0 28966400000.0 687415000.0 3865000000.0 6059740000.0 4567830.0 315024000.0 38593100000.0 404352.0 0.0 20706000.0 848601000.0 3443710000.0 496713000.0 71595500.0 -2.7 4.16 [-2.7]
12302700000000.0 1415510000000000.0 10477400000.0 27252500000.0 601703000.0 3873920000.0 5587840000.0 3833360.0 330905000.0 35426800000.0 312775.0 0.0 20143900.0 848857000.0 3264030000.0 450868000.0 61621300.0 -2.68 4.157 [-2.68]
12302700000000.0 1346500000000000.0 10329000000.0 25627500000.0 526118000.0 3876750000.0 5142730000.0 3212660.0 346905000.0 32452300000.0 241380.0 0.0 19586400.0 848801000.0 3091320000.0 408741000.0 53005700.0 -2.66 4.154 [-2.66]
12302700000000.0 1280920000000000.0 10178100000.0 24087400000.0 459544000.0 3873290000.0 4723790000.0 2688720.0 362963000.0 29665500000.0 185853.0 0.0 19034200.0 848409000.0 2925430000.0 370087000.0 45567800.0 -2.64 4.151 [-2.64]
12302700000000.0 1218460000000000.0 10024300000.0 22624900000.0 400863000.0 3863190000.0 4329540000.0 2246270.0 379045000.0 27056500000.0 142710.0 0.0 18486400.0 847650000.0 2765780000.0 334591000.0 39139300.0 -2.62 4.149 [-2.62]
12302700000000.0 1159270000000000.0 9868580000.0 21244400000.0 349426000.0 3846860000.0 3961060000.0 1874600.0 395044000.0 24631400000.0 109394.0 0.0 17946800.0 846480000.0 2613150000.0 302204000.0 33608400.0 -2.6 4.146 [-2.6]
12302700000000.0 1103180000000000.0 9711190000.0 19941800000.0 304382000.0 3824320000.0 3617440000.0 1562730.0 410902000.0 22383100000.0 83716.9 0.0 17415800.0 844878000.0 2467340000.0 272691000.0 28851500.0 -2.58 4.143 [-2.58]
12302700000000.0 1049580000000000.0 9550810000.0 18703100000.0 264722000.0 3794830000.0 3295650000.0 1299860.0 426632000.0 20290800000.0 63868.4 0.0 16889300.0 842830000.0 2326920000.0 245636000.0 24738000.0 -2.56 4.14 [-2.56]
12302700000000.0 998950000000000.0 9389540000.0 17539500000.0 230160000.0 3759640000.0 2997830000.0 1080450.0 442085000.0 18366600000.0 48678.1 0.0 16374100.0 840294000.0 2193460000.0 221125000.0 21212900.0 -2.54 4.137 [-2.54]
12302700000000.0 950541000000000.0 9225520000.0 16433800000.0 199794000.0 3717740000.0 2720320000.0 896046.0 457304000.0 16585500000.0 36988.9 0.0 15864200.0 837262000.0 2065110000.0 198718000.0 18167700.0 -2.52 4.135 [-2.52]
12302700000000.0 904814000000000.0 9060950000.0 15396400000.0 173394000.0 3670610000.0 2464830000.0 742610.0 472148000.0 14956400000.0 28084.2 0.0 15366500.0 833709000.0 1943360000.0 178478000.0 15561400.0 -2.5 4.132 [-2.5]
12302700000000.0 861217000000000.0 8894460000.0 14414600000.0 150299000.0 3617610000.0 2228530000.0 614303.0 486645000.0 13459900000.0 21273.4 0.0 14876400.0 829622000.0 1826860000.0 160074000.0 13317000.0 -2.48 4.129 [-2.48]
12302700000000.0 819782000000000.0 8726730000.0 13488900000.0 130169000.0 3559390000.0 2011110000.0 507431.0 500732000.0 12092000000.0 16086.7 0.0 14395900.0 824985000.0 1715830000.0 143411000.0 11389900.0 -2.46 4.127 [-2.46]
12302700000000.0 780396000000000.0 8557940000.0 12616500000.0 112640000.0 3496340000.0 1811570000.0 418556.0 514375000.0 10844800000.0 12144.9 0.0 13925200.0 819791000.0 1610140000.0 128344000.0 9736360.0 -2.44 4.124 [-2.44]
12302700000000.0 742959000000000.0 8388270000.0 11795000000.0 97393200.0 3428870000.0 1628910000.0 344766.0 527545000.0 9710500000.0 9155.02 0.0 13464700.0 814031000.0 1509630000.0 114739000.0 8318310.0 -2.42 4.121 [-2.42]
12302700000000.0 707253000000000.0 8217310000.0 11019100000.0 84111500.0 3357060000.0 1461740000.0 283472.0 540243000.0 8678960000.0 6887.11 0.0 13012800.0 807690000.0 1413800000.0 102439000.0 7100200.0 -2.4 4.119 [-2.4]
12302700000000.0 673424000000000.0 8046420000.0 10291800000.0 72612700.0 3282110000.0 1309890000.0 232870.0 552405000.0 7747630000.0 5177.21 0.0 12573000.0 800791000.0 1323170000.0 91396200.0 6059540.0 -2.38 4.116 [-2.38]
