Cloudy_runs/pg1259/z=0.046284/logZ=-1/component_IV_PI_nH/component_IV_PI_nH_col_density_param.txt
# %ECSV 1.0
# ---
# datatype:
# - {name: H, datatype: float64}
# - {name: H+, datatype: float64}
# - {name: C+, datatype: float64}
# - {name: C+2, datatype: float64}
# - {name: C+3, datatype: float64}
# - {name: N+, datatype: float64}
# - {name: N+2, datatype: float64}
# - {name: N+4, datatype: float64}
# - {name: O, datatype: float64}
# - {name: O+2, datatype: float64}
# - {name: O+5, datatype: float64}
# - {name: O+6, datatype: float64}
# - {name: P+, datatype: float64}
# - {name: Si+, datatype: float64}
# - {name: Si+2, datatype: float64}
# - {name: Si+3, datatype: float64}
# - {name: Si+4, datatype: float64}
# - {name: Fe+, datatype: float64}
# - {name: Al+, datatype: float64}
# - {name: log_nH, datatype: float64}
# - {name: parameters, datatype: string, subtype: 'float64[1]'}
# schema: astropy-2.0
H H+ C+ C+2 C+3 N+ N+2 N+4 O O+2 O+5 O+6 P+ Si+ Si+2 Si+3 Si+4 Fe+ Al+ log_nH parameters
26915300000000.0 7.28703e+17 2873610000.0 351383000000.0 1059180000000.0 220171000.0 58181600000.0 857620000000.0 18673.5 153117000000.0 8329300000000.0 10643800000000.0 197304.0 3087050.0 135578000.0 538938000.0 43867000000.0 781.166 95290.0 -5.0 [-5.0]
26915300000000.0 6.90395e+17 3098910000.0 368713000000.0 1069640000000.0 239294000.0 61600800000.0 840048000000.0 20871.8 162640000000.0 7839190000000.0 9544800000000.0 230333.0 3630160.0 156268000.0 601083000.0 46344800000.0 945.441 113110.0 -4.98 [-4.98]
26915300000000.0 6.54175e+17 3338280000.0 386439000000.0 1078980000000.0 259788000.0 65134500000.0 821401000000.0 23322.4 172504000000.0 7361730000000.0 8542410000000.0 268426.0 4260570.0 179833000.0 669386000.0 48890300000.0 1143.19 133961.0 -4.96 [-4.96]
26915300000000.0 6.1992e+17 3592230000.0 404535000000.0 1087150000000.0 281706000.0 68776400000.0 801743000000.0 26052.5 182694000000.0 6898240000000.0 7630290000000.0 312274.0 4990820.0 206625000.0 744338000.0 51499300000.0 1380.98 158309.0 -4.94 [-4.94]
26915300000000.0 5.87516e+17 3861350000.0 422978000000.0 1094140000000.0 305105000.0 72520100000.0 781143000000.0 29093.8 193199000000.0 6449860000000.0 6802210000000.0 362656.0 5835000.0 237037000.0 826451000.0 54166900000.0 1666.59 186684.0 -4.92 [-4.92]
26915300000000.0 5.5685e+17 4145980000.0 441733000000.0 1099920000000.0 330017000.0 76355700000.0 759674000000.0 32478.4 203998000000.0 6017540000000.0 6052050000000.0 420418.0 6808820.0 271499000.0 916279000.0 56888100000.0 2009.23 219691.0 -4.9 [-4.9]
26915300000000.0 5.27826e+17 4446650000.0 460769000000.0 1104470000000.0 356492000.0 80274300000.0 737418000000.0 36245.4 215075000000.0 5602130000000.0 5374140000000.0 486519.0 7929860.0 310485000.0 1014380000.0 59656600000.0 2419.81 258013.0 -4.88 [-4.88]
26915300000000.0 5.0035e+17 4763780000.0 480049000000.0 1107770000000.0 384567000.0 84265300000.0 714459000000.0 40437.2 226410000000.0 5204250000000.0 4762920000000.0 562017.0 9217670.0 354512000.0 1121340000.0 62465900000.0 2911.25 302424.0 -4.86 [-4.86]
26915300000000.0 4.74335e+17 5097720000.0 499531000000.0 1109800000000.0 414271000.0 88316500000.0 690885000000.0 45101.0 237982000000.0 4824380000000.0 4213060000000.0 648072.0 10693900.0 404149000.0 1237780000.0 65308700000.0 3498.73 353798.0 -4.84 [-4.84]
26915300000000.0 4.49693e+17 5448630000.0 519165000000.0 1110540000000.0 445612000.0 92413900000.0 666789000000.0 50287.5 249765000000.0 4462850000000.0 3719530000000.0 745941.0 12382500.0 460010000.0 1364340000.0 68177100000.0 4200.15 413124.0 -4.82 [-4.82]
26915300000000.0 4.26352e+17 5816870000.0 538905000000.0 1109980000000.0 478617000.0 96544500000.0 642267000000.0 56057.2 261738000000.0 4119840000000.0 3277560000000.0 857036.0 14310000.0 522768000.0 1501660000.0 71062500000.0 5036.6 481511.0 -4.8 [-4.8]
26915300000000.0 4.04244e+17 6202860000.0 558707000000.0 1108100000000.0 513320000.0 100696000000.0 617417000000.0 62481.1 273883000000.0 3795390000000.0 2882710000000.0 982941.0 16505500.0 593153000.0 1650380000.0 73955600000.0 6032.92 560201.0 -4.78 [-4.78]
26915300000000.0 3.83298e+17 6606420000.0 578504000000.0 1104900000000.0 549694000.0 104850000000.0 592339000000.0 69629.1 286166000000.0 3489420000000.0 2530740000000.0 1125270.0 19000600.0 671943000.0 1811200000.0 76846700000.0 7217.99 650589.0 -4.76 [-4.76]
26915300000000.0 3.63456e+17 7028150000.0 598252000000.0 1100360000000.0 587789000.0 108995000000.0 567134000000.0 77594.7 298574000000.0 3201700000000.0 2217710000000.0 1285960.0 21830700.0 759993000.0 1984750000.0 79725100000.0 8626.01 754231.0 -4.74 [-4.74]
26915300000000.0 3.44657e+17 7467780000.0 617879000000.0 1094500000000.0 627573000.0 113114000000.0 541899000000.0 86469.8 311074000000.0 2931920000000.0 1939920000000.0 1466920.0 25033300.0 858202000.0 2171720000.0 82579800000.0 10295.7 872780.0 -4.72 [-4.72]
26915300000000.0 3.26841e+17 7925130000.0 637318000000.0 1087300000000.0 669023000.0 117189000000.0 516730000000.0 96361.3 323639000000.0 2679660000000.0 1693900000000.0 1670270.0 28649400.0 967544000.0 2372810000.0 85399500000.0 12272.8 1008130.0 -4.7 [-4.7]
26915300000000.0 3.09959e+17 8400050000.0 656499000000.0 1078780000000.0 712126000.0 121204000000.0 491724000000.0 107393.0 336244000000.0 2444430000000.0 1476520000000.0 1898340.0 32723300.0 1089040000.0 2588640000.0 88172100000.0 14611.6 1162460.0 -4.68 [-4.68]
26915300000000.0 2.93959e+17 8892440000.0 675355000000.0 1068930000000.0 756872000.0 125144000000.0 466969000000.0 119705.0 348865000000.0 2225640000000.0 1284820000000.0 2153670.0 37303400.0 1223810000.0 2819880000.0 90885400000.0 17374.7 1338150.0 -4.66 [-4.66]
26915300000000.0 2.78795e+17 9401970000.0 693814000000.0 1057780000000.0 803240000.0 128993000000.0 442552000000.0 133457.0 361477000000.0 2022670000000.0 1116130000000.0 2438950.0 42441100.0 1373000000.0 3067120000.0 93526500000.0 20634.5 1537810.0 -4.64 [-4.64]
26915300000000.0 2.64424e+17 9928200000.0 711799000000.0 1045340000000.0 851197000.0 132737000000.0 418554000000.0 148827.0 374054000000.0 1834870000000.0 967981000000.0 2757020.0 48191400.0 1537840000.0 3330930000.0 96082300000.0 24474.9 1764290.0 -4.62 [-4.62]
26915300000000.0 2.50804e+17 10470700000.0 729238000000.0 1031630000000.0 900729000.0 136360000000.0 395050000000.0 166019.0 386571000000.0 1661520000000.0 838138000000.0 3110990.0 54613100.0 1719610000.0 3611810000.0 98539700000.0 28992.9 2020750.0 -4.6 [-4.6]
26915300000000.0 2.37894e+17 11028700000.0 746047000000.0 1016680000000.0 951783000.0 139847000000.0 372107000000.0 185260.0 399001000000.0 1501880000000.0 724547000000.0 3504020.0 61768300.0 1919640000.0 3910280000.0 100885000000.0 34300.4 2310640.0 -4.58 [-4.58]
26915300000000.0 2.25658e+17 11601600000.0 762151000000.0 1000520000000.0 1004330000.0 143187000000.0 349790000000.0 206810.0 411320000000.0 1355240000000.0 625374000000.0 3939540.0 69722500.0 2139300000.0 4226690000.0 103105000000.0 40526.0 2637720.0 -4.56 [-4.56]
26915300000000.0 2.14062e+17 12188600000.0 777480000000.0 983200000000.0 1058370000.0 146366000000.0 328151000000.0 230967.0 423505000000.0 1220830000000.0 538949000000.0 4421210.0 78545700.0 2380050000.0 4561340000.0 105187000000.0 47818.1 3006100.0 -4.54 [-4.54]
26915300000000.0 2.0307e+17 12788600000.0 791951000000.0 964752000000.0 1113820000.0 149373000000.0 307237000000.0 258060.0 435530000000.0 1097910000000.0 463767000000.0 4952660.0 88309300.0 2643310000.0 4914470000.0 107117000000.0 56346.3 3420230.0 -4.52 [-4.52]
26915300000000.0 1.92655e+17 13401400000.0 805509000000.0 945232000000.0 1170740000.0 152200000000.0 287088000000.0 288477.0 447376000000.0 985752000000.0 398494000000.0 5538120.0 99091100.0 2930600000.0 5286070000.0 108882000000.0 66305.3 3884910.0 -4.5 [-4.5]
26915300000000.0 1.8278e+17 14024700000.0 818058000000.0 924693000000.0 1228990000.0 154832000000.0 267735000000.0 322627.0 459013000000.0 883613000000.0 341905000000.0 6181090.0 110966000.0 3243370000.0 5676260000.0 110470000000.0 77917.2 4405400.0 -4.48 [-4.48]
26915300000000.0 1.73421e+17 14657800000.0 829541000000.0 903196000000.0 1288580000.0 157265000000.0 249202000000.0 360999.0 470419000000.0 790800000000.0 292936000000.0 6885860.0 124015000.0 3583120000.0 6084820000.0 111868000000.0 91435.3 4987260.0 -4.46 [-4.46]
26915300000000.0 1.64546e+17 15299500000.0 839897000000.0 880796000000.0 1349510000.0 159489000000.0 231498000000.0 404155.0 481577000000.0 706592000000.0 250611000000.0 7656870.0 138328000.0 3951450000.0 6511550000.0 113066000000.0 107156.0 5636810.0 -4.44 [-4.44]
26915300000000.0 1.56141e+17 15947600000.0 849057000000.0 857601000000.0 1411660000.0 161498000000.0 214659000000.0 452647.0 492450000000.0 630448000000.0 214138000000.0 8497100.0 153963000.0 4349330000.0 6955540000.0 114051000000.0 125382.0 6359510.0 -4.42 [-4.42]
26915300000000.0 1.48165e+17 16601700000.0 856982000000.0 833637000000.0 1475130000.0 163289000000.0 198657000000.0 507251.0 503036000000.0 561597000000.0 182698000000.0 9412070.0 171037000.0 4778730000.0 7416670000.0 114816000000.0 146521.0 7163550.0 -4.4 [-4.4]
26915300000000.0 1.40609e+17 17259300000.0 863615000000.0 809025000000.0 1539780000.0 164855000000.0 183514000000.0 568675.0 513298000000.0 499550000000.0 155679000000.0 10404400.0 189605000.0 5240390000.0 7893630000.0 115349000000.0 170963.0 8055030.0 -4.38 [-4.38]
26915300000000.0 1.3345e+17 17918500000.0 868917000000.0 783852000000.0 1605590000.0 166193000000.0 169223000000.0 637780.0 523217000000.0 443738000000.0 132493000000.0 11477400.0 209741000.0 5735380000.0 8385280000.0 115645000000.0 199173.0 9041370.0 -4.36 [-4.36]
26915300000000.0 1.26658e+17 18578400000.0 872860000000.0 758174000000.0 1672600000.0 167303000000.0 155755000000.0 715619.0 532780000000.0 393568000000.0 112604000000.0 12635600.0 231546000.0 6265070000.0 8890620000.0 115695000000.0 231718.0 10131600.0 -4.34 [-4.34]
26915300000000.0 1.2022e+17 19236700000.0 875416000000.0 732097000000.0 1740750000.0 168182000000.0 143104000000.0 803264.0 541964000000.0 348573000000.0 95578700000.0 13881100.0 255081000.0 6830000000.0 9407900000.0 115495000000.0 269180.0 11333700.0 -4.32 [-4.32]
26915300000000.0 1.14114e+17 19891500000.0 876566000000.0 705713000000.0 1810000000.0 168830000000.0 131247000000.0 901955.0 550747000000.0 308289000000.0 81023700000.0 15216300.0 280407000.0 7430690000.0 9935320000.0 115040000000.0 312234.0 12656100.0 -4.3 [-4.3]
26915300000000.0 1.08325e+17 20540800000.0 876304000000.0 679114000000.0 1880320000.0 169247000000.0 120163000000.0 1013090.0 559111000000.0 272282000000.0 68598200000.0 16642600.0 307583000.0 8067360000.0 10470800000.0 114327000000.0 361632.0 14108100.0 -4.28 [-4.28]
26915300000000.0 1.02835e+17 21182800000.0 874633000000.0 652393000000.0 1951700000.0 169435000000.0 109826000000.0 1138220.0 567038000000.0 240150000000.0 58005300000.0 18161200.0 336655000.0 8739920000.0 11011900000.0 113355000000.0 418214.0 15698700.0 -4.26 [-4.26]
26915300000000.0 9.7629e+16 21815800000.0 871565000000.0 625643000000.0 2024130000.0 169398000000.0 100207000000.0 1279110.0 574511000000.0 211521000000.0 48986600000.0 19772100.0 367661000.0 9447980000.0 11556000000.0 112126000000.0 482920.0 17437400.0 -4.24 [-4.24]
26915300000000.0 9.26873e+16 22437900000.0 867106000000.0 598933000000.0 2097590000.0 169135000000.0 91269900000.0 1437820.0 581513000000.0 186036000000.0 41313000000.0 21475000.0 400642000.0 10190900000.0 12100600000.0 110639000000.0 556852.0 19335300.0 -4.22 [-4.22]
26915300000000.0 8.80073e+16 23046500000.0 861311000000.0 572416000000.0 2171960000.0 168655000000.0 83003600000.0 1616210.0 588020000000.0 163434000000.0 34806500000.0 23264800.0 435524000.0 10966400000.0 12641700000.0 108904000000.0 640989.0 21397600.0 -4.2 [-4.2]
26915300000000.0 8.35639e+16 23640400000.0 854188000000.0 546113000000.0 2247310000.0 167958000000.0 75356100000.0 1817050.0 594023000000.0 143372000000.0 29283800000.0 25141100.0 472369000.0 11773500000.0 13176700000.0 106921000000.0 736798.0 23638200.0 -4.18 [-4.18]
26915300000000.0 7.93482e+16 24217800000.0 845790000000.0 520125000000.0 2323580000.0 167051000000.0 68301600000.0 2042960.0 599502000000.0 125605000000.0 24606000000.0 27098400.0 511115000.0 12609600000.0 13701800000.0 104701000000.0 845643.0 26065400.0 -4.16 [-4.16]
26915300000000.0 7.53482e+16 24776900000.0 836167000000.0 494531000000.0 2400750000.0 165939000000.0 61807600000.0 2297000.0 604443000000.0 109893000000.0 20648800000.0 29130600.0 551704000.0 13471800000.0 14213200000.0 102253000000.0 969096.0 28688200.0 -4.14 [-4.14]
26915300000000.0 7.15524e+16 25316200000.0 825380000000.0 469400000000.0 2478790000.0 164630000000.0 55841500000.0 2582540.0 608830000000.0 96017400000.0 17305400000.0 31230600.0 594050000.0 14356300000.0 14707000000.0 99589100000.0 1108890.0 31515800.0 -4.12 [-4.12]
26915300000000.0 6.79464e+16 25834400000.0 813471000000.0 444776000000.0 2557710000.0 163126000000.0 50366400000.0 2903620.0 612648000000.0 83771200000.0 14481800000.0 33391100.0 638084000.0 15259600000.0 15179400000.0 96719200000.0 1267100.0 34559400.0 -4.1 [-4.1]
26915300000000.0 6.45275e+16 26330500000.0 800554000000.0 420764000000.0 2637470000.0 161441000000.0 45360900000.0 3263980.0 615885000000.0 72997400000.0 12104600000.0 35600800.0 683606000.0 16176200000.0 15625800000.0 93665800000.0 1445520.0 37821900.0 -4.08 [-4.08]
26915300000000.0 6.12822e+16 26803100000.0 786679000000.0 397394000000.0 2718050000.0 159580000000.0 40789100000.0 3668470.0 618527000000.0 63522900000.0 10103800000.0 37849400.0 730482000.0 17100900000.0 16042500000.0 90442700000.0 1646610.0 41313100.0 -4.06 [-4.06]
26915300000000.0 5.82015e+16 27251200000.0 771926000000.0 374713000000.0 2799460000.0 157551000000.0 36621300000.0 4122280.0 620561000000.0 55202600000.0 8422020000.0 40125300.0 778527000.0 18028100000.0 16425400000.0 87069000000.0 1872880.0 45039400.0 -4.04 [-4.04]
26915300000000.0 5.52764e+16 27674100000.0 756371000000.0 352760000000.0 2881660000.0 155362000000.0 32828700000.0 4631130.0 621974000000.0 47905500000.0 7010140000.0 42415800.0 827526000.0 18951400000.0 16770800000.0 83564800000.0 2127110.0 49006500.0 -4.02 [-4.02]
26915300000000.0 5.24993e+16 28071200000.0 740103000000.0 331569000000.0 2964690000.0 153024000000.0 29384200000.0 5201340.0 622756000000.0 41515000000.0 5826540000.0 44708300.0 877250000.0 19863900000.0 17074800000.0 79952300000.0 2412300.0 53218600.0 -4.0 [-4.0]
26915300000000.0 4.98624e+16 28442400000.0 723203000000.0 311165000000.0 3048560000.0 150545000000.0 26261200000.0 5839880.0 622898000000.0 35925900000.0 4835630000.0 46989300.0 927446000.0 20758700000.0 17334200000.0 76253900000.0 2731740.0 57679300.0 -3.98 [-3.98]
26915300000000.0 4.73616e+16 28787200000.0 705784000000.0 291594000000.0 3133230000.0 147939000000.0 23438000000.0 6553760.0 622397000000.0 31050000000.0 4008050000.0 49243700.0 977782000.0 21628300000.0 17546200000.0 72497800000.0 3088570.0 62385200.0 -3.96 [-3.96]
26915300000000.0 4.49805e+16 29105700000.0 687844000000.0 272796000000.0 3218860000.0 145202000000.0 20881400000.0 7353590.0 621224000000.0 26787400000.0 3315530000.0 51463200.0 1028160000.0 22466200000.0 17707700000.0 68693700000.0 3488020.0 67352700.0 -3.94 [-3.94]
26915300000000.0 4.27223e+16 29398200000.0 669550000000.0 254852000000.0 3305360000.0 142358000000.0 18578700000.0 8246520.0 619395000000.0 23079700000.0 2738940000.0 53630000.0 1078120000.0 23264300000.0 17817100000.0 64879700000.0 3932960.0 72565000.0 -3.92 [-3.92]
26915300000000.0 4.05776e+16 29664600000.0 650950000000.0 237740000000.0 3392800000.0 139413000000.0 16505600000.0 9243510.0 616897000000.0 19855000000.0 2258970000.0 55732900.0 1127430000.0 24015700000.0 17872900000.0 61074400000.0 4428410.0 78024600.0 -3.9 [-3.9]
26915300000000.0 3.85437e+16 29905700000.0 632155000000.0 221480000000.0 3481190000.0 136381000000.0 14644800000.0 10354400.0 613739000000.0 17058200000.0 1860520000.0 57759000.0 1175730000.0 24713900000.0 17874800000.0 57306100000.0 4978540.0 83719900.0 -3.88 [-3.88]
26915300000000.0 3.66091e+16 30121900000.0 613176000000.0 206019000000.0 3570690000.0 133263000000.0 12973000000.0 11593900.0 609898000000.0 14629500000.0 1529390000.0 59701200.0 1222900000.0 25352800000.0 17821400000.0 53586700000.0 5590110.0 89659200.0 -3.86 [-3.86]
26915300000000.0 3.4769e+16 30313900000.0 594079000000.0 191350000000.0 3661360000.0 130067000000.0 11473500000.0 12975600.0 605368000000.0 12523900000.0 1254710000.0 61549600.0 1268680000.0 25926700000.0 17712900000.0 49937000000.0 6269160.0 95836000.0 -3.84 [-3.84]
26915300000000.0 3.30268e+16 30482700000.0 575033000000.0 177519000000.0 3753160000.0 126822000000.0 10136500000.0 14509200.0 600201000000.0 10708600000.0 1028130000.0 63291600.0 1312630000.0 26431300000.0 17552600000.0 46390800000.0 7018850.0 102216000.0 -3.82 [-3.82]
