Cloudy_runs/pg1259/z=0.046284/logZ=-1/component_IV_PI_nH/component_IV_PI_nH_col_density_param.txt
# %ECSV 1.0
# ---
# datatype:
# - {name: H, datatype: float64}
# - {name: H+, datatype: float64}
# - {name: C+, datatype: float64}
# - {name: C+2, datatype: float64}
# - {name: C+3, datatype: float64}
# - {name: N+, datatype: float64}
# - {name: N+2, datatype: float64}
# - {name: N+4, datatype: float64}
# - {name: O, datatype: float64}
# - {name: O+2, datatype: float64}
# - {name: O+5, datatype: float64}
# - {name: O+6, datatype: float64}
# - {name: P+, datatype: float64}
# - {name: Si+, datatype: float64}
# - {name: Si+2, datatype: float64}
# - {name: Si+3, datatype: float64}
# - {name: Si+4, datatype: float64}
# - {name: Fe+, datatype: float64}
# - {name: Al+, datatype: float64}
# - {name: log_nH, datatype: float64}
# - {name: parameters, datatype: string, subtype: 'float64[1]'}
# schema: astropy-2.0
H H+ C+ C+2 C+3 N+ N+2 N+4 O O+2 O+5 O+6 P+ Si+ Si+2 Si+3 Si+4 Fe+ Al+ log_nH parameters
[from data line 277]
26915300000000.0 3253250000000.0 428670000.0 918599.0 0.0 7055550.0 53.8708 0.0 1355740000.0 1408.31 0.0 0.0 773559.0 94759900.0 128.366 156.254 0.0 95409900.0 8488510.0 0.54 [0.54]
26915300000000.0 3133710000000.0 419931000.0 866408.0 0.0 6546570.0 47.9011 0.0 1354920000.0 1298.92 0.0 0.0 770496.0 94275200.0 114.303 148.272 0.0 95036200.0 8455850.0 0.56 [0.56]
26915300000000.0 3021790000000.0 411425000.0 818091.0 0.0 6099060.0 42.7731 0.0 1354120000.0 1198.36 0.0 0.0 767626.0 93818500.0 104.089 140.726 0.0 94686100.0 8425260.0 0.58 [0.58]
26915300000000.0 2915820000000.0 403077000.0 772970.0 0.0 5698790.0 38.3134 0.0 1353350000.0 1105.63 0.0 0.0 764904.0 93382200.0 96.1633 133.586 0.0 94354600.0 8396280.0 0.6 [0.6]
26915300000000.0 2815320000000.0 394892000.0 730796.0 0.0 5337650.0 34.4094 0.0 1352610000.0 1020.19 0.0 0.0 762321.0 92964600.0 89.6986 126.829 0.0 94040100.0 8368790.0 0.62 [0.62]
26915300000000.0 2719060000000.0 386797000.0 691056.0 0.0 5008320.0 30.9657 0.0 1351880000.0 941.177 0.0 0.0 759844.0 92560000.0 84.2047 120.425 0.0 93738900.0 8342460.0 0.64 [0.64]
26915300000000.0 2626660000000.0 378785000.0 653556.0 0.0 4706260.0 27.9153 0.0 1351170000.0 868.113 0.0 0.0 757463.0 92166600.0 79.3893 114.355 0.0 93449800.0 8317180.0 0.66 [0.66]
26915300000000.0 2538370000000.0 370903000.0 618305.0 0.0 4428780.0 25.2084 0.0 1350490000.0 800.734 0.0 0.0 755186.0 91786100.0 75.0737 108.606 0.0 93173600.0 8293020.0 0.68 [0.68]
26915300000000.0 2454000000000.0 363153000.0 585135.0 0.0 4172850.0 22.7989 0.0 1349830000.0 738.614 0.0 0.0 753008.0 91418200.0 71.1415 103.159 0.0 92909700.0 8269940.0 0.7 [0.7]
26915300000000.0 2372450000000.0 355454000.0 553656.0 0.0 3934930.0 20.6427 0.0 1349180000.0 681.082 0.0 0.0 750900.0 91056800.0 67.506 97.9896 0.0 92654700.0 8247630.0 0.72 [0.72]
26915300000000.0 2294230000000.0 347870000.0 523973.0 0.0 3714130.0 18.7141 0.0 1348550000.0 628.008 0.0 0.0 748876.0 90705100.0 64.1199 93.0896 0.0 92410200.0 8226240.0 0.74 [0.74]
26915300000000.0 2218930000000.0 340379000.0 495898.0 0.0 3508420.0 16.9842 0.0 1347950000.0 578.981 0.0 0.0 746925.0 90361100.0 60.9457 88.4417 0.0 92174900.0 8205650.0 0.76 [0.76]
26915300000000.0 2146390000000.0 332979000.0 469331.0 0.0 3316370.0 15.4298 0.0 1347360000.0 533.696 0.0 0.0 745042.0 90024000.0 57.9573 84.0319 0.0 91948300.0 8185820.0 0.78 [0.78]
26915300000000.0 2076670000000.0 325689000.0 444230.0 0.0 3136950.0 14.0319 0.0 1346780000.0 491.918 0.0 0.0 743230.0 89694500.0 55.1366 79.8489 0.0 91730500.0 8166770.0 0.8 [0.8]
26915300000000.0 2009110000000.0 318455000.0 420362.0 0.0 2968410.0 12.7703 0.0 1346220000.0 453.257 0.0 0.0 741472.0 89368500.0 52.4658 75.8761 0.0 91519700.0 8148310.0 0.82 [0.82]
26915300000000.0 1944270000000.0 311348000.0 397838.0 0.0 2810660.0 11.6334 0.0 1345690000.0 417.638 0.0 0.0 739782.0 89050100.0 49.9366 72.1076 0.0 91317400.0 8130610.0 0.84 [0.84]
26915300000000.0 1881580000000.0 304317000.0 376449.0 0.0 2662230.0 10.6053 0.0 1345160000.0 384.726 0.0 0.0 738144.0 88735600.0 47.5366 68.5288 0.0 91122000.0 8113500.0 0.86 [0.86]
26915300000000.0 1820960000000.0 297365000.0 356141.0 0.0 2522430.0 9.675 0.0 1344650000.0 354.328 0.0 0.0 736558.0 88424700.0 45.2577 65.1298 0.0 90933000.0 8096970.0 0.88 [0.88]
26915300000000.0 1762590000000.0 290523000.0 336919.0 0.0 2390910.0 8.83815 0.0 1344150000.0 326.174 0.0 0.0 735029.0 88119000.0 43.0937 61.9032 0.0 90751200.0 8081070.0 0.9 [0.9]
26915300000000.0 1706170000000.0 283766000.0 318686.0 0.0 2267010.0 8.09842 0.0 1343670000.0 299.808 0.0 0.0 733547.0 87816300.0 41.0375 58.8383 0.0 90575500.0 8065700.0 0.92 [0.92]
26915300000000.0 1651730000000.0 277108000.0 301391.0 0.0 2150070.0 7.42539 0.0 1343200000.0 275.627 0.0 0.0 732114.0 87517500.0 39.083 55.9274 0.0 90406100.0 8050880.0 0.94 [0.94]
26915300000000.0 1599240000000.0 270557000.0 285005.0 0.0 2039740.0 6.81303 0.0 1342750000.0 253.452 0.0 0.0 730729.0 87222600.0 37.2252 53.1629 0.0 90242900.0 8036610.0 0.96 [0.96]
26915300000000.0 1548490000000.0 264093000.0 269433.0 0.0 1935320.0 6.25465 0.0 1342310000.0 233.089 0.0 0.0 729387.0 86929900.0 35.4579 50.5361 0.0 90085200.0 8022830.0 0.98 [0.98]
26915300000000.0 1499460000000.0 257725000.0 254652.0 0.0 1836530.0 5.74544 0.0 1341880000.0 214.396 0.0 0.0 728088.0 86639800.0 33.7768 48.0403 0.0 89932900.0 8009520.0 1.0 [1.0]
