Cloudy_runs/pks0637/component_I_PI_nH_Z/component_I_PI_nH_Z_col_density_param.txt
# %ECSV 1.0
# ---
# datatype:
# - {name: H, datatype: float64}
# - {name: H+, datatype: float64}
# - {name: C+, datatype: float64}
# - {name: C+2, datatype: float64}
# - {name: C+3, datatype: float64}
# - {name: N+2, datatype: float64}
# - {name: N+4, datatype: float64}
# - {name: O, datatype: float64}
# - {name: O+2, datatype: float64}
# - {name: O+5, datatype: float64}
# - {name: O+6, datatype: float64}
# - {name: Si+, datatype: float64}
# - {name: Si+2, datatype: float64}
# - {name: Si+3, datatype: float64}
# - {name: Si+4, datatype: float64}
# - {name: log_nH, datatype: float64}
# - {name: log_Z, datatype: float64}
# - {name: parameters, datatype: string, subtype: 'float64[2]'}
# schema: astropy-2.0
H H+ C+ C+2 C+3 N+2 N+4 O O+2 O+5 O+6 Si+ Si+2 Si+3 Si+4 log_nH log_Z parameters
[from data line 9269]
39810700000000.0 5133610000000000.0 43816900000.0 127603000000.0 3372020000.0 27384700000.0 23943800.0 1189100000.0 175982000000.0 2369510.0 0.0 3531940000.0 14863400000.0 2343230000.0 358975000.0 -2.74 -0.9 [-2.74,-0.9]
39810700000000.0 5040050000000000.0 54520800000.0 157429000000.0 4127870000.0 33666700000.0 29283300.0 1504320000.0 216956000000.0 2840100.0 0.0 4580630000.0 18131500000.0 2932100000.0 435850000.0 -2.74 -0.8 [-2.74,-0.8]
39810700000000.0 4986000000000000.0 60771600000.0 174543000000.0 4553780000.0 37250300000.0 32300600.0 1692650000.0 240462000000.0 3096320.0 0.0 5233910000.0 19963200000.0 3275310000.0 478581000.0 -2.74 -0.75 [-2.74,-0.75]
39810700000000.0 4926350000000000.0 67702500000.0 193234000000.0 5011370000.0 41146100000.0 35553100.0 1905140000.0 266135000000.0 3364310.0 0.0 5996170000.0 21924500000.0 3653520000.0 523993000.0 -2.74 -0.7 [-2.74,-0.7]
39810700000000.0 4860740000000000.0 75381600000.0 213581000000.0 5499630000.0 45365500000.0 39041300.0 2145020000.0 294087000000.0 3642050.0 0.0 6890000000.0 24009100000.0 4068060000.0 571840000.0 -2.74 -0.65 [-2.74,-0.65]
39810700000000.0 4789510000000000.0 83886000000.0 235694000000.0 6018310000.0 49925600000.0 42776300.0 2415810000.0 324482000000.0 3928800.0 0.0 7943290000.0 26210300000.0 4520450000.0 621933000.0 -2.74 -0.6 [-2.74,-0.6]
39810700000000.0 4711230000000000.0 93291000000.0 259563000000.0 6561200000.0 54815800000.0 46723200.0 2722030000.0 357306000000.0 4218210.0 0.0 9191120000.0 28503900000.0 5007910000.0 673409000.0 -2.74 -0.55 [-2.74,-0.55]
39810700000000.0 4626000000000000.0 103685000000.0 285239000000.0 7124200000.0 60038500000.0 50869200.0 3068500000.0 392636000000.0 4506900.0 0.0 10676100000.0 30866500000.0 5527980000.0 725581000.0 -2.74 -0.5 [-2.74,-0.5]
39810700000000.0 4535980000000000.0 115177000000.0 312927000000.0 7709400000.0 65631400000.0 55258800.0 3459920000.0 430791000000.0 4798310.0 0.0 12449400000.0 33284800000.0 6081250000.0 778339000.0 -2.74 -0.45 [-2.74,-0.45]
39810700000000.0 4337690000000000.0 141857000000.0 374150000000.0 8908300000.0 77841700000.0 64566000.0 4405090000.0 515300000000.0 5358800.0 0.0 17125300000.0 38084300000.0 7253610000.0 879737000.0 -2.74 -0.35 [-2.74,-0.35]
39810700000000.0 4231940000000000.0 157301000000.0 407938000000.0 9517710000.0 84495400000.0 69511700.0 4973120000.0 562051000000.0 5627860.0 0.0 20188500000.0 40377200000.0 7863080000.0 926680000.0 -2.74 -0.3 [-2.74,-0.3]
39810700000000.0 4122550000000000.0 174331000000.0 443936000000.0 10127700000.0 91520900000.0 74644000.0 5616420000.0 611944000000.0 5886180.0 0.0 23863400000.0 42514200000.0 8478600000.0 969424000.0 -2.74 -0.25 [-2.74,-0.25]
39810700000000.0 4010870000000000.0 193118000000.0 482321000000.0 10738400000.0 98947900000.0 79997000.0 6344630000.0 665259000000.0 6135350.0 0.0 28259600000.0 44432100000.0 9096570000.0 1007070000.0 -2.74 -0.2 [-2.74,-0.2]
39810700000000.0 3896670000000000.0 213829000000.0 523052000000.0 11342000000.0 106757000000.0 85530000.0 7170120000.0 721943000000.0 6369030.0 0.0 33492700000.0 46040400000.0 9708000000.0 1037860000.0 -2.74 -0.15 [-2.74,-0.15]
39810700000000.0 3780010000000000.0 236649000000.0 566090000000.0 11931600000.0 114931000000.0 91225100.0 8106530000.0 781976000000.0 6582680.0 0.0 39693100000.0 47234100000.0 10305800000.0 1060120000.0 -2.74 -0.1 [-2.74,-0.1]
39810700000000.0 3661780000000000.0 261794000000.0 611513000000.0 12505900000.0 123480000000.0 97122700.0 9168370000.0 845547000000.0 6776700.0 0.0 46994900000.0 47917200000.0 10888400000.0 1072810000.0 -2.74 -0.05 [-2.74,-0.05]
39810700000000.0 3541640000000000.0 289486000000.0 659134000000.0 13054900000.0 132357000000.0 103194000.0 10373700000.0 912473000000.0 6944280.0 0.0 55520500000.0 47977700000.0 11449300000.0 1074370000.0 -2.74 0.0 [-2.74,0.0]
39810700000000.0 3417910000000000.0 319927000000.0 708295000000.0 13554800000.0 141418000000.0 109292000.0 11745800000.0 981895000000.0 7068020.0 0.0 65354700000.0 47289900000.0 11974000000.0 1062550000.0 -2.74 0.05 [-2.74,0.05]
39810700000000.0 3290270000000000.0 353348000000.0 758444000000.0 13989700000.0 150550000000.0 115389000.0 13309200000.0 1053240000000.0 7139840.0 0.0 76558000000.0 45758800000.0 12457100000.0 1036510000.0 -2.74 0.1 [-2.74,0.1]
39810700000000.0 3157030000000000.0 389946000000.0 808376000000.0 14327500000.0 159507000000.0 121327000.0 15095700000.0 1125040000000.0 7140260.0 0.0 89079700000.0 43322700000.0 12886100000.0 995385000.0 -2.74 0.15 [-2.74,0.15]
39810700000000.0 3014600000000000.0 429808000000.0 855724000000.0 14510700000.0 167817000000.0 126749000.0 17148700000.0 1194250000000.0 7033960.0 0.0 102695000000.0 39951400000.0 13234800000.0 938084000.0 -2.74 0.2 [-2.74,0.2]
39810700000000.0 2860230000000000.0 472971000000.0 897550000000.0 14481600000.0 174915000000.0 131296000.0 19522300000.0 1257140000000.0 6789870.0 0.0 116897000000.0 35809800000.0 13485700000.0 866635000.0 -2.74 0.25 [-2.74,0.25]
39810700000000.0 2691760000000000.0 519358000000.0 930236000000.0 14186400000.0 180137000000.0 134636000.0 22285100000.0 1309170000000.0 6384120.0 0.0 130854000000.0 31281500000.0 13631000000.0 786051000.0 -2.74 0.3 [-2.74,0.3]
39810700000000.0 2504910000000000.0 568411000000.0 948136000000.0 13548400000.0 182429000000.0 136031000.0 25541600000.0 1342690000000.0 5781770.0 0.0 143334000000.0 26865800000.0 13639100000.0 700990000.0 -2.74 0.35 [-2.74,0.35]
39810700000000.0 2295590000000000.0 618738000000.0 944374000000.0 12506700000.0 180499000000.0 134601000.0 29442200000.0 1347940000000.0 4968340.0 0.0 152952000000.0 22992600000.0 13461100000.0 614423000.0 -2.74 0.4 [-2.74,0.4]
39810700000000.0 1835740000000000.0 712022000000.0 871275000000.0 9663510000.0 163278000000.0 121358000.0 39964200000.0 1259800000000.0 3059410.0 0.0 161736000000.0 17440700000.0 12473100000.0 449102000.0 -2.74 0.5 [-2.74,0.5]
39810700000000.0 1610680000000000.0 746542000000.0 817866000000.0 8294990000.0 150077000000.0 109514000.0 47053900000.0 1175220000000.0 2220090.0 0.0 162438000000.0 15174800000.0 11675500000.0 373552000.0 -2.74 0.55 [-2.74,0.55]
39810700000000.0 1409040000000000.0 769814000000.0 771716000000.0 7241730000.0 136690000000.0 95995700.0 55644100000.0 1080900000000.0 1578480.0 0.0 162544000000.0 13121600000.0 10815000000.0 309664000.0 -2.74 0.6 [-2.74,0.6]
39810700000000.0 1243440000000000.0 786455000000.0 745754000000.0 6603370000.0 125693000000.0 83725500.0 65779900000.0 995922000000.0 1145680.0 0.0 163778000000.0 11473200000.0 10095700000.0 262745000.0 -2.74 0.65 [-2.74,0.65]
39810700000000.0 1108470000000000.0 799260000000.0 739081000000.0 6287740000.0 117270000000.0 73582900.0 77649800000.0 921295000000.0 853800.0 0.0 166393000000.0 10172200000.0 9538180000.0 228989000.0 -2.74 0.7 [-2.74,0.7]
39810700000000.0 999302000000000.0 811745000000.0 750006000000.0 6220620000.0 111978000000.0 66157600.0 91380400000.0 858886000000.0 656879.0 0.0 170650000000.0 9176750000.0 9137040000.0 205335000.0 -2.74 0.75 [-2.74,0.75]
39810700000000.0 908647000000000.0 825086000000.0 774030000000.0 6315510000.0 108140000000.0 60245100.0 107044000000.0 808563000000.0 519832.0 0.0 176299000000.0 8391000000.0 8829030000.0 188114000.0 -2.74 0.8 [-2.74,0.8]
793011000000.0 16638600000000.0 16780700000.0 16188500000.0 129838000.0 2113300000.0 1103140.0 2486510000.0 15384200000.0 0.0 0.0 3662310000.0 155677000.0 172475000.0 3474610.0 -2.74 0.85 [-2.74,0.85]
798742000000.0 15322400000000.0 17262200000.0 16942300000.0 131384000.0 2064640000.0 990102.0 2919570000.0 14613500000.0 0.0 0.0 3828480000.0 144442000.0 167509000.0 3171480.0 -2.74 0.9 [-2.74,0.9]
790337000000.0 12379400000000.0 19559200000.0 19887100000.0 141326000.0 2062330000.0 824208.0 4468600000.0 13432300000.0 0.0 0.0 4486600000.0 126266000.0 163032000.0 2733230.0 -2.74 1.05 [-2.74,1.05]
799268000000.0 11613600000000.0 20972800000.0 20733000000.0 140205000.0 2059310000.0 764407.0 5218670000.0 13038600000.0 0.0 0.0 4768120000.0 120938000.0 160633000.0 2598890.0 -2.74 1.1 [-2.74,1.1]
799506000000.0 10935100000000.0 22548300000.0 21677500000.0 140723000.0 2082950000.0 730310.0 6008180000.0 12834800000.0 0.0 0.0 5077160000.0 117372000.0 160680000.0 2529210.0 -2.74 1.15 [-2.74,1.15]
789518000000.0 10343700000000.0 24264900000.0 22801000000.0 143844000.0 2141330000.0 723237.0 6806350000.0 12867700000.0 0.0 0.0 5419550000.0 116266000.0 163804000.0 2530030.0 -2.74 1.2 [-2.74,1.2]
801751000000.0 9317890000000.0 29134000000.0 24677300000.0 141787000.0 2215980000.0 660412.0 9104490000.0 12651800000.0 0.0 0.0 6240590000.0 112187000.0 166153000.0 2454060.0 -2.74 1.3 [-2.74,1.3]
801925000000.0 8890200000000.0 31966900000.0 25831200000.0 143040000.0 2284300000.0 647135.0 10422100000.0 12740600000.0 0.0 0.0 6721430000.0 112252000.0 170008000.0 2471680.0 -2.74 1.35 [-2.74,1.35]
792655000000.0 8516930000000.0 34966500000.0 27296500000.0 147662000.0 2391010000.0 655048.0 11766600000.0 13058400000.0 0.0 0.0 7255110000.0 114479000.0 177017000.0 2548670.0 -2.74 1.4 [-2.74,1.4]
792617000000.0 8174140000000.0 38531300000.0 28717300000.0 150398000.0 2486930000.0 649225.0 13439800000.0 13296100000.0 0.0 0.0 7854450000.0 116192000.0 183038000.0 2604630.0 -2.74 1.45 [-2.74,1.45]
802544000000.0 7853870000000.0 42753700000.0 30033200000.0 150736000.0 2564980000.0 627697.0 15540900000.0 13417200000.0 0.0 0.0 8524640000.0 117129000.0 187583000.0 2632580.0 -2.74 1.5 [-2.74,1.5]
792383000000.0 7593410000000.0 47015200000.0 32058500000.0 158421000.0 2724880000.0 648301.0 17479500000.0 14006600000.0 0.0 0.0 9274500000.0 122173000.0 198593000.0 2775600.0 -2.74 1.55 [-2.74,1.55]
792405000000.0 7350260000000.0 52062800000.0 34026600000.0 163850000.0 2870260000.0 653230.0 19912200000.0 14489300000.0 0.0 0.0 10116600000.0 126518000.0 208330000.0 2892770.0 -2.74 1.6 [-2.74,1.6]
792477000000.0 7130880000000.0 57727700000.0 36194600000.0 170115000.0 3032800000.0 660823.0 22671500000.0 15046900000.0 0.0 0.0 11057300000.0 131686000.0 219308000.0 3029670.0 -2.74 1.65 [-2.74,1.65]
799317000000.0 6936900000000.0 64392800000.0 38405800000.0 175217000.0 3193540000.0 659464.0 26497000000.0 15526600000.0 0.0 0.0 12127600000.0 136805000.0 230031000.0 3160940.0 -2.74 1.7 [-2.74,1.7]
799353000000.0 6776940000000.0 71737800000.0 41125400000.0 184057000.0 3406540000.0 675460.0 30794700000.0 16245600000.0 0.0 0.0 13337200000.0 144267000.0 244612000.0 3357360.0 -2.74 1.75 [-2.74,1.75]
799398000000.0 6627080000000.0 79958600000.0 44061500000.0 193579000.0 3637270000.0 692585.0 35407100000.0 17048500000.0 0.0 0.0 14679800000.0 152525000.0 260431000.0 3573340.0 -2.74 1.8 [-2.74,1.8]
799455000000.0 6495000000000.0 89259000000.0 47291400000.0 204270000.0 3894040000.0 712499.0 40701000000.0 17947500000.0 0.0 0.0 16189300000.0 161928000.0 278071000.0 3819410.0 -2.74 1.85 [-2.74,1.85]
799556000000.0 6379420000000.0 99798100000.0 50837500000.0 216198000.0 4179090000.0 735066.0 46777100000.0 18948200000.0 0.0 0.0 17888300000.0 172572000.0 297673000.0 4098610.0 -2.74 1.9 [-2.74,1.9]
799619000000.0 6279360000000.0 111755000000.0 54729200000.0 229492000.0 4495430000.0 760383.0 53745500000.0 20060300000.0 0.0 0.0 19802700000.0 184591000.0 319444000.0 4415280.0 -2.74 1.95 [-2.74,1.95]
799664000000.0 6193850000000.0 125343000000.0 58991200000.0 244237000.0 4845750000.0 788289.0 61736800000.0 21291000000.0 0.0 0.0 21962100000.0 198112000.0 343557000.0 4773630.0 -2.74 2.0 [-2.74,2.0]
39810700000000.0 5235960000000000.0 361664000.0 1028390000.0 25857600.0 220067000.0 177916.0 9772600.0 1394570000.0 17599.1 0.0 25377800.0 125637000.0 17079200.0 2805430.0 -2.72 -3.0 [-2.72,-3.0]
39810700000000.0 5235600000000000.0 405770000.0 1153790000.0 29010200.0 246897000.0 199605.0 10965200.0 1564600000.0 19742.9 0.0 28476900.0 140952000.0 19163100.0 3147340.0 -2.72 -2.95 [-2.72,-2.95]
39810700000000.0 5235200000000000.0 455252000.0 1294470000.0 32546800.0 276996000.0 223935.0 12303400.0 1755360000.0 22147.3 0.0 31954700.0 158132000.0 21501400.0 3530870.0 -2.72 -2.9 [-2.72,-2.9]
39810700000000.0 5234740000000000.0 510765000.0 1452290000.0 36514200.0 310761000.0 251227.0 13805000.0 1969350000.0 24844.0 0.0 35857800.0 177403000.0 24125000.0 3961070.0 -2.72 -2.85 [-2.72,-2.85]
39810700000000.0 5234240000000000.0 573042000.0 1629330000.0 40964600.0 348636000.0 281840.0 15489900.0 2209400000.0 27868.3 0.0 40238000.0 199019000.0 27068700.0 4443600.0 -2.72 -2.8 [-2.72,-2.8]
39810700000000.0 5233670000000000.0 642905000.0 1827940000.0 45956700.0 391122000.0 316179.0 17380400.0 2478680000.0 31259.7 0.0 45154100.0 223265000.0 30371600.0 4984800.0 -2.72 -2.75 [-2.72,-2.75]
39810700000000.0 5233030000000000.0 721279000.0 2050720000.0 51556400.0 438778000.0 354694.0 19501800.0 2780730000.0 35062.6 0.0 50671600.0 250460000.0 34077500.0 5591780.0 -2.72 -2.7 [-2.72,-2.7]
39810700000000.0 5231510000000000.0 907818000.0 2580920000.0 64882000.0 552186000.0 446341.0 24553200.0 3499570000.0 44107.2 0.0 63815400.0 315167000.0 42901100.0 7035860.0 -2.72 -2.6 [-2.72,-2.6]
39810700000000.0 5230610000000000.0 1018440000.0 2895320000.0 72783000.0 619427000.0 500674.0 27550400.0 3925800000.0 49466.5 0.0 71617900.0 353528000.0 48135900.0 7891850.0 -2.72 -2.55 [-2.72,-2.55]
39810700000000.0 5229600000000000.0 1142530000.0 3247950000.0 81643900.0 694838000.0 561604.0 30913600.0 4403850000.0 55473.8 0.0 80376400.0 396544000.0 54009400.0 8851630.0 -2.72 -2.5 [-2.72,-2.5]
39810700000000.0 5228460000000000.0 1281710000.0 3643440000.0 91581000.0 779406000.0 629927.0 34687600.0 4939970000.0 62206.9 0.0 90208900.0 444778000.0 60599600.0 9927720.0 -2.72 -2.45 [-2.72,-2.45]
39810700000000.0 5225760000000000.0 1612890000.0 4584350000.0 115219000.0 980571000.0 792421.0 43675100.0 6215360000.0 78206.6 0.0 113642000.0 559489000.0 76290500.0 12486300.0 -2.72 -2.35 [-2.72,-2.35]
39810700000000.0 5224160000000000.0 1809230000.0 5142090000.0 129227000.0 1099790000.0 888705.0 49008300.0 6971300000.0 87677.9 0.0 127558000.0 627455000.0 85599300.0 14002000.0 -2.72 -2.3 [-2.72,-2.3]
39810700000000.0 5222370000000000.0 2029420000.0 5767450000.0 144932000.0 1233450000.0 996633.0 54993100.0 7818840000.0 98286.5 0.0 143186000.0 703636000.0 96044000.0 15700500.0 -2.72 -2.25 [-2.72,-2.25]
39810700000000.0 5218100000000000.0 2553170000.0 7254590000.0 182270000.0 1551200000.0 1253160.0 69247200.0 9834090000.0 123467.0 0.0 180451000.0 884685000.0 120912000.0 19735800.0 -2.72 -2.15 [-2.72,-2.15]
39810700000000.0 5215560000000000.0 2863570000.0 8135660000.0 204385000.0 1739400000.0 1405050.0 77706600.0 11027900000.0 138354.0 0.0 202596000.0 991875000.0 135665000.0 22124100.0 -2.72 -2.1 [-2.72,-2.1]
39810700000000.0 5212720000000000.0 3211540000.0 9123180000.0 229165000.0 1950290000.0 1575210.0 87200800.0 12365800000.0 155011.0 0.0 227477000.0 1111950000.0 152218000.0 24798600.0 -2.72 -2.05 [-2.72,-2.05]
39810700000000.0 5209540000000000.0 3601610000.0 10229800000.0 256927000.0 2186560000.0 1765800.0 97856700.0 13864900000.0 173644.0 0.0 255436000.0 1246420000.0 170791000.0 27793000.0 -2.72 -2.0 [-2.72,-2.0]
39810700000000.0 5205970000000000.0 4038820000.0 11469800000.0 288025000.0 2451220000.0 1979230.0 109817000.0 15544400000.0 194477.0 0.0 286860000.0 1397000000.0 191629000.0 31144600.0 -2.72 -1.95 [-2.72,-1.95]
39810700000000.0 5201970000000000.0 4528800000.0 12859000000.0 322852000.0 2747620000.0 2218180.0 123241000.0 17425700000.0 217762.0 0.0 322186000.0 1565560000.0 215009000.0 34895000.0 -2.72 -1.9 [-2.72,-1.9]
39810700000000.0 5186820000000000.0 6382080000.0 18108500000.0 454336000.0 3866730000.0 3119620.0 174217000.0 24532200000.0 305223.0 0.0 456849000.0 2201220000.0 303691000.0 49024200.0 -2.72 -1.75 [-2.72,-1.75]
39810700000000.0 5180510000000000.0 7153830000.0 20292100000.0 508972000.0 4331810000.0 3493880.0 195537000.0 27487100000.0 341360.0 0.0 513422000.0 2465040000.0 340735000.0 54881500.0 -2.72 -1.7 [-2.72,-1.7]
