Cloudy_runs/pks0637/component_I_PI_nH_Z/component_I_PI_nH_Z_col_density_param.txt
# %ECSV 1.0
# ---
# datatype:
# - {name: H, datatype: float64}
# - {name: H+, datatype: float64}
# - {name: C+, datatype: float64}
# - {name: C+2, datatype: float64}
# - {name: C+3, datatype: float64}
# - {name: N+2, datatype: float64}
# - {name: N+4, datatype: float64}
# - {name: O, datatype: float64}
# - {name: O+2, datatype: float64}
# - {name: O+5, datatype: float64}
# - {name: O+6, datatype: float64}
# - {name: Si+, datatype: float64}
# - {name: Si+2, datatype: float64}
# - {name: Si+3, datatype: float64}
# - {name: Si+4, datatype: float64}
# - {name: log_nH, datatype: float64}
# - {name: log_Z, datatype: float64}
# - {name: parameters, datatype: string, subtype: 'float64[2]'}
# schema: astropy-2.0
H H+ C+ C+2 C+3 N+2 N+4 O O+2 O+5 O+6 Si+ Si+2 Si+3 Si+4 log_nH log_Z parameters
[from data line 15023]
796154000000.0 928788000000.0 1982350000.0 137876000.0 11421.8 800653.0 0.0 2432060000.0 4565740.0 0.0 0.0 274151000.0 75665.1 95778.3 521.796 -1.34 0.7 [-1.34,0.7]
796128000000.0 866107000000.0 2121180000.0 149631000.0 11908.4 821717.0 0.0 2748040000.0 4394110.0 0.0 0.0 295463000.0 78883.5 99809.4 542.007 -1.34 0.75 [-1.34,0.75]
796191000000.0 813093000000.0 2283060000.0 159330000.0 12353.0 848504.0 0.0 3104670000.0 4274260.0 0.0 0.0 319896000.0 82372.0 104812.0 568.112 -1.34 0.8 [-1.34,0.8]
796158000000.0 767560000000.0 2468160000.0 167394000.0 12779.6 880584.0 0.0 3505910000.0 4195210.0 0.0 0.0 347618000.0 86274.1 110779.0 599.869 -1.34 0.85 [-1.34,0.85]
796151000000.0 727967000000.0 2677060000.0 174637000.0 13225.7 917713.0 0.0 3957900000.0 4147060.0 0.0 0.0 378917000.0 90927.2 117727.0 637.277 -1.34 0.9 [-1.34,0.9]
796156000000.0 693293000000.0 2911030000.0 181814000.0 13725.7 960099.0 0.0 4466620000.0 4125860.0 0.0 0.0 414161000.0 96366.3 125719.0 680.618 -1.34 0.95 [-1.34,0.95]
796161000000.0 662720000000.0 3171830000.0 189450000.0 14302.0 1008010.0 0.0 5038830000.0 4128360.0 0.0 0.0 453762000.0 102640.0 134825.0 730.272 -1.34 1.0 [-1.34,1.0]
796161000000.0 635459000000.0 3461300000.0 197791000.0 14963.4 1061500.0 0.0 5682210000.0 4150060.0 0.0 0.0 498139000.0 109785.0 145102.0 786.557 -1.34 1.05 [-1.34,1.05]
796159000000.0 612029000000.0 3786240000.0 207596000.0 15760.5 1123790.0 0.0 6404260000.0 4207900.0 0.0 0.0 548280000.0 118094.0 156902.0 851.374 -1.34 1.1 [-1.34,1.1]
796182000000.0 571892000000.0 4545230000.0 230282000.0 17665.9 1269130.0 0.0 8236540000.0 4185310.0 0.0 0.0 667183000.0 138001.0 184893.0 1005.93 -1.34 1.2 [-1.34,1.2]
797563000000.0 536919000000.0 5468120000.0 255806000.0 19910.0 1437990.0 0.0 10605900000.0 4082660.0 0.0 0.0 815292000.0 162581.0 219053.0 1196.14 -1.34 1.3 [-1.34,1.3]
796184000000.0 523500000000.0 6009180000.0 272107000.0 21347.0 1544460.0 0.0 12004000000.0 4059350.0 0.0 0.0 902888000.0 177696.0 239800.0 1311.79 -1.34 1.35 [-1.34,1.35]
797470000000.0 495812000000.0 7249860000.0 304021000.0 24324.4 1766200.0 0.0 15373700000.0 3922050.0 0.0 0.0 1109080000.0 212117.0 286550.0 1575.12 -1.34 1.45 [-1.34,1.45]
796237000000.0 485401000000.0 7978460000.0 324076000.0 26196.7 1905120.0 0.0 17363600000.0 3874980.0 0.0 0.0 1231170000.0 233233.0 314829.0 1734.68 -1.34 1.5 [-1.34,1.5]
796216000000.0 474505000000.0 8775140000.0 343841000.0 28121.3 2048520.0 0.0 19602200000.0 3802910.0 0.0 0.0 1367120000.0 256324.0 345463.0 1908.84 -1.34 1.55 [-1.34,1.55]
797392000000.0 463199000000.0 9645320000.0 363111000.0 30093.8 2195900.0 0.0 22117300000.0 3711120.0 0.0 0.0 1518600000.0 281591.0 378630.0 2099.0 -1.34 1.6 [-1.34,1.6]
796190000000.0 455148000000.0 10626300000.0 387473000.0 32524.9 2377630.0 0.0 24916700000.0 3661230.0 0.0 0.0 1689040000.0 311259.0 417165.0 2319.59 -1.34 1.65 [-1.34,1.65]
796209000000.0 446874000000.0 11705300000.0 417095000.0 35273.0 2571320.0 0.0 28056100000.0 3613860.0 0.0 0.0 1879680000.0 344064.0 460581.0 2563.98 -1.34 1.7 [-1.34,1.7]
796155000000.0 439217000000.0 12896400000.0 448945000.0 38281.3 2783390.0 0.0 31564500000.0 3576310.0 0.0 0.0 2092750000.0 380851.0 508893.0 2836.67 -1.34 1.75 [-1.34,1.75]
796238000000.0 426221000000.0 15678800000.0 520734000.0 45251.0 3274950.0 0.0 39894400000.0 3551340.0 0.0 0.0 2599490000.0 468970.0 623259.0 3484.97 -1.34 1.85 [-1.34,1.85]
796182000000.0 420658000000.0 17294400000.0 560760000.0 49256.9 3557410.0 0.0 44812900000.0 3569570.0 0.0 0.0 2899110000.0 521388.0 690527.0 3868.11 -1.34 1.9 [-1.34,1.9]
796227000000.0 415938000000.0 19090400000.0 604210000.0 53695.3 3870250.0 0.0 50328700000.0 3620730.0 0.0 0.0 3235720000.0 580556.0 765954.0 4299.18 -1.34 1.95 [-1.34,1.95]
39810700000000.0 195137000000000.0 61440400.0 7202320.0 869.628 69851.1 0.0 25915400.0 359391.0 0.0 0.0 7754720.0 762735.0 5530.37 56.9353 -1.32 -2.95 [-1.32,-2.95]
39810700000000.0 195129000000000.0 68935100.0 8080680.0 975.671 78367.9 0.0 29077500.0 403227.0 0.0 0.0 8700820.0 855607.0 6204.8 63.8734 -1.32 -2.9 [-1.32,-2.9]
39810700000000.0 195121000000000.0 77343900.0 9066100.0 1094.63 87922.0 0.0 32625600.0 452408.0 0.0 0.0 9762330.0 959760.0 6961.43 71.6557 -1.32 -2.85 [-1.32,-2.85]
39810700000000.0 195111000000000.0 86777800.0 10171600.0 1228.09 98639.9 0.0 36606500.0 507585.0 0.0 0.0 10953300.0 1076560.0 7810.26 80.3846 -1.32 -2.8 [-1.32,-2.8]
39810700000000.0 195100000000000.0 97362100.0 11411800.0 1377.81 110663.0 0.0 41073200.0 569488.0 0.0 0.0 12289600.0 1207520.0 8762.52 90.1749 -1.32 -2.75 [-1.32,-2.75]
39810700000000.0 195088000000000.0 109237000.0 12803100.0 1545.75 124150.0 0.0 46084900.0 638935.0 0.0 0.0 13788800.0 1354370.0 9830.77 101.155 -1.32 -2.7 [-1.32,-2.7]
39810700000000.0 195074000000000.0 122559000.0 14363800.0 1734.14 139278.0 0.0 51708100.0 716846.0 0.0 0.0 15471000.0 1519010.0 11029.1 113.469 -1.32 -2.65 [-1.32,-2.65]
39810700000000.0 195058000000000.0 137505000.0 16114700.0 1945.47 156246.0 0.0 58017500.0 804251.0 0.0 0.0 17358200.0 1703570.0 12373.4 127.278 -1.32 -2.6 [-1.32,-2.6]
39810700000000.0 195041000000000.0 154272000.0 18078700.0 2182.51 175279.0 0.0 65096700.0 902304.0 0.0 0.0 19475700.0 1910450.0 13881.3 142.763 -1.32 -2.55 [-1.32,-2.55]
39810700000000.0 195021000000000.0 173083000.0 20281700.0 2448.38 196625.0 0.0 73039700.0 1012300.0 0.0 0.0 21851300.0 2142320.0 15572.7 160.125 -1.32 -2.5 [-1.32,-2.5]
39810700000000.0 194975000000000.0 217858000.0 25524400.0 3081.03 247414.0 0.0 91951700.0 1274110.0 0.0 0.0 27506900.0 2693300.0 19597.8 201.414 -1.32 -2.4 [-1.32,-2.4]
39810700000000.0 194926000000000.0 244395000.0 28627700.0 3455.27 277469.0 0.0 103171000.0 1429090.0 0.0 0.0 30859300.0 3018870.0 21980.4 225.824 -1.32 -2.35 [-1.32,-2.35]
39810700000000.0 194895000000000.0 274181000.0 32113500.0 3875.79 311223.0 0.0 115760000.0 1603210.0 0.0 0.0 34622800.0 3384110.0 24656.5 253.234 -1.32 -2.3 [-1.32,-2.3]
39810700000000.0 194881000000000.0 307619000.0 36029400.0 4348.39 349134.0 0.0 129886000.0 1798860.0 0.0 0.0 38848100.0 3793840.0 27662.6 284.016 -1.32 -2.25 [-1.32,-2.25]
39810700000000.0 194821000000000.0 345072000.0 40406500.0 4876.05 391498.0 0.0 145734000.0 2017550.0 0.0 0.0 43581800.0 4250980.0 31022.9 318.37 -1.32 -2.2 [-1.32,-2.2]
39810700000000.0 194728000000000.0 434259000.0 50833900.0 6133.4 492377.0 0.0 183468000.0 2538740.0 0.0 0.0 54857200.0 5336810.0 39027.3 400.117 -1.32 -2.1 [-1.32,-2.1]
39810700000000.0 194672000000000.0 487139000.0 57013300.0 6878.32 552130.0 0.0 205855000.0 2847700.0 0.0 0.0 61544700.0 5978110.0 43770.5 448.481 -1.32 -2.05 [-1.32,-2.05]
39810700000000.0 194610000000000.0 546444000.0 63940600.0 7713.24 619090.0 0.0 230974000.0 3194150.0 0.0 0.0 69046600.0 6695080.0 49087.6 502.628 -1.32 -2.0 [-1.32,-2.0]
39810700000000.0 194561000000000.0 612999000.0 71718900.0 8650.99 694244.0 0.0 259158000.0 3583310.0 0.0 0.0 77467900.0 7497760.0 55057.2 563.36 -1.32 -1.95 [-1.32,-1.95]
39810700000000.0 194482000000000.0 687580000.0 80423200.0 9699.63 778302.0 0.0 290781000.0 4018910.0 0.0 0.0 86908200.0 8392820.0 61737.5 631.184 -1.32 -1.9 [-1.32,-1.9]
39810700000000.0 194294000000000.0 864964000.0 101106000.0 12190.2 977864.0 0.0 366073000.0 5054630.0 0.0 0.0 109374000.0 10506500.0 77609.8 791.866 -1.32 -1.8 [-1.32,-1.8]
39810700000000.0 194182000000000.0 970072000.0 113349000.0 13663.7 1095870.0 0.0 410742000.0 5668130.0 0.0 0.0 122695000.0 11748900.0 87004.0 886.654 -1.32 -1.75 [-1.32,-1.75]
39810700000000.0 194055000000000.0 1087890000.0 127061000.0 15313.3 1227940.0 0.0 460862000.0 6355620.0 0.0 0.0 137634000.0 13132400.0 97524.8 992.53 -1.32 -1.7 [-1.32,-1.7]
39810700000000.0 193913000000000.0 1219940000.0 142415000.0 17159.6 1375680.0 0.0 517098000.0 7125920.0 0.0 0.0 154389000.0 14671800.0 109304.0 1110.72 -1.32 -1.65 [-1.32,-1.65]
39810700000000.0 193753000000000.0 1367920000.0 159603000.0 19225.3 1540910.0 0.0 580196000.0 7988840.0 0.0 0.0 173176000.0 16382500.0 122489.0 1242.57 -1.32 -1.6 [-1.32,-1.6]
39810700000000.0 193572000000000.0 1533730000.0 178838000.0 21535.6 1725600.0 0.0 650993000.0 8955320.0 0.0 0.0 194243000.0 18281100.0 137244.0 1389.54 -1.32 -1.55 [-1.32,-1.55]
39810700000000.0 193138000000000.0 1927500000.0 224419000.0 27004.4 2162390.0 0.0 819562000.0 11249000.0 0.0 0.0 244342000.0 22712600.0 172201.0 1735.36 -1.32 -1.45 [-1.32,-1.45]
39810700000000.0 192879000000000.0 2160440000.0 251315000.0 30227.4 2419520.0 0.0 919570000.0 12604700.0 0.0 0.0 274024000.0 25282100.0 192826.0 1937.77 -1.32 -1.4 [-1.32,-1.4]
39810700000000.0 192585000000000.0 2421210000.0 281362000.0 33824.4 2706260.0 0.0 1031780000.0 14121400.0 0.0 0.0 307291000.0 28112000.0 215864.0 2162.41 -1.32 -1.35 [-1.32,-1.35]
39810700000000.0 192252000000000.0 2713020000.0 314909000.0 37835.8 3025720.0 0.0 1157690000.0 15817300.0 0.0 0.0 344570000.0 31219900.0 241584.0 2411.35 -1.32 -1.3 [-1.32,-1.3]
39810700000000.0 191876000000000.0 3039450000.0 352337000.0 42305.5 3381290.0 0.0 1298960000.0 17713000.0 0.0 0.0 386337000.0 34622000.0 270276.0 2686.72 -1.32 -1.25 [-1.32,-1.25]
39810700000000.0 191449000000000.0 3404460000.0 394060000.0 47280.7 3776610.0 0.0 1457480000.0 19830600.0 0.0 0.0 433121000.0 38331500.0 302258.0 2990.69 -1.32 -1.2 [-1.32,-1.2]
39810700000000.0 190364000000000.0 4267240000.0 492003000.0 58920.3 4699980.0 0.0 1834900000.0 24820600.0 0.0 0.0 544061000.0 46679000.0 377338.0 3691.02 -1.32 -1.1 [-1.32,-1.1]
39810700000000.0 189736000000000.0 4775730000.0 549401000.0 65723.4 5238080.0 0.0 2058820000.0 27758700.0 0.0 0.0 609679000.0 51330500.0 421337.0 4092.97 -1.32 -1.05 [-1.32,-1.05]
39810700000000.0 187298000000000.0 6679120000.0 761690000.0 90744.7 7207620.0 0.0 2908380000.0 38724800.0 0.0 0.0 856917000.0 66865100.0 584143.0 5520.83 -1.32 -0.9 [-1.32,-0.9]
39810700000000.0 184958000000000.0 8327770000.0 941525000.0 111721.0 8848310.0 0.0 3661670000.0 48158200.0 0.0 0.0 1073240000.0 77739600.0 722291.0 6650.01 -1.32 -0.8 [-1.32,-0.8]
39810700000000.0 183469000000000.0 9286270000.0 1043970000.0 123557.0 9770290.0 0.0 4108600000.0 53603000.0 0.0 0.0 1199990000.0 82874000.0 801160.0 7256.18 -1.32 -0.75 [-1.32,-0.75]
39810700000000.0 181785000000000.0 10346200000.0 1155660000.0 136382.0 10764700.0 0.0 4610130000.0 59609400.0 0.0 0.0 1340980000.0 87540000.0 887337.0 7885.71 -1.32 -0.7 [-1.32,-0.7]
39810700000000.0 179827000000000.0 11513100000.0 1276270000.0 150109.0 11824700.0 0.0 5172910000.0 66188100.0 0.0 0.0 1497270000.0 91387500.0 980688.0 8525.31 -1.32 -0.65 [-1.32,-0.65]
39810700000000.0 177587000000000.0 12795200000.0 1405970000.0 164733.0 12948100.0 0.0 5804480000.0 73388000.0 0.0 0.0 1670220000.0 94073900.0 1081510.0 9165.39 -1.32 -0.6 [-1.32,-0.6]
39810700000000.0 168450000000000.0 17366700000.0 1836750000.0 211836.0 16545000.0 0.0 8200890000.0 98569600.0 0.0 0.0 2296250000.0 90925100.0 1422380.0 10905.9 -1.32 -0.45 [-1.32,-0.45]
39810700000000.0 155765000000000.0 23145200000.0 2306190000.0 260276.0 20266200.0 0.0 11587500000.0 129309000.0 0.0 0.0 3097230000.0 68711200.0 1815040.0 12281.6 -1.32 -0.3 [-1.32,-0.3]
39810700000000.0 145848000000000.0 27776000000.0 2623130000.0 291304.0 22739100.0 0.0 14591500000.0 153019000.0 0.0 0.0 3734560000.0 48082600.0 2105320.0 13152.3 -1.32 -0.2 [-1.32,-0.2]
39810700000000.0 140569000000000.0 30352000000.0 2777180000.0 305935.0 23957100.0 0.0 16374400000.0 165823000.0 0.0 0.0 4084970000.0 37856100.0 2258980.0 13627.1 -1.32 -0.15 [-1.32,-0.15]
39810700000000.0 135157000000000.0 33120100000.0 2926470000.0 319898.0 25166300.0 0.0 18375700000.0 179262000.0 0.0 0.0 4457660000.0 28579800.0 2418850.0 14154.4 -1.32 -0.1 [-1.32,-0.1]
39810700000000.0 129646000000000.0 36090900000.0 3069120000.0 333080.0 26363600.0 0.0 20622500000.0 193290000.0 0.0 0.0 4853330000.0 20673700.0 2584770.0 14741.3 -1.32 -0.05 [-1.32,-0.05]
39810700000000.0 124056000000000.0 39273000000.0 3202600000.0 345325.0 27543100.0 0.0 23145200000.0 207815000.0 0.0 0.0 5272610000.0 14363800.0 2756130.0 15386.0 -1.32 0.0 [-1.32,0.0]
39810700000000.0 118399000000000.0 42675400000.0 3319880000.0 356201.0 28696500.0 0.0 25978500000.0 222687000.0 0.0 0.0 5715940000.0 9687140.0 2931790.0 16079.0 -1.32 0.05 [-1.32,0.05]
39810700000000.0 106937000000000.0 50125300000.0 3517340000.0 374664.0 30897400.0 0.0 32739200000.0 252466000.0 0.0 0.0 6676560000.0 4607150.0 3289200.0 17549.6 -1.32 0.15 [-1.32,0.15]
39810700000000.0 95086900000000.0 58257500000.0 3663080000.0 388023.0 32781400.0 0.0 41293600000.0 278673000.0 0.0 0.0 7721250000.0 3169770.0 3627090.0 18957.2 -1.32 0.25 [-1.32,0.25]
39810700000000.0 88795700000000.0 62374800000.0 3715210000.0 391921.0 33438100.0 0.0 46401500000.0 287419000.0 0.0 0.0 8254390000.0 3056970.0 3765820.0 19534.1 -1.32 0.3 [-1.32,0.3]
39810700000000.0 82197700000000.0 66362600000.0 3764850000.0 394286.0 33805900.0 0.0 52172900000.0 290772000.0 0.0 0.0 8779550000.0 3067050.0 3869530.0 19989.1 -1.32 0.35 [-1.32,0.35]
39810700000000.0 62294300000000.0 77253300000.0 4266260000.0 417281.0 33780500.0 0.0 74599000000.0 256025000.0 0.0 0.0 10336800000.0 3131980.0 3980640.0 21224.1 -1.32 0.5 [-1.32,0.5]
39810700000000.0 56656200000000.0 81059300000.0 4698410000.0 441322.0 34091900.0 0.0 84209300000.0 237489000.0 0.0 0.0 10934500000.0 3164800.0 4005970.0 22008.5 -1.32 0.55 [-1.32,0.55]
796153000000.0 1040290000000.0 1711920000.0 105359000.0 9290.7 693013.0 0.0 1901540000.0 4474750.0 0.0 0.0 232996000.0 64755.4 81966.3 450.569 -1.32 0.6 [-1.32,0.6]
796223000000.0 960682000000.0 1816000000.0 118193000.0 9775.83 706850.0 0.0 2148010000.0 4250130.0 0.0 0.0 249407000.0 66769.5 84567.8 461.538 -1.32 0.65 [-1.32,0.65]
796141000000.0 891868000000.0 1935360000.0 130738000.0 10263.6 723494.0 0.0 2426340000.0 4066860.0 0.0 0.0 268031000.0 69316.1 87769.5 476.717 -1.32 0.7 [-1.32,0.7]
798119000000.0 830537000000.0 2072720000.0 140899000.0 10644.5 740471.0 0.0 2746290000.0 3898920.0 0.0 0.0 289153000.0 72241.6 91409.0 495.031 -1.32 0.75 [-1.32,0.75]
796189000000.0 782346000000.0 2233490000.0 150526000.0 11108.0 768853.0 0.0 3096020000.0 3821240.0 0.0 0.0 313428000.0 75715.0 96451.8 521.384 -1.32 0.8 [-1.32,0.8]
796150000000.0 739132000000.0 2416120000.0 158000000.0 11501.5 798778.0 0.0 3495330000.0 3756010.0 0.0 0.0 340880000.0 79463.3 102120.0 551.532 -1.32 0.85 [-1.32,0.85]
796253000000.0 701696000000.0 2622390000.0 164851000.0 11921.5 833507.0 0.0 3945650000.0 3719020.0 0.0 0.0 371930000.0 83926.1 108725.0 587.026 -1.32 0.9 [-1.32,0.9]
796229000000.0 668718000000.0 2852570000.0 171670000.0 12389.8 872785.0 0.0 4451650000.0 3704510.0 0.0 0.0 406794000.0 89096.9 116272.0 627.861 -1.32 0.95 [-1.32,0.95]
795995000000.0 639392000000.0 3107960000.0 178897000.0 12923.9 916747.0 0.0 5019320000.0 3709310.0 0.0 0.0 445819000.0 95010.3 124813.0 674.312 -1.32 1.0 [-1.32,1.0]
796191000000.0 613736000000.0 3393690000.0 187002000.0 13549.2 966724.0 0.0 5660380000.0 3735610.0 0.0 0.0 489874000.0 101822.0 134552.0 727.496 -1.32 1.05 [-1.32,1.05]
796171000000.0 591376000000.0 3712830000.0 196374000.0 14288.5 1024140.0 0.0 6378160000.0 3791100.0 0.0 0.0 539429000.0 109663.0 145640.0 788.231 -1.32 1.1 [-1.32,1.1]
796155000000.0 571150000000.0 4066110000.0 206688000.0 15118.4 1087590.0 0.0 7184970000.0 3860240.0 0.0 0.0 594846000.0 118481.0 158035.0 856.345 -1.32 1.15 [-1.32,1.15]
796106000000.0 552944000000.0 4457270000.0 217966000.0 16046.1 1157700.0 0.0 8214040000.0 3743640.0 0.0 0.0 656852000.0 128403.0 171898.0 932.791 -1.32 1.2 [-1.32,1.2]
797463000000.0 492206000000.0 6469300000.0 271782000.0 20703.3 1505310.0 0.0 13523300000.0 3572340.0 0.0 0.0 985956000.0 180885.0 243996.0 1334.32 -1.32 1.4 [-1.32,1.4]
796228000000.0 470044000000.0 7823580000.0 307146000.0 23897.9 1742580.0 0.0 17260600000.0 3470320.0 0.0 0.0 1214220000.0 218038.0 293844.0 1614.51 -1.32 1.5 [-1.32,1.5]
