Cloudy_runs/pks0637/component_I_PI_nH_Z/component_I_PI_nH_Z_col_density_param.txt
# %ECSV 1.0
# ---
# datatype:
# - {name: H, datatype: float64}
# - {name: H+, datatype: float64}
# - {name: C+, datatype: float64}
# - {name: C+2, datatype: float64}
# - {name: C+3, datatype: float64}
# - {name: N+2, datatype: float64}
# - {name: N+4, datatype: float64}
# - {name: O, datatype: float64}
# - {name: O+2, datatype: float64}
# - {name: O+5, datatype: float64}
# - {name: O+6, datatype: float64}
# - {name: Si+, datatype: float64}
# - {name: Si+2, datatype: float64}
# - {name: Si+3, datatype: float64}
# - {name: Si+4, datatype: float64}
# - {name: log_nH, datatype: float64}
# - {name: log_Z, datatype: float64}
# - {name: parameters, datatype: string, subtype: 'float64[2]'}
# schema: astropy-2.0
H H+ C+ C+2 C+3 N+2 N+4 O O+2 O+5 O+6 Si+ Si+2 Si+3 Si+4 log_nH log_Z parameters
[from data line 9497]
39810700000000.0 4728310000000000.0 785607000.0 2035580000.0 44400500.0 418939000.0 280294.0 24188900.0 2627970000.0 23497.4 0.0 56812600.0 252622000.0 31709300.0 4652690.0 -2.68 -2.65 [-2.68,-2.65]
39810700000000.0 4727600000000000.0 881361000.0 2283600000.0 49808300.0 469965000.0 314424.0 27141400.0 2948120000.0 26354.0 0.0 63757700.0 283378000.0 35577900.0 5218920.0 -2.68 -2.6 [-2.68,-2.6]
39810700000000.0 4725920000000000.0 1109250000.0 2873800000.0 62675200.0 591374000.0 395620.0 34171900.0 3709920000.0 33146.0 0.0 80304900.0 356547000.0 44788100.0 6565770.0 -2.68 -2.5 [-2.68,-2.5]
39810700000000.0 4724920000000000.0 1244390000.0 3223740000.0 70302900.0 663348000.0 443750.0 38343400.0 4161580000.0 37169.3 0.0 90129300.0 399916000.0 50251800.0 7363940.0 -2.68 -2.45 [-2.68,-2.45]
39810700000000.0 4723800000000000.0 1395960000.0 3616180000.0 78856300.0 744057000.0 497715.0 43024400.0 4668070000.0 41678.1 0.0 101159000.0 448542000.0 56381900.0 8258750.0 -2.68 -2.4 [-2.68,-2.4]
39810700000000.0 4722540000000000.0 1565970000.0 4056290000.0 88446900.0 834554000.0 558218.0 48277300.0 5236040000.0 46730.3 0.0 113544000.0 503056000.0 63259600.0 9261760.0 -2.68 -2.35 [-2.68,-2.35]
39810700000000.0 4721130000000000.0 1756630000.0 4549790000.0 99199500.0 936018000.0 626045.0 54171900.0 5872890000.0 52390.2 0.0 127450000.0 564166000.0 70976000.0 10386000.0 -2.68 -2.3 [-2.68,-2.3]
39810700000000.0 4719550000000000.0 1970440000.0 5103140000.0 111254000.0 1049770000.0 702074.0 60786700.0 6586920000.0 58729.9 0.0 143066000.0 632662000.0 79633200.0 11645800.0 -2.68 -2.25 [-2.68,-2.25]
39810700000000.0 4713560000000000.0 2780520000.0 7198690000.0 156884000.0 1480360000.0 989779.0 85889600.0 9290490000.0 82675.8 0.0 202437000.0 891824000.0 112467000.0 16410200.0 -2.68 -2.1 [-2.68,-2.1]
39810700000000.0 4711050000000000.0 3118490000.0 8072520000.0 175901000.0 1659830000.0 1109650.0 96381900.0 10417700000.0 92631.7 0.0 227302000.0 999783000.0 126182000.0 18393900.0 -2.68 -2.05 [-2.68,-2.05]
39810700000000.0 4702220000000000.0 4398190000.0 11380300000.0 247867000.0 2338810000.0 1563140.0 136199000.0 14683700000.0 130202.0 0.0 321958000.0 1407840000.0 178233000.0 25889700.0 -2.68 -1.9 [-2.68,-1.9]
39810700000000.0 4693190000000000.0 5529040000.0 14297400000.0 311203000.0 2936920000.0 1961790.0 171549000.0 18443700000.0 163053.0 0.0 406330000.0 1766950000.0 224274000.0 32472200.0 -2.68 -1.8 [-2.68,-1.8]
39810700000000.0 4688220000000000.0 6198580000.0 16023900000.0 348674000.0 3290680000.0 2197590.0 192530000.0 20668600000.0 182429.0 0.0 456582000.0 1979130000.0 251601000.0 36360400.0 -2.68 -1.75 [-2.68,-1.75]
39810700000000.0 4682660000000000.0 6948510000.0 17956400000.0 390586000.0 3686420000.0 2461230.0 216083000.0 23158500000.0 204036.0 0.0 513144000.0 2216310000.0 282252000.0 40703900.0 -2.68 -1.7 [-2.68,-1.7]
39810700000000.0 4676420000000000.0 7788350000.0 20118800000.0 437448000.0 4128960000.0 2755880.0 242526000.0 25943900000.0 228114.0 0.0 576834000.0 2481330000.0 316628000.0 45553500.0 -2.68 -1.65 [-2.68,-1.65]
39810700000000.0 4670060000000000.0 8729010000.0 22541400000.0 489962000.0 4624500000.0 3086110.0 272196000.0 29064500000.0 255042.0 0.0 648575000.0 2777700000.0 355264000.0 50979600.0 -2.68 -1.6 [-2.68,-1.6]
39810700000000.0 4662230000000000.0 9781560000.0 25246500000.0 548477000.0 5177270000.0 3453720.0 305530000.0 32547200000.0 284874.0 0.0 729446000.0 3108040000.0 398503000.0 57015000.0 -2.68 -1.55 [-2.68,-1.55]
39810700000000.0 4653450000000000.0 10959400000.0 28269900000.0 613800000.0 5794550000.0 3863870.0 342963000.0 36438500000.0 318019.0 0.0 820652000.0 3476470000.0 446983000.0 63739200.0 -2.68 -1.5 [-2.68,-1.5]
39810700000000.0 4643630000000000.0 12277100000.0 31647500000.0 686674000.0 6483430000.0 4321170.0 385003000.0 40784200000.0 354801.0 0.0 923584000.0 3887050000.0 501333000.0 71224200.0 -2.68 -1.45 [-2.68,-1.45]
39810700000000.0 4632620000000000.0 13750700000.0 35418700000.0 767910000.0 7251710000.0 4830640.0 432222000.0 45634500000.0 395562.0 0.0 1039840000.0 4344220000.0 562252000.0 79547600.0 -2.68 -1.4 [-2.68,-1.4]
39810700000000.0 4619690000000000.0 15397500000.0 39620000000.0 858139000.0 8106380000.0 5395830.0 485298000.0 51034500000.0 440454.0 0.0 1171260000.0 4852000000.0 630369000.0 88766500.0 -2.68 -1.35 [-2.68,-1.35]
39810700000000.0 4605910000000000.0 17238400000.0 44311300000.0 958781000.0 9059530000.0 6026160.0 544895000.0 57063100000.0 490243.0 0.0 1319960000.0 5416930000.0 706835000.0 99018400.0 -2.68 -1.3 [-2.68,-1.3]
39810700000000.0 4590500000000000.0 19294800000.0 49538000000.0 1070630000.0 10119800000.0 6726220.0 611861000.0 63776700000.0 545122.0 0.0 1488410000.0 6043770000.0 792474000.0 110373000.0 -2.68 -1.25 [-2.68,-1.25]
39810700000000.0 4573890000000000.0 21591600000.0 55365300000.0 1195120000.0 11300000000.0 7505330.0 687073000.0 71260000000.0 605763.0 0.0 1679450000.0 6739340000.0 888563000.0 122964000.0 -2.68 -1.2 [-2.68,-1.2]
39810700000000.0 4554630000000000.0 24153800000.0 61836000000.0 1332730000.0 12607700000.0 8365590.0 771666000.0 79563700000.0 671995.0 0.0 1896500000.0 7507630000.0 995867000.0 136822000.0 -2.68 -1.15 [-2.68,-1.15]
39810700000000.0 4533100000000000.0 27011500000.0 69022800000.0 1484950000.0 14056900000.0 9316690.0 866774000.0 88781700000.0 744430.0 0.0 2143460000.0 8355730000.0 1115860000.0 152079000.0 -2.68 -1.1 [-2.68,-1.1]
39810700000000.0 4509070000000000.0 30196800000.0 76994400000.0 1653000000.0 15660300000.0 10366200.0 973730000.0 99001200000.0 823383.0 0.0 2425030000.0 9289780000.0 1249920000.0 168832000.0 -2.68 -1.05 [-2.68,-1.05]
39810700000000.0 4482280000000000.0 33745200000.0 85823700000.0 1838080000.0 17431400000.0 11521800.0 1094040000.0 110315000000.0 909123.0 0.0 2746730000.0 10315900000.0 1399550000.0 187175000.0 -2.68 -1.0 [-2.68,-1.0]
39810700000000.0 4381400000000000.0 46970600000.0 118195000000.0 2505570000.0 23878700000.0 15691200.0 1553460000.0 151753000000.0 1207520.0 0.0 4026560000.0 13994900000.0 1957380000.0 252342000.0 -2.68 -0.85 [-2.68,-0.85]
39810700000000.0 4340810000000000.0 52396500000.0 131240000000.0 2769580000.0 26457000000.0 17345600.0 1746610000.0 168447000000.0 1321370.0 0.0 4590810000.0 15437100000.0 2185890000.0 277677000.0 -2.68 -0.8 [-2.68,-0.8]
39810700000000.0 4294610000000000.0 58413200000.0 145482000000.0 3053010000.0 29256700000.0 19124300.0 1964510000.0 186661000000.0 1440180.0 0.0 5246150000.0 16982100000.0 2436810000.0 304560000.0 -2.68 -0.75 [-2.68,-0.75]
39810700000000.0 4189100000000000.0 72480200000.0 178034000000.0 3684390000.0 35602700000.0 23117600.0 2486780000.0 228314000000.0 1695300.0 0.0 6905710000.0 20386000000.0 3014990000.0 363208000.0 -2.68 -0.65 [-2.68,-0.65]
39810700000000.0 4127520000000000.0 80656600000.0 196382000000.0 4027310000.0 39143400000.0 25307600.0 2799430000.0 251797000000.0 1827240.0 0.0 7959810000.0 22216200000.0 3340920000.0 394204000.0 -2.68 -0.6 [-2.68,-0.6]
39810700000000.0 4060940000000000.0 89700000000.0 216241000000.0 4388180000.0 42947400000.0 27637800.0 3152210000.0 277236000000.0 1961900.0 0.0 9206160000.0 24116800000.0 3692060000.0 426069000.0 -2.68 -0.55 [-2.68,-0.55]
39810700000000.0 3989500000000000.0 99695800000.0 237674000000.0 4765120000.0 47020700000.0 30106500.0 3550380000.0 304726000000.0 2098180.0 0.0 10685200000.0 26067100000.0 4067010000.0 458399000.0 -2.68 -0.5 [-2.68,-0.5]
39810700000000.0 3912120000000000.0 110725000000.0 260640000000.0 5152310000.0 51344900000.0 32685600.0 4000500000.0 334211000000.0 2232520.0 0.0 12447300000.0 28026600000.0 4460850000.0 490326000.0 -2.68 -0.45 [-2.68,-0.45]
39810700000000.0 3829780000000000.0 122892000000.0 285225000000.0 5548170000.0 55929900000.0 35379600.0 4509230000.0 365821000000.0 2364540.0 0.0 14550900000.0 29962900000.0 4870810000.0 521349000.0 -2.68 -0.4 [-2.68,-0.4]
39810700000000.0 3742490000000000.0 136300000000.0 311431000000.0 5948060000.0 60766600000.0 38171100.0 5084670000.0 399563000000.0 2491950.0 0.0 17064300000.0 31826300000.0 5291170000.0 550591000.0 -2.68 -0.35 [-2.68,-0.35]
39810700000000.0 3651770000000000.0 151078000000.0 339406000000.0 6352310000.0 65877600000.0 41081500.0 5735050000.0 435660000000.0 2615790.0 0.0 20067200000.0 33573400000.0 5719610000.0 577576000.0 -2.68 -0.3 [-2.68,-0.3]
39810700000000.0 3558300000000000.0 167365000000.0 369231000000.0 6758990000.0 71271400000.0 44114600.0 6470200000.0 474238000000.0 2735500.0 0.0 23647600000.0 35147500000.0 6151930000.0 601551000.0 -2.68 -0.25 [-2.68,-0.25]
39810700000000.0 3461310000000000.0 185288000000.0 400784000000.0 7159960000.0 76911900000.0 47225300.0 7302760000.0 515124000000.0 2846470.0 0.0 27899700000.0 36464200000.0 6579140000.0 621142000.0 -2.68 -0.2 [-2.68,-0.2]
39810700000000.0 3362870000000000.0 205036000000.0 434319000000.0 7559560000.0 82846100000.0 50465100.0 8244310000.0 558706000000.0 2951930.0 0.0 32922800000.0 37476800000.0 7002900000.0 636196000.0 -2.68 -0.15 [-2.68,-0.15]
39810700000000.0 3262850000000000.0 226778000000.0 469794000000.0 7953110000.0 89057300000.0 53825500.0 9309740000.0 604973000000.0 3049660.0 0.0 38826900000.0 38095600000.0 7418560000.0 645668000.0 -2.68 -0.1 [-2.68,-0.1]
39810700000000.0 3159780000000000.0 250667000000.0 506840000000.0 8327250000.0 95460900000.0 57231000.0 10518300000.0 653458000000.0 3132490.0 0.0 45711300000.0 38205900000.0 7815280000.0 647913000.0 -2.68 -0.05 [-2.68,-0.05]
39810700000000.0 3054830000000000.0 276928000000.0 545498000000.0 8682120000.0 102065000000.0 60718700.0 11888200000.0 704326000000.0 3201580.0 0.0 53662600000.0 37751600000.0 8195010000.0 642826000.0 -2.68 0.0 [-2.68,0.0]
39810700000000.0 2834030000000000.0 337244000000.0 625170000000.0 9269290000.0 115368000000.0 67644700.0 15215700000.0 810393000000.0 3268980.0 0.0 72932400000.0 34796400000.0 8868000000.0 606574000.0 -2.68 0.1 [-2.68,0.1]
39810700000000.0 2449450000000000.0 448828000000.0 730629000000.0 9457920000.0 131847000000.0 76035400.0 22232500000.0 957422000000.0 3038300.0 0.0 108175000000.0 25222100000.0 9509540000.0 486539000.0 -2.68 0.25 [-2.68,0.25]
39810700000000.0 2298110000000000.0 491443000000.0 752259000000.0 9193220000.0 134694000000.0 77457600.0 25340700000.0 991628000000.0 2822200.0 0.0 119630000000.0 21454100000.0 9583500000.0 436495000.0 -2.68 0.3 [-2.68,0.3]
39810700000000.0 2131740000000000.0 535996000000.0 761031000000.0 8706620000.0 135187000000.0 77674600.0 28988900000.0 1010770000000.0 2521850.0 0.0 129438000000.0 18080300000.0 9566630000.0 387098000.0 -2.68 0.35 [-2.68,0.35]
39810700000000.0 1951060000000000.0 581263000000.0 753868000000.0 8003210000.0 132811000000.0 76404000.0 33315400000.0 1010230000000.0 2148980.0 0.0 136773000000.0 15421100000.0 9444360000.0 340636000.0 -2.68 0.4 [-2.68,0.4]
39810700000000.0 1761850000000000.0 625160000000.0 731424000000.0 7156610000.0 127597000000.0 73480700.0 38489300000.0 988418000000.0 1741190.0 0.0 141477000000.0 13482300000.0 9206120000.0 297563000.0 -2.68 0.45 [-2.68,0.45]
39810700000000.0 1570380000000000.0 664236000000.0 696906000000.0 6260950000.0 119819000000.0 68631500.0 44731100000.0 945010000000.0 1339700.0 0.0 143904000000.0 11926600000.0 8822930000.0 256113000.0 -2.68 0.5 [-2.68,0.5]
39810700000000.0 1387080000000000.0 695295000000.0 658637000000.0 5447620000.0 110547000000.0 62150100.0 52266300000.0 885423000000.0 990650.0 0.0 144904000000.0 10513700000.0 8319480000.0 217405000.0 -2.68 0.55 [-2.68,0.55]
39810700000000.0 1220970000000000.0 716942000000.0 625637000000.0 4810100000.0 101057000000.0 54774500.0 61322100000.0 817284000000.0 717249.0 0.0 145381000000.0 9204160000.0 7760870000.0 183782000.0 -2.68 0.6 [-2.68,0.6]
39810700000000.0 1082440000000000.0 733235000000.0 607679000000.0 4416610000.0 93133000000.0 48063600.0 71968800000.0 754226000000.0 527605.0 0.0 146733000000.0 8130290000.0 7284400000.0 158471000.0 -2.68 0.65 [-2.68,0.65]
39810700000000.0 967711000000000.0 746253000000.0 604314000000.0 4217510000.0 86968000000.0 42463800.0 84420700000.0 697015000000.0 396133.0 0.0 149166000000.0 7262970000.0 6903890000.0 139798000.0 -2.68 0.7 [-2.68,0.7]
39810700000000.0 873812000000000.0 759049000000.0 614801000000.0 4174280000.0 83036400000.0 38335000.0 98800700000.0 648225000000.0 0.0 0.0 152964000000.0 6588380000.0 6623200000.0 126514000.0 -2.68 0.75 [-2.68,0.75]
39810700000000.0 795289000000000.0 772710000000.0 635923000000.0 4235400000.0 80137700000.0 35019100.0 115199000000.0 608511000000.0 0.0 0.0 157958000000.0 6050650000.0 6404290000.0 116793000.0 -2.68 0.8 [-2.68,0.8]
798945000000.0 13412400000000.0 16200600000.0 13961600000.0 87645400.0 1524850000.0 574819.0 3119900000.0 10914500000.0 0.0 0.0 3423880000.0 104683000.0 121462000.0 1988600.0 -2.68 0.9 [-2.68,0.9]
790383000000.0 12435500000000.0 16671500000.0 14816000000.0 90962900.0 1521380000.0 542870.0 3563560000.0 10574400000.0 0.0 0.0 3590040000.0 100079000.0 120691000.0 1898450.0 -2.68 0.95 [-2.68,0.95]
799339000000.0 11569300000000.0 17513500000.0 15515800000.0 90937400.0 1500180000.0 494322.0 4168630000.0 10112300000.0 0.0 0.0 3785530000.0 94511600.0 117800000.0 1776530.0 -2.68 1.0 [-2.68,1.0]
789733000000.0 10824900000000.0 18373400000.0 16417300000.0 93674500.0 1517540000.0 477788.0 4738020000.0 9939810000.0 0.0 0.0 4001140000.0 92010900.0 118254000.0 1735920.0 -2.68 1.05 [-2.68,1.05]
799679000000.0 10147700000000.0 19703300000.0 17074800000.0 92429900.0 1510440000.0 441178.0 5530240000.0 9598870000.0 0.0 0.0 4248240000.0 88075100.0 116328000.0 1654000.0 -2.68 1.1 [-2.68,1.1]
792964000000.0 9557430000000.0 21087700000.0 17913200000.0 93750400.0 1537660000.0 429203.0 6296500000.0 9502530000.0 0.0 0.0 4518760000.0 86261800.0 117409000.0 1634770.0 -2.68 1.15 [-2.68,1.15]
801715000000.0 9018740000000.0 22946100000.0 18550500000.0 92149600.0 1546120000.0 402832.0 7314770000.0 9283070000.0 0.0 0.0 4825490000.0 83537700.0 116844000.0 1587620.0 -2.68 1.2 [-2.68,1.2]
792654000000.0 8139020000000.0 27149400000.0 20313400000.0 94284000.0 1636180000.0 390279.0 9483750000.0 9333180000.0 0.0 0.0 5546710000.0 82956800.0 121935000.0 1608760.0 -2.68 1.3 [-2.68,1.3]
792478000000.0 7763650000000.0 29754000000.0 21227400000.0 95007400.0 1686040000.0 382695.0 10846100000.0 9384220000.0 0.0 0.0 5972340000.0 83116200.0 124867000.0 1625820.0 -2.68 1.35 [-2.68,1.35]
792364000000.0 7428060000000.0 32685400000.0 22233100000.0 96168700.0 1745130000.0 377327.0 12393300000.0 9487640000.0 0.0 0.0 6448060000.0 83870800.0 128541000.0 1654950.0 -2.68 1.4 [-2.68,1.4]
792517000000.0 7129380000000.0 35983900000.0 23352100000.0 97833600.0 1814390000.0 374083.0 14153700000.0 9645390000.0 0.0 0.0 6981500000.0 85232000.0 133012000.0 1696400.0 -2.68 1.45 [-2.68,1.45]
799093000000.0 6850110000000.0 39793800000.0 24429800000.0 98524900.0 1876560000.0 365076.0 16283500000.0 9755170000.0 0.0 0.0 7574330000.0 86356700.0 136942000.0 1729000.0 -2.68 1.5 [-2.68,1.5]
792101000000.0 6409660000000.0 48457600000.0 27542200000.0 106315000.0 2092020000.0 377212.0 20947400000.0 10471200000.0 0.0 0.0 8992840000.0 93171600.0 151739000.0 1899820.0 -2.68 1.6 [-2.68,1.6]
791993000000.0 6216690000000.0 53663000000.0 29245500000.0 110263000.0 2209160000.0 381761.0 23842400000.0 10857900000.0 0.0 0.0 9827420000.0 97068500.0 159802000.0 1994050.0 -2.68 1.65 [-2.68,1.65]
799500000000.0 6061890000000.0 59919800000.0 31044300000.0 113839000.0 2331800000.0 382553.0 28355200000.0 11179500000.0 0.0 0.0 10803900000.0 101260000.0 168221000.0 2093700.0 -2.68 1.7 [-2.68,1.7]
791813000000.0 5924700000000.0 66418600000.0 33405700000.0 121294000.0 2508720000.0 400529.0 32334100000.0 11814300000.0 0.0 0.0 11871200000.0 107862000.0 180618000.0 2252780.0 -2.68 1.75 [-2.68,1.75]
799601000000.0 5788380000000.0 74229000000.0 35487200000.0 125477000.0 2652100000.0 401957.0 37557900000.0 12241400000.0 0.0 0.0 13074100000.0 113083000.0 190559000.0 2374710.0 -2.68 1.8 [-2.68,1.8]
