Cloudy_runs/pks0637/component_I_PI_nH_Z/component_I_PI_nH_Z_col_density_param.txt
# %ECSV 1.0
# ---
# datatype:
# - {name: H, datatype: float64}
# - {name: H+, datatype: float64}
# - {name: C+, datatype: float64}
# - {name: C+2, datatype: float64}
# - {name: C+3, datatype: float64}
# - {name: N+2, datatype: float64}
# - {name: N+4, datatype: float64}
# - {name: O, datatype: float64}
# - {name: O+2, datatype: float64}
# - {name: O+5, datatype: float64}
# - {name: O+6, datatype: float64}
# - {name: Si+, datatype: float64}
# - {name: Si+2, datatype: float64}
# - {name: Si+3, datatype: float64}
# - {name: Si+4, datatype: float64}
# - {name: log_nH, datatype: float64}
# - {name: log_Z, datatype: float64}
# - {name: parameters, datatype: string, subtype: 'float64[2]'}
# schema: astropy-2.0
H H+ C+ C+2 C+3 N+2 N+4 O O+2 O+5 O+6 Si+ Si+2 Si+3 Si+4 log_nH log_Z parameters
[from data line 19411]
796565000000.0 117712000000.0 1474870000.0 13311600.0 0.0 12539.4 0.0 6125000000.0 21915.8 0.0 0.0 345184000.0 4533.51 5807.13 0.0 -0.26 1.15 [-0.26,1.15]
796526000000.0 115365000000.0 1609350000.0 14142800.0 0.0 13673.4 0.0 6879720000.0 21758.9 0.0 0.0 384162000.0 5036.51 6445.48 0.0 -0.26 1.2 [-0.26,1.2]
796533000000.0 113126000000.0 1756230000.0 15023700.0 0.0 14919.0 0.0 7726250000.0 21547.8 0.0 0.0 427670000.0 5598.29 7156.2 0.0 -0.26 1.25 [-0.26,1.25]
796532000000.0 108920000000.0 2091820000.0 16975500.0 0.0 17791.7 0.0 9738270000.0 20991.6 0.0 0.0 530388000.0 6926.17 8828.51 0.0 -0.26 1.35 [-0.26,1.35]
796521000000.0 106950000000.0 2284980000.0 18294900.0 0.0 19459.9 0.0 10929500000.0 20689.3 0.0 0.0 590894000.0 7709.69 9818.86 0.0 -0.26 1.4 [-0.26,1.4]
795832000000.0 105750000000.0 2507700000.0 19938800.0 0.0 21443.6 0.0 12263100000.0 20526.7 0.0 0.0 659620000.0 8607.16 10952.9 0.0 -0.26 1.45 [-0.26,1.45]
796514000000.0 103233000000.0 2726050000.0 21226000.0 0.0 23310.1 0.0 13759500000.0 20075.7 0.0 0.0 733866000.0 9564.53 12153.7 0.0 -0.26 1.5 [-0.26,1.5]
795838000000.0 102153000000.0 2991800000.0 23116900.0 0.0 25707.0 0.0 15433300000.0 19942.2 0.0 0.0 819561000.0 10686.1 13563.2 0.0 -0.26 1.55 [-0.26,1.55]
795847000000.0 100463000000.0 3267580000.0 24876200.0 0.0 28163.5 0.0 17309900000.0 19719.5 0.0 0.0 913805000.0 11913.7 15097.9 0.0 -0.26 1.6 [-0.26,1.6]
795858000000.0 98864600000.0 3569400000.0 26767200.0 0.0 30873.1 0.0 19412200000.0 19605.4 0.0 0.0 1019100000.0 13287.5 16810.5 0.0 -0.26 1.65 [-0.26,1.65]
795851000000.0 95889700000.0 4258690000.0 30953300.0 0.0 37138.0 0.0 24405900000.0 19725.1 0.0 0.0 1268010000.0 16543.1 20850.4 0.0 -0.26 1.75 [-0.26,1.75]
795853000000.0 94496400000.0 4650130000.0 33250200.0 0.0 40741.3 0.0 27362500000.0 19974.6 0.0 0.0 1414610000.0 18465.0 23224.8 0.0 -0.26 1.8 [-0.26,1.8]
795856000000.0 93162500000.0 5075800000.0 35685800.0 0.0 44695.7 0.0 30675600000.0 20375.2 0.0 0.0 1578260000.0 20613.7 25871.1 0.0 -0.26 1.85 [-0.26,1.85]
795854000000.0 91884400000.0 5537890000.0 38259200.0 0.0 49030.1 0.0 34388100000.0 20944.4 0.0 0.0 1760850000.0 23015.0 28819.3 0.0 -0.26 1.9 [-0.26,1.9]
795855000000.0 90659800000.0 6038580000.0 40967200.0 0.0 53775.6 0.0 38548800000.0 21699.8 0.0 0.0 1964550000.0 25697.8 32103.2 0.0 -0.26 1.95 [-0.26,1.95]
795852000000.0 89484500000.0 6579690000.0 43802400.0 0.0 58962.4 0.0 43211900000.0 22658.6 0.0 0.0 2191700000.0 28693.9 35759.2 0.0 -0.26 2.0 [-0.26,2.0]
39810700000000.0 29047300000000.0 14844500.0 230818.0 0.0 285.913 0.0 21261700.0 1185.45 0.0 0.0 2195510.0 20262.2 41.0852 0.0 -0.24 -3.0 [-0.24,-3.0]
39810700000000.0 29045400000000.0 18687600.0 290560.0 0.0 359.869 0.0 26766800.0 1492.36 0.0 0.0 2763910.0 25494.2 51.7218 0.0 -0.24 -2.9 [-0.24,-2.9]
39810700000000.0 29044200000000.0 20967500.0 325999.0 0.0 403.73 0.0 30032800.0 1674.43 0.0 0.0 3101120.0 28595.4 58.0319 0.0 -0.24 -2.85 [-0.24,-2.85]
39810700000000.0 29042900000000.0 23525400.0 365758.0 0.0 452.931 0.0 33697300.0 1878.71 0.0 0.0 3479460.0 32072.5 65.1117 0.0 -0.24 -2.8 [-0.24,-2.8]
39810700000000.0 29041500000000.0 26395300.0 410363.0 0.0 508.119 0.0 37809000.0 2107.92 0.0 0.0 3903950.0 35970.8 73.055 0.0 -0.24 -2.75 [-0.24,-2.75]
39810700000000.0 29039800000000.0 29615300.0 460404.0 0.0 570.02 0.0 42422300.0 2365.08 0.0 0.0 4380210.0 40340.8 81.9672 0.0 -0.24 -2.7 [-0.24,-2.7]
39810700000000.0 29038000000000.0 33228000.0 516544.0 0.0 639.449 0.0 47598500.0 2653.6 0.0 0.0 4914570.0 45239.0 91.9664 0.0 -0.24 -2.65 [-0.24,-2.65]
39810700000000.0 29036000000000.0 37281200.0 579524.0 0.0 717.318 0.0 53406300.0 2977.32 0.0 0.0 5514100.0 50728.7 103.185 0.0 -0.24 -2.6 [-0.24,-2.6]
39810700000000.0 29033600000000.0 41828700.0 650175.0 0.0 804.647 0.0 59922800.0 3340.52 0.0 0.0 6186750.0 56880.4 115.772 0.0 -0.24 -2.55 [-0.24,-2.55]
39810700000000.0 29031000000000.0 46930700.0 729432.0 0.0 902.581 0.0 67234200.0 3748.02 0.0 0.0 6941420.0 63772.7 129.893 0.0 -0.24 -2.5 [-0.24,-2.5]
39810700000000.0 29024900000000.0 59076700.0 918071.0 0.0 1135.54 0.0 84642400.0 4718.15 0.0 0.0 8738080.0 80140.6 163.512 0.0 -0.24 -2.4 [-0.24,-2.4]
39810700000000.0 29021200000000.0 66281400.0 1029940.0 0.0 1273.6 0.0 94970100.0 5293.63 0.0 0.0 9803860.0 89823.0 183.454 0.0 -0.24 -2.35 [-0.24,-2.35]
39810700000000.0 29017000000000.0 74364200.0 1155420.0 0.0 1428.38 0.0 106558000.0 5939.27 0.0 0.0 10999500.0 100662.0 205.827 0.0 -0.24 -2.3 [-0.24,-2.3]
39810700000000.0 29012400000000.0 83432000.0 1296160.0 0.0 1601.88 0.0 119559000.0 6663.62 0.0 0.0 12341000.0 112791.0 230.927 0.0 -0.24 -2.25 [-0.24,-2.25]
39810700000000.0 29007200000000.0 93604700.0 1454000.0 0.0 1796.34 0.0 134147000.0 7476.26 0.0 0.0 13845900.0 126361.0 259.086 0.0 -0.24 -2.2 [-0.24,-2.2]
39810700000000.0 29001300000000.0 105017000.0 1631030.0 0.0 2014.28 0.0 150515000.0 8387.95 0.0 0.0 15534300.0 141536.0 290.676 0.0 -0.24 -2.15 [-0.24,-2.15]
39810700000000.0 28994700000000.0 117819000.0 1829560.0 0.0 2258.48 0.0 168879000.0 9410.73 0.0 0.0 17428400.0 158500.0 326.114 0.0 -0.24 -2.1 [-0.24,-2.1]
39810700000000.0 28987300000000.0 132180000.0 2052180.0 0.0 2532.06 0.0 189484000.0 10558.1 0.0 0.0 19553200.0 177453.0 365.868 0.0 -0.24 -2.05 [-0.24,-2.05]
39810700000000.0 28978900000000.0 148289000.0 2301800.0 0.0 2838.5 0.0 212603000.0 11845.3 0.0 0.0 21936800.0 198617.0 410.463 0.0 -0.24 -2.0 [-0.24,-2.0]
39810700000000.0 28969400000000.0 166359000.0 2581670.0 0.0 3181.67 0.0 238542000.0 13289.2 0.0 0.0 24610600.0 222236.0 460.487 0.0 -0.24 -1.95 [-0.24,-1.95]
39810700000000.0 28958800000000.0 186627000.0 2895440.0 0.0 3565.88 0.0 267646000.0 14909.0 0.0 0.0 27610000.0 248575.0 516.599 0.0 -0.24 -1.9 [-0.24,-1.9]
39810700000000.0 28946800000000.0 209360000.0 3247150.0 0.0 3995.91 0.0 300301000.0 16725.9 0.0 0.0 30974400.0 277923.0 579.537 0.0 -0.24 -1.85 [-0.24,-1.85]
39810700000000.0 28917900000000.0 263452000.0 4083150.0 0.0 5015.25 0.0 378046000.0 21049.8 0.0 0.0 38980700.0 346922.0 729.304 0.0 -0.24 -1.75 [-0.24,-1.75]
39810700000000.0 28900600000000.0 295519000.0 4578150.0 0.0 5616.93 0.0 424168000.0 23613.7 0.0 0.0 43727700.0 387269.0 818.097 0.0 -0.24 -1.7 [-0.24,-1.7]
39810700000000.0 28881000000000.0 331478000.0 5132700.0 0.0 6289.3 0.0 475915000.0 26489.2 0.0 0.0 49051600.0 432011.0 917.673 0.0 -0.24 -1.65 [-0.24,-1.65]
39810700000000.0 28858900000000.0 371798000.0 5753810.0 0.0 7040.23 0.0 533975000.0 29714.0 0.0 0.0 55021800.0 481544.0 1029.33 0.0 -0.24 -1.6 [-0.24,-1.6]
39810700000000.0 28833700000000.0 417003000.0 6449300.0 0.0 7878.37 0.0 599116000.0 33330.3 0.0 0.0 61716400.0 536270.0 1154.53 0.0 -0.24 -1.55 [-0.24,-1.55]
39810700000000.0 28805200000000.0 467680000.0 7227850.0 0.0 8813.13 0.0 672200000.0 37385.3 0.0 0.0 69222600.0 596593.0 1294.9 0.0 -0.24 -1.5 [-0.24,-1.5]
39810700000000.0 28772700000000.0 524484000.0 8099100.0 0.0 9854.75 0.0 754198000.0 41931.8 0.0 0.0 77637900.0 662897.0 1452.25 0.0 -0.24 -1.45 [-0.24,-1.45]
39810700000000.0 28735600000000.0 588147000.0 9073680.0 0.0 11014.2 0.0 846195000.0 47028.9 0.0 0.0 87071300.0 735531.0 1628.63 0.0 -0.24 -1.4 [-0.24,-1.4]
39810700000000.0 28693300000000.0 659485000.0 10163400.0 0.0 12303.4 0.0 949409000.0 52742.7 0.0 0.0 97644500.0 814779.0 1826.29 0.0 -0.24 -1.35 [-0.24,-1.35]
39810700000000.0 28644900000000.0 739406000.0 11381100.0 0.0 13734.7 0.0 1065210000.0 59146.6 0.0 0.0 109493000.0 900814.0 2047.78 0.0 -0.24 -1.3 [-0.24,-1.3]
39810700000000.0 28589200000000.0 828922000.0 12740900.0 0.0 15321.0 0.0 1195120000.0 66322.9 0.0 0.0 122768000.0 993652.0 2295.9 0.0 -0.24 -1.25 [-0.24,-1.25]
39810700000000.0 28525100000000.0 929155000.0 14258300.0 0.0 17075.5 0.0 1340860000.0 74363.2 0.0 0.0 137638000.0 1093040.0 2573.79 0.0 -0.24 -1.2 [-0.24,-1.2]
39810700000000.0 28450800000000.0 1041350000.0 15949800.0 0.0 19011.2 0.0 1504370000.0 83369.2 0.0 0.0 154288000.0 1198410.0 2884.92 0.0 -0.24 -1.15 [-0.24,-1.15]
39810700000000.0 28364500000000.0 1166880000.0 17833300.0 0.0 21140.0 0.0 1687790000.0 93453.8 0.0 0.0 172926000.0 1308660.0 3233.14 0.0 -0.24 -1.1 [-0.24,-1.1]
39810700000000.0 28263600000000.0 1307260000.0 19927300.0 0.0 23472.4 0.0 1893550000.0 104742.0 0.0 0.0 193778000.0 1422030.0 3622.69 0.0 -0.24 -1.05 [-0.24,-1.05]
39810700000000.0 28141300000000.0 1464020000.0 22247000.0 0.0 26010.0 0.0 2124350000.0 117352.0 0.0 0.0 217083000.0 1535360.0 4057.79 0.0 -0.24 -1.0 [-0.24,-1.0]
39810700000000.0 28003800000000.0 1639280000.0 24823200.0 0.0 28767.9 0.0 2383250000.0 131493.0 0.0 0.0 243142000.0 1645500.0 4544.67 0.0 -0.24 -0.95 [-0.24,-0.95]
39810700000000.0 27632500000000.0 2052240000.0 30782300.0 0.0 34867.1 0.0 2999270000.0 164884.0 0.0 0.0 304620000.0 1827910.0 5692.76 0.0 -0.24 -0.85 [-0.24,-0.85]
39810700000000.0 27385600000000.0 2294180000.0 34193900.0 0.0 38155.0 0.0 3364430000.0 184518.0 0.0 0.0 340672000.0 1881350.0 6366.08 0.0 -0.24 -0.8 [-0.24,-0.8]
39810700000000.0 27082900000000.0 2562550000.0 37898100.0 0.0 41527.7 0.0 3773850000.0 206367.0 0.0 0.0 380685000.0 1892310.0 7113.56 0.0 -0.24 -0.75 [-0.24,-0.75]
39810700000000.0 26711900000000.0 2859520000.0 41888500.0 0.0 44904.6 0.0 4232790000.0 230633.0 0.0 0.0 424966000.0 1846720.0 7941.24 0.0 -0.24 -0.7 [-0.24,-0.7]
39810700000000.0 26261400000000.0 3187330000.0 46152300.0 0.0 48195.8 0.0 4747170000.0 257527.0 0.0 0.0 473815000.0 1734200.0 8855.19 0.0 -0.24 -0.65 [-0.24,-0.65]
39810700000000.0 25728600000000.0 3548690000.0 50682500.0 0.0 51337.9 0.0 5323590000.0 287284.0 0.0 0.0 527567000.0 1555770.0 9862.28 0.0 -0.24 -0.6 [-0.24,-0.6]
39810700000000.0 25109700000000.0 3946420000.0 55463500.0 0.0 54260.7 0.0 5969460000.0 320129.0 0.0 0.0 586539000.0 1320320.0 10969.2 0.0 -0.24 -0.55 [-0.24,-0.55]
39810700000000.0 24422200000000.0 4384640000.0 60515300.0 0.0 57008.3 0.0 6693190000.0 356313.0 0.0 0.0 651233000.0 1058510.0 12185.4 0.0 -0.24 -0.5 [-0.24,-0.5]
39810700000000.0 23691600000000.0 4868930000.0 65894200.0 0.0 59660.6 0.0 7504370000.0 396312.0 0.0 0.0 722338000.0 800259.0 13525.2 0.0 -0.24 -0.45 [-0.24,-0.45]
39810700000000.0 22921000000000.0 5403190000.0 71580500.0 0.0 62231.4 0.0 8413520000.0 440217.0 0.0 0.0 800405000.0 567334.0 14996.8 0.0 -0.24 -0.4 [-0.24,-0.4]
39810700000000.0 22117900000000.0 5991990000.0 77490100.0 0.0 64753.6 0.0 9432590000.0 488250.0 0.0 0.0 886102000.0 373953.0 16611.5 0.0 -0.24 -0.35 [-0.24,-0.35]
39810700000000.0 21286000000000.0 6639480000.0 82845400.0 0.0 67287.1 0.0 10574900000.0 540392.0 0.0 0.0 980121000.0 227662.0 18378.8 0.0 -0.24 -0.3 [-0.24,-0.3]
39810700000000.0 20437000000000.0 7349230000.0 88245400.0 0.0 69972.4 0.0 11855900000.0 596720.0 0.0 0.0 1083370000.0 128260.0 20312.3 0.0 -0.24 -0.25 [-0.24,-0.25]
39810700000000.0 18671900000000.0 8954110000.0 99139600.0 0.0 76487.5 0.0 14903000000.0 718628.0 0.0 0.0 1320410000.0 38098.5 24693.1 0.0 -0.24 -0.15 [-0.24,-0.15]
39810700000000.0 16720500000000.0 10752300000.0 110342000.0 0.0 85846.4 0.0 18737000000.0 836967.0 0.0 0.0 1600400000.0 22846.2 29688.3 0.0 -0.24 -0.05 [-0.24,-0.05]
39810700000000.0 15632700000000.0 11674800000.0 116735000.0 0.0 92112.8 0.0 21013200000.0 880400.0 0.0 0.0 1756040000.0 23854.4 32326.1 0.0 -0.24 0.0 [-0.24,0.0]
39810700000000.0 14486100000000.0 12585400000.0 125109000.0 0.0 99452.8 0.0 23572300000.0 901019.0 0.0 0.0 1922200000.0 25901.2 34995.2 0.0 -0.24 0.05 [-0.24,0.05]
39810700000000.0 13336900000000.0 13486000000.0 137452000.0 0.0 108285.0 0.0 26453200000.0 888746.0 0.0 0.0 2100420000.0 28220.6 37684.7 0.0 -0.24 0.1 [-0.24,0.1]
39810700000000.0 12267300000000.0 14407100000.0 155424000.0 0.0 118857.0 0.0 29699000000.0 859203.0 0.0 0.0 2294230000.0 30770.8 40453.8 0.0 -0.24 0.15 [-0.24,0.15]
796227000000.0 227345000000.0 308334000.0 3571050.0 0.0 2588.83 0.0 667083000.0 16753.9 0.0 0.0 50209100.0 672.986 874.027 0.0 -0.24 0.2 [-0.24,0.2]
797012000000.0 211229000000.0 330006000.0 4061060.0 0.0 2790.82 0.0 749793000.0 16375.2 0.0 0.0 54991500.0 736.406 948.488 0.0 -0.24 0.25 [-0.24,0.25]
796265000000.0 199214000000.0 355015000.0 4595830.0 0.0 3020.52 0.0 841806000.0 16308.8 0.0 0.0 60371100.0 809.984 1034.64 0.0 -0.24 0.3 [-0.24,0.3]
796920000000.0 187322000000.0 381146000.0 5014990.0 0.0 3236.95 0.0 946176000.0 16166.1 0.0 0.0 66276900.0 889.525 1126.89 0.0 -0.24 0.35 [-0.24,0.35]
796224000000.0 170591000000.0 444598000.0 5764450.0 0.0 3759.09 0.0 1193340000.0 16533.9 0.0 0.0 80403800.0 1065.42 1352.27 0.0 -0.24 0.45 [-0.24,0.45]
796220000000.0 163546000000.0 480964000.0 6078820.0 0.0 4046.65 0.0 1340400000.0 16830.8 0.0 0.0 88714800.0 1166.95 1484.48 0.0 -0.24 0.5 [-0.24,0.5]
795566000000.0 152460000000.0 566200000.0 6766230.0 0.0 4721.34 0.0 1689970000.0 17776.7 0.0 0.0 108453000.0 1410.13 1800.19 0.0 -0.24 0.6 [-0.24,0.6]
796646000000.0 146333000000.0 612121000.0 7036520.0 0.0 5058.8 0.0 1899040000.0 18141.1 0.0 0.0 119859000.0 1548.19 1978.73 0.0 -0.24 0.65 [-0.24,0.65]
796648000000.0 137996000000.0 724149000.0 7852870.0 0.0 5927.46 0.0 2394200000.0 19511.6 0.0 0.0 147284000.0 1885.8 2414.69 0.0 -0.24 0.75 [-0.24,0.75]
795692000000.0 135329000000.0 791782000.0 8411910.0 0.0 6474.36 0.0 2686570000.0 20491.2 0.0 0.0 163696000.0 2090.34 2678.65 0.0 -0.24 0.8 [-0.24,0.8]
795700000000.0 131917000000.0 862559000.0 8915080.0 0.0 7026.25 0.0 3030170000.0 19907.8 0.0 0.0 181743000.0 2312.7 2964.86 0.0 -0.24 0.85 [-0.24,0.85]
796586000000.0 127820000000.0 936062000.0 9348480.0 0.0 7577.03 0.0 3408650000.0 19920.1 0.0 0.0 201540000.0 2553.84 3274.23 0.0 -0.24 0.9 [-0.24,0.9]
796575000000.0 124868000000.0 1020470000.0 9923650.0 0.0 8237.61 0.0 3832210000.0 20061.0 0.0 0.0 223956000.0 2829.78 3628.16 0.0 -0.24 0.95 [-0.24,0.95]
796559000000.0 122088000000.0 1112810000.0 10539500.0 0.0 8962.88 0.0 4307650000.0 20148.8 0.0 0.0 248957000.0 3137.53 4022.14 0.0 -0.24 1.0 [-0.24,1.0]
795761000000.0 120283000000.0 1218930000.0 11324400.0 0.0 9827.83 0.0 4839940000.0 20352.1 0.0 0.0 277318000.0 3489.96 4473.16 0.0 -0.24 1.05 [-0.24,1.05]
796559000000.0 116974000000.0 1323960000.0 11897600.0 0.0 10632.9 0.0 5439960000.0 20159.7 0.0 0.0 307953000.0 3863.88 4948.86 0.0 -0.24 1.1 [-0.24,1.1]
796550000000.0 114602000000.0 1444420000.0 12642400.0 0.0 11592.5 0.0 6111400000.0 20078.4 0.0 0.0 342644000.0 4291.16 5492.01 0.0 -0.24 1.15 [-0.24,1.15]
796518000000.0 110166000000.0 1719460000.0 14268900.0 0.0 13802.9 0.0 7708280000.0 19754.0 0.0 0.0 424500000.0 5300.14 6768.86 0.0 -0.24 1.25 [-0.24,1.25]
796525000000.0 108089000000.0 1876120000.0 15153700.0 0.0 15073.7 0.0 8654530000.0 19523.5 0.0 0.0 472668000.0 5894.5 7517.43 0.0 -0.24 1.3 [-0.24,1.3]
796519000000.0 106094000000.0 2047590000.0 16145300.0 0.0 16473.4 0.0 9714850000.0 19261.8 0.0 0.0 526422000.0 6558.41 8352.42 0.0 -0.24 1.35 [-0.24,1.35]
795838000000.0 104863000000.0 2246710000.0 17598200.0 0.0 18147.7 0.0 10901800000.0 19131.7 0.0 0.0 587490000.0 7318.93 9314.85 0.0 -0.24 1.4 [-0.24,1.4]
795847000000.0 103011000000.0 2453780000.0 18958800.0 0.0 19863.6 0.0 12233000000.0 18849.9 0.0 0.0 654626000.0 8150.61 10362.4 0.0 -0.24 1.45 [-0.24,1.45]
796502000000.0 100574000000.0 2667020000.0 20184800.0 0.0 21601.6 0.0 13725400000.0 18449.6 0.0 0.0 728270000.0 9057.96 11499.1 0.0 -0.24 1.5 [-0.24,1.5]
795853000000.0 99516900000.0 2926380000.0 21977800.0 0.0 23825.6 0.0 15394900000.0 18335.7 0.0 0.0 813272000.0 10119.9 12832.3 0.0 -0.24 1.55 [-0.24,1.55]
795871000000.0 96319200000.0 3489970000.0 25444300.0 0.0 28627.6 0.0 19363600000.0 18056.6 0.0 0.0 1011180000.0 12584.0 15905.1 0.0 -0.24 1.65 [-0.24,1.65]
796486000000.0 94209200000.0 3791940000.0 27044500.0 0.0 31182.0 0.0 21713500000.0 17961.6 0.0 0.0 1125690000.0 14004.7 17663.8 0.0 -0.24 1.7 [-0.24,1.7]
795865000000.0 93418400000.0 4161860000.0 29414900.0 0.0 34450.2 0.0 24344800000.0 18196.0 0.0 0.0 1258010000.0 15667.3 19727.5 0.0 -0.24 1.75 [-0.24,1.75]
795866000000.0 92057400000.0 4543130000.0 31591900.0 0.0 37799.1 0.0 27294100000.0 18441.8 0.0 0.0 1403390000.0 17487.4 21974.0 0.0 -0.24 1.8 [-0.24,1.8]
